{
  "drive_dist_matrix": [
    [
      0.0,
      0.29,
      0.9,
      2.8,
      4.8,
      2.6,
      0.3,
      0.55,
      0.4,
      3.2,
      9.7,
      9.7,
      4.5,
      1.2,
      0.7,
      0.4,
      1.7,
      2.8,
      1.9,
      1.0,
      0.8,
      3.3,
      10.7,
      0.75,
      10.6,
      6.1,
      28.4,
      10.9,
      1.2,
      9.2,
      3.8,
      0.9,
      1.8,
      0.8,
      34.4,
      34.2,
      2.5,
      5.9,
      43.2,
      0.9,
      4.2,
      1.2,
      44.0,
      34.4,
      61.0,
      52.7,
      1.1,
      34.4,
      46.9,
      34.4,
      0.7,
      0.85,
      90.6,
      1.2,
      89.8,
      62.4,
      66.8,
      1.9
    ],
    [
      0.29,
      0.0,
      0.75,
      2.8,
      4.7,
      2.6,
      0.35,
      0.4,
      0.6,
      3.2,
      9.7,
      9.7,
      4.4,
      0.85,
      0.5,
      0.094,
      1.6,
      2.8,
      1.9,
      0.75,
      0.6,
      3.2,
      10.6,
      0.55,
      10.5,
      6.1,
      28.3,
      10.8,
      1.2,
      9.1,
      3.8,
      1.4,
      1.8,
      0.6,
      34.4,
      34.1,
      2.4,
      4.7,
      43.1,
      0.7,
      4.2,
      1.1,
      44.0,
      34.4,
      61.0,
      52.7,
      0.85,
      34.4,
      46.9,
      34.4,
      1.0,
      0.65,
      90.6,
      1.2,
      89.7,
      62.4,
      66.8,
      1.9
    ],
    [
      0.9,
      0.75,
      0.0,
      3.5,
      4.5,
      3.3,
      0.9,
      0.45,
      1.3,
      2.9,
      10.4,
      10.4,
      4.2,
      0.55,
      0.55,
      0.65,
      0.7,
      3.5,
      0.75,
      0.21,
      0.29,
      4.4,
      11.3,
      0.29,
      11.2,
      6.1,
      28.3,
      11.5,
      0.45,
      9.8,
      4.5,
      1.8,
      0.6,
      0.13,
      35.1,
      34.9,
      0.75,
      4.5,
      43.9,
      0.19,
      4.6,
      0.6,
      44.7,
      35.1,
      66.9,
      53.4,
      0.28,
      35.1,
      46.8,
      35.1,
      1.6,
      0.16,
      91.3,
      0.4,
      90.4,
      63.1,
      67.5,
      1.7
    ],
    [
      2.8,
      2.8,
      3.5,
      0.0,
      6.5,
      0.8,
      2.8,
      2.6,
      3.2,
      5.1,
      6.2,
      8.4,
      6.2,
      3.4,
      3.0,
      2.9,
      2.1,
      NaN,
      3.7,
      3.5,
      3.2,
      0.95,
      9.4,
      3.1,
      9.3,
      9.3,
      30.2,
      9.6,
      2.2,
      7.9,
      0.75,
      3.7,
      4.0,
      2.9,
      33.1,
      32.9,
      4.4,
      6.5,
      41.9,
      3.4,
      6.5,
      2.2,
      42.7,
      33.1,
      65.0,
      51.4,
      4.4,
      33.1,
      53.8,
      33.2,
      3.4,
      2.8,
      89.4,
      2.2,
      88.5,
      61.2,
      65.5,
      4.4
    ],
    [
      4.8,
      4.7,
      4.5,
      6.5,
      0.0,
      5.7,
      4.8,
      4.7,
      4.9,
      0.21,
      18.0,
      18.3,
      1.2,
      4.6,
      4.5,
      4.3,
      5.3,
      6.5,
      3.5,
      4.5,
      4.3,
      7.6,
      19.2,
      4.3,
      18.8,
      13.8,
      32.5,
      19.4,
      5.4,
      17.7,
      7.9,
      5.4,
      3.7,
      4.4,
      43.0,
      42.7,
      4.4,
      1.5,
      56.0,
      4.5,
      9.8,
      6.0,
      56.9,
      43.0,
      59.7,
      61.3,
      4.1,
      43.0,
      50.5,
      43.0,
      5.2,
      4.3,
      99.2,
      6.0,
      98.3,
      93.1,
      79.4,
      3.9
    ],
    [
      2.6,
      2.6,
      3.3,
      0.8,
      5.7,
      0.0,
      2.6,
      2.5,
      2.9,
      4.0,
      10.5,
      10.5,
      5.3,
      3.2,
      2.8,
      2.7,
      1.7,
      0.8,
      2.3,
      3.2,
      2.9,
      3.0,
      11.4,
      2.9,
      11.4,
      7.7,
      32.2,
      11.6,
      1.8,
      9.9,
      3.3,
      3.5,
      3.4,
      2.5,
      35.2,
      35.0,
      3.0,
      5.6,
      41.5,
      3.2,
      6.3,
      1.8,
      42.3,
      35.2,
      64.5,
      53.5,
      3.7,
      35.2,
      49.1,
      35.2,
      3.2,
      2.6,
      91.4,
      1.8,
      90.5,
      60.7,
      65.1,
      3.5
    ],
    [
      0.3,
      0.35,
      0.9,
      2.8,
      4.8,
      2.6,
      0.0,
      0.55,
      0.2,
      3.2,
      9.7,
      9.7,
      4.5,
      1.2,
      0.85,
      0.45,
      1.7,
      2.8,
      2.0,
      1.2,
      0.9,
      3.3,
      10.7,
      0.85,
      10.6,
      5.1,
      27.8,
      10.9,
      1.2,
      9.2,
      3.8,
      0.85,
      1.8,
      0.8,
      34.4,
      34.2,
      2.5,
      4.8,
      43.2,
      1.2,
      3.7,
      1.2,
      44.0,
      34.5,
      66.3,
      52.7,
      2.2,
      34.4,
      46.4,
      34.5,
      0.6,
      0.8,
      90.7,
      1.2,
      89.8,
      62.5,
      66.9,
      2.0
    ],
    [
      0.55,
      0.4,
      0.45,
      2.6,
      4.7,
      2.5,
      0.55,
      0.0,
      0.75,
      2.9,
      9.6,
      9.6,
      4.2,
      0.85,
      0.55,
      0.3,
      0.9,
      2.8,
      1.3,
      0.6,
      0.45,
      3.2,
      10.6,
      0.4,
      10.5,
      5.6,
      28.3,
      10.8,
      0.65,
      9.1,
      3.7,
      1.3,
      1.2,
      0.35,
      34.3,
      34.1,
      1.9,
      4.5,
      43.1,
      0.55,
      4.1,
      0.75,
      44.0,
      34.4,
      66.2,
      52.7,
      0.7,
      34.4,
      46.8,
      34.4,
      1.1,
      0.4,
      90.6,
      0.65,
      89.7,
      62.4,
      66.8,
      1.6
    ],
    [
      0.4,
      0.6,
      1.3,
      3.2,
      4.9,
      2.9,
      0.2,
      0.75,
      0.0,
      3.4,
      9.9,
      9.9,
      4.7,
      1.4,
      1.0,
      0.65,
      1.9,
      3.0,
      2.2,
      1.4,
      1.2,
      3.5,
      10.9,
      1.0,
      10.8,
      5.2,
      28.8,
      11.1,
      1.4,
      9.4,
      4.0,
      0.75,
      2.0,
      1.0,
      34.6,
      34.4,
      2.7,
      5.0,
      43.4,
      1.4,
      4.2,
      1.4,
      44.2,
      34.7,
      66.5,
      52.9,
      2.4,
      34.6,
      47.3,
      34.7,
      0.4,
      1.0,
      90.9,
      1.4,
      90.0,
      62.7,
      67.1,
      2.2
    ],
    [
      3.2,
      3.2,
      2.9,
      5.1,
      0.21,
      4.0,
      3.2,
      2.9,
      3.4,
      0.0,
      12.5,
      12.5,
      3.7,
      3.1,
      3.0,
      2.9,
      3.8,
      5.2,
      2.1,
      3.1,
      2.9,
      6.2,
      13.4,
      2.8,
      13.4,
      8.2,
      30.1,
      13.7,
      4.5,
      12.0,
      6.6,
      4.0,
      2.3,
      3.0,
      37.2,
      37.0,
      3.0,
      4.0,
      46.0,
      3.0,
      6.8,
      4.5,
      46.8,
      37.2,
      62.1,
      55.5,
      2.6,
      37.2,
      50.1,
      37.2,
      3.7,
      2.8,
      93.4,
      4.6,
      92.5,
      65.2,
      72.3,
      2.2
    ],
    [
      9.7,
      9.7,
      10.4,
      6.2,
      18.0,
      10.5,
      9.7,
      9.6,
      9.9,
      12.5,
      0.0,
      8.5,
      16.8,
      10.3,
      10.0,
      9.8,
      9.1,
      7.9,
      10.6,
      10.4,
      10.1,
      7.3,
      9.5,
      10.0,
      0.9,
      9.0,
      30.3,
      9.7,
      9.2,
      8.0,
      7.6,
      9.9,
      11.0,
      9.9,
      30.6,
      30.3,
      11.6,
      16.4,
      42.2,
      10.3,
      14.2,
      9.1,
      43.0,
      30.6,
      59.7,
      48.9,
      11.3,
      30.6,
      53.5,
      30.6,
      8.9,
      9.9,
      86.8,
      9.2,
      85.9,
      61.5,
      61.6,
      13.4
    ],
    [
      9.7,
      9.7,
      10.4,
      8.4,
      18.3,
      10.5,
      9.7,
      9.6,
      9.9,
      12.5,
      8.5,
      0.0,
      18.2,
      8.2,
      7.9,
      7.7,
      10.2,
      9.0,
      11.7,
      8.2,
      8.0,
      8.4,
      1.5,
      7.9,
      9.2,
      5.2,
      25.7,
      1.3,
      10.3,
      1.1,
      8.7,
      7.8,
      8.8,
      7.8,
      28.6,
      28.4,
      9.5,
      17.8,
      47.6,
      8.2,
      15.7,
      10.2,
      48.4,
      28.7,
      74.1,
      46.9,
      9.2,
      28.7,
      46.1,
      28.7,
      6.8,
      7.8,
      84.9,
      10.3,
      84.0,
      66.8,
      68.4,
      8.9
    ],
    [
      4.5,
      4.4,
      4.2,
      6.2,
      1.2,
      5.3,
      4.5,
      4.2,
      4.7,
      3.7,
      16.8,
      18.2,
      0.0,
      4.3,
      4.2,
      4.0,
      5.0,
      6.4,
      3.3,
      4.2,
      4.1,
      7.3,
      18.2,
      4.0,
      17.8,
      12.8,
      31.5,
      18.4,
      5.7,
      16.7,
      7.6,
      5.1,
      3.4,
      4.2,
      41.9,
      41.7,
      4.1,
      0.5,
      55.0,
      4.2,
      8.8,
      5.7,
      55.8,
      41.9,
      55.0,
      60.2,
      3.8,
      41.9,
      49.4,
      41.9,
      4.9,
      4.0,
      98.1,
      5.7,
      97.3,
      74.2,
      78.3,
      3.6
    ],
    [
      1.2,
      0.85,
      0.55,
      3.4,
      4.6,
      3.2,
      1.2,
      0.85,
      1.4,
      3.1,
      10.3,
      8.2,
      4.3,
      0.0,
      0.45,
      0.7,
      2.8,
      4.6,
      0.75,
      0.4,
      0.4,
      5.5,
      12.9,
      0.6,
      10.6,
      7.0,
      31.7,
      13.1,
      0.85,
      11.4,
      5.4,
      2.8,
      0.6,
      0.65,
      36.6,
      36.4,
      1.1,
      3.6,
      44.0,
      0.35,
      5.6,
      1.0,
      44.8,
      36.7,
      61.7,
      55.0,
      0.4,
      36.7,
      49.7,
      36.7,
      2.5,
      0.6,
      92.9,
      0.85,
      92.0,
      63.3,
      67.7,
      0.75
    ],
    [
      0.7,
      0.5,
      0.55,
      3.0,
      4.5,
      2.8,
      0.85,
      0.55,
      1.0,
      3.0,
      10.0,
      7.9,
      4.2,
      0.45,
      0.0,
      0.35,
      1.9,
      3.1,
      1.3,
      0.4,
      0.29,
      3.5,
      10.9,
      0.26,
      10.8,
      5.7,
      27.9,
      11.1,
      0.8,
      9.4,
      4.1,
      1.4,
      1.0,
      0.4,
      34.7,
      34.4,
      1.8,
      4.1,
      43.4,
      0.35,
      4.2,
      0.85,
      44.3,
      34.7,
      62.2,
      53.0,
      0.5,
      34.7,
      46.4,
      34.7,
      1.2,
      0.35,
      90.9,
      0.75,
      90.0,
      62.7,
      67.1,
      1.3
    ],
    [
      0.4,
      0.094,
      0.65,
      2.9,
      4.3,
      2.7,
      0.45,
      0.3,
      0.65,
      2.9,
      9.8,
      7.7,
      4.0,
      0.7,
      0.35,
      0.0,
      1.7,
      2.9,
      2.0,
      0.6,
      0.45,
      3.3,
      10.7,
      0.4,
      8.4,
      6.2,
      28.4,
      10.9,
      0.9,
      9.2,
      3.9,
      1.5,
      1.8,
      0.55,
      34.5,
      34.2,
      2.5,
      4.8,
      43.2,
      0.55,
      4.3,
      1.0,
      44.1,
      34.5,
      56.0,
      52.8,
      0.75,
      34.5,
      47.0,
      34.5,
      1.2,
      0.5,
      90.7,
      0.9,
      89.8,
      62.5,
      66.9,
      2.0
    ],
    [
      1.7,
      1.6,
      0.7,
      2.1,
      5.3,
      1.7,
      1.7,
      0.9,
      1.9,
      3.8,
      9.1,
      10.2,
      5.0,
      2.8,
      1.9,
      1.7,
      0.0,
      2.1,
      0.7,
      0.9,
      0.95,
      3.1,
      10.5,
      0.8,
      10.5,
      6.7,
      29.4,
      10.7,
      0.26,
      9.0,
      3.7,
      2.3,
      0.65,
      0.7,
      34.3,
      34.1,
      0.24,
      5.3,
      43.1,
      0.9,
      5.1,
      0.28,
      43.9,
      34.3,
      54.4,
      52.6,
      0.9,
      34.3,
      48.0,
      34.3,
      2.1,
      0.75,
      90.5,
      0.27,
      89.6,
      62.3,
      66.7,
      2.8
    ],
    [
      2.8,
      2.8,
      3.5,
      NaN,
      6.5,
      0.8,
      2.8,
      2.8,
      3.0,
      5.2,
      7.9,
      9.0,
      6.4,
      4.6,
      3.1,
      2.9,
      2.1,
      0.0,
      3.3,
      3.5,
      3.2,
      0.95,
      9.4,
      3.1,
      9.3,
      9.3,
      30.2,
      9.6,
      2.2,
      7.9,
      0.75,
      3.7,
      4.0,
      2.8,
      33.1,
      32.9,
      4.0,
      6.7,
      41.9,
      3.4,
      6.5,
      2.2,
      42.7,
      33.1,
      59.7,
      51.4,
      4.4,
      33.1,
      53.8,
      33.2,
      3.4,
      2.8,
      89.4,
      2.2,
      88.5,
      61.2,
      65.5,
      4.2
    ],
    [
      1.9,
      1.9,
      0.75,
      3.7,
      3.5,
      2.3,
      2.0,
      1.3,
      2.2,
      2.1,
      10.6,
      11.7,
      3.3,
      0.75,
      1.3,
      2.0,
      0.7,
      3.3,
      0.0,
      0.75,
      0.9,
      4.6,
      12.0,
      1.9,
      12.0,
      7.3,
      29.2,
      12.2,
      0.65,
      10.5,
      4.5,
      3.1,
      0.14,
      0.8,
      35.7,
      35.5,
      0.5,
      3.5,
      43.1,
      0.8,
      5.8,
      0.8,
      43.9,
      35.8,
      54.1,
      54.1,
      0.7,
      35.8,
      49.6,
      35.8,
      2.8,
      0.95,
      92.0,
      0.65,
      91.1,
      62.4,
      66.8,
      1.1
    ],
    [
      1.0,
      0.75,
      0.21,
      3.5,
      4.5,
      3.2,
      1.2,
      0.6,
      1.4,
      3.1,
      10.4,
      8.2,
      4.2,
      0.4,
      0.4,
      0.6,
      0.9,
      3.5,
      0.75,
      0.0,
      0.18,
      4.6,
      12.0,
      0.35,
      11.9,
      6.8,
      29.0,
      9.4,
      0.65,
      10.5,
      5.2,
      2.5,
      0.6,
      0.35,
      35.8,
      35.6,
      0.9,
      4.3,
      44.6,
      0.018,
      5.3,
      0.8,
      45.4,
      35.8,
      54.8,
      54.1,
      0.097,
      35.8,
      47.5,
      35.8,
      2.3,
      0.29,
      92.0,
      0.65,
      91.1,
      63.8,
      68.2,
      1.0
    ],
    [
      0.8,
      0.6,
      0.29,
      3.2,
      4.3,
      2.9,
      0.9,
      0.45,
      1.2,
      2.9,
      10.1,
      8.0,
      4.1,
      0.4,
      0.29,
      0.45,
      0.95,
      3.2,
      0.9,
      0.18,
      0.0,
      3.7,
      11.1,
      0.16,
      11.0,
      5.8,
      28.0,
      8.4,
      0.7,
      9.6,
      4.2,
      1.6,
      0.75,
      0.3,
      34.8,
      34.6,
      1.7,
      4.0,
      43.6,
      0.12,
      4.4,
      0.75,
      44.4,
      34.9,
      62.1,
      53.1,
      0.28,
      34.9,
      46.6,
      34.9,
      1.3,
      0.19,
      91.1,
      0.65,
      90.2,
      62.9,
      67.3,
      1.4
    ],
    [
      3.3,
      3.2,
      4.4,
      0.95,
      7.6,
      3.0,
      3.3,
      3.2,
      3.5,
      6.2,
      7.3,
      8.4,
      7.3,
      5.5,
      3.5,
      3.3,
      3.1,
      0.95,
      4.6,
      4.6,
      3.7,
      0.0,
      8.4,
      3.5,
      8.4,
      8.4,
      29.2,
      8.6,
      3.1,
      6.9,
      2.4,
      4.0,
      4.4,
      3.4,
      32.2,
      32.0,
      5.2,
      7.3,
      41.0,
      3.8,
      6.8,
      3.1,
      41.8,
      32.2,
      58.8,
      50.5,
      4.7,
      32.2,
      52.8,
      32.2,
      3.8,
      3.4,
      88.4,
      3.1,
      87.5,
      60.2,
      64.6,
      4.5
    ],
    [
      10.7,
      10.6,
      11.3,
      9.4,
      19.2,
      11.4,
      10.7,
      10.6,
      10.9,
      13.4,
      9.5,
      1.5,
      18.2,
      12.9,
      10.9,
      10.7,
      10.5,
      9.4,
      12.0,
      12.0,
      11.1,
      8.4,
      0.0,
      10.4,
      9.0,
      5.9,
      23.0,
      1.3,
      10.0,
      0.9,
      8.5,
      11.2,
      11.3,
      10.3,
      25.9,
      25.7,
      12.1,
      17.6,
      47.3,
      10.7,
      15.5,
      10.0,
      48.2,
      25.9,
      65.1,
      44.2,
      11.7,
      25.9,
      50.5,
      25.9,
      10.2,
      10.3,
      82.1,
      10.0,
      81.3,
      66.6,
      68.2,
      11.5
    ],
    [
      0.75,
      0.55,
      0.29,
      3.1,
      4.3,
      2.9,
      0.85,
      0.4,
      1.0,
      2.8,
      10.0,
      7.9,
      4.0,
      0.6,
      0.26,
      0.4,
      0.8,
      3.1,
      1.9,
      0.35,
      0.16,
      3.5,
      10.4,
      0.0,
      10.9,
      5.9,
      28.5,
      8.3,
      0.55,
      9.5,
      4.1,
      1.7,
      0.8,
      0.17,
      34.7,
      34.5,
      1.7,
      4.7,
      43.5,
      0.29,
      4.5,
      0.6,
      44.3,
      34.7,
      55.3,
      53.0,
      0.45,
      34.7,
      47.0,
      34.7,
      1.5,
      0.22,
      90.9,
      0.5,
      90.1,
      62.7,
      67.1,
      1.9
    ],
    [
      10.6,
      10.5,
      11.2,
      9.3,
      18.8,
      11.4,
      10.6,
      10.5,
      10.8,
      13.4,
      0.9,
      9.2,
      17.8,
      10.6,
      10.8,
      8.4,
      10.5,
      9.3,
      12.0,
      11.9,
      11.0,
      8.4,
      9.0,
      10.9,
      0.0,
      9.9,
      31.1,
      10.6,
      8.5,
      8.8,
      8.5,
      10.8,
      11.8,
      10.8,
      31.4,
      31.2,
      12.5,
      17.2,
      43.1,
      11.2,
      15.1,
      8.4,
      43.9,
      31.5,
      57.6,
      49.8,
      12.2,
      31.5,
      54.7,
      31.5,
      9.8,
      10.8,
      87.7,
      10.0,
      86.8,
      62.3,
      62.4,
      14.3
    ],
    [
      6.1,
      6.1,
      6.1,
      9.3,
      13.8,
      7.7,
      5.1,
      5.6,
      5.2,
      8.2,
      9.0,
      5.2,
      12.8,
      7.0,
      5.7,
      6.2,
      6.7,
      9.3,
      7.3,
      6.8,
      5.8,
      8.4,
      5.9,
      5.9,
      9.9,
      0.0,
      24.4,
      5.4,
      6.3,
      5.3,
      9.3,
      5.5,
      6.7,
      5.9,
      33.6,
      33.4,
      7.4,
      12.6,
      48.2,
      6.1,
      1.2,
      6.3,
      49.0,
      33.6,
      66.9,
      51.9,
      7.0,
      33.6,
      46.7,
      33.6,
      4.5,
      5.9,
      89.8,
      6.3,
      88.9,
      67.4,
      68.7,
      6.8
    ],
    [
      28.4,
      28.3,
      28.3,
      30.2,
      32.5,
      32.2,
      27.8,
      28.3,
      28.8,
      30.1,
      30.3,
      25.7,
      31.5,
      31.7,
      27.9,
      28.4,
      29.4,
      30.2,
      29.2,
      29.0,
      28.0,
      29.2,
      23.0,
      28.5,
      31.1,
      24.4,
      0.0,
      21.3,
      29.1,
      25.6,
      30.0,
      27.4,
      28.6,
      28.2,
      16.4,
      16.1,
      29.3,
      31.0,
      66.1,
      28.0,
      28.8,
      29.1,
      66.9,
      15.6,
      80.5,
      35.5,
      29.0,
      16.6,
      39.0,
      16.4,
      27.9,
      28.4,
      76.2,
      30.9,
      75.3,
      85.3,
      70.9,
      28.0
    ],
    [
      10.9,
      10.8,
      11.5,
      9.6,
      19.4,
      11.6,
      10.9,
      10.8,
      11.1,
      13.7,
      9.7,
      1.3,
      18.4,
      13.1,
      11.1,
      10.9,
      10.7,
      9.6,
      12.2,
      9.4,
      8.4,
      8.6,
      1.3,
      8.3,
      10.6,
      5.4,
      21.3,
      0.0,
      11.2,
      2.0,
      9.6,
      8.6,
      9.7,
      8.7,
      26.1,
      25.9,
      10.4,
      18.8,
      48.5,
      9.0,
      16.6,
      11.2,
      49.3,
      26.2,
      66.3,
      44.5,
      10.0,
      26.2,
      49.0,
      26.2,
      7.7,
      8.6,
      82.4,
      11.2,
      81.5,
      67.7,
      69.4,
      9.8
    ],
    [
      1.2,
      1.2,
      0.45,
      2.2,
      5.4,
      1.8,
      1.2,
      0.65,
      1.4,
      4.5,
      9.2,
      10.3,
      5.7,
      0.85,
      0.8,
      0.9,
      0.26,
      2.2,
      0.65,
      0.65,
      0.7,
      3.1,
      10.0,
      0.55,
      8.5,
      6.3,
      29.1,
      11.2,
      0.0,
      9.4,
      4.0,
      2.0,
      0.5,
      0.45,
      34.6,
      34.4,
      0.45,
      5.3,
      43.4,
      0.65,
      4.7,
      0.16,
      44.2,
      34.7,
      55.6,
      52.9,
      0.65,
      34.6,
      47.6,
      34.7,
      1.7,
      0.5,
      90.9,
      0.029,
      90.0,
      62.7,
      67.1,
      2.5
    ],
    [
      9.2,
      9.1,
      9.8,
      7.9,
      17.7,
      9.9,
      9.2,
      9.1,
      9.4,
      12.0,
      8.0,
      1.1,
      16.7,
      11.4,
      9.4,
      9.2,
      9.0,
      7.9,
      10.5,
      10.5,
      9.6,
      6.9,
      0.9,
      9.5,
      8.8,
      5.3,
      25.6,
      2.0,
      9.4,
      0.0,
      8.1,
      8.3,
      11.0,
      10.0,
      28.1,
      27.9,
      11.8,
      17.3,
      47.0,
      10.4,
      15.1,
      9.7,
      47.8,
      28.1,
      61.7,
      46.4,
      11.4,
      28.1,
      46.8,
      28.1,
      9.8,
      10.0,
      84.3,
      9.7,
      83.4,
      66.2,
      67.9,
      11.1
    ],
    [
      3.8,
      3.8,
      4.5,
      0.75,
      7.9,
      3.3,
      3.8,
      3.7,
      4.0,
      6.6,
      7.6,
      8.7,
      7.6,
      5.4,
      4.1,
      3.9,
      3.7,
      0.75,
      4.5,
      5.2,
      4.2,
      2.4,
      8.5,
      4.1,
      8.5,
      9.3,
      30.0,
      9.6,
      4.0,
      8.1,
      0.0,
      4.3,
      4.7,
      3.4,
      33.7,
      33.4,
      4.6,
      7.3,
      41.1,
      4.0,
      7.1,
      2.8,
      41.9,
      33.7,
      55.8,
      52.0,
      5.0,
      33.7,
      49.9,
      33.7,
      4.1,
      3.4,
      89.9,
      2.8,
      89.0,
      60.3,
      64.7,
      5.0
    ],
    [
      0.9,
      1.4,
      1.8,
      3.7,
      5.4,
      3.5,
      0.85,
      1.3,
      0.75,
      4.0,
      9.9,
      7.8,
      5.1,
      2.8,
      1.4,
      1.5,
      2.3,
      3.7,
      3.1,
      2.5,
      1.6,
      4.0,
      11.2,
      1.7,
      10.8,
      5.5,
      27.4,
      8.6,
      2.0,
      8.3,
      4.3,
      0.0,
      2.5,
      1.7,
      34.9,
      34.7,
      3.2,
      5.4,
      44.1,
      1.9,
      3.3,
      2.1,
      44.9,
      34.9,
      58.8,
      53.2,
      2.8,
      34.9,
      46.0,
      34.9,
      1.0,
      1.7,
      91.1,
      2.1,
      90.2,
      63.3,
      67.7,
      2.3
    ],
    [
      1.8,
      1.8,
      0.6,
      4.0,
      3.7,
      3.4,
      1.8,
      1.2,
      2.0,
      2.3,
      11.0,
      8.8,
      3.4,
      0.6,
      1.0,
      1.8,
      0.65,
      4.0,
      0.14,
      0.6,
      0.75,
      4.4,
      11.3,
      0.8,
      11.8,
      6.7,
      28.6,
      9.7,
      0.5,
      11.0,
      4.7,
      2.5,
      0.0,
      0.65,
      35.9,
      35.7,
      0.45,
      3.7,
      43.3,
      0.65,
      6.0,
      0.65,
      44.1,
      35.9,
      54.2,
      54.2,
      0.6,
      35.9,
      49.8,
      35.9,
      3.0,
      0.75,
      92.1,
      0.45,
      91.2,
      62.5,
      66.9,
      2.0
    ],
    [
      0.8,
      0.6,
      0.13,
      2.9,
      4.4,
      2.5,
      0.8,
      0.35,
      1.0,
      3.0,
      9.9,
      7.8,
      4.2,
      0.65,
      0.4,
      0.55,
      0.7,
      2.8,
      0.8,
      0.35,
      0.3,
      3.4,
      10.3,
      0.17,
      10.8,
      5.9,
      28.2,
      8.7,
      0.45,
      10.0,
      3.4,
      1.7,
      0.65,
      0.0,
      34.9,
      34.7,
      0.8,
      4.4,
      43.7,
      0.3,
      4.5,
      0.55,
      44.6,
      35.0,
      55.1,
      53.3,
      0.4,
      35.0,
      46.7,
      35.0,
      1.5,
      0.13,
      91.2,
      0.45,
      90.3,
      63.0,
      67.4,
      1.5
    ],
    [
      34.4,
      34.4,
      35.1,
      33.1,
      43.0,
      35.2,
      34.4,
      34.3,
      34.6,
      37.2,
      30.6,
      28.6,
      41.9,
      36.6,
      34.7,
      34.5,
      34.3,
      33.1,
      35.7,
      35.8,
      34.8,
      32.2,
      25.9,
      34.7,
      31.4,
      33.6,
      16.4,
      26.1,
      34.6,
      28.1,
      33.7,
      34.9,
      35.9,
      34.9,
      0.0,
      0.55,
      42.1,
      46.8,
      64.7,
      40.7,
      44.6,
      39.6,
      65.6,
      0.4,
      92.9,
      19.4,
      41.7,
      0.65,
      50.7,
      0.039,
      39.4,
      40.3,
      61.8,
      36.3,
      60.9,
      81.4,
      54.6,
      43.8
    ],
    [
      34.2,
      34.1,
      34.9,
      32.9,
      42.7,
      35.0,
      34.2,
      34.1,
      34.4,
      37.0,
      30.3,
      28.4,
      41.7,
      36.4,
      34.4,
      34.2,
      34.1,
      32.9,
      35.5,
      35.6,
      34.6,
      32.0,
      25.7,
      34.5,
      31.2,
      33.4,
      16.1,
      25.9,
      34.4,
      27.9,
      33.4,
      34.7,
      35.7,
      34.7,
      0.55,
      0.0,
      41.8,
      46.5,
      64.4,
      40.4,
      44.3,
      35.9,
      65.2,
      0.45,
      92.6,
      19.7,
      41.4,
      1.8,
      50.5,
      0.6,
      39.0,
      40.0,
      61.3,
      40.2,
      60.4,
      82.8,
      56.0,
      43.5
    ],
    [
      2.5,
      2.4,
      0.75,
      4.4,
      4.4,
      3.0,
      2.5,
      1.9,
      2.7,
      3.0,
      11.6,
      9.5,
      4.1,
      1.1,
      1.8,
      2.5,
      0.24,
      4.0,
      0.5,
      0.9,
      1.7,
      5.2,
      12.1,
      1.7,
      12.5,
      7.4,
      29.3,
      10.4,
      0.45,
      11.8,
      4.6,
      3.2,
      0.45,
      0.8,
      42.1,
      41.8,
      0.0,
      4.0,
      43.1,
      0.95,
      6.3,
      0.45,
      43.9,
      35.8,
      53.9,
      54.0,
      0.8,
      35.8,
      50.1,
      35.8,
      3.3,
      0.9,
      92.0,
      0.45,
      91.1,
      62.4,
      66.8,
      1.5
    ],
    [
      5.9,
      4.7,
      4.5,
      6.5,
      1.5,
      5.6,
      4.8,
      4.5,
      5.0,
      4.0,
      16.4,
      17.8,
      0.5,
      3.6,
      4.1,
      4.8,
      5.3,
      6.7,
      3.5,
      4.3,
      4.0,
      7.3,
      17.6,
      4.7,
      17.2,
      12.6,
      31.0,
      18.8,
      5.3,
      17.3,
      7.3,
      5.4,
      3.7,
      4.4,
      46.8,
      46.5,
      4.0,
      0.0,
      54.6,
      4.5,
      8.3,
      6.0,
      55.4,
      41.5,
      58.2,
      59.8,
      4.1,
      41.5,
      49.0,
      41.5,
      5.2,
      4.3,
      97.7,
      6.0,
      96.8,
      73.8,
      77.9,
      3.9
    ],
    [
      43.2,
      43.1,
      43.9,
      41.9,
      56.0,
      41.5,
      43.2,
      43.1,
      43.4,
      46.0,
      42.2,
      47.6,
      55.0,
      44.0,
      43.4,
      43.2,
      43.1,
      41.9,
      43.1,
      44.6,
      43.6,
      41.0,
      47.3,
      43.5,
      43.1,
      48.2,
      66.1,
      48.5,
      43.4,
      47.0,
      41.1,
      44.1,
      43.3,
      43.7,
      64.7,
      64.4,
      43.1,
      54.6,
      0.0,
      43.6,
      46.7,
      43.0,
      0.7,
      64.7,
      27.9,
      83.0,
      44.6,
      64.7,
      105.0,
      64.7,
      44.9,
      43.2,
      121.0,
      43.0,
      120.0,
      41.8,
      57.4,
      44.4
    ],
    [
      0.9,
      0.7,
      0.19,
      3.4,
      4.5,
      3.2,
      1.2,
      0.55,
      1.4,
      3.0,
      10.3,
      8.2,
      4.2,
      0.35,
      0.35,
      0.55,
      0.9,
      3.4,
      0.8,
      0.018,
      0.12,
      3.8,
      10.7,
      0.29,
      11.2,
      6.1,
      28.0,
      9.0,
      0.65,
      10.4,
      4.0,
      1.9,
      0.65,
      0.3,
      40.7,
      40.4,
      0.95,
      4.5,
      43.6,
      0.0,
      5.4,
      0.8,
      45.4,
      35.9,
      54.9,
      54.1,
      0.16,
      35.8,
      47.5,
      35.9,
      2.3,
      0.27,
      92.1,
      0.6,
      91.2,
      63.9,
      68.3,
      2.4
    ],
    [
      4.2,
      4.2,
      4.6,
      6.5,
      9.8,
      6.3,
      3.7,
      4.1,
      4.2,
      6.8,
      14.2,
      15.7,
      8.8,
      5.6,
      4.2,
      4.3,
      5.1,
      6.5,
      5.8,
      5.3,
      4.4,
      6.8,
      15.5,
      4.5,
      15.1,
      1.2,
      28.8,
      16.6,
      4.7,
      15.1,
      7.1,
      3.3,
      6.0,
      4.5,
      44.6,
      44.3,
      6.3,
      8.3,
      46.7,
      5.4,
      0.0,
      4.9,
      47.7,
      39.3,
      65.1,
      57.6,
      5.1,
      39.3,
      47.4,
      39.4,
      3.7,
      4.4,
      95.5,
      4.9,
      94.7,
      66.1,
      74.4,
      4.2
    ],
    [
      1.2,
      1.1,
      0.6,
      2.2,
      6.0,
      1.8,
      1.2,
      0.75,
      1.4,
      4.5,
      9.1,
      10.2,
      5.7,
      1.0,
      0.85,
      1.0,
      0.28,
      2.2,
      0.8,
      0.8,
      0.75,
      3.1,
      10.0,
      0.6,
      8.4,
      6.3,
      29.1,
      11.2,
      0.16,
      9.7,
      2.8,
      2.1,
      0.65,
      0.55,
      39.6,
      35.9,
      0.45,
      6.0,
      43.0,
      0.8,
      4.9,
      0.0,
      44.0,
      34.4,
      54.5,
      52.7,
      0.8,
      34.4,
      48.0,
      34.4,
      2.2,
      0.6,
      90.6,
      0.19,
      89.7,
      62.4,
      66.8,
      2.9
    ],
    [
      44.0,
      44.0,
      44.7,
      42.7,
      56.9,
      42.3,
      44.0,
      44.0,
      44.2,
      46.8,
      43.0,
      48.4,
      55.8,
      44.8,
      44.3,
      44.1,
      43.9,
      42.7,
      43.9,
      45.4,
      44.4,
      41.8,
      48.2,
      44.3,
      43.9,
      49.0,
      66.9,
      49.3,
      44.2,
      47.8,
      41.9,
      44.9,
      44.1,
      44.6,
      65.6,
      65.2,
      43.9,
      55.4,
      0.7,
      45.4,
      47.7,
      44.0,
      0.0,
      63.8,
      27.4,
      82.1,
      43.7,
      63.8,
      104.0,
      63.8,
      44.0,
      42.3,
      120.0,
      42.1,
      119.0,
      42.5,
      58.1,
      43.5
    ],
    [
      34.4,
      34.4,
      35.1,
      33.1,
      43.0,
      35.2,
      34.5,
      34.4,
      34.7,
      37.2,
      30.6,
      28.7,
      41.9,
      36.7,
      34.7,
      34.5,
      34.3,
      33.1,
      35.8,
      35.8,
      34.9,
      32.2,
      25.9,
      34.7,
      31.5,
      33.6,
      15.6,
      26.2,
      34.7,
      28.1,
      33.7,
      34.9,
      35.9,
      35.0,
      0.4,
      0.45,
      35.8,
      41.5,
      64.7,
      35.9,
      39.3,
      34.4,
      63.8,
      0.0,
      92.9,
      19.5,
      41.8,
      0.8,
      50.1,
      0.45,
      39.4,
      40.4,
      61.8,
      36.3,
      61.0,
      81.4,
      54.6,
      43.8
    ],
    [
      61.0,
      61.0,
      66.9,
      65.0,
      59.7,
      64.5,
      66.3,
      66.2,
      66.5,
      62.1,
      59.7,
      74.1,
      55.0,
      61.7,
      62.2,
      56.0,
      54.4,
      59.7,
      54.1,
      54.8,
      62.1,
      58.8,
      65.1,
      55.3,
      57.6,
      66.9,
      80.5,
      66.3,
      55.6,
      61.7,
      55.8,
      58.8,
      54.2,
      55.1,
      92.9,
      92.6,
      53.9,
      58.2,
      27.9,
      54.9,
      65.1,
      54.5,
      27.4,
      92.9,
      0.0,
      100.0,
      55.5,
      82.0,
      109.0,
      82.0,
      62.4,
      60.7,
      138.0,
      66.7,
      137.0,
      69.1,
      104.0,
      55.3
    ],
    [
      52.7,
      52.7,
      53.4,
      51.4,
      61.3,
      53.5,
      52.7,
      52.7,
      52.9,
      55.5,
      48.9,
      46.9,
      60.2,
      55.0,
      53.0,
      52.8,
      52.6,
      51.4,
      54.1,
      54.1,
      53.1,
      50.5,
      44.2,
      53.0,
      49.8,
      51.9,
      35.5,
      44.5,
      52.9,
      46.4,
      52.0,
      53.2,
      54.2,
      53.3,
      19.4,
      19.7,
      54.0,
      59.8,
      83.0,
      54.1,
      57.6,
      52.7,
      82.1,
      19.5,
      100.0,
      0.0,
      60.0,
      19.4,
      65.0,
      19.5,
      57.6,
      58.6,
      37.9,
      54.5,
      42.2,
      69.0,
      42.2,
      62.1
    ],
    [
      1.1,
      0.85,
      0.28,
      4.4,
      4.1,
      3.7,
      2.2,
      0.7,
      2.4,
      2.6,
      11.3,
      9.2,
      3.8,
      0.4,
      0.5,
      0.75,
      0.9,
      4.4,
      0.7,
      0.097,
      0.28,
      4.7,
      11.7,
      0.45,
      12.2,
      7.0,
      29.0,
      10.0,
      0.65,
      11.4,
      5.0,
      2.8,
      0.6,
      0.4,
      41.7,
      41.4,
      0.8,
      4.1,
      44.6,
      0.16,
      5.1,
      0.8,
      43.7,
      41.8,
      55.5,
      60.0,
      0.0,
      35.6,
      47.3,
      35.6,
      2.1,
      0.35,
      91.8,
      0.6,
      90.9,
      63.6,
      68.0,
      2.1
    ],
    [
      34.4,
      34.4,
      35.1,
      33.1,
      43.0,
      35.2,
      34.4,
      34.4,
      34.6,
      37.2,
      30.6,
      28.7,
      41.9,
      36.7,
      34.7,
      34.5,
      34.3,
      33.1,
      35.8,
      35.8,
      34.9,
      32.2,
      25.9,
      34.7,
      31.5,
      33.6,
      16.6,
      26.2,
      34.6,
      28.1,
      33.7,
      34.9,
      35.9,
      35.0,
      0.65,
      1.8,
      35.8,
      41.5,
      64.7,
      35.8,
      39.3,
      34.4,
      63.8,
      0.8,
      82.0,
      19.4,
      35.6,
      0.0,
      50.9,
      0.6,
      39.4,
      40.4,
      61.8,
      36.3,
      60.9,
      81.4,
      54.6,
      43.8
    ],
    [
      46.9,
      46.9,
      46.8,
      53.8,
      50.5,
      49.1,
      46.4,
      46.8,
      47.3,
      50.1,
      53.5,
      46.1,
      49.4,
      49.7,
      46.4,
      47.0,
      48.0,
      53.8,
      49.6,
      47.5,
      46.6,
      52.8,
      50.5,
      47.0,
      54.7,
      46.7,
      39.0,
      49.0,
      47.6,
      46.8,
      49.9,
      46.0,
      49.8,
      46.7,
      50.7,
      50.5,
      50.1,
      49.0,
      105.0,
      47.5,
      47.4,
      48.0,
      104.0,
      50.1,
      109.0,
      65.0,
      47.3,
      50.9,
      0.0,
      50.7,
      46.3,
      46.9,
      110.0,
      47.6,
      110.0,
      125.0,
      129.0,
      46.0
    ],
    [
      34.4,
      34.4,
      35.1,
      33.2,
      43.0,
      35.2,
      34.5,
      34.4,
      34.7,
      37.2,
      30.6,
      28.7,
      41.9,
      36.7,
      34.7,
      34.5,
      34.3,
      33.2,
      35.8,
      35.8,
      34.9,
      32.2,
      25.9,
      34.7,
      31.5,
      33.6,
      16.4,
      26.2,
      34.7,
      28.1,
      33.7,
      34.9,
      35.9,
      35.0,
      0.039,
      0.6,
      35.8,
      41.5,
      64.7,
      35.9,
      39.4,
      34.4,
      63.8,
      0.45,
      82.0,
      19.5,
      35.6,
      0.6,
      50.7,
      0.0,
      39.4,
      40.4,
      61.8,
      36.3,
      61.0,
      81.4,
      54.6,
      43.9
    ],
    [
      0.7,
      1.0,
      1.6,
      3.4,
      5.2,
      3.2,
      0.6,
      1.1,
      0.4,
      3.7,
      8.9,
      6.8,
      4.9,
      2.5,
      1.2,
      1.2,
      2.1,
      3.4,
      2.8,
      2.3,
      1.3,
      3.8,
      10.2,
      1.5,
      9.8,
      4.5,
      27.9,
      7.7,
      1.7,
      9.8,
      4.1,
      1.0,
      3.0,
      1.5,
      39.4,
      39.0,
      3.3,
      5.2,
      44.9,
      2.3,
      3.7,
      2.2,
      44.0,
      39.4,
      62.4,
      57.6,
      2.1,
      39.4,
      46.3,
      39.4,
      0.0,
      1.4,
      90.3,
      1.8,
      89.4,
      63.1,
      69.2,
      2.3
    ],
    [
      0.85,
      0.65,
      0.16,
      2.8,
      4.3,
      2.6,
      0.8,
      0.4,
      1.0,
      2.8,
      9.9,
      7.8,
      4.0,
      0.6,
      0.35,
      0.5,
      0.75,
      2.8,
      0.95,
      0.29,
      0.19,
      3.4,
      10.3,
      0.22,
      10.8,
      5.9,
      28.4,
      8.6,
      0.5,
      10.0,
      3.4,
      1.7,
      0.75,
      0.13,
      40.3,
      40.0,
      0.9,
      4.3,
      43.2,
      0.27,
      4.4,
      0.6,
      42.3,
      40.4,
      60.7,
      58.6,
      0.35,
      40.4,
      46.9,
      40.4,
      1.4,
      0.0,
      91.1,
      0.5,
      90.2,
      62.9,
      67.3,
      1.5
    ],
    [
      90.6,
      90.6,
      91.3,
      89.4,
      99.2,
      91.4,
      90.7,
      90.6,
      90.9,
      93.4,
      86.8,
      84.9,
      98.1,
      92.9,
      90.9,
      90.7,
      90.5,
      89.4,
      92.0,
      92.0,
      91.1,
      88.4,
      82.1,
      90.9,
      87.7,
      89.8,
      76.2,
      82.4,
      90.9,
      84.3,
      89.9,
      91.1,
      92.1,
      91.2,
      61.8,
      61.3,
      92.0,
      97.7,
      121.0,
      92.1,
      95.5,
      90.6,
      120.0,
      61.8,
      138.0,
      37.9,
      91.8,
      61.8,
      110.0,
      61.8,
      90.3,
      91.1,
      0.0,
      91.7,
      0.5,
      85.5,
      55.6,
      99.2
    ],
    [
      1.2,
      1.2,
      0.4,
      2.2,
      6.0,
      1.8,
      1.2,
      0.65,
      1.4,
      4.6,
      9.2,
      10.3,
      5.7,
      0.85,
      0.75,
      0.9,
      0.27,
      2.2,
      0.65,
      0.65,
      0.65,
      3.1,
      10.0,
      0.5,
      10.0,
      6.3,
      30.9,
      11.2,
      0.029,
      9.7,
      2.8,
      2.1,
      0.45,
      0.45,
      36.3,
      40.2,
      0.45,
      6.0,
      43.0,
      0.6,
      4.9,
      0.19,
      42.1,
      36.3,
      66.7,
      54.5,
      0.6,
      36.3,
      47.6,
      36.3,
      1.8,
      0.5,
      91.7,
      0.0,
      90.0,
      62.6,
      67.0,
      2.5
    ],
    [
      89.8,
      89.7,
      90.4,
      88.5,
      98.3,
      90.5,
      89.8,
      89.7,
      90.0,
      92.5,
      85.9,
      84.0,
      97.3,
      92.0,
      90.0,
      89.8,
      89.6,
      88.5,
      91.1,
      91.1,
      90.2,
      87.5,
      81.3,
      90.1,
      86.8,
      88.9,
      75.3,
      81.5,
      90.0,
      83.4,
      89.0,
      90.2,
      91.2,
      90.3,
      60.9,
      60.4,
      91.1,
      96.8,
      120.0,
      91.2,
      94.7,
      89.7,
      119.0,
      61.0,
      137.0,
      42.2,
      90.9,
      60.9,
      110.0,
      61.0,
      89.4,
      90.2,
      0.5,
      90.0,
      0.0,
      86.4,
      56.6,
      99.0
    ],
    [
      62.4,
      62.4,
      63.1,
      61.2,
      93.1,
      60.7,
      62.5,
      62.4,
      62.7,
      65.2,
      61.5,
      66.8,
      74.2,
      63.3,
      62.7,
      62.5,
      62.3,
      61.2,
      62.4,
      63.8,
      62.9,
      60.2,
      66.6,
      62.7,
      62.3,
      67.4,
      85.3,
      67.7,
      62.7,
      66.2,
      60.3,
      63.3,
      62.5,
      63.0,
      81.4,
      82.8,
      62.4,
      73.8,
      41.8,
      63.9,
      66.1,
      62.4,
      42.5,
      81.4,
      69.1,
      69.0,
      63.6,
      81.4,
      125.0,
      81.4,
      63.1,
      62.9,
      85.5,
      62.6,
      86.4,
      0.0,
      31.9,
      64.0
    ],
    [
      66.8,
      66.8,
      67.5,
      65.5,
      79.4,
      65.1,
      66.9,
      66.8,
      67.1,
      72.3,
      61.6,
      68.4,
      78.3,
      67.7,
      67.1,
      66.9,
      66.7,
      65.5,
      66.8,
      68.2,
      67.3,
      64.6,
      68.2,
      67.1,
      62.4,
      68.7,
      70.9,
      69.4,
      67.1,
      67.9,
      64.7,
      67.7,
      66.9,
      67.4,
      54.6,
      56.0,
      66.8,
      77.9,
      57.4,
      68.3,
      74.4,
      66.8,
      58.1,
      54.6,
      104.0,
      42.2,
      68.0,
      54.6,
      129.0,
      54.6,
      69.2,
      67.3,
      55.6,
      67.0,
      56.6,
      31.9,
      0.0,
      73.5
    ],
    [
      1.9,
      1.9,
      1.7,
      4.4,
      3.9,
      3.5,
      2.0,
      1.6,
      2.2,
      2.2,
      13.4,
      8.9,
      3.6,
      0.75,
      1.3,
      2.0,
      2.8,
      4.2,
      1.1,
      1.0,
      1.4,
      4.5,
      11.5,
      1.9,
      14.3,
      6.8,
      28.0,
      9.8,
      2.5,
      11.1,
      5.0,
      2.3,
      2.0,
      1.5,
      43.8,
      43.5,
      1.5,
      3.9,
      44.4,
      2.4,
      4.2,
      2.9,
      43.5,
      43.8,
      55.3,
      62.1,
      2.1,
      43.8,
      46.0,
      43.9,
      2.3,
      1.5,
      99.2,
      2.5,
      99.0,
      64.0,
      73.5,
      0.0
    ]
  ],
  "drive_time_matrix": [
    [
      0.0,
      4.0,
      12.0,
      6.0,
      13.0,
      5.0,
      4.0,
      7.0,
      5.0,
      8.0,
      15.0,
      13.0,
      11.0,
      3.0,
      10.0,
      5.0,
      5.0,
      6.0,
