{
  "drive_dist_matrix": [
    [
      0.0,
      7.0,
      0.7,
      0.55,
      7.1,
      0.9,
      5.4,
      2.0,
      1.4,
      7.5,
      1.6,
      37.2,
      15.0,
      1.9,
      35.4,
      24.5,
      4.5,
      2.8,
      24.2,
      1.1
    ],
    [
      7.0,
      0.0,
      6.6,
      7.1,
      9.6,
      5.5,
      5.2,
      5.0,
      5.8,
      14.0,
      5.5,
      43.7,
      15.4,
      5.1,
      41.9,
      17.7,
      5.6,
      4.6,
      24.6,
      6.1
    ],
    [
      0.7,
      6.6,
      0.0,
      0.65,
      7.5,
      1.4,
      5.7,
      2.3,
      1.8,
      7.9,
      1.9,
      37.6,
      15.4,
      2.3,
      35.8,
      24.8,
      4.9,
      3.2,
      24.6,
      1.6
    ],
    [
      0.55,
      7.1,
      0.65,
      0.0,
      7.3,
      1.0,
      5.6,
      2.2,
      1.6,
      7.7,
      1.8,
      37.4,
      15.2,
      2.1,
      35.7,
      24.7,
      4.7,
      3.0,
      24.4,
      1.4
    ],
    [
      7.1,
      9.6,
      7.5,
      7.3,
      0.0,
      6.9,
      8.2,
      7.5,
      7.5,
      13.5,
      5.6,
      43.3,
      17.8,
      5.6,
      41.5,
      27.3,
      6.8,
      7.3,
      27.1,
      5.8
    ],
    [
      0.9,
      5.5,
      1.4,
      1.0,
      6.9,
      0.0,
      5.2,
      1.3,
      1.4,
      7.8,
      0.8,
      37.5,
      10.4,
      1.7,
      35.7,
      24.3,
      4.3,
      2.8,
      24.1,
      1.0
    ],
    [
      5.4,
      5.2,
      5.7,
      5.6,
      8.2,
      5.2,
      0.0,
      4.1,
      4.9,
      13.1,
      4.7,
      42.7,
      14.7,
      4.2,
      41.1,
      13.4,
      2.3,
      3.7,
      17.3,
      5.3
    ],
    [
      2.0,
      5.0,
      2.3,
      2.2,
      7.5,
      1.3,
      4.1,
      0.0,
      1.6,
      11.4,
      2.1,
      41.1,
      12.7,
      1.7,
      39.3,
      22.2,
      3.5,
      0.8,
      22.0,
      2.5
    ],
    [
      1.4,
      5.8,
      1.8,
      1.6,
      7.5,
      1.4,
      4.9,
      1.6,
      0.0,
      8.4,
      2.4,
      38.2,
      13.6,
      2.6,
      36.4,
      23.1,
      4.5,
      1.5,
      22.9,
      2.1
    ],
    [
      7.5,
      14.0,
      7.9,
      7.7,
      13.5,
      7.8,
      13.1,
      11.4,
      8.4,
      0.0,
      9.1,
      30.7,
      22.0,
      9.1,
      28.9,
      27.2,
      12.8,
      10.7,
      31.3,
      9.0
    ],
    [
      1.6,
      5.5,
      1.9,
      1.8,
      5.6,
      0.8,
      4.7,
      2.1,
      2.4,
      9.1,
      0.0,
      38.8,
      13.8,
      0.2,
      37.0,
      23.3,
      5.6,
      2.1,
      23.1,
      0.55
    ],
    [
      37.2,
      43.7,
      37.6,
      37.4,
      43.3,
      37.5,
      42.7,
      41.1,
      38.2,
      30.7,
      38.8,
      0.0,
      24.3,
      21.4,
      27.5,
      33.0,
      25.0,
      23.0,
      32.8,
      21.3
    ],
    [
      15.0,
      15.4,
      15.4,
      15.2,
      17.8,
      10.4,
      14.7,
      12.7,
      13.6,
      22.0,
      13.8,
      24.3,
      0.0,
      6.4,
      42.7,
      25.7,
      6.9,
      5.9,
      25.5,
      7.3
    ],
    [
      1.9,
      5.1,
      2.3,
      2.1,
      5.6,
      1.7,
      4.2,
      1.7,
      2.6,
      9.1,
      0.2,
      21.4,
      6.4,
      0.0,
      37.1,
      22.9,
      3.2,
      1.7,
      22.6,
      1.2
    ],
    [
      35.4,
      41.9,
      35.8,
      35.7,
      41.5,
      35.7,
      41.1,
      39.3,
      36.4,
      28.9,
      37.0,
      27.5,
      42.7,
      37.1,
      0.0,
      34.8,
      26.8,
      24.8,
      34.6,
      23.1
    ],
    [
      24.5,
      17.7,
      24.8,
      24.7,
      27.3,
      24.3,
      13.4,
      22.2,
      23.1,
      27.2,
      23.3,
      33.0,
      25.7,
      22.9,
      34.8,
      0.0,
      16.4,
      22.4,
      11.7,
      23.8
    ],
    [
      4.5,
      5.6,
      4.9,
      4.7,
      6.8,
      4.3,
      2.3,
      3.5,
      4.5,
      12.8,
      5.6,
      25.0,
      6.9,
      3.2,
      26.8,
      16.4,
      0.0,
      3.6,
      23.2,
      3.3
    ],
    [
      2.8,
      4.6,
      3.2,
      3.0,
      7.3,
      2.8,
      3.7,
      0.8,
      1.5,
      10.7,
      2.1,
      23.0,
      5.9,
      1.7,
      24.8,
      22.4,
      3.6,
      0.0,
      22.2,
      3.7
    ],
    [
      24.2,
      24.6,
      24.6,
      24.4,
      27.1,
      24.1,
      17.3,
      22.0,
      22.9,
      31.3,
      23.1,
      32.8,
      25.5,
      22.6,
      34.6,
      11.7,
      23.2,
      22.2,
      0.0,
      23.7
    ],
    [
      1.1,
      6.1,
      1.6,
      1.4,
      5.8,
      1.0,
      5.3,
      2.5,
      2.1,
      9.0,
      0.55,
      21.3,
      7.3,
      1.2,
      23.1,
      23.8,
      3.3,
      3.7,
      23.7,
      0.0
    ]
  ],
  "drive_time_matrix": [
    [
      0.0,
      21.0,
      9.0,
      7.0,
      14.0,
      12.0,
      16.0,
      10.0,
      7.0,
      11.0,
      5.0,
      39.0,
      20.0,
      6.0,
      37.0,
      35.0,
      11.0,
      11.0,
      30.0,
      15.0
    ],
    [
      21.0,
      0.0,
      19.0,
      21.0,
      23.0,
      19.0,
      17.0,
      19.0,
      20.0,
      24.0,
      20.0,
      54.0,
      25.0,
      18.0,
      53.0,
      40.0,
      19.0,
      17.0,
      35.0,
      18.0
    ],
    [
      9.0,
      19.0,
      0.0,
      8.0,
      15.0,
      19.0,
      17.0,
      12.0,
      8.0,
      12.0,
      6.0,
      40.0,
      21.0,
      7.0,
      39.0,
      36.0,
      12.0,
      12.0,
      31.0,
      5.0
    ],
    [
      7.0,
      21.0,
      8.0,
      0.0,
      15.0,
      14.0,
      17.0,
      11.0,
      8.0,
      12.0,
      6.0,
      40.0,
      21.0,
      7.0,
      38.0,
      36.0,
      12.0,
      12.0,
      31.0,
      5.0
    ],
    [
      14.0,
      23.0,
      15.0,
      15.0,
      0.0,
      15.0,
      18.0,
      19.0,
      17.0,
      18.0,
      12.0,
      45.0,
      22.0,
      11.0,
      44.0,
      37.0,
      14.0,
      17.0,
      32.0,
      11.0
    ],
    [
      12.0,
      19.0,
      19.0,
      14.0,
      15.0,
      0.0,
      16.0,
      9.0,
      6.0,
      12.0,
      5.0,
      40.0,
      22.0,
      6.0,
      39.0,
      34.0,
      11.0,
      10.0,
      30.0,
      4.0
    ],
    [
      16.0,
      17.0,
      17.0,
      17.0,
      18.0,
      16.0,
      0.0,
      15.0,
      15.0,
      19.0,
      15.0,
      46.0,
      20.0,
      13.0,
      45.0,
      28.0,
      9.0,
      12.0,
      29.0,
      14.0
    ],
    [
      10.0,
      19.0,
      12.0,
      11.0,
      19.0,
      9.0,
      15.0,
      0.0,
      6.0,
      16.0,
      9.0,
      34.0,
      17.0,
      13.0,
      42.0,
      32.0,
      12.0,
      5.0,
      27.0,
      10.0
    ],
    [
      7.0,
      20.0,
      8.0,
      8.0,
      17.0,
      6.0,
      15.0,
      6.0,
      0.0,
      15.0,
      9.0,
      42.0,
      18.0,
      8.0,
      41.0,
      33.0,
      13.0,
      5.0,
      28.0,
      8.0
    ],
    [
      11.0,
      24.0,
      12.0,
      12.0,
      18.0,
      12.0,
      19.0,
      16.0,
      15.0,
      0.0,
      12.0,
      26.0,
      23.0,
      12.0,
      31.0,
      40.0,
      14.0,
      18.0,
      34.0,
      11.0
    ],
    [
      5.0,
      20.0,
      6.0,
      6.0,
      12.0,
      5.0,
      15.0,
      9.0,
      9.0,
      12.0,
      0.0,
      39.0,
      19.0,
      3.0,
      38.0,
      34.0,
      10.0,
      9.0,
      30.0,
      3.0
    ],
    [
      39.0,
      54.0,
      40.0,
      40.0,
      45.0,
      40.0,
      46.0,
      34.0,
      42.0,
      26.0,
      39.0,
      0.0,
      20.0,
      21.0,
      28.0,
      35.0,
      24.0,
      28.0,
      30.0,
      20.0
    ],
    [
      20.0,
      25.0,
      21.0,
      21.0,
      22.0,
      22.0,
      20.0,
      17.0,
      18.0,
      23.0,
      19.0,
      20.0,
      0.0,
      10.0,
      39.0,
      30.0,
      10.0,
      10.0,
      26.0,
      9.0
    ],
    [
      6.0,
      18.0,
      7.0,
      7.0,
      11.0,
      6.0,
      13.0,
      13.0,
      8.0,
      12.0,
      3.0,
      21.0,
      10.0,
      0.0,
      38.0,
      32.0,
      9.0,
      7.0,
      27.0,
      4.0
    ],
    [
      37.0,
      53.0,
      39.0,
      38.0,
      44.0,
      39.0,
      45.0,
      42.0,
      41.0,
      31.0,
      38.0,
      28.0,
      39.0,
      38.0,
      0.0,
      36.0,
      25.0,
      29.0,
      31.0,
      22.0
    ],
    [
      35.0,
      40.0,
      36.0,
      36.0,
      37.0,
      34.0,
      28.0,
      32.0,
      33.0,
      40.0,
      34.0,
      35.0,
      30.0,
      32.0,
      36.0,
      0.0,
      32.0,
      32.0,
      21.0,
      31.0
    ],
    [
      11.0,
      19.0,
      12.0,
      12.0,
      14.0,
      11.0,
      9.0,
      12.0,
      13.0,
      14.0,
      10.0,
      24.0,
      10.0,
      9.0,
      25.0,
      32.0,
      0.0,
      11.0,
      26.0,
      6.0
    ],
    [
      11.0,
      17.0,
      12.0,
      12.0,
      17.0,
      10.0,
      12.0,
      5.0,
      5.0,
      18.0,
      9.0,
      28.0,
      10.0,
      7.0,
      29.0,
      32.0,
      11.0,
      0.0,
      26.0,
      9.0
    ],
    [
      30.0,
      35.0,
      31.0,
      31.0,
      32.0,
      30.0,
      29.0,
      27.0,
      28.0,
      34.0,
      30.0,
      30.0,
      26.0,
      27.0,
      31.0,
      21.0,
      26.0,
      26.0,
      0.0,
      26.0
    ],
    [
      15.0,
      18.0,
      5.0,
      5.0,
      11.0,
      4.0,
      14.0,
      10.0,
      8.0,
      11.0,
      3.0,
      20.0,
      9.0,
      4.0,
      22.0,
      31.0,
      6.0,
      9.0,
      26.0,
      0.0
    ]
  ],
  "transit_dist_walk_matrix": [
    [
      0.0,
      4.66648,
      NaN,
      NaN,
      1.8332600000000001,
      NaN,
      2.08325,
      1.41661,
      NaN,
      1.91659,
      NaN,
      1.8332600000000001,
      3.91651,
      1.33328,
      NaN,
      1.58327,
      1.91659,
      2.33324,
      NaN,
      NaN
    ],
    [
      4.66648,
      0.0,
      NaN,
      NaN,
      NaN,
      NaN,
      NaN,
      NaN,
      NaN,
      NaN,
      NaN,
      NaN,
      NaN,
      NaN,
      NaN,
      NaN,
      NaN,
      NaN,
      NaN,
      NaN
    ],
    [
      NaN,
      NaN,
      0.0,
      NaN,
      2.41657,
      NaN,
      2.66656,
      2.08325,
      NaN,
      2.41657,
      NaN,
      2.33324,
      4.24983,
      1.91659,
      NaN,
      2.16658,
      2.74989,
      2.91655,
      NaN,
      NaN
    ],
    [
      NaN,
      NaN,
      NaN,
      0.0,
      1.99992,
      NaN,
      2.24991,
      1.6666,
      NaN,
      1.99992,
      NaN,
      1.91659,
      3.83318,
      1.49994,
      NaN,
      1.74993,
      2.33324,
      2.4999000000000002,
      NaN,
      NaN
    ],
    [
      1.8332600000000001,
      NaN,
      2.41657,
      1.99992,
      0.0,
      0.9166300000000001,
      1.33328,
      1.08329,
      1.49994,
      1.41661,
      NaN,
      1.33328,
      3.24987,
      0.9166300000000001,
      NaN,
      1.16662,
      1.74993,
      1.6666,
      2.66656,
      1.33328
    ],
    [
      NaN,
      NaN,
      NaN,
      NaN,
      0.9166300000000001,
      0.0,
      1.2499500000000001,
      NaN,
      NaN,
      0.99996,
      NaN,
      0.9166300000000001,
      3.41653,
      NaN,
      NaN,
      NaN,
      1.33328,
      1.49994,
      NaN,
      NaN
    ],
    [
      2.08325,
      NaN,
      2.66656,
      2.24991,
      1.33328,
      1.2499500000000001,
      0.0,
      NaN,
      1.99992,
      1.58327,
      0.8333,
      1.49994,
      3.49986,
      0.66664,
      NaN,
      NaN,
      NaN,
      NaN,
      NaN,
      1.49994
    ],
    [
      1.41661,
      NaN,
      2.08325,
      1.6666,
      1.08329,
      NaN,
      NaN,
      0.0,
      NaN,
      1.41661,
      0.9166300000000001,
      1.33328,
      2.74989,
      0.74997,
      NaN,
      NaN,
      1.41661,
      NaN,
      NaN,
      NaN
    ],
    [
      NaN,
      NaN,
      NaN,
      NaN,
      1.49994,
      NaN,
      1.99992,
      NaN,
      0.0,
      1.74993,
      NaN,
      1.6666,
      2.99988,
      1.33328,
      NaN,
      1.33328,
      1.74993,
      1.41661,
      NaN,
      NaN
    ],
    [
      1.91659,
      NaN,
      2.41657,
      1.99992,
      1.41661,
      0.99996,
      1.58327,
      1.41661,
      1.74993,
      0.0,
      1.58327,
      1.33328,
      3.49986,
      1.33328,
      NaN,
      1.16662,
      1.74993,
      1.91659,
      2.83322,
      1.49994
    ],
    [
      NaN,
      NaN,
      NaN,
      NaN,
      NaN,
      NaN,
      0.8333,
      0.9166300000000001,
      NaN,
      1.58327,
      0.0,
      1.58327,
      3.3332,
      NaN,
      NaN,
      0.9166300000000001,
      1.99992,
      1.2499500000000001,
      NaN,
      NaN
    ],
    [
      1.8332600000000001,
      NaN,
      2.33324,
      1.91659,
      1.33328,
      0.9166300000000001,
      1.49994,
      1.33328,
      1.6666,
      1.33328,
      1.58327,
      0.0,
      3.3332,
      1.33328,
      NaN,
      1.16662,
      1.74993,
      1.91659,
      2.83322,
      1.49994
    ],
    [
      3.91651,
      NaN,
      4.24983,
      3.83318,
      3.24987,
      3.41653,
      3.49986,
      2.74989,
      2.99988,
      3.49986,
      3.3332,
      3.3332,
      0.0,
      3.0832100000000002,
      NaN,
      2.83322,
      3.83318,
      3.16654,
      3.99984,
      3.3332
    ],
    [
      1.33328,
      NaN,
      1.91659,
      1.49994,
      0.9166300000000001,
      NaN,
      0.66664,
      0.74997,
      1.33328,
      1.33328,
      NaN,
      1.33328,
      3.0832100000000002,
      0.0,
      NaN,
      0.66664,
      1.74993,
      NaN,
      2.66656,
      NaN
    ],
    [
      NaN,
      NaN,
      NaN,
      NaN,
      NaN,
      NaN,
      NaN,
      NaN,
      NaN,
      NaN,
      NaN,
      NaN,
      NaN,
      NaN,
      0.0,
      NaN,
      NaN,
      NaN,
      NaN,
      NaN
    ],
    [
      1.58327,
      NaN,
      2.16658,
      1.74993,
      1.16662,
      NaN,
      NaN,
      NaN,
      1.33328,
      1.16662,
      0.9166300000000001,
      1.16662,
      2.83322,
      0.66664,
      NaN,
      0.0,
      NaN,
      NaN,
      1.8332600000000001,
      NaN
    ],
    [
      1.91659,
      NaN,
      2.74989,
      2.33324,
      1.74993,
      1.33328,
      NaN,
      1.41661,
      1.74993,
      1.74993,
      1.99992,
      1.74993,
      3.83318,
      1.74993,
      NaN,
      NaN,
      0.0,
      2.33324,
      2.99988,
      1.74993
    ],
    [
      2.33324,
      NaN,
      2.91655,
      2.4999000000000002,
      1.6666,
      1.49994,
      NaN,
      NaN,
      1.41661,
      1.91659,
      1.2499500000000001,
      1.91659,
      3.16654,
      NaN,
      NaN,
      NaN,
      2.33324,
      0.0,
      NaN,
      1.16662
    ],
    [
      NaN,
      NaN,
      NaN,
      NaN,
      2.66656,
      NaN,
      NaN,
      NaN,
      NaN,
      2.83322,
      NaN,
      2.83322,
      3.99984,
      2.66656,
      NaN,
      1.8332600000000001,
      2.99988,
      NaN,
      0.0,
      2.33324
    ],
    [
      NaN,
      NaN,
      NaN,
      NaN,
      1.33328,
      NaN,
      1.49994,
      NaN,
      NaN,
      1.49994,
      NaN,
      1.49994,
      3.3332,
      NaN,
      NaN,
      NaN,
      1.74993,
      1.16662,
      2.33324,
      0.0
    ]
  ],
  "transit_time_matrix": [
    [
      0.0,
      83.0,
      NaN,
      NaN,
      39.0,
      NaN,
      30.0,
      20.0,
      NaN,
      32.0,
      NaN,
      41.0,
      73.0,
      19.0,
      NaN,
      81.0,
      31.0,
      29.0,
      0.0,
      NaN
    ],
    [
      83.0,
      0.0,
      NaN,
      NaN,
      NaN,
      NaN,
      NaN,
      NaN,
      NaN,
      NaN,
      NaN,
      NaN,
      NaN,
      NaN,
      NaN,
      NaN,
      NaN,
      NaN,
      NaN,
      NaN
    ],
    [
      NaN,
      NaN,
      0.0,
      NaN,
      15.0,
      NaN,
      37.0,
      28.0,
      NaN,
      40.0,
      NaN,
      40.0,
      98.0,
      7.0,
      NaN,
      88.0,
      12.0,
      12.0,
      0.0,
      NaN
    ],
    [
      NaN,
      NaN,
      NaN,
      0.0,
      40.0,
      NaN,
      32.0,
      23.0,
      NaN,
      12.0,
      NaN,
      41.0,
      21.0,
      7.0,
      NaN,
      83.0,
      33.0,
      12.0,
      0.0,
      NaN
    ],
    [
      39.0,
      NaN,
      15.0,
      40.0,
      0.0,
      15.0,
      36.0,
      27.0,
      36.0,
      44.0,
      0.0,
      50.0,
      89.0,
      22.0,
      NaN,
      37.0,
      14.0,
      34.0,
      74.0,
      11.0
    ],
    [
      NaN,
      NaN,
      NaN,
      NaN,
      15.0,
      0.0,
      20.0,
      NaN,
      0.0,
      23.0,
      NaN,
      29.0,
      65.0,
      NaN,
      NaN,
      0.0,
      21.0,
      19.0,
      0.0,
      NaN
    ],
    [
      30.0,
      NaN,
      37.0,
      32.0,
      36.0,
      20.0,
      0.0,
      0.0,
      29.0,
      35.0,
      15.0,
      45.0,
      20.0,
      23.0,
      NaN,
      0.0,
      NaN,
      0.0,
      0.0,
      22.0
    ],
    [
      20.0,
      NaN,
      28.0,
      23.0,
      27.0,
      NaN,
      0.0,
      0.0,
      NaN,
      16.0,
      14.0,
      44.0,
      57.0,
      12.0,
      NaN,
      0.0,
      25.0,
      NaN,
      0.0,
      NaN
    ],
    [
      NaN,
      NaN,
      NaN,
      NaN,
      36.0,
      0.0,
      29.0,
      NaN,
      0.0,
      15.0,
      0.0,
      42.0,
      18.0,
      8.0,
      NaN,
      33.0,
      27.0,
      19.0,
      0.0,
      0.0
    ],
    [
      32.0,
      NaN,
      40.0,
      12.0,
      44.0,
      23.0,
      35.0,
      16.0,
      15.0,
      0.0,
      12.0,
      26.0,
      85.0,
      29.0,
      NaN,
      87.0,
      38.0,
      36.0,
      77.0,
      29.0
    ],
    [
      NaN,
      NaN,
      NaN,
      NaN,
      0.0,
      NaN,
      15.0,
      14.0,
      0.0,
      12.0,
      0.0,
      43.0,
      78.0,
      NaN,
      NaN,
      34.0,
      26.0,
      19.0,
      0.0,
      NaN
    ],
    [
      41.0,
      NaN,
      40.0,
      41.0,
      50.0,
      29.0,
      45.0,
      44.0,
      42.0,
      26.0,
      43.0,
      0.0,
      524.0,
      39.0,
      NaN,
      35.0,
      48.0,
      46.0,
      98.0,
      39.0
    ],
    [
      73.0,
      NaN,
      98.0,
      21.0,
      89.0,
      65.0,
      20.0,
      57.0,
      18.0,
      85.0,
      78.0,
      524.0,
      0.0,
      10.0,
      NaN,
      30.0,
      103.0,
      89.0,
      26.0,
      93.0
    ],
    [
      19.0,
      NaN,
      7.0,
      7.0,
      22.0,
      NaN,
      23.0,
      12.0,
      8.0,
      29.0,
      NaN,
      39.0,
      10.0,
      0.0,
      NaN,
      32.0,
      23.0,
      0.0,
      58.0,
      NaN
    ],
    [
      NaN,
      NaN,
      NaN,
      NaN,
      NaN,
      NaN,
      NaN,
      NaN,
      NaN,
      NaN,
      NaN,
      NaN,
      NaN,
      NaN,
      0.0,
      NaN,
      NaN,
      NaN,
      NaN,
      NaN
    ],
    [
      81.0,
      NaN,
      88.0,
      83.0,
      37.0,
      0.0,
      0.0,
      0.0,
      33.0,
      87.0,
      34.0,
      35.0,
      30.0,
      32.0,
      NaN,
      0.0,
      NaN,
      NaN,
      57.0,
      NaN
    ],
    [
      31.0,
      NaN,
      12.0,
      33.0,
      14.0,
      21.0,
      NaN,
      25.0,
      27.0,
      38.0,
      26.0,
      48.0,
      103.0,
      23.0,
      NaN,
      NaN,
      0.0,
      30.0,
      66.0,
      27.0
    ],
    [
      29.0,
      NaN,
      12.0,
      12.0,
      34.0,
      19.0,
      0.0,
      NaN,
      19.0,
      36.0,
      19.0,
      46.0,
      89.0,
      0.0,
      NaN,
      NaN,
      30.0,
      0.0,
      0.0,
      18.0
    ],
    [
      0.0,
      NaN,
      0.0,
      0.0,
      74.0,
      0.0,
      0.0,
      0.0,
      0.0,
      77.0,
      0.0,
      98.0,
      26.0,
      58.0,
      NaN,
      57.0,
      66.0,
      0.0,
      0.0,
      58.0
    ],
    [
      NaN,
      NaN,
      NaN,
      NaN,
      11.0,
      NaN,
      22.0,
      NaN,
      0.0,
      29.0,
      NaN,
      39.0,
      93.0,
      NaN,
      NaN,
      NaN,
      27.0,
      18.0,
      58.0,
      0.0
    ]
  ],
  "walk_dist_matrix": [
    [
      0.0,
      5.8,
      0.7,
      0.55,
      6.3,
      0.9,
      4.9,
      1.8,
      1.4,
      7.4,
      1.5,
      16.4,
      8.4,
      1.6,
      83.5,
      30.0,
      4.2,
      2.6,
      30.3,
      1.1
    ],
    [
      5.8,
      0.0,
      6.3,
      5.9,
      9.9,
      4.9,
      4.7,
      4.0,
      4.8,
      12.6,
      4.7,
      21.1,
      6.8,
      4.5,
      84.0,
      27.5,
      5.6,
      3.4,
      30.2,
      4.9
    ],
    [
      0.7,
      6.3,
      0.0,
      0.65,
      6.8,
      1.4,
      5.5,
      2.4,
      2.0,
      8.0,
      2.1,
      17.1,
      9.0,
      2.2,
      84.0,
      30.5,
      4.7,
      3.2,
      30.8,
      1.7
    ],
    [
      0.55,
      5.9,
      0.65,
      0.0,
      6.4,
      1.0,
      5.0,
      2.0,
      1.6,
      7.9,
      1.6,
      16.8,
      8.6,
      1.8,
      83.6,
      30.2,
      4.3,
      2.7,
      30.4,
      1.3
    ],
    [
      6.3,
      9.9,
      6.8,
      6.4,
      0.0,
      6.1,
      8.2,
      6.4,
      7.1,
      13.3,
      5.2,
      22.2,
      14.1,
      5.3,
      86.4,
      35.6,
      7.2,
      6.8,
      33.5,
      5.6
    ],
    [
      0.9,
      4.9,
      1.4,
      1.0,
      6.1,
      0.0,
      4.0,
      0.95,
      1.2,
      7.9,
      0.85,
      16.6,
      8.3,
      1.0,
      82.7,
      29.9,
      3.4,
      1.8,
      29.4,
      0.65
    ],
    [
      4.9,
      4.7,
      5.5,
      5.0,
      8.2,
      4.0,
      0.0,
      3.3,
      4.1,
      11.9,
      3.6,
      20.4,
      11.0,
      3.5,
      79.7,
      32.7,
      1.6,
      2.7,
      25.9,
      3.9
    ],
    [
      1.8,
      4.0,
      2.4,
      2.0,
      6.4,
      0.95,
      3.3,
      0.0,
      1.0,
      8.8,
      1.3,
      17.3,
      8.2,
      1.1,
      82.2,
      29.9,
      3.3,
      0.8,
      28.7,
      1.0
    ],
    [
      1.4,
      4.8,
      2.0,
      1.6,
      7.1,
      1.2,
      4.1,
      1.0,
      0.0,
      8.1,
      1.8,
      16.6,
      7.4,
      1.8,
      83.0,
      29.2,
      4.1,
      1.5,
      29.6,
      1.6
    ],
    [
      7.4,
      12.6,
      8.0,
      7.9,
      13.3,
      7.9,
      11.9,
      8.8,
      8.1,
      0.0,
      8.6,
      9.2,
      15.0,
      8.7,
      90.5,
      34.6,
      11.2,
      9.4,
      37.2,
      8.3
    ],
    [
      1.5,
      4.7,
      2.1,
      1.6,
      5.2,
      0.85,
      3.6,
      1.3,
      1.8,
      8.6,
      0.0,
      17.3,
      9.0,
      0.2,
      82.1,
      30.7,
      2.8,
      1.7,
      28.9,
      0.4
    ],
    [
      16.4,
      21.1,
      17.1,
      16.8,
      22.2,
      16.6,
      20.4,
      17.3,
      16.6,
      9.2,
      17.3,
      0.0,
      23.9,
      17.5,
      99.2,
      41.1,
      19.9,
      17.9,
      46.6,
      17.1
    ],
    [
      8.4,
      6.8,
      9.0,
      8.6,
      14.1,
      8.3,
      11.0,
      8.2,
      7.4,
      15.0,
      9.0,
      23.9,
      0.0,
      9.0,
      90.2,
      21.9,
      11.3,
      8.3,
      39.3,
      8.8
    ],
    [
      1.6,
      4.5,
      2.2,
      1.8,
      5.3,
      1.0,
      3.5,
      1.1,
      1.8,
      8.7,
      0.2,
      17.5,
      9.0,
      0.0,
      82.0,
      30.7,
      2.7,
      1.5,
      28.8,
      0.5
    ],
    [
      83.5,
      84.0,
      84.0,
      83.6,
      86.4,
      82.7,
      79.7,
      82.2,
      83.0,
      90.5,
      82.1,
      99.2,
      90.2,
      82.0,
      0.0,
      112.0,
      79.4,
      81.9,
      84.4,
      82.4
    ],
    [
      30.0,
      27.5,
      30.5,
      30.2,
      35.6,
      29.9,
      32.7,
      29.9,
      29.2,
      34.6,
      30.7,
      41.1,
      21.9,
      30.7,
      112.0,
      0.0,
      33.2,
      30.2,
      52.6,
      30.7
    ],
    [
      4.2,
      5.6,
      4.7,
      4.3,
      7.2,
      3.4,
      1.6,
      3.3,
      4.1,
      11.2,
      2.8,
      19.9,
      11.3,
      2.7,
      79.4,
      33.2,
      0.0,
      3.4,
      26.5,
      3.1
    ],
    [
      2.6,
      3.4,
      3.2,
      2.7,
      6.8,
      1.8,
      2.7,
      0.8,
      1.5,
      9.4,
      1.7,
      17.9,
      8.3,
      1.5,
      81.9,
      30.2,
      3.4,
      0.0,
      28.2,
      1.8
    ],
    [
      30.3,
      30.2,
      30.8,
      30.4,
      33.5,
      29.4,
      25.9,
      28.7,
      29.6,
      37.2,
      28.9,
      46.6,
      39.3,
      28.8,
      84.4,
      52.6,
      26.5,
      28.2,
      0.0,
      29.3
    ],
    [
      1.1,
      4.9,
      1.7,
      1.3,
      5.6,
      0.65,
      3.9,
      1.0,
      1.6,
      8.3,
      0.4,
      17.1,
      8.8,
      0.5,
      82.4,
      30.7,
      3.1,
      1.8,
      29.3,
      0.0
    ]
  ],
  "walk_time_matrix": [
    [
      0.0,
      97.0,
      9.0,
      7.0,
      39.0,
      12.0,
      66.0,
      25.0,
      21.0,
      32.0,
      20.0,
      41.0,
      141.0,
      22.0,
      656.0,
      434.0,
      31.0,
      37.0,
      416.0,
      15.0
    ],
    [
      97.0,
      0.0,
      87.0,
      81.0,
      134.0,
      68.0,
      63.0,
      56.0,
      66.0,
      166.0,
      66.0,
      270.0,
      106.0,
      63.0,
      660.0,
      404.0,
      73.0,
      50.0,
      415.0,
      67.0
    ],
    [
      9.0,
      87.0,
      0.0,
      8.0,
      89.0,
      19.0,
      37.0,
      32.0,
      28.0,
      104.0,
      27.0,
      213.0,
      98.0,
      28.0,
      663.0,
      441.0,
      62.0,
      43.0,
      423.0,
      22.0
    ],
    [
      7.0,
      81.0,
      8.0,
      0.0,
      83.0,
      14.0,
      32.0,
      26.0,
      23.0,
      35.0,
      21.0,
      212.0,
      144.0,
      23.0,
      657.0,
      436.0,
      33.0,
      38.0,
      417.0,
      16.0
    ],
    [
      39.0,
      134.0,
      89.0,
      83.0,
      0.0,
      80.0,
      108.0,
      85.0,
      94.0,
      175.0,
      69.0,
      284.0,
      215.0,
      71.0,
      693.0,
      509.0,
      92.0,
      92.0,
      457.0,
      27.0
    ],
    [
      12.0,
      68.0,
      19.0,
      14.0,
      80.0,
      0.0,
      54.0,
      13.0,
      17.0,
      23.0,
      11.0,
      208.0,
      139.0,
      12.0,
      645.0,
      432.0,
      44.0,
      19.0,
      403.0,
      8.0
    ],
    [
      66.0,
      63.0,
      37.0,
      32.0,
      108.0,
      54.0,
      0.0,
      42.0,
      52.0,
      152.0,
      47.0,
      45.0,
      171.0,
      46.0,
      603.0,
      466.0,
      22.0,
      36.0,
      358.0,
      51.0
    ],
    [
      25.0,
      56.0,
      32.0,
      26.0,
      85.0,
      13.0,
      42.0,
      0.0,
      13.0,
      112.0,
      16.0,
      217.0,
      57.0,
      13.0,
      637.0,
      431.0,
      43.0,
      12.0,
      394.0,
      13.0
    ],
    [
      21.0,
      66.0,
      28.0,
      23.0,
      94.0,
      17.0,
      52.0,
      13.0,
      0.0,
      32.0,
      23.0,
      207.0,
      126.0,
      23.0,
      646.0,
      421.0,
      52.0,
      20.0,
      405.0,
      20.0
    ],
    [
      32.0,
      166.0,
      104.0,
      35.0,
      175.0,
      23.0,
      152.0,
      112.0,
      32.0,
      0.0,
      32.0,
      114.0,
      224.0,
      29.0,
      745.0,
      493.0,
      145.0,
      123.0,
      77.0,
      29.0
    ],
    [
      20.0,
      66.0,
      27.0,
      21.0,
      69.0,
      11.0,
      47.0,
      16.0,
      23.0,
      32.0,
      0.0,
      218.0,
      147.0,
      3.0,
      638.0,
      443.0,
      37.0,
      24.0,
      399.0,
      5.0
    ],
    [
      41.0,
      270.0,
      213.0,
      212.0,
      284.0,
      208.0,
      45.0,
      217.0,
      207.0,
      114.0,
      218.0,
      0.0,
      319.0,
      39.0,
      850.0,
      570.0,
      48.0,
      46.0,
      607.0,
      215.0
    ],
    [
      141.0,
      106.0,
      98.0,
      144.0,
      215.0,
      139.0,
      171.0,
      57.0,
      126.0,
      224.0,
      147.0,
      319.0,
      0.0,
      130.0,
      753.0,
      313.0,
      160.0,
      122.0,
      498.0,
      127.0
    ],
    [
      22.0,
      63.0,
      28.0,
      23.0,
      71.0,
      12.0,
      46.0,
      13.0,
      23.0,
      29.0,
      3.0,
      39.0,
      130.0,
      0.0,
      636.0,
      442.0,
      35.0,
      21.0,
      58.0,
      6.0
    ],
    [
      656.0,
      660.0,
      663.0,
      657.0,
      693.0,
      645.0,
      603.0,
      637.0,
      646.0,
      745.0,
      638.0,
      850.0,
      753.0,
      636.0,
      0.0,
      1056.0,
      593.0,
      626.0,
      684.0,
      631.0
    ],
    [
      434.0,
      404.0,
      441.0,
      436.0,
      509.0,
      432.0,
      466.0,
      431.0,
      421.0,
      493.0,
      443.0,
      570.0,
      313.0,
      442.0,
      1056.0,
      0.0,
      421.0,
      383.0,
      57.0,
      388.0
    ],
    [
      31.0,
      73.0,
      62.0,
      33.0,
      92.0,
      44.0,
      22.0,
      43.0,
      52.0,
      145.0,
      37.0,
      48.0,
      160.0,
      35.0,
      593.0,
      421.0,
      0.0,
      46.0,
      66.0,
      40.0
    ],
    [
      37.0,
      50.0,
      43.0,
      38.0,
      92.0,
      19.0,
      36.0,
      12.0,
      20.0,
      123.0,
      24.0,
      46.0,
      122.0,
      21.0,
      626.0,
      383.0,
      46.0,
      0.0,
      387.0,
      22.0
    ],
    [
      416.0,
      415.0,
      423.0,
      417.0,
      457.0,
      403.0,
      358.0,
      394.0,
      405.0,
      77.0,
      399.0,
      607.0,
      498.0,
      58.0,
      684.0,
      57.0,
      66.0,
      387.0,
      0.0,
      58.0
    ],
    [
      15.0,
      67.0,
      22.0,
      16.0,
      27.0,
      8.0,
      51.0,
      13.0,
      20.0,
      29.0,
      5.0,
      215.0,
      127.0,
      6.0,
      631.0,
      388.0,
      40.0,
      22.0,
      58.0,
      0.0
    ]
  ],
  "cycle_dist_matrix": [
    [
      0.0,
      6.2,
      0.75,
      0.55,
      6.6,
      0.9,
      5.7,
      2.2,
      1.5,
      9.2,
      1.6,
      17.1,
      8.9,
      1.6,
      86.6,
      17.1,
      4.8,
      2.9,
      31.3,
      1.1
    ],
    [
      6.2,
      0.0,
      7.5,
      6.9,
      11.1,
      6.0,
      5.0,
      5.0,
      5.6,
      12.6,
      5.7,
      23.4,
      6.8,
      5.4,
      86.5,
      12.8,
      5.6,
      4.6,
      22.0,
      6.1
    ],
    [
      0.75,
      7.5,
      0.0,
      0.65,
      7.3,
      1.6,
      6.4,
      2.9,
      2.2,
      9.9,
      2.3,
      17.8,
      9.6,
      2.3,
      87.3,
      17.8,
      4.7,
      3.6,
      30.8,
      1.8
    ],
    [
      0.55,
      6.9,
      0.65,
      0.0,
      6.8,
      1.1,
      5.9,
      2.4,
      1.7,
      9.8,
      1.8,
      17.6,
      9.1,
      1.8,
      86.8,
      17.3,
      5.0,
      3.1,
      30.4,
      1.3
    ],
    [
      6.6,
      11.1,
      7.3,
      6.8,
      0.0,
      6.4,
      9.1,
      7.2,
      7.8,
      15.7,
      5.2,
      23.5,
      15.2,
      6.3,
      89.5,
      20.5,
      7.6,
      6.8,
      33.5,
      5.6
    ],
    [
      0.9,
      6.0,
      1.6,
      1.1,
      6.4,
      0.0,
      4.8,
      0.95,
      1.4,
      10.2,
      0.85,
      17.5,
      8.8,
      1.0,
      86.4,
      29.9,
      4.5,
      2.0,
      31.6,
      0.85
    ],
    [
      5.7,
      5.0,
      6.4,
      5.9,
      9.1,
      4.8,
      0.0,
      3.3,
      4.7,
      15.1,
      4.3,
      22.4,
      11.8,
      4.1,
      82.2,
      32.7,
      1.9,
      3.6,
      25.9,
      5.0
    ],
    [
      2.2,
      5.0,
      2.9,
      2.4,
      7.2,
      0.95,
      3.3,
      0.0,
      1.2,
      11.4,
      1.6,
      18.7,
      8.4,
      1.5,
      85.2,
      15.1,
      3.5,
      0.85,
      32.1,
      1.4
    ],
    [
      1.5,
      5.6,
      2.2,
      1.7,
      7.8,
      1.4,
      4.7,
      1.2,
      0.0,
      10.6,
      1.9,
      17.8,
      7.6,
      1.9,
      85.9,
      15.8,
      5.6,
      1.6,
      24.7,
      1.7
    ],
    [
      9.2,
      12.6,
      9.9,
      9.8,
      15.7,
      10.2,
      15.1,
      11.4,
      10.6,
      0.0,
      10.5,
      9.4,
      21.8,
      10.6,
      95.9,
      26.4,
      14.1,
      12.2,
      32.2,
      10.4
    ],
    [
      1.6,
      5.7,
      2.3,
      1.8,
      5.2,
      0.85,
      4.3,
      1.6,
      1.9,
      10.5,
      0.0,
      18.0,
      9.5,
      0.29,
      86.2,
      16.0,
      4.3,
      1.7,
      28.9,
      0.4
    ],
    [
      17.1,
      23.4,
      17.8,
      17.6,
      23.5,
      17.5,
      22.4,
      18.7,
      17.8,
      9.4,
      18.0,
      0.0,
      25.9,
      18.9,
      104.0,
      33.7,
      22.4,
      19.5,
      36.2,
      18.7
    ],
    [
      8.9,
      6.8,
      9.6,
      9.1,
      15.2,
      8.8,
      11.8,
      8.4,
      7.6,
      21.8,
      9.5,
      25.9,
      0.0,
      11.7,
      93.5,
      12.9,
      16.1,
      9.2,
      15.4,
      11.6
    ],
    [
      1.6,
      5.4,
      2.3,
      1.8,
      6.3,
      1.0,
      4.1,
      1.5,
      1.9,
      10.6,
      0.29,
      18.9,
      11.7,
      0.0,
      84.8,
      15.8,
      2.9,
      1.5,
      28.8,
      0.5
    ],
    [
      86.6,
      86.5,
      87.3,
      86.8,
      89.5,
      86.4,
      82.2,
      85.2,
      85.9,
      95.9,
      86.2,
      104.0,
      93.5,
      84.8,
      0.0,
      97.7,
      82.3,
      85.5,
      88.6,
      85.1
    ],
    [
      17.1,
      12.8,
      17.8,
      17.3,
      20.5,
      29.9,
      32.7,
      15.1,
      15.8,
      26.4,
      16.0,
      33.7,
      12.9,
      15.8,
      97.7,
      0.0,
      14.6,
      16.7,
      52.6,
      18.1
    ],
    [
      4.8,
      5.6,
      4.7,
      5.0,
      7.6,
      4.5,
      1.9,
      3.5,
      5.6,
      14.1,
      4.3,
      22.4,
      16.1,
      2.9,
      82.3,
      14.6,
      0.0,
      3.8,
      34.8,
      3.0
    ],
    [
      2.9,
      4.6,
      3.6,
      3.1,
      6.8,
      2.0,
      3.6,
      0.85,
      1.6,
      12.2,
      1.7,
      19.5,
      9.2,
      1.5,
      85.5,
      16.7,
      3.8,
      0.0,
      28.2,
      2.0
    ],
    [
      31.3,
      22.0,
      30.8,
      30.4,
      33.5,
      31.6,
      25.9,
      32.1,
      24.7,
      32.2,
      28.9,
      36.2,
      15.4,
      28.8,
      88.6,
      52.6,
      34.8,
      28.2,
      0.0,
      26.5
    ],
    [
      1.1,
      6.1,
      1.8,
      1.3,
      5.6,
      0.85,
      5.0,
      1.4,
      1.7,
      10.4,
      0.4,
      18.7,
      11.6,
      0.5,
      85.1,
      18.1,
      3.0,
      2.0,
      26.5,
      0.0
    ]
  ],
  "cycle_time_matrix": [
    [
      0.0,
      53.0,
      3.0,
      7.0,
      31.0,
      5.0,
      29.0,
      11.0,
      13.0,
      35.0,
      8.0,
      67.0,
      71.0,
      7.0,
      264.0,
      129.0,
      22.0,
      17.0,
      155.0,
      6.0
    ],
    [
      53.0,
      0.0,
      35.0,
      32.0,
      52.0,
      28.0,
      24.0,
      23.0,
      28.0,
      166.0,
      27.0,
      95.0,
      53.0,
      27.0,
      263.0,
      96.0,
      73.0,
      23.0,
      130.0,
      27.0
    ],
    [
      3.0,
      35.0,
      0.0,
      8.0,
      34.0,
      7.0,
      31.0,
      14.0,
      15.0,
      38.0,
      11.0,
      69.0,
      73.0,
      10.0,
      266.0,
      132.0,
      62.0,
      19.0,
      423.0,
      8.0
    ],
    [
      7.0,
      32.0,
      8.0,
      0.0,
      32.0,
      6.0,
      30.0,
      12.0,
      14.0,
      38.0,
      9.0,
      69.0,
      72.0,
      8.0,
      264.0,
      130.0,
      23.0,
      18.0,
      417.0,
      6.0
    ],
    [
      31.0,
      52.0,
      34.0,
      32.0,
      0.0,
      32.0,
      43.0,
      34.0,
      41.0,
      67.0,
      69.0,
      98.0,
      100.0,
      31.0,
      277.0,
      144.0,
      35.0,
      92.0,
      457.0,
      73.0
    ],
    [
      5.0,
      28.0,
      7.0,
      6.0,
      32.0,
      0.0,
      24.0,
      13.0,
      11.0,
      39.0,
      4.0,
      68.0,
      69.0,
      4.0,
      262.0,
      432.0,
      21.0,
      12.0,
      156.0,
      4.0
    ],
    [
      29.0,
      24.0,
      31.0,
      30.0,
      43.0,
      24.0,
      0.0,
      42.0,
      24.0,
      62.0,
      21.0,
      90.0,
      81.0,
      21.0,
      245.0,
      466.0,
      12.0,
      19.0,
      358.0,
      22.0
    ],
    [
      11.0,
      23.0,
      14.0,
      12.0,
      34.0,
      13.0,
      42.0,
      0.0,
      8.0,
      44.0,
      6.0,
      73.0,
      65.0,
      6.0,
      637.0,
      119.0,
      15.0,
      6.0,
      158.0,
      5.0
    ],
    [
      13.0,
      28.0,
      15.0,
      14.0,
      41.0,
      11.0,
      24.0,
      8.0,
      0.0,
      44.0,
      10.0,
      71.0,
      63.0,
      10.0,
      261.0,
      122.0,
      27.0,
      10.0,
      140.0,
      9.0
    ],
    [
      35.0,
      166.0,
      38.0,
      38.0,
      67.0,
      39.0,
      62.0,
      44.0,
      44.0,
      0.0,
      43.0,
      34.0,
      110.0,
      43.0,
      300.0,
      165.0,
      59.0,
      53.0,
      156.0,
      42.0
    ],
    [
      8.0,
      27.0,
      11.0,
      9.0,
      69.0,
      4.0,
      21.0,
      6.0,
      10.0,
      43.0,
      0.0,
      71.0,
      71.0,
      1.0,
      260.0,
      124.0,
      19.0,
      24.0,
      399.0,
      1.0
    ],
    [
      67.0,
      95.0,
      69.0,
      69.0,
      98.0,
      68.0,
      90.0,
      73.0,
      71.0,
      34.0,
      71.0,
      0.0,
      129.0,
      76.0,
      333.0,
      193.0,
      92.0,
      80.0,
      174.0,
      75.0
    ],
    [
      71.0,
      53.0,
      73.0,
      72.0,
      100.0,
      69.0,
      81.0,
      65.0,
      63.0,
      110.0,
      71.0,
      129.0,
      0.0,
      39.0,
      289.0,
      77.0,
      57.0,
      38.0,
      75.0,
      38.0
    ],
    [
      7.0,
      27.0,
      10.0,
      8.0,
      31.0,
      4.0,
      21.0,
      6.0,
      10.0,
      43.0,
      1.0,
      76.0,
      39.0,
      0.0,
      257.0,
      123.0,
      35.0,
      12.0,
      396.0,
      1.0
    ],
    [
      264.0,
      263.0,
      266.0,
      264.0,
      277.0,
      262.0,
      245.0,
      637.0,
      261.0,
      300.0,
      260.0,
      333.0,
      289.0,
      257.0,
      0.0,
      354.0,
      232.0,
      248.0,
      292.0,
      245.0
    ],
    [
      129.0,
      96.0,
      132.0,
      130.0,
      144.0,
      432.0,
      466.0,
      119.0,
      122.0,
      165.0,
      124.0,
      193.0,
      77.0,
      123.0,
      354.0,
      0.0,
      50.0,
      59.0,
      670.0,
      62.0
    ],
    [
      22.0,
      73.0,
      62.0,
      23.0,
      35.0,
      21.0,
      12.0,
      15.0,
      27.0,
      59.0,
      19.0,
      92.0,
      57.0,
      35.0,
      232.0,
      50.0,
      0.0,
      20.0,
      162.0,
      13.0
    ],
    [
      17.0,
      23.0,
      19.0,
      18.0,
      92.0,
      12.0,
      19.0,
      6.0,
      10.0,
      53.0,
      24.0,
      80.0,
      38.0,
      12.0,
      248.0,
      59.0,
      20.0,
      0.0,
      387.0,
      8.0
    ],
    [
      155.0,
      130.0,
