{
  "drive_dist_matrix": [
    [
      0.0,
      2.9,
      1.6,
      0.35,
      8.8,
      2.6,
      3.8,
      2.1,
      6.2,
      6.2,
      2.6,
      6.5,
      10.9,
      0.4,
      13.6,
      0.9,
      1.7,
      2.7,
      1.1,
      25.6
    ],
    [
      2.9,
      0.0,
      2.9,
      2.8,
      8.9,
      0.7,
      2.4,
      4.1,
      6.2,
      6.3,
      0.75,
      4.7,
      9.4,
      3.5,
      13.6,
      2.8,
      2.1,
      6.1,
      3.0,
      28.4
    ],
    [
      1.6,
      2.9,
      0.0,
      2.6,
      9.9,
      3.0,
      5.0,
      3.6,
      7.3,
      7.4,
      3.0,
      7.7,
      12.3,
      1.2,
      14.7,
      2.3,
      0.4,
      4.0,
      1.5,
      26.3
    ],
    [
      0.35,
      2.8,
      2.6,
      0.0,
      8.5,
      1.1,
      4.2,
      2.5,
      5.9,
      5.9,
      1.1,
      6.9,
      10.6,
      0.75,
      13.3,
      0.26,
      1.4,
      3.1,
      0.7,
      26.0
    ],
    [
      8.8,
      8.9,
      9.9,
      8.5,
      0.0,
      8.2,
      11.3,
      11.3,
      2.7,
      2.7,
      8.2,
      13.1,
      15.4,
      9.3,
      11.3,
      8.1,
      9.0,
      11.7,
      8.6,
      34.0
    ],
    [
      2.6,
      0.7,
      3.0,
      1.1,
      8.2,
      0.0,
      2.6,
      3.6,
      5.8,
      5.8,
      0.11,
      4.5,
      10.7,
      2.0,
      13.1,
      1.1,
      1.3,
      4.0,
      0.4,
      26.3
    ],
    [
      3.8,
      2.4,
      5.0,
      4.2,
      11.3,
      2.6,
      0.0,
      1.7,
      8.7,
      8.8,
      1.9,
      2.7,
      6.9,
      3.8,
      15.6,
      3.0,
      2.9,
      4.2,
      2.8,
      26.5
    ],
    [
      2.1,
      4.1,
      3.6,
      2.5,
      11.3,
      3.6,
      1.7,
      0.0,
      8.5,
      8.5,
      3.6,
      4.4,
      8.6,
      2.1,
      17.3,
      3.2,
      2.3,
      2.5,
      3.0,
      24.8
    ],
    [
      6.2,
      6.2,
      7.3,
      5.9,
      2.7,
      5.8,
      8.7,
      8.5,
      0.0,
      0.032,
      6.0,
      10.9,
      13.2,
      7.1,
      9.1,
      5.9,
      6.8,
      9.4,
      6.4,
      31.8
    ],
    [
      6.2,
      6.3,
      7.4,
      5.9,
      2.7,
      5.8,
      8.8,
      8.5,
      0.032,
      0.0,
      6.0,
      10.9,
      13.2,
      7.0,
      9.1,
      5.9,
      6.7,
      9.4,
      6.4,
      31.7
    ],
    [
      2.6,
      0.75,
      3.0,
      1.1,
      8.2,
      0.11,
      1.9,
      3.6,
      6.0,
      6.0,
      0.0,
      4.5,
      10.7,
      1.9,
      13.1,
      1.0,
      1.3,
      3.9,
      0.4,
      26.3
    ],
    [
      6.5,
      4.7,
      7.7,
      6.9,
      13.1,
      4.5,
      2.7,
      4.4,
      10.9,
      10.9,
      4.5,
      0.0,
      8.2,
      6.2,
      17.5,
      4.9,
      4.8,
      6.6,
      4.7,
      28.9
    ],
    [
      10.9,
      9.4,
      12.3,
      10.6,
      15.4,
      10.7,
      6.9,
      8.6,
      13.2,
      13.2,
      10.7,
      8.2,
      0.0,
      10.6,
      20.1,
      9.9,
      11.3,
      12.4,
      10.9,
      31.4
    ],
    [
      0.4,
      3.5,
      1.2,
      0.75,
      9.3,
      2.0,
      3.8,
      2.1,
      7.1,
      7.0,
      1.9,
      6.2,
      10.6,
      0.0,
      13.9,
      1.2,
      1.4,
      2.2,
      1.9,
      25.3
    ],
    [
      13.6,
      13.6,
      14.7,
      13.3,
      11.3,
      13.1,
      15.6,
      17.3,
      9.1,
      9.1,
      13.1,
      17.5,
      20.1,
      13.9,
      0.0,
      13.4,
      14.3,
      16.8,
      13.9,
      42.5
    ],
    [
      0.9,
      2.8,
      2.3,
      0.26,
      8.1,
      1.1,
      3.0,
      3.2,
      5.9,
      5.9,
      1.0,
      4.9,
      9.9,
      1.2,
      13.4,
      0.0,
      1.6,
      3.8,
      1.0,
      28.4
    ],
    [
      1.7,
      2.1,
      0.4,
      1.4,
      9.0,
      1.3,
      2.9,
      2.3,
      6.8,
      6.7,
      1.3,
      4.8,
      11.3,
      1.4,
      14.3,
      1.6,
      0.0,
      3.1,
      0.65,
      25.5
    ],
    [
      2.7,
      6.1,
      4.0,
      3.1,
      11.7,
      4.0,
      4.2,
      2.5,
      9.4,
      9.4,
      3.9,
      6.6,
      12.4,
      2.2,
      16.8,
      3.8,
      3.1,
      0.0,
      6.0,
      24.1
    ],
    [
      1.1,
      3.0,
      1.5,
      0.7,
      8.6,
      0.4,
      2.8,
      3.0,
      6.4,
      6.4,
      0.4,
      4.7,
      10.9,
      1.9,
      13.9,
      1.0,
      0.65,
      6.0,
      0.0,
      26.3
    ],
    [
      25.6,
      28.4,
      26.3,
      26.0,
      34.0,
      26.3,
      26.5,
      24.8,
      31.8,
      31.7,
      26.3,
      28.9,
      31.4,
      25.3,
      42.5,
      28.4,
      25.5,
      24.1,
      26.3,
      0.0
    ]
  ],
  "drive_time_matrix": [
    [
      0.0,
      7.0,
      20.0,
      4.0,
      14.0,
      6.0,
      7.0,
      5.0,
      11.0,
      11.0,
      6.0,
      14.0,
      16.0,
      5.0,
      17.0,
      3.0,
      21.0,
      6.0,
      14.0,
      23.0
    ],
    [
      7.0,
      0.0,
      9.0,
      5.0,
      12.0,
      8.0,
      5.0,
      7.0,
      9.0,
      9.0,
      8.0,
      12.0,
      13.0,
      7.0,
      15.0,
      5.0,
      6.0,
      10.0,
      5.0,
      24.0
    ],
    [
      20.0,
      9.0,
      0.0,
      10.0,
      15.0,
      7.0,
      9.0,
      8.0,
      12.0,
      12.0,
      7.0,
      16.0,
      18.0,
      15.0,
      18.0,
      8.0,
      5.0,
      9.0,
      6.0,
      23.0
    ],
    [
      4.0,
      5.0,
      10.0,
      0.0,
      13.0,
      14.0,
      8.0,
      6.0,
      10.0,
      10.0,
      14.0,
      15.0,
      16.0,
      9.0,
      16.0,
      3.0,
      17.0,
      7.0,
      9.0,
      24.0
    ],
    [
      14.0,
      12.0,
      15.0,
      13.0,
      0.0,
      14.0,
      16.0,
      17.0,
      5.0,
      5.0,
      14.0,
      24.0,
      20.0,
      16.0,
      13.0,
      14.0,
      14.0,
      19.0,
      14.0,
      33.0
    ],
    [
      6.0,
      8.0,
      7.0,
      14.0,
      14.0,
      0.0,
      5.0,
      5.0,
      8.0,
      8.0,
      1.0,
      13.0,
      14.0,
      6.0,
      14.0,
      12.0,
      4.0,
      7.0,
      5.0,
      21.0
    ],
    [
      7.0,
      5.0,
      9.0,
      8.0,
      16.0,
      5.0,
      0.0,
      2.0,
      12.0,
      12.0,
      4.0,
      6.0,
      12.0,
      7.0,
      17.0,
      7.0,
      7.0,
      7.0,
      7.0,
      22.0
    ],
    [
      5.0,
      7.0,
      8.0,
      6.0,
      17.0,
      5.0,
      2.0,
      0.0,
      11.0,
      11.0,
      5.0,
      9.0,
      14.0,
      5.0,
      18.0,
      8.0,
      29.0,
      5.0,
      5.0,
      20.0
    ],
    [
      11.0,
      9.0,
      12.0,
      10.0,
      5.0,
      8.0,
      12.0,
      11.0,
      0.0,
      1.0,
      12.0,
      22.0,
      18.0,
      14.0,
      11.0,
      11.0,
      12.0,
      16.0,
      12.0,
      31.0
    ],
    [
      11.0,
      9.0,
      12.0,
      10.0,
      5.0,
      8.0,
      12.0,
      11.0,
      1.0,
      0.0,
      12.0,
      21.0,
      18.0,
      14.0,
      11.0,
      11.0,
      12.0,
      16.0,
      12.0,
      30.0
    ],
    [
      6.0,
      8.0,
      7.0,
      14.0,
      14.0,
      1.0,
      4.0,
      5.0,
      12.0,
      12.0,
      0.0,
      13.0,
      14.0,
      6.0,
      14.0,
      13.0,
      3.0,
      7.0,
      5.0,
      21.0
    ],
    [
      14.0,
      12.0,
      16.0,
      15.0,
      24.0,
      13.0,
      6.0,
      9.0,
      22.0,
      21.0,
      13.0,
      0.0,
      14.0,
      12.0,
      22.0,
      12.0,
      12.0,
      12.0,
      12.0,
      27.0
    ],
    [
      16.0,
      13.0,
      18.0,
      16.0,
      20.0,
      14.0,
      12.0,
      14.0,
      18.0,
      18.0,
      14.0,
      14.0,
      0.0,
      16.0,
      22.0,
      14.0,
      15.0,
      15.0,
      15.0,
      27.0
    ],
    [
      5.0,
      7.0,
      15.0,
      9.0,
      16.0,
      6.0,
      7.0,
      5.0,
      14.0,
      14.0,
      6.0,
      12.0,
      16.0,
      0.0,
      18.0,
      4.0,
      18.0,
      5.0,
      5.0,
      22.0
    ],
    [
      17.0,
      15.0,
      18.0,
      16.0,
      13.0,
      14.0,
      17.0,
      18.0,
      11.0,
      11.0,
      14.0,
      22.0,
      22.0,
      18.0,
      0.0,
      18.0,
      19.0,
      22.0,
      18.0,
      36.0
    ],
    [
      3.0,
      5.0,
      8.0,
      3.0,
      14.0,
      12.0,
      7.0,
      8.0,
      11.0,
      11.0,
      13.0,
      12.0,
      14.0,
      4.0,
      18.0,
      0.0,
      21.0,
      8.0,
      13.0,
      24.0
    ],
    [
      21.0,
      6.0,
      5.0,
      17.0,
      14.0,
      4.0,
      7.0,
      29.0,
      12.0,
      12.0,
      3.0,
      12.0,
      15.0,
      18.0,
      19.0,
      21.0,
      0.0,
      6.0,
      9.0,
      21.0
    ],
    [
      6.0,
      10.0,
      9.0,
      7.0,
      19.0,
      7.0,
      7.0,
      5.0,
      16.0,
      16.0,
      7.0,
      12.0,
      15.0,
      5.0,
      22.0,
      8.0,
      6.0,
      0.0,
      9.0,
      23.0
    ],
    [
      14.0,
      5.0,
      6.0,
      9.0,
      14.0,
      5.0,
      7.0,
      5.0,
      12.0,
      12.0,
      5.0,
      12.0,
      15.0,
      5.0,
      18.0,
      13.0,
      9.0,
      9.0,
      0.0,
      21.0
    ],
    [
      23.0,
      24.0,
      23.0,
      24.0,
      33.0,
      21.0,
      22.0,
      20.0,
      31.0,
      30.0,
      21.0,
      27.0,
      27.0,
      22.0,
      36.0,
      24.0,
      21.0,
      23.0,
      21.0,
      0.0
    ]
  ],
  "transit_dist_walk_matrix": [
    [
      0.0,
      1.41661,
      NaN,
      NaN,
      NaN,
      NaN,
      1.74993,
      NaN,
      1.16662,
      1.16662,
      NaN,
      0.74997,
      1.16662,
      NaN,
      0.74997,
      NaN,
      NaN,
      0.99996,
      NaN,
      1.91659
    ],
    [
      1.41661,
      0.0,
      NaN,
      NaN,
      3.58319,
      NaN,
      1.99992,
      2.16658,
      1.33328,
      1.33328,
      NaN,
      NaN,
      2.08325,
      1.16662,
      0.58331,
      NaN,
      NaN,
      1.33328,
      NaN,
      1.8332600000000001
    ],
    [
      NaN,
      NaN,
      0.0,
      NaN,
      NaN,
      NaN,
      NaN,
      NaN,
      2.33324,
      2.33324,
      NaN,
      1.49994,
      1.91659,
      NaN,
      0.58331,
      NaN,
      NaN,
      1.91659,
      NaN,
      2.41657
    ],
    [
      NaN,
      NaN,
      NaN,
      0.0,
      4.91647,
      NaN,
      1.49994,
      NaN,
      0.99996,
      0.99996,
      NaN,
      0.41665,
      0.8333,
      NaN,
      0.41665,
      NaN,
      NaN,
      0.74997,
      NaN,
      1.58327
    ],
    [
      NaN,
      3.58319,
      NaN,
      4.91647,
      0.0,
      3.3332,
      4.58315,
      3.91651,
      NaN,
      NaN,
      3.49986,
      3.49986,
      3.83318,
      3.83318,
      2.66656,
      4.24983,
      3.91651,
      4.08317,
      3.6665200000000002,
      4.08317
    ],
    [
      NaN,
      NaN,
      NaN,
      NaN,
      3.3332,
      0.0,
      1.8332600000000001,
      1.8332600000000001,
      1.2499500000000001,
      1.2499500000000001,
      NaN,
      0.24999,
      0.66664,
      0.74997,
      0.24999,
      NaN,
      NaN,
      0.9166300000000001,
      NaN,
      1.6666
    ],
    [
      1.74993,
      1.99992,
      NaN,
      1.49994,
      4.58315,
      1.8332600000000001,
      0.0,
      NaN,
      1.74993,
      1.74993,
      1.58327,
      NaN,
      3.49986,
      1.41661,
      0.74997,
      1.6666,
      NaN,
      1.58327,
      1.99992,
      1.8332600000000001
    ],
    [
      NaN,
      2.16658,
      NaN,
      NaN,
      3.91651,
      1.8332600000000001,
      NaN,
      0.0,
      2.16658,
      2.16658,
      1.58327,
      1.49994,
      2.16658,
      NaN,
      0.8333,
      NaN,
      NaN,
      NaN,
      1.49994,
      2.74989
    ],
    [
      1.16662,
      1.33328,
      2.33324,
      0.99996,
      NaN,
      1.2499500000000001,
      1.74993,
      2.16658,
      0.0,
      NaN,
      0.58331,
      0.49998,
      1.74993,
      0.58331,
      0.24999,
      0.66664,
      1.41661,
      0.9166300000000001,
      0.8333,
      1.49994
    ],
    [
      1.16662,
      1.33328,
      2.33324,
      0.99996,
      NaN,
      1.2499500000000001,
      1.74993,
      2.16658,
      NaN,
      0.0,
      0.58331,
      0.49998,
      1.74993,
      0.58331,
      0.24999,
      0.66664,
      1.41661,
      0.9166300000000001,
      0.8333,
      1.49994
    ],
    [
      NaN,
      NaN,
      NaN,
      NaN,
      3.49986,
      NaN,
      1.58327,
      1.58327,
      0.58331,
      0.58331,
      0.0,
      0.33332,
      0.74997,
      0.74997,
      0.41665,
      NaN,
      NaN,
      0.9166300000000001,
      NaN,
      1.58327
    ],
    [
      0.74997,
      NaN,
      1.49994,
      0.41665,
      3.49986,
      0.24999,
      NaN,
      1.49994,
      0.49998,
      0.49998,
      0.33332,
      0.0,
      NaN,
      NaN,
      0.24999,
      0.74997,
      1.16662,
      NaN,
      0.58331,
      1.49994
    ],
    [
      1.16662,
      2.08325,
      1.91659,
      0.8333,
      3.83318,
      0.66664,
      3.49986,
      2.16658,
      1.74993,
      1.74993,
      0.74997,
      NaN,
      0.0,
      0.99996,
      0.66664,
      1.08329,
      1.49994,
      1.2499500000000001,
      0.9166300000000001,
      1.8332600000000001
    ],
    [
      NaN,
      1.16662,
      NaN,
      NaN,
      3.83318,
      0.74997,
      1.41661,
      NaN,
      0.58331,
      0.58331,
      0.74997,
      NaN,
      0.99996,
      0.0,
      0.58331,
      NaN,
      NaN,
      NaN,
      NaN,
      1.6666
    ],
    [
      0.74997,
      0.58331,
      0.58331,
      0.41665,
      2.66656,
      0.24999,
      0.74997,
      0.8333,
      0.24999,
      0.24999,
      0.41665,
      0.24999,
      0.66664,
      0.58331,
      0.0,
      1.6666,
      1.16662,
      1.33328,
      1.08329,
      2.58323
    ],
    [
      NaN,
      NaN,
      NaN,
      NaN,
      4.24983,
      NaN,
      1.6666,
      NaN,
      0.66664,
      0.66664,
      NaN,
      0.74997,
      1.08329,
      NaN,
      1.6666,
      0.0,
      NaN,
      0.99996,
      NaN,
      1.8332600000000001
    ],
    [
      NaN,
      NaN,
      NaN,
      NaN,
      3.91651,
      NaN,
      NaN,
      NaN,
      1.41661,
      1.41661,
      NaN,
      1.16662,
      1.49994,
      NaN,
      1.16662,
      NaN,
      0.0,
      1.91659,
      NaN,
      1.99992
    ],
    [
      0.99996,
      1.33328,
      1.91659,
      0.74997,
      4.08317,
      0.9166300000000001,
      1.58327,
      NaN,
      0.9166300000000001,
      0.9166300000000001,
      0.9166300000000001,
      NaN,
      1.2499500000000001,
      NaN,
      1.33328,
      0.99996,
      1.91659,
      0.0,
      0.99996,
      1.58327
    ],
    [
      NaN,
      NaN,
      NaN,
      NaN,
      3.6665200000000002,
      NaN,
      1.99992,
      1.49994,
      0.8333,
      0.8333,
      NaN,
      0.58331,
      0.9166300000000001,
      NaN,
      1.08329,
      NaN,
      NaN,
      0.99996,
      0.0,
      1.49994
    ],
    [
      1.91659,
      1.8332600000000001,
      2.41657,
      1.58327,
      4.08317,
      1.6666,
      1.8332600000000001,
      2.74989,
      1.49994,
      1.49994,
      1.58327,
      1.49994,
      1.8332600000000001,
      1.6666,
      2.58323,
      1.8332600000000001,
      1.99992,
      1.58327,
      1.49994,
      0.0
    ]
  ],
  "transit_time_matrix": [
    [
      0.0,
      7.0,
      NaN,
      NaN,
      0.0,
      0.0,
      7.0,
      NaN,
      66.0,
      11.0,
      0.0,
      14.0,
      60.0,
      NaN,
      17.0,
      NaN,
      NaN,
      6.0,
      0.0,
      82.0
    ],
    [
      7.0,
      0.0,
      NaN,
      0.0,
      86.0,
      NaN,
      26.0,
      7.0,
      43.0,
      43.0,
      NaN,
      0.0,
      13.0,
      7.0,
      15.0,
      0.0,
      NaN,
      29.0,
      NaN,
      89.0
    ],
    [
      NaN,
      NaN,
      0.0,
      NaN,
      0.0,
      NaN,
      0.0,
      NaN,
      56.0,
      56.0,
      NaN,
      37.0,
      66.0,
      NaN,
      69.0,
      NaN,
      NaN,
      9.0,
      NaN,
      98.0
    ],
    [
      NaN,
      0.0,
      NaN,
      0.0,
      114.0,
      0.0,
      8.0,
      0.0,
      65.0,
      65.0,
      0.0,
      27.0,
      56.0,
      NaN,
      56.0,
      NaN,
      0.0,
      14.0,
      NaN,
      78.0
    ],
    [
      0.0,
      86.0,
      0.0,
      114.0,
      0.0,
      61.0,
      80.0,
      97.0,
      NaN,
      NaN,
      63.0,
      100.0,
      20.0,
      78.0,
      78.0,
      70.0,
      14.0,
      83.0,
      65.0,
      160.0
    ],
    [
      0.0,
      NaN,
      NaN,
      0.0,
      61.0,
      0.0,
      5.0,
      32.0,
      43.0,
      43.0,
      NaN,
      13.0,
      14.0,
      19.0,
      42.0,
      0.0,
      NaN,
      7.0,
      NaN,
      83.0
    ],
    [
      7.0,
      26.0,
      0.0,
      8.0,
      80.0,
      5.0,
      0.0,
      NaN,
      12.0,
      53.0,
      4.0,
      0.0,
      63.0,
      31.0,
      17.0,
      7.0,
      0.0,
      7.0,
      27.0,
      97.0
    ],
    [
      NaN,
      7.0,
      NaN,
      0.0,
      97.0,
      32.0,
      NaN,
      0.0,
      60.0,
      60.0,
      29.0,
      9.0,
      58.0,
      0.0,
      18.0,
      NaN,
      0.0,
      NaN,
      23.0,
      87.0
    ],
    [
      66.0,
      43.0,
      56.0,
      65.0,
      NaN,
      43.0,
      12.0,
      60.0,
      0.0,
      NaN,
      37.0,
      74.0,
      79.0,
      49.0,
      46.0,
      12.0,
      47.0,
      57.0,
      40.0,
      131.0
    ],
    [
      11.0,
      43.0,
      56.0,
      65.0,
      NaN,
      43.0,
      53.0,
      60.0,
      NaN,
      0.0,
      37.0,
      74.0,
      18.0,
      49.0,
      46.0,
      42.0,
      47.0,
      57.0,
      40.0,
      131.0
    ],
    [
      0.0,
      NaN,
      NaN,
      0.0,
      63.0,
      NaN,
      4.0,
      29.0,
      37.0,
      37.0,
      0.0,
      23.0,
      52.0,
      19.0,
      44.0,
      NaN,
      NaN,
      24.0,
      NaN,
      82.0
    ],
    [
      14.0,
      0.0,
      37.0,
      27.0,
      100.0,
      13.0,
      0.0,
      9.0,
      74.0,
      74.0,
      23.0,
      0.0,
      0.0,
      0.0,
      78.0,
      27.0,
      12.0,
      0.0,
      22.0,
      105.0
    ],
    [
      60.0,
      13.0,
      66.0,
      56.0,
      20.0,
      14.0,
      63.0,
      58.0,
      79.0,
      18.0,
      52.0,
      0.0,
      0.0,
      16.0,
      111.0,
      51.0,
      53.0,
      64.0,
      46.0,
      27.0
    ],
    [
      NaN,
      7.0,
      NaN,
      NaN,
      78.0,
      19.0,
      31.0,
      0.0,
      49.0,
      49.0,
      19.0,
      0.0,
      16.0,
      0.0,
      18.0,
      NaN,
      0.0,
      0.0,
      0.0,
      76.0
    ],
    [
      17.0,
      15.0,
      69.0,
      56.0,
      78.0,
      42.0,
      17.0,
      18.0,
      46.0,
      46.0,
      44.0,
      78.0,
      111.0,
      18.0,
      0.0,
      55.0,
      53.0,
      22.0,
      51.0,
      135.0
    ],
    [
      NaN,
      0.0,
      NaN,
      NaN,
      70.0,
      0.0,
      7.0,
      NaN,
      12.0,
      42.0,
      NaN,
      27.0,
      51.0,
      NaN,
      55.0,
      0.0,
      0.0,
      17.0,
      0.0,
      81.0
    ],
    [
      NaN,
      NaN,
      NaN,
      0.0,
      14.0,
      NaN,
      0.0,
      0.0,
      47.0,
      47.0,
      NaN,
      12.0,
      53.0,
      0.0,
      53.0,
      0.0,
      0.0,
      28.0,
      NaN,
      93.0
    ],
    [
      6.0,
      29.0,
      9.0,
      14.0,
      83.0,
      7.0,
      7.0,
      NaN,
      57.0,
      57.0,
      24.0,
      0.0,
      64.0,
      0.0,
      22.0,
      17.0,
      28.0,
      0.0,
      17.0,
      98.0
    ],
    [
      0.0,
      NaN,
      NaN,
      NaN,
      65.0,
      NaN,
      27.0,
      23.0,
      40.0,
      40.0,
      NaN,
      22.0,
      46.0,
      0.0,
      51.0,
      0.0,
      NaN,
      17.0,
      0.0,
      81.0
    ],
    [
      82.0,
      89.0,
      98.0,
      78.0,
      160.0,
      83.0,
      97.0,
      87.0,
      131.0,
      131.0,
      82.0,
      105.0,
      27.0,
      76.0,
      135.0,
      81.0,
      93.0,
      98.0,
      81.0,
      0.0
    ]
  ],
  "walk_dist_matrix": [
    [
      0.0,
      2.2,
      1.6,
      0.35,
      8.4,
      1.5,
      3.3,
      1.8,
      6.1,
      6.1,
      1.5,
      4.1,
      9.2,
      0.4,
      12.1,
      0.65,
      1.7,
      2.5,
      1.1,
      24.5
    ],
    [
      2.2,
      0.0,
      2.0,
      1.8,
      8.2,
      0.7,
      2.2,
      2.7,
      5.9,
      5.9,
      0.75,
      4.0,
      8.0,
      2.6,
      12.2,
      1.8,
      1.7,
      4.6,
      1.1,
      26.7
    ],
    [
      1.6,
      2.0,
      0.0,
      1.5,
      8.9,
      1.4,
      2.7,
      2.1,
      6.7,
      6.7,
      1.4,
      4.2,
      8.5,
      1.2,
      12.8,
      1.6,
      0.4,
      2.8,
      1.1,
      24.8
    ],
    [
      0.35,
      1.8,
      1.5,
      0.0,
      8.1,
      1.1,
      2.9,
      2.2,
      5.8,
      5.8,
      1.1,
      4.7,
      8.8,
      0.75,
      11.8,
      0.26,
      1.4,
      2.8,
      0.7,
      24.9
    ],
    [
      8.4,
      8.2,
      8.9,
      8.1,
      0.0,
      7.8,
      9.5,
      10.0,
      2.7,
      2.6,
      7.8,
      11.4,
      15.3,
      8.8,
      7.4,
      8.0,
      8.5,
      9.9,
      7.9,
      31.2
    ],
    [
      1.5,
      0.7,
      1.4,
      1.1,
      7.8,
      0.0,
      1.9,
      2.2,
      5.5,
      5.5,
      0.11,
      3.7,
      7.8,
      1.9,
      11.8,
      1.1,
      1.0,
      3.9,
      0.4,
      25.9
    ],
    [
      3.3,
      2.2,
      2.7,
      2.9,
      9.5,
      1.9,
      0.0,
      1.8,
      7.3,
      7.3,
      1.9,
      2.6,
      6.8,
      3.2,
      13.5,
      3.0,
      2.4,
      3.8,
      2.1,
      25.2
    ],
    [
      1.8,
      2.7,
      2.1,
      2.2,
      10.0,
      2.2,
      1.8,
      0.0,
      7.8,
      7.8,
      2.4,
      2.8,
      8.6,
      1.5,
      13.7,
      2.4,
      2.3,
      2.4,
      2.8,
      24.0
    ],
    [
      6.1,
      5.9,
      6.7,
      5.8,
      2.7,
      5.5,
      7.3,
      7.8,
      0.0,
      0.032,
      5.5,
      9.1,
      13.1,
      6.5,
      8.7,
      5.7,
      6.3,
      7.7,
      5.6,
      29.6
    ],
    [
      6.1,
      5.9,
      6.7,
      5.8,
      2.6,
      5.5,
      7.3,
      7.8,
      0.032,
      0.0,
      5.5,
      9.1,
      13.1,
      6.5,
      8.7,
      5.7,
      6.3,
      7.7,
      5.6,
      29.6
    ],
    [
      1.5,
      0.75,
      1.4,
      1.1,
      7.8,
      0.11,
      1.9,
      2.4,
      5.5,
      5.5,
      0.0,
      3.8,
      7.8,
      1.9,
      11.7,
      1.0,
      1.0,
      3.8,
      0.4,
      25.9
    ],
    [
      4.1,
      4.0,
      4.2,
      4.7,
      11.4,
      3.7,
      2.6,
      2.8,
      9.1,
      9.1,
      3.8,
      0.0,
      6.7,
      3.8,
      15.3,
      4.8,
      4.2,
      4.5,
      3.9,
      24.4
    ],
    [
      9.2,
      8.0,
      8.5,
      8.8,
      15.3,
      7.8,
      6.8,
      8.6,
      13.1,
      13.1,
      7.8,
      6.7,
      0.0,
      9.6,
      19.3,
      8.8,
      8.5,
      10.7,
      8.1,
      29.9
    ],
    [
      0.4,
      2.6,
      1.2,
      0.75,
      8.8,
      1.9,
      3.2,
      1.5,
      6.5,
      6.5,
      1.9,
      3.8,
      9.6,
      0.0,
      12.5,
      0.95,
      1.4,
      2.1,
      1.5,
      24.2
    ],
    [
      12.1,
      12.2,
      12.8,
      11.8,
      7.4,
      11.8,
      13.5,
      13.7,
      8.7,
      8.7,
      11.7,
      15.3,
      19.3,
      12.5,
      0.0,
      11.7,
      12.4,
      11.5,
      11.7,
      31.7
    ],
    [
      0.65,
      1.8,
      1.6,
      0.26,
      8.0,
      1.1,
      3.0,
      2.4,
      5.7,
      5.7,
      1.0,
      4.8,
      8.8,
      0.95,
      11.7,
      0.0,
      1.6,
      3.0,
      1.0,
      25.0
    ],
    [
      1.7,
      1.7,
      0.4,
      1.4,
      8.5,
      1.0,
      2.4,
      2.3,
      6.3,
      6.3,
      1.0,
      4.2,
      8.5,
      1.4,
      12.4,
      1.6,
      0.0,
      3.0,
      0.65,
      25.0
    ],
    [
      2.5,
      4.6,
      2.8,
      2.8,
      9.9,
      3.9,
      3.8,
      2.4,
      7.7,
      7.7,
      3.8,
      4.5,
      10.7,
      2.1,
      11.5,
      3.0,
      3.0,
      0.0,
      3.6,
      22.8
    ],
    [
      1.1,
      1.1,
      1.1,
      0.7,
      7.9,
      0.4,
      2.1,
      2.8,
      5.6,
      5.6,
      0.4,
      3.9,
      8.1,
      1.5,
      11.7,
      1.0,
      0.65,
      3.6,
      0.0,
      25.6
    ],
    [
      24.5,
      26.7,
      24.8,
      24.9,
      31.2,
      25.9,
      25.2,
      24.0,
      29.6,
      29.6,
      25.9,
      24.4,
      29.9,
      24.2,
      31.7,
      25.0,
      25.0,
      22.8,
      25.6,
      0.0
    ]
  ],
  "walk_time_matrix": [
    [
      0.0,
      24.0,
      20.0,
      4.0,
      117.0,
      19.0,
      44.0,
      22.0,
      66.0,
      80.0,
      19.0,
      43.0,
      115.0,
      5.0,
      60.0,
      7.0,
      21.0,
      32.0,
      14.0,
      315.0
    ],
    [
      24.0,
      0.0,
      25.0,
      22.0,
      113.0,
      8.0,
      26.0,
      36.0,
      43.0,
      43.0,
      8.0,
      48.0,
      99.0,
      31.0,
      72.0,
      21.0,
      21.0,
      58.0,
      13.0,
      341.0
    ],
    [
      20.0,
      25.0,
      0.0,
      16.0,
      124.0,
      18.0,
      35.0,
      26.0,
      88.0,
      56.0,
      18.0,
      50.0,
      66.0,
      15.0,
      69.0,
      18.0,
      5.0,
      36.0,
      14.0,
      98.0
    ],
    [
      4.0,
      22.0,
      16.0,
      0.0,
      114.0,
      14.0,
      39.0,
      26.0,
      77.0,
      77.0,
      14.0,
      27.0,
      56.0,
      9.0,
      153.0,
      3.0,
      17.0,
      36.0,
      9.0,
      78.0
    ],
    [
      117.0,
      113.0,
      124.0,
      114.0,
      0.0,
      61.0,
      120.0,
      97.0,
      31.0,
      31.0,
      63.0,
      100.0,
      191.0,
      78.0,
      78.0,
      70.0,
      107.0,
      124.0,
      98.0,
      402.0
    ],
    [
      19.0,
      8.0,
      18.0,
      14.0,
      61.0,
      0.0,
      26.0,
      32.0,
      43.0,
      43.0,
      1.0,
      22.0,
      97.0,
      19.0,
      42.0,
      14.0,
      13.0,
      24.0,
      5.0,
      83.0
    ],
    [
      44.0,
      26.0,
      35.0,
      39.0,
      120.0,
      26.0,
      0.0,
      22.0,
      94.0,
      53.0,
      24.0,
      32.0,
      83.0,
      31.0,
      173.0,
      32.0,
      30.0,
      49.0,
      27.0,
      97.0
    ],
    [
      22.0,
      36.0,
      26.0,
      26.0,
      97.0,
      32.0,
      22.0,
      0.0,
      101.0,
      101.0,
      29.0,
      35.0,
      58.0,
      18.0,
      77.0,
      28.0,
      29.0,
      31.0,
      23.0,
      87.0
    ],
    [
      66.0,
      43.0,
      88.0,
      77.0,
      31.0,
      43.0,
      94.0,
      101.0,
      0.0,
      1.0,
      37.0,
      74.0,
      79.0,
      83.0,
      46.0,
      72.0,
      47.0,
      57.0,
      40.0,
      380.0
    ],
    [
      80.0,
      43.0,
      56.0,
      77.0,
      31.0,
      43.0,
      53.0,
      101.0,
      1.0,
      0.0,
      37.0,
      74.0,
      165.0,
      49.0,
      111.0,
      42.0,
      47.0,
      98.0,
      40.0,
      380.0
    ],
    [
      19.0,
      8.0,
      18.0,
      14.0,
      63.0,
      1.0,
      24.0,
      29.0,
      37.0,
      37.0,
      0.0,
      23.0,
      98.0,
      19.0,
      44.0,
      13.0,
      13.0,
      50.0,
      5.0,
      333.0
    ],
    [
      43.0,
      48.0,
      50.0,
      27.0,
      100.0,
      22.0,
      32.0,
      35.0,
      74.0,
      74.0,
      23.0,
      0.0,
      83.0,
      40.0,
      198.0,
      61.0,
      52.0,
      50.0,
      22.0,
      312.0
    ],
    [
      115.0,
      99.0,
      66.0,
      56.0,
      191.0,
      97.0,
      83.0,
      58.0,
      79.0,
      165.0,
      98.0,
      83.0,
      0.0,
      59.0,
      111.0,
      51.0,
      107.0,
      64.0,
      46.0,
      381.0
    ],
    [
      5.0,
      31.0,
      15.0,
      9.0,
      78.0,
      19.0,
      31.0,
      18.0,
      83.0,
      49.0,
      19.0,
      40.0,
      59.0,
      0.0,
      160.0,
      11.0,
      18.0,
      27.0,
      18.0,
      76.0
    ],
    [
      60.0,
      72.0,
      69.0,
      153.0,
      78.0,
      42.0,
      173.0,
      77.0,
      46.0,
      111.0,
      44.0,
      198.0,
      111.0,
      160.0,
      0.0,
      55.0,
      53.0,
      148.0,
      51.0,
      135.0
    ],
    [
      7.0,
      21.0,
      18.0,
      3.0,
      70.0,
      14.0,
      32.0,
      28.0,
      72.0,
      42.0,
      13.0,
      61.0,
      51.0,
      11.0,
      55.0,
      0.0,
      20.0,
      17.0,
      12.0,
      81.0
    ],
    [
      21.0,
      21.0,
      5.0,
      17.0,
      107.0,
      13.0,
      30.0,
      29.0,
      47.0,
      47.0,
      13.0,
      52.0,
      107.0,
      18.0,
      53.0,
      20.0,
      0.0,
      28.0,
      9.0,
      93.0
    ],
    [
      32.0,
      58.0,
      36.0,
      36.0,
      124.0,
      24.0,
      49.0,
      31.0,
      57.0,
      98.0,
      50.0,
      50.0,
      64.0,
      27.0,
      148.0,
      17.0,
      28.0,
      0.0,
      46.0,
      98.0
    ],
    [
      14.0,
      13.0,
      14.0,
      9.0,
      98.0,
      5.0,
      27.0,
      23.0,
      40.0,
      40.0,
      5.0,
      22.0,
      46.0,
      18.0,
      51.0,
      12.0,
      9.0,
      46.0,
      0.0,
      328.0
    ],
    [
      315.0,
      341.0,
      98.0,
      78.0,
      402.0,
      83.0,
      97.0,
      87.0,
      380.0,
      380.0,
      333.0,
      312.0,
      381.0,
      76.0,
      135.0,
      81.0,
      93.0,
      98.0,
      328.0,
      0.0
    ]
  ],
  "cycle_dist_matrix": [
    [
      0.0,
      3.9,
      1.6,
      0.35,
      8.4,
      2.5,
      3.7,
      1.9,
      7.6,
      7.7,
      2.3,
      6.0,
      9.2,
      0.4,
      15.1,
      1.3,
      1.7,
      2.6,
      1.8,
      25.9
    ],
    [
      3.9,
      0.0,
      2.2,
      1.9,
      9.0,
      1.0,
      2.2,
      2.7,
      5.9,
      5.9,
      1.1,
      4.1,
      8.2,
      2.6,
      14.2,
      1.8,
      2.3,
      4.6,
      1.3,
      26.7
    ],
    [
      1.6,
      2.2,
      0.0,
      2.0,
      8.9,
      1.4,
      2.4,
      2.1,
      7.5,
      7.5,
      1.4,
      4.2,
      9.0,
      1.2,
      15.0,
      2.1,
      0.4,
      2.8,
      1.1,
      26.1
    ],
    [
      0.35,
      1.9,
      2.0,
      0.0,
      NaN,
      1.1,
      4.0,
      2.2,
      6.6,
      6.7,
      1.3,
      6.3,
      8.8,
      0.75,
      11.8,
      0.26,
      2.2,
      2.9,
      0.7,
      26.2
    ],
    [
      8.4,
      9.0,
      8.9,
      NaN,
      0.0,
      8.7,
      12.3,
      NaN,
      2.8,
      2.8,
      8.4,
      11.4,
      16.6,
      8.8,
      NaN,
      8.7,
      10.0,
      11.6,
      7.9,
      35.0
    ],
    [
      2.5,
      1.0,
      1.4,
      1.1,
      8.7,
      0.0,
      2.1,
      3.4,
      6.4,
      6.4,
      0.11,
      3.7,
      8.0,
      1.9,
      13.8,
      1.1,
      1.9,
      4.0,
      0.4,
      27.4
    ],
    [
      3.7,
      2.2,
      2.4,
      4.0,
      12.3,
      2.1,
      0.0,
      2.0,
      10.1,
      7.3,
      1.9,
      2.4,
      7.0,
      3.2,
      17.6,
      4.8,
      2.7,
      5.4,
      2.4,
      27.3
    ],
    [
      1.9,
      2.7,
      2.1,
      2.2,
      NaN,
      3.4,
      2.0,
      0.0,
      7.8,
      8.7,
      3.3,
      2.8,
      8.8,
      1.6,
      16.2,
      2.4,
      2.4,
      2.4,
      2.8,
      25.3
    ],
    [
      7.6,
      5.9,
      7.5,
      6.6,
      2.8,
      6.4,
      10.1,
      7.8,
      0.0,
      0.032,
      6.1,
      11.7,
      14.3,
      6.5,
      9.1,
      6.3,
      7.7,
      9.3,
      6.2,
      29.6
    ],
    [
      7.7,
      5.9,
      7.5,
      6.7,
      2.8,
      6.4,
      7.3,
      8.7,
      0.032,
      0.0,
      NaN,
      NaN,
      14.2,
      7.3,
      9.1,
      6.3,
      7.6,
      9.3,
      6.1,
      29.6
    ],
    [
      2.3,
      1.1,
      1.4,
      1.3,
      8.4,
      0.11,
      1.9,
      3.3,
      6.1,
      NaN,
      0.0,
      4.2,
      8.0,
      2.1,
      13.7,
      1.0,
      1.7,
      4.1,
      0.55,
      27.4
    ],
    [
      6.0,
      4.1,
      4.2,
      6.3,
      11.4,
      3.7,
      2.4,
      2.8,
      11.7,
      NaN,
      4.2,
      0.0,
      8.5,
      3.8,
      19.9,
      4.8,
      5.0,
      7.8,
      4.8,
      24.4
    ],
    [
      9.2,
      8.2,
      9.0,
      8.8,
      16.6,
      8.0,
      7.0,
      8.8,
      14.3,
      14.2,
      8.0,
      8.5,
      0.0,
      10.3,
      21.5,
      9.1,
      9.0,
      11.7,
      8.1,
      38.3
    ],
    [
      0.4,
      2.6,
      1.2,
      0.75,
      8.8,
      1.9,
      3.2,
      1.6,
      6.5,
      7.3,
      2.1,
      3.8,
      10.3,
      0.0,
      14.8,
      0.95,
      1.4,
      2.2,
      1.5,
      24.2
    ],
    [
      15.1,
      14.2,
      15.0,
      11.8,
      NaN,
      13.8,
      17.6,
      16.2,
      9.1,
      9.1,
      13.7,
      19.9,
      21.5,
      14.8,
      0.0,
      13.9,
      15.2,
      16.9,
      11.7,
      31.7
    ],
    [
      1.3,
      1.8,
      2.1,
      0.26,
      8.7,
      1.1,
      4.8,
      2.4,
      6.3,
      6.3,
      1.0,
      4.8,
      9.1,
      0.95,
      13.9,
      0.0,
      2.4,
      3.0,
      1.0,
      26.4
    ],
    [
      1.7,
      2.3,
      0.4,
      2.2,
      10.0,
      1.9,
      2.7,
      2.4,
      7.7,
      7.6,
      1.7,
      5.0,
      9.0,
      1.4,
      15.2,
      2.4,
      0.0,
      3.0,
      0.65,
      25.0
    ],
    [
      2.6,
      4.6,
      2.8,
      2.9,
      11.6,
      4.0,
      5.4,
      2.4,
      9.3,
      9.3,
      4.1,
      7.8,
      11.7,
      2.2,
      16.9,
      3.0,
      3.0,
      0.0,
      4.2,
      22.8
    ],
    [
      1.8,
      1.3,
      1.1,
      0.7,
      7.9,
      0.4,
      2.4,
      2.8,
      6.2,
      6.1,
      0.55,
      4.8,
      8.1,
      1.5,
      11.7,
      1.0,
      0.65,
      4.2,
      0.0,
      26.9
    ],
    [
      25.9,
      26.7,
      26.1,
      26.2,
      35.0,
      27.4,
      27.3,
      25.3,
      29.6,
      29.6,
      27.4,
      24.4,
      38.3,
      24.2,
      31.7,
      26.4,
      25.0,
      22.8,
      26.9,
      0.0
    ]
  ],
  "cycle_time_matrix": [
    [
      0.0,
      24.0,
      20.0,
      4.0,
      117.0,
      9.0,
      13.0,
      6.0,
      28.0,
      28.0,
      9.0,
      19.0,
      115.0,
      5.0,
      54.0,
      4.0,
      21.0,
      10.0,
      7.0,
      98.0
    ],
    [
      24.0,
      0.0,
      8.0,
      7.0,
      49.0,
      4.0,
      9.0,
      33.0,
      77.0,
      76.0,
      4.0,
      14.0,
      26.0,
      10.0,
      53.0,
      21.0,
      9.0,
      18.0,
      6.0,
      341.0
    ],
    [
      20.0,
      8.0,
      0.0,
      7.0,
      124.0,
      6.0,
      9.0,
      8.0,
      88.0,
      29.0,
      18.0,
      50.0,
      29.0,
      15.0,
      55.0,
      8.0,
      5.0,
      12.0,
      5.0,
      100.0
    ],
    [
      4.0,
      7.0,
      7.0,
      0.0,
      NaN,
      14.0,
      14.0,
      7.0,
      25.0,
      26.0,
      6.0,
      20.0,
      111.0,
      2.0,
      153.0,
      1.0,
      8.0,
      11.0,
      4.0,
      99.0
    ],
    [
      117.0,
      49.0,
      124.0,
      NaN,
      0.0,
      29.0,
      41.0,
      NaN,
      9.0,
      9.0,
      28.0,
      140.0,
      56.0,
      109.0,
      NaN,
      27.0,
      32.0,
      39.0,
      98.0,
      127.0
    ],
    [
      9.0,
      4.0,
      6.0,
      14.0,
      29.0,
      0.0,
      10.0,
      11.0,
      25.0,
      26.0,
      1.0,
      22.0,
      27.0,
      19.0,
      51.0,
      14.0,
      7.0,
      15.0,
      5.0,
      104.0
    ],
    [
      13.0,
      9.0,
      9.0,
      14.0,
      41.0,
      10.0,
      0.0,
      6.0,
      36.0,
      94.0,
      7.0,
      7.0,
      21.0,
      39.0,
      62.0,
      15.0,
      8.0,
      19.0,
      9.0,
      103.0
    ],
    [
      6.0,
      33.0,
      8.0,
      7.0,
      NaN,
      11.0,
      6.0,
      0.0,
      101.0,
      33.0,
      13.0,
      35.0,
      30.0,
      5.0,
      59.0,
      7.0,
      8.0,
      31.0,
      23.0,
      96.0
    ],
    [
      28.0,
      77.0,
      88.0,
      25.0,
      9.0,
      25.0,
      36.0,
      101.0,
      0.0,
      1.0,
      22.0,
      39.0,
      50.0,
      83.0,
      35.0,
      22.0,
      26.0,
      33.0,
      22.0,
      380.0
    ],
    [
      28.0,
      76.0,
      29.0,
      26.0,
      9.0,
      26.0,
      94.0,
      33.0,
      1.0,
      0.0,
      NaN,
      NaN,
      50.0,
      24.0,
      111.0,
      22.0,
      26.0,
      33.0,
      22.0,
      380.0
    ],
    [
      9.0,
      4.0,
      18.0,
      6.0,
      28.0,
      1.0,
      7.0,
      13.0,
      22.0,
      NaN,
      0.0,
      14.0,
      27.0,
      8.0,
      50.0,
      13.0,
      13.0,
      16.0,
      2.0,
      105.0
    ],
    [
      19.0,
      14.0,
      50.0,
      20.0,
      140.0,
      22.0,
      7.0,
      35.0,
      39.0,
      NaN,
      14.0,
      0.0,
      27.0,
      40.0,
      198.0,
      61.0,
      15.0,
      26.0,
      16.0,
      312.0
    ],
    [
      115.0,
      26.0,
      29.0,
      111.0,
      56.0,
      27.0,
      21.0,
      30.0,
      50.0,
      50.0,
      27.0,
      27.0,
      0.0,
      35.0,
      78.0,
      33.0,
      30.0,
      41.0,
      29.0,
      136.0
    ],
    [
      5.0,
      10.0,
      15.0,
      2.0,
      109.0,
      19.0,
      39.0,
      5.0,
      83.0,
      24.0,
      8.0,
      40.0,
      35.0,
      0.0,
      53.0,
      3.0,
      18.0,
      9.0,
      18.0,
      311.0
    ],
    [
      54.0,
      53.0,
      55.0,
      153.0,
      NaN,
      51.0,
      62.0,
      59.0,
      35.0,
      111.0,
      50.0,
      198.0,
      78.0,
      53.0,
      0.0,
      51.0,
      55.0,
      62.0,
      150.0,
      403.0
    ],
    [
      4.0,
      21.0,
      8.0,
      1.0,
      27.0,
      14.0,
      15.0,
      7.0,
      22.0,
      22.0,
      13.0,
      61.0,
      33.0,
      3.0,
      51.0,
      0.0,
      20.0,
      11.0,
      12.0,
      100.0
    ],
    [
      21.0,
      9.0,
      5.0,
      8.0,
      32.0,
      7.0,
      8.0,
      8.0,
      26.0,
      26.0,
      13.0,
      15.0,
      30.0,
      18.0,
      55.0,
      20.0,
      0.0,
      12.0,
      9.0,
      322.0
    ],
    [
      10.0,
      18.0,
      12.0,
      11.0,
      39.0,
      15.0,
      19.0,
      31.0,
      33.0,
      33.0,
      16.0,
      26.0,
      41.0,
      9.0,
      62.0,
      11.0,
      12.0,
      0.0,
      16.0,
      293.0
    ],
    [
      7.0,
      6.0,
      5.0,
      4.0,
      98.0,
      5.0,
      9.0,
      23.0,
      22.0,
      22.0,
      2.0,
      16.0,
      29.0,
      18.0,
      150.0,
      12.0,
      9.0,
      16.0,
      0.0,
      328.0
    ],
    [
