{
  "drive_dist_matrix": [
    [
      0.0,
      5.9,
      7.5,
      7.8,
      7.5,
      6.8,
      5.6,
      7.1,
      9.7,
      7.5,
      6.5,
      8.5,
      6.7,
      14.4,
      5.9,
      3.2,
      2.2,
      12.7,
      154.0,
      154.0,
      183.0,
      13.4,
      157.0,
      4.7,
      295.0,
      322.0,
      322.0,
      310.0,
      172.0,
      322.0,
      362.0,
      3.8,
      322.0,
      331.0,
      321.0,
      299.0,
      359.0,
      370.0,
      14.5,
      370.0,
      214.0
    ],
    [
      5.9,
      0.0,
      10.5,
      9.9,
      9.6,
      5.7,
      10.5,
      9.2,
      11.8,
      10.0,
      8.6,
      10.6,
      9.7,
      16.6,
      0.011,
      9.9,
      7.9,
      7.9,
      156.0,
      156.0,
      178.0,
      16.3,
      159.0,
      6.0,
      290.0,
      317.0,
      317.0,
      305.0,
      174.0,
      317.0,
      357.0,
      4.1,
      317.0,
      326.0,
      316.0,
      295.0,
      355.0,
      365.0,
      18.7,
      365.0,
      217.0
    ],
    [
      7.5,
      10.5,
      0.0,
      4.1,
      3.7,
      9.8,
      3.3,
      3.3,
      3.9,
      0.75,
      4.2,
      4.8,
      0.9,
      8.3,
      9.5,
      5.9,
      6.1,
      16.7,
      153.0,
      153.0,
      187.0,
      5.9,
      156.0,
      7.5,
      299.0,
      326.0,
      330.0,
      318.0,
      172.0,
      330.0,
      366.0,
      7.4,
      330.0,
      339.0,
      325.0,
      308.0,
      367.0,
      378.0,
      9.6,
      378.0,
      207.0
    ],
    [
      7.8,
      9.9,
      4.1,
      0.0,
      1.5,
      7.2,
      7.1,
      1.8,
      3.4,
      3.7,
      2.2,
      1.9,
      4.7,
      8.2,
      9.4,
      10.3,
      8.3,
      16.6,
      148.0,
      148.0,
      193.0,
      8.2,
      151.0,
      5.0,
      305.0,
      332.0,
      332.0,
      320.0,
      166.0,
      332.0,
      372.0,
      10.3,
      332.0,
      341.0,
      331.0,
      310.0,
      369.0,
      380.0,
      13.5,
      380.0,
      209.0
    ],
    [
      7.5,
      9.6,
      3.7,
      1.5,
      0.0,
      6.4,
      6.5,
      1.6,
      3.4,
      3.8,
      0.85,
      0.5,
      4.1,
      8.2,
      8.6,
      9.7,
      7.8,
      15.8,
      148.0,
      148.0,
      193.0,
      8.3,
      151.0,
      4.2,
      305.0,
      332.0,
      332.0,
      320.0,
      166.0,
      332.0,
      372.0,
      9.4,
      332.0,
      341.0,
      331.0,
      310.0,
      369.0,
      380.0,
      13.1,
      380.0,
      209.0
    ],
    [
      6.8,
      5.7,
      9.8,
      7.2,
      6.4,
      0.0,
      10.1,
      6.8,
      9.2,
      7.8,
      5.9,
      6.3,
      7.1,
      14.1,
      4.4,
      8.9,
      7.4,
      11.6,
      152.0,
      152.0,
      182.0,
      14.1,
      155.0,
      3.1,
      293.0,
      321.0,
      321.0,
      309.0,
      170.0,
      321.0,
      361.0,
      5.2,
      321.0,
      330.0,
      320.0,
      298.0,
      358.0,
      369.0,
      17.1,
      369.0,
      215.0
    ],
    [
      5.6,
      10.5,
      3.3,
      7.1,
      6.5,
      10.1,
      0.0,
      6.2,
      6.8,
      4.4,
      5.3,
      7.3,
      3.6,
      11.3,
      9.2,
      2.8,
      4.1,
      15.9,
      152.0,
      153.0,
      191.0,
      8.1,
      156.0,
      8.0,
      302.0,
      330.0,
      330.0,
      318.0,
      171.0,
      330.0,
      370.0,
      7.1,
      330.0,
      339.0,
      329.0,
      307.0,
      367.0,
      378.0,
      8.8,
      378.0,
      209.0
    ],
    [
      7.1,
      9.2,
      3.3,
      1.8,
      1.6,
      6.8,
      6.2,
      0.0,
      3.4,
      2.2,
      0.85,
      2.9,
      2.9,
      8.2,
      8.7,
      9.0,
      7.0,
      15.9,
      148.0,
      149.0,
      194.0,
      8.1,
      152.0,
      4.2,
      305.0,
      333.0,
      332.0,
      320.0,
      167.0,
      332.0,
      372.0,
      7.8,
      332.0,
      341.0,
      331.0,
      310.0,
      370.0,
      381.0,
      11.8,
      380.0,
      209.0
    ],
    [
      9.7,
      11.8,
      3.9,
      3.4,
      3.4,
      9.2,
      6.8,
      3.4,
      0.0,
      3.6,
      3.0,
      2.7,
      4.3,
      7.1,
      10.2,
      11.0,
      9.0,
      17.4,
      149.0,
      149.0,
      194.0,
      7.1,
      152.0,
      5.8,
      306.0,
      333.0,
      333.0,
      321.0,
      167.0,
      333.0,
      373.0,
      11.1,
      333.0,
      342.0,
      332.0,
      310.0,
      370.0,
      381.0,
      13.5,
      381.0,
      208.0
    ],
    [
      7.5,
      10.0,
      0.75,
      3.7,
      3.8,
      7.8,
      4.4,
      2.2,
      3.6,
      0.0,
      3.1,
      3.4,
      0.85,
      6.9,
      8.7,
      6.6,
      5.3,
      15.9,
      152.0,
      152.0,
      186.0,
      6.5,
      155.0,
      7.0,
      298.0,
      325.0,
      325.0,
      313.0,
      170.0,
      325.0,
      365.0,
      6.6,
      325.0,
      334.0,
      324.0,
      303.0,
      362.0,
      373.0,
      10.3,
      373.0,
      207.0
    ],
    [
      6.5,
      8.6,
      4.2,
      2.2,
      0.85,
      5.9,
      5.3,
      0.85,
      3.0,
      3.1,
      0.0,
      2.1,
      3.1,
      9.3,
      7.9,
      8.7,
      6.7,
      15.1,
      147.0,
      148.0,
      193.0,
      9.3,
      151.0,
      3.5,
      304.0,
      332.0,
      332.0,
      320.0,
      166.0,
      332.0,
      372.0,
      8.8,
      332.0,
      341.0,
      331.0,
      309.0,
      369.0,
      380.0,
      13.1,
      380.0,
      210.0
    ],
    [
      8.5,
      10.6,
      4.8,
      1.9,
      0.5,
      6.3,
      7.3,
      2.9,
      2.7,
      3.4,
      2.1,
      0.0,
      4.2,
      9.3,
      7.7,
      10.2,
      8.7,
      14.9,
      147.0,
      148.0,
      193.0,
      9.2,
      151.0,
      3.3,
      304.0,
      332.0,
      331.0,
      319.0,
      166.0,
      331.0,
      371.0,
      8.6,
      324.0,
      340.0,
      323.0,
      302.0,
      369.0,
      372.0,
      13.6,
      372.0,
      210.0
    ],
    [
      6.7,
      9.7,
      0.9,
      4.7,
      4.1,
      7.1,
      3.6,
      2.9,
      4.3,
      0.85,
      3.1,
      4.2,
      0.0,
      7.7,
      8.2,
      6.0,
      4.8,
      15.4,
      150.0,
      151.0,
      186.0,
      7.4,
      154.0,
      6.4,
      297.0,
      325.0,
      325.0,
      312.0,
      169.0,
      325.0,
      365.0,
      6.1,
      324.0,
      333.0,
      323.0,
      302.0,
      362.0,
      373.0,
      10.8,
      373.0,
      208.0
    ],
    [
      14.4,
      16.6,
      8.3,
      8.2,
      8.2,
      14.1,
      11.3,
      8.2,
      7.1,
      6.9,
      9.3,
      9.3,
      7.7,
      0.0,
      16.1,
      13.5,
      12.1,
      23.3,
      155.0,
      156.0,
      201.0,
      6.2,
      159.0,
      11.8,
      312.0,
      340.0,
      339.0,
      327.0,
      172.0,
      340.0,
      379.0,
      13.8,
      339.0,
      348.0,
      338.0,
      317.0,
      377.0,
      388.0,
      15.0,
      388.0,
      207.0
    ],
    [
      5.9,
      0.011,
      9.5,
      9.4,
      8.6,
      4.4,
      9.2,
      8.7,
      10.2,
      8.7,
      7.9,
      7.7,
      8.2,
      16.1,
      0.0,
      8.9,
      9.8,
      8.0,
      156.0,
      156.0,
      178.0,
      16.4,
      159.0,
      6.0,
      290.0,
      317.0,
      317.0,
      305.0,
      174.0,
      317.0,
      357.0,
      3.7,
      317.0,
      326.0,
      316.0,
      295.0,
      355.0,
      365.0,
      18.3,
      365.0,
      217.0
    ],
    [
      3.2,
      9.9,
      5.9,
      10.3,
      9.7,
      8.9,
      2.8,
      9.0,
      11.0,
      6.6,
      8.7,
      10.2,
      6.0,
      13.5,
      8.9,
      0.0,
      1.7,
      15.0,
      157.0,
      157.0,
      185.0,
      10.6,
      160.0,
      6.5,
      297.0,
      324.0,
      324.0,
      326.0,
      175.0,
      338.0,
      364.0,
      5.6,
      338.0,
      347.0,
      337.0,
      316.0,
      361.0,
      386.0,
      11.3,
      386.0,
      211.0
    ],
    [
      2.2,
      7.9,
      6.1,
      8.3,
      7.8,
      7.4,
      4.1,
      7.0,
      9.0,
      5.3,
      6.7,
      8.7,
      4.8,
      12.1,
      9.8,
      1.7,
      0.0,
      13.8,
      156.0,
      156.0,
      185.0,
      11.6,
      159.0,
      5.4,
      296.0,
      324.0,
      323.0,
      311.0,
      173.0,
      323.0,
      363.0,
      4.5,
      323.0,
      332.0,
      322.0,
      301.0,
      360.0,
      372.0,
      12.2,
      372.0,
      213.0
    ],
    [
      12.7,
      7.9,
      16.7,
      16.6,
      15.8,
      11.6,
      15.9,
      15.9,
      17.4,
      15.9,
      15.1,
      14.9,
      15.4,
      23.3,
      8.0,
      15.0,
      13.8,
      0.0,
      166.0,
      166.0,
      175.0,
      23.0,
      169.0,
      12.2,
      287.0,
      314.0,
      314.0,
      302.0,
      185.0,
      314.0,
      354.0,
      9.9,
      314.0,
      323.0,
      313.0,
      292.0,
      352.0,
      362.0,
      33.5,
      362.0,
      244.0
    ],
    [
      154.0,
      156.0,
      153.0,
      148.0,
      148.0,
      152.0,
      152.0,
      148.0,
      149.0,
      152.0,
      147.0,
      147.0,
      150.0,
      155.0,
      156.0,
      157.0,
      156.0,
      166.0,
      0.0,
      1.1,
      42.5,
      155.0,
      4.8,
      149.0,
      289.0,
      317.0,
      317.0,
      305.0,
      55.5,
      317.0,
      357.0,
      154.0,
      317.0,
      326.0,
      316.0,
      294.0,
      354.0,
      365.0,
      160.0,
      365.0,
      128.0
    ],
    [
      154.0,
      156.0,
      153.0,
      148.0,
      148.0,
      152.0,
      153.0,
      149.0,
      149.0,
      152.0,
      148.0,
      148.0,
      151.0,
      156.0,
      156.0,
      157.0,
      156.0,
      166.0,
      1.1,
      0.0,
      43.0,
      156.0,
      4.9,
      150.0,
      290.0,
      318.0,
      317.0,
      305.0,
      56.1,
      317.0,
      357.0,
      155.0,
      317.0,
      326.0,
      316.0,
      295.0,
      355.0,
      366.0,
      160.0,
      365.0,
      129.0
    ],
    [
      183.0,
      178.0,
      187.0,
      193.0,
      193.0,
      182.0,
      191.0,
      194.0,
      194.0,
      186.0,
      193.0,
      193.0,
      186.0,
      201.0,
      178.0,
      185.0,
      185.0,
      175.0,
      42.5,
      43.0,
      0.0,
      197.0,
      47.6,
      183.0,
      254.0,
      282.0,
      282.0,
      270.0,
      94.3,
      282.0,
      322.0,
      181.0,
      282.0,
      291.0,
      281.0,
      259.0,
      319.0,
      330.0,
      207.0,
      330.0,
      167.0
    ],
    [
      13.4,
      16.3,
      5.9,
      8.2,
      8.3,
      14.1,
      8.1,
      8.1,
      7.1,
      6.5,
      9.3,
      9.2,
      7.4,
      6.2,
      16.4,
      10.6,
      11.6,
      23.0,
      155.0,
      156.0,
      197.0,
      0.0,
      158.0,
      11.6,
      312.0,
      339.0,
      339.0,
      327.0,
      168.0,
      339.0,
      379.0,
      12.3,
      339.0,
      348.0,
      338.0,
      317.0,
      376.0,
      387.0,
      12.5,
      387.0,
      203.0
    ],
    [
      157.0,
      159.0,
      156.0,
      151.0,
      151.0,
      155.0,
      156.0,
      152.0,
      152.0,
      155.0,
      151.0,
      151.0,
      154.0,
      159.0,
      159.0,
      160.0,
      159.0,
      169.0,
      4.8,
      4.9,
      47.6,
      158.0,
      0.0,
      153.0,
      294.0,
      321.0,
      321.0,
      309.0,
      59.0,
      321.0,
      361.0,
      158.0,
      321.0,
      330.0,
      320.0,
      299.0,
      358.0,
      369.0,
      163.0,
      369.0,
      132.0
    ],
    [
      4.7,
      6.0,
      7.5,
      5.0,
      4.2,
      3.1,
      8.0,
      4.2,
      5.8,
      7.0,
      3.5,
      3.3,
      6.4,
      11.8,
      6.0,
      6.5,
      5.4,
      12.2,
      149.0,
      150.0,
      183.0,
      11.6,
      153.0,
      0.0,
      294.0,
      321.0,
      321.0,
      309.0,
      169.0,
      321.0,
      361.0,
      5.6,
      321.0,
      330.0,
      320.0,
      299.0,
      358.0,
      369.0,
      14.1,
      369.0,
      212.0
    ],
    [
      295.0,
      290.0,
      299.0,
      305.0,
      305.0,
      293.0,
      302.0,
      305.0,
      306.0,
      298.0,
      304.0,
      304.0,
      297.0,
      312.0,
      290.0,
      297.0,
      296.0,
      287.0,
      289.0,
      290.0,
      254.0,
      312.0,
      294.0,
      294.0,
      0.0,
      32.6,
      32.2,
      20.1,
      337.0,
      32.3,
      72.2,
      289.0,
      32.2,
      41.2,
      31.1,
      9.9,
      69.6,
      80.6,
      315.0,
      80.3,
      410.0
    ],
    [
      322.0,
      317.0,
      326.0,
      332.0,
      332.0,
      321.0,
      330.0,
      333.0,
      333.0,
      325.0,
      332.0,
      332.0,
      325.0,
      340.0,
      317.0,
      324.0,
      324.0,
      314.0,
      317.0,
      318.0,
      282.0,
      339.0,
      321.0,
      321.0,
      32.6,
      0.0,
      6.0,
      13.9,
      366.0,
      6.1,
      51.7,
      318.0,
      6.0,
      20.6,
      2.4,
      25.2,
      49.1,
      60.1,
      344.0,
      59.8,
      439.0
    ],
    [
      322.0,
      317.0,
      330.0,
      332.0,
      332.0,
      321.0,
      330.0,
      332.0,
      333.0,
      325.0,
      332.0,
      331.0,
      325.0,
      339.0,
      317.0,
      324.0,
      323.0,
      314.0,
      317.0,
      317.0,
      282.0,
      339.0,
      321.0,
      321.0,
      32.2,
      6.0,
      0.0,
      13.8,
      366.0,
      0.45,
      51.6,
      318.0,
      0.068,
      20.6,
      1.4,
      25.7,
      49.0,
      60.0,
      344.0,
      59.7,
      439.0
    ],
    [
      310.0,
      305.0,
      318.0,
      320.0,
      320.0,
      309.0,
      318.0,
      320.0,
      321.0,
      313.0,
      320.0,
      319.0,
      312.0,
      327.0,
      305.0,
      326.0,
      311.0,
      302.0,
      305.0,
      305.0,
      270.0,
      327.0,
      309.0,
      309.0,
      20.1,
      13.9,
      13.8,
      0.0,
      355.0,
      13.0,
      52.9,
      307.0,
      12.8,
      21.9,
      11.8,
      14.7,
      50.3,
      61.3,
      333.0,
      61.0,
      428.0
    ],
    [
      172.0,
      174.0,
      172.0,
      166.0,
      166.0,
      170.0,
      171.0,
      167.0,
      167.0,
      170.0,
      166.0,
      166.0,
      169.0,
      172.0,
      174.0,
      175.0,
      173.0,
      185.0,
      55.5,
      56.1,
      94.3,
      168.0,
      59.0,
      169.0,
      337.0,
      366.0,
      366.0,
      355.0,
      0.0,
      368.0,
      408.0,
      185.0,
      368.0,
      377.0,
      367.0,
      346.0,
      406.0,
      416.0,
      185.0,
      416.0,
      81.9
    ],
    [
      322.0,
      317.0,
      330.0,
      332.0,
      332.0,
      321.0,
      330.0,
      332.0,
      333.0,
      325.0,
      332.0,
      331.0,
      325.0,
      340.0,
      317.0,
      338.0,
      323.0,
      314.0,
      317.0,
      317.0,
      282.0,
      339.0,
      321.0,
      321.0,
      32.3,
      6.1,
      0.45,
      13.0,
      368.0,
      0.0,
      51.7,
      318.0,
      0.5,
      20.7,
      1.3,
      25.7,
      49.1,
      60.1,
      344.0,
      59.8,
      439.0
    ],
    [
      362.0,
      357.0,
      366.0,
      372.0,
      372.0,
      361.0,
      370.0,
      372.0,
      373.0,
      365.0,
      372.0,
      371.0,
      365.0,
      379.0,
      357.0,
      364.0,
      363.0,
      354.0,
      357.0,
      357.0,
      322.0,
      379.0,
      361.0,
      361.0,
      72.2,
      51.7,
      51.6,
      52.9,
      408.0,
      51.7,
      0.0,
      358.0,
      51.9,
      39.1,
      50.8,
      65.3,
      5.3,
      10.6,
      384.0,
      8.1,
      479.0
    ],
    [
      3.8,
      4.1,
      7.4,
      10.3,
      9.4,
      5.2,
      7.1,
      7.8,
      11.1,
      6.6,
      8.8,
      8.6,
      6.1,
      13.8,
      3.7,
      5.6,
      4.5,
      9.9,
      154.0,
      155.0,
      181.0,
      12.3,
      158.0,
      5.6,
      289.0,
      318.0,
      318.0,
      307.0,
      185.0,
      318.0,
      358.0,
      0.0,
      323.0,
      332.0,
      322.0,
      301.0,
      361.0,
      372.0,
      15.9,
      371.0,
      214.0
    ],
    [
      322.0,
      317.0,
      330.0,
      332.0,
      332.0,
      321.0,
      330.0,
      332.0,
      333.0,
      325.0,
      332.0,
      324.0,
      324.0,
      339.0,
      317.0,
      338.0,
      323.0,
      314.0,
      317.0,
      317.0,
      282.0,
      339.0,
      321.0,
      321.0,
      32.2,
      6.0,
      0.068,
      12.8,
      368.0,
      0.5,
      51.9,
      323.0,
      0.0,
      20.5,
      1.4,
      25.6,
      49.0,
      60.0,
      343.0,
      59.7,
      439.0
    ],
    [
      331.0,
      326.0,
      339.0,
      341.0,
      341.0,
      330.0,
      339.0,
      341.0,
      342.0,
      334.0,
      341.0,
      340.0,
      333.0,
      348.0,
      326.0,
      347.0,
      332.0,
      323.0,
      326.0,
      326.0,
      291.0,
      348.0,
      330.0,
      330.0,
      41.2,
      20.6,
      20.6,
      21.9,
      377.0,
      20.7,
      39.1,
      332.0,
      20.5,
      0.0,
      19.1,
      31.6,
      36.2,
      47.2,
      350.0,
      46.9,
      445.0
    ],
    [
      321.0,
      316.0,
      325.0,
      331.0,
      331.0,
      320.0,
      329.0,
      331.0,
      332.0,
      324.0,
      331.0,
      323.0,
      323.0,
      338.0,
      316.0,
      337.0,
      322.0,
      313.0,
      316.0,
      316.0,
      281.0,
      338.0,
      320.0,
      320.0,
      31.1,
      2.4,
      1.4,
      11.8,
      367.0,
      1.3,
      50.8,
      322.0,
      1.4,
      19.1,
      0.0,
      24.6,
      48.0,
      58.9,
      342.0,
      58.6,
      438.0
    ],
    [
      299.0,
      295.0,
      308.0,
      310.0,
      310.0,
      298.0,
      307.0,
      310.0,
      310.0,
      303.0,
      309.0,
      302.0,
      302.0,
      317.0,
      295.0,
      316.0,
      301.0,
      292.0,
      294.0,
      295.0,
      259.0,
      317.0,
      299.0,
      299.0,
      9.9,
      25.2,
      25.7,
      14.7,
      346.0,
      25.7,
      65.3,
      301.0,
      25.6,
      31.6,
      24.6,
      0.0,
      62.2,
      73.2,
      321.0,
      72.9,
      417.0
    ],
    [
      359.0,
      355.0,
      367.0,
      369.0,
      369.0,
      358.0,
      367.0,
      370.0,
      370.0,
      362.0,
      369.0,
      369.0,
      362.0,
      377.0,
      355.0,
      361.0,
      360.0,
      352.0,
      354.0,
      355.0,
      319.0,
      376.0,
      358.0,
      358.0,
      69.6,
      49.1,
      49.0,
      50.3,
      406.0,
      49.1,
      5.3,
      361.0,
      49.0,
      36.2,
      48.0,
      62.2,
      0.0,
      11.0,
      382.0,
      10.7,
      477.0
    ],
    [
      370.0,
      365.0,
      378.0,
      380.0,
      380.0,
      369.0,
      378.0,
      381.0,
      381.0,
      373.0,
      380.0,
      372.0,
      373.0,
      388.0,
      365.0,
      386.0,
      372.0,
      362.0,
      365.0,
      366.0,
      330.0,
      387.0,
      369.0,
      369.0,
      80.6,
      60.1,
      60.0,
      61.3,
      416.0,
      60.1,
      10.6,
      372.0,
      60.0,
      47.2,
      58.9,
      73.2,
      11.0,
      0.0,
      392.0,
      18.3,
      487.0
    ],
    [
      14.5,
      18.7,
      9.6,
      13.5,
      13.1,
      17.1,
      8.8,
      11.8,
      13.5,
      10.3,
      13.1,
      13.6,
      10.8,
      15.0,
      18.3,
      11.3,
      12.2,
      33.5,
      160.0,
      160.0,
      207.0,
      12.5,
      163.0,
      14.1,
      315.0,
      344.0,
      344.0,
      333.0,
      185.0,
      344.0,
      384.0,
      15.9,
      343.0,
      350.0,
      342.0,
      321.0,
      382.0,
      392.0,
      0.0,
      392.0,
      212.0
    ],
    [
      370.0,
      365.0,
      378.0,
      380.0,
      380.0,
      369.0,
      378.0,
      380.0,
      381.0,
      373.0,
      380.0,
      372.0,
      373.0,
      388.0,
      365.0,
      386.0,
      372.0,
      362.0,
      365.0,
      365.0,
      330.0,
      387.0,
      369.0,
      369.0,
      80.3,
      59.8,
      59.7,
      61.0,
      416.0,
      59.8,
      8.1,
      371.0,
      59.7,
      46.9,
      58.6,
      72.9,
      10.7,
      18.3,
      392.0,
      0.0,
      487.0
    ],
    [
      214.0,
      217.0,
      207.0,
      209.0,
      209.0,
      215.0,
      209.0,
      209.0,
      208.0,
      207.0,
      210.0,
      210.0,
      208.0,
      207.0,
      217.0,
      211.0,
      213.0,
      244.0,
      128.0,
      129.0,
      167.0,
      203.0,
      132.0,
      212.0,
      410.0,
      439.0,
      439.0,
      428.0,
      81.9,
      439.0,
      479.0,
      214.0,
      439.0,
      445.0,
      438.0,
      417.0,
      477.0,
      487.0,
      212.0,
      487.0,
      0.0
    ]
  ],
  "drive_time_matrix": [
    [
      0.0,
      22.0,
      23.0,
      28.0,
      23.0,
      19.0,
      19.0,
      25.0,
      30.0,
      24.0,
      21.0,
      26.0,
      20.0,
      38.0,
      22.0,
      13.0,
      28.0,
      34.0,
      201.0,
      181.0,
      174.0,
      39.0,
      188.0,
      16.0,
      337.0,
      366.0,
      366.0,
      355.0,
      180.0,
      366.0,
      395.0,
      15.0,
      366.0,
      376.0,
      363.0,
      339.0,
      391.0,
      410.0,
      31.0,
      413.0,
      227.0
    ],
    [
      22.0,
      0.0,
      26.0,
      27.0,
      22.0,
      13.0,
      26.0,
      24.0,
      28.0,
      27.0,
      20.0,
      24.0,
      23.0,
      37.0,
      1.0,
      27.0,
      20.0,
      15.0,
      199.0,
      180.0,
      156.0,
      38.0,
      186.0,
      15.0,
      316.0,
      348.0,
      347.0,
      337.0,
      178.0,
      348.0,
      376.0,
      11.0,
      347.0,
      357.0,
      343.0,
      319.0,
      371.0,
      390.0,
      41.0,
      392.0,
      226.0
    ],
    [
      23.0,
      26.0,
      0.0,
      12.0,
      15.0,
      22.0,
      13.0,
      11.0,
      10.0,
      9.0,
      13.0,
      15.0,
      11.0,
      17.0,
      29.0,
      24.0,
      18.0,
      40.0,
      191.0,
      172.0,
      181.0,
      14.0,
      178.0,
      20.0,
      344.0,
      375.0,
      372.0,
      361.0,
      171.0,
      373.0,
      403.0,
      20.0,
      373.0,
      383.0,
      372.0,
      345.0,
      399.0,
      418.0,
      21.0,
      419.0,
      203.0
    ],
    [
      28.0,
      27.0,
      12.0,
      0.0,
      6.0,
      16.0,
      22.0,
      7.0,
      8.0,
      12.0,
      8.0,
      7.0,
      14.0,
      17.0,
      24.0,
      31.0,
      24.0,
      35.0,
      182.0,
      164.0,
      171.0,
      19.0,
      170.0,
      13.0,
      333.0,
      363.0,
      362.0,
      352.0,
      162.0,
      363.0,
      391.0,
      25.0,
      362.0,
      372.0,
      360.0,
      336.0,
      388.0,
      407.0,
      34.0,
      409.0,
      207.0
    ],
    [
      23.0,
      22.0,
      15.0,
      6.0,
      0.0,
      12.0,
      19.0,
      5.0,
      7.0,
      12.0,
      11.0,
      6.0,
      12.0,
      16.0,
      21.0,
      29.0,
      21.0,
      31.0,
      182.0,
      163.0,
      169.0,
      19.0,
      169.0,
      9.0,
      331.0,
      361.0,
      361.0,
      350.0,
      161.0,
      361.0,
      389.0,
      21.0,
      360.0,
      371.0,
      358.0,
      334.0,
      386.0,
      405.0,
      34.0,
      407.0,
      206.0
    ],
    [
      19.0,
      13.0,
      22.0,
      16.0,
      12.0,
      0.0,
      23.0,
      16.0,
      18.0,
      20.0,
      13.0,
      13.0,
      15.0,
      27.0,
      10.0,
      28.0,
      18.0,
      21.0,
      190.0,
      171.0,
      161.0,
      29.0,
      178.0,
      6.0,
      322.0,
      353.0,
      352.0,
      341.0,
      169.0,
      353.0,
      381.0,
      13.0,
      352.0,
      362.0,
      350.0,
      326.0,
      378.0,
      398.0,
      37.0,
      399.0,
      217.0
    ],
    [
      19.0,
      26.0,
      13.0,
      22.0,
      19.0,
      23.0,
      0.0,
      20.0,
      22.0,
      15.0,
      17.0,
      22.0,
      11.0,
      29.0,
      28.0,
      13.0,
      11.0,
      40.0,
      198.0,
      179.0,
      179.0,
      26.0,
      185.0,
      22.0,
      343.0,
      375.0,
      374.0,
      363.0,
      177.0,
      375.0,
      403.0,
      19.0,
      374.0,
      384.0,
      372.0,
      346.0,
      399.0,
      419.0,
      18.0,
      421.0,
      215.0
    ],
    [
      25.0,
      24.0,
      11.0,
      7.0,
      5.0,
      16.0,
      20.0,
      0.0,
      10.0,
      10.0,
      11.0,
      8.0,
      8.0,
      19.0,
      21.0,
      24.0,
      16.0,
      32.0,
      186.0,
      167.0,
      170.0,
      22.0,
      173.0,
      10.0,
      331.0,
      364.0,
      364.0,
      353.0,
      165.0,
      364.0,
      393.0,
      20.0,
      363.0,
      373.0,
      361.0,
      336.0,
      389.0,
      408.0,
      30.0,
      410.0,
      209.0
    ],
    [
      30.0,
      28.0,
      10.0,
      8.0,
      7.0,
      18.0,
      22.0,
      10.0,
      0.0,
      10.0,
      9.0,
      7.0,
      14.0,
      13.0,
      25.0,
      30.0,
      22.0,
      36.0,
      186.0,
      167.0,
      169.0,
      17.0,
      173.0,
      14.0,
      332.0,
      363.0,
      362.0,
      351.0,
      165.0,
      363.0,
      391.0,
      27.0,
      362.0,
      372.0,
      359.0,
      334.0,
      387.0,
      407.0,
      32.0,
      410.0,
      204.0
    ],
    [
      24.0,
      27.0,
      9.0,
      12.0,
      12.0,
      20.0,
      15.0,
      10.0,
      10.0,
      0.0,
      12.0,
      15.0,
      11.0,
      15.0,
      27.0,
      25.0,
      17.0,
      38.0,
      192.0,
      173.0,
      180.0,
      17.0,
      180.0,
      18.0,
      342.0,
      376.0,
      375.0,
      364.0,
      171.0,
      376.0,
      405.0,
      19.0,
      375.0,
      385.0,
      373.0,
      347.0,
      401.0,
      421.0,
      25.0,
      424.0,
      203.0
    ],
    [
      21.0,
      20.0,
      13.0,
      8.0,
      11.0,
      13.0,
      17.0,
      11.0,
      9.0,
      12.0,
      0.0,
      6.0,
      8.0,
      19.0,
      19.0,
      26.0,
      18.0,
      30.0,
      183.0,
      164.0,
      168.0,
      23.0,
      170.0,
      8.0,
      331.0,
      364.0,
      363.0,
      314.0,
      162.0,
      337.0,
      392.0,
      20.0,
      362.0,
      372.0,
      360.0,
      334.0,
      388.0,
      407.0,
      31.0,
      408.0,
      207.0
    ],
    [
      26.0,
      24.0,
      15.0,
      7.0,
      6.0,
      13.0,
      22.0,
      8.0,
      7.0,
      15.0,
      6.0,
      0.0,
      14.0,
      20.0,
      19.0,
      30.0,
      21.0,
      30.0,
      183.0,
      164.0,
      168.0,
      23.0,
      170.0,
      8.0,
      331.0,
      363.0,
      362.0,
      351.0,
      162.0,
      363.0,
      391.0,
      21.0,
      363.0,
      373.0,
      360.0,
      335.0,
      389.0,
      408.0,
      40.0,
      410.0,
      207.0
    ],
    [
      20.0,
      23.0,
      11.0,
      14.0,
      12.0,
      15.0,
      11.0,
      8.0,
      14.0,
      11.0,
      8.0,
      14.0,
      0.0,
      20.0,
      26.0,
      22.0,
      14.0,
      37.0,
      188.0,
      169.0,
      178.0,
      21.0,
      176.0,
      14.0,
      336.0,
      375.0,
      374.0,
      362.0,
      168.0,
      374.0,
      402.0,
      18.0,
      373.0,
      384.0,
      371.0,
      345.0,
      399.0,
      419.0,
      28.0,
      421.0,
      205.0
    ],
    [
      38.0,
      37.0,
      17.0,
      17.0,
      16.0,
      27.0,
      29.0,
      19.0,
      13.0,
      15.0,
      19.0,
      20.0,
      20.0,
      0.0,
      37.0,
      41.0,
      34.0,
      47.0,
      191.0,
      172.0,
      180.0,
      13.0,
      178.0,
      24.0,
      345.0,
      377.0,
      378.0,
      366.0,
      172.0,
      378.0,
      406.0,
      36.0,
      378.0,
      388.0,
      375.0,
      348.0,
      403.0,
      422.0,
      38.0,
      424.0,
      198.0
    ],
    [
      22.0,
      1.0,
      29.0,
      24.0,
      21.0,
      10.0,
      28.0,
      21.0,
      25.0,
      27.0,
      19.0,
      19.0,
      26.0,
      37.0,
      0.0,
      34.0,
      23.0,
      16.0,
      200.0,
      180.0,
      155.0,
      42.0,
      187.0,
      16.0,
      316.0,
      348.0,
      347.0,
      336.0,
      180.0,
      348.0,
      376.0,
      12.0,
      347.0,
      357.0,
      345.0,
      319.0,
      373.0,
      392.0,
      44.0,
      394.0,
      224.0
    ],
    [
      13.0,
      27.0,
      24.0,
      31.0,
      29.0,
      28.0,
      13.0,
      24.0,
      30.0,
      25.0,
      26.0,
      30.0,
      22.0,
      41.0,
      34.0,
      0.0,
      7.0,
      45.0,
      206.0,
      188.0,
      187.0,
      37.0,
      194.0,
      28.0,
      351.0,
      385.0,
      383.0,
      370.0,
      187.0,
      381.0,
      413.0,
      26.0,
      381.0,
      391.0,
      379.0,
      352.0,
      407.0,
      426.0,
      31.0,
      428.0,
      221.0
    ],
    [
      28.0,
      20.0,
      18.0,
      24.0,
      21.0,
      18.0,
      11.0,
      16.0,
      22.0,
      17.0,
      18.0,
      21.0,
      14.0,
      34.0,
      23.0,
      7.0,
      0.0,
      40.0,
      199.0,
      180.0,
      183.0,
      37.0,
      187.0,
      24.0,
      347.0,
      380.0,
      379.0,
      368.0,
      183.0,
      380.0,
      409.0,
      23.0,
      378.0,
      389.0,
      377.0,
      350.0,
      406.0,
      424.0,
      30.0,
      427.0,
      216.0
    ],
    [
      34.0,
      15.0,
      40.0,
      35.0,
      31.0,
      21.0,
      40.0,
      32.0,
      36.0,
      38.0,
      30.0,
      30.0,
      37.0,
      47.0,
      16.0,
      45.0,
      40.0,
      0.0,
      195.0,
      176.0,
      149.0,
      53.0,
      182.0,
      29.0,
      310.0,
      342.0,
      341.0,
      330.0,
      175.0,
      342.0,
      370.0,
      25.0,
      341.0,
      351.0,
      339.0,
      313.0,
      367.0,
      386.0,
      38.0,
      388.0,
      224.0
    ],
    [
      201.0,
      199.0,
      191.0,
      182.0,
      182.0,
      190.0,
      198.0,
      186.0,
      186.0,
      192.0,
      183.0,
      183.0,
      188.0,
      191.0,
      200.0,
      206.0,
      199.0,
      195.0,
      0.0,
      5.0,
      57.0,
      195.0,
      17.0,
      175.0,
      348.0,
      382.0,
      382.0,
      370.0,
      68.0,
      382.0,
      410.0,
      187.0,
      381.0,
      391.0,
      379.0,
      351.0,
      407.0,
      426.0,
      211.0,
      429.0,
      131.0
    ],
    [
      181.0,
      180.0,
      172.0,
      164.0,
      163.0,
      171.0,
      179.0,
      167.0,
      167.0,
      173.0,
      164.0,
      164.0,
      169.0,
      172.0,
      180.0,
      188.0,
      180.0,
      176.0,
      5.0,
      0.0,
      58.0,
      196.0,
      17.0,
      175.0,
      350.0,
      384.0,
      383.0,
      372.0,
      68.0,
      384.0,
      412.0,
      187.0,
      384.0,
      393.0,
      381.0,
      354.0,
      409.0,
      428.0,
      211.0,
      430.0,
      133.0
    ],
    [
      174.0,
      156.0,
      181.0,
      171.0,
      169.0,
      161.0,
      179.0,
      170.0,
      169.0,
      180.0,
      168.0,
      168.0,
      178.0,
      180.0,
      155.0,
      187.0,
      183.0,
      149.0,
      57.0,
      58.0,
      0.0,
      201.0,
      70.0,
      171.0,
      313.0,
      346.0,
      345.0,
      334.0,
      110.0,
      346.0,
      374.0,
      166.0,
      345.0,
      355.0,
      343.0,
      316.0,
      371.0,
      390.0,
      188.0,
      392.0,
      172.0
    ],
    [
      39.0,
      38.0,
      14.0,
      19.0,
      19.0,
      29.0,
      26.0,
      22.0,
      17.0,
      17.0,
      23.0,
      23.0,
      21.0,
      13.0,
      42.0,
      37.0,
      37.0,
      53.0,
      195.0,
      196.0,
      201.0,
      0.0,
      181.0,
      26.0,
      349.0,
      384.0,
      383.0,
      372.0,
      163.0,
      384.0,
      412.0,
      34.0,
      383.0,
      392.0,
      381.0,
      352.0,
      409.0,
      428.0,
      33.0,
      429.0,
      188.0
    ],
    [
      188.0,
      186.0,
      178.0,
      170.0,
      169.0,
      178.0,
      185.0,
      173.0,
      173.0,
      180.0,
      170.0,
      170.0,
      176.0,
      178.0,
      187.0,
      194.0,
      187.0,
      182.0,
      17.0,
      17.0,
      70.0,
      181.0,
      0.0,
      185.0,
      361.0,
      396.0,
      395.0,
      382.0,
      80.0,
      396.0,
      424.0,
      196.0,
      395.0,
      405.0,
      393.0,
      365.0,
      421.0,
      441.0,
      219.0,
      442.0,
      145.0
    ],
    [
      16.0,
      15.0,
      20.0,
      13.0,
      9.0,
      6.0,
      22.0,
      10.0,
      14.0,
      18.0,
      8.0,
      8.0,
      14.0,
      24.0,
      16.0,
      28.0,
      24.0,
      29.0,
      175.0,
      175.0,
      171.0,
      26.0,
      185.0,
      0.0,
      296.0,
      358.0,
      359.0,
      348.0,
      166.0,
      360.0,
      389.0,
      15.0,
      360.0,
      370.0,
      358.0,
      323.0,
      386.0,
      405.0,
      33.0,
      407.0,
      209.0
    ],
    [
      337.0,
      316.0,
      344.0,
      333.0,
      331.0,
      322.0,
      343.0,
      331.0,
      332.0,
      342.0,
      331.0,
      331.0,
      336.0,
      345.0,
      316.0,
      351.0,
      347.0,
      310.0,
      348.0,
      350.0,
      313.0,
      349.0,
      361.0,
      296.0,
      0.0,
      46.0,
      46.0,
      36.0,
      397.0,
      47.0,
      75.0,
      327.0,
      47.0,
      56.0,
      44.0,
      12.0,
      72.0,
      92.0,
      351.0,
      93.0,
      461.0
    ],
    [
      366.0,
      348.0,
      375.0,
      363.0,
      361.0,
      353.0,
      375.0,
      364.0,
      363.0,
      376.0,
      364.0,
      363.0,
      375.0,
      377.0,
      348.0,
      385.0,
      380.0,
      342.0,
      382.0,
      384.0,
      346.0,
      384.0,
      396.0,
      358.0,
      46.0,
      0.0,
      12.0,
      27.0,
      435.0,
      12.0,
      45.0,
      366.0,
      12.0,
      26.0,
      30.0,
      38.0,
      42.0,
      61.0,
      386.0,
      63.0,
      499.0
    ],
    [
      366.0,
      347.0,
      372.0,
      362.0,
      361.0,
      352.0,
      374.0,
      364.0,
      362.0,
      375.0,
      363.0,
      362.0,
      374.0,
      378.0,
      347.0,
      383.0,
      379.0,
      341.0,
      382.0,
      383.0,
      345.0,
      383.0,
      395.0,
      359.0,
      46.0,
      12.0,
      0.0,
      27.0,
      434.0,
      6.0,
      46.0,
      365.0,
      1.0,
      27.0,
      17.0,
      35.0,
      43.0,
      62.0,
      385.0,
      63.0,
      498.0
    ],
    [
      355.0,
      337.0,
      361.0,
      352.0,
      350.0,
      341.0,
      363.0,
      353.0,
      351.0,
      364.0,
      314.0,
      351.0,
      362.0,
      366.0,
      336.0,
      370.0,
      368.0,
      330.0,
      370.0,
      372.0,
      334.0,
      372.0,
      382.0,
      348.0,
      36.0,
      27.0,
      27.0,
      0.0,
      419.0,
      18.0,
      47.0,
      349.0,
      17.0,
      27.0,
      15.0,
      20.0,
      44.0,
      62.0,
      372.0,
      63.0,
      483.0
    ],
    [
      180.0,
      178.0,
      171.0,
      162.0,
      161.0,
      169.0,
      177.0,
      165.0,
      165.0,
      171.0,
      162.0,
      162.0,
      168.0,
      172.0,
      180.0,
      187.0,
      183.0,
      175.0,
      68.0,
      68.0,
      110.0,
      163.0,
      80.0,
      166.0,
      397.0,
      435.0,
      434.0,
      419.0,
      0.0,
      433.0,
      462.0,
      180.0,
      433.0,
      443.0,
      430.0,
      409.0,
      459.0,
      478.0,
      172.0,
      479.0,
      71.0
    ],
    [
      366.0,
      348.0,
      373.0,
      363.0,
      361.0,
      353.0,
      375.0,
      364.0,
      363.0,
      376.0,
      337.0,
      363.0,
      374.0,
      378.0,
      348.0,
      381.0,
      380.0,
      342.0,
      382.0,
      384.0,
      346.0,
      384.0,
      396.0,
      360.0,
      47.0,
      12.0,
      6.0,
      18.0,
      433.0,
      0.0,
      46.0,
      365.0,
      7.0,
      27.0,
      15.0,
      36.0,
      43.0,
      62.0,
      386.0,
      63.0,
      500.0
    ],
    [
      395.0,
      376.0,
      403.0,
      391.0,
      389.0,
      381.0,
      403.0,
      393.0,
      391.0,
      405.0,
      392.0,
      391.0,
      402.0,
      406.0,
      376.0,
      413.0,
      409.0,
      370.0,
      410.0,
      412.0,
      374.0,
      412.0,
      424.0,
      389.0,
      75.0,
      45.0,
      46.0,
      47.0,
      462.0,
      46.0,
      0.0,
      396.0,
      46.0,
      40.0,
      44.0,
      69.0,
      9.0,
      22.0,
      414.0,
      18.0,
      530.0
    ],
    [
      15.0,
      11.0,
      20.0,
      25.0,
      21.0,
      13.0,
      19.0,
      20.0,
      27.0,
      19.0,
      20.0,
      21.0,
      18.0,
      36.0,
      12.0,
      26.0,
      23.0,
      25.0,
      187.0,
      187.0,
      166.0,
      34.0,
      196.0,
      15.0,
      327.0,
      366.0,
      365.0,
      349.0,
      180.0,
      365.0,
      396.0,
      0.0,
      360.0,
      370.0,
      357.0,
      329.0,
      385.0,
      405.0,
      36.0,
      407.0,
      218.0
    ],
    [
      366.0,
      347.0,
      373.0,
      362.0,
      360.0,
      352.0,
      374.0,
      363.0,
      362.0,
      375.0,
      362.0,
      363.0,
      373.0,
      378.0,
      347.0,
      381.0,
      378.0,
      341.0,
      381.0,
      384.0,
      345.0,
      383.0,
      395.0,
      360.0,
      47.0,
      12.0,
      1.0,
      17.0,
      433.0,
      7.0,
      46.0,
      360.0,
      0.0,
      27.0,
      18.0,
      38.0,
      43.0,
      62.0,
      388.0,
      63.0,
      501.0
    ],
    [
      376.0,
      357.0,
      383.0,
      372.0,
      371.0,
      362.0,
      384.0,
      373.0,
      372.0,
      385.0,
      372.0,
      373.0,
      384.0,
      388.0,
      357.0,
      391.0,
      389.0,
      351.0,
      391.0,
      393.0,
      355.0,
      392.0,
      405.0,
      370.0,
      56.0,
      26.0,
      27.0,
      27.0,
      443.0,
      27.0,
      40.0,
      370.0,
      27.0,
      0.0,
      24.0,
      46.0,
      37.0,
      56.0,
      393.0,
      57.0,
      507.0
    ],
    [
      363.0,
      343.0,
      372.0,
      360.0,
      358.0,
      350.0,
      372.0,
      361.0,
      359.0,
      373.0,
      360.0,
      360.0,
      371.0,
      375.0,
      345.0,
      379.0,
      377.0,
      339.0,
      379.0,
      381.0,
      343.0,
      381.0,
      393.0,
      358.0,
      44.0,
      30.0,
      17.0,
      15.0,
      430.0,
      15.0,
      44.0,
      357.0,
      18.0,
      24.0,
      0.0,
      36.0,
      40.0,
      59.0,
      385.0,
      60.0,
      498.0
    ],
    [
      339.0,
      319.0,
      345.0,
      336.0,
      334.0,
      326.0,
      346.0,
      336.0,
      334.0,
      347.0,
      334.0,
      335.0,
      345.0,
      348.0,
      319.0,
      352.0,
      350.0,
      313.0,
      351.0,
      354.0,
      316.0,
