{
  "drive_dist_matrix": [
    [
      0.0,
      6.9201619999999995,
      13.357522000000001,
      11.587248,
      0.9656039999999999,
      14.001257999999998,
      5.471756,
      17.059003999999998,
      12.230984,
      7.24203,
      7.402963999999999,
      8.529501999999999,
      9.977908000000001,
      6.598293999999999,
      6.43736,
      7.0810960000000005,
      6.759228,
      9.334171999999999,
      6.598293999999999,
      7.0810960000000005,
      14.323126,
      5.63269,
      6.759228,
      7.402963999999999,
      13.035654,
      6.598293999999999,
      6.598293999999999,
      7.0810960000000005,
      14.966862,
      16.415267999999998,
      13.840323999999999,
      6.598293999999999,
      6.43736,
      18.50741,
      13.518456,
      13.840323999999999,
      17.219938,
      15.127796,
      20.760486,
      13.035654,
      8.207633999999999,
      6.276426,
      10.138842,
      6.598293999999999,
      20.277684,
      19.473014,
      7.0810960000000005,
      14.966862,
      5.471756,
      33.79614,
      22.369826,
      21.404222,
      22.208892000000002,
      29.450922000000002,
      6.43736,
      6.276426,
      18.346476,
      15.449663999999999,
      5.9545580000000005,
      5.793624
    ],
    [
      6.9201619999999995,
      0.0,
      8.207633999999999,
      16.415267999999998,
      8.0467,
      13.518456,
      2.735878,
      14.001257999999998,
      8.368568,
      5.471756,
      3.379614,
      5.9545580000000005,
      11.748182,
      4.184284,
      0.32186800000000004,
      4.02335,
      3.8624159999999996,
      3.21868,
      5.471756,
      1.448406,
      12.230984,
      0.6437360000000001,
      7.402963999999999,
      6.43736,
      25.74944,
      3.7014819999999995,
      0.6437360000000001,
      4.02335,
      16.254334,
      13.840323999999999,
      7.24203,
      4.184284,
      3.8624159999999996,
      18.185542,
      13.035654,
      11.587248,
      18.346476,
      7.24203,
      22.852628,
      11.26538,
      5.63269,
      4.82802,
      8.85137,
      3.057746,
      33.474272,
      19.955816000000002,
      5.793624,
      16.254334,
      3.8624159999999996,
      28.002515999999996,
      24.94477,
      18.185542,
      26.875978,
      23.496364,
      2.896812,
      4.82802,
      17.380872,
      9.816974,
      3.057746,
      3.057746
    ],
    [
      13.357522000000001,
      8.207633999999999,
      0.0,
      14.48406,
      9.816974,
      6.759228,
      7.402963999999999,
      6.598293999999999,
      0.16093400000000002,
      4.02335,
      5.310822,
      4.02335,
      5.471756,
      5.149888000000001,
      8.368568,
      5.63269,
      5.310822,
      11.909116000000001,
      4.9889540000000006,
      8.0467,
      4.02335,
      7.402963999999999,
      5.149888000000001,
      5.9545580000000005,
      20.438617999999998,
      5.149888000000001,
      8.529501999999999,
      5.63269,
      20.92142,
      5.9545580000000005,
      11.909116000000001,
      5.149888000000001,
      5.63269,
      10.943512,
      6.115492,
      3.379614,
      25.910374,
      16.0934,
      15.932466,
      5.149888000000001,
      4.506151999999999,
      4.9889540000000006,
      3.8624159999999996,
      7.724831999999999,
      25.910374,
      12.87472,
      4.667085999999999,
      20.92142,
      6.43736,
      35.083612,
      13.67939,
      10.943512,
      24.461968,
      30.738394000000003,
      7.402963999999999,
      4.9889540000000006,
      9.173238,
      19.151146,
      5.793624,
      7.563898
    ],
    [
      11.587248,
      16.415267999999998,
      14.48406,
      0.0,
      9.012303999999999,
      9.012303999999999,
      14.162192000000001,
      19.151146,
      14.323126,
      15.28873,
      15.449663999999999,
      15.28873,
      7.24203,
      14.644993999999999,
      15.127796,
      14.966862,
      14.805927999999998,
      18.024607999999997,
      14.001257999999998,
      15.610598,
      16.415267999999998,
      14.323126,
      11.26538,
      12.552852,
      15.449663999999999,
      14.644993999999999,
      15.127796,
      15.127796,
      22.53076,
      18.50741,
      21.72609,
      14.644993999999999,
      14.48406,
      12.713786,
      9.334171999999999,
      15.771532,
      22.047957999999998,
      22.53076,
      12.230984,
      18.990212,
      15.610598,
      14.001257999999998,
      12.07005,
      15.28873,
      13.67939,
      13.196587999999998,
      14.323126,
      22.53076,
      14.001257999999998,
      46.348992,
      26.232242,
      21.243288,
      12.713786,
      41.84284,
      14.966862,
      14.001257999999998,
      14.162192000000001,
      22.852628,
      14.323126,
      14.323126
    ],
    [
      0.9656039999999999,
      8.0467,
      9.816974,
      9.012303999999999,
      0.0,
      11.426314,
      5.9545580000000005,
      14.48406,
      9.65604,
      7.724831999999999,
      7.885766,
      9.012303999999999,
      7.24203,
      7.0810960000000005,
      6.9201619999999995,
      7.563898,
      7.24203,
      9.816974,
      7.0810960000000005,
      7.563898,
      11.748182,
      6.115492,
      5.793624,
      6.598293999999999,
      12.230984,
      7.0810960000000005,
      7.0810960000000005,
      7.563898,
      16.0934,
      13.840323999999999,
      14.162192000000001,
      7.0810960000000005,
      6.9201619999999995,
      15.932466,
      10.782578,
      11.104446000000001,
      18.346476,
      16.254334,
      18.024607999999997,
      14.323126,
      8.690436,
      6.759228,
      7.402963999999999,
      7.0810960000000005,
      17.70274,
      16.89807,
      7.402963999999999,
      16.0934,
      5.9545580000000005,
      40.072565999999995,
      21.565156,
      18.829278,
      19.473014,
      35.566414,
      6.9201619999999995,
      6.759228,
      15.610598,
      16.576202000000002,
      6.276426,
      6.115492
    ],
    [
      14.001257999999998,
      13.518456,
      6.759228,
      9.012303999999999,
      11.426314,
      0.0,
      10.782578,
      11.26538,
      6.598293999999999,
      9.012303999999999,
      10.299776000000001,
      9.012303999999999,
      3.21868,
      10.299776000000001,
      11.748182,
      10.782578,
      10.46071,
      14.966862,
      9.012303999999999,
      12.391918,
      8.690436,
      10.943512,
      7.402963999999999,
      8.207633999999999,
      21.887024,
      10.299776000000001,
      13.196587999999998,
      10.782578,
      25.74944,
      10.782578,
      17.863674,
      10.299776000000001,
      10.138842,
      6.9201619999999995,
      0.413,
      8.0467,
      28.002515999999996,
      22.208892000000002,
      9.65604,
      11.26538,
      10.782578,
      8.690436,
      6.115492,
      11.909116000000001,
      23.33543,
      8.368568,
      8.85137,
      25.74944,
      10.299776000000001,
      41.03817,
      18.50741,
      15.449663999999999,
      18.185542,
      32.669602,
      11.748182,
      8.690436,
      8.368568,
      26.232242,
      9.977908000000001,
      11.104446000000001
    ],
    [
      5.471756,
      2.735878,
      7.402963999999999,
      14.162192000000001,
      5.9545580000000005,
      10.782578,
      0.0,
      9.65604,
      5.9545580000000005,
      1.9312079999999998,
      0.9656039999999999,
      3.379614,
      9.495106,
      0.6437360000000001,
      1.7702740000000001,
      0.6437360000000001,
      0.9656039999999999,
      4.667085999999999,
      2.2530759999999996,
      2.2530759999999996,
      9.65604,
      0.6437360000000001,
      5.149888000000001,
      4.184284,
      15.771532,
      0.80467,
      1.7702740000000001,
      0.80467,
      16.89807,
      11.587248,
      8.85137,
      0.6437360000000001,
      0.9656039999999999,
      15.932466,
      10.782578,
      10.138842,
      18.829278,
      8.690436,
      20.277684,
      9.816974,
      1.9312079999999998,
      1.60934,
      6.598293999999999,
      0.6437360000000001,
      23.013562,
      17.863674,
      2.41401,
      16.89807,
      0.80467,
      29.129054000000004,
      18.185542,
      15.932466,
      24.622902,
      24.783836,
      0.48280199999999995,
      1.448406,
      14.805927999999998,
      11.26538,
      0.32186800000000004,
      0.32186800000000004
    ],
    [
      17.059003999999998,
      14.001257999999998,
      6.598293999999999,
      19.151146,
      14.48406,
      11.26538,
      9.65604,
      0.0,
      5.471756,
      7.724831999999999,
      8.85137,
      6.9201619999999995,
      9.977908000000001,
      9.173238,
      13.196587999999998,
      9.495106,
      9.334171999999999,
      14.323126,
      8.690436,
      12.552852,
      4.345218,
      11.426314,
      8.368568,
      8.690436,
      25.105704,
      9.173238,
      13.035654,
      9.495106,
      24.94477,
      2.2530759999999996,
      13.840323999999999,
      9.173238,
      9.495106,
      12.07005,
      10.782578,
      4.02335,
      31.38213,
      18.50741,
      15.610598,
      3.7014819999999995,
      8.0467,
      8.690436,
      9.334171999999999,
      10.782578,
      31.543064,
      14.001257999999998,
      8.368568,
      24.94477,
      11.104446000000001,
      37.497622,
      10.46071,
      7.724831999999999,
      26.393175999999997,
      29.129054000000004,
      10.621644,
      8.690436,
      9.012303999999999,
      21.565156,
      9.816974,
      11.426314
    ],
    [
      12.230984,
      8.368568,
      0.16093400000000002,
      14.323126,
      9.65604,
      6.598293999999999,
      5.9545580000000005,
      5.471756,
      0.0,
      4.02335,
      4.9889540000000006,
      3.7014819999999995,
      5.149888000000001,
      5.149888000000001,
      8.368568,
      5.63269,
      5.310822,
      11.587248,
      4.82802,
      7.724831999999999,
      4.02335,
      7.563898,
      4.9889540000000006,
      4.9889540000000006,
      20.277684,
      5.149888000000001,
      8.207633999999999,
      5.63269,
      20.92142,
      5.9545580000000005,
      11.587248,
      5.149888000000001,
      5.63269,
      10.46071,
      5.9545580000000005,
      3.379614,
      23.174496,
      15.932466,
      15.771532,
      4.82802,
      4.184284,
      4.82802,
      3.7014819999999995,
      7.402963999999999,
      25.74944,
      12.391918,
      4.506151999999999,
      20.92142,
      6.43736,
      34.761744,
      13.67939,
      10.943512,
      24.1401,
      26.393175999999997,
      7.24203,
      4.82802,
      9.173238,
      18.829278,
      5.793624,
      7.563898
    ],
    [
      7.24203,
      5.471756,
      4.02335,
      15.28873,
      7.724831999999999,
      9.012303999999999,
      1.9312079999999998,
      7.724831999999999,
      4.02335,
      0.0,
      1.9312079999999998,
      1.60934,
      7.724831999999999,
      1.2874720000000002,
      4.345218,
      1.60934,
      1.448406,
      8.529501999999999,
      2.092142,
      4.667085999999999,
      7.885766,
      3.5405480000000003,
      4.667085999999999,
      5.310822,
      18.668343999999998,
      1.2874720000000002,
      4.506151999999999,
      1.7702740000000001,
      17.059003999999998,
      8.0467,
      8.529501999999999,
      1.2874720000000002,
      1.7702740000000001,
      13.518456,
      8.368568,
      7.24203,
      19.31208,
      12.87472,
      18.185542,
      6.9201619999999995,
      0.48280199999999995,
      2.2530759999999996,
      4.345218,
      4.345218,
      24.622902,
      15.449663999999999,
      0.9656039999999999,
      17.059003999999998,
      2.092142,
      31.703998,
      15.28873,
      13.035654,
      25.74944,
      23.33543,
      4.184284,
      2.2530759999999996,
      13.196587999999998,
      15.771532,
      1.9312079999999998,
      3.7014819999999995
    ],
    [
      7.402963999999999,
      3.379614,
      5.310822,
      15.449663999999999,
      7.885766,
      10.299776000000001,
      0.9656039999999999,
      8.85137,
      4.9889540000000006,
      1.9312079999999998,
      0.0,
      2.5749440000000003,
      8.85137,
      0.48280199999999995,
      3.057746,
      0.6437360000000001,
      0.6437360000000001,
      7.724831999999999,
      2.092142,
      3.7014819999999995,
      8.85137,
      2.2530759999999996,
      6.759228,
      5.793624,
      19.151146,
      0.48280199999999995,
      3.21868,
      0.16093400000000002,
      18.346476,
      8.85137,
      7.724831999999999,
      0.48280199999999995,
      0.48280199999999995,
      14.644993999999999,
      9.495106,
      8.207633999999999,
      24.783836,
      11.909116000000001,
      19.31208,
      7.885766,
      2.2530759999999996,
      1.448406,
      5.63269,
      0.32186800000000004,
      23.979166,
      16.576202000000002,
      2.092142,
      18.346476,
      1.2874720000000002,
      30.899327999999997,
      16.254334,
      14.001257999999998,
      24.94477,
      22.53076,
      0.48280199999999995,
      1.448406,
      14.001257999999998,
      14.966862,
      1.1265379999999998,
      0.9656039999999999
    ],
    [
      8.529501999999999,
      5.9545580000000005,
      4.02335,
      15.28873,
      9.012303999999999,
      9.012303999999999,
      3.379614,
      6.9201619999999995,
      3.7014819999999995,
      1.60934,
      2.5749440000000003,
      0.0,
      7.724831999999999,
      2.735878,
      7.24203,
      3.21868,
      2.896812,
      8.368568,
      2.735878,
      6.598293999999999,
      7.563898,
      5.471756,
      4.667085999999999,
      7.24203,
      20.599552000000003,
      2.735878,
      7.0810960000000005,
      3.21868,
      18.990212,
      7.402963999999999,
      8.368568,
      2.735878,
      3.21868,
      13.518456,
      8.368568,
      6.9201619999999995,
      21.243288,
      13.196587999999998,
      18.185542,
      6.598293999999999,
      1.7702740000000001,
      4.184284,
      4.506151999999999,
      4.82802,
      26.55411,
      15.449663999999999,
      2.2530759999999996,
      18.990212,
      5.149888000000001,
      31.543064,
      14.001257999999998,
      11.748182,
      26.715044000000002,
      23.174496,
      4.667085999999999,
      4.184284,
      12.713786,
      15.771532,
      3.379614,
      5.471756
    ],
    [
      9.977908000000001,
      11.748182,
      5.471756,
      7.24203,
      7.24203,
      3.21868,
      9.495106,
      9.977908000000001,
      5.149888000000001,
      7.724831999999999,
      8.85137,
      7.724831999999999,
      0.0,
      9.012303999999999,
      10.621644,
      9.65604,
      9.173238,
      13.196587999999998,
      7.724831999999999,
      11.104446000000001,
      7.402963999999999,
      9.816974,
      5.471756,
      6.759228,
      16.0934,
      9.012303999999999,
      10.621644,
      9.495106,
      21.72609,
      9.334171999999999,
      16.576202000000002,
      9.012303999999999,
      8.85137,
      9.65604,
      2.735878,
      6.759228,
      23.979166,
      21.72609,
      12.07005,
      9.977908000000001,
      8.207633999999999,
      7.402963999999999,
      3.057746,
      10.782578,
      21.887024,
      11.104446000000001,
      7.563898,
      21.72609,
      8.85137,
      39.750698,
      17.219938,
      14.323126,
      17.380872,
      31.38213,
      10.46071,
      7.402963999999999,
      11.104446000000001,
      22.208892000000002,
      8.690436,
      9.816974
    ],
    [
      6.598293999999999,
      4.184284,
      5.149888000000001,
      14.644993999999999,
      7.0810960000000005,
      10.299776000000001,
      0.6437360000000001,
      9.173238,
      5.149888000000001,
      1.2874720000000002,
      0.48280199999999995,
      2.735878,
      9.012303999999999,
      0.0,
      3.057746,
      0.16093400000000002,
      0.32186800000000004,
      6.276426,
      2.092142,
      3.7014819999999995,
      9.495106,
      2.2530759999999996,
      5.310822,
      4.506151999999999,
      17.380872,
      0.4,
      3.21868,
      0.48280199999999995,
      15.771532,
      9.495106,
      8.207633999999999,
      0.03,
      0.32186800000000004,
      14.644993999999999,
      9.65604,
      8.85137,
      20.599552000000003,
      10.299776000000001,
      19.31208,
      8.529501999999999,
      1.7702740000000001,
      1.448406,
      5.63269,
      0.48280199999999995,
      23.979166,
      16.576202000000002,
      2.092142,
      15.771532,
      0.6437360000000001,
      31.543064,
      16.89807,
      14.644993999999999,
      25.105704,
      27.036912,
      0.48280199999999995,
      1.448406,
      14.644993999999999,
      13.035654,
      0.6437360000000001,
      0.48280199999999995
    ],
    [
      6.43736,
      0.32186800000000004,
      8.368568,
      15.127796,
      6.9201619999999995,
      11.748182,
      1.7702740000000001,
      13.196587999999998,
      8.368568,
      4.345218,
      3.057746,
      7.24203,
      10.621644,
      3.057746,
      0.0,
      3.21868,
      3.057746,
      3.057746,
      5.310822,
      0.9656039999999999,
      11.426314,
      0.9656039999999999,
      7.24203,
      6.276426,
      25.588506,
      2.896812,
      0.32186800000000004,
      3.21868,
      13.035654,
      12.87472,
      7.0810960000000005,
      3.21868,
      3.057746,
      18.024607999999997,
      12.87472,
      10.782578,
      18.185542,
      7.0810960000000005,
      22.691694,
      10.46071,
      4.82802,
      3.8624159999999996,
      8.690436,
      2.2530759999999996,
      33.474272,
      19.955816000000002,
      4.506151999999999,
      13.035654,
      3.7014819999999995,
      27.841582000000002,
      23.979166,
      17.219938,
      26.715044000000002,
      23.33543,
      2.092142,
      3.8624159999999996,
      16.576202000000002,
      9.65604,
      2.896812,
      2.896812
    ],
    [
      7.0810960000000005,
      4.02335,
      5.63269,
      14.966862,
      7.563898,
      10.782578,
      0.6437360000000001,
      9.495106,
      5.63269,
      1.60934,
      0.6437360000000001,
      3.21868,
      9.65604,
      0.16093400000000002,
      3.21868,
      0.0,
      0.32186800000000004,
      5.793624,
      1.7702740000000001,
      3.057746,
      10.138842,
      1.7702740000000001,
      4.82802,
      3.8624159999999996,
      16.89807,
      0.16093400000000002,
      2.5749440000000003,
      0.48280199999999995,
      15.127796,
      11.587248,
      9.65604,
      0.16093400000000002,
      0.48280199999999995,
      14.323126,
      9.334171999999999,
      9.495106,
      19.955816000000002,
      9.816974,
      18.990212,
      9.816974,
      4.184284,
      1.1265379999999998,
      5.310822,
      0.48280199999999995,
      23.496364,
      16.254334,
      2.092142,
      15.127796,
      0.6437360000000001,
      30.255592,
      18.346476,
      16.0934,
      24.622902,
      25.910374,
      0.48280199999999995,
      1.1265379999999998,
      14.001257999999998,
      12.391918,
      0.48280199999999995,
      0.48280199999999995
    ],
    [
      6.759228,
      3.8624159999999996,
      5.310822,
      14.805927999999998,
      7.24203,
      10.46071,
      0.9656039999999999,
      9.334171999999999,
      5.310822,
      1.448406,
      0.6437360000000001,
      2.896812,
      9.173238,
      0.32186800000000004,
      3.057746,
      0.32186800000000004,
      0.0,
      5.9545580000000005,
      1.7702740000000001,
      3.379614,
      10.138842,
      1.9312079999999998,
      4.9889540000000006,
      4.02335,
      17.059003999999998,
      0.16093400000000002,
      2.735878,
      0.6437360000000001,
      15.449663999999999,
      9.495106,
      8.207633999999999,
      0.32186800000000004,
      0.48280199999999995,
      14.323126,
      9.173238,
      9.495106,
      20.11675,
      9.977908000000001,
      18.990212,
      8.529501999999999,
      1.7702740000000001,
      1.1265379999999998,
      5.310822,
      0.80467,
      23.657297999999997,
      16.254334,
      1.7702740000000001,
      15.449663999999999,
      0.80467,
      31.543064,
      16.89807,
      14.644993999999999,
      24.783836,
      27.036912,
      0.80467,
      1.1265379999999998,
      14.001257999999998,
      12.552852,
      0.80467,
      0.80467
    ],
    [
      9.334171999999999,
      3.21868,
      11.909116000000001,
      18.024607999999997,
      9.816974,
      14.966862,
      4.667085999999999,
      14.323126,
      11.587248,
      8.529501999999999,
      7.724831999999999,
      8.368568,
      13.196587999999998,
      6.276426,
      3.057746,
      5.793624,
      5.9545580000000005,
      0.0,
      6.9201619999999995,
      3.057746,
      13.67939,
      4.184284,
      9.334171999999999,
      8.368568,
      25.588506,
      5.310822,
      3.057746,
      5.471756,
      11.748182,
      15.932466,
      6.115492,
      5.63269,
      5.310822,
      20.11675,
      14.966862,
      13.035654,
      18.024607999999997,
      5.63269,
      24.461968,
      12.713786,
      7.0810960000000005,
      6.276426,
      10.782578,
      4.506151999999999,
      33.313338,
      21.887024,
      6.759228,
      11.587248,
      5.793624,
      24.94477,
      27.197846,
      20.438617999999998,
      28.807185999999998,
      20.599552000000003,
      4.345218,
      6.276426,
      26.232242,
      8.207633999999999,
      4.9889540000000006,
      4.9889540000000006
    ],
    [
      6.598293999999999,
      5.471756,
      4.9889540000000006,
      14.001257999999998,
      7.0810960000000005,
      9.012303999999999,
      2.2530759999999996,
      8.690436,
      4.82802,
      2.092142,
      2.092142,
      2.735878,
      7.724831999999999,
      2.092142,
      5.310822,
      1.7702740000000001,
      1.7702740000000001,
      6.9201619999999995,
      0.0,
      4.82802,
      8.368568,
      3.379614,
      3.7014819999999995,
      2.896812,
      16.576202000000002,
      3.21868,
      4.345218,
      3.5405480000000003,
      16.89807,
      8.207633999999999,
      10.299776000000001,
      3.057746,
      2.5749440000000003,
      12.552852,
      7.402963999999999,
      7.724831999999999,
      21.887024,
      11.104446000000001,
      17.219938,
      7.24203,
      3.057746,
      0.80467,
      3.5405480000000003,
      4.345218,
      23.818232000000002,
      14.48406,
      0.48280199999999995,
      16.89807,
      2.2530759999999996,
      33.474272,
      16.737136,
      14.644993999999999,
      25.74944,
      29.129054000000004,
      4.184284,
      0.9656039999999999,
      12.230984,
      13.67939,
      2.5749440000000003,
      3.5405480000000003
    ],
    [
      7.0810960000000005,
      1.448406,
      8.0467,
      15.610598,
      7.563898,
      12.391918,
      2.2530759999999996,
      12.552852,
      7.724831999999999,
      4.667085999999999,
      3.7014819999999995,
      6.598293999999999,
      11.104446000000001,
      3.7014819999999995,
      0.9656039999999999,
      3.057746,
      3.379614,
      3.057746,
      4.82802,
      0.0,
      11.909116000000001,
      1.9312079999999998,
      7.0810960000000005,
      6.115492,
      25.427572,
      3.379614,
      0.80467,
      3.7014819999999995,
      12.87472,
      13.518456,
      6.9201619999999995,
      3.7014819999999995,
      3.5405480000000003,
      17.70274,
      12.713786,
      11.26538,
      17.863674,
      6.9201619999999995,
      22.369826,
      10.943512,
      5.310822,
      4.9889540000000006,
      8.529501999999999,
      2.735878,
      33.152404000000004,
      19.633948,
      4.9889540000000006,
      12.87472,
      3.379614,
      27.519714,
      24.622902,
      17.863674,
      26.55411,
      23.174496,
      2.41401,
      4.184284,
      17.059003999999998,
      9.495106,
      2.735878,
      2.5749440000000003
    ],
    [
      14.323126,
      12.230984,
      4.02335,
      16.415267999999998,
      11.748182,
      8.690436,
      9.65604,
      4.345218,
      4.02335,
      7.885766,
      8.85137,
      7.563898,
      7.402963999999999,
      9.495106,
      11.426314,
      10.138842,
      10.138842,
      13.67939,
      8.368568,
      11.909116000000001,
      0.0,
      11.26538,
      7.885766,
      8.529501999999999,
      22.369826,
      9.012303999999999,
      12.713786,
      9.334171999999999,
      26.232242,
      3.7014819999999995,
      18.829278,
      9.012303999999999,
      9.495106,
      8.0467,
      8.0467,
      0.32186800000000004,
      28.485318,
      19.633948,
      11.587248,
      6.759228,
      7.885766,
      9.173238,
      6.598293999999999,
      11.104446000000001,
      27.519714,
      9.977908000000001,
      9.334171999999999,
      26.232242,
      10.943512,
      42.164708,
      11.587248,
      8.85137,
      22.369826,
      30.738394000000003,
      10.943512,
      9.173238,
      4.9889540000000006,
      22.691694,
      9.65604,
      11.26538
    ],
    [
      5.63269,
      0.6437360000000001,
      7.402963999999999,
      14.323126,
      6.115492,
      10.943512,
      0.6437360000000001,
      11.426314,
      7.563898,
      3.5405480000000003,
      2.2530759999999996,
      5.471756,
      9.816974,
      2.2530759999999996,
      0.9656039999999999,
      1.7702740000000001,
      1.9312079999999998,
      4.184284,
      3.379614,
      1.9312079999999998,
      11.26538,
      0.0,
      5.471756,
      4.506151999999999,
      16.254334,
      1.448406,
      1.1265379999999998,
      0.9656039999999999,
      15.610598,
      9.977908000000001,
      7.402963999999999,
      1.9312079999999998,
      1.60934,
      16.254334,
      11.104446000000001,
      9.334171999999999,
      18.668343999999998,
      9.334171999999999,
      20.599552000000003,
      9.012303999999999,
      3.379614,
      2.41401,
      7.0810960000000005,
      0.80467,
      23.33543,
      18.185542,
      3.057746,
      15.610598,
      1.9312079999999998,
      30.738394000000003,
      23.657297999999997,
      15.127796,
      25.105704,
      18.829278,
      0.80467,
      2.41401,
      15.127796,
      12.230984,
      0.80467,
      0.80467
    ],
    [
      6.759228,
      7.402963999999999,
      5.149888000000001,
      11.26538,
      5.793624,
      7.402963999999999,
      5.149888000000001,
      8.368568,
      4.9889540000000006,
      4.667085999999999,
      6.759228,
      4.667085999999999,
      5.471756,
      5.310822,
      7.24203,
      4.82802,
      4.9889540000000006,
      9.334171999999999,
      3.7014819999999995,
      7.0810960000000005,
      7.885766,
      5.471756,
      0.0,
      1.9312079999999998,
      17.541806,
      6.115492,
      6.759228,
      6.43736,
      21.565156,
      9.816974,
      13.196587999999998,
      6.115492,
      5.793624,
      11.909116000000001,
      6.9201619999999995,
      7.24203,
      23.657297999999997,
      13.67939,
      16.576202000000002,
      7.563898,
      5.149888000000001,
      4.184284,
      1.2874720000000002,
      6.9201619999999995,
      23.013562,
      13.840323999999999,
      4.506151999999999,
      21.404222,
      4.345218,
      36.692952,
      17.541806,
      14.805927999999998,
      22.047957999999998,
      28.485318,
      6.598293999999999,
      4.184284,
      11.587248,
      16.254334,
      4.667085999999999,
      5.9545580000000005
    ],
    [
      7.402963999999999,
      6.43736,
      5.9545580000000005,
      12.552852,
      6.598293999999999,
      8.207633999999999,
      4.184284,
      8.690436,
      4.9889540000000006,
      5.310822,
      5.793624,
      7.24203,
      6.759228,
      4.506151999999999,
      6.276426,
      3.8624159999999996,
      4.02335,
      8.368568,
      2.896812,
      6.115492,
      8.529501999999999,
      4.506151999999999,
      1.9312079999999998,
      0.0,
      18.50741,
      5.310822,
      5.63269,
      5.793624,
      18.829278,
      10.621644,
      12.391918,
      5.310822,
      4.82802,
      12.713786,
      7.563898,
      7.885766,
      21.082354,
      13.035654,
      17.380872,
      7.885766,
      5.63269,
      3.379614,
      3.379614,
      5.63269,
      23.979166,
      14.644993999999999,
      3.8624159999999996,
      18.829278,
      3.379614,
      35.727348,
      18.346476,
      15.610598,
      23.013562,
      27.35878,
      5.471756,
      3.379614,
      12.391918,
      15.610598,
      3.7014819999999995,
      4.82802
    ],
    [
      13.035654,
      25.74944,
      20.438617999999998,
      15.449663999999999,
      12.230984,
      21.887024,
      15.771532,
      25.105704,
      20.277684,
      18.668343999999998,
      19.151146,
      20.599552000000003,
      16.0934,
      17.380872,
      25.588506,
      16.89807,
      17.059003999999998,
      25.588506,
      16.576202000000002,
      25.427572,
      22.369826,
      16.254334,
      17.541806,
      18.50741,
      0.0,
      22.369826,
      25.427572,
      22.691694,
      22.369826,
      24.461968,
      30.094658,
      16.89807,
      16.576202000000002,
      27.841582000000002,
      21.565156,
      21.887024,
      10.138842,
      25.105704,
      27.35878,
      25.105704,
      18.50741,
      16.415267999999998,
      18.185542,
      26.715044000000002,
      11.426314,
      28.324384000000002,
      17.219938,
      22.369826,
      15.771532,
      46.188058,
      50.372342,
      29.450922000000002,
      24.94477,
      41.681906,
      26.55411,
      16.415267999999998,
      29.289987999999997,
      23.818232000000002,
      26.715044000000002,
      26.55411
    ],
    [
      6.598293999999999,
      3.7014819999999995,
      5.149888000000001,
      14.644993999999999,
      7.0810960000000005,
      10.299776000000001,
      0.80467,
      9.173238,
      5.149888000000001,
      1.2874720000000002,
      0.48280199999999995,
      2.735878,
      9.012303999999999,
      0.4,
      2.896812,
      0.16093400000000002,
      0.16093400000000002,
      5.310822,
      3.21868,
      3.379614,
      9.012303999999999,
      1.448406,
      6.115492,
      5.310822,
      22.369826,
      0.0,
      2.735878,
      0.48280199999999995,
      15.28873,
      9.334171999999999,
      8.207633999999999,
      0.371,
      0.32186800000000004,
      14.162192000000001,
      9.173238,
      9.495106,
      20.11675,
      9.816974,
      18.829278,
      8.368568,
      1.60934,
      0.9656039999999999,
      5.149888000000001,
      0.6437360000000001,
      23.496364,
      16.0934,
      1.60934,
      15.28873,
      0.6437360000000001,
      32.669602,
      16.737136,
      14.48406,
      24.622902,
      24.301033999999998,
      0.6437360000000001,
      0.9656039999999999,
      13.840323999999999,
      12.552852,
      0.6437360000000001,
      0.6437360000000001
    ],
    [
      6.598293999999999,
      0.6437360000000001,
      8.529501999999999,
      15.127796,
      7.0810960000000005,
      13.196587999999998,
      1.7702740000000001,
      13.035654,
      8.207633999999999,
      4.506151999999999,
      3.21868,
      7.0810960000000005,
      10.621644,
      3.21868,
      0.32186800000000004,
      2.5749440000000003,
      2.735878,
      3.057746,
      4.345218,
      0.80467,
      12.713786,
      1.1265379999999998,
      6.759228,
      5.63269,
      25.427572,
      2.735878,
      0.0,
      3.5405480000000003,
      13.035654,
      13.357522000000001,
      6.9201619999999995,
      3.5405480000000003,
      3.379614,
      17.863674,
      12.713786,
      11.104446000000001,
      18.024607999999997,
      6.9201619999999995,
      22.53076,
      10.782578,
      5.149888000000001,
      4.506151999999999,
      8.690436,
      2.5749440000000003,
      33.313338,
      19.794882,
      4.82802,
      13.035654,
      3.5405480000000003,
      28.002515999999996,
      24.461968,
      17.70274,
      26.55411,
      19.633948,
      2.2530759999999996,
      4.506151999999999,
      16.89807,
      9.65604,
      2.896812,
      2.735878
    ],
    [
      7.0810960000000005,
      4.02335,
      5.63269,
      15.127796,
      7.563898,
      10.782578,
      0.80467,
      9.495106,
      5.63269,
      1.7702740000000001,
      0.16093400000000002,
      3.21868,
      9.495106,
      0.48280199999999995,
      3.21868,
      0.48280199999999995,
      0.6437360000000001,
      5.471756,
      3.5405480000000003,
      3.7014819999999995,
      9.334171999999999,
      0.9656039999999999,
      6.43736,
      5.793624,
      22.691694,
      0.48280199999999995,
      3.5405480000000003,
      0.0,
      15.932466,
      9.173238,
      7.885766,
      0.48280199999999995,
      0.48280199999999995,
      14.805927999999998,
      9.65604,
      8.529501999999999,
      18.185542,
      11.104446000000001,
      19.473014,
      8.207633999999999,
      2.41401,
      1.60934,
      5.793624,
      0.16093400000000002,
      24.1401,
      16.737136,
      2.2530759999999996,
      15.932466,
      1.448406,
      32.347734,
      16.576202000000002,
      14.323126,
      25.266638,
      20.599552000000003,
      0.16093400000000002,
      1.60934,
      14.323126,
      14.001257999999998,
      0.9656039999999999,
      0.80467
    ],
    [
      14.966862,
      16.254334,
      20.92142,
      22.53076,
      16.0934,
      25.74944,
      16.89807,
      24.94477,
      20.92142,
      17.059003999999998,
      18.346476,
      18.990212,
      21.72609,
      15.771532,
      13.035654,
      15.127796,
      15.449663999999999,
      11.748182,
      16.89807,
      12.87472,
      26.232242,
      15.610598,
      21.565156,
      18.829278,
      22.369826,
      15.28873,
      13.035654,
      15.932466,
      0.0,
      25.588506,
      14.001257999999998,
      16.415267999999998,
      16.0934,
      29.933724,
      24.783836,
      25.105704,
      12.230984,
      7.0810960000000005,
      32.025866,
      23.818232000000002,
      18.024607999999997,
      15.771532,
      21.404222,
      16.254334,
      28.002515999999996,
      30.738394000000003,
      16.737136,
      0.075,
      16.89807,
      35.727348,
      35.40548,
      29.933724,
      32.508668,
      17.059003999999998,
      16.0934,
      15.771532,
      29.611855999999996,
      7.563898,
      16.254334,
      16.0934
    ],
    [
      16.415267999999998,
      13.840323999999999,
      5.9545580000000005,
      18.50741,
      13.840323999999999,
      10.782578,
      11.587248,
      2.2530759999999996,
      5.9545580000000005,
      8.0467,
      8.85137,
      7.402963999999999,
      9.334171999999999,
      9.495106,
      12.87472,
      11.587248,
      9.495106,
      15.932466,
      8.207633999999999,
      13.518456,
      3.7014819999999995,
      9.977908000000001,
      9.816974,
      10.621644,
      24.461968,
      9.334171999999999,
      13.357522000000001,
      9.173238,
      25.588506,
      0.0,
      13.196587999999998,
      8.85137,
      9.334171999999999,
      11.426314,
      10.138842,
      3.379614,
      31.221196,
      18.50741,
      14.966862,
      3.8624159999999996,
      8.0467,
      8.690436,
      8.690436,
      10.621644,
      30.899327999999997,
      13.357522000000001,
      8.368568,
      24.783836,
      10.943512,
      36.532018,
      9.173238,
      7.0810960000000005,
      25.74944,
      25.105704,
      10.46071,
      8.690436,
      8.368568,
      21.404222,
      9.495106,
      11.26538
    ],
    [
      13.840323999999999,
      7.24203,
      11.909116000000001,
      21.72609,
      14.162192000000001,
      17.863674,
      8.85137,
      13.840323999999999,
      11.587248,
      8.529501999999999,
      7.724831999999999,
      8.368568,
      16.576202000000002,
      8.207633999999999,
      7.0810960000000005,
      9.65604,
      8.207633999999999,
      6.115492,
      10.299776000000001,
      6.9201619999999995,
      18.829278,
      7.402963999999999,
      13.196587999999998,
      12.391918,
      30.094658,
      8.207633999999999,
      6.9201619999999995,
      7.885766,
      14.001257999999998,
      13.196587999999998,
      0.0,
      8.529501999999999,
      8.207633999999999,
      26.715044000000002,
      16.576202000000002,
      18.668343999999998,
      22.53076,
      6.9201619999999995,
      26.393175999999997,
      13.840323999999999,
      9.012303999999999,
      9.334171999999999,
      12.552852,
      8.0467,
      37.81949,
      28.646252,
      9.173238,
      14.001257999999998,
      10.46071,
      23.657297999999997,
      24.622902,
      18.024607999999997,
      32.99147,
      15.127796,
      7.885766,
      9.334171999999999,
      23.657297999999997,
      10.621644,
      8.85137,
      8.85137
    ],
    [
      6.598293999999999,
      4.184284,
      5.149888000000001,
      14.644993999999999,
      7.0810960000000005,
      10.299776000000001,
      0.6437360000000001,
      9.173238,
      5.149888000000001,
      1.2874720000000002,
      0.48280199999999995,
      2.735878,
      9.012303999999999,
      0.03,
      3.21868,
      0.16093400000000002,
      0.32186800000000004,
      5.63269,
      3.057746,
      3.7014819999999995,
      9.012303999999999,
      1.9312079999999998,
      6.115492,
      5.310822,
      16.89807,
      0.371,
      3.5405480000000003,
      0.48280199999999995,
      16.415267999999998,
      8.85137,
      8.529501999999999,
      0.0,
      0.32186800000000004,
      14.644993999999999,
      9.65604,
      8.85137,
      20.599552000000003,
      12.552852,
      19.473014,
      8.529501999999999,
      1.7702740000000001,
      1.448406,
      5.63269,
      0.48280199999999995,
      23.979166,
      16.576202000000002,
      2.092142,
      15.771532,
      0.80467,
      33.152404000000004,
      16.89807,
      14.644993999999999,
      25.105704,
      21.243288,
      0.48280199999999995,
      1.448406,
      14.644993999999999,
      15.610598,
      0.6437360000000001,
      0.48280199999999995
    ],
    [
      6.43736,
      3.8624159999999996,
      5.63269,
      14.48406,
      6.9201619999999995,
      10.138842,
      0.9656039999999999,
      9.495106,
      5.63269,
      1.7702740000000001,
      0.48280199999999995,
      3.21868,
      8.85137,
      0.32186800000000004,
      3.057746,
      0.48280199999999995,
      0.48280199999999995,
      5.310822,
      2.5749440000000003,
      3.5405480000000003,
      9.495106,
      1.60934,
      5.793624,
      4.82802,
      16.576202000000002,
      0.32186800000000004,
      3.379614,
      0.48280199999999995,
      16.0934,
      9.334171999999999,
      8.207633999999999,
      0.32186800000000004,
      0.0,
      14.48406,
      9.334171999999999,
      8.368568,
      20.277684,
      12.230984,
      19.151146,
      8.0467,
      0.80467,
      1.2874720000000002,
      5.471756,
      0.48280199999999995,
      23.818232000000002,
      16.415267999999998,
      1.60934,
      16.576202000000002,
      1.1265379999999998,
      32.669602,
      16.415267999999998,
      14.323126,
      25.427572,
      20.92142,
      0.6437360000000001,
      1.2874720000000002,
      14.323126,
      15.127796,
      0.9656039999999999,
      0.80467
    ],
    [
      18.50741,
      18.185542,
      10.943512,
      12.713786,
      15.932466,
      6.9201619999999995,
      15.932466,
      12.07005,
      10.46071,
      13.518456,
      14.644993999999999,
      13.518456,
      9.65604,
      14.644993999999999,
      18.024607999999997,
