{
  "drive_dist_matrix": [
    [
      0.0,
      1.2,
      2.7,
      3.0,
      2.2,
      4.2,
      0.35,
      4.0,
      0.55,
      8.6,
      4.5,
      2.8,
      4.8,
      5.0,
      2.8,
      1.1,
      2.3,
      4.4,
      2.4,
      17.6
    ],
    [
      1.2,
      0.0,
      3.1,
      2.3,
      2.5,
      4.0,
      1.8,
      4.2,
      0.55,
      8.8,
      4.3,
      3.2,
      5.0,
      4.5,
      2.0,
      0.95,
      2.7,
      3.7,
      0.85,
      18.0
    ],
    [
      2.7,
      3.1,
      0.0,
      1.5,
      1.6,
      2.0,
      2.1,
      4.6,
      2.2,
      9.6,
      2.2,
      0.22,
      5.5,
      2.4,
      2.8,
      2.0,
      0.4,
      4.6,
      2.8,
      15.6
    ],
    [
      3.0,
      2.3,
      1.5,
      0.0,
      3.4,
      1.9,
      2.9,
      6.4,
      2.2,
      9.2,
      2.2,
      2.1,
      7.3,
      2.4,
      2.4,
      2.6,
      2.2,
      4.2,
      0.6,
      17.2
    ],
    [
      2.2,
      2.5,
      1.6,
      3.4,
      0.0,
      3.4,
      2.4,
      4.9,
      2.5,
      10.5,
      3.6,
      1.7,
      5.1,
      3.8,
      3.3,
      2.3,
      0.55,
      5.1,
      2.9,
      17.0
    ],
    [
      4.2,
      4.0,
      2.0,
      1.9,
      3.4,
      0.0,
      4.2,
      6.8,
      3.9,
      10.8,
      0.25,
      2.4,
      7.6,
      0.9,
      4.1,
      4.3,
      2.6,
      5.8,
      3.2,
      16.3
    ],
    [
      0.35,
      1.8,
      2.1,
      2.9,
      2.4,
      4.2,
      0.0,
      3.7,
      0.3,
      8.2,
      4.5,
      2.6,
      4.5,
      4.7,
      2.3,
      0.5,
      2.1,
      4.0,
      2.0,
      17.4
    ],
    [
      4.0,
      4.2,
      4.6,
      6.4,
      4.9,
      6.8,
      3.7,
      0.0,
      4.1,
      15.6,
      7.3,
      5.3,
      0.7,
      7.5,
      6.3,
      4.6,
      4.8,
      7.9,
      5.5,
      20.7
    ],
    [
      0.55,
      0.55,
      2.2,
      2.2,
      2.5,
      3.9,
      0.3,
      4.1,
      0.0,
      8.4,
      3.9,
      2.6,
      4.5,
      4.1,
      1.6,
      0.55,
      2.1,
      3.4,
      1.4,
      17.4
    ],
    [
      8.6,
      8.8,
      9.6,
      9.2,
      10.5,
      10.8,
      8.2,
      15.6,
      8.4,
      0.0,
      10.8,
      9.6,
      15.8,
      11.0,
      7.1,
      8.7,
      9.2,
      7.9,
      8.2,
      41.0
    ],
    [
      4.5,
      4.3,
      2.2,
      2.2,
      3.6,
      0.25,
      4.5,
      7.3,
      3.9,
      10.8,
      0.0,
      2.6,
      7.8,
      1.1,
      4.2,
      4.5,
      2.8,
      6.0,
      3.4,
      16.5
    ],
    [
      2.8,
      3.2,
      0.22,
      2.1,
      1.7,
      2.4,
      2.6,
      5.3,
      2.6,
      9.6,
      2.6,
      0.0,
      5.5,
      2.5,
      2.9,
      2.1,
      0.45,
      4.6,
      2.9,
      15.7
    ],
    [
      4.8,
      5.0,
      5.5,
      7.3,
      5.1,
      7.6,
      4.5,
      0.7,
      4.5,
      15.8,
      7.8,
      5.5,
      0.0,
      7.4,
      6.1,
      5.0,
      4.7,
      8.3,
      5.9,
      20.1
    ],
    [
      5.0,
      4.5,
      2.4,
      2.4,
      3.8,
      0.9,
      4.7,
      7.5,
      4.1,
      11.0,
      1.1,
      2.5,
      7.4,
      0.0,
      4.1,
      4.3,
      2.6,
      5.9,
      3.2,
      16.5
    ],
    [
      2.8,
      2.0,
      2.8,
      2.4,
      3.3,
      4.1,
      2.3,
      6.3,
      1.6,
      7.1,
      4.2,
      2.9,
      6.1,
      4.1,
      0.0,
      2.2,
      2.7,
      1.8,
      1.7,
      19.3
    ],
    [
      1.1,
      0.95,
      2.0,
      2.6,
      2.3,
      4.3,
      0.5,
      4.6,
      0.55,
      8.7,
      4.5,
      2.1,
      5.0,
      4.3,
      2.2,
      0.0,
      2.3,
      3.8,
      1.8,
      17.6
    ],
    [
      2.3,
      2.7,
      0.4,
      2.2,
      0.55,
      2.6,
      2.1,
      4.8,
      2.1,
      9.2,
      2.8,
      0.45,
      4.7,
      2.6,
      2.7,
      2.3,
      0.0,
      3.9,
      1.8,
      15.9
    ],
    [
      4.4,
      3.7,
      4.6,
      4.2,
      5.1,
      5.8,
      4.0,
      7.9,
      3.4,
      7.9,
      6.0,
      4.6,
      8.3,
      5.9,
      1.8,
      3.8,
      3.9,
      0.0,
      3.3,
      20.9
    ],
    [
      2.4,
      0.85,
      2.8,
      0.6,
      2.9,
      3.2,
      2.0,
      5.5,
      1.4,
      8.2,
      3.4,
      2.9,
      5.9,
      3.2,
      1.7,
      1.8,
      1.8,
      3.3,
      0.0,
      18.0
    ],
    [
      17.6,
      18.0,
      15.6,
      17.2,
      17.0,
      16.3,
      17.4,
      20.7,
      17.4,
      41.0,
      16.5,
      15.7,
      20.1,
      16.5,
      19.3,
      17.6,
      15.9,
      20.9,
      18.0,
      0.0
    ]
  ],
  "drive_time_matrix": [
    [
      0.0,
      5.0,
      9.0,
      7.0,
      10.0,
      12.0,
      4.0,
      10.0,
      3.0,
      16.0,
      13.0,
      9.0,
      12.0,
      12.0,
      7.0,
      4.0,
      7.0,
      11.0,
      6.0,
      25.0
    ],
    [
      5.0,
      0.0,
      10.0,
      8.0,
      11.0,
      11.0,
      7.0,
      13.0,
      3.0,
      19.0,
      12.0,
      10.0,
      15.0,
      12.0,
      7.0,
      4.0,
      8.0,
      11.0,
      6.0,
      26.0
    ],
    [
      9.0,
      10.0,
      0.0,
      5.0,
      6.0,
      5.0,
      6.0,
      13.0,
      8.0,
      20.0,
      6.0,
      3.0,
      14.0,
      5.0,
      9.0,
      8.0,
      1.0,
      14.0,
      7.0,
      20.0
    ],
    [
      7.0,
      8.0,
      5.0,
      0.0,
      10.0,
      5.0,
      8.0,
      16.0,
      7.0,
      19.0,
      6.0,
      5.0,
      17.0,
      5.0,
      8.0,
      9.0,
      5.0,
      12.0,
      7.0,
      20.0
    ],
    [
      10.0,
      11.0,
      6.0,
      10.0,
      0.0,
      10.0,
      8.0,
      15.0,
      10.0,
      23.0,
      12.0,
      7.0,
      17.0,
      11.0,
      11.0,
      10.0,
      7.0,
      17.0,
      11.0,
      25.0
    ],
    [
      12.0,
      11.0,
      5.0,
      5.0,
      10.0,
      0.0,
      10.0,
      17.0,
      10.0,
      22.0,
      1.0,
      6.0,
      18.0,
      3.0,
      10.0,
      11.0,
      6.0,
      15.0,
      8.0,
      19.0
    ],
    [
      4.0,
      7.0,
      6.0,
      8.0,
      8.0,
      10.0,
      0.0,
      10.0,
      4.0,
      14.0,
      11.0,
      7.0,
      12.0,
      10.0,
      6.0,
      7.0,
      5.0,
      10.0,
      5.0,
      23.0
    ],
    [
      10.0,
      13.0,
      13.0,
      16.0,
      15.0,
      17.0,
      10.0,
      0.0,
      12.0,
      20.0,
      19.0,
      14.0,
      8.0,
      18.0,
      16.0,
      13.0,
      12.0,
      20.0,
      16.0,
      24.0
    ],
    [
      3.0,
      3.0,
      8.0,
      7.0,
      10.0,
      10.0,
      4.0,
      12.0,
      0.0,
      16.0,
      10.0,
      7.0,
      12.0,
      9.0,
      5.0,
      7.0,
      6.0,
      9.0,
      4.0,
      23.0
    ],
    [
      16.0,
      19.0,
      20.0,
      19.0,
      23.0,
      22.0,
      14.0,
      20.0,
      16.0,
      0.0,
      22.0,
      21.0,
      23.0,
      22.0,
      14.0,
      18.0,
      20.0,
      16.0,
      16.0,
      31.0
    ],
    [
      13.0,
      12.0,
      6.0,
      6.0,
      12.0,
      1.0,
      11.0,
      19.0,
      10.0,
      22.0,
      0.0,
      7.0,
      19.0,
      4.0,
      11.0,
      12.0,
      7.0,
      16.0,
      9.0,
      20.0
    ],
    [
      9.0,
      10.0,
      3.0,
      5.0,
      7.0,
      6.0,
      7.0,
      14.0,
      7.0,
      21.0,
      7.0,
      0.0,
      14.0,
      6.0,
      9.0,
      8.0,
      7.0,
      14.0,
      7.0,
      20.0
    ],
    [
      12.0,
      15.0,
      14.0,
      17.0,
      17.0,
      18.0,
      12.0,
      8.0,
      12.0,
      23.0,
      19.0,
      14.0,
      0.0,
      19.0,
      17.0,
      14.0,
      12.0,
      21.0,
      16.0,
      23.0
    ],
    [
      12.0,
      12.0,
      5.0,
      5.0,
      11.0,
      3.0,
      10.0,
      18.0,
      9.0,
      22.0,
      4.0,
      6.0,
      19.0,
      0.0,
      11.0,
      12.0,
      6.0,
      16.0,
      8.0,
      19.0
    ],
    [
      7.0,
      7.0,
      9.0,
      8.0,
      11.0,
      10.0,
      6.0,
      16.0,
      5.0,
      14.0,
      11.0,
      9.0,
      17.0,
      11.0,
      0.0,
      7.0,
      8.0,
      5.0,
      5.0,
      26.0
    ],
    [
      4.0,
      4.0,
      8.0,
      9.0,
      10.0,
      11.0,
      7.0,
      13.0,
      7.0,
      18.0,
      12.0,
      8.0,
      14.0,
      12.0,
      7.0,
      0.0,
      7.0,
      11.0,
      6.0,
      25.0
    ],
    [
      7.0,
      8.0,
      1.0,
      5.0,
      7.0,
      6.0,
      5.0,
      12.0,
      6.0,
      20.0,
      7.0,
      7.0,
      12.0,
      6.0,
      8.0,
      7.0,
      0.0,
      11.0,
      6.0,
      20.0
    ],
    [
      11.0,
      11.0,
      14.0,
      12.0,
      17.0,
      15.0,
      10.0,
      20.0,
      9.0,
      16.0,
      16.0,
      14.0,
      21.0,
      16.0,
      5.0,
      11.0,
      11.0,
      0.0,
      10.0,
      31.0
    ],
    [
      6.0,
      6.0,
      7.0,
      7.0,
      11.0,
      8.0,
      5.0,
      16.0,
      4.0,
      16.0,
      9.0,
      7.0,
      16.0,
      8.0,
      5.0,
      6.0,
      6.0,
      10.0,
      0.0,
      22.0
    ],
    [
      25.0,
      26.0,
      20.0,
      20.0,
      25.0,
      19.0,
      23.0,
      24.0,
      23.0,
      31.0,
      20.0,
      20.0,
      23.0,
      19.0,
      26.0,
      25.0,
      20.0,
      31.0,
      22.0,
      0.0
    ]
  ],
  "transit_dist_walk_matrix": [
    [
      0.0,
      0.49998,
      0.99996,
      0.9166300000000001,
      0.74997,
      1.41661,
      NaN,
      0.74997,
      NaN,
      0.9166300000000001,
      1.41661,
      NaN,
      0.9166300000000001,
      1.91659,
      0.49998,
      NaN,
      0.66664,
      0.74997,
      1.2499500000000001,
      1.16662
    ],
    [
      0.49998,
      0.0,
      NaN,
      0.66664,
      NaN,
      1.49994,
      0.24999,
      0.74997,
      NaN,
      1.41661,
      1.33328,
      NaN,
      0.8333,
      1.91659,
      0.33332,
      0.41665,
      NaN,
      0.49998,
      0.41665,
      1.16662
    ],
    [
      0.99996,
      NaN,
      0.0,
      NaN,
      NaN,
      1.6666,
      1.33328,
      1.2499500000000001,
      1.49994,
      1.33328,
      NaN,
      NaN,
      NaN,
      1.6666,
      0.74997,
      1.08329,
      NaN,
      1.91659,
      NaN,
      1.41661
    ],
    [
      0.9166300000000001,
      0.66664,
      NaN,
      0.0,
      0.9166300000000001,
      NaN,
      0.9166300000000001,
      NaN,
      0.9166300000000001,
      1.16662,
      NaN,
      NaN,
      NaN,
      NaN,
      NaN,
      0.49998,
      0.58331,
      NaN,
      NaN,
      1.2499500000000001
    ],
    [
      0.74997,
      NaN,
      NaN,
      0.9166300000000001,
      0.0,
      1.49994,
      0.74997,
      1.16662,
      NaN,
      1.2499500000000001,
      1.49994,
      NaN,
      1.58327,
      1.99992,
      0.66664,
      0.66664,
      NaN,
      NaN,
      NaN,
      1.2499500000000001
    ],
    [
      1.41661,
      1.49994,
      1.6666,
      NaN,
      1.49994,
      0.0,
      1.8332600000000001,
      1.6666,
      1.8332600000000001,
      1.99992,
      NaN,
      1.58327,
      2.24991,
      NaN,
      1.41661,
      1.33328,
      1.41661,
      0.66664,
      NaN,
      1.91659
    ],
    [
      NaN,
      0.24999,
      1.33328,
      0.9166300000000001,
      0.74997,
      1.8332600000000001,
      0.0,
      0.99996,
      NaN,
      0.9166300000000001,
      1.58327,
      1.2499500000000001,
      1.2499500000000001,
      2.16658,
      0.33332,
      NaN,
      0.66664,
      0.58331,
      1.08329,
      1.6666
    ],
    [
      0.74997,
      0.74997,
      1.2499500000000001,
      NaN,
      1.16662,
      1.6666,
      0.99996,
      0.0,
      0.99996,
      1.33328,
      1.41661,
      1.16662,
      NaN,
      1.49994,
      NaN,
      0.99996,
      0.74997,
      1.08329,
      NaN,
      1.2499500000000001
    ],
    [
      NaN,
      NaN,
      1.49994,
      0.9166300000000001,
      NaN,
      1.8332600000000001,
      NaN,
      0.99996,
      0.0,
      1.08329,
      1.58327,
      0.66664,
      1.58327,
      2.16658,
      0.49998,
      NaN,
      0.9166300000000001,
      0.66664,
      0.74997,
      1.8332600000000001
    ],
    [
      0.9166300000000001,
      1.41661,
      1.33328,
      1.16662,
      1.2499500000000001,
      1.99992,
      0.9166300000000001,
      1.33328,
      1.08329,
      0.0,
      1.8332600000000001,
      1.41661,
      1.91659,
      2.41657,
      0.99996,
      0.9166300000000001,
      0.99996,
      2.16658,
      1.49994,
      1.6666
    ],
    [
      1.41661,
      1.33328,
      NaN,
      NaN,
      1.49994,
      NaN,
      1.58327,
      1.41661,
      1.58327,
      1.8332600000000001,
      0.0,
      NaN,
      2.08325,
      NaN,
      1.2499500000000001,
      1.16662,
      1.33328,
      0.8333,
      NaN,
      1.8332600000000001
    ],
    [
      NaN,
      NaN,
      NaN,
      NaN,
      NaN,
      1.58327,
      1.2499500000000001,
      1.16662,
      0.66664,
      1.41661,
      NaN,
      0.0,
      NaN,
      NaN,
      0.9166300000000001,
      0.8333,
      NaN,
      1.49994,
      NaN,
      1.49994
    ],
    [
      0.9166300000000001,
      0.8333,
      NaN,
      NaN,
      1.58327,
      2.24991,
      1.2499500000000001,
      NaN,
      1.58327,
      1.91659,
      2.08325,
      NaN,
      0.0,
      1.8332600000000001,
      1.33328,
      1.16662,
      NaN,
      NaN,
      NaN,
      1.49994
    ],
    [
      1.91659,
      1.91659,
      1.6666,
      NaN,
      1.99992,
      NaN,
      2.16658,
      1.49994,
      2.16658,
      2.41657,
      NaN,
      NaN,
      1.8332600000000001,
      0.0,
      1.8332600000000001,
      1.8332600000000001,
      1.8332600000000001,
      1.49994,
      NaN,
      2.33324
    ],
    [
      0.49998,
      0.33332,
      0.74997,
      NaN,
      0.66664,
      1.41661,
      0.33332,
      NaN,
      0.49998,
      0.99996,
      1.2499500000000001,
      0.9166300000000001,
      1.33328,
      1.8332600000000001,
      0.0,
      0.33332,
      0.41665,
      0.49998,
      0.9166300000000001,
      1.08329
    ],
    [
      NaN,
      0.41665,
      1.08329,
      0.49998,
      0.66664,
      1.33328,
      NaN,
      0.99996,
      NaN,
      0.9166300000000001,
      1.16662,
      0.8333,
      1.16662,
      1.8332600000000001,
      0.33332,
      0.0,
      0.58331,
      0.66664,
      0.74997,
      1.33328
    ],
    [
      0.66664,
      NaN,
      NaN,
      0.58331,
      NaN,
      1.41661,
      0.66664,
      0.74997,
      0.9166300000000001,
      0.99996,
      1.33328,
      NaN,
      NaN,
      1.8332600000000001,
      0.41665,
      0.58331,
      0.0,
      0.74997,
      0.9166300000000001,
      1.08329
    ],
    [
      0.74997,
      0.49998,
      1.91659,
      NaN,
      NaN,
      0.66664,
      0.58331,
      1.08329,
      0.66664,
      2.16658,
      0.8333,
      1.49994,
      NaN,
      1.49994,
      0.49998,
      0.66664,
      0.74997,
      0.0,
      0.33332,
      1.41661
    ],
    [
      1.2499500000000001,
      0.41665,
      NaN,
      NaN,
      NaN,
      NaN,
      1.08329,
      NaN,
      0.74997,
      1.49994,
      NaN,
      NaN,
      NaN,
      NaN,
      0.9166300000000001,
      0.74997,
      0.9166300000000001,
      0.33332,
      0.0,
      1.58327
    ],
    [
      1.16662,
      1.16662,
      1.41661,
      1.2499500000000001,
      1.2499500000000001,
      1.91659,
      1.6666,
      1.2499500000000001,
      1.8332600000000001,
      1.6666,
      1.8332600000000001,
      1.49994,
      1.49994,
      2.33324,
      1.08329,
      1.33328,
      1.08329,
      1.41661,
      1.58327,
      0.0
    ]
  ],
  "transit_time_matrix": [
    [
      0.0,
      9.0,
      15.0,
      7.0,
      12.0,
      23.0,
      NaN,
      22.0,
      NaN,
      16.0,
      23.0,
      0.0,
      22.0,
      29.0,
      13.0,
      NaN,
      11.0,
      21.0,
      19.0,
      25.0
    ],
    [
      9.0,
      0.0,
      0.0,
      10.0,
      NaN,
      11.0,
      6.0,
      13.0,
      NaN,
      29.0,
      18.0,
      NaN,
      15.0,
      27.0,
      7.0,
      4.0,
      0.0,
      15.0,
      6.0,
      26.0
    ],
    [
      15.0,
      0.0,
      0.0,
      0.0,
      NaN,
      23.0,
      19.0,
      13.0,
      22.0,
      20.0,
      NaN,
      NaN,
      0.0,
      23.0,
      9.0,
      16.0,
      NaN,
      26.0,
      NaN,
      20.0
    ],
    [
      7.0,
      10.0,
      0.0,
      0.0,
      10.0,
      NaN,
      15.0,
      0.0,
      15.0,
      31.0,
      NaN,
      NaN,
      0.0,
      NaN,
      0.0,
      9.0,
      5.0,
      0.0,
      NaN,
      40.0
    ],
    [
      12.0,
      NaN,
      NaN,
      10.0,
      0.0,
      21.0,
      12.0,
      15.0,
      NaN,
      29.0,
      21.0,
      NaN,
      22.0,
      27.0,
      11.0,
      8.0,
      NaN,
      0.0,
      NaN,
      25.0
    ],
    [
      23.0,
      11.0,
      23.0,
      NaN,
      21.0,
      0.0,
      26.0,
      43.0,
      10.0,
      42.0,
      NaN,
      22.0,
      38.0,
      NaN,
      24.0,
      20.0,
      6.0,
      18.0,
      NaN,
      38.0
    ],
    [
      NaN,
      6.0,
      19.0,
      15.0,
      12.0,
      26.0,
      0.0,
      27.0,
      NaN,
      36.0,
      23.0,
      18.0,
      28.0,
      32.0,
      11.0,
      NaN,
      18.0,
      19.0,
      5.0,
      38.0
    ],
    [
      22.0,
      13.0,
      13.0,
      0.0,
      15.0,
      43.0,
      27.0,
      0.0,
      25.0,
      20.0,
      40.0,
      28.0,
      NaN,
      46.0,
      0.0,
      22.0,
      23.0,
      44.0,
      0.0,
      24.0
    ],
    [
      NaN,
      NaN,
      22.0,
      15.0,
      NaN,
      10.0,
      NaN,
      25.0,
      0.0,
      36.0,
      23.0,
      17.0,
      24.0,
      9.0,
      10.0,
      NaN,
      21.0,
      9.0,
      13.0,
      42.0
    ],
    [
      16.0,
      29.0,
      20.0,
      31.0,
      29.0,
      42.0,
      36.0,
      20.0,
      36.0,
      0.0,
      39.0,
      31.0,
      23.0,
      22.0,
      22.0,
      18.0,
      26.0,
      36.0,
      30.0,
      57.0
    ],
    [
      23.0,
      18.0,
      NaN,
      NaN,
      21.0,
      NaN,
      23.0,
      40.0,
      23.0,
      39.0,
      0.0,
      NaN,
      35.0,
      NaN,
      21.0,
      12.0,
      7.0,
      16.0,
      NaN,
      32.0
    ],
    [
      0.0,
      NaN,
      NaN,
      NaN,
      NaN,
      22.0,
      18.0,
      28.0,
      17.0,
      31.0,
      NaN,
      0.0,
      0.0,
      0.0,
      9.0,
      13.0,
      NaN,
      14.0,
      NaN,
      32.0
    ],
    [
      22.0,
      15.0,
      0.0,
      0.0,
      22.0,
      38.0,
      28.0,
      NaN,
      24.0,
      23.0,
      35.0,
      0.0,
      0.0,
      42.0,
      24.0,
      19.0,
      0.0,
      0.0,
      0.0,
      60.0
    ],
    [
      29.0,
      27.0,
      23.0,
      NaN,
      27.0,
      NaN,
      32.0,
      46.0,
      9.0,
      22.0,
      NaN,
      0.0,
      42.0,
      0.0,
      31.0,
      12.0,
      24.0,
      28.0,
      0.0,
      38.0
    ],
    [
      13.0,
      7.0,
      9.0,
      0.0,
      11.0,
      24.0,
      11.0,
      0.0,
      10.0,
      22.0,
      21.0,
      9.0,
      24.0,
      31.0,
      0.0,
      11.0,
      8.0,
      5.0,
      12.0,
      34.0
    ],
    [
      NaN,
      4.0,
      16.0,
      9.0,
      8.0,
      20.0,
      NaN,
      22.0,
      NaN,
      18.0,
      12.0,
      13.0,
      19.0,
      12.0,
      11.0,
      0.0,
      11.0,
      21.0,
      6.0,
      36.0
    ],
    [
      11.0,
      0.0,
      NaN,
      5.0,
      NaN,
      6.0,
      18.0,
      23.0,
      21.0,
      26.0,
      7.0,
      NaN,
      0.0,
      24.0,
      8.0,
      11.0,
      0.0,
      11.0,
      12.0,
      31.0
    ],
    [
      21.0,
      15.0,
      26.0,
      0.0,
      0.0,
      18.0,
      19.0,
      44.0,
      9.0,
      36.0,
      16.0,
      14.0,
      0.0,
      28.0,
      5.0,
      21.0,
      11.0,
      0.0,
      10.0,
      31.0
    ],
    [
      19.0,
      6.0,
      NaN,
      NaN,
      NaN,
      NaN,
      5.0,
      0.0,
      13.0,
      30.0,
      NaN,
      NaN,
      0.0,
      0.0,
      12.0,
      6.0,
      12.0,
      10.0,
      0.0,
      39.0
    ],
    [
      25.0,
      26.0,
      20.0,
      40.0,
      25.0,
      38.0,
      38.0,
      24.0,
      42.0,
      57.0,
      32.0,
      32.0,
      60.0,
      38.0,
      34.0,
      36.0,
      31.0,
      31.0,
      39.0,
      0.0
    ]
  ],
  "walk_dist_matrix": [
    [
      0.0,
      NaN,
      2.1,
      2.4,
      1.4,
      3.4,
      0.35,
      3.3,
      0.55,
      8.0,
      3.1,
      2.8,
      2.9,
      4.2,
      2.0,
      0.7,
      1.7,
      3.0,
      1.8,
      12.8
    ],
    [
      NaN,
      0.0,
      1.3,
      1.4,
      0.75,
      2.6,
      0.8,
      4.3,
      0.5,
      7.5,
      2.2,
      1.2,
      3.9,
      3.4,
      1.1,
      1.0,
      1.3,
      1.6,
      0.85,
      12.5
    ],
    [
      2.1,
      1.3,
      0.0,
      1.2,
      0.7,
      2.0,
      1.9,
      4.7,
      1.8,
      8.5,
      1.8,
      0.22,
      4.3,
      NaN,
      2.1,
      1.5,
      0.4,
      1.9,
      1.2,
      11.1
    ],
    [
      2.4,
      1.4,
      1.2,
      0.0,
      1.5,
      1.1,
      2.2,
      5.4,
      2.0,
      7.9,
      1.0,
      1.0,
      5.1,
      1.9,
      1.9,
      2.1,
      1.5,
      1.3,
      0.6,
      11.5
    ],
    [
      1.4,
      0.75,
      0.7,
      1.5,
      0.0,
      2.4,
      1.2,
      4.1,
      1.1,
      8.1,
      2.1,
      0.6,
      3.8,
      2.9,
      1.7,
      0.85,
      0.55,
      1.9,
      1.1,
      11.8
    ],
    [
      3.4,
      2.6,
      2.0,
      1.1,
      2.4,
      0.0,
      3.2,
      6.4,
      3.0,
      8.5,
      0.6,
      2.0,
      6.1,
      0.85,
      2.9,
      3.0,
      2.2,
      2.8,
      1.7,
      10.7
    ],
    [
      0.35,
      0.8,
      1.9,
      2.2,
      1.2,
      3.2,
      0.0,
      3.6,
      0.3,
      7.6,
      2.8,
      1.7,
      3.3,
      4.0,
      1.6,
      0.5,
      1.6,
      2.7,
      NaN,
      12.8
    ],
    [
      3.3,
      4.3,
      4.7,
      5.4,
      4.1,
      6.4,
      3.6,
      0.0,
      3.8,
      11.2,
      6.1,
      4.7,
      0.7,
      6.9,
      5.3,
      3.4,
      4.3,
      5.9,
      5.1,
      13.8
    ],
    [
      0.55,
      0.5,
      1.8,
      2.0,
      1.1,
      3.0,
      0.3,
      3.8,
      0.0,
      7.8,
      2.7,
      1.6,
      3.5,
      3.9,
      1.6,
      0.55,
      1.4,
      2.1,
      1.4,
      12.7
    ],
    [
      8.0,
      7.5,
      8.5,
      7.9,
      8.1,
      8.5,
      7.6,
      11.2,
      7.8,
      0.0,
      8.9,
      8.3,
      10.9,
      9.3,
      6.7,
      8.1,
      8.6,
      7.2,
      7.3,
      19.4
    ],
    [
      3.1,
      2.2,
      1.8,
      1.0,
      2.1,
      0.6,
      2.8,
      6.1,
      2.7,
      8.9,
      0.0,
      1.6,
      5.7,
      1.1,
      2.8,
      2.7,
      2.0,
      2.0,
      1.6,
      10.8
    ],
    [
      2.8,
      1.2,
      0.22,
      1.0,
      0.6,
      2.0,
      1.7,
      4.7,
      1.6,
      8.3,
      1.6,
      0.0,
      4.3,
      2.4,
      1.9,
      1.4,
      0.55,
      2.2,
      1.1,
      11.2
    ],
    [
      2.9,
      3.9,
      4.3,
      5.1,
      3.8,
      6.1,
      3.3,
      0.7,
      3.5,
      10.9,
      5.7,
      4.3,
      0.0,
      6.6,
      4.9,
      3.1,
      4.0,
      5.5,
      4.8,
      13.3
    ],
    [
      4.2,
      3.4,
      NaN,
      1.9,
      2.9,
      0.85,
      4.0,
      6.9,
      3.9,
      9.3,
      1.1,
      2.4,
      6.6,
      0.0,
      3.7,
      3.7,
      2.6,
      2.7,
      2.5,
      10.9
    ],
    [
      2.0,
      1.1,
      2.1,
      1.9,
      1.7,
      2.9,
      1.6,
      5.3,
      1.6,
      6.7,
      2.8,
      1.9,
      4.9,
      3.7,
      0.0,
      2.0,
      2.2,
      1.2,
      1.3,
      13.1
    ],
    [
      0.7,
      1.0,
      1.5,
      2.1,
      0.85,
      3.0,
      0.5,
      3.4,
      0.55,
      8.1,
      2.7,
      1.4,
      3.1,
      3.7,
      2.0,
      0.0,
      1.2,
      2.5,
      1.7,
      12.5
    ],
    [
      1.7,
      1.3,
      0.4,
      1.5,
      0.55,
      2.2,
      1.6,
      4.3,
      1.4,
      8.6,
      2.0,
      0.55,
      4.0,
      2.6,
      2.2,
      1.2,
      0.0,
      2.0,
      1.3,
      11.3
    ],
    [
      3.0,
      1.6,
      1.9,
      1.3,
      1.9,
      2.8,
      2.7,
      5.9,
      2.1,
      7.2,
      2.0,
      2.2,
      5.5,
      2.7,
      1.2,
      2.5,
      2.0,
      0.0,
      0.75,
      12.6
    ],
    [
      1.8,
      0.85,
      1.2,
      0.6,
      1.1,
      1.7,
      NaN,
      5.1,
      1.4,
      7.3,
      1.6,
      1.1,
      4.8,
      2.5,
      1.3,
      1.7,
      1.3,
      0.75,
      0.0,
      12.0
    ],
    [
      12.8,
      12.5,
      11.1,
      11.5,
      11.8,
      10.7,
      12.8,
      13.8,
      12.7,
      19.4,
      10.8,
      11.2,
      13.3,
      10.9,
      13.1,
      12.5,
      11.3,
      12.6,
      12.0,
      0.0
    ]
  ],
  "walk_time_matrix": [
    [
      0.0,
      0.0,
      15.0,
      30.0,
      18.0,
      23.0,
      4.0,
      42.0,
      7.0,
      98.0,
      39.0,
      9.0,
      22.0,
      29.0,
      25.0,
      9.0,
      11.0,
      21.0,
      24.0,
      158.0
    ],
    [
      0.0,
      0.0,
      16.0,
      18.0,
      9.0,
      32.0,
      10.0,
      29.0,
      6.0,
      29.0,
      28.0,
      15.0,
      27.0,
      42.0,
      8.0,
      12.0,
      8.0,
      15.0,
      6.0,
      155.0
    ],
    [
      15.0,
      16.0,
      0.0,
      15.0,
      9.0,
      24.0,
      19.0,
      59.0,
      21.0,
      103.0,
      23.0,
      3.0,
      54.0,
      0.0,
      25.0,
      19.0,
      5.0,
      22.0,
      15.0,
      137.0
    ],
    [
      30.0,
      18.0,
      15.0,
      0.0,
      19.0,
      14.0,
      27.0,
      69.0,
      25.0,
      96.0,
      13.0,
      13.0,
      64.0,
      23.0,
      22.0,
      25.0,
      20.0,
      14.0,
      7.0,
      40.0
    ],
    [
      18.0,
      9.0,
      9.0,
      19.0,
      0.0,
      21.0,
      15.0,
      27.0,
      13.0,
      29.0,
      27.0,
      7.0,
      22.0,
      36.0,
      21.0,
      8.0,
      7.0,
      21.0,
      14.0,
      29.0
    ],
    [
      23.0,
      32.0,
      24.0,
      14.0,
      21.0,
      0.0,
      39.0,
      80.0,
      37.0,
      98.0,
      8.0,
      22.0,
      76.0,
      10.0,
      36.0,
      20.0,
      19.0,
      18.0,
      20.0,
      38.0
    ],
    [
      4.0,
      10.0,
      19.0,
      27.0,
      15.0,
      39.0,
      0.0,
      27.0,
      4.0,
      94.0,
      23.0,
      22.0,
      42.0,
      50.0,
      21.0,
      7.0,
      18.0,
      19.0,
      0.0,
      159.0
    ],
    [
      42.0,
      29.0,
      59.0,
      69.0,
      27.0,
      80.0,
      27.0,
      0.0,
      25.0,
      138.0,
      40.0,
      57.0,
      8.0,
      85.0,
      65.0,
      22.0,
      23.0,
      69.0,
      63.0,
      57.0
    ],
    [
      7.0,
      6.0,
      21.0,
      25.0,
      13.0,
      37.0,
      4.0,
      25.0,
      0.0,
      36.0,
      34.0,
      20.0,
      44.0,
      32.0,
      10.0,
      7.0,
      18.0,
      18.0,
      18.0,
      157.0
    ],
    [
      98.0,
      29.0,
      103.0,
      96.0,
      29.0,
      98.0,
      94.0,
      138.0,
      36.0,
      0.0,
      108.0,
      102.0,
      135.0,
      108.0,
      22.0,
      29.0,
      26.0,
      36.0,
      89.0,
      238.0
    ],
    [
      39.0,
      28.0,
      23.0,
      13.0,
      27.0,
      8.0,
      23.0,
      40.0,
      34.0,
      108.0,
      0.0,
      21.0,
      35.0,
      14.0,
      35.0,
      17.0,
      18.0,
      20.0,
      19.0,
      32.0
    ],
    [
      9.0,
      15.0,
      3.0,
      13.0,
      7.0,
      22.0,
      22.0,
      57.0,
      20.0,
      102.0,
      21.0,
      0.0,
      54.0,
      30.0,
      14.0,
      17.0,
      7.0,
      26.0,
      13.0,
      32.0
    ],
    [
      22.0,
      27.0,
      54.0,
      64.0,
      22.0,
      76.0,
      42.0,
      8.0,
      44.0,
      135.0,
      35.0,
      54.0,
      0.0,
      81.0,
      24.0,
      38.0,
      50.0,
      66.0,
      59.0,
      165.0
    ],
    [
      29.0,
      42.0,
      0.0,
      23.0,
      36.0,
      10.0,
      50.0,
      85.0,
      32.0,
      108.0,
      14.0,
      30.0,
      81.0,
      0.0,
      31.0,
      46.0,
      24.0,
      28.0,
      30.0,
      38.0
    ],
    [
      25.0,
      8.0,
      25.0,
      22.0,
      21.0,
      36.0,
      21.0,
      65.0,
      10.0,
      22.0,
      35.0,
      14.0,
      24.0,
      31.0,
      0.0,
      25.0,
      27.0,
      11.0,
      12.0,
      34.0
    ],
    [
      9.0,
      12.0,
      19.0,
      25.0,
      8.0,
      20.0,
      7.0,
      22.0,
      7.0,
      29.0,
      17.0,
      17.0,
      38.0,
      46.0,
      25.0,
      0.0,
      11.0,
      28.0,
      21.0,
      154.0
    ],
    [
      11.0,
      8.0,
      5.0,
      20.0,
      7.0,
      19.0,
      18.0,
      23.0,
      18.0,
      26.0,
      18.0,
      7.0,
      50.0,
      24.0,
      27.0,
      11.0,
      0.0,
      21.0,
      16.0,
      140.0
    ],
    [
      21.0,
      15.0,
      22.0,
      14.0,
      21.0,
      18.0,
      19.0,
      69.0,
      18.0,
      36.0,
      20.0,
      26.0,
      66.0,
      28.0,
      11.0,
      28.0,
      21.0,
      0.0,
      7.0,
      151.0
    ],
    [
      24.0,
      6.0,
      15.0,
      7.0,
      14.0,
      20.0,
      0.0,
      63.0,
      18.0,
      89.0,
      19.0,
      13.0,
      59.0,
      30.0,
      12.0,
      21.0,
      16.0,
      7.0,
      0.0,
      149.0
    ],
    [
      158.0,
      155.0,
      137.0,
      40.0,
      29.0,
      38.0,
      159.0,
      57.0,
      157.0,
      238.0,
      32.0,
      32.0,
      165.0,
      38.0,
      34.0,
      154.0,
      140.0,
      151.0,
      149.0,
      0.0
    ]
  ],
  "cycle_dist_matrix": [
    [
      0.0,
      1.2,
      2.0,
      2.9,
      1.4,
      4.1,
      0.4,
      3.3,
      0.65,
      8.3,
      3.7,
      2.2,
      2.9,
      4.3,
      2.2,
      0.75,
      1.9,
      3.2,
      1.8,
      14.5
    ],
    [
      1.2,
      0.0,
      1.8,
      1.4,
      1.1,
      2.6,
      1.0,
      4.6,
      0.75,
      7.7,
      2.3,
      1.4,
      4.6,
      3.7,
      1.2,
      1.0,
      1.5,
      1.6,
      0.85,
      14.5
    ],
    [
      2.0,
      1.8,
      0.0,
      1.6,
      1.0,
      2.0,
      1.9,
      4.7,
      1.8,
      9.3,
      1.9,
      0.22,
      4.3,
      2.4,
      3.3,
      1.5,
      0.4,
      2.9,
      1.8,
      12.8
    ],
    [
      2.9,
      1.4,
      1.6,
      0.0,
      1.6,
      1.2,
      2.7,
      5.4,
      2.5,
      8.3,
      1.0,
      1.0,
      5.1,
      2.1,
      1.9,
      2.9,
      1.7,
      1.8,
      0.65,
      11.5
    ],
    [
      1.4,
      1.1,
      1.0,
      1.6,
      0.0,
      2.9,
      1.2,
      4.1,
      1.1,
      8.1,
      2.1,
      0.95,
      4.2,
      3.4,
      2.0,
      0.85,
      0.8,
      1.9,
      1.7,
      13.8
    ],
    [
      4.1,
      2.6,
      2.0,
      1.2,
      2.9,
      0.0,
      3.8,
      6.7,
      3.6,
      9.4,
      1.2,
      2.0,
      6.8,
      0.85,
      3.3,
      4.0,
      2.2,
      2.9,
      1.8,
      12.6
    ],
    [
      0.4,
      1.0,
      1.9,
      2.7,
      1.2,
      3.8,
      0.0,
      3.9,
      0.35,
      7.9,
      2.8,
      1.7,
      4.0,
      4.7,
      1.9,
      0.6,
      1.6,
      2.9,
      2.0,
      14.6
    ],
    [
      3.3,
      4.6,
      4.7,
      5.4,
      4.1,
      6.7,
      3.9,
      0.0,
      4.0,
      13.1,
      6.6,
      5.4,
      0.7,
      7.1,
      5.3,
      3.5,
      4.6,
      7.5,
      5.1,
      14.3
    ],
    [
      0.65,
      0.75,
      1.8,
      2.5,
      1.1,
      3.6,
      0.35,
      4.0,
      0.0,
      8.3,
      3.3,
      1.8,
      3.5,
      4.6,
      1.8,
      0.55,
      1.4,
      2.7,
      1.9,
      12.7
    ],
    [
      8.3,
      7.7,
      9.3,
      8.3,
      8.1,
      9.4,
      7.9,
      13.1,
      8.3,
      0.0,
      9.4,
      8.6,
      12.2,
      10.7,
      6.9,
      8.5,
      8.7,
      7.8,
      7.7,
      21.4
    ],
    [
      3.7,
      2.3,
      1.9,
      1.0,
      2.1,
      1.2,
      2.8,
      6.6,
      3.3,
      9.4,
      0.0,
      1.7,
      5.7,
      2.0,
      3.1,
      3.2,
      2.0,
      2.7,
      1.6,
      13.0
    ],
    [
      2.2,
      1.4,
      0.22,
      1.0,
      0.95,
      2.0,
      1.7,
      5.4,
      1.8,
      8.6,
      1.7,
      0.0,
      4.3,
      2.5,
      1.9,
      1.8,
      0.65,
      2.3,
      1.3,
      13.2
    ],
    [
      2.9,
      4.6,
      4.3,
      5.1,
      4.2,
      6.8,
      4.0,
      0.7,
      3.5,
      12.2,
      5.7,
      4.3,
      0.0,
      7.3,
      6.6,
      3.4,
      4.5,
      5.5,
      4.8,
      13.3
    ],
    [
      4.3,
      3.7,
      2.4,
      2.1,
      3.4,
      0.85,
      4.7,
      7.1,
      4.6,
      10.7,
      2.0,
      2.5,
      7.3,
      0.0,
      4.2,
      3.8,
      2.6,
      3.8,
      2.7,
      12.7
    ],
    [
      2.2,
      1.2,
      3.3,
      1.9,
      2.0,
      3.3,
      1.9,
      5.3,
      1.8,
      6.9,
      3.1,
      1.9,
      6.6,
      4.2,
      0.0,
      2.4,
      2.8,
      1.4,
      1.5,
      15.2
    ],
    [
      0.75,
      1.0,
      1.5,
      2.9,
      0.85,
      4.0,
      0.6,
      3.5,
      0.55,
      8.5,
      3.2,
      1.8,
      3.4,
      3.8,
      2.4,
      0.0,
      1.4,
      2.5,
      2.2,
      12.5
    ],
    [
      1.9,
      1.5,
      0.4,
      1.7,
      0.8,
      2.2,
      1.6,
      4.6,
      1.4,
      8.7,
      2.0,
      0.65,
      4.5,
      2.6,
      2.8,
      1.4,
      0.0,
      2.8,
      1.8,
      13.0
    ],
    [
      3.2,
      1.6,
      2.9,
      1.8,
      1.9,
      2.9,
      2.9,
      7.5,
      2.7,
      7.8,
      2.7,
      2.3,
      5.5,
      3.8,
      1.4,
      2.5,
      2.8,
      0.0,
      1.1,
      14.9
    ],
    [
      1.8,
      0.85,
      1.8,
      0.65,
      1.7,
      1.8,
      2.0,
      5.1,
      1.9,
      7.7,
      1.6,
      1.3,
      4.8,
      2.7,
      1.5,
      2.2,
      1.8,
      1.1,
      0.0,
      12.0
    ],
    [
      14.5,
      14.5,
      12.8,
      11.5,
      13.8,
      12.6,
      14.6,
      14.3,
      12.7,
      21.4,
      13.0,
      13.2,
      13.3,
      12.7,
      15.2,
      12.5,
      13.0,
      14.9,
      12.0,
      0.0
    ]
  ],
  "cycle_time_matrix": [
    [
      0.0,
      8.0,
      11.0,
      13.0,
      18.0,
      17.0,
      5.0,
      17.0,
      6.0,
      31.0,
      16.0,
      13.0,
      37.0,
      18.0,
      11.0,
      7.0,
      12.0,
      14.0,
      24.0,
      50.0
    ],
    [
      8.0,
      0.0,
      6.0,
      18.0,
      4.0,
      9.0,
      4.0,
      54.0,
      2.0,
      26.0,
      28.0,
      7.0,
      20.0,
      42.0,
      5.0,
      12.0,
      6.0,
      18.0,
      6.0,
      46.0
    ],
    [
      11.0,
      6.0,
      0.0,
      6.0,
      5.0,
      7.0,
      9.0,
      59.0,
      21.0,
      31.0,
      7.0,
      3.0,
      54.0,
      8.0,
      11.0,
      7.0,
      5.0,
      10.0,
      6.0,
      41.0
    ],
    [
      13.0,
      18.0,
      6.0,
      0.0,
      19.0,
      4.0,
      10.0,
      69.0,
      25.0,
      26.0,
      4.0,
      7.0,
      64.0,
      6.0,
      22.0,
      9.0,
      7.0,
      5.0,
      2.0,
      143.0
    ],
    [
      18.0,
      4.0,
      5.0,
      19.0,
      0.0,
      10.0,
      15.0,
      16.0,
      3.0,
      99.0,
      27.0,
      7.0,
      20.0,
      11.0,
      8.0,
      4.0,
      4.0,
      21.0,
      6.0,
      44.0
    ],
    [
      17.0,
      9.0,
      7.0,
      4.0,
      10.0,
      0.0,
      13.0,
      25.0,
      11.0,
      29.0,
      4.0,
      10.0,
      76.0,
      10.0,
      10.0,
      13.0,
      8.0,
      9.0,
      6.0,
      39.0
    ],
    [
      5.0,
      4.0,
      9.0,
      10.0,
      15.0,
      13.0,
      0.0,
      14.0,
      2.0,
      27.0,
      36.0,
      22.0,
      18.0,
      15.0,
      6.0,
      4.0,
      20.0,
      9.0,
      6.0,
      47.0
    ],
    [
      17.0,
      54.0,
      59.0,
      69.0,
      16.0,
      25.0,
      14.0,
      0.0,
      15.0,
      43.0,
      24.0,
      22.0,
      8.0,
      25.0,
      65.0,
      14.0,
      18.0,
      24.0,
      63.0,
      49.0
    ],
    [
      6.0,
      2.0,
      21.0,
      25.0,
      3.0,
      11.0,
      2.0,
      15.0,
      0.0,
      27.0,
      11.0,
      8.0,
      44.0,
      15.0,
      6.0,
      7.0,
      18.0,
      9.0,
      18.0,
      157.0
    ],
    [
      31.0,
      26.0,
      31.0,
      26.0,
      99.0,
      29.0,
      27.0,
      43.0,
      27.0,
      0.0,
      29.0,
      30.0,
      44.0,
      33.0,
      21.0,
      28.0,
      29.0,
      23.0,
      23.0,
      66.0
    ],
    [
      16.0,
      28.0,
      7.0,
      4.0,
      27.0,
      4.0,
      36.0,
      24.0,
      11.0,
      29.0,
      0.0,
      9.0,
      72.0,
      6.0,
      9.0,
      11.0,
      26.0,
      8.0,
      5.0,
      42.0
    ],
    [
      13.0,
      7.0,
      3.0,
      7.0,
      7.0,
      10.0,
      22.0,
      22.0,
      8.0,
      30.0,
      9.0,
      0.0,
      54.0,
      11.0,
      24.0,
      9.0,
      6.0,
      11.0,
      8.0,
      44.0
    ],
    [
      37.0,
      20.0,
      54.0,
      64.0,
      20.0,
      76.0,
      18.0,
      8.0,
      44.0,
      44.0,
      72.0,
      54.0,
      0.0,
      28.0,
      26.0,
      18.0,
      21.0,
      66.0,
      59.0,
      165.0
    ],
    [
      18.0,
      42.0,
      8.0,
      6.0,
      11.0,
      10.0,
      15.0,
      25.0,
      15.0,
      33.0,
      6.0,
      11.0,
      28.0,
      0.0,
      12.0,
      14.0,
      9.0,
      11.0,
      8.0,
      40.0
    ],
    [
      11.0,
      5.0,
      11.0,
      22.0,
      8.0,
      10.0,
      6.0,
      65.0,
      6.0,
      21.0,
      9.0,
      24.0,
      26.0,
      12.0,
      0.0,
      8.0,
      10.0,
      4.0,
      4.0,
      47.0
    ],
    [
      7.0,
      12.0,
      7.0,
      9.0,
      4.0,
      13.0,
      4.0,
      14.0,
      7.0,
      28.0,
      11.0,
      9.0,
      18.0,
      14.0,
      8.0,
      0.0,
      7.0,
      28.0,
      8.0,
      154.0
    ],
    [
      12.0,
      6.0,
      5.0,
      7.0,
      4.0,
      8.0,
      20.0,
      18.0,
      18.0,
      29.0,
      26.0,
      6.0,
      21.0,
      9.0,
      10.0,
      7.0,
      0.0,
      10.0,
      7.0,
      140.0
    ],
    [
      14.0,
      18.0,
      10.0,
      5.0,
      21.0,
      9.0,
      9.0,
      24.0,
      9.0,
      23.0,
      8.0,
      11.0,
      66.0,
      11.0,
      4.0,
      28.0,
      10.0,
      0.0,
      3.0,
      47.0
    ],
    [
      24.0,
      6.0,
      6.0,
      2.0,
      6.0,
      6.0,
      6.0,
