{
  "drive_dist_matrix": [
    [
      0.0,
      18.6,
      2.9,
      21.7,
      2.7,
      11.0,
      2.8,
      2.2,
      2.8,
      4.2,
      2.4,
      2.6,
      9.0,
      17.4,
      5.7,
      2.2,
      2.6,
      18.7,
      16.9,
      16.9,
      11.2,
      4.4,
      6.8,
      14.4,
      12.4,
      6.7,
      1.8,
      3.6,
      22.8,
      3.9,
      10.1,
      36.9,
      18.6,
      15.9,
      5.1,
      3.7,
      15.0,
      2.0,
      13.2,
      15.7,
      16.4,
      5.1,
      4.4,
      3.2,
      20.3,
      0.75,
      19.3,
      1.0,
      2.6,
      10.1,
      3.8,
      14.6,
      13.2,
      8.2,
      16.4,
      11.0,
      16.9,
      15.9,
      25.0,
      16.6
    ],
    [
      18.6,
      0.0,
      12.3,
      12.3,
      10.3,
      5.4,
      10.5,
      12.7,
      13.4,
      17.0,
      10.0,
      12.2,
      17.6,
      19.6,
      15.7,
      9.7,
      10.2,
      0.12,
      19.1,
      19.1,
      15.2,
      8.0,
      15.1,
      6.0,
      22.7,
      15.0,
      12.8,
      10.7,
      28.3,
      11.4,
      20.4,
      31.4,
      0.0,
      26.2,
      18.0,
      12.3,
      19.6,
      12.5,
      23.5,
      8.8,
      10.5,
      9.3,
      8.4,
      12.6,
      3.1,
      12.9,
      29.6,
      19.6,
      10.3,
      21.5,
      8.8,
      24.9,
      6.2,
      13.3,
      26.7,
      16.8,
      23.0,
      19.8,
      27.2,
      20.5
    ],
    [
      2.9,
      12.3,
      0.0,
      21.4,
      0.22,
      10.7,
      1.3,
      0.65,
      3.4,
      3.9,
      0.75,
      0.65,
      9.8,
      15.2,
      4.2,
      0.4,
      0.35,
      10.4,
      14.7,
      14.7,
      9.1,
      1.8,
      4.2,
      8.0,
      12.1,
      4.0,
      0.5,
      2.8,
      23.2,
      1.7,
      9.8,
      36.6,
      10.3,
      15.6,
      4.8,
      4.5,
      15.2,
      0.9,
      12.9,
      14.1,
      12.7,
      3.6,
      2.8,
      4.8,
      12.0,
      0.9,
      19.1,
      3.7,
      0.3,
      9.8,
      0.8,
      14.3,
      11.1,
      8.2,
      16.2,
      8.7,
      14.6,
      15.4,
      25.2,
      16.1
    ],
    [
      21.7,
      12.3,
      21.4,
      0.0,
      21.6,
      18.2,
      19.8,
      22.3,
      23.6,
      20.1,
      20.4,
      22.7,
      29.7,
      32.4,
      18.8,
      22.0,
      21.5,
      14.4,
      31.9,
      31.9,
      26.1,
      16.0,
      18.1,
      10.0,
      25.7,
      18.0,
      21.9,
      23.5,
      43.1,
      19.4,
      23.4,
      18.7,
      14.3,
      29.2,
      21.0,
      25.1,
      32.4,
      22.1,
      26.5,
      21.6,
      13.6,
      16.3,
      19.5,
      23.9,
      12.7,
      21.7,
      32.7,
      22.6,
      21.6,
      24.6,
      22.7,
      27.9,
      19.0,
      26.1,
      29.8,
      19.8,
      26.1,
      32.6,
      37.5,
      33.3
    ],
    [
      2.7,
      10.3,
      0.22,
      21.6,
      0.0,
      10.6,
      1.2,
      1.6,
      3.3,
      3.8,
      0.6,
      0.75,
      9.6,
      15.8,
      4.1,
      0.18,
      0.4,
      10.3,
      15.2,
      15.2,
      9.6,
      1.7,
      4.0,
      7.9,
      12.0,
      3.9,
      0.5,
      2.6,
      23.8,
      1.6,
      9.7,
      36.5,
      10.2,
      15.5,
      4.7,
      4.4,
      15.7,
      1.0,
      12.8,
      14.0,
      12.6,
      3.5,
      2.3,
      4.7,
      11.9,
      1.0,
      19.0,
      3.6,
      0.098,
      9.7,
      1.0,
      14.2,
      11.6,
      8.8,
      16.0,
      10.6,
      16.5,
      15.9,
      25.7,
      16.6
    ],
    [
      11.0,
      5.4,
      10.7,
      18.2,
      10.6,
      0.0,
      8.3,
      7.3,
      8.0,
      10.9,
      7.7,
      6.8,
      12.2,
      15.8,
      11.1,
      7.4,
      7.9,
      6.7,
      14.6,
      14.6,
      8.7,
      5.7,
      17.1,
      8.0,
      17.5,
      17.0,
      7.4,
      5.3,
      22.9,
      8.7,
      22.4,
      33.4,
      6.6,
      21.0,
      11.8,
      6.9,
      15.0,
      7.1,
      25.5,
      5.6,
      12.5,
      9.4,
      5.2,
      7.2,
      8.3,
      7.5,
      31.7,
      9.0,
      7.8,
      23.6,
      7.0,
      26.9,
      4.5,
      7.9,
      21.6,
      18.8,
      25.1,
      18.3,
      25.0,
      19.0
    ],
    [
      2.8,
      10.5,
      1.3,
      19.8,
      1.2,
      8.3,
      0.0,
      3.0,
      4.8,
      4.3,
      1.0,
      3.2,
      10.9,
      17.3,
      4.0,
      1.8,
      2.3,
      12.2,
      16.7,
      16.7,
      11.1,
      3.0,
      4.0,
      7.6,
      12.4,
      3.8,
      2.5,
      3.9,
      25.0,
      2.2,
      10.2,
      33.2,
      12.2,
      15.9,
      5.2,
      5.7,
      17.2,
      2.9,
      13.3,
      15.9,
      12.3,
      1.1,
      3.9,
      6.0,
      13.8,
      2.9,
      19.4,
      4.7,
      2.4,
      10.2,
      2.4,
      14.7,
      13.4,
      10.0,
      16.5,
      8.5,
      14.4,
      17.4,
      27.2,
      18.1
    ],
    [
      2.2,
      12.7,
      0.65,
      22.3,
      1.6,
      7.3,
      3.0,
      0.0,
      2.1,
      4.6,
      1.4,
      0.18,
      8.6,
      14.6,
      4.8,
      0.85,
      1.6,
      12.7,
      14.1,
      14.1,
      8.5,
      2.4,
      4.8,
      8.6,
      12.7,
      4.7,
      0.9,
      1.4,
      22.6,
      2.4,
      10.5,
      37.3,
      12.6,
      16.2,
      5.5,
      3.4,
      14.6,
      0.25,
      13.6,
      13.0,
      13.3,
      3.1,
      1.8,
      3.7,
      14.3,
      1.2,
      19.7,
      3.1,
      0.75,
      10.5,
      0.75,
      15.0,
      10.5,
      7.6,
      16.8,
      9.4,
      15.3,
      14.8,
      24.5,
      15.5
    ],
    [
      2.8,
      13.4,
      3.4,
      23.6,
      3.3,
      8.0,
      4.8,
      2.1,
      0.0,
      5.0,
      3.2,
      3.0,
      6.7,
      13.5,
      6.5,
      3.9,
      3.4,
      12.7,
      12.3,
      12.3,
      8.5,
      5.2,
      7.6,
      15.2,
      13.2,
      7.5,
      2.6,
      2.1,
      20.7,
      4.7,
      10.9,
      37.7,
      12.6,
      16.7,
      5.9,
      1.5,
      12.7,
      2.8,
      14.0,
      13.0,
      17.2,
      5.9,
      4.4,
      0.9,
      14.3,
      2.0,
      20.1,
      1.0,
      3.4,
      10.9,
      4.6,
      15.4,
      10.5,
      6.0,
      17.2,
      11.8,
      17.7,
      13.7,
      22.7,
      14.3
    ],
    [
      4.2,
      17.0,
      3.9,
      20.1,
      3.8,
      10.9,
      4.3,
      4.6,
      5.0,
      0.0,
      4.3,
      5.4,
      10.4,
      17.3,
      5.1,
      4.7,
      4.2,
      17.5,
      16.2,
      16.2,
      12.8,
      6.0,
      5.6,
      13.1,
      11.1,
      5.5,
      4.5,
      6.4,
      28.5,
      3.3,
      8.8,
      35.7,
      17.4,
      10.3,
      1.9,
      7.3,
      16.6,
      4.8,
      8.7,
      21.2,
      15.1,
      4.5,
      6.6,
      6.3,
      19.1,
      4.4,
      18.1,
      5.3,
      4.2,
      6.7,
      5.4,
      13.3,
      18.6,
      9.9,
      10.9,
      9.7,
      14.7,
      17.5,
      26.6,
      18.2
    ],
    [
      2.4,
      10.0,
      0.75,
      20.4,
      0.6,
      7.7,
      1.0,
      1.4,
      3.2,
      4.3,
      0.0,
      2.2,
      10.0,
      16.0,
      3.5,
      1.0,
      1.0,
      10.8,
      15.5,
      15.5,
      9.8,
      2.2,
      3.4,
      8.2,
      11.8,
      3.3,
      1.1,
      3.2,
      24.0,
      1.0,
      9.5,
      36.4,
      10.7,
      15.3,
      4.6,
      4.7,
      15.9,
      1.6,
      12.6,
      14.3,
      15.8,
      1.8,
      2.8,
      4.4,
      12.4,
      1.7,
      18.8,
      3.4,
      0.7,
      9.5,
      1.6,
      14.0,
      11.8,
      9.0,
      15.9,
      8.0,
      13.9,
      16.2,
      25.9,
      16.8
    ],
    [
      2.6,
      12.2,
      0.65,
      22.7,
      0.75,
      6.8,
      3.2,
      0.18,
      3.0,
      5.4,
      2.2,
      0.0,
      8.7,
      14.7,
      5.2,
      0.7,
      1.0,
      12.7,
      14.2,
      14.2,
      8.5,
      2.8,
      5.1,
      9.0,
      9.8,
      5.0,
      0.7,
      1.9,
      22.7,
      2.7,
      8.4,
      37.5,
      12.7,
      13.3,
      5.7,
      3.5,
      14.6,
      0.35,
      11.7,
      13.0,
      13.7,
      4.6,
      2.2,
      3.7,
      14.3,
      0.65,
      16.8,
      3.2,
      0.75,
      10.7,
      1.7,
      12.0,
      10.6,
      7.7,
      13.9,
      11.6,
      17.5,
      14.9,
      24.6,
      15.5
    ],
    [
      9.0,
      17.6,
      9.8,
      29.7,
      9.6,
      12.2,
      10.9,
      8.6,
      6.7,
      10.4,
      10.0,
      8.7,
      0.0,
      15.9,
      14.9,
      9.5,
      8.7,
      18.0,
      14.1,
      14.1,
      13.3,
      10.8,
      14.3,
      21.8,
      8.5,
      14.1,
      8.4,
      7.4,
      16.9,
      10.8,
      9.3,
      44.4,
      18.0,
      12.0,
      14.2,
      5.2,
      14.5,
      9.2,
      14.7,
      18.3,
      23.8,
      12.6,
      8.4,
      5.9,
      19.6,
      8.2,
      11.8,
      7.6,
      8.8,
      10.7,
      9.1,
      6.6,
      15.8,
      6.6,
      12.5,
      17.6,
      19.1,
      14.7,
      24.5,
      15.5
    ],
    [
      17.4,
      19.6,
      15.2,
      32.4,
      15.8,
      15.8,
      17.3,
      14.6,
      13.5,
      17.3,
      16.0,
      14.7,
      15.9,
      0.0,
      19.2,
      15.5,
      16.0,
      20.2,
      3.5,
      3.5,
      10.3,
      16.8,
      19.2,
      21.5,
      20.7,
      19.1,
      15.5,
      13.3,
      11.4,
      16.7,
      21.9,
      46.9,
      20.1,
      24.2,
      18.5,
      11.9,
      4.0,
      15.2,
      22.5,
      16.4,
      26.0,
      18.6,
      14.0,
      12.5,
      19.6,
      15.2,
      24.9,
      14.5,
      15.9,
      22.9,
      15.1,
      22.9,
      16.9,
      13.5,
      24.8,
      32.3,
      42.7,
      1.5,
      13.9,
      1.8
    ],
    [
      5.7,
      15.7,
      4.2,
      18.8,
      4.1,
      11.1,
      4.0,
      4.8,
      6.5,
      5.1,
      3.5,
      5.2,
      14.9,
      19.2,
      0.0,
      4.5,
      4.5,
      15.3,
      18.9,
      18.9,
      13.3,
      7.3,
      1.8,
      10.9,
      11.8,
      1.7,
      4.7,
      6.7,
      29.2,
      2.5,
      9.5,
      33.5,
      15.2,
      15.3,
      5.4,
      8.2,
      19.4,
      5.1,
      12.6,
      19.0,
      12.9,
      3.7,
      6.3,
      8.0,
      16.9,
      5.0,
      18.8,
      8.7,
      4.5,
      10.7,
      5.1,
      14.0,
      16.4,
      12.4,
      15.9,
      6.4,
      12.3,
      19.6,
      29.4,
      20.3
    ],
    [
      2.2,
      9.7,
      0.4,
      22.0,
      0.18,
      7.4,
      1.8,
      0.85,
      3.9,
      4.7,
      1.0,
      0.7,
      9.5,
      15.5,
      4.5,
      0.0,
      0.45,
      13.5,
      14.9,
      14.9,
      9.3,
      3.0,
      6.0,
      13.6,
      11.6,
      5.9,
      0.45,
      2.6,
      23.4,
      1.9,
      9.3,
      36.1,
      13.4,
      15.1,
      4.4,
      4.2,
      15.4,
      1.1,
      12.4,
      13.8,
      15.6,
      2.6,
      3.0,
      4.5,
      15.1,
      1.0,
      18.6,
      2.6,
      0.082,
      9.3,
      1.7,
      13.8,
      11.3,
      8.4,
      15.7,
      10.2,
      16.1,
      15.6,
      25.4,
      16.3
    ],
    [
      2.6,
      10.2,
      0.35,
      21.5,
      0.4,
      7.9,
      2.3,
      1.6,
      3.4,
      4.2,
      1.0,
      1.0,
      8.7,
      16.0,
      4.5,
      0.45,
      0.0,
      13.0,
      14.5,
      14.5,
      8.8,
      2.5,
      4.9,
      8.7,
      9.4,
      4.8,
      0.23,
      2.2,
      23.0,
      2.5,
      8.0,
      37.1,
      13.0,
      12.9,
      5.9,
      3.7,
      14.9,
      0.65,
      11.3,
      13.3,
      16.6,
      3.2,
      2.5,
      4.0,
      14.6,
      0.65,
      16.4,
      2.6,
      0.35,
      10.3,
      1.2,
      11.6,
      10.8,
      8.0,
      13.5,
      11.2,
      17.1,
      15.2,
      24.9,
      15.8
    ],
    [
      18.7,
      0.12,
      10.4,
      14.4,
      10.3,
      6.7,
      12.2,
      12.7,
      12.7,
      17.5,
      10.8,
      12.7,
      18.0,
      20.2,
      15.3,
      13.5,
      13.0,
      0.0,
      19.3,
      19.3,
      15.4,
      8.2,
      15.2,
      6.2,
      22.8,
      15.1,
      13.0,
      10.8,
      28.5,
      11.6,
      20.6,
      31.5,
      0.066,
      26.3,
      18.1,
      12.5,
      19.7,
      12.7,
      23.7,
      9.0,
      10.6,
      9.5,
      8.6,
      12.8,
      3.3,
      13.1,
      29.8,
      13.9,
      10.4,
      21.7,
      9.0,
      25.1,
      6.4,
      13.5,
      26.9,
      17.0,
      23.2,
      20.0,
      27.3,
      20.7
    ],
    [
      16.9,
      19.1,
      14.7,
      31.9,
      15.2,
      14.6,
      16.7,
      14.1,
      12.3,
      16.2,
      15.5,
      14.2,
      14.1,
      3.5,
      18.9,
      14.9,
      14.5,
      19.3,
      0.0,
      0.0,
      9.2,
      15.7,
      19.4,
      20.4,
      19.5,
      19.3,
      14.1,
      12.2,
      13.6,
      15.6,
      17.9,
      45.8,
      19.0,
      23.0,
      17.2,
      10.6,
      1.1,
      14.1,
      21.2,
      15.3,
      24.9,
      16.3,
      12.9,
      11.2,
      18.5,
      13.9,
      27.1,
      13.2,
      14.6,
      21.7,
      14.0,
      21.7,
      15.8,
      9.4,
      23.5,
      25.1,
      44.8,
      3.7,
      12.8,
      4.4
    ],
    [
      16.9,
      19.1,
      14.7,
      31.9,
      15.2,
      14.6,
      16.7,
      14.1,
      12.3,
      16.2,
      15.5,
      14.2,
      14.1,
      3.5,
      18.9,
      14.9,
      14.5,
      19.3,
      0.0,
      0.0,
      9.2,
      15.7,
      19.4,
      20.4,
      19.5,
      19.3,
      14.1,
      12.2,
      13.6,
      15.6,
      17.9,
      45.8,
      19.0,
      23.0,
      17.2,
      10.6,
      0.6,
      14.1,
      21.2,
      15.3,
      24.9,
      16.3,
      12.9,
      11.2,
      18.5,
      13.9,
      27.1,
      13.2,
      14.6,
      21.7,
      14.0,
      21.7,
      15.8,
      9.4,
      23.5,
      25.1,
      44.8,
      3.7,
      12.8,
      4.4
    ],
    [
      11.2,
      15.2,
      9.1,
      26.1,
      9.6,
      8.7,
      11.1,
      8.5,
      8.5,
      12.8,
      9.8,
      8.5,
      13.3,
      10.3,
      13.3,
      9.3,
      8.8,
      15.4,
      9.2,
      9.2,
      0.0,
      10.5,
      12.8,
      17.1,
      18.1,
      12.7,
      9.2,
      7.0,
      20.8,
      10.4,
      18.5,
      42.5,
      15.6,
      21.6,
      13.5,
      8.1,
      10.0,
      8.9,
      20.2,
      9.6,
      21.6,
      11.3,
      7.9,
      8.3,
      15.2,
      9.3,
      27.8,
      9.8,
      9.6,
      18.5,
      8.7,
      19.8,
      10.2,
      10.1,
      22.2,
      17.6,
      23.5,
      10.3,
      20.0,
      11.0
    ],
    [
      4.4,
      8.0,
      1.8,
      16.0,
      1.7,
      5.7,
      3.0,
      2.4,
      5.2,
      6.0,
      2.2,
      2.8,
      10.8,
      16.8,
      7.3,
      3.0,
      2.5,
      8.2,
      15.7,
      15.7,
      10.5,
      0.0,
      4.7,
      6.8,
      12.2,
      4.6,
      2.8,
      4.7,
      25.5,
      2.9,
      10.9,
      32.4,
      11.4,
      14.5,
      5.9,
      6.0,
      17.5,
      3.2,
      12.4,
      15.1,
      11.5,
      1.6,
      2.8,
      6.2,
      13.0,
      3.2,
      20.1,
      5.3,
      2.6,
      10.9,
      2.2,
      15.4,
      12.6,
      10.5,
      15.1,
      9.2,
      15.1,
      17.7,
      27.4,
      18.4
    ],
    [
      6.8,
      15.1,
      4.2,
      18.1,
      4.0,
      17.1,
      4.0,
      4.8,
      7.6,
      5.6,
      3.4,
      5.1,
      14.3,
      19.2,
      1.8,
      6.0,
      4.9,
      15.2,
      19.4,
      19.4,
      12.8,
      4.7,
      0.0,
      8.1,
      11.4,
      0.17,
      4.3,
      6.3,
      29.7,
      2.1,
      10.1,
      34.0,
      15.7,
      14.8,
      3.5,
      7.8,
      19.0,
      4.7,
      11.6,
      19.5,
      13.5,
      3.3,
      5.9,
      7.7,
      17.4,
      4.5,
      19.3,
      6.6,
      4.2,
      10.0,
      4.7,
      14.6,
      17.0,
      12.1,
      15.4,
      6.9,
      12.8,
      19.4,
      29.0,
      20.1
    ],
    [
      14.4,
      6.0,
      8.0,
      10.0,
      7.9,
      8.0,
      7.6,
      8.6,
      15.2,
      13.1,
      8.2,
      9.0,
      21.8,
      21.5,
      10.9,
      13.6,
      8.7,
      6.2,
      20.4,
      20.4,
      17.1,
      6.8,
      8.1,
      0.0,
      18.8,
      11.1,
      9.0,
      13.4,
      31.0,
      7.5,
      16.5,
      25.4,
      4.9,
      22.3,
      14.1,
      15.1,
      22.3,
      9.4,
      19.6,
      11.5,
      6.6,
      6.9,
      9.4,
      15.3,
      6.5,
      9.4,
      25.8,
      15.7,
      8.9,
      17.7,
      8.5,
      21.0,
      9.0,
      16.1,
      22.9,
      12.9,
      19.2,
      22.5,
      29.9,
      23.2
    ],
    [
      12.4,
      22.7,
      12.1,
      25.7,
      12.0,
      17.5,
      12.4,
      12.7,
      13.2,
      11.1,
      11.8,
      9.8,
      8.5,
      20.7,
      11.8,
      11.6,
      9.4,
      22.8,
      19.5,
      19.5,
      18.1,
      12.2,
      11.4,
      18.8,
      0.0,
      11.3,
      12.2,
      12.2,
      21.8,
      11.0,
      1.7,
      35.0,
      23.2,
      4.0,
      11.3,
      10.0,
      19.9,
      12.5,
      6.8,
      27.0,
      20.9,
      12.2,
      13.2,
      10.7,
      24.9,
      12.1,
      11.4,
      13.0,
      11.9,
      2.7,
      13.1,
      5.5,
      24.4,
      11.9,
      4.6,
      14.9,
      11.1,
      19.6,
      29.9,
      20.3
    ],
    [
      6.7,
      15.0,
      4.0,
      18.0,
      3.9,
      17.0,
      3.8,
      4.7,
      7.5,
      5.5,
      3.3,
      5.0,
      14.1,
      19.1,
      1.7,
      5.9,
      4.8,
      15.1,
      19.3,
      19.3,
      12.7,
      4.6,
      0.17,
      11.1,
      11.3,
      0.0,
      4.3,
      6.2,
      29.6,
      2.0,
      10.0,
      33.9,
      15.7,
      14.8,
      5.0,
      7.8,
      18.9,
      4.7,
      10.6,
      19.4,
      13.4,
      3.3,
      5.9,
      7.6,
      17.3,
      4.4,
      19.3,
      6.6,
      4.1,
      9.9,
      4.6,
      14.5,
      16.9,
      12.0,
      15.3,
      6.8,
      12.7,
      19.4,
      28.9,
      19.8
    ],
    [
      1.8,
      12.8,
      0.5,
      21.9,
      0.5,
      7.4,
      2.5,
      0.9,
      2.6,
      4.5,
      1.1,
      0.7,
      8.4,
      15.5,
      4.7,
      0.45,
      0.23,
      13.0,
      14.1,
      14.1,
      9.2,
      2.8,
      4.3,
      9.0,
      12.2,
      4.3,
      0.0,
      2.5,
      23.3,
      2.8,
      10.1,
      36.9,
      13.3,
      13.4,
      5.1,
      4.1,
      15.2,
      1.0,
      13.2,
      13.7,
      16.4,
      3.5,
      2.8,
      4.3,
      15.0,
      0.55,
      19.3,
      2.6,
      0.45,
      10.1,
      1.6,
      14.6,
      11.2,
      8.3,
      13.9,
      10.9,
      17.0,
      15.5,
      25.2,
      16.2
    ],
    [
      3.6,
      10.7,
      2.8,
      23.5,
      2.6,
      5.3,
      3.9,
      1.4,
      2.1,
      6.4,
      3.2,
      1.9,
      7.4,
      13.3,
      6.7,
      2.6,
      2.2,
      10.8,
      12.2,
      12.2,
      7.0,
      4.7,
      6.3,
      13.4,
      12.2,
      6.2,
      2.5,
      0.0,
      21.5,
      3.7,
      11.7,
      38.3,
      11.5,
      15.9,
      6.8,
      2.3,
      13.4,
      2.1,
      14.8,
      11.8,
      17.4,
      4.4,
      1.4,
      2.6,
      13.1,
      2.5,
      21.0,
      3.0,
      2.8,
      11.8,
      2.0,
      16.2,
      9.4,
      6.5,
      16.4,
      10.6,
      16.5,
      13.7,
      23.4,
      14.3
    ],
    [
      22.8,
      28.3,
      23.2,
      43.1,
      23.8,
      22.9,
      25.0,
      22.6,
      20.7,
      28.5,
      24.0,
      22.7,
      16.9,
      11.4,
      29.2,
      23.4,
      23.0,
      28.5,
      13.6,
      13.6,
      20.8,
      25.5,
      29.7,
      31.0,
      21.8,
      29.6,
      23.3,
      21.5,
      0.0,
      25.2,
      23.1,
      62.4,
      28.7,
      25.9,
      28.1,
      19.5,
      13.7,
      23.6,
      28.6,
      26.4,
      34.6,
      25.9,
      23.3,
      20.0,
      30.4,
      22.9,
      20.7,
      22.1,
      24.4,
      24.6,
      23.5,
      20.4,
      26.6,
      17.3,
      26.4,
      42.3,
      38.5,
      9.8,
      19.9,
      10.5
    ],
    [
      3.9,
      11.4,
      1.7,
      19.4,
      1.6,
      8.7,
      2.2,
      2.4,
      4.7,
      3.3,
      1.0,
      2.7,
      10.8,
      16.7,
      2.5,
      1.9,
      2.5,
      11.6,
      15.6,
      15.6,
      10.4,
      2.9,
      2.1,
      7.5,
      11.0,
      2.0,
      2.8,
      3.7,
      25.2,
      0.0,
      8.6,
      34.1,
      11.8,
      14.4,
      3.6,
      5.7,
      16.9,
      2.6,
      11.7,
      15.6,
      13.5,
      1.9,
      3.8,
      6.0,
      13.5,
      2.5,
      17.9,
      4.4,
      2.1,
      8.6,
      2.6,
      13.1,
      13.0,
      10.0,
      15.0,
      7.0,
      12.9,
      17.2,
      26.9,
      17.8
    ],
    [
      10.1,
      20.4,
      9.8,
      23.4,
      9.7,
      22.4,
      10.2,
      10.5,
      10.9,
      8.8,
      9.5,
      8.4,
      9.3,
      21.9,
      9.5,
      9.3,
      8.0,
      20.6,
      17.9,
      17.9,
      18.5,
      10.9,
      10.1,
      16.5,
      1.7,
      10.0,
      10.1,
      11.7,
      23.1,
      8.6,
      0.0,
      33.3,
      20.9,
      4.9,
      6.8,
      9.4,
      18.7,
      9.8,
      4.8,
      24.7,
      18.7,
      9.6,
      11.8,
      9.1,
      22.6,
      9.4,
      12.9,
      10.3,
      9.3,
      0.3,
      10.5,
      8.2,
      22.2,
      11.9,
      5.4,
      11.6,
      12.0,
      21.2,
      28.6,
      22.0
    ],
    [
      36.9,
      31.4,
      36.6,
      18.7,
      36.5,
      33.4,
      33.2,
      37.3,
      37.7,
      35.7,
      36.4,
      37.5,
      44.4,
      46.9,
      33.5,
      36.1,
      37.1,
      31.5,
      45.8,
      45.8,
      42.5,
      32.4,
      34.0,
      25.4,
      35.0,
      33.9,
      36.9,
      38.3,
      62.4,
      34.1,
      33.3,
      0.0,
      29.1,
      31.4,
      35.0,
      37.6,
      46.3,
      36.1,
      28.4,
      35.6,
      22.0,
      30.3,
      33.5,
      37.3,
      29.2,
      35.7,
      40.9,
      36.6,
      35.6,
      32.2,
      31.9,
      41.9,
      33.0,
      40.1,
      31.8,
      23.1,
      24.4,
      46.6,
      53.9,
      47.3
    ],
    [
      18.6,
      0.0,
      10.3,
      14.3,
      10.2,
      6.6,
      12.2,
      12.6,
      12.6,
      17.4,
      10.7,
      12.7,
      18.0,
      20.1,
      15.2,
      13.4,
      13.0,
      0.066,
      19.0,
      19.0,
      15.6,
      11.4,
      15.7,
      4.9,
      23.2,
      15.7,
      13.3,
      11.5,
      28.7,
      11.8,
      20.9,
      29.1,
      0.0,
      26.2,
      18.0,
      12.3,
      19.6,
      12.5,
      23.5,
      8.8,
      10.5,
      10.8,
      8.4,
      12.6,
      3.1,
      12.9,
      29.6,
      14.4,
      10.2,
      21.5,
      8.8,
      24.9,
      6.2,
      13.3,
      26.7,
      16.8,
      23.0,
      19.8,
      27.2,
      20.5
    ],
    [
      15.9,
      26.2,
      15.6,
      29.2,
      15.5,
      21.0,
      15.9,
      16.2,
      16.7,
      10.3,
      15.3,
      13.3,
      12.0,
      24.2,
      15.3,
      15.1,
      12.9,
      26.3,
      23.0,
      23.0,
      21.6,
      14.5,
      14.8,
      22.3,
      4.0,
      14.8,
      13.4,
      15.9,
      25.9,
      14.4,
      4.9,
      31.4,
      26.2,
      0.0,
      10.5,
      13.5,
      23.4,
      13.6,
      3.7,
      30.4,
      24.4,
      13.3,
      15.4,
      14.1,
      28.3,
      12.5,
      9.8,
      14.0,
      13.0,
      4.8,
      14.2,
      8.9,
      27.9,
      15.4,
      0.55,
      11.9,
      8.1,
      23.0,
      33.4,
      23.8
    ],
    [
      5.1,
      18.0,
      4.8,
      21.0,
      4.7,
      11.8,
      5.2,
      5.5,
      5.9,
      1.9,
      4.6,
      5.7,
      14.2,
      18.5,
      5.4,
      4.4,
      5.9,
      18.1,
      17.2,
      17.2,
      13.5,
      5.9,
      3.5,
      14.1,
      11.3,
      5.0,
      5.1,
      6.8,
      28.1,
      3.6,
      6.8,
      35.0,
      18.0,
      10.5,
      0.0,
      7.2,
      17.7,
      5.2,
      9.7,
      21.5,
      15.5,
      4.9,
      7.0,
      6.6,
      19.4,
      4.8,
      18.5,
      5.6,
      4.6,
      7.7,
      5.8,
      13.7,
      19.0,
      10.9,
      11.9,
      10.1,
      15.8,
      19.5,
      29.3,
      20.2
    ],
    [
      3.7,
      12.3,
      4.5,
      25.1,
      4.4,
      6.9,
      5.7,
      3.4,
      1.5,
      7.3,
      4.7,
      3.5,
      5.2,
      11.9,
      8.2,
      4.2,
      3.7,
      12.5,
      10.6,
      10.6,
      8.1,
      6.0,
      7.8,
      15.1,
      10.0,
      7.8,
      4.1,
      2.3,
      19.5,
      5.7,
      9.4,
      37.6,
      12.3,
      13.5,
      7.2,
      0.0,
      11.2,
      4.0,
      12.2,
      13.1,
      18.1,
      6.2,
      3.2,
      0.4,
      13.8,
      5.0,
      17.0,
      2.4,
      4.7,
      12.2,
      3.8,
      12.3,
      10.1,
      4.8,
      14.1,
      16.2,
      20.6,
      14.6,
      21.2,
      15.3
    ],
    [
      15.0,
      19.6,
      15.2,
      32.4,
      15.7,
      15.0,
      17.2,
      14.6,
      12.7,
      16.6,
      15.9,
      14.6,
      14.5,
      4.0,
      19.4,
      15.4,
      14.9,
      19.7,
      1.1,
      0.6,
      10.0,
      17.5,
      19.0,
      22.3,
      19.9,
      18.9,
      15.2,
      13.4,
      13.7,
      16.9,
      18.7,
      46.3,
      19.6,
      23.4,
      17.7,
      11.2,
      0.0,
      14.6,
      21.6,
      15.8,
      25.4,
      16.8,
      13.9,
      11.7,
      19.0,
      14.4,
      27.5,
      13.7,
      15.0,
      22.2,
      14.4,
      21.0,
      16.2,
      9.9,
      24.0,
      25.6,
      45.3,
      4.2,
      13.3,
      4.9
    ],
    [
      2.0,
      12.5,
      0.9,
      22.1,
      1.0,
      7.1,
      2.9,
      0.25,
      2.8,
      4.8,
      1.6,
      0.35,
      9.2,
      15.2,
      5.1,
      1.1,
      0.65,
      12.7,
      14.1,
      14.1,
      8.9,
      3.2,
      4.7,
      9.4,
      12.5,
      4.7,
      1.0,
      2.1,
      23.6,
      2.6,
      9.8,
      36.1,
      12.5,
      13.6,
      5.2,
      4.0,
      14.6,
      0.0,
      11.8,
      12.7,
      18.2,
      3.7,
      1.8,
      3.4,
      14.0,
      0.85,
      20.1,
      2.8,
      1.2,
      10.8,
      0.9,
      15.3,
      10.2,
      7.3,
      14.0,
      11.7,
      17.6,
      14.5,
      24.3,
      15.2
    ],
    [
      13.2,
      23.5,
      12.9,
      26.5,
      12.8,
      25.5,
      13.3,
      13.6,
      14.0,
      8.7,
      12.6,
      11.7,
      14.7,
      22.5,
      12.6,
      12.4,
      11.3,
      23.7,
      21.2,
      21.2,
      20.2,
      12.4,
      11.6,
      19.6,
      6.8,
      10.6,
      13.2,
      14.8,
      28.6,
      11.7,
      4.8,
      28.4,
      23.5,
      3.7,
      9.7,
      12.2,
      21.6,
      11.8,
      0.0,
      27.0,
      21.0,
      11.6,
      13.7,
      11.6,
      24.9,
      10.6,
      13.2,
      13.3,
      11.2,
      4.8,
      12.4,
      13.9,
      24.5,
      14.4,
      4.3,
      5.8,
      9.1,
      22.1,
      31.2,
      22.7
    ],
    [
      15.7,
      8.8,
      14.1,
      21.6,
      14.0,
      5.6,
      15.9,
      13.0,
      13.0,
      21.2,
      14.3,
      13.0,
      18.3,
      16.4,
      19.0,
      13.8,
      13.3,
      9.0,
      15.3,
      15.3,
      9.6,
      15.1,
      19.5,
      11.5,
      27.0,
      19.4,
      13.7,
      11.8,
      26.4,
      15.6,
      24.7,
      35.6,
      8.8,
      30.4,
      21.5,
      13.1,
      15.8,
      12.7,
      27.0,
      0.0,
      14.6,
      15.0,
      12.5,
      13.3,
      10.4,
      13.6,
      33.8,
      15.0,
      14.4,
      25.7,
      13.1,
      29.0,
      4.6,
      14.0,
      30.9,
      20.9,
      27.2,
      16.6,
      23.9,
      17.3
    ],
    [
      16.4,
      10.5,
      12.7,
      13.6,
      12.6,
      12.5,
      12.3,
      13.3,
      17.2,
      15.1,
      15.8,
      13.7,
      23.8,
      26.0,
      12.9,
      15.6,
      16.6,
      10.6,
      24.9,
      24.9,
      21.6,
      11.5,
      13.5,
      6.6,
      20.9,
      13.4,
      16.4,
      17.4,
      34.6,
      13.5,
      18.7,
      22.0,
      10.5,
      24.4,
      15.5,
      18.1,
      25.4,
      18.2,
      21.0,
      14.6,
      0.0,
      10.8,
      13.0,
      18.9,
      13.0,
      16.1,
      27.0,
      17.0,
      12.7,
      18.9,
      12.3,
      22.3,
      12.6,
      19.7,
      24.1,
      12.9,
      19.1,
      26.2,
      33.5,
      26.8
    ],
    [
      5.1,
      9.3,
      3.6,
      16.3,
      3.5,
      9.4,
      1.1,
      3.1,
      5.9,
      4.5,
      1.8,
      4.6,
      12.6,
      18.6,
      3.7,
      2.6,
      3.2,
      9.5,
      16.3,
      16.3,
      11.3,
      1.6,
      3.3,
      6.9,
      12.2,
      3.3,
      3.5,
      4.4,
      25.9,
      1.9,
      9.6,
      30.3,
      10.8,
      13.3,
      4.9,
      6.2,
      16.8,
      3.7,
      11.6,
      15.0,
      10.8,
      0.0,
      3.9,
      6.4,
      12.8,
      3.4,
      19.0,
      6.4,
      3.8,
      9.8,
      3.4,
      14.3,
      12.4,
      10.5,
      16.1,
      8.1,
      14.0,
      17.9,
      27.6,
      18.5
    ],
    [
      4.4,
      8.4,
      2.8,
      19.5,
      2.3,
      5.2,
      3.9,
      1.8,
      4.4,
      6.6,
      2.8,
      2.2,
      8.4,
      14.0,
      6.3,
      3.0,
      2.5,
      8.6,
      12.9,
      12.9,
      7.9,
      2.8,
      5.9,
      9.4,
      13.2,
      5.9,
      2.8,
      1.4,
      23.3,
      3.8,
      11.8,
      33.5,
      8.4,
      15.4,
      7.0,
      3.2,
      13.9,
      1.8,
      13.7,
      12.5,
      13.0,
      3.9,
      0.0,
      3.8,
      10.9,
      2.6,
      21.1,
      3.5,
      3.1,
      11.9,
      1.2,
      16.3,
      9.2,
      7.7,
      18.2,
      10.8,
      16.6,
      14.4,
      24.1,
      15.0
    ],
    [
      3.2,
      12.6,
      4.8,
      23.9,
      4.7,
      7.2,
      6.0,
      3.7,
      0.9,
      6.3,
      4.4,
      3.7,
      5.9,
      12.5,
      8.0,
      4.5,
      4.0,
      12.8,
      11.2,
      11.2,
      8.3,
      6.2,
      7.7,
      15.3,
      10.7,
      7.6,
      4.3,
      2.6,
      20.0,
      6.0,
      9.1,
      37.3,
      12.6,
      14.1,
      6.6,
      0.4,
      11.7,
      3.4,
      11.6,
      13.3,
      18.9,
      6.4,
      3.8,
      0.0,
      14.2,
      4.8,
      17.6,
      1.9,
      3.1,
      10.0,
      4.2,
      12.9,
      10.4,
      4.9,
      14.7,
      16.0,
      18.1,
      12.7,
      21.7,
      13.3
    ],
    [
      20.3,
      3.1,
      12.0,
      12.7,
      11.9,
      8.3,
      13.8,
      14.3,
      14.3,
      19.1,
      12.4,
      14.3,
      19.6,
      19.6,
      16.9,
      15.1,
      14.6,
      3.3,
      18.5,
      18.5,
      15.2,
      13.0,
      17.4,
      6.5,
      24.9,
      17.3,
      15.0,
      13.1,
      30.4,
      13.5,
      22.6,
      29.2,
      3.1,
      28.3,
      19.4,
      13.8,
      19.0,
      14.0,
      24.9,
      10.4,
      13.0,
      12.8,
      10.9,
      14.2,
      0.0,
      14.9,
      31.6,
      16.4,
      12.2,
      23.5,
      10.8,
      26.9,
      8.2,
      15.3,
      28.7,
      18.8,
      25.0,
      19.1,
      25.9,
      19.7
    ],
    [
      0.75,
      12.9,
      0.9,
      21.7,
      1.0,
      7.5,
      2.9,
      1.2,
      2.0,
      4.4,
      1.7,
      0.65,
      8.2,
      15.2,
      5.0,
      1.0,
      0.65,
      13.1,
      13.9,
      13.9,
      9.3,
      3.2,
      4.5,
      9.4,
      12.1,
      4.4,
      0.55,
      2.5,
      22.9,
      2.5,
      9.4,
      35.7,
      12.9,
      12.5,
      4.8,
      5.0,
      14.4,
      0.85,
      10.6,
      13.6,
      16.1,
      3.4,
      2.6,
      4.8,
      14.9,
      0.0,
      19.1,
      2.0,
      1.0,
      9.8,
      1.4,
      14.3,
      10.9,
      8.0,
      13.2,
      10.7,
      16.8,
      15.2,
      24.9,
      15.9
    ],
    [
      19.3,
      29.6,
      19.1,
      32.7,
      19.0,
      31.7,
      19.4,
      19.7,
      20.1,
      18.1,
      18.8,
      16.8,
      11.8,
      24.9,
      18.8,
      18.6,
      16.4,
      29.8,
      27.1,
      27.1,
      27.8,
      20.1,
      19.3,
      25.8,
      11.4,
      19.3,
      19.3,
      21.0,
      20.7,
      17.9,
      12.9,
      40.9,
      29.6,
      9.8,
      18.5,
      17.0,
      27.5,
      20.1,
      13.2,
      33.8,
      27.0,
      19.0,
      21.1,
      17.6,
      31.6,
      19.1,
      0.0,
      19.6,
      18.6,
      11.1,
      19.7,
      5.3,
      31.1,
      18.7,
      8.0,
      21.1,
      17.3,
      29.9,
      40.0,
      30.7
    ],
    [
      1.0,
      19.6,
      3.7,
      22.6,
      3.6,
      9.0,
      4.7,
      3.1,
      1.0,
      5.3,
      3.4,
      3.2,
      7.6,
      14.5,
      8.7,
      2.6,
      2.6,
      13.9,
      13.2,
      13.2,
      9.8,
      5.3,
      6.6,
      15.7,
      13.0,
      6.6,
      2.6,
      3.0,
      22.1,
      4.4,
      10.3,
      36.6,
      14.4,
      14.0,
      5.6,
      2.4,
      13.7,
      2.8,
      13.3,
      15.0,
      17.0,
      6.4,
      3.5,
      1.9,
      16.4,
      2.0,
      19.6,
      0.0,
      3.4,
      10.9,
      3.4,
      15.4,
      11.2,
      6.6,
      17.2,
      11.7,
      17.8,
      14.3,
      23.4,
      14.9
    ],
    [
      2.6,
      10.3,
      0.3,
      21.6,
      0.098,
      7.8,
      2.4,
      0.75,
      3.4,
      4.2,
      0.7,
      0.75,
      8.8,
      15.9,
      4.5,
      0.082,
      0.35,
      10.4,
      14.6,
      14.6,
      9.6,
      2.6,
      4.2,
      8.9,
      11.9,
      4.1,
      0.45,
      2.8,
      24.4,
      2.1,
      9.3,
      35.6,
      10.2,
      13.0,
      4.6,
      4.7,
      15.0,
      1.2,
      11.2,
      14.4,
      12.7,
      3.8,
      3.1,
      3.1,
      12.2,
      1.0,
      18.6,
      3.4,
      0.0,
      9.9,
      1.2,
      14.4,
      11.6,
      8.9,
      16.2,
      8.8,
      16.6,
      16.1,
      25.8,
      16.7
    ],
    [
      10.1,
      21.5,
      9.8,
      24.6,
      9.7,
      23.6,
      10.2,
      10.5,
      10.9,
      6.7,
      9.5,
      10.7,
      10.7,
      22.9,
      10.7,
      9.3,
      10.3,
      21.7,
      21.7,
      21.7,
      18.5,
      10.9,
      10.0,
      17.7,
      2.7,
      9.9,
      10.1,
      11.8,
      24.6,
      8.6,
      0.3,
      32.2,
      21.5,
      4.8,
      7.7,
      12.2,
      22.2,
      10.8,
      4.8,
      25.7,
      18.9,
      9.8,
      11.9,
      10.0,
      23.5,
      9.8,
      11.1,
      10.9,
      9.9,
      0.0,
      10.3,
      7.7,
      21.7,
      11.6,
      5.6,
      11.9,
      12.1,
      20.9,
      28.4,
      21.7
    ],
    [
      3.8,
      8.8,
      0.8,
      22.7,
      1.0,
      7.0,
      2.4,
      0.75,
      4.6,
      5.4,
      1.6,
      1.7,
      9.1,
      15.1,
      5.1,
      1.7,
      1.2,
      9.0,
      14.0,
      14.0,
      8.7,
      2.2,
      4.7,
      8.5,
      13.1,
      4.6,
      1.6,
      2.0,
      23.5,
      2.6,
      10.5,
      31.9,
      8.8,
      14.2,
      5.8,
      3.8,
      14.4,
      0.9,
      12.4,
      13.1,
      12.3,
      3.4,
      1.2,
      4.2,
      10.8,
      1.4,
      19.7,
      3.4,
      1.2,
      10.3,
      0.0,
      15.2,
      11.2,
      8.1,
      17.0,
      9.6,
      15.5,
      14.9,
      25.2,
      15.5
    ],
    [
      14.6,
      24.9,
      14.3,
      27.9,
      14.2,
      26.9,
      14.7,
      15.0,
      15.4,
      13.3,
      14.0,
      12.0,
      6.6,
      22.9,
      14.0,
      13.8,
      11.6,
      25.1,
      21.7,
      21.7,
      19.8,
      15.4,
      14.6,
      21.0,
      5.5,
      14.5,
      14.6,
      16.2,
      20.4,
      13.1,
      8.2,
      41.9,
      24.9,
      8.9,
      13.7,
      12.3,
      21.0,
      15.3,
      13.9,
      29.0,
      22.3,
      14.3,
      16.3,
      12.9,
      26.9,
      14.3,
      5.3,
      15.4,
      14.4,
      7.7,
      15.2,
      0.0,
      25.9,
      12.4,
      9.6,
      16.2,
      16.1,
      24.0,
      34.1,
      24.7
    ],
    [
      13.2,
      6.2,
      11.1,
      19.0,
      11.6,
      4.5,
      13.4,
      10.5,
      10.5,
      18.6,
      11.8,
      10.6,
      15.8,
      16.9,
      16.4,
      11.3,
      10.8,
      6.4,
      15.8,
      15.8,
      10.2,
      12.6,
      17.0,
      9.0,
      24.4,
      16.9,
      11.2,
      9.4,
      26.6,
      13.0,
      22.2,
      33.0,
      6.2,
      27.9,
      19.0,
      10.1,
      16.2,
      10.2,
      24.5,
      4.6,
      12.6,
      12.4,
      9.2,
      10.4,
      8.2,
      10.9,
      31.1,
      11.2,
      11.6,
      21.7,
      11.2,
      25.9,
      0.0,
      11.6,
      28.4,
      18.5,
      24.7,
      18.0,
      25.4,
      18.7
    ],
    [
      8.2,
      13.3,
      8.2,
      26.1,
      8.8,
      7.9,
      10.0,
      7.6,
      6.0,
      9.9,
      9.0,
      7.7,
      6.6,
      13.5,
      12.4,
      8.4,
      8.0,
      13.5,
      9.4,
      9.4,
      10.1,
      10.5,
      12.1,
      16.1,
      11.9,
      12.0,
      8.3,
      6.5,
      17.3,
      10.0,
      11.9,
      40.1,
      13.3,
      15.4,
      10.9,
      4.8,
      9.9,
      7.3,
      14.4,
      14.0,
      19.7,
      10.5,
      7.7,
      4.9,
      15.3,
      8.0,
      18.7,
      6.6,
      8.9,
      11.6,
      8.1,
      12.4,
      11.6,
      0.0,
      16.0,
      19.1,
      22.5,
      10.4,
      19.5,
      11.0
    ],
    [
      16.4,
      26.7,
      16.2,
      29.8,
      16.0,
      21.6,
      16.5,
      16.8,
      17.2,
      10.9,
      15.9,
      13.9,
      12.5,
      24.8,
      15.9,
      15.7,
      13.5,
      26.9,
      23.5,
      23.5,
      22.2,
      15.1,
      15.4,
      22.9,
      4.6,
      15.3,
      13.9,
      16.4,
      26.4,
      15.0,
      5.4,
      31.8,
      26.7,
      0.55,
      11.9,
      14.1,
      24.0,
      14.0,
      4.3,
      30.9,
      24.1,
      16.1,
      18.2,
      14.7,
      28.7,
      13.2,
      8.0,
      17.2,
      16.2,
      5.6,
      17.0,
      9.6,
      28.4,
      16.0,
      0.0,
      12.3,
      8.5,
      23.6,
      33.9,
      24.4
    ],
    [
      11.0,
      16.8,
      8.7,
      19.8,
      10.6,
      18.8,
      8.5,
      9.4,
      11.8,
      9.7,
      8.0,
      11.6,
      17.6,
      32.3,
      6.4,
      10.2,
      11.2,
      17.0,
      25.1,
      25.1,
      17.6,
      9.2,
      6.9,
      12.9,
      14.9,
      6.8,
      10.9,
      10.6,
      42.3,
      7.0,
      11.6,
      23.1,
      16.8,
      11.9,
      10.1,
      16.2,
      25.6,
      11.7,
      5.8,
      20.9,
      12.9,
      8.1,
      10.8,
      16.0,
      18.8,
      10.7,
      21.1,
      11.7,
      8.8,
      11.9,
      9.6,
      16.2,
      18.5,
      19.1,
      12.3,
      0.0,
      6.3,
      46.6,
      34.5,
      47.3
    ],
    [
      16.9,
      23.0,
      14.6,
      26.1,
      16.5,
      25.1,
      14.4,
      15.3,
      17.7,
      14.7,
      13.9,
      17.5,
      19.1,
      42.7,
