{
  "drive_dist_matrix": [
    [
      0.0,
      7.3,
      19.0,
      2.6,
      5.6,
      8.0,
      3.1,
      8.9,
      9.0,
      11.8,
      7.2,
      7.5,
      8.0,
      26.1,
      11.8,
      7.4,
      6.3,
      7.8,
      6.5,
      7.1
    ],
    [
      7.3,
      0.0,
      12.8,
      7.5,
      3.1,
      0.3,
      6.2,
      2.6,
      2.6,
      7.1,
      0.75,
      0.18,
      0.6,
      19.9,
      7.4,
      14.2,
      3.1,
      0.4,
      13.3,
      0.85
    ],
    [
      19.0,
      12.8,
      0.0,
      18.2,
      12.5,
      12.2,
      14.6,
      12.6,
      13.0,
      8.8,
      11.4,
      12.0,
      12.2,
      13.6,
      10.7,
      20.0,
      11.4,
      12.4,
      21.0,
      11.3
    ],
    [
      2.6,
      7.5,
      18.2,
      0.0,
      5.7,
      7.6,
      3.8,
      8.5,
      8.6,
      11.3,
      6.7,
      7.1,
      7.6,
      24.1,
      9.9,
      10.2,
      6.5,
      7.4,
      9.4,
      6.7
    ],
    [
      5.6,
      3.1,
      12.5,
      5.7,
      0.0,
      2.8,
      3.3,
      3.9,
      4.0,
      6.3,
      1.9,
      2.3,
      2.9,
      19.2,
      6.6,
      10.0,
      1.5,
      3.1,
      10.1,
      1.7
    ],
    [
      8.0,
      0.3,
      12.2,
      7.6,
      2.8,
      0.0,
      5.6,
      1.4,
      1.6,
      6.9,
      0.85,
      0.22,
      0.11,
      19.7,
      7.2,
      12.5,
      2.9,
      0.24,
      14.0,
      0.9
    ],
    [
      3.1,
      6.2,
      14.6,
      3.8,
      3.3,
      5.6,
      0.0,
      6.6,
      8.9,
      7.6,
      4.8,
      5.3,
      5.7,
      21.5,
      7.8,
      8.1,
      3.9,
      5.9,
      7.5,
      4.6
    ],
    [
      8.9,
      2.6,
      12.6,
      8.5,
      3.9,
      1.4,
      6.6,
      0.0,
      0.18,
      7.7,
      2.1,
      2.0,
      1.2,
      19.6,
      7.9,
      15.1,
      3.8,
      1.4,
      14.3,
      2.7
    ],
    [
      9.0,
      2.6,
      13.0,
      8.6,
      4.0,
      1.6,
      8.9,
      0.18,
      0.0,
      7.2,
      2.3,
      1.9,
      1.0,
      20.0,
      7.5,
      13.1,
      3.3,
      0.95,
      14.3,
      2.2
    ],
    [
      11.8,
      7.1,
      8.8,
      11.3,
      6.3,
      6.9,
      7.6,
      7.7,
      7.2,
      0.0,
      6.0,
      6.5,
      6.8,
      11.8,
      1.1,
      12.8,
      5.1,
      6.9,
      13.5,
      5.8
    ],
    [
      7.2,
      0.75,
      11.4,
      6.7,
      1.9,
      0.85,
      4.8,
      2.1,
      2.3,
      6.0,
      0.0,
      0.65,
      0.85,
      19.1,
      6.6,
      11.8,
      2.5,
      1.4,
      12.8,
      0.12
    ],
    [
      7.5,
      0.18,
      12.0,
      7.1,
      2.3,
      0.22,
      5.3,
      2.0,
      1.9,
      6.5,
      0.65,
      0.0,
      0.21,
      20.0,
      7.4,
      14.1,
      3.1,
      0.29,
      13.3,
      0.75
    ],
    [
      8.0,
      0.6,
      12.2,
      7.6,
      2.9,
      0.11,
      5.7,
      1.2,
      1.0,
      6.8,
      0.85,
      0.21,
      0.0,
      20.1,
      7.5,
      14.3,
      3.3,
      0.12,
      13.5,
      1.5
    ],
    [
      26.1,
      19.9,
      13.6,
      24.1,
      19.2,
      19.7,
      21.5,
      19.6,
      20.0,
      11.8,
      19.1,
      20.0,
      20.1,
      0.0,
      10.9,
      27.3,
      18.3,
      19.3,
      27.9,
      18.2
    ],
    [
      11.8,
      7.4,
      10.7,
      9.9,
      6.6,
      7.2,
      7.8,
      7.9,
      7.5,
      1.1,
      6.6,
      7.4,
      7.5,
      10.9,
      0.0,
      13.2,
      5.4,
      7.2,
      13.8,
      6.1
    ],
    [
      7.4,
      14.2,
      20.0,
      10.2,
      10.0,
      12.5,
      8.1,
      15.1,
      13.1,
      12.8,
      11.8,
      14.1,
      14.3,
      27.3,
      13.2,
      0.0,
      9.3,
      11.7,
      3.5,
      10.6
    ],
    [
      6.3,
      3.1,
      11.4,
      6.5,
      1.5,
      2.9,
      3.9,
      3.8,
      3.3,
      5.1,
      2.5,
      3.1,
      3.3,
      18.3,
      5.4,
      9.3,
      0.0,
      3.5,
      10.7,
      2.3
    ],
    [
      7.8,
      0.4,
      12.4,
      7.4,
      3.1,
      0.24,
      5.9,
      1.4,
      0.95,
      6.9,
      1.4,
      0.29,
      0.12,
      19.3,
      7.2,
      11.7,
      3.5,
      0.0,
      13.4,
      1.1
    ],
    [
      6.5,
      13.3,
      21.0,
      9.4,
      10.1,
      14.0,
      7.5,
      14.3,
      14.3,
      13.5,
      12.8,
      13.3,
      13.5,
      27.9,
      13.8,
      3.5,
      10.7,
      13.4,
      0.0,
      13.2
    ],
    [
      7.1,
      0.85,
      11.3,
      6.7,
      1.7,
      0.9,
      4.6,
      2.7,
      2.2,
      5.8,
      0.12,
      0.75,
      1.5,
      18.2,
      6.1,
      10.6,
      2.3,
      1.1,
      13.2,
      0.0
    ]
  ],
  "drive_time_matrix": [
    [
      0.0,
      14.0,
      31.0,
      5.0,
      12.0,
      15.0,
      7.0,
      15.0,
      15.0,
      20.0,
      15.0,
      15.0,
      15.0,
      33.0,
      20.0,
      12.0,
      13.0,
      14.0,
      8.0,
      15.0
    ],
    [
      14.0,
      0.0,
      22.0,
      10.0,
      9.0,
      4.0,
      13.0,
      5.0,
      5.0,
      14.0,
      10.0,
      2.0,
      2.0,
      24.0,
      15.0,
      24.0,
      8.0,
      5.0,
      20.0,
      11.0
    ],
    [
      31.0,
      22.0,
      0.0,
      29.0,
      22.0,
      20.0,
      26.0,
      20.0,
      21.0,
      17.0,
      19.0,
      20.0,
      20.0,
      18.0,
      18.0,
      35.0,
      19.0,
      20.0,
      35.0,
      18.0
    ],
    [
      5.0,
      10.0,
      29.0,
      0.0,
      11.0,
      11.0,
      8.0,
      12.0,
      12.0,
      19.0,
      11.0,
      12.0,
      11.0,
      30.0,
      19.0,
      17.0,
      12.0,
      11.0,
      13.0,
      11.0
    ],
    [
      12.0,
      9.0,
      22.0,
      11.0,
      0.0,
      7.0,
      7.0,
      9.0,
      10.0,
      11.0,
      5.0,
      6.0,
      7.0,
      22.0,
      12.0,
      18.0,
      4.0,
      7.0,
      18.0,
      5.0
    ],
    [
      15.0,
      4.0,
      20.0,
      11.0,
      7.0,
      0.0,
      13.0,
      4.0,
      4.0,
      13.0,
      11.0,
      3.0,
      2.0,
      23.0,
      14.0,
      25.0,
      7.0,
      3.0,
      21.0,
      12.0
    ],
    [
      7.0,
      13.0,
      26.0,
      8.0,
      7.0,
      13.0,
      0.0,
      14.0,
      14.0,
      14.0,
      11.0,
      13.0,
      13.0,
      26.0,
      15.0,
      13.0,
      8.0,
      13.0,
      12.0,
      11.0
    ],
    [
      15.0,
      5.0,
      20.0,
      12.0,
      9.0,
      4.0,
      14.0,
      0.0,
      2.0,
      14.0,
      5.0,
      5.0,
      4.0,
      25.0,
      15.0,
      25.0,
      9.0,
      4.0,
      21.0,
      6.0
    ],
    [
      15.0,
      5.0,
      21.0,
      12.0,
      10.0,
      4.0,
      14.0,
      2.0,
      0.0,
      13.0,
      5.0,
      4.0,
      13.0,
      23.0,
      14.0,
      24.0,
      7.0,
      3.0,
      21.0,
      5.0
    ],
    [
      20.0,
      14.0,
      17.0,
      19.0,
      11.0,
      13.0,
      14.0,
      14.0,
      13.0,
      0.0,
      12.0,
      13.0,
      13.0,
      15.0,
      13.0,
      22.0,
      10.0,
      13.0,
      22.0,
      11.0
    ],
    [
      15.0,
      10.0,
      19.0,
      11.0,
      5.0,
      11.0,
      11.0,
      5.0,
      5.0,
      12.0,
      0.0,
      8.0,
      11.0,
      23.0,
      14.0,
      23.0,
      7.0,
      4.0,
      19.0,
      2.0
    ],
    [
      15.0,
      2.0,
      20.0,
      12.0,
      6.0,
      3.0,
      13.0,
      5.0,
      4.0,
      13.0,
      8.0,
      0.0,
      3.0,
      24.0,
      14.0,
      23.0,
      9.0,
      4.0,
      19.0,
      10.0
    ],
    [
      15.0,
      2.0,
      20.0,
      11.0,
      7.0,
      2.0,
      13.0,
      4.0,
      13.0,
      13.0,
      11.0,
      3.0,
      0.0,
      24.0,
      15.0,
      23.0,
      9.0,
      1.0,
      20.0,
      5.0
    ],
    [
      33.0,
      24.0,
      18.0,
      30.0,
      22.0,
      23.0,
      26.0,
      25.0,
      23.0,
      15.0,
      23.0,
      24.0,
      24.0,
      0.0,
      14.0,
      35.0,
      20.0,
      21.0,
      36.0,
      19.0
    ],
    [
      20.0,
      15.0,
      18.0,
      19.0,
      12.0,
      14.0,
      15.0,
      15.0,
      14.0,
      13.0,
      14.0,
      14.0,
      15.0,
      14.0,
      0.0,
      22.0,
      10.0,
      14.0,
      22.0,
      12.0
    ],
    [
      12.0,
      24.0,
      35.0,
      17.0,
      18.0,
      25.0,
      13.0,
      25.0,
      24.0,
      22.0,
      23.0,
      23.0,
      23.0,
      35.0,
      22.0,
      0.0,
      17.0,
      23.0,
      9.0,
      21.0
    ],
    [
      13.0,
      8.0,
      19.0,
      12.0,
      4.0,
      7.0,
      8.0,
      9.0,
      7.0,
      10.0,
      7.0,
      9.0,
      9.0,
      20.0,
      10.0,
      17.0,
      0.0,
      8.0,
      18.0,
      6.0
    ],
    [
      14.0,
      5.0,
      20.0,
      11.0,
      7.0,
      3.0,
      13.0,
      4.0,
      3.0,
      13.0,
      4.0,
      4.0,
      1.0,
      21.0,
      14.0,
      23.0,
      8.0,
      0.0,
      19.0,
      3.0
    ],
    [
      8.0,
      20.0,
      35.0,
      13.0,
      18.0,
      21.0,
      12.0,
      21.0,
      21.0,
      22.0,
      19.0,
      19.0,
      20.0,
      36.0,
      22.0,
      9.0,
      18.0,
      19.0,
      0.0,
      23.0
    ],
    [
      15.0,
      11.0,
      18.0,
      11.0,
      5.0,
      12.0,
      11.0,
      6.0,
      5.0,
      11.0,
      2.0,
      10.0,
      5.0,
      19.0,
      12.0,
      21.0,
      6.0,
      3.0,
      23.0,
      0.0
    ]
  ],
  "transit_dist_walk_matrix": [
    [
      0.0,
      2.08325,
      NaN,
      NaN,
      NaN,
      1.91659,
      NaN,
      2.83322,
      2.66656,
      3.24987,
      1.91659,
      1.91659,
      1.99992,
      3.6665200000000002,
      2.41657,
      2.74989,
      2.08325,
      2.16658,
      2.24991,
      1.8332600000000001
    ],
    [
      2.08325,
      0.0,
      NaN,
      NaN,
      1.8332600000000001,
      NaN,
      1.99992,
      NaN,
      NaN,
      2.99988,
      NaN,
      NaN,
      NaN,
      3.3332,
      2.16658,
      2.4999000000000002,
      1.99992,
      NaN,
      2.41657,
      NaN
    ],
    [
      NaN,
      NaN,
      0.0,
      NaN,
      NaN,
      NaN,
      NaN,
      NaN,
      NaN,
      NaN,
      NaN,
      NaN,
      NaN,
      NaN,
      NaN,
      NaN,
      NaN,
      NaN,
      NaN,
      NaN
    ],
    [
      NaN,
      NaN,
      NaN,
      0.0,
      NaN,
      NaN,
      NaN,
      NaN,
      NaN,
      NaN,
      NaN,
      NaN,
      NaN,
      NaN,
      NaN,
      NaN,
      NaN,
      NaN,
      NaN,
      NaN
    ],
    [
      NaN,
      1.8332600000000001,
      NaN,
      NaN,
      0.0,
      0.99996,
      1.16662,
      1.91659,
      1.8332600000000001,
      2.24991,
      NaN,
      0.99996,
      1.16662,
      2.58323,
      1.41661,
      1.6666,
      NaN,
      1.2499500000000001,
      1.58327,
      1.08329
    ],
    [
      1.91659,
      NaN,
      NaN,
      NaN,
      0.99996,
      0.0,
      1.74993,
      NaN,
      NaN,
      2.66656,
      NaN,
      NaN,
      NaN,
      2.99988,
      1.8332600000000001,
      2.24991,
      1.6666,
      NaN,
      2.16658,
      NaN
    ],
    [
      NaN,
      1.99992,
      NaN,
      NaN,
      1.16662,
      1.74993,
      0.0,
      2.16658,
      2.08325,
      2.66656,
      1.41661,
      1.2499500000000001,
      1.41661,
      2.99988,
      1.8332600000000001,
      1.91659,
      1.41661,
      1.49994,
      1.91659,
      1.33328
    ],
    [
      2.83322,
      NaN,
      NaN,
      NaN,
      1.91659,
      NaN,
      2.16658,
      0.0,
      NaN,
      3.3332,
      NaN,
      NaN,
      NaN,
      3.6665200000000002,
      2.4999000000000002,
      2.83322,
      2.16658,
      NaN,
      2.83322,
      NaN
    ],
    [
      2.66656,
      NaN,
      NaN,
      NaN,
      1.8332600000000001,
      NaN,
      2.08325,
      NaN,
      0.0,
      3.16654,
      NaN,
      NaN,
      NaN,
      3.49986,
      2.33324,
      2.74989,
      2.08325,
      NaN,
      2.66656,
      NaN
    ],
    [
      3.24987,
      2.99988,
      NaN,
      NaN,
      2.24991,
      2.66656,
      2.66656,
      3.3332,
      3.16654,
      0.0,
      2.16658,
      2.16658,
      2.24991,
      3.58319,
      NaN,
      2.91655,
      1.99992,
      2.33324,
      2.83322,
      2.08325
    ],
    [
      1.91659,
      NaN,
      NaN,
      NaN,
      NaN,
      NaN,
      1.41661,
      NaN,
      NaN,
      2.16658,
      0.0,
      NaN,
      NaN,
      2.66656,
      1.41661,
      1.74993,
      1.2499500000000001,
      NaN,
      1.6666,
      NaN
    ],
    [
      1.91659,
      NaN,
      NaN,
      NaN,
      0.99996,
      NaN,
      1.2499500000000001,
      NaN,
      NaN,
      2.16658,
      NaN,
      0.0,
      NaN,
      3.0832100000000002,
      1.91659,
      2.24991,
      1.74993,
      NaN,
      2.16658,
      NaN
    ],
    [
      1.99992,
      NaN,
      NaN,
      NaN,
      1.16662,
      NaN,
      1.41661,
      NaN,
      NaN,
      2.24991,
      NaN,
      NaN,
      0.0,
      3.16654,
      1.99992,
      2.33324,
      1.8332600000000001,
      NaN,
      2.33324,
      NaN
    ],
    [
      3.6665200000000002,
      3.3332,
      NaN,
      NaN,
      2.58323,
      2.99988,
      2.99988,
      3.6665200000000002,
      3.49986,
      3.58319,
      2.66656,
      3.0832100000000002,
      3.16654,
      0.0,
      2.58323,
      3.3332,
      2.66656,
      3.16654,
      2.83322,
      2.58323
    ],
    [
      2.41657,
      2.16658,
      NaN,
      NaN,
      1.41661,
      1.8332600000000001,
      1.8332600000000001,
      2.4999000000000002,
      2.33324,
      NaN,
      1.41661,
      1.91659,
      1.99992,
      2.58323,
      0.0,
      1.49994,
      0.49998,
      0.8333,
      0.9166300000000001,
      0.58331
    ],
    [
      2.74989,
      2.4999000000000002,
      NaN,
      NaN,
      1.6666,
      2.24991,
      1.91659,
      2.83322,
      2.74989,
      2.91655,
      1.74993,
      2.24991,
      2.33324,
      3.3332,
      1.49994,
      0.0,
      1.08329,
      1.16662,
      NaN,
      0.99996
    ],
    [
      2.08325,
      1.99992,
      NaN,
      NaN,
      NaN,
      1.6666,
      1.41661,
      2.16658,
      2.08325,
      1.99992,
      1.2499500000000001,
      1.74993,
      1.8332600000000001,
      2.66656,
      0.49998,
      1.08329,
      0.0,
      1.41661,
      1.8332600000000001,
      1.2499500000000001
    ],
    [
      2.16658,
      NaN,
      NaN,
      NaN,
      1.2499500000000001,
      NaN,
      1.49994,
      NaN,
      NaN,
      2.33324,
      NaN,
      NaN,
      NaN,
      3.16654,
      0.8333,
      1.16662,
      1.41661,
      0.0,
      2.41657,
      NaN
    ],
    [
      2.24991,
      2.41657,
      NaN,
      NaN,
      1.58327,
      2.16658,
      1.91659,
      2.83322,
      2.66656,
      2.83322,
      1.6666,
      2.16658,
      2.33324,
      2.83322,
      0.9166300000000001,
      NaN,
      1.8332600000000001,
      2.41657,
      0.0,
      1.49994
    ],
    [
      1.8332600000000001,
      NaN,
      NaN,
      NaN,
      1.08329,
      NaN,
      1.33328,
      NaN,
      NaN,
      2.08325,
      NaN,
      NaN,
      NaN,
      2.58323,
      0.58331,
      0.99996,
      1.2499500000000001,
      NaN,
      1.49994,
      0.0
    ]
  ],
  "transit_time_matrix": [
    [
      0.0,
      14.0,
      NaN,
      NaN,
      NaN,
      43.0,
      0.0,
      54.0,
      52.0,
      87.0,
      42.0,
      15.0,
      15.0,
      33.0,
      20.0,
      62.0,
      38.0,
      46.0,
      8.0,
      41.0
    ],
    [
      14.0,
      0.0,
      NaN,
      NaN,
      28.0,
      NaN,
      36.0,
      NaN,
      NaN,
      52.0,
      NaN,
      NaN,
      NaN,
      112.0,
      104.0,
      24.0,
      30.0,
      NaN,
      79.0,
      NaN
    ],
    [
      NaN,
      NaN,
      0.0,
      NaN,
      NaN,
      NaN,
      NaN,
      NaN,
      NaN,
      NaN,
      NaN,
      NaN,
      NaN,
      NaN,
      NaN,
      NaN,
      NaN,
      NaN,
      NaN,
      NaN
    ],
    [
      NaN,
      NaN,
      NaN,
      0.0,
      NaN,
      NaN,
      NaN,
      NaN,
      NaN,
      NaN,
      NaN,
      NaN,
      NaN,
      NaN,
      NaN,
      NaN,
      NaN,
      NaN,
      NaN,
      NaN
    ],
    [
      NaN,
      28.0,
      NaN,
      NaN,
      0.0,
      18.0,
      20.0,
      29.0,
      28.0,
      36.0,
      0.0,
      18.0,
      20.0,
      22.0,
      87.0,
      18.0,
      NaN,
      21.0,
      64.0,
      17.0
    ],
    [
      43.0,
      NaN,
      NaN,
      NaN,
      18.0,
      0.0,
      33.0,
      NaN,
      NaN,
      48.0,
      NaN,
      NaN,
      NaN,
      23.0,
      100.0,
      51.0,
      26.0,
      NaN,
      76.0,
      NaN
    ],
    [
      0.0,
      36.0,
      NaN,
      NaN,
      20.0,
      33.0,
      0.0,
      38.0,
      37.0,
      14.0,
      11.0,
      27.0,
      29.0,
      26.0,
      15.0,
      35.0,
      8.0,
      30.0,
      12.0,
      11.0
    ],
    [
      54.0,
      NaN,
      NaN,
      NaN,
      29.0,
      NaN,
      38.0,
      0.0,
      NaN,
      86.0,
      NaN,
      NaN,
      NaN,
      146.0,
      15.0,
      69.0,
      9.0,
      NaN,
      21.0,
      0.0
    ],
    [
      52.0,
      NaN,
      NaN,
      NaN,
      28.0,
      NaN,
      37.0,
      NaN,
      0.0,
      84.0,
      NaN,
      NaN,
      NaN,
      144.0,
      128.0,
      68.0,
      7.0,
      NaN,
      21.0,
      0.0
    ],
    [
      87.0,
      52.0,
      NaN,
      NaN,
      36.0,
      48.0,
      14.0,
      86.0,
      84.0,
      0.0,
      40.0,
      13.0,
      13.0,
      99.0,
      NaN,
      22.0,
      32.0,
      43.0,
      163.0,
      39.0
    ],
    [
      42.0,
      NaN,
      NaN,
      NaN,
      0.0,
      NaN,
      11.0,
      NaN,
      NaN,
      40.0,
      0.0,
      NaN,
      NaN,
      23.0,
      14.0,
      45.0,
      7.0,
      NaN,
      70.0,
      NaN
    ],
    [
      15.0,
      NaN,
      NaN,
      NaN,
      18.0,
      NaN,
      27.0,
      NaN,
      NaN,
      13.0,
      NaN,
      0.0,
      NaN,
      109.0,
      101.0,
      23.0,
      27.0,
      NaN,
      19.0,
      NaN
    ],
    [
      15.0,
      NaN,
      NaN,
      NaN,
      20.0,
      NaN,
      29.0,
      NaN,
      NaN,
      13.0,
      NaN,
      NaN,
      0.0,
      24.0,
      15.0,
      23.0,
      28.0,
      NaN,
      20.0,
      NaN
    ],
    [
      33.0,
      112.0,
      NaN,
      NaN,
      22.0,
      23.0,
      26.0,
      146.0,
      144.0,
      99.0,
      23.0,
      109.0,
      24.0,
      0.0,
      112.0,
      35.0,
      20.0,
      58.0,
      92.0,
      19.0
    ],
    [
      20.0,
      104.0,
      NaN,
      NaN,
      87.0,
      100.0,
      15.0,
      15.0,
      128.0,
      NaN,
      14.0,
      101.0,
      15.0,
      112.0,
      0.0,
      56.0,
      20.0,
      32.0,
      72.0,
      28.0
    ],
    [
      62.0,
      24.0,
      NaN,
      NaN,
      18.0,
      51.0,
      35.0,
      69.0,
      68.0,
      22.0,
      45.0,
      23.0,
      23.0,
      35.0,
      56.0,
      0.0,
      30.0,
      37.0,
      NaN,
      33.0
    ],
    [
      38.0,
      30.0,
      NaN,
      NaN,
      NaN,
      26.0,
      8.0,
      9.0,
      7.0,
      32.0,
      7.0,
      27.0,
      28.0,
      20.0,
      20.0,
      30.0,
      0.0,
      8.0,
      18.0,
      19.0
    ],
    [
      46.0,
      NaN,
      NaN,
      NaN,
      21.0,
      NaN,
      30.0,
      NaN,
      NaN,
      43.0,
      NaN,
      NaN,
      NaN,
      58.0,
      32.0,
      37.0,
      8.0,
      0.0,
      79.0,
      NaN
    ],
    [
      8.0,
      79.0,
      NaN,
      NaN,
      64.0,
      76.0,
      12.0,
      21.0,
      21.0,
      163.0,
      70.0,
      19.0,
      20.0,
      92.0,
      72.0,
      NaN,
      18.0,
      79.0,
      0.0,
      23.0
    ],
    [
      41.0,
      NaN,
      NaN,
      NaN,
      17.0,
      NaN,
      11.0,
      0.0,
      0.0,
      39.0,
      NaN,
      NaN,
      NaN,
      19.0,
      28.0,
      33.0,
      19.0,
      NaN,
      23.0,
      0.0
    ]
  ],
  "walk_dist_matrix": [
    [
      0.0,
      6.3,
      16.5,
      2.0,
      4.1,
      6.5,
      2.8,
      7.6,
      7.5,
      9.3,
      5.7,
      6.3,
      6.5,
      20.1,
      9.4,
      6.0,
      4.9,
      6.6,
      6.6,
      5.7
    ],
    [
      6.3,
      0.0,
      13.0,
      5.5,
      2.4,
      0.3,
      5.3,
      1.4,
      1.3,
      6.4,
      0.75,
      0.18,
      0.3,
      17.6,
      6.8,
      11.1,
      2.8,
      0.4,
      12.0,
      0.85
    ],
    [
      16.5,
      13.0,
      0.0,
      16.1,
      12.5,
      12.8,
      14.2,
      13.2,
      13.2,
      8.7,
      12.4,
      12.8,
      12.9,
      13.2,
      9.1,
      19.7,
      11.7,
      13.0,
      21.0,
      12.3
    ],
    [
      2.0,
      5.5,
      16.1,
      0.0,
      3.6,
      5.6,
      3.4,
      6.8,
      6.7,
      9.3,
      4.8,
      5.4,
      5.6,
      20.6,
      9.7,
      7.8,
      4.5,
      5.9,
      8.4,
      4.9
    ],
    [
      4.1,
      2.4,
      12.5,
      3.6,
      0.0,
      2.5,
      2.9,
      3.6,
      3.5,
      5.8,
      1.7,
      2.3,
      2.5,
      17.0,
      6.2,
      8.7,
      1.1,
      2.6,
      9.6,
      1.8
    ],
    [
      6.5,
      0.3,
      12.8,
      5.6,
      2.5,
      0.0,
      5.2,
      1.1,
      1.0,
      6.2,
      0.85,
      0.22,
      0.11,
      17.4,
      6.6,
      10.9,
      2.7,
      0.24,
      12.1,
      0.9
    ],
    [
      2.8,
      5.3,
      14.2,
      3.4,
      2.9,
      5.2,
      0.0,
      6.2,
      6.1,
      6.8,
      4.5,
      5.1,
      5.3,
      17.9,
      7.0,
      6.2,
      3.1,
      5.4,
      7.4,
      4.6
    ],
    [
      7.6,
      1.4,
      13.2,
      6.8,
      3.6,
      1.1,
      6.2,
      0.0,
      0.18,
      6.7,
      2.0,
      1.3,
      1.1,
      17.9,
      7.2,
      11.9,
      3.4,
      1.1,
      13.2,
      2.0
    ],
    [
      7.5,
      1.3,
      13.2,
      6.7,
      3.5,
      1.0,
      6.1,
      0.18,
      0.0,
      6.6,
      1.9,
      1.2,
      1.0,
      17.9,
      7.1,
      11.8,
      3.3,
      1.0,
      13.1,
      1.9
    ],
    [
      9.3,
      6.4,
      8.7,
      9.3,
      5.8,
      6.2,
      6.8,
      6.7,
      6.6,
      0.0,
      5.7,
      6.2,
      6.3,
      11.9,
      1.1,
      11.6,
      5.0,
      6.4,
      12.9,
      5.6
    ],
    [
      5.7,
      0.75,
      12.4,
      4.8,
      1.7,
      0.85,
      4.5,
      2.0,
      1.9,
      5.7,
      0.0,
      0.65,
      0.85,
      16.9,
      6.1,
      10.4,
      2.1,
      0.95,
      11.3,
      0.12
    ],
    [
      6.3,
      0.18,
      12.8,
      5.4,
      2.3,
      0.22,
      5.1,
      1.3,
      1.2,
      6.2,
      0.65,
      0.0,
      0.21,
      17.4,
      6.6,
      11.0,
      2.7,
      0.29,
      11.9,
      0.75
    ],
    [
      6.5,
      0.3,
      12.9,
      5.6,
      2.5,
      0.11,
      5.3,
      1.1,
      1.0,
      6.3,
      0.85,
      0.21,
      0.0,
      17.5,
      6.7,
      11.1,
      2.8,
      0.12,
      12.1,
      0.95
    ],
    [
      20.1,
      17.6,
      13.2,
      20.6,
      17.0,
      17.4,
      17.9,
      17.9,
      17.9,
      11.9,
      16.9,
      17.4,
      17.5,
      0.0,
      11.2,
      21.5,
      16.2,
      17.6,
      23.2,
      16.8
    ],
    [
      9.4,
      6.8,
      9.1,
      9.7,
      6.2,
      6.6,
      7.0,
      7.2,
      7.1,
      1.1,
      6.1,
      6.6,
      6.7,
      11.2,
      0.0,
      11.6,
      5.3,
      6.9,
      12.9,
      6.1
    ],
    [
      6.0,
      11.1,
      19.7,
      7.8,
      8.7,
      10.9,
      6.2,
      11.9,
      11.8,
      11.6,
      10.4,
      11.0,
      11.1,
      21.5,
      11.6,
      0.0,
      8.8,
      11.2,
      3.0,
      10.3
    ],
    [
      4.9,
      2.8,
      11.7,
      4.5,
      1.1,
      2.7,
      3.1,
      3.4,
      3.3,
      5.0,
      2.1,
      2.7,
      2.8,
      16.2,
      5.3,
      8.8,
      0.0,
      2.9,
      10.1,
      2.0
    ],
    [
      6.6,
      0.4,
      13.0,
      5.9,
      2.6,
      0.24,
      5.4,
      1.1,
      1.0,
      6.4,
      0.95,
      0.29,
      0.12,
      17.6,
      6.9,
      11.2,
      2.9,
      0.0,
      12.2,
      1.0
    ],
    [
      6.6,
      12.0,
      21.0,
      8.4,
      9.6,
      12.1,
      7.4,
      13.2,
      13.1,
      12.9,
      11.3,
      11.9,
      12.1,
      23.2,
      12.9,
      3.0,
      10.1,
      12.2,
      0.0,
      11.3
    ],
    [
      5.7,
      0.85,
      12.3,
      4.9,
      1.8,
      0.9,
      4.6,
      2.0,
      1.9,
      5.6,
      0.12,
      0.75,
      0.95,
      16.8,
      6.1,
      10.3,
      2.0,
      1.0,
      11.3,
      0.0
    ]
  ],
  "walk_time_matrix": [
    [
      0.0,
      45.0,
      211.0,
      24.0,
      52.0,
      82.0,
      35.0,
      95.0,
      94.0,
      87.0,
      72.0,
      80.0,
      82.0,
      252.0,
      119.0,
      62.0,
      61.0,
      83.0,
      80.0,
      73.0
    ],
    [
      45.0,
      0.0,
      165.0,
      69.0,
      31.0,
      4.0,
      67.0,
      17.0,
      16.0,
      52.0,
      10.0,
      2.0,
      4.0,
      219.0,
      85.0,
      141.0,
      30.0,
      5.0,
      149.0,
      11.0
    ],
    [
      211.0,
      165.0,
      0.0,
      200.0,
      156.0,
      157.0,
      178.0,
      161.0,
      161.0,
      107.0,
      152.0,
      157.0,
      158.0,
      161.0,
      113.0,
      245.0,
      145.0,
      160.0,
      262.0,
      152.0
    ],
    [
      24.0,
      69.0,
      200.0,
      0.0,
      47.0,
      72.0,
      43.0,
      83.0,
      82.0,
      118.0,
      62.0,
      70.0,
      73.0,
      259.0,
      123.0,
      99.0,
      57.0,
      73.0,
      103.0,
      63.0
    ],
    [
      52.0,
      31.0,
      156.0,
      47.0,
      0.0,
      31.0,
      36.0,
      29.0,
      28.0,
      36.0,
      21.0,
      29.0,
      20.0,
      211.0,
      87.0,
      38.0,
      12.0,
      33.0,
      119.0,
      17.0
    ],
    [
      82.0,
      4.0,
      157.0,
      72.0,
      31.0,
      0.0,
      66.0,
      13.0,
      12.0,
      48.0,
      11.0,
      3.0,
      2.0,
      216.0,
      100.0,
      51.0,
      34.0,
      3.0,
      150.0,
      12.0
    ],
    [
      35.0,
      67.0,
      178.0,
      43.0,
      36.0,
      66.0,
      0.0,
      77.0,
      76.0,
      85.0,
      58.0,
      65.0,
      67.0,
      224.0,
      89.0,
      35.0,
      38.0,
      69.0,
      91.0,
      58.0
    ],
    [
      95.0,
      17.0,
      161.0,
      83.0,
      29.0,
      13.0,
      77.0,
      0.0,
      2.0,
      86.0,
      26.0,
      17.0,
      15.0,
      223.0,
      90.0,
      69.0,
      44.0,
      14.0,
      165.0,
      27.0
    ],
    [
      94.0,
      16.0,
      161.0,
      82.0,
      28.0,
      12.0,
      76.0,
      2.0,
      0.0,
      84.0,
      25.0,
      16.0,
      13.0,
      222.0,
      128.0,
      151.0,
      43.0,
      13.0,
      164.0,
      25.0
    ],
    [
      87.0,
      52.0,
      107.0,
      118.0,
      36.0,
      48.0,
      85.0,
      86.0,
      84.0,
      0.0,
      40.0,
      79.0,
      80.0,
      99.0,
      13.0,
      147.0,
      64.0,
      43.0,
      163.0,
      39.0
    ],
    [
      72.0,
      10.0,
      152.0,
      62.0,
      21.0,
      11.0,
      58.0,
      26.0,
      25.0,
      40.0,
      0.0,
      8.0,
      11.0,
      210.0,
      76.0,
      131.0,
      26.0,
      12.0,
      70.0,
      2.0
    ],
    [
      80.0,
      2.0,
      157.0,
      70.0,
      29.0,
      3.0,
      65.0,
      17.0,
      16.0,
      79.0,
      8.0,
      0.0,
      3.0,
      217.0,
      101.0,
      139.0,
      27.0,
      4.0,
      148.0,
      10.0
    ],
    [
      82.0,
      4.0,
      158.0,
      73.0,
      20.0,
      2.0,
      67.0,
      15.0,
      13.0,
      80.0,
      11.0,
      3.0,
      0.0,
      218.0,
      102.0,
      140.0,
      28.0,
      1.0,
      150.0,
      12.0
    ],
    [
      252.0,
      219.0,
      161.0,
      259.0,
      211.0,
      216.0,
      224.0,
      223.0,
      222.0,
      99.0,
      210.0,
      217.0,
      218.0,
      0.0,
      112.0,
      268.0,
      202.0,
      219.0,
      290.0,
      210.0
    ],
    [
      119.0,
      85.0,
      113.0,
      123.0,
      87.0,
      100.0,
      89.0,
      90.0,
      128.0,
      13.0,
      76.0,
      101.0,
      102.0,
      112.0,
      0.0,
      145.0,
      20.0,
      32.0,
      72.0,
      77.0
    ],
    [
      62.0,
      141.0,
      245.0,
      99.0,
      38.0,
      51.0,
      35.0,
      69.0,
      151.0,
      147.0,
      131.0,
      139.0,
      140.0,
      268.0,
      145.0,
      0.0,
      30.0,
      37.0,
      39.0,
      130.0
    ],
    [
      61.0,
      30.0,
      145.0,
      57.0,
      12.0,
      34.0,
      38.0,
      44.0,
      43.0,
      64.0,
      26.0,
      27.0,
      28.0,
      202.0,
      20.0,
      30.0,
      0.0,
      37.0,
      127.0,
      19.0
    ],
    [
      83.0,
      5.0,
      160.0,
      73.0,
      33.0,
      3.0,
      69.0,
      14.0,
      13.0,
      43.0,
      12.0,
      4.0,
      1.0,
      219.0,
      32.0,
      37.0,
      37.0,
      0.0,
      79.0,
      13.0
    ],
    [
      80.0,
      149.0,
      262.0,
      103.0,
      119.0,
      150.0,
      91.0,
      165.0,
      164.0,
      163.0,
      70.0,
      148.0,
      150.0,
      290.0,
      72.0,
      39.0,
      127.0,
      79.0,
      0.0,
      142.0
    ],
    [
      73.0,
      11.0,
      152.0,
      63.0,
      17.0,
      12.0,
      58.0,
      27.0,
      25.0,
      39.0,
      2.0,
      10.0,
      12.0,
      210.0,
      77.0,
      130.0,
      19.0,
      13.0,
      142.0,
      0.0
    ]
  ],
  "cycle_dist_matrix": [
    [
      0.0,
      6.3,
      16.5,
      2.0,
      4.1,
      6.5,
      2.8,
      7.6,
      7.5,
      9.3,
      5.7,
      6.3,
      6.5,
      20.1,
      9.4,
      6.0,
      4.9,
      6.6,
      6.6,
      5.7
    ],
    [
      6.3,
      0.0,
      13.0,
      5.5,
      2.4,
      0.3,
      5.3,
      1.4,
      1.3,
      6.4,
      0.75,
      0.18,
      0.3,
      17.6,
      6.8,
      11.1,
      2.8,
      0.4,
      12.0,
      0.85
    ],
    [
      16.5,
      13.0,
      0.0,
      16.1,
      12.5,
      12.8,
      14.2,
      13.2,
      13.2,
      8.7,
      12.4,
      12.8,
      12.9,
      13.2,
      9.1,
      19.7,
      11.7,
      13.0,
      21.0,
      12.3
    ],
    [
      2.0,
      5.5,
      16.1,
      0.0,
      3.6,
      5.6,
      3.4,
      6.8,
      6.7,
      9.3,
      4.8,
      5.4,
      5.6,
      20.6,
      9.7,
      7.8,
      4.5,
      5.9,
      8.4,
      4.9
    ],
    [
      4.1,
      2.4,
      12.5,
      3.6,
      0.0,
      2.5,
      2.9,
      3.6,
      3.5,
      5.8,
      1.7,
      2.3,
      2.5,
      17.0,
      6.2,
      8.7,
      1.1,
      2.6,
      9.6,
      1.8
    ],
    [
      6.5,
      0.3,
      12.8,
      5.6,
      2.5,
      0.0,
      5.2,
      1.1,
      1.0,
      NaN,
      0.85,
      0.22,
      0.11,
      17.4,
      NaN,
      10.9,
      2.7,
      0.24,
      12.1,
      0.9
    ],
    [
      2.8,
      5.3,
      14.2,
      3.4,
      2.9,
      5.2,
      0.0,
      6.2,
      6.1,
      6.8,
      4.5,
      5.1,
      5.3,
      17.9,
      7.0,
      6.2,
      3.1,
      5.4,
      7.4,
      4.6
    ],
    [
      7.6,
      1.4,
      13.2,
      6.8,
      3.6,
      1.1,
      6.2,
      0.0,
      0.18,
      6.7,
      2.0,
      1.3,
      1.1,
      17.9,
      7.2,
      11.9,
      3.4,
      1.1,
      13.2,
      2.0
    ],
    [
      7.5,
      1.3,
      13.2,
      6.7,
      3.5,
      1.0,
      6.1,
      0.18,
      0.0,
      6.6,
      1.9,
      1.2,
      1.0,
      17.9,
      NaN,
      11.8,
      3.3,
      1.0,
      13.1,
      1.9
    ],
    [
      9.3,
      6.4,
      8.7,
      9.3,
      5.8,
      NaN,
      6.8,
      6.7,
      6.6,
      0.0,
      5.7,
      6.2,
      6.3,
      NaN,
      1.1,
      11.6,
      5.0,
      6.4,
      NaN,
      5.6
    ],
    [
      5.7,
      0.75,
      12.4,
      4.8,
      1.7,
      0.85,
      4.5,
      2.0,
      1.9,
      5.7,
      0.0,
      0.65,
      0.85,
      16.9,
      6.1,
      10.4,
      2.1,
      0.95,
      11.3,
      0.12
    ],
    [
      6.3,
      0.18,
      12.8,
      5.4,
      2.3,
      0.22,
      5.1,
      1.3,
      1.2,
      6.2,
      0.65,
      0.0,
      0.21,
      17.4,
      6.6,
      11.0,
      2.7,
      0.29,
      11.9,
      0.75
    ],
    [
      6.5,
      0.3,
      12.9,
      5.6,
      2.5,
      0.11,
      5.3,
      1.1,
      1.0,
      6.3,
      0.85,
      0.21,
      0.0,
      17.5,
      NaN,
      11.1,
      2.8,
      0.12,
      12.1,
      0.95
    ],
    [
      20.1,
      17.6,
      13.2,
      20.6,
      17.0,
      17.4,
      17.9,
      17.9,
      17.9,
      NaN,
      16.9,
      17.4,
      17.5,
      0.0,
      11.2,
      21.5,
      16.2,
      17.6,
      23.2,
      16.8
    ],
    [
      9.4,
      6.8,
      9.1,
      9.7,
      6.2,
      NaN,
      7.0,
      7.2,
      NaN,
      1.1,
      6.1,
      6.6,
      NaN,
      11.2,
      0.0,
      11.6,
      5.3,
      6.9,
      12.9,
      6.1
    ],
    [
      6.0,
      11.1,
      19.7,
      7.8,
      8.7,
      10.9,
      6.2,
      11.9,
      11.8,
      11.6,
      10.4,
      11.0,
      11.1,
      21.5,
      11.6,
      0.0,
      8.8,
      11.2,
      3.0,
      10.3
    ],
    [
      4.9,
      2.8,
      11.7,
      4.5,
      1.1,
      2.7,
      3.1,
      3.4,
      3.3,
      5.0,
      2.1,
      2.7,
      2.8,
      16.2,
      5.3,
      8.8,
      0.0,
      2.9,
      10.1,
      2.0
    ],
    [
      6.6,
      0.4,
      13.0,
      5.9,
      2.6,
      0.24,
      5.4,
      1.1,
      1.0,
      6.4,
      0.95,
      0.29,
      0.12,
      17.6,
      6.9,
      11.2,
      2.9,
      0.0,
      12.2,
      1.0
    ],
    [
      6.6,
      12.0,
      21.0,
      8.4,
      9.6,
      12.1,
      7.4,
      13.2,
      13.1,
      NaN,
      11.3,
      11.9,
      12.1,
      23.2,
      12.9,
      3.0,
      10.1,
      12.2,
      0.0,
      11.3
    ],
    [
      5.7,
      0.85,
      12.3,
      4.9,
      1.8,
      0.9,
      4.6,
      2.0,
      1.9,
      5.6,
      0.12,
      0.75,
      0.95,
      16.8,
      6.1,
      10.3,
      2.0,
      1.0,
      11.3,
      0.0
    ]
  ],
  "cycle_time_matrix": [
    [
      0.0,
      80.0,
      211.0,
      24.0,
      53.0,
      82.0,
      35.0,
      95.0,
      94.0,
      119.0,
      72.0,
      80.0,
      82.0,
      252.0,
      119.0,
      77.0,
      61.0,
      83.0,
      80.0,
      73.0
    ],
    [
      80.0,
      0.0,
      165.0,
      69.0,
      31.0,
      4.0,
      67.0,
      17.0,
      16.0,
      79.0,
      10.0,
      2.0,
      4.0,
      219.0,
      85.0,
      141.0,
      36.0,
      5.0,
      149.0,
      11.0
    ],
    [
      211.0,
      165.0,
      0.0,
      200.0,
      156.0,
      157.0,
      178.0,
      161.0,
      161.0,
      107.0,
      152.0,
      157.0,
      158.0,
      161.0,
      113.0,
      245.0,
      145.0,
      160.0,
      262.0,
      152.0
    ],
    [
      24.0,
      69.0,
      200.0,
      0.0,
      47.0,
      72.0,
      43.0,
      83.0,
      82.0,
      118.0,
      62.0,
      70.0,
      73.0,
      259.0,
      123.0,
      99.0,
      57.0,
      73.0,
      103.0,
      63.0
    ],
    [
      53.0,
      31.0,
      156.0,
      47.0,
      0.0,
      31.0,
      36.0,
      44.0,
      43.0,
      72.0,
      22.0,
      29.0,
      32.0,
      211.0,
      78.0,
      110.0,
      12.0,
      33.0,
      119.0,
      22.0
    ],
    [
      82.0,
      4.0,
      157.0,
      72.0,
      31.0,
      0.0,
      66.0,
      13.0,
      12.0,
      NaN,
      11.0,
      3.0,
      2.0,
      216.0,
      NaN,
      139.0,
      34.0,
      3.0,
      150.0,
      12.0
    ],
    [
      35.0,
      67.0,
      178.0,
      43.0,
      36.0,
      66.0,
      0.0,
      77.0,
      76.0,
      85.0,
      58.0,
      65.0,
      67.0,
      224.0,
      89.0,
      78.0,
      38.0,
      69.0,
      91.0,
      58.0
    ],
    [
      95.0,
      17.0,
      161.0,
      83.0,
      44.0,
      13.0,
      77.0,
      0.0,
      2.0,
      84.0,
      26.0,
      17.0,
      15.0,
      223.0,
      90.0,
      152.0,
      44.0,
      14.0,
      165.0,
      27.0
    ],
    [
      94.0,
      16.0,
      161.0,
      82.0,
      43.0,
      12.0,
      76.0,
      2.0,
      0.0,
      83.0,
      25.0,
      16.0,
      13.0,
      222.0,
      NaN,
      151.0,
      43.0,
      13.0,
      164.0,
      25.0
    ],
    [
      119.0,
      79.0,
      107.0,
      118.0,
      72.0,
      NaN,
      85.0,
      84.0,
      83.0,
      0.0,
      73.0,
      79.0,
      80.0,
      NaN,
      13.0,
      147.0,
      64.0,
      81.0,
      NaN,
      72.0
    ],
    [
      72.0,
      10.0,
      152.0,
      62.0,
      22.0,
      11.0,
      58.0,
      26.0,
      25.0,
      73.0,
      0.0,
      8.0,
      11.0,
      210.0,
      76.0,
      131.0,
      26.0,
      12.0,
      140.0,
      2.0
    ],
    [
      80.0,
      2.0,
      157.0,
      70.0,
      29.0,
      3.0,
      65.0,
      17.0,
      16.0,
      79.0,
      8.0,
      0.0,
      3.0,
      217.0,
      83.0,
      139.0,
      34.0,
      4.0,
      148.0,
      10.0
    ],
    [
      82.0,
      4.0,
      158.0,
      73.0,
      32.0,
      2.0,
      67.0,
      15.0,
      13.0,
      80.0,
      11.0,
      3.0,
      0.0,
      218.0,
      NaN,
      140.0,
      35.0,
      1.0,
      150.0,
      12.0
    ],
    [
      252.0,
      219.0,
      161.0,
      259.0,
      211.0,
      216.0,
      224.0,
      223.0,
      222.0,
      NaN,
      210.0,
      217.0,
      218.0,
      0.0,
      139.0,
      268.0,
      202.0,
      219.0,
      290.0,
      210.0
    ],
    [
      119.0,
      85.0,
      113.0,
      123.0,
      78.0,
      NaN,
      89.0,
      90.0,
      NaN,
      13.0,
      76.0,
      83.0,
      NaN,
      139.0,
      0.0,
      145.0,
      67.0,
      87.0,
      162.0,
      77.0
    ],
    [
      77.0,
      141.0,
      245.0,
      99.0,
      110.0,
      139.0,
      78.0,
      152.0,
      151.0,
      147.0,
      131.0,
      139.0,
      140.0,
      268.0,
      145.0,
      0.0,
      110.0,
      141.0,
      39.0,
      130.0
    ],
    [
      61.0,
      36.0,
      145.0,
      57.0,
      12.0,
      34.0,
      38.0,
      44.0,
      43.0,
      64.0,
      26.0,
      34.0,
      35.0,
      202.0,
      67.0,
      110.0,
      0.0,
      37.0,
      127.0,
      26.0
    ],
    [
      83.0,
      5.0,
      160.0,
      73.0,
      33.0,
      3.0,
      69.0,
      14.0,
      13.0,
      81.0,
      12.0,
      4.0,
      1.0,
      219.0,
      87.0,
      141.0,
      37.0,
      0.0,
      151.0,
      13.0
    ],
