{
  "drive_dist_matrix": [
    [
      0.0,
      2.5,
      2.8,
      0.55,
      0.35,
      0.23,
      0.3,
      2.5,
      2.8,
      0.6,
      0.55,
      3.4,
      0.14,
      1.8,
      0.044,
      4.2,
      1.6,
      0.6,
      2.9,
      0.5,
      2.4,
      3.7,
      0.23,
      1.5,
      16.0,
      0.004,
      0.85,
      5.1,
      0.8,
      0.6,
      4.3,
      12.5,
      0.9,
      0.95,
      3.9,
      0.27,
      6.6,
      7.9,
      3.1,
      2.2,
      0.28,
      2.9,
      1.0,
      17.9,
      5.3,
      0.21,
      1.7,
      55.6,
      1.6,
      0.65,
      6.3,
      0.079,
      0.092,
      12.3,
      33.3,
      63.7,
      55.8,
      57.4,
      3.1,
      0.17
    ],
    [
      2.5,
      0.0,
      4.2,
      2.7,
      0.9,
      3.9,
      1.0,
      0.17,
      5.3,
      3.1,
      0.65,
      0.28,
      1.2,
      3.0,
      3.5,
      5.8,
      2.9,
      1.0,
      0.85,
      1.0,
      3.8,
      0.9,
      3.9,
      2.9,
      16.6,
      1.2,
      5.1,
      7.7,
      1.2,
      3.1,
      3.9,
      10.9,
      0.85,
      0.6,
      3.0,
      1.0,
      9.0,
      10.4,
      1.1,
      3.0,
      1.2,
      4.3,
      4.9,
      21.8,
      7.8,
      1.2,
      4.8,
      58.1,
      3.0,
      3.4,
      8.8,
      4.0,
      1.1,
      10.6,
      31.6,
      62.0,
      41.7,
      57.9,
      5.8,
      3.9
    ],
    [
      2.8,
      4.2,
      0.0,
      4.0,
      3.3,
      3.2,
      3.3,
      4.2,
      4.3,
      3.2,
      3.9,
      5.1,
      3.2,
      2.8,
      2.8,
      3.8,
      2.2,
      3.9,
      4.5,
      3.2,
      0.25,
      4.9,
      3.2,
      2.0,
      12.4,
      3.3,
      2.4,
      5.3,
      4.7,
      2.3,
      9.0,
      15.9,
      4.6,
      4.7,
      4.8,
      3.6,
      6.4,
      7.8,
      4.8,
      3.7,
      3.1,
      0.8,
      2.7,
      17.8,
      5.2,
      3.2,
      2.3,
      55.5,
      2.5,
      2.9,
      6.2,
      3.2,
      3.5,
      15.7,
      36.7,
      67.1,
      56.5,
      58.1,
      1.4,
      3.2
    ],
    [
      0.55,
      2.7,
      4.0,
      0.0,
      0.7,
      0.8,
      0.75,
      0.8,
      7.9,
      0.25,
      0.6,
      1.9,
      0.7,
      4.1,
      0.5,
      3.4,
      2.7,
      0.012,
      2.4,
      0.8,
      4.1,
      1.8,
      0.8,
      3.3,
      15.6,
      0.65,
      0.8,
      6.8,
      1.1,
      0.85,
      6.5,
      13.4,
      0.4,
      0.45,
      1.8,
      0.4,
      11.6,
      12.9,
      2.6,
      4.9,
      0.3,
      4.5,
      0.8,
      24.3,
      6.9,
      0.7,
      2.5,
      61.6,
      3.6,
      0.6,
      11.4,
      0.7,
      0.45,
      13.1,
      34.1,
      64.5,
      55.2,
      56.9,
      4.6,
      0.8
    ],
    [
      0.35,
      0.9,
      3.3,
      0.7,
      0.0,
      0.3,
      0.27,
      0.9,
      2.4,
      0.8,
      0.55,
      1.4,
      0.28,
      3.1,
      0.4,
      6.5,
      2.4,
      0.7,
      1.6,
      0.17,
      3.4,
      1.9,
      0.3,
      2.5,
      17.4,
      0.3,
      2.8,
      5.1,
      0.45,
      1.1,
      0.9,
      11.6,
      2.3,
      2.0,
      3.8,
      0.3,
      6.4,
      7.8,
      1.9,
      2.6,
      0.5,
      3.8,
      3.3,
      22.6,
      5.2,
      0.24,
      2.9,
      55.5,
      2.6,
      1.1,
      6.2,
      0.35,
      0.4,
      11.4,
      32.4,
      62.8,
      42.5,
      58.7,
      6.5,
      0.35
    ],
    [
      0.23,
      3.9,
      3.2,
      0.8,
      0.3,
      0.0,
      0.18,
      2.4,
      2.7,
      0.95,
      2.2,
      3.3,
      0.12,
      1.6,
      0.35,
      4.2,
      1.5,
      0.8,
      2.8,
      0.4,
      2.3,
      3.6,
      0.005,
      1.4,
      16.0,
      0.15,
      1.0,
      5.0,
      0.75,
      0.75,
      4.2,
      12.5,
      4.2,
      3.9,
      3.8,
      0.45,
      6.5,
      7.8,
      3.0,
      2.1,
      0.5,
      2.8,
      1.5,
      17.8,
      5.2,
      0.11,
      1.6,
      55.5,
      1.5,
      0.8,
      6.3,
      0.15,
      0.35,
      12.2,
      33.2,
      63.6,
      55.6,
      57.3,
      3.0,
      0.061
    ],
    [
      0.3,
      1.0,
      3.3,
      0.75,
      0.27,
      0.18,
      0.0,
      1.0,
      2.4,
      0.9,
      0.6,
      1.5,
      0.21,
      2.5,
      0.35,
      8.1,
      2.4,
      0.75,
      1.7,
      0.4,
      3.3,
      2.0,
      0.18,
      2.4,
      19.0,
      0.24,
      2.7,
      5.0,
      0.7,
      2.6,
      3.4,
      11.6,
      2.4,
      2.1,
      6.6,
      0.4,
      6.4,
      7.7,
      2.0,
      2.5,
      0.5,
      3.8,
      3.2,
      22.6,
      5.1,
      0.14,
      2.8,
      55.5,
      2.5,
      1.0,
      6.2,
      0.29,
      0.3,
      11.4,
      32.4,
      62.8,
      44.2,
      60.3,
      4.0,
      0.24
    ],
    [
      2.5,
      0.17,
      4.2,
      0.8,
      0.9,
      2.4,
      1.0,
      0.0,
      5.3,
      3.1,
      0.55,
      0.75,
      1.1,
      4.1,
      3.5,
      5.8,
      2.8,
      0.85,
      0.95,
      1.0,
      3.8,
      1.2,
      1.1,
      2.9,
      16.7,
      1.1,
      5.1,
      7.7,
      1.0,
      3.0,
      4.0,
      10.9,
      1.6,
      1.3,
      3.1,
      0.9,
      9.1,
      10.4,
      1.1,
      3.6,
      3.5,
      4.3,
      5.0,
      21.9,
      7.8,
      3.9,
      4.8,
      58.2,
      3.0,
      3.5,
      8.9,
      1.2,
      1.1,
      10.7,
      31.7,
      62.0,
      41.8,
      58.0,
      5.8,
      1.2
    ],
    [
      2.8,
      5.3,
      4.3,
      7.9,
      2.4,
      2.7,
      2.4,
      5.3,
      0.0,
      4.9,
      2.8,
      3.6,
      3.5,
      1.6,
      3.1,
      8.8,
      2.5,
      6.9,
      3.0,
      2.1,
      3.1,
      3.8,
      3.5,
      3.1,
      19.7,
      3.6,
      4.1,
      2.8,
      3.2,
      2.7,
      4.0,
      12.3,
      4.4,
      4.4,
      7.3,
      2.4,
      4.2,
      5.5,
      3.2,
      0.65,
      3.4,
      3.8,
      4.4,
      14.7,
      2.9,
      3.5,
      4.0,
      53.3,
      1.9,
      3.2,
      4.0,
      3.6,
      2.4,
      12.1,
      33.1,
      63.4,
      44.8,
      61.0,
      4.8,
      3.5
    ],
    [
      0.6,
      3.1,
      3.2,
      0.25,
      0.8,
      0.95,
      0.9,
      3.1,
      4.9,
      0.0,
      0.75,
      4.8,
      0.85,
      2.3,
      0.55,
      2.8,
      1.6,
      0.24,
      5.4,
      2.4,
      2.8,
      2.6,
      0.9,
      1.9,
      14.6,
      0.8,
      0.75,
      5.5,
      3.8,
      0.8,
      6.8,
      13.7,
      0.4,
      0.6,
      2.5,
      0.55,
      6.9,
      8.3,
      6.9,
      3.7,
      0.45,
      3.2,
      0.55,
      24.6,
      5.7,
      0.8,
      1.3,
      56.0,
      2.1,
      0.5,
      6.7,
      0.9,
      0.6,
      13.4,
      34.4,
      64.8,
      42.9,
      55.9,
      3.0,
      0.85
    ],
    [
      0.55,
      0.65,
      3.9,
      0.6,
      0.55,
      2.2,
      0.6,
      0.55,
      2.8,
      0.75,
      0.0,
      1.0,
      0.65,
      2.6,
      0.5,
      6.2,
      2.5,
      0.6,
      1.3,
      0.65,
      3.5,
      1.5,
      0.7,
      2.5,
      17.1,
      0.6,
      2.9,
      5.1,
      0.7,
      2.7,
      4.3,
      11.3,
      0.85,
      0.65,
      3.4,
      0.4,
      6.5,
      7.8,
      1.5,
      2.7,
      0.55,
      3.9,
      3.3,
      22.2,
      5.2,
      3.5,
      2.9,
      55.6,
      2.6,
      3.2,
      6.3,
      0.7,
      0.45,
      11.1,
      32.0,
      62.4,
      42.1,
      58.4,
      6.2,
      0.75
    ],
    [
      3.4,
      0.28,
      5.1,
      1.9,
      1.4,
      3.3,
      1.5,
      0.75,
      3.6,
      4.8,
      1.0,
      0.0,
      3.7,
      4.5,
      3.3,
      3.7,
      3.1,
      2.0,
      1.0,
      2.0,
      4.4,
      1.0,
      3.6,
      3.7,
      16.5,
      3.7,
      2.7,
      7.7,
      2.5,
      2.9,
      3.9,
      10.9,
      0.85,
      0.65,
      2.1,
      2.1,
      9.1,
      10.4,
      1.8,
      5.8,
      2.8,
      6.3,
      2.6,
      21.8,
      7.8,
      3.6,
      2.8,
      58.1,
      3.9,
      2.7,
      8.8,
      3.7,
      2.1,
      10.7,
      31.6,
      62.0,
      41.6,
      57.8,
      5.6,
      3.7
    ],
    [
      0.14,
      1.2,
      3.2,
      0.7,
      0.28,
      0.12,
      0.21,
      1.1,
      3.5,
      0.85,
      0.65,
      3.7,
      0.0,
      1.5,
      0.22,
      4.1,
      1.4,
      0.7,
      2.7,
      0.4,
      2.3,
      3.5,
      0.11,
      1.4,
      15.9,
      0.03,
      1.0,
      5.0,
      0.7,
      0.75,
      4.2,
      12.4,
      1.1,
      3.8,
      3.8,
      0.3,
      6.4,
      7.7,
      3.0,
      2.1,
      0.4,
      2.7,
      1.5,
      17.7,
      5.1,
      0.072,
      1.6,
      55.5,
      1.5,
      1.2,
      6.2,
      0.074,
      0.22,
      12.2,
      33.2,
      63.5,
      55.6,
      57.2,
      2.9,
      0.18
    ],
    [
      1.8,
      3.0,
      2.8,
      4.1,
      3.1,
      1.6,
      2.5,
      4.1,
      1.6,
      2.3,
      2.6,
      4.5,
      1.5,
      0.0,
      1.5,
      4.1,
      0.8,
      3.0,
      2.8,
      1.7,
      1.9,
      3.6,
      1.9,
      0.21,
      15.9,
      1.9,
      1.2,
      4.1,
      3.0,
      0.8,
      4.2,
      12.5,
      4.2,
      3.9,
      3.8,
      2.0,
      5.5,
      6.8,
      3.1,
      1.6,
      1.8,
      2.4,
      1.6,
      16.8,
      4.2,
      1.9,
      1.4,
      54.6,
      0.35,
      1.6,
      5.3,
      1.9,
      2.0,
      12.3,
      33.2,
      63.6,
      55.6,
      57.2,
      2.5,
      1.9
    ],
    [
      0.044,
      3.5,
      2.8,
      0.5,
      0.4,
      0.35,
      0.35,
      3.5,
      3.1,
      0.55,
      0.5,
      3.3,
      0.22,
      1.5,
      0.0,
      4.3,
      1.6,
      0.55,
      2.9,
      0.55,
      2.4,
      3.7,
      0.35,
      1.5,
      16.1,
      0.17,
      0.85,
      5.1,
      0.85,
      0.6,
      4.3,
      12.6,
      0.9,
      0.9,
      3.9,
      0.22,
      6.6,
      7.9,
      3.1,
      2.5,
      0.24,
      2.9,
      0.95,
      17.9,
      5.3,
      0.27,
      1.7,
      55.6,
      1.6,
      0.6,
      6.4,
      0.25,
      0.048,
      12.3,
      33.3,
      63.7,
      55.5,
      57.4,
      3.1,
      0.35
    ],
    [
      4.2,
      5.8,
      3.8,
      3.4,
      6.5,
      4.2,
      8.1,
      5.8,
      8.8,
      2.8,
      6.2,
      3.7,
      4.1,
      4.1,
      4.3,
      0.0,
      3.5,
      2.9,
      5.8,
      5.0,
      4.9,
      3.8,
      4.1,
      4.1,
      10.0,
      4.2,
      3.2,
      7.6,
      6.7,
      3.5,
      7.2,
      14.1,
      3.6,
      3.6,
      2.8,
      5.3,
      9.0,
      10.3,
      7.3,
      5.7,
      3.2,
      3.3,
      3.0,
      25.0,
      7.7,
      4.1,
      3.2,
      58.1,
      4.3,
      3.2,
      8.8,
      4.2,
      5.3,
      13.9,
      34.9,
      65.2,
      52.4,
      54.2,
      2.7,
      4.1
    ],
    [
      1.6,
      2.9,
      2.2,
      2.7,
      2.4,
      1.5,
      2.4,
      2.8,
      2.5,
      1.6,
      2.5,
      3.1,
      1.4,
      0.8,
      1.6,
      3.5,
      0.0,
      2.2,
      2.9,
      1.6,
      1.6,
      3.2,
      1.4,
      0.8,
      15.1,
      1.4,
      0.7,
      4.3,
      3.1,
      0.55,
      7.2,
      14.1,
      2.9,
      2.9,
      3.0,
      1.9,
      5.7,
      7.1,
      3.2,
      2.5,
      1.3,
      2.0,
      1.0,
      17.0,
      4.5,
      1.4,
      0.6,
      54.8,
      0.9,
      0.75,
      5.5,
      1.4,
      1.9,
      13.9,
      34.9,
      65.3,
      54.6,
      56.4,
      1.9,
      1.4
    ],
    [
      0.6,
      1.0,
      3.9,
      0.012,
      0.7,
      0.8,
      0.75,
      0.85,
      6.9,
      0.24,
      0.6,
      2.0,
      0.7,
      3.0,
      0.55,
      2.9,
      2.2,
      0.0,
      2.4,
      0.8,
      4.1,
      1.9,
      0.8,
      3.4,
      15.6,
      0.65,
      0.8,
      10.3,
      3.4,
      0.85,
      6.5,
      13.4,
      0.4,
      0.45,
      1.8,
      0.4,
      11.7,
      13.0,
      2.7,
      5.0,
      0.3,
      4.6,
      0.75,
      24.4,
      10.4,
      0.7,
      2.5,
      61.6,
      3.6,
      0.55,
      11.5,
      0.75,
      0.5,
      13.2,
      34.2,
      64.5,
      42.7,
      56.9,
      4.7,
      0.8
    ],
    [
      2.9,
      0.85,
      4.5,
      2.4,
      1.6,
      2.8,
      1.7,
      0.95,
      3.0,
      5.4,
      1.3,
      1.0,
      2.7,
      2.8,
      2.9,
      5.8,
      2.9,
      2.4,
      0.0,
      2.9,
      6.5,
      3.7,
      7.8,
      6.4,
      18.9,
      7.9,
      7.0,
      5.9,
      4.3,
      4.5,
      2.2,
      10.6,
      4.4,
      4.1,
      6.5,
      3.2,
      7.3,
      8.6,
      0.5,
      4.1,
      7.0,
      7.2,
      7.2,
      21.5,
      6.0,
      7.8,
      7.1,
      56.4,
      5.3,
      6.9,
      7.1,
      7.9,
      3.2,
      10.4,
      31.3,
      61.7,
      44.1,
      60.3,
      8.1,
      5.4
    ],
    [
      0.5,
      1.0,
      3.2,
      0.8,
      0.17,
      0.4,
      0.4,
      1.0,
      2.1,
      2.4,
      0.65,
      2.0,
      0.4,
      1.7,
      0.55,
      5.0,
      1.6,
      0.8,
      2.9,
      0.0,
      3.0,
      2.6,
      0.4,
      2.1,
      18.8,
      0.45,
      2.4,
      4.7,
      0.4,
      2.2,
      0.75,
      11.5,
      3.2,
      2.9,
      6.4,
      0.45,
      6.1,
      7.4,
      2.0,
      2.2,
      0.65,
      3.5,
      2.9,
      22.4,
      4.8,
      0.35,
      2.5,
      55.1,
      2.2,
      2.8,
      5.9,
      0.45,
      0.55,
      11.2,
      32.2,
      62.6,
      44.0,
      60.3,
      3.6,
      0.5
    ],
    [
      2.4,
      3.8,
      0.25,
      4.1,
      3.4,
      2.3,
      3.3,
      3.8,
      3.1,
      2.8,
      3.5,
      4.4,
      2.3,
      1.9,
      2.4,
      4.9,
      1.6,
      4.1,
      6.5,
      3.0,
      0.0,
      4.6,
      2.8,
      1.6,
      12.7,
      2.9,
      2.1,
      4.0,
      5.7,
      2.0,
      8.6,
      15.5,
      4.2,
      4.3,
      4.3,
      3.2,
      5.4,
      6.8,
      5.8,
      2.6,
      2.8,
      1.0,
      2.3,
      16.7,
      4.2,
      2.8,
      2.0,
      54.5,
      2.1,
      2.5,
      5.2,
      2.9,
      3.2,
      15.3,
      36.2,
      66.6,
      56.1,
      57.8,
      2.0,
      2.8
    ],
    [
      3.7,
      0.9,
      4.9,
      1.8,
      1.9,
      3.6,
      2.0,
      1.2,
      3.8,
      2.6,
      1.5,
      1.0,
      3.5,
      3.6,
      3.7,
      3.8,
      3.2,
      1.9,
      3.7,
      2.6,
      4.6,
      0.0,
      4.4,
      4.4,
      15.5,
      4.5,
      3.5,
      11.3,
      3.0,
      3.7,
      7.5,
      14.4,
      2.4,
      2.2,
      1.9,
      3.0,
      12.6,
      14.0,
      2.4,
      9.4,
      3.6,
      5.3,
      3.8,
      25.3,
      11.4,
      4.4,
      3.7,
      62.6,
      4.7,
      3.5,
      12.4,
      4.5,
      2.9,
      14.2,
      35.1,
      65.5,
      40.6,
      56.8,
      4.7,
      4.4
    ],
    [
      0.23,
      3.9,
      3.2,
      0.8,
      0.3,
      0.005,
      0.18,
      1.1,
      3.5,
      0.9,
      0.7,
      3.6,
      0.11,
      1.9,
      0.35,
      4.1,
      1.4,
      0.8,
      7.8,
      0.4,
      2.8,
      4.4,
      0.0,
      1.4,
      16.0,
      0.14,
      1.0,
      5.0,
      0.75,
      0.75,
      4.2,
      12.5,
      4.2,
      3.9,
      3.9,
      1.8,
      6.5,
      7.8,
      3.0,
      2.4,
      0.5,
      2.8,
      1.5,
      17.8,
      5.2,
      0.1,
      1.6,
      55.6,
      1.5,
      0.8,
      6.3,
      0.15,
      0.35,
      12.2,
      33.2,
      63.6,
      55.5,
      56.9,
      3.0,
      0.066
    ],
    [
      1.5,
      2.9,
      2.0,
      3.3,
      2.5,
      1.4,
      2.4,
      2.9,
      3.1,
      1.9,
      2.5,
      3.7,
      1.4,
      0.21,
      1.5,
      4.1,
      0.8,
      3.4,
      6.4,
      2.1,
      1.6,
      4.4,
      1.4,
      0.0,
      16.0,
      2.4,
      1.6,
      3.7,
      4.0,
      1.5,
      5.4,
      13.7,
      3.8,
      3.8,
      3.9,
      2.7,
      5.2,
      6.5,
      4.5,
      1.9,
      2.3,
      2.3,
      1.9,
      16.5,
      3.9,
      2.4,
      1.5,
      54.2,
      0.3,
      2.1,
      4.9,
      2.4,
      2.7,
      14.8,
      34.4,
      64.8,
      55.5,
      57.3,
      3.3,
      2.4
    ],
    [
      16.0,
      16.6,
      12.4,
      15.6,
      17.4,
      16.0,
      19.0,
      16.7,
      19.7,
      14.6,
      17.1,
      16.5,
      15.9,
      15.9,
      16.1,
      10.0,
      15.1,
      15.6,
      18.9,
      18.8,
      12.7,
      15.5,
      16.0,
      16.0,
      0.0,
      16.3,
      15.3,
      22.7,
      18.4,
      15.6,
      18.9,
      25.8,
      15.7,
      17.5,
      14.6,
      20.0,
      24.0,
      25.4,
      19.0,
      20.8,
      15.4,
      11.7,
      15.1,
      36.7,
      22.8,
      16.2,
      15.4,
      78.2,
      16.5,
      15.3,
      23.8,
      16.3,
      19.9,
      25.6,
      46.5,
      76.9,
      50.4,
      52.2,
      12.3,
      16.3
    ],
    [
      0.004,
      1.2,
      3.3,
      0.65,
      0.3,
      0.15,
      0.24,
      1.1,
      3.6,
      0.8,
      0.6,
      3.7,
      0.03,
      1.9,
      0.17,
      4.2,
      1.4,
      0.65,
      7.9,
      0.45,
      2.9,
      4.5,
      0.14,
      2.4,
      16.3,
      0.0,
      1.0,
      5.0,
      0.75,
      0.75,
      4.1,
      12.4,
      1.0,
      3.8,
      3.8,
      0.25,
      6.4,
      7.7,
      3.0,
      2.4,
      0.35,
      2.7,
      1.2,
      17.7,
      5.1,
      0.1,
      1.5,
      55.5,
      1.4,
      0.8,
      6.2,
      0.044,
      0.17,
      12.2,
      33.1,
      63.5,
      55.4,
      57.2,
      2.9,
      0.14
    ],
    [
      0.85,
      5.1,
      2.4,
      0.8,
      2.8,
      1.0,
      2.7,
      5.1,
      4.1,
      0.75,
      2.9,
      2.7,
      1.0,
      1.2,
      0.85,
      3.2,
      0.7,
      0.8,
      7.0,
      2.4,
      2.1,
      3.5,
      1.0,
      1.6,
      15.3,
      1.0,
      0.0,
      4.8,
      3.5,
      0.29,
      7.1,
      14.0,
      2.4,
      2.4,
      2.8,
      1.0,
      6.2,
      7.6,
      3.6,
      3.0,
      0.85,
      2.6,
      0.45,
      17.6,
      5.0,
      1.1,
      0.45,
      55.3,
      1.4,
      0.23,
      6.0,
      1.4,
      0.9,
      13.7,
      34.7,
      65.1,
      54.4,
      56.2,
      2.3,
      1.0
    ],
    [
      5.1,
      7.7,
      5.3,
      6.8,
      5.1,
      5.0,
      5.0,
      7.7,
      2.8,
      5.5,
      5.1,
      7.7,
      5.0,
      4.1,
      5.1,
      7.6,
      4.3,
      10.3,
      5.9,
      4.7,
      4.0,
      11.3,
      5.0,
      3.7,
      22.7,
      5.0,
      4.8,
      0.0,
      6.6,
      4.7,
      6.4,
      14.7,
      7.1,
      6.8,
      9.7,
      4.9,
      0.17,
      1.1,
      5.6,
      3.4,
      5.5,
      5.1,
      5.1,
      14.4,
      1.0,
      5.5,
      4.7,
      51.2,
      4.0,
      5.2,
      0.8,
      5.6,
      4.8,
      14.5,
      35.5,
      65.8,
      47.2,
      63.4,
      6.1,
      5.6
    ],
    [
      0.8,
      1.2,
      4.7,
      1.1,
      0.45,
      0.75,
      0.7,
      1.0,
      3.2,
      3.8,
      0.7,
      2.5,
      0.7,
      3.0,
      0.85,
      6.7,
      3.1,
      3.4,
      4.3,
      0.4,
      5.7,
      3.0,
      0.75,
      4.0,
      18.4,
      0.75,
      3.5,
      6.6,
      0.0,
      2.5,
      0.85,
      11.2,
      2.7,
      2.5,
      6.2,
      0.75,
      6.1,
      7.4,
      1.0,
      2.3,
      0.95,
      3.7,
      3.1,
      22.1,
      4.8,
      0.7,
      2.7,
      55.2,
      2.4,
      3.0,
      5.9,
      0.8,
      0.85,
      11.0,
      32.0,
      62.3,
      43.7,
      59.9,
      7.7,
      0.8
    ],
    [
      0.6,
      3.1,
      2.3,
      0.85,
      1.1,
      0.75,
      2.6,
      3.0,
      2.7,
      0.8,
      2.7,
      2.9,
      0.75,
      0.8,
      0.6,
      3.5,
      0.55,
      0.85,
      4.5,
      2.2,
      2.0,
      3.7,
      0.75,
      1.5,
      15.6,
      0.75,
      0.29,
      4.7,
      2.5,
      0.0,
      7.3,
      14.2,
      2.9,
      2.9,
      3.0,
      0.8,
      6.1,
      7.4,
      3.2,
      2.1,
      0.75,
      2.4,
      0.65,
      17.4,
      4.8,
      0.9,
      0.6,
      55.2,
      1.1,
      0.28,
      5.9,
      0.7,
      0.65,
      13.9,
      34.9,
      65.3,
      54.6,
      56.4,
      2.2,
      0.7
    ],
    [
      4.3,
      3.9,
      9.0,
      6.5,
      0.9,
      4.2,
      3.4,
      4.0,
      4.0,
      6.8,
      4.3,
      3.9,
      4.2,
      4.2,
      4.3,
      7.2,
      7.2,
      6.5,
      2.2,
      0.75,
      8.6,
      7.5,
      4.2,
      5.4,
      18.9,
      4.1,
      7.1,
      6.4,
      0.85,
      7.3,
      0.0,
      12.2,
      4.6,
      4.3,
      7.2,
      2.4,
      5.1,
      6.5,
      3.1,
      1.9,
      7.6,
      5.0,
      7.9,
      15.6,
      3.9,
      4.3,
      7.7,
      54.2,
      2.9,
      7.6,
      4.9,
      4.3,
      2.3,
      12.0,
      33.0,
      63.3,
      44.7,
      60.9,
      8.7,
      4.3
    ],
    [
      12.5,
      10.9,
      15.9,
      13.4,
      11.6,
      12.5,
      11.6,
      10.9,
      12.3,
      13.7,
      11.3,
      10.9,
      12.4,
      12.5,
      12.6,
      14.1,
      14.1,
      13.4,
      10.6,
      11.5,
      15.5,
      14.4,
      12.5,
      13.7,
      25.8,
      12.4,
      14.0,
      14.7,
      11.2,
      14.2,
      12.2,
      0.0,
      10.9,
      10.6,
      12.9,
      11.5,
      15.6,
      16.9,
      10.2,
      12.3,
      13.3,
      15.1,
      13.6,
      12.3,
      14.3,
      14.2,
      13.4,
      49.6,
      13.5,
      13.3,
      15.3,
      14.3,
      11.5,
      0.8,
      26.5,
      56.9,
      50.5,
      66.6,
      14.4,
      14.2
    ],
    [
      0.9,
      0.85,
      4.6,
      0.4,
      2.3,
      4.2,
      2.4,
      1.6,
      4.4,
      0.4,
      0.85,
      0.85,
      1.1,
      4.2,
      0.9,
      3.6,
      2.9,
      0.4,
      4.4,
      3.2,
      4.2,
      2.4,
      4.2,
      3.8,
      15.7,
      1.0,
      2.4,
      7.1,
      2.7,
      2.9,
      4.6,
      10.9,
      0.0,
      0.3,
      2.1,
      0.75,
      11.9,
      13.2,
      2.9,
      5.2,
      0.65,
      4.8,
      0.75,
      24.6,
      10.6,
      1.0,
      2.8,
      61.0,
      3.9,
      0.8,
      11.7,
      1.1,
      0.85,
      13.4,
      34.4,
      64.8,
      42.9,
      57.2,
      4.9,
      3.6
    ],
    [
      0.95,
      0.6,
      4.7,
      0.45,
      2.0,
      3.9,
      2.1,
      1.3,
      4.4,
      0.6,
      0.65,
      0.65,
      3.8,
      3.9,
      0.9,
      3.6,
      2.9,
      0.45,
      4.1,
      2.9,
      4.3,
      2.2,
      3.9,
      3.8,
      17.5,
      3.8,
      2.4,
      6.8,
      2.5,
      2.9,
      4.3,
      10.6,
      0.3,
      0.0,
      1.5,
      0.8,
      9.3,
      10.6,
      2.0,
      4.5,
      0.7,
      4.3,
      2.0,
      22.0,
      8.0,
      3.0,
      2.2,
      58.4,
      3.3,
      2.1,
      9.1,
      3.1,
      0.85,
      10.9,
      31.9,
      62.2,
      42.3,
      56.6,
      4.3,
      3.1
    ],
    [
      3.9,
      3.0,
      4.8,
      1.8,
      3.8,
      3.8,
      6.6,
      3.1,
      7.3,
      2.5,
      3.4,
      2.1,
      3.8,
      3.8,
      3.9,
      2.8,
      3.0,
      1.8,
      6.5,
      6.4,
      4.3,
      1.9,
      3.9,
      3.9,
      14.6,
      3.8,
      2.8,
      9.7,
      6.2,
      3.0,
      7.2,
      12.9,
      2.1,
      1.5,
      0.0,
      6.8,
      10.8,
      12.1,
      3.7,
      7.6,
      2.6,
      4.5,
      2.4,
      23.5,
      9.5,
      3.5,
      2.6,
      59.9,
      3.8,
      2.6,
      10.6,
      3.6,
      4.2,
      12.3,
      33.3,
      63.7,
      54.2,
      56.1,
      3.8,
      3.5
    ],
    [
      0.27,
      1.0,
      3.6,
      0.4,
      0.3,
      0.45,
      0.4,
      0.9,
      2.4,
      0.55,
      0.4,
      2.1,
      0.3,
      2.0,
      0.22,
      5.3,
      1.9,
      0.4,
      3.2,
      0.45,
      3.2,
      3.0,
      1.8,
      2.7,
      20.0,
      0.25,
      1.0,
      4.9,
      0.75,
      0.8,
      2.4,
      11.5,
      0.75,
      0.8,
      6.8,
      0.0,
      6.6,
      7.9,
      2.2,
      2.8,
      0.24,
      4.0,
      1.1,
      22.8,
      5.3,
      0.3,
      3.0,
      55.7,
      2.7,
      0.8,
      6.4,
      0.35,
      0.17,
      11.6,
      32.6,
      63.0,
      44.9,
      60.5,
      4.2,
      0.4
    ],
    [
      6.6,
      9.0,
      6.4,
      11.6,
      6.4,
      6.5,
      6.4,
      9.1,
      4.2,
      6.9,
      6.5,
      9.1,
      6.4,
      5.5,
      6.6,
      9.0,
      5.7,
      11.7,
      7.3,
      6.1,
      5.4,
      12.6,
      6.5,
      5.2,
      24.0,
      6.4,
      6.2,
      0.17,
      6.1,
      6.1,
      5.1,
      15.6,
      11.9,
      9.3,
      10.8,
      6.6,
      0.0,
      1.5,
      7.4,
      5.1,
      7.4,
      7.0,
      7.0,
      17.0,
      0.9656039999999999,
      7.4,
      6.6,
      50.7,
      5.9,
      7.2,
      0.6,
      7.5,
      6.7,
      16.3,
      37.3,
      67.7,
      49.2,
      70.2,
      8.0,
      7.5
    ],
    [
      7.9,
      10.4,
      7.8,
      12.9,
      7.8,
      7.8,
      7.7,
      10.4,
      5.5,
      8.3,
      7.8,
      10.4,
      7.7,
      6.8,
      7.9,
      10.3,
      7.1,
      13.0,
      8.6,
      7.4,
      6.8,
      14.0,
      7.8,
      6.5,
      25.4,
      7.7,
      7.6,
      1.1,
      7.4,
      7.4,
      6.5,
      16.9,
      13.2,
      10.6,
      12.1,
      7.9,
      1.5,
      0.0,
      8.8,
      6.5,
      8.8,
      8.4,
      8.3,
      16.4,
      3.1,
      8.8,
      8.0,
      51.1,
      7.2,
      8.5,
      0.85,
      8.9,
      8.0,
      17.7,
      38.7,
      69.0,
      50.7,
      71.7,
      9.4,
      8.8
    ],
    [
      3.1,
      1.1,
      4.8,
      2.6,
      1.9,
      3.0,
      2.0,
      1.1,
      3.2,
      6.9,
      1.5,
      1.8,
      3.0,
      3.1,
      3.1,
      7.3,
      3.2,
      2.7,
      0.5,
      2.0,
      5.8,
      2.4,
      3.0,
      4.5,
      19.0,
      3.0,
      3.6,
      5.6,
      1.0,
      3.2,
      3.1,
      10.2,
      2.9,
      2.0,
      3.7,
      2.2,
      7.4,
      8.8,
      0.0,
      3.4,
      4.1,
      6.6,
      3.9,
      21.8,
      6.3,
      5.0,
      5.2,
      56.7,
      3.8,
      4.0,
      7.4,
      4.6,
      2.1,
      10.7,
      31.6,
      62.0,
      42.4,
      63.4,
      6.3,
      5.0
    ],
    [
      2.2,
      3.0,
      3.7,
      4.9,
      2.6,
      2.1,
      2.5,
      3.6,
      0.65,
      3.7,
      2.7,
      5.8,
      2.1,
      1.6,
      2.5,
      5.7,
      2.5,
      5.0,
      4.1,
      2.2,
      2.6,
      9.4,
      2.4,
      1.9,
      20.8,
      2.4,
      3.0,
      3.4,
      2.3,
      2.1,
      1.9,
      12.3,
      5.2,
      4.5,
      7.6,
      2.8,
      5.1,
      6.5,
      3.4,
      0.0,
      3.6,
      3.3,
      3.2,
      15.2,
      3.5,
      3.7,
      2.8,
      53.9,
      1.5,
      3.4,
      4.6,
      3.8,
      2.5,
      12.6,
      33.6,
      63.9,
      45.4,
      66.4,
      4.3,
      3.7
    ],
    [
      0.28,
      1.2,
      3.1,
      0.3,
      0.5,
      0.5,
      0.5,
      3.5,
      3.4,
      0.45,
      0.55,
      2.8,
      0.4,
      1.8,
      0.24,
      3.2,
      1.3,
      0.3,
      7.0,
      0.65,
      2.8,
      3.6,
      0.5,
      2.3,
      15.4,
      0.35,
      0.85,
      5.5,
      0.95,
      0.75,
      7.6,
      13.3,
      0.65,
      0.7,
      2.6,
      0.24,
      7.4,
      8.8,
      4.1,
      3.6,
      0.0,
      3.2,
      0.9,
      24.9,
      5.6,
      0.45,
      1.3,
      56.0,
      2.0,
      0.6,
      6.7,
      0.45,
      0.19,
      13.8,
      34.7,
      65.1,
      43.4,
      59.9,
      3.0,
      0.55
    ],
    [
      2.9,
      4.3,
      0.8,
      4.5,
      3.8,
      2.8,
      3.8,
      4.3,
      3.8,
      3.2,
      3.9,
      6.3,
      2.7,
      2.4,
      2.9,
      3.3,
      2.0,
      4.6,
      7.2,
      3.5,
      1.0,
      5.3,
      2.8,
      2.3,
      11.7,
      2.7,
      2.6,
      5.1,
      3.7,
      2.4,
      5.0,
      15.1,
      4.8,
      4.3,
      4.5,
      4.0,
      7.0,
      8.4,
      6.6,
      3.3,
      3.2,
      0.0,
      2.9,
      18.4,
      5.8,
      3.4,
      2.5,
      56.1,
      2.7,
      3.1,
      6.8,
      3.5,
      3.8,
      15.2,
      36.2,
      66.5,
      44.9,
      59.4,
      1.6,
      3.4
    ],
    [
      1.0,
      4.9,
      2.7,
      0.8,
      3.3,
      1.5,
      3.2,
      5.0,
      4.4,
      0.55,
      3.3,
      2.6,
      1.5,
      1.6,
      0.95,
      3.0,
      1.0,
      0.75,
      7.2,
      2.9,
      2.3,
      3.8,
      1.5,
      1.9,
      15.1,
      1.2,
      0.45,
      5.1,
      3.1,
      0.65,
      7.9,
      13.6,
      0.75,
      2.0,
      2.4,
      1.1,
      7.0,
      8.3,
      3.9,
      3.2,
      0.9,
      2.9,
      0.0,
      24.4,
      5.3,
      1.8,
      0.65,
      55.7,
      1.9,
      0.55,
      6.4,
      1.9,
      1.0,
      13.2,
      34.2,
      64.6,
      42.9,
      59.4,
      2.5,
      1.8
    ],
    [
      17.9,
      21.8,
      17.8,
      24.3,
      22.6,
      17.8,
      22.6,
      21.9,
      14.7,
      24.6,
      22.2,
      21.8,
      17.7,
      16.8,
      17.9,
      25.0,
      17.0,
      24.4,
      21.5,
      22.4,
      16.7,
      25.3,
      17.8,
      16.5,
      36.7,
      17.7,
      17.6,
      14.4,
      22.1,
      17.4,
      15.6,
      12.3,
      24.6,
      22.0,
      23.5,
      22.8,
      17.0,
      16.4,
      21.8,
      15.2,
      24.9,
      18.4,
      24.4,
      0.0,
      14.4,
      18.3,
      23.9,
      44.6,
      16.7,
      23.7,
      15.5,
      18.4,
      21.9,
      12.5,
      37.0,
      58.2,
      61.1,
      78.9,
      24.9,
      18.4
    ],
    [
      5.3,
      7.8,
      5.2,
      6.9,
      5.2,
      5.2,
      5.1,
      7.8,
      2.9,
      5.7,
      5.2,
      7.8,
      5.1,
      4.2,
      5.3,
      7.7,
      4.5,
      10.4,
      6.0,
      4.8,
      4.2,
      11.4,
      5.2,
      3.9,
      22.8,
      5.1,
      5.0,
      1.0,
      4.8,
      4.8,
      3.9,
      14.3,
      10.6,
      8.0,
      9.5,
      5.3,
      0.9656039999999999,
      3.1,
      6.3,
      3.5,
      5.6,
      5.8,
      5.3,
      14.4,
      0.0,
      5.7,
      4.8,
      50.3,
      4.1,
      5.4,
      0.75,
      5.7,
      4.9,
      14.5,
      35.5,
      65.9,
      47.5,
      67.2,
      6.2,
      5.7
    ],
    [
      0.21,
      1.2,
      3.2,
      0.7,
      0.24,
      0.11,
      0.14,
      3.9,
      3.5,
      0.8,
      3.5,
      3.6,
      0.072,
      1.9,
      0.27,
      4.1,
      1.4,
      0.7,
      7.8,
      0.35,
      2.8,
      4.4,
      0.1,
      2.4,
      16.2,
      0.1,
      1.1,
      5.5,
      0.7,
      0.9,
      4.3,
      14.2,
      1.0,
      3.0,
      3.5,
      0.3,
      7.4,
      8.8,
      5.0,
      3.7,
      0.45,
      3.4,
      1.8,
      18.3,
      5.7,
      0.0,
      1.6,
      55.5,
      1.5,
      0.9,
      6.2,
      0.15,
      0.26,
      12.2,
      33.2,
      63.6,
      44.4,
      60.9,
      3.0,
      0.17
    ],
    [
      1.7,
      4.8,
      2.3,
      2.5,
      2.9,
      1.6,
      2.8,
      4.8,
      4.0,
      1.3,
      2.9,
      2.8,
      1.6,
      1.4,
      1.7,
      3.2,
      0.6,
      2.5,
      7.1,
      2.5,
      2.0,
      3.7,
      1.6,
      1.5,
      15.4,
      1.5,
      0.45,
      4.7,
      2.7,
      0.6,
      7.7,
      13.4,
      2.8,
      2.2,
      2.6,
      3.0,
      6.6,
      8.0,
      5.2,
      2.8,
      1.3,
      2.5,
      0.65,
      23.9,
      4.8,
      1.6,
      0.0,
      55.6,
      2.1,
      0.6,
      6.3,
      2.2,
      3.0,
      14.2,
      35.2,
      65.6,
      43.9,
      60.2,
      1.7,
      2.1
    ],
    [
      55.6,
      58.1,
      55.5,
      61.6,
      55.5,
      55.5,
      55.5,
      58.2,
      53.3,
      56.0,
      55.6,
      58.1,
      55.5,
      54.6,
      55.6,
      58.1,
      54.8,
      61.6,
      56.4,
      55.1,
      54.5,
      62.6,
      55.6,
      54.2,
      78.2,
      55.5,
      55.3,
      51.2,
      55.2,
      55.2,
      54.2,
      49.6,
      61.0,
      58.4,
      59.9,
      55.7,
      50.7,
      51.1,
      56.7,
      53.9,
      56.0,
      56.1,
      55.7,
      44.6,
      50.3,
      55.5,
      55.6,
      0.0,
      54.9,
      56.4,
      50.6,
      56.4,
      55.6,
      49.5,
      56.1,
      47.9,
      98.1,
      126.0,
      56.9,
      56.4
    ],
    [
      1.6,
      3.0,
      2.5,
      3.6,
      2.6,
      1.5,
      2.5,
      3.0,
      1.9,
      2.1,
      2.6,
      3.9,
      1.5,
      0.35,
      1.6,
      4.3,
      0.9,
      3.6,
      5.3,
      2.2,
      2.1,
      4.7,
      1.5,
      0.3,
      16.5,
      1.4,
      1.4,
      4.0,
      2.4,
      1.1,
      2.9,
      13.5,
      3.9,
      3.3,
      3.8,
      2.7,
      5.9,
      7.2,
      3.8,
      1.5,
      2.0,
      2.7,
      1.9,
      16.7,
      4.1,
      1.5,
      2.1,
      54.9,
      0.0,
      1.9,
      5.0,
      2.3,
      2.4,
      12.9,
      33.9,
      64.3,
      45.9,
      61.2,
      2.9,
      2.2
    ],
    [
      0.65,
      3.4,
      2.9,
      0.6,
      1.1,
      0.8,
      1.0,
      3.5,
      3.2,
      0.5,
      3.2,
      2.7,
      1.2,
      1.6,
      0.6,
      3.2,
      0.75,
      0.55,
      6.9,
      2.8,
      2.5,
      3.5,
      0.8,
      2.1,
      15.3,
      0.8,
      0.23,
      5.2,
      3.0,
      0.28,
      7.6,
      13.3,
      0.8,
      2.1,
      2.6,
      0.8,
      7.2,
      8.5,
      4.0,
      3.4,
      0.6,
      3.1,
      0.55,
      23.7,
      5.4,
      0.9,
      0.6,
      56.4,
      1.9,
      0.0,
      6.1,
      0.75,
      0.65,
      13.8,
      34.7,
      65.1,
      43.5,
      60.1,
      2.4,
      0.75
    ],
    [
      6.3,
      8.8,
      6.2,
      11.4,
      6.2,
      6.3,
      6.2,
      8.9,
      4.0,
      6.7,
      6.3,
      8.8,
      6.2,
      5.3,
      6.4,
      8.8,
      5.5,
      11.5,
      7.1,
      5.9,
      5.2,
      12.4,
      6.3,
      4.9,
      23.8,
      6.2,
      6.0,
      0.8,
      5.9,
      5.9,
      4.9,
      15.3,
      11.7,
      9.1,
      10.6,
      6.4,
      0.6,
      0.85,
      7.4,
      4.6,
      6.7,
      6.8,
      6.4,
      15.5,
      0.75,
      6.2,
      6.3,
      50.6,
      5.0,
      6.1,
      0.0,
      7.3,
      6.5,
      16.1,
      37.1,
      67.5,
      49.1,
      68.8,
      7.8,
      7.3
    ],
    [
      0.079,
      4.0,
      3.2,
      0.7,
      0.35,
      0.15,
      0.29,
      1.2,
      3.6,
      0.9,
      0.7,
      3.7,
      0.074,
      1.9,
      0.25,
      4.2,
      1.4,
      0.75,
      7.9,
      0.45,
      2.9,
      4.5,
      0.15,
      2.4,
      16.3,
      0.044,
      1.4,
      5.6,
      0.8,
      0.7,
      4.3,
      14.3,
      1.1,
      3.1,
      3.6,
      0.35,
      7.5,
      8.9,
      4.6,
      3.8,
      0.45,
      3.5,
      1.9,
      18.4,
      5.7,
      0.15,
      2.2,
      56.4,
      2.3,
      0.75,
      7.3,
      0.0,
      0.25,
      12.2,
      33.2,
      63.5,
      44.4,
      60.9,
      2.9,
      0.086
    ],
    [
      0.092,
      1.1,
      3.5,
      0.45,
      0.4,
      0.35,
      0.3,
      1.1,
      2.4,
      0.6,
      0.45,
      2.1,
      0.22,
      2.0,
      0.048,
      5.3,
      1.9,
      0.5,
      3.2,
      0.55,
      3.2,
      2.9,
      0.35,
      2.7,
      19.9,
      0.17,
      0.9,
      4.8,
      0.85,
      0.65,
      2.3,
      11.5,
      0.85,
      0.85,
      4.2,
      0.17,
      6.7,
      8.0,
      2.1,
      2.5,
      0.19,
      3.8,
      1.0,
      21.9,
      4.9,
      0.26,
      3.0,
      55.6,
      2.4,
      0.65,
      6.5,
      0.25,
      0.0,
      11.6,
      32.6,
      63.0,
      43.0,
      64.2,
      4.2,
      0.35
    ],
    [
      12.3,
      10.6,
      15.7,
      13.1,
      11.4,
      12.2,
      11.4,
      10.7,
      12.1,
      13.4,
      11.1,
      10.7,
      12.2,
      12.3,
      12.3,
      13.9,
      13.9,
      13.2,
      10.4,
      11.2,
      15.3,
      14.2,
      12.2,
      14.8,
      25.6,
      12.2,
      13.7,
      14.5,
      11.0,
      13.9,
      12.0,
      0.8,
      13.4,
      10.9,
      12.3,
      11.6,
      16.3,
      17.7,
      10.7,
      12.6,
      13.8,
      15.2,
      13.2,
      12.5,
      14.5,
      12.2,
      14.2,
      49.5,
      12.9,
      13.8,
      16.1,
      12.2,
      11.6,
      0.0,
      25.2,
      55.6,
      49.3,
      69.0,
      13.1,
      12.9
    ],
    [
      33.3,
      31.6,
      36.7,
      34.1,
      32.4,
      33.2,
      32.4,
      31.7,
      33.1,
      34.4,
      32.0,
      31.6,
      33.2,
      33.2,
      33.3,
      34.9,
      34.9,
      34.2,
      31.3,
      32.2,
      36.2,
      35.1,
      33.2,
      34.4,
      46.5,
      33.1,
      34.7,
      35.5,
      32.0,
      34.9,
      33.0,
      26.5,
      34.4,
      31.9,
      33.3,
      32.6,
      37.3,
      38.7,
      31.6,
      33.6,
      34.7,
      36.2,
      34.2,
      37.0,
      35.5,
      33.2,
      35.2,
      56.1,
      33.9,
      34.7,
      37.1,
      33.2,
      32.6,
      25.2,
      0.0,
      51.9,
      36.8,
      57.0,
      35.5,
      35.3
    ],
    [
      63.7,
      62.0,
      67.1,
      64.5,
      62.8,
      63.6,
      62.8,
      62.0,
      63.4,
      64.8,
      62.4,
      62.0,
      63.5,
      63.6,
      63.7,
      65.2,
      65.3,
      64.5,
      61.7,
      62.6,
      66.6,
      65.5,
      63.6,
      64.8,
      76.9,
      63.5,
      65.1,
      65.8,
      62.3,
      65.3,
      63.3,
      56.9,
      64.8,
      62.2,
      63.7,
      63.0,
      67.7,
      69.0,
      62.0,
      63.9,
      65.1,
      66.5,
      64.6,
      58.2,
      65.9,
      63.6,
      65.6,
      47.9,
      64.3,
      65.1,
      67.5,
      63.5,
      63.0,
      55.6,
      51.9,
      0.0,
      78.9,
      99.0,
      65.0,
      64.8
    ],
    [
      55.8,
      41.7,
      56.5,
      55.2,
      42.5,
      55.6,
      44.2,
      41.8,
      44.8,
      42.9,
      42.1,
      41.6,
      55.6,
      55.6,
      55.5,
      52.4,
      54.6,
      42.7,
      44.1,
      44.0,
      56.1,
      40.6,
      55.5,
      55.5,
      50.4,
      55.4,
      54.4,
      47.2,
      43.7,
      54.6,
      44.7,
      50.5,
      42.9,
      42.3,
      54.2,
      44.9,
      49.2,
      50.7,
      42.4,
      45.4,
      43.4,
      44.9,
      42.9,
      61.1,
      47.5,
      44.4,
      43.9,
      98.1,
      45.9,
      43.5,
      49.1,
      44.4,
      43.0,
      49.3,
      36.8,
      78.9,
      0.0,
      26.4,
      44.6,
      44.3
    ],
    [
      57.4,
      57.9,
      58.1,
      56.9,
      58.7,
      57.3,
      60.3,
      58.0,
      61.0,
      55.9,
      58.4,
      57.8,
      57.2,
      57.2,
      57.4,
      54.2,
      56.4,
      56.9,
      60.3,
      60.3,
      57.8,
      56.8,
      56.9,
      57.3,
      52.2,
      57.2,
