{
  "drive_dist_matrix": [
    [
      0.0,
      0.24,
      1.0,
      0.4,
      0.55,
      1.8,
      1.0,
      1.6,
      16.9,
      18.8,
      20.9,
      1.9,
      0.9,
      0.75,
      1.8,
      4.5,
      15.7,
      1.2,
      6.2,
      2.1,
      2.2,
      32.5,
      0.85,
      1.9,
      1.0,
      38.8,
      19.9,
      0.3,
      21.6,
      7.0,
      7.5,
      1.9,
      21.7,
      19.6,
      21.4,
      18.9,
      18.1,
      19.2,
      27.9,
      35.9,
      15.7,
      3.6,
      15.5,
      19.5,
      3.5,
      37.9,
      21.2,
      44.1,
      25.2
    ],
    [
      0.24,
      0.0,
      0.85,
      0.55,
      0.35,
      1.4,
      0.8,
      0.85,
      16.6,
      18.5,
      20.2,
      1.4,
      0.7,
      0.55,
      1.3,
      3.8,
      16.5,
      2.1,
      5.9,
      1.5,
      1.8,
      32.1,
      0.6,
      1.5,
      0.75,
      38.1,
      19.6,
      0.08,
      21.2,
      6.3,
      7.1,
      1.5,
      21.4,
      19.1,
      21.1,
      18.6,
      17.8,
      18.9,
      27.2,
      36.7,
      16.5,
      2.9,
      16.4,
      19.2,
      3.1,
      37.2,
      20.9,
      43.8,
      26.1
    ],
    [
      1.0,
      0.85,
      0.0,
      0.9,
      0.5,
      0.75,
      0.55,
      1.0,
      15.6,
      17.8,
      19.7,
      0.8,
      0.75,
      0.27,
      0.7,
      3.3,
      15.6,
      1.8,
      6.2,
      0.6,
      1.3,
      35.9,
      0.23,
      0.8,
      0.085,
      37.6,
      18.8,
      0.75,
      20.2,
      5.8,
      7.4,
      0.85,
      20.4,
      18.5,
      20.1,
      17.9,
      18.1,
      19.2,
      26.7,
      35.9,
      15.6,
      2.4,
      15.5,
      18.5,
      3.4,
      36.7,
      20.2,
      43.1,
      25.2
    ],
    [
      0.4,
      0.55,
      0.9,
      0.0,
      0.85,
      1.6,
      1.4,
      1.8,
      16.3,
      18.5,
      20.7,
      1.6,
      1.2,
      1.0,
      1.5,
      4.2,
      15.5,
      1.1,
      6.4,
      1.7,
      2.0,
      36.7,
      1.0,
      1.7,
      1.0,
      38.6,
      19.6,
      0.6,
      21.0,
      6.8,
      7.7,
      1.7,
      21.1,
      19.3,
      20.8,
      18.6,
      18.3,
      19.4,
      27.7,
      35.8,
      15.5,
      3.4,
      15.4,
      19.2,
      3.7,
      37.7,
      20.9,
      43.8,
      25.1
    ],
    [
      0.55,
      0.35,
      0.5,
      0.85,
      0.0,
      1.0,
      0.45,
      0.75,
      16.4,
      18.0,
      19.8,
      1.1,
      0.35,
      0.23,
      1.0,
      3.4,
      17.1,
      2.2,
      5.7,
      0.9,
      1.4,
      36.1,
      0.29,
      1.1,
      0.45,
      37.8,
      19.0,
      0.25,
      21.0,
      5.9,
      6.9,
      1.1,
      21.2,
      18.7,
      20.9,
      18.0,
      17.6,
      18.7,
      26.9,
      37.4,
      17.1,
      2.5,
      17.0,
      18.6,
      2.9,
      36.8,
      20.3,
      43.2,
      26.7
    ],
    [
      1.8,
      1.4,
      0.75,
      1.6,
      1.0,
      0.0,
      0.8,
      1.4,
      14.0,
      17.6,
      19.2,
      0.073,
      0.75,
      0.9,
      0.4,
      2.8,
      16.5,
      2.2,
      7.7,
      0.16,
      0.8,
      35.7,
      0.95,
      0.45,
      0.65,
      37.2,
      18.6,
      1.5,
      20.2,
      4.9,
      9.0,
      0.21,
      20.3,
      18.3,
      20.0,
      17.7,
      22.9,
      23.9,
      26.3,
      36.8,
      16.5,
      1.9,
      16.4,
      18.3,
      5.0,
      36.2,
      19.8,
      42.9,
      26.1
    ],
    [
      1.0,
      0.8,
      0.55,
      1.4,
      0.45,
      0.8,
      0.0,
      0.5,
      15.3,
      17.5,
      20.0,
      0.9,
      0.15,
      0.4,
      1.2,
      3.6,
      17.3,
      2.6,
      6.8,
      0.65,
      1.6,
      35.6,
      0.45,
      1.3,
      0.5,
      38.0,
      18.5,
      0.7,
      19.9,
      6.1,
      8.0,
      0.9,
      20.1,
      18.2,
      19.8,
      17.6,
      20.2,
      21.3,
      27.1,
      37.6,
      17.3,
      2.7,
      17.2,
      18.2,
      4.0,
      37.0,
      19.9,
      42.8,
      26.9
    ],
    [
      1.6,
      0.85,
      1.0,
      1.8,
      0.75,
      1.4,
      0.5,
      0.0,
      14.8,
      17.4,
      22.3,
      1.4,
      0.65,
      0.85,
      1.5,
      3.9,
      21.1,
      2.8,
      5.4,
      0.9,
      2.3,
      35.5,
      1.1,
      1.6,
      0.95,
      40.3,
      18.4,
      0.95,
      19.5,
      6.7,
      6.6,
      1.4,
      19.6,
      18.1,
      19.3,
      17.5,
      17.3,
      18.3,
      29.4,
      41.3,
      21.1,
      3.0,
      21.0,
      18.0,
      2.6,
      39.3,
      19.8,
      42.6,
      30.7
    ],
    [
      16.9,
      16.6,
      15.6,
      16.3,
      16.4,
      14.0,
      15.3,
      14.8,
      0.0,
      20.6,
      29.0,
      14.1,
      16.7,
      14.7,
      14.8,
      15.0,
      30.8,
      18.1,
      17.9,
      14.4,
      14.7,
      18.7,
      14.7,
      14.7,
      16.7,
      46.9,
      21.6,
      16.6,
      7.8,
      14.2,
      15.2,
      14.1,
      7.9,
      21.3,
      8.7,
      20.7,
      19.7,
      21.3,
      36.0,
      51.1,
      30.8,
      15.3,
      30.7,
      21.2,
      15.2,
      46.0,
      8.8,
      42.7,
      40.4
    ],
    [
      18.8,
      18.5,
      17.8,
      18.5,
      18.0,
      17.6,
      17.5,
      17.4,
      20.6,
      0.0,
      11.0,
      16.5,
      17.6,
      17.3,
      16.3,
      19.3,
      32.0,
      18.5,
      24.4,
      17.1,
      16.2,
      28.4,
      17.3,
      16.2,
      17.2,
      27.5,
      1.3,
      17.7,
      25.6,
      14.1,
      25.9,
      16.4,
      27.2,
      1.0,
      32.1,
      0.35,
      34.6,
      35.7,
      16.6,
      52.3,
      32.0,
      20.2,
      31.9,
      0.95,
      19.5,
      26.6,
      22.3,
      25.5,
      41.6
    ],
    [
      20.9,
      20.2,
      19.7,
      20.7,
      19.8,
      19.2,
      20.0,
      22.3,
      29.0,
      11.0,
      0.0,
      19.2,
      20.0,
      19.6,
      19.0,
      17.0,
      29.8,
      20.5,
      26.2,
      19.8,
      19.0,
      37.8,
      19.6,
      18.9,
      19.6,
      18.0,
      9.9,
      20.0,
      34.2,
      15.0,
      30.4,
      19.1,
      34.4,
      9.9,
      38.6,
      10.6,
      39.1,
      40.2,
      7.1,
      50.1,
      29.8,
      18.0,
      29.7,
      10.0,
      23.5,
      17.0,
      36.9,
      26.2,
      39.4
    ],
    [
      1.9,
      1.4,
      0.8,
      1.6,
      1.1,
      0.073,
      0.9,
      1.4,
      14.1,
      16.5,
      19.2,
      0.0,
      0.8,
      1.1,
      0.29,
      2.9,
      16.6,
      2.3,
      7.8,
      0.24,
      0.75,
      35.8,
      1.1,
      0.4,
      0.75,
      37.2,
      18.7,
      1.5,
      20.2,
      4.8,
      9.0,
      0.15,
      20.4,
      18.4,
      20.1,
      17.7,
      22.9,
      24.0,
      26.3,
      36.8,
      16.6,
      2.0,
      16.5,
      18.3,
      5.1,
      36.3,
      19.9,
      42.9,
      26.2
    ],
    [
      0.9,
      0.7,
      0.75,
      1.2,
      0.35,
      0.75,
      0.15,
      0.65,
      16.7,
      17.6,
      20.0,
      0.8,
      0.0,
      0.26,
      0.9,
      3.7,
      17.4,
      2.8,
      6.5,
      0.6,
      1.7,
      35.8,
      0.6,
      1.4,
      0.35,
      38.0,
      18.7,
      0.6,
      20.1,
      6.2,
      7.8,
      0.85,
      20.3,
      18.4,
      20.0,
      17.8,
      20.4,
      21.4,
      27.1,
      37.6,
      17.4,
      2.8,
      17.3,
      18.3,
      3.8,
      37.1,
      20.1,
      43.0,
      27.0
    ],
    [
      0.75,
      0.55,
      0.27,
      1.0,
      0.23,
      0.9,
      0.4,
      0.85,
      14.7,
      17.3,
      19.6,
      1.1,
      0.26,
      0.0,
      1.1,
      3.5,
      17.2,
      2.4,
      5.9,
      0.8,
      1.5,
      36.2,
      0.066,
      1.2,
      0.35,
      37.9,
      19.1,
      0.45,
      21.3,
      6.0,
      7.2,
      1.2,
      21.4,
      18.8,
      21.1,
      18.1,
      17.8,
      18.9,
      27.0,
      37.5,
      17.2,
      2.6,
      17.1,
      18.7,
      3.2,
      36.9,
      20.4,
      43.3,
      26.8
    ],
    [
      1.8,
      1.3,
      0.7,
      1.5,
      1.0,
      0.4,
      1.2,
      1.5,
      14.8,
      16.3,
      19.0,
      0.29,
      0.9,
      1.1,
      0.0,
      2.8,
      16.5,
      2.2,
      6.9,
      0.45,
      0.5,
      34.8,
      0.9,
      0.13,
      0.6,
      37.1,
      17.7,
      1.4,
      21.2,
      4.6,
      8.1,
      0.24,
      21.3,
      17.4,
      21.1,
      16.7,
      23.0,
      24.0,
      26.2,
      36.7,
      16.5,
      1.9,
      16.4,
      17.3,
      4.1,
      36.2,
      19.8,
      41.9,
      26.1
    ],
    [
      4.5,
      3.8,
      3.3,
      4.2,
      3.4,
      2.8,
      3.6,
      3.9,
      15.0,
      19.3,
      17.0,
      2.9,
      3.7,
      3.5,
      2.8,
      0.0,
      15.8,
      4.1,
      9.1,
      3.4,
      2.6,
      37.3,
      3.2,
      2.5,
      3.2,
      35.0,
      20.2,
      3.6,
      21.7,
      3.1,
      15.8,
      2.7,
      24.2,
      19.9,
      23.9,
      19.2,
      24.4,
      25.5,
      24.1,
      36.1,
      15.8,
      1.6,
      15.7,
      19.8,
      6.4,
      34.0,
      21.0,
      44.4,
      25.4
    ],
    [
      15.7,
      16.5,
      15.6,
      15.5,
      17.1,
      16.5,
      17.3,
      21.1,
      30.8,
      32.0,
      29.8,
      16.6,
      17.4,
      17.2,
      16.5,
      15.8,
      0.0,
      12.6,
      22.9,
      14.6,
      15.7,
      48.6,
      13.9,
      15.6,
      13.9,
      46.3,
      31.5,
      14.4,
      34.3,
      14.5,
      27.1,
      15.9,
      35.5,
      31.2,
      35.2,
      30.5,
      35.7,
      36.8,
      35.4,
      23.4,
      NaN,
      14.7,
      0.17,
      31.1,
      20.2,
      45.4,
      33.6,
      55.7,
      14.5
    ],
    [
      1.2,
      2.1,
      1.8,
      1.1,
      2.2,
      2.2,
      2.6,
      2.8,
      18.1,
      18.5,
      20.5,
      2.3,
      2.8,
      2.4,
      2.2,
      4.1,
      12.6,
      0.0,
      7.4,
      2.7,
      3.8,
      32.8,
      2.0,
      2.4,
      2.0,
      38.5,
      25.1,
      2.2,
      21.9,
      6.7,
      8.7,
      2.5,
      22.1,
      24.8,
      21.8,
      19.6,
      19.3,
      20.4,
      27.7,
      34.7,
      14.4,
      3.3,
      14.3,
      20.2,
      4.7,
      39.0,
      21.9,
      49.3,
      24.0
    ],
    [
      6.2,
      5.9,
      6.2,
      6.4,
      5.7,
      7.7,
      6.8,
      5.4,
      17.9,
      24.4,
      26.2,
      7.8,
      6.5,
      5.9,
      6.9,
      9.1,
      22.9,
      7.4,
      0.0,
      6.4,
      8.5,
      33.2,
      6.1,
      6.9,
      6.2,
      44.5,
      22.6,
      6.1,
      22.5,
      10.9,
      5.3,
      6.9,
      22.7,
      22.3,
      22.2,
      21.7,
      16.0,
      17.1,
      33.6,
      45.5,
      25.3,
      8.3,
      25.1,
      22.2,
      3.2,
      43.5,
      23.9,
      46.8,
      31.5
    ],
    [
      2.1,
      1.5,
      0.6,
      1.7,
      0.9,
      0.16,
      0.65,
      0.9,
      14.4,
      17.1,
      19.8,
      0.24,
      0.6,
      0.8,
      0.45,
      3.4,
      14.6,
      2.7,
      6.4,
      0.0,
      0.9,
      35.8,
      0.8,
      0.55,
      0.55,
      37.3,
      18.7,
      1.4,
      20.3,
      5.5,
      8.5,
      0.27,
      20.4,
      18.4,
      20.1,
      17.8,
      20.6,
      21.7,
      26.4,
      36.9,
      16.6,
      2.0,
      16.5,
      18.3,
      4.5,
      36.3,
      19.9,
      43.0,
      26.2
    ],
    [
      2.2,
      1.8,
      1.3,
      2.0,
      1.4,
      0.8,
      1.6,
      2.3,
      14.7,
      16.2,
      19.0,
      0.75,
      1.7,
      1.5,
      0.5,
      2.6,
      15.7,
      3.8,
      8.5,
      0.9,
      0.0,
      34.7,
      1.3,
      0.35,
      1.2,
      36.7,
      17.6,
      1.7,
      21.2,
      4.9,
      8.4,
      0.6,
      21.3,
      17.3,
      21.0,
      16.7,
      19.1,
      20.2,
      25.8,
      37.8,
      17.6,
      1.5,
      17.5,
      17.2,
      4.4,
      35.8,
      19.8,
      41.8,
      27.2
    ],
    [
      32.5,
      32.1,
      35.9,
      36.7,
      36.1,
      35.7,
      35.6,
      35.5,
      18.7,
      28.4,
      37.8,
      35.8,
      35.8,
      36.2,
      34.8,
      37.3,
      48.6,
      32.8,
      33.2,
      35.8,
      34.7,
      0.0,
      36.1,
      35.0,
      32.3,
      55.7,
      28.9,
      32.2,
      11.8,
      32.9,
      30.8,
      35.3,
      10.8,
      28.6,
      13.8,
      28.0,
      35.5,
      37.1,
      44.8,
      71.1,
      50.8,
      39.1,
      50.7,
      28.5,
      30.8,
      54.8,
      11.1,
      35.6,
      60.4
    ],
    [
      0.85,
      0.6,
      0.23,
      1.0,
      0.29,
      0.95,
      0.45,
      1.1,
      14.7,
      17.3,
      19.6,
      1.1,
      0.6,
      0.066,
      0.9,
      3.2,
      13.9,
      2.0,
      6.1,
      0.8,
      1.3,
      36.1,
      0.0,
      1.2,
      0.3,
      37.8,
      19.1,
      0.55,
      21.3,
      6.0,
      7.2,
      1.2,
      21.4,
      18.8,
      21.1,
      18.1,
      17.8,
      18.9,
      27.0,
      37.5,
      17.2,
      2.6,
      17.1,
      18.7,
      3.2,
      36.9,
      20.4,
      43.3,
      26.8
    ],
    [
      1.9,
      1.5,
      0.8,
      1.7,
      1.1,
      0.45,
      1.3,
      1.6,
      14.7,
      16.2,
      18.9,
      0.4,
      1.4,
      1.2,
      0.13,
      2.5,
      15.6,
      2.4,
      6.9,
      0.55,
      0.35,
      35.0,
      1.2,
      0.0,
      0.75,
      36.8,
      17.5,
      1.6,
      21.1,
      4.5,
      8.3,
      0.25,
      21.2,
      17.2,
      20.9,
      16.6,
      22.8,
      23.9,
      25.9,
      36.9,
      16.6,
      1.6,
      16.5,
      17.2,
      4.3,
      35.9,
      19.7,
      41.8,
      26.2
    ],
    [
      1.0,
      0.75,
      0.085,
      1.0,
      0.45,
      0.65,
      0.5,
      0.95,
      16.7,
      17.2,
      19.6,
      0.75,
      0.35,
      0.35,
      0.6,
      3.2,
      13.9,
      2.0,
      6.2,
      0.55,
      1.2,
      32.3,
      0.3,
      0.75,
      0.0,
      37.4,
      19.2,
      0.7,
      20.7,
      5.6,
      7.8,
      0.75,
      20.9,
      17.9,
      20.6,
      17.3,
      18.4,
      19.5,
      26.5,
      37.0,
      16.7,
      2.1,
      16.6,
      17.8,
      3.8,
      36.4,
      20.4,
      42.6,
      26.3
    ],
    [
      38.8,
      38.1,
      37.6,
      38.6,
      37.8,
      37.2,
      38.0,
      40.3,
      46.9,
      27.5,
      18.0,
      37.2,
      38.0,
      37.9,
      37.1,
      35.0,
      46.3,
      38.5,
      44.5,
      37.3,
      36.7,
      55.7,
      37.8,
      36.8,
      37.4,
      0.0,
      26.7,
      38.0,
      52.2,
      32.9,
      48.4,
      37.1,
      52.3,
      26.5,
      56.5,
      27.2,
      57.0,
      58.1,
      11.3,
      68.0,
      47.8,
      35.9,
      47.6,
      26.6,
      41.5,
      3.7,
      49.6,
      20.6,
      57.3
    ],
    [
      19.9,
      19.6,
      18.8,
      19.6,
      19.0,
      18.6,
      18.5,
      18.4,
      21.6,
      1.3,
      9.9,
      18.7,
      18.7,
      19.1,
      17.7,
      20.2,
      31.5,
      25.1,
      22.6,
      18.7,
      17.6,
      28.9,
      19.1,
      17.5,
      19.2,
      26.7,
      0.0,
      18.7,
      26.6,
      15.1,
      26.9,
      17.4,
      28.2,
      0.27,
      33.1,
      0.9,
      35.6,
      36.7,
      15.8,
      53.3,
      33.0,
      21.2,
      32.9,
      0.35,
      23.4,
      25.8,
      23.3,
      24.7,
      42.6
    ],
    [
      0.3,
      0.08,
      0.75,
      0.6,
      0.25,
      1.5,
      0.7,
      0.95,
      16.6,
      17.7,
      20.0,
      1.5,
      0.6,
      0.45,
      1.4,
      3.6,
      14.4,
      2.2,
      6.1,
      1.4,
      1.7,
      32.2,
      0.55,
      1.6,
      0.7,
      38.0,
      18.7,
      0.0,
      21.2,
      6.2,
      7.1,
      1.3,
      21.3,
      19.2,
      21.0,
      18.5,
      17.7,
      18.8,
      27.1,
      36.8,
      16.6,
      2.7,
      16.4,
      19.1,
      3.1,
      37.0,
      20.8,
      43.7,
      26.1
    ],
    [
      21.6,
      21.2,
      20.2,
      21.0,
      21.0,
      20.2,
      19.9,
      19.5,
      7.8,
      25.6,
      34.2,
      20.2,
      20.1,
      21.3,
      21.2,
      21.7,
      34.3,
      21.9,
      22.5,
      20.3,
      21.2,
      11.8,
      21.3,
      21.1,
      20.7,
      52.2,
      26.6,
      21.2,
      0.0,
      19.5,
      19.9,
      20.3,
      1.0,
      25.1,
      5.7,
      24.4,
      27.7,
      29.3,
      41.3,
      56.4,
      36.1,
      21.5,
      36.0,
      25.0,
      19.9,
      51.2,
      5.1,
      46.8,
      47.3
    ],
    [
      7.0,
      6.3,
      5.8,
      6.8,
      5.9,
      4.9,
      6.1,
      6.7,
      14.2,
      14.1,
      15.0,
      4.8,
      6.2,
      6.0,
      4.6,
      3.1,
      14.5,
      6.7,
      10.9,
      5.5,
      4.9,
      32.9,
      6.0,
      4.5,
      5.6,
      32.9,
      15.1,
      6.2,
      19.5,
      0.0,
      16.6,
      4.7,
      19.7,
      15.2,
      21.9,
      14.5,
      25.2,
      26.3,
      22.0,
      36.2,
      16.0,
      4.1,
      15.8,
      15.1,
      9.6,
      32.0,
      18.9,
      39.7,
      25.5
    ],
    [
      7.5,
      7.1,
      7.4,
      7.7,
      6.9,
      9.0,
      8.0,
      6.6,
      15.2,
      25.9,
      30.4,
      9.0,
      7.8,
      7.2,
      8.1,
      15.8,
      27.1,
      8.7,
      5.3,
      8.5,
      8.4,
      30.8,
      7.2,
      8.3,
      7.8,
      48.4,
      26.9,
      7.1,
      19.9,
      16.6,
      0.0,
      8.0,
      20.0,
      23.4,
      19.8,
      22.7,
      12.2,
      13.2,
      37.6,
      49.6,
      29.3,
      9.4,
      29.2,
      23.3,
      4.3,
      47.6,
      24.1,
      48.1,
      32.6
    ],
    [
      1.9,
      1.5,
      0.85,
      1.7,
      1.1,
      0.21,
      0.9,
      1.4,
      14.1,
      16.4,
      19.1,
      0.15,
      0.85,
      1.2,
      0.24,
      2.7,
      15.9,
      2.5,
      6.9,
      0.27,
      0.6,
      35.3,
      1.2,
      0.25,
      0.75,
      37.1,
      17.4,
      1.3,
      20.3,
      4.7,
      8.0,
      0.0,
      20.4,
      18.5,
      20.2,
      17.8,
      23.0,
      24.1,
      26.2,
      37.0,
      16.7,
      1.9,
      16.6,
      18.4,
      5.1,
      36.2,
      20.0,
      43.0,
      26.3
    ],
    [
      21.7,
      21.4,
      20.4,
      21.1,
      21.2,
      20.3,
      20.1,
      19.6,
      7.9,
      27.2,
      34.4,
      20.4,
      20.3,
      21.4,
      21.3,
      24.2,
      35.5,
      22.1,
      22.7,
      20.4,
      21.3,
      10.8,
      21.4,
      21.2,
      20.9,
      52.3,
      28.2,
      21.3,
      1.0,
      19.7,
      20.0,
      20.4,
      0.0,
      25.2,
      4.6,
      24.6,
      26.7,
      28.3,
      41.4,
      56.5,
      36.3,
      21.6,
      36.1,
      25.1,
      20.0,
      51.4,
      4.1,
      45.7,
      45.8
    ],
    [
      19.6,
      19.1,
      18.5,
      19.3,
      18.7,
      18.3,
      18.2,
      18.1,
      21.3,
      1.0,
      9.9,
      18.4,
      18.4,
      18.8,
      17.4,
      19.9,
      31.2,
      24.8,
      22.3,
      18.4,
      17.3,
      28.6,
      18.8,
      17.2,
      17.9,
      26.5,
      0.27,
      19.2,
      25.1,
      15.2,
      23.4,
      18.5,
      25.2,
      0.0,
      32.9,
      0.65,
      35.3,
      36.4,
      15.6,
      53.0,
      32.7,
      21.0,
      32.6,
      0.082,
      23.1,
      25.6,
      23.0,
      24.5,
      42.3
    ],
    [
      21.4,
      21.1,
      20.1,
      20.8,
      20.9,
      20.0,
      19.8,
      19.3,
      8.7,
      32.1,
      38.6,
      20.1,
      20.0,
      21.1,
      21.1,
      23.9,
      35.2,
      21.8,
      22.2,
      20.1,
      21.0,
      13.8,
      21.1,
      20.9,
      20.6,
      56.5,
      33.1,
      21.0,
      5.7,
      21.9,
      19.8,
      20.2,
      4.6,
      32.9,
      0.0,
      27.1,
      23.8,
      25.4,
      47.1,
      59.1,
      38.8,
      21.4,
      38.7,
      27.6,
      19.7,
      57.1,
      7.1,
      48.7,
      48.4
    ],
    [
      18.9,
      18.6,
      17.9,
      18.6,
      18.0,
      17.7,
      17.6,
      17.5,
      20.7,
      0.35,
      10.6,
      17.7,
      17.8,
      18.1,
      16.7,
      19.2,
      30.5,
      19.6,
      21.7,
      17.8,
      16.7,
      28.0,
      18.1,
      16.6,
      17.3,
      27.2,
      0.9,
      18.5,
      24.4,
      14.5,
      22.7,
      17.8,
      24.6,
      0.65,
      27.1,
      0.0,
      34.7,
      35.8,
      16.3,
      52.3,
      32.1,
      20.3,
      32.0,
      0.55,
      22.5,
      26.2,
      22.4,
      25.2,
      41.7
    ],
    [
      18.1,
      17.8,
      18.1,
      18.3,
      17.6,
      22.9,
      20.2,
      17.3,
      19.7,
      34.6,
      39.1,
      22.9,
      20.4,
      17.8,
      23.0,
      24.4,
      35.7,
      19.3,
      16.0,
      20.6,
      19.1,
      35.5,
      17.8,
      22.8,
      18.4,
      57.0,
      35.6,
      17.7,
      27.7,
      25.2,
      12.2,
      23.0,
      26.7,
      35.3,
      23.8,
      34.7,
      0.0,
      2.5,
      46.2,
      58.2,
      37.9,
      20.1,
      37.8,
      35.1,
      15.0,
      56.2,
      29.1,
      59.7,
      47.5
    ],
    [
      19.2,
      18.9,
      19.2,
      19.4,
      18.7,
      23.9,
      21.3,
      18.3,
      21.3,
      35.7,
      40.2,
      24.0,
      21.4,
      18.9,
      24.0,
      25.5,
      36.8,
      20.4,
      17.1,
      21.7,
      20.2,
      37.1,
      18.9,
      23.9,
      19.5,
      58.1,
      36.7,
      18.8,
      29.3,
      26.3,
      13.2,
      24.1,
      28.3,
      36.4,
      25.4,
      35.8,
      2.5,
      0.0,
      47.3,
      59.3,
      39.0,
      21.2,
      38.9,
      36.1,
      16.1,
      57.3,
      30.7,
      60.8,
      48.6
    ],
    [
      27.9,
      27.2,
      26.7,
      27.7,
      26.9,
      26.3,
      27.1,
      29.4,
      36.0,
      16.6,
      7.1,
      26.3,
      27.1,
      27.0,
      26.2,
      24.1,
      35.4,
      27.7,
      33.6,
      26.4,
      25.8,
      44.8,
      27.0,
      25.9,
      26.5,
      11.3,
      15.8,
      27.1,
      41.3,
      22.0,
      37.6,
      26.2,
      41.4,
      15.6,
      47.1,
      16.3,
      46.2,
      47.3,
      0.0,
      57.1,
      36.9,
      25.0,
      36.7,
      15.7,
      30.6,
      10.3,
      44.0,
      23.9,
      46.4
    ],
    [
      35.9,
      36.7,
      35.9,
      35.8,
      37.4,
      36.8,
      37.6,
      41.3,
      51.1,
      52.3,
      50.1,
      36.8,
      37.6,
      37.5,
      36.7,
      36.1,
      23.4,
      34.7,
      45.5,
      36.9,
      37.8,
      71.1,
      37.5,
      36.9,
      37.0,
      68.0,
      53.3,
      36.8,
      56.4,
      36.2,
      49.6,
      37.0,
      56.5,
      53.0,
      59.1,
      52.3,
      58.2,
      59.3,
      57.1,
      0.0,
      23.4,
      36.8,
      23.3,
      53.2,
      42.3,
      67.5,
      55.8,
      77.8,
      17.6
    ],
    [
      15.7,
      16.5,
      15.6,
      15.5,
      17.1,
      16.5,
      17.3,
      21.1,
      30.8,
      32.0,
      29.8,
      16.6,
      17.4,
      17.2,
      16.5,
      15.8,
      NaN,
      14.4,
      25.3,
      16.6,
      17.6,
      50.8,
      17.2,
      16.6,
      16.7,
      47.8,
      33.0,
      16.6,
      36.1,
      16.0,
      29.3,
      16.7,
      36.3,
      32.7,
      38.8,
      32.1,
      37.9,
      39.0,
      36.9,
      23.4,
      0.0,
      14.7,
      0.13,
      31.1,
      20.2,
      45.4,
      33.6,
      55.7,
      15.6
    ],
    [
      3.6,
      2.9,
      2.4,
      3.4,
      2.5,
      1.9,
      2.7,
      3.0,
      15.3,
      20.2,
      18.0,
      2.0,
      2.8,
      2.6,
      1.9,
      1.6,
      14.7,
      3.3,
      8.3,
      2.0,
      1.5,
      39.1,
      2.6,
      1.6,
      2.1,
      35.9,
      21.2,
      2.7,
      21.5,
      4.1,
      9.4,
      1.9,
      21.6,
      21.0,
      21.4,
      20.3,
      20.1,
      21.2,
      25.0,
      36.8,
      14.7,
      0.0,
      16.7,
      20.8,
      5.4,
      35.0,
      21.3,
      45.4,
      26.4
    ],
    [
      15.5,
      16.4,
      15.5,
      15.4,
      17.0,
      16.4,
      17.2,
      21.0,
      30.7,
      31.9,
      29.7,
      16.5,
      17.3,
      17.1,
      16.4,
      15.7,
      0.17,
      14.3,
      25.1,
      16.5,
      17.5,
      50.7,
      17.1,
      16.5,
      16.6,
      47.6,
      32.9,
      16.4,
      36.0,
      15.8,
      29.2,
      16.6,
      36.1,
      32.6,
      38.7,
      32.0,
      37.8,
      38.9,
      36.7,
      23.3,
      0.13,
      16.7,
      0.0,
      31.0,
      20.0,
      45.2,
      33.5,
      55.6,
      15.7
    ],
    [
      19.5,
      19.2,
      18.5,
      19.2,
      18.6,
      18.3,
      18.2,
      18.0,
      21.2,
      0.95,
      10.0,
      18.3,
      18.3,
      18.7,
      17.3,
      19.8,
      31.1,
      20.2,
      22.2,
      18.3,
      17.2,
      28.5,
      18.7,
      17.2,
      17.8,
      26.6,
      0.35,
      19.1,
      25.0,
      15.1,
      23.3,
      18.4,
      25.1,
      0.082,
      27.6,
      0.55,
      35.1,
      36.1,
      15.7,
      53.2,
      31.1,
      20.8,
      31.0,
      0.0,
      23.1,
      25.7,
      23.0,
      24.6,
      42.2
    ],
    [
      3.5,
      3.1,
      3.4,
      3.7,
      2.9,
      5.0,
      4.0,
      2.6,
      15.2,
      19.5,
      23.5,
      5.1,
      3.8,
      3.2,
      4.1,
      6.4,
      20.2,
      4.7,
      3.2,
      4.5,
      4.4,
      30.8,
      3.2,
      4.3,
      3.8,
      41.5,
      23.4,
      3.1,
      19.9,
      9.6,
      4.3,
      5.1,
      20.0,
      23.1,
      19.7,
      22.5,
      15.0,
      16.1,
      30.6,
      42.3,
      20.2,
      5.4,
      20.0,
      23.1,
      0.0,
      40.7,
      21.1,
      44.0,
      32.0
    ],
    [
      37.9,
      37.2,
      36.7,
      37.7,
      36.8,
      36.2,
      37.0,
      39.3,
      46.0,
      26.6,
      17.0,
      36.3,
      37.1,
      36.9,
      36.2,
      34.0,
      45.4,
      39.0,
      43.5,
      36.3,
      35.8,
      54.8,
      36.9,
      35.9,
      36.4,
      3.7,
      25.8,
      37.0,
      51.2,
      32.0,
      47.6,
      36.2,
      51.4,
      25.6,
      57.1,
      26.2,
      56.2,
      57.3,
      10.3,
      67.5,
      45.4,
      35.0,
      45.2,
      25.7,
      40.7,
      0.0,
      53.9,
      18.2,
      56.4
    ],
    [
      21.2,
      20.9,
      20.2,
      20.9,
      20.3,
      19.8,
      19.9,
      19.8,
      8.8,
      22.3,
      36.9,
      19.9,
      20.1,
      20.4,
      19.8,
      21.0,
      33.6,
      21.9,
      23.9,
      19.9,
      19.8,
      11.1,
      20.4,
      19.7,
      20.4,
      49.6,
      23.3,
      20.8,
      5.1,
      18.9,
      24.1,
      20.0,
      4.1,
      23.0,
      7.1,
      22.4,
      29.1,
      30.7,
      44.0,
      55.8,
      33.6,
      21.3,
      33.5,
      23.0,
      21.1,
      53.9,
      0.0,
      40.8,
      45.0
    ],
    [
      44.1,
      43.8,
      43.1,
      43.8,
      43.2,
      42.9,
      42.8,
      42.6,
      42.7,
      25.5,
      26.2,
      42.9,
      43.0,
      43.3,
      41.9,
      44.4,
      55.7,
      49.3,
      46.8,
      43.0,
      41.8,
      35.6,
      43.3,
      41.8,
      42.6,
      20.6,
      24.7,
      43.7,
      46.8,
      39.7,
      48.1,
      43.0,
      45.7,
      24.5,
      48.7,
      25.2,
      59.7,
      60.8,
      23.9,
      77.8,
      55.7,
      45.4,
      55.6,
      24.6,
      44.0,
      18.2,
      40.8,
      0.0,
      66.8
    ],
    [
      25.2,
      26.1,
      25.2,
      25.1,
      26.7,
      26.1,
      26.9,
      30.7,
      40.4,
      41.6,
      39.4,
      26.2,
      27.0,
      26.8,
      26.1,
      25.4,
      14.5,
      24.0,
      31.5,
      26.2,
      27.2,
      60.4,
      26.8,
      26.2,
      26.3,
      57.3,
      42.6,
      26.1,
      47.3,
      25.5,
      32.6,
      26.3,
      45.8,
      42.3,
      48.4,
      41.7,
      47.5,
      48.6,
      46.4,
      17.6,
      15.6,
      26.4,
      15.7,
      42.2,
      32.0,
      56.4,
      45.0,
      66.8,
      0.0
    ]
  ],
  "drive_time_matrix": [
    [
      0.0,
      3.0,
      13.0,
      5.0,
      7.0,
      4.0,
      12.0,
      3.0,
      18.0,
      17.0,
      22.0,
      5.0,
      11.0,
      9.0,
      4.0,
      8.0,
      15.0,
      2.0,
      10.0,
      5.0,
      5.0,
      32.0,
      10.0,
      4.0,
      12.0,
      36.0,
      20.0,
      4.0,
      22.0,
      10.0,
      10.0,
      5.0,
      22.0,
      18.0,
      24.0,
      17.0,
      20.0,
      23.0,
      28.0,
      28.0,
      15.0,
      7.0,
      15.0,
      18.0,
      5.0,
      35.0,
      24.0,
      39.0,
      27.0
    ],
    [
      3.0,
      0.0,
      11.0,
      7.0,
      4.0,
      4.0,
      10.0,
      11.0,
      18.0,
      18.0,
      22.0,
      4.0,
      9.0,
      7.0,
      4.0,
      8.0,
      18.0,
      4.0,
      11.0,
      5.0,
      5.0,
      33.0,
      8.0,
      4.0,
      10.0,
      35.0,
      20.0,
      1.0,
      23.0,
      10.0,
      10.0,
      4.0,
      22.0,
      18.0,
      25.0,
      18.0,
      21.0,
      24.0,
      28.0,
      32.0,
      17.0,
      7.0,
      17.0,
      19.0,
      6.0,
      35.0,
      24.0,
      39.0,
      29.0
    ],
    [
      13.0,
      11.0,
      0.0,
      11.0,
      7.0,
      10.0,
      7.0,
      13.0,
      17.0,
      16.0,
      21.0,
      11.0,
      3.0,
      3.0,
      9.0,
      6.0,
      15.0,
      3.0,
      11.0,
      8.0,
      3.0,
      30.0,
      3.0,
      10.0,
      1.0,
      34.0,
      18.0,
      10.0,
      21.0,
      9.0,
      10.0,
      11.0,
      20.0,
      16.0,
      23.0,
      16.0,
      20.0,
      24.0,
      26.0,
      29.0,
      15.0,
      5.0,
      15.0,
      16.0,
      6.0,
      34.0,
      22.0,
      37.0,
      27.0
    ],
    [
      5.0,
      7.0,
      11.0,
      0.0,
      11.0,
      4.0,
      3.0,
      4.0,
      18.0,
      17.0,
      22.0,
      4.0,
      15.0,
      13.0,
      4.0,
      7.0,
      15.0,
      2.0,
      10.0,
      5.0,
      5.0,
      32.0,
      12.0,
      4.0,
      12.0,
      35.0,
      19.0,
      8.0,
      23.0,
      10.0,
      10.0,
      4.0,
      22.0,
      18.0,
      25.0,
      17.0,
      20.0,
      24.0,
      27.0,
      29.0,
      15.0,
      6.0,
      15.0,
      18.0,
      6.0,
      35.0,
      23.0,
      39.0,
      27.0
    ],
    [
      7.0,
      4.0,
      7.0,
      11.0,
      0.0,
      3.0,
      6.0,
      10.0,
      17.0,
      16.0,
      21.0,
      3.0,
      5.0,
      3.0,
      2.0,
      6.0,
      17.0,
      4.0,
      9.0,
      12.0,
      3.0,
      31.0,
      4.0,
      3.0,
      6.0,
      34.0,
      19.0,
      3.0,
      21.0,
      9.0,
      9.0,
      3.0,
      21.0,
      17.0,
      23.0,
      16.0,
      20.0,
      23.0,
      26.0,
      31.0,
      17.0,
      6.0,
      17.0,
      17.0,
      5.0,
      34.0,
      22.0,
      37.0,
      29.0
    ],
    [
      4.0,
      4.0,
      10.0,
      4.0,
      3.0,
      0.0,
      10.0,
      3.0,
      15.0,
      15.0,
      20.0,
      1.0,
      9.0,
      11.0,
      5.0,
      5.0,
      16.0,
      5.0,
      12.0,
      2.0,
      10.0,
      29.0,
      12.0,
      6.0,
      8.0,
      34.0,
      17.0,
      4.0,
      21.0,
      7.0,
      12.0,
      3.0,
      20.0,
      17.0,
      23.0,
      15.0,
      22.0,
      25.0,
      25.0,
      30.0,
      16.0,
      5.0,
      16.0,
      16.0,
      8.0,
      33.0,
      21.0,
      37.0,
      28.0
    ],
    [
      12.0,
      10.0,
      7.0,
      3.0,
      6.0,
      10.0,
      0.0,
      6.0,
      17.0,
      16.0,
      21.0,
      12.0,
      2.0,
      5.0,
      3.0,
      7.0,
      18.0,
      5.0,
      12.0,
      9.0,
      4.0,
      30.0,
      6.0,
      4.0,
      6.0,
      35.0,
      18.0,
      9.0,
      21.0,
      9.0,
      11.0,
      12.0,
      20.0,
      17.0,
      23.0,
      15.0,
      21.0,
      24.0,
      27.0,
      32.0,
      18.0,
      6.0,
      18.0,
      16.0,
      7.0,
      35.0,
      22.0,
      37.0,
      30.0
    ],
    [
      3.0,
      11.0,
      13.0,
      4.0,
      10.0,
      3.0,
      6.0,
      0.0,
      15.0,
      15.0,
      21.0,
      4.0,
      8.0,
      10.0,
      4.0,
      7.0,
      19.0,
      5.0,
      9.0,
      12.0,
      5.0,
      29.0,
      4.0,
      4.0,
      12.0,
      35.0,
      17.0,
      3.0,
      20.0,
      10.0,
      8.0,
      5.0,
      19.0,
      16.0,
      22.0,
      14.0,
      19.0,
      22.0,
      27.0,
      33.0,
      19.0,
      7.0,
      19.0,
      15.0,
      4.0,
      34.0,
      21.0,
      37.0,
      30.0
    ],
    [
      18.0,
      18.0,
      17.0,
      18.0,
      17.0,
      15.0,
      17.0,
      15.0,
      0.0,
      21.0,
      29.0,
      16.0,
      18.0,
      17.0,
      16.0,
      19.0,
      27.0,
      19.0,
      20.0,
      17.0,
      17.0,
      19.0,
      17.0,
      16.0,
      18.0,
      43.0,
      23.0,
      18.0,
      8.0,
      16.0,
      16.0,
      16.0,
      8.0,
      22.0,
      11.0,
      21.0,
      22.0,
      25.0,
      35.0,
      39.0,
      27.0,
      18.0,
      27.0,
      22.0,
      16.0,
      42.0,
      9.0,
      41.0,
      38.0
    ],
    [
      17.0,
      18.0,
      16.0,
      17.0,
      16.0,
      15.0,
      16.0,
      15.0,
      21.0,
      0.0,
      16.0,
      15.0,
      19.0,
      17.0,
      14.0,
      15.0,
      23.0,
      18.0,
      23.0,
      17.0,
      15.0,
      24.0,
      17.0,
      14.0,
      17.0,
      27.0,
      16.0,
      18.0,
      27.0,
      12.0,
      18.0,
      15.0,
      26.0,
      2.0,
      31.0,
      4.0,
      26.0,
      30.0,
      20.0,
      35.0,
      23.0,
      17.0,
      23.0,
      2.0,
      18.0,
      27.0,
      22.0,
      24.0,
      35.0
    ],
    [
      22.0,
      22.0,
      21.0,
      22.0,
      21.0,
      20.0,
      21.0,
      21.0,
      29.0,
      16.0,
      0.0,
      20.0,
      22.0,
      20.0,
      20.0,
      17.0,
      25.0,
      21.0,
      27.0,
      21.0,
      20.0,
      33.0,
      20.0,
      19.0,
      20.0,
      14.0,
      13.0,
      21.0,
      36.0,
      14.0,
      25.0,
      20.0,
      35.0,
      13.0,
      36.0,
      14.0,
      33.0,
      36.0,
      6.0,
      37.0,
      25.0,
      18.0,
      25.0,
      13.0,
      23.0,
      14.0,
      32.0,
      25.0,
      36.0
    ],
    [
      5.0,
      4.0,
      11.0,
      4.0,
      3.0,
      1.0,
      12.0,
      4.0,
      16.0,
      15.0,
      20.0,
      0.0,
      10.0,
      3.0,
      1.0,
      5.0,
      16.0,
      5.0,
      12.0,
      3.0,
      9.0,
      30.0,
      3.0,
      5.0,
      9.0,
      33.0,
      17.0,
      4.0,
      21.0,
      7.0,
      12.0,
      2.0,
      20.0,
      16.0,
      23.0,
      15.0,
      22.0,
      25.0,
      25.0,
      28.0,
      17.0,
      5.0,
      16.0,
      16.0,
      8.0,
      33.0,
      21.0,
      37.0,
      28.0
    ],
    [
      11.0,
      9.0,
      3.0,
      15.0,
      5.0,
      9.0,
      2.0,
      8.0,
      18.0,
      19.0,
      22.0,
      10.0,
      0.0,
      3.0,
      11.0,
      7.0,
      19.0,
      5.0,
      12.0,
      8.0,
      4.0,
      31.0,
      3.0,
      4.0,
      5.0,
      35.0,
      18.0,
      8.0,
      22.0,
      10.0,
      11.0,
      11.0,
      21.0,
      17.0,
      24.0,
      16.0,
      21.0,
      24.0,
      27.0,
      31.0,
      18.0,
      6.0,
      18.0,
      17.0,
      7.0,
      35.0,
      22.0,
      37.0,
      30.0
    ],
    [
      9.0,
      7.0,
      3.0,
      13.0,
      3.0,
      11.0,
      5.0,
      10.0,
      17.0,
      17.0,
      20.0,
      3.0,
      3.0,
      0.0,
      2.0,
      6.0,
      18.0,
      4.0,
      10.0,
      11.0,
      3.0,
      31.0,
      1.0,
      3.0,
      4.0,
      34.0,
      18.0,
      6.0,
      22.0,
      9.0,
      9.0,
      3.0,
      21.0,
      17.0,
      24.0,
      16.0,
      19.0,
      22.0,
      27.0,
      30.0,
      18.0,
      5.0,
      17.0,
      17.0,
      5.0,
      34.0,
      22.0,
      38.0,
      29.0
    ],
    [
      4.0,
      4.0,
      9.0,
      4.0,
      2.0,
      5.0,
      3.0,
      4.0,
      16.0,
      14.0,
      20.0,
      1.0,
      11.0,
      2.0,
      0.0,
      4.0,
      15.0,
      4.0,
      12.0,
      6.0,
      1.0,
      29.0,
      11.0,
      2.0,
      7.0,
      32.0,
      17.0,
      3.0,
      22.0,
      6.0,
      11.0,
      3.0,
      21.0,
      15.0,
      23.0,
      14.0,
      21.0,
      24.0,
      24.0,
      28.0,
      16.0,
      4.0,
      15.0,
      15.0,
      7.0,
      32.0,
      21.0,
      36.0,
      27.0
    ],
    [
      8.0,
      8.0,
      6.0,
      7.0,
      6.0,
      5.0,
      7.0,
      7.0,
      19.0,
      15.0,
      17.0,
      5.0,
      7.0,
      6.0,
      4.0,
      0.0,
      14.0,
      7.0,
      15.0,
      7.0,
      6.0,
      30.0,
      6.0,
      5.0,
      6.0,
      30.0,
      17.0,
      7.0,
      25.0,
      5.0,
      13.0,
      6.0,
      23.0,
      16.0,
      25.0,
      15.0,
      21.0,
      24.0,
      22.0,
      26.0,
      14.0,
      4.0,
      14.0,
      16.0,
      11.0,
      30.0,
      23.0,
      36.0,
      26.0
    ],
    [
      15.0,
      18.0,
      15.0,
      15.0,
      17.0,
      16.0,
      18.0,
      19.0,
      27.0,
      23.0,
      25.0,
      16.0,
      19.0,
      18.0,
      15.0,
      14.0,
      0.0,
      12.0,
      23.0,
      17.0,
      16.0,
      37.0,
      14.0,
      15.0,
      15.0,
      38.0,
      24.0,
      15.0,
      32.0,
      13.0,
      21.0,
      16.0,
      30.0,
      23.0,
      33.0,
      22.0,
      29.0,
      32.0,
      30.0,
      18.0,
      NaN,
      14.0,
      2.0,
      23.0,
      18.0,
      37.0,
      29.0,
      44.0,
      18.0
    ],
    [
      2.0,
      4.0,
      3.0,
      2.0,
      4.0,
      5.0,
      5.0,
      5.0,
      19.0,
      18.0,
      21.0,
      5.0,
      5.0,
      4.0,
      4.0,
      7.0,
      12.0,
      0.0,
      12.0,
      6.0,
      7.0,
      34.0,
      3.0,
      4.0,
      4.0,
      34.0,
      21.0,
      4.0,
      24.0,
      9.0,
      11.0,
      5.0,
      23.0,
      20.0,
      26.0,
      18.0,
      22.0,
      25.0,
      26.0,
      26.0,
      14.0,
      6.0,
      13.0,
      19.0,
      7.0,
      34.0,
      24.0,
      40.0,
      25.0
    ],
    [
      10.0,
      11.0,
      11.0,
      10.0,
      9.0,
      12.0,
      12.0,
      9.0,
      20.0,
      23.0,
      27.0,
      12.0,
      12.0,
      10.0,
      12.0,
      15.0,
      23.0,
      12.0,
      0.0,
      13.0,
      14.0,
      35.0,
      10.0,
      12.0,
      10.0,
      41.0,
      22.0,
      10.0,
      25.0,
      16.0,
      9.0,
      12.0,
      24.0,
      21.0,
      27.0,
      21.0,
      19.0,
      22.0,
      33.0,
      37.0,
      25.0,
      15.0,
      25.0,
      21.0,
      7.0,
      41.0,
      26.0,
      42.0,
      36.0
    ],
    [
      5.0,
      5.0,
