{
  "drive_dist_matrix": [
    [
      0.0,
      0.45,
      1.5,
      0.11,
      0.4,
      0.6,
      0.8,
      2.7,
      1.0,
      2.0,
      0.75,
      0.5,
      4.4,
      0.6,
      2.8,
      0.55,
      4.7,
      4.0,
      0.5,
      0.85
    ],
    [
      0.45,
      0.0,
      0.6,
      0.55,
      0.7,
      0.65,
      0.9,
      3.2,
      1.1,
      2.5,
      0.3,
      0.24,
      3.2,
      0.7,
      3.3,
      0.65,
      5.2,
      4.6,
      0.6,
      0.95
    ],
    [
      1.5,
      0.6,
      0.0,
      0.4,
      0.11,
      0.07,
      0.3,
      1.3,
      1.4,
      1.8,
      0.75,
      0.4,
      3.8,
      0.4,
      1.5,
      0.048,
      2.8,
      2.5,
      0.26,
      0.35
    ],
    [
      0.11,
      0.55,
      0.4,
      0.0,
      0.3,
      0.5,
      0.7,
      4.0,
      0.9,
      3.3,
      0.85,
      0.6,
      4.0,
      0.7,
      4.1,
      0.45,
      6.0,
      5.3,
      0.6,
      0.75
    ],
    [
      0.4,
      0.7,
      0.11,
      0.3,
      0.0,
      0.18,
      0.4,
      1.4,
      1.5,
      1.9,
      0.85,
      0.45,
      3.9,
      0.45,
      1.6,
      0.15,
      2.9,
      2.6,
      0.3,
      0.45
    ],
    [
      0.6,
      0.65,
      0.07,
      0.5,
      0.18,
      0.0,
      0.23,
      1.2,
      0.4,
      1.7,
      0.8,
      0.45,
      4.5,
      0.45,
      1.3,
      0.022,
      2.7,
      2.4,
      0.3,
      0.27
    ],
    [
      0.8,
      0.9,
      0.3,
      0.7,
      0.4,
      0.23,
      0.0,
      2.5,
      0.45,
      3.0,
      1.0,
      0.65,
      5.7,
      0.65,
      2.7,
      0.25,
      2.5,
      2.1,
      0.55,
      0.3
    ],
    [
      2.7,
      3.2,
      1.3,
      4.0,
      1.4,
      1.2,
      2.5,
      0.0,
      0.9,
      1.6,
      3.2,
      2.3,
      6.5,
      2.3,
      0.15,
      2.0,
      0.55,
      4.4,
      2.2,
      0.9
    ],
    [
      1.0,
      1.1,
      1.4,
      0.9,
      1.5,
      0.4,
      0.45,
      0.9,
      0.0,
      2.2,
      2.6,
      0.85,
      5.1,
      0.85,
      1.1,
      0.45,
      1.3,
      3.2,
      0.7,
      0.14
    ],
    [
      2.0,
      2.5,
      1.8,
      3.3,
      1.9,
      1.7,
      3.0,
      1.6,
      2.2,
      0.0,
      2.8,
      1.8,
      5.2,
      1.9,
      1.3,
      1.5,
      1.0,
      4.4,
      1.8,
      2.4
    ],
    [
      0.75,
      0.3,
      0.75,
      0.85,
      0.85,
      0.8,
      1.0,
      3.2,
      2.6,
      2.8,
      0.0,
      0.4,
      3.5,
      1.0,
      3.6,
      0.8,
      5.5,
      4.9,
      0.85,
      4.2
    ],
    [
      0.5,
      0.24,
      0.4,
      0.6,
      0.45,
      0.45,
      0.65,
      2.3,
      0.85,
      1.8,
      0.4,
      0.0,
      3.4,
      0.6,
      3.5,
      0.4,
      5.4,
      4.8,
      0.45,
      0.7
    ],
    [
      4.4,
      3.2,
      3.8,
      4.0,
      3.9,
      4.5,
      5.7,
      6.5,
      5.1,
      5.2,
      3.5,
      3.4,
      0.0,
      4.4,
      5.3,
      4.0,
      6.9,
      6.3,
      4.2,
      5.9
    ],
    [
      0.6,
      0.7,
      0.4,
      0.7,
      0.45,
      0.45,
      0.65,
      2.3,
      0.85,
      1.9,
      1.0,
      0.6,
      4.4,
      0.0,
      4.1,
      0.4,
      6.0,
      5.4,
      0.12,
      0.7
    ],
    [
      2.8,
      3.3,
      1.5,
      4.1,
      1.6,
      1.3,
      2.7,
      0.15,
      1.1,
      1.3,
      3.6,
      3.5,
      5.3,
      4.1,
      0.0,
      1.8,
      0.7,
      4.2,
      2.1,
      1.0
    ],
    [
      0.55,
      0.65,
      0.048,
      0.45,
      0.15,
      0.022,
      0.25,
      2.0,
      0.45,
      1.5,
      0.8,
      0.4,
      4.0,
      0.4,
      1.8,
      0.0,
      2.7,
      2.4,
      0.28,
      0.29
    ],
    [
      4.7,
      5.2,
      2.8,
      6.0,
      2.9,
      2.7,
      2.5,
      0.55,
      1.3,
      1.0,
      5.5,
      5.4,
      6.9,
      6.0,
      0.7,
      2.7,
      0.0,
      3.2,
      3.0,
      1.2
    ],
    [
      4.0,
      4.6,
      2.5,
      5.3,
      2.6,
      2.4,
      2.1,
      4.4,
      3.2,
      4.4,
      4.9,
      4.8,
      6.3,
      5.4,
      4.2,
      2.4,
      3.2,
      0.0,
      4.2,
      3.4
    ],
    [
      0.5,
      0.6,
      0.26,
      0.6,
      0.3,
      0.3,
      0.55,
      2.2,
      0.7,
      1.8,
      0.85,
      0.45,
      4.2,
      0.12,
      2.1,
      0.28,
      3.0,
      4.2,
      0.0,
      0.55
    ],
    [
      0.85,
      0.95,
      0.35,
      0.75,
      0.45,
      0.27,
      0.3,
      0.9,
      0.14,
      2.4,
      4.2,
      0.7,
      5.9,
      0.7,
      1.0,
      0.29,
      1.2,
      3.4,
      0.55,
      0.0
    ]
  ],
  "drive_time_matrix": [
    [
      0.0,
      5.0,
      5.0,
      1.0,
      5.0,
      7.0,
      10.0,
      8.0,
      13.0,
      6.0,
      9.0,
      6.0,
      12.0,
      9.0,
      9.0,
      7.0,
      13.0,
      11.0,
      6.0,
      11.0
    ],
    [
      5.0,
      0.0,
      8.0,
      7.0,
      9.0,
      9.0,
      11.0,
      10.0,
      14.0,
      8.0,
      4.0,
      3.0,
      10.0,
      10.0,
      11.0,
      8.0,
      14.0,
      13.0,
      8.0,
      12.0
    ],
    [
      5.0,
      8.0,
      0.0,
      5.0,
      2.0,
      1.0,
      4.0,
      10.0,
      6.0,
      7.0,
      10.0,
      5.0,
      10.0,
      6.0,
      11.0,
      1.0,
      10.0,
      7.0,
      4.0,
      4.0
    ],
    [
      1.0,
      7.0,
      5.0,
      0.0,
      4.0,
      6.0,
      9.0,
      12.0,
      11.0,
      10.0,
      11.0,
      7.0,
      12.0,
      10.0,
      13.0,
      6.0,
      17.0,
      16.0,
      7.0,
      10.0
    ],
    [
      5.0,
      9.0,
      2.0,
      4.0,
      0.0,
      2.0,
      5.0,
      10.0,
      7.0,
      8.0,
      10.0,
      5.0,
      10.0,
      7.0,
      11.0,
      2.0,
      10.0,
      7.0,
      5.0,
      6.0
    ],
    [
      7.0,
      9.0,
      1.0,
      6.0,
      2.0,
      0.0,
      3.0,
      9.0,
      5.0,
      6.0,
      10.0,
      5.0,
      13.0,
      7.0,
      10.0,
      1.0,
      9.0,
      6.0,
      5.0,
      3.0
    ],
    [
      10.0,
      11.0,
      4.0,
      9.0,
      5.0,
      3.0,
      0.0,
      12.0,
      5.0,
      9.0,
      13.0,
      8.0,
      13.0,
      10.0,
      13.0,
      3.0,
      8.0,
      5.0,
      7.0,
      4.0
    ],
    [
      8.0,
      10.0,
      10.0,
      12.0,
      10.0,
      9.0,
      12.0,
      0.0,
      12.0,
      6.0,
      12.0,
      7.0,
      16.0,
      8.0,
      2.0,
      7.0,
      7.0,
      12.0,
      8.0,
      12.0
    ],
    [
      13.0,
      14.0,
      6.0,
      11.0,
      7.0,
      5.0,
      5.0,
      12.0,
      0.0,
      9.0,
      11.0,
      11.0,
      15.0,
      12.0,
      13.0,
      5.0,
      16.0,
      8.0,
      10.0,
      2.0
    ],
    [
      6.0,
      8.0,
      7.0,
      10.0,
      8.0,
      6.0,
      9.0,
      6.0,
      9.0,
      0.0,
      10.0,
      5.0,
      11.0,
      6.0,
      5.0,
      4.0,
      12.0,
      10.0,
      6.0,
      7.0
    ],
    [
      9.0,
      4.0,
      10.0,
      11.0,
      10.0,
      10.0,
      13.0,
      12.0,
      11.0,
      10.0,
      0.0,
      5.0,
      10.0,
      13.0,
      12.0,
      10.0,
      15.0,
      14.0,
      11.0,
      13.0
    ],
    [
      6.0,
      3.0,
      5.0,
      7.0,
      5.0,
      5.0,
      8.0,
      7.0,
      11.0,
      5.0,
      5.0,
      0.0,
      9.0,
      9.0,
      11.0,
      5.0,
      14.0,
      13.0,
      6.0,
      9.0
    ],
    [
      12.0,
      10.0,
      10.0,
      12.0,
      10.0,
      13.0,
      13.0,
      16.0,
      15.0,
      11.0,
      10.0,
      9.0,
      0.0,
      13.0,
      15.0,
      11.0,
      18.0,
      16.0,
      13.0,
      16.0
    ],
    [
      9.0,
      10.0,
      6.0,
      10.0,
      7.0,
      7.0,
      10.0,
      8.0,
      12.0,
      6.0,
      13.0,
      9.0,
      13.0,
      0.0,
      14.0,
      5.0,
      16.0,
      16.0,
      2.0,
      9.0
    ],
    [
      9.0,
      11.0,
      11.0,
      13.0,
      11.0,
      10.0,
      13.0,
      2.0,
      13.0,
      5.0,
      12.0,
      11.0,
      15.0,
      14.0,
      0.0,
      6.0,
      9.0,
      11.0,
      7.0,
      13.0
    ],
    [
      7.0,
      8.0,
      1.0,
      6.0,
      2.0,
      1.0,
      3.0,
      7.0,
      5.0,
      4.0,
      10.0,
      5.0,
      11.0,
      5.0,
      6.0,
      0.0,
      9.0,
      7.0,
      4.0,
      4.0
    ],
    [
      13.0,
      14.0,
      10.0,
      17.0,
      10.0,
      9.0,
      8.0,
      7.0,
      16.0,
      12.0,
      15.0,
      14.0,
      18.0,
      16.0,
      9.0,
      9.0,
      0.0,
      9.0,
      10.0,
      15.0
    ],
    [
      11.0,
      13.0,
      7.0,
      16.0,
      7.0,
      6.0,
      5.0,
      12.0,
      8.0,
      10.0,
      14.0,
      13.0,
      16.0,
      16.0,
      11.0,
      7.0,
      9.0,
      0.0,
      11.0,
      9.0
    ],
    [
      6.0,
      8.0,
      4.0,
      7.0,
      5.0,
      5.0,
      7.0,
      8.0,
      10.0,
      6.0,
      11.0,
      6.0,
      13.0,
      2.0,
      7.0,
      4.0,
      10.0,
      11.0,
      0.0,
      7.0
    ],
    [
      11.0,
      12.0,
      4.0,
      10.0,
      6.0,
      3.0,
      4.0,
      12.0,
      2.0,
      7.0,
      13.0,
      9.0,
      16.0,
      9.0,
      13.0,
      4.0,
      15.0,
      9.0,
      7.0,
      0.0
    ]
  ],
  "transit_dist_walk_matrix": [
    [
      0.0,
      NaN,
      NaN,
      NaN,
      NaN,
      NaN,
      NaN,
      NaN,
      NaN,
      NaN,
      NaN,
      NaN,
      NaN,
      NaN,
      NaN,
      NaN,
      NaN,
      NaN,
      NaN,
      NaN
    ],
    [
      NaN,
      0.0,
      NaN,
      NaN,
      NaN,
      NaN,
      NaN,
      NaN,
      NaN,
      NaN,
      NaN,
      NaN,
      NaN,
      NaN,
      NaN,
      NaN,
      NaN,
      NaN,
      NaN,
      NaN
    ],
    [
      NaN,
      NaN,
      0.0,
      NaN,
      NaN,
      NaN,
      NaN,
      NaN,
      NaN,
      NaN,
      NaN,
      NaN,
      NaN,
      NaN,
      NaN,
      NaN,
      NaN,
      NaN,
      NaN,
      NaN
    ],
    [
      NaN,
      NaN,
      NaN,
      0.0,
      NaN,
      NaN,
      NaN,
      NaN,
      NaN,
      NaN,
      NaN,
      NaN,
      NaN,
      NaN,
      NaN,
      NaN,
      NaN,
      NaN,
      NaN,
      NaN
    ],
    [
      NaN,
      NaN,
      NaN,
      NaN,
      0.0,
      NaN,
      NaN,
      NaN,
      NaN,
      NaN,
      NaN,
      NaN,
      NaN,
      NaN,
      NaN,
      NaN,
      NaN,
      NaN,
      NaN,
      NaN
    ],
    [
      NaN,
      NaN,
      NaN,
      NaN,
      NaN,
      0.0,
      NaN,
      NaN,
      NaN,
      NaN,
      NaN,
      NaN,
      NaN,
      NaN,
      NaN,
      NaN,
      NaN,
      NaN,
      NaN,
      NaN
    ],
    [
      NaN,
      NaN,
      NaN,
      NaN,
      NaN,
      NaN,
      0.0,
      NaN,
      NaN,
      NaN,
      NaN,
      NaN,
      NaN,
      NaN,
      NaN,
      NaN,
      NaN,
      NaN,
      NaN,
      NaN
    ],
    [
      NaN,
      NaN,
      NaN,
      NaN,
      NaN,
      NaN,
      NaN,
      0.0,
      NaN,
      NaN,
      NaN,
      NaN,
      NaN,
      NaN,
      NaN,
      NaN,
      NaN,
      NaN,
      NaN,
      NaN
    ],
    [
      NaN,
      NaN,
      NaN,
      NaN,
      NaN,
      NaN,
      NaN,
      NaN,
      0.0,
      NaN,
      NaN,
      NaN,
      NaN,
      NaN,
      NaN,
      NaN,
      NaN,
      NaN,
      NaN,
      NaN
    ],
    [
      NaN,
      NaN,
      NaN,
      NaN,
      NaN,
      NaN,
      NaN,
      NaN,
      NaN,
      0.0,
      NaN,
      NaN,
      NaN,
      NaN,
      NaN,
      NaN,
      NaN,
      NaN,
      NaN,
      NaN
    ],
    [
      NaN,
      NaN,
      NaN,
      NaN,
      NaN,
      NaN,
      NaN,
      NaN,
      NaN,
      NaN,
      0.0,
      NaN,
      NaN,
      NaN,
      NaN,
      NaN,
      NaN,
      NaN,
      NaN,
      NaN
    ],
    [
      NaN,
      NaN,
      NaN,
      NaN,
      NaN,
      NaN,
      NaN,
      NaN,
      NaN,
      NaN,
      NaN,
      0.0,
      NaN,
      NaN,
      NaN,
      NaN,
      NaN,
      NaN,
      NaN,
      NaN
    ],
    [
      NaN,
      NaN,
      NaN,
      NaN,
      NaN,
      NaN,
      NaN,
      NaN,
      NaN,
      NaN,
      NaN,
      NaN,
      0.0,
      NaN,
      NaN,
      NaN,
      NaN,
      NaN,
      NaN,
      NaN
    ],
    [
      NaN,
      NaN,
      NaN,
      NaN,
      NaN,
      NaN,
      NaN,
      NaN,
      NaN,
      NaN,
      NaN,
      NaN,
      NaN,
      0.0,
      NaN,
      NaN,
      NaN,
      NaN,
      NaN,
      NaN
    ],
    [
      NaN,
      NaN,
      NaN,
      NaN,
      NaN,
      NaN,
      NaN,
      NaN,
      NaN,
      NaN,
      NaN,
      NaN,
      NaN,
      NaN,
      0.0,
      NaN,
      NaN,
      NaN,
      NaN,
      NaN
    ],
    [
      NaN,
      NaN,
      NaN,
      NaN,
      NaN,
      NaN,
      NaN,
      NaN,
      NaN,
      NaN,
      NaN,
      NaN,
      NaN,
      NaN,
      NaN,
      0.0,
      NaN,
      NaN,
      NaN,
      NaN
    ],
    [
      NaN,
      NaN,
      NaN,
      NaN,
      NaN,
      NaN,
      NaN,
      NaN,
      NaN,
      NaN,
      NaN,
      NaN,
      NaN,
      NaN,
      NaN,
      NaN,
      0.0,
      NaN,
      NaN,
      NaN
    ],
    [
      NaN,
      NaN,
      NaN,
      NaN,
      NaN,
      NaN,
      NaN,
      NaN,
      NaN,
      NaN,
      NaN,
      NaN,
      NaN,
      NaN,
      NaN,
      NaN,
      NaN,
      0.0,
      NaN,
      NaN
    ],
    [
      NaN,
      NaN,
      NaN,
      NaN,
      NaN,
      NaN,
      NaN,
      NaN,
      NaN,
      NaN,
      NaN,
      NaN,
      NaN,
      NaN,
      NaN,
      NaN,
      NaN,
      NaN,
      0.0,
      NaN
    ],
    [
      NaN,
      NaN,
      NaN,
      NaN,
      NaN,
      NaN,
      NaN,
      NaN,
      NaN,
      NaN,
      NaN,
      NaN,
      NaN,
      NaN,
      NaN,
      NaN,
      NaN,
      NaN,
      NaN,
      0.0
    ]
  ],
  "transit_time_matrix": [
    [
      0.0,
      NaN,
      NaN,
      NaN,
      NaN,
      NaN,
      NaN,
      NaN,
      NaN,
      NaN,
      NaN,
      NaN,
      NaN,
      NaN,
      NaN,
      NaN,
      NaN,
      NaN,
      NaN,
      NaN
    ],
    [
      NaN,
      0.0,
      NaN,
      NaN,
      NaN,
      NaN,
      NaN,
      NaN,
      NaN,
      NaN,
      NaN,
      NaN,
      NaN,
      NaN,
      NaN,
      NaN,
      NaN,
      NaN,
      NaN,
      NaN
    ],
    [
      NaN,
      NaN,
      0.0,
      NaN,
      NaN,
      NaN,
      NaN,
      NaN,
      NaN,
      NaN,
      NaN,
      NaN,
      NaN,
      NaN,
      NaN,
      NaN,
      NaN,
      NaN,
      NaN,
      NaN
    ],
    [
      NaN,
      NaN,
      NaN,
      0.0,
      NaN,
      NaN,
      NaN,
      NaN,
      NaN,
      NaN,
      NaN,
      NaN,
      NaN,
      NaN,
      NaN,
      NaN,
      NaN,
      NaN,
      NaN,
      NaN
    ],
    [
      NaN,
      NaN,
      NaN,
      NaN,
      0.0,
      NaN,
      NaN,
      NaN,
      NaN,
      NaN,
      NaN,
      NaN,
      NaN,
      NaN,
      NaN,
      NaN,
      NaN,
      NaN,
      NaN,
      NaN
    ],
    [
      NaN,
      NaN,
      NaN,
      NaN,
      NaN,
      0.0,
      NaN,
      NaN,
      NaN,
      NaN,
      NaN,
      NaN,
      NaN,
      NaN,
      NaN,
      NaN,
      NaN,
      NaN,
      NaN,
      NaN
    ],
    [
      NaN,
      NaN,
      NaN,
      NaN,
      NaN,
      NaN,
      0.0,
      NaN,
      NaN,
      NaN,
      NaN,
      NaN,
      NaN,
      NaN,
      NaN,
      NaN,
      NaN,
      0.0,
      NaN,
      NaN
    ],
    [
      NaN,
      NaN,
      NaN,
      NaN,
      NaN,
      NaN,
      NaN,
      0.0,
      NaN,
      NaN,
      NaN,
      NaN,
      NaN,
      NaN,
      NaN,
      NaN,
      NaN,
      NaN,
      NaN,
      NaN
    ],
    [
      NaN,
      NaN,
      NaN,
      NaN,
      NaN,
      NaN,
      NaN,
      NaN,
      0.0,
      NaN,
      NaN,
      NaN,
      NaN,
      NaN,
      NaN,
      NaN,
      NaN,
      NaN,
      NaN,
      NaN
    ],
    [
      NaN,
      NaN,
      NaN,
      NaN,
      NaN,
      NaN,
      NaN,
      NaN,
      NaN,
      0.0,
      NaN,
      NaN,
      NaN,
      NaN,
      NaN,
      NaN,
      NaN,
      NaN,
      NaN,
      NaN
    ],
    [
      NaN,
      NaN,
      NaN,
      NaN,
      NaN,
      NaN,
      NaN,
      NaN,
      NaN,
      NaN,
      0.0,
      NaN,
      NaN,
      NaN,
      NaN,
      NaN,
      NaN,
      NaN,
      NaN,
      NaN
    ],
    [
      NaN,
      NaN,
      NaN,
      NaN,
      NaN,
      NaN,
      NaN,
      NaN,
      NaN,
      NaN,
      NaN,
      0.0,
      NaN,
      NaN,
      NaN,
      NaN,
      NaN,
      NaN,
      NaN,
      NaN
    ],
    [
      NaN,
      NaN,
      NaN,
      NaN,
      NaN,
      NaN,
      NaN,
      NaN,
      NaN,
      NaN,
      NaN,
      NaN,
      0.0,
      NaN,
      NaN,
      NaN,
      NaN,
      NaN,
      NaN,
      NaN
    ],
    [
      NaN,
      NaN,
      NaN,
      NaN,
      NaN,
      NaN,
      NaN,
      NaN,
      NaN,
      NaN,
      NaN,
      NaN,
      NaN,
      0.0,
      NaN,
      NaN,
      NaN,
      NaN,
      NaN,
      NaN
    ],
    [
      NaN,
      NaN,
      NaN,
      NaN,
      NaN,
      NaN,
      NaN,
      NaN,
      NaN,
      NaN,
      NaN,
      NaN,
      NaN,
      NaN,
      0.0,
      NaN,
      NaN,
      NaN,
      NaN,
      NaN
    ],
    [
      NaN,
      NaN,
      NaN,
      NaN,
      NaN,
      NaN,
      NaN,
      NaN,
      NaN,
      NaN,
      NaN,
      NaN,
      NaN,
      NaN,
      NaN,
      0.0,
      NaN,
      NaN,
      NaN,
      NaN
    ],
    [
      NaN,
      NaN,
      NaN,
      NaN,
      NaN,
      NaN,
      NaN,
      NaN,
      NaN,
      NaN,
      NaN,
      NaN,
      NaN,
      NaN,
      NaN,
      NaN,
      0.0,
      NaN,
      NaN,
      NaN
    ],
    [
      NaN,
      NaN,
      NaN,
      NaN,
      NaN,
      NaN,
      0.0,
      NaN,
      NaN,
      NaN,
      NaN,
      NaN,
      NaN,
      NaN,
      NaN,
      NaN,
      NaN,
      0.0,
      0.0,
      NaN
    ],
    [
      NaN,
      NaN,
      NaN,
      NaN,
      NaN,
      NaN,
      NaN,
      NaN,
      NaN,
      NaN,
      NaN,
      NaN,
      NaN,
      NaN,
      NaN,
      NaN,
      NaN,
      0.0,
      0.0,
      NaN
    ],
    [
      NaN,
      NaN,
      NaN,
      NaN,
      NaN,
      NaN,
      NaN,
      NaN,
      NaN,
      NaN,
      NaN,
      NaN,
      NaN,
      NaN,
      NaN,
      NaN,
      NaN,
      NaN,
      NaN,
      0.0
    ]
  ],
  "walk_dist_matrix": [
    [
      0.0,
      0.45,
      0.5,
      0.11,
      0.4,
      0.6,
      0.8,
      1.5,
      1.0,
      1.3,
      0.75,
      0.5,
      3.0,
      0.6,
      1.6,
      0.55,
      1.5,
      3.0,
      0.5,
      0.85
    ],
    [
      0.45,
      0.0,
      0.6,
      0.55,
      0.7,
      0.65,
      0.9,
      1.8,
      1.1,
      1.7,
      0.3,
      0.24,
      3.2,
      0.7,
      1.9,
      0.65,
      1.8,
      3.0,
      0.6,
      0.95
    ],
    [
      0.5,
      0.6,
      0.0,
      0.4,
      0.11,
      0.07,
      0.3,
      1.2,
      0.5,
      1.2,
      0.75,
      0.4,
      3.5,
      0.4,
      1.3,
      0.048,
      1.2,
      2.4,
      0.26,
      0.35
    ],
    [
      0.11,
      0.55,
      0.4,
      0.0,
      0.3,
      0.5,
      0.7,
      1.4,
      0.9,
      1.2,
      0.85,
      0.6,
      3.1,
      0.7,
      1.5,
      0.45,
      1.4,
      2.8,
      0.6,
      0.75
    ],
    [
      0.4,
      0.7,
      0.11,
      0.3,
      0.0,
      0.18,
      0.4,
      1.2,
      0.6,
      1.2,
      0.85,
      0.45,
      3.4,
      0.45,
      1.3,
      0.15,
      1.2,
      2.5,
      0.3,
      0.45
    ],
    [
      0.6,
      0.65,
      0.07,
      0.5,
      0.18,
      0.0,
      0.23,
      1.2,
      0.4,
      1.3,
      0.8,
      0.45,
      3.6,
      0.45,
      1.3,
      0.022,
      1.2,
      2.4,
      0.3,
      0.27
    ],
    [
      0.8,
      0.9,
      0.3,
      0.7,
      0.4,
      0.23,
      0.0,
      1.2,
      0.45,
      1.5,
      1.0,
      0.65,
      3.8,
      0.65,
      1.3,
      0.25,
      1.4,
      2.1,
      0.55,
      0.3
    ],
    [
      1.5,
      1.8,
      1.2,
      1.4,
      1.2,
      1.2,
      1.2,
      0.0,
      0.9,
      1.1,
      1.9,
      1.6,
      4.4,
      1.6,
      0.15,
      1.2,
      0.55,
      2.7,
      1.4,
      0.9
    ],
    [
      1.0,
      1.1,
      0.5,
      0.9,
      0.6,
      0.4,
      0.45,
      0.9,
      0.0,
      1.5,
      1.2,
      0.85,
      4.0,
      0.85,
      1.1,
      0.45,
      1.3,
      2.1,
      0.7,
      0.14
    ],
    [
      1.3,
      1.7,
      1.2,
      1.2,
      1.2,
      1.3,
      1.5,
      1.1,
      1.5,
      0.0,
      2.0,
      1.6,
      3.8,
      1.6,
      1.3,
      1.3,
      1.0,
      3.6,
      1.4,
      1.4
    ],
    [
      0.75,
      0.3,
      0.75,
      0.85,
      0.85,
      0.8,
      1.0,
      1.9,
      1.2,
      2.0,
      0.0,
      0.4,
      3.1,
      1.0,
      2.1,
      0.8,
      2.0,
      3.2,
      0.85,
      1.1
    ],
    [
      0.5,
      0.24,
      0.4,
      0.6,
      0.45,
      0.45,
      0.65,
      1.6,
      0.85,
      1.6,
      0.4,
      0.0,
      3.4,
      0.6,
      1.7,
      0.4,
      1.6,
      2.8,
      0.45,
      0.7
    ],
    [
      3.0,
      3.2,
      3.5,
      3.1,
      3.4,
      3.6,
      3.8,
      4.4,
      4.0,
      3.8,
      3.1,
      3.4,
      0.0,
      3.6,
      4.6,
      3.6,
      4.5,
      5.9,
      3.5,
      3.8
    ],
    [
      0.6,
      0.7,
      0.4,
      0.7,
      0.45,
      0.45,
      0.65,
      1.6,
      0.85,
      1.6,
      1.0,
      0.6,
      3.6,
      0.0,
      1.7,
      0.4,
      1.6,
      2.8,
      0.12,
      0.7
    ],
    [
      1.6,
      1.9,
      1.3,
      1.5,
      1.3,
      1.3,
      1.3,
      0.15,
      1.1,
      1.3,
      2.1,
      1.7,
      4.6,
      1.7,
      0.0,
      1.3,
      0.7,
      2.8,
      1.6,
      1.0
    ],
    [
      0.55,
      0.65,
      0.048,
      0.45,
      0.15,
      0.022,
      0.25,
      1.2,
      0.45,
      1.3,
      0.8,
      0.4,
      3.6,
      0.4,
      1.3,
      0.0,
      1.3,
      2.4,
      0.28,
      0.29
    ],
    [
      1.5,
      1.8,
      1.2,
      1.4,
      1.2,
      1.2,
      1.4,
      0.55,
      1.3,
      1.0,
      2.0,
      1.6,
      4.5,
      1.6,
      0.7,
      1.3,
      0.0,
      3.0,
      1.5,
      1.2
    ],
    [
      3.0,
      3.0,
      2.4,
      2.8,
      2.5,
      2.4,
      2.1,
      2.7,
      2.1,
      3.6,
      3.2,
      2.8,
      5.9,
      2.8,
      2.8,
      2.4,
      3.0,
      0.0,
      2.7,
      2.3
    ],
    [
      0.5,
      0.6,
      0.26,
      0.6,
      0.3,
      0.3,
      0.55,
      1.4,
      0.7,
      1.4,
      0.85,
      0.45,
      3.5,
      0.12,
      1.6,
      0.28,
      1.5,
      2.7,
      0.0,
      0.55
    ],
    [
      0.85,
      0.95,
      0.35,
      0.75,
      0.45,
      0.27,
      0.3,
      0.9,
      0.14,
      1.4,
      1.1,
      0.7,
      3.8,
      0.7,
      1.0,
      0.29,
      1.2,
      2.3,
      0.55,
      0.0
    ]
  ],
  "walk_time_matrix": [
    [
      0.0,
      5.0,
      6.0,
      1.0,
      5.0,
      7.0,
      10.0,
      18.0,
      13.0,
      16.0,
      9.0,
      6.0,
      38.0,
      9.0,
      20.0,
      7.0,
      19.0,
      37.0,
      6.0,
      11.0
    ],
    [
      5.0,
      0.0,
      8.0,
      7.0,
      9.0,
      9.0,
      11.0,
      23.0,
      14.0,
      21.0,
      4.0,
      3.0,
      40.0,
      10.0,
      24.0,
      8.0,
      23.0,
      38.0,
      8.0,
      12.0
    ],
    [
      6.0,
      8.0,
      0.0,
      5.0,
      2.0,
      1.0,
      4.0,
      15.0,
      6.0,
      15.0,
      10.0,
      5.0,
      45.0,
      6.0,
      16.0,
      1.0,
      15.0,
      31.0,
      4.0,
      4.0
    ],
    [
      1.0,
      7.0,
      5.0,
      0.0,
      4.0,
      6.0,
      9.0,
      17.0,
      11.0,
      15.0,
      11.0,
      7.0,
      39.0,
      10.0,
      18.0,
      6.0,
      18.0,
      36.0,
      7.0,
      10.0
    ],
    [
      5.0,
      9.0,
      2.0,
      4.0,
      0.0,
      2.0,
      5.0,
      15.0,
      8.0,
      14.0,
      10.0,
      5.0,
      43.0,
      7.0,
      16.0,
      2.0,
      15.0,
      32.0,
      5.0,
      6.0
    ],
    [
      7.0,
      9.0,
      1.0,
      6.0,
      2.0,
      0.0,
      3.0,
      15.0,
      5.0,
      17.0,
      10.0,
      5.0,
      45.0,
      7.0,
      16.0,
      1.0,
      15.0,
      30.0,
      5.0,
      3.0
    ],
    [
      10.0,
      11.0,
      4.0,
      9.0,
      5.0,
      3.0,
      0.0,
      15.0,
      5.0,
      19.0,
      13.0,
      8.0,
      48.0,
      10.0,
      17.0,
      3.0,
      18.0,
      27.0,
      7.0,
      4.0
    ],
    [
      18.0,
      23.0,
      15.0,
      17.0,
      15.0,
      15.0,
      15.0,
      0.0,
      12.0,
      14.0,
      25.0,
      20.0,
      56.0,
      21.0,
      2.0,
      15.0,
      7.0,
      34.0,
      19.0,
      12.0
    ],
    [
      13.0,
      14.0,
      6.0,
      11.0,
      8.0,
      5.0,
      5.0,
      12.0,
      0.0,
      19.0,
      16.0,
      11.0,
      51.0,
      12.0,
      13.0,
      5.0,
      16.0,
      27.0,
      10.0,
      2.0
    ],
    [
      16.0,
      21.0,
      15.0,
      15.0,
      14.0,
      17.0,
      19.0,
      14.0,
      19.0,
      0.0,
      25.0,
      20.0,
      48.0,
      22.0,
      16.0,
      16.0,
      12.0,
      46.0,
      19.0,
      17.0
    ],
    [
      9.0,
      4.0,
      10.0,
      11.0,
      10.0,
      10.0,
      13.0,
      25.0,
      16.0,
      25.0,
      0.0,
      5.0,
      39.0,
      13.0,
      26.0,
      10.0,
      25.0,
      40.0,
      11.0,
      14.0
    ],
    [
      6.0,
      3.0,
      5.0,
      7.0,
      5.0,
      5.0,
      8.0,
      20.0,
      11.0,
      20.0,
      5.0,
      0.0,
      43.0,
      9.0,
      21.0,
      5.0,
      20.0,
      36.0,
      6.0,
      9.0
    ],
    [
      38.0,
      40.0,
      45.0,
      39.0,
      43.0,
      45.0,
      48.0,
      56.0,
      51.0,
      48.0,
      39.0,
      43.0,
      0.0,
      47.0,
      58.0,
      45.0,
      57.0,
      75.0,
      44.0,
      49.0
    ],
    [
      9.0,
      10.0,
      6.0,
      10.0,
      7.0,
      7.0,
      10.0,
      21.0,
      12.0,
      22.0,
      13.0,
      9.0,
      47.0,
      0.0,
      21.0,
      5.0,
      20.0,
      35.0,
      2.0,
      9.0
    ],
    [
      20.0,
      24.0,
      16.0,
      18.0,
      16.0,
      16.0,
      17.0,
      2.0,
      13.0,
      16.0,
      26.0,
      21.0,
      58.0,
      21.0,
      0.0,
      17.0,
      9.0,
      36.0,
      20.0,
      13.0
    ],
    [
      7.0,
      8.0,
      1.0,
      6.0,
      2.0,
      1.0,
      3.0,
      15.0,
      5.0,
      16.0,
      10.0,
      5.0,
      45.0,
      5.0,
      17.0,
      0.0,
      16.0,
      30.0,
      4.0,
      4.0
    ],
    [
      19.0,
      23.0,
      15.0,
      18.0,
      15.0,
      15.0,
      18.0,
      7.0,
      16.0,
      12.0,
      25.0,
      20.0,
      57.0,
      20.0,
      9.0,
      16.0,
      0.0,
      38.0,
      19.0,
      15.0
    ],
    [
      37.0,
      38.0,
      31.0,
      36.0,
      32.0,
      30.0,
      27.0,
      34.0,
      27.0,
      46.0,
      40.0,
      36.0,
      75.0,
      35.0,
      36.0,
      30.0,
      38.0,
      0.0,
      34.0,
      29.0
    ],
    [
      6.0,
      8.0,
      4.0,
      7.0,
      5.0,
      5.0,
      7.0,
      19.0,
      10.0,
      19.0,
      11.0,
      6.0,
      44.0,
      2.0,
      20.0,
      4.0,
      19.0,
      34.0,
      0.0,
      7.0
    ],
    [
      11.0,
      12.0,
      4.0,
      10.0,
      6.0,
      3.0,
      4.0,
      12.0,
      2.0,
      17.0,
      14.0,
      9.0,
      49.0,
      9.0,
      13.0,
      4.0,
      15.0,
      29.0,
      7.0,
      0.0
    ]
  ],
  "cycle_dist_matrix": [
    [
      0.0,
      0.45,
      0.5,
      0.11,
      0.4,
      0.6,
      0.8,
      1.5,
      1.0,
      1.3,
      0.75,
      0.5,
      3.0,
      0.6,
      1.6,
      0.55,
      1.5,
      3.0,
      0.5,
      0.85
    ],
    [
      0.45,
      0.0,
      0.6,
      0.55,
      0.7,
      0.65,
      0.9,
      1.8,
      1.1,
      1.7,
      0.3,
      0.24,
      3.2,
      0.7,
      1.9,
      0.65,
      1.8,
      3.0,
      0.6,
      0.95
    ],
    [
      0.5,
      0.6,
      0.0,
      0.4,
      0.11,
      0.07,
      0.3,
      1.2,
      0.5,
      1.2,
      0.75,
      0.4,
      3.5,
      0.4,
      1.3,
      0.048,
      1.2,
      2.4,
      0.26,
      0.35
    ],
    [
      0.11,
      0.55,
      0.4,
      0.0,
      0.3,
      0.5,
      0.7,
      1.4,
      0.9,
      1.2,
      0.85,
      0.6,
      3.1,
      0.7,
      1.5,
      0.45,
      1.4,
      2.8,
      0.6,
      0.75
    ],
    [
      0.4,
      0.7,
      0.11,
      0.3,
      0.0,
      0.18,
      0.4,
      1.2,
      0.6,
      1.2,
      0.85,
      0.45,
      3.4,
      0.45,
      1.3,
      0.15,
      1.2,
      2.5,
      0.3,
      0.45
    ],
    [
      0.6,
      0.65,
      0.07,
      0.5,
      0.18,
      0.0,
      0.23,
      1.2,
      0.4,
      1.3,
      0.8,
      0.45,
      3.6,
      0.45,
      1.3,
      0.022,
      1.2,
      2.4,
      0.3,
      0.27
    ],
    [
      0.8,
      0.9,
      0.3,
      0.7,
      0.4,
      0.23,
      0.0,
      1.2,
      0.45,
      1.5,
      1.0,
      0.65,
      3.8,
      0.65,
      1.3,
      0.25,
      1.4,
      2.1,
      0.55,
      0.3
    ],
    [
      1.5,
      1.8,
      1.2,
      1.4,
      1.2,
      1.2,
      1.2,
      0.0,
      0.9,
      1.1,
      1.9,
      1.6,
      4.4,
      1.6,
      0.15,
      1.2,
      0.55,
      2.7,
      1.4,
      0.9
    ],
    [
      1.0,
      1.1,
      0.5,
      0.9,
      0.6,
      0.4,
      0.45,
      0.9,
      0.0,
      1.5,
      1.2,
      0.85,
      4.0,
      0.85,
      1.1,
      0.45,
      1.3,
      2.1,
      0.7,
      0.14
    ],
    [
      1.3,
      1.7,
      1.2,
      1.2,
      1.2,
      1.3,
      1.5,
      1.1,
      1.5,
      0.0,
      2.0,
      1.6,
      3.8,
      1.6,
      1.3,
      1.3,
      1.0,
      3.6,
      1.4,
      1.4
    ],
    [
      0.75,
      0.3,
      0.75,
      0.85,
      0.85,
      0.8,
      1.0,
      1.9,
      1.2,
      2.0,
      0.0,
      0.4,
      3.1,
      1.0,
      2.1,
      0.8,
      2.0,
      3.2,
      0.85,
      1.1
    ],
    [
      0.5,
      0.24,
      0.4,
      0.6,
      0.45,
      0.45,
      0.65,
      1.6,
      0.85,
      1.6,
      0.4,
      0.0,
      3.4,
      0.6,
      1.7,
      0.4,
      1.6,
      2.8,
      0.45,
      0.7
    ],
    [
      3.0,
      3.2,
      3.5,
      3.1,
      3.4,
      3.6,
      3.8,
      4.4,
      4.0,
      3.8,
      3.1,
      3.4,
      0.0,
      3.6,
      4.6,
      3.6,
      4.5,
      5.9,
      3.5,
      3.8
    ],
    [
      0.6,
      0.7,
      0.4,
      0.7,
      0.45,
      0.45,
      0.65,
      1.6,
      0.85,
      1.6,
      1.0,
      0.6,
      3.6,
      0.0,
      1.7,
      0.4,
      1.6,
      2.8,
      0.12,
      0.7
    ],
    [
      1.6,
      1.9,
      1.3,
      1.5,
      1.3,
      1.3,
      1.3,
      0.15,
      1.1,
      1.3,
      2.1,
      1.7,
      4.6,
      1.7,
      0.0,
      1.3,
      0.7,
      2.8,
      1.6,
      1.0
    ],
    [
      0.55,
      0.65,
      0.048,
      0.45,
      0.15,
      0.022,
      0.25,
      1.2,
      0.45,
      1.3,
      0.8,
      0.4,
      3.6,
      0.4,
      1.3,
      0.0,
      1.3,
      2.4,
      0.28,
      0.29
    ],
    [
      1.5,
      1.8,
      1.2,
      1.4,
      1.2,
      1.2,
      1.4,
      0.55,
      1.3,
      1.0,
      2.0,
      1.6,
      4.5,
      1.6,
      0.7,
      1.3,
      0.0,
      3.0,
      1.5,
      1.2
    ],
    [
      3.0,
      3.0,
      2.4,
      2.8,
      2.5,
      2.4,
      2.1,
      2.7,
      2.1,
      3.6,
      3.2,
      2.8,
      5.9,
      2.8,
      2.8,
      2.4,
      3.0,
      0.0,
      2.7,
      2.3
    ],
    [
      0.5,
      0.6,
      0.26,
      0.6,
      0.3,
      0.3,
      0.55,
      1.4,
      0.7,
      1.4,
      0.85,
      0.45,
      3.5,
      0.12,
      1.6,
      0.28,
      1.5,
      2.7,
      0.0,
      0.55
    ],
    [
      0.85,
      0.95,
      0.35,
      0.75,
      0.45,
      0.27,
      0.3,
      0.9,
      0.14,
      1.4,
      1.1,
      0.7,
      3.8,
      0.7,
      1.0,
      0.29,
      1.2,
      2.3,
      0.55,
      0.0
    ]
  ],
  "cycle_time_matrix": [
    [
      0.0,
      5.0,
      6.0,
      1.0,
      5.0,
      7.0,
      10.0,
      18.0,
      13.0,
      16.0,
      9.0,
      6.0,
      38.0,
      9.0,
      20.0,
      7.0,
      19.0,
      37.0,
      6.0,
      11.0
    ],
    [
      5.0,
      0.0,
      8.0,
      7.0,
      9.0,
      9.0,
      11.0,
      23.0,
      14.0,
      21.0,
      4.0,
      3.0,
      40.0,
      10.0,
      24.0,
      8.0,
      23.0,
      38.0,
      8.0,
      12.0
    ],
    [
      6.0,
      8.0,
      0.0,
      5.0,
      2.0,
      1.0,
      4.0,
      15.0,
      6.0,
      15.0,
      10.0,
      5.0,
      45.0,
      6.0,
      16.0,
      1.0,
      15.0,
      31.0,
      4.0,
      4.0
    ],
    [
      1.0,
      7.0,
      5.0,
      0.0,
      4.0,
      6.0,
      9.0,
      17.0,
      11.0,
      15.0,
      11.0,
      7.0,
      39.0,
      10.0,
      18.0,
      6.0,
      18.0,
      36.0,
      7.0,
      10.0
    ],
    [
      5.0,
      9.0,
      2.0,
      4.0,
      0.0,
      2.0,
      5.0,
      15.0,
      8.0,
      14.0,
      10.0,
      5.0,
      43.0,
      7.0,
      16.0,
      2.0,
      15.0,
      32.0,
      5.0,
      6.0
    ],
    [
      7.0,
      9.0,
      1.0,
      6.0,
      2.0,
      0.0,
      3.0,
      15.0,
      5.0,
      17.0,
      10.0,
      5.0,
      45.0,
      7.0,
      16.0,
      1.0,
      15.0,
      30.0,
      5.0,
      3.0
    ],
    [
      10.0,
      11.0,
      4.0,
      9.0,
      5.0,
      3.0,
      0.0,
      15.0,
      5.0,
      19.0,
      13.0,
      8.0,
      48.0,
      10.0,
      17.0,
      3.0,
      18.0,
      27.0,
      7.0,
      4.0
    ],
    [
      18.0,
      23.0,
      15.0,
      17.0,
      15.0,
      15.0,
      15.0,
      0.0,
      12.0,
      14.0,
      25.0,
      20.0,
      56.0,
      21.0,
      2.0,
      15.0,
      7.0,
      34.0,
      19.0,
      12.0
    ],
    [
      13.0,
      14.0,
      6.0,
      11.0,
      8.0,
      5.0,
      5.0,
      12.0,
      0.0,
      19.0,
      16.0,
      11.0,
      51.0,
      12.0,
      13.0,
      5.0,
      16.0,
      27.0,
      10.0,
      2.0
    ],
    [
      16.0,
      21.0,
      15.0,
      15.0,
      14.0,
      17.0,
      19.0,
      14.0,
      19.0,
      0.0,
      25.0,
      20.0,
      48.0,
      22.0,
      16.0,
      16.0,
      12.0,
      46.0,
      19.0,
      17.0
    ],
    [
      9.0,
      4.0,
      10.0,
      11.0,
      10.0,
      10.0,
      13.0,
      25.0,
      16.0,
      25.0,
      0.0,
      5.0,
      39.0,
      13.0,
      26.0,
      10.0,
      25.0,
      40.0,
      11.0,
      14.0
    ],
    [
      6.0,
      3.0,
      5.0,
      7.0,
      5.0,
      5.0,
      8.0,
      20.0,
      11.0,
      20.0,
      5.0,
      0.0,
      43.0,
      9.0,
      21.0,
      5.0,
      20.0,
      36.0,
      6.0,
      9.0
    ],
    [
      38.0,
      40.0,
      45.0,
      39.0,
      43.0,
      45.0,
      48.0,
      56.0,
      51.0,
      48.0,
      39.0,
      43.0,
      0.0,
      47.0,
      58.0,
      45.0,
      57.0,
      75.0,
      44.0,
      49.0
    ],
    [
      9.0,
      10.0,
      6.0,
      10.0,
      7.0,
      7.0,
      10.0,
      21.0,
      12.0,
      22.0,
      13.0,
      9.0,
      47.0,
      0.0,
      21.0,
      5.0,
      20.0,
      35.0,
      2.0,
      9.0
    ],
    [
      20.0,
      24.0,
      16.0,
      18.0,
      16.0,
      16.0,
      17.0,
      2.0,
      13.0,
      16.0,
      26.0,
      21.0,
      58.0,
      21.0,
      0.0,
      17.0,
      9.0,
      36.0,
      20.0,
      13.0
    ],
    [
      7.0,
      8.0,
      1.0,
      6.0,
      2.0,
      1.0,
      3.0,
      15.0,
      5.0,
      16.0,
      10.0,
      5.0,
      45.0,
      5.0,
      17.0,
      0.0,
      16.0,
      30.0,
      4.0,
      4.0
    ],
    [
      19.0,
      23.0,
      15.0,
      18.0,
      15.0,
      15.0,
      18.0,
      7.0,
      16.0,
      12.0,
      25.0,
      20.0,
      57.0,
      20.0,
      9.0,
      16.0,
      0.0,
      38.0,
      19.0,
      15.0
    ],
    [
      37.0,
      38.0,
      31.0,
      36.0,
      32.0,
      30.0,
      27.0,
      34.0,
      27.0,
      46.0,
      40.0,
      36.0,
      75.0,
      35.0,
      36.0,
      30.0,
      38.0,
      0.0,
      35.0,
      29.0
    ],
    [
      6.0,
      8.0,
      4.0,
      7.0,
      5.0,
      5.0,
      7.0,
      19.0,
      10.0,
      19.0,
      11.0,
      6.0,
      44.0,
      2.0,
      20.0,
      4.0,
      19.0,
      35.0,
      0.0,
      7.0
    ],
    [
      11.0,
      12.0,
      4.0,
      10.0,
      6.0,
      3.0,
      4.0,
      12.0,
      2.0,
      17.0,
      14.0,
      9.0,
      49.0,
      9.0,
      13.0,
      4.0,
      15.0,
      29.0,
      7.0,
      0.0
    ]
  ]
}