{
  "drive_dist_matrix": [
    [
      0.0,
      10.7,
      13.5,
      2.8,
      6.1,
      10.7,
      18.7,
      2.9,
      9.1,
      3.3,
      10.8,
      6.8,
      11.1,
      7.0,
      4.6,
      7.9,
      16.2,
      6.2,
      181.0,
      0.75,
      4.3,
      4.7,
      20.2,
      8.0,
      4.2,
      2.7,
      4.7,
      17.7,
      5.8,
      10.6,
      19.6,
      4.4,
      55.9,
      9.5,
      6.5,
      7.2,
      6.0,
      11.7,
      53.4,
      32.8,
      21.2,
      5.7,
      10.2,
      3.1,
      6.5,
      10.9,
      20.2,
      84.2,
      6.0,
      138.0,
      297.0,
      138.0
    ],
    [
      10.7,
      0.0,
      9.2,
      7.8,
      10.7,
      0.2,
      13.1,
      7.5,
      7.4,
      7.9,
      9.1,
      8.8,
      9.4,
      3.7,
      6.2,
      6.9,
      10.7,
      5.8,
      174.0,
      7.8,
      10.3,
      9.9,
      22.2,
      5.3,
      7.0,
      9.5,
      9.9,
      13.5,
      10.7,
      6.9,
      21.7,
      9.6,
      62.2,
      1.6,
      7.5,
      6.9,
      8.3,
      13.7,
      62.6,
      38.6,
      23.3,
      10.6,
      0.45,
      6.1,
      11.1,
      16.6,
      22.2,
      88.9,
      11.7,
      134.0,
      293.0,
      134.0
    ],
    [
      13.5,
      9.2,
      0.0,
      12.9,
      15.8,
      9.2,
      15.2,
      10.4,
      11.1,
      10.8,
      12.8,
      13.9,
      13.1,
      6.6,
      9.1,
      12.0,
      17.2,
      7.4,
      177.0,
      11.2,
      11.0,
      15.0,
      35.4,
      9.0,
      9.9,
      12.3,
      15.0,
      25.8,
      15.8,
      10.6,
      38.2,
      14.7,
      65.5,
      8.6,
      12.6,
      12.0,
      13.4,
      12.5,
      57.2,
      49.5,
      37.4,
      15.7,
      9.7,
      8.9,
      16.2,
      18.2,
      35.4,
      84.8,
      12.4,
      137.0,
      287.0,
      138.0
    ],
    [
      2.8,
      7.8,
      12.9,
      0.0,
      3.6,
      7.8,
      12.2,
      2.1,
      3.2,
      6.9,
      4.8,
      1.7,
      5.2,
      5.1,
      5.2,
      1.7,
      9.7,
      5.9,
      171.0,
      2.1,
      9.2,
      2.8,
      15.9,
      4.1,
      6.0,
      4.0,
      2.8,
      9.3,
      3.6,
      5.8,
      15.4,
      2.5,
      54.5,
      7.5,
      0.35,
      0.9,
      1.0,
      13.9,
      55.6,
      31.5,
      17.0,
      3.5,
      7.3,
      3.6,
      4.0,
      13.2,
      15.9,
      86.4,
      9.1,
      131.0,
      295.0,
      132.0
    ],
    [
      6.1,
      10.7,
      15.8,
      3.6,
      0.0,
      10.5,
      14.2,
      4.9,
      5.6,
      5.4,
      7.3,
      3.3,
      7.3,
      7.8,
      7.9,
      4.5,
      11.8,
      8.6,
      175.0,
      4.9,
      6.3,
      2.1,
      14.3,
      6.8,
      8.7,
      3.3,
      2.1,
      11.9,
      2.0,
      8.6,
      13.8,
      3.2,
      51.1,
      10.2,
      3.1,
      3.7,
      2.5,
      11.0,
      52.7,
      28.0,
      15.4,
      1.0,
      10.1,
      7.8,
      0.6,
      10.2,
      14.3,
      83.5,
      6.2,
      133.0,
      310.0,
      133.0
    ],
    [
      10.7,
      0.2,
      9.2,
      7.8,
      10.5,
      0.0,
      13.1,
      7.5,
      7.4,
      7.9,
      9.1,
      8.8,
      9.4,
      3.7,
      6.2,
      6.9,
      10.6,
      5.8,
      174.0,
      7.8,
      10.3,
      9.9,
      22.2,
      5.3,
      7.0,
      9.4,
      9.9,
      13.5,
      10.7,
      6.9,
      21.6,
      9.6,
      62.2,
      1.6,
      7.5,
      6.9,
      8.3,
      13.7,
      62.6,
      38.6,
      23.2,
      10.6,
      0.45,
      6.1,
      11.1,
      16.6,
      22.2,
      88.9,
      11.7,
      134.0,
      293.0,
      134.0
    ],
    [
      18.7,
      13.1,
      15.2,
      12.2,
      14.2,
      13.1,
      0.0,
      14.1,
      10.9,
      17.7,
      10.6,
      15.0,
      8.7,
      14.6,
      16.0,
      12.6,
      3.9,
      16.7,
      166.0,
      14.1,
      21.3,
      15.8,
      20.8,
      13.7,
      16.8,
      18.4,
      15.8,
      11.1,
      16.7,
      12.0,
      20.3,
      15.6,
      53.9,
      10.5,
      14.7,
      12.6,
      14.2,
      28.6,
      75.8,
      53.7,
      25.8,
      16.5,
      13.9,
      15.9,
      16.1,
      23.4,
      20.8,
      93.7,
      21.2,
      126.0,
      291.0,
      126.0
    ],
    [
      2.9,
      7.5,
      10.4,
      2.1,
      4.9,
      7.5,
      14.1,
      0.0,
      3.8,
      3.1,
      5.5,
      3.2,
      5.8,
      3.8,
      1.4,
      1.8,
      10.4,
      3.0,
      172.0,
      2.2,
      5.6,
      4.3,
      17.4,
      3.9,
      2.1,
      4.6,
      4.3,
      9.9,
      5.1,
      6.5,
      16.8,
      4.0,
      56.0,
      6.3,
      1.9,
      1.6,
      2.7,
      9.9,
      54.4,
      33.0,
      18.5,
      5.0,
      7.0,
      1.4,
      5.5,
      14.7,
      17.4,
      87.9,
      10.6,
      132.0,
      294.0,
      132.0
    ],
    [
      9.1,
      7.4,
      11.1,
      3.2,
      5.6,
      7.4,
      10.9,
      3.8,
      0.0,
      7.3,
      2.2,
      4.2,
      2.6,
      4.6,
      5.6,
      2.2,
      7.1,
      6.3,
      168.0,
      3.7,
      11.4,
      5.0,
      15.4,
      3.3,
      6.4,
      6.2,
      5.0,
      6.7,
      5.9,
      4.0,
      14.8,
      4.8,
      56.9,
      7.1,
      2.7,
      2.2,
      3.4,
      16.1,
      58.4,
      35.0,
      16.4,
      5.7,
      6.8,
      5.5,
      6.2,
      16.1,
      15.4,
      88.6,
      11.3,
      129.0,
      295.0,
      129.0
    ],
    [
      3.3,
      7.9,
      10.8,
      6.9,
      5.4,
      7.9,
      17.7,
      3.1,
      7.3,
      0.0,
      9.1,
      5.6,
      9.4,
      4.3,
      1.9,
      6.0,
      14.0,
      3.4,
      175.0,
      3.5,
      2.8,
      3.6,
      19.0,
      5.2,
      2.1,
      2.0,
      3.5,
      16.5,
      4.6,
      7.9,
      18.5,
      3.4,
      54.7,
      6.8,
      6.6,
      6.0,
      4.8,
      8.2,
      51.7,
      31.7,
      20.1,
      4.5,
      7.5,
      2.1,
      5.3,
      9.6,
      19.0,
      82.5,
      4.7,
      137.0,
      294.0,
      137.0
    ],
    [
      10.8,
      9.1,
      12.8,
      4.8,
      7.3,
      9.1,
      10.6,
      5.5,
      2.2,
      9.1,
      0.0,
      5.8,
      2.3,
      6.4,
      7.4,
      3.9,
      6.9,
      8.1,
      168.0,
      5.5,
      13.7,
      6.7,
      15.1,
      5.0,
      8.2,
      7.9,
      6.6,
      6.4,
      7.5,
      5.7,
      14.6,
      6.4,
      56.7,
      8.9,
      4.5,
      3.9,
      5.0,
      18.4,
      58.2,
      34.1,
      16.2,
      7.4,
      8.6,
      7.3,
      7.8,
      15.8,
      15.1,
      91.5,
      13.6,
      128.0,
      305.0,
      129.0
    ],
    [
      6.8,
      8.8,
      13.9,
      1.7,
      3.3,
      8.8,
      15.0,
      3.2,
      4.2,
      5.6,
      5.8,
      0.0,
      4.4,
      6.4,
      6.6,
      3.1,
      9.5,
      7.3,
      171.0,
      3.5,
      9.2,
      2.8,
      15.9,
      5.1,
      7.4,
      4.0,
      2.8,
      8.5,
      3.6,
      5.8,
      15.3,
      2.5,
      54.5,
      8.9,
      1.7,
      2.3,
      1.2,
      13.9,
      57.7,
      31.5,
      17.0,
      3.5,
      8.6,
      6.5,
      4.0,
      13.2,
      15.9,
      86.4,
      9.1,
      131.0,
      308.0,
      132.0
    ],
    [
      11.1,
      9.4,
      13.1,
      5.2,
      7.3,
      9.4,
      8.7,
      5.8,
      2.6,
      9.4,
      2.3,
      4.4,
      0.0,
      6.7,
      7.7,
      4.3,
      4.9,
      8.4,
      166.0,
      5.8,
      13.2,
      7.0,
      14.9,
      5.4,
      8.5,
      8.2,
      7.0,
      6.2,
      7.8,
      6.1,
      14.3,
      6.7,
      54.7,
      9.2,
      4.8,
      4.3,
      5.4,
      17.9,
      57.6,
      33.8,
      15.9,
      7.7,
      9.0,
      7.6,
      8.0,
      15.3,
      14.9,
      90.9,
      13.1,
      127.0,
      304.0,
      127.0
    ],
    [
      7.0,
      3.7,
      6.6,
      5.1,
      7.8,
      3.7,
      14.6,
      3.8,
      4.6,
      4.3,
      6.4,
      6.4,
      6.7,
      0.0,
      3.0,
      6.0,
      11.3,
      2.6,
      173.0,
      5.2,
      7.1,
      9.0,
      19.9,
      3.0,
      3.8,
      6.3,
      8.9,
      11.2,
      9.8,
      4.5,
      19.3,
      8.7,
      61.4,
      2.6,
      6.5,
      6.0,
      7.3,
      10.9,
      59.9,
      39.4,
      20.9,
      9.7,
      3.6,
      2.9,
      10.1,
      13.4,
      19.9,
      86.2,
      8.5,
      133.0,
      290.0,
      134.0
    ],
    [
      4.6,
      6.2,
      9.1,
      5.2,
      7.9,
      6.2,
      16.0,
      1.4,
      5.6,
      1.9,
      7.4,
      6.6,
      7.7,
      3.0,
      0.0,
      4.2,
      12.1,
      1.6,
      173.0,
      2.3,
      4.7,
      5.4,
      20.3,
      3.4,
      1.2,
      3.6,
      5.4,
      11.7,
      8.0,
      6.0,
      19.7,
      5.2,
      62.0,
      4.9,
      4.7,
      4.2,
      5.5,
      8.4,
      52.9,
      40.7,
      21.3,
      7.9,
      5.6,
      0.23,
      8.3,
      11.5,
      20.3,
      83.7,
      6.6,
      134.0,
      293.0,
      134.0
    ],
    [
      7.9,
      6.9,
      12.0,
      1.7,
      4.5,
      6.9,
      12.6,
      1.8,
      2.2,
      6.0,
      3.9,
      3.1,
      4.3,
      6.0,
      4.2,
      0.0,
      8.9,
      4.2,
      170.0,
      1.9,
      7.6,
      4.0,
      17.1,
      2.4,
      4.2,
      5.2,
      4.0,
      8.5,
      4.8,
      5.0,
      16.5,
      3.7,
      58.8,
      5.8,
      1.5,
      0.85,
      2.3,
      10.9,
      56.8,
      32.6,
      18.1,
      4.7,
      5.6,
      3.3,
      5.2,
      14.3,
      17.1,
      87.6,
      10.3,
      131.0,
      293.0,
      131.0
    ],
    [
      16.2,
      10.7,
      17.2,
      9.7,
      11.8,
      10.6,
      3.9,
      10.4,
      7.1,
      14.0,
      6.9,
      9.5,
      4.9,
      11.3,
      12.1,
      8.9,
      0.0,
      13.1,
      164.0,
      10.5,
      17.7,
      12.2,
      19.0,
      10.0,
      13.2,
      14.7,
      12.2,
      9.3,
      13.0,
      8.4,
      18.6,
      11.9,
      52.6,
      11.7,
      11.1,
      8.9,
      10.6,
      22.4,
      62.1,
      37.9,
      20.2,
      12.9,
      10.3,
      12.3,
      12.5,
      19.8,
      19.0,
      96.7,
      17.6,
      124.0,
      294.0,
      125.0
    ],
    [
      6.2,
      5.8,
      7.4,
      5.9,
      8.6,
      5.8,
      16.7,
      3.0,
      6.3,
      3.4,
      8.1,
      7.3,
      8.4,
      2.6,
      1.6,
      4.2,
      13.1,
      0.0,
      174.0,
      3.9,
      5.6,
      8.0,
      21.1,
      3.6,
      2.5,
      5.0,
      8.0,
      12.5,
      8.8,
      6.0,
      20.5,
      7.7,
      62.8,
      4.6,
      5.5,
      5.0,
      6.4,
      7.6,
      53.0,
      40.8,
      22.1,
      8.7,
      5.4,
      1.6,
      9.2,
      11.9,
      21.1,
      83.8,
      7.0,
      135.0,
      292.0,
      135.0
    ],
    [
      181.0,
      174.0,
      177.0,
      171.0,
      175.0,
      174.0,
      166.0,
      172.0,
      168.0,
      175.0,
      168.0,
      171.0,
      166.0,
      173.0,
      173.0,
      170.0,
      164.0,
      174.0,
      0.0,
      173.0,
      182.0,
      179.0,
      175.0,
      172.0,
      175.0,
      179.0,
      179.0,
      166.0,
      178.0,
      171.0,
      175.0,
      174.0,
      204.0,
      176.0,
      173.0,
      171.0,
      173.0,
      187.0,
      232.0,
      204.0,
      176.0,
      177.0,
      174.0,
      174.0,
      177.0,
      185.0,
      175.0,
      258.0,
      182.0,
      222.0,
      227.0,
      223.0
    ],
    [
      0.75,
      7.8,
      11.2,
      2.1,
      4.9,
      7.8,
      14.1,
      2.2,
      3.7,
      3.5,
      5.5,
      3.5,
      5.8,
      5.2,
      2.3,
      1.9,
      10.5,
      3.9,
      173.0,
      0.0,
      5.1,
      5.5,
      17.3,
      4.1,
      1.4,
      3.5,
      5.4,
      9.9,
      6.5,
      6.5,
      16.8,
      5.4,
      56.0,
      7.2,
      1.8,
      1.6,
      2.6,
      12.4,
      54.1,
      32.9,
      18.4,
      5.0,
      7.4,
      2.3,
      5.4,
      11.6,
      17.4,
      84.9,
      6.7,
      132.0,
      295.0,
      132.0
    ],
    [
      4.3,
      10.3,
      11.0,
      9.2,
      6.3,
      10.3,
      21.3,
      5.6,
      11.4,
      2.8,
      13.7,
      9.2,
      13.2,
      7.1,
      4.7,
      7.6,
      17.7,
      5.6,
      182.0,
      5.1,
      0.0,
      5.7,
      19.3,
      7.4,
      4.8,
      3.0,
      5.7,
      16.9,
      6.5,
      13.6,
      18.8,
      5.8,
      54.4,
      8.8,
      8.1,
      8.7,
      7.5,
      7.9,
      49.6,
      33.3,
      20.4,
      5.8,
      9.5,
      4.8,
      5.6,
      6.8,
      19.3,
      80.4,
      1.2,
      136.0,
      307.0,
      137.0
    ],
    [
      4.7,
      9.9,
      15.0,
      2.8,
      2.1,
      9.9,
      15.8,
      4.3,
      5.0,
      3.6,
      6.7,
      2.8,
      7.0,
      9.0,
      5.4,
      4.0,
      12.2,
      8.0,
      179.0,
      5.5,
      5.7,
      0.0,
      16.7,
      6.2,
      5.6,
      1.9,
      0.024,
      14.3,
      0.6,
      7.9,
      16.2,
      0.8,
      52.4,
      9.6,
      2.4,
      3.1,
      1.9,
      11.3,
      52.9,
      29.4,
      17.8,
      1.0,
      9.4,
      7.2,
      1.9,
      10.5,
      16.7,
      83.8,
      6.4,
      134.0,
      311.0,
      135.0
    ],
    [
      20.2,
      22.2,
      35.4,
      15.9,
      14.3,
      22.2,
      20.8,
      17.4,
      15.4,
      19.0,
      15.1,
      15.9,
      14.9,
      19.9,
      20.3,
      17.1,
      19.0,
      21.1,
      175.0,
      17.3,
      19.3,
      16.7,
      0.0,
      19.1,
      20.6,
      16.9,
      16.6,
      10.9,
      15.6,
      21.0,
      4.6,
      15.6,
      38.6,
      22.5,
      15.3,
      15.9,
      14.8,
      24.5,
      56.0,
      27.0,
      7.1,
      14.9,
      22.3,
      20.1,
      14.6,
      18.4,
      0.95,
      94.1,
      19.7,
      110.0,
      312.0,
      111.0
    ],
    [
      8.0,
      5.3,
      9.0,
      4.1,
      6.8,
      5.3,
      13.7,
      3.9,
      3.3,
      5.2,
      5.0,
      5.1,
      5.4,
      3.0,
      3.4,
      2.4,
      10.0,
      3.6,
      172.0,
      4.1,
      7.4,
      6.2,
      19.1,
      0.0,
      4.9,
      8.4,
      7.1,
      9.4,
      8.0,
      2.7,
      17.5,
      6.9,
      59.6,
      4.6,
      4.7,
      4.1,
      5.5,
      13.0,
      61.1,
      37.6,
      19.1,
      7.9,
      4.4,
      4.0,
      8.3,
      18.7,
      18.1,
      88.3,
      13.4,
      131.0,
      292.0,
      132.0
    ],
    [
      4.2,
      7.0,
      9.9,
      6.0,
      8.7,
      7.0,
      16.8,
      2.1,
      6.4,
      2.1,
      8.2,
      7.4,
      8.5,
      3.8,
      1.2,
      4.2,
      13.2,
      2.5,
      175.0,
      1.4,
      4.8,
      5.6,
      20.6,
      4.9,
      0.0,
      3.0,
      5.4,
      12.6,
      6.5,
      6.9,
      20.3,
      4.9,
      56.6,
      5.8,
      5.6,
      5.1,
      6.4,
      9.3,
      53.8,
      33.5,
      21.9,
      6.4,
      6.5,
      1.2,
      7.1,
      11.5,
      20.9,
      84.6,
      6.5,
      135.0,
      293.0,
      135.0
    ],
    [
      2.7,
      9.5,
      12.3,
      4.0,
      3.3,
      9.4,
      18.4,
      4.6,
      6.2,
      2.0,
      7.9,
      4.0,
      8.2,
      6.3,
      3.6,
      5.2,
      14.7,
      5.0,
      179.0,
      3.5,
      3.0,
      1.9,
      16.9,
      8.4,
      3.0,
      0.0,
      1.8,
      14.7,
      2.6,
      9.1,
      16.6,
      1.9,
      52.4,
      8.3,
      3.6,
      4.3,
      3.1,
      9.8,
      51.4,
      29.4,
      18.2,
      2.5,
      10.6,
      4.2,
      3.4,
      9.0,
      17.2,
      82.3,
      4.9,
      134.0,
      309.0,
      135.0
    ],
    [
      4.7,
      9.9,
      15.0,
      2.8,
      2.1,
      9.9,
      15.8,
      4.3,
      5.0,
      3.5,
      6.6,
      2.8,
      7.0,
      8.9,
      5.4,
      4.0,
      12.2,
      8.0,
      179.0,
      5.4,
      5.7,
      0.024,
      16.6,
      7.1,
      5.4,
      1.8,
      0.0,
      14.2,
      0.6,
      7.9,
      16.2,
      0.8,
      52.4,
      9.6,
      2.4,
      3.0,
      1.9,
      11.2,
      52.9,
      29.4,
      17.8,
      1.0,
      9.4,
      7.2,
      1.9,
      10.5,
      16.7,
      83.7,
      6.4,
      134.0,
      311.0,
      135.0
    ],
    [
      17.7,
      13.5,
      25.8,
      9.3,
      11.9,
      13.5,
      11.1,
      9.9,
      6.7,
      16.5,
      6.4,
      8.5,
      6.2,
      11.2,
      11.7,
      8.5,
      9.3,
      12.5,
      166.0,
      9.9,
      16.9,
      14.3,
      10.9,
      9.4,
      12.6,
      14.7,
      14.2,
      0.0,
      11.1,
      9.3,
      10.9,
      10.0,
      53.4,
      12.5,
      8.1,
      7.5,
      8.6,
      21.2,
      61.1,
      31.0,
      12.6,
      11.5,
      12.2,
      10.9,
      11.3,
      18.7,
      11.3,
      93.7,
      16.4,
      125.0,
      302.0,
      126.0
    ],
    [
      5.8,
      10.7,
      15.8,
      3.6,
      2.0,
      10.7,
      16.7,
      5.1,
      5.9,
      4.6,
      7.5,
      3.6,
      7.8,
      9.8,
      8.0,
      4.8,
      13.0,
      8.8,
      178.0,
      6.5,
      6.5,
      0.6,
      15.6,
      8.0,
      6.5,
      2.6,
      0.6,
      11.1,
      0.0,
      8.8,
      16.5,
      1.2,
      52.8,
      10.4,
      3.3,
      3.9,
      2.7,
      11.6,
      53.2,
      29.7,
      18.1,
      0.4,
      10.3,
      6.3,
      2.0,
      10.8,
      17.0,
      84.1,
      6.8,
      135.0,
      311.0,
      135.0
    ],
    [
      10.6,
      6.9,
      10.6,
      5.8,
      8.6,
      6.9,
      12.0,
      6.5,
      4.0,
      7.9,
      5.7,
      5.8,
      6.1,
      4.5,
      6.0,
      5.0,
      8.4,
      6.0,
      171.0,
      6.5,
      13.6,
      7.9,
      21.0,
      2.7,
      6.9,
      9.1,
      7.9,
      9.3,
      8.8,
      0.0,
      18.3,
      7.7,
      58.1,
      6.7,
      5.5,
      5.0,
      6.3,
      15.0,
      61.9,
      38.4,
      19.9,
      8.7,
      6.4,
      6.1,
      9.1,
      19.5,
      18.9,
      90.3,
      14.2,
      130.0,
      294.0,
      130.0
    ],
    [
      19.6,
      21.7,
      38.2,
      15.4,
      13.8,
      21.6,
      20.3,
      16.8,
      14.8,
      18.5,
      14.6,
      15.3,
      14.3,
      19.3,
      19.7,
      16.5,
      18.6,
      20.5,
      175.0,
      16.8,
      18.8,
      16.2,
      4.6,
      17.5,
      20.3,
      16.6,
      16.2,
      10.9,
      16.5,
      18.3,
      0.0,
      15.3,
      38.9,
      22.1,
      15.0,
      15.6,
      14.4,
      24.2,
      67.3,
      29.6,
      2.6,
      14.5,
      22.0,
      19.7,
      14.3,
      21.7,
      3.3,
      96.7,
      19.4,
      111.0,
      315.0,
      111.0
    ],
    [
      4.4,
      9.6,
      14.7,
      2.5,
      3.2,
      9.6,
      15.6,
      4.0,
      4.8,
      3.4,
      6.4,
      2.5,
      6.7,
      8.7,
      5.2,
      3.7,
      11.9,
      7.7,
      174.0,
      5.4,
      5.8,
      0.8,
      15.6,
      6.9,
      4.9,
      1.9,
      0.8,
      10.0,
      1.2,
      7.7,
      15.3,
      0.0,
      52.6,
      9.3,
      2.2,
      2.8,
      1.6,
      11.4,
      53.1,
      29.5,
      16.9,
      1.7,
      9.2,
      6.9,
      3.1,
      10.6,
      15.8,
      83.9,
      6.6,
      134.0,
      297.0,
      135.0
    ],
    [
      55.9,
      62.2,
      65.5,
      54.5,
      51.1,
      62.2,
      53.9,
      56.0,
      56.9,
      54.7,
      56.7,
      54.5,
      54.7,
      61.4,
      62.0,
      58.8,
      52.6,
      62.8,
      204.0,
      56.0,
      54.4,
      52.4,
      38.6,
      59.6,
      56.6,
      52.4,
      52.4,
      53.4,
      52.8,
      58.1,
      38.9,
      52.6,
      0.0,
      62.0,
      59.6,
      57.5,
      59.1,
      62.8,
      70.2,
      32.8,
      35.1,
      54.5,
      60.6,
      60.8,
      52.9,
      52.7,
      38.4,
      129.0,
      56.2,
      123.0,
      342.0,
      123.0
    ],
    [
      9.5,
      1.6,
      8.6,
      7.5,
      10.2,
      1.6,
      10.5,
      6.3,
      7.1,
      6.8,
      8.9,
      8.9,
      9.2,
      2.6,
      4.9,
      5.8,
      11.7,
      4.6,
      176.0,
      7.2,
      8.8,
      9.6,
      22.5,
      4.6,
      5.8,
      8.3,
      9.6,
      12.5,
      10.4,
      6.7,
      22.1,
      9.3,
      62.0,
      0.0,
      7.1,
      6.6,
      7.9,
      13.0,
      62.0,
      44.6,
      23.0,
      10.3,
      1.6,
      4.9,
      10.8,
      15.4,
      22.0,
      88.3,
      10.5,
      135.0,
      292.0,
      136.0
    ],
    [
      6.5,
      7.5,
      12.6,
      0.35,
      3.1,
      7.5,
      14.7,
      1.9,
      2.7,
      6.6,
      4.5,
      1.7,
      4.8,
      6.5,
      4.7,
      1.5,
      11.1,
      5.5,
      173.0,
      1.8,
      8.1,
      2.4,
      15.3,
      4.7,
      5.6,
      3.6,
      2.4,
      8.1,
      3.3,
      5.5,
      15.0,
      2.2,
      59.6,
      7.1,
      0.0,
      0.6,
      0.8,
      13.6,
      55.2,
      31.1,
      16.6,
      3.2,
      7.0,
      4.7,
      3.6,
      12.8,
      15.5,
      86.1,
      8.7,
      131.0,
      295.0,
      131.0
    ],
    [
      7.2,
      6.9,
      12.0,
      0.9,
      3.7,
      6.9,
      12.6,
      1.6,
      2.2,
      6.0,
      3.9,
      2.3,
      4.3,
      6.0,
      4.2,
      0.85,
      8.9,
      5.0,
      171.0,
      1.6,
      8.7,
      3.1,
      15.9,
      4.1,
      5.1,
      4.3,
      3.0,
      7.5,
      3.9,
      5.0,
      15.6,
      2.8,
      57.5,
      6.6,
      0.6,
      0.0,
      1.4,
      14.2,
      55.8,
      31.7,
      17.2,
      3.8,
      6.4,
      4.2,
      4.2,
      13.4,
      16.2,
      86.7,
      9.3,
      130.0,
      294.0,
      131.0
    ],
    [
      6.0,
      8.3,
      13.4,
      1.0,
      2.5,
      8.3,
      14.2,
      2.7,
      3.4,
      4.8,
      5.0,
      1.2,
      5.4,
      7.3,
      5.5,
      2.3,
      10.6,
      6.4,
      173.0,
      2.6,
      7.5,
      1.9,
      14.8,
      5.5,
      6.4,
      3.1,
      1.9,
      8.6,
      2.7,
      6.3,
      14.4,
      1.6,
      59.1,
      7.9,
      0.8,
      1.4,
      0.0,
      13.1,
      54.8,
      30.7,
      16.1,
      2.7,
      8.0,
      5.8,
      3.2,
      12.4,
      15.0,
      85.6,
      8.3,
      132.0,
      296.0,
      133.0
    ],
    [
      11.7,
      13.7,
      12.5,
      13.9,
      11.0,
      13.7,
      28.6,
      9.9,
      16.1,
      8.2,
      18.4,
      13.9,
      17.9,
      10.9,
      8.4,
      10.9,
      22.4,
      7.6,
      187.0,
      12.4,
      7.9,
      11.3,
      24.5,
      13.0,
      9.3,
      9.8,
      11.2,
      21.2,
      11.6,
      15.0,
      24.2,
      11.4,
      62.8,
      13.0,
      13.6,
      14.2,
      13.1,
      0.0,
      47.6,
      37.9,
      26.4,
      11.8,
      12.8,
      9.0,
      11.6,
      10.9,
      25.3,
      75.8,
      6.9,
      144.0,
      299.0,
      144.0
    ],
    [
      53.4,
      62.6,
      57.2,
      55.6,
      52.7,
      62.6,
      75.8,
      54.4,
      58.4,
      51.7,
      58.2,
      57.7,
      57.6,
      59.9,
      52.9,
      56.8,
      62.1,
      53.0,
      232.0,
      54.1,
      49.6,
      52.9,
      56.0,
      61.1,
      53.8,
      51.4,
      52.9,
      61.1,
      53.2,
      61.9,
      67.3,
      53.1,
      70.2,
      62.0,
      55.2,
      55.8,
      54.8,
      47.6,
      0.0,
      38.6,
      64.3,
      53.0,
      57.3,
      52.8,
      52.7,
      45.5,
      56.3,
      51.9,
      48.0,
      152.0,
      349.0,
      153.0
    ],
    [
      32.8,
      38.6,
      49.5,
      31.5,
      28.0,
      38.6,
      53.7,
      33.0,
      35.0,
      31.7,
      34.1,
      31.5,
      33.8,
      39.4,
      40.7,
      32.6,
      37.9,
      40.8,
      204.0,
      32.9,
      33.3,
      29.4,
      27.0,
      37.6,
      33.5,
      29.4,
      29.4,
      31.0,
      29.7,
      38.4,
      29.6,
      29.5,
      32.8,
      44.6,
      31.1,
      31.7,
      30.7,
      37.9,
      38.6,
      0.0,
      36.8,
      33.0,
      42.2,
      36.0,
      31.4,
      30.2,
      26.8,
      97.5,
      33.7,
      125.0,
      344.0,
      125.0
    ],
    [
      21.2,
      23.3,
      37.4,
      17.0,
      15.4,
      23.2,
      25.8,
      18.5,
      16.4,
      20.1,
      16.2,
      17.0,
      15.9,
      20.9,
      21.3,
      18.1,
      20.2,
      22.1,
      176.0,
      18.4,
      20.4,
      17.8,
      7.1,
      19.1,
      21.9,
      18.2,
      17.8,
      12.6,
      18.1,
      19.9,
      2.6,
      16.9,
      35.1,
      23.0,
      16.6,
      17.2,
      16.1,
      26.4,
      64.3,
      36.8,
      0.0,
      17.9,
      25.4,
      23.1,
      17.7,
      25.1,
      6.0,
      100.0,
      22.8,
      107.0,
      318.0,
      108.0
    ],
    [
      5.7,
      10.6,
      15.7,
      3.5,
      1.0,
      10.6,
      16.5,
      5.0,
      5.7,
      4.5,
      7.4,
      3.5,
      7.7,
      9.7,
      7.9,
      4.7,
      12.9,
      8.7,
      177.0,
      5.0,
      5.8,
      1.0,
      14.9,
      7.9,
      6.4,
      2.5,
      1.0,
      11.5,
      0.4,
      8.7,
      14.5,
      1.7,
      54.5,
      10.3,
      3.2,
      3.8,
      2.7,
      11.8,
      53.0,
      33.0,
      17.9,
      0.0,
      10.4,
      8.2,
      1.6,
      10.8,
      14.7,
      84.1,
      6.7,
      134.0,
      313.0,
      135.0
    ],
    [
      10.2,
      0.45,
      9.7,
      7.3,
      10.1,
      0.45,
      13.9,
      7.0,
      6.8,
      7.5,
      8.6,
      8.6,
      9.0,
      3.6,
      5.6,
      5.6,
      10.3,
      5.4,
      174.0,
      7.4,
      9.5,
      9.4,
      22.3,
      4.4,
      6.5,
      10.6,
      9.4,
      12.2,
      10.3,
      6.4,
      22.0,
      9.2,
      60.6,
      1.6,
      7.0,
      6.4,
      8.0,
      12.8,
      57.3,
      42.2,
      25.4,
      10.4,
      0.0,
      5.6,
      10.6,
      16.1,
      21.8,
      89.4,
      11.2,
      134.0,
      293.0,
      134.0
    ],
    [
      3.1,
      6.1,
      8.9,
      3.6,
      7.8,
      6.1,
      15.9,
      1.4,
      5.5,
      2.1,
      7.3,
      6.5,
      7.6,
      2.9,
      0.23,
      3.3,
      12.3,
      1.6,
      174.0,
      2.3,
      4.8,
      7.2,
      20.1,
      4.0,
      1.2,
      4.2,
      7.2,
      10.9,
      6.3,
      6.1,
      19.7,
      6.9,
      60.8,
      4.9,
      4.7,
      4.2,
      5.8,
      9.0,
      52.8,
      36.0,
      23.1,
      8.2,
      5.6,
      0.0,
      8.4,
      11.2,
      20.3,
      83.7,
      6.3,
      134.0,
      293.0,
      134.0
    ],
    [
      6.5,
      11.1,
      16.2,
      4.0,
      0.6,
      11.1,
      16.1,
      5.5,
      6.2,
      5.3,
      7.8,
      4.0,
      8.0,
      10.1,
      8.3,
      5.2,
      12.5,
      9.2,
      177.0,
      5.4,
      5.6,
      1.9,
      14.6,
      8.3,
      7.1,
      3.4,
      1.9,
      11.3,
      2.0,
      9.1,
      14.3,
      3.1,
      52.9,
      10.8,
      3.6,
      4.2,
      3.2,
      11.6,
      52.7,
      31.4,
      17.7,
      1.6,
      10.6,
      8.4,
      0.0,
      10.3,
      14.9,
      83.6,
      6.2,
      133.0,
      310.0,
      133.0
    ],
    [
      10.9,
      16.6,
      18.2,
      13.2,
      10.2,
      16.6,
      23.4,
      14.7,
      16.1,
      9.6,
      15.8,
      13.2,
      15.3,
      13.4,
      11.5,
      14.3,
      19.8,
      11.9,
      185.0,
      11.6,
      6.8,
      10.5,
      18.4,
      18.7,
      11.5,
      9.0,
      10.5,
      18.7,
      10.8,
      19.5,
      21.7,
      10.6,
      52.7,
      15.4,
      12.8,
      13.4,
      12.4,
      10.9,
      45.5,
      30.2,
      25.1,
      10.8,
      16.1,
      11.2,
      10.3,
      0.0,
      18.9,
      78.5,
      5.5,
      136.0,
      310.0,
      137.0
    ],
    [
      20.2,
      22.2,
      35.4,
      15.9,
      14.3,
      22.2,
      20.8,
      17.4,
      15.4,
      19.0,
      15.1,
      15.9,
      14.9,
      19.9,
      20.3,
      17.1,
      19.0,
      21.1,
      175.0,
      17.4,
      19.3,
      16.7,
      0.95,
      18.1,
      20.9,
      17.2,
      16.7,
      11.3,
      17.0,
      18.9,
      3.3,
      15.8,
      38.4,
      22.0,
      15.5,
      16.2,
      15.0,
      25.3,
      56.3,
      26.8,
      6.0,
      14.7,
      21.8,
      20.3,
      14.9,
      18.9,
      0.0,
      94.1,
      19.7,
      110.0,
      312.0,
      110.0
    ],
    [
      84.2,
      88.9,
      84.8,
      86.4,
      83.5,
      88.9,
      93.7,
      87.9,
      88.6,
      82.5,
      91.5,
      86.4,
      90.9,
      86.2,
      83.7,
      87.6,
      96.7,
      83.8,
      258.0,
      84.9,
      80.4,
      83.8,
      94.1,
      88.3,
      84.6,
      82.3,
      83.7,
      93.7,
      84.1,
      90.3,
      96.7,
      83.9,
      129.0,
      88.3,
      86.1,
      86.7,
      85.6,
      75.8,
      51.9,
      97.5,
      100.0,
      84.1,
      89.4,
      83.7,
      83.6,
      78.5,
      94.1,
      0.0,
      81.3,
      188.0,
      340.0,
      189.0
    ],
    [
      6.0,
      11.7,
      12.4,
      9.1,
      6.2,
      11.7,
      21.2,
      10.6,
      11.3,
      4.7,
      13.6,
      9.1,
      13.1,
      8.5,
      6.6,
      10.3,
      17.6,
      7.0,
      182.0,
      6.7,
      1.2,
      6.4,
      19.7,
      13.4,
      6.5,
      4.9,
      6.4,
      16.4,
      6.8,
      14.2,
      19.4,
      6.6,
      56.2,
      10.5,
      8.7,
      9.3,
      8.3,
      6.9,
      48.0,
      33.7,
      22.8,
      6.7,
      11.2,
      6.3,
      6.2,
      5.5,
      19.7,
      81.3,
      0.0,
      136.0,
      307.0,
      137.0
    ],
    [
      138.0,
      134.0,
      137.0,
      131.0,
      133.0,
      134.0,
      126.0,
      132.0,
      129.0,
      137.0,
      128.0,
      131.0,
      127.0,
      133.0,
      134.0,
      131.0,
      124.0,
      135.0,
      222.0,
      132.0,
      136.0,
      134.0,
      110.0,
      131.0,
      135.0,
      134.0,
      134.0,
      125.0,
      135.0,
      130.0,
      111.0,
      134.0,
      123.0,
      135.0,
      131.0,
      130.0,
      132.0,
      144.0,
      152.0,
      125.0,
      107.0,
      134.0,
      134.0,
      134.0,
      133.0,
      136.0,
      110.0,
      188.0,
      136.0,
      0.0,
      341.0,
      1.8
    ],
    [
      297.0,
      293.0,
      287.0,
      295.0,
      310.0,
      293.0,
      291.0,
      294.0,
      295.0,
      294.0,
      305.0,
      308.0,
      304.0,
      290.0,
      293.0,
      293.0,
      294.0,
      292.0,
      227.0,
      295.0,
      307.0,
      311.0,
      312.0,
      292.0,
      293.0,
      309.0,
      311.0,
      302.0,
      311.0,
      294.0,
      315.0,
      297.0,
      342.0,
      292.0,
      295.0,
      294.0,
      296.0,
      299.0,
      349.0,
      344.0,
      318.0,
      313.0,
      293.0,
      293.0,
      310.0,
      310.0,
      312.0,
      340.0,
      307.0,
      341.0,
      0.0,
      292.0
    ],
    [
      138.0,
      134.0,
      138.0,
      132.0,
      133.0,
      134.0,
      126.0,
      132.0,
      129.0,
      137.0,
      129.0,
      132.0,
      127.0,
      134.0,
      134.0,
      131.0,
      125.0,
      135.0,
      223.0,
      132.0,
      137.0,
      135.0,
      111.0,
      132.0,
      135.0,
      135.0,
      135.0,
      126.0,
      135.0,
      130.0,
      111.0,
      135.0,
      123.0,
      136.0,
      131.0,
      131.0,
      133.0,
      144.0,
      153.0,
      125.0,
      108.0,
      135.0,
      134.0,
      134.0,
      133.0,
      137.0,
      110.0,
      189.0,
      137.0,
      1.8,
      292.0,
      0.0
    ]
  ],
  "drive_time_matrix": [
    [
      0.0,
      33.0,
      37.0,
      32.0,
      17.0,
      32.0,
      38.0,
      33.0,
      22.0,
      11.0,
      25.0,
      18.0,
      26.0,
      22.0,
      15.0,
      20.0,
      34.0,
      20.0,
      212.0,
      3.0,
      14.0,
      13.0,
      39.0,
      23.0,
      18.0,
      10.0,
      13.0,
      30.0,
      17.0,
      30.0,
      38.0,
      41.0,
      73.0,
      30.0,
      17.0,
      19.0,
      16.0,
      28.0,
      55.0,
      54.0,
      41.0,
      17.0,
      30.0,
      31.0,
      18.0,
      29.0,
      39.0,
      79.0,
      20.0,
      111.0,
      246.0,
      112.0
    ],
    [
      33.0,
      0.0,
      26.0,
      22.0,
      28.0,
      1.0,
      27.0,
      26.0,
      19.0,
      24.0,
      22.0,
      24.0,
      23.0,
      11.0,
      19.0,
      19.0,
      23.0,
      17.0,
      210.0,
      44.0,
      33.0,
      28.0,
      49.0,
      14.0,
      21.0,
      33.0,
      28.0,
      32.0,
      32.0,
      19.0,
      47.0,
      27.0,
      79.0,
      7.0,
      20.0,
      19.0,
      23.0,
      39.0,
      69.0,
      67.0,
      53.0,
      30.0,
      7.0,
      18.0,
      30.0,
      46.0,
      50.0,
      90.0,
      38.0,
      110.0,
      234.0,
      110.0
    ],
    [
      37.0,
      26.0,
      0.0,
      29.0,
      36.0,
      26.0,
      27.0,
      31.0,
      25.0,
      29.0,
      28.0,
      31.0,
      29.0,
      17.0,
      24.0,
      26.0,
      32.0,
      21.0,
      205.0,
      47.0,
      34.0,
      35.0,
      54.0,
      21.0,
      26.0,
      37.0,
      35.0,
      37.0,
      38.0,
      25.0,
      51.0,
      34.0,
      73.0,
      23.0,
      27.0,
      26.0,
      30.0,
      30.0,
      58.0,
      65.0,
      49.0,
      37.0,
      24.0,
      23.0,
      37.0,
      42.0,
      54.0,
      76.0,
      36.0,
      104.0,
      218.0,
      105.0
    ],
    [
      32.0,
      22.0,
      29.0,
      0.0,
      11.0,
      22.0,
      26.0,
      13.0,
      10.0,
      20.0,
      12.0,
      6.0,
      13.0,
      14.0,
      14.0,
      6.0,
      22.0,
      16.0,
      204.0,
      30.0,
      22.0,
      10.0,
      33.0,
      11.0,
      16.0,
      16.0,
      10.0,
      22.0,
      14.0,
      16.0,
      32.0,
      9.0,
      69.0,
      22.0,
      4.0,
      18.0,
      16.0,
      28.0,
      55.0,
      50.0,
      36.0,
      12.0,
      20.0,
      22.0,
      12.0,
      29.0,
      33.0,
      79.0,
      21.0,
      104.0,
      237.0,
      105.0
    ],
    [
      17.0,
      28.0,
      36.0,
      11.0,
      0.0,
      28.0,
      29.0,
      19.0,
      14.0,
      19.0,
      17.0,
      9.0,
      17.0,
      20.0,
      20.0,
      12.0,
      25.0,
      22.0,
      203.0,
      35.0,
      14.0,
      9.0,
      29.0,
      18.0,
      23.0,
      12.0,
      9.0,
      21.0,
      9.0,
      23.0,
      28.0,
      11.0,
      60.0,
      28.0,
      9.0,
      11.0,
      8.0,
      20.0,
      48.0,
      40.0,
      32.0,
      13.0,
      26.0,
      20.0,
      8.0,
      21.0,
      30.0,
      71.0,
      13.0,
      98.0,
      239.0,
      99.0
    ],
    [
      32.0,
      1.0,
      26.0,
      22.0,
      28.0,
      0.0,
      27.0,
      25.0,
      19.0,
      24.0,
      22.0,
      23.0,
      22.0,
      11.0,
      18.0,
      19.0,
      23.0,
      17.0,
      210.0,
      44.0,
      33.0,
      28.0,
      50.0,
      14.0,
      21.0,
      33.0,
      28.0,
      32.0,
      31.0,
      19.0,
      47.0,
      27.0,
      79.0,
      6.0,
      20.0,
      19.0,
      23.0,
      39.0,
      68.0,
      67.0,
      52.0,
      30.0,
      2.0,
      18.0,
      30.0,
      46.0,
      50.0,
      89.0,
      38.0,
      109.0,
      234.0,
      110.0
    ],
    [
      38.0,
      27.0,
      27.0,
      26.0,
      29.0,
      27.0,
      0.0,
      35.0,
      22.0,
      39.0,
      21.0,
      27.0,
      17.0,
      30.0,
      34.0,
      26.0,
      9.0,
      36.0,
      195.0,
      49.0,
      36.0,
      31.0,
      38.0,
      29.0,
      36.0,
      34.0,
      31.0,
      21.0,
      34.0,
      27.0,
      37.0,
      30.0,
      63.0,
      31.0,
      27.0,
      26.0,
      26.0,
      38.0,
      62.0,
      60.0,
      39.0,
      33.0,
      29.0,
      33.0,
      30.0,
      41.0,
      38.0,
      77.0,
      36.0,
      93.0,
      216.0,
      94.0
    ],
    [
      33.0,
      26.0,
      31.0,
      13.0,
      19.0,
      25.0,
      35.0,
      0.0,
      16.0,
      14.0,
      19.0,
      14.0,
      19.0,
      15.0,
      8.0,
      11.0,
      28.0,
      14.0,
      210.0,
      31.0,
      24.0,
      19.0,
      41.0,
      16.0,
      11.0,
      23.0,
      18.0,
      28.0,
      22.0,
      22.0,
      40.0,
      18.0,
      77.0,
      24.0,
      11.0,
      10.0,
      13.0,
      34.0,
      63.0,
      58.0,
      43.0,
      20.0,
      24.0,
      8.0,
      21.0,
      37.0,
      41.0,
      88.0,
      29.0,
      110.0,
      239.0,
      111.0
    ],
    [
      22.0,
      19.0,
      25.0,
      10.0,
      14.0,
      19.0,
      22.0,
      16.0,
      0.0,
      20.0,
      5.0,
      9.0,
      6.0,
      11.0,
      14.0,
      6.0,
      15.0,
      16.0,
      197.0,
      32.0,
      25.0,
      13.0,
      34.0,
      9.0,
      16.0,
      19.0,
      13.0,
      16.0,
      16.0,
      12.0,
      32.0,
      12.0,
      66.0,
      18.0,
      7.0,
      6.0,
      7.0,
      31.0,
      55.0,
      52.0,
      36.0,
      15.0,
      17.0,
      13.0,
      15.0,
      30.0,
      34.0,
      82.0,
      24.0,
      96.0,
      234.0,
      97.0
    ],
    [
      11.0,
      24.0,
      29.0,
      20.0,
      19.0,
      24.0,
      39.0,
      14.0,
      20.0,
      0.0,
      22.0,
      18.0,
      23.0,
      13.0,
      6.0,
      15.0,
      32.0,
      12.0,
      213.0,
      31.0,
      13.0,
      13.0,
      39.0,
      15.0,
      7.0,
      11.0,
      13.0,
      31.0,
      17.0,
      21.0,
      38.0,
      12.0,
      73.0,
      22.0,
      17.0,
      16.0,
      16.0,
      28.0,
      54.0,
      54.0,
      41.0,
      17.0,
      22.0,
      7.0,
      18.0,
      28.0,
      39.0,
      80.0,
      20.0,
      111.0,
      237.0,
      112.0
    ],
    [
      25.0,
      22.0,
      28.0,
      12.0,
      17.0,
      22.0,
      21.0,
      19.0,
      5.0,
      22.0,
      0.0,
      12.0,
      6.0,
      14.0,
      17.0,
      9.0,
      14.0,
      19.0,
      196.0,
      35.0,
      25.0,
      16.0,
      33.0,
      12.0,
      20.0,
      21.0,
      15.0,
      15.0,
      19.0,
      15.0,
      31.0,
      15.0,
      65.0,
      22.0,
      10.0,
      9.0,
      10.0,
      31.0,
      55.0,
      51.0,
      35.0,
      17.0,
      20.0,
      17.0,
      18.0,
      29.0,
      34.0,
      82.0,
      24.0,
      96.0,
      233.0,
      97.0
    ],
    [
      18.0,
      24.0,
      31.0,
      6.0,
      9.0,
      23.0,
      27.0,
      14.0,
      9.0,
      18.0,
      12.0,
      0.0,
      9.0,
      15.0,
      15.0,
      7.0,
      18.0,
      18.0,
      200.0,
      31.0,
      20.0,
      8.0,
      31.0,
      12.0,
      18.0,
      14.0,
      8.0,
      19.0,
      12.0,
      15.0,
      30.0,
      7.0,
      67.0,
      22.0,
      21.0,
      6.0,
      3.0,
      26.0,
      53.0,
      47.0,
      34.0,
      10.0,
      20.0,
      15.0,
      11.0,
      27.0,
      31.0,
      77.0,
      19.0,
      99.0,
      237.0,
      100.0
    ],
    [
      26.0,
      23.0,
      29.0,
