{
  "drive_dist_matrix": [
    [
      0.0,
      8.529501999999999,
      3.057746,
      2.092142,
      4.184284,
      3.8624159999999996,
      2.2530759999999996,
      5.471756,
      1.2874720000000002,
      0.16093400000000002,
      2.896812,
      2.5749440000000003,
      3.21868,
      5.471756,
      4.345218,
      2.735878,
      1.60934,
      2.896812,
      1.448406,
      10.46071,
      6.115492,
      2.5749440000000003,
      10.138842,
      11.587248,
      8.0467,
      12.230984,
      11.26538,
      7.724831999999999,
      10.299776000000001,
      15.932466,
      11.587248,
      1.2874720000000002,
      2.41401,
      8.0467,
      9.816974,
      8.690436,
      2.2530759999999996,
      3.21868,
      13.840323999999999,
      18.024607999999997,
      6.598293999999999,
      11.26538,
      5.310822,
      9.65604,
      5.9545580000000005,
      19.955816000000002,
      4.345218,
      1.1265379999999998,
      16.0934,
      7.724831999999999,
      0.6437360000000001,
      4.345218,
      3.21868,
      5.63269,
      11.26538,
      2.735878,
      4.506151999999999
    ],
    [
      8.529501999999999,
      0.0,
      9.65604,
      7.563898,
      12.713786,
      12.391918,
      8.0467,
      11.426314,
      9.816974,
      8.690436,
      8.529501999999999,
      9.173238,
      10.299776000000001,
      12.07005,
      10.943512,
      7.402963999999999,
      8.85137,
      7.724831999999999,
      8.207633999999999,
      15.449663999999999,
      2.5749440000000003,
      7.885766,
      10.299776000000001,
      23.657297999999997,
      6.276426,
      26.55411,
      4.506151999999999,
      15.127796,
      15.610598,
      26.393175999999997,
      17.70274,
      7.885766,
      8.690436,
      6.276426,
      7.563898,
      19.31208,
      10.782578,
      6.276426,
      15.771532,
      20.277684,
      13.840323999999999,
      18.024607999999997,
      11.909116000000001,
      14.323126,
      8.529501999999999,
      29.611855999999996,
      10.943512,
      9.495106,
      27.519714,
      7.24203,
      8.85137,
      9.334171999999999,
      10.299776000000001,
      12.552852,
      17.380872,
      10.299776000000001,
      13.035654
    ],
    [
      3.057746,
      9.65604,
      0.0,
      1.9312079999999998,
      8.368568,
      8.0467,
      4.667085999999999,
      2.2530759999999996,
      3.7014819999999995,
      2.735878,
      1.448406,
      0.48280199999999995,
      1.9312079999999998,
      4.02335,
      0.80467,
      5.149888000000001,
      1.7702740000000001,
      5.471756,
      1.448406,
      15.127796,
      7.402963999999999,
      2.41401,
      15.771532,
      8.207633999999999,
      8.0467,
      14.323126,
      10.46071,
      9.816974,
      14.805927999999998,
      18.024607999999997,
      10.46071,
      1.9312079999999998,
      1.2874720000000002,
      8.0467,
      9.65604,
      11.748182,
      4.667085999999999,
      4.345218,
      19.473014,
      20.277684,
      11.26538,
      10.782578,
      3.7014819999999995,
      6.598293999999999,
      6.276426,
      18.668343999999998,
      0.6437360000000001,
      3.5405480000000003,
      14.805927999999998,
      7.563898,
      2.896812,
      3.5405480000000003,
      4.345218,
      4.184284,
      10.138842,
      4.667085999999999,
      6.9201619999999995
    ],
    [
      2.092142,
      7.563898,
      1.9312079999999998,
      0.0,
      5.9545580000000005,
      5.63269,
      3.21868,
      2.735878,
      3.057746,
      2.092142,
      0.6437360000000001,
      1.7702740000000001,
      2.41401,
      4.82802,
      3.5405480000000003,
      3.7014819999999995,
      1.448406,
      4.02335,
      0.48280199999999995,
      13.196587999999998,
      5.310822,
      0.80467,
      11.26538,
      8.368568,
      6.43736,
      14.162192000000001,
      8.85137,
      9.012303999999999,
      13.357522000000001,
      17.863674,
      10.299776000000001,
      0.6437360000000001,
      0.80467,
      6.43736,
      8.0467,
      9.816974,
      4.506151999999999,
      2.41401,
      14.805927999999998,
      19.955816000000002,
      8.529501999999999,
      10.621644,
      4.506151999999999,
      6.9201619999999995,
      4.184284,
      18.50741,
      3.5405480000000003,
      3.21868,
      14.644993999999999,
      5.9545580000000005,
      2.41401,
      2.5749440000000003,
      3.5405480000000003,
      4.9889540000000006,
      9.977908000000001,
      3.5405480000000003,
      6.276426
    ],
    [
      4.184284,
      12.713786,
      8.368568,
      5.9545580000000005,
      0.0,
      1.448406,
      5.310822,
      8.529501999999999,
      3.21868,
      4.184284,
      7.563898,
      8.0467,
      7.885766,
      9.495106,
      8.0467,
      5.793624,
      6.9201619999999995,
      6.115492,
      7.0810960000000005,
      8.207633999999999,
      9.977908000000001,
      6.115492,
      8.85137,
      14.644993999999999,
      14.966862,
      9.495106,
      15.610598,
      5.793624,
      7.885766,
      13.035654,
      14.805927999999998,
      4.9889540000000006,
      8.207633999999999,
      14.966862,
      16.576202000000002,
      6.43736,
      4.9889540000000006,
      7.0810960000000005,
      12.552852,
      15.28873,
      4.345218,
      15.127796,
      9.173238,
      12.713786,
      12.07005,
      23.013562,
      8.0467,
      3.7014819999999995,
      19.151146,
      14.48406,
      4.345218,
      9.977908000000001,
      6.276426,
      9.495106,
      14.48406,
      6.276426,
      2.092142
    ],
    [
      3.8624159999999996,
      12.391918,
      8.0467,
      5.63269,
      1.448406,
      0.0,
      4.9889540000000006,
      8.207633999999999,
      2.896812,
      3.8624159999999996,
      6.276426,
      7.885766,
      7.724831999999999,
      9.173238,
      7.885766,
      5.63269,
      6.598293999999999,
      5.793624,
      6.759228,
      7.0810960000000005,
      9.816974,
      5.9545580000000005,
      7.724831999999999,
      14.323126,
      11.426314,
      9.173238,
      15.28873,
      5.9545580000000005,
      6.759228,
      12.713786,
      14.48406,
      4.82802,
      8.0467,
      11.426314,
      13.196587999999998,
      5.310822,
      4.667085999999999,
      6.759228,
      11.426314,
      14.966862,
      3.21868,
      14.805927999999998,
      9.012303999999999,
      12.552852,
      11.748182,
      22.691694,
      7.885766,
      3.379614,
      18.829278,
      11.104446000000001,
      4.02335,
      9.65604,
      6.115492,
      9.334171999999999,
      14.162192000000001,
      5.9545580000000005,
      1.1265379999999998
    ],
    [
      2.2530759999999996,
      8.0467,
      4.667085999999999,
      3.21868,
      5.310822,
      4.9889540000000006,
      0.0,
      6.9201619999999995,
      2.41401,
      1.9312079999999998,
      3.8624159999999996,
      4.667085999999999,
      5.63269,
      7.724831999999999,
      6.598293999999999,
      0.9656039999999999,
      3.5405480000000003,
      1.2874720000000002,
      3.057746,
      10.46071,
      5.63269,
      3.5405480000000003,
      8.529501999999999,
      11.104446000000001,
      9.173238,
      13.196587999999998,
      10.782578,
      8.529501999999999,
      10.621644,
      16.89807,
      13.035654,
      2.735878,
      4.02335,
      9.173238,
      10.943512,
      9.495106,
      3.379614,
      4.184284,
      12.230984,
      19.151146,
      8.85137,
      13.67939,
      7.563898,
      9.65604,
      7.0810960000000005,
      21.404222,
      6.598293999999999,
      1.9312079999999998,
      17.541806,
      8.690436,
      2.41401,
      5.310822,
      4.184284,
      7.885766,
      12.713786,
      3.7014819999999995,
      5.471756
    ],
    [
      5.471756,
      11.426314,
      2.2530759999999996,
      2.735878,
      8.529501999999999,
      8.207633999999999,
      6.9201619999999995,
      0.0,
      4.345218,
      3.21868,
      1.9312079999999998,
      1.7702740000000001,
      0.6437360000000001,
      3.21868,
      2.896812,
      6.598293999999999,
      2.2530759999999996,
      6.759228,
      1.9312079999999998,
      15.127796,
      8.368568,
      2.896812,
      15.932466,
      5.9545580000000005,
      6.9201619999999995,
      14.48406,
      10.46071,
      9.977908000000001,
      14.966862,
      18.185542,
      7.24203,
      2.41401,
      1.7702740000000001,
      6.9201619999999995,
      8.529501999999999,
      11.909116000000001,
      4.667085999999999,
      4.9889540000000006,
      19.473014,
      20.277684,
      11.426314,
      15.127796,
      2.2530759999999996,
      4.345218,
      4.02335,
      15.610598,
      2.896812,
      5.149888000000001,
      11.748182,
      6.43736,
      3.5405480000000003,
      1.9312079999999998,
      4.9889540000000006,
      2.092142,
      6.9201619999999995,
      4.82802,
      8.690436
    ],
    [
      1.2874720000000002,
      9.816974,
      3.7014819999999995,
      3.057746,
      3.21868,
      2.896812,
      2.41401,
      4.345218,
      0.0,
      1.2874720000000002,
      3.7014819999999995,
      3.5405480000000003,
      4.184284,
      8.529501999999999,
      5.310822,
      3.057746,
      2.896812,
      3.21868,
      2.41401,
      9.495106,
      7.0810960000000005,
      3.379614,
      10.299776000000001,
      13.67939,
      8.85137,
      11.104446000000001,
      12.713786,
      6.759228,
      9.334171999999999,
      14.805927999999998,
      13.840323999999999,
      2.2530759999999996,
      3.379614,
      8.85137,
      10.621644,
      7.724831999999999,
      2.896812,
      4.184284,
      13.840323999999999,
      16.89807,
      5.793624,
      12.391918,
      8.368568,
      11.909116000000001,
      6.759228,
      22.047957999999998,
      5.310822,
      1.60934,
      18.346476,
      8.529501999999999,
      1.448406,
      5.149888000000001,
      3.8624159999999996,
      6.598293999999999,
      13.518456,
      3.379614,
      3.5405480000000003
    ],
    [
      0.16093400000000002,
      8.690436,
      2.735878,
      2.092142,
      4.184284,
      3.8624159999999996,
      1.9312079999999998,
      3.21868,
      1.2874720000000002,
      0.0,
      2.896812,
      2.735878,
      3.379614,
      6.9201619999999995,
      4.667085999999999,
      2.5749440000000003,
      1.9312079999999998,
      2.735878,
      1.7702740000000001,
      10.299776000000001,
      6.43736,
      2.5749440000000003,
      9.977908000000001,
      12.07005,
      8.207633999999999,
      12.391918,
      11.587248,
      7.402963999999999,
      10.138842,
      15.932466,
      12.230984,
      1.448406,
      2.5749440000000003,
      8.207633999999999,
      9.816974,
      8.529501999999999,
      2.41401,
      3.5405480000000003,
      13.67939,
      18.185542,
      6.43736,
      11.587248,
      6.759228,
      10.138842,
      5.9545580000000005,
      20.438617999999998,
      4.667085999999999,
      0.9656039999999999,
      16.576202000000002,
      7.724831999999999,
      0.6437360000000001,
      4.345218,
      3.21868,
      6.9201619999999995,
      11.909116000000001,
      2.735878,
      4.184284
    ],
    [
      2.896812,
      8.529501999999999,
      1.448406,
      0.6437360000000001,
      7.563898,
      6.276426,
      3.8624159999999996,
      1.9312079999999998,
      3.7014819999999995,
      2.896812,
      0.0,
      0.80467,
      1.448406,
      4.02335,
      0.6437360000000001,
      4.506151999999999,
      0.80467,
      4.82802,
      0.16093400000000002,
      14.162192000000001,
      6.43736,
      1.448406,
      14.805927999999998,
      7.402963999999999,
      6.759228,
      13.518456,
      9.334171999999999,
      8.85137,
      13.840323999999999,
      17.059003999999998,
      9.495106,
      0.48280199999999995,
      0.32186800000000004,
      6.759228,
      8.529501999999999,
      10.782578,
      3.7014819999999995,
      3.5405480000000003,
      18.50741,
      19.31208,
      10.299776000000001,
      9.977908000000001,
      3.8624159999999996,
      7.563898,
      5.310822,
      17.70274,
      0.6437360000000001,
      4.184284,
      14.001257999999998,
      6.43736,
      2.092142,
      2.735878,
      3.379614,
      4.184284,
      9.173238,
      3.7014819999999995,
      7.724831999999999
    ],
    [
      2.5749440000000003,
      9.173238,
      0.48280199999999995,
      1.7702740000000001,
      8.0467,
      7.885766,
      4.667085999999999,
      1.7702740000000001,
      3.5405480000000003,
      2.735878,
      0.80467,
      0.0,
      1.448406,
      3.5405480000000003,
      0.48280199999999995,
      4.82802,
      0.80467,
      4.9889540000000006,
      0.9656039999999999,
      14.644993999999999,
      6.9201619999999995,
      1.9312079999999998,
      15.28873,
      7.724831999999999,
      7.563898,
      13.840323999999999,
      10.138842,
      9.334171999999999,
      14.323126,
      17.541806,
      9.977908000000001,
      1.448406,
      0.80467,
      7.563898,
      9.173238,
      11.26538,
      4.184284,
      4.02335,
      18.990212,
      19.794882,
      10.782578,
      10.299776000000001,
      3.21868,
      6.115492,
      5.793624,
      18.185542,
      0.32186800000000004,
      3.057746,
      14.323126,
      7.0810960000000005,
      2.5749440000000003,
      3.057746,
      3.8624159999999996,
      3.7014819999999995,
      9.65604,
      4.184284,
      6.43736
    ],
    [
      3.21868,
      10.299776000000001,
      1.9312079999999998,
      2.41401,
      7.885766,
      7.724831999999999,
      5.63269,
      0.6437360000000001,
      4.184284,
      3.379614,
      1.448406,
      1.448406,
      0.0,
      3.21868,
      3.379614,
      5.9545580000000005,
      2.2530759999999996,
      6.276426,
      1.9312079999999998,
      15.127796,
      7.402963999999999,
      2.41401,
      15.932466,
      6.43736,
      7.24203,
      14.48406,
      9.495106,
      9.977908000000001,
      14.966862,
      18.185542,
      8.529501999999999,
      2.41401,
      1.1265379999999998,
      7.24203,
      8.85137,
      11.909116000000001,
      4.667085999999999,
      4.667085999999999,
      19.473014,
      20.277684,
      11.426314,
      10.943512,
      3.057746,
      4.9889540000000006,
      4.345218,
      16.89807,
      3.379614,
      5.149888000000001,
      13.035654,
      6.759228,
      3.379614,
      2.2530759999999996,
      4.9889540000000006,
      2.896812,
      8.207633999999999,
      4.82802,
      8.690436
    ],
    [
      5.471756,
      12.07005,
      4.02335,
      4.82802,
      9.495106,
      9.173238,
      7.724831999999999,
      3.21868,
      8.529501999999999,
      6.9201619999999995,
      4.02335,
      3.5405480000000003,
      3.21868,
      0.0,
      3.21868,
      8.368568,
      3.8624159999999996,
      8.529501999999999,
      4.02335,
      15.932466,
      11.26538,
      4.9889540000000006,
      16.737136,
      8.85137,
      9.65604,
      15.28873,
      13.357522000000001,
      7.402963999999999,
      15.771532,
      18.990212,
      6.9201619999999995,
      4.667085999999999,
      3.5405480000000003,
      9.65604,
      11.426314,
      8.207633999999999,
      5.471756,
      7.24203,
      20.277684,
      21.082354,
      12.230984,
      7.563898,
      0.48280199999999995,
      7.0810960000000005,
      6.9201619999999995,
      14.966862,
      3.21868,
      5.9545580000000005,
      10.46071,
      9.334171999999999,
      6.43736,
      4.82802,
      3.8624159999999996,
      2.896812,
      7.563898,
      5.63269,
      9.495106
    ],
    [
      4.345218,
      10.943512,
      0.80467,
      3.5405480000000003,
      8.0467,
      7.885766,
      6.598293999999999,
      2.896812,
      5.310822,
      4.667085999999999,
      0.6437360000000001,
      0.48280199999999995,
      3.379614,
      3.21868,
      0.0,
      7.0810960000000005,
      0.6437360000000001,
      7.402963999999999,
      0.6437360000000001,
      16.0934,
      9.012303999999999,
      3.8624159999999996,
      16.737136,
      9.012303999999999,
      9.816974,
      15.28873,
      13.357522000000001,
      8.529501999999999,
      15.771532,
      18.990212,
      10.138842,
      0.9656039999999999,
      0.80467,
      9.816974,
      11.426314,
      9.334171999999999,
      4.02335,
      6.115492,
      20.277684,
      21.243288,
      12.230984,
      9.65604,
      2.896812,
      7.0810960000000005,
      6.9201619999999995,
      18.346476,
      0.16093400000000002,
      4.82802,
      12.552852,
      9.334171999999999,
      4.345218,
      4.82802,
      3.21868,
      3.379614,
      8.690436,
      3.7014819999999995,
      9.495106
    ],
    [
      2.735878,
      7.402963999999999,
      5.149888000000001,
      3.7014819999999995,
      5.793624,
      5.63269,
      0.9656039999999999,
      6.598293999999999,
      3.057746,
      2.5749440000000003,
      4.506151999999999,
      4.82802,
      5.9545580000000005,
      8.368568,
      7.0810960000000005,
      0.0,
      4.184284,
      0.32186800000000004,
      3.7014819999999995,
      9.495106,
      5.149888000000001,
      4.184284,
      7.563898,
      11.748182,
      8.690436,
      13.840323999999999,
      10.299776000000001,
      9.173238,
      9.816974,
      17.541806,
      13.67939,
      3.379614,
      4.667085999999999,
      8.690436,
      10.299776000000001,
      9.977908000000001,
      4.02335,
      3.7014819999999995,
      11.26538,
      14.323126,
      7.885766,
      14.162192000000001,
      8.207633999999999,
      10.299776000000001,
      6.598293999999999,
      22.047957999999998,
      7.24203,
      2.5749440000000003,
      18.185542,
      8.207633999999999,
      3.057746,
      5.9545580000000005,
      4.82802,
      8.529501999999999,
      13.357522000000001,
      4.345218,
      6.115492
    ],
    [
      1.60934,
      8.85137,
      1.7702740000000001,
      1.448406,
      6.9201619999999995,
      6.598293999999999,
      3.5405480000000003,
      2.2530759999999996,
      2.896812,
      1.9312079999999998,
      0.80467,
      0.80467,
      2.2530759999999996,
      3.8624159999999996,
      0.6437360000000001,
      4.184284,
      0.0,
      5.149888000000001,
      0.6437360000000001,
      14.001257999999998,
      6.43736,
      1.60934,
      14.805927999999998,
      9.334171999999999,
      7.24203,
      13.357522000000001,
      9.65604,
      8.368568,
      13.840323999999999,
      16.89807,
      9.495106,
      0.80467,
      0.9656039999999999,
      7.24203,
      8.85137,
      10.782578,
      3.5405480000000003,
      3.5405480000000003,
      18.346476,
      19.151146,
      10.138842,
      9.816974,
      3.7014819999999995,
      7.402963999999999,
      4.9889540000000006,
      17.70274,
      0.6437360000000001,
      2.735878,
      13.840323999999999,
      6.759228,
      2.092142,
      3.379614,
      2.735878,
      4.184284,
      9.173238,
      2.735878,
      7.563898
    ],
    [
      2.896812,
      7.724831999999999,
      5.471756,
      4.02335,
      6.115492,
      5.793624,
      1.2874720000000002,
      6.759228,
      3.21868,
      2.735878,
      4.82802,
      4.9889540000000006,
      6.276426,
      8.529501999999999,
      7.402963999999999,
      0.32186800000000004,
      5.149888000000001,
      0.0,
      3.8624159999999996,
      9.334171999999999,
      5.310822,
      4.345218,
      7.402963999999999,
      11.909116000000001,
      9.012303999999999,
      14.162192000000001,
      10.46071,
      9.495106,
      9.495106,
      17.70274,
      14.001257999999998,
      3.7014819999999995,
      4.9889540000000006,
      9.012303999999999,
      10.621644,
      10.299776000000001,
      4.184284,
      3.8624159999999996,
      11.104446000000001,
      14.162192000000001,
      7.724831999999999,
      14.48406,
      8.529501999999999,
      10.621644,
      6.759228,
      22.208892000000002,
      7.402963999999999,
      2.896812,
      18.346476,
      8.529501999999999,
      3.21868,
      6.276426,
      4.9889540000000006,
      8.85137,
      13.67939,
      4.506151999999999,
      6.43736
    ],
    [
      1.448406,
      8.207633999999999,
      1.448406,
      0.48280199999999995,
      7.0810960000000005,
      6.759228,
      3.057746,
      1.9312079999999998,
      2.41401,
      1.7702740000000001,
      0.16093400000000002,
      0.9656039999999999,
      1.9312079999999998,
      4.02335,
      0.6437360000000001,
      3.7014819999999995,
      0.6437360000000001,
      3.8624159999999996,
      0.0,
      14.162192000000001,
      6.276426,
      0.9656039999999999,
      11.748182,
      7.724831999999999,
      6.598293999999999,
      13.357522000000001,
      9.012303999999999,
      8.85137,
      13.840323999999999,
      17.059003999999998,
      9.495106,
      0.32186800000000004,
      0.48280199999999995,
      6.598293999999999,
      8.207633999999999,
      10.782578,
      3.7014819999999995,
      3.21868,
      15.449663999999999,
      19.31208,
      10.299776000000001,
      9.816974,
      3.8624159999999996,
      7.563898,
      4.345218,
      17.70274,
      0.6437360000000001,
      3.7014819999999995,
      13.840323999999999,
      6.115492,
      2.092142,
      2.735878,
      3.379614,
      4.184284,
      9.173238,
      3.7014819999999995,
      7.724831999999999
    ],
    [
      10.46071,
      15.449663999999999,
      15.127796,
      13.196587999999998,
      8.207633999999999,
      7.0810960000000005,
      10.46071,
      15.127796,
      9.495106,
      10.299776000000001,
      14.162192000000001,
      14.644993999999999,
      15.127796,
      15.932466,
      16.0934,
      9.495106,
      14.001257999999998,
      9.334171999999999,
      14.162192000000001,
      0.0,
      12.07005,
      13.518456,
      6.759228,
      21.404222,
      15.610598,
      8.368568,
      18.185542,
      12.391918,
      2.2530759999999996,
      13.518456,
      21.565156,
      13.518456,
      14.966862,
      15.610598,
      17.380872,
      10.138842,
      11.748182,
      12.552852,
      10.46071,
      6.115492,
      4.506151999999999,
      32.508668,
      15.932466,
      19.473014,
      18.829278,
      29.77279,
      14.805927999999998,
      11.909116000000001,
      25.910374,
      15.127796,
      12.230984,
      16.737136,
      13.035654,
      16.254334,
      21.082354,
      12.87472,
      7.0810960000000005
    ],
    [
      6.115492,
      2.5749440000000003,
      7.402963999999999,
      5.310822,
      9.977908000000001,
      9.816974,
      5.63269,
      8.368568,
      7.0810960000000005,
      6.43736,
      6.43736,
      6.9201619999999995,
      7.402963999999999,
      11.26538,
      9.012303999999999,
      5.149888000000001,
      6.43736,
      5.310822,
      6.276426,
      12.07005,
      0.0,
      5.63269,
      11.104446000000001,
      13.196587999999998,
      3.5405480000000003,
      17.70274,
      4.9889540000000006,
      12.713786,
      12.230984,
      27.036912,
      15.127796,
      5.471756,
      6.43736,
      3.5405480000000003,
      5.471756,
      13.518456,
      8.529501999999999,
      3.8624159999999996,
      13.840323999999999,
      20.92142,
      10.299776000000001,
      15.610598,
      9.495106,
      11.748182,
      5.793624,
      23.33543,
      8.529501999999999,
      7.0810960000000005,
      24.622902,
      4.506151999999999,
      6.598293999999999,
      6.759228,
      7.885766,
      9.816974,
      14.805927999999998,
      7.885766,
      10.621644
    ],
    [
      2.5749440000000003,
      7.885766,
      2.41401,
      0.80467,
      6.115492,
      5.9545580000000005,
      3.5405480000000003,
      2.896812,
      3.379614,
      2.5749440000000003,
      1.448406,
      1.9312079999999998,
      2.41401,
      4.9889540000000006,
      3.8624159999999996,
      4.184284,
      1.60934,
      4.345218,
      0.9656039999999999,
      13.518456,
      5.63269,
      0.0,
      11.748182,
      7.885766,
      6.759228,
      14.323126,
      9.334171999999999,
      9.816974,
      14.805927999999998,
      17.863674,
      10.46071,
      1.448406,
      1.1265379999999998,
      6.759228,
      8.368568,
      11.748182,
      4.506151999999999,
      2.896812,
      15.449663999999999,
      20.11675,
      11.104446000000001,
      10.782578,
      4.506151999999999,
      6.43736,
      4.506151999999999,
      18.668343999999998,
      3.7014819999999995,
      3.7014819999999995,
      14.805927999999998,
      6.276426,
      3.057746,
      2.092142,
      4.184284,
      5.149888000000001,
      9.977908000000001,
      4.667085999999999,
      6.759228
    ],
    [
      10.138842,
      10.299776000000001,
      15.771532,
      11.26538,
      8.85137,
      7.724831999999999,
      8.529501999999999,
      15.932466,
      10.299776000000001,
      9.977908000000001,
      14.805927999999998,
      15.28873,
      15.932466,
      16.737136,
      16.737136,
      7.563898,
      14.805927999999998,
      7.402963999999999,
      11.748182,
      6.759228,
      11.104446000000001,
      11.748182,
      0.0,
      22.047957999999998,
      19.955816000000002,
      12.07005,
      13.035654,
      13.035654,
      7.0810960000000005,
      17.863674,
      22.208892000000002,
      10.943512,
      12.230984,
      19.955816000000002,
      20.599552000000003,
      10.782578,
      12.391918,
      10.621644,
      4.02335,
      11.748182,
      5.149888000000001,
      22.53076,
      16.737136,
      20.11675,
      13.196587999999998,
      30.416525999999998,
      15.610598,
      10.138842,
      34.60081,
      13.196587999999998,
      10.46071,
      13.518456,
      13.840323999999999,
      17.059003999999998,
      21.887024,
      13.67939,
      7.724831999999999
    ],
    [
      11.587248,
      23.657297999999997,
      8.207633999999999,
      8.368568,
      14.644993999999999,
      14.323126,
      11.104446000000001,
      5.9545580000000005,
      13.67939,
      12.07005,
      7.402963999999999,
      7.724831999999999,
      6.43736,
      8.85137,
      9.012303999999999,
      11.748182,
      9.334171999999999,
      11.909116000000001,
      7.724831999999999,
      21.404222,
      13.196587999999998,
      7.885766,
      22.047957999999998,
      0.0,
      11.748182,
      20.760486,
      15.28873,
      16.254334,
      21.243288,
      24.461968,
      6.9201619999999995,
      9.012303999999999,
      7.24203,
      11.748182,
      14.001257999999998,
      18.185542,
      11.104446000000001,
      10.299776000000001,
      32.669602,
      26.715044000000002,
      17.70274,
      18.185542,
      8.368568,
      2.896812,
      8.85137,
      9.495106,
      8.690436,
      11.587248,
      8.0467,
      11.26538,
      12.07005,
      6.759228,
      11.26538,
      6.276426,
      4.9889540000000006,
      11.104446000000001,
      15.127796
    ],
    [
      8.0467,
      6.276426,
      8.0467,
      6.43736,
      14.966862,
      11.426314,
      9.173238,
      6.9201619999999995,
      8.85137,
      8.207633999999999,
      6.759228,
      7.563898,
      7.24203,
      9.65604,
      9.816974,
      8.690436,
      7.24203,
      9.012303999999999,
      6.598293999999999,
      15.610598,
      3.5405480000000003,
      6.759228,
      19.955816000000002,
      11.748182,
      0.0,
      19.955816000000002,
      5.63269,
      15.28873,
      15.771532,
      23.496364,
      13.518456,
      6.9201619999999995,
      6.759228,
      0.007,
      2.2530759999999996,
      17.219938,
      10.46071,
      6.276426,
      21.887024,
      26.393175999999997,
      14.001257999999998,
      21.404222,
      9.334171999999999,
      10.138842,
      4.345218,
      23.496364,
      9.334171999999999,
      9.012303999999999,
      21.404222,
      0.9656039999999999,
      8.368568,
      5.310822,
      9.65604,
      8.368568,
      13.196587999999998,
      10.138842,
      12.230984
    ],
    [
      12.230984,
      26.55411,
      14.323126,
      14.162192000000001,
      9.495106,
      9.173238,
      13.196587999999998,
      14.48406,
      11.104446000000001,
      12.391918,
      13.518456,
      13.840323999999999,
      14.48406,
      15.28873,
      15.28873,
      13.840323999999999,
      13.357522000000001,
      14.162192000000001,
      13.357522000000001,
      8.368568,
      17.70274,
      14.323126,
      12.07005,
      20.760486,
      19.955816000000002,
      0.0,
      22.53076,
      9.816974,
      6.9201619999999995,
      4.345218,
      20.760486,
      12.87472,
      14.323126,
      20.92142,
      22.53076,
      7.724831999999999,
      11.104446000000001,
      14.644993999999999,
      18.185542,
      8.368568,
      7.24203,
      25.105704,
      15.28873,
      18.829278,
      18.024607999999997,
      29.129054000000004,
      14.162192000000001,
      11.104446000000001,
      25.266638,
      20.438617999999998,
      11.587248,
      16.0934,
      12.391918,
      15.610598,
      20.438617999999998,
      12.230984,
      9.495106
    ],
    [
      11.26538,
      4.506151999999999,
      10.46071,
      8.85137,
      15.610598,
      15.28873,
      10.782578,
      10.46071,
      12.713786,
      11.587248,
      9.334171999999999,
      10.138842,
      9.495106,
      13.357522000000001,
      13.357522000000001,
      10.299776000000001,
      9.65604,
      10.46071,
      9.012303999999999,
      18.185542,
      4.9889540000000006,
      9.334171999999999,
      13.035654,
      15.28873,
      5.63269,
      22.53076,
      0.0,
      17.863674,
      18.346476,
      28.807185999999998,
      17.219938,
      9.495106,
      9.334171999999999,
      5.793624,
      7.0810960000000005,
      22.047957999999998,
      13.518456,
      9.012303999999999,
      18.185542,
      22.691694,
      16.415267999999998,
      18.829278,
      11.748182,
      13.840323999999999,
      7.885766,
      25.910374,
      11.909116000000001,
      12.230984,
      23.818232000000002,
      6.759228,
      11.587248,
      8.85137,
      12.87472,
      11.909116000000001,
      16.89807,
      12.713786,
      15.771532
    ],
    [
      7.724831999999999,
      15.127796,
      9.816974,
      9.012303999999999,
      5.793624,
      5.9545580000000005,
      8.529501999999999,
      9.977908000000001,
      6.759228,
      7.402963999999999,
      8.85137,
      9.334171999999999,
      9.977908000000001,
      7.402963999999999,
      8.529501999999999,
      9.173238,
      8.368568,
      9.495106,
      8.85137,
      12.391918,
      12.713786,
      9.816974,
      13.035654,
      16.254334,
      15.28873,
      9.816974,
      17.863674,
      0.0,
      12.07005,
      9.816974,
      11.26538,
      7.402963999999999,
      9.977908000000001,
      16.576202000000002,
      18.185542,
      2.41401,
      4.9889540000000006,
      9.495106,
      16.576202000000002,
      17.70274,
      8.368568,
      10.46071,
      7.563898,
      14.48406,
      13.67939,
      19.151146,
      8.207633999999999,
      6.43736,
      15.610598,
      16.0934,
      6.9201619999999995,
      11.587248,
      5.149888000000001,
      9.65604,
      12.713786,
      4.9889540000000006,
      6.115492
    ],
    [
      10.299776000000001,
      15.610598,
      14.805927999999998,
      13.357522000000001,
      7.885766,
      6.759228,
      10.621644,
      14.966862,
      9.334171999999999,
      10.138842,
      13.840323999999999,
      14.323126,
      14.966862,
      15.771532,
      15.771532,
      9.816974,
      13.840323999999999,
      9.495106,
      13.840323999999999,
      2.2530759999999996,
      12.230984,
      14.805927999999998,
      7.0810960000000005,
      21.243288,
      15.771532,
      6.9201619999999995,
      18.346476,
      12.07005,
      0.0,
      10.46071,
      21.243288,
      13.196587999999998,
      14.805927999999998,
      15.771532,
      17.70274,
      9.977908000000001,
      11.587248,
      12.87472,
      10.621644,
      4.345218,
      3.8624159999999996,
      29.450922000000002,
      15.771532,
      19.31208,
      18.50741,
      29.450922000000002,
      14.644993999999999,
      11.587248,
      25.74944,
      15.28873,
      12.07005,
      16.415267999999998,
      12.87472,
      16.0934,
      20.92142,
      12.713786,
      6.759228
    ],
    [
      15.932466,
      26.393175999999997,
      18.024607999999997,
      17.863674,
      13.035654,
      12.713786,
      16.89807,
      18.185542,
      14.805927999999998,
      15.932466,
      17.059003999999998,
      17.541806,
      18.185542,
      18.990212,
      18.990212,
      17.541806,
      16.89807,
      17.70274,
      17.059003999999998,
      13.518456,
      27.036912,
      17.863674,
      17.863674,
      24.461968,
      23.496364,
      4.345218,
      28.807185999999998,
      9.816974,
      10.46071,
      0.0,
      26.071308,
      17.863674,
      19.31208,
      25.910374,
      34.439876,
      7.724831999999999,
      16.0934,
      19.633948,
      17.541806,
      7.724831999999999,
      12.230984,
      20.438617999999998,
      20.277684,
      23.818232000000002,
      23.174496,
      29.129054000000004,
      19.151146,
      16.254334,
      29.933724,
      25.588506,
      16.576202000000002,
      21.082354,
      17.380872,
      20.599552000000003,
      25.588506,
      17.380872,
      14.48406
    ],
    [
      11.587248,
      17.70274,
      10.46071,
      10.299776000000001,
      14.805927999999998,
      14.48406,
      13.035654,
      7.24203,
      13.840323999999999,
      12.230984,
      9.495106,
      9.977908000000001,
      8.529501999999999,
      6.9201619999999995,
      10.138842,
      13.67939,
      9.495106,
      14.001257999999998,
      9.495106,
      21.565156,
      15.127796,
      10.46071,
      22.208892000000002,
      6.9201619999999995,
      13.518456,
      20.760486,
      17.219938,
      11.26538,
      21.243288,
      26.071308,
      0.0,
      10.943512,
      9.816974,
      14.323126,
      22.691694,
      13.035654,
      11.748182,
      14.805927999999998,
      26.55411,
      27.35878,
      18.346476,
      12.230984,
      6.598293999999999,
      5.310822,
      11.587248,
      5.310822,
      10.299776000000001,
      12.230984,
      4.667085999999999,
      14.001257999999998,
      12.713786,
      9.495106,
      11.909116000000001,
      6.9201619999999995,
      1.7702740000000001,
      11.909116000000001,
      15.771532
    ],
    [
      1.2874720000000002,
      7.885766,
      1.9312079999999998,
      0.6437360000000001,
      4.9889540000000006,
      4.82802,
      2.735878,
      2.41401,
      2.2530759999999996,
      1.448406,
      0.48280199999999995,
      1.448406,
      2.41401,
      4.667085999999999,
      0.9656039999999999,
      3.379614,
      0.80467,
      3.7014819999999995,
      0.32186800000000004,
      13.518456,
      5.471756,
      1.448406,
      10.943512,
      9.012303999999999,
      6.9201619999999995,
      12.87472,
      9.495106,
      7.402963999999999,
      13.196587999999998,
      17.863674,
      10.943512,
      0.0,
      0.80467,
      6.9201619999999995,
      8.529501999999999,
      9.173238,
      3.21868,
      2.896812,
      14.805927999999998,
      18.829278,
      9.816974,
      10.138842,
      4.02335,
      7.724831999999999,
      4.82802,
      18.024607999999997,
      0.9656039999999999,
      1.9312079999999998,
      14.162192000000001,
      6.43736,
      1.448406,
      3.21868,
      2.896812,
      4.506151999999999,
      9.495106,
      2.735878,
      5.471756
    ],
    [
      2.41401,
      8.690436,
      1.2874720000000002,
      0.80467,
      8.207633999999999,
      8.0467,
      4.02335,
      1.7702740000000001,
      3.379614,
      2.5749440000000003,
      0.32186800000000004,
      0.80467,
      1.1265379999999998,
      3.5405480000000003,
      0.80467,
      4.667085999999999,
      0.9656039999999999,
      4.9889540000000006,
      0.48280199999999995,
      14.966862,
      6.43736,
      1.1265379999999998,
      12.230984,
      7.24203,
      6.759228,
      14.323126,
      9.334171999999999,
      9.977908000000001,
      14.805927999999998,
      19.31208,
      9.816974,
      0.80467,
      0.0,
      7.0810960000000005,
      8.690436,
      11.104446000000001,
      3.8624159999999996,
      3.7014819999999995,
      18.668343999999998,
      19.473014,
      10.46071,
      10.138842,
      4.02335,
      5.793624,
      5.149888000000001,
      18.024607999999997,
      0.80467,
      4.345218,
      14.162192000000001,
      6.598293999999999,
      2.2530759999999996,
      2.5749440000000003,
      3.5405480000000003,
      4.506151999999999,
      9.334171999999999,
      4.02335,
      7.885766
    ],
    [
      8.0467,
      6.276426,
      8.0467,
      6.43736,
      14.966862,
      11.426314,
      9.173238,
      6.9201619999999995,
      8.85137,
      8.207633999999999,
      6.759228,
      7.563898,
      7.24203,
      9.65604,
      9.816974,
      8.690436,
      7.24203,
      9.012303999999999,
      6.598293999999999,
      15.610598,
      3.5405480000000003,
      6.759228,
      19.955816000000002,
      11.748182,
      0.007,
      20.92142,
      5.793624,
      16.576202000000002,
      15.771532,
      25.910374,
      14.323126,
      6.9201619999999995,
      7.0810960000000005,
      0.0,
      2.2530759999999996,
      17.219938,
      10.46071,
      6.276426,
      21.887024,
      26.393175999999997,
      14.001257999999998,
      16.415267999999998,
      9.334171999999999,
      10.138842,
      4.345218,
      23.496364,
      9.334171999999999,
      9.173238,
      21.404222,
      0.9656039999999999,
      8.368568,
      5.310822,
      9.65604,
      8.368568,
      13.196587999999998,
      10.138842,
      12.230984
    ],
    [
      9.816974,
      7.563898,
      9.65604,
      8.0467,
      16.576202000000002,
      13.196587999999998,
      10.943512,
      8.529501999999999,
      10.621644,
      9.816974,
      8.529501999999999,
      9.173238,
      8.85137,
      11.426314,
      11.426314,
      10.299776000000001,
      8.85137,
      10.621644,
      8.207633999999999,
      17.380872,
      5.471756,
      8.368568,
      20.599552000000003,
      14.001257999999998,
      2.2530759999999996,
      22.53076,
      7.0810960000000005,
      18.185542,
      17.70274,
      34.439876,
      22.691694,
      8.529501999999999,
      8.690436,
      2.2530759999999996,
      0.0,
      18.990212,
      12.07005,
      8.0467,
      22.53076,
      26.875978,
      15.610598,
      18.024607999999997,
      11.104446000000001,
      11.909116000000001,
      5.9545580000000005,
      21.404222,
      10.943512,
      10.782578,
      19.31208,
      2.896812,
      9.977908000000001,
      6.9201619999999995,
      11.26538,
      9.977908000000001,
      14.805927999999998,
      11.909116000000001,
      13.840323999999999
    ],
    [
      8.690436,
      19.31208,
      11.748182,
      9.816974,
      6.43736,
      5.310822,
      9.495106,
      11.909116000000001,
      7.724831999999999,
      8.529501999999999,
      10.782578,
      11.26538,
      11.909116000000001,
      8.207633999999999,
      9.334171999999999,
