{
  "drive_dist_matrix": [
    [
      0.0,
      2.3,
      4.5,
      4.6,
      4.3,
      22.2,
      27.7,
      2.5,
      16.8,
      12.1,
      11.3,
      3.8,
      23.3,
      3.8,
      4.1,
      3.0,
      2.5,
      34.4,
      3.4,
      14.0,
      26.3,
      3.6,
      19.9,
      4.2,
      2.9,
      21.8,
      4.4,
      16.8,
      4.2,
      4.4,
      14.0,
      3.7,
      7.1,
      3.7,
      2.4,
      3.4,
      3.6,
      10.7,
      88.2,
      54.8,
      4.3,
      3.0,
      33.8,
      5.1,
      11.4,
      2.8,
      3.4,
      4.0,
      6.2,
      6.2,
      3.3,
      3.2,
      8.1,
      31.4,
      12.3
    ],
    [
      2.3,
      0.0,
      6.6,
      6.7,
      6.4,
      30.2,
      27.4,
      4.6,
      21.1,
      14.2,
      10.9,
      5.9,
      22.9,
      5.9,
      6.2,
      0.5,
      4.6,
      34.0,
      5.5,
      16.1,
      26.0,
      3.5,
      28.0,
      6.3,
      5.0,
      29.9,
      6.5,
      21.1,
      6.3,
      6.5,
      16.1,
      5.8,
      9.2,
      5.8,
      0.028,
      5.5,
      5.7,
      10.3,
      87.9,
      53.5,
      6.4,
      5.1,
      32.5,
      2.8,
      10.2,
      4.9,
      5.5,
      6.1,
      5.8,
      5.8,
      5.4,
      5.3,
      7.7,
      30.1,
      14.4
    ],
    [
      4.5,
      6.6,
      0.0,
      0.7,
      0.85,
      17.0,
      22.4,
      4.3,
      12.2,
      12.2,
      15.4,
      0.8,
      17.9,
      0.7,
      0.65,
      8.3,
      5.8,
      38.5,
      0.8,
      9.4,
      30.5,
      8.9,
      15.3,
      0.3,
      0.9,
      17.3,
      1.0,
      12.2,
      0.5,
      0.65,
      14.2,
      0.85,
      2.3,
      3.8,
      7.6,
      0.85,
      0.9,
      14.8,
      82.9,
      60.1,
      0.55,
      1.1,
      39.1,
      10.4,
      16.7,
      3.4,
      0.8,
      1.6,
      11.5,
      9.7,
      0.85,
      0.9,
      8.0,
      36.7,
      7.7
    ],
    [
      4.6,
      6.7,
      0.7,
      0.0,
      2.5,
      17.3,
      22.1,
      4.3,
      11.9,
      11.9,
      15.1,
      1.0,
      17.6,
      0.9,
      0.85,
      7.9,
      5.5,
      38.2,
      1.1,
      9.1,
      30.2,
      8.6,
      15.0,
      0.7,
      4.7,
      16.9,
      2.6,
      11.9,
      0.7,
      0.4,
      13.9,
      3.9,
      1.9,
      3.5,
      7.3,
      1.2,
      3.9,
      14.5,
      82.6,
      59.7,
      0.75,
      3.8,
      38.7,
      10.1,
      16.4,
      3.1,
      1.2,
      0.9,
      11.1,
      9.4,
      4.6,
      1.3,
      7.6,
      36.3,
      7.4
    ],
    [
      4.3,
      6.4,
      0.85,
      2.5,
      0.0,
      18.0,
      22.9,
      0.8,
      12.7,
      12.7,
      15.9,
      0.14,
      18.8,
      0.22,
      0.5,
      8.7,
      6.3,
      39.0,
      0.4,
      9.9,
      30.9,
      9.3,
      15.8,
      0.55,
      0.4,
      17.7,
      0.17,
      12.7,
      0.55,
      1.0,
      14.6,
      0.17,
      2.7,
      4.3,
      8.1,
      0.45,
      0.25,
      15.3,
      83.5,
      60.5,
      0.5,
      0.19,
      39.5,
      10.9,
      17.2,
      1.0,
      0.4,
      2.1,
      11.9,
      10.2,
      0.45,
      0.5,
      8.4,
      37.1,
      8.1
    ],
    [
      22.2,
      30.2,
      17.0,
      17.3,
      18.0,
      0.0,
      23.9,
      27.7,
      7.3,
      25.1,
      34.0,
      27.7,
      15.1,
      27.8,
      18.7,
      32.8,
      29.1,
      58.4,
      28.5,
      9.3,
      49.0,
      31.8,
      3.8,
      18.7,
      28.0,
      4.0,
      19.0,
      7.3,
      18.2,
      18.4,
      26.8,
      27.6,
      16.6,
      25.2,
      32.2,
      28.6,
      27.5,
      33.4,
      69.9,
      84.8,
      18.3,
      28.1,
      63.8,
      35.0,
      41.5,
      26.5,
      28.6,
      17.8,
      29.1,
      28.3,
      28.4,
      28.4,
      27.8,
      61.4,
      10.7
    ],
    [
      27.7,
      27.4,
      22.4,
      22.1,
      22.9,
      23.9,
      0.0,
      22.6,
      22.1,
      13.0,
      28.9,
      22.6,
      7.4,
      22.7,
      21.2,
      27.7,
      24.1,
      35.9,
      23.4,
      22.1,
      40.5,
      26.7,
      20.7,
      21.2,
      23.0,
      19.3,
      21.5,
      22.1,
      20.7,
      20.9,
      13.0,
      22.5,
      21.3,
      20.2,
      27.1,
      23.5,
      22.5,
      28.3,
      75.0,
      79.7,
      20.8,
      23.1,
      58.7,
      29.9,
      36.4,
      21.4,
      23.5,
      20.2,
      24.0,
      23.2,
      23.4,
      23.3,
      22.7,
      56.3,
      21.1
    ],
    [
      2.5,
      4.6,
      4.3,
      4.3,
      0.8,
      27.7,
      22.6,
      0.0,
      13.4,
      10.8,
      9.4,
      0.95,
      18.5,
      1.0,
      1.6,
      4.9,
      0.9,
      32.5,
      0.75,
      10.6,
      24.5,
      5.5,
      16.5,
      1.1,
      0.55,
      18.5,
      0.75,
      13.4,
      1.7,
      1.9,
      12.8,
      0.9,
      3.5,
      2.4,
      4.3,
      0.8,
      1.1,
      8.8,
      83.5,
      56.7,
      1.8,
      0.6,
      35.7,
      7.1,
      13.4,
      1.5,
      0.9,
      1.5,
      4.5,
      3.7,
      0.6,
      0.7,
      5.2,
      33.3,
      8.9
    ],
    [
      16.8,
      21.1,
      12.2,
      11.9,
      12.7,
      7.3,
      22.1,
      13.4,
      0.0,
      23.1,
      25.1,
      14.7,
      17.4,
      14.8,
      13.0,
      18.7,
      16.5,
      56.4,
      15.9,
      3.7,
      40.2,
      23.0,
      5.6,
      13.4,
      15.4,
      5.8,
      13.7,
      0.006,
      12.9,
      13.1,
      24.8,
      14.6,
      10.9,
      12.6,
      18.3,
      16.0,
      14.5,
      24.5,
      82.4,
      76.0,
      13.0,
      15.5,
      55.0,
      21.8,
      32.7,
      13.9,
      16.0,
      12.4,
      20.3,
      19.5,
      15.8,
      15.8,
      19.0,
      52.6,
      5.1
    ],
    [
      12.1,
      14.2,
      12.2,
      11.9,
      12.7,
      25.1,
      13.0,
      10.8,
      23.1,
      0.0,
      14.1,
      10.8,
      15.7,
      10.9,
      11.1,
      15.0,
      12.3,
      26.5,
      11.7,
      17.4,
      26.1,
      13.9,
      21.0,
      11.3,
      11.2,
      22.9,
      11.4,
      18.9,
      11.2,
      11.4,
      3.1,
      10.8,
      11.9,
      10.1,
      14.3,
      11.7,
      10.7,
      12.7,
      80.7,
      67.0,
      11.3,
      11.3,
      46.0,
      17.1,
      23.7,
      9.6,
      11.8,
      10.8,
      11.3,
      10.4,
      11.6,
      11.5,
      6.8,
      43.6,
      16.3
    ],
    [
      11.3,
      10.9,
      15.4,
      15.1,
      15.9,
      34.0,
      28.9,
      9.4,
      25.1,
      14.1,
      0.0,
      10.6,
      25.0,
      10.7,
      10.9,
      10.4,
      12.5,
      27.4,
      10.2,
      21.6,
      19.4,
      9.4,
      30.1,
      11.1,
      9.7,
      32.0,
      11.2,
      23.2,
      11.0,
      11.2,
      14.1,
      10.5,
      13.9,
      10.1,
      9.8,
      10.2,
      10.4,
      2.0,
      90.0,
      60.6,
      11.1,
      9.8,
      39.6,
      12.6,
      17.3,
      9.6,
      10.3,
      10.8,
      5.8,
      5.8,
      10.1,
      10.1,
      6.3,
      37.2,
      20.6
    ],
    [
      3.8,
      5.9,
      0.8,
      1.0,
      0.14,
      27.7,
      22.6,
      0.95,
      14.7,
      10.8,
      10.6,
      0.0,
      18.1,
      0.08,
      0.4,
      8.6,
      6.1,
      38.8,
      0.4,
      9.7,
      30.8,
      9.2,
      15.0,
      0.5,
      0.5,
      16.3,
      0.21,
      12.5,
      0.4,
      0.8,
      15.2,
      0.062,
      2.6,
      4.1,
      7.9,
      0.5,
      0.14,
      15.1,
      83.1,
      60.3,
      0.35,
      0.3,
      39.3,
      10.7,
      17.0,
      0.95,
      0.45,
      0.55,
      11.7,
      10.0,
      5.3,
      0.55,
      8.3,
      36.9,
      8.0
    ],
    [
      23.3,
      22.9,
      17.9,
      17.6,
      18.8,
      15.1,
      7.4,
      18.5,
      17.4,
      15.7,
      25.0,
      18.1,
      0.0,
      18.6,
      17.1,
      23.7,
      20.0,
      43.9,
      19.4,
      18.7,
      39.9,
      22.6,
      16.7,
      17.1,
      18.9,
      12.2,
      17.5,
      18.0,
      16.7,
      16.8,
      16.6,
      18.5,
      17.3,
      16.1,
      23.0,
      19.4,
      18.4,
      24.2,
      68.0,
      75.7,
      16.7,
      19.0,
      54.7,
      25.8,
      32.4,
      17.3,
      19.5,
      16.2,
      20.0,
      19.1,
      19.3,
      19.3,
      18.7,
      52.3,
      17.0
    ],
    [
      3.8,
      5.9,
      0.7,
      0.9,
      0.22,
      27.8,
      22.7,
      1.0,
      14.8,
      10.9,
      10.7,
      0.08,
      18.6,
      0.0,
      0.45,
      8.5,
      6.0,
      38.7,
      0.45,
      9.6,
      30.7,
      9.1,
      15.5,
      0.4,
      0.55,
      16.2,
      0.29,
      12.4,
      0.35,
      0.7,
      15.1,
      0.14,
      2.5,
      4.0,
      7.8,
      5.3,
      0.22,
      15.0,
      83.0,
      60.2,
      0.29,
      0.4,
      39.2,
      10.6,
      16.9,
      1.0,
      0.45,
      0.65,
      11.7,
      9.9,
      0.55,
      0.6,
      8.2,
      36.9,
      7.9
    ],
    [
      4.1,
      6.2,
      0.65,
      0.85,
      0.5,
      18.7,
      21.2,
      1.6,
      13.0,
      11.1,
      10.9,
      0.4,
      17.1,
      0.45,
      0.0,
      7.1,
      4.6,
      37.4,
      0.8,
      9.6,
      29.3,
      7.7,
      15.5,
      0.6,
      0.9,
      16.2,
      0.6,
      12.4,
      0.16,
      0.85,
      13.7,
      0.45,
      2.5,
      2.6,
      6.4,
      0.9,
      0.35,
      13.6,
      82.1,
      58.9,
      0.18,
      0.7,
      37.9,
      9.2,
      15.5,
      2.2,
      0.8,
      0.2,
      10.3,
      8.5,
      0.85,
      0.9,
      6.8,
      35.5,
      7.9
    ],
    [
      3.0,
      0.5,
      8.3,
      7.9,
      8.7,
      32.8,
      27.7,
      4.9,
      18.7,
      15.0,
      10.4,
      8.6,
      23.7,
      8.5,
      7.1,
      0.0,
      3.9,
      31.9,
      4.8,
      18.9,
      25.3,
      3.4,
      23.0,
      5.7,
      4.3,
      29.3,
      5.8,
      20.5,
      5.7,
      5.8,
      15.5,
      5.2,
      8.6,
      5.2,
      0.5,
      4.9,
      5.1,
      9.7,
      87.2,
      54.1,
      5.7,
      4.5,
      33.2,
      3.8,
      10.8,
      4.2,
      4.9,
      5.4,
      5.2,
      5.2,
      4.7,
      4.7,
      7.1,
      30.7,
      13.7
    ],
    [
      2.5,
      4.6,
      5.8,
      5.5,
      6.3,
      29.1,
      24.1,
      0.9,
      16.5,
      12.3,
      12.5,
      6.1,
      20.0,
      6.0,
      4.6,
      3.9,
      0.0,
      31.9,
      1.7,
      11.5,
      25.4,
      4.8,
      17.4,
      2.7,
      1.2,
      18.1,
      2.8,
      14.3,
      2.6,
      2.8,
      14.4,
      2.1,
      4.4,
      3.3,
      3.5,
      1.8,
      2.0,
      9.7,
      84.4,
      55.9,
      2.7,
      1.3,
      34.9,
      6.3,
      12.6,
      2.4,
      1.8,
      2.4,
      7.3,
      7.3,
      1.6,
      1.6,
      6.1,
      32.5,
      9.8
    ],
    [
      34.4,
      34.0,
      38.5,
      38.2,
      39.0,
      58.4,
      35.9,
      32.5,
      56.4,
      26.5,
      27.4,
      38.8,
      43.9,
      38.7,
      37.4,
      31.9,
      31.9,
      0.0,
      32.8,
      44.2,
      10.5,
      32.0,
      55.4,
      33.7,
      32.3,
      54.0,
      33.8,
      45.8,
      33.6,
      33.8,
      24.5,
      33.1,
      36.2,
      32.7,
      32.4,
      32.8,
      33.0,
      26.3,
      110.0,
      81.2,
      33.7,
      32.4,
      60.2,
      35.9,
      37.9,
      32.2,
      32.9,
      33.4,
      28.4,
      28.4,
      32.7,
      32.7,
      28.9,
      57.8,
      43.2
    ],
    [
      3.4,
      5.5,
      0.8,
      1.1,
      0.4,
      28.5,
      23.4,
      0.75,
      15.9,
      11.7,
      10.2,
      0.4,
      19.4,
      0.45,
      0.8,
      4.8,
      1.7,
      32.8,
      0.0,
      10.9,
      25.6,
      6.8,
      22.8,
      0.5,
      0.19,
      24.8,
      0.5,
      15.9,
      0.7,
      1.0,
      13.4,
      0.45,
      3.7,
      3.1,
      5.5,
      0.087,
      0.55,
      10.0,
      82.7,
      57.9,
      0.65,
      0.4,
      36.9,
      8.3,
      14.6,
      2.1,
      0.078,
      1.7,
      5.7,
      4.9,
      0.12,
      0.13,
      7.2,
      34.5,
      9.1
    ],
    [
      14.0,
      16.1,
      9.4,
      9.1,
      9.9,
      9.3,
      22.1,
      10.6,
      3.7,
      17.4,
      21.6,
      9.7,
      18.7,
      9.6,
      9.6,
      18.9,
      11.5,
      44.2,
      10.9,
      0.0,
      38.8,
      21.6,
      5.7,
      10.3,
      12.7,
      7.7,
      10.7,
      3.2,
      9.9,
      10.0,
      19.9,
      12.3,
      8.2,
      9.9,
      15.3,
      13.3,
      12.2,
      23.2,
      83.0,
      74.6,
      9.9,
      12.8,
      53.6,
      18.9,
      24.4,
      11.1,
      13.3,
      9.4,
      18.9,
      18.1,
      13.1,
      13.1,
      17.6,
      44.4,
      2.2
    ],
    [
      26.3,
      26.0,
      30.5,
      30.2,
      30.9,
      49.0,
      40.5,
      24.5,
      40.2,
      26.1,
      19.4,
      30.8,
      39.9,
      30.7,
      29.3,
      25.3,
      25.4,
      10.5,
      25.6,
      38.8,
      0.0,
      23.4,
      44.1,
      25.1,
      23.7,
      46.0,
      25.2,
      37.2,
      25.0,
      25.2,
      23.1,
      24.5,
      27.6,
      24.1,
      23.8,
      24.2,
      24.4,
      17.7,
      104.0,
      72.6,
      25.1,
      23.8,
      51.6,
      27.3,
      29.2,
      23.6,
      24.3,
      24.8,
      19.8,
      19.8,
      24.1,
      24.1,
      20.3,
      49.2,
      34.6
    ],
    [
      3.6,
      3.5,
      8.9,
      8.6,
      9.3,
      31.8,
      26.7,
      5.5,
      23.0,
      13.9,
      9.4,
      9.2,
      22.6,
      9.1,
      7.7,
      3.4,
      4.8,
      32.0,
      6.8,
      21.6,
      23.4,
      0.0,
      29.8,
      8.3,
      6.9,
      31.7,
      8.4,
      22.9,
      8.2,
      8.4,
      18.0,
      7.7,
      11.1,
      7.7,
      1.1,
      7.4,
      7.6,
      12.8,
      89.7,
      52.9,
      8.3,
      7.0,
      31.9,
      4.0,
      9.6,
      6.8,
      7.4,
      8.0,
      7.6,
      7.7,
      7.3,
      7.2,
      9.2,
      29.5,
      16.3
    ],
    [
      19.9,
      28.0,
      15.3,
      15.0,
      15.8,
      3.8,
      20.7,
      16.5,
      5.6,
      21.0,
      30.1,
      15.0,
      16.7,
      15.5,
      15.5,
      23.0,
      17.4,
      55.4,
      22.8,
      5.7,
      44.1,
      29.8,
      0.0,
      15.2,
      24.5,
      1.9,
      15.5,
      5.1,
      14.7,
      14.9,
      23.3,
      24.1,
      13.1,
      21.8,
      28.7,
      25.1,
      24.0,
      29.9,
      80.9,
      81.3,
      22.4,
      24.7,
      60.3,
      31.5,
      38.0,
      23.0,
      25.1,
      14.3,
      25.6,
      24.8,
      24.9,
      24.9,
      24.3,
      57.9,
      7.2
    ],
    [
      4.2,
      6.3,
      0.3,
      0.7,
      0.55,
      18.7,
      21.2,
      1.1,
      13.4,
      11.3,
      11.1,
      0.5,
      17.1,
      0.4,
      0.6,
      5.7,
      2.7,
      33.7,
      0.5,
      10.3,
      25.1,
      8.3,
      15.2,
      0.0,
      0.6,
      16.7,
      0.7,
      12.2,
      0.45,
      0.65,
      14.2,
      0.55,
      2.2,
      3.8,
      7.6,
      0.55,
      0.65,
      14.8,
      82.8,
      60.0,
      0.4,
      0.75,
      39.0,
      11.1,
      16.7,
      3.4,
      0.5,
      0.8,
      11.4,
      9.7,
      0.55,
      0.6,
      8.0,
      36.6,
      7.7
    ],
    [
      2.9,
      5.0,
      0.9,
      4.7,
      0.4,
      28.0,
      23.0,
      0.55,
      15.4,
      11.2,
      9.7,
      0.5,
      18.9,
      0.55,
      0.9,
      4.3,
      1.2,
      32.3,
      0.19,
      12.7,
      23.7,
      6.9,
      24.5,
      0.6,
      0.0,
      17.7,
      0.3,
      13.2,
      0.85,
      1.6,
      12.9,
      0.45,
      3.2,
      2.6,
      5.0,
      0.23,
      0.55,
      9.5,
      82.3,
      57.4,
      0.75,
      0.2,
      36.4,
      7.8,
      14.1,
      1.6,
      0.12,
      1.2,
      5.2,
      4.4,
      0.07,
      0.15,
      6.7,
      34.0,
      8.7
    ],
    [
      21.8,
      29.9,
      17.3,
      16.9,
      17.7,
      4.0,
      19.3,
      18.5,
      5.8,
      22.9,
      32.0,
      16.3,
      12.2,
      16.2,
      16.2,
      29.3,
      18.1,
      54.0,
      24.8,
      7.7,
      46.0,
      31.7,
      1.9,
      16.7,
      17.7,
      0.0,
      18.7,
      7.1,
      17.9,
      18.1,
      25.2,
      26.1,
      15.0,
      23.7,
      30.6,
      27.0,
      26.0,
      31.8,
      76.2,
      83.3,
      16.7,
      26.6,
      62.3,
      33.4,
      39.9,
      24.9,
      27.0,
      16.2,
      27.6,
      26.7,
      26.9,
      26.8,
      26.3,
      59.9,
      9.2
    ],
    [
      4.4,
      6.5,
      1.0,
      2.6,
      0.17,
      19.0,
      21.5,
      0.75,
      13.7,
      11.4,
      11.2,
      0.21,
      17.5,
      0.29,
      0.6,
      5.8,
      2.8,
      33.8,
      0.5,
      10.7,
      25.2,
      8.4,
      15.5,
      0.7,
      0.3,
      18.7,
      0.0,
      12.7,
      0.6,
      1.0,
      15.4,
      0.17,
      2.7,
      4.3,
      8.1,
      0.55,
      0.24,
      15.3,
      83.3,
      60.5,
      0.55,
      0.11,
      39.5,
      10.9,
      17.2,
      1.0,
      0.4,
      0.7,
      11.9,
      10.2,
      0.35,
      0.45,
      8.5,
      37.1,
      8.2
    ],
    [
      16.8,
      21.1,
      12.2,
      11.9,
      12.7,
      7.3,
      22.1,
      13.4,
      0.006,
      18.9,
      23.2,
      12.5,
      18.0,
      12.4,
      12.4,
      20.5,
      14.3,
      45.8,
      15.9,
      3.2,
      37.2,
      22.9,
      5.1,
      12.2,
      13.2,
      7.1,
      12.7,
      0.0,
      12.6,
      12.7,
      25.2,
      15.0,
      10.9,
      12.6,
      18.1,
      16.0,
      14.9,
      24.6,
      82.4,
      76.0,
      12.6,
      15.5,
      55.0,
      21.6,
      32.7,
      13.9,
      16.0,
      12.1,
      20.3,
      19.5,
      15.8,
      15.8,
      19.0,
      52.6,
      5.1
    ],
    [
      4.2,
      6.3,
      0.5,
      0.7,
      0.55,
      18.2,
      20.7,
      1.7,
      12.9,
      11.2,
      11.0,
      0.4,
      16.7,
      0.35,
      0.16,
      5.7,
      2.6,
      33.6,
      0.7,
      9.9,
      25.0,
      8.2,
      14.7,
      0.45,
      0.85,
      17.9,
      0.6,
      12.6,
      0.0,
      0.5,
      14.2,
      0.45,
      2.2,
      3.8,
      7.6,
      0.8,
      0.45,
      14.8,
      82.8,
      60.0,
      0.056,
      0.7,
      39.0,
      10.4,
      16.7,
      3.4,
      0.75,
      0.35,
      11.4,
      7.5,
      5.0,
      0.85,
      8.0,
      36.6,
      7.7
    ],
    [
      4.4,
      6.5,
      0.65,
      0.4,
      1.0,
      18.4,
      20.9,
      1.9,
      13.1,
      11.4,
      11.2,
      0.8,
      16.8,
      0.7,
      0.85,
      5.8,
      2.8,
      33.8,
      1.0,
      10.0,
      25.2,
      8.4,
      14.9,
      0.65,
      1.6,
      18.1,
      1.0,
      12.7,
      0.5,
      0.0,
      13.5,
      0.85,
      1.6,
      3.2,
      7.0,
      4.5,
      0.9,
      14.1,
      82.1,
      59.4,
      0.55,
      3.5,
      38.4,
      9.7,
      16.1,
      2.8,
      1.0,
      0.65,
      10.8,
      9.1,
      1.0,
      1.1,
      7.3,
      36.0,
      7.0
    ],
    [
      14.0,
      16.1,
      14.2,
      13.9,
      14.6,
      26.8,
      13.0,
      12.8,
      24.8,
      3.1,
      14.1,
      15.2,
      16.6,
      15.1,
      13.7,
      15.5,
      14.4,
      24.5,
      13.4,
      19.9,
      23.1,
      18.0,
      23.3,
      14.2,
      12.9,
      25.2,
      15.4,
      25.2,
      14.2,
      13.5,
      0.0,
      13.4,
      14.5,
      12.7,
      17.0,
      14.4,
      13.4,
      14.1,
      82.0,
      69.6,
      14.0,
      14.0,
      48.6,
      19.8,
      26.3,
      12.3,
      14.4,
      13.4,
      13.9,
      13.1,
      14.3,
      14.2,
      9.0,
      54.2,
      19.0
    ],
    [
      3.7,
      5.8,
      0.85,
      3.9,
      0.17,
      27.6,
      22.5,
      0.9,
      14.6,
      10.8,
      10.5,
      0.062,
      18.5,
      0.14,
      0.45,
      5.2,
      2.1,
      33.1,
      0.45,
      12.3,
      24.5,
      7.7,
      24.1,
      0.55,
      0.45,
      26.1,
      0.17,
      15.0,
      0.45,
      0.85,
      13.4,
      0.0,
      2.6,
      4.2,
      8.0,
      0.55,
      0.078,
      15.2,
      83.2,
      60.4,
      0.4,
      0.27,
      39.4,
      10.8,
      17.1,
      0.9,
      0.45,
      0.5,
      11.8,
      10.1,
      0.5,
      0.55,
      8.3,
      37.0,
      8.1
    ],
    [
      7.1,
      9.2,
      2.3,
      1.9,
      2.7,
      16.6,
      21.3,
      3.5,
      10.9,
      11.9,
      13.9,
      2.6,
      17.3,
      2.5,
      2.5,
      8.6,
      4.4,
      36.2,
      3.7,
      8.2,
      27.6,
      11.1,
      13.1,
      2.2,
      3.2,
      15.0,
      2.7,
      10.9,
      2.2,
      1.6,
      14.5,
      2.6,
      0.0,
      4.4,
      9.8,
      5.4,
      4.4,
      15.3,
      81.8,
      62.2,
      2.7,
      4.4,
      41.2,
      12.6,
      18.9,
      3.7,
      5.4,
      2.1,
      11.1,
      10.2,
      5.2,
      5.2,
      8.5,
      38.8,
      5.5
    ],
    [
      3.7,
      5.8,
      3.8,
      3.5,
      4.3,
      25.2,
      20.2,
      2.4,
      12.6,
      10.1,
      10.1,
      4.1,
      16.1,
      4.0,
      2.6,
      5.2,
      3.3,
      32.7,
      3.1,
      9.9,
      24.1,
      7.7,
      21.8,
      3.8,
      2.6,
      23.7,
      4.3,
      12.6,
      3.8,
      3.2,
      12.7,
      4.2,
      4.4,
      0.0,
      5.4,
      3.3,
      2.3,
      11.0,
      81.1,
      57.8,
      2.9,
      2.9,
      36.8,
      8.2,
      14.5,
      1.2,
      3.4,
      2.4,
      6.7,
      5.9,
      3.2,
      3.1,
      5.3,
      34.4,
      8.3
    ],
    [
      2.4,
      0.028,
      7.6,
      7.3,
      8.1,
      32.2,
      27.1,
      4.3,
      18.3,
      14.3,
      9.8,
      7.9,
      23.0,
      7.8,
      6.4,
      0.5,
      3.5,
      32.4,
      5.5,
      15.3,
      23.8,
      1.1,
      28.7,
      7.6,
      5.0,
      30.6,
      8.1,
      18.1,
      7.6,
      7.0,
      17.0,
      8.0,
      9.8,
      5.4,
      0.0,
      5.5,
      5.7,
      10.3,
      87.8,
      53.1,
      6.3,
      5.1,
      32.1,
      2.8,
      9.8,
      4.8,
      5.5,
      6.0,
      5.8,
      5.8,
      5.3,
      5.3,
      7.7,
      29.7,
      18.5
    ],
    [
      3.4,
      5.5,
      0.85,
      1.2,
      0.45,
      28.6,
      23.5,
      0.8,
      16.0,
      11.7,
      10.2,
      0.5,
      19.4,
      5.3,
      0.9,
      4.9,
      1.8,
      32.8,
      0.087,
      13.3,
      24.2,
      7.4,
      25.1,
      0.55,
      0.23,
      27.0,
      0.55,
      16.0,
      0.8,
      4.5,
      14.4,
      0.55,
      5.4,
      3.3,
      5.5,
      0.0,
      0.6,
      10.0,
      82.8,
      58.0,
      0.75,
      0.45,
      37.0,
      8.3,
      14.7,
      2.2,
      0.17,
      1.0,
      5.7,
      4.9,
      0.16,
      0.18,
      7.2,
      34.6,
      9.2
    ],
    [
      3.6,
      5.7,
      0.9,
      3.9,
      0.25,
      27.5,
      22.5,
      1.1,
      14.5,
      10.7,
      10.4,
      0.14,
      18.4,
      0.22,
      0.35,
      5.1,
      2.0,
      33.0,
      0.55,
      12.2,
      24.4,
      7.6,
      24.0,
      0.65,
      0.55,
      26.0,
      0.24,
      14.9,
      0.45,
      0.9,
      13.4,
      0.078,
      4.4,
      2.3,
      5.7,
      0.6,
      0.0,
      13.0,
      83.2,
      60.5,
      0.4,
      0.35,
      39.5,
      10.9,
      17.2,
      1.0,
      0.55,
      0.45,
      11.9,
      7.9,
      0.6,
      0.65,
      8.4,
      37.1,
      8.1
    ],
    [
      10.7,
      10.3,
      14.8,
      14.5,
      15.3,
      33.4,
      28.3,
      8.8,
      24.5,
      12.7,
      2.0,
      15.1,
      24.2,
      15.0,
      13.6,
      9.7,
      9.7,
      26.3,
      10.0,
      23.2,
      17.7,
      12.8,
      29.9,
      14.8,
      9.5,
      31.8,
      15.3,
      24.6,
      14.8,
      14.1,
      14.1,
      15.2,
      15.3,
      11.0,
      10.3,
      10.0,
      13.0,
      0.0,
      93.6,
      62.3,
      14.7,
      13.5,
      41.3,
      17.0,
      18.9,
      13.2,
      13.9,
      14.4,
      9.4,
      9.4,
      13.7,
      13.7,
      9.9,
      38.9,
      24.2
    ],
    [
      88.2,
      87.9,
      82.9,
      82.6,
      83.5,
      69.9,
      75.0,
      83.5,
      82.4,
      80.7,
      90.0,
      83.1,
      68.0,
      83.0,
      82.1,
      87.2,
      84.4,
      110.0,
      82.7,
      83.0,
      104.0,
      89.7,
      80.9,
      82.8,
      82.3,
      76.2,
      83.3,
      82.4,
      82.8,
      82.1,
      82.0,
      83.2,
      81.8,
      81.1,
      87.8,
      82.8,
      83.2,
      93.6,
      0.0,
      141.0,
      81.6,
      83.9,
      120.0,
      90.7,
      97.2,
      82.2,
      84.3,
      81.1,
      84.8,
      84.0,
      84.2,
      84.1,
      83.5,
      117.0,
      81.9
    ],
    [
      54.8,
      53.5,
      60.1,
      59.7,
      60.5,
      84.8,
      79.7,
      56.7,
      76.0,
      67.0,
      60.6,
      60.3,
      75.7,
      60.2,
      58.9,
      54.1,
      55.9,
      81.2,
      57.9,
      74.6,
      72.6,
      52.9,
      81.3,
      60.0,
      57.4,
      83.3,
      60.5,
      76.0,
      60.0,
      59.4,
      69.6,
      60.4,
      62.2,
      57.8,
      53.1,
      58.0,
      60.5,
      62.3,
      141.0,
      0.0,
      58.0,
      56.7,
      26.7,
      50.5,
      44.0,
      56.5,
      57.2,
      57.7,
      58.8,
      58.9,
      57.0,
      57.0,
      60.8,
      24.4,
      71.3
    ],
    [
      4.3,
      6.4,
      0.55,
      0.75,
      0.5,
      18.3,
      20.8,
      1.8,
      13.0,
      11.3,
      11.1,
      0.35,
      16.7,
      0.29,
      0.18,
      5.7,
      2.7,
      33.7,
      0.65,
      9.9,
      25.1,
      8.3,
      22.4,
      0.4,
      0.75,
      16.7,
      0.55,
      12.6,
      0.056,
      0.55,
      14.0,
      0.4,
      2.7,
      2.9,
      6.3,
      0.75,
      0.4,
      14.7,
      81.6,
      58.0,
      0.0,
      4.1,
      39.0,
      10.3,
      16.7,
      3.4,
      0.7,
      0.4,
      11.4,
      7.4,
      0.75,
      0.8,
      9.3,
      36.6,
      7.6
    ],
    [
      3.0,
      5.1,
      1.1,
      3.8,
      0.19,
      28.1,
      23.1,
      0.6,
      15.5,
      11.3,
      9.8,
      0.3,
      19.0,
      0.4,
      0.7,
      4.5,
      1.3,
      32.4,
      0.4,
      12.8,
      23.8,
      7.0,
      24.7,
      0.75,
      0.2,
      26.6,
      0.11,
      15.5,
      0.7,
      3.5,
      14.0,
      0.27,
      4.4,
      2.9,
      5.1,
      0.45,
      0.35,
      13.5,
      83.9,
      56.7,
      4.1,
      0.0,
      36.2,
      7.6,
      13.9,
      1.0,
      0.3,
      1.0,
      5.0,
      4.2,
      0.27,
      0.35,
      6.5,
      33.8,
      8.5
    ],
    [
      33.8,
      32.5,
      39.1,
      38.7,
      39.5,
      63.8,
      58.7,
      35.7,
      55.0,
      46.0,
      39.6,
      39.3,
      54.7,
      39.2,
      37.9,
      33.2,
      34.9,
      60.2,
      36.9,
      53.6,
      51.6,
      31.9,
      60.3,
      39.0,
      36.4,
      62.3,
      39.5,
      55.0,
      39.0,
      38.4,
      48.6,
      39.4,
      41.2,
      36.8,
      32.1,
      37.0,
      39.5,
      41.3,
      120.0,
      26.7,
      39.0,
      36.2,
      0.0,
      29.6,
      23.1,
      35.7,
      36.4,
      36.9,
      38.0,
      38.0,
      36.2,
      36.1,
      39.9,
      4.1,
      50.5
    ],
    [
      5.1,
      2.8,
      10.4,
      10.1,
      10.9,
      35.0,
      29.9,
      7.1,
      21.8,
      17.1,
      12.6,
      10.7,
      25.8,
      10.6,
      9.2,
      3.8,
      6.3,
      35.9,
      8.3,
      18.9,
      27.3,
      4.0,
      31.5,
      11.1,
      7.8,
      33.4,
      10.9,
      21.6,
      10.4,
      9.7,
      19.8,
      10.8,
      12.6,
      8.2,
      2.8,
      8.3,
      10.9,
      17.0,
      90.7,
      50.5,
      10.3,
      7.6,
      29.6,
      0.0,
      7.6,
      7.4,
      8.1,
      8.6,
      8.2,
      8.3,
      7.9,
      7.8,
      10.2,
      27.5,
      16.6
    ],
    [
      11.4,
      10.2,
      16.7,
      16.4,
      17.2,
      41.5,
      36.4,
      13.4,
      32.7,
      23.7,
      17.3,
      17.0,
      32.4,
      16.9,
      15.5,
      10.8,
      12.6,
      37.9,
      14.6,
      24.4,
      29.2,
      9.6,
      38.0,
      16.7,
      14.1,
      39.9,
      17.2,
      32.7,
      16.7,
      16.1,
      26.3,
      17.1,
      18.9,
      14.5,
      9.8,
      14.7,
      17.2,
      18.9,
      97.2,
      44.0,
      16.7,
      13.9,
      23.1,
      7.6,
      0.0,
      13.2,
      13.9,
      14.4,
      15.5,
      15.5,
      13.7,
      13.7,
      17.4,
      20.6,
      28.0
    ],
    [
      2.8,
      4.9,
      3.4,
      3.1,
      1.0,
      26.5,
      21.4,
      1.5,
      13.9,
      9.6,
      9.6,
      0.95,
      17.3,
      1.0,
      2.2,
      4.2,
      2.4,
      32.2,
      2.1,
      11.1,
      23.6,
      6.8,
      23.0,
      3.4,
      1.6,
      24.9,
      1.0,
      13.9,
      3.4,
      2.8,
      12.3,
      0.9,
      3.7,
      1.2,
      4.8,
      2.2,
      1.0,
      13.2,
      82.2,
      56.5,
      3.4,
      1.0,
      35.7,
      7.4,
      13.2,
      0.0,
      2.7,
      1.9,
      8.5,
      6.8,
      2.5,
      2.4,
      6.2,
      33.7,
      9.2
    ],
    [
      3.4,
      5.5,
      0.8,
      1.2,
      0.4,
      28.6,
      23.5,
      0.9,
      16.0,
      11.8,
      10.3,
      0.45,
      19.5,
      0.45,
      0.8,
      4.9,
      1.8,
      32.9,
      0.078,
      13.3,
      24.3,
      7.4,
      25.1,
      0.5,
      0.12,
      27.0,
      0.4,
      16.0,
      0.75,
      1.0,
      14.4,
      0.45,
      5.4,
      3.4,
      5.5,
      0.17,
      0.55,
      13.9,
      84.3,
      57.2,
      0.7,
      0.3,
      36.4,
      8.1,
      13.9,
      2.7,
      0.0,
      1.0,
      5.8,
      4.9,
      0.078,
      0.13,
      8.7,
      34.6,
      9.2
    ],
    [
      4.0,
      6.1,
      1.6,
      0.9,
      2.1,
      17.8,
      20.2,
      1.5,
      12.4,
      10.8,
      10.8,
      0.55,
      16.2,
      0.65,
      0.2,
      5.4,
      2.4,
      33.4,
      1.7,
      9.4,
      24.8,
      8.0,
      14.3,
      0.8,
      1.2,
      16.2,
      0.7,
      12.1,
      0.35,
      0.65,
      13.4,
      0.5,
      2.1,
      2.4,
      6.0,
      1.0,
      0.45,
      14.4,
      81.1,
      57.7,
      0.4,
      1.0,
      36.9,
      8.6,
      14.4,
      1.9,
      1.0,
      0.0,
      9.8,
      8.1,
      1.0,
      3.3,
      7.8,
      35.0,
      7.7
    ],
    [
      6.2,
      5.8,
      11.5,
      11.1,
      11.9,
      29.1,
      24.0,
      4.5,
      20.3,
      11.3,
      5.8,
      11.7,
      20.0,
      11.7,
      10.3,
      5.2,
      7.3,
      28.4,
      5.7,
      18.9,
      19.8,
      7.6,
      25.6,
      11.4,
      5.2,
      27.6,
      11.9,
      20.3,
      11.4,
      10.8,
      13.9,
      11.8,
      11.1,
      6.7,
      5.8,
      5.7,
      11.9,
      9.4,
      84.8,
      58.8,
      11.4,
      5.0,
      38.0,
      8.2,
      15.5,
      8.5,
      5.8,
      9.8,
      0.0,
      0.4,
      4.7,
      4.7,
      4.1,
      35.2,
      15.2
    ],
    [
      6.2,
      5.8,
      9.7,
      9.4,
      10.2,
      28.3,
      23.2,
      3.7,
      19.5,
      10.4,
      5.8,
      10.0,
      19.1,
      9.9,
      8.5,
      5.2,
      7.3,
      28.4,
      4.9,
      18.1,
      19.8,
      7.7,
      24.8,
      9.7,
      4.4,
      26.7,
      10.2,
      19.5,
      7.5,
      9.1,
      13.1,
      10.1,
      10.2,
      5.9,
      5.8,
      4.9,
      7.9,
      9.4,
      84.0,
      58.9,
      7.4,
      4.2,
      38.0,
      8.3,
      15.5,
      6.8,
      4.9,
      8.1,
      0.4,
      0.0,
      4.3,
      4.3,
      3.7,
      34.8,
      14.8
    ],
    [
      3.3,
      5.4,
      0.85,
      4.6,
      0.45,
      28.4,
      23.4,
      0.6,
      15.8,
      11.6,
      10.1,
      5.3,
      19.3,
      0.55,
      0.85,
      4.7,
      1.6,
      32.7,
      0.12,
      13.1,
      24.1,
      7.3,
      24.9,
      0.55,
      0.07,
      26.9,
      0.35,
      15.8,
      5.0,
      1.0,
      14.3,
      0.5,
      5.2,
      3.2,
      5.3,
      0.16,
      0.6,
      13.7,
      84.2,
      57.0,
      0.75,
      0.27,
      36.2,
      7.9,
      13.7,
      2.5,
      0.078,
      1.0,
      4.7,
      4.3,
      0.0,
      0.079,
      8.5,
      34.4,
      9.1
    ],
    [
      3.2,
      5.3,
      0.9,
      1.3,
      0.5,
      28.4,
      23.3,
      0.7,
      15.8,
      11.5,
      10.1,
      0.55,
      19.3,
      0.6,
      0.9,
      4.7,
      1.6,
      32.7,
      0.13,
      13.1,
      24.1,
      7.2,
      24.9,
      0.6,
      0.15,
      26.8,
      0.45,
      15.8,
      0.85,
      1.1,
      14.2,
      0.55,
      5.2,
      3.1,
      5.3,
      0.18,
      0.65,
      13.7,
      84.1,
      57.0,
      0.8,
      0.35,
      36.1,
      7.8,
      13.7,
      2.4,
      0.13,
      3.3,
      4.7,
      4.3,
      0.079,
      0.0,
      7.1,
      34.4,
      9.0
    ],
    [
      8.1,
      7.7,
      8.0,
      7.6,
      8.4,
      27.8,
      22.7,
      5.2,
      19.0,
      6.8,
      6.3,
      8.3,
      18.7,
      8.2,
      6.8,
      7.1,
      6.1,
      28.9,
      7.2,
      17.6,
      20.3,
      9.2,
      24.3,
      8.0,
      6.7,
      26.3,
      8.5,
      19.0,
      8.0,
      7.3,
      9.0,
      8.3,
      8.5,
      5.3,
      7.7,
      7.2,
      8.4,
      9.9,
      83.5,
      60.8,
      9.3,
      6.5,
      39.9,
      10.2,
      17.4,
      6.2,
      8.7,
      7.8,
      4.1,
      3.7,
      8.5,
      7.1,
      0.0,
      37.1,
      14.4
    ],
    [
      31.4,
      30.1,
      36.7,
      36.3,
      37.1,
      61.4,
      56.3,
      33.3,
      52.6,
      43.6,
      37.2,
      36.9,
      52.3,
      36.9,
      35.5,
      30.7,
      32.5,
      57.8,
      34.5,
      44.4,
      49.2,
      29.5,
      57.9,
      36.6,
      34.0,
      59.9,
      37.1,
      52.6,
      36.6,
      36.0,
      54.2,
      37.0,
      38.8,
      34.4,
      29.7,
      34.6,
      37.1,
      38.9,
      117.0,
      24.4,
      36.6,
      33.8,
      4.1,
      27.5,
      20.6,
      33.7,
      34.6,
      35.0,
      35.2,
      34.8,
      34.4,
      34.4,
      37.1,
      0.0,
      48.6
    ],
    [
      12.3,
      14.4,
      7.7,
      7.4,
      8.1,
      10.7,
      21.1,
      8.9,
      5.1,
      16.3,
      20.6,
      8.0,
      17.0,
      7.9,
      7.9,
      13.7,
      9.8,
      43.2,
      9.1,
      2.2,
      34.6,
      16.3,
      7.2,
      7.7,
      8.7,
      9.2,
      8.2,
      5.1,
      7.7,
      7.0,
      19.0,
      8.1,
      5.5,
      8.3,
      18.5,
      9.2,
      8.1,
      24.2,
      81.9,
      71.3,
      7.6,
      8.5,
      50.5,
      16.6,
      28.0,
      9.2,
      9.2,
      7.7,
      15.2,
      14.8,
      9.1,
      9.0,
      14.4,
      48.6,
      0.0
    ]
  ],
  "drive_time_matrix": [
    [
      0.0,
      3.0,
      11.0,
      8.0,
      11.0,
      28.0,
      23.0,
      4.0,
      23.0,
      17.0,
      17.0,
      7.0,
      21.0,
      8.0,
      9.0,
      4.0,
      6.0,
      37.0,
      8.0,
      20.0,
      25.0,
      6.0,
      25.0,
      10.0,
      5.0,
      27.0,
      11.0,
      23.0,
      8.0,
      8.0,
      19.0,
      7.0,
      10.0,
      4.0,
      3.0,
      8.0,
      6.0,
      12.0,
      79.0,
      53.0,
      8.0,
      6.0,
      39.0,
      8.0,
      15.0,
      4.0,
      8.0,
      7.0,
      7.0,
      7.0,
      7.0,
      7.0,
      11.0,
      31.0,
      16.0
    ],
    [
      3.0,
      0.0,
      13.0,
      10.0,
      12.0,
      30.0,
      24.0,
      7.0,
      27.0,
      18.0,
      18.0,
      9.0,
      22.0,
      10.0,
      11.0,
      6.0,
      8.0,
      37.0,
      10.0,
      21.0,
      27.0,
      44.0,
      27.0,
      12.0,
      7.0,
      30.0,
      13.0,
      27.0,
      10.0,
      9.0,
      21.0,
      9.0,
      11.0,
      6.0,
      1.0,
      10.0,
      8.0,
      13.0,
      80.0,
      53.0,
      10.0,
      8.0,
      38.0,
      5.0,
      14.0,
      6.0,
      10.0,
      9.0,
      8.0,
      8.0,
      9.0,
      9.0,
      12.0,
      30.0,
      18.0
    ],
    [
      11.0,
      13.0,
      0.0,
      9.0,
      11.0,
      25.0,
      25.0,
      21.0,
      21.0,
      21.0,
      26.0,
      10.0,
      24.0,
      9.0,
      9.0,
      15.0,
      15.0,
      45.0,
      10.0,
      17.0,
      35.0,
      16.0,
      22.0,
      4.0,
      13.0,
      25.0,
      13.0,
      21.0,
      7.0,
      8.0,
      24.0,
      11.0,
      6.0,
      9.0,
      14.0,
      11.0,
      12.0,
      21.0,
      80.0,
      64.0,
      7.0,
      14.0,
      49.0,
      19.0,
      25.0,
      9.0,
      10.0,
      6.0,
      18.0,
      16.0,
      11.0,
      12.0,
      17.0,
      41.0,
      14.0
    ],
    [
      8.0,
      10.0,
      9.0,
      0.0,
      10.0,
      23.0,
      23.0,
      10.0,
      19.0,
      19.0,
      24.0,
      12.0,
      22.0,
      11.0,
      11.0,
      13.0,
      14.0,
      42.0,
      14.0,
      15.0,
      33.0,
      14.0,
      20.0,
      8.0,
      11.0,
      23.0,
      10.0,
      19.0,
      9.0,
      5.0,
      22.0,
      10.0,
      4.0,
      7.0,
      12.0,
      15.0,
      9.0,
      20.0,
      78.0,
      62.0,
      9.0,
      10.0,
      47.0,
      17.0,
      23.0,
      7.0,
      14.0,
      12.0,
      17.0,
      14.0,
      12.0,
      16.0,
      15.0,
      38.0,
      12.0
    ],
    [
      11.0,
      12.0,
      11.0,
      10.0,
      0.0,
      29.0,
      30.0,
      11.0,
      23.0,
      25.0,
      30.0,
      2.0,
      28.0,
      3.0,
      7.0,
      18.0,
      19.0,
      48.0,
      5.0,
      20.0,
      38.0,
      19.0,
      25.0,
      7.0,
      6.0,
      29.0,
      3.0,
      23.0,
      7.0,
      12.0,
      27.0,
      3.0,
      9.0,
      12.0,
      17.0,
      6.0,
      4.0,
      25.0,
      84.0,
      68.0,
      7.0,
      3.0,
      53.0,
      22.0,
      28.0,
      14.0,
      5.0,
      9.0,
      22.0,
      19.0,
      5.0,
      6.0,
      20.0,
      44.0,
      17.0
    ],
    [
      28.0,
      30.0,
      25.0,
      23.0,
      29.0,
      0.0,
      24.0,
      30.0,
      10.0,
      30.0,
      38.0,
      32.0,
      22.0,
      32.0,
      32.0,
      32.0,
      34.0,
      57.0,
      33.0,
      13.0,
      46.0,
      30.0,
      5.0,
      33.0,
      30.0,
      6.0,
      35.0,
      10.0,
      29.0,
      28.0,
      33.0,
      31.0,
      24.0,
      26.0,
      31.0,
      33.0,
      31.0,
      33.0,
      70.0,
      77.0,
      29.0,
      31.0,
      64.0,
      36.0,
      40.0,
      28.0,
      33.0,
      27.0,
      30.0,
      28.0,
      33.0,
      32.0,
      29.0,
      54.0,
      15.0
    ],
    [
      23.0,
      24.0,
      25.0,
      23.0,
      30.0,
      24.0,
      0.0,
      22.0,
      24.0,
      19.0,
      31.0,
