{
  "drive_dist_matrix": [
    [
      0.0,
      0.48280199999999995,
      2.5749440000000003,
      4.667085999999999,
      0.6437360000000001,
      4.506151999999999,
      0.6437360000000001,
      6.598293999999999,
      4.667085999999999,
      10.138842,
      10.138842,
      8.690436,
      9.334171999999999,
      9.65604,
      4.02335,
      2.896812,
      2.5749440000000003,
      12.713786,
      0.48280199999999995,
      0.48280199999999995
    ],
    [
      0.48280199999999995,
      0.0,
      2.5749440000000003,
      3.5405480000000003,
      0.48280199999999995,
      3.379614,
      0.9656039999999999,
      5.471756,
      3.5405480000000003,
      8.85137,
      9.012303999999999,
      7.563898,
      9.65604,
      8.529501999999999,
      4.184284,
      2.896812,
      2.735878,
      13.035654,
      0.6437360000000001,
      0.32186800000000004
    ],
    [
      2.5749440000000003,
      2.5749440000000003,
      0.0,
      3.379614,
      2.735878,
      1.2874720000000002,
      2.092142,
      5.310822,
      3.379614,
      8.690436,
      8.85137,
      7.402963999999999,
      8.85137,
      8.368568,
      6.759228,
      0.32186800000000004,
      4.184284,
      14.805927999999998,
      2.2530759999999996,
      2.896812
    ],
    [
      4.667085999999999,
      3.5405480000000003,
      3.379614,
      0.0,
      3.7014819999999995,
      0.80467,
      3.5405480000000003,
      2.735878,
      0.32186800000000004,
      6.276426,
      6.276426,
      4.82802,
      10.138842,
      5.793624,
      7.563898,
      3.057746,
      6.115492,
      16.0934,
      3.5405480000000003,
      3.7014819999999995
    ],
    [
      0.6437360000000001,
      0.48280199999999995,
      2.735878,
      3.7014819999999995,
      0.0,
      3.5405480000000003,
      0.6437360000000001,
      5.63269,
      3.7014819999999995,
      9.173238,
      9.173238,
      7.724831999999999,
      9.173238,
      8.690436,
      4.667085999999999,
      2.41401,
      3.21868,
      12.552852,
      0.32186800000000004,
      0.48280199999999995
    ],
    [
      4.506151999999999,
      3.379614,
      1.2874720000000002,
      0.80467,
      3.5405480000000003,
      0.0,
      2.41401,
      3.5405480000000003,
      0.80467,
      6.9201619999999995,
      7.0810960000000005,
      5.63269,
      9.012303999999999,
      6.598293999999999,
      7.402963999999999,
      0.9656039999999999,
      5.9545580000000005,
      14.966862,
      2.735878,
      3.5405480000000003
    ],
    [
      0.6437360000000001,
      0.9656039999999999,
      2.092142,
      3.5405480000000003,
      0.6437360000000001,
      2.41401,
      0.0,
      5.471756,
      3.7014819999999995,
      9.012303999999999,
      9.173238,
      7.724831999999999,
      8.85137,
      8.529501999999999,
      5.471756,
      2.092142,
      2.5749440000000003,
      12.230984,
      0.32186800000000004,
      0.9656039999999999
    ],
    [
      6.598293999999999,
      5.471756,
      5.310822,
      2.735878,
      5.63269,
      3.5405480000000003,
      5.471756,
      0.0,
      2.735878,
      4.345218,
      4.506151999999999,
      3.057746,
      11.426314,
      3.8624159999999996,
      9.495106,
      4.9889540000000006,
      8.0467,
      17.380872,
      5.471756,
      5.63269
    ],
    [
      4.667085999999999,
      3.5405480000000003,
      3.379614,
      0.32186800000000004,
      3.7014819999999995,
      0.80467,
      3.7014819999999995,
      2.735878,
      0.0,
      6.276426,
      6.276426,
      4.82802,
      10.138842,
      5.793624,
      7.563898,
      3.21868,
      6.115492,
      16.0934,
      3.7014819999999995,
      3.7014819999999995
    ],
    [
      10.138842,
      8.85137,
      8.690436,
      6.276426,
      9.173238,
      6.9201619999999995,
      9.012303999999999,
      4.345218,
      6.276426,
      0.0,
      3.379614,
      2.896812,
      14.966862,
      2.896812,
      12.87472,
      8.529501999999999,
      11.587248,
      20.92142,
      9.012303999999999,
      9.173238
    ],
    [
      10.138842,
      9.012303999999999,
      8.85137,
      6.276426,
      9.173238,
      7.0810960000000005,
      9.173238,
      4.506151999999999,
      6.276426,
      3.379614,
      0.0,
      3.057746,
      15.127796,
      0.48280199999999995,
      13.035654,
      8.690436,
      11.748182,
      21.082354,
      9.173238,
      9.334171999999999
    ],
    [
      8.690436,
      7.563898,
      7.402963999999999,
      4.82802,
      7.724831999999999,
      5.63269,
      7.724831999999999,
      3.057746,
      4.82802,
      2.896812,
      3.057746,
      0.0,
      13.67939,
      1.60934,
      11.587248,
      7.24203,
      10.138842,
      19.633948,
      7.724831999999999,
      7.724831999999999
    ],
    [
      9.334171999999999,
      9.65604,
      8.85137,
      10.138842,
      9.173238,
      9.012303999999999,
      8.85137,
      11.426314,
      10.138842,
      14.966862,
      15.127796,
      13.67939,
      0.0,
      14.162192000000001,
      19.151146,
      8.0467,
      8.368568,
      8.85137,
      8.368568,
      10.943512
    ],
    [
      9.65604,
      8.529501999999999,
      8.368568,
      5.793624,
      8.690436,
      6.598293999999999,
      8.529501999999999,
      3.8624159999999996,
      5.793624,
      2.896812,
      0.48280199999999995,
      1.60934,
      14.162192000000001,
      0.0,
      12.552852,
      8.0467,
      11.104446000000001,
      20.599552000000003,
      8.690436,
      8.690436
    ],
    [
      4.02335,
      4.184284,
      6.759228,
      7.563898,
      4.667085999999999,
      7.402963999999999,
      5.471756,
      9.495106,
      7.563898,
      12.87472,
      13.035654,
      11.587248,
      19.151146,
      12.552852,
      0.0,
      7.402963999999999,
      6.43736,
      22.047957999999998,
      5.471756,
      4.667085999999999
    ],
    [
      2.896812,
      2.896812,
      0.32186800000000004,
      3.057746,
      2.41401,
      0.9656039999999999,
      2.092142,
      4.9889540000000006,
      3.21868,
      8.529501999999999,
      8.690436,
      7.24203,
      8.0467,
      8.0467,
      7.402963999999999,
      0.0,
      4.82802,
      14.48406,
      2.41401,
      3.057746
    ],
    [
      2.5749440000000003,
      2.735878,
      4.184284,
      6.115492,
      3.21868,
      5.9545580000000005,
      2.5749440000000003,
      8.0467,
      6.115492,
      11.587248,
      11.748182,
      10.138842,
      8.368568,
      11.104446000000001,
      6.43736,
      4.82802,
      0.0,
      14.323126,
      2.5749440000000003,
      2.896812
    ],
    [
      12.713786,
      13.035654,
      14.805927999999998,
      16.0934,
      12.552852,
      14.966862,
      12.230984,
      17.380872,
      16.0934,
      20.92142,
      21.082354,
      19.633948,
      8.85137,
      20.599552000000003,
      22.047957999999998,
      14.48406,
      14.323126,
      0.0,
      12.391918,
      16.737136
    ],
    [
      0.48280199999999995,
      0.6437360000000001,
      2.2530759999999996,
      3.5405480000000003,
      0.32186800000000004,
      2.735878,
      0.32186800000000004,
      5.471756,
      3.7014819999999995,
      9.012303999999999,
      9.173238,
      7.724831999999999,
      8.368568,
      8.690436,
      5.471756,
      2.41401,
      2.5749440000000003,
      12.391918,
      0.0,
      0.6437360000000001
    ],
    [
      0.48280199999999995,
      0.32186800000000004,
      2.896812,
      3.7014819999999995,
      0.48280199999999995,
      3.5405480000000003,
      0.9656039999999999,
      5.63269,
      3.7014819999999995,
      9.173238,
      9.334171999999999,
      7.724831999999999,
      10.943512,
      8.690436,
      4.667085999999999,
      3.057746,
      2.896812,
      16.737136,
      0.6437360000000001,
      0.0
    ]
  ],
  "drive_time_matrix": [
    [
      0.0,
      6.0,
      10.0,
      12.0,
      7.0,
      12.0,
      9.0,
      14.0,
      12.0,
      21.0,
      22.0,
      18.0,
      18.0,
      20.0,
      9.0,
      11.0,
      6.0,
      25.0,
      7.0,
      6.0
    ],
    [
      6.0,
      0.0,
      8.0,
      7.0,
      6.0,
      6.0,
      12.0,
      9.0,
      7.0,
      16.0,
      17.0,
      13.0,
      19.0,
      14.0,
      9.0,
      9.0,
      7.0,
      26.0,
      8.0,
      3.0
    ],
    [
      10.0,
      8.0,
      0.0,
      8.0,
      9.0,
      5.0,
      6.0,
      10.0,
      8.0,
      17.0,
      18.0,
      14.0,
      18.0,
      16.0,
      15.0,
      5.0,
      11.0,
      28.0,
      8.0,
      9.0
    ],
    [
      12.0,
      7.0,
      8.0,
      0.0,
      9.0,
      11.0,
      9.0,
      5.0,
      5.0,
      12.0,
      13.0,
      9.0,
      21.0,
      11.0,
      15.0,
      8.0,
      13.0,
      30.0,
      10.0,
      9.0
    ],
    [
      7.0,
      6.0,
      9.0,
      9.0,
      0.0,
      7.0,
      8.0,
      10.0,
      8.0,
      17.0,
      18.0,
      14.0,
      19.0,
      15.0,
      9.0,
      8.0,
      7.0,
      26.0,
      4.0,
      6.0
    ],
    [
      12.0,
      6.0,
      5.0,
      11.0,
      7.0,
      0.0,
      7.0,
      7.0,
      9.0,
      13.0,
      14.0,
      11.0,
      18.0,
      12.0,
      15.0,
      13.0,
      13.0,
      28.0,
      10.0,
      8.0
    ],
    [
      9.0,
      12.0,
      6.0,
      9.0,
      8.0,
      7.0,
      0.0,
      12.0,
      10.0,
      19.0,
      20.0,
      16.0,
      17.0,
      17.0,
      11.0,
      6.0,
      7.0,
      23.0,
      4.0,
      13.0
    ],
    [
      14.0,
      9.0,
      10.0,
      5.0,
      10.0,
      7.0,
      12.0,
      0.0,
      5.0,
      8.0,
      9.0,
      6.0,
      22.0,
      7.0,
      17.0,
      9.0,
      15.0,
      32.0,
      12.0,
      11.0
    ],
    [
      12.0,
      7.0,
      8.0,
      5.0,
      8.0,
      9.0,
      10.0,
      5.0,
      0.0,
      12.0,
      13.0,
      9.0,
      20.0,
      10.0,
      15.0,
      7.0,
      13.0,
      30.0,
      10.0,
      9.0
    ],
    [
      21.0,
      16.0,
      17.0,
      12.0,
      17.0,
      13.0,
      19.0,
      8.0,
      12.0,
      0.0,
      9.0,
      7.0,
      30.0,
      7.0,
      24.0,
      17.0,
      22.0,
      39.0,
      20.0,
      18.0
    ],
    [
      22.0,
      17.0,
      18.0,
      13.0,
      18.0,
      14.0,
      20.0,
      9.0,
      13.0,
      9.0,
      0.0,
      8.0,
      30.0,
      2.0,
      25.0,
      17.0,
      23.0,
      39.0,
      20.0,
      19.0
    ],
    [
      18.0,
      13.0,
      14.0,
      9.0,
      14.0,
      11.0,
      16.0,
      6.0,
      9.0,
      7.0,
      8.0,
      0.0,
      27.0,
      4.0,
      21.0,
      14.0,
      19.0,
      36.0,
      17.0,
      15.0
    ],
    [
      18.0,
      19.0,
      18.0,
      21.0,
      19.0,
      18.0,
      17.0,
      22.0,
      20.0,
      30.0,
      30.0,
      27.0,
      0.0,
      29.0,
      19.0,
      17.0,
      16.0,
      14.0,
      18.0,
      21.0
    ],
    [
      20.0,
      14.0,
      16.0,
      11.0,
      15.0,
      12.0,
      17.0,
      7.0,
      10.0,
      7.0,
      2.0,
      4.0,
      29.0,
      0.0,
      23.0,
      15.0,
      21.0,
      37.0,
      18.0,
      17.0
    ],
    [
      9.0,
      9.0,
      15.0,
      15.0,
      9.0,
      15.0,
      11.0,
      17.0,
      15.0,
      24.0,
      25.0,
      21.0,
      19.0,
      23.0,
      0.0,
      18.0,
      12.0,
      26.0,
      13.0,
      9.0
    ],
    [
      11.0,
      9.0,
      5.0,
      8.0,
      8.0,
      13.0,
      6.0,
      9.0,
      7.0,
      17.0,
      17.0,
      14.0,
      17.0,
      15.0,
      18.0,
      0.0,
      13.0,
      26.0,
      9.0,
      9.0
    ],
    [
      6.0,
      7.0,
      11.0,
      13.0,
      7.0,
      13.0,
      7.0,
      15.0,
      13.0,
      22.0,
      23.0,
      19.0,
      16.0,
      21.0,
      12.0,
      13.0,
      0.0,
      20.0,
      8.0,
      7.0
    ],
    [
      25.0,
      26.0,
      28.0,
      30.0,
      26.0,
      28.0,
      23.0,
      32.0,
      30.0,
      39.0,
      39.0,
      36.0,
      14.0,
      37.0,
      26.0,
      26.0,
      20.0,
      0.0,
      24.0,
      25.0
    ],
    [
      7.0,
      8.0,
      8.0,
      10.0,
      4.0,
      10.0,
      4.0,
      12.0,
      10.0,
      20.0,
      20.0,
      17.0,
      18.0,
      18.0,
      13.0,
      9.0,
      8.0,
      24.0,
      0.0,
      9.0
    ],
    [
      6.0,
      3.0,
      9.0,
      9.0,
      6.0,
      8.0,
      13.0,
      11.0,
      9.0,
      18.0,
      19.0,
      15.0,
      21.0,
      17.0,
      9.0,
      9.0,
      7.0,
      25.0,
      9.0,
      0.0
    ]
  ],
  "transit_dist_walk_matrix": [
    [
      0.0,
      NaN,
      1.2499500000000001,
      0.9166300000000001,
      NaN,
      1.16662,
      NaN,
      0.99996,
      1.2499500000000001,
      1.08329,
      0.9166300000000001,
      0.66664,
      1.58327,
      0.66664,
      0.58331,
      1.2499500000000001,
      0.74997,
      2.91655,
      NaN,
      NaN
    ],
    [
      NaN,
      0.0,
      1.2499500000000001,
      0.99996,
      NaN,
      1.16662,
      NaN,
      1.74993,
      1.6666,
      1.8332600000000001,
      0.66664,
      1.41661,
      1.6666,
      0.66664,
      0.66664,
      1.2499500000000001,
      0.66664,
      2.99988,
      NaN,
      NaN
    ],
    [
      1.2499500000000001,
      1.2499500000000001,
      0.0,
      0.58331,
      0.8333,
      0.8333,
      0.66664,
      1.8332600000000001,
      0.9166300000000001,
      1.91659,
      0.8333,
      1.49994,
      1.33328,
      1.49994,
      1.41661,
      NaN,
      0.58331,
      3.16654,
      0.66664,
      1.2499500000000001
    ],
    [
      0.9166300000000001,
      0.99996,
      0.58331,
      0.0,
      0.49998,
      NaN,
      0.33332,
      0.9166300000000001,
      NaN,
      1.49994,
      0.58331,
      1.08329,
      0.99996,
      0.58331,
      1.16662,
      0.66664,
      0.24999,
      2.83322,
      0.33332,
      0.9166300000000001
    ],
    [
      NaN,
      NaN,
      0.8333,
      0.49998,
      0.0,
      0.74997,
      NaN,
      1.33328,
      1.16662,
      1.41661,
      0.99996,
      0.99996,
      1.2499500000000001,
      0.99996,
      0.66664,
      0.8333,
      0.24999,
      3.0832100000000002,
      NaN,
      NaN
    ],
    [
      1.16662,
      1.16662,
      0.8333,
      NaN,
      0.74997,
      0.0,
      0.8333,
      1.58327,
      NaN,
      1.6666,
      1.41661,
      1.2499500000000001,
      1.33328,
      1.41661,
      1.41661,
      NaN,
      0.9166300000000001,
      3.49986,
      0.66664,
      1.2499500000000001
    ],
    [
      NaN,
      NaN,
      0.66664,
      0.33332,
      NaN,
      0.8333,
      0.0,
      1.58327,
      0.74997,
      1.6666,
      1.2499500000000001,
      1.2499500000000001,
      1.08329,
      1.2499500000000001,
      1.16662,
      0.74997,
      0.41665,
      2.91655,
      NaN,
      NaN
    ],
    [
      0.99996,
      1.74993,
      1.8332600000000001,
      0.9166300000000001,
      1.33328,
      1.58327,
      1.58327,
      0.0,
      1.16662,
      1.33328,
      0.9166300000000001,
      0.9166300000000001,
      1.49994,
      0.9166300000000001,
      1.58327,
      1.16662,
      0.74997,
      3.24987,
      1.49994,
      0.9166300000000001
    ],
    [
      1.2499500000000001,
      1.6666,
      0.9166300000000001,
      NaN,
      1.16662,
      NaN,
      0.74997,
      1.16662,
      0.0,
      1.49994,
      0.9166300000000001,
      1.08329,
      1.33328,
      0.9166300000000001,
      1.74993,
      NaN,
      0.58331,
      3.16654,
      0.66664,
      1.2499500000000001
    ],
    [
      1.08329,
      1.8332600000000001,
      1.91659,
      1.49994,
      1.41661,
      1.6666,
      1.6666,
      1.33328,
      1.49994,
      0.0,
      1.49994,
      1.41661,
      1.8332600000000001,
      2.33324,
      1.91659,
      2.58323,
      1.08329,
      3.6665200000000002,
      1.8332600000000001,
      2.08325
    ],
    [
      0.9166300000000001,
      0.66664,
      0.8333,
      0.58331,
      0.99996,
      1.41661,
      1.2499500000000001,
      0.9166300000000001,
      0.9166300000000001,
      1.49994,
      0.0,
      1.16662,
      1.41661,
      NaN,
      1.49994,
      1.08329,
      0.66664,
      3.24987,
      1.41661,
      0.8333
    ],
    [
      0.66664,
      1.41661,
      1.49994,
      1.08329,
      0.99996,
      1.2499500000000001,
      1.2499500000000001,
      0.9166300000000001,
      1.08329,
      1.41661,
      1.16662,
      0.0,
      1.16662,
      NaN,
      1.2499500000000001,
      1.91659,
      0.41665,
      2.99988,
      1.16662,
      1.41661
    ],
    [
      1.58327,
      1.6666,
      1.33328,
      0.99996,
      1.2499500000000001,
      1.33328,
      1.08329,
      1.49994,
      1.33328,
      1.8332600000000001,
      1.41661,
      1.16662,
      0.0,
      1.41661,
      1.99992,
      1.58327,
      1.41661,
      3.83318,
      1.33328,
      2.08325
    ],
    [
      0.66664,
      0.66664,
      1.49994,
      0.58331,
      0.99996,
      1.41661,
      1.2499500000000001,
      0.9166300000000001,
      0.9166300000000001,
      2.33324,
      NaN,
      NaN,
      1.41661,
      0.0,
      1.33328,
      0.9166300000000001,
      1.41661,
      3.0832100000000002,
      2.16658,
      0.66664
    ],
    [
      0.58331,
      0.66664,
      1.41661,
      1.16662,
      0.66664,
      1.41661,
      1.16662,
      1.58327,
      1.74993,
      1.91659,
      1.49994,
      1.2499500000000001,
      1.99992,
      1.33328,
      0.0,
      1.8332600000000001,
      1.41661,
      3.83318,
      1.49994,
      1.41661
    ],
    [
      1.2499500000000001,
      1.2499500000000001,
      NaN,
      0.66664,
      0.8333,
      NaN,
      0.74997,
      1.16662,
      NaN,
      2.58323,
      1.08329,
      1.91659,
      1.58327,
      0.9166300000000001,
      1.8332600000000001,
      0.0,
      0.66664,
      2.99988,
      0.49998,
      1.08329
    ],
    [
      0.74997,
      0.66664,
      0.58331,
      0.24999,
      0.24999,
      0.9166300000000001,
      0.41665,
      0.74997,
      0.58331,
      1.08329,
      0.66664,
      0.41665,
      1.41661,
      1.41661,
      1.41661,
      0.66664,
      0.0,
      3.16654,
      NaN,
      0.8333
    ],
    [
      2.91655,
      2.99988,
      3.16654,
      2.83322,
      3.0832100000000002,
      3.49986,
      2.91655,
      3.24987,
      3.16654,
      3.6665200000000002,
      3.24987,
      2.99988,
      3.83318,
      3.0832100000000002,
      3.83318,
      2.99988,
      3.16654,
      0.0,
      NaN,
      NaN
    ],
    [
      NaN,
      NaN,
      0.66664,
      0.33332,
      NaN,
      0.66664,
      NaN,
      1.49994,
      0.66664,
      1.8332600000000001,
      1.41661,
      1.16662,
      1.33328,
      2.16658,
      1.49994,
      0.49998,
      NaN,
      NaN,
      0.0,
      NaN
    ],
    [
      NaN,
      NaN,
      1.2499500000000001,
      0.9166300000000001,
      NaN,
      1.2499500000000001,
      NaN,
      0.9166300000000001,
      1.2499500000000001,
      2.08325,
      0.8333,
      1.41661,
      2.08325,
      0.66664,
      1.41661,
      1.08329,
      0.8333,
      NaN,
      NaN,
      0.0
    ]
  ],
  "transit_time_matrix": [
    [
      0.0,
      NaN,
      10.0,
      23.0,
      NaN,
      24.0,
      NaN,
      14.0,
      27.0,
      21.0,
      22.0,
      42.0,
      43.0,
      20.0,
      16.0,
      24.0,
      18.0,
      117.0,
      NaN,
      NaN
    ],
    [
      NaN,
      0.0,
      23.0,
      25.0,
      NaN,
      23.0,
      0.0,
      9.0,
      26.0,
      16.0,
      50.0,
      38.0,
      45.0,
      46.0,
      17.0,
      23.0,
      18.0,
      118.0,
      0.0,
      NaN
    ],
    [
      10.0,
      23.0,
      0.0,
      8.0,
      16.0,
      12.0,
      16.0,
      31.0,
      25.0,
      47.0,
      18.0,
      35.0,
      59.0,
      42.0,
      41.0,
      NaN,
      37.0,
      94.0,
      14.0,
      21.0
    ],
    [
      23.0,
      25.0,
      8.0,
      0.0,
      16.0,
      0.0,
      16.0,
      5.0,
      NaN,
      12.0,
      38.0,
      27.0,
      56.0,
      11.0,
      53.0,
      23.0,
      33.0,
      100.0,
      14.0,
      21.0
    ],
    [
      NaN,
      NaN,
      16.0,
      16.0,
      0.0,
      18.0,
      NaN,
      10.0,
      27.0,
      45.0,
      18.0,
      14.0,
      40.0,
      15.0,
      17.0,
      8.0,
      13.0,
      119.0,
      NaN,
      NaN
    ],
    [
      24.0,
      23.0,
      12.0,
      0.0,
      18.0,
      0.0,
      17.0,
      25.0,
      NaN,
      38.0,
      45.0,
      29.0,
      65.0,
      43.0,
      43.0,
      0.0,
      13.0,
      133.0,
      16.0,
      23.0
    ],
    [
      NaN,
      0.0,
      16.0,
      16.0,
      NaN,
      17.0,
      0.0,
      12.0,
      21.0,
      48.0,
      47.0,
      16.0,
      37.0,
      43.0,
      11.0,
      18.0,
      7.0,
      76.0,
      NaN,
      NaN
    ],
    [
      14.0,
      9.0,
      31.0,
      5.0,
      10.0,
      25.0,
      12.0,
      0.0,
      22.0,
      28.0,
      9.0,
      19.0,
      64.0,
      7.0,
      17.0,
      37.0,
      43.0,
      196.0,
      28.0,
      31.0
    ],
    [
      27.0,
      26.0,
      25.0,
      NaN,
      27.0,
      NaN,
      21.0,
      22.0,
      0.0,
      36.0,
      42.0,
      27.0,
      67.0,
      40.0,
      50.0,
      0.0,
      32.0,
      102.0,
      17.0,
      9.0
    ],
    [
      21.0,
      16.0,
      47.0,
      12.0,
      45.0,
      38.0,
      48.0,
      28.0,
      36.0,
      0.0,
      9.0,
      20.0,
      83.0,
      7.0,
      24.0,
      53.0,
      61.0,
      39.0,
      20.0,
      18.0
    ],
    [
      22.0,
      50.0,
      18.0,
      38.0,
      18.0,
      45.0,
      47.0,
      9.0,
      42.0,
      9.0,
      0.0,
      20.0,
      119.0,
      NaN,
      25.0,
      62.0,
      73.0,
      145.0,
      20.0,
      19.0
    ],
    [
      42.0,
      38.0,
      35.0,
      27.0,
      14.0,
      29.0,
      16.0,
      19.0,
      27.0,
      20.0,
      20.0,
      0.0,
      72.0,
      0.0,
      21.0,
      42.0,
      50.0,
      122.0,
      17.0,
      42.0
    ],
    [
      43.0,
      45.0,
      59.0,
      56.0,
      40.0,
      65.0,
      37.0,
      64.0,
      67.0,
      83.0,
      119.0,
      72.0,
      0.0,
      93.0,
      67.0,
      17.0,
      16.0,
      169.0,
      40.0,
      49.0
    ],
    [
      20.0,
      46.0,
      42.0,
      11.0,
      15.0,
      43.0,
      43.0,
      7.0,
      40.0,
      7.0,
      NaN,
      0.0,
      93.0,
      0.0,
      23.0,
      58.0,
      21.0,
      141.0,
      18.0,
      17.0
    ],
    [
      16.0,
      17.0,
      41.0,
      53.0,
      17.0,
      43.0,
      11.0,
      17.0,
      50.0,
      24.0,
      25.0,
      21.0,
      67.0,
      23.0,
      0.0,
      46.0,
      45.0,
      185.0,
      13.0,
      24.0
    ],
    [
      24.0,
      23.0,
      NaN,
      23.0,
      8.0,
      0.0,
      18.0,
      37.0,
      0.0,
      53.0,
      62.0,
      42.0,
      17.0,
      58.0,
      46.0,
      0.0,
      28.0,
      96.0,
      12.0,
      19.0
    ],
    [
      18.0,
      18.0,
      37.0,
      33.0,
      13.0,
      13.0,
      7.0,
      43.0,
      32.0,
      61.0,
      73.0,
      50.0,
      16.0,
      21.0,
      45.0,
      28.0,
      0.0,
      20.0,
      0.0,
      19.0
    ],
    [
      117.0,
      118.0,
      94.0,
      100.0,
      119.0,
      133.0,
      76.0,
      196.0,
      102.0,
      39.0,
      145.0,
      122.0,
      169.0,
      141.0,
      185.0,
      96.0,
      20.0,
      0.0,
      NaN,
      NaN
    ],
    [
      NaN,
      0.0,
      14.0,
      14.0,
      NaN,
      16.0,
      NaN,
      28.0,
      17.0,
      20.0,
      20.0,
      17.0,
      40.0,
      18.0,
      13.0,
      12.0,
      0.0,
      NaN,
      0.0,
      NaN
    ],
    [
      NaN,
      NaN,
      21.0,
      21.0,
      NaN,
      23.0,
      NaN,
      31.0,
      9.0,
      18.0,
      19.0,
      42.0,
      49.0,
      17.0,
      24.0,
      19.0,
      19.0,
      NaN,
      NaN,
      0.0
    ]
  ],
  "walk_dist_matrix": [
    [
      0.0,
      0.48280199999999995,
      2.41401,
      3.5405480000000003,
      0.6437360000000001,
      3.057746,
      0.6437360000000001,
      5.793624,
      3.5405480000000003,
      9.173238,
      9.495106,
      7.724831999999999,
      8.368568,
      8.85137,
      4.667085999999999,
      2.735878,
      2.2530759999999996,
      12.552852,
      0.48280199999999995,
      0.48280199999999995
    ],
    [
      0.48280199999999995,
      0.0,
      2.5749440000000003,
      3.21868,
      0.48280199999999995,
      2.896812,
      0.9656039999999999,
      5.471756,
      3.21868,
      8.690436,
      9.012303999999999,
      7.24203,
      8.690436,
      8.368568,
      4.9889540000000006,
      2.735878,
      2.5749440000000003,
      12.87472,
      0.6437360000000001,
      0.32186800000000004
    ],
    [
      2.41401,
      2.5749440000000003,
      0.0,
      1.7702740000000001,
      2.092142,
      1.1265379999999998,
      1.7702740000000001,
      4.506151999999999,
      1.7702740000000001,
      7.885766,
      8.207633999999999,
      6.43736,
      7.724831999999999,
      7.563898,
      7.0810960000000005,
      0.32186800000000004,
      3.379614,
      13.357522000000001,
      1.9312079999999998,
      2.5749440000000003
    ],
    [
      3.5405480000000003,
      3.21868,
      1.7702740000000001,
      0.0,
      3.21868,
      0.80467,
      3.057746,
      2.735878,
      0.32186800000000004,
      6.115492,
      6.43736,
      4.667085999999999,
      8.368568,
      5.793624,
      8.207633999999999,
      1.60934,
      5.149888000000001,
      14.644993999999999,
      3.379614,
      3.379614
    ],
    [
      0.6437360000000001,
      0.48280199999999995,
      2.092142,
      3.21868,
      0.0,
      2.735878,
      0.6437360000000001,
      5.471756,
      3.21868,
      8.690436,
      9.012303999999999,
      7.24203,
      8.368568,
      8.368568,
      5.149888000000001,
      2.41401,
      2.2530759999999996,
      12.552852,
      0.32186800000000004,
      0.48280199999999995
    ],
    [
      3.057746,
      2.896812,
      1.1265379999999998,
      0.80467,
      2.735878,
      0.0,
      2.41401,
      3.5405480000000003,
      0.80467,
      6.9201619999999995,
      7.24203,
      5.471756,
      7.885766,
      6.598293999999999,
      7.563898,
      0.9656039999999999,
      4.506151999999999,
      14.001257999999998,
      2.5749440000000003,
      3.057746
    ],
    [
      0.6437360000000001,
      0.9656039999999999,
      1.7702740000000001,
      3.057746,
      0.6437360000000001,
      2.41401,
      0.0,
      5.471756,
      3.057746,
      8.85137,
      9.173238,
      7.402963999999999,
      7.885766,
      8.529501999999999,
      5.310822,
      2.092142,
      2.092142,
      12.230984,
      0.32186800000000004,
      0.9656039999999999
    ],
    [
      5.793624,
      5.471756,
      4.506151999999999,
      2.735878,
      5.471756,
      3.5405480000000003,
      5.471756,
      0.0,
      2.735878,
      4.345218,
      4.82802,
      2.896812,
      10.621644,
      4.184284,
      10.299776000000001,
      4.345218,
      7.563898,
      16.737136,
      5.471756,
      5.63269
    ],
    [
      3.5405480000000003,
      3.21868,
      1.7702740000000001,
      0.32186800000000004,
      3.21868,
      0.80467,
      3.057746,
      2.735878,
      0.0,
      6.115492,
      6.43736,
      4.667085999999999,
      8.368568,
      5.793624,
      8.0467,
      1.60934,
      5.149888000000001,
      14.644993999999999,
      3.21868,
      3.379614
    ],
    [
      9.173238,
      8.690436,
      7.885766,
      6.115492,
      8.690436,
      6.9201619999999995,
      8.85137,
      4.345218,
      6.115492,
      0.0,
      3.057746,
      1.7702740000000001,
      14.001257999999998,
      2.5749440000000003,
      13.67939,
      7.724831999999999,
      10.943512,
      20.11675,
      8.85137,
      9.012303999999999
    ],
    [
      9.495106,
      9.012303999999999,
      8.207633999999999,
      6.43736,
      9.012303999999999,
      7.24203,
      9.173238,
      4.82802,
      6.43736,
      3.057746,
      0.0,
      2.41401,
      14.323126,
      0.6437360000000001,
      14.001257999999998,
      8.0467,
      11.26538,
      20.599552000000003,
      9.173238,
      9.334171999999999
    ],
    [
      7.724831999999999,
      7.24203,
      6.43736,
      4.667085999999999,
      7.24203,
      5.471756,
      7.402963999999999,
      2.896812,
      4.667085999999999,
      1.7702740000000001,
      2.41401,
      0.0,
      12.552852,
      1.60934,
      12.230984,
      6.276426,
      9.495106,
      18.668343999999998,
      7.402963999999999,
      7.563898
    ],
    [
      8.368568,
      8.690436,
      7.724831999999999,
      8.368568,
      8.368568,
      7.885766,
      7.885766,
      10.621644,
      8.368568,
      14.001257999999998,
      14.323126,
      12.552852,
      0.0,
      13.67939,
      12.87472,
      7.724831999999999,
      7.402963999999999,
      8.207633999999999,
      8.0467,
      8.690436
    ],
    [
      8.85137,
      8.368568,
      7.563898,
      5.793624,
      8.368568,
      6.598293999999999,
      8.529501999999999,
      4.184284,
      5.793624,
      2.5749440000000003,
      0.6437360000000001,
      1.60934,
      13.67939,
      0.0,
      13.357522000000001,
      7.402963999999999,
      10.621644,
      19.794882,
      8.529501999999999,
      8.690436
    ],
    [
      4.667085999999999,
      4.9889540000000006,
      7.0810960000000005,
      8.207633999999999,
      5.149888000000001,
      7.563898,
      5.310822,
      10.299776000000001,
      8.0467,
      13.67939,
      14.001257999999998,
      12.230984,
      12.87472,
      13.357522000000001,
      0.0,
      7.24203,
      6.43736,
      16.89807,
      5.149888000000001,
      4.82802
    ],
    [
      2.735878,
      2.735878,
      0.32186800000000004,
      1.60934,
      2.41401,
      0.9656039999999999,
      2.092142,
      4.345218,
      1.60934,
      7.724831999999999,
      8.0467,
      6.276426,
      7.724831999999999,
      7.402963999999999,
      7.24203,
      0.0,
      3.7014819999999995,
      14.001257999999998,
      2.2530759999999996,
      2.896812
    ],
    [
      2.2530759999999996,
      2.5749440000000003,
      3.379614,
      5.149888000000001,
      2.2530759999999996,
      4.506151999999999,
      2.092142,
      7.563898,
      5.149888000000001,
      10.943512,
      11.26538,
      9.495106,
      7.402963999999999,
      10.621644,
      6.43736,
      3.7014819999999995,
      0.0,
      11.104446000000001,
      2.092142,
      2.5749440000000003
    ],
    [
      12.552852,
      12.87472,
      13.357522000000001,
      14.644993999999999,
      12.552852,
      14.001257999999998,
      12.230984,
      16.737136,
      14.644993999999999,
      20.11675,
      20.599552000000003,
      18.668343999999998,
      8.207633999999999,
      19.794882,
      16.89807,
      14.001257999999998,
      11.104446000000001,
      0.0,
      12.230984,
      12.87472
    ],
    [
      0.48280199999999995,
      0.6437360000000001,
      1.9312079999999998,
      3.379614,
      0.32186800000000004,
      2.5749440000000003,
      0.32186800000000004,
      5.471756,
      3.21868,
      8.85137,
      9.173238,
      7.402963999999999,
      8.0467,
      8.529501999999999,
      5.149888000000001,
      2.2530759999999996,
      2.092142,
      12.230984,
      0.0,
      0.6437360000000001
    ],
    [
      0.48280199999999995,
      0.32186800000000004,
      2.5749440000000003,
      3.379614,
      0.48280199999999995,
      3.057746,
      0.9656039999999999,
      5.63269,
      3.379614,
      9.012303999999999,
      9.334171999999999,
      7.563898,
      8.690436,
      8.690436,
      4.82802,
      2.896812,
      2.5749440000000003,
      12.87472,
      0.6437360000000001,
      0.0
    ]
  ],
  "walk_time_matrix": [
    [
      0.0,
      6.0,
      24.0,
      46.0,
      7.0,
      24.0,
      9.0,
      72.0,
      45.0,
      114.0,
      115.0,
      95.0,
      108.0,
      107.0,
      16.0,
      24.0,
      27.0,
      163.0,
      7.0,
      6.0
    ],
    [
      6.0,
      0.0,
      23.0,
      40.0,
      6.0,
      38.0,
      13.0,
      67.0,
      40.0,
      108.0,
      110.0,
      90.0,
      45.0,
      46.0,
      60.0,
      37.0,
      33.0,
      118.0,
      10.0,
      3.0
    ],
    [
      24.0,
      23.0,
      0.0,
      21.0,
      16.0,
      12.0,
      23.0,
      56.0,
      21.0,
      47.0,
      99.0,
      79.0,
      59.0,
      91.0,
      87.0,
      5.0,
      44.0,
      176.0,
      26.0,
      32.0
    ],
    [
      46.0,
      40.0,
      21.0,
      0.0,
      16.0,
      11.0,
      16.0,
      34.0,
      5.0,
      76.0,
      77.0,
      27.0,
      108.0,
      69.0,
      99.0,
      23.0,
      64.0,
      190.0,
      14.0,
      42.0
    ],
    [
      7.0,
      6.0,
      16.0,
      16.0,
      0.0,
      34.0,
      8.0,
      68.0,
      40.0,
      45.0,
      111.0,
      91.0,
      40.0,
      103.0,
      17.0,
      32.0,
      28.0,
      164.0,
      4.0,
      6.0
    ],
    [
      24.0,
      38.0,
      12.0,
      11.0,
      34.0,
      0.0,
      29.0,
      44.0,
      9.0,
      85.0,
      87.0,
      67.0,
      101.0,
      79.0,
      93.0,
      14.0,
      55.0,
      183.0,
      16.0,
      38.0
    ],
    [
      9.0,
      13.0,
      23.0,
      16.0,
      8.0,
      29.0,
      0.0,
      69.0,
      21.0,
      110.0,
      111.0,
      92.0,
      101.0,
      104.0,
      64.0,
      28.0,
      26.0,
      159.0,
      4.0,
      13.0
    ],
    [
      72.0,
      67.0,
      56.0,
      34.0,
      68.0,
      44.0,
      69.0,
      0.0,
      22.0,
      55.0,
      58.0,
      37.0,
      135.0,
      50.0,
      125.0,
      37.0,
      93.0,
      216.0,
      68.0,
      31.0
    ],
    [
      45.0,
      40.0,
      21.0,
      5.0,
      40.0,
      9.0,
      21.0,
      22.0,
      0.0,
      77.0,
      78.0,
      58.0,
      108.0,
      70.0,
      99.0,
      23.0,
      64.0,
      190.0,
      17.0,
      42.0
    ],
    [
      114.0,
      108.0,
      47.0,
      76.0,
      45.0,
      85.0,
      110.0,
      55.0,
      77.0,
      0.0,
      39.0,
      23.0,
      83.0,
      34.0,
      168.0,
      99.0,
      136.0,
      259.0,
      110.0,
      110.0
    ],
    [
      115.0,
      110.0,
      99.0,
      77.0,
      111.0,
      87.0,
      111.0,
      58.0,
      78.0,
      39.0,
      0.0,
      30.0,
      119.0,
      9.0,
      170.0,
      101.0,
      73.0,
      262.0,
      112.0,
      113.0
    ],
    [
      95.0,
      90.0,
      79.0,
      27.0,
      91.0,
      67.0,
      92.0,
      37.0,
      58.0,
      23.0,
      30.0,
      0.0,
      159.0,
      20.0,
      148.0,
      80.0,
      117.0,
      240.0,
      91.0,
      91.0
    ],
    [
      108.0,
      45.0,
      59.0,
      108.0,
      40.0,
      101.0,
      101.0,
      135.0,
      108.0,
      83.0,
      119.0,
      159.0,
      0.0,
      168.0,
      157.0,
      98.0,
      92.0,
      105.0,
      40.0,
      49.0
    ],
    [
      107.0,
      46.0,
      91.0,
      69.0,
      103.0,
      79.0,
      104.0,
      50.0,
      70.0,
      34.0,
      9.0,
      20.0,
      168.0,
      0.0,
      161.0,
      93.0,
      129.0,
      253.0,
      104.0,
      104.0
    ],
    [
      16.0,
      60.0,
      87.0,
      99.0,
      17.0,
      93.0,
      64.0,
      125.0,
      99.0,
      168.0,
      170.0,
      148.0,
      157.0,
      161.0,
      0.0,
      92.0,
      80.0,
      217.0,
      63.0,
      58.0
    ],
    [
      24.0,
      37.0,
      5.0,
      23.0,
      32.0,
      14.0,
      28.0,
      37.0,
      23.0,
      99.0,
      101.0,
      80.0,
      98.0,
      93.0,
      92.0,
      0.0,
      48.0,
      179.0,
      27.0,
      34.0
    ],
    [
      27.0,
      33.0,
      44.0,
      64.0,
      28.0,
      55.0,
      26.0,
      93.0,
      64.0,
      136.0,
      73.0,
      117.0,
      92.0,
      129.0,
      80.0,
      48.0,
      0.0,
      74.0,
      26.0,
      32.0
    ],
    [
      163.0,
      118.0,
      176.0,
      190.0,
      164.0,
      183.0,
      159.0,
      216.0,
      190.0,
      259.0,
      262.0,
      240.0,
      105.0,
      253.0,
      217.0,
      179.0,
      74.0,
      0.0,
      152.0,
      159.0
    ],
    [
      7.0,
      10.0,
      26.0,
      14.0,
      4.0,
      16.0,
      4.0,
      68.0,
      17.0,
      110.0,
      112.0,
      91.0,
      40.0,
      104.0,
      63.0,
      27.0,
      26.0,
      152.0,
      0.0,
      9.0
    ],
    [
      6.0,
      3.0,
      32.0,
      42.0,
      6.0,
      38.0,
      13.0,
      31.0,
      42.0,
      110.0,
      113.0,
      91.0,
      49.0,
      104.0,
      58.0,
      34.0,
      32.0,
      159.0,
      9.0,
      0.0
    ]
  ],
  "cycle_dist_matrix": [
    [
      0.0,
      0.48280199999999995,
      2.735878,
      3.8624159999999996,
      0.6437360000000001,
      4.184284,
      0.6437360000000001,
      6.115492,
      3.8624159999999996,
      9.173238,
      9.65604,
      7.885766,
      8.529501999999999,
      9.012303999999999,
      4.02335,
      2.735878,
      2.2530759999999996,
      15.127796,
      0.48280199999999995,
      0.48280199999999995
    ],
    [
      0.48280199999999995,
      0.0,
      3.057746,
      3.379614,
      0.48280199999999995,
      3.7014819999999995,
      0.9656039999999999,
      5.63269,
      3.379614,
      9.816974,
      9.173238,
      7.402963999999999,
      12.230984,
      8.529501999999999,
      4.9889540000000006,
      2.896812,
      2.735878,
      15.610598,
      0.80467,
      0.32186800000000004
    ],
    [
      2.735878,
      3.057746,
      0.0,
      2.2530759999999996,
      2.41401,
      1.1265379999999998,
      2.092142,
      5.310822,
      2.092142,
      9.334171999999999,
      8.690436,
      6.9201619999999995,
      8.0467,
      8.0467,
      7.24203,
      0.32186800000000004,
      4.82802,
      17.70274,
      2.5749440000000003,
      3.057746
    ],
    [
      3.8624159999999996,
      3.379614,
      2.2530759999999996,
      0.0,
      3.5405480000000003,
      0.80467,
      3.379614,
      3.379614,
      0.48280199999999995,
      7.402963999999999,
      6.759228,
      4.9889540000000006,
      8.529501999999999,
      6.115492,
      8.207633999999999,
      1.9312079999999998,
      6.115492,
      18.990212,
      3.7014819999999995,
      3.5405480000000003
    ],
    [
      0.6437360000000001,
      0.48280199999999995,
      2.41401,
      3.5405480000000003,
      0.0,
      2.735878,
      0.6437360000000001,
      5.793624,
      3.5405480000000003,
      9.816974,
      9.012303999999999,
      7.563898,
      8.529501999999999,
      8.690436,
      4.667085999999999,
      2.41401,
      2.2530759999999996,
      15.28873,
      0.32186800000000004,
      0.48280199999999995
    ],
    [
      4.184284,
