{
  "drive_dist_matrix": [
    [
      0.0,
      10.6,
      8.3,
      8.2,
      8.2,
      9.9,
      4.8,
      7.1,
      18.4,
      14.5,
      10.5,
      11.9,
      18.9,
      12.5,
      10.6,
      7.7,
      11.7,
      3.1,
      11.5
    ],
    [
      10.6,
      0.0,
      14.3,
      14.2,
      14.3,
      16.0,
      10.8,
      6.1,
      24.5,
      20.5,
      16.6,
      17.9,
      25.0,
      18.6,
      0.14,
      13.8,
      17.7,
      9.2,
      17.6
    ],
    [
      8.3,
      14.3,
      0.0,
      0.074,
      0.8,
      2.8,
      5.1,
      10.7,
      11.0,
      7.0,
      2.3,
      3.7,
      10.1,
      5.9,
      14.2,
      4.8,
      3.7,
      5.6,
      4.4
    ],
    [
      8.2,
      14.2,
      0.074,
      0.0,
      0.7,
      2.7,
      5.0,
      10.6,
      11.1,
      7.1,
      2.4,
      3.7,
      10.2,
      5.9,
      14.1,
      4.8,
      3.7,
      5.6,
      4.3
    ],
    [
      8.2,
      14.3,
      0.8,
      0.7,
      0.0,
      2.5,
      4.8,
      10.4,
      11.0,
      7.0,
      3.1,
      4.4,
      10.9,
      5.6,
      13.9,
      4.6,
      4.2,
      5.3,
      4.1
    ],
    [
      9.9,
      16.0,
      2.8,
      2.7,
      2.5,
      0.0,
      6.8,
      12.5,
      8.7,
      4.7,
      1.9,
      2.7,
      9.6,
      5.0,
      16.0,
      6.6,
      2.5,
      7.4,
      2.2
    ],
    [
      4.8,
      10.8,
      5.1,
      5.0,
      4.8,
      6.8,
      0.0,
      7.4,
      14.8,
      10.8,
      6.9,
      8.2,
      15.2,
      8.8,
      10.9,
      4.0,
      8.0,
      2.4,
      7.8
    ],
    [
      7.1,
      6.1,
      10.7,
      10.6,
      10.4,
      12.5,
      7.4,
      0.0,
      21.0,
      17.0,
      13.1,
      14.4,
      21.5,
      15.1,
      6.1,
      10.3,
      14.2,
      5.7,
      14.1
    ],
    [
      18.4,
      24.5,
      11.0,
      11.1,
      11.0,
      8.7,
      14.8,
      21.0,
      0.0,
      4.7,
      9.8,
      9.9,
      12.4,
      11.9,
      24.3,
      15.4,
      10.3,
      18.3,
      6.8
    ],
    [
      14.5,
      20.5,
      7.0,
      7.1,
      7.0,
      4.7,
      10.8,
      17.0,
      4.7,
      0.0,
      5.3,
      4.8,
      10.2,
      8.0,
      19.9,
      12.3,
      5.9,
      11.3,
      2.4
    ],
    [
      10.5,
      16.6,
      2.3,
      2.4,
      3.1,
      1.9,
      6.9,
      13.1,
      9.8,
      5.3,
      0.0,
      1.4,
      8.2,
      5.7,
      16.5,
      8.5,
      1.1,
      7.9,
      4.1
    ],
    [
      11.9,
      17.9,
      3.7,
      3.7,
      4.4,
      2.7,
      8.2,
      14.4,
      9.9,
      4.8,
      1.4,
      0.0,
      8.5,
      7.3,
      17.8,
      10.9,
      1.8,
      9.2,
      3.2
    ],
    [
      18.9,
      25.0,
      10.1,
      10.2,
      10.9,
      9.6,
      15.2,
      21.5,
      12.4,
      10.2,
      8.2,
      8.5,
      0.0,
      14.6,
      25.8,
      18.3,
      8.5,
      17.2,
      9.1
    ],
    [
      12.5,
      18.6,
      5.9,
      5.9,
      5.6,
      5.0,
      8.8,
      15.1,
      11.9,
      8.0,
      5.7,
      7.3,
      14.6,
      0.0,
      19.5,
      8.1,
      6.8,
      10.9,
      5.6
    ],
    [
      10.6,
      0.14,
      14.2,
      14.1,
      13.9,
      16.0,
      10.9,
      6.1,
      24.3,
      19.9,
      16.5,
      17.8,
      25.8,
      19.5,
      0.0,
      13.8,
      17.7,
      9.2,
      17.6
    ],
    [
      7.7,
      13.8,
      4.8,
      4.8,
      4.6,
      6.6,
      4.0,
      10.3,
      15.4,
      12.3,
      8.5,
      10.9,
      18.3,
      8.1,
      13.8,
      0.0,
      9.6,
      6.1,
      9.2
    ],
    [
      11.7,
      17.7,
      3.7,
      3.7,
      4.2,
      2.5,
      8.0,
      14.2,
      10.3,
      5.9,
      1.1,
      1.8,
      8.5,
      6.8,
      17.7,
      9.6,
      0.0,
      9.0,
      4.3
    ],
    [
      3.1,
      9.2,
      5.6,
      5.6,
      5.3,
      7.4,
      2.4,
      5.7,
      18.3,
      11.3,
      7.9,
      9.2,
      17.2,
      10.9,
      9.2,
      6.1,
      9.0,
      0.0,
      9.0
    ],
    [
      11.5,
      17.6,
      4.4,
      4.3,
      4.1,
      2.2,
      7.8,
      14.1,
      6.8,
      2.4,
      4.1,
      3.2,
      9.1,
      5.6,
      17.6,
      9.2,
      4.3,
      9.0,
      0.0
    ]
  ],
  "drive_time_matrix": [
    [
      0.0,
      24.0,
      17.0,
      17.0,
      17.0,
      20.0,
      11.0,
      18.0,
      33.0,
      28.0,
      21.0,
      23.0,
      33.0,
      24.0,
      24.0,
      18.0,
      22.0,
      8.0,
      23.0
    ],
    [
      24.0,
      0.0,
      31.0,
      31.0,
      30.0,
      34.0,
      25.0,
      13.0,
      46.0,
      41.0,
      35.0,
      37.0,
      46.0,
      36.0,
      3.0,
      32.0,
      36.0,
      21.0,
      37.0
    ],
    [
      17.0,
      31.0,
      0.0,
      1.0,
      10.0,
      6.0,
      12.0,
      23.0,
      17.0,
      12.0,
      5.0,
      7.0,
      17.0,
      11.0,
      28.0,
      14.0,
      6.0,
      11.0,
      9.0
    ],
    [
      17.0,
      31.0,
      1.0,
      0.0,
      9.0,
      6.0,
      11.0,
      23.0,
      17.0,
      12.0,
      6.0,
      7.0,
      17.0,
      11.0,
      27.0,
      13.0,
      7.0,
      11.0,
      9.0
    ],
    [
      17.0,
      30.0,
      10.0,
      9.0,
      0.0,
      6.0,
      11.0,
      22.0,
      17.0,
      13.0,
      7.0,
      9.0,
      19.0,
      11.0,
      27.0,
      13.0,
      8.0,
      10.0,
      8.0
    ],
    [
      20.0,
      34.0,
      6.0,
      6.0,
      6.0,
      0.0,
      15.0,
      26.0,
      12.0,
      8.0,
      4.0,
      5.0,
      15.0,
      10.0,
      31.0,
      17.0,
      4.0,
      15.0,
      5.0
    ],
    [
      11.0,
      25.0,
      12.0,
      11.0,
      11.0,
      15.0,
      0.0,
      19.0,
      26.0,
      21.0,
      15.0,
      17.0,
      27.0,
      17.0,
      24.0,
      11.0,
      16.0,
      7.0,
      16.0
    ],
    [
      18.0,
      13.0,
      23.0,
      23.0,
      22.0,
      26.0,
      19.0,
      0.0,
      40.0,
      36.0,
      30.0,
      32.0,
      41.0,
      32.0,
      14.0,
      26.0,
      31.0,
      16.0,
      32.0
    ],
    [
      33.0,
      46.0,
      17.0,
      17.0,
      17.0,
      12.0,
      26.0,
      40.0,
      0.0,
      9.0,
      16.0,
      15.0,
      20.0,
      20.0,
      46.0,
      26.0,
      15.0,
      30.0,
      11.0
    ],
    [
      28.0,
      41.0,
      12.0,
      12.0,
      13.0,
      8.0,
      21.0,
      36.0,
      9.0,
      0.0,
      9.0,
      8.0,
      17.0,
      12.0,
      38.0,
      20.0,
      9.0,
      22.0,
      4.0
    ],
    [
      21.0,
      35.0,
      5.0,
      6.0,
      7.0,
      4.0,
      15.0,
      30.0,
      16.0,
      9.0,
      0.0,
      3.0,
      13.0,
      11.0,
      32.0,
      18.0,
      2.0,
      16.0,
      7.0
    ],
    [
      23.0,
      37.0,
      7.0,
      7.0,
      9.0,
      5.0,
      17.0,
      32.0,
      15.0,
      8.0,
      3.0,
      0.0,
      14.0,
      13.0,
      36.0,
      20.0,
      4.0,
      19.0,
      6.0
    ],
    [
      33.0,
      46.0,
      17.0,
      17.0,
      19.0,
      15.0,
      27.0,
      41.0,
      20.0,
      17.0,
      13.0,
      14.0,
      0.0,
      23.0,
      44.0,
      29.0,
      12.0,
      27.0,
      17.0
    ],
    [
      24.0,
      36.0,
      11.0,
      11.0,
      11.0,
      10.0,
      17.0,
      32.0,
      20.0,
      12.0,
      11.0,
      13.0,
      23.0,
      0.0,
      37.0,
      16.0,
      13.0,
      20.0,
      10.0
    ],
    [
      24.0,
      3.0,
      28.0,
      27.0,
      27.0,
      31.0,
      24.0,
      14.0,
      46.0,
      38.0,
      32.0,
      36.0,
      44.0,
      37.0,
      0.0,
      29.0,
      33.0,
      19.0,
      34.0
    ],
    [
      18.0,
      32.0,
      14.0,
      13.0,
      13.0,
      17.0,
      11.0,
      26.0,
      26.0,
      20.0,
      18.0,
      20.0,
      29.0,
      16.0,
      29.0,
      0.0,
      18.0,
      17.0,
      17.0
    ],
    [
      22.0,
      36.0,
      6.0,
      7.0,
      8.0,
      4.0,
      16.0,
      31.0,
      15.0,
      9.0,
      2.0,
      4.0,
      12.0,
      13.0,
      33.0,
      18.0,
      0.0,
      18.0,
      7.0
    ],
    [
      8.0,
      21.0,
      11.0,
      11.0,
      10.0,
      15.0,
      7.0,
      16.0,
      30.0,
      22.0,
      16.0,
      19.0,
      27.0,
      20.0,
      19.0,
      17.0,
      18.0,
      0.0,
      19.0
    ],
    [
      23.0,
      37.0,
      9.0,
      9.0,
      8.0,
      5.0,
      16.0,
      32.0,
      11.0,
      4.0,
      7.0,
      6.0,
      17.0,
      10.0,
      34.0,
      17.0,
      7.0,
      19.0,
      0.0
    ]
  ],
  "transit_dist_walk_matrix": [
    [
      0.0,
      3.49986,
      1.49994,
      1.49994,
      0.8333,
      1.33328,
      1.2499500000000001,
      NaN,
      1.33328,
      2.33324,
      1.74993,
      2.08325,
      1.41661,
      2.66656,
      4.74981,
      2.74989,
      1.16662,
      NaN,
      1.6666
    ],
    [
      3.49986,
      0.0,
      NaN,
      NaN,
      NaN,
      NaN,
      3.16654,
      4.91647,
      2.99988,
      4.1665,
      NaN,
      3.91651,
      3.3332,
      4.4164900000000005,
      NaN,
      4.4164900000000005,
      NaN,
      3.16654,
      3.49986
    ],
    [
      1.49994,
      NaN,
      0.0,
      NaN,
      NaN,
      NaN,
      NaN,
      3.16654,
      2.41657,
      3.3332,
      NaN,
      NaN,
      1.99992,
      3.0832100000000002,
      NaN,
      NaN,
      NaN,
      NaN,
      2.66656
    ],
    [
      1.49994,
      NaN,
      NaN,
      0.0,
      NaN,
      NaN,
      NaN,
      3.24987,
      2.4999000000000002,
      3.41653,
      NaN,
      NaN,
      2.08325,
      3.16654,
      NaN,
      NaN,
      NaN,
      NaN,
      2.74989
    ],
    [
      0.8333,
      NaN,
      NaN,
      NaN,
      0.0,
      NaN,
      NaN,
      NaN,
      2.66656,
      3.58319,
      NaN,
      NaN,
      1.91659,
      2.91655,
      NaN,
      NaN,
      NaN,
      0.8333,
      NaN
    ],
    [
      1.33328,
      NaN,
      NaN,
      NaN,
      NaN,
      0.0,
      1.41661,
      3.16654,
      1.49994,
      2.41657,
      NaN,
      NaN,
      1.41661,
      NaN,
      NaN,
      2.74989,
      NaN,
      1.41661,
      NaN
    ],
    [
      1.2499500000000001,
      3.16654,
      NaN,
      NaN,
      NaN,
      1.41661,
      0.0,
      3.16654,
      1.33328,
      2.33324,
      1.74993,
      2.08325,
      1.41661,
      2.66656,
      4.74981,
      NaN,
      1.16662,
      NaN,
      1.6666
    ],
    [
      NaN,
      4.91647,
      3.16654,
      3.24987,
      NaN,
      3.16654,
      3.16654,
      0.0,
      2.4999000000000002,
      3.49986,
      2.91655,
      3.24987,
      2.58323,
      3.83318,
      NaN,
      3.91651,
      2.33324,
      2.4999000000000002,
      2.83322
    ],
    [
      1.33328,
      2.99988,
      2.41657,
      2.4999000000000002,
      2.66656,
      1.49994,
      1.33328,
      2.4999000000000002,
      0.0,
      NaN,
      2.4999000000000002,
      3.24987,
      3.0832100000000002,
      4.08317,
      6.1664200000000005,
      2.58323,
      2.4999000000000002,
      1.2499500000000001,
      3.0832100000000002
    ],
    [
      2.33324,
      4.1665,
      3.3332,
      3.41653,
      3.58319,
      2.41657,
      2.33324,
      3.49986,
      NaN,
      0.0,
      1.91659,
      NaN,
      2.4999000000000002,
      3.49986,
      5.5831100000000005,
      3.58319,
      1.91659,
      2.24991,
      NaN
    ],
    [
      1.74993,
      NaN,
      NaN,
      NaN,
      NaN,
      NaN,
      1.74993,
      2.91655,
      2.4999000000000002,
      1.91659,
      0.0,
      NaN,
      1.8332600000000001,
      2.74989,
      NaN,
      2.91655,
      NaN,
      1.49994,
      1.99992
    ],
    [
      2.08325,
      3.91651,
      NaN,
      NaN,
      NaN,
      NaN,
      2.08325,
      3.24987,
      3.24987,
      NaN,
      NaN,
      0.0,
      1.99992,
      2.91655,
      4.9998000000000005,
      3.0832100000000002,
      NaN,
      1.6666,
      NaN
    ],
    [
      1.41661,
      3.3332,
      1.99992,
      2.08325,
      1.91659,
      1.41661,
      1.41661,
      2.58323,
      3.0832100000000002,
      2.4999000000000002,
      1.8332600000000001,
      1.99992,
      0.0,
      2.58323,
      4.66648,
      2.74989,
      1.08329,
      1.41661,
      1.58327
    ],
    [
      2.66656,
      4.4164900000000005,
      3.0832100000000002,
      3.16654,
      2.91655,
      NaN,
      2.66656,
      3.83318,
      4.08317,
      3.49986,
      2.74989,
      2.91655,
      2.58323,
      0.0,
      6.33308,
      2.33324,
      2.74989,
      1.58327,
      2.66656
    ],
    [
      4.74981,
      NaN,
      NaN,
      NaN,
      NaN,
      NaN,
      4.74981,
      NaN,
      6.1664200000000005,
      5.5831100000000005,
      NaN,
      4.9998000000000005,
      4.66648,
      6.33308,
      0.0,
      5.5831100000000005,
      NaN,
      4.33316,
      NaN
    ],
    [
      2.74989,
      4.4164900000000005,
      NaN,
      NaN,
      NaN,
      2.74989,
      NaN,
      3.91651,
      2.58323,
      3.58319,
      2.91655,
      3.0832100000000002,
      2.74989,
      2.33324,
      5.5831100000000005,
      0.0,
      2.24991,
      2.4999000000000002,
      2.66656
    ],
    [
      1.16662,
      NaN,
      NaN,
      NaN,
      NaN,
      NaN,
      1.16662,
      2.33324,
      2.4999000000000002,
      1.91659,
      NaN,
      NaN,
      1.08329,
      2.74989,
      NaN,
      2.24991,
      0.0,
      1.2499500000000001,
      NaN
    ],
    [
      NaN,
      3.16654,
      NaN,
      NaN,
      0.8333,
      1.41661,
      NaN,
      2.4999000000000002,
      1.2499500000000001,
      2.24991,
      1.49994,
      1.6666,
      1.41661,
      1.58327,
      4.33316,
      2.4999000000000002,
      1.2499500000000001,
      0.0,
      1.58327
    ],
    [
      1.6666,
      3.49986,
      2.66656,
      2.74989,
      NaN,
      NaN,
      1.6666,
      2.83322,
      3.0832100000000002,
      NaN,
      1.99992,
      NaN,
      1.58327,
      2.66656,
      NaN,
      2.66656,
      NaN,
      1.58327,
      0.0
    ]
  ],
  "transit_time_matrix": [
    [
      0.0,
      24.0,
      76.0,
      74.0,
      68.0,
      79.0,
      60.0,
      NaN,
      115.0,
      108.0,
      85.0,
      23.0,
      33.0,
      24.0,
      148.0,
      18.0,
      92.0,
      0.0,
      23.0
    ],
    [
      24.0,
      0.0,
      NaN,
      NaN,
      0.0,
      NaN,
      25.0,
      126.0,
      82.0,
      82.0,
      0.0,
      37.0,
      118.0,
      91.0,
      NaN,
      32.0,
      NaN,
      94.0,
      66.0
    ],
    [
      76.0,
      NaN,
      0.0,
      NaN,
      NaN,
      0.0,
      0.0,
      96.0,
      17.0,
      70.0,
      NaN,
      NaN,
      81.0,
      11.0,
      NaN,
      0.0,
      0.0,
      0.0,
      54.0
    ],
    [
      74.0,
      NaN,
      NaN,
      0.0,
      NaN,
      0.0,
      0.0,
      97.0,
      76.0,
      12.0,
      0.0,
      0.0,
      82.0,
      64.0,
      NaN,
      0.0,
      0.0,
      0.0,
      55.0
    ],
    [
      68.0,
      0.0,
      NaN,
      NaN,
      0.0,
      0.0,
      0.0,
      0.0,
      78.0,
      13.0,
      0.0,
      0.0,
      81.0,
      60.0,
      NaN,
      0.0,
      0.0,
      57.0,
      0.0
    ],
    [
      79.0,
      NaN,
      0.0,
      0.0,
      0.0,
      0.0,
      64.0,
      26.0,
      64.0,
      8.0,
      0.0,
      0.0,
      15.0,
      0.0,
      NaN,
      17.0,
      0.0,
      68.0,
      0.0
    ],
    [
      60.0,
      25.0,
      0.0,
      0.0,
      0.0,
      64.0,
      0.0,
      83.0,
      26.0,
      93.0,
      70.0,
      17.0,
      122.0,
      105.0,
      24.0,
      0.0,
      77.0,
      0.0,
      16.0
    ],
    [
      NaN,
      126.0,
      96.0,
      97.0,
      0.0,
      26.0,
      83.0,
      0.0,
      129.0,
      122.0,
      99.0,
      32.0,
      151.0,
      134.0,
      NaN,
      100.0,
      106.0,
      70.0,
      103.0
    ],
    [
      115.0,
      82.0,
      17.0,
      76.0,
      78.0,
      64.0,
      26.0,
      129.0,
      0.0,
      0.0,
      65.0,
      67.0,
      114.0,
      110.0,
      46.0,
      128.0,
      15.0,
      100.0,
      63.0
    ],
    [
      108.0,
      82.0,
      70.0,
      12.0,
      13.0,
      8.0,
      93.0,
      122.0,
      0.0,
      0.0,
      47.0,
      0.0,
      17.0,
      92.0,
      106.0,
      93.0,
      50.0,
      22.0,
      0.0
    ],
    [
      85.0,
      0.0,
      NaN,
      0.0,
      0.0,
      0.0,
      70.0,
      99.0,
      65.0,
      47.0,
      0.0,
      0.0,
      13.0,
      11.0,
      NaN,
      70.0,
      NaN,
      71.0,
      45.0
    ],
    [
      23.0,
      37.0,
      NaN,
      0.0,
      0.0,
      0.0,
      17.0,
      32.0,
      67.0,
      0.0,
      0.0,
      0.0,
      14.0,
      13.0,
      98.0,
      78.0,
      0.0,
      19.0,
      NaN
    ],
    [
      33.0,
      118.0,
      81.0,
      82.0,
      81.0,
      15.0,
      122.0,
      151.0,
      114.0,
      17.0,
      13.0,
      14.0,
      0.0,
      92.0,
      44.0,
      116.0,
      80.0,
      125.0,
      17.0
    ],
    [
      24.0,
      91.0,
      11.0,
      64.0,
      60.0,
      0.0,
      105.0,
      134.0,
      110.0,
      92.0,
      11.0,
      13.0,
      92.0,
      0.0,
      140.0,
      98.0,
      85.0,
      20.0,
      10.0
    ],
    [
      148.0,
      NaN,
      NaN,
      NaN,
      NaN,
      NaN,
      24.0,
      NaN,
      46.0,
      106.0,
      NaN,
      98.0,
      44.0,
      140.0,
      0.0,
      29.0,
      0.0,
      132.0,
      0.0
    ],
    [
      18.0,
      32.0,
      0.0,
      0.0,
      0.0,
      17.0,
      0.0,
      100.0,
      128.0,
      93.0,
      70.0,
      78.0,
      116.0,
      98.0,
      29.0,
      0.0,
      77.0,
      87.0,
      17.0
    ],
    [
      92.0,
      NaN,
      0.0,
      0.0,
      0.0,
      0.0,
      77.0,
      106.0,
      15.0,
      50.0,
      NaN,
      0.0,
      80.0,
      85.0,
      0.0,
      77.0,
      0.0,
      18.0,
      0.0
    ],
    [
      0.0,
      94.0,
      0.0,
      0.0,
      57.0,
      68.0,
      0.0,
      70.0,
      100.0,
      22.0,
      71.0,
      19.0,
      125.0,
      20.0,
      132.0,
      87.0,
      18.0,
      0.0,
      78.0
    ],
    [
      23.0,
      66.0,
      54.0,
      55.0,
      0.0,
      0.0,
      16.0,
      103.0,
      63.0,
      0.0,
      45.0,
      NaN,
      17.0,
      10.0,
      0.0,
      17.0,
      0.0,
      78.0,
      0.0
    ]
  ],
  "walk_dist_matrix": [
    [
      0.0,
      7.3,
      8.7,
      8.6,
      8.4,
      10.4,
      5.3,
      1.2,
      18.5,
      14.3,
      10.7,
      12.4,
      18.0,
      12.5,
      7.2,
      7.9,
      11.3,
      3.6,
      11.9
    ],
    [
      7.3,
      0.0,
      2.4,
      2.5,
      3.0,
      4.0,
      4.9,
      6.4,
      12.3,
      8.0,
      3.3,
      5.0,
      10.6,
      7.8,
      0.14,
      5.8,
      4.0,
      6.2,
      6.0
    ],
    [
      8.7,
      2.4,
      0.0,
      0.074,
      0.8,
      1.8,
      4.4,
      8.8,
      10.2,
      5.9,
      2.2,
      3.7,
      9.9,
      5.6,
      2.6,
      4.6,
      3.1,
      5.8,
      3.8
    ],
    [
      8.6,
      2.5,
      0.074,
      0.0,
      0.7,
      1.9,
      4.4,
      8.9,
      10.3,
      6.0,
      2.3,
      3.8,
      10.0,
      5.7,
      2.6,
      4.6,
      3.2,
      5.7,
      3.9
    ],
    [
      8.4,
      3.0,
      0.8,
      0.7,
      0.0,
      2.0,
      4.2,
      9.3,
      10.1,
      5.9,
      2.5,
      3.9,
      10.2,
      4.9,
      3.1,
      4.4,
      3.4,
      5.6,
      3.5
    ],
    [
      10.4,
      4.0,
      1.8,
      1.9,
      2.0,
      0.0,
      6.2,
      10.4,
      8.5,
      4.2,
      1.7,
      2.1,
      9.4,
      4.7,
      4.1,
      6.3,
      2.5,
      7.5,
      2.2
    ],
    [
      5.3,
      4.9,
      4.4,
      4.4,
      4.2,
      6.2,
      0.0,
      6.5,
      14.3,
      10.0,
      6.6,
      8.2,
      14.1,
      8.2,
      5.0,
      3.7,
      7.4,
      2.5,
      7.7
    ],
    [
      1.2,
      6.4,
      8.8,
      8.9,
      9.3,
      10.4,
      6.5,
      0.0,
      18.7,
      14.4,
      9.7,
      11.4,
      17.0,
      13.7,
      6.3,
      9.1,
      10.4,
      4.8,
      12.4
    ],
    [
      18.5,
      12.3,
      10.2,
      10.3,
      10.1,
      8.5,
      14.3,
      18.7,
      0.0,
      4.5,
      9.6,
      8.5,
      11.4,
      11.4,
      12.4,
      14.5,
      9.7,
      15.6,
      6.6
    ],
    [
      14.3,
      8.0,
      5.9,
      6.0,
      5.9,
      4.2,
      10.0,
      14.4,
      4.5,
      0.0,
      5.3,
      4.2,
      9.3,
      7.4,
      8.1,
      10.2,
      5.5,
      11.3,
      2.4
    ],
    [
      10.7,
      3.3,
      2.2,
      2.3,
      2.5,
      1.7,
      6.6,
      9.7,
      9.6,
      5.3,
      0.0,
      1.8,
      7.9,
      5.7,
      3.5,
      6.8,
      1.1,
      7.9,
      3.3
    ],
    [
      12.4,
      5.0,
      3.7,
      3.8,
      3.9,
      2.1,
      8.2,
      11.4,
      8.5,
      4.2,
      1.8,
      0.0,
      7.6,
      6.8,
      5.2,
      8.3,
      2.0,
      9.5,
      2.2
    ],
    [
      18.0,
      10.6,
      9.9,
      10.0,
      10.2,
      9.4,
      14.1,
      17.0,
      11.4,
      9.3,
      7.9,
      7.6,
      0.0,
      13.4,
      10.8,
      14.5,
      6.9,
      15.4,
      8.5
    ],
    [
      12.5,
      7.8,
      5.6,
      5.7,
      4.9,
      4.7,
      8.2,
      13.7,
      11.4,
      7.4,
      5.7,
      6.8,
      13.4,
      0.0,
      7.8,
      7.0,
      6.6,
      9.6,
      5.4
    ],
    [
      7.2,
      0.14,
      2.6,
      2.6,
      3.1,
      4.1,
      5.0,
      6.3,
      12.4,
      8.1,
      3.5,
      5.2,
      10.8,
      7.8,
      0.0,
      5.9,
      4.1,
      6.4,
      6.1
    ],
    [
      7.9,
      5.8,
      4.6,
      4.6,
      4.4,
      6.3,
      3.7,
      9.1,
      14.5,
      10.2,
      6.8,
      8.3,
      14.5,
      7.0,
      5.9,
      0.0,
      7.8,
      5.1,
      7.8
    ],
    [
      11.3,
      4.0,
      3.1,
      3.2,
      3.4,
      2.5,
      7.4,
      10.4,
      9.7,
      5.5,
      1.1,
      2.0,
      6.9,
      6.6,
      4.1,
      7.8,
      0.0,
      8.7,
      3.5
    ],
    [
      3.6,
      6.2,
      5.8,
      5.7,
      5.6,
      7.5,
      2.5,
      4.8,
      15.6,
      11.3,
      7.9,
      9.5,
      15.4,
      9.6,
      6.4,
      5.1,
      8.7,
      0.0,
      9.0
    ],
    [
      11.9,
      6.0,
      3.8,
      3.9,
      3.5,
      2.2,
      7.7,
      12.4,
      6.6,
      2.4,
      3.3,
      2.2,
      8.5,
      5.4,
      6.1,
      7.8,
      3.5,
      9.0,
      0.0
    ]
  ],
  "walk_time_matrix": [
    [
      0.0,
      93.0,
      111.0,
      110.0,
      68.0,
      79.0,
      68.0,
      19.0,
      233.0,
      108.0,
      136.0,
      157.0,
      227.0,
      120.0,
      148.0,
      102.0,
      92.0,
      47.0,
      89.0
    ],
    [
      93.0,
      0.0,
      32.0,
      33.0,
      39.0,
      52.0,
      61.0,
      79.0,
      154.0,
      82.0,
      43.0,
      64.0,
      134.0,
      91.0,
      3.0,
      92.0,
      51.0,
      78.0,
      66.0
    ],
    [
      111.0,
      32.0,
      0.0,
      1.0,
      10.0,
      23.0,
      54.0,
      117.0,
      75.0,
      70.0,
      27.0,
      45.0,
      81.0,
      63.0,
      40.0,
      58.0,
      39.0,
      71.0,
      48.0
    ],
    [
      110.0,
      33.0,
      1.0,
      0.0,
      9.0,
      24.0,
      53.0,
      117.0,
      76.0,
      74.0,
      28.0,
      46.0,
      82.0,
      70.0,
      41.0,
      57.0,
      39.0,
      70.0,
      49.0
    ],
    [
      68.0,
      39.0,
      10.0,
      9.0,
      0.0,
      25.0,
      51.0,
      123.0,
      78.0,
      73.0,
      30.0,
      48.0,
      81.0,
      61.0,
      46.0,
      55.0,
      42.0,
      68.0,
      44.0
    ],
    [
      79.0,
      52.0,
      23.0,
      24.0,
      25.0,
      0.0,
      76.0,
      136.0,
      105.0,
      59.0,
      22.0,
      26.0,
      74.0,
      58.0,
      60.0,
      80.0,
      30.0,
      93.0,
      27.0
    ],
    [
      68.0,
      61.0,
      54.0,
      53.0,
      51.0,
      76.0,
      0.0,
      88.0,
      100.0,
      93.0,
      83.0,
      76.0,
      122.0,
      104.0,
      133.0,
      47.0,
      77.0,
      30.0,
      97.0
    ],
    [
      19.0,
      79.0,
      117.0,
      117.0,
      123.0,
      136.0,
      88.0,
      0.0,
      129.0,
      122.0,
      121.0,
      142.0,
      151.0,
      134.0,
      76.0,
      116.0,
      106.0,
      70.0,
      103.0
    ],
    [
      233.0,
      154.0,
      75.0,
      76.0,
      78.0,
      105.0,
      100.0,
      129.0,
      0.0,
      57.0,
      122.0,
      67.0,
      114.0,
      110.0,
      165.0,
      128.0,
      122.0,
      100.0,
      85.0
    ],
    [
      108.0,
      82.0,
      70.0,
      74.0,
      73.0,
      59.0,
      93.0,
      122.0,
      57.0,
      0.0,
      47.0,
      52.0,
      96.0,
      92.0,
      106.0,
      93.0,
      50.0,
      141.0,
      30.0
    ],
    [
      136.0,
      43.0,
      27.0,
      28.0,
      30.0,
      22.0,
      83.0,
      121.0,
      122.0,
      47.0,
      0.0,
      23.0,
      76.0,
      61.0,
      52.0,
      70.0,
      12.0,
      71.0,
      45.0
    ],
    [
      157.0,
      64.0,
      45.0,
      46.0,
      48.0,
      26.0,
      76.0,
      142.0,
      67.0,
      52.0,
      23.0,
      0.0,
      73.0,
      69.0,
      73.0,
      104.0,
      24.0,
      116.0,
      28.0
    ],
    [
      227.0,
      134.0,
      81.0,
      82.0,
      81.0,
      74.0,
      122.0,
      151.0,
      114.0,
      96.0,
      76.0,
      73.0,
      0.0,
      92.0,
      135.0,
      182.0,
      80.0,
      125.0,
      67.0
    ],
    [
      120.0,
      91.0,
      63.0,
      70.0,
      61.0,
      58.0,
      104.0,
      134.0,
      110.0,
      92.0,
      61.0,
      69.0,
      92.0,
      0.0,
      140.0,
      98.0,
      85.0,
      119.0,
      62.0
    ],
    [
      148.0,
      3.0,
      40.0,
      41.0,
      46.0,
      60.0,
      133.0,
      76.0,
      165.0,
      106.0,
      52.0,
      73.0,
      135.0,
      140.0,
      0.0,
      129.0,
      53.0,
      132.0,
      78.0
    ],
    [
      102.0,
      92.0,
      58.0,
      57.0,
      55.0,
      80.0,
      47.0,
      116.0,
      128.0,
      93.0,
      70.0,
      104.0,
      182.0,
      98.0,
      129.0,
      0.0,
      77.0,
      62.0,
      75.0
    ],
    [
      92.0,
      51.0,
      39.0,
      39.0,
      42.0,
      30.0,
      77.0,
      106.0,
      122.0,
      50.0,
      12.0,
      24.0,
      80.0,
      85.0,
      53.0,
      77.0,
      0.0,
      108.0,
      45.0
    ],
    [
      47.0,
      78.0,
      71.0,
      70.0,
      68.0,
      93.0,
      30.0,
      70.0,
      100.0,
      141.0,
      71.0,
      116.0,
      125.0,
      119.0,
      132.0,
      62.0,
      108.0,
      0.0,
      114.0
    ],
    [
      89.0,
      66.0,
      48.0,
      49.0,
      44.0,
      27.0,
      97.0,
      103.0,
      85.0,
      30.0,
      45.0,
      28.0,
      67.0,
      62.0,
      78.0,
      75.0,
      45.0,
      114.0,
      0.0
    ]
  ],
  "cycle_dist_matrix": [
    [
      0.0,
      7.3,
      8.7,
      8.6,
      8.4,
      10.4,
      5.3,
      1.2,
      18.5,
      14.3,
      10.7,
      12.4,
      18.0,
      NaN,
      7.2,
      7.9,
      11.3,
      3.6,
      NaN
    ],
    [
      7.3,
      0.0,
      2.4,
      2.5,
      3.0,
      4.0,
      4.9,
      6.4,
      12.3,
      NaN,
      3.3,
      5.0,
      10.6,
      NaN,
      0.14,
      NaN,
      4.0,
      6.2,
      6.0
    ],
    [
      8.7,
      2.4,
      0.0,
      0.074,
      0.8,
      1.8,
      4.4,
      8.8,
      NaN,
      5.9,
      2.2,
      3.7,
      9.9,
      NaN,
      2.6,
      4.6,
      3.1,
      5.8,
      3.8
    ],
    [
      8.6,
      2.5,
      0.074,
      0.0,
      0.7,
      1.9,
      4.4,
      8.9,
      NaN,
      6.0,
      2.3,
      3.8,
      NaN,
      5.7,
      2.6,
      4.6,
      3.2,
      5.7,
      3.9
    ],
    [
      8.4,
      3.0,
      0.8,
      0.7,
      0.0,
      2.0,
      4.2,
      9.3,
      NaN,
      5.9,
      2.5,
      3.9,
      NaN,
      4.9,
      3.1,
      4.4,
      3.4,
      5.6,
      3.5
    ],
    [
      10.4,
      4.0,
      1.8,
      1.9,
      2.0,
      0.0,
      6.2,
      10.4,
      8.5,
      4.2,
      1.7,
      2.1,
      9.4,
      4.7,
      4.1,
      6.3,
      2.5,
      7.5,
      2.2
    ],
    [
      5.3,
      4.9,
      4.4,
      4.4,
      4.2,
      6.2,
      0.0,
      6.5,
      14.3,
      NaN,
      6.6,
      NaN,
      14.1,
      8.2,
      5.0,
      3.7,
      7.4,
      2.5,
      7.7
    ],
    [
      1.2,
      6.4,
      8.8,
      8.9,
      9.3,
      10.4,
      6.5,
      0.0,
      18.7,
      NaN,
      9.7,
      11.4,
      NaN,
      13.7,
      6.3,
      9.1,
      10.4,
      4.8,
      NaN
    ],
    [
      18.5,
      12.3,
      NaN,
      NaN,
      NaN,
      8.5,
      14.3,
      18.7,
      0.0,
      4.5,
      9.6,
      8.5,
      11.4,
      NaN,
      12.4,
      NaN,
      9.7,
      15.6,
      6.6
    ],
    [
      14.3,
      NaN,
      5.9,
      6.0,
      5.9,
      4.2,
      NaN,
      NaN,
      4.5,
      0.0,
      5.3,
      4.2,
      NaN,
      7.4,
      NaN,
      NaN,
      NaN,
      11.3,
      2.4
    ],
    [
      10.7,
      3.3,
      2.2,
      2.3,
      2.5,
      1.7,
      6.6,
      9.7,
      9.6,
      5.3,
      0.0,
      1.8,
      NaN,
      NaN,
      3.5,
      6.8,
      1.1,
      NaN,
      3.3
    ],
    [
      12.4,
      5.0,
      3.7,
      3.8,
      3.9,
      2.1,
      NaN,
      11.4,
      8.5,
      4.2,
      1.8,
      0.0,
      NaN,
      NaN,
      5.2,
      8.3,
      2.0,
      9.5,
      2.2
    ],
    [
      18.0,
      10.6,
      9.9,
      NaN,
      NaN,
      9.4,
      14.1,
      NaN,
      11.4,
      NaN,
      NaN,
      NaN,
      0.0,
      13.4,
      10.8,
      14.5,
      NaN,
      NaN,
      NaN
    ],
    [
      NaN,
      NaN,
      NaN,
      5.7,
      4.9,
      4.7,
      8.2,
      13.7,
      NaN,
      7.4,
      NaN,
      NaN,
      13.4,
      0.0,
      7.8,
      NaN,
      NaN,
      9.6,
      5.4
    ],
    [
      7.2,
      0.14,
      2.6,
      2.6,
      3.1,
      4.1,
      5.0,
      6.3,
      12.4,
      NaN,
      3.5,
      5.2,
      10.8,
      7.8,
      0.0,
      NaN,
      4.1,
      6.4,
      6.1
    ],
    [
      7.9,
      NaN,
      4.6,
      4.6,
      4.4,
      6.3,
      3.7,
      9.1,
      NaN,
      NaN,
      6.8,
      8.3,
      14.5,
      NaN,
      NaN,
      0.0,
      7.8,
      5.1,
      7.8
    ],
    [
      11.3,
      4.0,
      3.1,
      3.2,
      3.4,
      2.5,
      7.4,
      10.4,
      9.7,
      NaN,
      1.1,
      2.0,
      NaN,
      NaN,
      4.1,
      7.8,
      0.0,
      8.7,
      3.5
    ],
    [
      3.6,
      6.2,
      5.8,
      5.7,
      5.6,
      7.5,
      2.5,
      4.8,
      15.6,
      11.3,
      NaN,
      9.5,
      NaN,
      9.6,
      6.4,
      5.1,
      8.7,
      0.0,
      9.0
    ],
    [
      NaN,
      6.0,
      3.8,
      3.9,
      3.5,
      2.2,
      7.7,
      NaN,
      6.6,
      2.4,
      3.3,
      2.2,
      NaN,
      5.4,
      6.1,
      7.8,
      3.5,
      9.0,
      0.0
    ]
  ],
  "cycle_time_matrix": [
    [
      0.0,
      93.0,
      111.0,
      110.0,
      108.0,
      132.0,
      68.0,
      19.0,
      233.0,
      181.0,
      136.0,
      157.0,
      227.0,
      NaN,
      91.0,
      102.0,
      144.0,
      47.0,
      NaN
    ],
    [
      93.0,
      0.0,
      32.0,
      33.0,
      39.0,
      52.0,
      61.0,
      79.0,
      154.0,
      NaN,
      43.0,
      64.0,
      134.0,
      NaN,
      3.0,
      NaN,
      51.0,
      78.0,
      76.0
    ],
    [
      111.0,
      32.0,
      0.0,
      1.0,
      10.0,
      23.0,
      54.0,
      117.0,
      NaN,
      73.0,
      27.0,
      45.0,
      124.0,
      NaN,
      40.0,
      58.0,
      39.0,
      71.0,
      48.0
    ],
    [
      110.0,
      33.0,
      1.0,
      0.0,
      9.0,
      24.0,
      53.0,
      117.0,
      NaN,
      74.0,
      28.0,
      46.0,
      NaN,
      70.0,
      41.0,
      57.0,
      39.0,
      70.0,
      49.0
    ],
    [
      108.0,
      39.0,
      10.0,
      9.0,
      0.0,
      25.0,
      51.0,
      123.0,
      NaN,
      73.0,
      31.0,
      48.0,
      NaN,
      61.0,
      46.0,
      55.0,
      42.0,
      68.0,
      44.0
    ],
    [
      132.0,
      52.0,
      23.0,
      24.0,
      25.0,
      0.0,
      76.0,
      136.0,
      105.0,
      52.0,
      22.0,
      26.0,
      118.0,
      59.0,
      60.0,
      80.0,
      30.0,
      93.0,
      27.0
    ],
    [
      68.0,
      61.0,
      54.0,
      53.0,
      51.0,
      76.0,
      0.0,
      88.0,
      179.0,
      NaN,
      83.0,
      NaN,
      176.0,
      104.0,
      71.0,
      47.0,
      93.0,
      30.0,
      97.0
    ],
    [
      19.0,
      79.0,
      117.0,
      117.0,
      123.0,
      136.0,
      88.0,
      0.0,
      231.0,
      NaN,
      121.0,
      142.0,
      NaN,
      172.0,
      76.0,
      116.0,
      129.0,
      62.0,
      NaN
    ],
    [
      233.0,
      154.0,
      NaN,
      NaN,
      NaN,
      105.0,
      179.0,
      231.0,
      0.0,
      58.0,
      122.0,
      108.0,
      145.0,
      NaN,
      165.0,
      NaN,
      122.0,
      196.0,
      85.0
    ],
    [
      181.0,
      NaN,
      73.0,
      74.0,
      73.0,
      52.0,
      NaN,
      NaN,
      58.0,
      0.0,
      67.0,
      52.0,
      NaN,
      92.0,
      NaN,
      NaN,
      NaN,
      141.0,
      30.0
    ],
    [
      136.0,
      43.0,
      27.0,
      28.0,
      31.0,
      22.0,
      83.0,
      121.0,
      122.0,
      67.0,
      0.0,
      23.0,
      NaN,
      NaN,
      52.0,
      86.0,
      12.0,
      NaN,
      45.0
    ],
    [
      157.0,
      64.0,
      45.0,
      46.0,
      48.0,
      26.0,
      NaN,
      142.0,
      108.0,
      52.0,
      23.0,
      0.0,
      NaN,
      NaN,
      73.0,
      104.0,
      24.0,
      116.0,
      28.0
    ],
    [
      227.0,
      134.0,
      124.0,
      NaN,
      NaN,
      118.0,
      176.0,
      NaN,
      145.0,
      NaN,
      NaN,
      NaN,
      0.0,
      169.0,
      143.0,
      182.0,
      NaN,
      NaN,
      NaN
    ],
    [
      NaN,
      NaN,
      NaN,
      70.0,
      61.0,
      59.0,
      104.0,
      172.0,
      NaN,
      92.0,
      NaN,
      NaN,
      169.0,
      0.0,
      107.0,
      NaN,
      NaN,
      119.0,
      69.0
    ],
    [
      91.0,
      3.0,
      40.0,
      41.0,
      46.0,
      60.0,
      71.0,
      76.0,
      165.0,
      NaN,
      52.0,
      73.0,
      143.0,
      107.0,
      0.0,
      NaN,
      53.0,
      80.0,
      78.0
    ],
    [
      102.0,
      NaN,
      58.0,
      57.0,
      55.0,
      80.0,
      47.0,
      116.0,
      NaN,
      NaN,
      86.0,
      104.0,
      182.0,
      NaN,
      NaN,
      0.0,
      96.0,
      62.0,
      98.0
    ],
    [
      144.0,
      51.0,
      39.0,
      39.0,
      42.0,
      30.0,
      93.0,
      129.0,
      122.0,
      NaN,
      12.0,
      24.0,
      NaN,
      NaN,
      53.0,
      96.0,
      0.0,
      108.0,
      45.0
    ],
    [
      47.0,
      78.0,
      71.0,
      70.0,
      68.0,
      93.0,
      30.0,
      62.0,
      196.0,
      141.0,
      NaN,
      116.0,
      NaN,
      119.0,
      80.0,
      62.0,
      108.0,
      0.0,
      114.0
    ],
    [
      NaN,
      76.0,
      48.0,
      49.0,
      44.0,
      27.0,
      97.0,
      NaN,
      85.0,
      30.0,
      45.0,
      28.0,
      NaN,
      69.0,
      78.0,
      98.0,
      45.0,
      114.0,
      0.0
    ]
  ]
}