{
  "drive_dist_matrix": [
    [
      0.0,
      0.5,
      3.4,
      2.7,
      10.8,
      0.75,
      3.2,
      2.8,
      1.5,
      4.0,
      3.6,
      5.0,
      1.3,
      2.6,
      1.9,
      6.7,
      3.6,
      2.0,
      4.4,
      3.1
    ],
    [
      0.5,
      0.0,
      3.0,
      2.3,
      10.4,
      1.8,
      3.6,
      3.3,
      2.0,
      4.5,
      4.0,
      4.5,
      1.8,
      3.1,
      2.4,
      7.2,
      4.1,
      2.4,
      4.8,
      3.5
    ],
    [
      3.4,
      3.0,
      0.0,
      2.8,
      9.6,
      4.6,
      9.0,
      6.6,
      5.3,
      10.6,
      9.2,
      6.3,
      5.1,
      6.7,
      4.8,
      10.6,
      6.5,
      5.2,
      10.4,
      7.6
    ],
    [
      2.7,
      2.3,
      2.8,
      0.0,
      12.2,
      3.1,
      4.9,
      4.1,
      2.9,
      5.7,
      5.3,
      5.7,
      2.7,
      3.9,
      2.0,
      8.4,
      3.8,
      3.7,
      6.1,
      4.9
    ],
    [
      10.8,
      10.4,
      9.6,
      12.2,
      0.0,
      12.2,
      13.4,
      22.9,
      24.1,
      15.0,
      13.6,
      9.2,
      12.8,
      23.7,
      14.5,
      15.0,
      24.3,
      12.8,
      14.8,
      23.6
    ],
    [
      0.75,
      1.8,
      4.6,
      3.1,
      12.2,
      0.0,
      2.7,
      2.1,
      0.65,
      3.4,
      3.1,
      6.0,
      0.6,
      2.7,
      2.7,
      6.2,
      3.9,
      0.8,
      3.8,
      2.5
    ],
    [
      3.2,
      3.6,
      9.0,
      4.9,
      13.4,
      2.7,
      0.0,
      3.0,
      3.7,
      0.35,
      0.4,
      3.3,
      3.5,
      4.5,
      4.1,
      3.6,
      4.8,
      3.5,
      1.1,
      3.2
    ],
    [
      2.8,
      3.3,
      6.6,
      4.1,
      22.9,
      2.1,
      3.0,
      0.0,
      2.0,
      2.7,
      3.1,
      5.3,
      2.5,
      1.8,
      2.3,
      4.4,
      2.0,
      2.0,
      3.1,
      0.55
    ],
    [
      1.5,
      2.0,
      5.3,
      2.9,
      24.1,
      0.65,
      3.7,
      2.0,
      0.0,
      4.0,
      4.5,
      6.4,
      0.5,
      1.1,
      1.1,
      5.7,
      2.1,
      1.0,
      4.4,
      0.75
    ],
    [
      4.0,
      4.5,
      10.6,
      5.7,
      15.0,
      3.4,
      0.35,
      2.7,
      4.0,
      0.0,
      0.65,
      4.6,
      4.5,
      5.4,
      5.8,
      2.3,
      5.6,
      3.8,
      0.8,
      3.0
    ],
    [
      3.6,
      4.0,
      9.2,
      5.3,
      13.6,
      3.1,
      0.4,
      3.1,
      4.5,
      0.65,
      0.0,
      3.7,
      3.9,
      4.9,
      4.5,
      3.2,
      6.9,
      3.9,
      2.0,
      3.6
    ],
    [
      5.0,
      4.5,
      6.3,
      5.7,
      9.2,
      6.0,
      3.3,
      5.3,
      6.4,
      4.6,
      3.7,
      0.0,
      5.9,
      7.2,
      6.3,
      7.2,
      9.9,
      5.7,
      7.0,
      6.1
    ],
    [
      1.3,
      1.8,
      5.1,
      2.7,
      12.8,
      0.6,
      3.5,
      2.5,
      0.5,
      4.5,
      3.9,
      5.9,
      0.0,
      0.9,
      0.7,
      6.1,
      2.5,
      2.2,
      4.8,
      2.5
    ],
    [
      2.6,
      3.1,
      6.7,
      3.9,
      23.7,
      2.7,
      4.5,
      1.8,
      1.1,
      5.4,
      4.9,
      7.2,
      0.9,
      0.0,
      1.5,
      5.6,
      0.85,
      2.6,
      4.3,
      1.9
    ],
    [
      1.9,
      2.4,
      4.8,
      2.0,
      14.5,
      2.7,
      4.1,
      2.3,
      1.1,
      5.8,
      4.5,
      6.3,
      0.7,
      1.5,
      0.0,
      6.5,
      0.65,
      2.4,
      5.2,
      2.8
    ],
    [
      6.7,
      7.2,
      10.6,
      8.4,
      15.0,
      6.2,
      3.6,
      4.4,
      5.7,
      2.3,
      3.2,
      7.2,
      6.1,
      5.6,
      6.5,
      0.0,
      5.2,
      3.8,
      1.8,
      3.1
    ],
    [
      3.6,
      4.1,
      6.5,
      3.8,
      24.3,
      3.9,
      4.8,
      2.0,
      2.1,
      5.6,
      6.9,
      9.9,
      2.5,
      0.85,
      0.65,
      5.2,
      0.0,
      3.2,
      4.8,
      2.5
    ],
    [
      2.0,
      2.4,
      5.2,
      3.7,
      12.8,
      0.8,
      3.5,
      2.0,
      1.0,
      3.8,
      3.9,
      5.7,
      2.2,
      2.6,
      2.4,
      3.8,
      3.2,
      0.0,
      3.4,
      1.1
    ],
    [
      4.4,
      4.8,
      10.4,
      6.1,
      14.8,
      3.8,
      1.1,
      3.1,
      4.4,
      0.8,
      2.0,
      7.0,
      4.8,
      4.3,
      5.2,
      1.8,
      4.8,
      3.4,
      0.0,
      2.8
    ],
    [
      3.1,
      3.5,
      7.6,
      4.9,
      23.6,
      2.5,
      3.2,
      0.55,
      0.75,
      3.0,
      3.6,
      6.1,
      2.5,
      1.9,
      2.8,
      3.1,
      2.5,
      1.1,
      2.8,
      0.0
    ]
  ],
  "drive_time_matrix": [
    [
      0.0,
      7.0,
      14.0,
      9.0,
      28.0,
      5.0,
      9.0,
      10.0,
      6.0,
      12.0,
      9.0,
      15.0,
      6.0,
      11.0,
      6.0,
      16.0,
      15.0,
      8.0,
      12.0,
      7.0
    ],
    [
      7.0,
      0.0,
      13.0,
      8.0,
      26.0,
      7.0,
      10.0,
      13.0,
      9.0,
      13.0,
      11.0,
      14.0,
      9.0,
      15.0,
      8.0,
      17.0,
      19.0,
      10.0,
      15.0,
      11.0
    ],
    [
      14.0,
      13.0,
      0.0,
      10.0,
      23.0,
      19.0,
      21.0,
      23.0,
      19.0,
      25.0,
      21.0,
      17.0,
      20.0,
      22.0,
      17.0,
      25.0,
      22.0,
      21.0,
      24.0,
      27.0
    ],
    [
      9.0,
      8.0,
      10.0,
      0.0,
      30.0,
      12.0,
      14.0,
      14.0,
      10.0,
      16.0,
      14.0,
      18.0,
      11.0,
      15.0,
      9.0,
      20.0,
      15.0,
      14.0,
      17.0,
      17.0
    ],
    [
      28.0,
      26.0,
      23.0,
      30.0,
      0.0,
      32.0,
      28.0,
      29.0,
      32.0,
      32.0,
      28.0,
      23.0,
      34.0,
      32.0,
      33.0,
      32.0,
      34.0,
      34.0,
      32.0,
      32.0
    ],
    [
      5.0,
      7.0,
      19.0,
      12.0,
      32.0,
      0.0,
      9.0,
      10.0,
      8.0,
      11.0,
      9.0,
      17.0,
      7.0,
      10.0,
      8.0,
      16.0,
      16.0,
      10.0,
      12.0,
      8.0
    ],
    [
      9.0,
      10.0,
      21.0,
      14.0,
      28.0,
      9.0,
      0.0,
      9.0,
      11.0,
      6.0,
      6.0,
      14.0,
      11.0,
      15.0,
      10.0,
      7.0,
      16.0,
      11.0,
      11.0,
      11.0
    ],
    [
      10.0,
      13.0,
      23.0,
      14.0,
      29.0,
      10.0,
      9.0,
      0.0,
      7.0,
      8.0,
      9.0,
      19.0,
      9.0,
      7.0,
      7.0,
      10.0,
      8.0,
      7.0,
      6.0,
      7.0
    ],
    [
      6.0,
      9.0,
      19.0,
      10.0,
      32.0,
      8.0,
      11.0,
      7.0,
      0.0,
      13.0,
      14.0,
      20.0,
      6.0,
      6.0,
      4.0,
      14.0,
      9.0,
      13.0,
      10.0,
      9.0
    ],
    [
      12.0,
      13.0,
      25.0,
      16.0,
      32.0,
      11.0,
      6.0,
      8.0,
      13.0,
      0.0,
      9.0,
      18.0,
      15.0,
      14.0,
      15.0,
      6.0,
      15.0,
      13.0,
      8.0,
      10.0
    ],
    [
      9.0,
      11.0,
      21.0,
      14.0,
      28.0,
      9.0,
      6.0,
      9.0,
      14.0,
      9.0,
      0.0,
      15.0,
      12.0,
      16.0,
      12.0,
      7.0,
      16.0,
      13.0,
      4.0,
      12.0
    ],
    [
      15.0,
      14.0,
      17.0,
      18.0,
      23.0,
      17.0,
      14.0,
      19.0,
      20.0,
      18.0,
      15.0,
      0.0,
      22.0,
      28.0,
      23.0,
      17.0,
      29.0,
      22.0,
      16.0,
      24.0
    ],
    [
      6.0,
      9.0,
      20.0,
      11.0,
      34.0,
      7.0,
      11.0,
      9.0,
      6.0,
      15.0,
      12.0,
      22.0,
      0.0,
      9.0,
      9.0,
      16.0,
      11.0,
      11.0,
      13.0,
      10.0
    ],
    [
      11.0,
      15.0,
      22.0,
      15.0,
      32.0,
      10.0,
      15.0,
      7.0,
      6.0,
      14.0,
      16.0,
      28.0,
      9.0,
      0.0,
      7.0,
      14.0,
      11.0,
      10.0,
      11.0,
      8.0
    ],
    [
      6.0,
      8.0,
      17.0,
      9.0,
      33.0,
      8.0,
      10.0,
      7.0,
      4.0,
      15.0,
      12.0,
      23.0,
      9.0,
      7.0,
      0.0,
      17.0,
      8.0,
      11.0,
      13.0,
      10.0
    ],
    [
      16.0,
      17.0,
      25.0,
      20.0,
      32.0,
      16.0,
      7.0,
      10.0,
      14.0,
      6.0,
      7.0,
      17.0,
      16.0,
      14.0,
      17.0,
      0.0,
      14.0,
      13.0,
      13.0,
      10.0
    ],
    [
      15.0,
      19.0,
      22.0,
      15.0,
      34.0,
      16.0,
      16.0,
      8.0,
      9.0,
      15.0,
      16.0,
      29.0,
      11.0,
      11.0,
      8.0,
      14.0,
      0.0,
      12.0,
      13.0,
      9.0
    ],
    [
      8.0,
      10.0,
      21.0,
      14.0,
      34.0,
      10.0,
      11.0,
      7.0,
      13.0,
      13.0,
      13.0,
      22.0,
      11.0,
      10.0,
      11.0,
      13.0,
      12.0,
      0.0,
      10.0,
      14.0
    ],
    [
      12.0,
      15.0,
      24.0,
      17.0,
      32.0,
      12.0,
      11.0,
      6.0,
      10.0,
      8.0,
      4.0,
      16.0,
      13.0,
      11.0,
      13.0,
      13.0,
      13.0,
      10.0,
      0.0,
      9.0
    ],
    [
      7.0,
      11.0,
      27.0,
      17.0,
      32.0,
      8.0,
      11.0,
      7.0,
      9.0,
      10.0,
      12.0,
      24.0,
      10.0,
      8.0,
      10.0,
      10.0,
      9.0,
      14.0,
      9.0,
      0.0
    ]
  ],
  "transit_dist_walk_matrix": [
    [
      0.0,
      0.24999,
      1.33328,
      NaN,
      1.08329,
      0.33332,
      0.58331,
      0.33332,
      NaN,
      NaN,
      0.99996,
      0.9166300000000001,
      0.49998,
      0.66664,
      0.9166300000000001,
      0.66664,
      NaN,
      NaN,
      0.49998,
      0.41665
    ],
    [
      0.24999,
      0.0,
      1.49994,
      0.41665,
      0.66664,
      NaN,
      0.8333,
      0.49998,
      NaN,
      1.33328,
      1.2499500000000001,
      1.2499500000000001,
      NaN,
      0.49998,
      0.99996,
      0.8333,
      0.99996,
      NaN,
      0.66664,
      0.58331
    ],
    [
      1.33328,
      1.49994,
      0.0,
      1.33328,
      0.66664,
      1.33328,
      1.58327,
      1.41661,
      NaN,
      2.16658,
      1.99992,
      1.74993,
      1.08329,
      0.9166300000000001,
      0.49998,
      1.6666,
      0.74997,
      NaN,
      1.49994,
      NaN
    ],
    [
      NaN,
      0.41665,
      1.33328,
      0.0,
      0.8333,
      0.58331,
      0.74997,
      0.58331,
      NaN,
      1.2499500000000001,
      1.08329,
      1.16662,
      NaN,
      1.16662,
      NaN,
      0.74997,
      1.16662,
      NaN,
      0.49998,
      NaN
    ],
    [
      1.08329,
      0.66664,
      0.66664,
      0.8333,
      0.0,
      0.58331,
      2.4999000000000002,
      2.41657,
      1.16662,
      3.0832100000000002,
      2.91655,
      2.91655,
      NaN,
      2.58323,
      2.08325,
      2.58323,
      2.66656,
      1.33328,
      2.4999000000000002,
      2.41657
    ],
    [
      0.33332,
      NaN,
      1.33328,
      0.58331,
      0.58331,
      0.0,
      0.74997,
      NaN,
      NaN,
      1.2499500000000001,
      1.16662,
      1.08329,
      NaN,
      0.74997,
      0.41665,
      0.74997,
      0.58331,
      NaN,
      0.66664,
      0.58331
    ],
    [
      0.58331,
      0.8333,
      1.58327,
      0.74997,
      2.4999000000000002,
      0.74997,
      0.0,
      0.8333,
      1.2499500000000001,
      NaN,
      NaN,
      1.2499500000000001,
      0.9166300000000001,
      NaN,
      0.74997,
      0.58331,
      1.2499500000000001,
      1.16662,
      0.24999,
      0.9166300000000001
    ],
    [
      0.33332,
      0.49998,
      1.41661,
      0.58331,
      2.41657,
      NaN,
      0.8333,
      0.0,
      0.66664,
      NaN,
      1.2499500000000001,
      1.16662,
      1.16662,
      0.58331,
      0.74997,
      0.9166300000000001,
      0.58331,
      0.58331,
      0.74997,
      NaN
    ],
    [
      NaN,
      NaN,
      NaN,
      NaN,
      1.16662,
      NaN,
      1.2499500000000001,
      0.66664,
      0.0,
      1.58327,
      1.49994,
      1.41661,
      NaN,
      NaN,
      NaN,
      NaN,
      NaN,
      NaN,
      0.99996,
      NaN
    ],
    [
      NaN,
      1.33328,
      2.16658,
      1.2499500000000001,
      3.0832100000000002,
      1.2499500000000001,
      NaN,
      NaN,
      1.58327,
      0.0,
      NaN,
      1.74993,
      1.41661,
      NaN,
      1.2499500000000001,
      1.16662,
      1.74993,
      1.2499500000000001,
      NaN,
      1.2499500000000001
    ],
    [
      0.99996,
      1.2499500000000001,
      1.99992,
      1.08329,
      2.91655,
      1.16662,
      NaN,
      1.2499500000000001,
      1.49994,
      NaN,
      0.0,
      1.6666,
      1.2499500000000001,
      1.91659,
      1.08329,
      0.66664,
      1.58327,
      1.58327,
      NaN,
      1.08329
    ],
    [
      0.9166300000000001,
      1.2499500000000001,
      1.74993,
      1.16662,
      2.91655,
      1.08329,
      1.2499500000000001,
      1.16662,
      1.41661,
      1.74993,
      1.6666,
      0.0,
      NaN,
      NaN,
      NaN,
      NaN,
      NaN,
      NaN,
      NaN,
      NaN
    ],
    [
      0.49998,
      NaN,
      1.08329,
      NaN,
      NaN,
      NaN,
      0.9166300000000001,
      1.16662,
      NaN,
      1.41661,
      1.2499500000000001,
      NaN,
      0.0,
      0.49998,
      NaN,
      0.99996,
      0.58331,
      NaN,
      0.66664,
      NaN
    ],
    [
      0.66664,
      0.49998,
      0.9166300000000001,
      1.16662,
      2.58323,
      0.74997,
      NaN,
      0.58331,
      NaN,
      NaN,
      1.91659,
      NaN,
      0.49998,
      0.0,
      NaN,
      1.08329,
      NaN,
      NaN,
      NaN,
      0.58331
    ],
    [
      0.9166300000000001,
      0.99996,
      0.49998,
      NaN,
      2.08325,
      0.41665,
      0.74997,
      0.74997,
      NaN,
      1.2499500000000001,
      1.08329,
      NaN,
      NaN,
      NaN,
      0.0,
      NaN,
      NaN,
      1.08329,
      0.41665,
      NaN
    ],
    [
      0.66664,
      0.8333,
      1.6666,
      0.74997,
      2.58323,
      0.74997,
      0.58331,
      0.9166300000000001,
      NaN,
      1.16662,
      0.66664,
      NaN,
      0.99996,
      1.08329,
      NaN,
      0.0,
      1.49994,
      2.08325,
      0.58331,
      2.33324
    ],
    [
      NaN,
      0.99996,
      0.74997,
      1.16662,
      2.66656,
      0.58331,
      1.2499500000000001,
      0.58331,
      NaN,
      1.74993,
      1.58327,
      NaN,
      0.58331,
      NaN,
      NaN,
      1.49994,
      0.0,
      1.08329,
      1.41661,
      0.99996
    ],
    [
      NaN,
      NaN,
      NaN,
      NaN,
      1.33328,
      NaN,
      1.16662,
      0.58331,
      NaN,
      1.2499500000000001,
      1.58327,
      NaN,
      NaN,
      NaN,
      1.08329,
      2.08325,
      1.08329,
      0.0,
      1.16662,
      NaN
    ],
    [
      0.49998,
      0.66664,
      1.49994,
      0.49998,
      2.4999000000000002,
      0.66664,
      0.24999,
      0.74997,
      0.99996,
      NaN,
      NaN,
      NaN,
      0.66664,
      NaN,
      0.41665,
      0.58331,
      1.41661,
      1.16662,
      0.0,
      1.16662
    ],
    [
      0.41665,
      0.58331,
      NaN,
      NaN,
      2.41657,
      0.58331,
      0.9166300000000001,
      NaN,
      NaN,
      1.2499500000000001,
      1.08329,
      NaN,
      NaN,
      0.58331,
      NaN,
      2.33324,
      0.99996,
      NaN,
      1.16662,
      0.0
    ]
  ],
  "transit_time_matrix": [
    [
      0.0,
      7.0,
      22.0,
      0.0,
      44.0,
      5.0,
      16.0,
      10.0,
      0.0,
      0.0,
      9.0,
      29.0,
      11.0,
      11.0,
      14.0,
      42.0,
      0.0,
      0.0,
      22.0,
      7.0
    ],
    [
      7.0,
      0.0,
      23.0,
      8.0,
      39.0,
      0.0,
      20.0,
      12.0,
      0.0,
      26.0,
      25.0,
      14.0,
      0.0,
      21.0,
      18.0,
      46.0,
      23.0,
      0.0,
      26.0,
      11.0
    ],
    [
      22.0,
      23.0,
      0.0,
      27.0,
      65.0,
      25.0,
      36.0,
      29.0,
      0.0,
      25.0,
      21.0,
      47.0,
      39.0,
      42.0,
      33.0,
      25.0,
      38.0,
      0.0,
      42.0,
      0.0
    ],
    [
      0.0,
      8.0,
      27.0,
      0.0,
      50.0,
      12.0,
      22.0,
      21.0,
      0.0,
      16.0,
      14.0,
      26.0,
      0.0,
      15.0,
      0.0,
      39.0,
      27.0,
      0.0,
      17.0,
      0.0
    ],
    [
      44.0,
      39.0,
      65.0,
      50.0,
      0.0,
      32.0,
      63.0,
      58.0,
      49.0,
      32.0,
      68.0,
      78.0,
      0.0,
      62.0,
      59.0,
      91.0,
      66.0,
      51.0,
      74.0,
      32.0
    ],
    [
      5.0,
      0.0,
      25.0,
      12.0,
      32.0,
      0.0,
      14.0,
      0.0,
      NaN,
      11.0,
      19.0,
      30.0,
      NaN,
      10.0,
      8.0,
      38.0,
      15.0,
      NaN,
      23.0,
      8.0
    ],
    [
      16.0,
      20.0,
      36.0,
      22.0,
      63.0,
      14.0,
      0.0,
      14.0,
      20.0,
      NaN,
      NaN,
      24.0,
      17.0,
      0.0,
      17.0,
      22.0,
      23.0,
      18.0,
      11.0,
      11.0
    ],
    [
      10.0,
      12.0,
      29.0,
      21.0,
      58.0,
      0.0,
      14.0,
      0.0,
      13.0,
      0.0,
      20.0,
      28.0,
      9.0,
      7.0,
      7.0,
      10.0,
      13.0,
      7.0,
      21.0,
      NaN
    ],
    [
      0.0,
      0.0,
      0.0,
      0.0,
      49.0,
      NaN,
      20.0,
      13.0,
      0.0,
      25.0,
      24.0,
      32.0,
      NaN,
      NaN,
      NaN,
      0.0,
      0.0,
      NaN,
      10.0,
      NaN
    ],
    [
      0.0,
      26.0,
      25.0,
      16.0,
      32.0,
      11.0,
      NaN,
      0.0,
      25.0,
      0.0,
      NaN,
      30.0,
      23.0,
      0.0,
      22.0,
      22.0,
      15.0,
      25.0,
      0.0,
      21.0
    ],
    [
      9.0,
      25.0,
      21.0,
      14.0,
      68.0,
      19.0,
      NaN,
      20.0,
      24.0,
      NaN,
      0.0,
      15.0,
      21.0,
      28.0,
      20.0,
      22.0,
      26.0,
      22.0,
      0.0,
      19.0
    ],
    [
      29.0,
      14.0,
      47.0,
      26.0,
      78.0,
      30.0,
      24.0,
      28.0,
      32.0,
      30.0,
      15.0,
      0.0,
      NaN,
      NaN,
      NaN,
      NaN,
      NaN,
      NaN,
      NaN,
      NaN
    ],
    [
      11.0,
      0.0,
      39.0,
      0.0,
      0.0,
      NaN,
      17.0,
      9.0,
      NaN,
      23.0,
      21.0,
      NaN,
      0.0,
      9.0,
      NaN,
      42.0,
      11.0,
      NaN,
      39.0,
      NaN
    ],
    [
      11.0,
      21.0,
      42.0,
      15.0,
      62.0,
      10.0,
      0.0,
      7.0,
      NaN,
      0.0,
      28.0,
      NaN,
      9.0,
      0.0,
      0.0,
      47.0,
      NaN,
      0.0,
      0.0,
      15.0
    ],
    [
      14.0,
      18.0,
      33.0,
      0.0,
      59.0,
      8.0,
      17.0,
      7.0,
      NaN,
      22.0,
      20.0,
      NaN,
      NaN,
      0.0,
      0.0,
      0.0,
      NaN,
      15.0,
      30.0,
      0.0
    ],
    [
      42.0,
      46.0,
      25.0,
      39.0,
      91.0,
      38.0,
      22.0,
      10.0,
      0.0,
      22.0,
      22.0,
      NaN,
      42.0,
      47.0,
      0.0,
      0.0,
      47.0,
      13.0,
      13.0,
      10.0
    ],
    [
      0.0,
      23.0,
      38.0,
      27.0,
      66.0,
      15.0,
      23.0,
      13.0,
      0.0,
      15.0,
      26.0,
      NaN,
      11.0,
      NaN,
      NaN,
      47.0,
      0.0,
      26.0,
      41.0,
      21.0
    ],
    [
      0.0,
      0.0,
      0.0,
      0.0,
      51.0,
      NaN,
      18.0,
      7.0,
      NaN,
      25.0,
      22.0,
      NaN,
      NaN,
      0.0,
      15.0,
      13.0,
      26.0,
      0.0,
      28.0,
      NaN
    ],
    [
      22.0,
      26.0,
      42.0,
      17.0,
      74.0,
      23.0,
      11.0,
      21.0,
      10.0,
      0.0,
      0.0,
      NaN,
      39.0,
      0.0,
      30.0,
      13.0,
      41.0,
      28.0,
      0.0,
      9.0
    ],
    [
      7.0,
      11.0,
      0.0,
      0.0,
      32.0,
      8.0,
      11.0,
      NaN,
      NaN,
      21.0,
      19.0,
      NaN,
      NaN,
      15.0,
      0.0,
      10.0,
      21.0,
      NaN,
      9.0,
      0.0
    ]
  ],
  "walk_dist_matrix": [
    [
      0.0,
      0.5,
      3.5,
      1.8,
      8.1,
      0.75,
      3.1,
      2.2,
      1.3,
      3.2,
      3.4,
      4.6,
      1.3,
      1.9,
      1.6,
      4.6,
      2.3,
      1.4,
      3.3,
      1.8
    ],
    [
      0.5,
      0.0,
      3.0,
      1.4,
      7.5,
      1.2,
      3.6,
      2.7,
      1.8,
      3.8,
      3.9,
      4.3,
      1.6,
      2.3,
      2.0,
      5.1,
      2.6,
      2.0,
      3.8,
      2.3
    ],
    [
      3.5,
      3.0,
      0.0,
      2.4,
      6.0,
      4.2,
      6.1,
      5.8,
      4.6,
      6.5,
      6.4,
      5.6,
      4.2,
      4.8,
      3.9,
      8.0,
      4.4,
      4.8,
      6.7,
      5.3
    ],
    [
      1.8,
      1.4,
      2.4,
      0.0,
      8.3,
      2.5,
      4.9,
      3.9,
      2.8,
      5.1,
      5.3,
      5.5,
      2.4,
      2.8,
      1.8,
      6.4,
      2.3,
      3.3,
      5.1,
      3.6
    ],
    [
      8.1,
      7.5,
      6.0,
      8.3,
      0.0,
      8.6,
      8.0,
      9.9,
      9.3,
      8.4,
      8.4,
      6.5,
      9.1,
      9.7,
      9.4,
      10.6,
      10.0,
      8.9,
      9.1,
      9.4
    ],
    [
      0.75,
      1.2,
      4.2,
      2.5,
      8.6,
      0.0,
      2.6,
      1.4,
      0.65,
      2.8,
      3.0,
      5.1,
      0.6,
      1.2,
      1.1,
      3.9,
      1.8,
      0.8,
      2.8,
      1.0
    ],
    [
      3.1,
      3.6,
      6.1,
      4.9,
      8.0,
      2.6,
      0.0,
      2.6,
      2.7,
      0.35,
      0.4,
      3.2,
      3.0,
      3.2,
      3.7,
      2.6,
      3.8,
      2.1,
      1.1,
      2.4
    ],
    [
      2.2,
      2.7,
      5.8,
      3.9,
      9.9,
      1.4,
      2.6,
      0.0,
      1.2,
      2.6,
      2.9,
      5.3,
      1.6,
      1.1,
      2.0,
      2.8,
      1.7,
      1.6,
      2.2,
      0.55
    ],
    [
      1.3,
      1.8,
      4.6,
      2.8,
      9.3,
      0.65,
      2.7,
      1.2,
      0.0,
      2.8,
      3.1,
      5.5,
      0.5,
      0.6,
      1.1,
      3.7,
      1.2,
      1.0,
      2.8,
      0.75
    ],
    [
      3.2,
      3.8,
      6.5,
      5.1,
      8.4,
      2.8,
      0.35,
      2.6,
      2.8,
      0.0,
      0.65,
      3.6,
      3.2,
      3.6,
      3.9,
      2.2,
      4.2,
      2.3,
      0.8,
      2.5
    ],
    [
      3.4,
      3.9,
      6.4,
      5.3,
      8.4,
      3.0,
      0.4,
      2.9,
      3.1,
      0.65,
      0.0,
      3.4,
      3.4,
      3.6,
      4.0,
      2.9,
      4.2,
      2.4,
      1.4,
      2.7
    ],
    [
      4.6,
      4.3,
      5.6,
      5.5,
      6.5,
      5.1,
      3.2,
      5.3,
      5.5,
      3.6,
      3.4,
      0.0,
      5.8,
      6.0,
      6.1,
      5.9,
      6.6,
      4.8,
      4.3,
      5.1
    ],
    [
      1.3,
      1.6,
      4.2,
      2.4,
      9.1,
      0.6,
      3.0,
      1.6,
      0.5,
      3.2,
      3.4,
      5.8,
      0.0,
      0.9,
      0.7,
      4.1,
      1.2,
      1.1,
      3.1,
      1.2
    ],
    [
      1.9,
      2.3,
      4.8,
      2.8,
      9.7,
      1.2,
      3.2,
      1.1,
      0.6,
      3.6,
      3.6,
      6.0,
      0.9,
      0.0,
      1.0,
      3.8,
      0.85,
      1.6,
      3.0,
      1.0
    ],
    [
      1.6,
      2.0,
      3.9,
      1.8,
      9.4,
      1.1,
      3.7,
      2.0,
      1.1,
      3.9,
      4.0,
      6.1,
      0.7,
      1.0,
      0.0,
      4.6,
      0.65,
      1.8,
      3.7,
      1.7
    ],
    [
      4.6,
      5.1,
      8.0,
      6.4,
      10.6,
      3.9,
      2.6,
      2.8,
      3.7,
      2.2,
      2.9,
      5.9,
      4.1,
      3.8,
      4.6,
      0.0,
      4.5,
      3.7,
      1.8,
      2.9
    ],
    [
      2.3,
      2.6,
      4.4,
      2.3,
      10.0,
      1.8,
      3.8,
      1.7,
      1.2,
      4.2,
      4.2,
      6.6,
      1.2,
      0.85,
      0.65,
      4.5,
      0.0,
      2.2,
      3.6,
      1.6
    ],
    [
      1.4,
      2.0,
      4.8,
      3.3,
      8.9,
      0.8,
      2.1,
      1.6,
      1.0,
      2.3,
      2.4,
      4.8,
      1.1,
      1.6,
      1.8,
      3.7,
      2.2,
      0.0,
      2.3,
      1.1
    ],
    [
      3.3,
      3.8,
      6.7,
      5.1,
      9.1,
      2.8,
      1.1,
      2.2,
      2.8,
      0.8,
      1.4,
      4.3,
      3.1,
      3.0,
      3.7,
      1.8,
      3.6,
      2.3,
      0.0,
      2.0
    ],
    [
      1.8,
      2.3,
      5.3,
      3.6,
      9.4,
      1.0,
      2.4,
      0.55,
      0.75,
      2.5,
      2.7,
      5.1,
      1.2,
      1.0,
      1.7,
      2.9,
      1.6,
      1.1,
      2.0,
      0.0
    ]
  ],
  "walk_time_matrix": [
    [
      0.0,
      4.0,
      50.0,
      23.0,
      121.0,
      9.0,
      39.0,
      8.0,
      16.0,
      42.0,
      43.0,
      29.0,
      15.0,
      23.0,
      14.0,
      64.0,
      28.0,
      18.0,
      44.0,
      21.0
    ],
    [
      4.0,
      0.0,
      43.0,
      18.0,
      116.0,
      15.0,
      45.0,
      33.0,
      22.0,
      49.0,
      25.0,
      54.0,
      20.0,
      27.0,
      24.0,
      70.0,
      32.0,
      25.0,
      26.0,
      28.0
    ],
    [
      50.0,
      43.0,
      0.0,
      28.0,
      95.0,
      25.0,
      74.0,
      29.0,
      56.0,
      80.0,
      79.0,
      69.0,
      50.0,
      42.0,
      46.0,
      103.0,
      38.0,
      58.0,
      83.0,
      62.0
    ],
    [
      23.0,
      18.0,
      28.0,
      0.0,
      127.0,
      32.0,
      22.0,
      47.0,
      35.0,
      28.0,
      67.0,
      70.0,
      30.0,
      34.0,
      22.0,
      87.0,
      28.0,
      14.0,
      67.0,
      44.0
    ],
    [
      121.0,
      116.0,
      95.0,
      127.0,
      0.0,
      42.0,
      98.0,
      117.0,
      110.0,
      70.0,
      68.0,
      79.0,
      107.0,
      115.0,
      111.0,
      136.0,
      119.0,
      106.0,
      114.0,
      112.0
    ],
    [
      9.0,
      15.0,
      25.0,
      32.0,
      42.0,
      0.0,
      14.0,
      17.0,
      8.0,
      20.0,
      19.0,
      65.0,
      7.0,
      15.0,
      14.0,
      57.0,
      22.0,
      10.0,
      38.0,
      12.0
    ],
    [
      39.0,
      45.0,
      74.0,
      22.0,
      98.0,
      14.0,
      0.0,
      31.0,
      33.0,
      6.0,
      6.0,
      24.0,
      37.0,
      39.0,
      17.0,
      38.0,
      47.0,
      26.0,
      16.0,
      28.0
    ],
    [
      8.0,
      33.0,
      29.0,
      47.0,
      117.0,
      17.0,
      31.0,
      0.0,
      15.0,
      36.0,
      38.0,
      68.0,
      20.0,
      14.0,
      15.0,
      43.0,
      21.0,
      20.0,
      31.0,
      7.0
    ],
    [
      16.0,
      22.0,
      56.0,
      35.0,
      110.0,
      8.0,
      33.0,
      15.0,
      0.0,
      37.0,
      40.0,
      70.0,
      6.0,
      8.0,
      14.0,
      54.0,
      16.0,
      13.0,
      38.0,
      9.0
    ],
    [
      42.0,
      49.0,
      80.0,
      28.0,
      70.0,
      20.0,
      6.0,
      36.0,
      37.0,
      0.0,
      9.0,
      48.0,
      23.0,
      42.0,
      48.0,
      32.0,
      50.0,
      29.0,
      10.0,
      21.0
    ],
    [
      43.0,
      25.0,
      79.0,
      67.0,
      68.0,
      19.0,
      6.0,
      38.0,
      40.0,
      9.0,
      0.0,
      44.0,
      21.0,
      43.0,
      20.0,
      41.0,
      51.0,
      29.0,
      19.0,
      32.0
    ],
    [
      29.0,
      54.0,
      69.0,
      70.0,
      79.0,
      65.0,
      24.0,
      68.0,
      70.0,
      48.0,
      44.0,
      0.0,
      71.0,
      74.0,
      74.0,
      80.0,
      82.0,
      60.0,
      58.0,
      63.0
    ],
    [
      15.0,
      20.0,
      50.0,
      30.0,
      107.0,
      7.0,
      37.0,
      20.0,
      6.0,
      23.0,
      21.0,
      71.0,
      0.0,
      9.0,
      9.0,
      59.0,
      16.0,
      15.0,
      41.0,
      15.0
    ],
    [
      23.0,
      27.0,
      42.0,
      34.0,
      115.0,
      15.0,
      39.0,
      14.0,
      8.0,
      42.0,
      43.0,
      74.0,
      9.0,
      0.0,
      12.0,
      56.0,
      11.0,
      21.0,
      41.0,
      13.0
    ],
    [
      14.0,
      24.0,
      46.0,
      22.0,
      111.0,
      14.0,
      17.0,
      15.0,
      14.0,
      48.0,
      20.0,
      74.0,
      9.0,
      12.0,
      0.0,
      66.0,
      8.0,
      23.0,
      50.0,
      21.0
    ],
    [
      64.0,
      70.0,
      103.0,
      87.0,
      136.0,
      57.0,
      38.0,
      43.0,
      54.0,
      32.0,
      41.0,
      80.0,
      59.0,
      56.0,
      66.0,
      0.0,
      56.0,
      45.0,
      22.0,
      39.0
    ],
    [
      28.0,
      32.0,
      38.0,
      28.0,
      119.0,
      22.0,
      47.0,
      21.0,
      16.0,
      50.0,
      51.0,
      82.0,
      16.0,
      11.0,
      8.0,
      56.0,
      0.0,
      29.0,
      49.0,
      21.0
    ],
    [
      18.0,
      25.0,
      58.0,
      14.0,
      106.0,
      10.0,
      26.0,
      20.0,
      13.0,
      29.0,
      29.0,
      60.0,
      15.0,
      21.0,
      23.0,
      45.0,
      29.0,
      0.0,
      32.0,
      14.0
    ],
    [
      44.0,
      26.0,
      83.0,
      67.0,
      114.0,
      38.0,
      16.0,
      31.0,
      38.0,
      10.0,
      19.0,
      58.0,
      41.0,
      41.0,
      50.0,
      22.0,
      49.0,
      32.0,
      0.0,
      25.0
    ],
    [
      21.0,
      28.0,
      62.0,
      44.0,
      112.0,
      12.0,
      28.0,
      7.0,
      9.0,
      21.0,
      32.0,
      63.0,
      15.0,
      13.0,
      21.0,
      39.0,
      21.0,
      14.0,
      25.0,
      0.0
    ]
  ],
  "cycle_dist_matrix": [
    [
      0.0,
      0.5,
      3.7,
      2.2,
      8.4,
      1.1,
      3.2,
      2.4,
      1.8,
      3.2,
      3.5,
      5.7,
      1.3,
      2.0,
      1.6,
      6.2,
      2.4,
      1.4,
      4.1,
      2.0
    ],
    [
      0.5,
      0.0,
      3.1,
      1.9,
      7.5,
      1.7,
      3.8,
      2.9,
      2.4,
      4.1,
      4.1,
      5.3,
      1.6,
      2.4,
      2.1,
      6.7,
      2.8,
      1.9,
      4.6,
      2.5
    ],
    [
      3.7,
      3.1,
      0.0,
      2.6,
      6.7,
      5.2,
      7.3,
      6.4,
      5.5,
      7.6,
      7.6,
      8.3,
      5.1,
      5.4,
      4.3,
      10.3,
      5.0,
      5.5,
      8.2,
      5.3
    ],
    [
      2.2,
      1.9,
      2.6,
      0.0,
      9.5,
      3.1,
      5.3,
      4.5,
      2.8,
      5.1,
      5.7,
      6.4,
      3.1,
      3.3,
      2.3,
      8.3,
      2.6,
      3.3,
      6.2,
      4.2
    ],
    [
      8.4,
      7.5,
      6.7,
      9.5,
      0.0,
      9.6,
      11.6,
      10.8,
      10.4,
      12.2,
      11.9,
      8.6,
      10.2,
      11.4,
      10.6,
      14.9,
      11.2,
      9.7,
      12.8,
      9.4
    ],
    [
      1.1,
      1.7,
      5.2,
      3.1,
      9.6,
      0.0,
      2.8,
      1.7,
      0.85,
      2.9,
      3.5,
      5.7,
      0.8,
      1.2,
      1.2,
      5.5,
      1.9,
      0.9,
      3.4,
      1.0
    ],
    [
      3.2,
      3.8,
      7.3,
      5.3,
      11.6,
      2.8,
      0.0,
      2.6,
      3.8,
      0.35,
      0.55,
      4.0,
      3.6,
      3.2,
      4.2,
      3.5,
      4.5,
      2.9,
      1.4,
      2.5
    ],
    [
      2.4,
      2.9,
      6.4,
      4.5,
      10.8,
      1.7,
      2.6,
      0.0,
      1.4,
      2.8,
      3.4,
      5.9,
      2.0,
      1.4,
      2.0,
      5.4,
      1.7,
      1.7,
      2.5,
      0.75
    ],
    [
      1.8,
      2.4,
      5.5,
      2.8,
      10.4,
      0.85,
      3.8,
      1.4,
      0.0,
      2.9,
      4.3,
      6.8,
      0.6,
      0.85,
      1.1,
      5.6,
      1.4,
      1.2,
      3.5,
      1.0
    ],
    [
      3.2,
      4.1,
      7.6,
      5.1,
      12.2,
      2.9,
      0.35,
      2.8,
      2.9,
      0.0,
      0.65,
      3.6,
      4.1,
      4.0,
      4.6,
      2.7,
      4.7,
      2.3,
      0.8,
      2.8
    ],
    [
      3.5,
      4.1,
      7.6,
      5.7,
      11.9,
      3.5,
      0.55,
      3.4,
      4.3,
      0.65,
      0.0,
      3.4,
      3.9,
      4.1,
      4.5,
      3.8,
      4.8,
      3.2,
      1.4,
      2.8
    ],
    [
      5.7,
      5.3,
      8.3,
      6.4,
      8.6,
      5.7,
      4.0,
      5.9,
      6.8,
      3.6,
      3.4,
      0.0,
      6.5,
      7.5,
      6.5,
      7.1,
      6.6,
      4.8,
      4.9,
      5.7
    ],
    [
      1.3,
      1.6,
      5.1,
      3.1,
      10.2,
      0.8,
      3.6,
      2.0,
      0.6,
      4.1,
      3.9,
      6.5,
      0.0,
      0.9,
      0.8,
      6.3,
      1.5,
      1.6,
      4.2,
      1.6
    ],
    [
      2.0,
      2.4,
      5.4,
      3.3,
      11.4,
      1.2,
      3.2,
      1.4,
      0.85,
      4.0,
      4.1,
      7.5,
      0.9,
      0.0,
      1.2,
      6.6,
      0.95,
      2.0,
      3.6,
      1.3
    ],
    [
      1.6,
      2.1,
      4.3,
      2.3,
      10.6,
      1.2,
      4.2,
      2.0,
      1.1,
      4.6,
      4.5,
      6.5,
      0.8,
      1.2,
      0.0,
      6.6,
      0.65,
      1.9,
      4.4,
      2.1
    ],
    [
      6.2,
      6.7,
      10.3,
      8.3,
      14.9,
      5.5,
      3.5,
      5.4,
      5.6,
      2.7,
      3.8,
      7.1,
      6.3,
      6.6,
      6.6,
      0.0,
      4.6,
      3.7,
      1.9,
      3.1
    ],
    [
      2.4,
      2.8,
      5.0,
      2.6,
      11.2,
      1.9,
      4.5,
      1.7,
      1.4,
      4.7,
      4.8,
      6.6,
      1.5,
      0.95,
      0.65,
      4.6,
      0.0,
      3.3,
      4.2,
      2.2
    ],
    [
      1.4,
      1.9,
      5.5,
      3.3,
      9.7,
      0.9,
      2.9,
      1.7,
      1.2,
      2.3,
      3.2,
      4.8,
      1.6,
      2.0,
      1.9,
      3.7,
      3.3,
      0.0,
      2.3,
      1.5
    ],
    [
      4.1,
      4.6,
      8.2,
      6.2,
      12.8,
      3.4,
      1.4,
      2.5,
      3.5,
      0.8,
      1.4,
      4.9,
      4.2,
      3.6,
      4.4,
      1.9,
      4.2,
      2.3,
      0.0,
      2.1
    ],
    [
      2.0,
      2.5,
      5.3,
      4.2,
      9.4,
      1.0,
      2.5,
      0.75,
      1.0,
      2.8,
      2.8,
      5.7,
      1.6,
      1.3,
      2.1,
      3.1,
      2.2,
      1.5,
      2.1,
      0.0
    ]
  ],
  "cycle_time_matrix": [
    [
      0.0,
      7.0,
      21.0,
      10.0,
      60.0,
      3.0,
      11.0,
      6.0,
      5.0,
      42.0,
      12.0,
      19.0,
      5.0,
      6.0,
      20.0,
      28.0,
      8.0,
      18.0,
      16.0,
      5.0
    ],
    [
      7.0,
      0.0,
      18.0,
      7.0,
      116.0,
      5.0,
      13.0,
      7.0,
      7.0,
      14.0,
      14.0,
      17.0,
      5.0,
      7.0,
      6.0,
      30.0,
      9.0,
      6.0,
      18.0,
      6.0
    ],
    [
      21.0,
      18.0,
      0.0,
      7.0,
      51.0,
      15.0,
      22.0,
      17.0,
      15.0,
      24.0,
      23.0,
      25.0,
      15.0,
      15.0,
      12.0,
      39.0,
      14.0,
      16.0,
      28.0,
      62.0
    ],
    [
      10.0,
      7.0,
      7.0,
      0.0,
      61.0,
      10.0,
      19.0,
      14.0,
      35.0,
      66.0,
      20.0,
      21.0,
      11.0,
      34.0,
      7.0,
      36.0,
      9.0,
      42.0,
      24.0,
      13.0
    ],
    [
      60.0,
      116.0,
      51.0,
      61.0,
      0.0,
      28.0,
      36.0,
      31.0,
      30.0,
      38.0,
      36.0,
      26.0,
      31.0,
      33.0,
      31.0,
      53.0,
      33.0,
      29.0,
      41.0,
      112.0
    ],
    [
      3.0,
      5.0,
      15.0,
      10.0,
      28.0,
      0.0,
      10.0,
      4.0,
      2.0,
      11.0,
      13.0,
      20.0,
      3.0,
      15.0,
      5.0,
      27.0,
      7.0,
      3.0,
      15.0,
      12.0
    ],
    [
      11.0,
      13.0,
      22.0,
      19.0,
      36.0,
      10.0,
      0.0,
      31.0,
      12.0,
      6.0,
      4.0,
      16.0,
      12.0,
      39.0,
      14.0,
      20.0,
      47.0,
      10.0,
      8.0,
      8.0
    ],
    [
      6.0,
      7.0,
      17.0,
      14.0,
      31.0,
      4.0,
      31.0,
      0.0,
      5.0,
      11.0,
      13.0,
      21.0,
      7.0,
      5.0,
      26.0,
      27.0,
      21.0,
      6.0,
      14.0,
      2.0
    ],
    [
      5.0,
      7.0,
      15.0,
      35.0,
      30.0,
      2.0,
      12.0,
      5.0,
      0.0,
      11.0,
      15.0,
      24.0,
      2.0,
      3.0,
      14.0,
      27.0,
      5.0,
      4.0,
      15.0,
      3.0
    ],
    [
      42.0,
      14.0,
      24.0,
      66.0,
      38.0,
      11.0,
      6.0,
      11.0,
      11.0,
      0.0,
      9.0,
      48.0,
      13.0,
      12.0,
      14.0,
      16.0,
      14.0,
      29.0,
      10.0,
      8.0
    ],
    [
      12.0,
      14.0,
      23.0,
      20.0,
      36.0,
      13.0,
      4.0,
      13.0,
      15.0,
      9.0,
      0.0,
      44.0,
      12.0,
      12.0,
      14.0,
      20.0,
      14.0,
      9.0,
      19.0,
      8.0
    ],
    [
      19.0,
      17.0,
      25.0,
      21.0,
      26.0,
      20.0,
      16.0,
      21.0,
      24.0,
      48.0,
      44.0,
      0.0,
      21.0,
      23.0,
      20.0,
      31.0,
      82.0,
      60.0,
      19.0,
      17.0
    ],
    [
      5.0,
      5.0,
      15.0,
      11.0,
      31.0,
      3.0,
      12.0,
      7.0,
      2.0,
      13.0,
      12.0,
      21.0,
      0.0,
      9.0,
      3.0,
      29.0,
      5.0,
      6.0,
      18.0,
      5.0
    ],
    [
      6.0,
      7.0,
      15.0,
      34.0,
      33.0,
      15.0,
      39.0,
      5.0,
      3.0,
      12.0,
      12.0,
      23.0,
      9.0,
      0.0,
      5.0,
      31.0,
      4.0,
      8.0,
      18.0,
      5.0
    ],
    [
      20.0,
      6.0,
      12.0,
      7.0,
      31.0,
      5.0,
      14.0,
      26.0,
      14.0,
      14.0,
      14.0,
      20.0,
      3.0,
      5.0,
      0.0,
      31.0,
      8.0,
      8.0,
      19.0,
      8.0
    ],
    [
      28.0,
      30.0,
      39.0,
      36.0,
      53.0,
      27.0,
      20.0,
      27.0,
      27.0,
      16.0,
      20.0,
      31.0,
      29.0,
      31.0,
      31.0,
      0.0,
      17.0,
      47.0,
      7.0,
      11.0
    ],
    [
      8.0,
      9.0,
      14.0,
      9.0,
      33.0,
      7.0,
      47.0,
      21.0,
      5.0,
      14.0,
      14.0,
      82.0,
      5.0,
      4.0,
      8.0,
      17.0,
      0.0,
      12.0,
      20.0,
      8.0
    ],
    [
      18.0,
      6.0,
      16.0,
      42.0,
      29.0,
      3.0,
      10.0,
      6.0,
      4.0,
      29.0,
      9.0,
      60.0,
      6.0,
      8.0,
      8.0,
      47.0,
      12.0,
      0.0,
      32.0,
      4.0
    ],
    [
      16.0,
      18.0,
      28.0,
      24.0,
      41.0,
      15.0,
      8.0,
      14.0,
      15.0,
      10.0,
      19.0,
      19.0,
      18.0,
      18.0,
      19.0,
      7.0,
      20.0,
      32.0,
      0.0,
      8.0
    ],
    [
      5.0,
      6.0,
      62.0,
      13.0,
      112.0,
      12.0,
      8.0,
