{
  "drive_dist_matrix": [
    [
      0.0,
      4.9889540000000006,
      8.85137,
      6.115492,
      7.24203,
      10.46071,
      2.735878,
      1.9312079999999998,
      5.9545580000000005,
      23.013562,
      0.80467,
      4.82802,
      0.48280199999999995,
      6.598293999999999,
      6.43736,
      2.735878,
      4.82802,
      0.80467,
      9.977908000000001,
      13.035654,
      23.33543,
      4.506151999999999,
      20.599552000000003,
      32.669602,
      22.047957999999998,
      11.909116000000001,
      9.173238,
      31.864932,
      8.0467,
      3.21868,
      4.345218,
      12.552852,
      0.9656039999999999,
      6.598293999999999,
      6.115492,
      26.232242,
      23.174496,
      34.60081,
      4.667085999999999,
      14.805927999999998,
      21.565156,
      8.368568,
      11.909116000000001,
      21.404222,
      6.759228,
      11.426314,
      12.391918,
      13.840323999999999,
      10.782578,
      7.402963999999999,
      11.426314,
      15.127796,
      7.0810960000000005,
      29.933724,
      5.149888000000001,
      12.87472
    ],
    [
      4.9889540000000006,
      0.0,
      13.67939,
      1.2874720000000002,
      3.379614,
      6.115492,
      6.276426,
      6.276426,
      1.2874720000000002,
      18.829278,
      5.63269,
      1.1265379999999998,
      4.506151999999999,
      3.379614,
      2.5749440000000003,
      6.276426,
      0.6437360000000001,
      4.82802,
      14.644993999999999,
      6.276426,
      15.610598,
      1.448406,
      16.576202000000002,
      28.646252,
      23.496364,
      5.149888000000001,
      5.149888000000001,
      27.680647999999998,
      13.035654,
      3.21868,
      0.6437360000000001,
      9.334171999999999,
      5.63269,
      2.2530759999999996,
      3.057746,
      19.473014,
      19.151146,
      26.875978,
      9.495106,
      10.782578,
      17.380872,
      4.9889540000000006,
      8.0467,
      17.380872,
      2.41401,
      7.402963999999999,
      21.243288,
      9.816974,
      6.759228,
      3.057746,
      15.28873,
      11.587248,
      6.9201619999999995,
      33.957074,
      4.667085999999999,
      8.85137
    ],
    [
      8.85137,
      13.67939,
      0.0,
      14.001257999999998,
      12.07005,
      15.28873,
      8.368568,
      7.402963999999999,
      13.840323999999999,
      26.071308,
      8.368568,
      13.035654,
      9.334171999999999,
      12.07005,
      13.67939,
      9.012303999999999,
      13.035654,
      9.012303999999999,
      3.5405480000000003,
      17.863674,
      28.16345,
      12.391918,
      25.427572,
      37.497622,
      20.92142,
      16.576202000000002,
      17.219938,
      35.727348,
      0.80467,
      11.748182,
      12.713786,
      17.380872,
      8.368568,
      14.644993999999999,
      11.748182,
      31.060262,
      22.369826,
      39.42883,
      4.667085999999999,
      19.633948,
      24.461968,
      16.0934,
      20.277684,
      20.599552000000003,
      14.001257999999998,
      16.254334,
      7.0810960000000005,
      18.668343999999998,
      19.151146,
      14.644993999999999,
      11.748182,
      19.955816000000002,
      20.599552000000003,
      25.910374,
      20.438617999999998,
      17.70274
    ],
    [
      6.115492,
      1.2874720000000002,
      14.001257999999998,
      0.0,
      3.7014819999999995,
      4.345218,
      7.724831999999999,
      7.402963999999999,
      0.082,
      18.668343999999998,
      6.759228,
      1.448406,
      5.63269,
      3.7014819999999995,
      3.21868,
      7.724831999999999,
      1.7702740000000001,
      5.9545580000000005,
      17.219938,
      6.115492,
      15.28873,
      1.60934,
      16.254334,
      28.324384000000002,
      23.174496,
      4.82802,
      4.9889540000000006,
      27.519714,
      15.610598,
      3.8624159999999996,
      2.092142,
      9.173238,
      6.759228,
      2.092142,
      3.379614,
      19.31208,
      18.990212,
      26.715044000000002,
      12.07005,
      10.621644,
      17.219938,
      4.667085999999999,
      7.885766,
      17.219938,
      3.057746,
      7.24203,
      20.92142,
      9.65604,
      6.598293999999999,
      2.735878,
      15.127796,
      10.782578,
      6.759228,
      33.79614,
      4.345218,
      8.690436
    ],
    [
      7.24203,
      3.379614,
      12.07005,
      3.7014819999999995,
      0.0,
      3.5405480000000003,
      9.495106,
      8.85137,
      3.5405480000000003,
      16.415267999999998,
      7.563898,
      2.5749440000000003,
      7.24203,
      0.023,
      2.41401,
      9.495106,
      3.8624159999999996,
      7.885766,
      13.196587999999998,
      6.43736,
      16.737136,
      2.896812,
      14.001257999999998,
      26.071308,
      19.473014,
      5.310822,
      5.793624,
      25.266638,
      11.426314,
      8.368568,
      3.8624159999999996,
      4.667085999999999,
      7.563898,
      2.5749440000000003,
      0.48280199999999995,
      19.633948,
      14.323126,
      28.002515999999996,
      7.885766,
      8.207633999999999,
      14.966862,
      5.63269,
      9.977908000000001,
      12.552852,
      2.5749440000000003,
      4.82802,
      17.219938,
      7.24203,
      8.690436,
      4.345218,
      11.426314,
      8.529501999999999,
      10.138842,
      33.152404000000004,
      10.138842,
      5.149888000000001
    ],
    [
      10.46071,
      6.115492,
      15.28873,
      4.345218,
      3.5405480000000003,
      0.0,
      10.621644,
      11.587248,
      4.9889540000000006,
      14.48406,
      10.299776000000001,
      3.057746,
      8.85137,
      3.8624159999999996,
      1.2874720000000002,
      10.621644,
      5.471756,
      9.173238,
      15.932466,
      3.5405480000000003,
      12.713786,
      3.7014819999999995,
      12.07005,
      24.1401,
      21.72609,
      2.2530759999999996,
      2.735878,
      23.33543,
      14.162192000000001,
      6.759228,
      5.310822,
      4.82802,
      10.299776000000001,
      2.5749440000000003,
      4.184284,
      16.0934,
      18.668343999999998,
      24.1401,
      10.782578,
      6.43736,
      13.035654,
      3.379614,
      5.793624,
      15.610598,
      1.60934,
      1.60934,
      19.473014,
      4.82802,
      4.506151999999999,
      1.60934,
      13.518456,
      5.310822,
      8.690436,
      35.727348,
      8.529501999999999,
      6.598293999999999
    ],
    [
      2.735878,
      6.276426,
      8.368568,
      7.724831999999999,
      9.495106,
      10.621644,
      0.0,
      1.60934,
      7.563898,
      25.588506,
      2.41401,
      6.276426,
      2.41401,
      9.816974,
      8.85137,
      0.48280199999999995,
      6.43736,
      1.9312079999999998,
      9.012303999999999,
      12.230984,
      21.404222,
      6.9201619999999995,
      23.174496,
      35.244546,
      22.691694,
      10.943512,
      10.138842,
      34.439876,
      7.402963999999999,
      4.667085999999999,
      5.9545580000000005,
      14.966862,
      2.41401,
      8.207633999999999,
      9.495106,
      25.427572,
      24.1401,
      32.830535999999995,
      6.115492,
      17.380872,
      24.1401,
      9.65604,
      13.196587999999998,
      22.369826,
      8.85137,
      14.001257999999998,
      13.357522000000001,
      16.415267999999998,
      11.909116000000001,
      8.529501999999999,
      13.035654,
      16.0934,
      7.563898,
      20.599552000000003,
      5.63269,
      15.449663999999999
    ],
    [
      1.9312079999999998,
      6.276426,
      7.402963999999999,
      7.402963999999999,
      8.85137,
      11.587248,
      1.60934,
      0.0,
      7.0810960000000005,
      24.783836,
      1.9312079999999998,
      5.9545580000000005,
      1.9312079999999998,
      9.012303999999999,
      10.621644,
      1.60934,
      5.9545580000000005,
      1.60934,
      8.207633999999999,
      14.805927999999998,
      25.105704,
      6.43736,
      22.369826,
      34.439876,
      22.852628,
      13.67939,
      14.162192000000001,
      33.635206,
      6.43736,
      4.506151999999999,
      5.471756,
      14.323126,
      1.60934,
      7.724831999999999,
      8.690436,
      28.002515999999996,
      23.33543,
      36.532018,
      5.310822,
      16.576202000000002,
      23.33543,
      13.035654,
      17.380872,
      21.565156,
      7.885766,
      13.357522000000001,
      12.552852,
      15.610598,
      16.0934,
      11.748182,
      12.230984,
      16.89807,
      9.334171999999999,
      22.369826,
      7.563898,
      14.805927999999998
    ],
    [
      5.9545580000000005,
      1.2874720000000002,
      13.840323999999999,
      0.082,
      3.5405480000000003,
      4.9889540000000006,
      7.563898,
      7.0810960000000005,
      0.0,
      18.50741,
      6.598293999999999,
      1.448406,
      5.471756,
      3.5405480000000003,
      2.896812,
      7.402963999999999,
      1.60934,
      5.63269,
      17.059003999999998,
      5.9545580000000005,
      15.127796,
      1.60934,
      16.0934,
      28.16345,
      23.013562,
      4.667085999999999,
      4.667085999999999,
      27.35878,
      15.449663999999999,
      3.5405480000000003,
      1.7702740000000001,
      9.012303999999999,
      6.598293999999999,
      1.9312079999999998,
      3.21868,
      19.151146,
      18.829278,
      26.55411,
      11.909116000000001,
      10.299776000000001,
      17.059003999999998,
      4.345218,
      7.563898,
      17.059003999999998,
      2.896812,
      7.0810960000000005,
      20.760486,
      9.334171999999999,
      6.43736,
      2.5749440000000003,
      14.805927999999998,
      10.621644,
      6.598293999999999,
      33.474272,
      4.184284,
      8.529501999999999
    ],
    [
      23.013562,
      18.829278,
      26.071308,
      18.668343999999998,
      16.415267999999998,
      14.48406,
      25.588506,
      24.783836,
      18.50741,
      0.0,
      28.16345,
      22.53076,
      27.841582000000002,
      22.369826,
      20.438617999999998,
      30.094658,
      24.301033999999998,
      28.485318,
      25.910374,
      23.013562,
      17.70274,
      22.691694,
      5.310822,
      12.713786,
      19.633948,
      21.72609,
      22.208892000000002,
      11.748182,
      26.232242,
      25.74944,
      24.1401,
      14.966862,
      28.16345,
      21.72609,
      22.047957999999998,
      25.266638,
      17.380872,
      25.105704,
      22.53076,
      10.46071,
      2.092142,
      23.013562,
      27.35878,
      16.737136,
      20.760486,
      18.024607999999997,
      23.496364,
      10.46071,
      26.071308,
      21.72609,
      18.346476,
      11.587248,
      27.519714,
      45.383388,
      27.519714,
      15.127796
    ],
    [
      0.80467,
      5.63269,
      8.368568,
      6.759228,
      7.563898,
      10.299776000000001,
      2.41401,
      1.9312079999999998,
      6.598293999999999,
      28.16345,
      0.0,
      5.471756,
      1.448406,
      7.724831999999999,
      6.9201619999999995,
      2.41401,
      5.310822,
      1.1265379999999998,
      9.173238,
      13.518456,
      23.818232000000002,
      5.149888000000001,
      21.082354,
      33.152404000000004,
      21.565156,
      12.230984,
      12.87472,
      32.347734,
      7.24203,
      4.345218,
      4.9889540000000006,
      13.035654,
      0.32186800000000004,
      7.24203,
      7.402963999999999,
      26.715044000000002,
      22.208892000000002,
      35.083612,
      4.184284,
      15.28873,
      21.887024,
      11.748182,
      15.932466,
      20.599552000000003,
      7.24203,
      11.909116000000001,
      11.587248,
      14.323126,
      14.805927999999998,
      10.299776000000001,
      10.943512,
      15.610598,
      7.724831999999999,
      29.129054000000004,
      6.276426,
      13.357522000000001
    ],
    [
      4.82802,
      1.1265379999999998,
      13.035654,
      1.448406,
      2.5749440000000003,
      3.057746,
      6.276426,
      5.9545580000000005,
      1.448406,
      22.53076,
      5.471756,
      0.0,
      4.345218,
      2.5749440000000003,
      1.7702740000000001,
      6.115492,
      0.9656039999999999,
      4.506151999999999,
      14.001257999999998,
      5.9545580000000005,
      18.185542,
      0.32186800000000004,
      15.449663999999999,
      27.519714,
      21.887024,
      4.82802,
      4.82802,
      26.715044000000002,
      12.230984,
      3.5405480000000003,
      1.1265379999999998,
      7.885766,
      5.471756,
      2.41401,
      2.2530759999999996,
      19.151146,
      17.541806,
      29.450922000000002,
      8.690436,
      9.65604,
      16.254334,
      6.115492,
      7.724831999999999,
      15.932466,
      2.092142,
      6.276426,
      19.633948,
      8.690436,
      6.43736,
      2.735878,
      13.67939,
      8.529501999999999,
      7.0810960000000005,
      33.957074,
      4.667085999999999,
      7.724831999999999
    ],
    [
      0.48280199999999995,
      4.506151999999999,
      9.334171999999999,
      5.63269,
      7.24203,
      8.85137,
      2.41401,
      1.9312079999999998,
      5.471756,
      27.841582000000002,
      1.448406,
      4.345218,
      0.0,
      7.402963999999999,
      6.115492,
      2.092142,
      4.345218,
      0.6437360000000001,
      10.299776000000001,
      10.46071,
      23.496364,
      4.506151999999999,
      20.760486,
      32.830535999999995,
      22.208892000000002,
      9.334171999999999,
      8.529501999999999,
      32.025866,
      8.368568,
      2.896812,
      3.8624159999999996,
      13.196587999999998,
      1.2874720000000002,
      6.115492,
      7.0810960000000005,
      23.657297999999997,
      23.33543,
      34.761744,
      4.82802,
      14.966862,
      21.565156,
      7.885766,
      11.426314,
      21.565156,
      6.115492,
      11.587248,
      12.713786,
      14.001257999999998,
      10.138842,
      6.759228,
      11.587248,
      14.323126,
      6.598293999999999,
      30.255592,
      4.82802,
      13.035654
    ],
    [
      6.598293999999999,
      3.379614,
      12.07005,
      3.7014819999999995,
      0.023,
      3.8624159999999996,
      9.816974,
      9.012303999999999,
      3.5405480000000003,
      22.369826,
      7.724831999999999,
      2.5749440000000003,
      7.402963999999999,
      0.0,
      2.41401,
      9.816974,
      3.8624159999999996,
      7.885766,
      13.196587999999998,
      6.43736,
      16.737136,
      2.896812,
      14.001257999999998,
      26.071308,
      19.473014,
      5.310822,
      5.793624,
      25.266638,
      11.426314,
      8.368568,
      3.8624159999999996,
      4.667085999999999,
      7.563898,
      2.5749440000000003,
      0.48280199999999995,
      19.633948,
      14.323126,
      28.002515999999996,
      7.885766,
      8.207633999999999,
      14.966862,
      5.63269,
      9.977908000000001,
      12.552852,
      2.5749440000000003,
      4.82802,
      17.219938,
      7.24203,
      8.690436,
      4.345218,
      11.426314,
      8.529501999999999,
      10.138842,
      33.152404000000004,
      10.138842,
      5.149888000000001
    ],
    [
      6.43736,
      2.5749440000000003,
      13.67939,
      3.21868,
      2.41401,
      1.2874720000000002,
      8.85137,
      10.621644,
      2.896812,
      20.438617999999998,
      6.9201619999999995,
      1.7702740000000001,
      6.115492,
      2.41401,
      0.0,
      9.173238,
      4.02335,
      9.495106,
      14.644993999999999,
      4.667085999999999,
      16.415267999999998,
      2.2530759999999996,
      13.67939,
      25.74944,
      20.599552000000003,
      3.379614,
      4.02335,
      24.94477,
      13.035654,
      5.310822,
      3.8624159999999996,
      6.598293999999999,
      9.173238,
      0.9656039999999999,
      2.735878,
      17.863674,
      16.415267999999998,
      27.841582000000002,
      9.495106,
      8.0467,
      14.644993999999999,
      3.057746,
      6.276426,
      14.644993999999999,
      0.32186800000000004,
      2.896812,
      18.346476,
      7.0810960000000005,
      5.149888000000001,
      0.9656039999999999,
      12.552852,
      6.598293999999999,
      7.24203,
      34.278942,
      7.0810960000000005,
      6.115492
    ],
    [
      2.735878,
      6.276426,
      9.012303999999999,
      7.724831999999999,
      9.495106,
      10.621644,
      0.48280199999999995,
      1.60934,
      7.402963999999999,
      30.094658,
      2.41401,
      6.115492,
      2.092142,
      9.816974,
      9.173238,
      0.0,
      6.43736,
      2.092142,
      9.495106,
      12.391918,
      21.565156,
      7.0810960000000005,
      23.33543,
      35.40548,
      23.818232000000002,
      11.104446000000001,
      10.299776000000001,
      34.60081,
      7.885766,
      4.82802,
      6.115492,
      15.127796,
      2.5749440000000003,
      8.368568,
      9.65604,
      25.588506,
      24.301033999999998,
      32.99147,
      6.276426,
      17.541806,
      24.1401,
      9.65604,
      13.357522000000001,
      22.53076,
      9.012303999999999,
      14.162192000000001,
      13.518456,
      16.576202000000002,
      12.07005,
      8.690436,
      13.196587999999998,
      16.254334,
      7.724831999999999,
      21.082354,
      5.793624,
      14.644993999999999
    ],
    [
      4.82802,
      0.6437360000000001,
      13.035654,
      1.7702740000000001,
      3.8624159999999996,
      5.471756,
      6.43736,
      5.9545580000000005,
      1.60934,
      24.301033999999998,
      5.310822,
      0.9656039999999999,
      4.345218,
      3.8624159999999996,
      4.02335,
      6.43736,
      0.0,
      4.184284,
      13.518456,
      7.402963999999999,
      16.576202000000002,
      1.2874720000000002,
      16.415267999999998,
      28.002515999999996,
      22.852628,
      6.115492,
      5.471756,
      27.197846,
      11.909116000000001,
      2.896812,
      0.32186800000000004,
      8.85137,
      5.149888000000001,
      2.896812,
      3.379614,
      20.599552000000003,
      18.50741,
      28.002515999999996,
      8.368568,
      10.138842,
      16.737136,
      4.82802,
      8.368568,
      16.737136,
      2.735878,
      6.759228,
      20.599552000000003,
      9.173238,
      7.0810960000000005,
      3.7014819999999995,
      14.644993999999999,
      11.26538,
      6.43736,
      34.278942,
      4.9889540000000006,
      8.207633999999999
    ],
    [
      0.80467,
      4.82802,
      9.012303999999999,
      5.9545580000000005,
      7.885766,
      9.173238,
      1.9312079999999998,
      1.60934,
      5.63269,
      28.485318,
      1.1265379999999998,
      4.506151999999999,
      0.6437360000000001,
      7.885766,
      9.495106,
      2.092142,
      4.184284,
      0.0,
      10.138842,
      10.46071,
      19.633948,
      5.310822,
      20.438617999999998,
      32.508668,
      27.197846,
      9.334171999999999,
      8.529501999999999,
      31.543064,
      8.207633999999999,
      2.896812,
      3.8624159999999996,
      13.196587999999998,
      1.448406,
      6.115492,
      7.885766,
      23.657297999999997,
      23.174496,
      31.060262,
      5.310822,
      14.644993999999999,
      21.243288,
      7.885766,
      11.426314,
      21.404222,
      7.0810960000000005,
      11.26538,
      12.552852,
      13.67939,
      10.138842,
      6.9201619999999995,
      12.07005,
      14.323126,
      6.598293999999999,
      21.72609,
      4.667085999999999,
      12.713786
    ],
    [
      9.977908000000001,
      14.644993999999999,
      3.5405480000000003,
      17.219938,
      13.196587999999998,
      15.932466,
      9.012303999999999,
      8.207633999999999,
      17.059003999999998,
      25.910374,
      9.173238,
      14.001257999999998,
      10.299776000000001,
      13.196587999999998,
      14.644993999999999,
      9.495106,
      13.518456,
      10.138842,
      0.0,
      18.829278,
      28.96812,
      13.196587999999998,
      26.393175999999997,
      36.371084,
      20.599552000000003,
      17.541806,
      18.024607999999997,
      35.40548,
      2.5749440000000003,
      12.552852,
      13.518456,
      18.185542,
      9.173238,
      15.610598,
      12.552852,
      31.864932,
      22.047957999999998,
      40.394434000000004,
      5.471756,
      20.599552000000003,
      24.1401,
      16.89807,
      21.243288,
      20.277684,
      14.805927999999998,
      17.219938,
      4.82802,
      19.633948,
      19.955816000000002,
      15.610598,
      11.426314,
      20.760486,
      21.404222,
      23.174496,
      21.404222,
      18.668343999999998
    ],
    [
      13.035654,
      6.276426,
      17.863674,
      6.115492,
      6.43736,
      3.5405480000000003,
      12.230984,
      14.805927999999998,
      5.9545580000000005,
      23.013562,
      13.518456,
      5.9545580000000005,
      10.46071,
      6.43736,
      4.667085999999999,
      12.391918,
      7.402963999999999,
      10.46071,
      18.829278,
      0.0,
      10.943512,
      7.724831999999999,
      13.196587999999998,
      27.197846,
      24.622902,
      1.7702740000000001,
      4.345218,
      27.519714,
      17.059003999999998,
      8.368568,
      6.759228,
      7.724831999999999,
      13.196587999999998,
      4.184284,
      7.0810960000000005,
      14.805927999999998,
      20.277684,
      22.208892000000002,
      13.518456,
      7.0810960000000005,
      16.576202000000002,
      4.9889540000000006,
      7.563898,
      18.50741,
      4.02335,
      4.9889540000000006,
      22.369826,
      5.9545580000000005,
      6.276426,
      3.21868,
      16.415267999999998,
      7.563898,
      10.138842,
      37.175754000000005,
      10.138842,
      8.368568
    ],
    [
      23.33543,
      15.610598,
      28.16345,
      15.28873,
      16.737136,
      12.713786,
      21.404222,
      25.105704,
      15.127796,
      17.70274,
      23.818232000000002,
      18.185542,
      23.496364,
      16.737136,
      16.415267999999998,
      21.565156,
      16.576202000000002,
      19.633948,
      28.96812,
      10.943512,
      0.0,
      18.185542,
      9.65604,
      23.013562,
      34.922678,
      10.943512,
      13.67939,
      19.955816000000002,
      27.519714,
      17.541806,
      16.0934,
      17.059003999999998,
      23.657297999999997,
      13.357522000000001,
      17.541806,
      9.977908000000001,
      32.830535999999995,
      13.67939,
      23.979166,
      10.621644,
      15.127796,
      14.162192000000001,
      13.357522000000001,
      32.1868,
      13.196587999999998,
      13.518456,
      32.669602,
      10.621644,
      15.449663999999999,
      12.552852,
      26.715044000000002,
      7.885766,
      19.473014,
      46.348992,
      19.31208,
      17.380872
    ],
    [
      4.506151999999999,
      1.448406,
      12.391918,
      1.60934,
      2.896812,
      3.7014819999999995,
      6.9201619999999995,
      6.43736,
      1.60934,
      22.691694,
      5.149888000000001,
      0.32186800000000004,
      4.506151999999999,
      2.896812,
      2.2530759999999996,
      7.0810960000000005,
      1.2874720000000002,
      5.310822,
      13.196587999999998,
      7.724831999999999,
      18.185542,
      0.0,
      15.610598,
      27.680647999999998,
      19.31208,
      6.9201619999999995,
      5.63269,
      26.875978,
      11.587248,
      4.02335,
      1.60934,
      8.207633999999999,
      5.310822,
      2.896812,
      2.41401,
      21.243288,
      17.380872,
      29.77279,
      8.0467,
      9.816974,
      16.576202000000002,
      6.276426,
      8.529501999999999,
      15.610598,
      2.5749440000000003,
      6.598293999999999,
      17.059003999999998,
      8.85137,
      7.24203,
      3.5405480000000003,
      11.104446000000001,
      8.690436,
      7.402963999999999,
      34.439876,
      5.149888000000001,
      8.0467
    ],
    [
      20.599552000000003,
      16.576202000000002,
      25.427572,
      16.254334,
      14.001257999999998,
      12.07005,
      23.174496,
      22.369826,
      16.0934,
      5.310822,
      21.082354,
      15.449663999999999,
      20.760486,
      14.001257999999998,
      13.67939,
      23.33543,
      16.415267999999998,
      20.438617999999998,
      26.393175999999997,
      13.196587999999998,
      9.65604,
      15.610598,
      0.0,
      13.196587999999998,
      25.427572,
      16.0934,
      16.737136,
      12.391918,
      26.393175999999997,
      20.11675,
      18.50741,
      15.932466,
      22.53076,
      16.0934,
      16.415267999999998,
      19.633948,
      23.013562,
      23.496364,
      22.852628,
      9.495106,
      6.276426,
      17.541806,
      21.72609,
      22.369826,
      15.127796,
      12.391918,
      29.129054000000004,
      9.495106,
      20.438617999999998,
      16.0934,
      23.979166,
      7.885766,
      22.047957999999998,
      48.923936,
      21.887024,
      16.254334
    ],
    [
      32.669602,
      28.646252,
      37.497622,
      28.324384000000002,
      26.071308,
      24.1401,
      35.244546,
      34.439876,
      28.16345,
      12.713786,
      33.152404000000004,
      27.519714,
      32.830535999999995,
      26.071308,
      25.74944,
      35.40548,
      28.002515999999996,
      32.508668,
      36.371084,
      27.197846,
      23.013562,
      27.680647999999998,
      13.196587999999998,
      0.0,
      23.174496,
      26.715044000000002,
      27.197846,
      8.0467,
      36.853885999999996,
      30.57746,
      29.129054000000004,
      26.55411,
      33.152404000000004,
      26.715044000000002,
      26.875978,
      30.094658,
      17.70274,
      23.657297999999997,
      33.152404000000004,
      20.11675,
      18.50741,
      28.002515999999996,
      32.1868,
      20.599552000000003,
      25.588506,
      23.013562,
      34.118007999999996,
      20.11675,
      31.060262,
      26.55411,
      28.96812,
      20.11675,
      32.508668,
      56.00503199999999,
      32.347734,
      26.875978
    ],
    [
      22.047957999999998,
      23.496364,
      20.92142,
      23.174496,
      19.473014,
      21.72609,
      22.691694,
      22.852628,
      23.013562,
      19.633948,
      21.565156,
      21.887024,
      22.208892000000002,
      19.473014,
      20.599552000000003,
      23.818232000000002,
      22.852628,
      27.197846,
      20.599552000000003,
      24.622902,
      34.922678,
      19.31208,
      25.427572,
      23.174496,
      0.0,
      23.33543,
      23.818232000000002,
      28.96812,
      21.565156,
      25.427572,
      23.979166,
      20.599552000000003,
      21.565156,
      21.565156,
      13.518456,
      37.658556,
      4.02335,
      42.325642,
      17.863674,
      22.852628,
      17.863674,
      22.852628,
      27.036912,
      3.057746,
      20.599552000000003,
      23.013562,
      18.829278,
      25.427572,
      25.910374,
      21.404222,
      11.104446000000001,
      26.55411,
      27.35878,
      40.716302,
      27.197846,
      16.0934
    ],
    [
      11.909116000000001,
      5.149888000000001,
      16.576202000000002,
      4.82802,
      5.310822,
      2.2530759999999996,
      10.943512,
      13.67939,
      4.667085999999999,
      21.72609,
      12.230984,
      4.82802,
      9.334171999999999,
      5.310822,
      3.379614,
      11.104446000000001,
      6.115492,
      9.334171999999999,
      17.541806,
      1.7702740000000001,
      10.943512,
      6.9201619999999995,
      16.0934,
      26.715044000000002,
      23.33543,
      0.0,
      3.21868,
      27.680647999999998,
      15.932466,
      7.0810960000000005,
      5.63269,
      6.598293999999999,
      12.07005,
      2.896812,
      5.9545580000000005,
      14.966862,
      19.151146,
      22.369826,
      12.391918,
      8.690436,
      15.449663999999999,
      3.7014819999999995,
      6.276426,
      17.380872,
      2.735878,
      3.8624159999999996,
      21.082354,
      4.667085999999999,
      4.9889540000000006,
      2.092142,
      15.28873,
      7.724831999999999,
      9.012303999999999,
      35.888282000000004,
      8.85137,
      7.0810960000000005
    ],
    [
      9.173238,
      5.149888000000001,
      17.219938,
      4.9889540000000006,
      5.793624,
      2.735878,
      10.138842,
      14.162192000000001,
      4.667085999999999,
      22.208892000000002,
      12.87472,
      4.82802,
      8.529501999999999,
      5.793624,
      4.02335,
      10.299776000000001,
      5.471756,
      8.529501999999999,
      18.024607999999997,
      4.345218,
      13.67939,
      5.63269,
      16.737136,
      27.197846,
      23.818232000000002,
      3.21868,
      0.0,
      26.232242,
      16.254334,
      6.9201619999999995,
      5.471756,
      6.9201619999999995,
      12.391918,
      3.379614,
      5.9545580000000005,
      17.70274,
      19.633948,
      25.105704,
      12.713786,
      9.173238,
      15.771532,
      1.7702740000000001,
      3.379614,
      17.863674,
      3.379614,
      4.184284,
      21.565156,
      8.207633999999999,
      2.092142,
      2.735878,
      15.771532,
      8.368568,
      8.85137,
      35.888282000000004,
      8.690436,
      7.563898
    ],
    [
      31.864932,
      27.680647999999998,
      35.727348,
      27.519714,
      25.266638,
      23.33543,
      34.439876,
      33.635206,
      27.35878,
      11.748182,
      32.347734,
      26.715044000000002,
      32.025866,
      25.266638,
      24.94477,
      34.60081,
      27.197846,
      31.543064,
      35.40548,
      27.519714,
      19.955816000000002,
      26.875978,
      12.391918,
      8.0467,
      28.96812,
      27.680647999999998,
      26.232242,
      0.0,
      36.692952,
      30.416525999999998,
      28.807185999999998,
      26.232242,
      32.830535999999995,
      26.393175999999997,
      26.715044000000002,
      26.715044000000002,
      27.841582000000002,
      19.473014,
      32.99147,
      19.794882,
      14.001257999999998,
      27.841582000000002,
      32.025866,
      27.197846,
      25.427572,
      22.691694,
      33.957074,
      19.794882,
      30.738394000000003,
      26.393175999999997,
      28.807185999999998,
      19.955816000000002,
      32.347734,
      55.844098,
      32.1868,
      25.588506
    ],
    [
      8.0467,
      13.035654,
      0.80467,
      15.610598,
      11.426314,
      14.162192000000001,
      7.402963999999999,
      6.43736,
      15.449663999999999,
      26.232242,
      7.24203,
      12.230984,
      8.368568,
      11.426314,
      13.035654,
      7.885766,
      11.909116000000001,
      8.207633999999999,
      2.5749440000000003,
      17.059003999999998,
      27.519714,
      11.587248,
      26.393175999999997,
      36.853885999999996,
      21.565156,
      15.932466,
      16.254334,
      36.692952,
      0.0,
      10.943512,
      11.909116000000001,
      16.576202000000002,
      7.402963999999999,
      14.001257999999998,
      10.943512,
      30.255592,
      22.208892000000002,
      38.62416,
      3.8624159999999996,
      18.829278,
      24.461968,
      15.28873,
      19.473014,
      20.438617999999998,
      13.196587999999998,
      15.449663999999999,
      7.0810960000000005,
      17.863674,
      18.346476,
      14.001257999999998,
      11.748182,
      19.151146,
      19.794882,
      24.94477,
      19.633948,
      16.89807
    ],
    [
      3.21868,
      3.21868,
      11.748182,
      3.8624159999999996,
      8.368568,
      6.759228,
      4.667085999999999,
      4.506151999999999,
      3.5405480000000003,
      25.74944,
      4.345218,
      3.5405480000000003,
      2.896812,
      8.368568,
      5.310822,
      4.82802,
      2.896812,
      2.896812,
      12.552852,
      8.368568,
      17.541806,
      4.02335,
      20.11675,
      30.57746,
      25.427572,
      7.0810960000000005,
      6.9201619999999995,
      30.416525999999998,
      10.943512,
      0.0,
      2.41401,
      11.26538,
      4.345218,
      4.506151999999999,
      7.402963999999999,
      21.72609,
      21.082354,
      29.129054000000004,
      7.402963999999999,
      12.552852,
      19.31208,
      5.9545580000000005,
      9.495106,
      19.31208,
      5.149888000000001,
      9.334171999999999,
      23.013562,
      11.587248,
      8.207633999999999,
      4.82802,
      17.219938,
      12.391918,
      5.793624,
      32.1868,
      2.896812,
      10.782578
    ],
    [
      4.345218,
      0.6437360000000001,
      12.713786,
      2.092142,
      3.8624159999999996,
      5.310822,
      5.9545580000000005,
      5.471756,
      1.7702740000000001,
      24.1401,
      4.9889540000000006,
      1.1265379999999998,
      3.8624159999999996,
      3.8624159999999996,
      3.8624159999999996,
      6.115492,
      0.32186800000000004,
      3.8624159999999996,
      13.518456,
      6.759228,
      16.0934,
      1.60934,
      18.50741,
      29.129054000000004,
      23.979166,
      5.63269,
      5.471756,
      28.807185999999998,
      11.909116000000001,
      2.41401,
      0.0,
      9.495106,
      5.149888000000001,
      2.2530759999999996,
      5.471756,
      19.794882,
      19.151146,
      27.197846,
      12.230984,
      10.782578,
      17.380872,
      4.02335,
      7.563898,
      17.380872,
      3.21868,
      7.402963999999999,
      21.243288,
      9.816974,
      6.276426,
      3.057746,
      15.28873,
      10.46071,
      5.793624,
      33.635206,
      4.184284,
      8.85137
    ],
    [
      12.552852,
      9.334171999999999,
      17.380872,
      9.173238,
      4.667085999999999,
      4.82802,
      14.966862,
      14.323126,
      9.012303999999999,
      14.966862,
      13.035654,
      7.885766,
      13.196587999999998,
      4.667085999999999,
      6.598293999999999,
      15.127796,
      8.85137,
      13.196587999999998,
      18.185542,
      7.724831999999999,
      17.059003999999998,
      8.207633999999999,
      15.932466,
      26.55411,
      20.599552000000003,
      6.598293999999999,
      6.9201619999999995,
      26.232242,
      16.576202000000002,
      11.26538,
      9.495106,
      0.0,
      13.196587999999998,
      6.9201619999999995,
      5.310822,
      21.404222,
      13.518456,
      28.485318,
      9.816974,
      8.690436,
      13.67939,
      8.207633999999999,
      12.552852,
      13.357522000000001,
      5.9545580000000005,
      5.63269,
      17.70274,
      7.724831999999999,
      11.26538,
      6.9201619999999995,
      11.748182,
      9.012303999999999,
      12.713786,
      39.750698,
      12.552852,
      3.7014819999999995
    ],
    [
      0.9656039999999999,
      5.63269,
      8.368568,
      6.759228,
      7.563898,
      10.299776000000001,
      2.41401,
      1.60934,
      6.598293999999999,
      28.16345,
      0.32186800000000004,
      5.471756,
      1.2874720000000002,
      7.563898,
      9.173238,
      2.5749440000000003,
      5.149888000000001,
      1.448406,
      9.173238,
      13.196587999999998,
      23.657297999999997,
      5.310822,
      22.53076,
      33.152404000000004,
      21.565156,
      12.07005,
      12.391918,
      32.830535999999995,
      7.402963999999999,
      4.345218,
      5.149888000000001,
      13.196587999999998,
      0.0,
      7.24203,
      7.402963999999999,
      26.715044000000002,
      22.369826,
      35.244546,
      4.184284,
      15.449663999999999,
      22.047957999999998,
      11.748182,
      16.0934,
      20.599552000000003,
      7.402963999999999,
      12.07005,
      11.748182,
      14.48406,
      14.805927999999998,
      10.46071,
      11.104446000000001,
      15.610598,
      7.885766,
      23.657297999999997,
      6.43736,
      13.518456
    ],
    [
      6.598293999999999,
      2.2530759999999996,
      14.644993999999999,
      2.092142,
      2.5749440000000003,
      2.5749440000000003,
      8.207633999999999,
      7.724831999999999,
      1.9312079999999998,
      21.72609,
      7.24203,
      2.41401,
      6.115492,
      2.5749440000000003,
      0.9656039999999999,
      8.368568,
      2.896812,
      6.115492,
      15.610598,
      4.184284,
      13.357522000000001,
      2.896812,
      16.0934,
      26.715044000000002,
      21.565156,
      2.896812,
      3.379614,
      26.393175999999997,
      14.001257999999998,
      4.506151999999999,
      2.2530759999999996,
      6.9201619999999995,
      7.24203,
      0.0,
      3.5405480000000003,
      17.541806,
      17.219938,
      24.94477,
      10.299776000000001,
      8.85137,
      15.610598,
      2.896812,
      6.115492,
      15.610598,
      0.80467,
      5.471756,
      19.31208,
      7.885766,
      4.82802,
      0.9656039999999999,
      13.357522000000001,
      9.173238,
      7.0810960000000005,
      33.957074,
      6.9201619999999995,
      6.9201619999999995
    ],
    [
      6.115492,
      3.057746,
      11.748182,
      3.379614,
      0.48280199999999995,
      4.184284,
      9.495106,
      8.690436,
      3.21868,
      22.047957999999998,
      7.402963999999999,
      2.2530759999999996,
      7.0810960000000005,
      0.48280199999999995,
      2.735878,
      9.65604,
      3.379614,
      7.885766,
      12.552852,
      7.0810960000000005,
      17.541806,
      2.41401,
      16.415267999999998,
      26.875978,
      13.518456,
      5.9545580000000005,
      5.9545580000000005,
      26.715044000000002,
      10.943512,
      7.402963999999999,
      5.471756,
      5.310822,
      7.402963999999999,
      3.5405480000000003,
      0.0,
      20.277684,
      14.805927999999998,
      28.646252,
      7.563898,
      8.85137,
      15.610598,
      5.310822,
      9.495106,
      13.035654,
      3.379614,
      5.471756,
      17.541806,
      7.885766,
      8.368568,
      3.8624159999999996,
      11.748182,
      9.173238,
      9.816974,
      36.853885999999996,
      9.65604,
      5.471756
    ],
    [
      26.232242,
      19.473014,
      31.060262,
      19.31208,
      19.633948,
      16.0934,
      25.427572,
      28.002515999999996,
      19.151146,
      25.266638,
      26.715044000000002,
      19.151146,
      23.657297999999997,
      19.633948,
      17.863674,
      25.588506,
      20.599552000000003,
      23.657297999999997,
      31.864932,
      14.805927999999998,
      9.977908000000001,
      21.243288,
      19.633948,
      30.094658,
      37.658556,
      14.966862,
      17.70274,
      26.715044000000002,
      30.255592,
      21.72609,
      19.794882,
      21.404222,
      26.715044000000002,
      17.541806,
      20.277684,
      0.0,
      33.152404000000004,
      8.85137,
      26.715044000000002,
      13.196587999999998,
      21.404222,
      18.024607999999997,
      13.67939,
      31.703998,
      17.059003999999998,
      16.415267999999998,
      35.40548,
      12.552852,
      13.357522000000001,
      16.415267999999998,
      29.450922000000002,
      11.426314,
      22.852628,
      44.095915999999995,
      23.174496,
      20.277684
    ],
    [
      23.174496,
      19.151146,
      22.369826,
      18.990212,
      14.323126,
      18.668343999999998,
      24.1401,
      23.33543,
      18.829278,
      17.380872,
      22.208892000000002,
      17.541806,
      23.33543,
      14.323126,
      16.415267999999998,
      24.301033999999998,
      18.50741,
      23.174496,
      22.047957999999998,
      20.277684,
      32.830535999999995,
