{
  "drive_dist_matrix": [
    [
      0.0,
      15.449663999999999,
      10.943512,
      14.966862,
      2.5749440000000003,
      10.621644,
      10.299776000000001,
      0.433,
      0.48280199999999995,
      0.354,
      11.748182,
      3.8624159999999996,
      0.32186800000000004,
      4.345218,
      9.012303999999999,
      5.63269,
      0.499,
      0.9656039999999999,
      19.151146,
      9.334171999999999,
      18.829278,
      21.243288,
      15.449663999999999,
      4.184284,
      3.8624159999999996,
      32.669602,
      0.9656039999999999,
      0.9656039999999999,
      7.563898,
      9.173238,
      1.1265379999999998,
      0.32186800000000004,
      1.7702740000000001,
      0.32186800000000004,
      9.173238,
      3.057746,
      24.94477,
      1.9312079999999998,
      2.2530759999999996,
      0.80467,
      0.80467,
      4.506151999999999,
      6.759228,
      31.38213,
      6.759228,
      5.9545580000000005,
      1.2874720000000002,
      18.990212,
      22.852628,
      2.092142,
      12.07005,
      8.368568,
      25.266638
    ],
    [
      15.449663999999999,
      0.0,
      8.85137,
      1.9312079999999998,
      8.529501999999999,
      9.173238,
      6.276426,
      9.495106,
      14.966862,
      9.65604,
      18.990212,
      10.782578,
      9.173238,
      5.471756,
      7.0810960000000005,
      7.402963999999999,
      9.334171999999999,
      8.529501999999999,
      5.149888000000001,
      5.471756,
      12.07005,
      19.151146,
      0.6437360000000001,
      10.621644,
      10.621644,
      28.96812,
      14.48406,
      9.173238,
      18.346476,
      8.529501999999999,
      12.552852,
      9.495106,
      12.391918,
      9.816974,
      8.529501999999999,
      13.840323999999999,
      20.92142,
      8.529501999999999,
      8.207633999999999,
      8.85137,
      14.644993999999999,
      16.415267999999998,
      8.529501999999999,
      27.841582000000002,
      5.310822,
      6.759228,
      9.334171999999999,
      12.230984,
      16.0934,
      8.85137,
      0.48280199999999995,
      6.598293999999999,
      32.1868
    ],
    [
      10.943512,
      8.85137,
      0.0,
      8.207633999999999,
      10.138842,
      0.32186800000000004,
      3.5405480000000003,
      7.563898,
      11.26538,
      7.402963999999999,
      18.990212,
      3.7014819999999995,
      7.24203,
      8.690436,
      2.41401,
      10.299776000000001,
      7.563898,
      6.759228,
      11.426314,
      8.690436,
      5.310822,
      13.196587999999998,
      8.85137,
      3.5405480000000003,
      3.5405480000000003,
      34.60081,
      10.943512,
      7.724831999999999,
      14.805927999999998,
      11.748182,
      6.598293999999999,
      7.24203,
      6.43736,
      7.724831999999999,
      11.748182,
      10.299776000000001,
      26.55411,
      7.0810960000000005,
      9.816974,
      6.9201619999999995,
      11.104446000000001,
      12.87472,
      14.001257999999998,
      33.313338,
      5.793624,
      4.506151999999999,
      11.426314,
      5.310822,
      9.173238,
      6.115492,
      8.85137,
      9.816974,
      21.72609
    ],
    [
      14.966862,
      1.9312079999999998,
      8.207633999999999,
      0.0,
      12.87472,
      8.368568,
      5.471756,
      14.48406,
      14.162192000000001,
      14.805927999999998,
      18.990212,
      9.977908000000001,
      14.323126,
      6.9201619999999995,
      8.368568,
      8.85137,
      14.48406,
      11.909116000000001,
      5.793624,
      6.9201619999999995,
      11.26538,
      18.346476,
      1.9312079999999998,
      9.816974,
      9.816974,
      28.96812,
      13.67939,
      12.07005,
      17.541806,
      9.977908000000001,
      11.748182,
      12.713786,
      11.587248,
      14.966862,
      9.977908000000001,
      13.035654,
      20.92142,
      11.909116000000001,
      12.552852,
      14.001257999999998,
      13.840323999999999,
      15.610598,
      16.737136,
      27.841582000000002,
      6.115492,
      9.334171999999999,
      14.162192000000001,
      11.426314,
      15.28873,
      11.426314,
      2.092142,
      8.0467,
      31.38213
    ],
    [
      2.5749440000000003,
      8.529501999999999,
      10.138842,
      12.87472,
      0.0,
      9.012303999999999,
      8.529501999999999,
      2.092142,
      1.7702740000000001,
      2.2530759999999996,
      9.012303999999999,
      4.9889540000000006,
      1.7702740000000001,
      3.21868,
      5.63269,
      1.2874720000000002,
      1.9312079999999998,
      1.7702740000000001,
      9.495106,
      7.0810960000000005,
      17.219938,
      24.1401,
      8.0467,
      4.667085999999999,
      4.82802,
      30.738394000000003,
      3.7014819999999995,
      2.41401,
      4.82802,
      7.0810960000000005,
      2.41401,
      2.41401,
      2.2530759999999996,
      2.41401,
      7.0810960000000005,
      1.60934,
      23.33543,
      1.1265379999999998,
      0.32186800000000004,
      1.448406,
      1.448406,
      4.345218,
      1.7702740000000001,
      29.611855999999996,
      3.5405480000000003,
      4.184284,
      1.7702740000000001,
      17.219938,
      21.082354,
      3.057746,
      8.0467,
      5.9545580000000005,
      37.01482
    ],
    [
      10.621644,
      9.173238,
      0.32186800000000004,
      8.368568,
      9.012303999999999,
      0.0,
      3.21868,
      7.24203,
      11.104446000000001,
      6.9201619999999995,
      18.829278,
      4.184284,
      7.0810960000000005,
      8.529501999999999,
      2.092142,
      9.977908000000001,
      7.24203,
      6.43736,
      11.748182,
      8.368568,
      5.793624,
      12.87472,
      6.759228,
      3.7014819999999995,
      3.379614,
      34.922678,
      10.621644,
      7.0810960000000005,
      14.48406,
      11.426314,
      6.43736,
      6.759228,
      6.276426,
      7.0810960000000005,
      11.426314,
      9.977908000000001,
      26.875978,
      6.9201619999999995,
      9.495106,
      6.598293999999999,
      10.782578,
      12.552852,
      13.67939,
      33.79614,
      5.471756,
      4.345218,
      7.24203,
      5.9545580000000005,
      9.816974,
      5.9545580000000005,
      8.368568,
      9.65604,
      19.31208
    ],
    [
      10.299776000000001,
      6.276426,
      3.5405480000000003,
      5.471756,
      8.529501999999999,
      3.21868,
      0.0,
      11.104446000000001,
      10.782578,
      11.426314,
      18.346476,
      5.63269,
      10.943512,
      8.207633999999999,
      3.8624159999999996,
      9.65604,
      11.104446000000001,
      8.529501999999999,
      11.426314,
      8.207633999999999,
      9.65604,
      16.737136,
      6.43736,
      5.471756,
      5.63269,
      34.60081,
      10.299776000000001,
      8.690436,
      14.162192000000001,
      11.26538,
      8.368568,
      9.334171999999999,
      8.207633999999999,
      9.816974,
      11.26538,
      9.65604,
      26.55411,
      8.529501999999999,
      9.173238,
      10.46071,
      10.46071,
      12.230984,
      13.357522000000001,
      33.474272,
      6.759228,
      5.9545580000000005,
      10.782578,
      9.816974,
      13.67939,
      8.0467,
      7.402963999999999,
      9.334171999999999,
      23.174496
    ],
    [
      0.433,
      9.495106,
      7.563898,
      14.48406,
      2.092142,
      7.24203,
      11.104446000000001,
      0.0,
      0.48280199999999995,
      0.16093400000000002,
      11.909116000000001,
      3.7014819999999995,
      0.32186800000000004,
      4.184284,
      9.012303999999999,
      2.5749440000000003,
      0.22,
      0.9656039999999999,
      19.151146,
      9.495106,
      18.990212,
      21.243288,
      15.610598,
      4.02335,
      3.7014819999999995,
      32.669602,
      0.80467,
      0.9656039999999999,
      7.563898,
      9.173238,
      0.9656039999999999,
      0.32186800000000004,
      1.60934,
      0.48280199999999995,
      9.173238,
      3.21868,
      25.105704,
      1.7702740000000001,
      2.092142,
      1.448406,
      0.6437360000000001,
      4.345218,
      4.184284,
      31.543064,
      4.667085999999999,
      5.9545580000000005,
      0.6437360000000001,
      18.990212,
      15.771532,
      1.9312079999999998,
      12.230984,
      8.368568,
      25.427572
    ],
    [
      0.48280199999999995,
      14.966862,
      11.26538,
      14.162192000000001,
      1.7702740000000001,
      11.104446000000001,
      10.782578,
      0.48280199999999995,
      0.0,
      0.6437360000000001,
      10.621644,
      3.379614,
      0.16093400000000002,
      4.02335,
      4.9889540000000006,
      2.2530759999999996,
      0.32186800000000004,
      0.80467,
      18.50741,
      8.690436,
      16.89807,
      23.979166,
      8.85137,
      3.7014819999999995,
      3.379614,
      32.025866,
      0.32186800000000004,
      0.80467,
      6.9201619999999995,
      8.529501999999999,
      0.80467,
      0.6437360000000001,
      1.448406,
      0.80467,
      8.529501999999999,
      3.5405480000000003,
      24.301033999999998,
      1.1265379999999998,
      1.2874720000000002,
      0.48280199999999995,
      0.32186800000000004,
      4.184284,
      3.379614,
      30.899327999999997,
      4.506151999999999,
      3.8624159999999996,
      0.48280199999999995,
      17.059003999999998,
      20.92142,
      1.7702740000000001,
      11.587248,
      7.724831999999999,
      25.74944
    ],
    [
      0.354,
      9.65604,
      7.402963999999999,
      14.805927999999998,
      2.2530759999999996,
      6.9201619999999995,
      11.426314,
      0.16093400000000002,
      0.6437360000000001,
      0.0,
      11.748182,
      3.8624159999999996,
      0.48280199999999995,
      6.276426,
      8.85137,
      5.471756,
      0.32186800000000004,
      1.1265379999999998,
      18.990212,
      9.334171999999999,
      18.829278,
      21.082354,
      15.28873,
      6.43736,
      3.8624159999999996,
      32.508668,
      0.9656039999999999,
      1.1265379999999998,
      7.402963999999999,
      9.012303999999999,
      1.9312079999999998,
      0.16093400000000002,
      1.7702740000000001,
      0.32186800000000004,
      9.012303999999999,
      3.057746,
      24.94477,
      1.9312079999999998,
      2.092142,
      1.60934,
      0.80467,
      4.82802,
      6.598293999999999,
      31.38213,
      6.598293999999999,
      5.793624,
      1.2874720000000002,
      18.829278,
      22.691694,
      2.092142,
      12.07005,
      8.207633999999999,
      25.266638
    ],
    [
      11.748182,
      18.990212,
      18.990212,
      18.990212,
      9.012303999999999,
      18.829278,
      18.346476,
      11.909116000000001,
      10.621644,
      11.748182,
      0.0,
      13.840323999999999,
      10.943512,
      10.46071,
      16.0934,
      9.334171999999999,
      11.104446000000001,
      11.104446000000001,
      14.323126,
      11.748182,
      27.35878,
      34.439876,
      19.151146,
      13.67939,
      13.67939,
      28.002515999999996,
      10.299776000000001,
      11.748182,
      4.82802,
      8.368568,
      11.587248,
      12.07005,
      11.426314,
      11.587248,
      8.368568,
      9.495106,
      14.323126,
      9.977908000000001,
      9.334171999999999,
      10.621644,
      10.46071,
      11.909116000000001,
      7.24203,
      26.715044000000002,
      13.840323999999999,
      13.035654,
      10.782578,
      27.519714,
      31.38213,
      12.230984,
      18.024607999999997,
      10.782578,
      40.877235999999996
    ],
    [
      3.8624159999999996,
      10.782578,
      3.7014819999999995,
      9.977908000000001,
      4.9889540000000006,
      4.184284,
      5.63269,
      3.7014819999999995,
      3.379614,
      3.8624159999999996,
      13.840323999999999,
      0.0,
      4.345218,
      4.9889540000000006,
      1.60934,
      4.9889540000000006,
      4.506151999999999,
      3.5405480000000003,
      13.035654,
      7.885766,
      8.529501999999999,
      14.48406,
      6.9201619999999995,
      0.32186800000000004,
      0.325,
      36.21015,
      6.115492,
      3.8624159999999996,
      9.977908000000001,
      11.587248,
      3.5405480000000003,
      3.5405480000000003,
      2.5749440000000003,
      3.8624159999999996,
      11.587248,
      5.63269,
      27.519714,
      4.02335,
      4.345218,
      3.7014819999999995,
      6.276426,
      7.0810960000000005,
      6.43736,
      34.922678,
      3.21868,
      1.448406,
      4.506151999999999,
      8.529501999999999,
      12.552852,
      3.21868,
      10.621644,
      6.276426,
      20.92142
    ],
    [
      0.32186800000000004,
      9.173238,
      7.24203,
      14.323126,
      1.7702740000000001,
      7.0810960000000005,
      10.943512,
      0.32186800000000004,
      0.16093400000000002,
      0.48280199999999995,
      10.943512,
      4.345218,
      0.0,
      3.8624159999999996,
      4.82802,
      2.5749440000000003,
      0.32186800000000004,
      0.6437360000000001,
      19.473014,
      9.65604,
      12.07005,
      21.565156,
      8.690436,
      3.5405480000000003,
      3.21868,
      32.99147,
      0.48280199999999995,
      0.6437360000000001,
      7.885766,
      9.495106,
      0.6437360000000001,
      0.6437360000000001,
      0.9656039999999999,
      0.6437360000000001,
      9.495106,
      3.5405480000000003,
      25.427572,
      1.2874720000000002,
      1.448406,
      0.32186800000000004,
      0.48280199999999995,
      4.02335,
      3.7014819999999995,
      31.864932,
      4.345218,
      3.7014819999999995,
      0.32186800000000004,
      12.230984,
      16.0934,
      1.60934,
      8.690436,
      8.690436,
      25.588506
    ],
    [
      4.345218,
      5.471756,
      8.690436,
      6.9201619999999995,
      3.21868,
      8.529501999999999,
      8.207633999999999,
      4.184284,
      4.02335,
      6.276426,
      10.46071,
      4.9889540000000006,
      3.8624159999999996,
      0.0,
      5.793624,
      2.092142,
      4.02335,
      3.21868,
      6.598293999999999,
      3.379614,
      17.541806,
      24.622902,
      5.9545580000000005,
      4.667085999999999,
      4.82802,
      28.96812,
      5.149888000000001,
      3.8624159999999996,
      5.9545580000000005,
      5.149888000000001,
      3.7014819999999995,
      4.184284,
      3.5405480000000003,
      4.506151999999999,
      5.149888000000001,
      4.506151999999999,
      21.243288,
      3.21868,
      2.896812,
      3.379614,
      5.149888000000001,
      6.43736,
      3.21868,
      27.680647999999998,
      2.2530759999999996,
      3.5405480000000003,
      4.02335,
      17.70274,
      17.380872,
      3.21868,
      4.9889540000000006,
      1.7702740000000001,
      36.532018
    ],
    [
      9.012303999999999,
      7.0810960000000005,
      2.41401,
      8.368568,
      5.63269,
      2.092142,
      3.8624159999999996,
      9.012303999999999,
      4.9889540000000006,
      8.85137,
      16.0934,
      1.60934,
      4.82802,
      5.793624,
      0.0,
      5.793624,
      5.149888000000001,
      4.345218,
      11.587248,
      7.24203,
      6.9201619999999995,
      14.805927999999998,
      6.598293999999999,
      1.60934,
      1.7702740000000001,
      34.761744,
      7.724831999999999,
      4.506151999999999,
      11.587248,
      10.299776000000001,
      4.345218,
      5.310822,
      4.184284,
      5.63269,
      10.299776000000001,
      7.0810960000000005,
      28.16345,
      4.82802,
      5.149888000000001,
      4.506151999999999,
      7.885766,
      7.885766,
      7.24203,
      33.474272,
      3.379614,
      2.2530759999999996,
      5.149888000000001,
      6.9201619999999995,
      10.943512,
      3.8624159999999996,
      7.24203,
      7.0810960000000005,
      21.243288
    ],
    [
      5.63269,
      7.402963999999999,
      10.299776000000001,
      8.85137,
      1.2874720000000002,
      9.977908000000001,
      9.65604,
      2.5749440000000003,
      2.2530759999999996,
      5.471756,
      9.334171999999999,
      4.9889540000000006,
      2.5749440000000003,
      2.092142,
      5.793624,
      0.0,
      2.2530759999999996,
      2.092142,
      8.368568,
      5.310822,
      14.001257999999998,
      24.461968,
      7.724831999999999,
      4.9889540000000006,
      5.149888000000001,
      30.255592,
      4.02335,
      2.735878,
      5.149888000000001,
      6.43736,
      2.5749440000000003,
      2.735878,
      2.41401,
      2.735878,
      6.43736,
      3.379614,
      25.266638,
      1.448406,
      0.9656039999999999,
      1.7702740000000001,
      2.092142,
      4.9889540000000006,
      2.092142,
      28.96812,
      2.735878,
      3.7014819999999995,
      2.41401,
      14.162192000000001,
      21.404222,
      3.379614,
      6.759228,
      5.310822,
      37.175754000000005
    ],
    [
      0.499,
      9.334171999999999,
      7.563898,
      14.48406,
      1.9312079999999998,
      7.24203,
      11.104446000000001,
      0.22,
      0.32186800000000004,
      0.32186800000000004,
      11.104446000000001,
      4.506151999999999,
      0.32186800000000004,
      4.02335,
      5.149888000000001,
      2.2530759999999996,
      0.0,
      0.80467,
      19.31208,
      9.495106,
      18.990212,
      21.404222,
      15.610598,
      4.02335,
      3.7014819999999995,
      32.830535999999995,
      0.80467,
      0.80467,
      7.563898,
      9.334171999999999,
      0.9656039999999999,
      0.32186800000000004,
      1.60934,
      0.48280199999999995,
      9.334171999999999,
      3.21868,
      25.105704,
      1.7702740000000001,
      2.092142,
      0.6437360000000001,
      0.6437360000000001,
      4.82802,
      4.184284,
      31.543064,
      4.667085999999999,
      6.115492,
      0.6437360000000001,
      11.909116000000001,
      15.771532,
      1.9312079999999998,
      12.230984,
      8.529501999999999,
      25.427572
    ],
    [
      0.9656039999999999,
      8.529501999999999,
      6.759228,
      11.909116000000001,
      1.7702740000000001,
      6.43736,
      8.529501999999999,
      0.9656039999999999,
      0.80467,
      1.1265379999999998,
      11.104446000000001,
      3.5405480000000003,
      0.6437360000000001,
      3.21868,
      4.345218,
      2.092142,
      0.80467,
      0.0,
      15.28873,
      9.012303999999999,
      16.0934,
      23.174496,
      12.713786,
      3.7014819999999995,
      3.21868,
      32.347734,
      0.9656039999999999,
      0.285,
      7.0810960000000005,
      8.690436,
      0.32186800000000004,
      0.80467,
      0.32186800000000004,
      1.2874720000000002,
      8.690436,
      3.057746,
      24.622902,
      0.6437360000000001,
      1.448406,
      0.48280199999999995,
      0.80467,
      4.02335,
      3.7014819999999995,
      31.060262,
      3.7014819999999995,
      3.21868,
      0.80467,
      16.254334,
      20.11675,
      0.80467,
      8.0467,
      7.885766,
      36.049215999999994
    ],
    [
      19.151146,
      5.149888000000001,
      11.426314,
      5.793624,
      9.495106,
      11.748182,
      11.426314,
      19.151146,
      18.50741,
      18.990212,
      14.323126,
      13.035654,
      19.473014,
      6.598293999999999,
      11.587248,
      8.368568,
      19.31208,
      15.28873,
      0.0,
      5.63269,
      14.323126,
      21.404222,
      6.115492,
      12.713786,
      12.87472,
      24.622902,
      16.737136,
      15.127796,
      18.346476,
      6.9201619999999995,
      14.805927999999998,
      15.771532,
      14.644993999999999,
      18.024607999999997,
      6.9201619999999995,
      16.0934,
      16.576202000000002,
      9.495106,
      9.173238,
      16.89807,
      16.89807,
      18.668343999999998,
      11.104446000000001,
      23.496364,
      9.816974,
      12.391918,
      17.219938,
      14.48406,
      18.346476,
      14.48406,
      5.149888000000001,
      7.402963999999999,
      34.439876
    ],
    [
      9.334171999999999,
      5.471756,
      8.690436,
      6.9201619999999995,
      7.0810960000000005,
      8.368568,
      8.207633999999999,
      9.495106,
      8.690436,
      9.334171999999999,
      11.748182,
      7.885766,
      9.65604,
      3.379614,
      7.24203,
      5.310822,
      9.495106,
      9.012303999999999,
      5.63269,
      0.0,
      14.323126,
      25.588506,
      6.115492,
      8.207633999999999,
      8.368568,
      29.933724,
      9.495106,
      10.782578,
      7.563898,
      3.8624159999999996,
      9.012303999999999,
      10.782578,
      9.012303999999999,
      10.782578,
      3.8624159999999996,
      8.529501999999999,
      22.208892000000002,
      8.529501999999999,
      8.207633999999999,
      9.816974,
      9.65604,
      11.104446000000001,
      6.9201619999999995,
      28.807185999999998,
      6.115492,
      7.0810960000000005,
      9.977908000000001,
      14.48406,
      18.346476,
      8.368568,
      5.9545580000000005,
      4.345218,
      32.025866
    ],
    [
      18.829278,
      12.07005,
      5.310822,
      11.26538,
      17.219938,
      5.793624,
      9.65604,
      18.990212,
      16.89807,
      18.829278,
      27.35878,
      8.529501999999999,
      12.07005,
      17.541806,
      6.9201619999999995,
      14.001257999999998,
      18.990212,
      16.0934,
      14.323126,
      14.323126,
      0.0,
      9.65604,
      12.07005,
      8.529501999999999,
      8.690436,
      38.141358,
      19.151146,
      12.230984,
      23.013562,
      16.254334,
      11.26538,
      11.909116000000001,
      11.104446000000001,
      12.230984,
      16.254334,
      18.668343999999998,
      29.77279,
      11.748182,
      18.024607999999997,
      11.587248,
      19.31208,
      21.082354,
      14.162192000000001,
      36.692952,
      10.943512,
      9.173238,
      19.633948,
      0.19,
      4.184284,
      10.782578,
      12.230984,
      14.48406,
      16.737136
    ],
    [
      21.243288,
      19.151146,
      13.196587999999998,
      18.346476,
      24.1401,
      12.87472,
      16.737136,
      21.243288,
      23.979166,
      21.082354,
      34.439876,
      14.48406,
      21.565156,
      24.622902,
      14.805927999999998,
      24.461968,
      21.404222,
      23.174496,
      21.404222,
      25.588506,
      9.65604,
      0.0,
      18.668343999999998,
      14.644993999999999,
      14.323126,
      42.969378,
      25.910374,
      17.380872,
      29.611855999999996,
      29.129054000000004,
      17.059003999999998,
      17.059003999999998,
      17.059003999999998,
      17.380872,
      29.129054000000004,
      25.266638,
      36.371084,
      23.979166,
      24.622902,
      18.346476,
      26.071308,
      27.841582000000002,
      28.96812,
      43.291246,
      22.369826,
      15.771532,
      18.024607999999997,
      9.65604,
      13.518456,
      16.576202000000002,
      18.829278,
      22.691694,
      8.368568
    ],
    [
      15.449663999999999,
      0.6437360000000001,
      8.85137,
      1.9312079999999998,
      8.0467,
      6.759228,
      6.43736,
      15.610598,
      8.85137,
      15.28873,
      19.151146,
      6.9201619999999995,
      8.690436,
      5.9545580000000005,
      6.598293999999999,
      7.724831999999999,
      15.610598,
      12.713786,
      6.115492,
      6.115492,
      12.07005,
      18.668343999999998,
      0.0,
      6.115492,
      6.276426,
      29.611855999999996,
      14.162192000000001,
      8.207633999999999,
      18.024607999999997,
      8.85137,
      8.0467,
      13.357522000000001,
      12.230984,
      15.449663999999999,
      8.85137,
      13.67939,
      21.565156,
      8.85137,
      8.690436,
      14.48406,
      14.323126,
      16.0934,
      9.012303999999999,
      28.324384000000002,
      4.506151999999999,
      5.9545580000000005,
      14.644993999999999,
      11.909116000000001,
      15.771532,
      7.563898,
      0.6437360000000001,
      6.9201619999999995,
      31.864932
    ],
    [
      4.184284,
      10.621644,
      3.5405480000000003,
      9.816974,
      4.667085999999999,
      3.7014819999999995,
      5.471756,
      4.02335,
      3.7014819999999995,
      6.43736,
      13.67939,
      0.32186800000000004,
      3.5405480000000003,
      4.667085999999999,
      1.60934,
      4.9889540000000006,
      4.02335,
      3.7014819999999995,
      12.713786,
      8.207633999999999,
      8.529501999999999,
      14.644993999999999,
      6.115492,
      0.0,
      0.32186800000000004,
      36.049215999999994,
      5.9545580000000005,
      3.057746,
      9.816974,
      8.690436,
      2.735878,
      3.7014819999999995,
      2.5749440000000003,
      4.02335,
      8.690436,
      5.310822,
      27.35878,
      3.7014819999999995,
      4.184284,
      3.5405480000000003,
      6.115492,
      6.759228,
      6.276426,
      34.761744,
      3.057746,
      1.1265379999999998,
      4.02335,
      8.368568,
      12.230984,
      2.2530759999999996,
      7.402963999999999,
      6.115492,
      21.082354
    ],
    [
      3.8624159999999996,
      10.621644,
      3.5405480000000003,
      9.816974,
      4.82802,
      3.379614,
      5.63269,
      3.7014819999999995,
      3.379614,
      3.8624159999999996,
      13.67939,
      0.325,
      3.21868,
      4.82802,
      1.7702740000000001,
      5.149888000000001,
      3.7014819999999995,
      3.21868,
      12.87472,
      8.368568,
      8.690436,
      14.323126,
      6.276426,
      0.32186800000000004,
      0.0,
      36.049215999999994,
      6.115492,
      3.7014819999999995,
      9.977908000000001,
      8.85137,
      3.5405480000000003,
      3.379614,
      2.5749440000000003,
      3.8624159999999996,
      8.85137,
      5.471756,
      27.35878,
      3.8624159999999996,
      4.345218,
      3.7014819999999995,
      6.276426,
      6.598293999999999,
      6.43736,
      34.922678,
      3.21868,
      1.2874720000000002,
      4.345218,
      8.529501999999999,
      12.391918,
      3.057746,
      7.563898,
      6.276426,
      20.760486
    ],
    [
      32.669602,
      28.96812,
      34.60081,
      28.96812,
      30.738394000000003,
      34.922678,
      34.60081,
      32.669602,
      32.025866,
      32.508668,
      28.002515999999996,
      36.21015,
      32.99147,
      28.96812,
      34.761744,
      30.255592,
      32.830535999999995,
      32.347734,
      24.622902,
      29.933724,
      38.141358,
      42.969378,
      29.611855999999996,
      36.049215999999994,
      36.049215999999994,
      0.0,
      33.313338,
      34.60081,
      31.221196,
      26.715044000000002,
      34.439876,
      34.60081,
      34.439876,
      34.60081,
      26.715044000000002,
      32.347734,
      18.990212,
      33.957074,
      33.957074,
      33.635206,
      33.474272,
      34.922678,
      31.060262,
      1.2874720000000002,
      32.025866,
      36.049215999999994,
      33.79614,
      38.302292,
      42.164708,
      35.244546,
      30.738394000000003,
      29.77279,
      45.544322
    ],
    [
      0.9656039999999999,
      14.48406,
      10.943512,
      13.67939,
      3.7014819999999995,
      10.621644,
      10.299776000000001,
      0.80467,
      0.32186800000000004,
      0.9656039999999999,
      10.299776000000001,
      6.115492,
      0.48280199999999995,
      5.149888000000001,
      7.724831999999999,
      4.02335,
      0.80467,
      0.9656039999999999,
      16.737136,
      9.495106,
      19.151146,
      25.910374,
      14.162192000000001,
      5.9545580000000005,
      6.115492,
      33.313338,
      0.0,
      0.9656039999999999,
      13.518456,
      15.127796,
      8.207633999999999,
      6.115492,
      8.207633999999999,
      6.115492,
      15.127796,
      9.012303999999999,
      30.899327999999997,
      0.9656039999999999,
      10.138842,
      0.6437360000000001,
      0.436,
      11.587248,
      12.713786,
      37.497622,
      12.713786,
      11.909116000000001,
      0.48280199999999995,
      23.013562,
      26.875978,
      7.885766,
      18.185542,
      14.323126,
      28.807185999999998
    ],
    [
      0.9656039999999999,
      9.173238,
      7.724831999999999,
      12.07005,
      2.41401,
      7.0810960000000005,
      8.690436,
      0.9656039999999999,
      0.80467,
      1.1265379999999998,
      11.748182,
      3.8624159999999996,
      0.6437360000000001,
      3.8624159999999996,
      4.506151999999999,
      2.735878,
      0.80467,
      0.285,
      15.127796,
      10.782578,
      12.230984,
      17.380872,
      8.207633999999999,
      3.057746,
      3.7014819999999995,
      34.60081,
      0.9656039999999999,
      0.0,
      7.402963999999999,
      7.724831999999999,
      0.32186800000000004,
      0.9656039999999999,
      0.32186800000000004,
      1.448406,
      7.724831999999999,
      3.057746,
      24.94477,
      0.80467,
      1.448406,
      0.48280199999999995,
      0.80467,
      3.8624159999999996,
      3.5405480000000003,
      31.38213,
      3.5405480000000003,
      3.057746,
      0.80467,
      12.87472,
      16.737136,
      0.6437360000000001,
      8.0467,
      8.207633999999999,
      35.888282000000004
    ],
    [
      7.563898,
      18.346476,
      14.805927999999998,
      17.541806,
      4.82802,
      14.48406,
      14.162192000000001,
      7.563898,
      6.9201619999999995,
      7.402963999999999,
      4.82802,
      9.977908000000001,
      7.885766,
      5.9545580000000005,
      11.587248,
      5.149888000000001,
      7.563898,
      7.0810960000000005,
      18.346476,
      7.563898,
      23.013562,
      29.611855999999996,
      18.024607999999997,
      9.816974,
      9.977908000000001,
      31.221196,
      13.518456,
      7.402963999999999,
      0.0,
      4.667085999999999,
      7.563898,
      7.885766,
      7.402963999999999,
      7.563898,
      4.667085999999999,
      5.310822,
      19.151146,
      5.9545580000000005,
      5.149888000000001,
      6.598293999999999,
      6.43736,
      7.885766,
      3.21868,
      29.77279,
      9.816974,
      9.012303999999999,
      6.759228,
      18.668343999999998,
      25.910374,
      8.207633999999999,
      11.104446000000001,
      7.724831999999999,
      35.083612
    ],
    [
      9.173238,
      8.529501999999999,
      11.748182,
      9.977908000000001,
      7.0810960000000005,
      11.426314,
      11.26538,
      9.173238,
      8.529501999999999,
      9.012303999999999,
      8.368568,
      11.587248,
      9.495106,
      5.149888000000001,
      10.299776000000001,
      6.43736,
      9.334171999999999,
      8.690436,
      6.9201619999999995,
      3.8624159999999996,
      16.254334,
      29.129054000000004,
      8.85137,
      8.690436,
      8.85137,
      26.715044000000002,
      15.127796,
      7.724831999999999,
      4.667085999999999,
      0.0,
      9.173238,
      9.173238,
      9.012303999999999,
      9.334171999999999,
      NaN,
      7.0810960000000005,
      14.805927999999998,
      8.529501999999999,
      8.690436,
      8.207633999999999,
      8.0467,
      9.495106,
      5.63269,
      23.818232000000002,
      6.276426,
      7.724831999999999,
      8.368568,
      21.082354,
      24.94477,
      9.816974,
      7.885766,
      4.184284,
      36.692952
    ],
    [
      1.1265379999999998,
      12.552852,
      6.598293999999999,
      11.748182,
      2.41401,
      6.43736,
      8.368568,
      0.9656039999999999,
      0.80467,
      1.9312079999999998,
      11.587248,
      3.5405480000000003,
      0.6437360000000001,
      3.7014819999999995,
      4.345218,
      2.5749440000000003,
      0.9656039999999999,
      0.32186800000000004,
      14.805927999999998,
      9.012303999999999,
      11.26538,
      17.059003999999998,
      8.0467,
      2.735878,
      3.5405480000000003,
      34.439876,
      8.207633999999999,
      0.32186800000000004,
      7.563898,
      9.173238,
      0.0,
      0.9656039999999999,
      0.32186800000000004,
      1.2874720000000002,
      7.885766,
      3.21868,
      25.105704,
      0.9656039999999999,
      1.7702740000000001,
      0.80467,
      0.9656039999999999,
      4.184284,
      3.8624159999999996,
      32.508668,
      3.8624159999999996,
      3.379614,
      0.80467,
      13.035654,
      17.059003999999998,
      0.48280199999999995,
      8.207633999999999,
      9.334171999999999,
      25.588506
    ],
    [
      0.32186800000000004,
      9.495106,
      7.24203,
      12.713786,
      2.41401,
      6.759228,
      9.334171999999999,
      0.32186800000000004,
      0.6437360000000001,
      0.16093400000000002,
      12.07005,
      3.5405480000000003,
      0.6437360000000001,
      4.184284,
      5.310822,
      2.735878,
      0.32186800000000004,
      0.80467,
      15.771532,
      10.782578,
      11.909116000000001,
      17.059003999999998,
      13.357522000000001,
      3.7014819999999995,
      3.379614,
      34.60081,
      6.115492,
      0.9656039999999999,
      7.885766,
      9.173238,
      0.9656039999999999,
      0.0,
      1.60934,
      0.48280199999999995,
      9.495106,
      3.379614,
      25.266638,
      1.60934,
      1.9312079999999998,
      0.9656039999999999,
      0.9656039999999999,
      4.184284,
      4.02335,
      31.703998,
      4.506151999999999,
      4.02335,
      0.9656039999999999,
      11.748182,
      15.610598,
      1.7702740000000001,
      8.85137,
      8.690436,
      25.266638
    ],
    [
      1.7702740000000001,
      12.391918,
      6.43736,
      11.587248,
      2.2530759999999996,
      6.276426,
      8.207633999999999,
      1.60934,
      1.448406,
      1.7702740000000001,
      11.426314,
      2.5749440000000003,
      0.9656039999999999,
      3.5405480000000003,
      4.184284,
      2.41401,
      1.60934,
      0.32186800000000004,
      14.644993999999999,
      9.012303999999999,
      11.104446000000001,
      17.059003999999998,
      12.230984,
      2.5749440000000003,
      2.5749440000000003,
      34.439876,
      8.207633999999999,
      0.32186800000000004,
      7.402963999999999,
      9.012303999999999,
      0.32186800000000004,
      1.60934,
      0.0,
      1.60934,
      8.0467,
      4.506151999999999,
      26.393175999999997,
      1.7702740000000001,
      2.092142,
      0.80467,
      1.2874720000000002,
      4.506151999999999,
      4.184284,
      32.830535999999995,
      3.21868,
      2.735878,
      1.1265379999999998,
      15.771532,
      16.415267999999998,
      0.48280199999999995,
      8.0467,
      9.65604,
      25.427572
    ],
    [
      0.32186800000000004,
      9.816974,
      7.724831999999999,
      14.966862,
      2.41401,
      7.0810960000000005,
      9.816974,
      0.48280199999999995,
      0.80467,
      0.32186800000000004,
      11.587248,
      3.8624159999999996,
      0.6437360000000001,
      4.506151999999999,
      5.63269,
      2.735878,
      0.48280199999999995,
      1.2874720000000002,
      18.024607999999997,
      10.782578,
      12.230984,
      17.380872,
      15.449663999999999,
      4.02335,
      3.8624159999999996,
      34.60081,
      6.115492,
      1.448406,
      7.563898,
      9.334171999999999,
      1.2874720000000002,
      0.48280199999999995,
      1.60934,
      0.0,
      9.65604,
      3.5405480000000003,
      25.427572,
      2.092142,
      2.41401,
      1.7702740000000001,
      1.60934,
      4.667085999999999,
      4.506151999999999,
      31.864932,
      4.9889540000000006,
      6.43736,
      1.1265379999999998,
      11.909116000000001,
      15.771532,
      2.2530759999999996,
      12.552852,
      8.85137,
      25.105704
    ],
    [
      9.173238,
      8.529501999999999,
      11.748182,
      9.977908000000001,
      7.0810960000000005,
      11.426314,
      11.26538,
      9.173238,
      8.529501999999999,
      9.012303999999999,
      8.368568,
      11.587248,
      9.495106,
      5.149888000000001,
      10.299776000000001,
      6.43736,
      9.334171999999999,
      8.690436,
      6.9201619999999995,
      3.8624159999999996,
      16.254334,
      29.129054000000004,
      8.85137,
      8.690436,
      8.85137,
      26.715044000000002,
      15.127796,
      7.724831999999999,
      4.667085999999999,
      NaN,
      7.885766,
      9.495106,
      8.0467,
      9.65604,
      0.0,
      7.0810960000000005,
      14.805927999999998,
      8.529501999999999,
      8.690436,
      8.207633999999999,
      8.0467,
      9.495106,
      5.63269,
      23.818232000000002,
      6.276426,
      7.724831999999999,
      8.368568,
      21.082354,
      24.94477,
      9.816974,
      7.885766,
      4.184284,
      36.692952
    ],
    [
      3.057746,
      13.840323999999999,
      10.299776000000001,
      13.035654,
      1.60934,
      9.977908000000001,
      9.65604,
      3.21868,
      3.5405480000000003,
      3.057746,
      9.495106,
      5.63269,
      3.5405480000000003,
      4.506151999999999,
      7.0810960000000005,
      3.379614,
      3.21868,
      3.057746,
      16.0934,
      8.529501999999999,
      18.668343999999998,
      25.266638,
      13.67939,
      5.310822,
      5.471756,
      32.347734,
      9.012303999999999,
      3.057746,
      5.310822,
      7.0810960000000005,
      3.21868,
      3.379614,
      4.506151999999999,
      3.5405480000000003,
      7.0810960000000005,
      0.0,
      25.74944,
      4.82802,
      4.184284,
      3.21868,
      4.345218,
      2.5749440000000003,
      6.43736,
      32.1868,
      7.724831999999999,
      6.9201619999999995,
      3.7014819999999995,
      19.955816000000002,
      23.818232000000002,
      4.82802,
      16.576202000000002,
      9.173238,
      39.750698
    ],
    [
      24.94477,
      20.92142,
      26.55411,
      20.92142,
      23.33543,
      26.875978,
      26.55411,
      25.105704,
      24.301033999999998,
      24.94477,
      14.323126,
      27.519714,
      25.427572,
      21.243288,
      28.16345,
      25.266638,
      25.105704,
      24.622902,
      16.576202000000002,
      22.208892000000002,
      29.77279,
      36.371084,
      21.565156,
      27.35878,
      27.35878,
      18.990212,
      30.899327999999997,
      24.94477,
      19.151146,
      14.805927999999998,
      25.105704,
      25.266638,
      26.393175999999997,
      25.427572,
      14.805927999999998,
      25.74944,
      0.0,
      25.910374,
      25.910374,
      25.427572,
      25.266638,
      26.715044000000002,
      22.53076,
      12.230984,
      28.646252,
      27.841582000000002,
      25.588506,
      31.221196,
      35.083612,
      27.036912,
      21.887024,
      19.955816000000002,
      57.93624
    ],
    [
      1.9312079999999998,
      8.529501999999999,
      7.0810960000000005,
      11.909116000000001,
      1.1265379999999998,
      6.9201619999999995,
      8.529501999999999,
      1.7702740000000001,
      1.1265379999999998,
      1.9312079999999998,
      9.977908000000001,
      4.02335,
      1.2874720000000002,
      3.21868,
      4.82802,
      1.448406,
      1.7702740000000001,
      0.6437360000000001,
      9.495106,
      8.529501999999999,
      11.748182,
      23.979166,
      8.85137,
      3.7014819999999995,
      3.8624159999999996,
      33.957074,
      0.9656039999999999,
      0.80467,
      5.9545580000000005,
      8.529501999999999,
      0.9656039999999999,
      1.60934,
