{
  "drive_dist_matrix": [
    [
      0.0,
      0.85,
      1.0,
      0.5,
      3.6,
      0.8,
      0.35,
      1.6,
      0.22,
      1.1,
      1.1,
      2.3,
      3.3,
      2.0,
      2.2,
      0.28,
      1.1,
      4.8,
      0.9,
      1.0
    ],
    [
      0.85,
      0.0,
      0.9,
      1.7,
      4.4,
      2.2,
      0.55,
      2.5,
      0.95,
      0.4,
      1.0,
      3.2,
      4.1,
      2.8,
      1.0,
      0.65,
      0.6,
      4.7,
      2.6,
      3.9
    ],
    [
      1.0,
      0.9,
      0.0,
      0.75,
      4.5,
      1.7,
      1.0,
      1.9,
      1.3,
      0.5,
      0.11,
      3.0,
      4.2,
      1.8,
      0.28,
      0.7,
      1.4,
      5.3,
      2.2,
      4.5
    ],
    [
      0.5,
      1.7,
      0.75,
      0.0,
      3.7,
      0.35,
      0.8,
      0.85,
      0.55,
      0.9,
      0.9,
      1.8,
      3.4,
      1.1,
      1.0,
      0.35,
      1.6,
      5.3,
      0.85,
      4.5
    ],
    [
      3.6,
      4.4,
      4.5,
      3.7,
      0.0,
      4.5,
      5.0,
      4.8,
      5.0,
      6.3,
      5.9,
      3.5,
      2.2,
      5.2,
      5.6,
      6.1,
      5.7,
      4.7,
      4.5,
      5.0
    ],
    [
      0.8,
      2.2,
      1.7,
      0.35,
      4.5,
      0.0,
      1.2,
      0.5,
      0.85,
      2.2,
      1.8,
      1.7,
      3.0,
      0.9,
      1.4,
      0.75,
      1.9,
      5.4,
      0.5,
      4.7
    ],
    [
      0.35,
      0.55,
      1.0,
      0.8,
      5.0,
      1.2,
      0.0,
      1.7,
      0.4,
      0.8,
      1.0,
      2.3,
      3.3,
      2.0,
      2.0,
      0.45,
      0.6,
      4.6,
      1.7,
      3.8
    ],
    [
      1.6,
      2.5,
      1.9,
      0.85,
      4.8,
      0.5,
      1.7,
      0.0,
      1.7,
      2.1,
      1.8,
      1.5,
      3.1,
      0.5,
      1.4,
      2.3,
      2.4,
      5.5,
      0.6,
      5.2
    ],
    [
      0.22,
      0.95,
      1.3,
      0.55,
      5.0,
      0.85,
      0.4,
      1.7,
      0.0,
      2.8,
      1.2,
      2.0,
      2.9,
      1.6,
      2.0,
      0.4,
      2.1,
      5.4,
      0.85,
      5.7
    ],
    [
      1.1,
      0.4,
      0.5,
      0.9,
      6.3,
      2.2,
      0.8,
      2.1,
      2.8,
      0.0,
      0.6,
      3.5,
      4.4,
      2.0,
      0.6,
      0.85,
      1.1,
      5.0,
      2.4,
      4.2
    ],
    [
      1.1,
      1.0,
      0.11,
      0.9,
      5.9,
      1.8,
      1.0,
      1.8,
      1.2,
      0.6,
      0.0,
      2.8,
      4.1,
      1.7,
      0.4,
      0.8,
      1.3,
      5.2,
      2.0,
      4.4
    ],
    [
      2.3,
      3.2,
      3.0,
      1.8,
      3.5,
      1.7,
      2.3,
      1.5,
      2.0,
      3.5,
      2.8,
      0.0,
      1.8,
      2.4,
      2.8,
      3.4,
      3.0,
      4.3,
      0.85,
      4.6
    ],
    [
      3.3,
      4.1,
      4.2,
      3.4,
      2.2,
      3.0,
      3.3,
      3.1,
      2.9,
      4.4,
      4.1,
      1.8,
      0.0,
      4.5,
      5.0,
      7.1,
      6.1,
      2.5,
      3.3,
      2.8
    ],
    [
      2.0,
      2.8,
      1.8,
      1.1,
      5.2,
      0.9,
      2.0,
      0.5,
      1.6,
      2.0,
      1.7,
      2.4,
      4.5,
      0.0,
      2.6,
      3.5,
      3.5,
      5.9,
      1.5,
      6.2
    ],
    [
      2.2,
      1.0,
      0.28,
      1.0,
      5.6,
      1.4,
      2.0,
      1.4,
      2.0,
      0.6,
      0.4,
      2.8,
      5.0,
      2.6,
      0.0,
      1.0,
      1.7,
      5.6,
      2.1,
      4.8
    ],
    [
      0.28,
      0.65,
      0.7,
      0.35,
      6.1,
      0.75,
      0.45,
      2.3,
      0.4,
      0.85,
      0.8,
      3.4,
      7.1,
      3.5,
      1.0,
      0.0,
      1.5,
      5.2,
      1.5,
      4.4
    ],
    [
      1.1,
      0.6,
      1.4,
      1.6,
      5.7,
      1.9,
      0.6,
      2.4,
      2.1,
      1.1,
      1.3,
      3.0,
      6.1,
      3.5,
      1.7,
      1.5,
      0.0,
      4.7,
      2.5,
      3.8
    ],
    [
      4.8,
      4.7,
      5.3,
      5.3,
      4.7,
      5.4,
      4.6,
      5.5,
      5.4,
      5.0,
      5.2,
      4.3,
      2.5,
      5.9,
      5.6,
      5.2,
      4.7,
      0.0,
      5.1,
      0.75
    ],
    [
      0.9,
      2.6,
      2.2,
      0.85,
      4.5,
      0.5,
      1.7,
      0.6,
      0.85,
      2.4,
      2.0,
      0.85,
      3.3,
      1.5,
      2.1,
      1.5,
      2.5,
      5.1,
      0.0,
      5.1
    ],
    [
      1.0,
      3.9,
      4.5,
      4.5,
      5.0,
      4.7,
      3.8,
      5.2,
      5.7,
      4.2,
      4.4,
      4.6,
      2.8,
      6.2,
      4.8,
      4.4,
      3.8,
      0.75,
      5.1,
      0.0
    ]
  ],
  "drive_time_matrix": [
    [
      0.0,
      11.0,
      12.0,
      6.0,
      7.0,
      10.0,
      4.0,
      5.0,
      3.0,
      13.0,
      13.0,
      6.0,
      6.0,
      5.0,
      5.0,
      4.0,
      2.0,
      9.0,
      11.0,
      13.0
    ],
    [
      11.0,
      0.0,
      9.0,
      5.0,
      9.0,
      5.0,
      7.0,
      6.0,
      12.0,
      5.0,
      12.0,
      8.0,
      8.0,
      7.0,
      9.0,
      8.0,
      7.0,
      9.0,
      6.0,
      11.0
    ],
    [
      12.0,
      9.0,
      0.0,
      9.0,
      11.0,
      5.0,
      11.0,
      5.0,
      5.0,
      7.0,
      1.0,
      8.0,
      10.0,
      6.0,
      3.0,
      9.0,
      5.0,
      12.0,
      5.0,
      10.0
    ],
    [
      6.0,
      5.0,
      9.0,
      0.0,
      8.0,
      5.0,
      10.0,
      10.0,
      7.0,
      7.0,
      7.0,
      5.0,
      7.0,
      3.0,
      10.0,
      4.0,
      4.0,
      10.0,
      11.0,
      8.0
    ],
    [
      7.0,
      9.0,
      11.0,
      8.0,
      0.0,
      11.0,
      12.0,
      12.0,
      13.0,
      16.0,
      14.0,
      9.0,
      10.0,
      13.0,
      13.0,
      16.0,
      13.0,
      11.0,
      11.0,
      12.0
    ],
    [
      10.0,
      5.0,
      5.0,
      5.0,
      11.0,
      0.0,
      3.0,
      7.0,
      7.0,
      5.0,
      5.0,
      5.0,
      6.0,
      8.0,
      3.0,
      7.0,
      5.0,
      10.0,
      6.0,
      9.0
    ],
    [
      4.0,
      7.0,
      11.0,
      10.0,
      12.0,
      3.0,
      0.0,
      5.0,
      5.0,
      9.0,
      11.0,
      6.0,
      7.0,
      5.0,
      6.0,
      6.0,
      8.0,
      9.0,
      5.0,
      7.0
    ],
    [
      5.0,
      6.0,
      5.0,
      10.0,
      12.0,
      7.0,
      5.0,
      0.0,
      5.0,
      5.0,
      5.0,
      5.0,
      7.0,
      7.0,
      4.0,
      7.0,
      5.0,
      11.0,
      8.0,
      10.0
    ],
    [
      3.0,
      12.0,
      5.0,
      7.0,
      13.0,
      7.0,
      5.0,
      5.0,
      0.0,
      6.0,
      14.0,
      5.0,
      5.0,
      4.0,
      5.0,
      5.0,
      5.0,
      10.0,
      11.0,
      10.0
    ],
    [
      13.0,
      5.0,
      7.0,
      7.0,
      16.0,
      5.0,
      9.0,
      5.0,
      6.0,
      0.0,
      8.0,
      8.0,
      9.0,
      6.0,
      7.0,
      10.0,
      4.0,
      10.0,
      6.0,
      8.0
    ],
    [
      13.0,
      12.0,
      1.0,
      7.0,
      14.0,
      5.0,
      11.0,
      5.0,
      14.0,
      8.0,
      0.0,
      7.0,
      10.0,
      5.0,
      5.0,
      10.0,
      4.0,
      11.0,
      5.0,
      9.0
    ],
    [
      6.0,
      8.0,
      8.0,
      5.0,
      9.0,
      5.0,
      6.0,
      5.0,
      5.0,
      8.0,
      7.0,
      0.0,
      5.0,
      6.0,
      7.0,
      10.0,
      7.0,
      9.0,
      7.0,
      9.0
    ],
    [
      6.0,
      8.0,
      10.0,
      7.0,
      10.0,
      6.0,
      7.0,
      7.0,
      5.0,
      9.0,
      10.0,
      5.0,
      0.0,
      9.0,
      10.0,
      13.0,
      10.0,
      4.0,
      7.0,
      5.0
    ],
    [
      5.0,
      7.0,
      6.0,
      3.0,
      13.0,
      8.0,
      5.0,
      7.0,
      4.0,
      6.0,
      5.0,
      6.0,
      9.0,
      0.0,
      6.0,
      10.0,
      8.0,
      12.0,
      5.0,
      13.0
    ],
    [
      5.0,
      9.0,
      3.0,
      10.0,
      13.0,
      3.0,
      6.0,
      4.0,
      5.0,
      7.0,
      5.0,
      7.0,
      10.0,
      6.0,
      0.0,
      12.0,
      6.0,
      12.0,
      5.0,
      10.0
    ],
    [
      4.0,
      8.0,
      9.0,
      4.0,
      16.0,
      7.0,
      6.0,
      7.0,
      5.0,
      10.0,
      10.0,
      10.0,
      13.0,
      10.0,
      12.0,
      0.0,
      5.0,
      11.0,
      5.0,
      9.0
    ],
    [
      2.0,
      7.0,
      5.0,
      4.0,
      13.0,
      5.0,
      8.0,
      5.0,
      5.0,
      4.0,
      4.0,
      7.0,
      10.0,
      8.0,
      6.0,
      5.0,
      0.0,
      10.0,
      6.0,
      8.0
    ],
    [
      9.0,
      9.0,
      12.0,
      10.0,
      11.0,
      10.0,
      9.0,
      11.0,
      10.0,
      10.0,
      11.0,
      9.0,
      4.0,
      12.0,
      12.0,
      11.0,
      10.0,
      0.0,
      10.0,
      2.0
    ],
    [
      11.0,
      6.0,
      5.0,
      11.0,
      11.0,
      6.0,
      5.0,
      8.0,
      11.0,
      6.0,
      5.0,
      7.0,
      7.0,
      5.0,
      5.0,
      5.0,
      6.0,
      10.0,
      0.0,
      9.0
    ],
    [
      13.0,
      11.0,
      10.0,
      8.0,
      12.0,
      9.0,
      7.0,
      10.0,
      10.0,
      8.0,
      9.0,
      9.0,
      5.0,
      13.0,
      10.0,
      9.0,
      8.0,
      2.0,
      9.0,
      0.0
    ]
  ],
  "transit_dist_walk_matrix": [
    [
      0.0,
      NaN,
      0.8333,
      NaN,
      NaN,
      NaN,
      NaN,
      NaN,
      NaN,
      NaN,
      NaN,
      NaN,
      NaN,
      NaN,
      NaN,
      NaN,
      NaN,
      NaN,
      NaN,
      NaN
    ],
    [
      NaN,
      0.0,
      0.66664,
      NaN,
      NaN,
      NaN,
      NaN,
      NaN,
      NaN,
      NaN,
      NaN,
      NaN,
      NaN,
      NaN,
      NaN,
      NaN,
      NaN,
      NaN,
      NaN,
      NaN
    ],
    [
      0.8333,
      0.66664,
      0.0,
      NaN,
      NaN,
      NaN,
      NaN,
      NaN,
      NaN,
      NaN,
      NaN,
      NaN,
      NaN,
      NaN,
      NaN,
      NaN,
      NaN,
      NaN,
      NaN,
      NaN
    ],
    [
      NaN,
      NaN,
      NaN,
      0.0,
      NaN,
      NaN,
      NaN,
      0.66664,
      NaN,
      NaN,
      0.41665,
      NaN,
      NaN,
      NaN,
      0.49998,
      NaN,
      NaN,
      NaN,
      NaN,
      NaN
    ],
    [
      NaN,
      NaN,
      NaN,
      NaN,
      0.0,
      NaN,
      NaN,
      NaN,
      NaN,
      NaN,
      NaN,
      NaN,
      NaN,
      NaN,
      NaN,
      NaN,
      NaN,
      NaN,
      NaN,
      NaN
    ],
    [
      NaN,
      NaN,
      NaN,
      NaN,
      NaN,
      0.0,
      NaN,
      NaN,
      NaN,
      NaN,
      NaN,
      NaN,
      NaN,
      NaN,
      NaN,
      0.41665,
      NaN,
      NaN,
      NaN,
      NaN
    ],
    [
      NaN,
      NaN,
      NaN,
      NaN,
      NaN,
      NaN,
      0.0,
      NaN,
      NaN,
      NaN,
      NaN,
      NaN,
      NaN,
      NaN,
      NaN,
      NaN,
      NaN,
      NaN,
      NaN,
      NaN
    ],
    [
      NaN,
      NaN,
      NaN,
      0.66664,
      NaN,
      NaN,
      NaN,
      0.0,
      NaN,
      NaN,
      NaN,
      NaN,
      NaN,
      NaN,
      NaN,
      NaN,
      NaN,
      NaN,
      NaN,
      NaN
    ],
    [
      NaN,
      NaN,
      NaN,
      NaN,
      NaN,
      NaN,
      NaN,
      NaN,
      0.0,
      NaN,
      NaN,
      NaN,
      NaN,
      NaN,
      NaN,
      NaN,
      NaN,
      NaN,
      NaN,
      NaN
    ],
    [
      NaN,
      NaN,
      NaN,
      NaN,
      NaN,
      NaN,
      NaN,
      NaN,
      NaN,
      0.0,
      NaN,
      NaN,
      NaN,
      NaN,
      NaN,
      NaN,
      NaN,
      NaN,
      NaN,
      NaN
    ],
    [
      NaN,
      NaN,
      NaN,
      0.41665,
      NaN,
      NaN,
      NaN,
      NaN,
      NaN,
      NaN,
      0.0,
      NaN,
      NaN,
      NaN,
      NaN,
      NaN,
      NaN,
      NaN,
      NaN,
      NaN
    ],
    [
      NaN,
      NaN,
      NaN,
      NaN,
      NaN,
      NaN,
      NaN,
      NaN,
      NaN,
      NaN,
      NaN,
      0.0,
      NaN,
      NaN,
      NaN,
      NaN,
      NaN,
      NaN,
      NaN,
      NaN
    ],
    [
      NaN,
      NaN,
      NaN,
      NaN,
      NaN,
      NaN,
      NaN,
      NaN,
      NaN,
      NaN,
      NaN,
      NaN,
      0.0,
      NaN,
      NaN,
      NaN,
      NaN,
      NaN,
      NaN,
      NaN
    ],
    [
      NaN,
      NaN,
      NaN,
      NaN,
      NaN,
      NaN,
      NaN,
      NaN,
      NaN,
      NaN,
      NaN,
      NaN,
      NaN,
      0.0,
      NaN,
      NaN,
      NaN,
      NaN,
      NaN,
      NaN
    ],
    [
      NaN,
      NaN,
      NaN,
      0.49998,
      NaN,
      NaN,
      NaN,
      NaN,
      NaN,
      NaN,
      NaN,
      NaN,
      NaN,
      NaN,
      0.0,
      NaN,
      NaN,
      NaN,
      NaN,
      NaN
    ],
    [
      NaN,
      NaN,
      NaN,
      NaN,
      NaN,
      0.41665,
      NaN,
      NaN,
      NaN,
      NaN,
      NaN,
      NaN,
      NaN,
      NaN,
      NaN,
      0.0,
      NaN,
      NaN,
      NaN,
      NaN
    ],
    [
      NaN,
      NaN,
      NaN,
      NaN,
      NaN,
      NaN,
      NaN,
      NaN,
      NaN,
      NaN,
      NaN,
      NaN,
      NaN,
      NaN,
      NaN,
      NaN,
      0.0,
      NaN,
      NaN,
      NaN
    ],
    [
      NaN,
      NaN,
      NaN,
      NaN,
      NaN,
      NaN,
      NaN,
      NaN,
      NaN,
      NaN,
      NaN,
      NaN,
      NaN,
      NaN,
      NaN,
      NaN,
      NaN,
      0.0,
      NaN,
      NaN
    ],
    [
      NaN,
      NaN,
      NaN,
      NaN,
      NaN,
      NaN,
      NaN,
      NaN,
      NaN,
      NaN,
      NaN,
      NaN,
      NaN,
      NaN,
      NaN,
      NaN,
      NaN,
      NaN,
      0.0,
      NaN
    ],
    [
      NaN,
      NaN,
      NaN,
      NaN,
      NaN,
      NaN,
      NaN,
      NaN,
      NaN,
      NaN,
      NaN,
      NaN,
      NaN,
      NaN,
      NaN,
      NaN,
      NaN,
      NaN,
      NaN,
      0.0
    ]
  ],
  "transit_time_matrix": [
    [
      0.0,
      NaN,
      12.0,
      NaN,
      NaN,
      NaN,
      NaN,
      0.0,
      NaN,
      0.0,
      NaN,
      NaN,
      0.0,
      0.0,
      0.0,
      NaN,
      0.0,
      NaN,
      NaN,
      NaN
    ],
    [
      NaN,
      0.0,
      9.0,
      NaN,
      0.0,
      NaN,
      NaN,
      0.0,
      NaN,
      NaN,
      0.0,
      NaN,
      0.0,
      0.0,
      0.0,
      NaN,
      NaN,
      NaN,
      NaN,
      NaN
    ],
    [
      12.0,
      9.0,
      0.0,
      NaN,
      0.0,
      NaN,
      NaN,
      NaN,
      NaN,
      0.0,
      NaN,
      NaN,
      0.0,
      NaN,
      NaN,
      NaN,
      NaN,
      NaN,
      NaN,
      NaN
    ],
    [
      NaN,
      NaN,
      NaN,
      0.0,
      0.0,
      NaN,
      NaN,
      10.0,
      NaN,
      0.0,
      7.0,
      NaN,
      0.0,
      NaN,
      10.0,
      NaN,
      0.0,
      NaN,
      NaN,
      0.0
    ],
    [
      NaN,
      0.0,
      0.0,
      0.0,
      0.0,
      0.0,
      0.0,
      NaN,
      0.0,
      0.0,
      0.0,
      0.0,
      NaN,
      0.0,
      0.0,
      0.0,
      0.0,
      NaN,
      0.0,
      0.0
    ],
    [
      NaN,
      NaN,
      NaN,
      NaN,
      0.0,
      0.0,
      0.0,
      NaN,
      0.0,
      0.0,
      0.0,
      NaN,
      0.0,
      NaN,
      0.0,
      7.0,
      0.0,
      0.0,
      NaN,
      0.0
    ],
    [
      NaN,
      NaN,
      NaN,
      NaN,
      0.0,
      0.0,
      0.0,
      0.0,
      NaN,
      0.0,
      0.0,
      NaN,
      NaN,
      NaN,
      NaN,
      NaN,
      NaN,
      NaN,
      NaN,
      NaN
    ],
    [
      0.0,
      0.0,
      NaN,
      10.0,
      NaN,
      NaN,
      0.0,
      0.0,
      NaN,
      NaN,
      0.0,
      NaN,
      0.0,
      NaN,
      0.0,
      0.0,
      0.0,
      NaN,
      NaN,
      0.0
    ],
    [
      NaN,
      NaN,
      NaN,
      NaN,
      0.0,
      0.0,
      NaN,
      NaN,
      0.0,
      0.0,
      0.0,
      NaN,
      0.0,
      NaN,
      0.0,
      NaN,
      0.0,
      NaN,
      NaN,
      NaN
    ],
    [
      0.0,
      NaN,
      0.0,
      0.0,
      0.0,
      0.0,
      0.0,
      NaN,
      0.0,
      0.0,
      NaN,
      NaN,
      0.0,
      NaN,
      NaN,
      NaN,
      NaN,
      NaN,
      NaN,
      NaN
    ],
    [
      NaN,
      0.0,
      NaN,
      7.0,
      0.0,
      0.0,
      0.0,
      0.0,
      0.0,
      NaN,
      0.0,
      NaN,
      0.0,
      NaN,
      NaN,
      NaN,
      NaN,
      NaN,
      NaN,
      NaN
    ],
    [
      NaN,
      NaN,
      NaN,
      NaN,
      0.0,
      NaN,
      NaN,
      NaN,
      NaN,
      NaN,
      NaN,
      0.0,
      NaN,
      0.0,
      0.0,
      0.0,
      0.0,
      0.0,
      0.0,
      0.0
    ],
    [
      0.0,
      0.0,
      0.0,
      0.0,
      NaN,
      0.0,
      NaN,
      0.0,
      0.0,
      0.0,
      0.0,
      NaN,
      0.0,
      0.0,
      0.0,
      0.0,
      0.0,
      NaN,
      0.0,
      0.0
    ],
    [
      0.0,
      0.0,
      NaN,
      NaN,
      0.0,
      NaN,
      NaN,
      NaN,
      NaN,
      NaN,
      NaN,
      0.0,
      0.0,
      0.0,
      NaN,
      0.0,
      0.0,
      0.0,
      NaN,
      0.0
    ],
    [
      0.0,
      0.0,
      NaN,
      10.0,
      0.0,
      0.0,
      NaN,
      0.0,
      0.0,
      NaN,
      NaN,
      0.0,
      0.0,
      NaN,
      0.0,
      NaN,
      NaN,
      NaN,
      NaN,
      NaN
    ],
    [
      NaN,
      NaN,
      NaN,
      NaN,
      0.0,
      7.0,
      NaN,
      0.0,
      NaN,
      NaN,
      NaN,
      0.0,
      0.0,
      0.0,
      NaN,
      0.0,
      NaN,
      0.0,
      NaN,
      NaN
    ],
    [
      0.0,
      NaN,
      NaN,
      0.0,
      0.0,
      0.0,
      NaN,
      0.0,
      0.0,
      NaN,
      NaN,
      0.0,
      0.0,
      0.0,
      NaN,
      NaN,
      0.0,
      NaN,
      NaN,
      NaN
    ],
    [
      NaN,
      NaN,
      NaN,
      NaN,
      NaN,
      0.0,
      NaN,
      NaN,
      NaN,
      NaN,
      NaN,
      0.0,
      NaN,
      0.0,
      NaN,
      0.0,
      NaN,
      0.0,
      0.0,
      0.0
    ],
    [
      NaN,
      NaN,
      NaN,
      NaN,
      0.0,
      NaN,
      NaN,
      NaN,
      NaN,
      NaN,
      NaN,
      0.0,
      0.0,
      NaN,
      NaN,
      NaN,
      NaN,
      0.0,
      0.0,
      0.0
    ],
    [
      NaN,
      NaN,
      NaN,
      0.0,
      0.0,
      0.0,
      NaN,
      0.0,
      NaN,
      NaN,
      NaN,
      0.0,
      0.0,
      0.0,
      NaN,
      NaN,
      NaN,
      0.0,
      0.0,
      0.0
    ]
  ],
  "walk_dist_matrix": [
    [
      0.0,
      0.85,
      1.0,
      0.5,
      3.3,
      0.8,
      0.35,
      1.3,
      0.22,
      1.1,
      1.1,
      1.7,
      3.0,
      1.5,
      1.3,
      0.28,
      0.9,
      1.3,
      0.9,
      1.0
    ],
    [
      0.85,
      0.0,
      0.9,
      0.9,
      4.1,
      1.3,
      0.55,
      1.8,
      0.95,
      0.4,
      1.0,
      2.5,
      3.8,
      1.9,
      1.0,
      0.65,
      0.6,
      1.9,
      1.7,
      0.9
    ],
    [
      1.0,
      0.9,
      0.0,
      0.75,
      4.2,
      1.1,
      1.0,
      1.3,
      1.1,
      0.5,
      0.11,
      2.3,
      3.9,
      1.3,
      0.28,
      0.7,
      1.4,
      2.2,
      1.5,
      1.6
    ],
    [
      0.5,
      0.9,
      0.75,
      0.0,
      3.4,
      0.35,
      0.8,
      0.85,
      0.55,
      0.9,
      0.9,
      1.6,
      3.1,
      1.0,
      1.0,
      0.35,
      1.4,
      1.5,
      0.85,
      1.5
    ],
    [
      3.3,
      4.1,
      4.2,
      3.4,
      0.0,
      3.1,
      3.6,
      3.3,
      3.2,
      4.3,
      4.4,
      2.1,
      0.8,
      3.7,
      4.3,
      3.5,
      4.2,
      3.1,
      2.7,
      3.8
    ],
    [
      0.8,
      1.3,
      1.1,
      0.35,
      3.1,
      0.0,
      1.1,
      0.5,
      0.85,
      1.3,
      1.3,
      1.3,
      2.8,
      0.9,
      1.4,
      0.75,
      1.7,
      1.7,
      0.5,
      1.8
    ],
    [
      0.35,
      0.55,
      1.0,
      0.8,
      3.6,
      1.1,
      0.0,
      1.6,
      0.4,
      0.8,
      1.0,
      2.0,
      3.3,
      1.8,
      1.0,
      0.45,
      0.6,
      1.7,
      1.3,
      0.75
    ],
    [
      1.3,
      1.8,
      1.3,
      0.85,
      3.3,
      0.5,
      1.6,
      0.0,
      1.3,
      1.7,
      1.5,
      1.3,
      2.9,
      0.5,
      1.5,
      1.2,
      2.2,
      2.2,
      0.6,
      2.3
    ],
    [
      0.22,
      0.95,
      1.1,
      0.55,
      3.2,
      0.85,
      0.4,
      1.3,
      0.0,
      1.2,
      1.2,
      1.6,
      2.9,
      1.5,
      1.4,
      0.4,
      1.0,
      1.2,
      0.85,
      1.1
    ],
    [
      1.1,
      0.4,
      0.5,
      0.9,
      4.3,
      1.3,
      0.8,
      1.7,
      1.2,
      0.0,
      0.6,
      2.5,
      4.1,
      1.7,
      0.6,
      0.85,
      0.9,
      2.2,
      1.7,
      1.2
    ],
    [
      1.1,
      1.0,
      0.11,
      0.9,
      4.4,
      1.3,
      1.0,
      1.5,
      1.2,
      0.6,
      0.0,
      2.4,
      4.0,
      1.4,
      0.4,
      0.8,
      1.5,
      2.3,
      1.6,
      1.7
    ],
    [
      1.7,
      2.5,
      2.3,
      1.6,
      2.1,
      1.3,
      2.0,
      1.3,
      1.6,
      2.5,
      2.4,
      0.0,
      1.8,
      1.7,
      2.4,
      1.9,
      2.6,
      2.5,
      0.85,
      2.7
    ],
    [
      3.0,
      3.8,
      3.9,
      3.1,
      0.8,
      2.8,
      3.3,
      2.9,
      2.9,
      4.1,
      4.0,
      1.8,
      0.0,
      3.4,
      4.0,
      3.2,
      3.7,
      2.4,
      2.4,
      3.0
    ],
    [
      1.5,
      1.9,
      1.3,
      1.0,
      3.7,
      0.9,
      1.8,
      0.5,
      1.5,
      1.7,
      1.4,
      1.7,
      3.4,
      0.0,
      1.3,
      1.3,
      2.4,
      2.4,
      1.0,
      2.5
    ],
    [
      1.3,
      1.0,
      0.28,
      1.0,
      4.3,
      1.4,
      1.0,
      1.5,
      1.4,
      0.6,
      0.4,
      2.4,
      4.0,
      1.3,
      0.0,
      1.0,
      1.5,
      2.7,
      1.7,
      1.7
    ],
    [
      0.28,
      0.65,
      0.7,
      0.35,
      3.5,
      0.75,
      0.45,
      1.2,
      0.4,
      0.85,
      0.8,
      1.9,
      3.2,
      1.3,
      1.0,
      0.0,
      1.1,
      2.2,
      1.1,
      1.2
    ],
    [
      0.9,
      0.6,
      1.4,
      1.4,
      4.2,
      1.7,
      0.6,
      2.2,
      1.0,
      0.9,
      1.5,
      2.6,
      3.7,
      2.4,
      1.5,
      1.1,
      0.0,
      1.6,
      2.0,
      0.65
    ],
    [
      1.3,
      1.9,
      2.2,
      1.5,
      3.1,
      1.7,
      1.7,
      2.2,
      1.2,
      2.2,
      2.3,
      2.5,
      2.4,
      2.4,
      2.7,
      2.2,
      1.6,
      0.0,
      1.7,
      1.0
    ],
    [
      0.9,
      1.7,
      1.5,
      0.85,
      2.7,
      0.5,
      1.3,
      0.6,
      0.85,
      1.7,
      1.6,
      0.85,
      2.4,
      1.0,
      1.7,
      1.1,
      2.0,
      1.7,
      0.0,
      1.9
    ],
    [
      1.0,
      0.9,
      1.6,
      1.5,
      3.8,
      1.8,
      0.75,
      2.3,
      1.1,
      1.2,
      1.7,
      2.7,
      3.0,
      2.5,
      1.7,
      1.2,
      0.65,
      1.0,
      1.9,
      0.0
    ]
  ],
  "walk_time_matrix": [
    [
      0.0,
      11.0,
      13.0,
      6.0,
      40.0,
      10.0,
      4.0,
      16.0,
      3.0,
      14.0,
      13.0,
      21.0,
      37.0,
      18.0,
      16.0,
      4.0,
      12.0,
      14.0,
      11.0,
      13.0
    ],
    [
      11.0,
      0.0,
      11.0,
      11.0,
      50.0,
      16.0,
      7.0,
      22.0,
      12.0,
      5.0,
      12.0,
      30.0,
      46.0,
      24.0,
      12.0,
      8.0,
      7.0,
      23.0,
      21.0,
      11.0
    ],
    [
      13.0,
      11.0,
      0.0,
      9.0,
      51.0,
      14.0,
      11.0,
      17.0,
      14.0,
      6.0,
      1.0,
      28.0,
      48.0,
      17.0,
      3.0,
      9.0,
      17.0,
      25.0,
      19.0,
      20.0
    ],
    [
      6.0,
      11.0,
      9.0,
      0.0,
      42.0,
      5.0,
      10.0,
      11.0,
      7.0,
      12.0,
      7.0,
      20.0,
      38.0,
      12.0,
      12.0,
      4.0,
      17.0,
      16.0,
      11.0,
      19.0
    ],
    [
      40.0,
      50.0,
      51.0,
      42.0,
      0.0,
      39.0,
      44.0,
      40.0,
      39.0,
      53.0,
      54.0,
      26.0,
      10.0,
      46.0,
      54.0,
      43.0,
      52.0,
      39.0,
      32.0,
      48.0
    ],
    [
      10.0,
      16.0,
      14.0,
      5.0,
      39.0,
      0.0,
      13.0,
      7.0,
      10.0,
      17.0,
      16.0,
      16.0,
      35.0,
      11.0,
      17.0,
      9.0,
      21.0,
      19.0,
      6.0,
      23.0
    ],
    [
      4.0,
      7.0,
      11.0,
      10.0,
      44.0,
      13.0,
      0.0,
      20.0,
      5.0,
      10.0,
      13.0,
      25.0,
      41.0,
      23.0,
      13.0,
      6.0,
      8.0,
      22.0,
      16.0,
      10.0
    ],
    [
      16.0,
      22.0,
      17.0,
      11.0,
      40.0,
      7.0,
      20.0,
      0.0,
      17.0,
      21.0,
      18.0,
      16.0,
      37.0,
      7.0,
      19.0,
      16.0,
      28.0,
      26.0,
      8.0,
      29.0
    ],
    [
      3.0,
      12.0,
      14.0,
      7.0,
      39.0,
      10.0,
      5.0,
      17.0,
      0.0,
      15.0,
      15.0,
      20.0,
      35.0,
      20.0,
      18.0,
      5.0,
      13.0,
      12.0,
      11.0,
      15.0
    ],
    [
      14.0,
      5.0,
      6.0,
      12.0,
      53.0,
      17.0,
      10.0,
      21.0,
      15.0,
      0.0,
      8.0,
      30.0,
      50.0,
      22.0,
      7.0,
      10.0,
      11.0,
      27.0,
      21.0,
      15.0
    ],
    [
      13.0,
      12.0,
      1.0,
      7.0,
      54.0,
      16.0,
      13.0,
      18.0,
      15.0,
      8.0,
      0.0,
      30.0,
      49.0,
      18.0,
      5.0,
      10.0,
      18.0,
      26.0,
      20.0,
      21.0
    ],
    [
      21.0,
      30.0,
      28.0,
      20.0,
      26.0,
      16.0,
      25.0,
      16.0,
      20.0,
      30.0,
      30.0,
      0.0,
      23.0,
      21.0,
      31.0,
      24.0,
      33.0,
      46.0,
      10.0,
      34.0
    ],
    [
      37.0,
      46.0,
      48.0,
      38.0,
      10.0,
      35.0,
      41.0,
      37.0,
      35.0,
      50.0,
      49.0,
      23.0,
      0.0,
      42.0,
      51.0,
      39.0,
      45.0,
      29.0,
      29.0,
      37.0
    ],
    [
      18.0,
      24.0,
      17.0,
      12.0,
      46.0,
      11.0,
      23.0,
      7.0,
      20.0,
      22.0,
      18.0,
      21.0,
      42.0,
      0.0,
      16.0,
      17.0,
      30.0,
      28.0,
      12.0,
      32.0
    ],
    [
      16.0,
      12.0,
      3.0,
      12.0,
      54.0,
      17.0,
      13.0,
      19.0,
      18.0,
      7.0,
      5.0,
      31.0,
      51.0,
      16.0,
      0.0,
      12.0,
      19.0,
      34.0,
      21.0,
      21.0
    ],
    [
      4.0,
      8.0,
      9.0,
      4.0,
      43.0,
      9.0,
      6.0,
      16.0,
      5.0,
      10.0,
      10.0,
      24.0,
      39.0,
      17.0,
      12.0,
      0.0,
      13.0,
      27.0,
      14.0,
      16.0
    ],
    [
      12.0,
      7.0,
      17.0,
      17.0,
      52.0,
      21.0,
      8.0,
      28.0,
      13.0,
      11.0,
      18.0,
      33.0,
      45.0,
      30.0,
      19.0,
      13.0,
      0.0,
      20.0,
      24.0,
      8.0
    ],
    [
      14.0,
      23.0,
      25.0,
      16.0,
      39.0,
      19.0,
      22.0,
      26.0,
      12.0,
      27.0,
      26.0,
      46.0,
      29.0,
      28.0,
      34.0,
      27.0,
      20.0,
      0.0,
      19.0,
      13.0
    ],
    [
      11.0,
      21.0,
      19.0,
      11.0,
      32.0,
      6.0,
      16.0,
      8.0,
      11.0,
      21.0,
      20.0,
      10.0,
      29.0,
      12.0,
      21.0,
      14.0,
      24.0,
      19.0,
      0.0,
      25.0
    ],
    [
      13.0,
      11.0,
      20.0,
      19.0,
      48.0,
      23.0,
      10.0,
      29.0,
      15.0,
      15.0,
      21.0,
      34.0,
      37.0,
      32.0,
      21.0,
      16.0,
      8.0,
      13.0,
      25.0,
      0.0
    ]
  ],
  "cycle_dist_matrix": [
    [
      0.0,
      0.85,
      1.0,
      0.5,
      3.2,
      0.8,
      0.35,
      1.3,
      0.22,
      1.2,
      1.1,
      1.7,
      3.0,
      1.5,
      1.4,
      0.28,
      1.3,
      2.1,
      0.9,
      0.95
    ],
    [
      0.85,
      0.0,
      0.95,
      0.9,
      4.0,
      1.3,
      0.55,
      1.8,
      1.0,
      0.4,
      1.0,
      2.7,
      3.8,
      2.4,
      1.0,
      0.65,
      0.6,
      2.0,
      1.8,
      0.85
    ],
    [
      1.0,
      0.95,
      0.0,
      0.8,
      4.2,
      1.2,
      1.1,
      1.4,
      1.2,
      0.5,
      0.11,
      2.4,
      4.0,
      1.6,
      0.28,
      0.7,
      1.6,
      2.8,
      1.5,
      1.7
    ],
    [
      0.5,
      0.9,
      0.8,
      0.0,
      3.4,
      0.35,
      0.8,
      0.85,
      0.55,
      0.95,
      0.9,
      1.9,
      3.1,
      1.1,
      1.0,
      0.35,
      1.4,
      2.7,
      0.85,
      1.6
    ],
    [
      3.2,
      4.0,
      4.2,
      3.4,
      0.0,
      3.6,
      4.2,
      4.4,
      3.9,
      5.6,
      4.9,
      3.0,
      1.3,
      5.1,
      4.3,
      4.1,
      4.2,
      3.1,
      3.4,
      4.4
    ],
    [
      0.8,
      1.3,
      1.2,
      0.35,
      3.6,
      0.0,
      1.1,
      0.5,
      0.85,
      1.5,
      1.4,
      1.3,
      2.8,
      0.9,
      1.4,
      0.75,
      1.9,
      2.8,
      0.5,
      1.7
    ],
    [
      0.35,
      0.55,
      1.1,
      0.8,
      4.2,
      1.1,
      0.0,
      1.6,
      0.4,
      0.8,
      1.1,
      2.4,
      3.4,
      1.8,
      1.0,
      0.45,
      0.6,
      1.9,
      1.3,
      0.8
    ],
    [
      1.3,
      1.8,
      1.4,
      0.85,
      4.4,
      0.5,
      1.6,
      0.0,
      1.3,
      1.9,
      1.5,
      1.3,
      2.9,
      0.5,
      1.8,
      1.2,
      2.4,
      3.4,
      0.6,
      2.3
    ],
    [
      0.22,
      1.0,
      1.2,
      0.55,
      3.9,
      0.85,
      0.4,
      1.3,
      0.0,
      1.3,
      1.2,
      1.6,
      3.0,
      1.6,
      1.4,
      0.5,
      1.1,
      2.1,
      1.2,
      1.0
    ],
    [
      1.2,
      0.4,
      0.5,
      0.95,
      5.6,
      1.5,
      0.8,
      1.9,
      1.3,
      0.0,
      0.6,
      3.3,
      4.3,
      1.7,
      0.8,
      0.9,
      1.1,
      2.3,
      1.8,
      1.2
    ],
    [
      1.1,
      1.0,
      0.11,
      0.9,
      4.9,
      1.4,
      1.1,
      1.5,
      1.2,
      0.6,
      0.0,
      2.5,
      4.1,
      1.4,
      0.5,
      0.8,
      1.7,
      2.9,
      1.6,
      1.8
    ],
    [
      1.7,
      2.7,
      2.4,
      1.9,
      3.0,
      1.3,
      2.4,
      1.3,
      1.6,
      3.3,
      2.5,
      0.0,
      1.8,
      2.0,
      2.4,
      2.0,
      2.7,
      2.5,
      0.85,
      2.6
    ],
    [
      3.0,
      3.8,
      4.0,
      3.1,
      1.3,
      2.8,
      3.4,
      2.9,
      3.0,
      4.3,
      4.1,
      1.8,
      0.0,
      3.8,
      4.3,
      3.3,
      3.8,
      2.5,
      2.6,
      3.0
    ],
    [
      1.5,
      2.4,
      1.6,
      1.1,
      5.1,
      0.9,
      1.8,
      0.5,
      1.6,
      1.7,
      1.4,
      2.0,
      3.8,
      0.0,
      1.3,
      1.7,
      2.8,
      4.0,
      1.4,
      2.9
    ],
    [
      1.4,
      1.0,
      0.28,
      1.0,
      4.3,
      1.4,
      1.0,
      1.8,
      1.4,
      0.8,
      0.5,
      2.4,
      4.3,
      1.3,
      0.0,
      1.0,
      1.6,
      2.8,
      1.8,
      1.6
    ],
    [
      0.28,
      0.65,
      0.7,
      0.35,
      4.1,
      0.75,
      0.45,
      1.2,
      0.5,
      0.9,
      0.8,
      2.0,
      3.3,
      1.7,
      1.0,
      0.0,
      1.1,
      2.4,
      1.1,
      1.3
    ],
    [
      1.3,
      0.6,
      1.6,
      1.4,
      4.2,
      1.9,
      0.6,
      2.4,
      1.1,
      1.1,
      1.7,
      2.7,
      3.8,
      2.8,
      1.6,
      1.1,
      0.0,
      1.6,
      2.3,
      0.75
    ],
    [
      2.1,
      2.0,
      2.8,
      2.7,
      3.1,
      2.8,
      1.9,
      3.4,
      2.1,
      2.3,
      2.9,
      2.5,
      2.5,
      4.0,
      2.8,
      2.4,
      1.6,
      0.0,
      3.2,
      1.1
    ],
    [
      0.9,
      1.8,
      1.5,
      0.85,
      3.4,
      0.5,
      1.3,
      0.6,
      1.2,
      1.8,
      1.6,
      0.85,
      2.6,
      1.4,
      1.8,
      1.1,
      2.3,
      3.2,
      0.0,
      1.8
    ],
    [
      0.95,
      0.85,
      1.7,
      1.6,
      4.4,
      1.7,
      0.8,
      2.3,
      1.0,
      1.2,
      1.8,
      2.6,
      3.0,
      2.9,
      1.6,
      1.3,
      0.75,
      1.1,
      1.8,
      0.0
    ]
  ],
  "cycle_time_matrix": [
    [
      0.0,
      11.0,
      3.0,
      6.0,
      40.0,
      10.0,
      4.0,
      5.0,
      3.0,
      4.0,
      13.0,
      21.0,
      14.0,
      18.0,
      5.0,
      4.0,
      5.0,
      8.0,
      11.0,
      5.0
    ],
    [
      11.0,
      0.0,
      3.0,
      11.0,
      14.0,
      6.0,
      7.0,
      7.0,
      6.0,
      2.0,
      4.0,
      10.0,
      17.0,
      9.0,
      12.0,
      3.0,
      7.0,
      8.0,
      7.0,
      4.0
    ],
    [
      3.0,
      3.0,
      0.0,
      3.0,
      51.0,
      5.0,
      4.0,
      5.0,
      6.0,
      6.0,
      1.0,
      8.0,
      17.0,
      6.0,
      3.0,
      9.0,
      6.0,
      10.0,
      19.0,
      7.0
    ],
    [
      6.0,
      11.0,
      3.0,
      0.0,
      12.0,
      5.0,
      2.0,
      3.0,
      7.0,
      3.0,
      3.0,
      7.0,
      14.0,
      5.0,
      12.0,
      1.0,
      17.0,
      16.0,
      11.0,
      6.0
    ],
    [
      40.0,
      14.0,
      51.0,
      12.0,
      0.0,
      14.0,
      16.0,
      16.0,
      39.0,
      21.0,
      18.0,
      26.0,
      9.0,
      46.0,
      54.0,
      43.0,
      52.0,
      39.0,
      13.0,
      17.0
    ],
    [
      10.0,
      6.0,
      5.0,
      5.0,
      14.0,
      0.0,
      13.0,
      3.0,
      10.0,
      7.0,
      6.0,
      16.0,
      14.0,
      11.0,
      17.0,
      9.0,
      8.0,
      10.0,
      6.0,
      7.0
    ],
    [
      4.0,
      7.0,
      4.0,
      2.0,
      16.0,
      13.0,
      0.0,
      6.0,
      5.0,
      10.0,
      3.0,
      9.0,
      15.0,
      23.0,
      13.0,
      2.0,
      8.0,
      8.0,
      16.0,
      4.0
    ],
    [
      5.0,
      7.0,
      5.0,
      3.0,
      16.0,
      3.0,
      6.0,
      0.0,
      17.0,
      7.0,
      5.0,
      16.0,
      14.0,
      7.0,
      6.0,
      16.0,
      9.0,
      12.0,
      8.0,
      9.0
    ],
    [
      3.0,
      6.0,
      6.0,
      7.0,
      39.0,
      10.0,
      5.0,
      17.0,
      0.0,
      7.0,
      15.0,
      20.0,
      15.0,
      20.0,
      18.0,
      4.0,
      7.0,
      10.0,
      6.0,
      6.0
    ],
    [
      4.0,
      2.0,
      6.0,
      3.0,
      21.0,
      7.0,
      10.0,
      7.0,
      7.0,
      0.0,
      8.0,
      11.0,
      17.0,
      22.0,
      7.0,
      3.0,
      4.0,
      8.0,
      6.0,
      5.0
    ],
    [
      13.0,
      4.0,
      1.0,
      3.0,
      18.0,
      6.0,
      3.0,
      5.0,
      15.0,
      8.0,
      0.0,
      8.0,
      17.0,
      18.0,
      2.0,
      10.0,
      7.0,
      11.0,
      20.0,
      7.0
    ],
    [
      21.0,
      10.0,
      8.0,
      7.0,
      26.0,
      16.0,
      9.0,
      16.0,
      20.0,
      11.0,
      8.0,
      0.0,
      10.0,
      8.0,
      31.0,
      8.0,
      11.0,
      29.0,
      3.0,
      10.0
    ],
    [
      14.0,
      17.0,
      17.0,
      14.0,
      9.0,
      14.0,
      15.0,
      14.0,
      15.0,
      17.0,
      17.0,
      10.0,
      0.0,
      18.0,
      19.0,
      15.0,
      19.0,
      13.0,
      13.0,
      15.0
    ],
    [
      18.0,
      9.0,
      6.0,
      5.0,
      46.0,
      11.0,
      23.0,
      7.0,
      20.0,
      22.0,
      18.0,
      8.0,
      18.0,
      0.0,
      7.0,
      6.0,
      11.0,
      15.0,
      6.0,
      12.0
    ],
    [
      5.0,
      12.0,
      3.0,
      12.0,
      54.0,
      17.0,
      13.0,
      6.0,
      18.0,
      7.0,
      2.0,
      31.0,
      19.0,
      7.0,
      0.0,
      3.0,
      6.0,
      10.0,
      6.0,
      6.0
    ],
    [
      4.0,
      3.0,
      9.0,
      1.0,
      43.0,
      9.0,
      2.0,
      16.0,
      4.0,
      3.0,
      10.0,
      8.0,
      15.0,
      6.0,
      3.0,
      0.0,
      13.0,
      27.0,
      14.0,
      5.0
    ],
    [
      5.0,
      7.0,
      6.0,
      17.0,
      52.0,
      8.0,
      8.0,
      9.0,
      7.0,
      4.0,
      7.0,
      11.0,
      19.0,
      11.0,
      6.0,
      13.0,
      0.0,
      20.0,
      8.0,
      3.0
    ],
    [
      8.0,
      8.0,
      10.0,
      16.0,
      39.0,
      10.0,
      8.0,
      12.0,
      10.0,
      8.0,
      11.0,
      29.0,
      13.0,
      15.0,
      10.0,
      27.0,
      20.0,
      0.0,
      11.0,
      4.0
    ],
    [
      11.0,
      7.0,
      19.0,
      11.0,
      13.0,
      6.0,
      16.0,
      8.0,
      6.0,
      6.0,
      20.0,
      3.0,
      13.0,
      6.0,
      6.0,
      14.0,
      8.0,
      11.0,
      0.0,
      7.0
    ],
    [
      5.0,
      4.0,
      7.0,
      6.0,
      17.0,
      7.0,
      4.0,
      9.0,
      6.0,
      5.0,
      7.0,
      10.0,
      15.0,
      12.0,
      6.0,
      5.0,
      3.0,
      4.0,
      7.0,
      0.0
    ]
  ]
}