{
  "drive_dist_matrix": [
    [
      0.0,
      0.9,
      0.8,
      0.3,
      0.75,
      0.75,
      0.65,
      0.9,
      3.5,
      6.7,
      3.0,
      2.3,
      0.85,
      0.9,
      0.75,
      2.8,
      0.8,
      1.0,
      6.5,
      0.7,
      0.4,
      12.0,
      1.1,
      0.7,
      3.7,
      0.5,
      2.5,
      0.7,
      19.9,
      9.9,
      0.35,
      1.1,
      1.0,
      4.5,
      6.5,
      0.9,
      0.65,
      0.85,
      3.5,
      12.2,
      0.95,
      0.18,
      6.3,
      0.5,
      2.5,
      15.3,
      16.4,
      11.8,
      13.4,
      6.8,
      1.0,
      0.8,
      8.7,
      43.9,
      22.1,
      28.8,
      0.4,
      23.7,
      0.7,
      0.6
    ],
    [
      0.9,
      0.0,
      0.14,
      0.55,
      0.55,
      0.35,
      0.6,
      0.45,
      0.35,
      7.8,
      2.2,
      0.55,
      0.35,
      0.079,
      0.7,
      3.9,
      0.35,
      0.22,
      5.7,
      0.65,
      0.5,
      10.0,
      0.65,
      0.65,
      1.2,
      0.4,
      0.17,
      0.23,
      19.5,
      11.0,
      0.6,
      0.7,
      0.21,
      4.1,
      6.0,
      0.9,
      0.7,
      0.27,
      1.1,
      11.7,
      0.45,
      0.95,
      7.4,
      0.45,
      3.7,
      16.4,
      14.0,
      9.4,
      11.0,
      4.4,
      0.9,
      0.55,
      8.3,
      46.3,
      22.1,
      28.8,
      0.5,
      23.7,
      0.35,
      0.45
    ],
    [
      0.8,
      0.14,
      0.0,
      0.5,
      0.45,
      0.26,
      0.5,
      0.55,
      0.35,
      7.8,
      2.2,
      0.75,
      0.45,
      0.16,
      0.7,
      3.9,
      0.22,
      0.3,
      5.7,
      0.6,
      0.4,
      10.0,
      0.8,
      0.6,
      1.2,
      0.3,
      0.3,
      0.083,
      19.5,
      11.0,
      0.5,
      0.8,
      0.29,
      4.1,
      6.0,
      0.85,
      0.6,
      0.21,
      1.1,
      11.7,
      0.65,
      0.85,
      7.4,
      0.35,
      3.7,
      16.4,
      14.0,
      9.4,
      11.0,
      4.4,
      0.95,
      0.45,
      8.3,
      46.3,
      22.1,
      28.8,
      0.4,
      23.7,
      0.3,
      0.35
    ],
    [
      0.3,
      0.55,
      0.5,
      0.0,
      0.4,
      0.4,
      0.35,
      0.6,
      0.8,
      6.5,
      2.5,
      1.0,
      0.55,
      0.6,
      0.45,
      2.5,
      0.5,
      0.7,
      6.2,
      0.4,
      0.077,
      11.8,
      0.8,
      0.4,
      3.4,
      0.19,
      0.75,
      0.4,
      19.7,
      9.6,
      0.049,
      0.85,
      0.65,
      4.2,
      6.3,
      0.6,
      0.35,
      0.55,
      3.2,
      12.0,
      0.65,
      0.35,
      6.0,
      0.18,
      2.3,
      15.1,
      16.2,
      11.6,
      13.1,
      6.5,
      0.7,
      0.5,
      8.4,
      48.4,
      21.9,
      28.6,
      0.087,
      23.4,
      0.4,
      0.3
    ],
    [
      0.75,
      0.55,
      0.45,
      0.4,
      0.0,
      0.45,
      0.28,
      0.75,
      0.55,
      7.6,
      2.5,
      2.3,
      0.7,
      0.5,
      0.85,
      3.7,
      0.21,
      0.65,
      5.5,
      0.45,
      0.35,
      9.8,
      1.0,
      0.19,
      1.5,
      0.3,
      0.7,
      0.4,
      19.7,
      10.8,
      0.45,
      1.0,
      0.65,
      3.8,
      6.2,
      2.4,
      0.75,
      0.5,
      1.3,
      11.2,
      0.8,
      0.8,
      7.2,
      0.24,
      3.4,
      16.2,
      13.8,
      9.1,
      10.7,
      4.2,
      2.4,
      0.14,
      8.5,
      46.1,
      21.9,
      28.6,
      0.35,
      23.5,
      0.45,
      0.55
    ],
    [
      0.75,
      0.35,
      0.26,
      0.4,
      0.45,
      0.0,
      0.45,
      0.3,
      0.55,
      7.8,
      2.7,
      0.7,
      0.29,
      0.35,
      0.4,
      3.9,
      0.27,
      0.27,
      5.7,
      0.55,
      0.4,
      10.0,
      0.55,
      0.55,
      1.7,
      0.27,
      0.5,
      0.18,
      19.9,
      11.0,
      0.35,
      0.55,
      0.27,
      4.0,
      6.4,
      0.6,
      0.35,
      0.14,
      1.5,
      11.4,
      0.35,
      0.8,
      7.3,
      0.35,
      3.6,
      16.4,
      14.0,
      9.3,
      10.9,
      4.4,
      0.7,
      0.45,
      8.7,
      46.3,
      22.1,
      28.8,
      0.35,
      23.7,
      0.034,
      0.11
    ],
    [
      0.65,
      0.6,
      0.5,
      0.35,
      0.28,
      0.45,
      0.0,
      0.8,
      0.7,
      6.9,
      3.0,
      2.5,
      0.75,
      0.6,
      0.7,
      3.0,
      0.35,
      0.7,
      4.8,
      0.35,
      0.25,
      10.3,
      1.0,
      0.27,
      1.7,
      0.21,
      0.75,
      0.45,
      19.0,
      10.1,
      0.35,
      1.0,
      0.7,
      3.1,
      6.7,
      0.9,
      0.65,
      0.55,
      1.5,
      10.8,
      0.85,
      0.7,
      6.5,
      0.15,
      2.7,
      15.5,
      14.0,
      9.3,
      10.9,
      3.9,
      1.0,
      0.35,
      8.7,
      46.3,
      21.2,
      27.9,
      0.24,
      22.8,
      0.5,
      0.6
    ],
    [
      0.9,
      0.45,
      0.55,
      0.6,
      0.75,
      0.3,
      0.8,
      0.0,
      0.8,
      6.6,
      1.3,
      0.4,
      0.1,
      0.55,
      0.35,
      2.2,
      0.6,
      0.23,
      6.4,
      0.85,
      0.7,
      10.5,
      0.2,
      0.85,
      1.8,
      1.9,
      0.5,
      0.5,
      19.8,
      9.8,
      0.55,
      0.22,
      0.24,
      4.4,
      5.0,
      0.45,
      0.5,
      0.35,
      1.6,
      12.1,
      0.057,
      0.95,
      6.2,
      0.65,
      1.9,
      16.2,
      17.7,
      9.9,
      11.5,
      4.9,
      0.45,
      0.75,
      6.9,
      49.8,
      22.0,
      28.7,
      0.7,
      23.6,
      0.28,
      0.3
    ],
    [
      3.5,
      0.35,
      0.35,
      0.8,
      0.55,
      0.55,
      0.7,
      0.8,
      0.0,
      7.6,
      2.0,
      0.75,
      0.7,
      0.29,
      1.0,
      3.7,
      0.45,
      0.6,
      5.5,
      0.9,
      0.75,
      9.7,
      1.0,
      0.75,
      0.9,
      0.6,
      0.4,
      0.4,
      19.7,
      10.8,
      2.7,
      0.85,
      0.6,
      3.8,
      5.8,
      2.4,
      0.9,
      0.6,
      0.75,
      11.5,
      0.8,
      1.2,
      7.1,
      0.65,
      3.4,
      16.2,
      13.8,
      9.2,
      10.8,
      4.2,
      2.4,
      0.6,
      8.1,
      49.9,
      21.9,
      28.6,
      0.7,
      23.5,
      0.6,
      0.65
    ],
    [
      6.7,
      7.8,
      7.8,
      6.5,
      7.6,
      7.8,
      6.9,
      6.6,
      7.6,
      0.0,
      6.7,
      6.7,
      7.0,
      7.8,
      6.9,
      4.3,
      7.8,
      6.9,
      10.9,
      7.0,
      6.5,
      16.5,
      6.4,
      7.5,
      8.1,
      8.2,
      7.0,
      7.8,
      24.3,
      4.3,
      6.5,
      6.4,
      6.9,
      8.9,
      9.2,
      6.2,
      6.0,
      6.7,
      7.9,
      16.7,
      6.6,
      6.6,
      0.3,
      8.2,
      4.6,
      9.7,
      20.8,
      16.6,
      17.8,
      9.9,
      6.2,
      8.1,
      12.4,
      53.1,
      26.5,
      23.1,
      6.5,
      18.0,
      6.8,
      6.8
    ],
    [
      3.0,
      2.2,
      2.2,
      2.5,
      2.5,
      2.7,
      3.0,
      1.3,
      2.0,
      6.7,
      0.0,
      1.0,
      1.6,
      2.2,
      1.6,
      2.2,
      2.2,
      1.5,
      7.0,
      3.0,
      3.1,
      12.5,
      1.2,
      3.5,
      2.3,
      2.6,
      1.4,
      2.2,
      20.4,
      9.7,
      3.1,
      1.1,
      1.5,
      4.9,
      3.8,
      2.9,
      2.7,
      1.4,
      2.4,
      12.7,
      1.3,
      3.2,
      6.1,
      2.6,
      2.0,
      16.0,
      17.4,
      14.9,
      13.5,
      5.7,
      2.9,
      2.5,
      6.0,
      49.5,
      22.6,
      29.3,
      3.1,
      24.1,
      1.6,
      1.6
    ],
    [
      2.3,
      0.55,
      0.75,
      1.0,
      2.3,
      0.7,
      2.5,
      0.4,
      0.75,
      6.7,
      1.0,
      0.0,
      0.45,
      0.7,
      0.75,
      2.4,
      1.0,
      0.45,
      5.3,
      2.5,
      1.1,
      10.2,
      0.5,
      3.1,
      1.4,
      1.0,
      0.45,
      0.8,
      19.9,
      9.9,
      0.9,
      0.35,
      0.45,
      4.5,
      4.7,
      0.75,
      0.9,
      0.6,
      1.3,
      12.3,
      0.3,
      2.8,
      6.3,
      1.6,
      2.1,
      15.4,
      17.4,
      9.6,
      13.5,
      4.6,
      0.75,
      1.4,
      6.6,
      49.4,
      22.2,
      28.9,
      1.1,
      23.7,
      0.65,
      0.7
    ],
    [
      0.85,
      0.35,
      0.45,
      0.55,
      0.7,
      0.29,
      0.75,
      0.1,
      0.7,
      7.0,
      1.6,
      0.45,
      0.0,
      0.45,
      0.35,
      2.3,
      0.55,
      0.13,
      5.7,
      0.85,
      0.65,
      10.6,
      0.35,
      0.85,
      1.9,
      2.0,
      0.4,
      0.45,
      19.9,
      9.9,
      0.5,
      0.35,
      0.13,
      4.5,
      5.2,
      0.6,
      0.5,
      0.26,
      1.7,
      12.3,
      0.17,
      0.9,
      6.3,
      0.6,
      2.1,
      15.3,
      17.8,
      10.0,
      11.6,
      5.0,
      0.6,
      0.75,
      7.0,
      49.9,
      22.1,
      28.8,
      0.65,
      23.7,
      0.26,
      0.3
    ],
    [
      0.9,
      0.079,
      0.16,
      0.6,
      0.5,
      0.35,
      0.6,
      0.55,
      0.29,
      7.8,
      2.2,
      0.7,
      0.45,
      0.0,
      0.8,
      3.9,
      0.3,
      0.3,
      5.1,
      0.7,
      0.5,
      10.0,
      0.75,
      0.7,
      1.2,
      0.4,
      0.25,
      0.2,
      19.9,
      11.0,
      0.6,
      0.8,
      0.29,
      4.1,
      6.0,
      2.7,
      0.7,
      0.29,
      1.1,
      12.2,
      0.5,
      0.95,
      7.4,
      0.45,
      3.7,
      16.4,
      14.0,
      9.4,
      11.0,
      4.4,
      1.0,
      0.9,
      8.3,
      46.3,
      22.1,
      28.8,
      0.5,
      23.7,
      0.4,
      0.45
    ],
    [
      0.75,
      0.7,
      0.7,
      0.45,
      0.85,
      0.4,
      0.7,
      0.35,
      1.0,
      6.9,
      1.6,
      0.75,
      0.35,
      0.8,
      0.0,
      2.6,
      0.7,
      0.45,
      6.0,
      3.2,
      0.45,
      10.8,
      0.55,
      0.8,
      2.1,
      0.7,
      0.75,
      0.6,
      20.2,
      10.2,
      0.4,
      0.6,
      0.45,
      4.8,
      5.4,
      0.6,
      0.35,
      0.55,
      2.0,
      12.5,
      0.4,
      0.8,
      6.5,
      0.55,
      2.3,
      16.5,
      18.1,
      10.3,
      11.8,
      5.2,
      0.65,
      0.85,
      7.3,
      50.2,
      22.4,
      29.1,
      0.5,
      24.0,
      0.4,
      0.3
    ],
    [
      2.8,
      3.9,
      3.9,
      2.5,
      3.7,
      3.9,
      3.0,
      2.2,
      3.7,
      4.3,
      2.2,
      2.4,
      2.3,
      3.9,
      2.6,
      0.0,
      3.4,
      2.5,
      7.2,
      3.2,
      2.7,
      12.7,
      2.0,
      3.7,
      3.7,
      3.8,
      2.6,
      3.4,
      20.6,
      7.5,
      2.7,
      2.0,
      2.5,
      5.2,
      4.9,
      2.5,
      2.3,
      2.3,
      3.5,
      12.9,
      2.2,
      2.8,
      3.8,
      3.8,
      0.45,
      12.9,
      19.7,
      11.9,
      13.4,
      6.1,
      2.5,
      3.7,
      8.0,
      52.4,
      22.8,
      29.5,
      2.7,
      24.3,
      2.4,
      2.4
    ],
    [
      0.8,
      0.35,
      0.22,
      0.5,
      0.21,
      0.27,
      0.35,
      0.6,
      0.45,
      7.8,
      2.2,
      1.0,
      0.55,
      0.3,
      0.7,
      3.4,
      0.0,
      0.5,
      5.3,
      0.55,
      0.4,
      9.8,
      0.8,
      0.4,
      1.6,
      0.3,
      0.55,
      0.14,
      19.8,
      10.8,
      0.5,
      0.85,
      0.5,
      3.9,
      6.3,
      0.85,
      0.6,
      0.35,
      1.4,
      11.3,
      0.65,
      0.85,
      7.2,
      0.3,
      3.5,
      16.3,
      13.9,
      9.2,
      10.7,
      4.2,
      1.0,
      0.22,
      8.6,
      46.2,
      22.0,
      28.7,
      0.4,
      23.6,
      0.3,
      0.4
    ],
    [
      1.0,
      0.22,
      0.3,
      0.7,
      0.65,
      0.27,
      0.7,
      0.23,
      0.6,
      6.9,
      1.5,
      0.45,
      0.13,
      0.3,
      0.45,
      2.5,
      0.5,
      0.0,
      6.6,
      0.75,
      0.6,
      10.7,
      0.45,
      0.75,
      1.9,
      0.5,
      0.3,
      0.4,
      20.0,
      10.0,
      0.7,
      0.5,
      0.005,
      4.6,
      5.2,
      0.7,
      0.6,
      0.13,
      1.8,
      12.3,
      0.29,
      1.0,
      6.4,
      0.55,
      2.1,
      16.4,
      17.9,
      10.1,
      11.7,
      5.1,
      0.7,
      0.65,
      7.1,
      50.0,
      22.2,
      28.9,
      0.6,
      23.8,
      0.3,
      0.4
    ],
    [
      6.5,
      5.7,
      5.7,
      6.2,
      5.5,
      5.7,
      4.8,
      6.4,
      5.5,
      10.9,
      7.0,
      5.3,
      5.7,
      5.1,
      6.0,
      7.2,
      5.3,
      6.6,
      0.0,
      5.0,
      6.1,
      6.8,
      6.3,
      4.8,
      5.2,
      4.3,
      6.9,
      4.3,
      18.4,
      12.7,
      6.1,
      6.3,
      6.8,
      3.7,
      10.8,
      5.9,
      5.7,
      6.5,
      6.3,
      10.7,
      6.4,
      6.2,
      10.6,
      4.3,
      6.9,
      20.2,
      14.1,
      8.3,
      13.1,
      0.85,
      5.9,
      3.9,
      12.3,
      37.4,
      23.5,
      28.3,
      6.1,
      23.2,
      6.7,
      6.7
    ],
    [
      0.7,
      0.65,
      0.6,
      0.4,
      0.45,
      0.55,
      0.35,
      0.85,
      0.9,
      7.0,
      3.0,
      2.5,
      0.85,
      0.7,
      3.2,
      3.2,
      0.55,
      0.75,
      5.0,
      0.0,
      0.3,
      10.7,
      1.1,
      0.45,
      3.0,
      0.28,
      0.85,
      0.5,
      19.0,
      10.0,
      0.4,
      2.1,
      0.75,
      3.1,
      6.7,
      1.0,
      0.7,
      0.65,
      2.9,
      10.8,
      2.3,
      0.75,
      6.4,
      0.26,
      2.7,
      15.5,
      14.8,
      10.5,
      12.2,
      3.8,
      1.0,
      0.55,
      8.8,
      47.1,
      21.2,
      27.9,
      0.3,
      22.7,
      0.6,
      0.65
    ],
    [
      0.4,
      0.5,
      0.4,
      0.077,
      0.35,
      0.4,
      0.25,
      0.7,
      0.75,
      6.5,
      3.1,
      1.1,
      0.65,
      0.5,
      0.45,
      2.7,
      0.4,
      0.6,
      6.1,
      0.3,
      0.0,
      11.8,
      0.85,
      0.35,
      3.4,
      0.12,
      0.65,
      0.35,
      19.7,
      9.6,
      0.086,
      0.85,
      0.6,
      4.2,
      6.3,
      0.65,
      0.4,
      0.45,
      3.2,
      12.0,
      0.7,
      0.45,
      6.0,
      0.1,
      2.3,
      15.1,
      16.2,
      11.6,
      13.1,
      5.2,
      0.75,
      0.45,
      8.4,
      48.4,
      21.9,
      28.6,
      0.009,
      23.4,
      0.4,
      0.35
    ],
    [
      12.0,
      10.0,
      10.0,
      11.8,
      9.8,
      10.0,
      10.3,
      10.5,
      9.7,
      16.5,
      12.5,
      10.2,
      10.6,
      10.0,
      10.8,
      12.7,
      9.8,
      10.7,
      6.8,
      10.7,
      11.8,
      0.0,
      11.8,
      10.4,
      9.8,
      9.5,
      10.6,
      9.4,
      20.7,
      15.8,
      11.7,
      11.8,
      12.3,
      8.6,
      14.4,
      11.4,
      11.2,
      12.1,
      9.6,
      13.0,
      12.0,
      11.8,
      16.1,
      9.5,
      12.4,
      23.3,
      17.3,
      11.5,
      16.6,
      6.8,
      11.4,
      9.2,
      16.1,
      36.0,
      25.8,
      30.8,
      11.7,
      25.5,
      12.3,
      12.3
    ],
    [
      1.1,
      0.65,
      0.8,
      0.8,
      1.0,
      0.55,
      1.0,
      0.2,
      1.0,
      6.4,
      1.2,
      0.5,
      0.35,
      0.75,
      0.55,
      2.0,
      0.8,
      0.45,
      6.3,
      1.1,
      0.85,
      11.8,
      0.0,
      2.9,
      1.8,
      0.8,
      0.75,
      0.7,
      19.7,
      9.7,
      0.75,
      0.14,
      0.45,
      4.3,
      4.9,
      0.27,
      0.55,
      0.6,
      1.7,
      12.0,
      0.26,
      2.5,
      6.1,
      0.85,
      1.9,
      16.1,
      14.7,
      10.0,
      11.6,
      5.0,
      0.3,
      1.8,
      7.1,
      49.9,
      21.9,
      28.6,
      0.9,
      23.5,
      0.5,
      0.55
    ],
    [
      0.7,
      0.65,
      0.6,
      0.4,
      0.19,
      0.55,
      0.27,
      0.85,
      0.75,
      7.5,
      3.5,
      3.1,
      0.85,
      0.7,
      0.8,
      3.7,
      0.4,
      0.75,
      4.8,
      0.45,
      0.35,
      10.4,
      2.9,
      0.0,
      1.6,
      0.29,
      0.85,
      0.5,
      19.8,
      10.9,
      0.4,
      3.0,
      0.75,
      4.0,
      7.5,
      2.6,
      0.7,
      0.65,
      1.5,
      12.1,
      0.95,
      0.75,
      7.3,
      0.23,
      3.6,
      16.3,
      14.0,
      9.2,
      10.8,
      4.3,
      2.6,
      0.19,
      8.7,
      46.2,
      22.1,
      28.7,
      0.3,
      23.6,
      0.6,
      0.65
    ],
    [
      3.7,
      1.2,
      1.2,
      3.4,
      1.5,
      1.7,
      1.7,
      1.8,
      0.9,
      8.1,
      2.3,
      1.4,
      1.9,
      1.2,
      2.1,
      3.7,
      1.6,
      1.9,
      5.2,
      3.0,
      3.4,
      9.8,
      1.8,
      1.6,
      0.0,
      2.1,
      1.9,
      2.0,
      20.8,
      11.6,
      4.2,
      2.4,
      2.6,
      6.1,
      5.4,
      3.9,
      3.8,
      2.7,
      0.35,
      13.1,
      2.6,
      4.3,
      8.0,
      2.1,
      3.8,
      18.0,
      13.3,
      8.6,
      10.2,
      5.3,
      3.9,
      2.2,
      7.5,
      46.1,
      25.9,
      30.5,
      4.2,
      25.6,
      2.8,
      2.8
    ],
    [
      0.5,
      0.4,
      0.3,
      0.19,
      0.3,
      0.27,
      0.21,
      1.9,
      0.6,
      8.2,
      2.6,
      1.0,
      2.0,
      0.4,
      0.7,
      3.8,
      0.3,
      0.5,
      4.3,
      0.28,
      0.12,
      9.5,
      0.8,
      0.29,
      2.1,
      0.0,
      0.55,
      0.22,
      18.6,
      10.1,
      0.2,
      0.85,
      0.5,
      3.2,
      6.8,
      0.75,
      0.5,
      0.35,
      3.0,
      10.9,
      0.65,
      0.55,
      6.5,
      0.059,
      2.8,
      15.6,
      14.9,
      10.6,
      12.3,
      3.9,
      0.85,
      0.4,
      9.0,
      47.2,
      21.3,
      28.0,
      0.1,
      22.8,
      0.3,
      0.35
    ],
    [
      2.5,
      0.17,
      0.3,
      0.75,
      0.7,
      0.5,
      0.75,
      0.5,
      0.4,
      7.0,
      1.4,
      0.45,
      0.4,
      0.25,
      0.75,
      2.6,
      0.55,
      0.3,
      6.9,
      0.85,
      0.65,
      10.6,
      0.75,
      0.85,
      1.9,
      0.55,
      0.0,
      0.4,
      20.0,
      10.4,
      0.75,
      0.6,
      0.3,
      4.6,
      5.2,
      1.0,
      0.85,
      0.4,
      1.0,
      12.3,
      0.5,
      1.1,
      6.8,
      0.6,
      2.6,
      16.8,
      14.1,
      9.5,
      11.1,
      4.5,
      1.0,
      1.3,
      8.0,
      46.4,
      22.7,
      29.3,
      0.65,
      24.2,
      0.55,
      0.6
    ],
    [
      0.7,
      0.23,
      0.083,
      0.4,
      0.4,
      0.18,
      0.45,
      0.5,
      0.4,
      7.8,
      2.2,
      0.8,
      0.45,
      0.2,
      0.6,
      3.4,
      0.14,
      0.4,
      4.3,
      0.5,
      0.35,
      9.4,
      0.7,
      0.5,
      2.0,
      0.22,
      0.4,
      0.0,
      19.9,
      11.0,
      0.4,
      0.75,
      0.4,
      4.0,
      6.4,
      0.75,
      0.5,
      0.26,
      1.5,
      12.2,
      0.55,
      0.75,
      7.3,
      0.28,
      3.6,
      16.4,
      14.0,
      9.3,
      10.9,
      4.4,
      2.6,
      0.35,
      8.7,
      46.3,
      22.1,
      28.8,
      0.35,
      23.7,
      0.21,
      0.29
    ],
    [
      19.9,
      19.5,
      19.5,
      19.7,
      19.7,
      19.9,
      19.0,
      19.8,
      19.7,
      24.3,
      20.4,
      19.9,
      19.9,
      19.9,
      20.2,
      20.6,
      19.8,
      20.0,
      18.4,
      19.0,
      19.7,
      20.7,
      19.7,
      19.8,
      20.8,
      18.6,
      20.0,
      19.9,
      0.0,
      21.7,
      19.5,
      19.7,
      20.2,
      14.7,
      24.2,
      19.3,
      19.1,
      19.9,
      21.3,
      6.4,
      19.8,
      19.6,
      24.0,
      20.7,
      20.3,
      29.2,
      32.1,
      27.8,
      34.1,
      16.1,
      19.3,
      20.5,
      29.3,
      36.8,
      8.3,
      16.7,
      19.5,
      11.5,
      20.1,
      20.1
    ],
    [
      9.9,
      11.0,
      11.0,
      9.6,
      10.8,
      11.0,
      10.1,
      9.8,
      10.8,
      4.3,
      9.7,
      9.9,
      9.9,
      11.0,
      10.2,
      7.5,
      10.8,
      10.0,
      12.7,
      10.0,
      9.6,
      15.8,
      9.7,
      10.9,
      11.6,
      10.1,
      10.4,
      11.0,
      21.7,
      0.0,
      9.6,
      9.5,
      10.1,
      10.7,
      12.3,
      9.4,
      9.2,
      9.8,
      11.1,
      14.1,
      9.7,
      9.7,
      3.9,
      11.4,
      7.8,
      10.7,
      31.2,
      26.9,
      22.0,
      12.9,
      9.4,
      12.2,
      15.6,
      63.4,
      23.9,
      21.6,
      9.6,
      16.5,
      10.0,
      10.0
    ],
    [
      0.35,
      0.6,
      0.5,
      0.049,
      0.45,
      0.35,
      0.35,
      0.55,
      2.7,
      6.5,
      3.1,
      0.9,
      0.5,
      0.6,
      0.4,
      2.7,
      0.5,
      0.7,
      6.1,
      0.4,
      0.086,
      11.7,
      0.75,
      0.4,
      4.2,
      0.2,
      0.75,
      0.4,
      19.5,
      9.6,
      0.0,
      0.8,
      0.65,
      4.2,
      6.3,
      0.55,
      0.3,
      0.5,
      3.2,
      12.0,
      0.6,
      0.4,
      6.0,
      0.19,
      2.3,
      15.1,
      16.2,
      11.6,
      13.1,
      5.2,
      0.65,
      0.5,
      8.4,
      48.4,
      21.9,
      28.6,
      0.096,
      23.4,
      0.35,
      2.1
    ],
    [
      1.1,
      0.7,
      0.8,
      0.85,
      1.0,
      0.55,
      1.0,
      0.22,
      0.85,
      6.4,
      1.1,
      0.35,
      0.35,
      0.8,
      0.6,
      2.0,
      0.85,
      0.5,
      6.3,
      2.1,
      0.85,
      11.8,
      0.14,
      3.0,
      2.4,
      0.85,
      0.6,
      0.75,
      19.7,
      9.5,
      0.8,
      0.0,
      0.5,
      4.9,
      5.1,
      0.4,
      0.7,
      0.6,
      1.6,
      12.6,
      0.28,
      1.2,
      6.7,
      0.9,
      2.4,
      16.7,
      17.7,
      9.9,
      11.5,
      4.9,
      0.4,
      1.7,
      6.9,
      49.8,
      22.5,
      29.2,
      0.95,
      24.1,
      0.55,
      0.55
    ],
    [
      1.0,
      0.21,
      0.29,
      0.65,
      0.65,
      0.27,
      0.7,
      0.24,
      0.6,
      6.9,
      1.5,
      0.45,
      0.13,
      0.29,
      0.45,
      2.5,
      0.5,
      0.005,
      6.8,
      0.75,
      0.6,
      12.3,
      0.45,
      0.75,
      2.6,
      0.5,
      0.3,
      0.4,
      20.2,
      10.1,
      0.65,
      0.5,
      0.0,
      4.6,
      5.2,
      0.75,
      0.6,
      0.13,
      1.8,
      12.3,
      0.3,
      1.0,
      6.4,
      0.55,
      2.1,
      16.4,
      17.9,
      10.1,
      11.7,
      5.1,
      0.7,
      0.65,
      7.1,
      50.0,
      22.2,
      28.9,
      0.6,
      23.8,
      0.3,
      0.4
    ],
    [
      4.5,
      4.1,
      4.1,
      4.2,
      3.8,
      4.0,
      3.1,
      4.4,
      3.8,
      8.9,
      4.9,
      4.5,
      4.5,
      4.1,
      4.8,
      5.2,
      3.9,
      4.6,
      3.7,
      3.1,
      4.2,
      8.6,
      4.3,
      4.0,
      6.1,
      3.2,
      4.6,
      4.0,
      14.7,
      10.7,
      4.2,
      4.9,
      4.6,
      0.0,
      8.8,
      3.9,
      3.7,
      4.5,
      4.3,
      9.0,
      4.4,
      4.2,
      8.6,
      3.6,
      4.9,
      18.2,
      15.6,
      11.4,
      13.0,
      3.9,
      3.9,
      3.4,
      11.0,
      41.1,
      21.8,
      26.6,
      4.1,
      21.5,
      4.7,
      4.7
    ],
    [
      6.5,
      6.0,
      6.0,
      6.3,
      6.2,
      6.4,
      6.7,
      5.0,
      5.8,
      9.2,
      3.8,
      4.7,
      5.2,
      6.0,
      5.4,
      4.9,
      6.3,
      5.2,
      10.8,
      6.7,
      6.3,
      14.4,
      4.9,
      7.5,
      5.4,
      6.8,
      5.2,
      6.4,
      24.2,
      12.3,
      6.3,
      5.1,
      5.2,
      8.8,
      0.0,
      6.0,
      5.8,
      5.0,
      5.6,
      16.5,
      4.9,
      6.4,
      8.2,
      6.1,
      4.5,
      15.0,
      18.8,
      12.7,
      14.9,
      9.9,
      6.0,
      6.0,
      6.9,
      50.8,
      26.3,
      33.0,
      6.3,
      27.9,
      5.2,
      5.2
    ],
    [
      0.9,
      0.9,
      0.85,
      0.6,
      2.4,
      0.6,
      0.9,
      0.45,
      2.4,
      6.2,
      2.9,
      0.75,
      0.6,
      2.7,
      0.6,
      2.5,
      0.85,
      0.7,
      5.9,
      1.0,
      0.65,
      11.4,
      0.27,
      2.6,
      3.9,
      0.75,
      1.0,
      0.75,
      19.3,
      9.4,
      0.55,
      0.4,
      0.75,
      3.9,
      6.0,
      0.0,
      0.3,
      0.75,
      3.0,
      11.7,
      0.5,
      1.0,
      5.8,
      0.75,
      2.1,
      14.8,
      15.9,
      11.3,
      13.3,
      5.0,
      0.092,
      3.2,
      8.2,
      48.2,
      21.6,
      28.3,
      0.65,
      23.2,
      0.55,
      0.5
    ],
    [
      0.65,
      0.7,
      0.6,
      0.35,
      0.75,
      0.35,
      0.65,
      0.5,
      0.9,
      6.0,
      2.7,
      0.9,
      0.5,
      0.7,
      0.35,
      2.3,
      0.6,
      0.6,
      5.7,
      0.7,
      0.4,
      11.2,
      0.55,
      0.7,
      3.8,
      0.5,
      0.85,
      0.5,
      19.1,
      9.2,
      0.3,
      0.7,
      0.6,
      3.7,
      5.8,
      0.3,
      0.0,
      0.5,
      2.8,
      11.6,
      0.55,
      0.7,
      5.6,
      0.5,
      1.9,
      14.6,
      15.7,
      11.2,
      13.1,
      4.8,
      0.4,
      0.8,
      8.0,
      48.0,
      21.4,
      28.1,
      0.4,
      23.0,
      0.3,
      1.7
    ],
    [
      0.85,
      0.27,
      0.21,
      0.55,
      0.5,
      0.14,
      0.55,
      0.35,
      0.6,
      6.7,
      1.4,
      0.6,
      0.26,
      0.29,
      0.55,
      2.3,
      0.35,
      0.13,
      6.5,
      0.65,
      0.45,
      12.1,
      0.6,
      0.65,
      2.7,
      0.35,
      0.4,
      0.26,
      19.9,
      9.8,
      0.5,
      0.6,
      0.13,
      4.5,
      5.0,
      0.75,
      0.5,
      0.0,
      1.8,
      12.3,
      0.45,
      0.9,
      6.4,
      0.4,
      2.1,
      15.4,
      14.8,
      10.1,
      11.7,
      5.1,
      0.8,
      0.5,
      7.1,
      50.0,
      22.2,
      28.9,
      0.45,
      23.8,
      0.17,
      0.25
    ],
    [
      3.5,
      1.1,
      1.1,
      3.2,
      1.3,
      1.5,
      1.5,
      1.6,
      0.75,
      7.9,
      2.4,
      1.3,
      1.7,
      1.1,
      2.0,
      3.5,
      1.4,
      1.8,
      6.3,
      2.9,
      3.2,
      9.6,
      1.7,
      1.5,
      0.35,
      3.0,
      1.0,
      1.5,
      21.3,
      11.1,
      3.2,
      1.6,
      1.8,
      4.3,
      5.6,
      3.0,
      2.8,
      1.8,
      0.0,
      12.2,
      2.1,
      3.5,
      7.5,
      1.3,
      3.3,
      16.5,
      13.5,
      8.8,
      10.4,
      4.3,
      3.1,
      1.3,
      7.7,
      49.5,
      22.6,
      29.3,
      3.4,
      24.2,
      2.3,
      2.3
    ],
    [
      12.2,
      11.7,
      11.7,
      12.0,
      11.2,
      11.4,
      10.8,
      12.1,
      11.5,
      16.7,
      12.7,
      12.3,
      12.3,
      12.2,
      12.5,
      12.9,
      11.3,
      12.3,
      10.7,
      10.8,
      12.0,
      13.0,
      12.0,
      12.1,
      13.1,
      10.9,
      12.3,
      12.2,
      6.4,
      14.1,
      12.0,
      12.6,
      12.3,
      9.0,
      16.5,
      11.7,
      11.6,
      12.3,
      12.2,
      0.0,
      12.2,
      12.0,
      15.1,
      11.6,
      12.6,
      21.6,
      28.3,
      24.1,
      20.0,
      10.5,
      11.6,
      11.4,
      19.0,
      30.9,
      13.4,
      20.1,
      11.9,
      15.0,
      12.5,
      12.5
    ],
    [
      0.95,
      0.45,
      0.65,
      0.65,
      0.8,
      0.35,
      0.85,
      0.057,
      0.8,
      6.6,
      1.3,
      0.3,
      0.17,
      0.5,
      0.4,
      2.2,
      0.65,
      0.29,
      6.4,
      2.3,
      0.7,
      12.0,
      0.26,
      0.95,
      2.6,
      0.65,
      0.5,
      0.55,
      19.8,
      9.7,
      0.6,
      0.28,
      0.3,
      4.4,
      4.9,
      0.5,
      0.55,
      0.45,
      2.1,
      12.2,
      0.0,
      1.0,
      6.6,
      0.7,
      2.4,
      15.7,
      14.5,
      9.9,
      11.4,
      4.8,
      0.5,
      0.8,
      6.9,
      49.8,
      22.5,
      29.2,
      0.75,
      24.0,
      0.35,
      0.4
    ],
    [
      0.18,
      0.95,
      0.85,
      0.35,
      0.8,
      0.8,
      0.7,
      0.95,
      1.2,
      6.6,
      3.2,
      2.8,
      0.9,
      0.95,
      0.8,
      2.8,
      0.85,
      1.0,
      6.2,
      0.75,
      0.45,
      11.8,
      2.5,
      0.75,
      4.3,
      0.55,
      1.1,
      0.75,
      19.6,
      9.7,
      0.4,
      1.2,
      1.0,
      4.2,
      6.4,
      1.0,
      0.7,
      0.9,
      3.5,
      12.0,
      1.0,
      0.0,
      6.1,
      0.55,
      2.4,
      15.2,
      16.3,
      11.7,
      13.2,
      5.3,
      1.1,
      0.85,
      8.6,
      48.5,
      22.0,
      28.7,
      0.45,
      23.5,
      0.75,
      0.65
    ],
    [
      6.3,
      7.4,
      7.4,
      6.0,
      7.2,
      7.3,
      6.5,
      6.2,
      7.1,
      0.3,
      6.1,
      6.3,
      6.3,
      7.4,
      6.5,
      3.8,
      7.2,
      6.4,
      10.6,
      6.4,
      6.0,
      16.1,
      6.1,
      7.3,
      8.0,
      6.5,
      6.8,
      7.3,
      24.0,
      3.9,
      6.0,
      6.7,
      6.4,
      8.6,
      8.2,
      5.8,
      5.6,
      6.4,
      7.5,
      15.1,
      6.6,
      6.1,
      0.0,
      7.8,
      4.2,
      9.3,
      20.4,
      16.1,
      17.4,
      9.4,
      5.8,
      7.7,
      11.9,
      52.7,
      26.1,
      22.7,
      6.0,
      17.6,
      6.4,
      6.4
    ],
    [
      0.5,
      0.45,
      0.35,
      0.18,
      0.24,
      0.35,
      0.15,
      0.65,
      0.65,
      8.2,
      2.6,
      1.6,
      0.6,
      0.45,
      0.55,
      3.8,
      0.3,
      0.55,
      4.3,
      0.26,
      0.1,
      9.5,
      0.85,
      0.23,
      2.1,
      0.059,
      0.6,
      0.28,
      20.7,
      11.4,
      0.19,
      0.9,
      0.55,
      3.6,
      6.1,
      0.75,
      0.5,
      0.4,
      1.3,
      11.6,
      0.7,
      0.55,
      7.8,
      0.0,
      2.8,
      15.5,
      14.9,
      10.6,
      12.2,
      3.9,
      0.85,
      0.35,
      8.9,
      47.2,
      21.3,
      28.0,
      0.089,
      22.8,
      0.35,
      0.45
    ],
    [
      2.5,
      3.7,
      3.7,
      2.3,
      3.4,
      3.6,
      2.7,
      1.9,
      3.4,
      4.6,
      2.0,
      2.1,
      2.1,
      3.7,
      2.3,
      0.45,
      3.5,
      2.1,
      6.9,
      2.7,
      2.3,
      12.4,
      1.9,
      3.6,
      3.8,
      2.8,
      2.6,
      3.6,
      20.3,
      7.8,
      2.3,
      2.4,
      2.1,
      4.9,
      4.5,
      2.1,
      1.9,
      2.1,
      3.3,
      12.6,
      2.4,
      2.4,
      4.2,
      2.8,
      0.0,
      13.2,
      16.2,
      11.6,
      13.2,
      5.9,
      2.2,
      3.4,
      7.7,
      52.2,
      22.5,
      29.2,
      2.4,
      24.1,
      2.2,
      2.2
    ],
    [
      15.3,
      16.4,
      16.4,
      15.1,
      16.2,
      16.4,
      15.5,
      16.2,
      16.2,
      9.7,
      16.0,
      15.4,
      15.3,
      16.4,
      16.5,
      12.9,
      16.3,
      16.4,
      20.2,
      15.5,
      15.1,
      23.3,
      16.1,
      16.3,
      18.0,
      15.6,
      16.8,
      16.4,
      29.2,
      10.7,
      15.1,
      16.7,
      16.4,
      18.2,
      15.0,
      14.8,
      14.6,
      15.4,
      16.5,
      21.6,
      15.7,
      15.2,
      9.3,
      15.5,
      13.2,
      0.0,
      42.3,
      39.8,
      38.4,
      18.5,
      14.8,
      16.7,
      20.8,
      74.3,
      31.4,
      23.8,
      15.1,
      24.0,
      15.4,
      15.4
    ],
    [
      16.4,
      14.0,
      14.0,
      16.2,
      13.8,
      14.0,
      14.0,
      17.7,
      13.8,
      20.8,
      17.4,
      17.4,
      17.8,
      14.0,
      18.1,
      19.7,
      13.9,
      17.9,
      14.1,
      14.8,
      16.2,
      17.3,
      14.7,
      14.0,
      13.3,
      14.9,
      14.1,
      14.0,
      32.1,
      31.2,
      16.2,
      17.7,
      17.9,
      15.6,
      18.8,
      15.9,
      15.7,
      14.8,
      13.5,
      28.3,
      14.5,
      16.3,
      20.4,
      14.9,
      16.2,
      42.3,
      0.0,
      6.0,
      4.1,
      13.4,
      14.7,
      12.8,
      12.7,
      40.6,
      34.9,
      39.7,
      14.9,
      34.6,
      18.6,
      18.6
    ],
    [
      11.8,
      9.4,
      9.4,
      11.6,
      9.1,
      9.3,
      9.3,
      9.9,
      9.2,
      16.6,
      14.9,
      9.6,
      10.0,
      9.4,
      10.3,
      11.9,
      9.2,
      10.1,
      8.3,
      10.5,
      11.6,
      11.5,
      10.0,
      9.2,
      8.6,
      10.6,
      9.5,
      9.3,
      27.8,
      26.9,
      11.6,
      9.9,
      10.1,
      11.4,
      12.7,
      11.3,
      11.2,
      10.1,
      8.8,
      24.1,
      9.9,
      11.7,
      16.1,
      10.6,
      11.6,
      39.8,
      6.0,
      0.0,
      5.9,
      8.5,
      9.7,
      7.9,
      12.4,
      38.8,
      30.0,
      34.8,
      10.0,
      29.7,
      10.6,
      10.6
    ],
    [
      13.4,
      11.0,
      11.0,
      13.1,
      10.7,
      10.9,
      10.9,
      11.5,
      10.8,
      17.8,
      13.5,
      13.5,
      11.6,
      11.0,
      11.8,
      13.4,
      10.7,
      11.7,
      13.1,
      12.2,
      13.1,
      16.6,
      11.6,
      10.8,
      10.2,
      12.3,
      11.1,
      10.9,
      34.1,
      22.0,
      13.1,
      11.5,
      11.7,
      13.0,
      14.9,
      13.3,
      13.1,
      11.7,
      10.4,
      20.0,
      11.4,
      13.2,
      17.4,
      12.2,
      13.2,
      38.4,
      4.1,
      5.9,
      0.0,
      14.6,
      12.6,
      10.6,
      9.5,
      41.8,
      36.1,
      40.9,
      12.8,
      35.8,
      15.4,
      15.4
    ],
    [
      6.8,
      4.4,
      4.4,
      6.5,
      4.2,
      4.4,
      3.9,
      4.9,
      4.2,
      9.9,
      5.7,
      4.6,
      5.0,
      4.4,
      5.2,
      6.1,
      4.2,
      5.1,
      0.85,
      3.8,
      5.2,
      6.8,
      5.0,
      4.3,
      5.3,
      3.9,
      4.5,
      4.4,
      16.1,
      12.9,
      5.2,
      4.9,
      5.1,
      3.9,
      9.9,
      5.0,
      4.8,
      5.1,
      4.3,
      10.5,
      4.8,
      5.3,
      9.4,
      3.9,
      5.9,
      18.5,
      13.4,
      8.5,
      14.6,
      0.0,
      4.7,
      3.2,
      11.6,
      37.4,
      23.6,
      28.4,
      4.9,
      23.3,
      5.5,
      5.5
    ],
    [
      1.0,
      0.9,
      0.95,
      0.7,
      2.4,
      0.7,
      1.0,
      0.45,
      2.4,
      6.2,
      2.9,
      0.75,
      0.6,
      1.0,
      0.65,
      2.5,
      1.0,
      0.7,
      5.9,
      1.0,
      0.75,
      11.4,
      0.3,
      2.6,
      3.9,
      0.85,
      1.0,
      2.6,
      19.3,
      9.4,
      0.65,
      0.4,
      0.7,
      3.9,
      6.0,
      0.092,
      0.4,
      0.8,
      3.1,
      11.6,
      0.5,
      1.1,
      5.8,
      0.85,
      2.2,
      14.8,
      14.7,
      9.7,
      12.6,
      4.7,
      0.0,
      3.2,
      8.2,
      48.2,
      21.6,
      28.3,
      0.75,
      23.2,
      0.65,
      0.6
    ],
    [
      0.8,
      0.55,
      0.45,
      0.5,
      0.14,
      0.45,
      0.35,
      0.75,
      0.6,
      8.1,
      2.5,
      1.4,
      0.75,
      0.9,
      0.85,
      3.7,
      0.22,
      0.65,
      3.9,
      0.55,
      0.45,
      9.2,
      1.8,
      0.19,
      2.2,
      0.4,
      1.3,
      0.35,
      20.5,
      12.2,
      0.5,
      1.7,
      0.65,
      3.4,
      6.0,
      3.2,
      0.8,
      0.5,
      1.3,
      11.4,
      0.8,
      0.85,
      7.7,
      0.35,
      3.4,
      16.7,
      12.8,
      7.9,
      10.6,
      3.2,
      3.2,
      0.0,
      8.6,
      46.2,
      23.7,
      28.5,
      0.4,
      23.4,
      0.45,
      0.55
    ],
    [
      8.7,
      8.3,
      8.3,
      8.4,
      8.5,
      8.7,
      8.7,
      6.9,
      8.1,
      12.4,
      6.0,
      6.6,
      7.0,
      8.3,
      7.3,
      8.0,
      8.6,
      7.1,
      12.3,
      8.8,
      8.4,
      16.1,
      7.1,
      8.7,
      7.5,
      9.0,
      8.0,
      8.7,
      29.3,
      15.6,
      8.4,
      6.9,
      7.1,
      11.0,
      6.9,
      8.2,
      8.0,
      7.1,
      7.7,
      19.0,
      6.9,
      8.6,
      11.9,
      8.9,
      7.7,
      20.8,
      12.7,
      12.4,
      9.5,
      11.6,
      8.2,
      8.6,
      0.0,
      45.9,
      40.2,
      45.0,
      8.4,
      39.9,
      7.4,
      7.4
    ],
    [
      43.9,
      46.3,
      46.3,
      48.4,
      46.1,
      46.3,
      46.3,
      49.8,
      49.9,
      53.1,
      49.5,
      49.4,
      49.9,
      46.3,
      50.2,
      52.4,
      46.2,
      50.0,
      37.4,
      47.1,
      48.4,
      36.0,
      49.9,
      46.2,
      46.1,
      47.2,
      46.4,
      46.3,
      36.8,
      63.4,
      48.4,
      49.8,
      50.0,
      41.1,
      50.8,
      48.2,
      48.0,
      50.0,
      49.5,
      30.9,
      49.8,
      48.5,
      52.7,
      47.2,
      52.2,
      74.3,
      40.6,
      38.8,
      41.8,
      37.4,
      48.2,
      46.2,
      45.9,
      0.0,
      41.6,
      50.0,
      47.6,
      44.8,
      51.5,
      51.5
    ],
    [
      22.1,
      22.1,
      22.1,
      21.9,
      21.9,
      22.1,
      21.2,
      22.0,
      21.9,
      26.5,
      22.6,
      22.2,
      22.1,
      22.1,
      22.4,
      22.8,
      22.0,
      22.2,
      23.5,
      21.2,
      21.9,
      25.8,
      21.9,
      22.1,
      25.9,
      21.3,
      22.7,
      22.1,
      8.3,
      23.9,
      21.9,
      22.5,
      22.2,
      21.8,
      26.3,
      21.6,
      21.4,
      22.2,
      22.6,
      13.4,
      22.5,
      22.0,
      26.1,
      21.3,
      22.5,
      31.4,
      34.9,
      30.0,
      36.1,
      23.6,
      21.6,
      23.7,
      40.2,
      41.6,
      0.0,
      11.5,
      21.8,
      12.7,
      22.4,
      22.4
    ],
    [
      28.8,
      28.8,
      28.8,
      28.6,
      28.6,
      28.8,
      27.9,
      28.7,
      28.6,
      23.1,
      29.3,
      28.9,
      28.8,
      28.8,
      29.1,
      29.5,
      28.7,
      28.9,
      28.3,
      27.9,
      28.6,
      30.8,
      28.6,
      28.7,
      30.5,
      28.0,
      29.3,
      28.8,
      16.7,
      21.6,
      28.6,
      29.2,
      28.9,
      26.6,
      33.0,
      28.3,
      28.1,
      28.9,
      29.3,
      20.1,
      29.2,
      28.7,
      22.7,
      28.0,
      29.2,
      23.8,
      39.7,
      34.8,
      40.9,
      28.4,
      28.3,
      28.5,
      45.0,
      50.0,
      11.5,
      0.0,
      28.6,
      8.3,
      29.2,
      29.2
    ],
    [
      0.4,
      0.5,
      0.4,
      0.087,
      0.35,
      0.35,
      0.24,
      0.7,
      0.7,
      6.5,
      3.1,
      1.1,
      0.65,
      0.5,
      0.5,
      2.7,
      0.4,
      0.6,
      6.1,
      0.3,
      0.009,
      11.7,
      0.9,
      0.3,
      4.2,
      0.1,
      0.65,
      0.35,
      19.5,
      9.6,
      0.096,
      0.95,
      0.6,
      4.1,
      6.3,
      0.65,
      0.4,
      0.45,
      3.4,
      11.9,
      0.75,
      0.45,
      6.0,
      0.089,
      2.4,
      15.1,
      14.9,
      10.0,
      12.8,
      4.9,
      0.75,
      0.4,
      8.4,
      47.6,
      21.8,
      28.6,
