{
  "drive_dist_matrix": [
    [
      0.0,
      3.3,
      3.6,
      2.9,
      2.6,
      3.3,
      2.9,
      0.65,
      2.6,
      1.4,
      2.9,
      2.9,
      0.85,
      1.7,
      1.4,
      0.9,
      2.9,
      2.9,
      2.6,
      2.5
    ],
    [
      3.3,
      0.0,
      0.75,
      0.55,
      0.45,
      0.7,
      0.5,
      4.9,
      1.6,
      0.8,
      0.45,
      2.4,
      2.9,
      0.6,
      1.0,
      0.6,
      0.55,
      2.4,
      0.45,
      4.4
    ],
    [
      3.6,
      0.75,
      0.0,
      0.16,
      2.8,
      0.23,
      0.23,
      4.4,
      2.5,
      0.95,
      0.26,
      2.0,
      0.7,
      0.5,
      0.3,
      0.55,
      0.17,
      2.0,
      0.45,
      5.4
    ],
    [
      2.9,
      0.55,
      0.16,
      0.0,
      0.4,
      3.5,
      0.099,
      4.5,
      2.5,
      0.8,
      0.089,
      2.0,
      0.6,
      0.4,
      0.4,
      0.45,
      0.052,
      2.0,
      0.09,
      5.5
    ],
    [
      2.6,
      0.45,
      2.8,
      0.4,
      0.0,
      0.7,
      0.35,
      4.5,
      1.8,
      0.5,
      0.4,
      3.4,
      0.7,
      0.3,
      3.3,
      0.35,
      0.27,
      3.4,
      0.5,
      4.6
    ],
    [
      3.3,
      0.7,
      0.23,
      3.5,
      0.7,
      0.0,
      0.18,
      3.1,
      2.1,
      0.95,
      0.22,
      1.9,
      0.5,
      0.28,
      0.35,
      0.29,
      0.12,
      1.9,
      0.22,
      3.2
    ],
    [
      2.9,
      0.5,
      0.23,
      0.099,
      0.35,
      0.18,
      0.0,
      4.3,
      1.6,
      0.75,
      0.016,
      3.2,
      0.6,
      0.35,
      0.5,
      0.4,
      0.061,
      3.2,
      1.8,
      4.3
    ],
    [
      0.65,
      4.9,
      4.4,
      4.5,
      4.5,
      3.1,
      4.3,
      0.0,
      4.3,
      3.1,
      3.6,
      2.8,
      2.4,
      3.3,
      2.3,
      3.0,
      3.6,
      2.8,
      2.8,
      0.4
    ],
    [
      2.6,
      1.6,
      2.5,
      2.5,
      1.8,
      2.1,
      1.6,
      4.3,
      0.0,
      1.0,
      1.4,
      3.6,
      2.0,
      2.5,
      2.6,
      2.2,
      1.4,
      3.6,
      2.3,
      3.5
    ],
    [
      1.4,
      0.8,
      0.95,
      0.8,
      0.5,
      0.95,
      0.75,
      3.1,
      1.0,
      0.0,
      0.8,
      3.4,
      0.8,
      0.5,
      3.3,
      0.5,
      0.75,
      3.4,
      2.1,
      4.1
    ],
    [
      2.9,
      0.45,
      0.26,
      0.089,
      0.4,
      0.22,
      0.016,
      3.6,
      1.4,
      0.8,
      0.0,
      3.2,
      2.8,
      0.4,
      0.5,
      0.45,
      0.1,
      3.2,
      1.9,
      4.3
    ],
    [
      2.9,
      2.4,
      2.0,
      2.0,
      3.4,
      1.9,
      3.2,
      2.8,
      3.6,
      3.4,
      3.2,
      0.0,
      2.9,
      4.0,
      2.6,
      3.7,
      4.2,
      0.099,
      3.1,
      3.7
    ],
    [
      0.85,
      2.9,
      0.7,
      0.6,
      0.7,
      0.5,
      0.6,
      2.4,
      2.0,
      0.8,
      2.8,
      2.9,
      0.0,
      0.45,
      0.8,
      0.4,
      0.6,
      1.7,
      0.7,
      3.0
    ],
    [
      1.7,
      0.6,
      0.5,
      0.4,
      0.3,
      0.28,
      0.35,
      3.3,
      2.5,
      0.5,
      0.4,
      4.0,
      0.45,
      0.0,
      0.6,
      0.07,
      0.4,
      3.4,
      2.1,
      4.6
    ],
    [
      1.4,
      1.0,
      0.3,
      0.4,
      3.3,
      0.35,
      0.5,
      2.3,
      2.6,
      3.3,
      0.5,
      2.6,
      0.8,
      0.6,
      0.0,
      1.3,
      0.4,
      2.0,
      0.5,
      3.7
    ],
    [
      0.9,
      0.6,
      0.55,
      0.45,
      0.35,
      0.29,
      0.4,
      3.0,
      2.2,
      0.5,
      0.45,
      3.7,
      0.4,
      0.07,
      1.3,
      0.0,
      0.4,
      3.9,
      0.55,
      3.2
    ],
    [
      2.9,
      0.55,
      0.17,
      0.052,
      0.27,
      0.12,
      0.061,
      3.6,
      1.4,
      0.75,
      0.1,
      4.2,
      0.6,
      0.4,
      0.4,
      0.4,
      0.0,
      3.2,
      1.9,
      4.3
    ],
    [
      2.9,
      2.4,
      2.0,
      2.0,
      3.4,
      1.9,
      3.2,
      2.8,
      3.6,
      3.4,
      3.2,
      0.099,
      1.7,
      3.4,
      2.0,
      3.9,
      3.2,
      0.0,
      2.9,
      3.5
    ],
    [
      2.6,
      0.45,
      0.45,
      0.09,
      0.5,
      0.22,
      1.8,
      2.8,
      2.3,
      2.1,
      1.9,
      3.1,
      0.7,
      2.1,
      0.5,
      0.55,
      1.9,
      2.9,
      0.0,
      4.7
    ],
    [
      2.5,
      4.4,
      5.4,
      5.5,
      4.6,
      3.2,
      4.3,
      0.4,
      3.5,
      4.1,
      4.3,
      3.7,
      3.0,
      4.6,
      3.7,
      3.2,
      4.3,
      3.5,
      4.7,
      0.0
    ]
  ],
  "drive_time_matrix": [
    [
      0.0,
      8.0,
      9.0,
      6.0,
      6.0,
      8.0,
      6.0,
      5.0,
      6.0,
      4.0,
      6.0,
      7.0,
      6.0,
      5.0,
      4.0,
      11.0,
      6.0,
      7.0,
      6.0,
      5.0
    ],
    [
      8.0,
      0.0,
      9.0,
      6.0,
      6.0,
      8.0,
      6.0,
      11.0,
      4.0,
      11.0,
      5.0,
      5.0,
      7.0,
      8.0,
      12.0,
      8.0,
      7.0,
      5.0,
      6.0,
      10.0
    ],
    [
      9.0,
      9.0,
      0.0,
      2.0,
      6.0,
      3.0,
      3.0,
      9.0,
      6.0,
      11.0,
      3.0,
      4.0,
      9.0,
      7.0,
      4.0,
      8.0,
      2.0,
      4.0,
      1.0,
      11.0
    ],
    [
      6.0,
      6.0,
      2.0,
      0.0,
      6.0,
      1.0,
      1.0,
      9.0,
      6.0,
      11.0,
      1.0,
      4.0,
      8.0,
      6.0,
      5.0,
      6.0,
      1.0,
      4.0,
      1.0,
      11.0
    ],
    [
      6.0,
      6.0,
      6.0,
      6.0,
      0.0,
      3.0,
      4.0,
      11.0,
      5.0,
      8.0,
      5.0,
      8.0,
      10.0,
      5.0,
      8.0,
      5.0,
      1.0,
      8.0,
      6.0,
      10.0
    ],
    [
      8.0,
      8.0,
      3.0,
      1.0,
      3.0,
      0.0,
      2.0,
      8.0,
      6.0,
      11.0,
      2.0,
      5.0,
      7.0,
      4.0,
      4.0,
      4.0,
      1.0,
      5.0,
      2.0,
      8.0
    ],
    [
      6.0,
      6.0,
      3.0,
      1.0,
      4.0,
      2.0,
      0.0,
      11.0,
      4.0,
      11.0,
      1.0,
      7.0,
      8.0,
      5.0,
      6.0,
      6.0,
      1.0,
      7.0,
      5.0,
      10.0
    ],
    [
      5.0,
      11.0,
      9.0,
      9.0,
      11.0,
      8.0,
      11.0,
      0.0,
      11.0,
      8.0,
      10.0,
      7.0,
      6.0,
      9.0,
      6.0,
      8.0,
      10.0,
      7.0,
      7.0,
      6.0
    ],
    [
      6.0,
      4.0,
      6.0,
      6.0,
      5.0,
      6.0,
      4.0,
      11.0,
      0.0,
      10.0,
      3.0,
      8.0,
      5.0,
      7.0,
      6.0,
      6.0,
      3.0,
      8.0,
      6.0,
      8.0
    ],
    [
      4.0,
      11.0,
      11.0,
      11.0,
      8.0,
      11.0,
      11.0,
      8.0,
      10.0,
      0.0,
      9.0,
      8.0,
      10.0,
      6.0,
      8.0,
      6.0,
      9.0,
      8.0,
      6.0,
      10.0
    ],
    [
      6.0,
      5.0,
      3.0,
      1.0,
      5.0,
      2.0,
      1.0,
      10.0,
      3.0,
      9.0,
      0.0,
      8.0,
      7.0,
      6.0,
      6.0,
      6.0,
      1.0,
      8.0,
      5.0,
      10.0
    ],
    [
      7.0,
      5.0,
      4.0,
      4.0,
      8.0,
      5.0,
      7.0,
      7.0,
      8.0,
      8.0,
      8.0,
      0.0,
      6.0,
      8.0,
      4.0,
      7.0,
      9.0,
      1.0,
      5.0,
      8.0
    ],
    [
      6.0,
      7.0,
      9.0,
      8.0,
      10.0,
      7.0,
      8.0,
      6.0,
      5.0,
      10.0,
      7.0,
      6.0,
      0.0,
      6.0,
      9.0,
      5.0,
      7.0,
      5.0,
      8.0,
      7.0
    ],
    [
      5.0,
      8.0,
      7.0,
      6.0,
      5.0,
      4.0,
      5.0,
      9.0,
      7.0,
      6.0,
      6.0,
      8.0,
      6.0,
      0.0,
      8.0,
      1.0,
      4.0,
      8.0,
      6.0,
      11.0
    ],
    [
      4.0,
      12.0,
      4.0,
      5.0,
      8.0,
      4.0,
      6.0,
      6.0,
      6.0,
      8.0,
      6.0,
      4.0,
      9.0,
      8.0,
      0.0,
      8.0,
      5.0,
      4.0,
      6.0,
      9.0
    ],
    [
      11.0,
      8.0,
      8.0,
      6.0,
      5.0,
      4.0,
      6.0,
      8.0,
      6.0,
      6.0,
      6.0,
      7.0,
      5.0,
      1.0,
      8.0,
      0.0,
      4.0,
      10.0,
      6.0,
      8.0
    ],
    [
      6.0,
      7.0,
      2.0,
      1.0,
      1.0,
      1.0,
      1.0,
      10.0,
      3.0,
      9.0,
      1.0,
      9.0,
      7.0,
      4.0,
      5.0,
      4.0,
      0.0,
      7.0,
      5.0,
      10.0
    ],
    [
      7.0,
      5.0,
      4.0,
      4.0,
      8.0,
      5.0,
      7.0,
      7.0,
      8.0,
      8.0,
      8.0,
      1.0,
      5.0,
      8.0,
      4.0,
      10.0,
      7.0,
      0.0,
      5.0,
      8.0
    ],
    [
      6.0,
      6.0,
      1.0,
      1.0,
      6.0,
      2.0,
      5.0,
      7.0,
      6.0,
      6.0,
      5.0,
      5.0,
      8.0,
      6.0,
      6.0,
      6.0,
      5.0,
      5.0,
      0.0,
      11.0
    ],
    [
      5.0,
      10.0,
      11.0,
      11.0,
      10.0,
      8.0,
      10.0,
      6.0,
      8.0,
      10.0,
      10.0,
      8.0,
      7.0,
      11.0,
      9.0,
      8.0,
      10.0,
      8.0,
      11.0,
      0.0
    ]
  ],
  "transit_dist_walk_matrix": [
    [
      0.0,
      NaN,
      0.9166300000000001,
      0.8333,
      NaN,
      NaN,
      NaN,
      0.24999,
      NaN,
      NaN,
      NaN,
      0.66664,
      NaN,
      NaN,
      0.33332,
      NaN,
      NaN,
      0.74997,
      NaN,
      NaN
    ],
    [
      NaN,
      0.0,
      NaN,
      NaN,
      NaN,
      NaN,
      NaN,
      1.6666,
      0.8333,
      NaN,
      NaN,
      0.99996,
      NaN,
      NaN,
      NaN,
      NaN,
      NaN,
      1.08329,
      NaN,
      NaN
    ],
    [
      0.9166300000000001,
      NaN,
      0.0,
      NaN,
      NaN,
      NaN,
      NaN,
      0.8333,
      0.58331,
      0.66664,
      NaN,
      NaN,
      NaN,
      NaN,
      NaN,
      NaN,
      NaN,
      1.2499500000000001,
      NaN,
      0.74997
    ],
    [
      0.8333,
      NaN,
      NaN,
      0.0,
      NaN,
      NaN,
      NaN,
      0.74997,
      0.41665,
      NaN,
      NaN,
      NaN,
      NaN,
      NaN,
      NaN,
      NaN,
      NaN,
      1.16662,
      NaN,
      1.58327
    ],
    [
      NaN,
      NaN,
      NaN,
      NaN,
      0.0,
      NaN,
      NaN,
      NaN,
      NaN,
      NaN,
      NaN,
      1.16662,
      NaN,
      NaN,
      NaN,
      NaN,
      NaN,
      1.2499500000000001,
      NaN,
      1.91659
    ],
    [
      NaN,
      NaN,
      NaN,
      NaN,
      NaN,
      0.0,
      NaN,
      NaN,
      NaN,
      NaN,
      NaN,
      1.08329,
      NaN,
      NaN,
      NaN,
      NaN,
      NaN,
      1.16662,
      NaN,
      NaN
    ],
    [
      NaN,
      NaN,
      NaN,
      NaN,
      NaN,
      NaN,
      0.0,
      NaN,
      0.49998,
      NaN,
      NaN,
      0.8333,
      NaN,
      NaN,
      NaN,
      NaN,
      NaN,
      0.9166300000000001,
      NaN,
      NaN
    ],
    [
      0.24999,
      1.6666,
      0.8333,
      0.74997,
      NaN,
      NaN,
      NaN,
      0.0,
      NaN,
      1.33328,
      1.41661,
      1.2499500000000001,
      0.8333,
      1.2499500000000001,
      1.08329,
      1.16662,
      1.2499500000000001,
      1.2499500000000001,
      1.33328,
      NaN
    ],
    [
      NaN,
      0.8333,
      0.58331,
      0.41665,
      NaN,
      NaN,
      0.49998,
      NaN,
      0.0,
      0.58331,
      NaN,
      0.58331,
      NaN,
      NaN,
      NaN,
      NaN,
      NaN,
      0.66664,
      NaN,
      NaN
    ],
    [
      NaN,
      NaN,
      0.66664,
      NaN,
      NaN,
      NaN,
      NaN,
      1.33328,
      0.58331,
      0.0,
      NaN,
      1.99992,
      NaN,
      NaN,
      NaN,
      NaN,
      NaN,
      1.99992,
      NaN,
      NaN
    ],
    [
      NaN,
      NaN,
      NaN,
      NaN,
      NaN,
      NaN,
      NaN,
      1.41661,
      NaN,
      NaN,
      0.0,
      0.74997,
      NaN,
      NaN,
      NaN,
      NaN,
      NaN,
      NaN,
      NaN,
      1.6666
    ],
    [
      0.66664,
      0.99996,
      NaN,
      NaN,
      1.16662,
      1.08329,
      0.8333,
      1.2499500000000001,
      0.58331,
      1.99992,
      0.74997,
      0.0,
      0.58331,
      1.16662,
      NaN,
      1.16662,
      0.66664,
      NaN,
      0.74997,
      0.74997
    ],
    [
      NaN,
      NaN,
      NaN,
      NaN,
      NaN,
      NaN,
      NaN,
      0.8333,
      NaN,
      NaN,
      NaN,
      0.58331,
      0.0,
      NaN,
      NaN,
      NaN,
      NaN,
      0.66664,
      NaN,
      NaN
    ],
    [
      NaN,
      NaN,
      NaN,
      NaN,
      NaN,
      NaN,
      NaN,
      1.2499500000000001,
      NaN,
      NaN,
      NaN,
      1.16662,
      NaN,
      0.0,
      NaN,
      NaN,
      NaN,
      1.2499500000000001,
      NaN,
      1.58327
    ],
    [
      0.33332,
      NaN,
      NaN,
      NaN,
      NaN,
      NaN,
      NaN,
      1.08329,
      NaN,
      NaN,
      NaN,
      NaN,
      NaN,
      NaN,
      0.0,
      NaN,
      NaN,
      0.9166300000000001,
      NaN,
      1.74993
    ],
    [
      NaN,
      NaN,
      NaN,
      NaN,
      NaN,
      NaN,
      NaN,
      1.16662,
      NaN,
      NaN,
      NaN,
      1.16662,
      NaN,
      NaN,
      NaN,
      0.0,
      NaN,
      1.2499500000000001,
      NaN,
      1.49994
    ],
    [
      NaN,
      NaN,
      NaN,
      NaN,
      NaN,
      NaN,
      NaN,
      1.2499500000000001,
      NaN,
      NaN,
      NaN,
      0.66664,
      NaN,
      NaN,
      NaN,
      NaN,
      0.0,
      0.8333,
      NaN,
      1.58327
    ],
    [
      0.74997,
      1.08329,
      1.2499500000000001,
      1.16662,
      1.2499500000000001,
      1.16662,
      0.9166300000000001,
      1.2499500000000001,
      0.66664,
      1.99992,
      NaN,
      NaN,
      0.66664,
      1.2499500000000001,
      0.9166300000000001,
      1.2499500000000001,
      0.8333,
      0.0,
      1.08329,
      0.8333
    ],
    [
      NaN,
      NaN,
      NaN,
      NaN,
      NaN,
      NaN,
      NaN,
      1.33328,
      NaN,
      NaN,
      NaN,
      0.74997,
      NaN,
      NaN,
      NaN,
      NaN,
      NaN,
      1.08329,
      0.0,
      1.6666
    ],
    [
      NaN,
      NaN,
      0.74997,
      1.58327,
      1.91659,
      NaN,
      NaN,
      NaN,
      NaN,
      NaN,
      1.6666,
      0.74997,
      NaN,
      1.58327,
      1.74993,
      1.49994,
      1.58327,
      0.8333,
      1.6666,
      0.0
    ]
  ],
  "transit_time_matrix": [
    [
      0.0,
      0.0,
      13.0,
      12.0,
      0.0,
      0.0,
      NaN,
      5.0,
      0.0,
      NaN,
      0.0,
      7.0,
      NaN,
      NaN,
      15.0,
      NaN,
      NaN,
      7.0,
      0.0,
      0.0
    ],
    [
      0.0,
      0.0,
      NaN,
      NaN,
      NaN,
      NaN,
      NaN,
      11.0,
      4.0,
      NaN,
      NaN,
      16.0,
      0.0,
      NaN,
      NaN,
      NaN,
      NaN,
      17.0,
      NaN,
      0.0
    ],
    [
      13.0,
      NaN,
      0.0,
      NaN,
      NaN,
      NaN,
      NaN,
      9.0,
      13.0,
      11.0,
      NaN,
      0.0,
      NaN,
      NaN,
      NaN,
      NaN,
      NaN,
      18.0,
      NaN,
      16.0
    ],
    [
      12.0,
      NaN,
      NaN,
      0.0,
      NaN,
      NaN,
      NaN,
      13.0,
      12.0,
      NaN,
      NaN,
      0.0,
      NaN,
      NaN,
      NaN,
      NaN,
      NaN,
      19.0,
      NaN,
      11.0
    ],
    [
      0.0,
      NaN,
      NaN,
      NaN,
      0.0,
      NaN,
      NaN,
      0.0,
      0.0,
      NaN,
      NaN,
      18.0,
      NaN,
      NaN,
      NaN,
      NaN,
      NaN,
      8.0,
      NaN,
      25.0
    ],
    [
      0.0,
      NaN,
      NaN,
      NaN,
      NaN,
      0.0,
      NaN,
      0.0,
      0.0,
      NaN,
      NaN,
      18.0,
      NaN,
      NaN,
      NaN,
      NaN,
      NaN,
      20.0,
      NaN,
      NaN
    ],
    [
      NaN,
      NaN,
      NaN,
      NaN,
      NaN,
      NaN,
      0.0,
      NaN,
      13.0,
      NaN,
      NaN,
      7.0,
      NaN,
      NaN,
      NaN,
      NaN,
      NaN,
      15.0,
      NaN,
      0.0
    ],
    [
      5.0,
      11.0,
      9.0,
      13.0,
      0.0,
      0.0,
      NaN,
      0.0,
      0.0,
      20.0,
      22.0,
      24.0,
      12.0,
      9.0,
      6.0,
      8.0,
      20.0,
      24.0,
      21.0,
      NaN
    ],
    [
      0.0,
      4.0,
      13.0,
      12.0,
      0.0,
      0.0,
      13.0,
      0.0,
      0.0,
      10.0,
      0.0,
      30.0,
      NaN,
      0.0,
      0.0,
      0.0,
      0.0,
      8.0,
      0.0,
      0.0
    ],
    [
      NaN,
      NaN,
      11.0,
      NaN,
      NaN,
      NaN,
      NaN,
      20.0,
      10.0,
      0.0,
      NaN,
      27.0,
      NaN,
      NaN,
      NaN,
      NaN,
      NaN,
      8.0,
      NaN,
      0.0
    ],
    [
      0.0,
      NaN,
      NaN,
      NaN,
      NaN,
      NaN,
      NaN,
      22.0,
      0.0,
      NaN,
      0.0,
      13.0,
      0.0,
      NaN,
      NaN,
      NaN,
      NaN,
      0.0,
      NaN,
      22.0
    ],
    [
      7.0,
      16.0,
      0.0,
      0.0,
      18.0,
      18.0,
      7.0,
      24.0,
      30.0,
      27.0,
      13.0,
      0.0,
      11.0,
      17.0,
      0.0,
      16.0,
      10.0,
      NaN,
      5.0,
      17.0
    ],
    [
      NaN,
      0.0,
      NaN,
      NaN,
      NaN,
      NaN,
      NaN,
      12.0,
      NaN,
      NaN,
      0.0,
      11.0,
      0.0,
      NaN,
      0.0,
      NaN,
      NaN,
      13.0,
      NaN,
      0.0
    ],
    [
      NaN,
      NaN,
      NaN,
      NaN,
      NaN,
      NaN,
      NaN,
      9.0,
      0.0,
      NaN,
      NaN,
      17.0,
      NaN,
      0.0,
      NaN,
      NaN,
      NaN,
      19.0,
      NaN,
      11.0
    ],
    [
      15.0,
      NaN,
      NaN,
      NaN,
      NaN,
      NaN,
      NaN,
      6.0,
      0.0,
      NaN,
      NaN,
      0.0,
      0.0,
      NaN,
      0.0,
      NaN,
      NaN,
      14.0,
      NaN,
      23.0
    ],
    [
      NaN,
      NaN,
      NaN,
      NaN,
      NaN,
      NaN,
      NaN,
      8.0,
      0.0,
      NaN,
      NaN,
      16.0,
      NaN,
      NaN,
      NaN,
      0.0,
      NaN,
      10.0,
      NaN,
      20.0
    ],
    [
      NaN,
      NaN,
      NaN,
      NaN,
      NaN,
      NaN,
      NaN,
      20.0,
      0.0,
      NaN,
      NaN,
      10.0,
      NaN,
      NaN,
      NaN,
      NaN,
      0.0,
      14.0,
      NaN,
      10.0
    ],
    [
      7.0,
      17.0,
      18.0,
      19.0,
      8.0,
      20.0,
      15.0,
      24.0,
      8.0,
      8.0,
      0.0,
      NaN,
      13.0,
      19.0,
      14.0,
      10.0,
      14.0,
      0.0,
      14.0,
      18.0
    ],
    [
      0.0,
      NaN,
      NaN,
      NaN,
      NaN,
      NaN,
      NaN,
      21.0,
      0.0,
      NaN,
      NaN,
      5.0,
      NaN,
      NaN,
      NaN,
      NaN,
      NaN,
      14.0,
      0.0,
      22.0
    ],
    [
      0.0,
      0.0,
      16.0,
      11.0,
      25.0,
      NaN,
      0.0,
      NaN,
      0.0,
      0.0,
      22.0,
      17.0,
      0.0,
      11.0,
      23.0,
      20.0,
      10.0,
      18.0,
      22.0,
      0.0
    ]
  ],
  "walk_dist_matrix": [
    [
      0.0,
      1.5,
      1.2,
      1.1,
      1.2,
      1.0,
      1.1,
      0.65,
      1.9,
      1.1,
      1.1,
      2.0,
      0.45,
      0.95,
      1.2,
      0.9,
      1.1,
      2.1,
      1.2,
      1.0
    ],
    [
      1.5,
      0.0,
      0.75,
      0.55,
      0.45,
      0.7,
      0.5,
      2.1,
      1.1,
      0.8,
      0.45,
      2.2,
      1.0,
      0.6,
      1.0,
      0.6,
      0.55,
      2.3,
      0.45,
      2.5
    ],
    [
      1.2,
      0.75,
      0.0,
      0.16,
      0.5,
      0.23,
      0.23,
      1.6,
      1.4,
      0.95,
      0.26,
      1.6,
      0.7,
      0.5,
      0.3,
      0.55,
      0.17,
      1.6,
      0.26,
      2.0
    ],
    [
      1.1,
      0.55,
      0.16,
      0.0,
      0.4,
      0.12,
      0.099,
      1.5,
      1.3,
      0.8,
      0.089,
      1.7,
      0.6,
      0.4,
      0.4,
      0.45,
      0.052,
      1.7,
      0.09,
      1.9
    ],
    [
      1.2,
      0.45,
      0.5,
      0.4,
      0.0,
      0.45,
      0.35,
      1.9,
      1.0,
      0.5,
      0.4,
      2.0,
      0.7,
      0.3,
      0.75,
      0.35,
      0.35,
      2.1,
      0.5,
      2.2
    ],
    [
      1.0,
      0.7,
      0.23,
      0.12,
      0.45,
      0.0,
      0.18,
      3.1,
      1.4,
      0.8,
      0.22,
      1.8,
      0.5,
      0.28,
      0.35,
      0.29,
      0.12,
      1.8,
      0.22,
      1.8
    ],
    [
      1.1,
      0.5,
      0.23,
      0.099,
      0.35,
      0.18,
      0.0,
      1.6,
      1.2,
      0.75,
      0.042,
      1.8,
      0.6,
      0.35,
      0.5,
      0.4,
      0.061,
      1.8,
      0.14,
      2.0
    ],
    [
      0.65,
      2.1,
      1.6,
      1.5,
      1.9,
      3.1,
      1.6,
      0.0,
      2.5,
      1.7,
      1.8,
      2.6,
      1.1,
      1.6,
      1.9,
      1.5,
      NaN,
      2.7,
      1.9,
      0.4
    ],
    [
      1.9,
      1.1,
      1.4,
      1.3,
      1.0,
      1.4,
      1.2,
      2.5,
      0.0,
      1.0,
      1.2,
      3.0,
      1.7,
      1.3,
      1.7,
      1.3,
      1.3,
      3.0,
      1.3,
      2.8
    ],
    [
      1.1,
      0.8,
      0.95,
      0.8,
      0.5,
      0.8,
      0.75,
      1.7,
      1.0,
      0.0,
      0.8,
      2.3,
      0.8,
      0.5,
      1.2,
      0.5,
      0.75,
      2.4,
      0.9,
      2.1
    ],
    [
      1.1,
      0.45,
      0.26,
      0.089,
      0.4,
      0.22,
      0.042,
      1.8,
      1.2,
      0.8,
      0.0,
      NaN,
      0.65,
      0.4,
      0.5,
      0.45,
      0.1,
      1.8,
      0.13,
      2.0
    ],
    [
      2.0,
      2.2,
      1.6,
      1.7,
      2.0,
      1.8,
      1.8,
      2.6,
      3.0,
      2.3,
      NaN,
      0.0,
      1.7,
      1.9,
      1.4,
      1.9,
      1.7,
      0.099,
      1.8,
      2.8
    ],
    [
      0.45,
      1.0,
      0.7,
      0.6,
      0.7,
      0.5,
      0.6,
      1.1,
      1.7,
      0.8,
      0.65,
      1.7,
      0.0,
      0.45,
      0.8,
      0.4,
      0.6,
      1.7,
      0.7,
      1.4
    ],
    [
      0.95,
      0.6,
      0.5,
      0.4,
      0.3,
      0.28,
      0.35,
      1.6,
      1.3,
      0.5,
      0.4,
      1.9,
      0.45,
      0.0,
      0.6,
      0.07,
      0.4,
      2.0,
      0.5,
      1.9
    ],
    [
      1.2,
      1.0,
      0.3,
      0.4,
      0.75,
      0.35,
      0.5,
      1.9,
      1.7,
      1.2,
      0.5,
      1.4,
      0.8,
      0.6,
      0.0,
      0.6,
      0.4,
      1.5,
      0.5,
      2.1
    ],
    [
      0.9,
      0.6,
      0.55,
      0.45,
      0.35,
      0.29,
      0.4,
      1.5,
      1.3,
      0.5,
      0.45,
      1.9,
      0.4,
      0.07,
      0.6,
      0.0,
      0.4,
      1.9,
      0.55,
      1.8
    ],
    [
      1.1,
      0.55,
      0.17,
      0.052,
      0.35,
      0.12,
      0.061,
      NaN,
      1.3,
      0.75,
      0.1,
      1.7,
      0.6,
      0.4,
      0.4,
      0.4,
      0.0,
      1.8,
      0.15,
      1.9
    ],
    [
      2.1,
      2.3,
      1.6,
      1.7,
      2.1,
      1.8,
      1.8,
      2.7,
      3.0,
      2.4,
      1.8,
      0.099,
      1.7,
      2.0,
      1.5,
      1.9,
      1.8,
      0.0,
      NaN,
      2.9
    ],
    [
      1.2,
      0.45,
      0.26,
      0.09,
      0.5,
      0.22,
      0.14,
      1.9,
      1.3,
      0.9,
      0.13,
      1.8,
      0.7,
      0.5,
      0.5,
      0.55,
      0.15,
      NaN,
      0.0,
      2.0
    ],
    [
      1.0,
      2.5,
      2.0,
      1.9,
      2.2,
      1.8,
      2.0,
      0.4,
      2.8,
      2.1,
      2.0,
      2.8,
      1.4,
      1.9,
      2.1,
      1.8,
      1.9,
      2.9,
      2.0,
      0.0
    ]
  ],
  "walk_time_matrix": [
    [
      0.0,
      19.0,
      13.0,
      12.0,
      15.0,
      12.0,
      13.0,
      9.0,
      24.0,
      15.0,
      13.0,
      15.0,
      6.0,
      12.0,
      15.0,
      11.0,
      13.0,
      16.0,
      14.0,
      5.0
    ],
    [
      19.0,
      0.0,
      9.0,
      6.0,
      6.0,
      8.0,
      6.0,
      26.0,
      19.0,
      11.0,
      5.0,
      16.0,
      13.0,
      8.0,
      12.0,
      8.0,
      7.0,
      17.0,
      6.0,
      32.0
    ],
    [
      13.0,
      9.0,
      0.0,
      2.0,
      7.0,
      3.0,
      3.0,
      21.0,
      19.0,
      11.0,
      3.0,
      21.0,
      9.0,
      7.0,
      4.0,
      8.0,
      2.0,
      21.0,
      3.0,
      16.0
    ],
    [
      12.0,
      6.0,
      2.0,
      0.0,
      6.0,
      1.0,
      1.0,
      20.0,
      12.0,
      11.0,
      1.0,
      22.0,
      8.0,
      6.0,
      5.0,
      6.0,
      1.0,
      23.0,
      1.0,
      21.0
    ],
    [
      15.0,
      6.0,
      7.0,
      6.0,
      0.0,
      6.0,
      4.0,
      24.0,
      15.0,
      8.0,
      5.0,
      26.0,
      10.0,
      5.0,
      10.0,
      5.0,
      4.0,
      27.0,
      6.0,
      25.0
    ],
    [
      12.0,
      8.0,
      3.0,
      1.0,
      6.0,
      0.0,
      2.0,
      8.0,
      18.0,
      11.0,
      2.0,
      18.0,
      7.0,
      4.0,
      4.0,
      4.0,
      1.0,
      23.0,
      2.0,
      24.0
    ],
    [
      13.0,
      6.0,
      3.0,
      1.0,
      4.0,
      2.0,
      0.0,
      21.0,
      16.0,
      11.0,
      1.0,
      23.0,
      8.0,
      5.0,
      6.0,
      6.0,
      1.0,
      15.0,
      2.0,
      26.0
    ],
    [
      9.0,
      26.0,
      21.0,
      20.0,
      24.0,
      8.0,
      21.0,
      0.0,
      31.0,
      21.0,
      21.0,
      24.0,
      12.0,
      19.0,
      23.0,
      18.0,
      0.0,
      24.0,
      22.0,
      6.0
    ],
    [
      24.0,
      19.0,
      19.0,
      12.0,
      15.0,
      18.0,
      16.0,
      31.0,
      0.0,
      12.0,
      14.0,
      30.0,
      21.0,
      15.0,
      20.0,
      16.0,
      14.0,
      37.0,
      15.0,
      35.0
    ],
    [
      15.0,
      11.0,
      11.0,
      11.0,
      8.0,
      11.0,
      11.0,
      21.0,
      12.0,
      0.0,
      9.0,
      27.0,
      10.0,
      6.0,
      14.0,
      6.0,
      9.0,
      27.0,
      10.0,
      26.0
    ],
    [
      13.0,
      5.0,
      3.0,
      1.0,
      5.0,
      2.0,
      1.0,
      21.0,
      14.0,
      9.0,
      0.0,
      0.0,
      8.0,
      6.0,
      6.0,
      6.0,
      1.0,
      24.0,
      2.0,
      26.0
    ],
    [
      15.0,
      16.0,
      21.0,
      22.0,
      26.0,
      18.0,
      23.0,
      24.0,
      30.0,
      27.0,
      0.0,
      0.0,
      21.0,
      25.0,
      18.0,
      16.0,
      21.0,
      1.0,
      22.0,
      36.0
    ],
    [
      6.0,
      13.0,
      9.0,
      8.0,
      10.0,
      7.0,
      8.0,
      12.0,
      21.0,
      10.0,
      8.0,
      21.0,
      0.0,
      6.0,
      9.0,
      5.0,
      7.0,
      22.0,
      8.0,
      18.0
    ],
    [
      12.0,
      8.0,
      7.0,
      6.0,
      5.0,
      4.0,
      5.0,
      19.0,
      15.0,
      6.0,
      6.0,
      25.0,
      6.0,
      0.0,
      8.0,
      1.0,
      4.0,
      26.0,
      6.0,
      25.0
    ],
    [
      15.0,
      12.0,
      4.0,
      5.0,
      10.0,
      4.0,
      6.0,
      23.0,
      20.0,
      14.0,
      6.0,
      18.0,
      9.0,
      8.0,
      0.0,
      8.0,
      5.0,
      19.0,
      6.0,
      27.0
    ],
    [
      11.0,
      8.0,
      8.0,
      6.0,
      5.0,
      4.0,
      6.0,
      18.0,
      16.0,
      6.0,
      6.0,
      16.0,
      5.0,
      1.0,
      8.0,
      0.0,
      4.0,
      25.0,
      6.0,
      20.0
    ],
    [
      13.0,
      7.0,
      2.0,
      1.0,
      4.0,
      1.0,
      1.0,
      0.0,
      14.0,
      9.0,
      1.0,
      21.0,
      7.0,
      4.0,
      5.0,
      4.0,
      0.0,
      14.0,
      2.0,
      25.0
    ],
    [
      16.0,
      17.0,
      21.0,
      23.0,
      27.0,
      23.0,
      15.0,
      24.0,
      37.0,
      27.0,
      24.0,
      1.0,
      22.0,
      26.0,
      19.0,
      25.0,
      14.0,
      0.0,
      0.0,
      37.0
    ],
    [
      14.0,
      6.0,
      3.0,
      1.0,
      6.0,
      2.0,
      2.0,
      22.0,
      15.0,
      10.0,
      2.0,
      22.0,
      8.0,
      6.0,
      6.0,
      6.0,
      2.0,
      0.0,
      0.0,
      26.0
    ],
    [
      5.0,
      32.0,
      16.0,
      21.0,
      25.0,
      24.0,
      26.0,
      6.0,
      35.0,
      26.0,
      26.0,
      36.0,
      18.0,
      25.0,
      27.0,
      20.0,
      25.0,
      37.0,
      26.0,
      0.0
    ]
  ],
  "cycle_dist_matrix": [
    [
      0.0,
      1.7,
      1.2,
      1.0,
      1.5,
      0.85,
      1.1,
      0.65,
      2.1,
      1.3,
      1.1,
      2.1,
      0.45,
      1.4,
      1.2,
      1.0,
      1.0,
      2.1,
      1.1,
      1.6
    ],
    [
      1.7,
      0.0,
      0.8,
      0.65,
      0.55,
      0.75,
      0.6,
      2.4,
      1.3,
      1.0,
      0.55,
      2.2,
      1.3,
      0.8,
      1.0,
      0.75,
      0.65,
      2.7,
      0.7,
      2.5
    ],
    [
      1.2,
      0.8,
      0.0,
      0.16,
      0.7,
      0.23,
      0.23,
      1.9,
      1.4,
      1.2,
      0.26,
      1.6,
      0.7,
      0.7,
      0.29,
      0.65,
      0.17,
      2.1,
      0.26,
      2.0
    ],
    [
      1.0,
      0.65,
      0.16,
      0.0,
      0.5,
      0.12,
      0.099,
      1.7,
      1.3,
      1.1,
      0.089,
      1.7,
      0.65,
      0.4,
      0.4,
      0.55,
      0.052,
      2.1,
      0.09,
      1.9
    ],
    [
      1.5,
      0.55,
      0.7,
      0.5,
      0.0,
      0.45,
      0.35,
      2.1,
      1.0,
      0.7,
      0.4,
      2.4,
      1.0,
      0.3,
      0.75,
      0.35,
      0.35,
      2.5,
      0.5,
      2.8
    ],
    [
      0.85,
      0.75,
      0.23,
      0.12,
      0.45,
      0.0,
      0.23,
      1.6,
      1.4,
      1.0,
      0.22,
      2.0,
      0.55,
      0.5,
      0.35,
      0.4,
      0.12,
      2.1,
      0.22,
      2.3
    ],
    [
      1.1,
      0.6,
      0.23,
      0.099,
      0.35,
      0.23,
      0.0,
      1.6,
      1.2,
      1.2,
      0.042,
      2.1,
      0.75,
      0.45,
      0.45,
      0.4,
      0.061,
      2.2,
      0.14,
      2.6
    ],
    [
      0.65,
      2.4,
      1.9,
      1.7,
      2.1,
      1.6,
      1.6,
      0.0,
      2.7,
      1.8,
      2.0,
      3.1,
      1.4,
      2.0,
      2.1,
      1.6,
      1.9,
      3.1,
      1.9,
      0.4
    ],
    [
      2.1,
      1.3,
      1.4,
      1.3,
      1.0,
      1.4,
      1.2,
      2.7,
      0.0,
      1.0,
      1.4,
      3.5,
      2.0,
      1.3,
      1.8,
      1.6,
      1.4,
      3.5,
      1.5,
      3.5
    ],
    [
      1.3,
      1.0,
      1.2,
      1.1,
      0.7,
      1.0,
      1.2,
      1.8,
      1.0,
      0.0,
      0.8,
      2.9,
      1.4,
      0.5,
      1.2,
      0.55,
      0.75,
      2.9,
      0.9,
      3.0
    ],
    [
      1.1,
      0.55,
      0.26,
      0.089,
      0.4,
      0.22,
      0.042,
      2.0,
      1.4,
      0.8,
      0.0,
      2.1,
      0.75,
      0.45,
      0.5,
      0.65,
      0.1,
      1.8,
      0.13,
      2.5
    ],
    [
      2.1,
      2.2,
      1.6,
      1.7,
      2.4,
      2.0,
      2.1,
      3.1,
      3.5,
      2.9,
      2.1,
      0.0,
      2.7,
      3.2,
      1.4,
      3.2,
      1.7,
      0.099,
      1.8,
      3.0
    ],
    [
      0.45,
      1.3,
      0.7,
      0.65,
      1.0,
      0.55,
      0.75,
      1.4,
      2.0,
      1.4,
      0.75,
      2.7,
      0.0,
      0.5,
      0.85,
      0.45,
      0.6,
      1.8,
      0.7,
      2.0
    ],
    [
      1.4,
      0.8,
      0.7,
      0.4,
      0.3,
      0.5,
      0.45,
      2.0,
      1.3,
      0.5,
      0.45,
      3.2,
      0.5,
      0.0,
      0.9,
      0.07,
      0.5,
      2.7,
      0.65,
      3.0
    ],
    [
      1.2,
      1.0,
      0.29,
      0.4,
      0.75,
      0.35,
      0.45,
      2.1,
      1.8,
      1.2,
      0.5,
      1.4,
      0.85,
      0.9,
      0.0,
      0.75,
      0.4,
      1.7,
      0.5,
      2.8
    ],
    [
      1.0,
      0.75,
      0.65,
      0.55,
      0.35,
      0.4,
      0.4,
      1.6,
      1.6,
      0.55,
      0.65,
      3.2,
      0.45,
      0.07,
      0.75,
      0.0,
      0.4,
      2.1,
      0.55,
      2.4
    ],
    [
      1.0,
      0.65,
      0.17,
      0.052,
      0.35,
      0.12,
      0.061,
      1.9,
      1.4,
      0.75,
      0.1,
      1.7,
      0.6,
      0.5,
      0.4,
      0.4,
      0.0,
      2.2,
      0.15,
      1.9
    ],
    [
      2.1,
      2.7,
      2.1,
      2.1,
      2.5,
      2.1,
      2.2,
      3.1,
      3.5,
      2.9,
      1.8,
      0.099,
      1.8,
      2.7,
      1.7,
      2.1,
      2.2,
      0.0,
      1.9,
      2.9
    ],
    [
      1.1,
      0.7,
      0.26,
      0.09,
      0.5,
      0.22,
      0.14,
      1.9,
      1.5,
      0.9,
      0.13,
      1.8,
      0.7,
      0.65,
      0.5,
      0.55,
      0.15,
      1.9,
      0.0,
      2.5
    ],
    [
      1.6,
      2.5,
      2.0,
      1.9,
      2.8,
      2.3,
      2.6,
      0.4,
      3.5,
      3.0,
      2.5,
      3.0,
      2.0,
      3.0,
      2.8,
      2.4,
      1.9,
      2.9,
      2.5,
      0.0
    ]
  ],
  "cycle_time_matrix": [
    [
      0.0,
      6.0,
      15.0,
      3.0,
      6.0,
      3.0,
      3.0,
      9.0,
      9.0,
      5.0,
      13.0,
      9.0,
      2.0,
      6.0,
      4.0,
      5.0,
      3.0,
      9.0,
      3.0,
      10.0
    ],
    [
      6.0,
      0.0,
      2.0,
      2.0,
      2.0,
      2.0,
      1.0,
      9.0,
      19.0,
      5.0,
      1.0,
      28.0,
      4.0,
      4.0,
      3.0,
      8.0,
      2.0,
      9.0,
      2.0,
      32.0
    ],
    [
      15.0,
      2.0,
      0.0,
      1.0,
      3.0,
      1.0,
      3.0,
      8.0,
      7.0,
      6.0,
      3.0,
      21.0,
      9.0,
      5.0,
      1.0,
      5.0,
      1.0,
      7.0,
      3.0,
      16.0
    ],
    [
      3.0,
      2.0,
      1.0,
      0.0,
      3.0,
      1.0,
      1.0,
      8.0,
      12.0,
      6.0,
      1.0,
      22.0,
      2.0,
      6.0,
      1.0,
      4.0,
      1.0,
      8.0,
      1.0,
      21.0
    ],
    [
      6.0,
      2.0,
      3.0,
      3.0,
      0.0,
      2.0,
      1.0,
      9.0,
      15.0,
      5.0,
      1.0,
      9.0,
      4.0,
      4.0,
      3.0,
      4.0,
      1.0,
      9.0,
      2.0,
      25.0
    ],
    [
      3.0,
      2.0,
      1.0,
      1.0,
      2.0,
      0.0,
      1.0,
      7.0,
      18.0,
      5.0,
      1.0,
      8.0,
      2.0,
      5.0,
      4.0,
      4.0,
      1.0,
      8.0,
      1.0,
      12.0
    ],
    [
      3.0,
      1.0,
      3.0,
      1.0,
      1.0,
      1.0,
      0.0,
      21.0,
      6.0,
      6.0,
      1.0,
      8.0,
      3.0,
      4.0,
      2.0,
      6.0,
      1.0,
      8.0,
      2.0,
      12.0
    ],
    [
      9.0,
      9.0,
      8.0,
      8.0,
      9.0,
      7.0,
      21.0,
      0.0,
      9.0,
      6.0,
      5.0,
      10.0,
      3.0,
      6.0,
      5.0,
      6.0,
      4.0,
      10.0,
      22.0,
      6.0
    ],
    [
      9.0,
      19.0,
      7.0,
      12.0,
      15.0,
      18.0,
      6.0,
      9.0,
      0.0,
      12.0,
      4.0,
      11.0,
      6.0,
      15.0,
      5.0,
      6.0,
      14.0,
      12.0,
      4.0,
      13.0
    ],
    [
      5.0,
      5.0,
      6.0,
      6.0,
      5.0,
      5.0,
      6.0,
      6.0,
      12.0,
      0.0,
      2.0,
      10.0,
      4.0,
      2.0,
      3.0,
      3.0,
      2.0,
      10.0,
      2.0,
      11.0
    ],
    [
      13.0,
      1.0,
      3.0,
      1.0,
      1.0,
      1.0,
      1.0,
      5.0,
      4.0,
      2.0,
      0.0,
      8.0,
      3.0,
      5.0,
      2.0,
      4.0,
      1.0,
      24.0,
      1.0,
      12.0
    ],
    [
      9.0,
      28.0,
      21.0,
      22.0,
      9.0,
      8.0,
      8.0,
      10.0,
      11.0,
      10.0,
      8.0,
      0.0,
      10.0,
      25.0,
      18.0,
      14.0,
      9.0,
      1.0,
      10.0,
      15.0
    ],
    [
      2.0,
      4.0,
      9.0,
      2.0,
      4.0,
      2.0,
      3.0,
      3.0,
      6.0,
      4.0,
      3.0,
      10.0,
      0.0,
      5.0,
      2.0,
      3.0,
      7.0,
      7.0,
      2.0,
      10.0
    ],
    [
      6.0,
      4.0,
      5.0,
      6.0,
      4.0,
      5.0,
      4.0,
      6.0,
      15.0,
      2.0,
      5.0,
      25.0,
      5.0,
      0.0,
      4.0,
      1.0,
      2.0,
      10.0,
      3.0,
      14.0
    ],
    [
      4.0,
      3.0,
      1.0,
      1.0,
      3.0,
      4.0,
      2.0,
      5.0,
      5.0,
      3.0,
      2.0,
      18.0,
      2.0,
      4.0,
      0.0,
      5.0,
      1.0,
      7.0,
      1.0,
      13.0
    ],
    [
      5.0,
      8.0,
      5.0,
      4.0,
      4.0,
      4.0,
      6.0,
      6.0,
      6.0,
      3.0,
      4.0,
      14.0,
      3.0,
      1.0,
      5.0,
      0.0,
      3.0,
      11.0,
      3.0,
      14.0
    ],
    [
      3.0,
      2.0,
      1.0,
      1.0,
      1.0,
      1.0,
      1.0,
      4.0,
      14.0,
      2.0,
      1.0,
      9.0,
      7.0,
      2.0,
      1.0,
      3.0,
      0.0,
      8.0,
      1.0,
      25.0
    ],
    [
      9.0,
      9.0,
      7.0,
      8.0,
      9.0,
      8.0,
      8.0,
      10.0,
      12.0,
      10.0,
      24.0,
      1.0,
      7.0,
      10.0,
      7.0,
      11.0,
      8.0,
      0.0,
      10.0,
      37.0
    ],
    [
      3.0,
      2.0,
      3.0,
      1.0,
      2.0,
      1.0,
      2.0,
      22.0,
      4.0,
      2.0,
      1.0,
      10.0,
      2.0,
      3.0,
      1.0,
      3.0,
      1.0,
      10.0,
      0.0,
      12.0
    ],
    [
      10.0,
      32.0,
      16.0,
      21.0,
      25.0,
      12.0,
      12.0,
      6.0,
      13.0,
      11.0,
      12.0,
      15.0,
      10.0,
      14.0,
      13.0,
      14.0,
      25.0,
      37.0,
      12.0,
      0.0
    ]
  ],
  "avg_dd": [
    [
      1.7790300000000008
    ]
  ]
}