{
  "drive_dist_matrix": [
    [
      0.0,
      14.4,
      0.65,
      0.8,
      0.062,
      3.2,
      1.5,
      1.3,
      1.8,
      1.5,
      16.0,
      1.2,
      0.65,
      1.7,
      7.7,
      0.5,
      2.5,
      6.9,
      1.3,
      6.5,
      13.8,
      4.8,
      8.7,
      0.6,
      8.0,
      4.5,
      0.35,
      1.8,
      5.6,
      40.1,
      0.65,
      6.7,
      1.5,
      4.9,
      2.1,
      0.65,
      23.7,
      0.4,
      23.8,
      0.85,
      19.1,
      1.0,
      3.8,
      8.5,
      0.9,
      8.1,
      0.95,
      9.6,
      5.6,
      2.0,
      3.6,
      1.3,
      4.3
    ],
    [
      14.4,
      0.0,
      13.2,
      13.7,
      14.5,
      16.1,
      14.9,
      14.1,
      13.1,
      12.4,
      14.7,
      14.9,
      13.6,
      14.8,
      19.4,
      15.0,
      12.9,
      9.8,
      14.9,
      10.9,
      12.5,
      12.2,
      16.6,
      13.4,
      8.0,
      11.3,
      14.8,
      13.4,
      10.0,
      30.6,
      14.8,
      11.1,
      12.4,
      12.2,
      13.5,
      13.4,
      22.9,
      12.9,
      22.5,
      14.4,
      6.0,
      13.7,
      12.0,
      7.5,
      15.0,
      8.0,
      13.6,
      15.9,
      10.7,
      13.4,
      11.8,
      14.2,
      11.7
    ],
    [
      0.65,
      13.2,
      0.0,
      0.45,
      0.6,
      3.4,
      1.3,
      0.9,
      1.3,
      1.1,
      15.8,
      0.3,
      0.3,
      2.2,
      7.3,
      1.0,
      2.0,
      5.4,
      1.6,
      5.0,
      13.7,
      1.2,
      8.5,
      0.28,
      6.4,
      2.9,
      0.85,
      1.2,
      4.1,
      38.6,
      0.35,
      5.1,
      1.1,
      1.2,
      1.6,
      0.14,
      22.2,
      0.95,
      23.6,
      0.22,
      17.5,
      0.45,
      3.3,
      7.0,
      1.2,
      6.6,
      0.5,
      9.5,
      4.0,
      1.5,
      3.2,
      0.85,
      2.8
    ],
    [
      0.8,
      13.7,
      0.45,
      0.0,
      0.75,
      3.1,
      1.5,
      1.3,
      1.8,
      1.4,
      15.9,
      0.7,
      0.13,
      2.0,
      7.6,
      1.1,
      2.5,
      5.9,
      1.3,
      5.4,
      13.8,
      1.3,
      8.6,
      0.35,
      6.9,
      3.4,
      1.0,
      1.7,
      4.6,
      39.1,
      0.55,
      5.6,
      1.2,
      1.3,
      2.0,
      0.5,
      22.7,
      2.2,
      23.7,
      0.65,
      18.0,
      0.65,
      3.7,
      7.5,
      0.95,
      7.0,
      0.8,
      9.6,
      4.5,
      1.9,
      3.6,
      1.2,
      3.3
    ],
    [
      0.062,
      14.5,
      0.6,
      0.75,
      0.0,
      3.2,
      1.5,
      1.3,
      1.8,
      1.0,
      16.0,
      0.8,
      0.6,
      1.7,
      7.7,
      0.45,
      2.5,
      6.9,
      1.3,
      6.5,
      13.8,
      4.8,
      8.7,
      0.6,
      8.0,
      4.5,
      0.3,
      1.8,
      5.6,
      40.1,
      0.65,
      6.7,
      1.5,
      4.9,
      2.1,
      0.6,
      23.7,
      0.45,
      23.8,
      0.8,
      19.1,
      1.0,
      3.8,
      8.5,
      0.85,
      8.1,
      0.95,
      9.6,
      5.6,
      2.0,
      3.6,
      1.3,
      4.3
    ],
    [
      3.2,
      16.1,
      3.4,
      3.1,
      3.2,
      0.0,
      2.3,
      2.8,
      4.6,
      4.3,
      17.6,
      4.1,
      3.2,
      3.0,
      5.7,
      3.1,
      3.3,
      8.4,
      1.8,
      8.0,
      15.4,
      6.3,
      10.0,
      3.4,
      9.5,
      6.0,
      2.9,
      4.6,
      7.1,
      41.6,
      3.2,
      8.2,
      4.2,
      6.4,
      4.0,
      3.4,
      25.2,
      3.4,
      25.4,
      3.6,
      20.6,
      3.8,
      4.5,
      10.0,
      2.4,
      9.6,
      3.2,
      11.2,
      7.1,
      3.9,
      4.3,
      2.8,
      5.8
    ],
    [
      1.5,
      14.9,
      1.3,
      1.5,
      1.5,
      2.3,
      0.0,
      0.6,
      2.6,
      2.3,
      16.3,
      2.0,
      1.6,
      3.2,
      6.9,
      1.1,
      1.9,
      7.1,
      0.75,
      6.3,
      14.1,
      4.6,
      8.4,
      1.4,
      7.7,
      4.2,
      1.7,
      2.5,
      5.4,
      40.4,
      1.1,
      6.5,
      2.2,
      4.6,
      2.2,
      1.3,
      23.5,
      3.6,
      24.1,
      1.5,
      19.4,
      1.7,
      3.2,
      8.2,
      0.65,
      8.5,
      1.3,
      9.9,
      5.3,
      2.1,
      3.1,
      0.85,
      4.1
    ],
    [
      1.3,
      14.1,
      0.9,
      1.3,
      1.3,
      2.8,
      0.6,
      0.0,
      1.7,
      1.9,
      15.7,
      0.85,
      1.2,
      2.8,
      6.4,
      1.6,
      1.2,
      6.6,
      1.2,
      5.9,
      13.6,
      4.2,
      7.9,
      1.0,
      8.6,
      3.8,
      1.5,
      1.7,
      5.0,
      39.9,
      0.65,
      6.1,
      1.8,
      4.2,
      1.9,
      0.75,
      23.1,
      2.6,
      23.5,
      1.1,
      18.8,
      1.3,
      2.7,
      7.7,
      0.95,
      7.9,
      0.65,
      9.4,
      4.9,
      1.8,
      2.5,
      0.036,
      3.7
    ],
    [
      1.8,
      13.1,
      1.3,
      1.8,
      1.8,
      4.6,
      2.6,
      1.7,
      0.0,
      1.0,
      14.7,
      0.9,
      1.5,
      4.0,
      8.0,
      2.2,
      2.5,
      5.1,
      2.7,
      4.8,
      12.5,
      1.2,
      7.3,
      1.3,
      6.2,
      1.8,
      2.0,
      0.4,
      3.9,
      38.4,
      1.5,
      5.0,
      1.0,
      1.0,
      0.95,
      1.3,
      22.0,
      2.1,
      22.5,
      1.6,
      17.4,
      1.4,
      2.4,
      6.6,
      2.4,
      6.4,
      1.0,
      8.3,
      3.8,
      1.9,
      2.2,
      1.5,
      0.6
    ],
    [
      1.5,
      12.4,
      1.1,
      1.4,
      1.0,
      4.3,
      2.3,
      1.9,
      1.0,
      0.0,
      16.0,
      1.1,
      1.1,
      2.7,
      8.8,
      2.0,
      3.0,
      4.5,
      2.6,
      4.1,
      13.4,
      0.18,
      8.7,
      1.1,
      5.6,
      2.0,
      1.8,
      0.75,
      3.2,
      37.7,
      1.3,
      4.3,
      0.093,
      0.17,
      2.4,
      1.1,
      21.3,
      0.85,
      23.3,
      1.4,
      16.7,
      1.4,
      3.8,
      6.1,
      2.2,
      5.7,
      1.4,
      9.6,
      3.1,
      2.3,
      3.6,
      1.8,
      0.7
    ],
    [
      16.0,
      14.7,
      15.8,
      15.9,
      16.0,
      17.6,
      16.3,
      15.7,
      14.7,
      16.0,
      0.0,
      15.9,
      15.6,
      17.8,
      20.0,
      16.0,
      13.9,
      11.4,
      15.9,
      14.7,
      3.3,
      15.3,
      15.9,
      15.4,
      10.7,
      14.4,
      15.8,
      15.1,
      13.9,
      48.7,
      15.8,
      14.9,
      15.5,
      15.3,
      14.5,
      15.3,
      29.8,
      16.0,
      7.8,
      15.5,
      20.8,
      15.7,
      12.9,
      9.8,
      16.0,
      10.0,
      14.6,
      10.6,
      13.8,
      14.4,
      12.7,
      15.2,
      14.8
    ],
    [
      1.2,
      14.9,
      0.3,
      0.7,
      0.8,
      4.1,
      2.0,
      0.85,
      0.9,
      1.1,
      15.9,
      0.0,
      0.55,
      4.3,
      7.9,
      2.5,
      2.2,
      6.4,
      3.1,
      5.6,
      13.8,
      1.2,
      8.6,
      0.4,
      7.1,
      3.6,
      2.3,
      1.4,
      4.7,
      39.7,
      0.5,
      5.8,
      1.1,
      1.2,
      1.9,
      0.26,
      22.9,
      2.4,
      23.8,
      0.45,
      18.7,
      0.65,
      3.8,
      8.0,
      2.7,
      7.2,
      0.35,
      9.6,
      4.7,
      1.8,
      3.6,
      0.85,
      3.4
    ],
    [
      0.65,
      13.6,
      0.3,
      0.13,
      0.6,
      3.2,
      1.6,
      1.2,
      1.5,
      1.1,
      15.6,
      0.55,
      0.0,
      2.1,
      7.7,
      1.0,
      2.4,
      5.7,
      1.4,
      5.3,
      14.0,
      1.2,
      8.9,
      0.22,
      6.8,
      3.3,
      0.85,
      1.6,
      4.4,
      38.9,
      0.4,
      5.5,
      1.0,
      1.2,
      1.9,
      0.35,
      22.5,
      0.8,
      24.0,
      0.55,
      17.9,
      0.5,
      3.6,
      7.3,
      1.1,
      6.9,
      0.65,
      9.8,
      4.3,
      1.9,
      3.5,
      1.2,
      3.1
    ],
    [
      1.7,
      14.8,
      2.2,
      2.0,
      1.7,
      3.0,
      3.2,
      2.8,
      4.0,
      2.7,
      17.8,
      4.3,
      2.1,
      0.0,
      9.5,
      2.1,
      4.0,
      6.9,
      2.4,
      6.5,
      15.8,
      4.8,
      10.3,
      2.2,
      8.0,
      4.4,
      2.0,
      3.4,
      5.6,
      40.1,
      2.4,
      6.7,
      2.7,
      4.8,
      3.7,
      2.2,
      23.7,
      1.9,
      25.7,
      2.4,
      19.1,
      2.6,
      5.2,
      8.5,
      2.6,
      8.1,
      2.6,
      12.3,
      5.5,
      3.7,
      5.1,
      3.0,
      4.3
    ],
    [
      7.7,
      19.4,
      7.3,
      7.6,
      7.7,
      5.7,
      6.9,
      6.4,
      8.0,
      8.8,
      20.0,
      7.9,
      7.7,
      9.5,
      0.0,
      7.6,
      7.0,
      11.9,
      6.4,
      12.6,
      24.0,
      10.9,
      9.3,
      7.9,
      14.0,
      10.5,
      7.4,
      8.2,
      11.7,
      45.2,
      7.2,
      12.7,
      8.8,
      10.9,
      7.7,
      7.9,
      29.8,
      7.9,
      34.0,
      8.1,
      24.2,
      8.3,
      7.8,
      12.8,
      6.9,
      14.2,
      7.2,
      9.6,
      11.6,
      7.6,
      7.6,
      6.6,
      10.4
    ],
    [
      0.5,
      15.0,
      1.0,
      1.1,
      0.45,
      3.1,
      1.1,
      1.6,
      2.2,
      2.0,
      16.0,
      2.5,
      1.0,
      2.1,
      7.6,
      0.0,
      2.3,
      6.4,
      0.8,
      6.0,
      14.0,
      4.4,
      8.9,
      1.0,
      7.5,
      4.0,
      0.14,
      2.3,
      5.1,
      39.7,
      1.0,
      6.2,
      2.0,
      4.4,
      2.3,
      1.0,
      23.2,
      0.9,
      24.0,
      1.3,
      18.6,
      1.5,
      3.8,
      8.0,
      0.5,
      7.6,
      1.2,
      9.8,
      5.1,
      2.2,
      3.6,
      1.5,
      3.8
    ],
    [
      2.5,
      12.9,
      2.0,
      2.5,
      2.5,
      3.3,
      1.9,
      1.2,
      2.5,
      3.0,
      13.9,
      2.2,
      2.4,
      4.0,
      7.0,
      2.3,
      0.0,
      5.4,
      2.0,
      5.3,
      12.4,
      3.8,
      7.2,
      2.3,
      7.4,
      3.6,
      2.1,
      1.9,
      4.4,
      38.7,
      1.9,
      5.5,
      2.1,
      3.8,
      0.75,
      2.2,
      22.5,
      2.9,
      22.4,
      2.3,
      17.7,
      2.5,
      1.8,
      6.6,
      2.1,
      6.8,
      0.9,
      8.2,
      4.3,
      0.85,
      1.7,
      1.3,
      3.3
    ],
    [
      6.9,
      9.8,
      5.4,
      5.9,
      6.9,
      8.4,
      7.1,
      6.6,
      5.1,
      4.5,
      11.4,
      6.4,
      5.7,
      6.9,
      11.9,
      6.4,
      5.4,
      0.0,
      6.9,
      3.4,
      9.4,
      4.0,
      9.3,
      5.3,
      1.9,
      3.1,
      6.0,
      5.2,
      2.6,
      34.8,
      5.4,
      3.6,
      4.2,
      4.0,
      5.6,
      5.2,
      18.8,
      4.7,
      19.4,
      5.5,
      13.8,
      5.5,
      5.3,
      2.5,
      7.1,
      2.0,
      5.6,
      10.3,
      2.5,
      5.5,
      4.2,
      6.2,
      3.5
    ],
    [
      1.3,
      14.9,
      1.6,
      1.3,
      1.3,
      1.8,
      0.75,
      1.2,
      2.7,
      2.6,
      15.9,
      3.1,
      1.4,
      2.4,
      6.4,
      0.8,
      2.0,
      6.9,
      0.0,
      7.5,
      15.0,
      5.8,
      9.2,
      1.6,
      8.9,
      5.4,
      1.1,
      2.8,
      6.6,
      41.1,
      1.5,
      7.7,
      2.5,
      5.8,
      2.8,
      1.6,
      24.7,
      2.9,
      25.0,
      1.8,
      20.1,
      2.0,
      4.1,
      9.5,
      0.55,
      9.1,
      1.7,
      10.8,
      6.5,
      2.7,
      3.9,
      1.4,
      5.3
    ],
    [
      6.5,
      10.9,
      5.0,
      5.4,
      6.5,
      8.0,
      6.3,
      5.9,
      4.8,
      4.1,
      14.7,
      5.6,
      5.3,
      6.5,
      12.6,
      6.0,
      5.3,
      3.4,
      7.5,
      0.0,
      12.7,
      4.3,
      10.6,
      5.6,
      4.9,
      3.5,
      6.3,
      5.5,
      1.3,
      36.5,
      5.7,
      0.23,
      4.5,
      4.3,
      6.2,
      5.5,
      19.0,
      5.0,
      22.7,
      5.8,
      15.2,
      5.8,
      5.6,
      5.5,
      6.6,
      5.0,
      6.3,
      11.5,
      1.5,
      6.1,
      5.4,
      6.9,
      3.8
    ],
    [
      13.8,
      12.5,
      13.7,
      13.8,
      13.8,
      15.4,
      14.1,
      13.6,
      12.5,
      13.4,
      3.3,
      13.8,
      14.0,
      15.8,
      24.0,
      14.0,
      12.4,
      9.4,
      15.0,
      12.7,
      0.0,
      13.5,
      14.1,
      13.6,
      8.8,
      12.6,
      14.0,
      13.2,
      12.0,
      42.4,
      14.0,
      13.1,
      13.7,
      13.5,
      12.7,
      13.4,
      28.0,
      14.2,
      10.6,
      13.6,
      18.9,
      13.8,
      11.1,
      8.0,
      14.2,
      8.2,
      12.8,
      8.7,
      11.9,
      12.6,
      10.9,
      13.4,
      13.0
    ],
    [
      4.8,
      12.2,
      1.2,
      1.3,
      4.8,
      6.3,
      4.6,
      4.2,
      1.2,
      0.18,
      15.3,
      1.2,
      1.2,
      4.8,
      10.9,
      4.4,
      3.8,
      4.0,
      5.8,
      4.3,
      13.5,
      0.0,
      8.8,
      1.1,
      5.6,
      2.1,
      1.9,
      0.7,
      3.3,
      37.8,
      1.3,
      4.4,
      0.13,
      0.008,
      2.5,
      1.1,
      21.4,
      0.9,
      23.9,
      1.4,
      16.8,
      1.2,
      3.8,
      6.2,
      2.2,
      5.8,
      1.5,
      9.7,
      3.2,
      2.4,
      3.6,
      1.9,
      0.5
    ],
    [
      8.7,
      16.6,
      8.5,
      8.6,
      8.7,
      10.0,
      8.4,
      7.9,
      7.3,
      8.7,
      15.9,
      8.6,
      8.9,
      10.3,
      9.3,
      8.9,
      7.2,
      9.3,
      9.2,
      10.6,
      14.1,
      8.8,
      0.0,
      8.4,
      11.3,
      8.9,
      8.8,
      8.1,
      9.8,
      42.9,
      8.8,
      10.9,
      8.9,
      9.2,
      7.5,
      8.3,
      27.4,
      9.9,
      23.5,
      8.5,
      21.9,
      8.7,
      6.0,
      10.5,
      9.0,
      10.7,
      7.6,
      5.8,
      9.7,
      7.5,
      5.7,
      8.2,
      8.7
    ],
    [
      0.6,
      13.4,
      0.28,
      0.35,
      0.6,
      3.4,
      1.4,
      1.0,
      1.3,
      1.1,
      15.4,
      0.4,
      0.22,
      2.2,
      7.9,
      1.0,
      2.3,
      5.3,
      1.6,
      5.6,
      13.6,
      1.1,
      8.4,
      0.0,
      6.6,
      3.1,
      0.8,
      1.4,
      4.2,
      38.8,
      0.4,
      5.3,
      1.1,
      1.1,
      1.8,
      0.2,
      22.4,
      1.9,
      23.8,
      0.35,
      17.7,
      0.35,
      3.5,
      7.1,
      1.3,
      6.7,
      0.55,
      9.6,
      4.2,
      1.7,
      3.3,
      1.0,
      2.9
    ],
    [
      8.0,
      8.0,
      6.4,
      6.9,
      8.0,
      9.5,
      7.7,
      8.6,
      6.2,
      5.6,
      10.7,
      7.1,
      6.8,
      8.0,
      14.0,
      7.5,
      7.4,
      1.9,
      8.9,
      4.9,
      8.8,
      5.6,
      11.3,
      6.6,
      0.0,
      4.9,
      7.7,
      7.0,
      4.3,
      36.1,
      7.2,
      5.4,
      6.0,
      5.8,
      7.2,
      7.0,
      20.1,
      6.5,
      18.4,
      7.3,
      13.9,
      7.3,
      7.2,
      1.2,
      8.7,
      0.8,
      7.2,
      11.9,
      4.3,
      7.1,
      7.0,
      7.8,
      5.3
    ],
    [
      4.5,
      11.3,
      2.9,
      3.4,
      4.5,
      6.0,
      4.2,
      3.8,
      1.8,
      2.0,
      14.4,
      3.6,
      3.3,
      4.4,
      10.5,
      4.0,
      3.6,
      3.1,
      5.4,
      3.5,
      12.6,
      2.1,
      8.9,
      3.1,
      4.9,
      0.0,
      3.8,
      3.3,
      2.7,
      37.2,
      3.2,
      3.8,
      2.0,
      1.9,
      3.9,
      3.0,
      20.8,
      2.6,
      23.1,
      3.3,
      16.2,
      3.4,
      3.4,
      5.6,
      4.1,
      5.2,
      3.4,
      9.2,
      2.6,
      3.9,
      3.2,
      3.7,
      1.3
    ],
    [
      0.35,
      14.8,
      0.85,
      1.0,
      0.3,
      2.9,
      1.7,
      1.5,
      2.0,
      1.8,
      15.8,
      2.3,
      0.85,
      2.0,
      7.4,
      0.14,
      2.1,
      6.0,
      1.1,
      6.3,
      14.0,
      1.9,
      8.8,
      0.8,
      7.7,
      3.8,
      0.0,
      2.5,
      5.3,
      39.8,
      0.85,
      6.4,
      2.2,
      4.5,
      2.4,
      0.85,
      23.4,
      0.75,
      24.1,
      1.4,
      18.8,
      1.6,
      3.9,
      8.2,
      0.6,
      7.8,
      1.3,
      10.0,
      5.2,
      2.4,
      3.8,
      1.6,
      4.0
    ],
    [
      1.8,
      13.4,
      1.2,
      1.7,
      1.8,
      4.6,
      2.5,
      1.7,
      0.4,
      0.75,
      15.1,
      1.4,
      1.6,
      3.4,
      8.2,
      2.3,
      1.9,
      5.2,
      2.8,
      5.5,
      13.2,
      0.7,
      8.1,
      1.4,
      7.0,
      3.3,
      2.5,
      0.0,
      4.2,
      38.7,
      1.6,
      5.3,
      0.7,
      3.6,
      2.1,
      1.4,
      22.3,
      2.2,
      22.8,
      1.0,
      17.7,
      1.5,
      2.7,
      6.9,
      2.5,
      7.2,
      1.2,
      8.6,
      4.1,
      2.0,
      2.5,
      1.6,
      3.1
    ],
    [
      5.6,
      10.0,
      4.1,
      4.6,
      5.6,
      7.1,
      5.4,
      5.0,
      3.9,
      3.2,
      13.9,
      4.7,
      4.4,
      5.6,
      11.7,
      5.1,
      4.4,
      2.6,
      6.6,
      1.3,
      12.0,
      3.3,
      9.8,
      4.2,
      4.3,
      2.7,
      5.3,
      4.2,
      0.0,
      36.0,
      5.2,
      1.1,
      4.0,
      3.8,
      5.7,
      5.0,
      18.4,
      4.5,
      22.2,
      5.3,
      14.7,
      5.3,
      5.6,
      4.9,
      6.1,
      4.5,
      5.7,
      11.0,
      1.8,
      5.6,
      4.9,
      6.3,
      3.3
    ],
    [
      40.1,
      30.6,
      38.6,
      39.1,
      40.1,
      41.6,
      40.4,
      39.9,
      38.4,
      37.7,
      48.7,
      39.7,
      38.9,
      40.1,
      45.2,
      39.7,
      38.7,
      34.8,
      41.1,
      36.5,
      42.4,
      37.8,
      42.9,
      38.8,
      36.1,
      37.2,
      39.8,
      38.7,
      36.0,
      0.0,
      40.4,
      36.6,
      38.0,
      37.8,
      39.1,
      39.0,
      48.2,
      38.5,
      50.6,
      40.1,
      25.8,
      39.3,
      38.1,
      36.3,
      40.6,
      36.3,
      39.2,
      43.8,
      36.3,
      39.0,
      37.8,
      39.8,
      37.3
    ],
    [
      0.65,
      14.8,
      0.35,
      0.55,
      0.65,
      3.2,
      1.1,
      0.65,
      1.5,
      1.3,
      15.8,
      0.5,
      0.4,
      2.4,
      7.2,
      1.0,
      1.9,
      5.4,
      1.5,
      5.7,
      14.0,
      1.3,
      8.8,
      0.4,
      7.2,
      3.2,
      0.85,
      1.6,
      5.2,
      40.4,
      0.0,
      5.5,
      1.3,
      3.7,
      1.9,
      0.21,
      22.5,
      1.0,
      24.2,
      0.55,
      17.9,
      0.7,
      3.4,
      7.3,
      1.0,
      6.9,
      0.5,
      10.0,
      4.4,
      1.8,
      3.2,
      0.6,
      3.1
    ],
    [
      6.7,
      11.1,
      5.1,
      5.6,
      6.7,
      8.2,
      6.5,
      6.1,
      5.0,
      4.3,
      14.9,
      5.8,
      5.5,
      6.7,
      12.7,
      6.2,
      5.5,
      3.6,
      7.7,
      0.23,
      13.1,
      4.4,
      10.9,
      5.3,
      5.4,
      3.8,
      6.4,
      5.3,
      1.1,
      36.6,
      5.5,
      0.0,
      4.3,
      4.2,
      6.0,
      5.3,
      18.8,
      4.8,
      22.5,
      5.6,
      15.0,
      5.6,
      5.5,
      5.3,
      6.4,
      4.9,
      6.1,
      11.3,
      1.3,
      5.9,
      5.2,
      6.7,
      3.6
    ],
    [
      1.5,
      12.4,
      1.1,
      1.2,
      1.5,
      4.2,
      2.2,
      1.8,
      1.0,
      0.093,
      15.5,
      1.1,
      1.0,
      2.7,
      8.8,
      2.0,
      2.1,
      4.2,
      2.5,
      4.5,
      13.7,
      0.13,
      8.9,
      1.1,
      6.0,
      2.0,
      2.2,
      0.7,
      4.0,
      38.0,
      1.3,
      4.3,
      0.0,
      0.13,
      2.4,
      1.1,
      21.3,
      0.85,
      23.8,
      1.4,
      16.7,
      1.1,
      3.8,
      6.1,
      2.2,
      5.7,
      1.4,
      9.6,
      3.1,
      2.3,
      3.6,
      1.8,
      1.9
    ],
    [
      4.9,
      12.2,
      1.2,
      1.3,
      4.9,
      6.4,
      4.6,
      4.2,
      1.0,
      0.17,
      15.3,
      1.2,
      1.2,
      4.8,
      10.9,
      4.4,
      3.8,
      4.0,
      5.8,
      4.3,
      13.5,
      0.008,
      9.2,
      1.1,
      5.8,
      1.9,
      4.5,
      3.6,
      3.8,
      37.8,
      3.7,
      4.2,
      0.13,
      0.0,
      2.4,
      1.1,
      21.4,
      0.9,
      23.9,
      1.4,
      16.7,
      1.2,
      3.8,
      6.2,
      2.2,
      5.8,
      1.5,
      9.7,
      3.2,
      2.4,
      3.6,
      1.8,
      0.5
    ],
    [
      2.1,
      13.5,
      1.6,
      2.0,
      2.1,
      4.0,
      2.2,
      1.9,
      0.95,
      2.4,
      14.5,
      1.9,
      1.9,
      3.7,
      7.7,
      2.3,
      0.75,
      5.6,
      2.8,
      6.2,
      12.7,
      2.5,
      7.5,
      1.8,
      7.2,
      3.9,
      2.4,
      2.1,
      5.7,
      39.1,
      1.9,
      6.0,
      2.4,
      2.4,
      0.0,
      1.5,
      22.2,
      2.8,
      22.4,
      0.85,
      17.7,
      1.8,
      2.6,
      6.6,
      1.9,
      6.8,
      0.8,
      8.2,
      4.1,
      0.3,
      2.2,
      1.3,
      3.0
    ],
    [
      0.65,
      13.4,
      0.14,
      0.5,
      0.6,
      3.4,
      1.3,
      0.75,
      1.3,
      1.1,
      15.3,
      0.26,
      0.35,
      2.2,
      7.9,
      1.0,
      2.2,
      5.2,
      1.6,
      5.5,
      13.4,
      1.1,
      8.3,
      0.2,
      7.0,
      3.0,
      0.85,
      1.4,
      5.0,
      39.0,
      0.21,
      5.3,
      1.1,
      1.1,
      1.5,
      0.0,
      22.5,
      1.0,
      23.2,
      0.35,
      18.5,
      0.5,
      3.2,
      7.4,
      1.0,
      7.6,
      0.35,
      9.0,
      4.4,
      1.4,
      3.0,
      0.7,
      3.1
    ],
    [
      23.7,
      22.9,
      22.2,
      22.7,
      23.7,
      25.2,
      23.5,
      23.1,
      22.0,
      21.3,
      29.8,
      22.9,
      22.5,
      23.7,
      29.8,
      23.2,
      22.5,
      18.8,
      24.7,
      19.0,
      28.0,
      21.4,
      27.4,
      22.4,
      20.1,
      20.8,
      23.4,
      22.3,
      18.4,
      48.2,
      22.5,
      18.8,
      21.3,
      21.4,
      22.2,
      22.5,
      0.0,
      22.1,
      38.0,
      22.9,
      26.7,
      22.9,
      23.0,
      20.9,
      23.7,
      20.5,
      23.4,
      28.7,
      19.9,
      23.2,
      22.7,
      24.0,
      20.9
    ],
    [
      0.4,
      12.9,
      0.95,
      2.2,
      0.45,
      3.4,
      3.6,
      2.6,
      2.1,
      0.85,
      16.0,
      2.4,
      0.8,
      1.9,
      7.9,
      0.9,
      2.9,
      4.7,
      2.9,
      5.0,
      14.2,
      0.9,
      9.9,
      1.9,
      6.5,
      2.6,
      0.75,
      2.2,
      4.5,
      38.5,
      1.0,
      4.8,
      0.85,
      0.9,
      2.8,
      1.0,
      22.1,
      0.0,
      23.8,
      1.2,
      17.2,
      0.8,
      4.5,
      6.6,
      2.8,
      6.2,
      2.2,
      10.4,
      3.6,
      3.1,
      4.3,
      2.6,
      2.4
    ],
    [
      23.8,
      22.5,
      23.6,
      23.7,
      23.8,
      25.4,
      24.1,
      23.5,
      22.5,
      23.3,
      7.8,
      23.8,
      24.0,
      25.7,
      34.0,
      24.0,
      22.4,
      19.4,
      25.0,
      22.7,
      10.6,
      23.9,
      23.5,
      23.8,
      18.4,
      23.1,
      24.1,
      22.8,
      22.2,
      50.6,
      24.2,
      22.5,
      23.8,
      23.9,
      22.4,
      23.2,
      38.0,
      23.8,
      0.0,
      23.5,
      30.5,
      23.7,
      21.0,
      17.8,
      24.1,
      18.1,
      22.7,
      18.6,
      21.8,
      22.5,
      20.7,
      23.2,
      22.8
    ],
    [
      0.85,
      14.4,
      0.22,
      0.65,
      0.8,
      3.6,
      1.5,
      1.1,
      1.6,
      1.4,
      15.5,
      0.45,
      0.55,
      2.4,
      8.1,
      1.3,
      2.3,
      5.5,
      1.8,
      5.8,
      13.6,
      1.4,
      8.5,
      0.35,
      7.3,
      3.3,
      1.4,
      1.0,
      5.3,
      40.1,
      0.55,
      5.6,
      1.4,
      1.4,
      0.85,
      0.35,
      22.9,
      1.2,
      23.5,
      0.0,
      18.6,
      0.5,
      3.7,
      7.9,
      2.6,
      7.2,
      0.7,
      9.5,
      4.6,
      1.8,
      3.5,
      1.0,
      3.4
    ],
    [
      19.1,
      6.0,
      17.5,
      18.0,
      19.1,
      20.6,
      19.4,
      18.8,
      17.4,
      16.7,
      20.8,
      18.7,
      17.9,
      19.1,
      24.2,
      18.6,
      17.7,
      13.8,
      20.1,
      15.2,
      18.9,
      16.8,
      21.9,
      17.7,
      13.9,
      16.2,
      18.8,
      17.7,
      14.7,
      25.8,
      17.9,
      15.0,
      16.7,
      16.7,
      17.7,
      18.5,
      26.7,
      17.2,
      30.5,
      18.6,
      0.0,
      18.3,
      17.9,
      13.3,
      19.6,
      13.9,
      18.2,
      21.7,
      15.2,
      18.0,
      16.7,
      18.7,
      16.2
    ],
    [
      1.0,
      13.7,
      0.45,
      0.65,
      1.0,
      3.8,
      1.7,
      1.3,
      1.4,
      1.4,
      15.7,
      0.65,
      0.5,
      2.6,
      8.3,
      1.5,
      2.5,
      5.5,
      2.0,
      5.8,
      13.8,
      1.2,
      8.7,
      0.35,
      7.3,
      3.4,
      1.6,
      1.5,
      5.3,
      39.3,
      0.7,
      5.6,
      1.1,
      1.2,
      1.8,
      0.5,
      22.9,
      0.8,
      23.7,
      0.5,
      18.3,
      0.0,
      3.7,
      7.4,
      1.6,
      7.0,
      0.85,
      9.9,
      4.4,
      1.9,
      3.6,
      1.2,
      3.2
    ],
    [
      3.8,
      12.0,
      3.3,
      3.7,
      3.8,
      4.5,
      3.2,
      2.7,
      2.4,
      3.8,
      12.9,
      3.8,
      3.6,
      5.2,
      7.8,
      3.8,
      1.8,
      5.3,
      4.1,
      5.6,
      11.1,
      3.8,
      6.0,
      3.5,
      7.2,
      3.4,
      3.9,
      2.7,
      5.6,
      38.1,
      3.4,
      5.5,
      3.8,
      3.8,
      2.6,
      3.2,
      23.0,
      4.5,
      21.0,
      3.7,
      17.9,
      3.7,
      0.0,
      6.4,
      3.3,
      6.6,
      1.9,
      8.0,
      4.2,
      0.95,
      0.45,
      2.5,
      3.2
    ],
    [
      8.5,
      7.5,
      7.0,
      7.5,
      8.5,
      10.0,
      8.2,
      7.7,
      6.6,
      6.1,
      9.8,
      8.0,
      7.3,
      8.5,
      12.8,
      8.0,
      6.6,
      2.5,
      9.5,
      5.5,
      8.0,
      6.2,
      10.5,
      7.1,
      1.2,
      5.6,
      8.2,
      6.9,
      4.9,
      36.3,
      7.3,
      5.3,
      6.1,
      6.2,
      6.6,
      7.4,
      20.9,
      6.6,
      17.8,
      7.9,
      13.3,
      7.4,
      6.4,
      0.0,
      9.2,
      0.35,
      7.8,
      11.9,
      4.8,
      7.6,
      6.1,
      8.4,
      5.8
    ],
    [
      0.9,
      15.0,
      1.2,
      0.95,
      0.85,
      2.4,
      0.65,
      0.95,
      2.4,
      2.2,
      16.0,
      2.7,
      1.1,
      2.6,
      6.9,
      0.5,
      2.1,
      7.1,
      0.55,
      6.6,
      14.2,
      2.2,
      9.0,
      1.3,
      8.7,
      4.1,
      0.6,
      2.5,
      6.1,
      40.6,
      1.0,
      6.4,
      2.2,
      2.2,
      1.9,
      1.0,
      23.7,
      2.8,
      24.1,
      2.6,
      19.6,
      1.6,
      3.3,
      9.2,
      0.0,
      7.8,
      1.1,
      9.7,
      5.2,
      2.1,
      3.5,
      0.95,
      4.0
    ],
    [
      8.1,
      8.0,
      6.6,
      7.0,
      8.1,
      9.6,
      8.5,
      7.9,
      6.4,
      5.7,
      10.0,
      7.2,
      6.9,
      8.1,
      14.2,
      7.6,
      6.8,
      2.0,
      9.1,
      5.0,
      8.2,
      5.8,
      10.7,
      6.7,
      0.8,
      5.2,
      7.8,
      7.2,
      4.5,
      36.3,
      6.9,
      4.9,
      5.7,
      5.8,
      6.8,
      7.6,
      20.5,
      6.2,
      18.1,
      7.2,
      13.9,
      7.0,
      6.6,
      0.35,
      7.8,
      0.0,
      7.4,
      12.1,
      4.4,
      7.2,
      6.3,
      8.0,
      5.4
    ],
    [
      0.95,
      13.6,
      0.5,
      0.8,
      0.95,
      3.2,
      1.3,
      0.65,
      1.0,
      1.4,
      14.6,
      0.35,
      0.65,
      2.6,
      7.2,
      1.2,
      0.9,
      5.6,
      1.7,
      6.3,
      12.8,
      1.5,
      7.6,
      0.55,
      7.2,
      3.4,
      1.3,
      1.2,
      5.7,
      39.2,
      0.5,
      6.1,
      1.4,
      1.5,
      0.8,
      0.35,
      23.4,
      2.2,
      22.7,
      0.7,
      18.2,
      0.85,
      1.9,
      7.8,
      1.1,
      7.4,
      0.0,
      8.7,
      4.5,
      1.1,
      2.8,
      0.65,
      3.3
    ],
    [
      9.6,
      15.9,
      9.5,
      9.6,
      9.6,
      11.2,
      9.9,
      9.4,
      8.3,
      9.6,
      10.6,
      9.6,
      9.8,
      12.3,
      9.6,
      9.8,
      8.2,
      10.3,
      10.8,
      11.5,
      8.7,
      9.7,
      5.8,
      9.6,
      11.9,
      9.2,
      10.0,
      8.6,
      11.0,
      43.8,
      10.0,
      11.3,
      9.6,
      9.7,
      8.2,
      9.0,
      28.7,
      10.4,
      18.6,
      9.5,
      21.7,
      9.9,
      8.0,
      11.9,
      9.7,
      12.1,
      8.7,
      0.0,
      10.3,
      8.1,
      6.3,
      8.8,
      9.3
    ],
    [
      5.6,
      10.7,
      4.0,
      4.5,
      5.6,
      7.1,
      5.3,
      4.9,
      3.8,
      3.1,
      13.8,
      4.7,
      4.3,
      5.5,
      11.6,
      5.1,
      4.3,
      2.5,
      6.5,
      1.5,
      11.9,
      3.2,
      9.7,
      4.2,
      4.3,
      2.6,
      5.2,
      4.1,
      1.8,
      36.3,
      4.4,
      1.3,
      3.1,
      3.2,
      4.1,
      4.4,
      19.9,
      3.6,
      21.8,
      4.6,
      15.2,
      4.4,
      4.2,
      4.8,
      5.2,
      4.4,
      4.5,
      10.3,
      0.0,
      5.1,
      4.4,
      5.9,
      2.8
    ],
    [
      2.0,
      13.4,
      1.5,
      1.9,
      2.0,
      3.9,
      2.1,
      1.8,
      1.9,
      2.3,
      14.4,
      1.8,
      1.9,
      3.7,
      7.6,
      2.2,
      0.85,
      5.5,
      2.7,
      6.1,
      12.6,
      2.4,
      7.5,
      1.7,
      7.1,
      3.9,
      2.4,
      2.0,
      5.6,
      39.0,
      1.8,
      5.9,
      2.3,
      2.4,
      0.3,
      1.4,
      23.2,
      3.1,
      22.5,
      1.8,
      18.0,
      1.9,
      0.95,
      7.6,
      2.1,
      7.2,
      1.1,
      8.1,
      5.1,
      0.0,
      1.7,
      2.1,
      2.6
    ],
    [
      3.6,
      11.8,
      3.2,
      3.6,
      3.6,
      4.3,
      3.1,
      2.5,
      2.2,
      3.6,
      12.7,
      3.6,
      3.5,
      5.1,
      7.6,
      3.6,
      1.7,
      4.2,
      3.9,
      5.4,
      10.9,
      3.6,
      5.7,
      3.3,
      7.0,
      3.2,
      3.8,
      2.5,
      4.9,
      37.8,
      3.2,
      5.2,
      3.6,
      3.6,
      2.2,
      3.0,
      22.7,
      4.3,
      20.7,
      3.5,
      16.7,
      3.6,
      0.45,
      6.1,
      3.5,
      6.3,
      2.8,
      6.3,
      4.4,
      1.7,
      0.0,
      2.6,
      3.1
    ],
    [
      1.3,
      14.2,
      0.85,
      1.2,
      1.3,
      2.8,
      0.85,
      0.036,
      1.5,
      1.8,
      15.2,
      0.85,
      1.2,
      3.0,
      6.6,
      1.5,
      1.3,
      6.2,
      1.4,
      6.9,
      13.4,
      1.9,
      8.2,
      1.0,
      7.8,
      3.7,
      1.6,
      1.6,
      6.3,
      39.8,
      0.6,
      6.7,
      1.8,
      1.8,
      1.3,
      0.7,
      24.0,
      2.6,
      23.2,
      1.0,
      18.7,
      1.2,
      2.5,
      8.4,
      0.95,
      8.0,
      0.65,
      8.8,
      5.9,
      2.1,
      2.6,
      0.0,
      3.6
    ],
    [
      4.3,
      11.7,
      2.8,
      3.3,
      4.3,
      5.8,
      4.1,
      3.7,
      0.6,
      0.7,
      14.8,
      3.4,
      3.1,
      4.3,
      10.4,
      3.8,
      3.3,
      3.5,
      5.3,
      3.8,
      13.0,
      0.5,
      8.7,
      2.9,
      5.3,
      1.3,
      4.0,
      3.1,
      3.3,
      37.3,
      3.1,
      3.6,
      1.9,
      0.5,
      3.0,
      3.1,
      20.9,
      2.4,
      22.8,
      3.4,
      16.2,
      3.2,
      3.2,
      5.8,
      4.0,
      5.4,
      3.3,
      9.3,
      2.8,
      2.6,
      3.1,
      3.6,
      0.0
    ]
  ],
  "drive_time_matrix": [
    [
      0.0,
      22.0,
      9.0,
      10.0,
      1.0,
      7.0,
      3.0,
      4.0,
      4.0,
      12.0,
      25.0,
      4.0,
      9.0,
      3.0,
      13.0,
      7.0,
      6.0,
      12.0,
      3.0,
      10.0,
      22.0,
      9.0,
      19.0,
      8.0,
      13.0,
      8.0,
      6.0,
      4.0,
      8.0,
      49.0,
      9.0,
      10.0,
      3.0,
      9.0,
      6.0,
      9.0,
      25.0,
      6.0,
      36.0,
      11.0,
      30.0,
      13.0,
      10.0,
      14.0,
      13.0,
      13.0,
      3.0,
      17.0,
      9.0,
      5.0,
      8.0,
      4.0,
      7.0
    ],
    [
      22.0,
      0.0,
      20.0,
      22.0,
      22.0,
      28.0,
      22.0,
      20.0,
      20.0,
      19.0,
      20.0,
      24.0,
      21.0,
      22.0,
      30.0,
      23.0,
      18.0,
      16.0,
      22.0,
      17.0,
      18.0,
      20.0,
      27.0,
      21.0,
      14.0,
      18.0,
      23.0,
      21.0,
      16.0,
      36.0,
      21.0,
      17.0,
      19.0,
      20.0,
      20.0,
      21.0,
      26.0,
      20.0,
      32.0,
      22.0,
      10.0,
      22.0,
      18.0,
      13.0,
      23.0,
      14.0,
      20.0,
      21.0,
      17.0,
      20.0,
      17.0,
      20.0,
      18.0
    ],
    [
      9.0,
      20.0,
      0.0,
      6.0,
      8.0,
      8.0,
      4.0,
      3.0,
      3.0,
      8.0,
      24.0,
      4.0,
      4.0,
      4.0,
      14.0,
      2.0,
      5.0,
      10.0,
      3.0,
      7.0,
      21.0,
      6.0,
      19.0,
      4.0,
      11.0,
      6.0,
      11.0,
      3.0,
      6.0,
      47.0,
      5.0,
      8.0,
      7.0,
      6.0,
      5.0,
      2.0,
      23.0,
      13.0,
      35.0,
      3.0,
      28.0,
      1.0,
      8.0,
      12.0,
      4.0,
      12.0,
      6.0,
      16.0,
      7.0,
      4.0,
      7.0,
      11.0,
      5.0
    ],
    [
      10.0,
      22.0,
      6.0,
      0.0,
      10.0,
      8.0,
      4.0,
      4.0,
      4.0,
      10.0,
      25.0,
      8.0,
      1.0,
      3.0,
      13.0,
      14.0,
      6.0,
      11.0,
      3.0,
      9.0,
      22.0,
      9.0,
      20.0,
      4.0,
      13.0,
      7.0,
      13.0,
      4.0,
      8.0,
      48.0,
      7.0,
      10.0,
      10.0,
      9.0,
      6.0,
      6.0,
      25.0,
      3.0,
      36.0,
      8.0,
      30.0,
      8.0,
      10.0,
      13.0,
      3.0,
      13.0,
      10.0,
      17.0,
      8.0,
      6.0,
      8.0,
      4.0,
      7.0
    ],
    [
      1.0,
      22.0,
      8.0,
      10.0,
      0.0,
      7.0,
      3.0,
      3.0,
      4.0,
      14.0,
      24.0,
      10.0,
      8.0,
      2.0,
      12.0,
      6.0,
      6.0,
      12.0,
      2.0,
      9.0,
      22.0,
      9.0,
      19.0,
      7.0,
      13.0,
      7.0,
      5.0,
      4.0,
      8.0,
      48.0,
      8.0,
      10.0,
      3.0,
      9.0,
      6.0,
      8.0,
      25.0,
      8.0,
      35.0,
      10.0,
      29.0,
      3.0,
      9.0,
      13.0,
      12.0,
      13.0,
      3.0,
      17.0,
      9.0,
      5.0,
      8.0,
      3.0,
      7.0
    ],
    [
      7.0,
      28.0,
      8.0,
      8.0,
      7.0,
      0.0,
      7.0,
      8.0,
      11.0,
      9.0,
      30.0,
      11.0,
      9.0,
      7.0,
      12.0,
      8.0,
      9.0,
      16.0,
      6.0,
      14.0,
      27.0,
      13.0,
      24.0,
      9.0,
      18.0,
      12.0,
      8.0,
      11.0,
      13.0,
      53.0,
      9.0,
      15.0,
      9.0,
      13.0,
      12.0,
      9.0,
      30.0,
      7.0,
      41.0,
      9.0,
      34.0,
      10.0,
      13.0,
      18.0,
      7.0,
      18.0,
      9.0,
      22.0,
      13.0,
      11.0,
      11.0,
      8.0,
      11.0
    ],
    [
      3.0,
      22.0,
      4.0,
      4.0,
      3.0,
      7.0,
      0.0,
      7.0,
      5.0,
      4.0,
      25.0,
      5.0,
      4.0,
      5.0,
      12.0,
      14.0,
      4.0,
      13.0,
      9.0,
      10.0,
      22.0,
      10.0,
      19.0,
      4.0,
      14.0,
      9.0,
      4.0,
      6.0,
      9.0,
      49.0,
      9.0,
      11.0,
      4.0,
      10.0,
      6.0,
      3.0,
      26.0,
      6.0,
      35.0,
      3.0,
      30.0,
      4.0,
      8.0,
      15.0,
      9.0,
      15.0,
      4.0,
      17.0,
      10.0,
      6.0,
      7.0,
      2.0,
      8.0
    ],
    [
      4.0,
      20.0,
      3.0,
      4.0,
      3.0,
      8.0,
      7.0,
      0.0,
      4.0,
      3.0,
      22.0,
      11.0,
      3.0,
      5.0,
      11.0,
      4.0,
      2.0,
      10.0,
      3.0,
      9.0,
      20.0,
      9.0,
      16.0,
      3.0,
      14.0,
      7.0,
      3.0,
      4.0,
      8.0,
      46.0,
      6.0,
      10.0,
      3.0,
      9.0,
      5.0,
      8.0,
      25.0,
      5.0,
      33.0,
      2.0,
      28.0,
      3.0,
      6.0,
      12.0,
      12.0,
      13.0,
      8.0,
      15.0,
      9.0,
      4.0,
      5.0,
      1.0,
      7.0
    ],
    [
      4.0,
      20.0,
      3.0,
      4.0,
      4.0,
      11.0,
      5.0,
      4.0,
      0.0,
      12.0,
      21.0,
      12.0,
      4.0,
      7.0,
      15.0,
      5.0,
      5.0,
      8.0,
      5.0,
      7.0,
      19.0,
      6.0,
      16.0,
      3.0,
      11.0,
      7.0,
      4.0,
      4.0,
      6.0,
      44.0,
      4.0,
      8.0,
      12.0,
      13.0,
      13.0,
      3.0,
      23.0,
      4.0,
      32.0,
      4.0,
      26.0,
      17.0,
      7.0,
      12.0,
      6.0,
      11.0,
      3.0,
      14.0,
      6.0,
      5.0,
      5.0,
      4.0,
      8.0
    ],
    [
      12.0,
      19.0,
      8.0,
      10.0,
      14.0,
      9.0,
      4.0,
      3.0,
      12.0,
      0.0,
      24.0,
      17.0,
      11.0,
      4.0,
      14.0,
      4.0,
      6.0,
      8.0,
      5.0,
      6.0,
      20.0,
      2.0,
      19.0,
      16.0,
      10.0,
      5.0,
      4.0,
      3.0,
      5.0,
      45.0,
      3.0,
      7.0,
      1.0,
      2.0,
      6.0,
      10.0,
      22.0,
      10.0,
      33.0,
      16.0,
      26.0,
      20.0,
      9.0,
      11.0,
      5.0,
      10.0,
      3.0,
      16.0,
      6.0,
      5.0,
      8.0,
      4.0,
      8.0
    ],
    [
      25.0,
      20.0,
      24.0,
      25.0,
      24.0,
      30.0,
      25.0,
      22.0,
      21.0,
      24.0,
      0.0,
      24.0,
      22.0,
      24.0,
      27.0,
      23.0,
      18.0,
      15.0,
      22.0,
      21.0,
      5.0,
      23.0,
      23.0,
      22.0,
      14.0,
      21.0,
      22.0,
      21.0,
      20.0,
      47.0,
      21.0,
      22.0,
      21.0,
      22.0,
      20.0,
      22.0,
      34.0,
      22.0,
      11.0,
      22.0,
      29.0,
      22.0,
      16.0,
      13.0,
      23.0,
      14.0,
      20.0,
      13.0,
      20.0,
      20.0,
      16.0,
      20.0,
      20.0
    ],
    [
      4.0,
      24.0,
      4.0,
      8.0,
      10.0,
      11.0,
      5.0,
      11.0,
      12.0,
      17.0,
      24.0,
      0.0,
      7.0,
      8.0,
      16.0,
      7.0,
      6.0,
      12.0,
      7.0,
      11.0,
      23.0,
      8.0,
      20.0,
      5.0,
      14.0,
      9.0,
      6.0,
      5.0,
      9.0,
      49.0,
      6.0,
      11.0,
      13.0,
      9.0,
      7.0,
      3.0,
      26.0,
      6.0,
      36.0,
      6.0,
      30.0,
      8.0,
      11.0,
      15.0,
      8.0,
      14.0,
      4.0,
      18.0,
      10.0,
      6.0,
      9.0,
      10.0,
      8.0
    ],
    [
      9.0,
      21.0,
      4.0,
