{
  "drive_dist_matrix": [
    [
      0.0,
      0.8,
      4.7,
      3.3,
      3.5,
      2.6,
      4.0,
      3.8,
      4.0,
      4.0,
      1.8,
      0.85,
      4.2,
      5.1,
      5.6,
      1.2,
      2.4,
      2.1,
      5.5,
      16.3
    ],
    [
      0.8,
      0.0,
      3.4,
      1.8,
      3.0,
      1.8,
      2.2,
      2.4,
      2.7,
      2.7,
      0.5,
      0.6,
      4.6,
      4.3,
      3.1,
      0.4,
      0.75,
      1.6,
      4.1,
      17.0
    ],
    [
      4.7,
      3.4,
      0.0,
      1.6,
      2.2,
      4.1,
      1.9,
      1.7,
      0.85,
      1.6,
      3.4,
      2.8,
      8.0,
      6.3,
      3.2,
      3.0,
      4.1,
      2.1,
      0.8,
      18.6
    ],
    [
      3.3,
      1.8,
      1.6,
      0.0,
      1.0,
      3.0,
      0.4,
      0.3,
      0.9,
      0.75,
      0.9,
      1.2,
      6.7,
      4.5,
      2.8,
      1.4,
      0.7,
      0.5,
      2.4,
      17.3
    ],
    [
      3.5,
      3.0,
      2.2,
      1.0,
      0.0,
      4.7,
      1.1,
      1.1,
      1.1,
      0.35,
      4.0,
      3.3,
      8.7,
      6.2,
      4.4,
      3.5,
      4.6,
      2.8,
      3.9,
      19.3
    ],
    [
      2.6,
      1.8,
      4.1,
      3.0,
      4.7,
      0.0,
      2.2,
      2.4,
      3.2,
      2.9,
      1.3,
      1.6,
      5.6,
      3.7,
      3.1,
      1.8,
      1.4,
      2.4,
      4.4,
      18.5
    ],
    [
      4.0,
      2.2,
      1.9,
      0.4,
      1.1,
      2.2,
      0.0,
      0.28,
      1.0,
      0.85,
      2.2,
      1.6,
      7.1,
      4.5,
      2.5,
      1.8,
      2.8,
      0.45,
      2.4,
      17.7
    ],
    [
      3.8,
      2.4,
      1.7,
      0.3,
      1.1,
      2.4,
      0.28,
      0.0,
      1.2,
      0.8,
      0.9,
      1.8,
      7.3,
      4.7,
      2.7,
      1.9,
      0.65,
      0.4,
      2.6,
      17.9
    ],
    [
      4.0,
      2.7,
      0.85,
      0.9,
      1.1,
      3.2,
      1.0,
      1.2,
      0.0,
      0.85,
      2.7,
      2.1,
      7.3,
      5.5,
      2.5,
      2.2,
      3.4,
      1.4,
      1.5,
      17.9
    ],
    [
      4.0,
      2.7,
      1.6,
      0.75,
      0.35,
      2.9,
      0.85,
      0.8,
      0.85,
      0.0,
      2.7,
      2.1,
      7.7,
      5.2,
      3.4,
      2.2,
      3.4,
      1.8,
      2.9,
      18.3
    ],
    [
      1.8,
      0.5,
      3.4,
      0.9,
      4.0,
      1.3,
      2.2,
      0.9,
      2.7,
      2.7,
      0.0,
      0.45,
      5.2,
      3.8,
      3.2,
      0.45,
      0.45,
      0.55,
      4.0,
      16.9
    ],
    [
      0.85,
      0.6,
      2.8,
      1.2,
      3.3,
      1.6,
      1.6,
      1.8,
      2.1,
      2.1,
      0.45,
      0.0,
      4.5,
      4.1,
      3.5,
      0.4,
      0.9,
      1.1,
      4.7,
      16.2
    ],
    [
      4.2,
      4.6,
      8.0,
      6.7,
      8.7,
      5.6,
      7.1,
      7.3,
      7.3,
      7.7,
      5.2,
      4.5,
      0.0,
      7.0,
      7.5,
      4.5,
      5.9,
      6.9,
      9.0,
      14.4
    ],
    [
      5.1,
      4.3,
      6.3,
      4.5,
      6.2,
      3.7,
      4.5,
      4.7,
      5.5,
      5.2,
      3.8,
      4.1,
      7.0,
      0.0,
      3.5,
      4.3,
      3.9,
      5.0,
      6.4,
      19.7
    ],
    [
      5.6,
      3.1,
      3.2,
      2.8,
      4.4,
      3.1,
      2.5,
      2.7,
      2.5,
      3.4,
      3.2,
      3.5,
      7.5,
      3.5,
      0.0,
      5.4,
      3.7,
      4.5,
      3.3,
      21.8
    ],
    [
      1.2,
      0.4,
      3.0,
      1.4,
      3.5,
      1.8,
      1.8,
      1.9,
      2.2,
      2.2,
      0.45,
      0.4,
      4.5,
      4.3,
      5.4,
      0.0,
      0.85,
      2.4,
      4.6,
      16.0
    ],
    [
      2.4,
      0.75,
      4.1,
      0.7,
      4.6,
      1.4,
      2.8,
      0.65,
      3.4,
      3.4,
      0.45,
      0.9,
      5.9,
      3.9,
      3.7,
      0.85,
      0.0,
      0.28,
      4.7,
      17.8
    ],
    [
      2.1,
      1.6,
      2.1,
      0.5,
      2.8,
      2.4,
      0.45,
      0.4,
      1.4,
      1.8,
      0.55,
      1.1,
      6.9,
      5.0,
      4.5,
      2.4,
      0.28,
      0.0,
      2.7,
      17.3
    ],
    [
      5.5,
      4.1,
      0.8,
      2.4,
      3.9,
      4.4,
      2.4,
      2.6,
      1.5,
      2.9,
      4.0,
      4.7,
      9.0,
      6.4,
      3.3,
      4.6,
      4.7,
      2.7,
      0.0,
      19.9
    ],
    [
      16.3,
      17.0,
      18.6,
      17.3,
      19.3,
      18.5,
      17.7,
      17.9,
      17.9,
      18.3,
      16.9,
      16.2,
      14.4,
      19.7,
      21.8,
      16.0,
      17.8,
      17.3,
      19.9,
      0.0
    ]
  ],
  "drive_time_matrix": [
    [
      0.0,
      8.0,
      12.0,
      8.0,
      11.0,
      7.0,
      11.0,
      10.0,
      11.0,
      11.0,
      9.0,
      7.0,
      12.0,
      13.0,
      14.0,
      3.0,
      10.0,
      9.0,
      14.0,
      23.0
    ],
    [
      8.0,
      0.0,
      12.0,
      7.0,
      10.0,
      5.0,
      9.0,
      9.0,
      10.0,
      11.0,
      6.0,
      7.0,
      12.0,
      11.0,
      10.0,
      5.0,
      8.0,
      7.0,
      13.0,
      24.0
    ],
    [
      12.0,
      12.0,
      0.0,
      4.0,
      7.0,
      13.0,
      6.0,
      6.0,
      10.0,
      4.0,
      12.0,
      7.0,
      16.0,
      16.0,
      8.0,
      8.0,
      17.0,
      6.0,
      10.0,
      26.0
    ],
    [
      8.0,
      7.0,
      4.0,
      0.0,
      13.0,
      11.0,
      6.0,
      5.0,
      3.0,
      10.0,
      8.0,
      4.0,
      13.0,
      14.0,
      8.0,
      4.0,
      9.0,
      6.0,
      6.0,
      23.0
    ],
    [
      11.0,
      10.0,
      7.0,
      13.0,
      0.0,
      15.0,
      15.0,
      14.0,
      13.0,
      4.0,
      13.0,
      8.0,
      17.0,
      19.0,
      12.0,
      8.0,
      19.0,
      8.0,
      10.0,
      28.0
    ],
    [
      7.0,
      5.0,
      13.0,
      11.0,
      15.0,
      0.0,
      8.0,
      9.0,
      11.0,
      11.0,
      7.0,
      8.0,
      14.0,
      10.0,
      9.0,
      8.0,
      6.0,
      12.0,
      14.0,
      27.0
    ],
    [
      11.0,
      9.0,
      6.0,
      6.0,
      15.0,
      8.0,
      0.0,
      3.0,
      4.0,
      11.0,
      9.0,
      5.0,
      15.0,
      12.0,
      7.0,
      5.0,
      13.0,
      5.0,
      7.0,
      25.0
    ],
    [
      10.0,
      9.0,
      6.0,
      5.0,
      14.0,
      9.0,
      3.0,
      0.0,
      5.0,
      10.0,
      10.0,
      6.0,
      16.0,
      13.0,
      8.0,
      6.0,
      7.0,
      4.0,
      8.0,
      26.0
    ],
    [
      11.0,
      10.0,
      10.0,
      3.0,
      13.0,
      11.0,
      4.0,
      5.0,
      0.0,
      10.0,
      10.0,
      6.0,
      14.0,
      14.0,
      6.0,
      6.0,
      13.0,
      4.0,
      4.0,
      24.0
    ],
    [
      11.0,
      11.0,
      4.0,
      10.0,
      4.0,
      11.0,
      11.0,
      10.0,
      10.0,
      0.0,
      10.0,
      6.0,
      15.0,
      17.0,
      9.0,
      6.0,
      14.0,
      6.0,
      8.0,
      26.0
    ],
    [
      9.0,
      6.0,
      12.0,
      8.0,
      13.0,
      7.0,
      9.0,
      10.0,
      10.0,
      10.0,
      0.0,
      6.0,
      15.0,
      12.0,
      11.0,
      6.0,
      5.0,
      7.0,
      14.0,
      26.0
    ],
    [
      7.0,
      7.0,
      7.0,
      4.0,
      8.0,
      8.0,
      5.0,
      6.0,
      6.0,
      6.0,
      6.0,
      0.0,
      11.0,
      13.0,
      12.0,
      5.0,
      9.0,
      5.0,
      11.0,
      22.0
    ],
    [
      12.0,
      12.0,
      16.0,
      13.0,
      17.0,
      14.0,
      15.0,
      16.0,
      14.0,
      15.0,
      15.0,
      11.0,
      0.0,
      16.0,
      17.0,
      11.0,
      16.0,
      15.0,
      20.0,
      20.0
    ],
    [
      13.0,
      11.0,
      16.0,
      14.0,
      19.0,
      10.0,
      12.0,
      13.0,
      14.0,
      17.0,
      12.0,
      13.0,
      16.0,
      0.0,
      8.0,
      15.0,
      13.0,
      19.0,
      15.0,
      27.0
    ],
    [
      14.0,
      10.0,
      8.0,
      8.0,
      12.0,
      9.0,
      7.0,
      8.0,
      6.0,
      9.0,
      11.0,
      12.0,
      17.0,
      8.0,
      0.0,
      13.0,
      12.0,
      11.0,
      9.0,
      30.0
    ],
    [
      3.0,
      5.0,
      8.0,
      4.0,
      8.0,
      8.0,
      5.0,
      6.0,
      6.0,
      6.0,
      6.0,
      5.0,
      11.0,
      15.0,
      13.0,
      0.0,
      10.0,
      5.0,
      10.0,
      21.0
    ],
    [
      10.0,
      8.0,
      17.0,
      9.0,
      19.0,
      6.0,
      13.0,
      7.0,
      13.0,
      14.0,
      5.0,
      9.0,
      16.0,
      13.0,
      12.0,
      10.0,
      0.0,
      3.0,
      15.0,
      28.0
    ],
    [
      9.0,
      7.0,
      6.0,
      6.0,
      8.0,
      12.0,
      5.0,
      4.0,
      4.0,
      6.0,
      7.0,
      5.0,
      15.0,
      19.0,
      11.0,
      5.0,
      3.0,
      0.0,
      8.0,
      24.0
    ],
    [
      14.0,
      13.0,
      10.0,
      6.0,
      10.0,
      14.0,
      7.0,
      8.0,
      4.0,
      8.0,
      14.0,
      11.0,
      20.0,
      15.0,
      9.0,
      10.0,
      15.0,
      8.0,
      0.0,
      29.0
    ],
    [
      23.0,
      24.0,
      26.0,
      23.0,
      28.0,
      27.0,
      25.0,
      26.0,
      24.0,
      26.0,
      26.0,
      22.0,
      20.0,
      27.0,
      30.0,
      21.0,
      28.0,
      24.0,
      29.0,
      0.0
    ]
  ],
  "transit_dist_walk_matrix": [
    [
      0.0,
      0.49998,
      1.16662,
      0.41665,
      0.99996,
      0.99996,
      0.8333,
      NaN,
      0.49998,
      0.8333,
      0.58331,
      0.49998,
      0.74997,
      0.99996,
      0.8333,
      0.58331,
      0.74997,
      0.66664,
      0.9166300000000001,
      2.41657
    ],
    [
      0.49998,
      0.0,
      0.49998,
      NaN,
      1.16662,
      NaN,
      0.41665,
      NaN,
      0.66664,
      0.99996,
      NaN,
      NaN,
      0.41665,
      0.9166300000000001,
      0.33332,
      NaN,
      0.49998,
      0.49998,
      0.33332,
      1.74993
    ],
    [
      1.16662,
      0.49998,
      0.0,
      0.8333,
      1.41661,
      0.99996,
      1.2499500000000001,
      NaN,
      NaN,
      1.2499500000000001,
      0.99996,
      0.8333,
      1.6666,
      1.33328,
      1.49994,
      0.99996,
      1.16662,
      1.08329,
      NaN,
      2.33324
    ],
    [
      0.41665,
      NaN,
      0.8333,
      0.0,
      NaN,
      0.8333,
      NaN,
      NaN,
      0.24999,
      NaN,
      0.33332,
      0.16666,
      0.99996,
      NaN,
      0.99996,
      NaN,
      NaN,
      NaN,
      NaN,
      1.8332600000000001
    ],
    [
      0.99996,
      1.16662,
      1.41661,
      NaN,
      0.0,
      1.8332600000000001,
      NaN,
      NaN,
      NaN,
      NaN,
      0.99996,
      0.8333,
      1.6666,
      1.33328,
      1.99992,
      0.99996,
      1.16662,
      1.08329,
      1.8332600000000001,
      2.08325
    ],
    [
      0.99996,
      NaN,
      0.99996,
      0.8333,
      1.8332600000000001,
      0.0,
      NaN,
      NaN,
      0.49998,
      1.58327,
      NaN,
      0.9166300000000001,
      1.49994,
      1.08329,
      0.66664,
      0.8333,
      NaN,
      0.8333,
      0.66664,
      2.08325
    ],
    [
      0.8333,
      0.41665,
      1.2499500000000001,
      NaN,
      NaN,
      NaN,
      0.0,
      NaN,
      0.66664,
      NaN,
      NaN,
      NaN,
      1.41661,
      1.16662,
      0.74997,
      0.74997,
      NaN,
      NaN,
      NaN,
      2.24991
    ],
    [
      NaN,
      NaN,
      NaN,
      NaN,
      NaN,
      NaN,
      NaN,
      0.0,
      NaN,
      NaN,
      NaN,
      NaN,
      NaN,
      NaN,
      NaN,
      NaN,
      NaN,
      NaN,
      NaN,
      NaN
    ],
    [
      0.49998,
      0.66664,
      NaN,
      0.24999,
      NaN,
      0.49998,
      0.66664,
      NaN,
      0.0,
      NaN,
      0.49998,
      0.33332,
      1.16662,
      0.8333,
      1.41661,
      0.49998,
      0.66664,
      0.58331,
      0.49998,
      1.99992
    ],
    [
      0.8333,
      0.99996,
      1.2499500000000001,
      NaN,
      NaN,
      1.58327,
      NaN,
      NaN,
      NaN,
      0.0,
      0.8333,
      0.66664,
      1.49994,
      1.16662,
      1.41661,
      0.8333,
      0.99996,
      NaN,
      1.6666,
      2.08325
    ],
    [
      0.58331,
      NaN,
      0.99996,
      0.33332,
      0.99996,
      NaN,
      NaN,
      NaN,
      0.49998,
      0.8333,
      0.0,
      NaN,
      0.74997,
      0.58331,
      0.41665,
      NaN,
      NaN,
      NaN,
      0.66664,
      2.33324
    ],
    [
      0.49998,
      NaN,
      0.8333,
      0.16666,
      0.8333,
      0.9166300000000001,
      NaN,
      NaN,
      0.33332,
      0.66664,
      NaN,
      0.0,
      1.16662,
      0.8333,
      NaN,
      NaN,
      0.58331,
      0.49998,
      0.8333,
      2.08325
    ],
    [
      0.74997,
      0.41665,
      1.6666,
      0.99996,
      1.6666,
      1.49994,
      1.41661,
      NaN,
      1.16662,
      1.49994,
      0.74997,
      1.16662,
      0.0,
      1.08329,
      1.74993,
      1.2499500000000001,
      0.9166300000000001,
      1.33328,
      2.08325,
      2.24991
    ],
    [
      0.99996,
      0.9166300000000001,
      1.33328,
      NaN,
      1.33328,
      1.08329,
      1.16662,
      NaN,
      0.8333,
      1.16662,
      0.58331,
      0.8333,
      1.08329,
      0.0,
      0.8333,
      1.08329,
      0.66664,
      0.99996,
      0.99996,
      2.24991
    ],
    [
      0.8333,
      0.33332,
      1.49994,
      0.99996,
      1.99992,
      0.66664,
      0.74997,
      NaN,
      1.41661,
      1.41661,
      0.41665,
      NaN,
      1.74993,
      0.8333,
      0.0,
      0.66664,
      0.9166300000000001,
      0.74997,
      0.99996,
      2.08325
    ],
    [
      0.58331,
      NaN,
      0.99996,
      NaN,
      0.99996,
      0.8333,
      0.74997,
      NaN,
      0.49998,
      0.8333,
      NaN,
      NaN,
      1.2499500000000001,
      1.08329,
      0.66664,
      0.0,
      NaN,
      NaN,
      0.74997,
      2.08325
    ],
    [
      0.74997,
      0.49998,
      1.16662,
      NaN,
      1.16662,
      NaN,
      NaN,
      NaN,
      0.66664,
      0.99996,
      NaN,
      0.58331,
      0.9166300000000001,
      0.66664,
      0.9166300000000001,
      NaN,
      0.0,
      NaN,
      0.49998,
      2.58323
    ],
    [
      0.66664,
      0.49998,
      1.08329,
      NaN,
      1.08329,
      0.8333,
      NaN,
      NaN,
      0.58331,
      NaN,
      NaN,
      0.49998,
      1.33328,
      0.99996,
      0.74997,
      NaN,
      NaN,
      0.0,
      0.58331,
      2.74989
    ],
    [
      0.9166300000000001,
      0.33332,
      NaN,
      NaN,
      1.8332600000000001,
      0.66664,
      NaN,
      NaN,
      0.49998,
      1.6666,
      0.66664,
      0.8333,
      2.08325,
      0.99996,
      0.99996,
      0.74997,
      0.49998,
      0.58331,
      0.0,
      NaN
    ],
    [
      2.41657,
      1.74993,
      2.33324,
      1.8332600000000001,
      2.08325,
      2.08325,
      2.24991,
      NaN,
      1.99992,
      2.08325,
      2.33324,
      2.08325,
      2.24991,
      2.24991,
      2.08325,
      2.08325,
      2.58323,
      2.74989,
      NaN,
      0.0
    ]
  ],
  "transit_time_matrix": [
    [
      0.0,
      8.0,
      24.0,
      11.0,
      21.0,
      7.0,
      11.0,
      NaN,
      16.0,
      19.0,
      9.0,
      7.0,
      20.0,
      29.0,
      27.0,
      8.0,
      14.0,
      15.0,
      31.0,
      68.0
    ],
    [
      8.0,
      0.0,
      20.0,
      0.0,
      20.0,
      0.0,
      12.0,
      NaN,
      15.0,
      18.0,
      NaN,
      NaN,
      18.0,
      21.0,
      10.0,
      NaN,
      8.0,
      13.0,
      20.0,
      62.0
    ],
    [
      24.0,
      20.0,
      0.0,
      12.0,
      18.0,
      29.0,
      18.0,
      NaN,
      NaN,
      4.0,
      19.0,
      17.0,
      37.0,
      39.0,
      28.0,
      8.0,
      17.0,
      6.0,
      NaN,
      97.0
    ],
    [
      11.0,
      0.0,
      12.0,
      0.0,
      NaN,
      14.0,
      NaN,
      NaN,
      6.0,
      NaN,
      8.0,
      6.0,
      26.0,
      0.0,
      17.0,
      0.0,
      NaN,
      NaN,
      0.0,
      23.0
    ],
    [
      21.0,
      20.0,
      18.0,
      NaN,
      0.0,
      15.0,
      NaN,
      NaN,
      NaN,
      NaN,
      18.0,
      16.0,
      36.0,
      40.0,
      28.0,
      18.0,
      19.0,
      15.0,
      25.0,
      74.0
    ],
    [
      7.0,
      0.0,
      29.0,
      14.0,
      15.0,
      0.0,
      0.0,
      NaN,
      24.0,
      23.0,
      0.0,
      15.0,
      31.0,
      21.0,
      9.0,
      12.0,
      0.0,
      12.0,
      28.0,
      85.0
    ],
    [
      11.0,
      12.0,
      18.0,
      NaN,
      NaN,
      0.0,
      0.0,
      NaN,
      11.0,
      NaN,
      NaN,
      0.0,
      31.0,
      12.0,
      14.0,
      13.0,
      NaN,
      NaN,
      0.0,
      25.0
    ],
    [
      NaN,
      NaN,
      NaN,
      NaN,
      NaN,
      NaN,
      NaN,
      0.0,
      NaN,
      NaN,
      NaN,
      NaN,
      NaN,
      NaN,
      NaN,
      NaN,
      NaN,
      NaN,
      NaN,
      NaN
    ],
    [
      16.0,
      15.0,
      NaN,
      6.0,
      NaN,
      24.0,
      11.0,
      NaN,
      0.0,
      NaN,
      13.0,
      11.0,
      31.0,
      35.0,
      23.0,
      13.0,
      13.0,
      4.0,
      8.0,
      79.0
    ],
    [
      19.0,
      18.0,
      4.0,
      NaN,
      NaN,
      23.0,
      NaN,
      NaN,
      NaN,
      0.0,
      16.0,
      14.0,
      34.0,
      38.0,
      24.0,
      16.0,
      14.0,
      0.0,
      23.0,
      74.0
    ],
    [
      9.0,
      NaN,
      19.0,
      8.0,
      18.0,
      0.0,
      NaN,
      NaN,
      13.0,
      16.0,
      0.0,
      NaN,
      24.0,
      20.0,
      17.0,
      NaN,
      NaN,
      NaN,
      23.0,
      69.0
    ],
    [
      7.0,
      NaN,
      17.0,
      6.0,
      16.0,
      15.0,
      0.0,
      NaN,
      11.0,
      14.0,
      NaN,
      0.0,
      11.0,
      27.0,
      0.0,
      NaN,
      9.0,
      10.0,
      26.0,
      64.0
    ],
    [
      20.0,
      18.0,
      37.0,
      26.0,
      36.0,
      31.0,
      31.0,
      NaN,
      31.0,
      34.0,
      24.0,
      11.0,
      0.0,
      43.0,
      40.0,
      23.0,
      29.0,
      30.0,
      44.0,
      96.0
    ],
    [
      29.0,
      21.0,
      39.0,
      0.0,
      40.0,
      21.0,
      12.0,
      NaN,
      35.0,
      38.0,
      20.0,
      27.0,
      43.0,
      0.0,
      8.0,
      25.0,
      21.0,
      19.0,
      37.0,
      88.0
    ],
    [
      27.0,
      10.0,
      28.0,
      17.0,
      28.0,
      9.0,
      14.0,
      NaN,
      23.0,
      24.0,
      17.0,
      0.0,
      40.0,
      8.0,
      0.0,
      13.0,
      17.0,
      15.0,
      21.0,
      85.0
    ],
    [
      8.0,
      NaN,
      8.0,
      0.0,
      18.0,
      12.0,
      13.0,
      NaN,
      13.0,
      16.0,
      NaN,
      NaN,
      23.0,
      25.0,
      13.0,
      0.0,
      NaN,
      0.0,
      10.0,
      64.0
    ],
    [
      14.0,
      8.0,
      17.0,
      NaN,
      19.0,
      0.0,
      NaN,
      NaN,
      13.0,
      14.0,
      NaN,
      9.0,
      29.0,
      21.0,
      17.0,
      NaN,
      0.0,
      NaN,
      17.0,
      72.0
    ],
    [
      15.0,
      13.0,
      6.0,
      NaN,
      15.0,
      12.0,
      NaN,
      NaN,
      4.0,
      0.0,
      NaN,
      10.0,
      30.0,
      19.0,
      15.0,
      0.0,
      NaN,
      0.0,
      18.0,
      74.0
    ],
    [
      31.0,
      20.0,
      NaN,
      0.0,
      25.0,
      28.0,
      0.0,
      NaN,
      8.0,
      23.0,
      23.0,
      26.0,
      44.0,
      37.0,
      21.0,
      10.0,
      17.0,
      18.0,
      0.0,
      NaN
    ],
    [
      68.0,
      62.0,
      97.0,
      23.0,
      74.0,
      85.0,
      25.0,
      NaN,
      79.0,
      74.0,
      69.0,
      64.0,
      96.0,
      88.0,
      85.0,
      64.0,
      72.0,
      74.0,
      NaN,
      0.0
    ]
  ],
  "walk_dist_matrix": [
    [
      0.0,
      0.8,
      3.6,
      2.0,
      2.9,
      1.5,
      2.2,
      2.1,
      2.9,
      2.7,
      1.2,
      0.85,
      3.2,
      4.6,
      3.6,
      0.85,
      1.5,
      1.8,
      4.3,
      13.4
    ],
    [
      0.8,
      0.0,
      3.0,
      1.3,
      2.4,
      1.0,
      1.4,
      1.3,
      2.2,
      2.1,
      0.5,
      0.6,
      3.9,
      3.9,
      2.9,
      0.4,
      0.75,
      1.0,
      3.7,
      14.1
    ],
    [
      3.6,
      3.0,
      0.0,
      1.7,
      1.9,
      3.7,
      1.8,
      1.7,
      0.85,
      1.7,
      2.6,
      2.8,
      6.6,
      5.4,
      3.0,
      3.0,
      2.4,
      2.1,
      0.8,
      15.8
    ],
    [
      2.0,
      1.3,
      1.7,
      0.0,
      1.0,
      2.1,
      0.4,
      0.3,
      0.9,
      0.75,
      0.9,
      1.2,
      4.9,
      4.3,
      2.4,
      1.3,
      0.7,
      0.5,
      2.4,
      14.4
    ],
    [
      2.9,
      2.4,
      1.9,
      1.0,
      0.0,
      3.1,
      1.1,
      1.1,
      1.1,
      0.35,
      1.9,
      2.1,
      5.9,
      4.9,
      3.0,
      2.3,
      1.7,
      1.5,
      2.6,
      14.5
    ],
    [
      1.5,
      1.0,
      3.7,
      2.1,
      3.1,
      0.0,
      2.1,
      2.0,
      3.0,
      2.8,
      1.4,
      1.5,
      4.4,
      3.2,
      2.9,
      1.4,
      1.4,
      1.6,
      4.4,
      14.9
    ],
    [
      2.2,
      1.4,
      1.8,
      0.4,
      1.1,
      2.1,
      0.0,
      0.28,
      1.0,
      0.85,
      1.0,
      1.4,
      5.2,
      4.0,
      2.0,
      1.4,
      0.7,
      0.45,
      2.4,
      14.7
    ],
    [
      2.1,
      1.3,
      1.7,
      0.3,
      1.1,
      2.0,
      0.28,
      0.0,
      0.95,
      0.8,
      0.9,
      1.3,
      5.1,
      4.2,
      2.2,
      1.3,
      0.65,
      0.4,
      2.4,
      14.6
    ],
    [
      2.9,
      2.2,
      0.85,
      0.9,
      1.1,
      3.0,
      1.0,
      0.95,
      0.0,
      0.85,
      1.8,
      2.0,
      5.8,
      4.8,
      2.4,
      2.2,
      1.6,
      1.4,
      1.5,
      15.0
    ],
    [
      2.7,
      2.1,
      1.7,
      0.75,
      0.35,
      2.8,
      0.85,
      0.8,
      0.85,
      0.0,
      1.7,
      1.9,
      5.7,
      4.7,
      2.7,
      2.1,
      1.5,
      1.3,
      2.4,
      14.3
    ],
    [
      1.2,
      0.5,
      2.6,
      0.9,
      1.9,
      1.4,
      1.0,
      0.9,
      1.8,
      1.7,
      0.0,
      0.45,
      4.2,
      4.1,
      2.5,
      0.45,
      0.45,
      0.55,
      3.3,
      14.1
    ],
    [
      0.85,
      0.6,
      2.8,
      1.2,
      2.1,
      1.5,
      1.4,
      1.3,
      2.0,
      1.9,
      0.45,
      0.0,
      3.8,
      4.3,
      3.1,
      0.4,
      0.9,
      1.0,
      3.5,
      13.7
    ],
    [
      3.2,
      3.9,
      6.6,
      4.9,
      5.9,
      4.4,
      5.2,
      5.1,
      5.8,
      5.7,
      4.2,
      3.8,
      0.0,
      6.8,
      6.7,
      3.8,
      4.7,
      4.8,
      7.3,
      14.0
    ],
    [
      4.6,
      3.9,
      5.4,
      4.3,
      4.9,
      3.2,
      4.0,
      4.2,
      4.8,
      4.7,
      4.1,
      4.3,
      6.8,
      0.0,
      2.7,
      4.2,
      4.0,
      4.2,
      5.7,
      17.9
    ],
    [
      3.6,
      2.9,
      3.0,
      2.4,
      3.0,
      2.9,
      2.0,
      2.2,
      2.4,
      2.7,
      2.5,
      3.1,
      6.7,
      2.7,
      0.0,
      3.1,
      2.4,
      2.2,
      3.1,
      16.6
    ],
    [
      0.85,
      0.4,
      3.0,
      1.3,
      2.3,
      1.4,
      1.4,
      1.3,
      2.2,
      2.1,
      0.45,
      0.4,
      3.8,
      4.2,
      3.1,
      0.0,
      0.85,
      0.9,
      3.7,
      13.8
    ],
    [
      1.5,
      0.75,
      2.4,
      0.7,
      1.7,
      1.4,
      0.7,
      0.65,
      1.6,
      1.5,
      0.45,
      0.9,
      4.7,
      4.0,
      2.4,
      0.85,
      0.0,
      0.28,
      3.1,
      14.4
    ],
    [
      1.8,
      1.0,
      2.1,
      0.5,
      1.5,
      1.6,
      0.45,
      0.4,
      1.4,
      1.3,
      0.55,
      1.0,
      4.8,
      4.2,
      2.2,
      0.9,
      0.28,
      0.0,
      2.8,
      14.5
    ],
    [
      4.3,
      3.7,
      0.8,
      2.4,
      2.6,
      4.4,
      2.4,
      2.4,
      1.5,
      2.4,
      3.3,
      3.5,
      7.3,
      5.7,
      3.1,
      3.7,
      3.1,
      2.8,
      0.0,
      16.6
    ],
    [
      13.4,
      14.1,
      15.8,
      14.4,
      14.5,
      14.9,
      14.7,
      14.6,
      15.0,
      14.3,
      14.1,
      13.7,
      14.0,
      17.9,
      16.6,
      13.8,
      14.4,
      14.5,
      16.6,
      0.0
    ]
  ],
  "walk_time_matrix": [
    [
      0.0,
      8.0,
      47.0,
      24.0,
      36.0,
      20.0,
      17.0,
      26.0,
      16.0,
      33.0,
      15.0,
      7.0,
      40.0,
      60.0,
      27.0,
      11.0,
      20.0,
      15.0,
      55.0,
      172.0
    ],
    [
      8.0,
      0.0,
      39.0,
      16.0,
      29.0,
      13.0,
      17.0,
      16.0,
      15.0,
      26.0,
      6.0,
      7.0,
      49.0,
      51.0,
      36.0,
      5.0,
      8.0,
      12.0,
      20.0,
      178.0
    ],
    [
      47.0,
      39.0,
      0.0,
      12.0,
      23.0,
      47.0,
      23.0,
      22.0,
      10.0,
      21.0,
      32.0,
      35.0,
      83.0,
      69.0,
      38.0,
      37.0,
      19.0,
      16.0,
      10.0,
      202.0
    ],
    [
      24.0,
      16.0,
      12.0,
      0.0,
      13.0,
      14.0,
      6.0,
      5.0,
      6.0,
      10.0,
      8.0,
      14.0,
      62.0,
      56.0,
      17.0,
      16.0,
      9.0,
      6.0,
      30.0,
      184.0
    ],
    [
      36.0,
      29.0,
      23.0,
      13.0,
      0.0,
      38.0,
      15.0,
      14.0,
      13.0,
      4.0,
      24.0,
      26.0,
      74.0,
      40.0,
      38.0,
      18.0,
      21.0,
      19.0,
      33.0,
      185.0
    ],
    [
      20.0,
      13.0,
      47.0,
      14.0,
      38.0,
      0.0,
      27.0,
      25.0,
      37.0,
      36.0,
      7.0,
      19.0,
      56.0,
      42.0,
      37.0,
      18.0,
      6.0,
      21.0,
      56.0,
      190.0
    ],
    [
      17.0,
      17.0,
      23.0,
      6.0,
      15.0,
      27.0,
      0.0,
      3.0,
      12.0,
      11.0,
      11.0,
      16.0,
      64.0,
      51.0,
      25.0,
      16.0,
      8.0,
      5.0,
      31.0,
      187.0
    ],
    [
      26.0,
      16.0,
      22.0,
      5.0,
      14.0,
      25.0,
      3.0,
      0.0,
      12.0,
      10.0,
      10.0,
      15.0,
      63.0,
      53.0,
      27.0,
      15.0,
      7.0,
      4.0,
      31.0,
      185.0
    ],
    [
      16.0,
      15.0,
      10.0,
      6.0,
      13.0,
      37.0,
      12.0,
      12.0,
      0.0,
      10.0,
      23.0,
      25.0,
      73.0,
      62.0,
      31.0,
      13.0,
      20.0,
      17.0,
      8.0,
      192.0
    ],
    [
      33.0,
      26.0,
      21.0,
      10.0,
      4.0,
      36.0,
      11.0,
      10.0,
      10.0,
      0.0,
      21.0,
      24.0,
      72.0,
      38.0,
      35.0,
      26.0,
      16.0,
      16.0,
      30.0,
      182.0
    ],
    [
      15.0,
      6.0,
      32.0,
      8.0,
      24.0,
      7.0,
      11.0,
      10.0,
      23.0,
      21.0,
      0.0,
      6.0,
      53.0,
      20.0,
      33.0,
      6.0,
      5.0,
      7.0,
      42.0,
      179.0
    ],
    [
      7.0,
      7.0,
      35.0,
      14.0,
      26.0,
      19.0,
      16.0,
      15.0,
      25.0,
      24.0,
      6.0,
      0.0,
      48.0,
      56.0,
      39.0,
      5.0,
      11.0,
      10.0,
      45.0,
      174.0
    ],
    [
      40.0,
      49.0,
      83.0,
      62.0,
      74.0,
      56.0,
      64.0,
      63.0,
      73.0,
      72.0,
      53.0,
      48.0,
      0.0,
      86.0,
      40.0,
      48.0,
      58.0,
      60.0,
      92.0,
      175.0
    ],
    [
      60.0,
      51.0,
      69.0,
      56.0,
      40.0,
      42.0,
      51.0,
      53.0,
      62.0,
      38.0,
      20.0,
      56.0,
      86.0,
      0.0,
      24.0,
      53.0,
      50.0,
      53.0,
      72.0,
      88.0
    ],
    [
      27.0,
      36.0,
      38.0,
      17.0,
      38.0,
      37.0,
      25.0,
      27.0,
      31.0,
      35.0,
      33.0,
      39.0,
      40.0,
      24.0,
      0.0,
      39.0,
      30.0,
      28.0,
      39.0,
      211.0
    ],
    [
      11.0,
      5.0,
      37.0,
      16.0,
      18.0,
      18.0,
      16.0,
      15.0,
      13.0,
      26.0,
      6.0,
      5.0,
      48.0,
      53.0,
      39.0,
      0.0,
      10.0,
      11.0,
      46.0,
      175.0
    ],
    [
      20.0,
      8.0,
      19.0,
      9.0,
      21.0,
      6.0,
      8.0,
      7.0,
      20.0,
      16.0,
      5.0,
      11.0,
      58.0,
      50.0,
      30.0,
      10.0,
      0.0,
      3.0,
      39.0,
      183.0
    ],
    [
      15.0,
      12.0,
      16.0,
      6.0,
      19.0,
      21.0,
      5.0,
      4.0,
      17.0,
      16.0,
      7.0,
      10.0,
      60.0,
      53.0,
      28.0,
      11.0,
      3.0,
      0.0,
      36.0,
      184.0
    ],
    [
      55.0,
      20.0,
      10.0,
      30.0,
      33.0,
      56.0,
      31.0,
      31.0,
      8.0,
      30.0,
      42.0,
      45.0,
      92.0,
      72.0,
      39.0,
      46.0,
      39.0,
      36.0,
      0.0,
      211.0
    ],
    [
      172.0,
      178.0,
      202.0,
      184.0,
      185.0,
      190.0,
      187.0,
      185.0,
      192.0,
      182.0,
      179.0,
      174.0,
      175.0,
      88.0,
      211.0,
      175.0,
      183.0,
      184.0,
      211.0,
      0.0
    ]
  ],
  "cycle_dist_matrix": [
    [
      0.0,
      0.9,
      4.1,
      2.3,
      3.4,
      1.5,
      2.5,
      2.4,
      3.2,
      3.1,
      1.6,
      1.1,
      3.2,
      5.3,
      4.2,
      0.85,
      2.0,
      2.1,
      4.8,
      16.4
    ],
    [
      0.9,
      0.0,
      3.2,
      1.4,
      2.5,
      1.0,
      1.4,
      1.3,
      2.3,
      2.2,
      0.5,
      0.6,
      3.9,
      3.9,
      2.9,
      0.4,
      0.85,
      1.0,
      3.9,
      14.1
    ],
    [
      4.1,
      3.2,
      0.0,
      1.9,
      2.1,
      4.0,
      2.0,
      1.8,
      0.85,
      1.7,
      2.7,
      3.0,
      6.6,
      6.2,
      3.6,
      3.3,
      2.5,
      2.3,
      0.8,
      18.2
    ],
    [
      2.3,
      1.4,
      1.9,
      0.0,
      1.0,
      2.1,
      0.4,
      0.4,
      1.1,
      0.75,
      0.95,
      1.2,
      5.0,
      4.3,
      2.4,
      1.5,
      0.75,
      0.5,
      2.7,
      16.8
    ],
    [
      3.4,
      2.5,
      2.1,
      1.0,
      0.0,
      3.4,
      1.1,
      1.1,
      1.2,
      0.45,
      2.2,
      2.4,
      5.9,
      6.2,
      3.3,
      2.7,
      2.0,
      1.7,
      2.8,
      16.8
    ],
    [
      1.5,
      1.0,
      4.0,
      2.1,
      3.4,
      0.0,
      2.1,
      2.0,
      3.1,
      3.0,
      1.4,
      1.6,
      4.8,
      3.4,
      3.3,
      1.6,
      1.4,
      1.8,
      4.7,
      17.3
    ],
    [
      2.5,
      1.4,
      2.0,
      0.4,
      1.1,
      2.1,
      0.0,
      0.28,
      1.0,
      0.85,
      1.1,
      1.5,
      5.4,
      4.1,
      2.5,
      1.9,
      0.9,
      0.65,
      2.5,
      17.3
    ],
    [
      2.4,
      1.3,
      1.8,
      0.4,
      1.1,
      2.0,
      0.28,
      0.0,
      0.95,
      0.8,
      0.9,
      1.3,
      5.2,
      4.2,
      2.9,
      1.6,
      0.7,
      0.4,
      2.4,
      17.0
    ],
    [
      3.2,
      2.3,
      0.85,
      1.1,
      1.2,
      3.1,
      1.0,
      0.95,
      0.0,
      0.85,
      1.9,
      2.1,
      6.0,
      5.7,
      2.4,
      2.5,
      1.7,
      1.5,
      1.6,
      15.0
    ],
    [
      3.1,
      2.2,
      1.7,
      0.75,
      0.45,
      3.0,
      0.85,
      0.8,
      0.85,
      0.0,
      1.8,
      2.0,
      6.8,
      5.8,
      2.9,
      2.3,
      1.6,
      1.4,
      2.4,
      14.3
    ],
    [
      1.6,
      0.5,
      2.7,
      0.95,
      2.2,
      1.4,
      1.1,
      0.9,
      1.9,
      1.8,
      0.0,
      0.45,
      4.4,
      4.6,
      3.5,
      0.45,
      0.45,
      0.55,
      3.5,
      16.7
    ],
    [
      1.1,
      0.6,
      3.0,
      1.2,
      2.4,
      1.6,
      1.5,
      1.3,
      2.1,
      2.0,
      0.45,
      0.0,
      3.9,
      4.7,
      3.9,
      0.4,
      0.9,
      1.0,
      3.7,
      15.8
    ],
    [
      3.2,
      3.9,
      6.6,
      5.0,
      5.9,
      4.8,
      5.4,
      5.2,
      6.0,
      6.8,
      4.4,
      3.9,
      0.0,
      7.0,
      7.0,
      4.2,
      5.0,
      5.1,
      7.7,
      15.4
    ],
    [
      5.3,
      3.9,
      6.2,
      4.3,
      6.2,
      3.4,
      4.1,
      4.2,
      5.7,
      5.8,
      4.6,
      4.7,
      7.0,
      0.0,
      2.9,
      4.4,
      4.3,
      4.6,
      6.2,
      20.2
    ],
    [
      4.2,
      2.9,
      3.6,
      2.4,
      3.3,
      3.3,
      2.5,
      2.9,
      2.4,
      2.9,
      3.5,
      3.9,
      7.0,
      2.9,
      0.0,
      4.0,
      2.6,
      2.4,
      3.5,
      20.0
    ],
    [
      0.85,
      0.4,
      3.3,
      1.5,
      2.7,
      1.6,
      1.9,
      1.6,
      2.5,
      2.3,
      0.45,
      0.4,
      4.2,
      4.4,
      4.0,
      0.0,
      0.85,
      0.9,
      4.0,
      15.9
    ],
    [
      2.0,
      0.85,
      2.5,
      0.75,
      2.0,
      1.4,
      0.9,
      0.7,
      1.7,
      1.6,
      0.45,
      0.9,
      5.0,
      4.3,
      2.6,
      0.85,
      0.0,
      0.3,
      3.3,
      14.4
    ],
    [
      2.1,
      1.0,
      2.3,
      0.5,
      1.7,
      1.8,
      0.65,
      0.4,
      1.5,
      1.4,
      0.55,
      1.0,
      5.1,
      4.6,
      2.4,
      0.9,
      0.3,
      0.0,
      3.0,
      17.0
    ],
    [
      4.8,
      3.9,
      0.8,
      2.7,
      2.8,
      4.7,
      2.5,
      2.4,
      1.6,
      2.4,
      3.5,
      3.7,
      7.7,
      6.2,
      3.5,
      4.0,
      3.3,
      3.0,
      0.0,
      18.9
    ],
    [
      16.4,
      14.1,
      18.2,
      16.8,
      16.8,
      17.3,
      17.3,
      17.0,
      15.0,
      14.3,
      16.7,
      15.8,
      15.4,
      20.2,
      20.0,
      15.9,
      14.4,
      17.0,
      18.9,
      0.0
    ]
  ],
  "cycle_time_matrix": [
    [
      0.0,
      4.0,
      47.0,
      8.0,
      13.0,
      20.0,
      10.0,
      9.0,
      13.0,
      13.0,
      6.0,
      4.0,
      40.0,
      20.0,
      19.0,
      11.0,
      7.0,
      8.0,
      19.0,
      55.0
    ],
    [
      4.0,
      0.0,
      15.0,
      4.0,
      10.0,
      13.0,
      6.0,
      5.0,
      9.0,
      9.0,
      6.0,
      7.0,
      14.0,
      51.0,
      36.0,
      5.0,
      3.0,
      4.0,
      15.0,
      178.0
    ],
    [
      47.0,
      15.0,
      0.0,
      21.0,
      9.0,
      18.0,
      10.0,
      11.0,
      4.0,
      21.0,
      12.0,
      14.0,
      83.0,
      69.0,
      15.0,
      15.0,
      12.0,
      11.0,
      10.0,
      60.0
    ],
    [
      8.0,
      4.0,
      21.0,
      0.0,
      13.0,
      26.0,
      6.0,
      2.0,
      5.0,
      10.0,
      3.0,
      4.0,
      62.0,
      56.0,
      30.0,
      6.0,
      2.0,
      2.0,
      30.0,
      54.0
    ],
    [
      13.0,
      10.0,
      9.0,
      13.0,
      0.0,
      14.0,
      15.0,
      14.0,
      6.0,
      1.0,
      9.0,
      10.0,
      74.0,
      23.0,
      16.0,
      12.0,
      8.0,
      8.0,
      12.0,
      54.0
    ],
    [
      20.0,
      13.0,
      18.0,
      26.0,
      14.0,
      0.0,
      27.0,
      25.0,
      13.0,
      13.0,
      7.0,
      8.0,
      19.0,
      15.0,
      17.0,
      8.0,
      7.0,
      8.0,
      19.0,
      59.0
    ],
    [
      10.0,
      6.0,
      10.0,
      6.0,
      15.0,
      27.0,
      0.0,
      3.0,
      5.0,
      11.0,
      3.0,
      5.0,
      19.0,
      15.0,
      11.0,
      6.0,
      2.0,
      2.0,
      31.0,
      55.0
    ],
    [
      9.0,
      5.0,
      11.0,
      2.0,
      14.0,
      25.0,
      3.0,
      0.0,
      12.0,
      10.0,
      10.0,
      4.0,
      18.0,
      16.0,
      12.0,
      6.0,
      2.0,
      4.0,
      10.0,
      55.0
    ],
    [
      13.0,
      9.0,
      4.0,
      5.0,
      6.0,
      13.0,
      5.0,
      12.0,
      0.0,
      3.0,
      8.0,
      9.0,
      23.0,
      22.0,
      31.0,
      10.0,
      7.0,
      7.0,
      6.0,
      192.0
    ],
    [
      13.0,
      9.0,
      21.0,
      10.0,
      1.0,
      13.0,
      11.0,
      10.0,
      3.0,
      0.0,
      8.0,
      9.0,
      25.0,
      22.0,
      35.0,
      10.0,
      7.0,
      7.0,
      11.0,
      182.0
    ],
    [
      6.0,
      6.0,
      12.0,
      3.0,
      9.0,
      7.0,
      3.0,
      10.0,
      8.0,
      8.0,
      0.0,
      2.0,
      16.0,
      16.0,
      14.0,
      2.0,
      1.0,
      7.0,
      13.0,
      54.0
    ],
    [
      4.0,
      7.0,
      14.0,
      4.0,
      10.0,
      8.0,
      5.0,
      4.0,
      9.0,
      9.0,
      2.0,
      0.0,
      15.0,
      18.0,
      39.0,
      5.0,
      4.0,
      10.0,
      15.0,
      51.0
    ],
    [
      40.0,
      14.0,
      83.0,
      62.0,
      74.0,
      19.0,
      19.0,
      18.0,
      23.0,
      25.0,
      16.0,
      15.0,
      0.0,
      26.0,
      31.0,
      15.0,
      18.0,
      18.0,
      29.0,
      49.0
    ],
    [
      20.0,
      51.0,
      69.0,
      56.0,
      23.0,
      15.0,
      15.0,
      16.0,
      22.0,
      22.0,
      16.0,
      18.0,
      26.0,
      0.0,
      14.0,
      15.0,
      14.0,
      15.0,
      72.0,
      66.0
    ],
    [
      19.0,
      36.0,
      15.0,
      30.0,
      16.0,
      17.0,
      11.0,
      12.0,
      31.0,
      35.0,
      14.0,
      39.0,
      31.0,
      14.0,
      0.0,
      18.0,
      13.0,
      13.0,
      16.0,
      67.0
    ],
    [
      11.0,
      5.0,
      15.0,
      6.0,
      12.0,
      8.0,
      6.0,
      6.0,
      10.0,
      10.0,
      2.0,
      5.0,
      15.0,
      15.0,
      18.0,
      0.0,
      3.0,
      4.0,
      16.0,
      51.0
    ],
    [
      7.0,
      3.0,
      12.0,
      2.0,
      8.0,
      7.0,
      2.0,
      2.0,
      7.0,
      7.0,
      1.0,
      4.0,
      18.0,
      14.0,
      13.0,
      3.0,
      0.0,
      1.0,
      13.0,
      183.0
    ],
    [
      8.0,
      4.0,
      11.0,
      2.0,
      8.0,
      8.0,
      2.0,
      4.0,
      7.0,
      7.0,
      7.0,
      10.0,
      18.0,
      15.0,
      13.0,
      4.0,
      1.0,
      0.0,
      12.0,
      54.0
    ],
    [
      19.0,
      15.0,
      10.0,
      30.0,
      12.0,
      19.0,
      31.0,
      10.0,
      6.0,
      11.0,
      13.0,
      15.0,
      29.0,
      72.0,
      16.0,
      16.0,
      13.0,
      12.0,
      0.0,
      61.0
    ],
    [
      55.0,
      178.0,
      60.0,
      54.0,
      54.0,
      59.0,
      55.0,
      55.0,
      192.0,
      182.0,
      54.0,
      51.0,
      49.0,
      66.0,
      67.0,
      51.0,
      183.0,
      54.0,
      61.0,
      0.0
    ]
  ]
}