{
  "drive_dist_matrix": [
    [
      0.0,
      1.9312079999999998,
      4.82802,
      3.21868,
      2.5749440000000003,
      3.5405480000000003,
      10.46071,
      3.8624159999999996,
      1.1265379999999998,
      7.724831999999999,
      1.60934,
      4.9889540000000006,
      2.41401,
      10.621644,
      0.48280199999999995,
      3.21868,
      1.448406,
      2.735878,
      10.943512,
      0.6437360000000001,
      4.345218,
      4.667085999999999,
      1.1265379999999998,
      3.5405480000000003,
      2.092142,
      3.21868,
      2.2530759999999996,
      3.7014819999999995,
      10.943512,
      0.9656039999999999,
      2.2530759999999996,
      2.5749440000000003,
      0.32186800000000004,
      1.2874720000000002,
      7.24203,
      3.21868,
      4.184284,
      4.667085999999999,
      1.2874720000000002,
      2.5749440000000003,
      2.5749440000000003,
      2.41401,
      0.48280199999999995,
      2.735878,
      3.5405480000000003,
      3.7014819999999995,
      23.33543,
      0.80467,
      3.5405480000000003,
      2.5749440000000003,
      11.748182,
      3.7014819999999995,
      2.41401,
      5.793624,
      23.818232000000002,
      5.471756,
      2.41401
    ],
    [
      1.9312079999999998,
      0.0,
      3.7014819999999995,
      3.057746,
      5.149888000000001,
      3.379614,
      13.035654,
      6.276426,
      0.32186800000000004,
      10.299776000000001,
      4.184284,
      7.402963999999999,
      4.9889540000000006,
      13.035654,
      1.1265379999999998,
      5.63269,
      3.8624159999999996,
      2.5749440000000003,
      13.357522000000001,
      0.9656039999999999,
      6.759228,
      7.0810960000000005,
      3.379614,
      3.379614,
      4.506151999999999,
      5.63269,
      2.2530759999999996,
      6.276426,
      13.357522000000001,
      4.9889540000000006,
      2.2530759999999996,
      0.6437360000000001,
      3.057746,
      3.7014819999999995,
      9.816974,
      5.63269,
      6.759228,
      7.24203,
      3.7014819999999995,
      5.149888000000001,
      5.149888000000001,
      4.82802,
      3.379614,
      5.149888000000001,
      3.379614,
      6.115492,
      25.910374,
      3.379614,
      5.9545580000000005,
      4.9889540000000006,
      14.323126,
      6.276426,
      4.9889540000000006,
      2.896812,
      26.232242,
      7.885766,
      4.82802
    ],
    [
      4.82802,
      3.7014819999999995,
      0.0,
      0.85,
      2.2,
      0.45,
      11.1,
      4.5,
      4.02335,
      8.4,
      2.4,
      5.6,
      2.0,
      11.2,
      3.5405480000000003,
      2.7,
      3.8624159999999996,
      1.6,
      11.5,
      3.379614,
      2.6,
      6.9201619999999995,
      3.8624159999999996,
      0.4,
      2.9,
      5.63269,
      1.9,
      1.9,
      11.5,
      2.41401,
      1.9,
      4.02335,
      3.7014819999999995,
      3.7014819999999995,
      5.4,
      2.7,
      6.3,
      2.7,
      3.7014819999999995,
      2.2,
      2.2,
      2.4,
      3.5405480000000003,
      2.3,
      0.35,
      1.7,
      24.0,
      3.379614,
      0.45,
      2.1,
      12.4,
      1.9,
      2.1,
      1.0,
      26.232242,
      6.1,
      2.0
    ],
    [
      3.21868,
      3.057746,
      0.85,
      0.0,
      1.4,
      0.5,
      10.3,
      3.6,
      3.1,
      7.6,
      1.6,
      4.8,
      1.2,
      10.4,
      2.6,
      0.85,
      3.0,
      0.45,
      10.7,
      2.6,
      1.6,
      6.2,
      3.0,
      0.8,
      2.1,
      4.8,
      1.1,
      0.65,
      10.7,
      1.6,
      1.1,
      4.4,
      2.9,
      2.8,
      4.5,
      0.85,
      5.4,
      2.1,
      2.8,
      1.4,
      1.3,
      1.6,
      2.6,
      1.5,
      0.55,
      0.6,
      23.2,
      2.6,
      0.5,
      1.3,
      11.6,
      0.5,
      1.3,
      0.24,
      25.3,
      5.3,
      1.2
    ],
    [
      2.5749440000000003,
      5.149888000000001,
      2.2,
      1.4,
      0.0,
      1.6,
      8.4,
      3.1,
      3.9,
      5.7,
      1.1,
      4.3,
      0.17,
      8.6,
      1.8,
      0.23,
      2.2,
      0.8,
      8.9,
      1.8,
      2.5,
      5.4,
      2.2,
      1.7,
      0.4,
      4.0,
      0.55,
      1.8,
      8.9,
      0.9,
      0.55,
      3.6,
      2.1,
      2.1,
      5.3,
      0.23,
      3.0,
      2.8,
      2.0,
      0.025,
      0.029,
      0.35,
      1.9,
      0.24,
      1.6,
      1.7,
      21.4,
      1.8,
      1.7,
      0.3,
      9.8,
      1.2,
      0.28,
      1.1,
      24.6,
      3.3,
      0.21
    ],
    [
      3.5405480000000003,
      3.379614,
      0.45,
      0.5,
      1.6,
      0.0,
      10.7,
      4.0,
      3.6,
      7.9,
      2.0,
      5.1,
      1.6,
      10.8,
      3.0,
      2.3,
      3.4,
      1.1,
      11.1,
      3.0,
      0.8,
      6.6,
      3.4,
      0.051,
      2.5,
      5.1,
      1.4,
      1.4,
      11.1,
      2.0,
      1.5,
      4.7,
      3.3,
      3.2,
      3.7,
      2.3,
      5.8,
      2.4,
      3.2,
      1.8,
      1.7,
      2.0,
      3.0,
      1.9,
      0.05,
      1.3,
      23.6,
      2.9,
      0.19,
      1.7,
      12.0,
      1.2,
      1.6,
      0.55,
      25.7,
      5.6,
      1.5
    ],
    [
      10.46071,
      13.035654,
      11.1,
      10.3,
      8.4,
      10.7,
      0.0,
      6.6,
      13.0,
      2.9,
      8.9,
      5.8,
      9.6,
      0.24,
      9.7,
      8.9,
      10.0,
      9.9,
      2.6,
      9.6,
      11.5,
      13.2,
      10.0,
      10.7,
      8.3,
      11.8,
      9.5,
      10.9,
      2.6,
      8.7,
      9.5,
      11.4,
      10.0,
      9.9,
      14.4,
      8.9,
      5.7,
      11.3,
      9.8,
      8.5,
      8.4,
      8.1,
      9.7,
      8.4,
      10.7,
      10.8,
      15.1,
      9.6,
      10.7,
      9.7,
      3.9,
      9.4,
      9.6,
      13.0,
      32.4,
      5.3,
      9.5
    ],
    [
      3.8624159999999996,
      6.276426,
      4.5,
      3.6,
      3.1,
      4.0,
      6.6,
      0.0,
      6.3,
      3.9,
      2.3,
      1.1,
      2.9,
      6.7,
      4.2,
      3.4,
      4.6,
      3.2,
      7.1,
      4.2,
      4.9,
      7.8,
      4.6,
      4.1,
      2.8,
      0.55,
      2.8,
      4.3,
      7.1,
      3.2,
      2.9,
      5.9,
      4.5,
      4.4,
      7.8,
      3.4,
      2.0,
      5.2,
      4.4,
      3.1,
      3.1,
      2.6,
      4.2,
      2.9,
      4.0,
      4.2,
      19.6,
      4.1,
      4.1,
      3.0,
      8.0,
      4.3,
      3.0,
      6.4,
      27.0,
      1.6,
      2.9
    ],
    [
      1.1265379999999998,
      0.32186800000000004,
      4.02335,
      3.1,
      3.9,
      3.6,
      13.0,
      6.3,
      0.0,
      10.1,
      4.0,
      7.3,
      4.8,
      12.9,
      1.2874720000000002,
      2.8,
      3.7014819999999995,
      2.8,
      13.2,
      2.5749440000000003,
      6.7,
      6.9201619999999995,
      3.21868,
      5.9,
      4.4,
      5.471756,
      2.4,
      3.9,
      13.2,
      4.82802,
      2.4,
      2.2530759999999996,
      2.735878,
      3.5405480000000003,
      9.6,
      5.5,
      6.5,
      7.0,
      3.5405480000000003,
      5.0,
      4.9,
      4.7,
      1.1265379999999998,
      5.0,
      3.7,
      3.8,
      25.7,
      3.21868,
      5.9,
      4.8,
      14.1,
      3.4,
      4.8,
      8.2,
      26.071308,
      7.8,
      4.7
    ],
    [
      7.724831999999999,
      10.299776000000001,
      8.4,
      7.6,
      5.7,
      7.9,
      2.9,
      3.9,
      10.1,
      0.0,
      6.5,
      3.3,
      7.1,
      2.9,
      7.2,
      6.4,
      7.6,
      7.4,
      3.2,
      7.1,
      9.0,
      10.8,
      7.6,
      8.2,
      5.8,
      9.3,
      7.0,
      8.4,
      3.2,
      6.2,
      7.0,
      8.9,
      7.5,
      7.4,
      12.0,
      6.4,
      3.3,
      8.9,
      7.4,
      6.0,
      5.9,
      5.6,
      7.2,
      6.0,
      8.2,
      8.4,
      15.7,
      7.1,
      8.2,
      7.2,
      4.5,
      6.9,
      7.2,
      10.6,
      25.4,
      2.9,
      7.1
    ],
    [
      1.60934,
      4.184284,
      2.4,
      1.6,
      1.1,
      2.0,
      8.9,
      2.3,
      4.0,
      6.5,
      0.0,
      3.4,
      0.85,
      9.0,
      1.7,
      1.2,
      2.1,
      1.2,
      9.4,
      2.0,
      2.8,
      5.6,
      2.4,
      2.0,
      0.6,
      4.2,
      0.75,
      2.2,
      9.4,
      0.7,
      0.8,
      3.8,
      1.3,
      1.9,
      5.7,
      1.2,
      3.0,
      3.2,
      1.8,
      1.0,
      0.9,
      0.7,
      1.5,
      1.0,
      2.0,
      2.1,
      21.9,
      1.4,
      2.0,
      1.0,
      10.3,
      2.2,
      0.9,
      4.3,
      24.8,
      3.9,
      0.8
    ],
    [
      4.9889540000000006,
      7.402963999999999,
      5.6,
      4.8,
      4.3,
      5.1,
      5.8,
      1.1,
      7.3,
      3.3,
      3.4,
      0.0,
      4.1,
      5.7,
      4.9,
      4.2,
      5.3,
      4.4,
      6.0,
      4.9,
      6.0,
      3.1,
      5.3,
      5.2,
      3.5,
      7.0,
      4.0,
      5.4,
      6.0,
      3.9,
      4.0,
      6.7,
      5.2,
      5.1,
      9.0,
      4.2,
      0.55,
      6.4,
      5.1,
      3.7,
      3.6,
      3.4,
      4.9,
      3.7,
      5.2,
      5.4,
      18.5,
      4.9,
      5.2,
      4.2,
      6.9,
      4.7,
      4.2,
      7.6,
      24.5,
      0.6,
      4.1
    ],
    [
      2.41401,
      4.9889540000000006,
      2.0,
      1.2,
      0.17,
      1.6,
      9.6,
      2.9,
      4.8,
      7.1,
      0.85,
      4.1,
      0.0,
      9.7,
      1.7,
      0.4,
      2.1,
      0.65,
      10.0,
      1.6,
      2.3,
      5.2,
      2.1,
      1.5,
      0.45,
      3.8,
      0.4,
      1.7,
      10.0,
      0.7,
      0.4,
      3.4,
      2.0,
      1.9,
      5.2,
      0.4,
      3.1,
      2.8,
      1.8,
      0.2,
      0.14,
      0.4,
      1.5,
      0.29,
      1.5,
      1.6,
      22.5,
      1.6,
      1.5,
      0.14,
      10.9,
      1.2,
      0.11,
      3.8,
      24.4,
      3.3,
      0.034
    ],
    [
      10.621644,
      13.035654,
      11.2,
      10.4,
      8.6,
      10.8,
      0.24,
      6.7,
      12.9,
      2.9,
      9.0,
      5.7,
      9.7,
      0.0,
      9.8,
      9.0,
      10.1,
      10.0,
      2.7,
      9.7,
      11.6,
      13.3,
      10.1,
      10.8,
      8.4,
      11.9,
      9.6,
      11.0,
      2.7,
      8.8,
      9.6,
      11.5,
      10.1,
      10.0,
      14.6,
      9.0,
      5.9,
      11.4,
      9.9,
      8.6,
      8.5,
      8.2,
      9.8,
      8.5,
      10.8,
      10.9,
      15.2,
      9.7,
      10.8,
      9.8,
      4.0,
      9.5,
      9.8,
      13.2,
      27.6,
      5.4,
      9.7
    ],
    [
      0.48280199999999995,
      1.1265379999999998,
      3.5405480000000003,
      2.6,
      1.8,
      3.0,
      9.7,
      4.2,
      1.2874720000000002,
      7.2,
      1.7,
      4.9,
      1.7,
      9.8,
      0.0,
      2.092142,
      1.1265379999999998,
      2.092142,
      11.587248,
      1.9312079999999998,
      4.9889540000000006,
      4.345218,
      2.092142,
      4.184284,
      1.7702740000000001,
      2.896812,
      1.60934,
      4.506151999999999,
      11.587248,
      0.9656039999999999,
      1.7702740000000001,
      1.448406,
      0.48280199999999995,
      0.80467,
      8.0467,
      2.092142,
      4.9889540000000006,
      5.471756,
      0.80467,
      1.9312079999999998,
      1.7702740000000001,
      3.057746,
      0.472,
      3.379614,
      4.184284,
      4.345218,
      24.1401,
      0.9656039999999999,
      4.184284,
      1.7702740000000001,
      12.552852,
      4.506151999999999,
      1.7702740000000001,
      2.2530759999999996,
      23.496364,
      6.115492,
      1.60934
    ],
    [
      3.21868,
      5.63269,
      2.7,
      0.85,
      0.23,
      2.3,
      8.9,
      3.4,
      2.8,
      6.4,
      1.2,
      4.2,
      0.4,
      9.0,
      2.092142,
      0.0,
      3.1,
      0.65,
      9.4,
      2.7,
      3.1,
      6.3,
      3.1,
      2.3,
      0.65,
      4.9,
      0.8,
      1.9,
      9.4,
      1.1,
      0.8,
      4.5,
      3.0,
      3.0,
      5.5,
      NaN,
      3.5,
      2.9,
      2.9,
      0.2,
      0.25,
      0.8,
      2.8,
      0.4,
      2.2,
      1.9,
      21.9,
      2.7,
      2.3,
      0.55,
      10.2,
      0.7,
      0.5,
      1.1,
      25.5,
      3.7,
      0.45
    ],
    [
      1.448406,
      3.8624159999999996,
      3.8624159999999996,
      3.0,
      2.2,
      3.4,
      10.0,
      4.6,
      3.7014819999999995,
      7.6,
      2.1,
      5.3,
      2.1,
      10.1,
      1.1265379999999998,
      3.1,
      0.0,
      2.896812,
      10.943512,
      1.2874720000000002,
      4.506151999999999,
      3.21868,
      1.448406,
      3.7014819999999995,
      2.092142,
      1.7702740000000001,
      2.41401,
      3.8624159999999996,
      10.943512,
      1.448406,
      2.41401,
      3.057746,
      1.7702740000000001,
      0.32186800000000004,
      7.402963999999999,
      3.21868,
      4.345218,
      4.82802,
      0.48280199999999995,
      2.735878,
      2.735878,
      2.41401,
      1.448406,
      2.735878,
      3.7014819999999995,
      3.8624159999999996,
      23.496364,
      0.80467,
      3.7014819999999995,
      2.5749440000000003,
      11.909116000000001,
      3.8624159999999996,
      2.5749440000000003,
      5.9545580000000005,
      22.369826,
      5.63269,
      2.5749440000000003
    ],
    [
      2.735878,
      2.5749440000000003,
      1.6,
      0.45,
      0.8,
      1.1,
      9.9,
      3.2,
      2.8,
      7.4,
      1.2,
      4.4,
      0.65,
      10.0,
      2.092142,
      0.65,
      2.896812,
      0.0,
      10.4,
      2.3,
      1.7,
      5.9,
      2.7,
      0.85,
      1.1,
      4.5,
      0.7,
      1.0,
      10.4,
      1.4,
      0.7,
      4.1,
      2.6,
      2.6,
      4.6,
      0.65,
      5.2,
      2.0,
      2.5,
      0.85,
      0.8,
      1.0,
      2.4,
      0.9,
      0.85,
      1.0,
      22.9,
      2.3,
      0.85,
      0.75,
      11.3,
      0.6,
      0.7,
      3.2,
      25.1,
      5.0,
      0.6
    ],
    [
      10.943512,
      13.357522000000001,
      11.5,
      10.7,
      8.9,
      11.1,
      2.6,
      7.1,
      13.2,
      3.2,
      9.4,
      6.0,
      10.0,
      2.7,
      11.587248,
      9.4,
      10.943512,
      10.4,
      0.0,
      9.8,
      11.7,
      13.4,
      10.2,
      10.9,
      8.5,
      12.0,
      9.7,
      11.1,
      0.0,
      8.8,
      9.7,
      11.6,
      10.1,
      10.0,
      14.6,
      9.1,
      5.9,
      11.5,
      10.0,
      8.6,
      8.5,
      8.3,
      9.8,
      8.6,
      10.9,
      11.0,
      12.9,
      9.8,
      10.9,
      9.9,
      1.6,
      9.6,
      9.8,
      13.2,
      25.2,
      5.5,
      9.7
    ],
    [
      0.6437360000000001,
      0.9656039999999999,
      3.379614,
      2.6,
      1.8,
      3.0,
      9.6,
      4.2,
      2.5749440000000003,
      7.1,
      2.0,
      4.9,
      1.6,
      9.7,
      1.9312079999999998,
      2.7,
      1.2874720000000002,
      2.3,
      9.8,
      0.0,
      4.345218,
      4.82802,
      0.6437360000000001,
      3.5405480000000003,
      2.092142,
      3.379614,
      2.41401,
      3.7014819999999995,
      10.943512,
      0.9656039999999999,
      2.41401,
      0.9656039999999999,
      0.32186800000000004,
      1.60934,
      7.24203,
      3.21868,
      4.184284,
      4.82802,
      1.60934,
      2.735878,
      2.5749440000000003,
      2.41401,
      0.6437360000000001,
      2.735878,
      3.5405480000000003,
      3.7014819999999995,
      23.496364,
      0.6437360000000001,
      3.5405480000000003,
      2.5749440000000003,
      11.909116000000001,
      3.8624159999999996,
      2.5749440000000003,
      5.9545580000000005,
      23.979166,
      5.471756,
      2.41401
    ],
    [
      4.345218,
      6.759228,
      2.6,
      1.6,
      2.5,
      0.8,
      11.5,
      4.9,
      6.7,
      9.0,
      2.8,
      6.0,
      2.3,
      11.6,
      4.9889540000000006,
      3.1,
      4.506151999999999,
      1.7,
      11.7,
      4.345218,
      0.0,
      7.6,
      4.4,
      0.8,
      3.5,
      6.1,
      2.4,
      2.4,
      12.1,
      3.0,
      2.5,
      5.7,
      4.3,
      4.2,
      2.7,
      3.3,
      6.8,
      3.0,
      4.2,
      2.8,
      2.7,
      3.0,
      4.0,
      2.9,
      0.8,
      2.3,
      24.6,
      3.9,
      1.0,
      2.7,
      13.0,
      2.4,
      2.6,
      1.5,
      26.7,
      6.6,
      2.5
    ],
    [
      4.667085999999999,
      7.0810960000000005,
      6.9201619999999995,
      6.2,
      5.4,
      6.6,
      13.2,
      7.8,
      6.9201619999999995,
      10.8,
      5.6,
      3.1,
      5.2,
      13.3,
      4.345218,
      6.3,
      3.21868,
      5.9,
      13.4,
      4.82802,
      7.6,
      0.0,
      4.506151999999999,
      6.759228,
      5.310822,
      1.448406,
      5.63269,
      7.0810960000000005,
      15.771532,
      5.793624,
      5.63269,
      6.276426,
      4.9889540000000006,
      3.379614,
      10.621644,
      6.43736,
      7.724831999999999,
      8.0467,
      3.379614,
      5.9545580000000005,
      5.9545580000000005,
      5.63269,
      4.506151999999999,
      5.9545580000000005,
      6.759228,
      6.9201619999999995,
      26.393175999999997,
      3.8624159999999996,
      6.759228,
      5.793624,
      14.162192000000001,
      7.0810960000000005,
      5.793624,
      9.173238,
      19.473014,
      7.885766,
      5.63269
    ],
    [
      1.1265379999999998,
      3.379614,
      3.8624159999999996,
      3.0,
      2.2,
      3.4,
      10.0,
      4.6,
      3.21868,
      7.6,
      2.4,
      5.3,
      2.1,
      10.1,
      2.092142,
      3.1,
      1.448406,
      2.7,
      10.2,
      0.6437360000000001,
      4.4,
      4.506151999999999,
      0.0,
      3.5405480000000003,
      2.092142,
      2.735878,
      2.2530759999999996,
      3.7014819999999995,
      10.943512,
      2.41401,
      2.41401,
      2.735878,
      0.80467,
      0.9656039999999999,
      7.24203,
      3.21868,
      4.184284,
      4.667085999999999,
      0.9656039999999999,
      2.5749440000000003,
      2.5749440000000003,
      2.41401,
      1.1265379999999998,
      2.735878,
      3.5405480000000003,
      3.7014819999999995,
      23.496364,
      0.80467,
      3.5405480000000003,
      2.5749440000000003,
      11.748182,
      3.8624159999999996,
      2.5749440000000003,
      5.9545580000000005,
      23.33543,
      5.471756,
      2.41401
    ],
    [
      3.5405480000000003,
      3.379614,
      0.4,
      0.8,
      1.7,
      0.051,
      10.7,
      4.1,
      5.9,
      8.2,
      2.0,
      5.2,
      1.5,
      10.8,
      4.184284,
      2.3,
      3.7014819999999995,
      0.85,
      10.9,
      3.5405480000000003,
      0.8,
      6.759228,
      3.5405480000000003,
      0.0,
      2.5,
      5.2,
      1.5,
      1.4,
      11.1,
      2.0,
      1.5,
      4.8,
      3.3,
      3.2,
      3.7,
      2.3,
      5.8,
      2.4,
      3.2,
      1.8,
      1.7,
      2.0,
      3.0,
      1.9,
      0.0,
      1.4,
      23.6,
      3.0,
      0.22,
      1.7,
      12.0,
      1.3,
      1.7,
      0.6,
      25.8,
      5.7,
      1.6
    ],
    [
      2.092142,
      4.506151999999999,
      2.9,
      2.1,
      0.4,
      2.5,
      8.3,
      2.8,
      4.4,
      5.8,
      0.6,
      3.5,
      0.45,
      8.4,
      1.7702740000000001,
      0.65,
      2.092142,
      1.1,
      8.5,
      2.092142,
      3.5,
      5.310822,
      2.092142,
      2.5,
      0.0,
      3.9,
      1.0,
      2.2,
      8.7,
      0.85,
      0.85,
      3.6,
      2.1,
      2.0,
      5.8,
      0.65,
      2.8,
      3.2,
      1.9,
      0.45,
      0.4,
      0.22,
      1.7,
      0.55,
      2.1,
      2.2,
      21.2,
      1.5,
      2.1,
      0.6,
      9.6,
      1.6,
      0.6,
      4.4,
      24.5,
      3.0,
      0.5
    ],
    [
      3.21868,
      5.63269,
      5.63269,
      4.8,
      4.0,
      5.1,
      11.8,
      0.55,
      5.471756,
      9.3,
      4.2,
      7.0,
      3.8,
      11.9,
      2.896812,
      4.9,
      1.7702740000000001,
      4.5,
      12.0,
      3.379614,
      6.1,
      1.448406,
      2.735878,
      5.2,
      3.9,
      0.0,
      4.184284,
      5.63269,
      12.713786,
      4.345218,
      4.184284,
      4.82802,
      3.5405480000000003,
      2.092142,
      9.173238,
      4.9889540000000006,
      6.115492,
      6.598293999999999,
      1.9312079999999998,
      4.506151999999999,
      4.506151999999999,
      4.184284,
      3.21868,
      4.506151999999999,
      5.310822,
      5.471756,
      25.74944,
      2.41401,
      5.310822,
      4.345218,
      13.518456,
      5.63269,
      4.345218,
      7.724831999999999,
      20.599552000000003,
      7.24203,
      4.184284
    ],
    [
      2.2530759999999996,
      2.2530759999999996,
      1.9,
      1.1,
      0.55,
      1.4,
      9.5,
      2.8,
      2.4,
      7.0,
      0.75,
      4.0,
      0.4,
      9.6,
      1.60934,
      0.8,
      2.41401,
      0.7,
      9.7,
      2.41401,
      2.4,
      5.63269,
      2.2530759999999996,
      1.5,
      1.0,
      4.184284,
      0.0,
      1.7,
      9.9,
      0.75,
      0.017,
      3.5,
      1.3,
      2.0,
      5.2,
      0.8,
      4.6,
      2.7,
      2.0,
      0.6,
      0.55,
      0.8,
      1.5,
      0.65,
      1.5,
      1.6,
      22.4,
      1.7,
      1.5,
      0.5,
      10.8,
      1.7,
      0.45,
      0.9,
      24.6,
      4.4,
      0.35
    ],
    [
      3.7014819999999995,
      6.276426,
      1.9,
      0.65,
      1.8,
      1.4,
      10.9,
      4.3,
      3.9,
      8.4,
      2.2,
      5.4,
      1.7,
      11.0,
      4.506151999999999,
      1.9,
      3.8624159999999996,
      1.0,
      11.1,
      3.7014819999999995,
      2.4,
      7.0810960000000005,
      3.7014819999999995,
      1.4,
      2.2,
      5.63269,
      1.7,
      0.0,
      11.6,
      2.6,
      2.0,
      5.3,
      3.8,
      3.8,
      3.6,
      2.2,
      4.9,
      1.4,
      3.7,
      2.0,
      2.0,
      2.2,
      3.6,
      1.9,
      1.4,
      0.11,
      23.1,
      3.5,
      1.4,
      2.2,
      10.9,
      0.7,
      2.2,
      0.9,
      26.3,
      6.2,
      2.1
    ],
    [
      10.943512,
      13.357522000000001,
      11.5,
      10.7,
      8.9,
      11.1,
      2.6,
      7.1,
      13.2,
      3.2,
      9.4,
      6.0,
      10.0,
      2.7,
      11.587248,
      9.4,
      10.943512,
      10.4,
      0.0,
      10.943512,
      12.1,
      15.771532,
      10.943512,
      11.1,
      8.7,
      12.713786,
      9.9,
      11.6,
      0.0,
      8.8,
      9.7,
      11.6,
      10.1,
      10.0,
      14.6,
      9.1,
      5.9,
      11.5,
      10.0,
      8.6,
      8.5,
      8.3,
      9.8,
      8.6,
      10.9,
      11.0,
      12.9,
      9.8,
      10.9,
      9.9,
      1.6,
      9.6,
      9.8,
      13.2,
      25.2,
      5.5,
      9.7
    ],
    [
      0.9656039999999999,
      4.9889540000000006,
      2.41401,
      1.6,
      0.9,
      2.0,
      8.7,
      3.2,
      4.82802,
      6.2,
      0.7,
      3.9,
      0.7,
      8.8,
      0.9656039999999999,
      1.1,
      1.448406,
      1.4,
      8.8,
      0.9656039999999999,
      3.0,
      5.793624,
      2.41401,
      2.0,
      0.85,
      4.345218,
      0.75,
      2.6,
      8.8,
      0.0,
      0.75,
      2.735878,
      0.48280199999999995,
      1.1265379999999998,
      7.2,
      1.1,
      4.1,
      4.6,
      1.1265379999999998,
      0.9,
      0.85,
      0.95,
      0.80467,
      1.0,
      3.4,
      3.6,
      23.3,
      0.6437360000000001,
      3.5,
      2.4,
      11.7,
      3.7,
      0.75,
      5.8,
      23.657297999999997,
      5.4,
      0.65
    ],
    [
      2.2530759999999996,
      2.2530759999999996,
      1.9,
      1.1,
      0.55,
      1.5,
      9.5,
      2.9,
      2.4,
      7.0,
      0.8,
      4.0,
      0.4,
      9.6,
      1.7702740000000001,
      0.8,
      2.41401,
      0.7,
      9.7,
      2.41401,
      2.5,
      5.63269,
      2.41401,
      1.5,
      0.85,
      4.184284,
      0.017,
      2.0,
      9.7,
      0.75,
      0.0,
      3.6,
      1.3,
      2.0,
      5.3,
      0.8,
      4.7,
      2.7,
      2.0,
      0.6,
      0.55,
      0.8,
      1.6,
      0.7,
      1.5,
      1.7,
      22.4,
      1.8,
      1.5,
      0.5,
      10.8,
      1.8,
      0.45,
      0.9,
      24.6,
      4.5,
      0.35
    ],
    [
      2.5749440000000003,
      0.6437360000000001,
      4.02335,
      4.4,
      3.6,
      4.7,
      11.4,
      5.9,
      2.2530759999999996,
      8.9,
      3.8,
      6.7,
      3.4,
      11.5,
      1.448406,
      4.5,
      3.057746,
      4.1,
      11.6,
      0.9656039999999999,
      5.7,
      6.276426,
      2.735878,
      4.8,
      3.6,
      4.82802,
      3.5,
      5.3,
      11.6,
      2.735878,
      3.6,
      0.0,
      1.1265379999999998,
      1.9312079999999998,
      8.0467,
      3.8624159999999996,
      4.9889540000000006,
      5.471756,
      1.9312079999999998,
      3.379614,
      3.379614,
      3.057746,
      1.448406,
      3.379614,
      4.345218,
      4.345218,
      24.1401,
      1.60934,
      4.345218,
      3.21868,
      12.552852,
      4.506151999999999,
      3.21868,
      6.598293999999999,
      24.461968,
      6.276426,
      3.057746
    ],
    [
      0.32186800000000004,
      3.057746,
      3.7014819999999995,
      2.9,
      2.1,
      3.3,
      10.0,
      4.5,
      2.735878,
      7.5,
      1.3,
      5.2,
      2.0,
      10.1,
      0.48280199999999995,
      3.0,
      1.7702740000000001,
      2.6,
      10.1,
      0.32186800000000004,
      4.3,
      4.9889540000000006,
      0.80467,
      3.3,
      2.1,
      3.5405480000000003,
      1.3,
      3.8,
      10.1,
      0.48280199999999995,
      1.3,
      1.1265379999999998,
      0.0,
      0.9656039999999999,
      6.9201619999999995,
      2.896812,
      3.8624159999999996,
      4.345218,
      0.80467,
      2.2530759999999996,
      2.2530759999999996,
      2.092142,
      0.32186800000000004,
      2.41401,
      3.21868,
      3.379614,
      23.174496,
      0.48280199999999995,
      3.21868,
      2.2530759999999996,
      11.426314,
      3.379614,
      2.092142,
      5.63269,
      23.496364,
      5.149888000000001,
      2.092142
    ],
    [
      1.2874720000000002,
      3.7014819999999995,
      3.7014819999999995,
      2.8,
      2.1,
      3.2,
      9.9,
      4.4,
      3.5405480000000003,
      7.4,
      1.9,
      5.1,
      1.9,
      10.0,
      0.80467,
      3.0,
      0.32186800000000004,
      2.6,
      10.0,
      1.60934,
      4.2,
      3.379614,
      0.9656039999999999,
      3.2,
      2.0,
      2.092142,
      2.0,
      3.8,
      10.0,
      1.1265379999999998,
      2.0,
      1.9312079999999998,
      0.9656039999999999,
      0.0,
      7.563898,
      3.379614,
      4.345218,
      4.9889540000000006,
      0.456,
      2.896812,
      2.896812,
      2.5749440000000003,
      1.448406,
      2.896812,
      3.7014819999999995,
      3.8624159999999996,
      23.657297999999997,
      0.6437360000000001,
      3.7014819999999995,
      2.735878,
      12.07005,
      4.02335,
      2.735878,
      6.115492,
      23.013562,
      5.63269,
      2.5749440000000003
    ],
    [
      7.24203,
      9.816974,
      5.4,
      4.5,
      5.3,
      3.7,
      14.4,
      7.8,
      9.6,
      12.0,
      5.7,
      9.0,
      5.2,
      14.6,
      8.0467,
      5.5,
      7.402963999999999,
      4.6,
      14.6,
      7.24203,
      2.7,
      10.621644,
      7.24203,
      3.7,
      5.8,
      9.173238,
      5.2,
      3.6,
      14.6,
      7.2,
      5.3,
      8.0467,
      6.9201619999999995,
      7.563898,
      0.0,
      4.5,
      7.5,
      1.9,
      6.0,
      4.3,
      4.3,
      4.4,
      5.8,
      4.1,
      3.9,
      2.9,
      25.2,
      5.7,
      3.9,
      4.5,
      13.0,
      3.5,
      4.4,
      6.0,
      28.5,
      7.7,
      4.3
    ],
    [
      3.21868,
      5.63269,
      2.7,
      0.85,
      0.23,
      2.3,
      8.9,
      3.4,
      5.5,
      6.4,
      1.2,
      4.2,
      0.4,
      9.0,
      2.092142,
      NaN,
      3.21868,
      0.65,
      9.1,
      3.21868,
      3.3,
      6.43736,
      3.21868,
      2.3,
      0.65,
      4.9889540000000006,
      0.8,
      2.2,
      9.1,
      1.1,
      0.8,
      3.8624159999999996,
      2.896812,
      3.379614,
      4.5,
      0.0,
      3.5,
      2.9,
      2.9,
      0.2,
      0.25,
      0.55,
      2.8,
      0.4,
      2.2,
      1.9,
      21.9,
      2.7,
      2.3,
      0.55,
      10.2,
      0.7,
      0.5,
      1.1,
      25.2,
      3.7,
      0.45
    ],
    [
      4.184284,
      6.759228,
      6.3,
      5.4,
      3.0,
      5.8,
      5.7,
      2.0,
      6.5,
      3.3,
      3.0,
      0.55,
      3.1,
      5.9,
      4.9889540000000006,
      3.5,
      4.345218,
      5.2,
      5.9,
      4.184284,
      6.8,
      7.724831999999999,
      4.184284,
      5.8,
      2.8,
      6.115492,
      4.6,
      4.9,
      5.9,
      4.1,
      4.7,
      4.9889540000000006,
      3.8624159999999996,
      4.345218,
      7.5,
      3.5,
      0.0,
      6.2,
      4.7,
      3.3,
      3.2,
      2.9,
      4.5,
      3.3,
      5.6,
      5.8,
      18.7,
      4.4,
      5.6,
      4.6,
      7.1,
      4.2,
      4.6,
      8.0,
      24.7,
      0.5,
      4.5
    ],
    [
      4.667085999999999,
      7.24203,
      2.7,
      2.1,
      2.8,
      2.4,
      11.3,
      5.2,
      7.0,
      8.9,
      3.2,
      6.4,
      2.8,
      11.4,
      5.471756,
      2.9,
      4.82802,
      2.0,
      11.5,
      4.82802,
      3.0,
      8.0467,
      4.667085999999999,
      2.4,
      3.2,
      6.598293999999999,
      2.7,
      1.4,
      11.5,
      4.6,
      2.7,
      5.471756,
      4.345218,
      4.9889540000000006,
      1.9,
      2.9,
      6.2,
      0.0,
      4.7,
      3.0,
      3.0,
      3.2,
      4.5,
      2.8,
      2.4,
      1.4,
      23.9,
      4.5,
      2.4,
      3.3,
      11.7,
      2.2,
      3.2,
      6.1,
      28.6,
      6.4,
      3.2
    ],
    [
      1.2874720000000002,
      3.7014819999999995,
      3.7014819999999995,
      2.8,
      2.0,
      3.2,
      9.8,
      4.4,
      3.5405480000000003,
      7.4,
      1.8,
      5.1,
      1.8,
      9.9,
      0.80467,
      2.9,
      0.48280199999999995,
      2.5,
      10.0,
      1.60934,
      4.2,
      3.379614,
      0.9656039999999999,
      3.2,
      1.9,
      1.9312079999999998,
      2.0,
      3.7,
      10.0,
      1.1265379999999998,
      2.0,
      1.9312079999999998,
      0.80467,
      0.456,
      6.0,
      2.9,
      4.7,
      4.7,
      0.0,
      2.735878,
      2.735878,
      2.5749440000000003,
      0.80467,
      2.896812,
      3.7014819999999995,
      3.8624159999999996,
      23.496364,
      0.48280199999999995,
      3.7014819999999995,
      2.735878,
      11.909116000000001,
      3.8624159999999996,
      2.5749440000000003,
      6.115492,
      23.013562,
      5.63269,
      2.5749440000000003
    ],
    [
      2.5749440000000003,
      5.149888000000001,
      2.2,
      1.4,
      0.025,
      1.8,
      8.5,
      3.1,
      5.0,
      6.0,
      1.0,
      3.7,
      0.2,
      8.6,
      1.9312079999999998,
      0.2,
      2.735878,
      0.85,
      8.6,
      2.735878,
      2.8,
      5.9545580000000005,
      2.5749440000000003,
      1.8,
      0.45,
      4.506151999999999,
      0.6,
      2.0,
      8.6,
      0.9,
      0.6,
      3.379614,
      2.2530759999999996,
      2.896812,
      4.3,
      0.2,
      3.3,
      3.0,
      2.735878,
      0.0,
      0.054,
      0.35,
      1.9,
      0.26,
      1.7,
      1.7,
      21.4,
      1.8,
      1.7,
      0.35,
      9.8,
      1.1,
      0.3,
      1.1,
      24.6,
      3.3,
      0.23
    ],
    [
      2.5749440000000003,
      5.149888000000001,
      2.2,
      1.3,
      0.029,
      1.7,
      8.4,
      3.1,
      4.9,
      5.9,
      0.9,
      3.6,
      0.14,
      8.5,
      1.7702740000000001,
      0.25,
      2.735878,
      0.8,
      8.5,
      2.5749440000000003,
      2.7,
      5.9545580000000005,
      2.5749440000000003,
      1.7,
      0.4,
      4.506151999999999,
      0.55,
      2.0,
      8.5,
      0.85,
      0.55,
      3.379614,
      2.2530759999999996,
      2.896812,
      4.3,
      0.25,
      3.2,
      3.0,
      2.735878,
      0.054,
      0.0,
      0.26,
      1.8,
      0.15,
      1.6,
      1.7,
      21.3,
      1.8,
      1.6,
      0.28,
      9.7,
      1.1,
      0.25,
      4.0,
      24.5,
      3.2,
      0.18
    ],
    [
      2.41401,
      4.82802,
      2.4,
      1.6,
      0.35,
      2.0,
      8.1,
      2.6,
      4.7,
      5.6,
      0.7,
      3.4,
      0.4,
      8.2,
      3.057746,
      0.8,
      2.41401,
      1.0,
      8.3,
      2.41401,
      3.0,
      5.63269,
      2.41401,
      2.0,
      0.22,
      4.184284,
      0.8,
      2.2,
      8.3,
      0.95,
      0.8,
      3.057746,
      2.092142,
      2.5749440000000003,
      4.4,
      0.55,
      2.9,
      3.2,
      2.5749440000000003,
      0.35,
      0.26,
      0.0,
      1.9,
      0.35,
      1.9,
      1.8,
      21.0,
      1.9,
      1.9,
      0.55,
      9.4,
      1.3,
      0.5,
      4.2,
      24.1,
      2.9,
      0.45
    ],
    [
      0.48280199999999995,
      3.379614,
      3.5405480000000003,
      2.6,
      1.9,
      3.0,
      9.7,
      4.2,
      1.1265379999999998,
      7.2,
      1.5,
      4.9,
      1.5,
      9.8,
      0.472,
      2.8,
      1.448406,
      2.4,
      9.8,
      0.6437360000000001,
      4.0,
      4.506151999999999,
      1.1265379999999998,
      3.0,
      1.7,
      3.21868,
      1.5,
      3.6,
      9.8,
      0.80467,
      1.6,
      1.448406,
      0.32186800000000004,
      1.448406,
      5.8,
      2.8,
      4.5,
      4.5,
      0.80467,
      1.9,
      1.8,
      1.9,
      0.0,
      2.41401,
      3.379614,
      3.5405480000000003,
      23.174496,
      0.80467,
      3.379614,
      1.60934,
      11.587248,
      3.5405480000000003,
      1.60934,
      2.092142,
      23.496364,
      5.310822,
      1.448406
    ],
    [
      2.735878,
      5.149888000000001,
      2.3,
      1.5,
      0.24,
      1.9,
      8.4,
      2.9,
      5.0,
      6.0,
      1.0,
      3.7,
      0.29,
      8.5,
      3.379614,
      0.4,
      2.735878,
      0.9,
      8.6,
      2.735878,
      2.9,
      5.9545580000000005,
      2.735878,
      1.9,
      0.55,
      4.506151999999999,
      0.65,
      1.9,
      8.6,
      1.0,
      0.7,
      3.379614,
      2.41401,
      2.896812,
      4.1,
      0.4,
      3.3,
      2.8,
      2.896812,
      0.26,
      0.15,
      0.35,
      2.41401,
      0.0,
      1.8,
      1.5,
      21.4,
      2.2,
      1.8,
      0.45,
      9.8,
      1.0,
      0.4,
      4.1,
      24.2,
      3.2,
      0.3
    ],
    [
      3.5405480000000003,
      3.379614,
      0.35,
      0.55,
      1.6,
      0.05,
      10.7,
      4.0,
      3.7,
      8.2,
      2.0,
      5.2,
      1.5,
      10.8,
      4.184284,
      2.2,
      3.7014819999999995,
      0.85,
      10.9,
      3.5405480000000003,
      0.8,
      6.759228,
      3.5405480000000003,
      0.0,
      2.1,
      5.310822,
      1.5,
      1.4,
      10.9,
      3.4,
      1.5,
      4.345218,
      3.21868,
      3.7014819999999995,
      3.9,
      2.2,
      5.6,
      2.4,
      3.7014819999999995,
      1.7,
      1.6,
      1.9,
      3.379614,
      1.8,
      0.0,
      1.4,
      23.6,
      3.0,
      0.23,
      1.7,
      12.0,
      1.3,
      1.7,
      0.6,
      25.2,
      5.7,
      1.6
    ],
    [
      3.7014819999999995,
      6.115492,
      1.7,
      0.6,
      1.7,
      1.3,
      10.8,
      4.2,
      3.8,
      8.4,
      2.1,
      5.4,
      1.6,
      10.9,
      4.345218,
      1.9,
      3.8624159999999996,
      1.0,
      11.0,
      3.7014819999999995,
      2.3,
      6.9201619999999995,
      3.7014819999999995,
      1.4,
      2.2,
      5.471756,
      1.6,
      0.11,
      11.0,
      3.6,
      1.7,
      4.345218,
      3.379614,
      3.8624159999999996,
      2.9,
      1.9,
      5.8,
      1.4,
      3.8624159999999996,
      1.7,
      1.7,
      1.8,
      3.5405480000000003,
      1.5,
      1.4,
      0.0,
      22.8,
      3.1,
      1.3,
      1.9,
      10.6,
      0.65,
      1.8,
      3.7,
      25.4,
      5.8,
      1.7
    ],
    [
      23.33543,
      25.910374,
      24.0,
      23.2,
      21.4,
      23.6,
      15.1,
      19.6,
      25.7,
      15.7,
      21.9,
      18.5,
      22.5,
      15.2,
      24.1401,
      21.9,
      23.496364,
      22.9,
      12.9,
      23.496364,
      24.6,
      26.393175999999997,
      23.496364,
      23.6,
      21.2,
      25.74944,
      22.4,
      23.1,
      12.9,
      23.3,
      22.4,
      24.1401,
      23.174496,
      23.657297999999997,
      25.2,
      21.9,
      18.7,
      23.9,
      23.496364,
      21.4,
      21.3,
      21.0,
      23.174496,
      21.4,
      23.6,
      22.8,
      0.0,
      22.6,
      23.7,
      22.7,
      12.3,
      22.5,
      22.6,
      26.0,
      35.9,
      18.3,
      22.5
    ],
    [
      0.80467,
      3.379614,
      3.379614,
      2.6,
      1.8,
      2.9,
      9.6,
      4.1,
      3.21868,
      7.1,
      1.4,
      4.9,
      1.6,
      9.7,
      0.9656039999999999,
      2.7,
      0.80467,
      2.3,
      9.8,
      0.6437360000000001,
      3.9,
      3.8624159999999996,
      0.80467,
      3.0,
      1.5,
      2.41401,
      1.7,
      3.5,
      9.8,
      0.6437360000000001,
      1.8,
      1.60934,
      0.48280199999999995,
      0.6437360000000001,
      5.7,
      2.7,
      4.4,
      4.5,
      0.48280199999999995,
      1.8,
      1.8,
      1.9,
      0.80467,
      2.2,
      3.0,
      3.1,
      22.6,
      0.0,
      2.896812,
      1.9312079999999998,
      11.26538,
      3.21868,
      1.9312079999999998,
      5.310822,
      23.496364,
      4.82802,
      1.7702740000000001
    ],
    [
      3.5405480000000003,
      5.9545580000000005,
      0.45,
      0.5,
      1.7,
      0.19,
      10.7,
      4.1,
      5.9,
      8.2,
      2.0,
      5.2,
      1.5,
      10.8,
      4.184284,
      2.3,
      3.7014819999999995,
      0.85,
      10.9,
      3.5405480000000003,
      1.0,
      6.759228,
      3.5405480000000003,
      0.22,
      2.1,
      5.310822,
      1.5,
      1.4,
      10.9,
      3.5,
      1.5,
      4.345218,
      3.21868,
      3.7014819999999995,
      3.9,
      2.3,
      5.6,
      2.4,
      3.7014819999999995,
      1.7,
      1.6,
      1.9,
      3.379614,
      1.8,
      0.23,
      1.3,
      23.7,
      2.896812,
      0.0,
      1.7,
      12.0,
      1.3,
      1.7,
      0.6,
      25.2,
      5.7,
      1.6
    ],
    [
      2.5749440000000003,
      4.9889540000000006,
      2.1,
      1.3,
      0.3,
      1.7,
      9.7,
      3.0,
      4.8,
      7.2,
      1.0,
      4.2,
      0.14,
      9.8,
      1.7702740000000001,
      0.55,
      2.5749440000000003,
      0.75,
      9.9,
      2.5749440000000003,
      2.7,
      5.793624,
      2.5749440000000003,
      1.7,
      0.6,
      4.345218,
      0.5,
      2.2,
      9.9,
      2.4,
      0.5,
      3.21868,
