{
  "drive_dist_matrix": [
    [
      0.0,
      0.80467,
      4.345218,
      9.334171999999999,
      26.232242,
      25.427572,
      5.149888000000001,
      1.2874720000000002,
      3.5405480000000003,
      3.7014819999999995,
      0.80467,
      4.345218,
      13.035654,
      0.16093400000000002,
      3.7014819999999995,
      12.552852,
      0.16093400000000002,
      21.72609,
      0.80467,
      0.80467
    ],
    [
      0.80467,
      0.0,
      7.24203,
      7.885766,
      28.485318,
      27.680647999999998,
      6.276426,
      4.02335,
      4.02335,
      4.184284,
      0.80467,
      3.7014819999999995,
      12.391918,
      0.6437360000000001,
      4.184284,
      12.391918,
      0.6437360000000001,
      24.1401,
      0.80467,
      0.80467
    ],
    [
      4.345218,
      7.24203,
      0.0,
      18.990212,
      19.794882,
      18.990212,
      1.448406,
      4.02335,
      6.598293999999999,
      8.85137,
      4.667085999999999,
      7.885766,
      16.576202000000002,
      5.63269,
      8.85137,
      9.977908000000001,
      5.63269,
      14.162192000000001,
      4.667085999999999,
      4.82802
    ],
    [
      9.334171999999999,
      7.885766,
      18.990212,
      0.0,
      29.611855999999996,
      28.807185999999998,
      11.909116000000001,
      15.771532,
      8.85137,
      9.173238,
      8.0467,
      8.207633999999999,
      3.8624159999999996,
      8.207633999999999,
      9.173238,
      19.794882,
      8.207633999999999,
      23.818232000000002,
      7.724831999999999,
      9.012303999999999
    ],
    [
      26.232242,
      28.485318,
      19.794882,
      29.611855999999996,
      0.0,
      8.207633999999999,
      19.633948,
      21.72609,
      18.50741,
      20.11675,
      23.013562,
      20.92142,
      27.519714,
      23.818232000000002,
      20.11675,
      12.713786,
      23.979166,
      6.9201619999999995,
      23.013562,
      24.783836
    ],
    [
      25.427572,
      27.680647999999998,
      18.990212,
      28.807185999999998,
      8.207633999999999,
      0.0,
      18.185542,
      20.438617999999998,
      17.219938,
      18.668343999999998,
      21.565156,
      19.633948,
      26.232242,
      20.277684,
      18.668343999999998,
      9.495106,
      20.277684,
      4.82802,
      21.72609,
      21.082354
    ],
    [
      5.149888000000001,
      6.276426,
      1.448406,
      11.909116000000001,
      19.633948,
      18.185542,
      0.0,
      4.184284,
      5.793624,
      6.598293999999999,
      5.149888000000001,
      7.724831999999999,
      16.415267999999998,
      5.471756,
      6.598293999999999,
      8.690436,
      5.471756,
      12.713786,
      5.149888000000001,
      4.9889540000000006
    ],
    [
      1.2874720000000002,
      4.02335,
      4.02335,
      15.771532,
      21.72609,
      20.438617999999998,
      4.184284,
      0.0,
      4.345218,
      4.9889540000000006,
      1.9312079999999998,
      5.471756,
      14.162192000000001,
      2.092142,
      4.9889540000000006,
      11.748182,
      1.1265379999999998,
      15.771532,
      2.092142,
      1.448406
    ],
    [
      3.5405480000000003,
      4.02335,
      6.598293999999999,
      8.85137,
      18.50741,
      17.219938,
      5.793624,
      4.345218,
      0.0,
      0.80467,
      4.82802,
      1.9312079999999998,
      11.748182,
      2.896812,
      0.80467,
      10.943512,
      3.057746,
      14.966862,
      4.345218,
      3.8624159999999996
    ],
    [
      3.7014819999999995,
      4.184284,
      8.85137,
      9.173238,
      20.11675,
      18.668343999999998,
      6.598293999999999,
      4.9889540000000006,
      0.80467,
      0.0,
      5.149888000000001,
      1.2874720000000002,
      11.26538,
      3.379614,
      0.0,
      9.334171999999999,
      3.379614,
      13.518456,
      4.667085999999999,
      4.184284
    ],
    [
      0.80467,
      0.80467,
      4.667085999999999,
      8.0467,
      23.013562,
      21.565156,
      5.149888000000001,
      1.9312079999999998,
      4.82802,
      5.149888000000001,
      0.0,
      4.02335,
      12.713786,
      0.6437360000000001,
      4.82802,
      12.713786,
      0.48280199999999995,
      24.461968,
      0.364,
      0.32186800000000004
    ],
    [
      4.345218,
      3.7014819999999995,
      7.885766,
      8.207633999999999,
      20.92142,
      19.633948,
      7.724831999999999,
      5.471756,
      1.9312079999999998,
      1.2874720000000002,
      4.02335,
      0.0,
      10.299776000000001,
      4.345218,
      1.2874720000000002,
      10.46071,
      4.506151999999999,
      14.48406,
      3.7014819999999995,
      5.310822
    ],
    [
      13.035654,
      12.391918,
      16.576202000000002,
      3.8624159999999996,
      27.519714,
      26.232242,
      16.415267999999998,
      14.162192000000001,
      11.748182,
      11.26538,
      12.713786,
      10.299776000000001,
      0.0,
      12.230984,
      11.426314,
      17.380872,
      12.391918,
      21.404222,
      12.552852,
      13.196587999999998
    ],
    [
      0.16093400000000002,
      0.6437360000000001,
      5.63269,
      8.207633999999999,
      23.818232000000002,
      20.277684,
      5.471756,
      2.092142,
      2.896812,
      3.379614,
      0.6437360000000001,
      4.345218,
      12.230984,
      0.0,
      3.5405480000000003,
      12.391918,
      0.243,
      21.565156,
      0.6437360000000001,
      0.6437360000000001
    ],
    [
      3.7014819999999995,
      4.184284,
      8.85137,
      9.173238,
      20.11675,
      18.668343999999998,
      6.598293999999999,
      4.9889540000000006,
      0.80467,
      0.0,
      4.82802,
      1.2874720000000002,
      11.426314,
      3.5405480000000003,
      0.0,
      9.334171999999999,
      3.379614,
      13.518456,
      4.506151999999999,
      4.184284
    ],
    [
      12.552852,
      12.391918,
      9.977908000000001,
      19.794882,
      12.713786,
      9.495106,
      8.690436,
      11.748182,
      10.943512,
      9.334171999999999,
      12.713786,
      10.46071,
      17.380872,
      12.391918,
      9.334171999999999,
      0.0,
      10.782578,
      4.9889540000000006,
      12.230984,
      11.748182
    ],
    [
      0.16093400000000002,
      0.6437360000000001,
      5.63269,
      8.207633999999999,
      23.979166,
      20.277684,
      5.471756,
      1.1265379999999998,
      3.057746,
      3.379614,
      0.48280199999999995,
      4.506151999999999,
      12.391918,
      0.243,
      3.379614,
      10.782578,
      0.0,
      21.565156,
      0.6437360000000001,
      0.6437360000000001
    ],
    [
      21.72609,
      24.1401,
      14.162192000000001,
      23.818232000000002,
      6.9201619999999995,
      4.82802,
      12.713786,
      15.771532,
      14.966862,
      13.518456,
      24.461968,
      14.48406,
      21.404222,
      21.565156,
      13.518456,
      4.9889540000000006,
      21.565156,
      0.0,
      17.863674,
      17.380872
    ],
    [
      0.80467,
      0.80467,
      4.667085999999999,
      7.724831999999999,
      23.013562,
      21.72609,
      5.149888000000001,
      2.092142,
      4.345218,
      4.667085999999999,
      0.364,
      3.7014819999999995,
      12.552852,
      0.6437360000000001,
      4.506151999999999,
      12.230984,
      0.6437360000000001,
      17.863674,
      0.0,
      0.32186800000000004
    ],
    [
      0.80467,
      0.80467,
      4.82802,
      9.012303999999999,
      24.783836,
      21.082354,
      4.9889540000000006,
      1.448406,
      3.8624159999999996,
      4.184284,
      0.32186800000000004,
      5.310822,
      13.196587999999998,
      0.6437360000000001,
      4.184284,
      11.748182,
      0.6437360000000001,
      17.380872,
      0.32186800000000004,
      0.0
    ]
  ],
  "drive_time_matrix": [
    [
      0.0,
      10.0,
      10.0,
      15.0,
      21.0,
      19.0,
      8.0,
      2.0,
      7.0,
      7.0,
      10.0,
      5.0,
      14.0,
      2.0,
      8.0,
      15.0,
      3.0,
      18.0,
      10.0,
      10.0
    ],
    [
      10.0,
      0.0,
      10.0,
      12.0,
      22.0,
      21.0,
      10.0,
      5.0,
      7.0,
      8.0,
      11.0,
      5.0,
      14.0,
      8.0,
      8.0,
      16.0,
      8.0,
      19.0,
      11.0,
      11.0
    ],
    [
      10.0,
      10.0,
      0.0,
      19.0,
      20.0,
      18.0,
      5.0,
      9.0,
      12.0,
      11.0,
      9.0,
      9.0,
      18.0,
      8.0,
      11.0,
      12.0,
      8.0,
      17.0,
      10.0,
      10.0
    ],
    [
      15.0,
      12.0,
      19.0,
      0.0,
      26.0,
      24.0,
      20.0,
      14.0,
      14.0,
      14.0,
      13.0,
      13.0,
      9.0,
      14.0,
      14.0,
      19.0,
      14.0,
      23.0,
      13.0,
      16.0
    ],
    [
      21.0,
      22.0,
      20.0,
      26.0,
      0.0,
      11.0,
      19.0,
      23.0,
      21.0,
      21.0,
      24.0,
      22.0,
      27.0,
      21.0,
      21.0,
      15.0,
      22.0,
      10.0,
      24.0,
      23.0
    ],
    [
      19.0,
      21.0,
      18.0,
      24.0,
      11.0,
      0.0,
      17.0,
      21.0,
      19.0,
      19.0,
      22.0,
      20.0,
      25.0,
      21.0,
      19.0,
      14.0,
      22.0,
      7.0,
      22.0,
      22.0
    ],
    [
      8.0,
      10.0,
      5.0,
      20.0,
      19.0,
      17.0,
      0.0,
      8.0,
      9.0,
      11.0,
      9.0,
      9.0,
      18.0,
      8.0,
      11.0,
      9.0,
      8.0,
      14.0,
      9.0,
      9.0
    ],
    [
      2.0,
      5.0,
      9.0,
      14.0,
      23.0,
      21.0,
      8.0,
      0.0,
      8.0,
      9.0,
      4.0,
      7.0,
      16.0,
      4.0,
      9.0,
      14.0,
      13.0,
      19.0,
      4.0,
      18.0
    ],
    [
      7.0,
      7.0,
      12.0,
      14.0,
      21.0,
      19.0,
      9.0,
      8.0,
      0.0,
      8.0,
      8.0,
      3.0,
      14.0,
      5.0,
      8.0,
      13.0,
      5.0,
      17.0,
      7.0,
      6.0
    ],
    [
      7.0,
      8.0,
      11.0,
      14.0,
      21.0,
      19.0,
      11.0,
      9.0,
      8.0,
      0.0,
      10.0,
      3.0,
      15.0,
      7.0,
      1.0,
      11.0,
      7.0,
      15.0,
      9.0,
      9.0
    ],
    [
      10.0,
      11.0,
      9.0,
      13.0,
      24.0,
      22.0,
      9.0,
      4.0,
      8.0,
      10.0,
      0.0,
      5.0,
      14.0,
      8.0,
      8.0,
      16.0,
      7.0,
      19.0,
      2.0,
      3.0
    ],
    [
      5.0,
      5.0,
      9.0,
      13.0,
      22.0,
      20.0,
      9.0,
      7.0,
      3.0,
      3.0,
      5.0,
      0.0,
      12.0,
      4.0,
      3.0,
      13.0,
      5.0,
      17.0,
      6.0,
      6.0
    ],
    [
      14.0,
      14.0,
      18.0,
      9.0,
      27.0,
      25.0,
      18.0,
      16.0,
      14.0,
      15.0,
      14.0,
      12.0,
      0.0,
      13.0,
      15.0,
      18.0,
      13.0,
      22.0,
      15.0,
      14.0
    ],
    [
      2.0,
      8.0,
      8.0,
      14.0,
      21.0,
      21.0,
      8.0,
      4.0,
      5.0,
      7.0,
      8.0,
      4.0,
      13.0,
      0.0,
      7.0,
      15.0,
      1.0,
      18.0,
      8.0,
      8.0
    ],
    [
      8.0,
      8.0,
      11.0,
      14.0,
      21.0,
      19.0,
      11.0,
      9.0,
      8.0,
      1.0,
      8.0,
      3.0,
      15.0,
      7.0,
      0.0,
      11.0,
      7.0,
      15.0,
      8.0,
      8.0
    ],
    [
      15.0,
      16.0,
      12.0,
      19.0,
      15.0,
      14.0,
      9.0,
      14.0,
      13.0,
      11.0,
      16.0,
      13.0,
      18.0,
      15.0,
      11.0,
      0.0,
      14.0,
      8.0,
      15.0,
      15.0
    ],
    [
      3.0,
      8.0,
      8.0,
      14.0,
      22.0,
      22.0,
      8.0,
      13.0,
      5.0,
      7.0,
      7.0,
      5.0,
      13.0,
      1.0,
      7.0,
      14.0,
      0.0,
      18.0,
      8.0,
      7.0
    ],
    [
      18.0,
      19.0,
      17.0,
      23.0,
      10.0,
      7.0,
      14.0,
      19.0,
      17.0,
      15.0,
      19.0,
      17.0,
      22.0,
      18.0,
      15.0,
      8.0,
      18.0,
      0.0,
      18.0,
      18.0
    ],
    [
      10.0,
      11.0,
      10.0,
      13.0,
      24.0,
      22.0,
      9.0,
      4.0,
      7.0,
      9.0,
      2.0,
      6.0,
      15.0,
      8.0,
      8.0,
      15.0,
      8.0,
      18.0,
      0.0,
      5.0
    ],
    [
      10.0,
      11.0,
      10.0,
      16.0,
      23.0,
      22.0,
      9.0,
      18.0,
      6.0,
      9.0,
      3.0,
      6.0,
      14.0,
      8.0,
      8.0,
      15.0,
      7.0,
      18.0,
      5.0,
      0.0
    ]
  ],
  "transit_dist_walk_matrix": [
    [
      0.0,
      NaN,
      1.33328,
      1.33328,
      NaN,
      1.41661,
      0.9166300000000001,
      0.9166300000000001,
      1.33328,
      1.16662,
      NaN,
      1.49994,
      1.16662,
      NaN,
      1.16662,
      1.16662,
      NaN,
      1.41661,
      NaN,
      NaN
    ],
    [
      NaN,
      0.0,
      1.6666,
      2.08325,
      NaN,
      1.58327,
      1.16662,
      0.8333,
      0.9166300000000001,
      0.99996,
      NaN,
      1.74993,
      1.41661,
      NaN,
      1.41661,
      1.33328,
      NaN,
      1.33328,
      NaN,
      NaN
    ],
    [
      1.33328,
      1.6666,
      0.0,
      1.16662,
      NaN,
      1.2499500000000001,
      NaN,
      1.16662,
      1.16662,
      0.99996,
      1.49994,
      1.16662,
      1.58327,
      1.08329,
      0.99996,
      0.99996,
      1.08329,
      1.49994,
      1.49994,
      1.49994
    ],
    [
      1.33328,
      2.08325,
      1.16662,
      0.0,
      NaN,
      0.9166300000000001,
      1.2499500000000001,
      1.16662,
      0.66664,
      0.58331,
      1.16662,
      0.66664,
      0.9166300000000001,
      0.74997,
      1.49994,
      0.74997,
      0.74997,
      0.74997,
      1.16662,
      1.08329
    ],
    [
      NaN,
      NaN,
      NaN,
      NaN,
      0.0,
      NaN,
      NaN,
      NaN,
      NaN,
      NaN,
      NaN,
      NaN,
      NaN,
      NaN,
      NaN,
      NaN,
      NaN,
      NaN,
      NaN,
      NaN
    ],
    [
      1.41661,
      1.58327,
      1.2499500000000001,
      0.9166300000000001,
      NaN,
      0.0,
      2.83322,
      1.74993,
      1.2499500000000001,
      2.16658,
      1.99992,
      2.41657,
      1.58327,
      1.58327,
      2.16658,
      1.58327,
      1.49994,
      1.2499500000000001,
      1.99992,
      1.99992
    ],
    [
      0.9166300000000001,
      1.16662,
      NaN,
      1.2499500000000001,
      NaN,
      2.83322,
      0.0,
      0.8333,
      1.08329,
      0.9166300000000001,
      1.16662,
      1.08329,
      1.74993,
      0.74997,
      0.9166300000000001,
      0.9166300000000001,
      0.74997,
      1.41661,
      1.16662,
      1.16662
    ],
    [
      0.9166300000000001,
      0.8333,
      1.16662,
      1.16662,
      NaN,
      1.74993,
      0.8333,
      0.0,
      1.08329,
      1.16662,
      NaN,
      2.24991,
      1.33328,
      NaN,
      1.16662,
      1.16662,
      NaN,
      1.6666,
      NaN,
      NaN
    ],
    [
      1.33328,
      0.9166300000000001,
      1.16662,
      0.66664,
      NaN,
      1.2499500000000001,
      1.08329,
      1.08329,
      0.0,
      NaN,
      1.6666,
      1.41661,
      1.6666,
      1.2499500000000001,
      NaN,
      0.66664,
      1.16662,
      0.99996,
      1.6666,
      1.6666
    ],
    [
      1.16662,
      0.99996,
      0.99996,
      0.58331,
      NaN,
      2.16658,
      0.9166300000000001,
      1.16662,
      NaN,
      0.0,
      1.58327,
      NaN,
      1.49994,
      1.16662,
      NaN,
      1.33328,
      1.08329,
      1.08329,
      1.58327,
      1.58327
    ],
    [
      NaN,
      NaN,
      1.49994,
      1.16662,
      NaN,
      1.99992,
      1.16662,
      NaN,
      1.6666,
      1.58327,
      0.0,
      1.6666,
      1.41661,
      NaN,
      1.33328,
      1.2499500000000001,
      NaN,
      1.2499500000000001,
      NaN,
      NaN
    ],
    [
      1.49994,
      1.74993,
      1.16662,
      0.66664,
      NaN,
      2.41657,
      1.08329,
      2.24991,
      1.41661,
      NaN,
      1.6666,
      0.0,
      1.58327,
      1.33328,
      NaN,
      1.58327,
      1.2499500000000001,
      1.58327,
      1.74993,
      1.74993
    ],
    [
      1.16662,
      1.41661,
      1.58327,
      0.9166300000000001,
      NaN,
      1.58327,
      1.74993,
      1.33328,
      1.6666,
      1.49994,
      1.41661,
      1.58327,
      0.0,
      1.16662,
      1.6666,
      0.9166300000000001,
      1.08329,
      NaN,
      NaN,
      1.41661
    ],
    [
      NaN,
      NaN,
      1.08329,
      0.74997,
      NaN,
      1.58327,
      0.74997,
      NaN,
      1.2499500000000001,
      1.16662,
      NaN,
      1.33328,
      1.16662,
      0.0,
      0.99996,
      0.9166300000000001,
      NaN,
      0.9166300000000001,
      NaN,
      NaN
    ],
    [
      1.16662,
      1.41661,
      0.99996,
      1.49994,
      NaN,
      2.16658,
      0.9166300000000001,
      1.16662,
      NaN,
      NaN,
      1.33328,
      NaN,
      1.6666,
      0.99996,
      0.0,
      1.33328,
      1.08329,
      1.08329,
      1.58327,
      1.58327
    ],
    [
      1.16662,
      1.33328,
      0.99996,
      0.74997,
      NaN,
      1.58327,
      0.9166300000000001,
      1.16662,
      0.66664,
      1.33328,
      1.2499500000000001,
      1.58327,
      0.9166300000000001,
      0.9166300000000001,
      1.33328,
      0.0,
      0.99996,
      0.58331,
      1.49994,
      1.49994
    ],
    [
      NaN,
      NaN,
      1.08329,
      0.74997,
      NaN,
      1.49994,
      0.74997,
      NaN,
      1.16662,
      1.08329,
      NaN,
      1.2499500000000001,
      1.08329,
      NaN,
      1.08329,
      0.99996,
      0.0,
      0.9166300000000001,
      NaN,
      NaN
    ],
    [
      1.41661,
      1.33328,
      1.49994,
      0.74997,
      NaN,
      1.2499500000000001,
      1.41661,
      1.6666,
      0.99996,
      1.08329,
      1.2499500000000001,
      1.58327,
      NaN,
      0.9166300000000001,
      1.08329,
      0.58331,
      0.9166300000000001,
      0.0,
      1.16662,
      1.16662
    ],
    [
      NaN,
      NaN,
      1.49994,
      1.16662,
      NaN,
      1.99992,
      1.16662,
      NaN,
      1.6666,
      1.58327,
      NaN,
      1.74993,
      NaN,
      NaN,
      1.58327,
      1.49994,
      NaN,
      1.16662,
      0.0,
      NaN
    ],
    [
      NaN,
      NaN,
      1.49994,
      1.08329,
      NaN,
      1.99992,
      1.16662,
      NaN,
      1.6666,
      1.58327,
      NaN,
      1.74993,
      1.41661,
      NaN,
      1.58327,
      1.49994,
      NaN,
      1.16662,
      NaN,
      0.0
    ]
  ],
  "transit_time_matrix": [
    [
      0.0,
      NaN,
      26.0,
      46.0,
      NaN,
      77.0,
      26.0,
      12.0,
      7.0,
      26.0,
      NaN,
      30.0,
      14.0,
      NaN,
      26.0,
      57.0,
      NaN,
      81.0,
      NaN,
      NaN
    ],
    [
      NaN,
      0.0,
      10.0,
      42.0,
      NaN,
      79.0,
      29.0,
      12.0,
      28.0,
      31.0,
      NaN,
      33.0,
      47.0,
      NaN,
      29.0,
      59.0,
      NaN,
      19.0,
      NaN,
      NaN
    ],
    [
      26.0,
      10.0,
      0.0,
      54.0,
      NaN,
      98.0,
      NaN,
      21.0,
      12.0,
      46.0,
      30.0,
      52.0,
      18.0,
      25.0,
      46.0,
      78.0,
      25.0,
      17.0,
      30.0,
      30.0
    ],
    [
      46.0,
      42.0,
      54.0,
      0.0,
      NaN,
      99.0,
      62.0,
      49.0,
      58.0,
      14.0,
      62.0,
      13.0,
      21.0,
      14.0,
      14.0,
      61.0,
      14.0,
      70.0,
      61.0,
      16.0
    ],
    [
      NaN,
      NaN,
      NaN,
      NaN,
      0.0,
      NaN,
      NaN,
      NaN,
      NaN,
      NaN,
      NaN,
      NaN,
      NaN,
      NaN,
      NaN,
      NaN,
      NaN,
      NaN,
      NaN,
      NaN
    ],
    [
      77.0,
      79.0,
      98.0,
      99.0,
      NaN,
      0.0,
      79.0,
      79.0,
      78.0,
      19.0,
      22.0,
      20.0,
      84.0,
      21.0,
      19.0,
      39.0,
      84.0,
      26.0,
      90.0,
      90.0
    ],
    [
      26.0,
      29.0,
      NaN,
      62.0,
      NaN,
      79.0,
      0.0,
      30.0,
      43.0,
      11.0,
      39.0,
      51.0,
      57.0,
      34.0,
      11.0,
      77.0,
      34.0,
      14.0,
      39.0,
      39.0
    ],
    [
      12.0,
      12.0,
      21.0,
      49.0,
      NaN,
      79.0,
      30.0,
      0.0,
      24.0,
      9.0,
      NaN,
      40.0,
      35.0,
      0.0,
      27.0,
      59.0,
      0.0,
      73.0,
      0.0,
      0.0
    ],
    [
      7.0,
      28.0,
      12.0,
      58.0,
      NaN,
      78.0,
      43.0,
      24.0,
      0.0,
      0.0,
      31.0,
      3.0,
      46.0,
      26.0,
      0.0,
      35.0,
      5.0,
      54.0,
      31.0,
      31.0
    ],
    [
      26.0,
      31.0,
      46.0,
      14.0,
      NaN,
      19.0,
      11.0,
      9.0,
      0.0,
      0.0,
      30.0,
      0.0,
      43.0,
      25.0,
      NaN,
      33.0,
      24.0,
      15.0,
      30.0,
      30.0
    ],
    [
      NaN,
      NaN,
      30.0,
      62.0,
      NaN,
      22.0,
      39.0,
      NaN,
      31.0,
      30.0,
      0.0,
      32.0,
      14.0,
      NaN,
      28.0,
      58.0,
      NaN,
      67.0,
      NaN,
      NaN
    ],
    [
      30.0,
      33.0,
      52.0,
      13.0,
      NaN,
      20.0,
      51.0,
      40.0,
      3.0,
      0.0,
      32.0,
      0.0,
      40.0,
      29.0,
      0.0,
      13.0,
      28.0,
      17.0,
      34.0,
      34.0
    ],
    [
      14.0,
      47.0,
      18.0,
      21.0,
      NaN,
      84.0,
      57.0,
      35.0,
      46.0,
      43.0,
      14.0,
      40.0,
      0.0,
      13.0,
      41.0,
      49.0,
      31.0,
      0.0,
      0.0,
      36.0
    ],
    [
      NaN,
      NaN,
      25.0,
      14.0,
      NaN,
      21.0,
      34.0,
      0.0,
      26.0,
      25.0,
      NaN,
      29.0,
      13.0,
      0.0,
      24.0,
      52.0,
      NaN,
      61.0,
      NaN,
      NaN
    ],
    [
      26.0,
      29.0,
      46.0,
      14.0,
      NaN,
      19.0,
      11.0,
      27.0,
      0.0,
      NaN,
      28.0,
      0.0,
      41.0,
      24.0,
      0.0,
      33.0,
      24.0,
      15.0,
      30.0,
      30.0
    ],
    [
      57.0,
      59.0,
      78.0,
      61.0,
      NaN,
      39.0,
      77.0,
      59.0,
      35.0,
      33.0,
      58.0,
      13.0,
      49.0,
      52.0,
      33.0,
      0.0,
      58.0,
      16.0,
      15.0,
      64.0
    ],
    [
      NaN,
      NaN,
      25.0,
      14.0,
      NaN,
      84.0,
      34.0,
      0.0,
      5.0,
      24.0,
      NaN,
      28.0,
      31.0,
      NaN,
      24.0,
      58.0,
      0.0,
      60.0,
      NaN,
      NaN
    ],
    [
      81.0,
      19.0,
      17.0,
      70.0,
      NaN,
      26.0,
      14.0,
      73.0,
      54.0,
      15.0,
      67.0,
      17.0,
      0.0,
      61.0,
      15.0,
      16.0,
      60.0,
      0.0,
      18.0,
      18.0
    ],
    [
      NaN,
      NaN,
      30.0,
      61.0,
      NaN,
      90.0,
      39.0,
      0.0,
      31.0,
      30.0,
      NaN,
      34.0,
      0.0,
      NaN,
      30.0,
      15.0,
      NaN,
      18.0,
      0.0,
      NaN
    ],
    [
      NaN,
      NaN,
      30.0,
      16.0,
      NaN,
      90.0,
      39.0,
      0.0,
      31.0,
      30.0,
      NaN,
      34.0,
      36.0,
      NaN,
      30.0,
      64.0,
      NaN,
      18.0,
      NaN,
      0.0
    ]
  ],
  "walk_dist_matrix": [
    [
      0.0,
      0.80467,
      4.184284,
      8.368568,
      18.50741,
      18.50741,
      4.9889540000000006,
      1.2874720000000002,
      3.7014819999999995,
      3.8624159999999996,
      0.80467,
      4.345218,
      11.26538,
      0.16093400000000002,
      3.8624159999999996,
      10.138842,
      0.16093400000000002,
      14.48406,
      0.80467,
      0.80467
    ],
    [
      0.80467,
      0.0,
      4.506151999999999,
      7.563898,
      18.829278,
      18.829278,
      5.149888000000001,
      1.60934,
      4.02335,
      4.184284,
      0.80467,
      3.7014819999999995,
      10.46071,
      0.6437360000000001,
      4.184284,
      10.46071,
      0.6437360000000001,
      14.805927999999998,
      0.80467,
      0.80467
    ],
    [
      4.184284,
      4.506151999999999,
      0.0,
      11.748182,
      14.966862,
      15.28873,
      1.2874720000000002,
      3.057746,
      5.63269,
      6.276426,
      4.345218,
      7.402963999999999,
      14.323126,
      4.02335,
      6.276426,
      7.563898,
      4.02335,
      11.426314,
      4.345218,
      4.345218
    ],
    [
      8.368568,
      7.563898,
      11.748182,
      0.0,
      24.461968,
      24.461968,
      12.07005,
      9.012303999999999,
      8.85137,
      9.012303999999999,
      8.529501999999999,
      8.207633999999999,
      3.7014819999999995,
      8.207633999999999,
      9.012303999999999,
      15.610598,
      8.207633999999999,
      19.955816000000002,
      8.529501999999999,
      8.529501999999999
    ],
    [
      18.50741,
      18.829278,
      14.966862,
      24.461968,
      0.0,
      7.885766,
      14.48406,
      17.70274,
      15.771532,
      16.0934,
      18.668343999999998,
      17.380872,
      24.461968,
      18.346476,
      16.0934,
      11.104446000000001,
      18.346476,
      6.759228,
      18.829278,
      18.668343999999998
    ],
    [
      18.50741,
      18.829278,
      15.28873,
      24.461968,
      7.885766,
      0.0,
      14.644993999999999,
      18.024607999999997,
      15.771532,
      16.0934,
      18.668343999999998,
      17.059003999999998,
      23.657297999999997,
      18.346476,
      16.0934,
      9.816974,
      18.346476,
      5.310822,
      18.668343999999998,
      18.668343999999998
    ],
    [
      4.9889540000000006,
      5.149888000000001,
      1.2874720000000002,
      12.07005,
      14.48406,
      14.644993999999999,
      0.0,
      3.8624159999999996,
      5.793624,
      6.598293999999999,
      5.149888000000001,
      7.563898,
      14.48406,
      4.82802,
      6.598293999999999,
      6.9201619999999995,
      4.667085999999999,
      10.782578,
      5.149888000000001,
      5.149888000000001
    ],
    [
      1.2874720000000002,
      1.60934,
      3.057746,
      9.012303999999999,
      17.70274,
      18.024607999999997,
      3.8624159999999996,
      0.0,
      3.8624159999999996,
      4.184284,
      1.448406,
      4.667085999999999,
      11.426314,
      1.1265379999999998,
      4.184284,
      10.138842,
      1.1265379999999998,
      14.001257999999998,
      1.448406,
      1.448406
    ],
    [
      3.7014819999999995,
      4.02335,
      5.63269,
      8.85137,
      15.771532,
      15.771532,
      5.793624,
      3.8624159999999996,
      0.0,
      0.80467,
      3.8624159999999996,
      1.7702740000000001,
      9.334171999999999,
      3.5405480000000003,
      0.80467,
      6.9201619999999995,
      3.5405480000000003,
      11.426314,
      3.8624159999999996,
      3.8624159999999996
    ],
    [
      3.8624159999999996,
      4.184284,
      6.276426,
      9.012303999999999,
      16.0934,
      16.0934,
      6.598293999999999,
      4.184284,
      0.80467,
      0.0,
      4.184284,
      1.2874720000000002,
      8.690436,
      3.7014819999999995,
      0.0,
      6.598293999999999,
      3.7014819999999995,
      11.104446000000001,
      4.184284,
      4.184284
    ],
    [
      0.80467,
      0.80467,
      4.345218,
      8.529501999999999,
      18.668343999999998,
      18.668343999999998,
      5.149888000000001,
      1.448406,
      3.8624159999999996,
      4.184284,
      0.0,
      4.506151999999999,
      11.426314,
      0.6437360000000001,
      4.184284,
      10.299776000000001,
      0.48280199999999995,
      14.805927999999998,
      0.364,
      0.32186800000000004
    ],
    [
      4.345218,
      3.7014819999999995,
      7.402963999999999,
      8.207633999999999,
      17.380872,
      17.059003999999998,
      7.563898,
      4.667085999999999,
      1.7702740000000001,
      1.2874720000000002,
      4.506151999999999,
      0.0,
      7.885766,
      4.184284,
      1.2874720000000002,
      7.724831999999999,
      4.184284,
      12.07005,
      4.506151999999999,
      4.506151999999999
    ],
    [
      11.26538,
      10.46071,
      14.323126,
      3.7014819999999995,
      24.461968,
      23.657297999999997,
      14.48406,
      11.426314,
      9.334171999999999,
      8.690436,
      11.426314,
      7.885766,
      0.0,
      11.104446000000001,
      8.85137,
      14.323126,
      11.104446000000001,
      18.668343999999998,
      11.426314,
      11.26538
    ],
    [
      0.16093400000000002,
      0.6437360000000001,
      4.02335,
      8.207633999999999,
      18.346476,
      18.346476,
      4.82802,
      1.1265379999999998,
      3.5405480000000003,
      3.7014819999999995,
      0.6437360000000001,
      4.184284,
      11.104446000000001,
      0.0,
      3.7014819999999995,
      9.977908000000001,
      0.243,
      14.323126,
      0.6437360000000001,
      0.6437360000000001
    ],
    [
      3.8624159999999996,
      4.184284,
      6.276426,
      9.012303999999999,
      16.0934,
      16.0934,
      6.598293999999999,
      4.184284,
      0.80467,
      0.0,
      4.184284,
      1.2874720000000002,
      8.85137,
      3.7014819999999995,
      0.0,
      6.598293999999999,
      3.7014819999999995,
      11.104446000000001,
      4.184284,
      4.184284
    ],
    [
      10.138842,
      10.46071,
      7.563898,
      15.610598,
      11.104446000000001,
      9.816974,
      6.9201619999999995,
      10.138842,
      6.9201619999999995,
      6.598293999999999,
      10.299776000000001,
      7.724831999999999,
      14.323126,
      9.977908000000001,
      6.598293999999999,
      0.0,
      9.977908000000001,
      4.82802,
      10.299776000000001,
      10.299776000000001
    ],
    [
      0.16093400000000002,
      0.6437360000000001,
      4.02335,
      8.207633999999999,
      18.346476,
      18.346476,
      4.667085999999999,
      1.1265379999999998,
      3.5405480000000003,
      3.7014819999999995,
      0.48280199999999995,
      4.184284,
      11.104446000000001,
      0.243,
      3.7014819999999995,
      9.977908000000001,
      0.0,
      14.323126,
      0.6437360000000001,
      0.6437360000000001
    ],
    [
      14.48406,
      14.805927999999998,
      11.426314,
      19.955816000000002,
      6.759228,
      5.310822,
      10.782578,
      14.001257999999998,
      11.426314,
      11.104446000000001,
      14.805927999999998,
      12.07005,
      18.668343999999998,
      14.323126,
      11.104446000000001,
      4.82802,
      14.323126,
      0.0,
      14.805927999999998,
      14.805927999999998
    ],
    [
      0.80467,
      0.80467,
      4.345218,
      8.529501999999999,
      18.829278,
      18.668343999999998,
      5.149888000000001,
      1.448406,
      3.8624159999999996,
      4.184284,
      0.364,
      4.506151999999999,
      11.426314,
      0.6437360000000001,
      4.184284,
      10.299776000000001,
      0.6437360000000001,
      14.805927999999998,
      0.0,
      0.32186800000000004
    ],
    [
      0.80467,
      0.80467,
      4.345218,
      8.529501999999999,
      18.668343999999998,
      18.668343999999998,
      5.149888000000001,
      1.448406,
      3.8624159999999996,
      4.184284,
      0.32186800000000004,
      4.506151999999999,
      11.26538,
      0.6437360000000001,
      4.184284,
      10.299776000000001,
      0.6437360000000001,
      14.805927999999998,
      0.32186800000000004,
      0.0
    ]
  ],
  "walk_time_matrix": [
    [
      0.0,
      10.0,
      26.0,
      103.0,
      239.0,
      77.0,
      26.0,
      12.0,
      47.0,
      50.0,
      10.0,
      56.0,
      141.0,
      2.0,
      50.0,
      128.0,
      3.0,
      181.0,
      10.0,
      10.0
    ],
    [
      10.0,
      0.0,
      57.0,
      42.0,
      243.0,
      233.0,
      66.0,
      19.0,
      50.0,
      54.0,
      11.0,
      46.0,
      131.0,
      8.0,
      29.0,
      131.0,
      8.0,
      185.0,
      11.0,
      11.0
    ],
    [
      26.0,
      57.0,
      0.0,
      146.0,
      196.0,
      189.0,
      16.0,
      21.0,
      44.0,
      81.0,
      56.0,
      92.0,
      179.0,
      25.0,
      46.0,
      94.0,
      25.0,
      141.0,
      56.0,
      30.0
    ],
    [
      103.0,
      42.0,
      146.0,
      0.0,
      314.0,
      305.0,
      152.0,
      115.0,
      112.0,
      115.0,
      106.0,
      103.0,
      47.0,
      103.0,
      115.0,
      197.0,
      103.0,
      253.0,
      106.0,
      106.0
    ],
    [
      239.0,
      243.0,
      196.0,
      314.0,
      0.0,
      96.0,
      176.0,
      217.0,
      195.0,
      199.0,
      231.0,
      214.0,
      300.0,
      227.0,
      199.0,
      136.0,
      226.0,
      82.0,
      232.0,
      231.0
    ],
    [
      77.0,
      233.0,
      189.0,
      305.0,
      96.0,
      0.0,
      177.0,
      218.0,
      192.0,
      195.0,
      228.0,
      207.0,
      84.0,
      223.0,
      195.0,
      119.0,
      223.0,
      26.0,
      229.0,
      228.0
    ],
    [
      26.0,
      66.0,
      16.0,
      152.0,
      176.0,
      177.0,
      0.0,
      49.0,
      74.0,
      83.0,
      65.0,
      94.0,
      181.0,
      34.0,
      83.0,
      86.0,
      34.0,
      132.0,
      65.0,
      65.0
    ],
    [
      12.0,
      19.0,
      21.0,
      115.0,
      217.0,
      218.0,
      49.0,
      0.0,
      50.0,
      53.0,
      18.0,
      59.0,
      145.0,
      15.0,
      53.0,
      128.0,
      13.0,
      175.0,
      19.0,
      19.0
    ],
    [
      47.0,
      50.0,
      44.0,
      112.0,
      195.0,
      192.0,
      74.0,
      50.0,
      0.0,
      11.0,
      50.0,
      19.0,
      117.0,
      45.0,
      10.0,
      88.0,
      25.0,
      144.0,
      31.0,
      31.0
    ],
    [
      50.0,
      54.0,
      81.0,
      115.0,
      199.0,
      195.0,
      83.0,
      53.0,
      11.0,
      0.0,
      53.0,
      16.0,
      109.0,
      48.0,
      1.0,
      84.0,
      47.0,
      140.0,
      53.0,
      53.0
    ],
    [
      10.0,
      11.0,
      56.0,
      106.0,
      231.0,
      228.0,
      65.0,
      18.0,
      50.0,
      53.0,
      0.0,
      57.0,
      142.0,
      8.0,
      53.0,
      131.0,
      7.0,
      184.0,
      2.0,
      3.0
    ],
    [
      56.0,
      46.0,
      92.0,
      103.0,
      214.0,
      207.0,
      94.0,
      59.0,
      19.0,
      16.0,
      57.0,
      0.0,
      98.0,
      29.0,
      16.0,
      39.0,
      53.0,
      153.0,
      57.0,
      57.0
    ],
    [
      141.0,
      131.0,
      179.0,
      47.0,
      300.0,
      84.0,
      181.0,
      145.0,
      117.0,
      109.0,
      142.0,
      98.0,
      0.0,
      141.0,
      111.0,
      181.0,
      140.0,
      237.0,
      143.0,
      143.0
    ],
    [
      2.0,
      8.0,
      25.0,
      103.0,
      227.0,
      223.0,
      34.0,
      15.0,
      45.0,
      48.0,
      8.0,
      29.0,
      141.0,
      0.0,
      24.0,
      126.0,
      1.0,
      180.0,
      8.0,
      8.0
    ],
    [
      50.0,
      29.0,
      46.0,
      115.0,
      199.0,
      195.0,
      83.0,
      53.0,
      10.0,
      1.0,
      53.0,
      16.0,
      111.0,
      24.0,
      0.0,
      33.0,
      47.0,
      140.0,
      53.0,
      53.0
    ],
    [
      128.0,
      131.0,
      94.0,
      197.0,
      136.0,
      119.0,
      86.0,
      128.0,
      88.0,
      84.0,
      131.0,
      39.0,
      181.0,
      126.0,
      33.0,
      0.0,
      123.0,
      60.0,
      129.0,
      129.0
    ],
    [
      3.0,
      8.0,
      25.0,
      103.0,
      226.0,
      223.0,
      34.0,
      13.0,
      25.0,
      47.0,
      7.0,
      53.0,
      140.0,
      1.0,
      47.0,
      123.0,
      0.0,
      179.0,
      8.0,
      7.0
    ],
    [
      181.0,
      185.0,
      141.0,
      253.0,
      82.0,
      26.0,
      132.0,
      175.0,
      144.0,
      140.0,
      184.0,
      153.0,
      237.0,
      180.0,
      140.0,
      60.0,
      179.0,
      0.0,
      181.0,
      181.0
    ],
    [
      10.0,
      11.0,
      56.0,
      106.0,
      232.0,
      229.0,
      65.0,
      19.0,
      31.0,
      53.0,
      2.0,
      57.0,
      143.0,
      8.0,
      53.0,
      129.0,
      8.0,
      181.0,
      0.0,
      5.0
    ],
    [
      10.0,
      11.0,
      30.0,
      106.0,
      231.0,
      228.0,
      65.0,
      19.0,
      31.0,
      53.0,
      3.0,
      57.0,
      143.0,
      8.0,
      53.0,
      129.0,
      7.0,
      181.0,
      5.0,
      0.0
    ]
  ],
  "cycle_dist_matrix": [
    [
      0.0,
      0.9656039999999999,
      4.82802,
      9.816974,
      22.53076,
      20.92142,
      5.63269,
      1.2874720000000002,
      4.667085999999999,
      4.9889540000000006,
      0.80467,
      5.471756,
      13.67939,
      0.16093400000000002,
      4.9889540000000006,
      10.138842,
      0.16093400000000002,
      16.737136,
      0.80467,
      0.80467
    ],
    [
      0.9656039999999999,
      0.0,
      5.149888000000001,
      7.563898,
      18.829278,
      21.243288,
      5.9545580000000005,
      1.9312079999999998,
      4.9889540000000006,
      5.310822,
      0.9656039999999999,
      4.345218,
      11.748182,
      0.80467,
      5.310822,
      13.518456,
      0.6437360000000001,
      17.059003999999998,
      0.9656039999999999,
      0.80467
    ],
    [
      4.82802,
      5.149888000000001,
      0.0,
      13.035654,
      14.966862,
      16.737136,
      1.2874720000000002,
      3.21868,
      7.0810960000000005,
      6.276426,
      4.345218,
      7.402963999999999,
      16.89807,
      4.184284,
      6.276426,
      8.85137,
      4.02335,
      12.391918,
      4.506151999999999,
      4.345218
    ],
    [
      9.816974,
      7.563898,
      13.035654,
      0.0,
      26.55411,
      25.105704,
      12.07005,
      9.012303999999999,
      9.173238,
      9.495106,
      9.012303999999999,
      8.368568,
      4.345218,
      8.690436,
      9.495106,
      15.771532,
      8.529501999999999,
      20.760486,
      8.529501999999999,
      9.012303999999999
    ],
    [
      22.53076,
      18.829278,
      14.966862,
      26.55411,
      0.0,
      8.529501999999999,
      16.737136,
      20.277684,
      15.771532,
      18.024607999999997,
      21.404222,
      19.151146,
      25.588506,
      18.346476,
      18.024607999999997,
      11.104446000000001,
      18.346476,
      7.0810960000000005,
      21.404222,
      21.404222
    ],
    [
      20.92142,
      21.243288,
      16.737136,
      25.105704,
      8.529501999999999,
      0.0,
      14.805927999999998,
      18.346476,
      15.771532,
      16.0934,
      18.668343999999998,
      17.219938,
      23.657297999999997,
      18.346476,
      16.0934,
      11.104446000000001,
      18.346476,
      4.9889540000000006,
      19.473014,
      19.473014
    ],
    [
      5.63269,
      5.9545580000000005,
      1.2874720000000002,
      12.07005,
      16.737136,
      14.805927999999998,
      0.0,
