{
  "drive_dist_matrix": [
    [
      0.0,
      2.5749440000000003,
      3.8624159999999996,
      6.115492,
      6.9201619999999995,
      6.759228,
      11.587248,
      5.471756,
      4.02335,
      5.9545580000000005,
      3.8624159999999996,
      3.057746,
      5.471756,
      6.276426,
      6.115492,
      2.896812,
      6.9201619999999995,
      6.598293999999999,
      5.9545580000000005,
      3.5405480000000003,
      9.334171999999999,
      5.793624,
      6.115492,
      5.149888000000001,
      5.9545580000000005,
      6.759228,
      3.7014819999999995,
      9.816974,
      0.6437360000000001,
      9.334171999999999,
      3.8624159999999996,
      5.471756,
      1.2874720000000002,
      14.48406,
      6.115492,
      6.9201619999999995,
      9.495106,
      7.563898,
      8.529501999999999,
      3.057746,
      6.9201619999999995,
      9.495106,
      2.2530759999999996,
      6.9201619999999995,
      9.012303999999999,
      11.426314,
      1.60934,
      14.644993999999999,
      1.2874720000000002,
      0.80467,
      3.8624159999999996,
      4.345218,
      7.724831999999999,
      3.5405480000000003,
      5.793624,
      7.724831999999999,
      7.724831999999999,
      3.379614,
      6.43736,
      2.5749440000000003
    ],
    [
      2.5749440000000003,
      0.0,
      1.448406,
      5.9545580000000005,
      6.598293999999999,
      6.598293999999999,
      8.0467,
      5.310822,
      3.8624159999999996,
      5.793624,
      3.5405480000000003,
      1.9312079999999998,
      5.310822,
      5.9545580000000005,
      5.793624,
      0.32186800000000004,
      6.759228,
      6.276426,
      5.63269,
      1.1265379999999998,
      9.173238,
      4.506151999999999,
      5.9545580000000005,
      4.9889540000000006,
      5.793624,
      5.310822,
      3.379614,
      9.65604,
      2.896812,
      4.345218,
      1.448406,
      5.310822,
      3.5405480000000003,
      11.748182,
      5.9545580000000005,
      6.759228,
      9.173238,
      7.402963999999999,
      8.368568,
      0.236,
      6.759228,
      9.173238,
      4.02335,
      6.598293999999999,
      13.518456,
      7.563898,
      3.057746,
      14.48406,
      2.2530759999999996,
      1.60934,
      3.7014819999999995,
      3.21868,
      7.402963999999999,
      2.41401,
      6.598293999999999,
      7.402963999999999,
      7.563898,
      0.9656039999999999,
      8.690436,
      0.16093400000000002
    ],
    [
      3.8624159999999996,
      1.448406,
      0.0,
      4.02335,
      8.529501999999999,
      8.85137,
      7.563898,
      4.345218,
      4.9889540000000006,
      6.9201619999999995,
      4.82802,
      1.2874720000000002,
      4.345218,
      3.8624159999999996,
      4.02335,
      1.2874720000000002,
      4.667085999999999,
      8.207633999999999,
      6.9201619999999995,
      0.16093400000000002,
      9.816974,
      3.379614,
      4.667085999999999,
      4.02335,
      6.9201619999999995,
      6.598293999999999,
      4.506151999999999,
      11.909116000000001,
      4.02335,
      3.21868,
      0.095,
      4.345218,
      3.8624159999999996,
      11.26538,
      4.02335,
      7.885766,
      10.46071,
      9.816974,
      9.495106,
      1.60934,
      7.885766,
      10.46071,
      4.345218,
      8.529501999999999,
      15.771532,
      7.0810960000000005,
      4.184284,
      13.196587999999998,
      3.379614,
      2.092142,
      4.82802,
      2.41401,
      9.65604,
      1.7702740000000001,
      5.793624,
      7.885766,
      9.816974,
      0.32186800000000004,
      10.782578,
      1.60934
    ],
    [
      6.115492,
      5.9545580000000005,
      4.02335,
      0.0,
      2.092142,
      1.9312079999999998,
      12.552852,
      1.9312079999999998,
      2.896812,
      0.9656039999999999,
      8.368568,
      4.02335,
      1.9312079999999998,
      0.48280199999999995,
      0.285,
      5.149888000000001,
      0.6437360000000001,
      0.48280199999999995,
      0.80467,
      4.184284,
      3.057746,
      1.448406,
      0.32186800000000004,
      1.9312079999999998,
      1.448406,
      9.977908000000001,
      8.0467,
      6.598293999999999,
      4.9889540000000006,
      1.9312079999999998,
      4.02335,
      1.9312079999999998,
      5.471756,
      15.449663999999999,
      0.0,
      2.2530759999999996,
      3.21868,
      2.896812,
      2.2530759999999996,
      5.793624,
      2.092142,
      3.21868,
      4.9889540000000006,
      2.092142,
      16.89807,
      9.495106,
      6.759228,
      7.402963999999999,
      5.793624,
      4.667085999999999,
      3.057746,
      2.092142,
      10.782578,
      2.735878,
      3.21868,
      0.32186800000000004,
      10.943512,
      4.82802,
      12.07005,
      5.471756
    ],
    [
      6.9201619999999995,
      6.598293999999999,
      8.529501999999999,
      2.092142,
      0.0,
      0.16093400000000002,
      13.357522000000001,
      2.5749440000000003,
      3.5405480000000003,
      0.6437360000000001,
      9.012303999999999,
      5.149888000000001,
      2.5749440000000003,
      1.60934,
      1.448406,
      8.690436,
      1.60934,
      1.60934,
      0.80467,
      5.310822,
      1.2874720000000002,
      2.5749440000000003,
      1.60934,
      2.5749440000000003,
      2.2530759999999996,
      10.621644,
      8.85137,
      3.5405480000000003,
      5.793624,
      3.7014819999999995,
      5.149888000000001,
      2.5749440000000003,
      6.115492,
      16.254334,
      1.60934,
      1.7702740000000001,
      1.9312079999999998,
      1.1265379999999998,
      0.80467,
      6.598293999999999,
      1.7702740000000001,
      1.9312079999999998,
      5.793624,
      0.003,
      17.541806,
      9.012303999999999,
      7.402963999999999,
      7.563898,
      6.598293999999999,
      5.471756,
      3.7014819999999995,
      3.057746,
      11.587248,
      4.506151999999999,
      4.02335,
      1.1265379999999998,
      11.587248,
      5.471756,
      12.713786,
      6.115492
    ],
    [
      6.759228,
      6.598293999999999,
      8.85137,
      1.9312079999999998,
      0.16093400000000002,
      0.0,
      13.67939,
      2.735878,
      3.5405480000000003,
      0.6437360000000001,
      9.173238,
      5.63269,
      2.735878,
      2.092142,
      1.9312079999999998,
      8.690436,
      2.092142,
      2.092142,
      0.80467,
      5.793624,
      1.2874720000000002,
      3.057746,
      1.9312079999999998,
      2.735878,
      2.2530759999999996,
      10.782578,
      8.85137,
      3.5405480000000003,
      5.9545580000000005,
      3.8624159999999996,
      5.471756,
      2.735878,
      6.276426,
      16.576202000000002,
      1.9312079999999998,
      1.7702740000000001,
      1.9312079999999998,
      0.80467,
      0.80467,
      6.759228,
      1.60934,
      1.9312079999999998,
      6.759228,
      0.16093400000000002,
      17.70274,
      9.334171999999999,
      7.563898,
      7.724831999999999,
      6.759228,
      5.63269,
      3.7014819999999995,
      3.5405480000000003,
      11.748182,
      4.9889540000000006,
      4.02335,
      1.60934,
      11.748182,
      5.9545580000000005,
      12.87472,
      6.276426
    ],
    [
      11.587248,
      8.0467,
      7.563898,
      12.552852,
      13.357522000000001,
      13.67939,
      0.0,
      11.587248,
      12.391918,
      14.48406,
      9.977908000000001,
      10.782578,
      11.587248,
      12.230984,
      13.518456,
      8.207633999999999,
      11.426314,
      12.07005,
      14.323126,
      7.724831999999999,
      13.67939,
      10.46071,
      12.07005,
      13.518456,
      13.67939,
      11.426314,
      9.65604,
      15.771532,
      11.748182,
      9.816974,
      8.207633999999999,
      13.840323999999999,
      14.48406,
      6.115492,
      13.67939,
      13.196587999999998,
      14.323126,
      13.67939,
      13.357522000000001,
      8.529501999999999,
      13.196587999999998,
      14.48406,
      14.323126,
      12.552852,
      20.599552000000003,
      9.495106,
      11.909116000000001,
      11.909116000000001,
      11.26538,
      11.26538,
      12.230984,
      9.816974,
      14.644993999999999,
      10.782578,
      13.035654,
      11.748182,
      14.644993999999999,
      8.368568,
      15.771532,
      9.65604
    ],
    [
      5.471756,
      5.310822,
      4.345218,
      1.9312079999999998,
      2.5749440000000003,
      2.735878,
      11.587248,
      0.0,
      1.448406,
      1.7702740000000001,
      7.885766,
      4.345218,
      0.0,
      1.9312079999999998,
      1.7702740000000001,
      7.402963999999999,
      2.735878,
      2.2530759999999996,
      1.60934,
      4.506151999999999,
      3.8624159999999996,
      1.9312079999999998,
      1.9312079999999998,
      0.32186800000000004,
      1.60934,
      9.495106,
      7.563898,
      5.471756,
      4.184284,
      2.5749440000000003,
      4.184284,
      0.0,
      4.184284,
      17.380872,
      1.9312079999999998,
      2.735878,
      4.506151999999999,
      3.21868,
      3.379614,
      5.471756,
      2.5749440000000003,
      4.506151999999999,
      4.02335,
      2.5749440000000003,
      16.415267999999998,
      9.012303999999999,
      6.276426,
      10.46071,
      5.471756,
      4.345218,
      1.9312079999999998,
      2.5749440000000003,
      10.46071,
      3.8624159999999996,
      2.41401,
      3.379614,
      10.46071,
      4.667085999999999,
      11.587248,
      4.9889540000000006
    ],
    [
      4.02335,
      3.8624159999999996,
      4.9889540000000006,
      2.896812,
      3.5405480000000003,
      3.5405480000000003,
      12.391918,
      1.448406,
      0.0,
      2.2530759999999996,
      6.43736,
      2.896812,
      1.448406,
      2.5749440000000003,
      2.41401,
      6.115492,
      3.21868,
      2.735878,
      2.2530759999999996,
      3.8624159999999996,
      4.345218,
      2.41401,
      2.41401,
      0.9656039999999999,
      2.2530759999999996,
      8.0467,
      6.276426,
      6.115492,
      2.735878,
      2.2530759999999996,
      3.5405480000000003,
      1.448406,
      2.735878,
      15.932466,
      2.41401,
      3.21868,
      5.63269,
      3.8624159999999996,
      4.02335,
      4.02335,
      3.21868,
      5.793624,
      2.735878,
      3.057746,
      14.966862,
      8.207633999999999,
      4.82802,
      9.65604,
      4.02335,
      2.896812,
      0.48280199999999995,
      1.448406,
      9.012303999999999,
      2.2530759999999996,
      2.735878,
      4.02335,
      9.012303999999999,
      3.21868,
      10.138842,
      3.5405480000000003
    ],
    [
      5.9545580000000005,
      5.793624,
      6.9201619999999995,
      0.9656039999999999,
      0.6437360000000001,
      0.6437360000000001,
      14.48406,
      1.7702740000000001,
      2.2530759999999996,
      0.0,
      14.001257999999998,
      5.63269,
      3.8624159999999996,
      2.092142,
      0.9656039999999999,
      7.563898,
      2.2530759999999996,
      2.092142,
      0.16093400000000002,
      6.759228,
      3.21868,
      3.7014819999999995,
      2.092142,
      3.8624159999999996,
      3.5405480000000003,
      15.610598,
      13.67939,
      3.7014819999999995,
      8.0467,
      3.21868,
      6.43736,
      3.8624159999999996,
      8.368568,
      15.932466,
      0.9656039999999999,
      2.5749440000000003,
      3.379614,
      3.21868,
      2.5749440000000003,
      7.885766,
      0.9656039999999999,
      3.379614,
      7.724831999999999,
      0.6437360000000001,
      19.794882,
      10.138842,
      9.65604,
      8.690436,
      8.85137,
      7.724831999999999,
      5.63269,
      4.345218,
      13.840323999999999,
      5.793624,
      4.667085999999999,
      0.9656039999999999,
      13.840323999999999,
      6.598293999999999,
      14.966862,
      8.368568
    ],
    [
      3.8624159999999996,
      3.5405480000000003,
      4.82802,
      8.368568,
      9.012303999999999,
      9.173238,
      9.977908000000001,
      7.885766,
      6.43736,
      14.001257999999998,
      0.0,
      5.310822,
      7.402963999999999,
      8.207633999999999,
      8.0467,
      3.7014819999999995,
      9.012303999999999,
      8.529501999999999,
      7.885766,
      4.667085999999999,
      11.26538,
      7.885766,
      8.207633999999999,
      7.0810960000000005,
      7.885766,
      3.379614,
      0.32186800000000004,
      11.748182,
      4.184284,
      11.26538,
      4.82802,
      7.402963999999999,
      5.310822,
      13.518456,
      8.207633999999999,
      9.012303999999999,
      11.426314,
      9.65604,
      10.621644,
      3.379614,
      8.85137,
      11.426314,
      6.43736,
      8.85137,
      13.840323999999999,
      10.46071,
      4.506151999999999,
      13.518456,
      3.8624159999999996,
      3.8624159999999996,
      5.793624,
      6.759228,
      7.885766,
      5.9545580000000005,
      8.85137,
      9.65604,
      7.885766,
      4.506151999999999,
      9.012303999999999,
      3.21868
    ],
    [
      3.057746,
      1.9312079999999998,
      1.2874720000000002,
      4.02335,
      5.149888000000001,
      5.63269,
      10.782578,
      4.345218,
      2.896812,
      5.63269,
      5.310822,
      0.0,
      3.21868,
      3.7014819999999995,
      3.5405480000000003,
      1.7702740000000001,
      4.02335,
      4.02335,
      4.667085999999999,
      1.2874720000000002,
      6.759228,
      2.896812,
      3.5405480000000003,
      2.896812,
      3.7014819999999995,
      6.759228,
      4.82802,
      8.690436,
      2.735878,
      2.5749440000000003,
      1.1265379999999998,
      3.21868,
      3.057746,
      12.230984,
      3.5405480000000003,
      4.82802,
      7.402963999999999,
      5.310822,
      6.43736,
      1.9312079999999998,
      4.667085999999999,
      7.402963999999999,
      3.5405480000000003,
      5.471756,
      16.254334,
      7.724831999999999,
      4.506151999999999,
      10.138842,
      3.7014819999999995,
      2.41401,
      2.092142,
      1.60934,
      10.138842,
      0.6437360000000001,
      4.667085999999999,
      4.82802,
      10.299776000000001,
      0.9656039999999999,
      11.426314,
      2.092142
    ],
    [
      5.471756,
      5.310822,
      4.345218,
      1.9312079999999998,
      2.5749440000000003,
      2.735878,
      11.587248,
      0.0,
      1.448406,
      3.8624159999999996,
      7.402963999999999,
      3.21868,
      0.0,
      1.9312079999999998,
      1.7702740000000001,
      7.402963999999999,
      2.735878,
      2.2530759999999996,
      1.60934,
      4.506151999999999,
      3.8624159999999996,
      1.9312079999999998,
      1.9312079999999998,
      0.32186800000000004,
      0.6437360000000001,
      9.495106,
      7.563898,
      5.471756,
      4.184284,
      2.896812,
      4.184284,
      NaN,
      4.184284,
      17.380872,
      1.9312079999999998,
      2.735878,
      4.506151999999999,
      3.21868,
      3.379614,
      5.471756,
      2.5749440000000003,
      4.506151999999999,
      4.02335,
      2.5749440000000003,
      16.415267999999998,
      9.012303999999999,
      6.276426,
      10.46071,
      5.471756,
      4.345218,
      1.9312079999999998,
      2.5749440000000003,
      10.46071,
      3.8624159999999996,
      2.41401,
      2.41401,
      10.46071,
      4.667085999999999,
      11.587248,
      4.9889540000000006
    ],
    [
      6.276426,
      5.9545580000000005,
      3.8624159999999996,
      0.48280199999999995,
      1.60934,
      2.092142,
      12.230984,
      1.9312079999999998,
      2.5749440000000003,
      2.092142,
      8.207633999999999,
      3.7014819999999995,
      1.9312079999999998,
      0.0,
      0.32186800000000004,
      5.793624,
      0.80467,
      0.32186800000000004,
      2.092142,
      4.506151999999999,
      3.5405480000000003,
      0.9656039999999999,
      0.285,
      2.5749440000000003,
      2.092142,
      10.621644,
      8.690436,
      6.115492,
      5.63269,
      1.60934,
      4.345218,
      2.41401,
      5.9545580000000005,
      15.127796,
      0.48280199999999995,
      2.5749440000000003,
      3.5405480000000003,
      3.8624159999999996,
      2.735878,
      5.9545580000000005,
      2.5749440000000003,
      3.5405480000000003,
      5.63269,
      2.735878,
      17.541806,
      8.529501999999999,
      7.24203,
      6.9201619999999995,
      6.43736,
      5.310822,
      3.5405480000000003,
      2.41401,
      11.426314,
      3.7014819999999995,
      3.8624159999999996,
      0.48280199999999995,
      11.426314,
      4.506151999999999,
      12.552852,
      5.9545580000000005
    ],
    [
      6.115492,
      5.793624,
      4.02335,
      0.285,
      1.448406,
      1.9312079999999998,
      13.518456,
      1.7702740000000001,
      2.41401,
      0.9656039999999999,
      8.0467,
      3.5405480000000003,
      1.7702740000000001,
      0.32186800000000004,
      0.0,
      5.149888000000001,
      0.6437360000000001,
      0.48280199999999995,
      0.80467,
      4.184284,
      3.057746,
      1.448406,
      0.32186800000000004,
      1.9312079999999998,
      1.448406,
      9.977908000000001,
      8.0467,
      6.598293999999999,
      4.9889540000000006,
      1.9312079999999998,
      3.8624159999999996,
      1.7702740000000001,
      5.310822,
      15.449663999999999,
      0.282,
      2.2530759999999996,
      3.057746,
      2.735878,
      2.2530759999999996,
      5.793624,
      2.092142,
      3.21868,
      4.9889540000000006,
      1.9312079999999998,
      16.89807,
      9.495106,
      6.598293999999999,
      7.402963999999999,
      5.793624,
      4.667085999999999,
      2.896812,
      1.9312079999999998,
      10.782578,
      2.735878,
      3.21868,
      0.48280199999999995,
      10.943512,
      4.667085999999999,
      11.909116000000001,
      5.310822
    ],
    [
      2.896812,
      0.32186800000000004,
      1.2874720000000002,
      5.149888000000001,
      8.690436,
      8.690436,
      8.207633999999999,
      7.402963999999999,
      6.115492,
      7.563898,
      3.7014819999999995,
      1.7702740000000001,
      7.402963999999999,
      5.793624,
      5.149888000000001,
      0.0,
      7.0810960000000005,
      6.598293999999999,
      5.9545580000000005,
      0.9656039999999999,
      9.334171999999999,
      4.345218,
      6.115492,
      5.149888000000001,
      5.9545580000000005,
      5.471756,
      3.5405480000000003,
      9.816974,
      3.21868,
      4.506151999999999,
      0.9656039999999999,
      5.471756,
      3.7014819999999995,
      11.587248,
      6.115492,
      7.0810960000000005,
      9.495106,
      7.563898,
      8.529501999999999,
      0.32186800000000004,
      6.9201619999999995,
      9.495106,
      4.184284,
      6.9201619999999995,
      13.67939,
      7.402963999999999,
      3.379614,
      13.357522000000001,
      2.5749440000000003,
      1.9312079999999998,
      3.8624159999999996,
      3.21868,
      7.724831999999999,
      2.2530759999999996,
      6.9201619999999995,
      7.724831999999999,
      7.724831999999999,
      0.80467,
      8.85137,
      0.48280199999999995
    ],
    [
      6.9201619999999995,
      6.759228,
      4.667085999999999,
      0.6437360000000001,
      1.60934,
      2.092142,
      11.426314,
      2.735878,
      3.21868,
      2.2530759999999996,
      9.012303999999999,
      4.02335,
      2.735878,
      0.80467,
      0.6437360000000001,
      7.0810960000000005,
      0.0,
      0.16093400000000002,
      2.092142,
      4.82802,
      3.21868,
      1.2874720000000002,
      0.48280199999999995,
      2.41401,
      2.092142,
      10.46071,
      8.529501999999999,
      5.63269,
      5.63269,
      1.7702740000000001,
      4.506151999999999,
      2.41401,
      5.9545580000000005,
      15.28873,
      0.6437360000000001,
      2.41401,
      3.057746,
      2.896812,
      2.41401,
      6.43736,
      2.2530759999999996,
      3.057746,
      5.471756,
      1.9312079999999998,
      17.380872,
      8.207633999999999,
      7.24203,
      6.759228,
      6.43736,
      5.310822,
      3.5405480000000003,
      2.735878,
      11.426314,
      3.8624159999999996,
      3.8624159999999996,
      0.6437360000000001,
      11.426314,
      4.667085999999999,
      12.552852,
      5.310822
    ],
    [
      6.598293999999999,
      6.276426,
      8.207633999999999,
      0.48280199999999995,
      1.60934,
      2.092142,
      12.07005,
      2.2530759999999996,
      2.735878,
      2.092142,
      8.529501999999999,
      4.02335,
      2.2530759999999996,
      0.32186800000000004,
      0.48280199999999995,
      6.598293999999999,
      0.16093400000000002,
      0.0,
      1.9312079999999998,
      4.345218,
      2.735878,
      1.2874720000000002,
      0.32186800000000004,
      2.2530759999999996,
      1.9312079999999998,
      10.299776000000001,
      8.368568,
      5.471756,
      5.471756,
      1.9312079999999998,
      4.02335,
      2.2530759999999996,
      5.793624,
      15.28873,
      0.48280199999999995,
      2.2530759999999996,
      2.896812,
      2.735878,
      1.9312079999999998,
      5.63269,
      2.092142,
      2.896812,
      5.310822,
      1.7702740000000001,
      17.219938,
      9.495106,
      7.0810960000000005,
      7.885766,
      6.276426,
      5.149888000000001,
      3.379614,
      2.092142,
      11.26538,
      2.896812,
      5.310822,
      0.48280199999999995,
      11.26538,
      4.184284,
      12.391918,
      5.149888000000001
    ],
    [
      5.9545580000000005,
      5.63269,
      6.9201619999999995,
      0.80467,
      0.80467,
      0.80467,
      14.323126,
      1.60934,
      2.2530759999999996,
      0.16093400000000002,
      7.885766,
      4.667085999999999,
      1.60934,
      2.092142,
      0.80467,
      5.9545580000000005,
      2.092142,
      1.9312079999999998,
      0.0,
      6.9201619999999995,
      3.379614,
      3.7014819999999995,
      2.2530759999999996,
      4.02335,
      3.7014819999999995,
      15.771532,
      13.840323999999999,
      3.8624159999999996,
      8.0467,
      3.379614,
      6.598293999999999,
      4.02335,
      8.529501999999999,
      16.0934,
      0.80467,
      2.5749440000000003,
      3.5405480000000003,
      3.379614,
      2.5749440000000003,
      9.65604,
      0.80467,
      3.5405480000000003,
      7.885766,
      0.80467,
      19.955816000000002,
      10.299776000000001,
      9.816974,
      8.85137,
      8.85137,
      7.724831999999999,
      5.793624,
      4.345218,
      14.001257999999998,
      5.9545580000000005,
      4.82802,
      0.80467,
      14.001257999999998,
      6.759228,
      15.127796,
      8.0467
    ],
    [
      3.5405480000000003,
      1.1265379999999998,
      0.16093400000000002,
      4.184284,
      5.310822,
      5.793624,
      7.724831999999999,
      4.506151999999999,
      3.8624159999999996,
      6.759228,
      4.667085999999999,
      1.2874720000000002,
      4.506151999999999,
      4.506151999999999,
      4.184284,
      0.9656039999999999,
      4.82802,
      4.345218,
      6.9201619999999995,
      0.0,
      9.65604,
      3.5405480000000003,
      4.82802,
      4.184284,
      6.759228,
      6.43736,
      4.667085999999999,
      11.748182,
      3.8624159999999996,
      3.379614,
      0.16093400000000002,
      4.506151999999999,
      4.02335,
      11.26538,
      4.82802,
      7.885766,
      10.299776000000001,
      9.65604,
      9.334171999999999,
      1.448406,
      7.724831999999999,
      10.46071,
      4.506151999999999,
      8.529501999999999,
      15.610598,
      6.9201619999999995,
      4.184284,
      13.035654,
      3.21868,
      2.5749440000000003,
      4.667085999999999,
      2.5749440000000003,
      9.495106,
      2.092142,
      5.9545580000000005,
      7.724831999999999,
      9.65604,
      0.48280199999999995,
      10.782578,
      1.448406
    ],
    [
      9.334171999999999,
      9.173238,
      9.816974,
      3.057746,
      1.2874720000000002,
      1.2874720000000002,
      13.67939,
      3.8624159999999996,
      4.345218,
      3.21868,
      11.26538,
      6.759228,
      3.8624159999999996,
      3.5405480000000003,
      3.057746,
      9.334171999999999,
      3.21868,
      2.735878,
      3.379614,
      9.65604,
      0.0,
      3.8624159999999996,
      2.735878,
      3.8624159999999996,
      3.379614,
      11.909116000000001,
      10.138842,
      4.345218,
      7.0810960000000005,
      4.667085999999999,
      6.276426,
      3.8624159999999996,
      7.402963999999999,
      17.219938,
      2.735878,
      2.896812,
      0.9656039999999999,
      0.6437360000000001,
      0.6437360000000001,
      7.24203,
      2.735878,
      0.9656039999999999,
      6.9201619999999995,
      1.2874720000000002,
      18.829278,
      9.495106,
      8.690436,
      7.885766,
      7.885766,
      6.759228,
      4.9889540000000006,
      4.345218,
      12.87472,
      5.63269,
      5.310822,
      2.092142,
      12.87472,
      7.724831999999999,
      14.001257999999998,
      6.759228
    ],
    [
      5.793624,
      4.506151999999999,
      3.379614,
      1.448406,
      2.5749440000000003,
      3.057746,
      10.46071,
      1.9312079999999998,
      2.41401,
      3.7014819999999995,
      7.885766,
      2.896812,
      1.9312079999999998,
      0.9656039999999999,
      1.448406,
      4.345218,
      1.2874720000000002,
      1.2874720000000002,
      3.7014819999999995,
      3.5405480000000003,
      3.8624159999999996,
      0.0,
      1.2874720000000002,
      1.7702740000000001,
      2.41401,
      13.518456,
      11.587248,
      7.402963999999999,
      4.82802,
      0.48280199999999995,
      3.21868,
      2.092142,
      4.9889540000000006,
      13.840323999999999,
      1.448406,
      4.9889540000000006,
      4.184284,
      5.149888000000001,
      3.21868,
      4.9889540000000006,
      4.82802,
      4.184284,
      4.82802,
      4.02335,
      16.737136,
      5.793624,
      6.598293999999999,
      8.529501999999999,
      5.793624,
      4.667085999999999,
      2.735878,
      1.448406,
      10.782578,
      2.735878,
      4.667085999999999,
      3.21868,
      10.782578,
      3.379614,
      11.909116000000001,
      4.506151999999999
    ],
    [
      6.115492,
      5.9545580000000005,
      4.667085999999999,
      0.32186800000000004,
      1.60934,
      1.9312079999999998,
      12.07005,
      1.9312079999999998,
      2.41401,
      2.092142,
      8.207633999999999,
      3.5405480000000003,
      1.9312079999999998,
      0.285,
      0.32186800000000004,
      6.115492,
      0.48280199999999995,
      0.32186800000000004,
      2.2530759999999996,
      4.82802,
      2.735878,
      1.2874720000000002,
      0.0,
      2.092142,
      1.60934,
      10.138842,
      8.207633999999999,
      6.276426,
      5.149888000000001,
      1.60934,
      4.345218,
      1.9312079999999998,
      5.471756,
      15.127796,
      0.32186800000000004,
      2.2530759999999996,
      2.896812,
      2.735878,
      1.9312079999999998,
      5.471756,
      2.092142,
      2.896812,
      5.149888000000001,
      1.60934,
      17.059003999999998,
      9.173238,
      6.759228,
      7.0810960000000005,
      5.9545580000000005,
      4.82802,
      3.057746,
      2.41401,
      10.943512,
      3.7014819999999995,
      3.379614,
      0.48280199999999995,
      11.104446000000001,
      4.506151999999999,
      12.07005,
      4.9889540000000006
    ],
    [
      5.149888000000001,
      4.9889540000000006,
      4.02335,
      1.9312079999999998,
      2.5749440000000003,
      2.735878,
      13.518456,
      0.32186800000000004,
      0.9656039999999999,
      3.8624159999999996,
      7.0810960000000005,
      2.896812,
      0.32186800000000004,
      2.5749440000000003,
      1.9312079999999998,
      5.149888000000001,
      2.41401,
      2.2530759999999996,
      4.02335,
      4.184284,
      3.8624159999999996,
      1.7702740000000001,
      2.092142,
      0.0,
      0.6437360000000001,
      9.173238,
      7.24203,
      5.63269,
      3.8624159999999996,
      2.2530759999999996,
      3.8624159999999996,
      0.32186800000000004,
      3.8624159999999996,
      16.89807,
      1.9312079999999998,
      2.735878,
      4.506151999999999,
      3.379614,
      3.379614,
      5.310822,
      2.735878,
      4.506151999999999,
      3.7014819999999995,
      2.5749440000000003,
      16.0934,
      8.690436,
      5.9545580000000005,
      10.46071,
      5.149888000000001,
      4.02335,
      1.448406,
      2.2530759999999996,
      10.138842,
      3.5405480000000003,
      2.092142,
      2.5749440000000003,
      10.138842,
      4.9889540000000006,
      11.26538,
      4.667085999999999
    ],
    [
      5.9545580000000005,
      5.793624,
      6.9201619999999995,
      1.448406,
      2.2530759999999996,
      2.2530759999999996,
      13.67939,
      1.60934,
      2.2530759999999996,
      3.5405480000000003,
      7.885766,
      3.7014819999999995,
      0.6437360000000001,
      2.092142,
      1.448406,
      5.9545580000000005,
      2.092142,
      1.9312079999999998,
      3.7014819999999995,
      6.759228,
      3.379614,
      2.41401,
      1.60934,
      0.6437360000000001,
      0.0,
      11.26538,
      9.334171999999999,
      3.8624159999999996,
      6.276426,
      5.793624,
      6.276426,
      0.6437360000000001,
      6.276426,
      18.346476,
      2.5749440000000003,
      1.7702740000000001,
      5.149888000000001,
      4.02335,
      4.184284,
      7.0810960000000005,
      1.7702740000000001,
      5.149888000000001,
      6.276426,
      3.21868,
      10.46071,
      12.713786,
      7.24203,
      11.104446000000001,
      7.0810960000000005,
      5.9545580000000005,
      4.02335,
      4.506151999999999,
      10.138842,
      5.793624,
      1.7702740000000001,
      3.379614,
      10.138842,
      6.9201619999999995,
      8.85137,
      6.598293999999999
    ],
    [
      6.759228,
      5.310822,
      6.598293999999999,
      9.977908000000001,
      10.621644,
      10.782578,
      11.426314,
      9.495106,
      8.0467,
      15.610598,
      3.379614,
      6.759228,
      9.495106,
      10.621644,
      9.977908000000001,
      5.471756,
      10.46071,
      10.299776000000001,
      15.771532,
      6.43736,
      11.909116000000001,
      13.518456,
      10.138842,
      9.173238,
      11.26538,
      0.0,
      3.057746,
      14.162192000000001,
      6.598293999999999,
      8.690436,
      6.43736,
      9.816974,
      7.724831999999999,
      15.127796,
      10.46071,
      11.426314,
      13.840323999999999,
      11.909116000000001,
      12.87472,
      4.82802,
      11.26538,
      13.840323999999999,
      8.85137,
      15.449663999999999,
      15.610598,
      11.26538,
      6.759228,
      14.323126,
      6.276426,
      6.115492,
      8.207633999999999,
      7.885766,
      6.759228,
      7.563898,
      11.26538,
      12.07005,
      6.759228,
      6.115492,
      10.621644,
      4.82802
    ],
    [
      3.7014819999999995,
      3.379614,
      4.506151999999999,
      8.0467,
      8.85137,
      8.85137,
      9.65604,
      7.563898,
      6.276426,
      13.67939,
      0.32186800000000004,
      4.82802,
      7.563898,
      8.690436,
      8.0467,
      3.5405480000000003,
      8.529501999999999,
      8.368568,
      13.840323999999999,
      4.667085999999999,
      10.138842,
      11.587248,
      8.207633999999999,
      7.24203,
      9.334171999999999,
      3.057746,
      0.0,
      11.587248,
      4.02335,
      11.104446000000001,
      4.667085999999999,
      7.24203,
      5.149888000000001,
      13.357522000000001,
      7.885766,
      8.690436,
      11.26538,
      9.334171999999999,
      10.299776000000001,
      3.057746,
      8.690436,
      11.26538,
      6.115492,
      8.529501999999999,
      13.67939,
      10.138842,
      4.184284,
      13.196587999999998,
      3.5405480000000003,
      3.5405480000000003,
      5.63269,
      6.598293999999999,
      7.563898,
      5.149888000000001,
      8.690436,
      9.495106,
      7.724831999999999,
      4.184284,
      8.85137,
      2.896812
    ],
    [
      9.816974,
      9.65604,
      11.909116000000001,
      6.598293999999999,
      3.5405480000000003,
      3.5405480000000003,
      15.771532,
      5.471756,
      6.115492,
      3.7014819999999995,
      11.748182,
      8.690436,
      5.471756,
      6.115492,
      6.598293999999999,
      9.816974,
      5.63269,
      5.471756,
      3.8624159999999996,
      11.748182,
      4.345218,
      7.402963999999999,
      6.276426,
      5.63269,
      3.8624159999999996,
      14.162192000000001,
      11.587248,
      0.0,
      8.0467,
      7.402963999999999,
      7.724831999999999,
      6.115492,
      8.529501999999999,
      19.955816000000002,
      4.184284,
      2.092142,
      5.63269,
      4.02335,
      4.506151999999999,
      9.012303999999999,
      2.2530759999999996,
      5.63269,
      9.012303999999999,
      3.7014819999999995,
      12.391918,
      14.323126,
      9.816974,
      12.713786,
      8.85137,
      7.724831999999999,
      5.793624,
      5.793624,
      13.840323999999999,
      7.0810960000000005,
      4.667085999999999,
      3.8624159999999996,
      14.001257999999998,
      8.690436,
      15.127796,
      8.529501999999999
    ],
    [
      0.6437360000000001,
      2.896812,
      4.02335,
      4.9889540000000006,
      5.793624,
      5.9545580000000005,
      11.748182,
      4.184284,
      2.735878,
      8.0467,
      4.184284,
      2.735878,
      4.184284,
      5.63269,
      4.9889540000000006,
      3.21868,
      5.63269,
      5.471756,
      8.0467,
      3.8624159999999996,
      7.0810960000000005,
      4.82802,
      5.149888000000001,
      3.8624159999999996,
      6.276426,
      6.598293999999999,
      4.02335,
      8.0467,
      0.0,
      8.207633999999999,
      3.379614,
      4.345218,
      1.2874720000000002,
      14.805927999999998,
      4.9889540000000006,
      5.9545580000000005,
      8.368568,
      6.43736,
      7.402963999999999,
      3.379614,
      5.793624,
      8.368568,
      1.9312079999999998,
      5.793624,
      14.162192000000001,
      11.748182,
      1.448406,
      13.67939,
      0.9656039999999999,
      1.1265379999999998,
      2.5749440000000003,
      4.02335,
      8.0467,
      3.057746,
      5.471756,
      6.598293999999999,
      8.0467,
      3.057746,
      6.9201619999999995,
      2.896812
    ],
    [
      9.334171999999999,
      4.345218,
      3.21868,
      1.9312079999999998,
      3.7014819999999995,
      3.8624159999999996,
      9.816974,
      2.5749440000000003,
      2.2530759999999996,
      3.21868,
      11.26538,
      2.5749440000000003,
      2.896812,
      1.60934,
      1.9312079999999998,
      4.506151999999999,
      1.7702740000000001,
      1.9312079999999998,
      3.379614,
      3.379614,
      4.667085999999999,
      0.48280199999999995,
      1.60934,
      2.2530759999999996,
      5.793624,
      8.690436,
      11.104446000000001,
      7.402963999999999,
      8.207633999999999,
      0.0,
      2.896812,
      2.735878,
      4.506151999999999,
      13.357522000000001,
      1.9312079999999998,
      4.506151999999999,
      5.63269,
      4.82802,
      4.506151999999999,
      4.667085999999999,
      4.345218,
      5.63269,
      4.506151999999999,
      3.7014819999999995,
      20.438617999999998,
      6.9201619999999995,
      6.276426,
      8.207633999999999,
      5.471756,
      4.184284,
      2.2530759999999996,
      0.9656039999999999,
      14.323126,
      2.2530759999999996,
      4.184284,
      2.896812,
      14.48406,
      3.057746,
      15.610598,
      4.184284
    ],
    [
      3.8624159999999996,
      1.448406,
      0.095,
      4.02335,
      5.149888000000001,
      5.471756,
      8.207633999999999,
      4.184284,
      3.5405480000000003,
      6.43736,
      4.82802,
      1.1265379999999998,
      4.184284,
      4.345218,
      3.8624159999999996,
      0.9656039999999999,
      4.506151999999999,
      4.02335,
      6.598293999999999,
      0.16093400000000002,
      6.276426,
      3.21868,
      4.345218,
      3.8624159999999996,
      6.276426,
      6.43736,
      4.667085999999999,
      7.724831999999999,
      3.379614,
      2.896812,
      0.0,
      4.345218,
      3.8624159999999996,
      11.26538,
      4.02335,
      5.9545580000000005,
      8.0467,
      9.816974,
      7.0810960000000005,
      1.60934,
      5.793624,
      8.0467,
      4.345218,
      6.115492,
      15.771532,
      7.0810960000000005,
      4.184284,
      10.138842,
      3.379614,
      2.092142,
      4.82802,
      2.41401,
      9.65604,
      1.9312079999999998,
      5.793624,
      7.885766,
      9.816974,
      0.32186800000000004,
      10.782578,
      1.60934
    ],
    [
      5.471756,
      5.310822,
      4.345218,
      1.9312079999999998,
      2.5749440000000003,
      2.735878,
      13.840323999999999,
      0.0,
      1.448406,
      3.8624159999999996,
      7.402963999999999,
      3.21868,
      NaN,
      2.41401,
      1.7702740000000001,
      5.471756,
      2.41401,
      2.2530759999999996,
      4.02335,
      4.506151999999999,
      3.8624159999999996,
      2.092142,
      1.9312079999999998,
      0.32186800000000004,
      0.6437360000000001,
      9.816974,
      7.24203,
      6.115492,
      4.345218,
      2.735878,
      4.345218,
      0.0,
      4.184284,
      17.380872,
      1.9312079999999998,
      2.735878,
      4.506151999999999,
      3.21868,
      3.379614,
      5.471756,
      2.5749440000000003,
      4.506151999999999,
      4.02335,
      2.5749440000000003,
      16.415267999999998,
      9.012303999999999,
      6.276426,
      10.46071,
      5.471756,
      4.345218,
      1.9312079999999998,
      2.5749440000000003,
      10.46071,
      3.8624159999999996,
      2.41401,
      2.41401,
      10.46071,
      5.310822,
      11.587248,
      4.9889540000000006
    ],
    [
      1.2874720000000002,
      3.5405480000000003,
      3.8624159999999996,
      5.471756,
      6.115492,
      6.276426,
      14.48406,
      4.184284,
      2.735878,
      8.368568,
      5.310822,
      3.057746,
      4.184284,
      5.9545580000000005,
      5.310822,
      3.7014819999999995,
      5.9545580000000005,
      5.793624,
      8.529501999999999,
      4.02335,
      7.402963999999999,
      4.9889540000000006,
      5.471756,
      3.8624159999999996,
      6.276426,
      7.724831999999999,
      5.149888000000001,
      8.529501999999999,
      1.2874720000000002,
      4.506151999999999,
      3.8624159999999996,
      4.184284,
      0.0,
      15.771532,
      5.471756,
      6.276426,
      8.690436,
      6.759228,
      7.724831999999999,
      4.02335,
      6.115492,
      8.690436,
      1.1265379999999998,
      6.115492,
      15.127796,
      12.713786,
      2.5749440000000003,
      14.001257999999998,
      2.092142,
      1.60934,
      2.5749440000000003,
      3.8624159999999996,
      9.173238,
      3.379614,
      5.63269,
      6.9201619999999995,
      9.173238,
      3.5405480000000003,
      7.885766,
      3.5405480000000003
    ],
    [
      14.48406,
      11.748182,
      11.26538,
      15.449663999999999,
      16.254334,
