{
  "drive_dist_matrix": [
    [
      0.0,
      21.887024,
      21.887024,
      22.369826,
      21.72609,
      21.72609,
      21.404222,
      38.946028,
      21.565156,
      3.21868,
      21.404222,
      21.565156,
      20.760486,
      18.829278,
      21.404222,
      26.55411,
      29.933724,
      7.402963999999999,
      42.164708,
      20.438617999999998,
      21.72609,
      21.72609,
      1.2874720000000002,
      21.565156,
      14.644993999999999,
      20.599552000000003,
      23.818232000000002,
      21.72609,
      23.657297999999997,
      21.404222,
      20.92142,
      21.72609,
      22.208892000000002,
      21.082354,
      22.047957999999998,
      20.11675,
      21.082354,
      39.267896,
      21.243288,
      20.92142,
      21.404222,
      21.887024,
      20.760486,
      19.473014,
      23.657297999999997,
      21.404222,
      16.576202000000002,
      18.50741,
      26.071308,
      38.463226,
      20.599552000000003,
      10.943512,
      20.92142,
      23.174496,
      20.92142,
      21.565156
    ],
    [
      21.887024,
      0.0,
      0.6437360000000001,
      1.60934,
      2.2530759999999996,
      1.7702740000000001,
      1.2874720000000002,
      17.70274,
      0.48280199999999995,
      21.082354,
      0.9656039999999999,
      0.32186800000000004,
      2.092142,
      7.563898,
      0.32186800000000004,
      5.310822,
      8.690436,
      27.036912,
      18.829278,
      2.092142,
      1.2874720000000002,
      0.9656039999999999,
      21.243288,
      0.80467,
      9.977908000000001,
      5.149888000000001,
      20.277684,
      1.9312079999999998,
      5.471756,
      0.6437360000000001,
      11.909116000000001,
      0.381,
      1.448406,
      0.80467,
      0.6437360000000001,
      3.21868,
      0.6437360000000001,
      25.427572,
      1.9312079999999998,
      1.1265379999999998,
      0.6437360000000001,
      9.977908000000001,
      0.9656039999999999,
      16.576202000000002,
      11.748182,
      0.32186800000000004,
      11.909116000000001,
      3.8624159999999996,
      13.357522000000001,
      17.219938,
      2.092142,
      17.219938,
      2.41401,
      9.173238,
      1.1265379999999998,
      0.6437360000000001
    ],
    [
      21.887024,
      0.6437360000000001,
      0.0,
      1.60934,
      1.1265379999999998,
      2.092142,
      1.9312079999999998,
      17.541806,
      0.9656039999999999,
      20.277684,
      0.80467,
      0.9656039999999999,
      1.448406,
      9.012303999999999,
      0.48280199999999995,
      5.149888000000001,
      8.529501999999999,
      26.393175999999997,
      18.668343999999998,
      1.2874720000000002,
      1.7702740000000001,
      1.9312079999999998,
      20.438617999999998,
      0.48280199999999995,
      9.334171999999999,
      4.02335,
      21.243288,
      1.1265379999999998,
      5.310822,
      0.80467,
      11.748182,
      0.80467,
      1.448406,
      0.472,
      0.32186800000000004,
      2.2530759999999996,
      0.6437360000000001,
      24.622902,
      0.9656039999999999,
      0.6437360000000001,
      0.32186800000000004,
      9.977908000000001,
      0.9656039999999999,
      15.932466,
      10.943512,
      0.48280199999999995,
      11.26538,
      3.379614,
      13.518456,
      17.059003999999998,
      1.2874720000000002,
      16.576202000000002,
      1.2874720000000002,
      8.529501999999999,
      0.32186800000000004,
      0.32186800000000004
    ],
    [
      22.369826,
      1.60934,
      1.60934,
      0.0,
      1.2874720000000002,
      3.379614,
      2.735878,
      16.737136,
      1.9312079999999998,
      20.438617999999998,
      2.2530759999999996,
      1.9312079999999998,
      1.1265379999999998,
      9.173238,
      1.7702740000000001,
      4.345218,
      7.724831999999999,
      26.55411,
      17.863674,
      1.448406,
      2.5749440000000003,
      2.41401,
      20.599552000000003,
      1.9312079999999998,
      9.495106,
      4.184284,
      21.404222,
      1.1265379999999998,
      4.506151999999999,
      2.2530759999999996,
      10.943512,
      2.092142,
      0.482,
      1.60934,
      1.2874720000000002,
      2.2530759999999996,
      2.092142,
      24.783836,
      1.1265379999999998,
      1.9312079999999998,
      1.7702740000000001,
      9.012303999999999,
      2.5749440000000003,
      15.610598,
      11.104446000000001,
      1.7702740000000001,
      11.426314,
      3.5405480000000003,
      12.391918,
      16.254334,
      1.2874720000000002,
      16.737136,
      1.448406,
      8.690436,
      1.448406,
      1.7702740000000001
    ],
    [
      21.72609,
      2.2530759999999996,
      1.1265379999999998,
      1.2874720000000002,
      0.0,
      2.735878,
      2.2530759999999996,
      16.576202000000002,
      2.092142,
      19.794882,
      1.7702740000000001,
      2.092142,
      0.32186800000000004,
      6.276426,
      1.7702740000000001,
      4.02335,
      7.402963999999999,
      25.910374,
      17.70274,
      0.16093400000000002,
      2.092142,
      2.5749440000000003,
      20.11675,
      1.448406,
      8.85137,
      2.896812,
      18.990212,
      0.23,
      4.184284,
      1.9312079999999998,
      10.138842,
      2.092142,
      1.1265379999999998,
      1.1265379999999998,
      1.448406,
      1.1265379999999998,
      1.60934,
      24.1401,
      0.48280199999999995,
      1.60934,
      1.2874720000000002,
      8.368568,
      1.9312079999999998,
      14.805927999999998,
      10.46071,
      1.60934,
      10.782578,
      2.896812,
      12.552852,
      16.0934,
      0.16093400000000002,
      16.0934,
      0.80467,
      8.0467,
      0.9656039999999999,
      1.2874720000000002
    ],
    [
      21.72609,
      1.7702740000000001,
      2.092142,
      3.379614,
      2.735878,
      0.0,
      0.16093400000000002,
      18.668343999999998,
      0.6437360000000001,
      20.92142,
      0.6437360000000001,
      0.9656039999999999,
      2.735878,
      7.402963999999999,
      1.1265379999999998,
      6.115492,
      9.65604,
      26.875978,
      19.794882,
      2.5749440000000003,
      0.32186800000000004,
      0.32186800000000004,
      21.082354,
      1.2874720000000002,
      9.977908000000001,
      5.793624,
      20.11675,
      2.41401,
      6.276426,
      0.9656039999999999,
      12.713786,
      1.1265379999999998,
      2.5749440000000003,
      1.448406,
      1.60934,
      3.5405480000000003,
      0.9656039999999999,
      25.266638,
      2.2530759999999996,
      1.60934,
      1.1265379999999998,
      10.943512,
      1.2874720000000002,
      17.380872,
      11.587248,
      1.2874720000000002,
      11.748182,
      3.7014819999999995,
      14.323126,
      18.185542,
      2.5749440000000003,
      18.024607999999997,
      2.41401,
      9.012303999999999,
      1.7702740000000001,
      1.448406
    ],
    [
      21.404222,
      1.2874720000000002,
      1.9312079999999998,
      2.735878,
      2.2530759999999996,
      0.16093400000000002,
      0.0,
      18.668343999999998,
      0.80467,
      20.599552000000003,
      0.48280199999999995,
      0.9656039999999999,
      2.5749440000000003,
      7.0810960000000005,
      1.1265379999999998,
      6.276426,
      9.65604,
      26.715044000000002,
      19.794882,
      2.41401,
      0.16093400000000002,
      0.32186800000000004,
      20.760486,
      1.1265379999999998,
      9.65604,
      5.310822,
      19.794882,
      2.092142,
      6.276426,
      0.80467,
      12.87472,
      1.1265379999999998,
      2.5749440000000003,
      1.1265379999999998,
      1.7702740000000001,
      3.21868,
      0.80467,
      24.94477,
      1.9312079999999998,
      1.448406,
      0.9656039999999999,
      10.943512,
      0.9656039999999999,
      16.89807,
      11.26538,
      0.9656039999999999,
      11.587248,
      3.5405480000000003,
      14.644993999999999,
      18.185542,
      2.41401,
      17.863674,
      2.2530759999999996,
      8.85137,
      1.448406,
      1.1265379999999998
    ],
    [
      38.946028,
      17.70274,
      17.541806,
      16.737136,
      16.576202000000002,
      18.668343999999998,
      18.668343999999998,
      0.0,
      18.668343999999998,
      34.922678,
      18.990212,
      18.668343999999998,
      17.059003999999998,
      21.887024,
      18.50741,
      18.50741,
      12.391918,
      41.03817,
      17.541806,
      17.541806,
      19.31208,
      19.151146,
      35.244546,
      18.50741,
      26.232242,
      17.059003999999998,
      34.60081,
      17.219938,
      17.059003999999998,
      18.829278,
      25.105704,
      18.668343999999998,
      17.380872,
      18.185542,
      18.024607999999997,
      17.059003999999998,
      18.829278,
      40.555368,
      17.70274,
      18.668343999999998,
      18.346476,
      21.565156,
      19.151146,
      32.830535999999995,
      26.715044000000002,
      18.50741,
      28.002515999999996,
      18.185542,
      29.289987999999997,
      0.48280199999999995,
      17.380872,
      31.221196,
      18.185542,
      24.301033999999998,
      18.185542,
      18.346476
    ],
    [
      21.565156,
      0.48280199999999995,
      0.9656039999999999,
      1.9312079999999998,
      2.092142,
      0.6437360000000001,
      0.80467,
      18.668343999999998,
      0.0,
      20.760486,
      0.48280199999999995,
      0.16093400000000002,
      2.2530759999999996,
      7.402963999999999,
      0.32186800000000004,
      5.471756,
      8.85137,
      26.875978,
      19.151146,
      2.2530759999999996,
      0.6437360000000001,
      0.48280199999999995,
      21.082354,
      0.9656039999999999,
      9.816974,
      5.310822,
      20.11675,
      2.092142,
      5.63269,
      0.32186800000000004,
      12.07005,
      0.32186800000000004,
      1.7702740000000001,
      0.9656039999999999,
      0.9656039999999999,
      3.057746,
      0.48280199999999995,
      25.105704,
      1.9312079999999998,
      1.1265379999999998,
      0.80467,
      10.299776000000001,
      0.80467,
      16.737136,
      11.426314,
      0.48280199999999995,
      11.748182,
      3.7014819999999995,
      13.518456,
      17.380872,
      2.2530759999999996,
      16.737136,
      2.092142,
      9.012303999999999,
      1.2874720000000002,
      0.80467
    ],
    [
      3.21868,
      21.082354,
      20.277684,
      20.438617999999998,
      19.794882,
      20.92142,
      20.599552000000003,
      34.922678,
      20.760486,
      0.0,
      20.277684,
      20.438617999999998,
      19.633948,
      17.70274,
      20.277684,
      25.427572,
      28.807185999999998,
      7.885766,
      41.03817,
      19.31208,
      20.599552000000003,
      20.599552000000003,
      2.092142,
      20.438617999999998,
      13.518456,
      19.473014,
      22.691694,
      19.473014,
      22.53076,
      20.277684,
      19.955816000000002,
      20.599552000000003,
      21.082354,
      19.955816000000002,
      20.92142,
      18.990212,
      19.955816000000002,
      38.141358,
      20.11675,
      19.794882,
      20.277684,
      20.760486,
      19.633948,
      18.346476,
      22.53076,
      20.277684,
      15.449663999999999,
      17.541806,
      24.94477,
      37.336687999999995,
      19.473014,
      9.816974,
      19.794882,
      22.047957999999998,
      19.794882,
      20.438617999999998
    ],
    [
      21.404222,
      0.9656039999999999,
      0.80467,
      2.2530759999999996,
      1.7702740000000001,
      0.6437360000000001,
      0.48280199999999995,
      18.990212,
      0.48280199999999995,
      20.277684,
      0.0,
      0.6437360000000001,
      2.092142,
      7.0810960000000005,
      0.6437360000000001,
      5.793624,
      9.173238,
      26.55411,
      19.473014,
      1.9312079999999998,
      0.32186800000000004,
      0.48280199999999995,
      20.760486,
      0.6437360000000001,
      9.65604,
      5.471756,
      19.794882,
      1.7702740000000001,
      5.9545580000000005,
      0.32186800000000004,
      12.391918,
      0.9656039999999999,
      2.092142,
      0.80467,
      1.1265379999999998,
      2.896812,
      0.32186800000000004,
      24.94477,
      1.60934,
      0.80467,
      0.48280199999999995,
      10.621644,
      0.6437360000000001,
      16.576202000000002,
      11.26538,
      0.6437360000000001,
      11.426314,
      3.379614,
      13.840323999999999,
      17.70274,
      1.9312079999999998,
      16.89807,
      1.7702740000000001,
      8.690436,
      1.1265379999999998,
      0.80467
    ],
    [
      21.565156,
      0.32186800000000004,
      0.9656039999999999,
      1.9312079999999998,
      2.092142,
      0.9656039999999999,
      0.9656039999999999,
      18.668343999999998,
      0.16093400000000002,
      20.438617999999998,
      0.6437360000000001,
      0.0,
      2.41401,
      7.402963999999999,
      0.32186800000000004,
      5.471756,
      8.85137,
      26.875978,
      19.151146,
      2.2530759999999996,
      0.9656039999999999,
      0.6437360000000001,
      21.082354,
      0.9656039999999999,
      9.977908000000001,
      5.471756,
      20.11675,
      2.092142,
      5.63269,
      0.48280199999999995,
      12.07005,
      0.16093400000000002,
      1.7702740000000001,
      0.9656039999999999,
      0.80467,
      3.21868,
      0.48280199999999995,
      25.266638,
      1.9312079999999998,
      1.1265379999999998,
      0.80467,
      10.299776000000001,
      0.80467,
      16.737136,
      11.587248,
      0.48280199999999995,
      11.748182,
      3.7014819999999995,
      13.518456,
      17.380872,
      2.2530759999999996,
      17.219938,
      2.092142,
      9.012303999999999,
      1.2874720000000002,
      0.6437360000000001
    ],
    [
      20.760486,
      2.092142,
      1.448406,
      1.1265379999999998,
      0.32186800000000004,
      2.735878,
      2.5749440000000003,
      17.059003999999998,
      2.2530759999999996,
      19.633948,
      2.092142,
      2.41401,
      0.0,
      6.276426,
      2.092142,
      4.02335,
      7.402963999999999,
      25.588506,
      17.541806,
      0.32186800000000004,
      2.41401,
      2.5749440000000003,
      19.633948,
      1.7702740000000001,
      8.529501999999999,
      2.896812,
      19.151146,
      0.32186800000000004,
      4.02335,
      2.2530759999999996,
      10.621644,
      2.2530759999999996,
      0.9656039999999999,
      1.448406,
      1.60934,
      1.1265379999999998,
      1.9312079999999998,
      24.461968,
      0.6437360000000001,
      1.9312079999999998,
      1.60934,
      8.690436,
      2.2530759999999996,
      14.805927999999998,
      10.782578,
      2.092142,
      10.299776000000001,
      2.735878,
      12.07005,
      15.932466,
      0.48280199999999995,
      15.771532,
      1.2874720000000002,
      8.368568,
      1.2874720000000002,
      1.60934
    ],
    [
      18.829278,
      7.563898,
      9.012303999999999,
      9.173238,
      6.276426,
      7.402963999999999,
      7.0810960000000005,
      21.887024,
      7.402963999999999,
      17.70274,
      7.0810960000000005,
      7.402963999999999,
      6.276426,
      0.0,
      6.9201619999999995,
      9.495106,
      12.87472,
      23.496364,
      23.174496,
      5.793624,
      7.0810960000000005,
      7.24203,
      17.70274,
      6.9201619999999995,
      6.43736,
      5.9545580000000005,
      13.357522000000001,
      6.115492,
      8.85137,
      6.759228,
      14.001257999999998,
      7.0810960000000005,
      6.9201619999999995,
      6.43736,
      7.563898,
      5.471756,
      6.598293999999999,
      19.473014,
      5.9545580000000005,
      6.276426,
      6.759228,
      13.035654,
      6.115492,
      19.31208,
      5.471756,
      6.759228,
      8.368568,
      4.02335,
      14.966862,
      21.404222,
      5.9545580000000005,
      13.67939,
      5.63269,
      3.379614,
      6.276426,
      6.9201619999999995
    ],
    [
      21.404222,
      0.32186800000000004,
      0.48280199999999995,
      1.7702740000000001,
      1.7702740000000001,
      1.1265379999999998,
      1.1265379999999998,
      18.50741,
      0.32186800000000004,
      20.277684,
      0.6437360000000001,
      0.32186800000000004,
      2.092142,
      6.9201619999999995,
      0.0,
      5.310822,
      8.690436,
      26.875978,
      18.990212,
      1.9312079999999998,
      0.9656039999999999,
      0.80467,
      20.92142,
      0.6437360000000001,
      9.816974,
      5.310822,
      19.955816000000002,
      1.60934,
      5.471756,
      0.32186800000000004,
      11.909116000000001,
      0.32186800000000004,
      1.7702740000000001,
      0.6437360000000001,
      0.6437360000000001,
      2.735878,
      0.48280199999999995,
      25.105704,
      1.448406,
      0.80467,
      0.48280199999999995,
      10.138842,
      0.6437360000000001,
      16.576202000000002,
      11.426314,
      0.472,
      11.587248,
      3.5405480000000003,
      13.357522000000001,
      17.219938,
      1.7702740000000001,
      17.059003999999998,
      1.9312079999999998,
      9.012303999999999,
      0.9656039999999999,
      0.32186800000000004
    ],
    [
      26.55411,
      5.310822,
      5.149888000000001,
      4.345218,
      4.02335,
      6.115492,
      6.276426,
      18.50741,
      5.471756,
      25.427572,
      5.793624,
      5.471756,
      4.02335,
      9.495106,
      5.310822,
      0.0,
      3.379614,
      32.1868,
      13.67939,
      8.690436,
      10.46071,
      10.299776000000001,
      29.77279,
      9.65604,
      17.380872,
      8.207633999999999,
      25.74944,
      8.368568,
      8.207633999999999,
      9.977908000000001,
      16.254334,
      9.977908000000001,
      8.529501999999999,
      9.495106,
      9.173238,
      8.207633999999999,
      9.977908000000001,
      31.703998,
      8.85137,
      9.816974,
      9.65604,
      12.87472,
      10.299776000000001,
      19.473014,
      17.863674,
      9.65604,
      19.151146,
      9.334171999999999,
      17.219938,
      11.909116000000001,
      8.690436,
      22.369826,
      9.334171999999999,
      15.610598,
      9.334171999999999,
      9.65604
    ],
    [
      29.933724,
      8.690436,
      8.529501999999999,
      7.724831999999999,
      7.402963999999999,
      9.65604,
      9.65604,
      12.391918,
      8.85137,
      28.807185999999998,
      9.173238,
      8.85137,
      7.402963999999999,
      12.87472,
      8.690436,
      3.379614,
      0.0,
      32.025866,
      14.162192000000001,
      8.529501999999999,
      10.299776000000001,
      10.138842,
      26.232242,
      9.495106,
      17.219938,
      8.0467,
      25.588506,
      8.207633999999999,
      8.0467,
      9.816974,
      16.415267999999998,
      9.816974,
      8.529501999999999,
      9.334171999999999,
      9.012303999999999,
      8.0467,
      9.816974,
      31.543064,
      8.690436,
      9.65604,
      9.495106,
      12.713786,
      10.138842,
      19.31208,
      17.70274,
      9.495106,
      18.990212,
      9.173238,
      17.059003999999998,
      11.909116000000001,
      8.529501999999999,
      22.208892000000002,
      9.173238,
      15.449663999999999,
      9.173238,
      9.495106
    ],
    [
      7.402963999999999,
      27.036912,
      26.393175999999997,
      26.55411,
      25.910374,
      26.875978,
      26.715044000000002,
      41.03817,
      26.875978,
      7.885766,
      26.55411,
      26.875978,
      25.588506,
      23.496364,
      26.875978,
      32.1868,
      32.025866,
      0.0,
      46.992728,
      25.105704,
      26.393175999999997,
      26.55411,
      6.115492,
      26.232242,
      19.473014,
      25.427572,
      28.485318,
      25.427572,
      28.485318,
      26.232242,
      25.74944,
      26.393175999999997,
      26.875978,
      25.74944,
      27.519714,
      24.94477,
      25.910374,
      43.934982,
      26.071308,
      25.74944,
      26.071308,
      26.715044000000002,
      25.588506,
      24.1401,
      28.485318,
      26.232242,
      21.243288,
      23.33543,
      30.738394000000003,
      43.291246,
      25.266638,
      15.771532,
      25.588506,
      27.841582000000002,
      25.74944,
      26.232242
    ],
    [
      42.164708,
      18.829278,
      18.668343999999998,
      17.863674,
      17.70274,
      19.794882,
      19.794882,
      17.541806,
      19.151146,
      41.03817,
      19.473014,
      19.151146,
      17.541806,
      23.174496,
      18.990212,
      13.67939,
      14.162192000000001,
      46.992728,
      0.0,
      17.541806,
      19.31208,
      19.151146,
      40.394434000000004,
      18.668343999999998,
      26.232242,
      17.219938,
      34.60081,
      17.380872,
      17.059003999999998,
      18.829278,
      24.301033999999998,
      18.829278,
      17.541806,
      18.346476,
      18.024607999999997,
      17.059003999999998,
      18.829278,
      40.555368,
      17.70274,
      18.668343999999998,
      18.50741,
      25.74944,
      19.151146,
      24.783836,
      26.715044000000002,
      18.50741,
      28.16345,
      18.346476,
      21.404222,
      17.863674,
      17.541806,
      35.244546,
      18.185542,
      24.461968,
      18.185542,
      18.50741
    ],
    [
      20.438617999999998,
      2.092142,
      1.2874720000000002,
      1.448406,
      0.16093400000000002,
      2.5749440000000003,
      2.41401,
      17.541806,
      2.2530759999999996,
      19.31208,
      1.9312079999999998,
      2.2530759999999996,
      0.32186800000000004,
      5.793624,
      1.9312079999999998,
      8.690436,
      8.529501999999999,
      25.105704,
      17.541806,
      0.0,
      2.41401,
      2.735878,
      20.11675,
      1.60934,
      8.85137,
      2.896812,
      18.829278,
      0.32186800000000004,
      4.02335,
      2.092142,
      10.138842,
      2.41401,
      1.448406,
      1.2874720000000002,
      1.7702740000000001,
      0.80467,
      1.7702740000000001,
      24.301033999999998,
      0.48280199999999995,
      1.7702740000000001,
      1.448406,
      8.207633999999999,
      2.092142,
      14.805927999999998,
      10.621644,
      1.9312079999999998,
      10.782578,
      2.896812,
      11.587248,
      16.576202000000002,
      0.223,
      16.0934,
      0.80467,
      8.0467,
      1.2874720000000002,
      1.60934
    ],
    [
      21.72609,
      1.2874720000000002,
      1.7702740000000001,
      2.5749440000000003,
      2.092142,
      0.32186800000000004,
      0.16093400000000002,
      19.31208,
      0.6437360000000001,
      20.599552000000003,
      0.32186800000000004,
      0.9656039999999999,
      2.41401,
      7.0810960000000005,
      0.9656039999999999,
      10.46071,
      10.299776000000001,
      26.393175999999997,
      19.31208,
      2.41401,
      0.0,
      0.32186800000000004,
      21.082354,
      0.9656039999999999,
      9.816974,
      5.149888000000001,
      20.11675,
      2.092142,
      6.115492,
      0.6437360000000001,
      12.713786,
      1.1265379999999998,
      2.41401,
      1.1265379999999998,
      1.448406,
      3.21868,
      0.6437360000000001,
      25.266638,
      1.9312079999999998,
      1.2874720000000002,
      0.80467,
      10.299776000000001,
      0.80467,
      16.89807,
      11.587248,
      0.9656039999999999,
      11.748182,
      3.7014819999999995,
      14.48406,
      18.024607999999997,
      2.2530759999999996,
      17.059003999999998,
      2.092142,
      9.012303999999999,
      1.2874720000000002,
      0.9656039999999999
    ],
    [
      21.72609,
      0.9656039999999999,
      1.9312079999999998,
      2.41401,
      2.5749440000000003,
      0.32186800000000004,
      0.32186800000000004,
      19.151146,
      0.48280199999999995,
      20.599552000000003,
      0.48280199999999995,
      0.6437360000000001,
      2.5749440000000003,
      7.24203,
      0.80467,
      10.299776000000001,
      10.138842,
      26.55411,
      19.151146,
      2.735878,
      0.32186800000000004,
      0.0,
      21.243288,
      1.1265379999999998,
      10.138842,
      5.793624,
      20.277684,
      2.2530759999999996,
      6.115492,
      0.48280199999999995,
      12.552852,
      0.80467,
      2.2530759999999996,
      1.2874720000000002,
      1.448406,
      3.379614,
      0.80467,
      25.427572,
      2.092142,
      1.448406,
      0.9656039999999999,
      10.621644,
      1.1265379999999998,
      17.219938,
      11.748182,
      0.80467,
      11.909116000000001,
      3.8624159999999996,
      14.001257999999998,
      17.863674,
      2.41401,
      17.380872,
      2.2530759999999996,
      9.173238,
      1.448406,
      1.1265379999999998
    ],
    [
      1.2874720000000002,
      21.243288,
      20.438617999999998,
      20.599552000000003,
      20.11675,
      21.082354,
      20.760486,
      35.244546,
      21.082354,
      2.092142,
      20.760486,
      21.082354,
      19.633948,
      17.70274,
      20.92142,
      29.77279,
      26.232242,
      6.115492,
      40.394434000000004,
      20.11675,
      21.082354,
      21.243288,
      0.0,
      20.277684,
      13.518456,
      19.473014,
      22.691694,
      24.301033999999998,
      22.53076,
      20.277684,
      19.794882,
      20.599552000000003,
      21.082354,
      19.955816000000002,
      20.92142,
      18.990212,
      19.955816000000002,
      38.141358,
      20.11675,
      19.794882,
      20.277684,
      20.760486,
      19.633948,
      18.346476,
      22.53076,
      20.277684,
      15.449663999999999,
      17.380872,
      24.94477,
      37.336687999999995,
      19.473014,
      9.816974,
      19.794882,
      20.438617999999998,
      19.794882,
      20.438617999999998
    ],
    [
      21.565156,
      0.80467,
      0.48280199999999995,
      1.9312079999999998,
      1.448406,
      1.2874720000000002,
      1.1265379999999998,
      18.50741,
      0.9656039999999999,
      20.438617999999998,
      0.6437360000000001,
      0.9656039999999999,
      1.7702740000000001,
      6.9201619999999995,
      0.6437360000000001,
      9.65604,
      9.495106,
      26.232242,
      18.668343999999998,
      1.60934,
      0.9656039999999999,
      1.1265379999999998,
      20.277684,
      0.0,
      9.816974,
      4.184284,
      19.955816000000002,
      1.2874720000000002,
      5.471756,
      0.80467,
      11.909116000000001,
      0.80467,
      1.7702740000000001,
      0.32186800000000004,
      0.6437360000000001,
      2.41401,
      0.48280199999999995,
      25.105704,
      1.1265379999999998,
      0.6437360000000001,
      0.32186800000000004,
      9.65604,
      0.6437360000000001,
      16.0934,
      11.426314,
      0.48280199999999995,
      11.587248,
      3.5405480000000003,
      13.840323999999999,
      17.380872,
      1.448406,
      16.89807,
      1.60934,
      8.85137,
      0.6437360000000001,
      0.32186800000000004
    ],
    [
      14.644993999999999,
      9.977908000000001,
      9.334171999999999,
      9.495106,
      8.85137,
      9.977908000000001,
      9.65604,
      26.232242,
      9.816974,
      13.518456,
      9.65604,
      9.977908000000001,
      8.529501999999999,
      6.43736,
      9.816974,
      17.380872,
      17.219938,
      19.473014,
      26.232242,
      8.85137,
      9.816974,
      10.138842,
      13.518456,
      9.816974,
      0.0,
      12.713786,
      21.243288,
      14.001257999999998,
      12.07005,
      11.104446000000001,
      9.495106,
      11.426314,
      14.644993999999999,
      14.966862,
      15.28873,
      13.357522000000001,
      10.782578,
      27.35878,
      14.323126,
      10.621644,
      10.943512,
      10.299776000000001,
      10.46071,
      12.87472,
      13.357522000000001,
      11.104446000000001,
      0.151,
      8.207633999999999,
      10.299776000000001,
      27.036912,
      14.001257999999998,
      11.104446000000001,
      10.46071,
      11.26538,
      14.805927999999998,
      11.26538
    ],
    [
      20.599552000000003,
      5.149888000000001,
      4.02335,
      4.184284,
      2.896812,
      5.793624,
      5.310822,
      17.059003999999998,
      5.310822,
      19.473014,
      5.471756,
      5.471756,
      2.896812,
      5.9545580000000005,
      5.310822,
      8.207633999999999,
      8.0467,
      25.427572,
      17.219938,
      2.896812,
      5.149888000000001,
      5.793624,
      19.473014,
      4.184284,
      12.713786,
      0.0,
      18.829278,
      2.735878,
      3.057746,
      4.667085999999999,
      10.138842,
      5.310822,
      4.02335,
      3.8624159999999996,
      4.667085999999999,
      1.7702740000000001,
      4.345218,
      24.783836,
      3.21868,
      3.8624159999999996,
      4.02335,
      7.24203,
      5.149888000000001,
      13.357522000000001,
      10.943512,
      4.9889540000000006,
      10.138842,
      2.5749440000000003,
      11.104446000000001,
      16.254334,
      2.896812,
      15.449663999999999,
      2.896812,
      8.690436,
      3.7014819999999995,
      4.02335
    ],
    [
      23.818232000000002,
      20.277684,
      21.243288,
      21.404222,
      18.990212,
      20.11675,
      19.794882,
      34.60081,
      20.11675,
      22.691694,
      19.794882,
      20.11675,
      19.151146,
      13.357522000000001,
      19.955816000000002,
      25.74944,
      25.588506,
      28.485318,
      34.60081,
      18.829278,
      20.11675,
      20.277684,
      22.691694,
      19.955816000000002,
      21.243288,
      18.829278,
      0.0,
      18.829278,
      21.565156,
      19.633948,
      26.875978,
      19.955816000000002,
      21.404222,
      19.31208,
      20.277684,
      18.346476,
      19.31208,
      31.060262,
      20.599552000000003,
      19.151146,
      19.633948,
      25.74944,
      18.990212,
      29.450922000000002,
      14.805927999999998,
      19.633948,
      21.243288,
      16.737136,
      27.680647999999998,
      34.278942,
      18.829278,
      18.185542,
      20.11675,
      15.449663999999999,
      19.151146,
      19.794882
    ],
    [
      21.72609,
      1.9312079999999998,
      1.1265379999999998,
      1.1265379999999998,
      0.23,
      2.41401,
      2.092142,
      17.219938,
      2.092142,
      19.473014,
      1.7702740000000001,
      2.092142,
      0.32186800000000004,
      6.115492,
      1.60934,
      8.368568,
      8.207633999999999,
      25.427572,
      17.380872,
      0.32186800000000004,
      2.092142,
      2.2530759999999996,
      24.301033999999998,
      1.2874720000000002,
      14.001257999999998,
      2.735878,
      18.829278,
      0.0,
      4.184284,
      1.7702740000000001,
      11.587248,
      2.092142,
      1.1265379999999998,
      0.9656039999999999,
      1.448406,
      1.1265379999999998,
      1.448406,
      24.1401,
      0.32186800000000004,
      1.448406,
      1.2874720000000002,
      8.368568,
      1.7702740000000001,
      14.805927999999998,
      10.46071,
      1.60934,
      10.621644,
      2.896812,
      12.552852,
      16.0934,
      0.16093400000000002,
      16.0934,
      0.6437360000000001,
      8.0467,
      0.9656039999999999,
      1.2874720000000002
    ],
    [
      23.657297999999997,
      5.471756,
      5.310822,
      4.506151999999999,
      4.184284,
      6.276426,
      6.276426,
      17.059003999999998,
      5.63269,
      22.53076,
      5.9545580000000005,
      5.63269,
      4.02335,
      8.85137,
      5.471756,
      8.207633999999999,
      8.0467,
      28.485318,
      17.059003999999998,
      4.02335,
      6.115492,
      6.115492,
      22.53076,
      5.471756,
      12.07005,
      3.057746,
      21.565156,
      4.184284,
      0.0,
      5.793624,
      7.0810960000000005,
      5.63269,
      4.345218,
      5.149888000000001,
      4.9889540000000006,
      3.7014819999999995,
      5.793624,
      27.35878,
      4.667085999999999,
      5.63269,
      5.310822,
      5.310822,
      6.115492,
      13.035654,
      13.518456,
      5.471756,
      12.713786,
      4.9889540000000006,
      8.529501999999999,
      17.219938,
      4.345218,
      18.346476,
      5.149888000000001,
      11.26538,
      5.149888000000001,
      5.310822
    ],
    [
      21.404222,
      0.6437360000000001,
      0.80467,
      2.2530759999999996,
      1.9312079999999998,
      0.9656039999999999,
      0.80467,
      18.829278,
      0.32186800000000004,
      20.277684,
      0.32186800000000004,
      0.48280199999999995,
      2.2530759999999996,
      6.759228,
      0.32186800000000004,
      9.977908000000001,
      9.816974,
      26.232242,
      18.829278,
      2.092142,
      0.6437360000000001,
      0.48280199999999995,
      20.277684,
      0.80467,
      11.104446000000001,
      4.667085999999999,
      19.633948,
      1.7702740000000001,
      5.793624,
      0.0,
      12.230984,
      0.6437360000000001,
      2.092142,
      0.80467,
      0.80467,
      2.896812,
      0.32186800000000004,
      24.94477,
      1.60934,
      0.9656039999999999,
      0.6437360000000001,
      10.46071,
      0.6437360000000001,
      17.219938,
      11.26538,
      0.32186800000000004,
      11.587248,
      3.5405480000000003,
      13.67939,
      17.541806,
      1.9312079999999998,
      16.89807,
      1.7702740000000001,
      8.85137,
      1.1265379999999998,
      0.6437360000000001
    ],
    [
      20.92142,
      11.909116000000001,
      11.748182,
      10.943512,
      10.138842,
      12.713786,
      12.87472,
      25.105704,
      12.07005,
      19.955816000000002,
      12.391918,
      12.07005,
      10.621644,
      14.001257999999998,
      11.909116000000001,
      16.254334,
      16.415267999999998,
      25.74944,
      24.301033999999998,
      10.138842,
      12.713786,
      12.552852,
      19.794882,
      11.909116000000001,
      9.495106,
      10.138842,
      26.875978,
      11.587248,
      7.0810960000000005,
      12.230984,
      0.0,
      12.07005,
      10.782578,
      13.196587999999998,
      11.426314,
      11.587248,
      13.67939,
      32.99147,
      12.552852,
      13.67939,
      13.357522000000001,
      2.2530759999999996,
      14.001257999999998,
      11.426314,
      18.990212,
      11.909116000000001,
      9.495106,
      12.87472,
      2.896812,
      25.266638,
      12.391918,
      16.0934,
      13.035654,
      16.89807,
      13.196587999999998,
      13.518456
    ],
    [
      21.72609,
      0.381,
      0.80467,
      2.092142,
      2.092142,
      1.1265379999999998,
      1.1265379999999998,
      18.668343999999998,
      0.32186800000000004,
      20.599552000000003,
      0.9656039999999999,
      0.16093400000000002,
      2.2530759999999996,
      7.0810960000000005,
      0.32186800000000004,
      9.977908000000001,
      9.816974,
      26.393175999999997,
      18.829278,
      2.41401,
      1.1265379999999998,
      0.80467,
      20.599552000000003,
      0.80467,
      11.426314,
      5.310822,
      19.955816000000002,
      2.092142,
      5.63269,
      0.6437360000000001,
      12.07005,
      0.0,
      1.7702740000000001,
      0.9656039999999999,
      0.80467,
      3.379614,
      0.6437360000000001,
      25.266638,
      2.092142,
      1.2874720000000002,
      0.80467,
      10.138842,
      0.9656039999999999,
      16.737136,
      11.587248,
      0.48280199999999995,
      11.909116000000001,
      3.8624159999999996,
      13.518456,
      17.380872,
      2.092142,
      17.219938,
      2.2530759999999996,
      9.173238,
      1.2874720000000002,
      0.6437360000000001
    ],
    [
      22.208892000000002,
      1.448406,
      1.448406,
      0.482,
      1.1265379999999998,
      2.5749440000000003,
      2.5749440000000003,
      17.380872,
      1.7702740000000001,
      21.082354,
      2.092142,
      1.7702740000000001,
      0.9656039999999999,
      6.9201619999999995,
      1.7702740000000001,
      8.529501999999999,
      8.529501999999999,
      26.875978,
      17.541806,
      1.448406,
      2.41401,
      2.2530759999999996,
      21.082354,
      1.7702740000000001,
      14.644993999999999,
      4.02335,
      21.404222,
      1.1265379999999998,
      4.345218,
      2.092142,
      10.782578,
      1.7702740000000001,
      0.0,
      1.60934,
      1.1265379999999998,
      2.2530759999999996,
      2.092142,
      24.622902,
      0.9656039999999999,
      1.7702740000000001,
      1.7702740000000001,
      9.012303999999999,
      2.41401,
      15.610598,
      10.943512,
      1.60934,
      11.26538,
      3.379614,
      12.391918,
      16.254334,
      1.2874720000000002,
      16.576202000000002,
      1.2874720000000002,
      8.529501999999999,
      1.2874720000000002,
      1.60934
    ],
    [
      21.082354,
      0.80467,
      0.472,
      1.60934,
      1.1265379999999998,
      1.448406,
      1.1265379999999998,
      18.185542,
      0.9656039999999999,
      19.955816000000002,
      0.80467,
      0.9656039999999999,
      1.448406,
      6.43736,
      0.6437360000000001,
      9.495106,
      9.334171999999999,
      25.74944,
      18.346476,
      1.2874720000000002,
      1.1265379999999998,
      1.2874720000000002,
      19.955816000000002,
      0.32186800000000004,
      14.966862,
      3.8624159999999996,
      19.31208,
      0.9656039999999999,
      5.149888000000001,
      0.80467,
      13.196587999999998,
      0.9656039999999999,
      1.60934,
      0.0,
      0.32186800000000004,
      2.41401,
      0.80467,
      24.94477,
      1.1265379999999998,
      0.48280199999999995,
      0.16093400000000002,
      9.977908000000001,
      0.80467,
      16.576202000000002,
      11.26538,
      0.48280199999999995,
      11.426314,
      4.02335,
      13.357522000000001,
      17.219938,
      1.448406,
      16.89807,
      1.60934,
      8.85137,
      0.32186800000000004,
      0.32186800000000004
    ],
    [
      22.047957999999998,
      0.6437360000000001,
      0.32186800000000004,
      1.2874720000000002,
      1.448406,
      1.60934,
      1.7702740000000001,
      18.024607999999997,
      0.9656039999999999,
      20.92142,
      1.1265379999999998,
      0.80467,
      1.60934,
      7.563898,
      0.6437360000000001,
      9.173238,
      9.012303999999999,
      27.519714,
      18.024607999999997,
      1.7702740000000001,
      1.448406,
      1.448406,
      20.92142,
      0.6437360000000001,
      15.28873,
      4.667085999999999,
      20.277684,
      1.448406,
      4.9889540000000006,
      0.80467,
      11.426314,
      0.80467,
      1.1265379999999998,
      0.32186800000000004,
      0.0,
      2.2530759999999996,
      0.80467,
      24.622902,
      0.9656039999999999,
      0.9656039999999999,
      0.48280199999999995,
      9.65604,
      1.1265379999999998,
      16.0934,
      11.104446000000001,
      0.48280199999999995,
      11.26538,
      3.5405480000000003,
      12.87472,
      16.737136,
      1.2874720000000002,
      16.576202000000002,
      1.448406,
      8.529501999999999,
      0.48280199999999995,
      0.32186800000000004
    ],
    [
      20.11675,
      3.21868,
      2.2530759999999996,
      2.2530759999999996,
      1.1265379999999998,
      3.5405480000000003,
      3.21868,
      17.059003999999998,
      3.057746,
      18.990212,
      2.896812,
      3.21868,
      1.1265379999999998,
      5.471756,
      2.735878,
      8.207633999999999,
      8.0467,
      24.94477,
