{
  "drive_dist_matrix": [
    [
      0.0,
      9.816974,
      5.63269,
      11.587248,
      1.7702740000000001,
      10.299776000000001,
      9.65604,
      2.735878,
      10.138842,
      0.48280199999999995,
      14.966862,
      1.7702740000000001,
      10.621644,
      11.426314,
      7.0810960000000005,
      9.495106,
      12.87472,
      8.368568,
      11.909116000000001,
      16.737136,
      4.82802,
      2.092142,
      15.610598,
      10.46071,
      14.001257999999998,
      9.977908000000001,
      2.2530759999999996,
      9.334171999999999,
      11.104446000000001,
      3.5405480000000003,
      4.667085999999999,
      5.149888000000001,
      9.495106,
      9.173238,
      1.7702740000000001,
      9.816974,
      5.471756,
      24.1401,
      13.518456,
      10.943512,
      11.587248,
      8.0467,
      9.65604,
      11.104446000000001,
      25.427572,
      4.184284,
      11.426314,
      10.46071,
      18.346476,
      10.782578,
      1.7702740000000001,
      11.587248,
      8.85137,
      9.65604,
      23.33543,
      18.185542,
      8.85137,
      5.793624,
      11.26538
    ],
    [
      9.816974,
      0.0,
      7.885766,
      2.896812,
      12.713786,
      2.092142,
      1.2874720000000002,
      5.471756,
      1.60934,
      10.138842,
      22.369826,
      11.748182,
      1.1265379999999998,
      4.506151999999999,
      9.334171999999999,
      0.32186800000000004,
      2.092142,
      1.448406,
      2.092142,
      23.174496,
      3.379614,
      11.909116000000001,
      22.369826,
      3.21868,
      4.184284,
      1.7702740000000001,
      6.9201619999999995,
      0.6437360000000001,
      4.506151999999999,
      7.724831999999999,
      3.379614,
      2.896812,
      0.32186800000000004,
      9.65604,
      12.713786,
      1.60934,
      7.724831999999999,
      18.50741,
      4.506151999999999,
      1.7702740000000001,
      2.092142,
      9.173238,
      1.2874720000000002,
      1.7702740000000001,
      32.1868,
      8.368568,
      6.115492,
      2.2530759999999996,
      18.990212,
      3.379614,
      12.713786,
      2.896812,
      0.80467,
      0.48280199999999995,
      17.70274,
      24.461968,
      3.21868,
      8.0467,
      7.724831999999999
    ],
    [
      5.63269,
      7.885766,
      0.0,
      8.85137,
      7.724831999999999,
      8.529501999999999,
      8.690436,
      5.310822,
      9.334171999999999,
      6.276426,
      15.127796,
      8.207633999999999,
      9.012303999999999,
      7.402963999999999,
      1.60934,
      7.885766,
      8.85137,
      7.24203,
      8.0467,
      16.89807,
      4.345218,
      8.529501999999999,
      15.127796,
      7.724831999999999,
      11.748182,
      8.207633999999999,
      4.82802,
      7.724831999999999,
      7.0810960000000005,
      3.21868,
      4.184284,
      4.82802,
      7.885766,
      3.8624159999999996,
      7.724831999999999,
      8.368568,
      0.16093400000000002,
      20.11675,
      11.26538,
      8.690436,
      8.85137,
      17.541806,
      9.173238,
      8.690436,
      24.783836,
      3.8624159999999996,
      7.563898,
      8.690436,
      27.35878,
      6.759228,
      7.724831999999999,
      8.85137,
      7.24203,
      9.65604,
      19.31208,
      18.185542,
      4.82802,
      0.32186800000000004,
      16.0934
    ],
    [
      11.587248,
      2.896812,
      8.85137,
      0.0,
      15.127796,
      0.9656039999999999,
      3.057746,
      9.816974,
      0.6437360000000001,
      12.552852,
      22.852628,
      14.162192000000001,
      0.9656039999999999,
      4.667085999999999,
      10.299776000000001,
      4.184284,
      0.6437360000000001,
      4.184284,
      0.48280199999999995,
      23.818232000000002,
      7.563898,
      14.323126,
      22.852628,
      1.1265379999999998,
      4.184284,
      0.6437360000000001,
      11.104446000000001,
      3.8624159999999996,
      5.63269,
      10.138842,
      7.563898,
      6.9201619999999995,
      4.02335,
      10.299776000000001,
      15.127796,
      0.80467,
      8.85137,
      18.668343999999998,
      6.43736,
      0.80467,
      0.80467,
      9.816974,
      3.8624159999999996,
      0.80467,
      31.703998,
      10.782578,
      5.310822,
      2.5749440000000003,
      19.794882,
      2.735878,
      15.127796,
      0.456,
      3.7014819999999995,
      2.41401,
      17.863674,
      25.105704,
      4.02335,
      9.173238,
      8.529501999999999
    ],
    [
      1.7702740000000001,
      12.713786,
      7.724831999999999,
      15.127796,
      0.0,
      13.518456,
      12.713786,
      4.184284,
      13.196587999999998,
      2.735878,
      14.966862,
      0.80467,
      13.67939,
      14.162192000000001,
      10.138842,
      12.713786,
      14.644993999999999,
      11.587248,
      13.67939,
      17.541806,
      6.276426,
      1.2874720000000002,
      14.966862,
      13.518456,
      17.219938,
      13.196587999999998,
      3.7014819999999995,
      12.552852,
      14.001257999999998,
      4.506151999999999,
      6.115492,
      10.46071,
      12.713786,
      12.230984,
      0.32186800000000004,
      13.035654,
      8.690436,
      19.633948,
      16.737136,
      14.162192000000001,
      14.644993999999999,
      9.495106,
      12.87472,
      14.162192000000001,
      24.461968,
      4.345218,
      13.518456,
      13.67939,
      35.888282000000004,
      14.001257999999998,
      0.32186800000000004,
      14.805927999999998,
      12.07005,
      12.87472,
      18.990212,
      18.829278,
      12.07005,
      9.012303999999999,
      15.449663999999999
    ],
    [
      10.299776000000001,
      2.092142,
      8.529501999999999,
      0.9656039999999999,
      13.518456,
      0.0,
      0.80467,
      7.0810960000000005,
      0.48280199999999995,
      9.012303999999999,
      21.887024,
      11.426314,
      1.2874720000000002,
      3.5405480000000003,
      9.495106,
      1.9312079999999998,
      1.2874720000000002,
      4.184284,
      0.48280199999999995,
      22.852628,
      4.82802,
      11.587248,
      21.887024,
      1.1265379999999998,
      5.310822,
      0.48280199999999995,
      8.368568,
      1.448406,
      4.667085999999999,
      7.402963999999999,
      4.82802,
      4.184284,
      1.60934,
      12.230984,
      12.391918,
      0.48280199999999995,
      7.885766,
      17.70274,
      4.82802,
      0.80467,
      1.448406,
      9.977908000000001,
      0.80467,
      0.9656039999999999,
      31.864932,
      8.0467,
      5.149888000000001,
      0.32186800000000004,
      19.794882,
      1.60934,
      12.391918,
      2.2530759999999996,
      1.2874720000000002,
      1.9312079999999998,
      16.89807,
      24.1401,
      4.02335,
      8.207633999999999,
      8.529501999999999
    ],
    [
      9.65604,
      1.2874720000000002,
      8.690436,
      3.057746,
      12.713786,
      0.80467,
      0.0,
      7.402963999999999,
      0.48280199999999995,
      13.357522000000001,
      22.047957999999998,
      11.748182,
      0.6437360000000001,
      4.02335,
      9.495106,
      1.1265379999999998,
      1.2874720000000002,
      2.896812,
      0.80467,
      22.852628,
      5.149888000000001,
      11.909116000000001,
      22.047957999999998,
      1.7702740000000001,
      3.8624159999999996,
      0.48280199999999995,
      8.690436,
      0.6437360000000001,
      4.667085999999999,
      7.724831999999999,
      5.149888000000001,
      4.506151999999999,
      0.9656039999999999,
      9.012303999999999,
      12.713786,
      0.32186800000000004,
      8.0467,
      17.863674,
      5.310822,
      0.80467,
      1.448406,
      9.977908000000001,
      0.203,
      0.9656039999999999,
      32.1868,
      8.368568,
      4.667085999999999,
      0.9656039999999999,
      19.794882,
      1.9312079999999998,
      12.713786,
      2.896812,
      0.80467,
      0.9656039999999999,
      17.059003999999998,
      24.301033999999998,
      3.057746,
      8.368568,
      8.529501999999999
    ],
    [
      2.735878,
      5.471756,
      5.310822,
      9.816974,
      4.184284,
      7.0810960000000005,
      7.402963999999999,
      0.0,
      7.24203,
      2.896812,
      17.380872,
      4.02335,
      6.276426,
      8.207633999999999,
      5.310822,
      5.149888000000001,
      8.690436,
      4.02335,
      7.885766,
      19.151146,
      2.41401,
      4.506151999999999,
      18.024607999999997,
      7.724831999999999,
      11.26538,
      7.24203,
      0.6437360000000001,
      5.471756,
      9.816974,
      3.21868,
      2.2530759999999996,
      2.735878,
      5.471756,
      8.85137,
      4.184284,
      7.0810960000000005,
      3.8624159999999996,
      23.818232000000002,
      10.782578,
      8.207633999999999,
      8.690436,
      6.9201619999999995,
      6.9201619999999995,
      8.207633999999999,
      28.16345,
      3.8624159999999996,
      10.138842,
      7.724831999999999,
      17.863674,
      8.0467,
      4.184284,
      8.85137,
      6.115492,
      5.63269,
      22.047957999999998,
      20.438617999999998,
      6.115492,
      4.02335,
      7.402963999999999
    ],
    [
      10.138842,
      1.60934,
      9.334171999999999,
      0.6437360000000001,
      13.196587999999998,
      0.48280199999999995,
      0.48280199999999995,
      7.24203,
      0.0,
      10.621644,
      22.369826,
      12.07005,
      0.6437360000000001,
      4.02335,
      9.816974,
      1.448406,
      0.9656039999999999,
      3.21868,
      0.48280199999999995,
      23.33543,
      5.63269,
      12.391918,
      22.369826,
      1.60934,
      3.5405480000000003,
      0.354,
      9.173238,
      1.1265379999999998,
      5.149888000000001,
      8.207633999999999,
      5.63269,
      4.9889540000000006,
      1.2874720000000002,
      9.816974,
      13.196587999999998,
      0.16093400000000002,
      8.368568,
      18.185542,
      5.310822,
      0.48280199999999995,
      0.9656039999999999,
      9.65604,
      0.48280199999999995,
      0.48280199999999995,
      32.669602,
      8.85137,
      4.667085999999999,
      0.6437360000000001,
      19.473014,
      2.092142,
      13.196587999999998,
      0.80467,
      1.1265379999999998,
      1.2874720000000002,
      17.380872,
      24.622902,
      4.506151999999999,
      8.690436,
      8.207633999999999
    ],
    [
      0.48280199999999995,
      10.138842,
      6.276426,
      12.552852,
      2.735878,
      9.012303999999999,
      13.357522000000001,
      2.896812,
      10.621644,
      0.0,
      15.610598,
      2.2530759999999996,
      11.104446000000001,
      11.426314,
      7.563898,
      9.977908000000001,
      11.909116000000001,
      6.9201619999999995,
      12.230984,
      17.219938,
      5.149888000000001,
      2.092142,
      16.254334,
      10.943512,
      14.48406,
      10.46071,
      2.5749440000000003,
      9.816974,
      11.587248,
      4.02335,
      4.9889540000000006,
      5.471756,
      9.977908000000001,
      9.65604,
      1.60934,
      10.299776000000001,
      5.9545580000000005,
      24.622902,
      14.001257999999998,
      11.426314,
      12.07005,
      8.368568,
      10.138842,
      11.587248,
      25.910374,
      4.02335,
      11.909116000000001,
      11.104446000000001,
      18.829278,
      11.26538,
      1.60934,
      12.07005,
      9.334171999999999,
      10.138842,
      23.818232000000002,
      18.668343999999998,
      9.334171999999999,
      6.276426,
      11.748182
    ],
    [
      14.966862,
      22.369826,
      15.127796,
      22.852628,
      14.966862,
      21.887024,
      22.047957999999998,
      17.380872,
      22.369826,
      15.610598,
      0.0,
      16.0934,
      22.53076,
      16.737136,
      16.576202000000002,
      21.243288,
      22.369826,
      20.760486,
      21.565156,
      7.724831999999999,
      19.151146,
      14.323126,
      0.9656039999999999,
      21.243288,
      25.266638,
      21.887024,
      17.219938,
      21.565156,
      16.415267999999998,
      15.449663999999999,
      19.151146,
      18.990212,
      21.72609,
      9.495106,
      16.254334,
      22.047957999999998,
      15.127796,
      10.621644,
      24.94477,
      22.208892000000002,
      22.369826,
      31.060262,
      22.691694,
      22.208892000000002,
      13.67939,
      14.323126,
      15.932466,
      22.369826,
      41.03817,
      20.438617999999998,
      16.254334,
      22.369826,
      20.92142,
      23.174496,
      12.07005,
      6.9201619999999995,
      18.346476,
      15.449663999999999,
      29.611855999999996
    ],
    [
      1.7702740000000001,
      11.748182,
      8.207633999999999,
      14.162192000000001,
      0.80467,
      11.426314,
      11.748182,
      4.02335,
      12.07005,
      2.2530759999999996,
      16.0934,
      0.0,
      12.391918,
      13.196587999999998,
      8.690436,
      11.26538,
      14.48406,
      10.138842,
      13.67939,
      17.219938,
      8.85137,
      1.9312079999999998,
      15.449663999999999,
      12.230984,
      15.771532,
      11.748182,
      3.5405480000000003,
      11.104446000000001,
      12.713786,
      4.184284,
      9.012303999999999,
      9.012303999999999,
      11.26538,
      10.782578,
      0.80467,
      11.587248,
      7.402963999999999,
      25.910374,
      15.28873,
      12.713786,
      14.644993999999999,
      9.334171999999999,
      11.426314,
      12.87472,
      26.071308,
      4.02335,
      13.196587999999998,
      12.230984,
      23.174496,
      12.552852,
      0.80467,
      13.357522000000001,
      10.621644,
      11.426314,
      24.94477,
      18.50741,
      10.621644,
      7.563898,
      12.552852
    ],
    [
      10.621644,
      1.1265379999999998,
      9.012303999999999,
      0.9656039999999999,
      13.67939,
      1.2874720000000002,
      0.6437360000000001,
      6.276426,
      0.6437360000000001,
      11.104446000000001,
      22.53076,
      12.391918,
      0.0,
      6.115492,
      10.46071,
      1.1265379999999998,
      0.6437360000000001,
      2.5749440000000003,
      0.9656039999999999,
      23.818232000000002,
      4.02335,
      13.035654,
      23.013562,
      2.092142,
      3.057746,
      0.6437360000000001,
      9.65604,
      1.1265379999999998,
      5.63269,
      8.690436,
      4.184284,
      3.5405480000000003,
      0.9656039999999999,
      10.299776000000001,
      13.67939,
      0.48280199999999995,
      9.012303999999999,
      18.829278,
      3.379614,
      0.32186800000000004,
      0.6437360000000001,
      9.173238,
      0.80467,
      0.32186800000000004,
      31.864932,
      9.495106,
      6.115492,
      1.2874720000000002,
      18.990212,
      2.896812,
      13.67939,
      1.60934,
      1.448406,
      0.6437360000000001,
      17.863674,
      25.266638,
      4.9889540000000006,
      9.173238,
      7.724831999999999
    ],
    [
      11.426314,
      4.506151999999999,
      7.402963999999999,
      4.667085999999999,
      14.162192000000001,
      3.5405480000000003,
      4.02335,
      8.207633999999999,
      4.02335,
      11.426314,
      16.737136,
      13.196587999999998,
      6.115492,
      0.0,
      5.310822,
      4.345218,
      4.82802,
      5.310822,
      3.8624159999999996,
      23.496364,
      6.9201619999999995,
      13.357522000000001,
      18.990212,
      3.5405480000000003,
      7.724831999999999,
      4.184284,
      10.138842,
      3.8624159999999996,
      0.32186800000000004,
      9.65604,
      6.9201619999999995,
      6.115492,
      4.02335,
      6.276426,
      14.323126,
      4.345218,
      8.529501999999999,
      14.805927999999998,
      7.24203,
      4.506151999999999,
      4.82802,
      13.518456,
      4.02335,
      4.667085999999999,
      33.313338,
      10.46071,
      1.448406,
      4.667085999999999,
      23.33543,
      2.41401,
      14.323126,
      4.667085999999999,
      3.5405480000000003,
      4.02335,
      14.001257999999998,
      27.841582000000002,
      2.5749440000000003,
      4.82802,
      12.07005
    ],
    [
      7.0810960000000005,
      9.334171999999999,
      1.60934,
      10.299776000000001,
      10.138842,
      9.495106,
      9.495106,
      5.310822,
      9.816974,
      7.563898,
      16.576202000000002,
      8.690436,
      10.46071,
      5.310822,
      0.0,
      9.012303999999999,
      10.138842,
      8.368568,
      9.173238,
      18.024607999999997,
      5.63269,
      9.173238,
      12.87472,
      8.85137,
      13.035654,
      9.495106,
      6.115492,
      8.85137,
      8.368568,
      4.345218,
      5.471756,
      6.115492,
      9.012303999999999,
      3.8624159999999996,
      8.85137,
      9.65604,
      1.448406,
      14.001257999999998,
      12.552852,
      9.816974,
      10.138842,
      18.668343999999998,
      9.173238,
      9.977908000000001,
      25.910374,
      4.9889540000000006,
      8.690436,
      9.977908000000001,
      28.646252,
      8.0467,
      8.85137,
      9.977908000000001,
      8.529501999999999,
      10.782578,
      13.196587999999998,
      19.31208,
      5.9545580000000005,
      1.7702740000000001,
      17.380872
    ],
    [
      9.495106,
      0.32186800000000004,
      7.885766,
      4.184284,
      12.713786,
      1.9312079999999998,
      1.1265379999999998,
      5.149888000000001,
      1.448406,
      9.977908000000001,
      21.243288,
      11.26538,
      1.1265379999999998,
      4.345218,
      9.012303999999999,
      0.0,
      1.7702740000000001,
      1.60934,
      1.9312079999999998,
      22.691694,
      3.21868,
      11.748182,
      22.208892000000002,
      3.057746,
      4.345218,
      1.60934,
      8.529501999999999,
      0.48280199999999995,
      4.184284,
      7.563898,
      3.21868,
      2.41401,
      0.16093400000000002,
      9.334171999999999,
      12.552852,
      1.448406,
      7.563898,
      18.024607999999997,
      4.667085999999999,
      2.092142,
      2.2530759999999996,
      9.334171999999999,
      1.1265379999999998,
      2.092142,
      32.025866,
      8.207633999999999,
      5.9545580000000005,
      2.092142,
      19.31208,
      3.21868,
      12.552852,
      3.21868,
      0.48280199999999995,
      0.48280199999999995,
      17.219938,
      23.979166,
      3.057746,
      7.885766,
      8.0467
    ],
    [
      12.87472,
      2.092142,
      8.85137,
      0.6437360000000001,
      14.644993999999999,
      1.2874720000000002,
      1.2874720000000002,
      8.690436,
      0.9656039999999999,
      11.909116000000001,
      22.369826,
      14.48406,
      0.6437360000000001,
      4.82802,
      10.138842,
      1.7702740000000001,
      0.0,
      3.379614,
      0.80467,
      23.979166,
      6.598293999999999,
      13.357522000000001,
      23.013562,
      2.2530759999999996,
      3.057746,
      0.9656039999999999,
      10.138842,
      1.7702740000000001,
      5.793624,
      9.173238,
      4.82802,
      5.9545580000000005,
      1.60934,
      10.46071,
      14.162192000000001,
      1.1265379999999998,
      9.012303999999999,
      18.829278,
      3.379614,
      0.48280199999999995,
      0.108,
      8.85137,
      1.60934,
      0.48280199999999995,
      31.864932,
      9.816974,
      6.115492,
      1.60934,
      18.829278,
      2.896812,
      14.162192000000001,
      1.1265379999999998,
      2.092142,
      1.2874720000000002,
      18.024607999999997,
      25.266638,
      5.149888000000001,
      9.334171999999999,
      7.563898
    ],
    [
      8.368568,
      1.448406,
      7.24203,
      4.184284,
      11.587248,
      4.184284,
      2.896812,
      4.02335,
      3.21868,
      6.9201619999999995,
      20.760486,
      10.138842,
      2.5749440000000003,
      5.310822,
      8.368568,
      1.60934,
      3.379614,
      0.0,
      3.5405480000000003,
      22.047957999999998,
      1.9312079999999998,
      10.621644,
      20.277684,
      4.667085999999999,
      5.63269,
      3.21868,
      4.667085999999999,
      2.092142,
      5.149888000000001,
      6.43736,
      1.9312079999999998,
      1.448406,
      2.092142,
      9.012303999999999,
      10.138842,
      3.057746,
      6.598293999999999,
      19.151146,
      5.9545580000000005,
      3.7014819999999995,
      3.379614,
      8.85137,
      2.896812,
      3.7014819999999995,
      30.899327999999997,
      7.0810960000000005,
      5.9545580000000005,
      3.8624159999999996,
      18.829278,
      4.82802,
      10.138842,
      4.184284,
      2.2530759999999996,
      1.7702740000000001,
      18.185542,
      23.33543,
      3.21868,
      6.759228,
      6.43736
    ],
    [
      11.909116000000001,
      2.092142,
      8.0467,
      0.48280199999999995,
      13.67939,
      0.48280199999999995,
      0.80467,
      7.885766,
      0.48280199999999995,
      12.230984,
      21.565156,
      13.67939,
      0.9656039999999999,
      3.8624159999999996,
      9.173238,
      1.9312079999999998,
      0.80467,
      3.5405480000000003,
      0.0,
      23.013562,
      5.63269,
      12.391918,
      22.047957999999998,
      1.60934,
      3.379614,
      0.32186800000000004,
      9.173238,
      1.448406,
      4.82802,
      8.207633999999999,
      5.793624,
      4.9889540000000006,
      1.60934,
      12.391918,
      13.196587999999998,
      0.48280199999999995,
      8.0467,
      17.863674,
      3.7014819999999995,
      0.6437360000000001,
      0.80467,
      9.495106,
      0.80467,
      0.6437360000000001,
      30.899327999999997,
      8.85137,
      5.149888000000001,
      0.80467,
      19.473014,
      1.9312079999999998,
      13.196587999999998,
      0.48280199999999995,
      1.448406,
      1.60934,
      17.059003999999998,
      24.301033999999998,
      4.184284,
      8.368568,
      8.207633999999999
    ],
    [
      16.737136,
      23.174496,
      16.89807,
      23.818232000000002,
      17.541806,
      22.852628,
      22.852628,
      19.151146,
      23.33543,
      17.219938,
      7.724831999999999,
      17.219938,
      23.818232000000002,
      23.496364,
      18.024607999999997,
      22.691694,
      23.979166,
      22.047957999999998,
      23.013562,
      0.0,
      20.760486,
      16.0934,
      7.563898,
      22.852628,
      26.875978,
      23.33543,
      18.829278,
      23.174496,
      22.208892000000002,
      17.059003999999998,
      20.760486,
      20.599552000000003,
      23.33543,
      17.059003999999998,
      17.863674,
      23.496364,
      16.737136,
      20.11675,
      26.393175999999997,
      23.818232000000002,
      23.979166,
      32.669602,
      24.301033999999998,
      23.818232000000002,
      6.759228,
      15.932466,
      22.691694,
      23.818232000000002,
      48.923936,
      21.887024,
      17.863674,
      23.979166,
      22.53076,
      24.783836,
      21.082354,
      3.7014819999999995,
      19.955816000000002,
      17.059003999999998,
      31.221196
    ],
    [
      4.82802,
      3.379614,
      4.345218,
      7.563898,
      6.276426,
      4.82802,
      5.149888000000001,
      2.41401,
      5.63269,
      5.149888000000001,
      19.151146,
      8.85137,
      4.02335,
      6.9201619999999995,
      5.63269,
      3.21868,
      6.598293999999999,
      1.9312079999999998,
      5.63269,
      20.760486,
      0.0,
      9.012303999999999,
      18.668343999999998,
      5.9545580000000005,
      9.495106,
      5.471756,
      2.896812,
      3.7014819999999995,
      7.402963999999999,
      4.667085999999999,
      0.341,
      0.6437360000000001,
      3.7014819999999995,
      8.368568,
      9.65604,
      5.310822,
      4.02335,
      20.438617999999998,
      9.012303999999999,
      6.43736,
      5.310822,
      7.563898,
      5.149888000000001,
      6.43736,
      29.129054000000004,
      5.471756,
      7.885766,
      5.9545580000000005,
      18.50741,
      6.276426,
      9.65604,
      7.0810960000000005,
      4.345218,
      3.5405480000000003,
      19.633948,
      21.72609,
      4.345218,
      4.345218,
      6.43736
    ],
    [
      2.092142,
      11.909116000000001,
      8.529501999999999,
      14.323126,
      1.2874720000000002,
      11.587248,
      11.909116000000001,
      4.506151999999999,
      12.391918,
      2.092142,
      14.323126,
      1.9312079999999998,
      13.035654,
      13.357522000000001,
      9.173238,
      11.748182,
      13.357522000000001,
      10.621644,
      12.391918,
      16.0934,
      9.012303999999999,
      0.0,
      13.67939,
      12.713786,
      16.254334,
      12.230984,
      4.02335,
      11.587248,
      13.196587999999998,
      5.793624,
      9.495106,
      9.495106,
      11.909116000000001,
      11.426314,
      1.1265379999999998,
      12.230984,
      7.885766,
      20.438617999999998,
      15.932466,
      13.196587999999998,
      13.840323999999999,
      9.816974,
      11.909116000000001,
      13.357522000000001,
      23.657297999999997,
      4.667085999999999,
      15.771532,
      12.87472,
      34.761744,
      13.196587999999998,
      1.2874720000000002,
      13.840323999999999,
      11.26538,
      12.07005,
      19.633948,
      17.380872,
      11.26538,
      8.207633999999999,
      14.644993999999999
    ],
    [
      15.610598,
      22.369826,
      15.127796,
      22.852628,
      14.966862,
      21.887024,
      22.047957999999998,
      18.024607999999997,
      22.369826,
      16.254334,
      0.9656039999999999,
      15.449663999999999,
      23.013562,
      18.990212,
      12.87472,
      22.208892000000002,
      23.013562,
      20.277684,
      22.047957999999998,
      7.563898,
      18.668343999999998,
      13.67939,
      0.0,
      21.404222,
      25.427572,
      22.047957999999998,
      17.380872,
      20.11675,
      15.771532,
      15.771532,
      19.473014,
      19.31208,
      20.277684,
      8.85137,
      14.805927999999998,
      22.208892000000002,
      15.28873,
      9.977908000000001,
      25.105704,
      22.369826,
      22.691694,
      31.221196,
      23.013562,
      22.53076,
      15.932466,
      14.48406,
      15.28873,
      22.53076,
      41.199104000000005,
      20.599552000000003,
      14.805927999999998,
      22.53076,
      21.082354,
      23.33543,
      11.426314,
      7.563898,
      18.50741,
      15.610598,
      29.933724
    ],
    [
      10.46071,
      3.21868,
      7.724831999999999,
      1.1265379999999998,
      13.518456,
      1.1265379999999998,
      1.7702740000000001,
      7.724831999999999,
      1.60934,
      10.943512,
      21.243288,
      12.230984,
      2.092142,
      3.5405480000000003,
      8.85137,
      3.057746,
      2.2530759999999996,
      4.667085999999999,
      1.60934,
      22.852628,
      5.9545580000000005,
      12.713786,
      21.404222,
      0.0,
      5.63269,
      1.60934,
      9.977908000000001,
      2.735878,
      4.506151999999999,
      9.012303999999999,
      6.43736,
      5.793624,
      2.896812,
      9.012303999999999,
      14.001257999999998,
      1.60934,
      7.724831999999999,
      17.541806,
      5.310822,
      1.9312079999999998,
      2.41401,
      12.87472,
      2.735878,
      1.9312079999999998,
      30.57746,
      9.65604,
      4.184284,
      0.9656039999999999,
      22.691694,
      1.60934,
      14.001257999999998,
      1.1265379999999998,
      2.41401,
      2.896812,
      16.737136,
      23.979166,
      2.896812,
      8.0467,
      11.426314
    ],
    [
      14.001257999999998,
      4.184284,
      11.748182,
      4.184284,
      17.219938,
      5.310822,
      3.8624159999999996,
      11.26538,
      3.5405480000000003,
      14.48406,
      25.266638,
      15.771532,
      3.057746,
      7.724831999999999,
      13.035654,
      4.345218,
      3.057746,
      5.63269,
      3.379614,
      26.875978,
      9.495106,
      16.254334,
      25.427572,
      5.63269,
      0.0,
      4.82802,
      13.035654,
      6.115492,
      8.690436,
      12.07005,
      9.495106,
      8.85137,
      6.276426,
      13.357522000000001,
      17.059003999999998,
      4.9889540000000006,
      11.909116000000001,
      21.72609,
      0.48280199999999995,
      5.310822,
      3.8624159999999996,
      14.162192000000001,
      5.793624,
      5.310822,
      36.532018,
      12.713786,
      9.012303999999999,
      5.310822,
      23.979166,
      5.793624,
      17.059003999999998,
      11.909116000000001,
      5.9545580000000005,
      4.667085999999999,
      20.92142,
      28.16345,
      8.0467,
      12.230984,
      12.713786
    ],
    [
      9.977908000000001,
      1.7702740000000001,
      8.207633999999999,
      0.6437360000000001,
      13.196587999999998,
      0.48280199999999995,
      0.48280199999999995,
      7.24203,
      0.354,
      10.46071,
      21.887024,
      11.748182,
      0.6437360000000001,
      4.184284,
      9.495106,
      1.60934,
      0.9656039999999999,
      3.21868,
      0.32186800000000004,
      23.33543,
      5.471756,
      12.230984,
      22.047957999999998,
      1.60934,
      4.82802,
      0.0,
      9.173238,
      1.1265379999999998,
      5.149888000000001,
      8.207633999999999,
      5.63269,
      4.9889540000000006,
      1.2874720000000002,
      12.713786,
      13.196587999999998,
      0.16093400000000002,
      8.368568,
      18.185542,
      3.7014819999999995,
      0.48280199999999995,
      0.9656039999999999,
      9.495106,
      0.48280199999999995,
      0.48280199999999995,
      32.669602,
      8.85137,
      4.667085999999999,
      0.6437360000000001,
      19.31208,
      2.092142,
      13.196587999999998,
      0.80467,
      1.1265379999999998,
      1.2874720000000002,
      17.380872,
      24.622902,
      4.506151999999999,
      8.690436,
      8.0467
    ],
    [
      2.2530759999999996,
      6.9201619999999995,
      4.82802,
      11.104446000000001,
      3.7014819999999995,
      8.368568,
      8.690436,
      0.6437360000000001,
      9.173238,
      2.5749440000000003,
      17.219938,
      3.5405480000000003,
      9.65604,
      10.138842,
      6.115492,
      8.529501999999999,
      10.138842,
      4.667085999999999,
      9.173238,
      18.829278,
      2.896812,
      4.02335,
      17.380872,
      9.977908000000001,
      13.035654,
      9.173238,
      0.0,
      5.9545580000000005,
      10.299776000000001,
      2.735878,
      3.21868,
      3.21868,
      5.9545580000000005,
      8.368568,
      3.7014819999999995,
      7.563898,
      4.345218,
      23.33543,
      11.26538,
      8.690436,
      8.690436,
      6.43736,
      7.402963999999999,
      8.85137,
      27.197846,
      3.379614,
      10.621644,
      8.207633999999999,
      17.380872,
      8.529501999999999,
      3.7014819999999995,
      9.334171999999999,
      6.598293999999999,
      7.402963999999999,
      22.53076,
      19.955816000000002,
      6.598293999999999,
      4.667085999999999,
      7.402963999999999
    ],
    [
      9.334171999999999,
      0.6437360000000001,
      7.724831999999999,
      3.8624159999999996,
      12.552852,
      1.448406,
      0.6437360000000001,
      5.471756,
      1.1265379999999998,
      9.816974,
      21.565156,
      11.104446000000001,
      1.1265379999999998,
      3.8624159999999996,
      8.85137,
      0.48280199999999995,
      1.7702740000000001,
      2.092142,
      1.448406,
      23.174496,
      3.7014819999999995,
      11.587248,
      20.11675,
      2.735878,
      6.115492,
      1.1265379999999998,
      5.9545580000000005,
      0.0,
      4.02335,
      7.24203,
      3.5405480000000003,
      2.896812,
      0.32186800000000004,
      9.173238,
      12.230984,
      1.1265379999999998,
      7.402963999999999,
      17.70274,
      4.667085999999999,
      1.7702740000000001,
      2.41401,
      9.495106,
      0.6437360000000001,
      1.7702740000000001,
      31.703998,
      7.885766,
      5.63269,
      1.9312079999999998,
      19.31208,
      3.057746,
      12.230984,
      3.8624159999999996,
      0.16093400000000002,
      0.48280199999999995,
      16.89807,
      25.266638,
      2.735878,
      7.563898,
      8.0467
    ],
    [
      11.104446000000001,
      4.506151999999999,
      7.0810960000000005,
      5.63269,
      14.001257999999998,
      4.667085999999999,
      4.667085999999999,
      9.816974,
      5.149888000000001,
      11.587248,
      16.415267999999998,
      12.713786,
      5.63269,
      0.32186800000000004,
      8.368568,
      4.184284,
      5.793624,
      5.149888000000001,
      4.82802,
      22.208892000000002,
      7.402963999999999,
      13.196587999999998,
      15.771532,
      4.506151999999999,
      8.690436,
      5.149888000000001,
      10.299776000000001,
      4.02335,
      0.0,
      8.85137,
      6.759228,
      5.9545580000000005,
      4.184284,
      5.793624,
      13.518456,
      4.345218,
      7.724831999999999,
      14.162192000000001,
      7.24203,
      4.506151999999999,
      4.82802,
      13.518456,
      4.02335,
      4.667085999999999,
      32.508668,
      9.495106,
      1.1265379999999998,
      4.667085999999999,
      23.33543,
      2.41401,
      13.518456,
      4.82802,
      3.5405480000000003,
      4.02335,
      13.196587999999998,
      27.197846,
      2.41401,
      4.506151999999999,
      12.07005
    ],
    [
      3.5405480000000003,
      7.724831999999999,
      3.21868,
      10.138842,
      4.506151999999999,
      7.402963999999999,
      7.724831999999999,
      3.21868,
      8.207633999999999,
      4.02335,
      15.449663999999999,
      4.184284,
      8.690436,
      9.65604,
      4.345218,
      7.563898,
      9.173238,
      6.43736,
      8.207633999999999,
      17.059003999999998,
      4.667085999999999,
      5.793624,
      15.771532,
      9.012303999999999,
      12.07005,
      8.207633999999999,
      2.735878,
      7.24203,
      8.85137,
      0.0,
      5.149888000000001,
      5.149888000000001,
      7.402963999999999,
      6.598293999999999,
      4.506151999999999,
      7.724831999999999,
      3.057746,
      21.565156,
      11.587248,
      8.85137,
      10.299776000000001,
      8.529501999999999,
      7.563898,
      9.012303999999999,
      25.266638,
      0.6437360000000001,
      9.012303999999999,
      8.529501999999999,
      28.807185999999998,
      8.690436,
      4.506151999999999,
      9.495106,
      6.9201619999999995,
      7.724831999999999,
      20.760486,
      18.185542,
      6.759228,
      3.379614,
      17.541806
    ],
    [
      4.667085999999999,
      3.379614,
      4.184284,
      7.563898,
      6.115492,
      4.82802,
      5.149888000000001,
      2.2530759999999996,
      5.63269,
      4.9889540000000006,
      19.151146,
      9.012303999999999,
      4.184284,
      6.9201619999999995,
      5.471756,
      3.21868,
      4.82802,
      1.9312079999999998,
      5.793624,
      20.760486,
      0.341,
      9.495106,
      19.473014,
      6.43736,
      9.495106,
      5.63269,
      3.21868,
      3.5405480000000003,
      6.759228,
      5.149888000000001,
      0.0,
      0.80467,
      3.7014819999999995,
      8.529501999999999,
      9.816974,
      5.471756,
      4.02335,
      20.599552000000003,
      9.173238,
      6.43736,
      5.310822,
      7.24203,
      4.184284,
      6.598293999999999,
      29.289987999999997,
      5.471756,
      7.885766,
      6.115492,
      18.50741,
      6.43736,
      9.816974,
      7.0810960000000005,
      3.8624159999999996,
      3.379614,
      19.794882,
      21.887024,
      4.82802,
      4.345218,
      6.276426
    ],
    [
      5.149888000000001,
      2.896812,
      4.82802,
      6.9201619999999995,
      10.46071,
      4.184284,
      4.506151999999999,
      2.735878,
      4.9889540000000006,
      5.471756,
      18.990212,
      9.012303999999999,
      3.5405480000000003,
      6.115492,
      6.115492,
      2.41401,
      5.9545580000000005,
      1.448406,
      4.9889540000000006,
      20.599552000000003,
      0.6437360000000001,
      9.495106,
      19.31208,
      5.793624,
      8.85137,
      4.9889540000000006,
      3.21868,
      2.896812,
      5.9545580000000005,
      5.149888000000001,
      0.80467,
      0.0,
      3.057746,
      8.368568,
      10.138842,
      4.02335,
      4.667085999999999,
      20.438617999999998,
      9.012303999999999,
      4.667085999999999,
      4.9889540000000006,
      7.563898,
      3.5405480000000003,
      4.667085999999999,
      29.611855999999996,
      5.9545580000000005,
      7.724831999999999,
      4.667085999999999,
      18.50741,
      6.276426,
      10.138842,
      7.0810960000000005,
      3.057746,
      3.057746,
      19.633948,
      21.72609,
      3.8624159999999996,
      4.9889540000000006,
      6.43736
    ],
    [
      9.495106,
      0.32186800000000004,
      7.885766,
      4.02335,
      12.713786,
      1.60934,
      0.9656039999999999,
      5.471756,
      1.2874720000000002,
      9.977908000000001,
      21.72609,
      11.26538,
      0.9656039999999999,
      4.02335,
      9.012303999999999,
      0.16093400000000002,
      1.60934,
      2.092142,
      1.60934,
      23.33543,
      3.7014819999999995,
      11.909116000000001,
      20.277684,
      2.896812,
      6.276426,
      1.2874720000000002,
      5.9545580000000005,
      0.32186800000000004,
      4.184284,
      7.402963999999999,
      3.7014819999999995,
      3.057746,
      0.0,
      9.334171999999999,
      12.391918,
      1.2874720000000002,
      7.563898,
      18.024607999999997,
      4.506151999999999,
      1.9312079999999998,
      2.2530759999999996,
      9.334171999999999,
      0.80467,
      2.092142,
      31.864932,
      8.0467,
      5.9545580000000005,
      2.092142,
      19.151146,
      3.21868,
      12.391918,
      3.057746,
      0.48280199999999995,
      0.48280199999999995,
      17.219938,
      24.622902,
      2.896812,
      7.885766,
      8.690436
    ],
    [
      9.173238,
      9.65604,
      3.8624159999999996,
      10.299776000000001,
      12.230984,
      12.230984,
      9.012303999999999,
      8.85137,
      9.816974,
      9.65604,
      9.495106,
      10.782578,
      10.299776000000001,
      6.276426,
      3.8624159999999996,
      9.334171999999999,
      10.46071,
      9.012303999999999,
      12.391918,
      17.059003999999998,
      8.368568,
      11.426314,
      8.85137,
      9.012303999999999,
      13.357522000000001,
      12.713786,
      8.368568,
      9.173238,
      5.793624,
      6.598293999999999,
      8.529501999999999,
      8.368568,
      9.334171999999999,
      0.0,
      11.104446000000001,
      9.012303999999999,
      4.02335,
      10.782578,
      12.07005,
      9.334171999999999,
      9.65604,
      18.346476,
      8.690436,
      9.495106,
      28.16345,
      7.24203,
      5.310822,
      9.495106,
      28.16345,
      7.24203,
      11.104446000000001,
      9.65604,
      8.368568,
      8.85137,
      9.816974,
      15.771532,
      6.43736,
      3.7014819999999995,
      16.89807
    ],
    [
      1.7702740000000001,
      12.713786,
      7.724831999999999,
      15.127796,
      0.32186800000000004,
      12.391918,
      12.713786,
      4.184284,
      13.196587999999998,
      1.60934,
      16.254334,
      0.80467,
      13.67939,
      14.323126,
      8.85137,
