{
  "drive_dist_matrix": [
    [
      0.0,
      2.3,
      7.5,
      4.3,
      8.5,
      4.6,
      13.7,
      12.5,
      3.9,
      4.9,
      5.6,
      5.3,
      0.5,
      7.1,
      8.4,
      9.1,
      40.6,
      5.7
    ],
    [
      2.3,
      0.0,
      7.9,
      3.6,
      10.0,
      3.9,
      13.0,
      12.9,
      4.2,
      4.2,
      4.8,
      4.6,
      2.5,
      6.3,
      8.7,
      10.5,
      40.9,
      4.9
    ],
    [
      7.5,
      7.9,
      0.0,
      10.7,
      14.1,
      11.0,
      23.0,
      5.0,
      10.7,
      9.2,
      5.6,
      11.7,
      7.6,
      9.8,
      4.0,
      13.5,
      34.0,
      12.1
    ],
    [
      4.3,
      3.6,
      10.7,
      0.0,
      9.7,
      0.55,
      13.6,
      14.7,
      6.2,
      3.7,
      6.6,
      5.2,
      4.4,
      5.9,
      10.6,
      10.3,
      42.8,
      5.6
    ],
    [
      8.5,
      10.0,
      14.1,
      9.7,
      0.0,
      10.7,
      11.3,
      17.9,
      4.9,
      11.0,
      14.3,
      8.9,
      7.7,
      13.2,
      14.5,
      0.65,
      46.7,
      11.8
    ],
    [
      4.6,
      3.9,
      11.0,
      0.55,
      10.7,
      0.0,
      13.9,
      15.0,
      6.5,
      4.0,
      6.9,
      5.5,
      4.7,
      6.2,
      10.9,
      10.6,
      43.1,
      5.9
    ],
    [
      13.7,
      13.0,
      23.0,
      13.6,
      11.3,
      13.9,
      0.0,
      27.0,
      11.8,
      17.1,
      17.7,
      9.6,
      15.4,
      19.8,
      22.8,
      12.7,
      55.0,
      10.8
    ],
    [
      12.5,
      12.9,
      5.0,
      14.7,
      17.9,
      15.0,
      27.0,
      0.0,
      15.1,
      13.6,
      8.6,
      16.1,
      12.0,
      12.8,
      7.0,
      16.8,
      34.8,
      16.5
    ],
    [
      3.9,
      4.2,
      10.7,
      6.2,
      4.9,
      6.5,
      11.8,
      15.1,
      0.0,
      7.1,
      7.7,
      7.2,
      4.1,
      9.2,
      11.0,
      5.8,
      43.2,
      7.8
    ],
    [
      4.9,
      4.2,
      9.2,
      3.7,
      11.0,
      4.0,
      17.1,
      13.6,
      7.1,
      0.0,
      7.4,
      3.8,
      6.9,
      4.3,
      10.1,
      12.8,
      44.3,
      4.2
    ],
    [
      5.6,
      4.8,
      5.6,
      6.6,
      14.3,
      6.9,
      17.7,
      8.6,
      7.7,
      7.4,
      0.0,
      9.2,
      4.6,
      5.1,
      3.2,
      13.0,
      36.1,
      9.6
    ],
    [
      5.3,
      4.6,
      11.7,
      5.2,
      8.9,
      5.5,
      9.6,
      16.1,
      7.2,
      3.8,
      9.2,
      0.0,
      6.2,
      7.8,
      12.4,
      10.6,
      44.6,
      1.2
    ],
    [
      0.5,
      2.5,
      7.6,
      4.4,
      7.7,
      4.7,
      15.4,
      12.0,
      4.1,
      6.9,
      4.6,
      6.2,
      0.0,
      7.1,
      8.3,
      9.1,
      40.5,
      5.7
    ],
    [
      7.1,
      6.3,
      9.8,
      5.9,
      13.2,
      6.2,
      19.8,
      12.8,
      9.2,
      4.3,
      5.1,
      7.8,
      7.1,
      0.0,
      7.8,
      14.5,
      40.5,
      8.3
    ],
    [
      8.4,
      8.7,
      4.0,
      10.6,
      14.5,
      10.9,
      22.8,
      7.0,
      11.0,
      10.1,
      3.2,
      12.4,
      8.3,
      7.8,
      0.0,
      13.2,
      36.0,
      11.8
    ],
    [
      9.1,
      10.5,
      13.5,
      10.3,
      0.65,
      10.6,
      12.7,
      16.8,
      5.8,
      12.8,
      13.0,
      10.6,
      9.1,
      14.5,
      13.2,
      0.0,
      46.1,
      12.2
    ],
    [
      40.6,
      40.9,
      34.0,
      42.8,
      46.7,
      43.1,
      55.0,
      34.8,
      43.2,
      44.3,
      36.1,
      44.6,
      40.5,
      40.5,
      36.0,
      46.1,
      0.0,
      45.0
    ],
    [
      5.7,
      4.9,
      12.1,
      5.6,
      11.8,
      5.9,
      10.8,
      16.5,
      7.8,
      4.2,
      9.6,
      1.2,
      5.7,
      8.3,
      11.8,
      12.2,
      45.0,
      0.0
    ]
  ],
  "drive_time_matrix": [
    [
      0.0,
      5.0,
      17.0,
      8.0,
      20.0,
      9.0,
      23.0,
      23.0,
      7.0,
      10.0,
      13.0,
      10.0,
      6.0,
      14.0,
      19.0,
      21.0,
      48.0,
      10.0
    ],
    [
      5.0,
      0.0,
      13.0,
      6.0,
      18.0,
      7.0,
      21.0,
      20.0,
      7.0,
      9.0,
      10.0,
      8.0,
      7.0,
      12.0,
      15.0,
      18.0,
      45.0,
      9.0
    ],
    [
      17.0,
      13.0,
      0.0,
      17.0,
      23.0,
      18.0,
      30.0,
      8.0,
      16.0,
      19.0,
      11.0,
      19.0,
      17.0,
      18.0,
      7.0,
      22.0,
      37.0,
      19.0
    ],
    [
      8.0,
      6.0,
      17.0,
      0.0,
      17.0,
      7.0,
      22.0,
      22.0,
      9.0,
      7.0,
      13.0,
      9.0,
      10.0,
      11.0,
      17.0,
      17.0,
      46.0,
      10.0
    ],
    [
      20.0,
      18.0,
      23.0,
      17.0,
      0.0,
      17.0,
      22.0,
      28.0,
      12.0,
      17.0,
      22.0,
      18.0,
      21.0,
      20.0,
      22.0,
      7.0,
      51.0,
      18.0
    ],
    [
      9.0,
      7.0,
      18.0,
      7.0,
      17.0,
      0.0,
      22.0,
      22.0,
      10.0,
      8.0,
      14.0,
      10.0,
      11.0,
      11.0,
      17.0,
      18.0,
      46.0,
      10.0
    ],
    [
      23.0,
      21.0,
      30.0,
      22.0,
      22.0,
      22.0,
      0.0,
      38.0,
      17.0,
      22.0,
      29.0,
      15.0,
      26.0,
      25.0,
      32.0,
      24.0,
      61.0,
      17.0
    ],
    [
      23.0,
      20.0,
      8.0,
      22.0,
      28.0,
      22.0,
      38.0,
      0.0,
      22.0,
      24.0,
      17.0,
      25.0,
      23.0,
      24.0,
      12.0,
      28.0,
      43.0,
      25.0
    ],
    [
      7.0,
      7.0,
      16.0,
      9.0,
      12.0,
      10.0,
      17.0,
      22.0,
      0.0,
      13.0,
      15.0,
      12.0,
      11.0,
      17.0,
      16.0,
      15.0,
      45.0,
      13.0
    ],
    [
      10.0,
      9.0,
      19.0,
      7.0,
      17.0,
      8.0,
      22.0,
      24.0,
      13.0,
      0.0,
      13.0,
      8.0,
      14.0,
      7.0,
      20.0,
      20.0,
      48.0,
      8.0
    ],
    [
      13.0,
      10.0,
      11.0,
      13.0,
      22.0,
      14.0,
      29.0,
      17.0,
      15.0,
      13.0,
      0.0,
      18.0,
      16.0,
      10.0,
      8.0,
      24.0,
      41.0,
      18.0
    ],
    [
      10.0,
      8.0,
      19.0,
      9.0,
      18.0,
      10.0,
      15.0,
      25.0,
      12.0,
      8.0,
      18.0,
      0.0,
      12.0,
      12.0,
      18.0,
      20.0,
      47.0,
      2.0
    ],
    [
      6.0,
      7.0,
      17.0,
      10.0,
      21.0,
      11.0,
      26.0,
      23.0,
      11.0,
      14.0,
      16.0,
      12.0,
      0.0,
      14.0,
      18.0,
      21.0,
      47.0,
      11.0
    ],
    [
      14.0,
      12.0,
      18.0,
      11.0,
      20.0,
      11.0,
      25.0,
      24.0,
      17.0,
      7.0,
      10.0,
      12.0,
      14.0,
      0.0,
      17.0,
      23.0,
      47.0,
      16.0
    ],
    [
      19.0,
      15.0,
      7.0,
      17.0,
      22.0,
      17.0,
      32.0,
      12.0,
      16.0,
      20.0,
      8.0,
      18.0,
      18.0,
      17.0,
      0.0,
      20.0,
      39.0,
      17.0
    ],
    [
      21.0,
      18.0,
      22.0,
      17.0,
      7.0,
      18.0,
      24.0,
      28.0,
      15.0,
      20.0,
      24.0,
      20.0,
      21.0,
      23.0,
      20.0,
      0.0,
      48.0,
      18.0
    ],
    [
      48.0,
      45.0,
      37.0,
      46.0,
      51.0,
      46.0,
      61.0,
      43.0,
      45.0,
      48.0,
      41.0,
      47.0,
      47.0,
      47.0,
      39.0,
      48.0,
      0.0,
      47.0
    ],
    [
      10.0,
      9.0,
      19.0,
      10.0,
      18.0,
      10.0,
      17.0,
      25.0,
      13.0,
      8.0,
      18.0,
      2.0,
      11.0,
      16.0,
      17.0,
      18.0,
      47.0,
      0.0
    ]
  ],
  "transit_dist_walk_matrix": [
    [
      0.0,
      NaN,
      NaN,
      NaN,
      NaN,
      NaN,
      NaN,
      NaN,
      NaN,
      NaN,
      NaN,
      NaN,
      NaN,
      NaN,
      NaN,
      NaN,
      NaN,
      NaN
    ],
    [
      NaN,
      0.0,
      NaN,
      NaN,
      NaN,
      NaN,
      NaN,
      NaN,
      NaN,
      NaN,
      NaN,
      NaN,
      NaN,
      NaN,
      NaN,
      NaN,
      NaN,
      NaN
    ],
    [
      NaN,
      NaN,
      0.0,
      NaN,
      NaN,
      NaN,
      NaN,
      NaN,
      NaN,
      NaN,
      NaN,
      NaN,
      NaN,
      NaN,
      NaN,
      NaN,
      NaN,
      NaN
    ],
    [
      NaN,
      NaN,
      NaN,
      0.0,
      NaN,
      NaN,
      NaN,
      NaN,
      NaN,
      NaN,
      NaN,
      NaN,
      NaN,
      NaN,
      NaN,
      NaN,
      NaN,
      NaN
    ],
    [
      NaN,
      NaN,
      NaN,
      NaN,
      0.0,
      NaN,
      NaN,
      NaN,
      NaN,
      NaN,
      NaN,
      NaN,
      NaN,
      NaN,
      NaN,
      NaN,
      NaN,
      NaN
    ],
    [
      NaN,
      NaN,
      NaN,
      NaN,
      NaN,
      0.0,
      NaN,
      NaN,
      NaN,
      NaN,
      NaN,
      NaN,
      NaN,
      NaN,
      NaN,
      NaN,
      NaN,
      NaN
    ],
    [
      NaN,
      NaN,
      NaN,
      NaN,
      NaN,
      NaN,
      0.0,
      NaN,
      NaN,
      NaN,
      NaN,
      NaN,
      NaN,
      NaN,
      NaN,
      NaN,
      NaN,
      NaN
    ],
    [
      NaN,
      NaN,
      NaN,
      NaN,
      NaN,
      NaN,
      NaN,
      0.0,
      NaN,
      NaN,
      NaN,
      NaN,
      NaN,
      NaN,
      NaN,
      NaN,
      NaN,
      NaN
    ],
    [
      NaN,
      NaN,
      NaN,
      NaN,
      NaN,
      NaN,
      NaN,
      NaN,
      0.0,
      NaN,
      NaN,
      NaN,
      NaN,
      NaN,
      NaN,
      NaN,
      NaN,
      NaN
    ],
    [
      NaN,
      NaN,
      NaN,
      NaN,
      NaN,
      NaN,
      NaN,
      NaN,
      NaN,
      0.0,
      NaN,
      NaN,
      NaN,
      NaN,
      NaN,
      NaN,
      NaN,
      NaN
    ],
    [
      NaN,
      NaN,
      NaN,
      NaN,
      NaN,
      NaN,
      NaN,
      NaN,
      NaN,
      NaN,
      0.0,
      NaN,
      NaN,
      NaN,
      NaN,
      NaN,
      NaN,
      NaN
    ],
    [
      NaN,
      NaN,
      NaN,
      NaN,
      NaN,
      NaN,
      NaN,
      NaN,
      NaN,
      NaN,
      NaN,
      0.0,
      NaN,
      NaN,
      NaN,
      NaN,
      NaN,
      NaN
    ],
    [
      NaN,
      NaN,
      NaN,
      NaN,
      NaN,
      NaN,
      NaN,
      NaN,
      NaN,
      NaN,
      NaN,
      NaN,
      0.0,
      NaN,
      NaN,
      NaN,
      NaN,
      NaN
    ],
    [
      NaN,
      NaN,
      NaN,
      NaN,
      NaN,
      NaN,
      NaN,
      NaN,
      NaN,
      NaN,
      NaN,
      NaN,
      NaN,
      0.0,
      NaN,
      NaN,
      NaN,
      NaN
    ],
    [
      NaN,
      NaN,
      NaN,
      NaN,
      NaN,
      NaN,
      NaN,
      NaN,
      NaN,
      NaN,
      NaN,
      NaN,
      NaN,
      NaN,
      0.0,
      NaN,
      NaN,
      NaN
    ],
    [
      NaN,
      NaN,
      NaN,
      NaN,
      NaN,
      NaN,
      NaN,
      NaN,
      NaN,
      NaN,
      NaN,
      NaN,
      NaN,
      NaN,
      NaN,
      0.0,
      NaN,
      NaN
    ],
    [
      NaN,
      NaN,
      NaN,
      NaN,
      NaN,
      NaN,
      NaN,
      NaN,
      NaN,
      NaN,
      NaN,
      NaN,
      NaN,
      NaN,
      NaN,
      NaN,
      0.0,
      NaN
    ],
    [
      NaN,
      NaN,
      NaN,
      NaN,
      NaN,
      NaN,
      NaN,
      NaN,
      NaN,
      NaN,
      NaN,
      NaN,
      NaN,
      NaN,
      NaN,
      NaN,
      NaN,
      0.0
    ]
  ],
  "transit_time_matrix": [
    [
      0.0,
      NaN,
      NaN,
      NaN,
      NaN,
      NaN,
      NaN,
      NaN,
      NaN,
      NaN,
      NaN,
      NaN,
      NaN,
      NaN,
      NaN,
      NaN,
      NaN,
      NaN
    ],
    [
      NaN,
      0.0,
      NaN,
      NaN,
      NaN,
      NaN,
      NaN,
      NaN,
      NaN,
      NaN,
      NaN,
      NaN,
      NaN,
      NaN,
      NaN,
      NaN,
      NaN,
      NaN
    ],
    [
      NaN,
      NaN,
      0.0,
      NaN,
      NaN,
      NaN,
      NaN,
      NaN,
      NaN,
      NaN,
      NaN,
      NaN,
      NaN,
      NaN,
      NaN,
      NaN,
      NaN,
      NaN
    ],
    [
      NaN,
      NaN,
      NaN,
      0.0,
      NaN,
      NaN,
      NaN,
      NaN,
      NaN,
      NaN,
      NaN,
      NaN,
      NaN,
      NaN,
      NaN,
      NaN,
      NaN,
      NaN
    ],
    [
      NaN,
      NaN,
      NaN,
      NaN,
      0.0,
      NaN,
      NaN,
      NaN,
      NaN,
      NaN,
      NaN,
      NaN,
      NaN,
      NaN,
      NaN,
      NaN,
      NaN,
      NaN
    ],
    [
      NaN,
      NaN,
      NaN,
      NaN,
      NaN,
      0.0,
      NaN,
      NaN,
      NaN,
      NaN,
      NaN,
      NaN,
      NaN,
      NaN,
      NaN,
      NaN,
      NaN,
      NaN
    ],
    [
      NaN,
      NaN,
      NaN,
      NaN,
      NaN,
      NaN,
      0.0,
      NaN,
      NaN,
      NaN,
      NaN,
      NaN,
      NaN,
      NaN,
      NaN,
      NaN,
      NaN,
      NaN
    ],
    [
      NaN,
      NaN,
      NaN,
      NaN,
      NaN,
      NaN,
      NaN,
      0.0,
      NaN,
      NaN,
      NaN,
      NaN,
      NaN,
      NaN,
      NaN,
      NaN,
      NaN,
      NaN
    ],
    [
      NaN,
      NaN,
      NaN,
      NaN,
      NaN,
      NaN,
      NaN,
      NaN,
      0.0,
      NaN,
      NaN,
      NaN,
      NaN,
      NaN,
      NaN,
      NaN,
      NaN,
      NaN
    ],
    [
      NaN,
      NaN,
      NaN,
      NaN,
      NaN,
      NaN,
      NaN,
      NaN,
      NaN,
      0.0,
      NaN,
      NaN,
      NaN,
      NaN,
      NaN,
      NaN,
      NaN,
      NaN
    ],
    [
      NaN,
      NaN,
      NaN,
      NaN,
      NaN,
      NaN,
      NaN,
      NaN,
      NaN,
      NaN,
      0.0,
      NaN,
      NaN,
      NaN,
      NaN,
      NaN,
      NaN,
      NaN
    ],
    [
      NaN,
      NaN,
      NaN,
      NaN,
      NaN,
      NaN,
      NaN,
      NaN,
      NaN,
      NaN,
      NaN,
      0.0,
      NaN,
      NaN,
      NaN,
      NaN,
      NaN,
      NaN
    ],
    [
      NaN,
      NaN,
      NaN,
      NaN,
      NaN,
      NaN,
      NaN,
      NaN,
      NaN,
      NaN,
      NaN,
      NaN,
      0.0,
      NaN,
      NaN,
      NaN,
      NaN,
      NaN
    ],
    [
      NaN,
      NaN,
      NaN,
      NaN,
      NaN,
      NaN,
      NaN,
      NaN,
      NaN,
      NaN,
      NaN,
      NaN,
      NaN,
      0.0,
      NaN,
      NaN,
      NaN,
      NaN
    ],
    [
      NaN,
      NaN,
      NaN,
      NaN,
      NaN,
      NaN,
      NaN,
      NaN,
      NaN,
      NaN,
      NaN,
      NaN,
      NaN,
      NaN,
      0.0,
      NaN,
      NaN,
      NaN
    ],
    [
      NaN,
      NaN,
      NaN,
      NaN,
      NaN,
      NaN,
      NaN,
      NaN,
      NaN,
      NaN,
      NaN,
      NaN,
      NaN,
      NaN,
      NaN,
      0.0,
      NaN,
      NaN
    ],
    [
      NaN,
      NaN,
      NaN,
      NaN,
      NaN,
      NaN,
      NaN,
      NaN,
      NaN,
      NaN,
      NaN,
      NaN,
      NaN,
      NaN,
      NaN,
      NaN,
      0.0,
      NaN
    ],
    [
      NaN,
      NaN,
      NaN,
      NaN,
      NaN,
      NaN,
      NaN,
      NaN,
      NaN,
      NaN,
      NaN,
      NaN,
      NaN,
      NaN,
      NaN,
      NaN,
      NaN,
      0.0
    ]
  ],
  "walk_dist_matrix": [
    [
      0.0,
      2.1,
      7.1,
      4.1,
      7.2,
      4.0,
      14.9,
      10.7,
      3.8,
      5.2,
      4.6,
      5.6,
      0.5,
      7.4,
      8.9,
      6.8,
      34.5,
      6.0
    ],
    [
      2.1,
      0.0,
      6.8,
      2.3,
      8.1,
      2.3,
      14.5,
      10.4,
      3.9,
      3.5,
      4.5,
      3.9,
      1.8,
      5.6,
      8.7,
      8.3,
      34.4,
      4.3
    ],
    [
      7.1,
      6.8,
      0.0,
      8.6,
      12.1,
      9.0,
      20.8,
      5.5,
      9.7,
      8.3,
      5.8,
      10.8,
      6.6,
      10.2,
      3.7,
      11.7,
      33.7,
      11.2
    ],
    [
      4.1,
      2.3,
      8.6,
      0.0,
      9.8,
      0.55,
      13.5,
      12.2,
      5.9,
      1.9,
      6.1,
      2.9,
      3.8,
      5.3,
      10.4,
      10.2,
      36.0,
      3.3
    ],
    [
      7.2,
      8.1,
      12.1,
      9.8,
      0.0,
      9.7,
      9.0,
      15.7,
      4.2,
      10.9,
      11.2,
      8.1,
      7.4,
      13.1,
      14.7,
      0.65,
      41.1,
      9.3
    ],
    [
      4.0,
      2.3,
      9.0,
      0.55,
      9.7,
      0.0,
      13.6,
      12.5,
      5.8,
      2.3,
      6.4,
      3.0,
      3.7,
      5.6,
      10.7,
      10.1,
      36.3,
      3.4
    ],
    [
      14.9,
      14.5,
      20.8,
      13.5,
      9.0,
      13.6,
      0.0,
      24.5,
      11.1,
      13.7,
      18.7,
      11.6,
      14.7,
      16.4,
      22.6,
      9.6,
      47.1,
      10.8
    ],
    [
      10.7,
      10.4,
      5.5,
      12.2,
      15.7,
      12.5,
      24.5,
      0.0,
      13.4,
      11.9,
      9.1,
      14.4,
      10.2,
      12.5,
      6.0,
      15.3,
      33.3,
      14.8
    ],
    [
      3.8,
      3.9,
      9.7,
      5.9,
      4.2,
      5.8,
      11.1,
      13.4,
      0.0,
      7.0,
      7.6,
      6.0,
      3.6,
      9.2,
      12.0,
      4.4,
      37.5,
      7.1
    ],
    [
      5.2,
      3.5,
      8.3,
      1.9,
      10.9,
      2.3,
      13.7,
      11.9,
      7.0,
      0.0,
      5.8,
      3.8,
      4.9,
      3.5,
      9.7,
      11.3,
      34.2,
      4.2
    ],
    [
      4.6,
      4.5,
      5.8,
      6.1,
      11.2,
      6.4,
      18.7,
      9.1,
      7.6,
      5.8,
      0.0,
      8.3,
      4.2,
      4.8,
      4.6,
      10.8,
      29.9,
      8.7
    ],
    [
      5.6,
      3.9,
      10.8,
      2.9,
      8.1,
      3.0,
      11.6,
      14.4,
      6.0,
      3.8,
      8.3,
      0.0,
      5.3,
      7.5,
      12.6,
      8.4,
      38.2,
      1.0
    ],
    [
      0.5,
      1.8,
      6.6,
      3.8,
      7.4,
      3.7,
      14.7,
      10.2,
      3.6,
      4.9,
      4.2,
      5.3,
      0.0,
      7.1,
      8.4,
      7.0,
      34.1,
      5.7
    ],
    [
      7.4,
      5.6,
      10.2,
      5.3,
      13.1,
      5.6,
      16.4,
      12.5,
      9.2,
      3.5,
      4.8,
      7.5,
      7.1,
      0.0,
      8.0,
      13.4,
      32.6,
      7.5
    ],
    [
      8.9,
      8.7,
      3.7,
      10.4,
      14.7,
      10.7,
      22.6,
      6.0,
      12.0,
      9.7,
      4.6,
      12.6,
      8.4,
      8.0,
      0.0,
      14.2,
      31.4,
      12.9
    ],
    [
      6.8,
      8.3,
      11.7,
      10.2,
      0.65,
      10.1,
      9.6,
      15.3,
      4.4,
      11.3,
      10.8,
      8.4,
      7.0,
      13.4,
      14.2,
      0.0,
      40.7,
      9.5
    ],
    [
      34.5,
      34.4,
      33.7,
      36.0,
      41.1,
      36.3,
      47.1,
      33.3,
      37.5,
      34.2,
      29.9,
      38.2,
      34.1,
      32.6,
      31.4,
      40.7,
      0.0,
      38.2
    ],
    [
      6.0,
      4.3,
      11.2,
      3.3,
      9.3,
      3.4,
      10.8,
      14.8,
      7.1,
      4.2,
      8.7,
      1.0,
      5.7,
      7.5,
      12.9,
      9.5,
      38.2,
      0.0
    ]
  ],
  "walk_time_matrix": [
    [
      0.0,
      26.0,
      89.0,
      52.0,
      92.0,
      50.0,
      185.0,
      133.0,
      47.0,
      65.0,
      59.0,
      71.0,
      6.0,
      93.0,
      113.0,
      86.0,
      426.0,
      76.0
    ],
    [
      26.0,
      0.0,
      89.0,
      30.0,
      102.0,
      28.0,
      181.0,
      134.0,
      49.0,
      43.0,
      57.0,
      50.0,
      23.0,
      70.0,
      111.0,
      103.0,
      424.0,
      55.0
    ],
    [
      89.0,
      89.0,
      0.0,
      109.0,
      153.0,
      112.0,
      259.0,
      67.0,
      122.0,
      105.0,
      72.0,
      138.0,
      85.0,
      128.0,
      46.0,
      148.0,
      413.0,
      142.0
    ],
    [
      52.0,
      30.0,
      109.0,
      0.0,
      122.0,
      7.0,
      168.0,
      153.0,
      74.0,
      24.0,
      76.0,
      37.0,
      49.0,
      67.0,
      130.0,
      126.0,
      442.0,
      41.0
    ],
    [
      92.0,
      102.0,
      153.0,
      122.0,
      0.0,
      119.0,
      110.0,
      197.0,
      52.0,
      134.0,
      144.0,
      101.0,
      94.0,
      162.0,
      183.0,
      7.0,
      510.0,
      115.0
    ],
    [
      50.0,
      28.0,
      112.0,
      7.0,
      119.0,
      0.0,
      169.0,
      157.0,
      72.0,
      27.0,
      79.0,
      38.0,
      48.0,
      70.0,
      134.0,
      124.0,
      446.0,
      42.0
    ],
    [
      185.0,
      181.0,
      259.0,
      168.0,
      110.0,
      169.0,
      0.0,
      304.0,
      137.0,
      170.0,
      232.0,
      144.0,
      182.0,
      204.0,
      280.0,
      118.0,
      580.0,
      133.0
    ],
    [
      133.0,
      134.0,
      67.0,
      153.0,
      197.0,
      157.0,
      304.0,
      0.0,
      168.0,
      150.0,
      114.0,
      182.0,
      130.0,
      157.0,
      74.0,
      193.0,
      410.0,
      187.0
    ],
    [
      47.0,
      49.0,
      122.0,
      74.0,
      52.0,
      72.0,
      137.0,
      168.0,
      0.0,
      87.0,
      97.0,
      74.0,
      45.0,
      115.0,
      151.0,
      55.0,
      464.0,
      88.0
    ],
    [
      65.0,
      43.0,
      105.0,
      24.0,
      134.0,
      27.0,
      170.0,
      150.0,
      87.0,
      0.0,
      72.0,
      48.0,
      63.0,
      45.0,
      121.0,
      139.0,
      421.0,
      52.0
    ],
    [
      59.0,
      57.0,
      72.0,
      76.0,
      144.0,
      79.0,
      232.0,
      114.0,
      97.0,
      72.0,
      0.0,
      105.0,
      54.0,
      59.0,
      58.0,
      139.0,
      367.0,
      110.0
    ],
    [
      71.0,
      50.0,
      138.0,
      37.0,
      101.0,
      38.0,
      144.0,
      182.0,
      74.0,
      48.0,
      105.0,
      0.0,
      69.0,
      95.0,
      159.0,
      104.0,
      471.0,
      12.0
    ],
    [
      6.0,
      23.0,
      85.0,
      49.0,
      94.0,
      48.0,
      182.0,
      130.0,
      45.0,
      63.0,
      54.0,
      69.0,
      0.0,
      90.0,
      108.0,
      89.0,
      420.0,
      73.0
    ],
    [
      93.0,
      70.0,
      128.0,
      67.0,
      162.0,
      70.0,
      204.0,
      157.0,
      115.0,
      45.0,
      59.0,
      95.0,
      90.0,
      0.0,
      101.0,
      167.0,
      400.0,
      94.0
    ],
    [
      113.0,
      111.0,
      46.0,
      130.0,
      183.0,
      134.0,
      280.0,
      74.0,
      151.0,
      121.0,
      58.0,
      159.0,
      108.0,
      101.0,
      0.0,
      178.0,
      385.0,
      164.0
    ],
    [
      86.0,
      103.0,
      148.0,
      126.0,
      7.0,
      124.0,
      118.0,
      193.0,
      55.0,
      139.0,
      139.0,
      104.0,
      89.0,
      167.0,
      178.0,
      0.0,
      506.0,
      118.0
    ],
    [
      426.0,
      424.0,
      413.0,
      442.0,
      510.0,
      446.0,
      580.0,
      410.0,
      464.0,
      421.0,
      367.0,
      471.0,
      420.0,
      400.0,
      385.0,
      506.0,
      0.0,
      469.0
    ],
    [
      76.0,
      55.0,
      142.0,
      41.0,
      115.0,
      42.0,
      133.0,
      187.0,
      88.0,
      52.0,
      110.0,
      12.0,
      73.0,
      94.0,
      164.0,
      118.0,
      469.0,
      0.0
    ]
  ],
  "cycle_dist_matrix": [
    [
      0.0,
      2.1,
      7.1,
      4.1,
      7.2,
      4.0,
      14.9,
      10.7,
      3.8,
      5.2,
      4.6,
      5.6,
      0.5,
      7.4,
      8.9,
      6.8,
      34.5,
      6.0
    ],
    [
      2.1,
      0.0,
      6.8,
      2.3,
      8.1,
      2.3,
      14.5,
      10.4,
      3.9,
      3.5,
      4.5,
      3.9,
      1.8,
      5.6,
      8.7,
      8.3,
      34.4,
      4.3
    ],
    [
      7.1,
      6.8,
      0.0,
      8.6,
      12.1,
      9.0,
      20.8,
      5.5,
      9.7,
      8.3,
      5.8,
      10.8,
      6.6,
      10.2,
      3.7,
      11.7,
      33.7,
      11.2
    ],
    [
      4.1,
      2.3,
      8.6,
      0.0,
      9.8,
      0.55,
      13.5,
      12.2,
      5.9,
      1.9,
      6.1,
      2.9,
      3.8,
      5.3,
      10.4,
      10.2,
      36.0,
      3.3
    ],
    [
      7.2,
      8.1,
      12.1,
      9.8,
      0.0,
      9.7,
      9.0,
      15.7,
      4.2,
      10.9,
      11.2,
      8.1,
      7.4,
      13.1,
      14.7,
      0.65,
      41.1,
      9.3
    ],
    [
      4.0,
      2.3,
      9.0,
      0.55,
      9.7,
      0.0,
      13.6,
      12.5,
      5.8,
      2.3,
      6.4,
      3.0,
      3.7,
      5.6,
      10.7,
      10.1,
      36.3,
      3.4
    ],
    [
      14.9,
      14.5,
      20.8,
      13.5,
      9.0,
      13.6,
      0.0,
      24.5,
      11.1,
      13.7,
      18.7,
      11.6,
      14.7,
      16.4,
      22.6,
      9.6,
      47.1,
      10.8
    ],
    [
      10.7,
      10.4,
      5.5,
      12.2,
      15.7,
      12.5,
      24.5,
      0.0,
      13.4,
      11.9,
      9.1,
      14.4,
      10.2,
      12.5,
      6.0,
      15.3,
      33.3,
      14.8
    ],
    [
      3.8,
      3.9,
      9.7,
      5.9,
      4.2,
      5.8,
      11.1,
      13.4,
      0.0,
      7.0,
      7.6,
      6.0,
      3.6,
      9.2,
      12.0,
      4.4,
      37.5,
      7.1
    ],
    [
      5.2,
      3.5,
      8.3,
      1.9,
      10.9,
      2.3,
      13.7,
      11.9,
      7.0,
      0.0,
      5.8,
      3.8,
      4.9,
      3.5,
      9.7,
      11.3,
      34.2,
      4.2
    ],
    [
      4.6,
      4.5,
      5.8,
      6.1,
      11.2,
      6.4,
      18.7,
      9.1,
      7.6,
      5.8,
      0.0,
      8.3,
      4.2,
      4.8,
      4.6,
      10.8,
      29.9,
      8.7
    ],
    [
      5.6,
      3.9,
      10.8,
      2.9,
      8.1,
      3.0,
      11.6,
      14.4,
      6.0,
      3.8,
      8.3,
      0.0,
      5.3,
      7.5,
      12.6,
      8.4,
      38.2,
      1.0
    ],
    [
      0.5,
      1.8,
      6.6,
      3.8,
      7.4,
      3.7,
      14.7,
      10.2,
      3.6,
      4.9,
      4.2,
      5.3,
      0.0,
      7.1,
      8.4,
      7.0,
      34.1,
      5.7
    ],
    [
      7.4,
      5.6,
      10.2,
      5.3,
      13.1,
      5.6,
      16.4,
      12.5,
      9.2,
      3.5,
      4.8,
      7.5,
      7.1,
      0.0,
      8.0,
      13.4,
      32.6,
      7.5
    ],
    [
      8.9,
      8.7,
      3.7,
      10.4,
      14.7,
      10.7,
      22.6,
      6.0,
      12.0,
      9.7,
      4.6,
      12.6,
      8.4,
      8.0,
      0.0,
      14.2,
      31.4,
      12.9
    ],
    [
      6.8,
      8.3,
      11.7,
      10.2,
      0.65,
      10.1,
      9.6,
      15.3,
      4.4,
      11.3,
      10.8,
      8.4,
      7.0,
      13.4,
      14.2,
      0.0,
      40.7,
      9.5
    ],
    [
      34.5,
      34.4,
      33.7,
      36.0,
      41.1,
      36.3,
      47.1,
      33.3,
      37.5,
      34.2,
      29.9,
      38.2,
      34.1,
      32.6,
      31.4,
      40.7,
      0.0,
      38.2
    ],
    [
      6.0,
      4.3,
      11.2,
      3.3,
      9.3,
      3.4,
      10.8,
      14.8,
      7.1,
      4.2,
      8.7,
      1.0,
      5.7,
      7.5,
      12.9,
      9.5,
      38.2,
      0.0
    ]
  ],
  "cycle_time_matrix": [
    [
      0.0,
      26.0,
      89.0,
      52.0,
      92.0,
      50.0,
      185.0,
      133.0,
      47.0,
      65.0,
      59.0,
      71.0,
      6.0,
      93.0,
      113.0,
      86.0,
      426.0,
      76.0
    ],
    [
      26.0,
      0.0,
      89.0,
      30.0,
      102.0,
      28.0,
      181.0,
      134.0,
      49.0,
      43.0,
      57.0,
      50.0,
      23.0,
      70.0,
      111.0,
      103.0,
      424.0,
      55.0
    ],
    [
      89.0,
      89.0,
      0.0,
      109.0,
      153.0,
      112.0,
      259.0,
      67.0,
      122.0,
      105.0,
      72.0,
      138.0,
      85.0,
      128.0,
      46.0,
      148.0,
      413.0,
      142.0
    ],
    [
      52.0,
      30.0,
      109.0,
      0.0,
      122.0,
      7.0,
      168.0,
      153.0,
      74.0,
      24.0,
      76.0,
      37.0,
      49.0,
      67.0,
      130.0,
      126.0,
      442.0,
      41.0
    ],
    [
      92.0,
      102.0,
      153.0,
      122.0,
      0.0,
      119.0,
      110.0,
      197.0,
      52.0,
      134.0,
      144.0,
      101.0,
      94.0,
      162.0,
      183.0,
      7.0,
      510.0,
      115.0
    ],
    [
      50.0,
      28.0,
      112.0,
      7.0,
      119.0,
      0.0,
      169.0,
      157.0,
      72.0,
      27.0,
      79.0,
      38.0,
      48.0,
      70.0,
      134.0,
      124.0,
      446.0,
      42.0
    ],
    [
      185.0,
      181.0,
      259.0,
      168.0,
      110.0,
      169.0,
      0.0,
      304.0,
      137.0,
      170.0,
      232.0,
      144.0,
      182.0,
      204.0,
      280.0,
      118.0,
      580.0,
      133.0
    ],
    [
      133.0,
      134.0,
      67.0,
      153.0,
      197.0,
      157.0,
      304.0,
      0.0,
      168.0,
      150.0,
      114.0,
      182.0,
      130.0,
      157.0,
      74.0,
      193.0,
      410.0,
      187.0
    ],
    [
      47.0,
      49.0,
      122.0,
      74.0,
      52.0,
      72.0,
      137.0,
      168.0,
      0.0,
      87.0,
      97.0,
      74.0,
      45.0,
      115.0,
      151.0,
      55.0,
      464.0,
      88.0
    ],
    [
      65.0,
      43.0,
      105.0,
      24.0,
      134.0,
      27.0,
      170.0,
      150.0,
      87.0,
      0.0,
      72.0,
      48.0,
      63.0,
      45.0,
      121.0,
      139.0,
      421.0,
      52.0
    ],
    [
      59.0,
      57.0,
      72.0,
      76.0,
      144.0,
      79.0,
      232.0,
      114.0,
      97.0,
      72.0,
      0.0,
      105.0,
      54.0,
      59.0,
      58.0,
      139.0,
      367.0,
      110.0
    ],
    [
      71.0,
      50.0,
      138.0,
      37.0,
      101.0,
      38.0,
      144.0,
      182.0,
      74.0,
      48.0,
      105.0,
      0.0,
      69.0,
      95.0,
      159.0,
      104.0,
      471.0,
      12.0
    ],
    [
      6.0,
      23.0,
      85.0,
      49.0,
      94.0,
      48.0,
      182.0,
      130.0,
      45.0,
      63.0,
      54.0,
      69.0,
      0.0,
      90.0,
      108.0,
      89.0,
      420.0,
      73.0
    ],
    [
      93.0,
      70.0,
      128.0,
      67.0,
      162.0,
      70.0,
      204.0,
      157.0,
      115.0,
      45.0,
      59.0,
      95.0,
      90.0,
      0.0,
      101.0,
      167.0,
      400.0,
      94.0
    ],
    [
      113.0,
      111.0,
      46.0,
      130.0,
      183.0,
      134.0,
      280.0,
      74.0,
      151.0,
      121.0,
      58.0,
      159.0,
      108.0,
      101.0,
      0.0,
      178.0,
      385.0,
      164.0
    ],
    [
      86.0,
      103.0,
      148.0,
      126.0,
      7.0,
      124.0,
      118.0,
      193.0,
      55.0,
      139.0,
      139.0,
      104.0,
      89.0,
      167.0,
      178.0,
      0.0,
      506.0,
      118.0
    ],
    [
      426.0,
      424.0,
      413.0,
      442.0,
      510.0,
      446.0,
      580.0,
      410.0,
      464.0,
      421.0,
      367.0,
      471.0,
      420.0,
      400.0,
      385.0,
      506.0,
      0.0,
      469.0
    ],
    [
      76.0,
      55.0,
      142.0,
      41.0,
      115.0,
      42.0,
      133.0,
      187.0,
      88.0,
      52.0,
      110.0,
      12.0,
      73.0,
      94.0,
      164.0,
      118.0,
      469.0,
      0.0
    ]
  ],
  "avg_dd": [
    [
      12.0716049382716
    ]
  ]
}