{
  "drive_dist_matrix": [
    [
      0.0,
      3.057746,
      3.5405480000000003,
      4.506151999999999,
      5.9545580000000005,
      15.449663999999999,
      5.63269,
      4.667085999999999,
      5.149888000000001,
      27.036912,
      7.563898,
      24.622902,
      4.82802,
      4.02335,
      13.035654,
      28.807185999999998,
      3.21868,
      7.24203,
      6.276426,
      4.506151999999999,
      7.402963999999999,
      3.057746,
      5.471756,
      20.277684,
      5.310822,
      5.149888000000001,
      21.72609,
      5.9545580000000005,
      5.9545580000000005,
      8.690436,
      40.555368,
      15.127796,
      12.552852,
      7.563898,
      22.208892000000002,
      38.302292,
      5.471756,
      5.310822,
      18.668343999999998,
      15.449663999999999,
      20.599552000000003,
      8.529501999999999,
      18.829278,
      18.990212,
      8.207633999999999,
      5.310822,
      4.345218,
      24.622902,
      11.748182,
      20.599552000000003,
      5.471756,
      15.449663999999999,
      4.9889540000000006,
      5.63269,
      4.506151999999999,
      24.622902,
      20.760486,
      4.184284,
      3.5405480000000003
    ],
    [
      3.057746,
      0.0,
      0.48280199999999995,
      1.448406,
      4.02335,
      13.196587999999998,
      2.41401,
      1.60934,
      1.9312079999999998,
      24.783836,
      5.310822,
      20.599552000000003,
      2.735878,
      0.9656039999999999,
      16.254334,
      26.715044000000002,
      0.6437360000000001,
      4.02335,
      3.21868,
      1.2874720000000002,
      4.184284,
      0.48280199999999995,
      2.41401,
      23.496364,
      2.2530759999999996,
      1.9312079999999998,
      17.541806,
      2.735878,
      2.896812,
      5.793624,
      32.1868,
      18.185542,
      15.771532,
      4.506151999999999,
      22.369826,
      32.1868,
      2.41401,
      2.092142,
      21.72609,
      13.196587999999998,
      24.461968,
      5.471756,
      22.691694,
      23.013562,
      4.184284,
      2.092142,
      1.2874720000000002,
      22.369826,
      18.185542,
      24.461968,
      2.41401,
      19.31208,
      2.5749440000000003,
      2.41401,
      1.2874720000000002,
      20.438617999999998,
      15.932466,
      0.6437360000000001,
      0.0
    ],
    [
      3.5405480000000003,
      0.48280199999999995,
      0.0,
      1.60934,
      3.5405480000000003,
      13.357522000000001,
      2.2530759999999996,
      1.9312079999999998,
      1.7702740000000001,
      24.94477,
      5.63269,
      20.92142,
      2.2530759999999996,
      1.2874720000000002,
      16.415267999999998,
      26.875978,
      0.48280199999999995,
      3.8624159999999996,
      3.5405480000000003,
      1.60934,
      4.02335,
      0.80467,
      2.735878,
      23.657297999999997,
      2.5749440000000003,
      1.7702740000000001,
      17.863674,
      3.057746,
      3.21868,
      6.115492,
      32.508668,
      18.50741,
      15.932466,
      4.345218,
      22.53076,
      32.508668,
      2.735878,
      2.5749440000000003,
      22.047957999999998,
      13.518456,
      22.53076,
      5.9545580000000005,
      20.760486,
      20.92142,
      4.506151999999999,
      2.5749440000000003,
      1.60934,
      22.691694,
      13.840323999999999,
      22.369826,
      2.735878,
      17.219938,
      1.7702740000000001,
      2.2530759999999996,
      1.60934,
      20.760486,
      15.771532,
      0.9656039999999999,
      0.48280199999999995
    ],
    [
      4.506151999999999,
      1.448406,
      1.60934,
      0.0,
      2.735878,
      14.644993999999999,
      0.9656039999999999,
      0.6437360000000001,
      0.6437360000000001,
      25.105704,
      7.24203,
      17.70274,
      3.057746,
      0.48280199999999995,
      17.863674,
      27.036912,
      1.9312079999999998,
      2.5749440000000003,
      2.41401,
      1.2874720000000002,
      2.735878,
      2.092142,
      1.60934,
      24.94477,
      1.448406,
      0.6437360000000001,
      17.219938,
      1.9312079999999998,
      1.60934,
      4.82802,
      31.864932,
      19.794882,
      17.219938,
      3.057746,
      24.1401,
      31.864932,
      1.60934,
      1.448406,
      23.33543,
      15.127796,
      25.588506,
      4.506151999999999,
      23.818232000000002,
      23.979166,
      3.379614,
      0.9656039999999999,
      0.16093400000000002,
      24.301033999999998,
      15.771532,
      24.783836,
      1.60934,
      19.633948,
      1.448406,
      0.9656039999999999,
      0.6437360000000001,
      17.70274,
      14.323126,
      0.80467,
      1.9312079999999998
    ],
    [
      5.9545580000000005,
      4.02335,
      3.5405480000000003,
      2.735878,
      0.0,
      16.737136,
      3.379614,
      3.057746,
      2.896812,
      27.35878,
      8.85137,
      26.715044000000002,
      1.2874720000000002,
      3.379614,
      19.633948,
      29.129054000000004,
      3.21868,
      1.9312079999999998,
      4.9889540000000006,
      3.7014819999999995,
      2.092142,
      4.02335,
      5.793624,
      29.289987999999997,
      4.184284,
      2.896812,
      19.473014,
      4.667085999999999,
      4.184284,
      10.138842,
      33.957074,
      21.72609,
      19.151146,
      2.41401,
      25.74944,
      34.118007999999996,
      4.345218,
      4.184284,
      25.266638,
      16.737136,
      21.404222,
      8.0467,
      21.72609,
      21.887024,
      6.598293999999999,
      4.02335,
      3.21868,
      25.910374,
      12.07005,
      17.059003999999998,
      4.82802,
      18.185542,
      1.60934,
      2.896812,
      3.21868,
      20.277684,
      12.07005,
      3.5405480000000003,
      4.184284
    ],
    [
      15.449663999999999,
      13.196587999999998,
      13.357522000000001,
      14.644993999999999,
      16.737136,
      0.0,
      15.28873,
      14.323126,
      15.127796,
      13.357522000000001,
      9.173238,
      8.85137,
      15.28873,
      13.518456,
      11.909116000000001,
      15.127796,
      14.162192000000001,
      17.541806,
      14.48406,
      12.87472,
      17.70274,
      12.552852,
      13.357522000000001,
      18.346476,
      13.357522000000001,
      15.28873,
      4.9889540000000006,
      14.001257999999998,
      14.162192000000001,
      6.43736,
      19.955816000000002,
      15.449663999999999,
      12.230984,
      17.863674,
      14.966862,
      20.11675,
      13.035654,
      13.840323999999999,
      21.565156,
      5.9545580000000005,
      34.761744,
      5.9545580000000005,
      32.99147,
      33.313338,
      7.0810960000000005,
      13.840323999999999,
      13.67939,
      14.966862,
      28.485318,
      34.761744,
      13.67939,
      29.611855999999996,
      16.737136,
      14.805927999999998,
      13.840323999999999,
      8.690436,
      26.715044000000002,
      13.518456,
      13.196587999999998
    ],
    [
      5.63269,
      2.41401,
      2.2530759999999996,
      0.9656039999999999,
      3.379614,
      15.28873,
      0.0,
      0.80467,
      0.6437360000000001,
      24.461968,
      10.299776000000001,
      20.760486,
      4.02335,
      0.9656039999999999,
      20.92142,
      26.393175999999997,
      3.057746,
      3.379614,
      3.057746,
      3.057746,
      3.5405480000000003,
      3.057746,
      1.2874720000000002,
      28.16345,
      1.448406,
      0.6437360000000001,
      16.576202000000002,
      2.735878,
      0.9656039999999999,
      7.24203,
      31.221196,
      23.013562,
      20.438617999999998,
      3.7014819999999995,
      27.197846,
      31.221196,
      2.41401,
      2.41401,
      26.55411,
      18.185542,
      26.071308,
      7.24203,
      24.301033999999998,
      24.461968,
      4.506151999999999,
      0.80467,
      1.1265379999999998,
      27.35878,
      19.794882,
      26.071308,
      2.5749440000000003,
      20.92142,
      2.5749440000000003,
      0.6437360000000001,
      0.80467,
      20.599552000000003,
      14.162192000000001,
      2.735878,
      2.735878
    ],
    [
      4.667085999999999,
      1.60934,
      1.9312079999999998,
      0.6437360000000001,
      3.057746,
      14.323126,
      0.80467,
      0.0,
      0.48280199999999995,
      24.94477,
      7.24203,
      17.541806,
      3.5405480000000003,
      0.6437360000000001,
      17.863674,
      26.875978,
      2.2530759999999996,
      3.057746,
      2.2530759999999996,
      1.448406,
      3.21868,
      2.092142,
      1.448406,
      25.105704,
      1.2874720000000002,
      0.48280199999999995,
      17.059003999999998,
      1.7702740000000001,
      1.448406,
      5.793624,
      31.703998,
      19.955816000000002,
      17.380872,
      3.379614,
      24.1401,
      31.703998,
      1.448406,
      1.60934,
      23.496364,
      15.127796,
      26.55411,
      5.63269,
      24.783836,
      25.105704,
      4.184284,
      0.32186800000000004,
      0.48280199999999995,
      24.301033999999998,
      20.277684,
      26.55411,
      1.7702740000000001,
      21.404222,
      1.9312079999999998,
      0.80467,
      0.32186800000000004,
      17.541806,
      14.162192000000001,
      1.1265379999999998,
      1.9312079999999998
    ],
    [
      5.149888000000001,
      1.9312079999999998,
      1.7702740000000001,
      0.6437360000000001,
      2.896812,
      15.127796,
      0.6437360000000001,
      0.48280199999999995,
      0.0,
      24.622902,
      7.724831999999999,
      20.760486,
      3.21868,
      0.9656039999999999,
      18.346476,
      26.393175999999997,
      2.092142,
      2.735878,
      2.5749440000000003,
      1.9312079999999998,
      2.896812,
      2.5749440000000003,
      1.7702740000000001,
      28.324384000000002,
      1.7702740000000001,
      0.16093400000000002,
      16.737136,
      2.2530759999999996,
      1.1265379999999998,
      5.310822,
      31.221196,
      23.174496,
      17.863674,
      3.057746,
      24.301033999999998,
      31.38213,
      1.9312079999999998,
      1.9312079999999998,
      26.55411,
      15.610598,
      26.232242,
      5.149888000000001,
      24.461968,
      24.622902,
      3.8624159999999996,
      0.80467,
      0.80467,
      24.461968,
      19.794882,
      26.071308,
      2.092142,
      21.082354,
      1.60934,
      0.32186800000000004,
      0.80467,
      20.760486,
      13.840323999999999,
      1.60934,
      2.2530759999999996
    ],
    [
      27.036912,
      24.783836,
      24.94477,
      25.105704,
      27.35878,
      13.357522000000001,
      24.461968,
      24.94477,
      24.622902,
      0.0,
      19.473014,
      18.50741,
      25.588506,
      23.818232000000002,
      19.31208,
      5.63269,
      24.301033999999998,
      26.393175999999997,
      23.33543,
      23.33543,
      26.55411,
      22.691694,
      22.208892000000002,
      14.805927999999998,
      22.208892000000002,
      24.301033999999998,
      8.368568,
      23.013562,
      23.174496,
      19.955816000000002,
      14.323126,
      19.31208,
      18.829278,
      26.875978,
      11.26538,
      14.323126,
      22.047957999999998,
      22.852628,
      18.024607999999997,
      13.518456,
      42.969378,
      19.473014,
      37.497622,
      41.520972,
      22.208892000000002,
      22.852628,
      24.1401,
      6.9201619999999995,
      38.62416,
      44.900586,
      22.53076,
      39.911632000000004,
      25.588506,
      23.818232000000002,
      24.1401,
      15.449663999999999,
      35.566414,
      23.818232000000002,
      23.496364
    ],
    [
      7.563898,
      5.310822,
      5.63269,
      7.24203,
      8.85137,
      9.173238,
      10.299776000000001,
      7.24203,
      7.724831999999999,
      19.473014,
      0.0,
      17.059003999999998,
      7.563898,
      5.63269,
      10.782578,
      22.852628,
      6.276426,
      8.690436,
      5.63269,
      5.149888000000001,
      8.85137,
      4.667085999999999,
      6.276426,
      22.047957999999998,
      5.9545580000000005,
      6.598293999999999,
      13.196587999999998,
      5.149888000000001,
      8.0467,
      3.379614,
      32.1868,
      19.794882,
      17.219938,
      9.173238,
      18.50741,
      32.347734,
      5.310822,
      5.149888000000001,
      23.33543,
      9.495106,
      27.036912,
      2.735878,
      25.266638,
      25.427572,
      3.379614,
      5.9545580000000005,
      5.9545580000000005,
      18.668343999999998,
      20.599552000000003,
      26.875978,
      4.82802,
      21.887024,
      7.24203,
      9.012303999999999,
      5.9545580000000005,
      16.89807,
      20.92142,
      5.63269,
      5.471756
    ],
    [
      24.622902,
      20.599552000000003,
      20.92142,
      17.70274,
      26.715044000000002,
      8.85137,
      20.760486,
      17.541806,
      20.760486,
      18.50741,
      17.059003999999998,
      0.0,
      23.013562,
      19.633948,
      19.473014,
      21.404222,
      21.887024,
      23.174496,
      19.151146,
      18.990212,
      23.496364,
      20.277684,
      16.254334,
      27.680647999999998,
      16.576202000000002,
      17.70274,
      8.529501999999999,
      18.668343999999998,
      16.576202000000002,
      14.644993999999999,
      12.07005,
      32.1868,
      31.703998,
      23.657297999999997,
      24.1401,
      12.230984,
      17.70274,
      18.668343999999998,
      30.899327999999997,
      13.196587999999998,
      42.64751,
      14.644993999999999,
      40.877235999999996,
      41.03817,
      17.380872,
      16.89807,
      19.955816000000002,
      24.301033999999998,
      36.21015,
      42.486576,
      18.346476,
      37.497622,
      22.369826,
      20.599552000000003,
      17.219938,
      8.207633999999999,
      32.830535999999995,
      19.633948,
      20.11675
    ],
    [
      4.82802,
      2.735878,
      2.2530759999999996,
      3.057746,
      1.2874720000000002,
      15.28873,
      4.02335,
      3.5405480000000003,
      3.21868,
      25.588506,
      7.563898,
      23.013562,
      0.0,
      3.5405480000000003,
      18.50741,
      28.807185999999998,
      1.9312079999999998,
      2.41401,
      5.793624,
      3.8624159999999996,
      2.735878,
      2.735878,
      6.9201619999999995,
      25.588506,
      4.82802,
      3.21868,
      20.11675,
      5.310822,
      4.345218,
      8.690436,
      38.141358,
      20.438617999999998,
      17.863674,
      2.896812,
      24.461968,
      38.302292,
      4.82802,
      4.667085999999999,
      23.979166,
      15.449663999999999,
      20.438617999999998,
      8.529501999999999,
      20.760486,
      20.92142,
      6.759228,
      4.667085999999999,
      3.379614,
      24.622902,
      12.07005,
      22.369826,
      4.9889540000000006,
      17.219938,
      1.448406,
      3.21868,
      3.5405480000000003,
      23.013562,
      13.035654,
      3.5405480000000003,
      3.057746
    ],
    [
      4.02335,
      0.9656039999999999,
      1.2874720000000002,
      0.48280199999999995,
      3.379614,
      13.518456,
      0.9656039999999999,
      0.6437360000000001,
      0.9656039999999999,
      23.818232000000002,
      5.63269,
      19.633948,
      3.5405480000000003,
      0.0,
      17.380872,
      28.002515999999996,
      1.60934,
      3.21868,
      2.092142,
      0.9656039999999999,
      3.5405480000000003,
      1.60934,
      1.2874720000000002,
      24.461968,
      1.2874720000000002,
      0.9656039999999999,
      17.059003999999998,
      1.7702740000000001,
      1.9312079999999998,
      5.310822,
      31.703998,
      19.31208,
      16.737136,
      3.7014819999999995,
      23.657297999999997,
      31.703998,
      1.448406,
      1.1265379999999998,
      22.852628,
      14.644993999999999,
      25.105704,
      4.9889540000000006,
      23.33543,
      23.496364,
      3.7014819999999995,
      1.1265379999999998,
      0.32186800000000004,
      23.818232000000002,
      18.829278,
      25.105704,
      1.9312079999999998,
      19.955816000000002,
      1.7702740000000001,
      1.448406,
      0.32186800000000004,
      17.380872,
      15.127796,
      0.48280199999999995,
      1.2874720000000002
    ],
    [
      13.035654,
      16.254334,
      16.415267999999998,
      17.863674,
      19.633948,
      11.909116000000001,
      20.92142,
      17.863674,
      18.346476,
      19.31208,
      10.782578,
      19.473014,
      18.50741,
      17.380872,
      0.0,
      21.082354,
      18.346476,
      21.082354,
      17.863674,
      17.380872,
      21.243288,
      16.737136,
      18.50741,
      8.690436,
      18.346476,
      18.990212,
      21.887024,
      17.541806,
      20.438617999999998,
      19.473014,
      30.416525999999998,
      4.9889540000000006,
      0.48280199999999995,
      21.404222,
      12.230984,
      30.57746,
      17.541806,
      17.380872,
      7.0810960000000005,
      6.276426,
      28.16345,
      13.196587999999998,
      22.53076,
      26.55411,
      18.346476,
      18.185542,
      18.185542,
      17.059003999999998,
      28.96812,
      35.244546,
      17.059003999999998,
      30.094658,
      19.473014,
      21.404222,
      18.185542,
      19.151146,
      33.152404000000004,
      18.024607999999997,
      17.380872
    ],
    [
      28.807185999999998,
      26.715044000000002,
      26.875978,
      27.036912,
      29.129054000000004,
      15.127796,
      26.393175999999997,
      26.875978,
      26.393175999999997,
      5.63269,
      22.852628,
      21.404222,
      28.807185999999998,
      28.002515999999996,
      21.082354,
      0.0,
      27.197846,
      29.289987999999997,
      26.232242,
      26.071308,
      29.450922000000002,
      25.588506,
      25.105704,
      17.70274,
      25.105704,
      27.036912,
      11.26538,
      25.74944,
      25.910374,
      22.691694,
      10.299776000000001,
      22.208892000000002,
      21.72609,
      29.77279,
      14.162192000000001,
      10.299776000000001,
      24.94477,
      25.74944,
      20.92142,
      16.415267999999998,
      45.86619,
      22.369826,
      40.2335,
      44.25685,
      25.105704,
      25.74944,
      26.875978,
      6.276426,
      41.520972,
      47.797398,
      25.427572,
      42.64751,
      28.485318,
      26.715044000000002,
      27.036912,
      21.565156,
      38.463226,
      26.715044000000002,
      26.393175999999997
    ],
    [
      3.21868,
      0.6437360000000001,
      0.48280199999999995,
      1.9312079999999998,
      3.21868,
      14.162192000000001,
      3.057746,
      2.2530759999999996,
      2.092142,
      24.301033999999998,
      6.276426,
      21.887024,
      1.9312079999999998,
      1.60934,
      18.346476,
      27.197846,
      0.0,
      4.02335,
      3.8624159999999996,
      1.9312079999999998,
      4.345218,
      0.9656039999999999,
      2.896812,
      24.783836,
      2.896812,
      1.9312079999999998,
      19.151146,
      3.379614,
      3.5405480000000003,
      6.43736,
      33.79614,
      19.633948,
      17.059003999999998,
      4.506151999999999,
      23.657297999999997,
      33.79614,
      3.057746,
      2.735878,
      23.174496,
      14.644993999999999,
      22.208892000000002,
      6.115492,
      20.438617999999998,
      20.760486,
      4.82802,
      2.735878,
      1.448406,
      23.818232000000002,
      13.67939,
      22.208892000000002,
      3.057746,
      17.059003999999998,
      1.9312079999999998,
      2.2530759999999996,
      1.9312079999999998,
      22.208892000000002,
      15.932466,
      1.60934,
      0.6437360000000001
    ],
    [
      7.24203,
      4.02335,
      3.8624159999999996,
      2.5749440000000003,
      1.9312079999999998,
      17.541806,
      3.379614,
      3.057746,
      2.735878,
      26.393175999999997,
      8.690436,
      23.174496,
      2.41401,
      3.21868,
      21.082354,
      29.289987999999997,
      4.02335,
      0.0,
      4.667085999999999,
      4.02335,
      0.48280199999999995,
      4.667085999999999,
      3.8624159999999996,
      27.680647999999998,
      3.7014819999999995,
      2.41401,
      19.794882,
      4.184284,
      3.5405480000000003,
      8.368568,
      34.439876,
      22.53076,
      19.955816000000002,
      0.48280199999999995,
      26.715044000000002,
      34.439876,
      3.8624159999999996,
      4.02335,
      25.910374,
      17.70274,
      22.047957999999998,
      8.207633999999999,
      25.910374,
      26.232242,
      6.759228,
      3.7014819999999995,
      2.735878,
      26.875978,
      14.966862,
      23.979166,
      4.184284,
      18.829278,
      2.092142,
      2.5749440000000003,
      2.896812,
      20.760486,
      12.713786,
      3.7014819999999995,
      4.345218
    ],
    [
      6.276426,
      3.21868,
      3.5405480000000003,
      2.41401,
      4.9889540000000006,
      14.48406,
      3.057746,
      2.2530759999999996,
      2.5749440000000003,
      23.33543,
      5.63269,
      19.151146,
      5.793624,
      2.092142,
      17.863674,
      26.232242,
      3.8624159999999996,
      4.667085999999999,
      0.0,
      1.7702740000000001,
      5.63269,
      3.21868,
      2.092142,
      24.461968,
      1.60934,
      2.5749440000000003,
      15.28873,
      0.32186800000000004,
      3.8624159999999996,
      3.379614,
      29.933724,
      19.31208,
      16.737136,
      5.9545580000000005,
      23.657297999999997,
      29.933724,
      0.80467,
      0.6437360000000001,
      22.852628,
      14.48406,
      26.55411,
      3.21868,
      24.783836,
      25.105704,
      2.092142,
      1.9312079999999998,
      2.5749440000000003,
      23.657297999999997,
      20.277684,
      26.55411,
      0.48280199999999995,
      21.404222,
      3.8624159999999996,
      3.057746,
      2.2530759999999996,
      18.185542,
      16.737136,
      2.41401,
      3.057746
    ],
    [
      4.506151999999999,
      1.2874720000000002,
      1.60934,
      1.2874720000000002,
      3.7014819999999995,
      12.87472,
      3.057746,
      1.448406,
      1.9312079999999998,
      23.33543,
      5.149888000000001,
      18.990212,
      3.8624159999999996,
      0.9656039999999999,
      17.380872,
      26.071308,
      1.9312079999999998,
      4.02335,
      1.7702740000000001,
      0.0,
      4.184284,
      1.60934,
      1.2874720000000002,
      23.657297999999997,
      1.1265379999999998,
      1.9312079999999998,
      16.254334,
      1.448406,
      4.82802,
      4.345218,
      30.738394000000003,
      18.50741,
      15.932466,
      4.345218,
      22.852628,
      30.899327999999997,
      0.9656039999999999,
      0.80467,
      22.047957999999998,
      13.67939,
      24.461968,
      4.184284,
      22.691694,
      22.852628,
      2.735878,
      1.1265379999999998,
      1.1265379999999998,
      22.852628,
      18.024607999999997,
      24.301033999999998,
      0.9656039999999999,
      19.31208,
      2.41401,
      2.2530759999999996,
      1.1265379999999998,
      19.151146,
      17.70274,
      0.6437360000000001,
      1.448406
    ],
    [
      7.402963999999999,
      4.184284,
      4.02335,
      2.735878,
      2.092142,
      17.70274,
      3.5405480000000003,
      3.21868,
      2.896812,
      26.55411,
      8.85137,
      23.496364,
      2.735878,
      3.5405480000000003,
      21.243288,
      29.450922000000002,
      4.345218,
      0.48280199999999995,
      5.63269,
      4.184284,
      0.0,
      4.9889540000000006,
      4.02335,
      27.841582000000002,
      3.8624159999999996,
      2.5749440000000003,
      19.955816000000002,
      4.506151999999999,
      3.7014819999999995,
      8.529501999999999,
      34.60081,
      22.691694,
      20.11675,
      0.6437360000000001,
      26.875978,
      34.60081,
      4.184284,
      4.184284,
      26.232242,
      17.863674,
      22.369826,
      8.368568,
      26.232242,
      26.393175999999997,
      6.9201619999999995,
      3.8624159999999996,
      3.057746,
      27.036912,
      15.127796,
      24.1401,
      4.345218,
      18.990212,
      2.41401,
      2.735878,
      3.057746,
      20.92142,
      12.87472,
      3.8624159999999996,
      4.667085999999999
    ],
    [
      3.057746,
      0.48280199999999995,
      0.80467,
      2.092142,
      4.02335,
      12.552852,
      3.057746,
      2.092142,
      2.5749440000000003,
      22.691694,
      4.667085999999999,
      20.277684,
      2.735878,
      1.60934,
      16.737136,
      25.588506,
      0.9656039999999999,
      4.667085999999999,
      3.21868,
      1.60934,
      4.9889540000000006,
      0.0,
      2.735878,
      23.174496,
      2.5749440000000003,
      2.41401,
      18.024607999999997,
      3.21868,
      3.379614,
      6.276426,
      35.727348,
      18.024607999999997,
      15.449663999999999,
      4.9889540000000006,
      22.047957999999998,
      35.727348,
      2.896812,
      2.5749440000000003,
      21.565156,
      13.035654,
      24.94477,
      6.115492,
      23.174496,
      23.496364,
      4.667085999999999,
      2.5749440000000003,
      1.7702740000000001,
      22.208892000000002,
      18.668343999999998,
      24.94477,
      2.896812,
      19.794882,
      3.057746,
      2.896812,
      1.7702740000000001,
      20.92142,
      16.415267999999998,
      1.60934,
      0.48280199999999995
    ],
    [
      5.471756,
      2.41401,
      2.735878,
      1.60934,
      5.793624,
      13.357522000000001,
      1.2874720000000002,
      1.448406,
      1.7702740000000001,
      22.208892000000002,
      6.276426,
      16.254334,
      6.9201619999999995,
      1.2874720000000002,
      18.50741,
      25.105704,
      2.896812,
      3.8624159999999996,
      2.092142,
      1.2874720000000002,
      4.02335,
      2.735878,
      0.0,
      25.266638,
      0.32186800000000004,
      1.448406,
      15.127796,
      1.7702740000000001,
      2.2530759999999996,
      4.345218,
      29.611855999999996,
      20.11675,
      17.541806,
      4.9889540000000006,
      24.301033999999998,
      27.519714,
      1.448406,
      1.60934,
      23.657297999999997,
      15.28873,
      27.519714,
      4.345218,
      25.74944,
      25.910374,
      3.379614,
      0.6437360000000001,
      1.60934,
      24.461968,
      21.082354,
      27.35878,
      1.7702740000000001,
      22.369826,
      2.896812,
      1.7702740000000001,
      0.80467,
      16.254334,
      15.610598,
      1.448406,
      2.092142
    ],
    [
      20.277684,
      23.496364,
      23.657297999999997,
      24.94477,
      29.289987999999997,
      18.346476,
      28.16345,
      25.105704,
      28.324384000000002,
      14.805927999999998,
      22.047957999999998,
      27.680647999999998,
      25.588506,
      24.461968,
      8.690436,
      17.70274,
      24.783836,
      27.680647999999998,
      24.461968,
      23.657297999999997,
      27.841582000000002,
      23.174496,
      25.266638,
      0.0,
      23.979166,
      24.622902,
      17.380872,
      23.174496,
      26.071308,
      24.783836,
      25.910374,
      7.885766,
      9.65604,
      27.197846,
      7.724831999999999,
      26.071308,
      23.174496,
      23.174496,
      6.598293999999999,
      10.782578,
      33.79614,
      24.622902,
      28.324384000000002,
      32.347734,
      23.979166,
      23.979166,
      23.979166,
      12.552852,
      34.761744,
      41.03817,
      22.852628,
      35.888282000000004,
      25.105704,
      27.036912,
      23.979166,
      27.680647999999998,
      38.785094,
      23.657297999999997,
      23.174496
    ],
    [
      5.310822,
      2.2530759999999996,
      2.5749440000000003,
      1.448406,
      4.184284,
      13.357522000000001,
      1.448406,
      1.2874720000000002,
      1.7702740000000001,
      22.208892000000002,
      5.9545580000000005,
      16.576202000000002,
      4.82802,
      1.2874720000000002,
      18.346476,
      25.105704,
      2.896812,
      3.7014819999999995,
      1.60934,
      1.1265379999999998,
      3.8624159999999996,
      2.5749440000000003,
      0.32186800000000004,
      23.979166,
      0.0,
      1.7702740000000001,
      15.127796,
      1.1265379999999998,
      3.057746,
      4.345218,
      29.611855999999996,
      20.11675,
      17.541806,
      7.0810960000000005,
      24.301033999999998,
      29.77279,
      0.80467,
      0.9656039999999999,
      23.657297999999997,
      15.28873,
      26.071308,
      4.506151999999999,
      24.301033999999998,
      24.622902,
      3.379614,
      0.6437360000000001,
      1.9312079999999998,
      24.461968,
      19.794882,
      26.071308,
      1.1265379999999998,
      20.92142,
      3.21868,
      2.092142,
      0.80467,
      16.415267999999998,
      15.771532,
      1.7702740000000001,
      2.41401
    ],
    [
      5.149888000000001,
      1.9312079999999998,
      1.7702740000000001,
      0.6437360000000001,
      2.896812,
      15.28873,
      0.6437360000000001,
      0.48280199999999995,
      0.16093400000000002,
      24.301033999999998,
      6.598293999999999,
      17.70274,
      3.21868,
      0.9656039999999999,
      18.990212,
      27.036912,
      1.9312079999999998,
      2.41401,
      2.5749440000000003,
      1.9312079999999998,
      2.5749440000000003,
      2.41401,
      1.448406,
      24.622902,
      1.7702740000000001,
      0.0,
      16.737136,
      2.2530759999999996,
      1.1265379999999998,
      6.43736,
      31.38213,
      20.599552000000003,
      18.024607999999997,
      3.057746,
      24.94477,
      31.38213,
      1.9312079999999998,
      1.9312079999999998,
      24.1401,
      15.932466,
      26.232242,
      6.276426,
      24.461968,
      24.783836,
      4.82802,
      0.80467,
      0.6437360000000001,
      25.105704,
      19.955816000000002,
      26.232242,
      2.092142,
      21.082354,
      1.60934,
      0.32186800000000004,
      0.80467,
      25.105704,
      13.840323999999999,
      1.7702740000000001,
      2.2530759999999996
    ],
    [
      21.72609,
      17.541806,
      17.863674,
      17.219938,
      19.473014,
      4.9889540000000006,
      16.576202000000002,
      17.059003999999998,
      16.737136,
      8.368568,
      13.196587999999998,
      8.529501999999999,
      20.11675,
      17.059003999999998,
      21.887024,
      11.26538,
      19.151146,
      19.794882,
      15.28873,
      16.254334,
      19.955816000000002,
      18.024607999999997,
      15.127796,
      17.380872,
      15.127796,
      16.737136,
      0.0,
      15.610598,
      15.771532,
      12.552852,
      16.0934,
      21.887024,
      21.404222,
      19.473014,
      13.840323999999999,
      16.0934,
      14.644993999999999,
      15.449663999999999,
      20.599552000000003,
      9.334171999999999,
      40.2335,
      10.782578,
      38.463226,
      38.62416,
      13.196587999999998,
      15.449663999999999,
      16.737136,
      14.162192000000001,
      33.79614,
      40.072565999999995,
      15.28873,
      34.922678,
      18.185542,
      16.415267999999998,
      16.737136,
      8.368568,
      28.324384000000002,
      16.576202000000002,
      17.059003999999998
    ],
    [
      5.9545580000000005,
      2.735878,
      3.057746,
      1.9312079999999998,
      4.667085999999999,
      14.001257999999998,
      2.735878,
      1.7702740000000001,
      2.2530759999999996,
      23.013562,
      5.149888000000001,
      18.668343999999998,
      5.310822,
      1.7702740000000001,
      17.541806,
      25.74944,
      3.379614,
      4.184284,
      0.32186800000000004,
      1.448406,
      4.506151999999999,
      3.21868,
      1.7702740000000001,
      23.174496,
      1.1265379999999998,
      2.2530759999999996,
      15.610598,
      0.0,
      3.5405480000000003,
      3.057746,
      29.450922000000002,
      18.829278,
      16.415267999999998,
      5.471756,
      23.174496,
      29.611855999999996,
      0.32186800000000004,
      0.48280199999999995,
      22.369826,
      14.162192000000001,
      26.232242,
      2.896812,
      24.461968,
      24.622902,
      1.7702740000000001,
      1.448406,
      2.2530759999999996,
      23.33543,
      19.794882,
      26.071308,
      0.32186800000000004,
      21.082354,
      3.5405480000000003,
      2.5749440000000003,
      1.7702740000000001,
      17.70274,
      16.254334,
      2.092142,
      2.5749440000000003
    ],
    [
      5.9545580000000005,
      2.896812,
      3.21868,
      1.60934,
      4.184284,
      14.162192000000001,
      0.9656039999999999,
      1.448406,
      1.1265379999999998,
      23.174496,
      8.0467,
      16.576202000000002,
      4.345218,
      1.9312079999999998,
      20.438617999999998,
      25.910374,
      3.5405480000000003,
      3.5405480000000003,
      3.8624159999999996,
      4.82802,
      3.7014819999999995,
      3.379614,
      2.2530759999999996,
      26.071308,
      3.057746,
      1.1265379999999998,
      15.771532,
      3.5405480000000003,
      0.0,
      6.276426,
      30.255592,
      22.047957999999998,
      19.473014,
      4.506151999999999,
      26.232242,
      30.255592,
      3.21868,
      4.02335,
      25.588506,
      17.059003999999998,
      25.105704,
      6.276426,
      23.33543,
      23.496364,
      6.115492,
      2.735878,
      1.9312079999999998,
      26.393175999999997,
      18.829278,
      25.105704,
      3.8624159999999996,
      19.955816000000002,
      3.21868,
      0.9656039999999999,
      1.60934,
      18.990212,
      13.196587999999998,
      2.5749440000000003,
      3.21868
    ],
    [
      8.690436,
      5.793624,
      6.115492,
      4.82802,
      10.138842,
      6.43736,
      7.24203,
      5.793624,
      5.310822,
      19.955816000000002,
      3.379614,
      14.644993999999999,
      8.690436,
      5.310822,
      19.473014,
      22.691694,
      6.43736,
      8.368568,
      3.379614,
      4.345218,
      8.529501999999999,
      6.276426,
      4.345218,
      24.783836,
      4.345218,
      6.43736,
      12.552852,
      3.057746,
      6.276426,
      0.0,
      26.875978,
      20.92142,
      18.346476,
      8.368568,
      20.760486,
      26.875978,
      4.02335,
      3.21868,
      24.461968,
      11.748182,
      28.002515999999996,
      0.32186800000000004,
      26.232242,
      26.55411,
      1.448406,
      5.149888000000001,
      5.149888000000001,
      20.92142,
      21.72609,
      28.002515999999996,
      3.21868,
      22.852628,
      6.43736,
      7.402963999999999,
      5.310822,
      15.610598,
      19.151146,
      4.9889540000000006,
      5.63269
    ],
    [
      40.555368,
      32.1868,
      32.508668,
      31.864932,
      33.957074,
      19.955816000000002,
      31.221196,
      31.703998,
      31.221196,
      14.323126,
      32.1868,
      12.07005,
      38.141358,
      31.703998,
      30.416525999999998,
      10.299776000000001,
      33.79614,
      34.439876,
      29.933724,
      30.738394000000003,
      34.60081,
      35.727348,
      29.611855999999996,
      25.910374,
      29.611855999999996,
      31.38213,
      16.0934,
      29.450922000000002,
      30.255592,
      26.875978,
      0.0,
      30.416525999999998,
      30.094658,
      34.761744,
      22.53076,
      0.32186800000000004,
      29.933724,
      30.738394000000003,
      29.129054000000004,
      24.622902,
      54.23475800000001,
      27.519714,
      48.602067999999996,
      52.625418,
      28.485318,
      30.738394000000003,
      32.025866,
      14.48406,
      49.88954,
      56.165966,
      30.57746,
      51.016078,
      33.635206,
      31.703998,
      32.1868,
      11.426314,
      43.45218,
      31.864932,
      32.347734
    ],
    [
      15.127796,
      18.185542,
      18.50741,
      19.794882,
      21.72609,
      15.449663999999999,
      23.013562,
      19.955816000000002,
      23.174496,
      19.31208,
      19.794882,
      32.1868,
      20.438617999999998,
      19.31208,
      4.9889540000000006,
      22.208892000000002,
      19.633948,
      22.53076,
      19.31208,
      18.50741,
      22.691694,
      18.024607999999997,
      20.11675,
      7.885766,
      20.11675,
      20.599552000000003,
      21.887024,
      18.829278,
      22.047957999999998,
      20.92142,
      30.416525999999998,
      0.0,
      5.310822,
      23.013562,
      12.230984,
      30.416525999999998,
      18.990212,
      18.990212,
      2.5749440000000003,
      9.65604,
      29.611855999999996,
      20.760486,
      24.1401,
      28.16345,
      19.794882,
      19.794882,
      19.794882,
      17.059003999999998,
      30.57746,
      36.853885999999996,
      18.668343999999998,
      31.703998,
      20.92142,
      22.852628,
      19.794882,
      32.1868,
      34.761744,
      19.473014,
      18.990212
    ],
    [
      12.552852,
      15.771532,
      15.932466,
      17.219938,
      19.151146,
      12.230984,
      20.438617999999998,
      17.380872,
      17.863674,
      18.829278,
      17.219938,
      31.703998,
      17.863674,
      16.737136,
      0.48280199999999995,
      21.72609,
      17.059003999999998,
      19.955816000000002,
      16.737136,
      15.932466,
      20.11675,
      15.449663999999999,
      17.541806,
      9.65604,
      17.541806,
      18.024607999999997,
      21.404222,
      16.415267999999998,
      19.473014,
      18.346476,
      30.094658,
      5.310822,
      0.0,
      20.11675,
      12.87472,
      31.060262,
      16.254334,
      16.0934,
      9.173238,
      6.598293999999999,
      26.715044000000002,
      17.863674,
      21.243288,
      25.266638,
      16.89807,
      16.89807,
      16.89807,
      17.70274,
      27.680647999999998,
      33.957074,
      15.771532,
      28.807185999999998,
      18.185542,
      20.11675,
      16.89807,
      19.473014,
      31.864932,
      16.737136,
      16.0934
    ],
    [
      7.563898,
      4.506151999999999,
      4.345218,
      3.057746,
      2.41401,
      17.863674,
      3.7014819999999995,
      3.379614,
      3.057746,
      26.875978,
      9.173238,
      23.657297999999997,
      2.896812,
      3.7014819999999995,
      21.404222,
      29.77279,
      4.506151999999999,
      0.48280199999999995,
      5.9545580000000005,
      4.345218,
      0.6437360000000001,
      4.9889540000000006,
      4.9889540000000006,
      27.197846,
      7.0810960000000005,
      3.057746,
      19.473014,
      5.471756,
      4.506151999999999,
      8.368568,
      34.761744,
      23.013562,
      20.11675,
      0.0,
      27.197846,
      34.922678,
      4.345218,
      4.506151999999999,
      26.393175999999997,
      18.185542,
      22.53076,
      8.529501999999999,
      26.393175999999997,
      26.55411,
      7.24203,
      4.184284,
      3.21868,
      27.35878,
      15.449663999999999,
      24.461968,
      4.667085999999999,
      19.31208,
      2.5749440000000003,
      3.057746,
      3.21868,
      23.496364,
      13.196587999999998,
      4.184284,
      4.82802
    ],
    [
      22.208892000000002,
      22.369826,
      22.53076,
      24.1401,
      25.74944,
      14.966862,
      27.197846,
      24.1401,
      24.301033999999998,
      11.26538,
      18.50741,
      24.1401,
      24.461968,
      23.657297999999997,
      12.230984,
      14.162192000000001,
      23.657297999999997,
      26.715044000000002,
      23.657297999999997,
      22.852628,
