{
  "drive_dist_matrix": [
    [
      0.0,
      4.6,
      7.1,
      29.2,
      5.0,
      35.9,
      4.1,
      4.8,
      31.4,
      19.9,
      4.4,
      4.9,
      2.9,
      6.8,
      7.8,
      2.8,
      3.9,
      32.1,
      3.3,
      4.3,
      34.2,
      5.0,
      5.6,
      2.7,
      2.2,
      32.6,
      4.6,
      11.3,
      5.2,
      4.4,
      5.1,
      4.0,
      4.6,
      5.7,
      7.3,
      4.3,
      3.4,
      3.2,
      2.2,
      2.8,
      4.0,
      3.1
    ],
    [
      4.6,
      0.0,
      4.9,
      24.5,
      1.1,
      31.2,
      0.6,
      1.8,
      26.7,
      15.2,
      0.7,
      0.4,
      2.2,
      2.1,
      3.6,
      2.2,
      0.65,
      27.4,
      1.5,
      0.75,
      29.5,
      0.45,
      7.3,
      2.6,
      4.5,
      27.9,
      0.28,
      7.3,
      1.3,
      1.2,
      0.85,
      1.8,
      0.6,
      1.5,
      7.0,
      0.8,
      2.3,
      1.9,
      4.4,
      4.8,
      0.7,
      3.3
    ],
    [
      7.1,
      4.9,
      0.0,
      27.9,
      5.3,
      34.6,
      5.3,
      4.2,
      30.1,
      18.6,
      4.8,
      5.1,
      6.0,
      5.5,
      8.2,
      6.0,
      5.8,
      30.8,
      5.6,
      4.9,
      32.9,
      5.8,
      12.1,
      5.7,
      9.1,
      31.3,
      5.2,
      6.0,
      5.5,
      4.5,
      5.6,
      4.2,
      5.1,
      5.7,
      11.2,
      5.1,
      6.7,
      6.3,
      9.0,
      9.5,
      5.3,
      6.3
    ],
    [
      29.2,
      24.5,
      27.9,
      0.0,
      22.1,
      8.8,
      23.2,
      23.0,
      4.3,
      14.1,
      22.8,
      22.9,
      24.7,
      21.3,
      20.5,
      24.7,
      23.7,
      5.0,
      24.0,
      22.9,
      7.1,
      23.0,
      29.2,
      25.2,
      27.0,
      5.5,
      22.8,
      23.4,
      22.1,
      23.0,
      22.2,
      24.4,
      22.5,
      21.7,
      28.7,
      23.1,
      24.8,
      24.5,
      26.9,
      27.3,
      23.3,
      25.8
    ],
    [
      5.0,
      1.1,
      5.3,
      22.1,
      0.0,
      30.2,
      0.85,
      1.1,
      25.7,
      14.2,
      0.95,
      0.75,
      2.6,
      1.1,
      3.9,
      2.8,
      1.8,
      26.4,
      1.9,
      1.0,
      28.6,
      1.1,
      7.9,
      3.3,
      5.1,
      26.9,
      0.9,
      6.3,
      0.4,
      0.9,
      0.3,
      1.7,
      0.6,
      0.4,
      9.1,
      1.1,
      2.9,
      2.6,
      5.0,
      5.4,
      1.4,
      3.9
    ],
    [
      35.9,
      31.2,
      34.6,
      8.8,
      30.2,
      0.0,
      31.4,
      31.2,
      6.8,
      22.2,
      30.9,
      31.0,
      32.8,
      29.4,
      28.7,
      32.9,
      31.9,
      6.3,
      32.1,
      31.1,
      4.3,
      31.1,
      37.3,
      33.3,
      35.1,
      5.4,
      30.9,
      31.5,
      30.2,
      31.2,
      30.3,
      32.5,
      30.6,
      29.8,
      36.8,
      31.2,
      32.9,
      32.6,
      35.0,
      35.5,
      31.5,
      33.9
    ],
    [
      4.1,
      0.6,
      5.3,
      23.2,
      0.85,
      31.4,
      0.0,
      0.9,
      26.4,
      14.9,
      0.26,
      0.35,
      2.3,
      1.8,
      3.7,
      2.4,
      0.85,
      27.1,
      1.6,
      0.35,
      29.2,
      0.65,
      7.5,
      2.8,
      4.6,
      27.6,
      0.45,
      7.0,
      1.0,
      0.9,
      1.0,
      2.0,
      0.29,
      1.5,
      7.1,
      0.5,
      2.4,
      2.1,
      4.5,
      5.0,
      0.5,
      3.4
    ],
    [
      4.8,
      1.8,
      4.2,
      23.0,
      1.1,
      31.2,
      0.9,
      0.0,
      26.9,
      15.4,
      0.65,
      0.85,
      2.3,
      2.3,
      4.2,
      2.3,
      1.9,
      27.6,
      1.6,
      0.7,
      29.7,
      1.6,
      8.0,
      2.5,
      5.1,
      28.1,
      1.0,
      8.3,
      1.5,
      0.23,
      1.5,
      0.65,
      0.9,
      1.6,
      7.6,
      0.65,
      2.9,
      2.6,
      5.0,
      5.5,
      1.1,
      3.1
    ],
    [
      31.4,
      26.7,
      30.1,
      4.3,
      25.7,
      6.8,
      26.4,
      26.9,
      0.0,
      18.5,
      27.2,
      27.3,
      29.1,
      25.7,
      24.9,
      29.1,
      28.1,
      0.9,
      28.4,
      27.3,
      2.4,
      27.4,
      33.6,
      29.6,
      31.4,
      4.1,
      27.2,
      27.8,
      26.5,
      27.4,
      26.6,
      28.8,
      26.9,
      26.1,
      33.1,
      27.5,
      29.2,
      28.9,
      31.3,
      31.7,
      27.7,
      30.2
    ],
    [
      19.9,
      15.2,
      18.6,
      14.1,
      14.2,
      22.2,
      14.9,
      15.4,
      18.5,
      0.0,
      10.9,
      11.1,
      12.8,
      9.5,
      8.7,
      12.9,
      11.9,
      19.4,
      12.1,
      11.1,
      21.6,
      11.2,
      17.4,
      13.3,
      15.1,
      19.9,
      11.0,
      11.5,
      10.2,
      11.2,
      10.4,
      12.5,
      10.6,
      9.9,
      16.8,
      11.2,
      13.0,
      12.6,
      15.0,
      15.5,
      11.5,
      13.9
    ],
    [
      4.4,
      0.7,
      4.8,
      22.8,
      0.95,
      30.9,
      0.26,
      0.65,
      27.2,
      10.9,
      0.0,
      0.55,
      1.7,
      1.8,
      3.9,
      1.8,
      1.0,
      27.1,
      1.1,
      0.16,
      29.3,
      0.85,
      7.7,
      2.3,
      4.8,
      27.6,
      0.55,
      7.0,
      1.2,
      0.65,
      1.1,
      1.0,
      0.5,
      1.3,
      7.1,
      0.35,
      2.4,
      2.0,
      4.9,
      5.2,
      0.55,
      2.9
    ],
    [
      4.9,
      0.4,
      5.1,
      22.9,
      0.75,
      31.0,
      0.35,
      0.85,
      27.3,
      11.1,
      0.55,
      0.0,
      2.3,
      1.8,
      3.5,
      2.3,
      1.0,
      27.1,
      1.5,
      0.65,
      29.2,
      0.3,
      7.4,
      2.7,
      4.5,
      27.6,
      0.4,
      6.9,
      1.0,
      0.85,
      0.75,
      1.9,
      0.21,
      1.5,
      7.1,
      0.8,
      2.4,
      2.0,
      4.5,
      4.9,
      0.85,
      3.3
    ],
    [
      2.9,
      2.2,
      6.0,
      24.7,
      2.6,
      32.8,
      2.3,
      2.3,
      29.1,
      12.8,
      1.7,
      2.3,
      0.0,
      3.7,
      5.6,
      0.4,
      1.6,
      29.0,
      1.5,
      2.0,
      31.1,
      2.8,
      5.8,
      1.6,
      3.0,
      29.5,
      2.4,
      9.4,
      3.0,
      2.8,
      2.9,
      2.2,
      2.3,
      3.4,
      5.7,
      2.1,
      1.0,
      0.65,
      2.9,
      3.3,
      1.7,
      2.8
    ],
    [
      6.8,
      2.1,
      5.5,
      21.3,
      1.1,
      29.4,
      1.8,
      2.3,
      25.7,
      9.5,
      1.8,
      1.8,
      3.7,
      0.0,
      2.8,
      4.0,
      3.0,
      25.3,
      3.2,
      2.2,
      27.5,
      2.2,
      8.4,
      4.5,
      6.2,
      25.8,
      2.0,
      5.2,
      1.0,
      2.3,
      1.4,
      3.0,
      1.7,
      0.95,
      7.9,
      2.3,
      4.0,
      3.7,
      6.1,
      6.6,
      2.6,
      5.1
    ],
    [
      7.8,
      3.6,
      8.2,
      20.5,
      3.9,
      28.7,
      3.7,
      4.2,
      24.9,
      8.7,
      3.9,
      3.5,
      5.6,
      2.8,
      0.0,
      5.3,
      4.3,
      24.6,
      4.6,
      4.4,
      26.7,
      3.3,
      10.7,
      5.8,
      7.6,
      25.1,
      3.4,
      5.9,
      3.6,
      4.5,
      3.2,
      5.9,
      4.0,
      3.2,
      10.2,
      4.0,
      5.4,
      5.1,
      7.5,
      7.9,
      3.9,
      6.4
    ],
    [
      2.8,
      2.2,
      6.0,
      24.7,
      2.8,
      32.9,
      2.4,
      2.3,
      29.1,
      12.9,
      1.8,
      2.3,
      0.4,
      4.0,
      5.3,
      0.0,
      2.0,
      29.4,
      1.4,
      2.5,
      31.5,
      3.1,
      6.5,
      1.3,
      3.6,
      29.8,
      2.7,
      9.4,
      3.3,
      2.5,
      3.2,
      2.1,
      2.7,
      3.8,
      6.4,
      2.4,
      1.7,
      0.7,
      3.4,
      4.0,
      2.1,
      2.4
    ],
    [
      3.9,
      0.65,
      5.8,
      23.7,
      1.8,
      31.9,
      0.85,
      1.9,
      28.1,
      11.9,
      1.0,
      1.0,
      1.6,
      3.0,
      4.3,
      2.0,
      0.0,
      27.9,
      1.6,
      1.0,
      30.1,
      1.0,
      7.1,
      2.7,
      4.1,
      28.4,
      1.0,
      7.8,
      1.9,
      1.7,
      1.6,
      1.9,
      1.3,
      2.3,
      6.2,
      1.0,
      1.8,
      1.6,
      4.0,
      4.5,
      0.8,
      3.3
    ],
    [
      32.1,
      27.4,
      30.8,
      5.0,
      26.4,
      6.3,
      27.1,
      27.6,
      0.9,
      19.4,
      27.1,
      27.1,
      29.0,
      25.3,
      24.6,
      29.4,
      27.9,
      0.0,
      28.2,
      27.1,
      2.4,
      27.2,
      33.4,
      29.3,
      31.2,
      3.9,
      27.0,
      27.5,
      26.3,
      27.2,
      26.4,
      28.6,
      26.7,
      25.9,
      32.9,
      27.3,
      29.0,
      28.6,
      31.1,
      31.5,
      27.5,
      30.0
    ],
    [
      3.3,
      1.5,
      5.6,
      24.0,
      1.9,
      32.1,
      1.6,
      1.6,
      28.4,
      12.1,
      1.1,
      1.5,
      1.5,
      3.2,
      4.6,
      1.4,
      1.6,
      28.2,
      0.0,
      0.9,
      30.5,
      2.2,
      7.0,
      1.5,
      4.2,
      28.9,
      1.8,
      8.2,
      2.3,
      1.3,
      2.3,
      0.9,
      1.7,
      2.8,
      7.1,
      0.85,
      2.0,
      1.7,
      4.9,
      4.5,
      0.8,
      2.1
    ],
    [
      4.3,
      0.75,
      4.9,
      22.9,
      1.0,
      31.1,
      0.35,
      0.7,
      27.3,
      11.1,
      0.16,
      0.65,
      2.0,
      2.2,
      4.4,
      2.5,
      1.0,
      27.1,
      0.9,
      0.0,
      29.4,
      0.95,
      7.3,
      2.1,
      4.4,
      27.7,
      0.6,
      8.1,
      1.4,
      0.75,
      1.3,
      0.85,
      0.55,
      1.4,
      7.0,
      0.16,
      2.3,
      1.9,
      4.8,
      4.8,
      0.4,
      2.7
    ],
    [
      34.2,
      29.5,
      32.9,
      7.1,
      28.6,
      4.3,
      29.2,
      29.7,
      2.4,
      21.6,
      29.3,
      29.2,
      31.1,
      27.5,
      26.7,
      31.5,
      30.1,
      2.4,
      30.5,
      29.4,
      0.0,
      29.4,
      35.5,
      31.5,
      33.3,
      3.6,
      29.2,
      29.7,
      28.4,
      29.4,
      28.6,
      30.7,
      28.8,
      28.0,
      35.0,
      29.4,
      31.1,
      30.8,
      33.2,
      33.7,
      29.7,
      32.1
    ],
    [
      5.0,
      0.45,
      5.8,
      23.0,
      1.1,
      31.1,
      0.65,
      1.6,
      27.4,
      11.2,
      0.85,
      0.3,
      2.8,
      2.2,
      3.3,
      3.1,
      1.0,
      27.2,
      2.2,
      0.95,
      29.4,
      0.0,
      8.8,
      3.0,
      4.9,
      27.9,
      0.7,
      7.3,
      1.3,
      1.2,
      0.85,
      2.2,
      0.55,
      1.8,
      8.3,
      1.3,
      2.1,
      2.0,
      4.8,
      5.2,
      1.2,
      3.7
    ],
    [
      5.6,
      7.3,
      12.1,
      29.2,
      7.9,
      37.3,
      7.5,
      8.0,
      33.6,
      17.4,
      7.7,
      7.4,
      5.8,
      8.4,
      10.7,
      6.5,
      7.1,
      33.4,
      7.0,
      7.3,
      35.5,
      8.8,
      0.0,
      7.0,
      4.3,
      34.4,
      7.8,
      13.8,
      9.3,
      8.1,
      8.1,
      7.8,
      7.6,
      8.9,
      3.4,
      7.4,
      5.5,
      5.8,
      4.3,
      4.7,
      7.0,
      7.4
    ],
    [
      2.7,
      2.6,
      5.7,
      25.2,
      3.3,
      33.3,
      2.8,
      2.5,
      29.6,
      13.3,
      2.3,
      2.7,
      1.6,
      4.5,
      5.8,
      1.3,
      2.7,
      29.3,
      1.5,
      2.1,
      31.5,
      3.0,
      7.0,
      0.0,
      4.1,
      30.1,
      3.4,
      10.0,
      4.0,
      3.1,
      3.9,
      2.8,
      3.3,
      4.1,
      6.9,
      2.4,
      2.3,
      2.0,
      3.9,
      4.5,
      2.8,
      0.7
    ],
    [
      2.2,
      4.5,
      9.1,
      27.0,
      5.1,
      35.1,
      4.6,
      5.1,
      31.4,
      15.1,
      4.8,
      4.5,
      3.0,
      6.2,
      7.6,
      3.6,
      4.1,
      31.2,
      4.2,
      4.4,
      33.3,
      4.9,
      4.3,
      4.1,
      0.0,
      31.8,
      4.6,
      11.2,
      5.2,
      5.1,
      5.2,
      4.8,
      4.6,
      5.7,
      6.9,
      4.4,
      2.9,
      2.9,
      1.2,
      0.45,
      4.0,
      4.4
    ],
    [
      32.6,
      27.9,
      31.3,
      5.5,
      26.9,
      5.4,
      27.6,
      28.1,
      4.1,
      19.9,
      27.6,
      27.6,
      29.5,
      25.8,
      25.1,
      29.8,
      28.4,
      3.9,
      28.9,
      27.7,
      3.6,
      27.9,
      34.4,
      30.1,
      31.8,
      0.0,
      27.7,
      28.2,
      26.9,
      27.9,
      27.1,
      29.2,
      27.3,
      26.5,
      33.5,
      27.9,
      29.6,
      29.3,
      31.7,
      32.2,
      28.2,
      30.6
    ],
    [
      4.6,
      0.28,
      5.2,
      22.8,
      0.9,
      30.9,
      0.45,
      1.0,
      27.2,
      11.0,
      0.55,
      0.4,
      2.4,
      2.0,
      3.4,
      2.7,
      1.0,
      27.0,
      1.8,
      0.6,
      29.2,
      0.7,
      7.8,
      3.4,
      4.6,
      27.7,
      0.0,
      7.5,
      1.5,
      1.0,
      1.0,
      1.6,
      0.35,
      2.0,
      6.8,
      0.7,
      2.1,
      1.7,
      4.1,
      4.6,
      0.55,
      3.0
    ],
    [
      11.3,
      7.3,
      6.0,
      23.4,
      6.3,
      31.5,
      7.0,
      8.3,
      27.8,
      11.5,
      7.0,
      6.9,
      9.4,
      5.2,
      5.9,
      9.4,
      7.8,
      27.5,
      8.2,
      8.1,
      29.7,
      7.3,
      13.8,
      10.0,
      11.2,
      28.2,
      7.5,
      0.0,
      6.9,
      7.7,
      7.0,
      7.4,
      7.3,
      6.5,
      13.5,
      8.3,
      9.9,
      9.6,
      12.2,
      12.7,
      8.5,
      9.5
    ],
    [
      5.2,
      1.3,
      5.5,
      22.1,
      0.4,
      30.2,
      1.0,
      1.5,
      26.5,
      10.2,
      1.2,
      1.0,
      3.0,
      1.0,
      3.6,
      3.3,
      1.9,
      26.3,
      2.3,
      1.4,
      28.4,
      1.3,
      9.3,
      4.0,
      5.2,
      26.9,
      1.5,
      6.9,
      0.0,
      1.4,
      0.55,
      3.1,
      0.8,
      0.061,
      8.7,
      1.6,
      3.6,
      3.2,
      5.6,
      6.1,
      1.8,
      4.3
    ],
    [
      4.4,
      1.2,
      4.5,
      23.0,
      0.9,
      31.2,
      0.9,
      0.23,
      27.4,
      11.2,
      0.65,
      0.85,
      2.8,
      2.3,
      4.5,
      2.5,
      1.7,
      27.2,
      1.3,
      0.75,
      29.4,
      1.2,
      8.1,
      3.1,
      5.1,
      27.9,
      1.0,
      7.7,
      1.4,
      0.0,
      1.2,
      0.9,
      0.65,
      1.4,
      7.7,
      0.7,
      3.0,
      2.6,
      5.1,
      5.5,
      1.1,
      2.9
    ],
    [
      5.1,
      0.85,
      5.6,
      22.2,
      0.3,
      30.3,
      1.0,
      1.5,
      26.6,
      10.4,
      1.1,
      0.75,
      2.9,
      1.4,
      3.2,
      3.2,
      1.6,
      26.4,
      2.3,
      1.3,
      28.6,
      0.85,
      8.1,
      3.9,
      5.2,
      27.1,
      1.0,
      7.0,
      0.55,
      1.2,
      0.0,
      2.0,
      0.7,
      0.5,
      8.5,
      1.5,
      3.0,
      2.7,
      5.1,
      5.5,
      1.5,
      4.2
    ],
    [
      4.0,
      1.8,
      4.2,
      24.4,
      1.7,
      32.5,
      2.0,
      0.65,
      28.8,
      12.5,
      1.0,
      1.9,
      2.2,
      3.0,
      5.9,
      2.1,
      1.9,
      28.6,
      0.9,
      0.85,
      30.7,
      2.2,
      7.8,
      2.8,
      4.8,
      29.2,
      1.6,
      7.4,
      3.1,
      0.9,
      2.0,
      0.0,
      2.9,
      2.7,
      7.6,
      0.65,
      2.9,
      2.5,
      5.2,
      5.7,
      1.1,
      2.0
    ],
    [
      4.6,
      0.6,
      5.1,
      22.5,
      0.6,
      30.6,
      0.29,
      0.9,
      26.9,
      10.6,
      0.5,
      0.21,
      2.3,
      1.7,
      4.0,
      2.7,
      1.3,
      26.7,
      1.7,
      0.55,
      28.8,
      0.55,
      7.6,
      3.3,
      4.6,
      27.3,
      0.35,
      7.3,
      0.8,
      0.65,
      0.7,
      2.9,
      0.0,
      0.75,
      7.0,
      0.75,
      2.3,
      2.0,
      4.4,
      4.8,
      0.85,
      3.3
    ],
    [
      5.7,
      1.5,
      5.7,
      21.7,
      0.4,
      29.8,
      1.5,
      1.6,
      26.1,
      9.9,
      1.3,
      1.5,
      3.4,
      0.95,
      3.2,
      3.8,
      2.3,
      25.9,
      2.8,
      1.4,
      28.0,
      1.8,
      8.9,
      4.1,
      5.7,
      26.5,
      2.0,
      6.5,
      0.061,
      1.4,
      0.5,
      2.7,
      0.75,
      0.0,
      9.1,
      1.5,
      3.1,
      2.8,
      5.2,
      5.6,
      1.6,
      4.1
    ],
    [
      7.3,
      7.0,
      11.2,
      28.7,
      9.1,
      36.8,
      7.1,
      7.6,
      33.1,
      16.8,
      7.1,
      7.1,
      5.7,
      7.9,
      10.2,
      6.4,
      6.2,
      32.9,
      7.1,
      7.0,
      35.0,
      8.3,
      3.4,
      6.9,
      6.9,
      33.5,
      6.8,
      13.5,
      8.7,
      7.7,
      8.5,
      7.6,
      7.0,
      9.1,
      0.0,
      6.9,
      5.0,
      5.0,
      6.9,
      7.4,
      6.6,
      8.1
    ],
    [
      4.3,
      0.8,
      5.1,
      23.1,
      1.1,
      31.2,
      0.5,
      0.65,
      27.5,
      11.2,
      0.35,
      0.8,
      2.1,
      2.3,
      4.0,
      2.4,
      1.0,
      27.3,
      0.85,
      0.16,
      29.4,
      1.3,
      7.4,
      2.4,
      4.4,
      27.9,
      0.7,
      8.3,
      1.6,
      0.7,
      1.5,
      0.65,
      0.75,
      1.5,
      6.9,
      0.0,
      3.0,
      2.6,
      5.2,
      5.8,
      0.45,
      2.7
    ],
    [
      3.4,
      2.3,
      6.7,
      24.8,
      2.9,
      32.9,
      2.4,
      2.9,
      29.2,
      13.0,
      2.4,
      2.4,
      1.0,
      4.0,
      5.4,
      1.7,
      1.8,
      29.0,
      2.0,
      2.3,
      31.1,
      2.1,
      5.5,
      2.3,
      2.9,
      29.6,
      2.1,
      9.9,
      3.6,
      3.0,
      3.0,
      2.9,
      2.3,
      3.1,
      5.0,
      3.0,
      0.0,
      0.35,
      2.8,
      3.2,
      1.9,
      3.3
    ],
    [
      3.2,
      1.9,
      6.3,
      24.5,
      2.6,
      32.6,
      2.1,
      2.6,
      28.9,
      12.6,
      2.0,
      2.0,
      0.65,
      3.7,
      5.1,
      0.7,
      1.6,
      28.6,
      1.7,
      1.9,
      30.8,
      2.0,
      5.8,
      2.0,
      2.9,
      29.3,
      1.7,
      9.6,
      3.2,
      2.6,
      2.7,
      2.5,
      2.0,
      2.8,
      5.0,
      2.6,
      0.35,
      0.0,
      2.9,
      3.3,
      1.6,
      3.1
    ],
    [
      2.2,
      4.4,
      9.0,
      26.9,
      5.0,
      35.0,
      4.5,
      5.0,
      31.3,
      15.0,
      4.9,
      4.5,
      2.9,
      6.1,
      7.5,
      3.4,
      4.0,
      31.1,
      4.9,
      4.8,
      33.2,
      4.8,
      4.3,
      3.9,
      1.2,
      31.7,
      4.1,
      12.2,
      5.6,
      5.1,
      5.1,
      5.2,
      4.4,
      5.2,
      6.9,
      5.2,
      2.8,
      2.9,
      0.0,
      0.8,
      3.1,
      3.4
    ],
    [
      2.8,
      4.8,
      9.5,
      27.3,
      5.4,
      35.5,
      5.0,
      5.5,
      31.7,
      15.5,
      5.2,
      4.9,
      3.3,
      6.6,
      7.9,
      4.0,
      4.5,
      31.5,
      4.5,
      4.8,
      33.7,
      5.2,
      4.7,
      4.5,
      0.45,
      32.2,
      4.6,
      12.7,
      6.1,
      5.5,
      5.5,
      5.7,
      4.8,
      5.6,
      7.4,
      5.8,
      3.2,
      3.3,
      0.8,
      0.0,
      3.6,
      4.0
    ],
    [
      4.0,
      0.7,
      5.3,
      23.3,
      1.4,
      31.5,
      0.5,
      1.1,
      27.7,
      11.5,
      0.55,
      0.85,
      1.7,
      2.6,
      3.9,
      2.1,
      0.8,
      27.5,
      0.8,
      0.4,
      29.7,
      1.2,
      7.0,
      2.8,
      4.0,
      28.2,
      0.55,
      8.5,
      1.8,
      1.1,
      1.5,
      1.1,
      0.85,
      1.6,
      6.6,
      0.45,
      1.9,
      1.6,
      3.1,
      3.6,
      0.0,
      2.7
    ],
    [
      3.1,
      3.3,
      6.3,
      25.8,
      3.9,
      33.9,
      3.4,
      3.1,
      30.2,
      13.9,
      2.9,
      3.3,
      2.8,
      5.1,
      6.4,
      2.4,
      3.3,
      30.0,
      2.1,
      2.7,
      32.1,
      3.7,
      7.4,
      0.7,
      4.4,
      30.6,
      3.0,
      9.5,
      4.3,
      2.9,
      4.2,
      2.0,
      3.3,
      4.1,
      8.1,
      2.7,
      3.3,
      3.1,
      3.4,
      4.0,
      2.7,
      0.0
    ]
  ],
  "drive_time_matrix": [
    [
      0.0,
      11.0,
      12.0,
      33.0,
      11.0,
      42.0,
      10.0,
      10.0,
      38.0,
      27.0,
      12.0,
      12.0,
      7.0,
      12.0,
      18.0,
      7.0,
      9.0,
      41.0,
      7.0,
      11.0,
      40.0,
      12.0,
      13.0,
      7.0,
      8.0,
      40.0,
      11.0,
      19.0,
      11.0,
      11.0,
      12.0,
      8.0,
      11.0,
      12.0,
      17.0,
      11.0,
      8.0,
      8.0,
      7.0,
      7.0,
      10.0,
      7.0
    ],
    [
      11.0,
      0.0,
      8.0,
      26.0,
      3.0,
      35.0,
      8.0,
      6.0,
      31.0,
      20.0,
      9.0,
      5.0,
      5.0,
      5.0,
      8.0,
      5.0,
      8.0,
      32.0,
      5.0,
      9.0,
      32.0,
      1.0,
      14.0,
      8.0,
      10.0,
      32.0,
      3.0,
      14.0,
      3.0,
      5.0,
      3.0,
      5.0,
      8.0,
      4.0,
      16.0,
      10.0,
      6.0,
      4.0,
      8.0,
      9.0,
      9.0,
      9.0
    ],
    [
      12.0,
      8.0,
      0.0,
      30.0,
      9.0,
      39.0,
      9.0,
      6.0,
      35.0,
      24.0,
      8.0,
      9.0,
      10.0,
      9.0,
      14.0,
      10.0,
      10.0,
      36.0,
      9.0,
      9.0,
      36.0,
      11.0,
      20.0,
      11.0,
      17.0,
      36.0,
      9.0,
      10.0,
      10.0,
      8.0,
      10.0,
      6.0,
      11.0,
      10.0,
      22.0,
      9.0,
      12.0,
      11.0,
      15.0,
      15.0,
      10.0,
      12.0
    ],
    [
      33.0,
      26.0,
      30.0,
      0.0,
      23.0,
      12.0,
      26.0,
      26.0,
      7.0,
      15.0,
      25.0,
      26.0,
      29.0,
      23.0,
      22.0,
      29.0,
      28.0,
      9.0,
      29.0,
      26.0,
      10.0,
      26.0,
      33.0,
      31.0,
      34.0,
      9.0,
      25.0,
      25.0,
      23.0,
      26.0,
      24.0,
      27.0,
      24.0,
      22.0,
      35.0,
      27.0,
      30.0,
      28.0,
      32.0,
      33.0,
      27.0,
      32.0
    ],
    [
      11.0,
      3.0,
      9.0,
      23.0,
      0.0,
      32.0,
      11.0,
      3.0,
      28.0,
      17.0,
      12.0,
      10.0,
      8.0,
      3.0,
      8.0,
      7.0,
      5.0,
      29.0,
      6.0,
      3.0,
      30.0,
      4.0,
      16.0,
      8.0,
      12.0,
      30.0,
      3.0,
      11.0,
      4.0,
      11.0,
      5.0,
      5.0,
      8.0,
      5.0,
      17.0,
      4.0,
      8.0,
      6.0,
      10.0,
      11.0,
      5.0,
      9.0
    ],
    [
      42.0,
      35.0,
      39.0,
      12.0,
      32.0,
      0.0,
      37.0,
      37.0,
      12.0,
      26.0,
      37.0,
      37.0,
      41.0,
      34.0,
      33.0,
      41.0,
      39.0,
      10.0,
      40.0,
      37.0,
      8.0,
      37.0,
      44.0,
      41.0,
      46.0,
      11.0,
      36.0,
      35.0,
      34.0,
      37.0,
      35.0,
      38.0,
      35.0,
      34.0,
      46.0,
      37.0,
      41.0,
      39.0,
      44.0,
      45.0,
      38.0,
      43.0
    ],
    [
      10.0,
      8.0,
      9.0,
      26.0,
      11.0,
      37.0,
      0.0,
      10.0,
      28.0,
      18.0,
      3.0,
      5.0,
      6.0,
      4.0,
      8.0,
      6.0,
      12.0,
      30.0,
      5.0,
      5.0,
      32.0,
      9.0,
      14.0,
      8.0,
      11.0,
      31.0,
      6.0,
      12.0,
      2.0,
      3.0,
      12.0,
      6.0,
      4.0,
      3.0,
      16.0,
      6.0,
      7.0,
      5.0,
      9.0,
      10.0,
      7.0,
      10.0
    ],
    [
      10.0,
      6.0,
      6.0,
      26.0,
      3.0,
      37.0,
      10.0,
      0.0,
      31.0,
      20.0,
      8.0,
      3.0,
      7.0,
      6.0,
      10.0,
      7.0,
      6.0,
      33.0,
      5.0,
      9.0,
      34.0,
      5.0,
      16.0,
      8.0,
      12.0,
      33.0,
      13.0,
      13.0,
      4.0,
      3.0,
      5.0,
      8.0,
      4.0,
      5.0,
      17.0,
      8.0,
      8.0,
      6.0,
      11.0,
      11.0,
      15.0,
      9.0
    ],
    [
      38.0,
      31.0,
      35.0,
      7.0,
      28.0,
      12.0,
      28.0,
      31.0,
      0.0,
      22.0,
      33.0,
      34.0,
      37.0,
      31.0,
      30.0,
      37.0,
      35.0,
      8.0,
      36.0,
      33.0,
      4.0,
      34.0,
      40.0,
      38.0,
      42.0,
      9.0,
      32.0,
      32.0,
      31.0,
      33.0,
      31.0,
      35.0,
      32.0,
      30.0,
      42.0,
      34.0,
      37.0,
      36.0,
      40.0,
      40.0,
      35.0,
      39.0
    ],
    [
      27.0,
      20.0,
      24.0,
      15.0,
      17.0,
      26.0,
      18.0,
      20.0,
      22.0,
      0.0,
      16.0,
      17.0,
      20.0,
      13.0,
      13.0,
      20.0,
      18.0,
      24.0,
      19.0,
      17.0,
      25.0,
      17.0,
      23.0,
      21.0,
      25.0,
      25.0,
      15.0,
      15.0,
      14.0,
      16.0,
      15.0,
      18.0,
      15.0,
      13.0,
      25.0,
      17.0,
      20.0,
      19.0,
      23.0,
      23.0,
      18.0,
      22.0
    ],
    [
      12.0,
      9.0,
      8.0,
      25.0,
      12.0,
      37.0,
      3.0,
      8.0,
      33.0,
      16.0,
      0.0,
      7.0,
      5.0,
      5.0,
      9.0,
      5.0,
      13.0,
      32.0,
      4.0,
      2.0,
      33.0,
      11.0,
      15.0,
      7.0,
      12.0,
      32.0,
      8.0,
      13.0,
      3.0,
      8.0,
      14.0,
      4.0,
      6.0,
      4.0,
      17.0,
      4.0,
      7.0,
      6.0,
      10.0,
      10.0,
      7.0,
      8.0
    ],
    [
      12.0,
      5.0,
      9.0,
      26.0,
      10.0,
      37.0,
      5.0,
      3.0,
      34.0,
      17.0,
      7.0,
      0.0,
      6.0,
      4.0,
      7.0,
      6.0,
      13.0,
      31.0,
      5.0,
      8.0,
      32.0,
      4.0,
      14.0,
      8.0,
      10.0,
      32.0,
      5.0,
      13.0,
      2.0,
      10.0,
      9.0,
      5.0,
      3.0,
      4.0,
      15.0,
      10.0,
      6.0,
      4.0,
      9.0,
      9.0,
      11.0,
      9.0
    ],
    [
      7.0,
      5.0,
      10.0,
      29.0,
      8.0,
      41.0,
      6.0,
      7.0,
      37.0,
      20.0,
      5.0,
      6.0,
      0.0,
      9.0,
      12.0,
      5.0,
      5.0,
      35.0,
      4.0,
      6.0,
      37.0,
      8.0,
      11.0,
      5.0,
      8.0,
      36.0,
      6.0,
      15.0,
      7.0,
      8.0,
      7.0,
      5.0,
      7.0,
      8.0,
      13.0,
      7.0,
      4.0,
      9.0,
      6.0,
      6.0,
      5.0,
      6.0
    ],
    [
      12.0,
      5.0,
      9.0,
      23.0,
      3.0,
      34.0,
      4.0,
      6.0,
      31.0,
      13.0,
      5.0,
      4.0,
      9.0,
      0.0,
      5.0,
      9.0,
      7.0,
      28.0,
      8.0,
      6.0,
      29.0,
      6.0,
      12.0,
      10.0,
      14.0,
      29.0,
      5.0,
      9.0,
      14.0,
      6.0,
      4.0,
      6.0,
      4.0,
      2.0,
      14.0,
      6.0,
      10.0,
      8.0,
      12.0,
      13.0,
      6.0,
      11.0
    ],
    [
      18.0,
      8.0,
      14.0,
      22.0,
      8.0,
      33.0,
      8.0,
      10.0,
      30.0,
      13.0,
      9.0,
      7.0,
      12.0,
      5.0,
      0.0,
      12.0,
      10.0,
      29.0,
      11.0,
      10.0,
      30.0,
      7.0,
      16.0,
      14.0,
      17.0,
      29.0,
      7.0,
      12.0,
      7.0,
      10.0,
      7.0,
      11.0,
      8.0,
      6.0,
      18.0,
      10.0,
      12.0,
      10.0,
      15.0,
      15.0,
      9.0,
      15.0
    ],
    [
      7.0,
      5.0,
      10.0,
      29.0,
      7.0,
      41.0,
      6.0,
      7.0,
      37.0,
      20.0,
      5.0,
      6.0,
      5.0,
      9.0,
      12.0,
      0.0,
      5.0,
      36.0,
      4.0,
      7.0,
      37.0,
      9.0,
      13.0,
      5.0,
      9.0,
      36.0,
      7.0,
      15.0,
      7.0,
      8.0,
      8.0,
      5.0,
      7.0,
      9.0,
      15.0,
      7.0,
      6.0,
      10.0,
      7.0,
      8.0,
      6.0,
      5.0
    ],
    [
      9.0,
      8.0,
      10.0,
      28.0,
      5.0,
      39.0,
      12.0,
      6.0,
      35.0,
      18.0,
      13.0,
      13.0,
      5.0,
      7.0,
      10.0,
      5.0,
      0.0,
      33.0,
      6.0,
      13.0,
      34.0,
      12.0,
      12.0,
      9.0,
      10.0,
      33.0,
      3.0,
      15.0,
      5.0,
      6.0,
      5.0,
      6.0,
      5.0,
      6.0,
      14.0,
      4.0,
      6.0,
      5.0,
      9.0,
      9.0,
      10.0,
      10.0
    ],
    [
      41.0,
      32.0,
      36.0,
      9.0,
      29.0,
      10.0,
      30.0,
      33.0,
      8.0,
      24.0,
      32.0,
      31.0,
      35.0,
      28.0,
      29.0,
      36.0,
      33.0,
      0.0,
      35.0,
      32.0,
      5.0,
      32.0,
      38.0,
      37.0,
      40.0,
      9.0,
      31.0,
      30.0,
      29.0,
      32.0,
      30.0,
      33.0,
      30.0,
      29.0,
      41.0,
      33.0,
      36.0,
      34.0,
      38.0,
      39.0,
      33.0,
      38.0
    ],
    [
      7.0,
      5.0,
      9.0,
      29.0,
      6.0,
      40.0,
      5.0,
      5.0,
      36.0,
      19.0,
      4.0,
      5.0,
      4.0,
      8.0,
      11.0,
      4.0,
      6.0,
      35.0,
      0.0,
      11.0,
      36.0,
      7.0,
      16.0,
      5.0,
      13.0,
      35.0,
      5.0,
      12.0,
      6.0,
      6.0,
      7.0,
      3.0,
      6.0,
      7.0,
      17.0,
      11.0,
      8.0,
      6.0,
      10.0,
      11.0,
      11.0,
      6.0
    ],
    [
      11.0,
      9.0,
      9.0,
      26.0,
      3.0,
      37.0,
      5.0,
      9.0,
      33.0,
      17.0,
      2.0,
      8.0,
      6.0,
      6.0,
      10.0,
      7.0,
      13.0,
      32.0,
      11.0,
      0.0,
      33.0,
      12.0,
      15.0,
      6.0,
      12.0,
      32.0,
      8.0,
      13.0,
      3.0,
      8.0,
      4.0,
      10.0,
      7.0,
      4.0,
      17.0,
      2.0,
      7.0,
      6.0,
      10.0,
      10.0,
      6.0,
      7.0
    ],
    [
      40.0,
      32.0,
      36.0,
      10.0,
      30.0,
      8.0,
      32.0,
      34.0,
      4.0,
      25.0,
      33.0,
      32.0,
      37.0,
      29.0,
      30.0,
      37.0,
      34.0,
      5.0,
      36.0,
      33.0,
      0.0,
      34.0,
      41.0,
      38.0,
      42.0,
      8.0,
      33.0,
      32.0,
      31.0,
      34.0,
      32.0,
      35.0,
      32.0,
      30.0,
      42.0,
      34.0,
      37.0,
      36.0,
      40.0,
      41.0,
      35.0,
      40.0
    ],
    [
      12.0,
      1.0,
      11.0,
      26.0,
      4.0,
      37.0,
      9.0,
      5.0,
      34.0,
      17.0,
      11.0,
      4.0,
      8.0,
      6.0,
      7.0,
      9.0,
      12.0,
      32.0,
      7.0,
      12.0,
      34.0,
      0.0,
      13.0,
      9.0,
      11.0,
      32.0,
      8.0,
      14.0,
      4.0,
      5.0,
      10.0,
      6.0,
      7.0,
      5.0,
      14.0,
      5.0,
      6.0,
      5.0,
      10.0,
      10.0,
      5.0,
      10.0
    ],
    [
      13.0,
      14.0,
      20.0,
      33.0,
      16.0,
      44.0,
      14.0,
      16.0,
      40.0,
      23.0,
      15.0,
      14.0,
      11.0,
      12.0,
      16.0,
      13.0,
      12.0,
      38.0,
      16.0,
      15.0,
      41.0,
      13.0,
      0.0,
      13.0,
      9.0,
      39.0,
      12.0,
      20.0,
      12.0,
      15.0,
      12.0,
      14.0,
      14.0,
      11.0,
      8.0,
      14.0,
      10.0,
      9.0,
      7.0,
      8.0,
      13.0,
      13.0
    ],
    [
      7.0,
      8.0,
      11.0,
      31.0,
      8.0,
      41.0,
      8.0,
      8.0,
      38.0,
      21.0,
      7.0,
      8.0,
      5.0,
      10.0,
      14.0,
      5.0,
      9.0,
      37.0,
      5.0,
      6.0,
      38.0,
      9.0,
      13.0,
      0.0,
      10.0,
      38.0,
      8.0,
      16.0,
      9.0,
      9.0,
      10.0,
      7.0,
      8.0,
      10.0,
      16.0,
      8.0,
      7.0,
      6.0,
      8.0,
      9.0,
      8.0,
      8.0
    ],
    [
      8.0,
      10.0,
      17.0,
      34.0,
      12.0,
      46.0,
      11.0,
      12.0,
      42.0,
      25.0,
      12.0,
      10.0,
      8.0,
      14.0,
      17.0,
      9.0,
      10.0,
      40.0,
      13.0,
      12.0,
      42.0,
      11.0,
      9.0,
      10.0,
      0.0,
      39.0,
      10.0,
      20.0,
      10.0,
      12.0,
      11.0,
      11.0,
      10.0,
      12.0,
      16.0,
      11.0,
      7.0,
      7.0,
      4.0,
      5.0,
      9.0,
      10.0
    ],
    [
      40.0,
      32.0,
      36.0,
      9.0,
      30.0,
      11.0,
      31.0,
      33.0,
      9.0,
      25.0,
      32.0,
      32.0,
      36.0,
      29.0,
      29.0,
      36.0,
      33.0,
      9.0,
      35.0,
      32.0,
      8.0,
      32.0,
      39.0,
      38.0,
      39.0,
      0.0,
      33.0,
      32.0,
      31.0,
      34.0,
      32.0,
      35.0,
      32.0,
      30.0,
      42.0,
      34.0,
      37.0,
      36.0,
      40.0,
      40.0,
      35.0,
      40.0
    ],
    [
      11.0,
      3.0,
      9.0,
      25.0,
      3.0,
      36.0,
      6.0,
      13.0,
      32.0,
      15.0,
      8.0,
      5.0,
      6.0,
      5.0,
      7.0,
      7.0,
      3.0,
      31.0,
      5.0,
      8.0,
      33.0,
      8.0,
      12.0,
      8.0,
      10.0,
      33.0,
      0.0,
      13.0,
      3.0,
      13.0,
      12.0,
      4.0,
      4.0,
      4.0,
      15.0,
      3.0,
      5.0,
      4.0,
      8.0,
      8.0,
      8.0,
      8.0
    ],
    [
      19.0,
      14.0,
      10.0,
      25.0,
      11.0,
      35.0,
      12.0,
      13.0,
      32.0,
      15.0,
      13.0,
      13.0,
      15.0,
      9.0,
      12.0,
      15.0,
      15.0,
      30.0,
      12.0,
      13.0,
      32.0,
      14.0,
      20.0,
      16.0,
      20.0,
      32.0,
      13.0,
      0.0,
      12.0,
      12.0,
      13.0,
      11.0,
      13.0,
      11.0,
      23.0,
      13.0,
      17.0,
      15.0,
      19.0,
      20.0,
      15.0,
      16.0
    ],
    [
      11.0,
      3.0,
      10.0,
      23.0,
      4.0,
      34.0,
      2.0,
      4.0,
      31.0,
      14.0,
      3.0,
      2.0,
      7.0,
      14.0,
      7.0,
      7.0,
      5.0,
      29.0,
      6.0,
      3.0,
      31.0,
      4.0,
      12.0,
      9.0,
      10.0,
      31.0,
      3.0,
      12.0,
      0.0,
      4.0,
      7.0,
      5.0,
      11.0,
      1.0,
      15.0,
      4.0,
      8.0,
      7.0,
      11.0,
      11.0,
      5.0,
      9.0
    ],
    [
      11.0,
      5.0,
      8.0,
      26.0,
      11.0,
      37.0,
      3.0,
      3.0,
      33.0,
      16.0,
      8.0,
      10.0,
      8.0,
      6.0,
      10.0,
      8.0,
      6.0,
      32.0,
      6.0,
      8.0,
      34.0,
      5.0,
      15.0,
      9.0,
      12.0,
      34.0,
      13.0,
      12.0,
      4.0,
      0.0,
      5.0,
      11.0,
      9.0,
      5.0,
      18.0,
      9.0,
      8.0,
      7.0,
      11.0,
      11.0,
      5.0,
      9.0
    ],
    [
      12.0,
      3.0,
      10.0,
      24.0,
      5.0,
      35.0,
      12.0,
      5.0,
      31.0,
      15.0,
      14.0,
      9.0,
      7.0,
      4.0,
      7.0,
      8.0,
      5.0,
      30.0,
      7.0,
      4.0,
      32.0,
      10.0,
      12.0,
      10.0,
      11.0,
      32.0,
      12.0,
      13.0,
      7.0,
      5.0,
      0.0,
      6.0,
      9.0,
      6.0,
      16.0,
      5.0,
      8.0,
      6.0,
      11.0,
      11.0,
      5.0,
      10.0
    ],
    [
      8.0,
      5.0,
      6.0,
      27.0,
      5.0,
      38.0,
      6.0,
      8.0,
      35.0,
      18.0,
      4.0,
      5.0,
      5.0,
      6.0,
      11.0,
      5.0,
      6.0,
      33.0,
      3.0,
      10.0,
      35.0,
      6.0,
      14.0,
      7.0,
      11.0,
      35.0,
      4.0,
      11.0,
      5.0,
      11.0,
      6.0,
      0.0,
      6.0,
      5.0,
      17.0,
      9.0,
      8.0,
      6.0,
      10.0,
      11.0,
      15.0,
      5.0
    ],
    [
      11.0,
      8.0,
      11.0,
      24.0,
      8.0,
      35.0,
      4.0,
      4.0,
      32.0,
      15.0,
      6.0,
      3.0,
      7.0,
      4.0,
      8.0,
      7.0,
      5.0,
      30.0,
      6.0,
      7.0,
      32.0,
      7.0,
      14.0,
      8.0,
      10.0,
      32.0,
      4.0,
      13.0,
      11.0,
      9.0,
      9.0,
      6.0,
      0.0,
      9.0,
      15.0,
      10.0,
      6.0,
      4.0,
      8.0,
      9.0,
      3.0,
      9.0
    ],
    [
      12.0,
      4.0,
      10.0,
      22.0,
      5.0,
      34.0,
      3.0,
      5.0,
      30.0,
      13.0,
      4.0,
      4.0,
      8.0,
      2.0,
      6.0,
      9.0,
      6.0,
      29.0,
      7.0,
      4.0,
      30.0,
      5.0,
      11.0,
      10.0,
      12.0,
      30.0,
      4.0,
      11.0,
      1.0,
      5.0,
      6.0,
      5.0,
      9.0,
      0.0,
      17.0,
      4.0,
      7.0,
      6.0,
      10.0,
      10.0,
      4.0,
      10.0
    ],
    [
      17.0,
      16.0,
      22.0,
      35.0,
      17.0,
      46.0,
      16.0,
      17.0,
      42.0,
      25.0,
      17.0,
      15.0,
      13.0,
      14.0,
      18.0,
      15.0,
      14.0,
      41.0,
      17.0,
      17.0,
      42.0,
      14.0,
      8.0,
      16.0,
      16.0,
      42.0,
      15.0,
      23.0,
      15.0,
      18.0,
      16.0,
      17.0,
      15.0,
      17.0,
      0.0,
      16.0,
      12.0,
      11.0,
      15.0,
      15.0,
      15.0,
      17.0
    ],
    [
      11.0,
      10.0,
      9.0,
      27.0,
      4.0,
      37.0,
      6.0,
      8.0,
      34.0,
      17.0,
      4.0,
      10.0,
      7.0,
      6.0,
      10.0,
      7.0,
      4.0,
      33.0,
      11.0,
      2.0,
      34.0,
      5.0,
      14.0,
      8.0,
      11.0,
      34.0,
      3.0,
      13.0,
      4.0,
      9.0,
      5.0,
      9.0,
      10.0,
      4.0,
      16.0,
      0.0,
      8.0,
      7.0,
      10.0,
      11.0,
      6.0,
      7.0
    ],
    [
      8.0,
      6.0,
      12.0,
      30.0,
      8.0,
      41.0,
      7.0,
      8.0,
      37.0,
      20.0,
      7.0,
      6.0,
      4.0,
      10.0,
      12.0,
      6.0,
      6.0,
      36.0,
      8.0,
      7.0,
      37.0,
      6.0,
      10.0,
      7.0,
      7.0,
      37.0,
      5.0,
      17.0,
      8.0,
      8.0,
      8.0,
      8.0,
      6.0,
      7.0,
      12.0,
      8.0,
      0.0,
      4.0,
      6.0,
      6.0,
      6.0,
      8.0
    ],
    [
      8.0,
      4.0,
      11.0,
      28.0,
      6.0,
      39.0,
      5.0,
      6.0,
      36.0,
      19.0,
      6.0,
      4.0,
      9.0,
      8.0,
      10.0,
      10.0,
      5.0,
      34.0,
      6.0,
      6.0,
      36.0,
      5.0,
      9.0,
      6.0,
      7.0,
      36.0,
      4.0,
      15.0,
      7.0,
      7.0,
      6.0,
      6.0,
      4.0,
      6.0,
      11.0,
      7.0,
      4.0,
      0.0,
      6.0,
      6.0,
      5.0,
      7.0
    ],
    [
      7.0,
      8.0,
      15.0,
      32.0,
      10.0,
      44.0,
      9.0,
      11.0,
      40.0,
      23.0,
      10.0,
      9.0,
      6.0,
      12.0,
      15.0,
      7.0,
      9.0,
      38.0,
      10.0,
      10.0,
      40.0,
      10.0,
      7.0,
      8.0,
      4.0,
      40.0,
      8.0,
      19.0,
      11.0,
      11.0,
      11.0,
      10.0,
      8.0,
      10.0,
      15.0,
      10.0,
      6.0,
      6.0,
      0.0,
      11.0,
      7.0,
      7.0
