{
  "drive_dist_matrix": [
    [
      0.0,
      24.783836,
      1.448406,
      2.2530759999999996,
      37.175754000000005,
      15.28873,
      12.07005,
      5.63269,
      17.70274,
      14.162192000000001,
      29.289987999999997,
      13.840323999999999,
      22.691694,
      3.5405480000000003,
      13.840323999999999,
      21.082354,
      20.760486,
      17.059003999999998,
      17.059003999999998,
      57.453438000000006
    ],
    [
      24.783836,
      0.0,
      23.174496,
      23.979166,
      44.739652,
      14.805927999999998,
      13.357522000000001,
      20.277684,
      14.162192000000001,
      13.035654,
      29.450922000000002,
      15.932466,
      3.21868,
      21.887024,
      13.035654,
      28.324384000000002,
      28.16345,
      28.96812,
      41.360037999999996,
      57.614371999999996
    ],
    [
      1.448406,
      23.174496,
      0.0,
      0.9656039999999999,
      36.049215999999994,
      14.001257999999998,
      10.621644,
      4.345218,
      16.415267999999998,
      12.713786,
      27.841582000000002,
      12.552852,
      21.404222,
      2.092142,
      12.552852,
      19.633948,
      19.473014,
      20.277684,
      17.219938,
      56.00503199999999
    ],
    [
      2.2530759999999996,
      23.979166,
      0.9656039999999999,
      0.0,
      36.853885999999996,
      14.805927999999998,
      11.587248,
      5.149888000000001,
      17.219938,
      13.67939,
      28.807185999999998,
      13.357522000000001,
      22.208892000000002,
      3.057746,
      13.357522000000001,
      20.599552000000003,
      20.277684,
      21.082354,
      18.185542,
      56.970636
    ],
    [
      37.175754000000005,
      44.739652,
      36.049215999999994,
      36.853885999999996,
      0.0,
      33.152404000000004,
      31.703998,
      34.60081,
      35.566414,
      32.025866,
      25.910374,
      31.703998,
      42.808444,
      35.40548,
      31.703998,
      22.047957999999998,
      21.887024,
      22.691694,
      20.760486,
      31.38213
    ],
    [
      15.28873,
      14.805927999999998,
      14.001257999999998,
      14.805927999999998,
      33.152404000000004,
      0.0,
      2.2530759999999996,
      10.299776000000001,
      5.310822,
      2.5749440000000003,
      18.185542,
      1.448406,
      13.196587999999998,
      10.782578,
      2.2530759999999996,
      14.966862,
      14.644993999999999,
      15.449663999999999,
      33.152404000000004,
      56.648768000000004
    ],
    [
      12.07005,
      13.357522000000001,
      10.621644,
      11.587248,
      31.703998,
      2.2530759999999996,
      0.0,
      8.207633999999999,
      3.379614,
      0.32186800000000004,
      18.346476,
      2.896812,
      11.26538,
      8.690436,
      0.32186800000000004,
      14.966862,
      14.805927999999998,
      15.610598,
      33.152404000000004,
      46.348992
    ],
    [
      5.63269,
      20.277684,
      4.345218,
      5.149888000000001,
      34.60081,
      10.299776000000001,
      8.207633999999999,
      0.0,
      14.805927999999998,
      11.26538,
      26.393175999999997,
      10.943512,
      19.151146,
      1.9312079999999998,
      10.943512,
      18.185542,
      17.863674,
      18.668343999999998,
      24.94477,
      59.867448
    ],
    [
      17.70274,
      14.162192000000001,
      16.415267999999998,
      17.219938,
      35.566414,
      5.310822,
      3.379614,
      14.805927999999998,
      0.0,
      6.43736,
      15.449663999999999,
      4.9889540000000006,
      14.323126,
      14.805927999999998,
      6.276426,
      18.829278,
      18.668343999999998,
      19.473014,
      37.01482,
      43.613114
    ],
    [
      14.162192000000001,
      13.035654,
      12.713786,
      13.67939,
      32.025866,
      2.5749440000000003,
      0.32186800000000004,
      11.26538,
      6.43736,
      0.0,
      17.541806,
      3.057746,
      11.426314,
      9.816974,
      0.32186800000000004,
      16.576202000000002,
      16.415267999999998,
      17.219938,
      32.830535999999995,
      57.93624
    ],
    [
      29.289987999999997,
      29.450922000000002,
      27.841582000000002,
      28.807185999999998,
      25.910374,
      18.185542,
      18.346476,
      26.393175999999997,
      15.449663999999999,
      17.541806,
      0.0,
      17.380872,
      29.129054000000004,
      27.197846,
      18.668343999999998,
      14.001257999999998,
      13.67939,
      14.48406,
      44.900586,
      30.416525999999998
    ],
    [
      13.840323999999999,
      15.932466,
      12.552852,
      13.357522000000001,
      31.703998,
      1.448406,
      2.896812,
      10.943512,
      4.9889540000000006,
      3.057746,
      17.380872,
      0.0,
      13.518456,
      11.104446000000001,
      2.735878,
      14.001257999999998,
      13.67939,
      11.426314,
      33.474272,
      43.934982
    ],
    [
      22.691694,
      3.21868,
      21.404222,
      22.208892000000002,
      42.808444,
      13.196587999999998,
      11.26538,
      19.151146,
      14.323126,
      11.426314,
      29.129054000000004,
      13.518456,
      0.0,
      19.794882,
      10.943512,
      26.232242,
      26.071308,
      26.875978,
      39.267896,
      56.970636
    ],
    [
      3.5405480000000003,
      21.887024,
      2.092142,
      3.057746,
      35.40548,
      10.782578,
      8.690436,
      1.9312079999999998,
      14.805927999999998,
      9.816974,
      27.197846,
      11.104446000000001,
      19.794882,
      0.0,
      8.690436,
      18.50741,
      18.346476,
      19.151146,
      23.174496,
      60.35025
    ],
    [
      13.840323999999999,
      13.035654,
      12.552852,
      13.357522000000001,
      31.703998,
      2.2530759999999996,
      0.32186800000000004,
      10.943512,
      6.276426,
      0.32186800000000004,
      18.668343999999998,
      2.735878,
      10.943512,
      8.690436,
      0.0,
      16.0934,
      15.771532,
      16.576202000000002,
      33.957074,
      45.06152
    ],
    [
      21.082354,
      28.324384000000002,
      19.633948,
      20.599552000000003,
      22.047957999999998,
      14.966862,
      14.966862,
      18.185542,
      18.829278,
      16.576202000000002,
      14.001257999999998,
      14.001257999999998,
      26.232242,
      18.50741,
      16.0934,
      0.0,
      0.16093400000000002,
      4.184284,
      18.829278,
      47.153662000000004
    ],
    [
      20.760486,
      28.16345,
      19.473014,
      20.277684,
      21.887024,
      14.644993999999999,
      14.805927999999998,
      17.863674,
      18.668343999999998,
      16.415267999999998,
      13.67939,
      13.67939,
      26.071308,
      18.346476,
      15.771532,
      0.16093400000000002,
      0.0,
      4.02335,
      18.668343999999998,
      46.831794
    ],
    [
      17.059003999999998,
      28.96812,
      20.277684,
      21.082354,
      22.691694,
      15.449663999999999,
      15.610598,
      18.668343999999998,
      19.473014,
      17.219938,
      14.48406,
      11.426314,
      26.875978,
      19.151146,
      16.576202000000002,
      4.184284,
      4.02335,
      0.0,
      17.70274,
      47.797398
    ],
    [
      17.059003999999998,
      41.360037999999996,
      17.219938,
      18.185542,
      20.760486,
      33.152404000000004,
      33.152404000000004,
      24.94477,
      37.01482,
      32.830535999999995,
      44.900586,
      33.474272,
      39.267896,
      23.174496,
      33.957074,
      18.829278,
      18.668343999999998,
      17.70274,
      0.0,
      50.050474
    ],
    [
      57.453438000000006,
      57.614371999999996,
      56.00503199999999,
      56.970636,
      31.38213,
      56.648768000000004,
      46.348992,
      59.867448,
      43.613114,
      57.93624,
      30.416525999999998,
      43.934982,
      56.970636,
      60.35025,
      45.06152,
      47.153662000000004,
      46.831794,
      47.797398,
      50.050474,
      0.0
    ]
  ],
  "drive_time_matrix": [
    [
      0.0,
      29.0,
      3.0,
      16.0,
      28.0,
      15.0,
      16.0,
      10.0,
      17.0,
      15.0,
      25.0,
      15.0,
      28.0,
      6.0,
      14.0,
      22.0,
      21.0,
      21.0,
      16.0,
      39.0
    ],
    [
      29.0,
      0.0,
      28.0,
      31.0,
      38.0,
      21.0,
      22.0,
      27.0,
      22.0,
      22.0,
      33.0,
      25.0,
      7.0,
      26.0,
      21.0,
      32.0,
      31.0,
      31.0,
      35.0,
      47.0
    ],
    [
      3.0,
      28.0,
      0.0,
      3.0,
      26.0,
      12.0,
      13.0,
      8.0,
      15.0,
      13.0,
      24.0,
      13.0,
      25.0,
      4.0,
      12.0,
      20.0,
      19.0,
      19.0,
      16.0,
      38.0
    ],
    [
      16.0,
      31.0,
      3.0,
      0.0,
      28.0,
      15.0,
      16.0,
      10.0,
      18.0,
      16.0,
      27.0,
      15.0,
      28.0,
      6.0,
      14.0,
      22.0,
      21.0,
      21.0,
      18.0,
      42.0
    ],
    [
      28.0,
      38.0,
      26.0,
      28.0,
      0.0,
      23.0,
      23.0,
      25.0,
      26.0,
      24.0,
      19.0,
      23.0,
      35.0,
      23.0,
      22.0,
      20.0,
      19.0,
      19.0,
      14.0,
      21.0
    ],
    [
      15.0,
      21.0,
      12.0,
      15.0,
      23.0,
      0.0,
      4.0,
      13.0,
      10.0,
      4.0,
      20.0,
      16.0,
      21.0,
      13.0,
      3.0,
      18.0,
      17.0,
      17.0,
      24.0,
      37.0
    ],
    [
      16.0,
      22.0,
      13.0,
      16.0,
      23.0,
      4.0,
      0.0,
      12.0,
      9.0,
      5.0,
      24.0,
      7.0,
      19.0,
      11.0,
      3.0,
      18.0,
      17.0,
      17.0,
      23.0,
      39.0
    ],
    [
      10.0,
      27.0,
      8.0,
      10.0,
      25.0,
      13.0,
      12.0,
      0.0,
      15.0,
      13.0,
      28.0,
      12.0,
      24.0,
      5.0,
      11.0,
      18.0,
      17.0,
      17.0,
      18.0,
      38.0
    ],
    [
      17.0,
      22.0,
      15.0,
      18.0,
      26.0,
      10.0,
      9.0,
      15.0,
      0.0,
      10.0,
      18.0,
      9.0,
      21.0,
      18.0,
      9.0,
      23.0,
      22.0,
      22.0,
      30.0,
      31.0
    ],
    [
      15.0,
      22.0,
      13.0,
      16.0,
      24.0,
      4.0,
      5.0,
      13.0,
      10.0,
      0.0,
      23.0,
      8.0,
      19.0,
      14.0,
      3.0,
      20.0,
      19.0,
      19.0,
      25.0,
      41.0
    ],
    [
      25.0,
      33.0,
      24.0,
      27.0,
      19.0,
      20.0,
      24.0,
      28.0,
      18.0,
      23.0,
      0.0,
      15.0,
      27.0,
      21.0,
      14.0,
      20.0,
      19.0,
      19.0,
      28.0,
      20.0
    ],
    [
      15.0,
      25.0,
      13.0,
      15.0,
      23.0,
      16.0,
      7.0,
      12.0,
      9.0,
      8.0,
      15.0,
      0.0,
      24.0,
      14.0,
      7.0,
      18.0,
      17.0,
      18.0,
      25.0,
      31.0
    ],
    [
      28.0,
      7.0,
      25.0,
      28.0,
      35.0,
      21.0,
      19.0,
      24.0,
      21.0,
      19.0,
      27.0,
      24.0,
      0.0,
      23.0,
      18.0,
      28.0,
      27.0,
      27.0,
      32.0,
      47.0
    ],
    [
      6.0,
      26.0,
      4.0,
      6.0,
      23.0,
      13.0,
      11.0,
      5.0,
      18.0,
      14.0,
      21.0,
      14.0,
      23.0,
      0.0,
      11.0,
      17.0,
      16.0,
      16.0,
      14.0,
      36.0
    ],
    [
      14.0,
      21.0,
      12.0,
      14.0,
      22.0,
      3.0,
      3.0,
      11.0,
      9.0,
      3.0,
      14.0,
      7.0,
      18.0,
      11.0,
      0.0,
      19.0,
      18.0,
      18.0,
      24.0,
      34.0
    ],
    [
      22.0,
      32.0,
      20.0,
      22.0,
      20.0,
      18.0,
      18.0,
      18.0,
      23.0,
      20.0,
      20.0,
      18.0,
      28.0,
      17.0,
      19.0,
      0.0,
      1.0,
      9.0,
      26.0,
      32.0
    ],
    [
      21.0,
      31.0,
      19.0,
      21.0,
      19.0,
      17.0,
      17.0,
      17.0,
      22.0,
      19.0,
      19.0,
      17.0,
      27.0,
      16.0,
      18.0,
      1.0,
      0.0,
      8.0,
      25.0,
      30.0
    ],
    [
      21.0,
      31.0,
      19.0,
      21.0,
      19.0,
      17.0,
      17.0,
      17.0,
      22.0,
      19.0,
      19.0,
      18.0,
      27.0,
      16.0,
      18.0,
      9.0,
      8.0,
      0.0,
      24.0,
      31.0
    ],
    [
      16.0,
      35.0,
      16.0,
      18.0,
      14.0,
      24.0,
      23.0,
      18.0,
      30.0,
      25.0,
      28.0,
      25.0,
      32.0,
      14.0,
      24.0,
      26.0,
      25.0,
      24.0,
      0.0,
      29.0
    ],
    [
      39.0,
      47.0,
      38.0,
      42.0,
      21.0,
      37.0,
      39.0,
      38.0,
      31.0,
      41.0,
      20.0,
      31.0,
      47.0,
      36.0,
      34.0,
      32.0,
      30.0,
      31.0,
      29.0,
      0.0
    ]
  ],
  "transit_dist_walk_matrix": [
    [
      0.0,
      4.1665,
      NaN,
      0.74997,
      1.33328,
      1.2499500000000001,
      0.49998,
      0.9166300000000001,
      0.8333,
      0.66664,
      1.16662,
      0.8333,
      1.8332600000000001,
      0.41665,
      0.41665,
      NaN,
      NaN,
      1.49994,
      2.24991,
      NaN
    ],
    [
      4.1665,
      0.0,
      4.33316,
      4.33316,
      4.66648,
      4.33316,
      3.91651,
      3.91651,
      3.99984,
      3.91651,
      4.24983,
      3.6665200000000002,
      NaN,
      3.74985,
      3.74985,
      NaN,
      NaN,
      4.58315,
      NaN,
      NaN
    ],
    [
      NaN,
      4.33316,
      0.0,
      NaN,
      2.24991,
      1.49994,
      0.8333,
      2.08325,
      1.16662,
      1.58327,
      1.2499500000000001,
      1.16662,
      1.99992,
      0.74997,
      0.74997,
      NaN,
      NaN,
      1.58327,
      2.41657,
      NaN
    ],
    [
      0.74997,
      4.33316,
      NaN,
      0.0,
      1.6666,
      1.58327,
      1.08329,
      1.49994,
      1.41661,
      1.2499500000000001,
      1.58327,
      1.2499500000000001,
      2.16658,
      0.99996,
      0.99996,
      NaN,
      NaN,
      1.74993,
      2.4999000000000002,
      NaN
    ],
    [
      1.33328,
      4.66648,
      2.24991,
      1.6666,
      0.0,
      1.49994,
      1.2499500000000001,
      1.49994,
      1.8332600000000001,
      1.16662,
      1.2499500000000001,
      1.08329,
      1.91659,
      2.08325,
      1.16662,
      NaN,
      NaN,
      1.74993,
      2.58323,
      NaN
    ],
    [
      1.2499500000000001,
      4.33316,
      1.49994,
      1.58327,
      1.49994,
      0.0,
      1.6666,
      1.41661,
      1.58327,
      NaN,
      1.49994,
      1.16662,
      2.4999000000000002,
      2.08325,
      NaN,
      NaN,
      NaN,
      1.91659,
      2.4999000000000002,
      NaN
    ],
    [
      0.49998,
      3.91651,
      0.8333,
      1.08329,
      1.2499500000000001,
      1.6666,
      0.0,
      0.74997,
      0.9166300000000001,
      NaN,
      0.66664,
      0.58331,
      1.58327,
      0.33332,
      NaN,
      NaN,
      NaN,
      1.33328,
      2.58323,
      NaN
    ],
    [
      0.9166300000000001,
      3.91651,
      2.08325,
      1.49994,
      1.49994,
      1.41661,
      0.74997,
      0.0,
      NaN,
      NaN,
      NaN,
      NaN,
      NaN,
      NaN,
      NaN,
      NaN,
      NaN,
      NaN,
      NaN,
      NaN
    ],
    [
      0.8333,
      3.99984,
      1.16662,
      1.41661,
      1.8332600000000001,
      1.58327,
      0.9166300000000001,
      NaN,
      0.0,
      1.08329,
      1.08329,
      1.2499500000000001,
      2.74989,
      0.74997,
      0.8333,
      NaN,
      NaN,
      1.6666,
      2.66656,
      NaN
    ],
    [
      0.66664,
      3.91651,
      1.58327,
      1.2499500000000001,
      1.16662,
      NaN,
      NaN,
      NaN,
      1.08329,
      0.0,
      0.58331,
      0.49998,
      1.49994,
      0.58331,
      NaN,
      NaN,
      NaN,
      1.41661,
      2.24991,
      NaN
    ],
    [
      1.16662,
      4.24983,
      1.2499500000000001,
      1.58327,
      1.2499500000000001,
      1.49994,
      0.66664,
      NaN,
      1.08329,
      0.58331,
      0.0,
      1.08329,
      1.91659,
      0.99996,
      1.58327,
      NaN,
      NaN,
      1.99992,
      2.74989,
      NaN
    ],
    [
      0.8333,
      3.6665200000000002,
      1.16662,
      1.2499500000000001,
      1.08329,
      1.16662,
      0.58331,
      NaN,
      1.2499500000000001,
      0.49998,
      1.08329,
      0.0,
      2.58323,
      1.74993,
      1.2499500000000001,
      NaN,
      NaN,
      1.33328,
      2.33324,
      NaN
    ],
    [
      1.8332600000000001,
      NaN,
      1.99992,
      2.16658,
      1.91659,
      2.4999000000000002,
      1.58327,
      NaN,
      2.74989,
      1.49994,
      1.91659,
      2.58323,
      0.0,
      1.33328,
      1.41661,
      NaN,
      NaN,
      2.24991,
      3.0832100000000002,
      NaN
    ],
    [
      0.41665,
      3.74985,
      0.74997,
      0.99996,
      2.08325,
      2.08325,
      0.33332,
      NaN,
      0.74997,
      0.58331,
      0.99996,
      1.74993,
      1.33328,
      0.0,
      0.41665,
      NaN,
      NaN,
      1.2499500000000001,
      2.99988,
      NaN
    ],
    [
      0.41665,
      3.74985,
      0.74997,
      0.99996,
      1.16662,
      NaN,
      NaN,
      NaN,
      0.8333,
      NaN,
      1.58327,
      1.2499500000000001,
      1.41661,
      0.41665,
      0.0,
      NaN,
      NaN,
      1.16662,
      2.58323,
      NaN
    ],
    [
      NaN,
      NaN,
      NaN,
      NaN,
      NaN,
      NaN,
      NaN,
      NaN,
      NaN,
      NaN,
      NaN,
      NaN,
      NaN,
      NaN,
      NaN,
      0.0,
      NaN,
      NaN,
      NaN,
      NaN
    ],
    [
      NaN,
      NaN,
      NaN,
      NaN,
      NaN,
      NaN,
      NaN,
      NaN,
      NaN,
      NaN,
      NaN,
      NaN,
      NaN,
      NaN,
      NaN,
      NaN,
      0.0,
      NaN,
      NaN,
      NaN
    ],
    [
      1.49994,
      4.58315,
      1.58327,
      1.74993,
      1.74993,
      1.91659,
      1.33328,
      NaN,
      1.6666,
      1.41661,
      1.99992,
      1.33328,
      2.24991,
      1.2499500000000001,
      1.16662,
      NaN,
      NaN,
      0.0,
      2.83322,
      NaN
    ],
    [
      2.24991,
      NaN,
      2.41657,
      2.4999000000000002,
      2.58323,
      2.4999000000000002,
      2.58323,
      NaN,
      2.66656,
      2.24991,
      2.74989,
      2.33324,
      3.0832100000000002,
      2.99988,
      2.58323,
      NaN,
      NaN,
      2.83322,
      0.0,
      NaN
    ],
    [
      NaN,
      NaN,
      NaN,
      NaN,
      NaN,
      NaN,
      NaN,
      NaN,
      NaN,
      NaN,
      NaN,
      NaN,
      NaN,
      NaN,
      NaN,
      NaN,
      NaN,
      NaN,
      NaN,
      0.0
    ]
  ],
  "transit_time_matrix": [
    [
      0.0,
      126.0,
      NaN,
      16.0,
      91.0,
      54.0,
      45.0,
      36.0,
      59.0,
      15.0,
      129.0,
      47.0,
      99.0,
      24.0,
      14.0,
      NaN,
      NaN,
      87.0,
      76.0,
      NaN
    ],
    [
      126.0,
      0.0,
      28.0,
      480.0,
      166.0,
      105.0,
      93.0,
      120.0,
      22.0,
      93.0,
      150.0,
      99.0,
      NaN,
      26.0,
      91.0,
      NaN,
      NaN,
      146.0,
      NaN,
      NaN
    ],
    [
      NaN,
      28.0,
      0.0,
      NaN,
      86.0,
      12.0,
      13.0,
      8.0,
      15.0,
      13.0,
      115.0,
      13.0,
      85.0,
      13.0,
      34.0,
      NaN,
      NaN,
      73.0,
      109.0,
      NaN
    ],
    [
      16.0,
      480.0,
      NaN,
      0.0,
      118.0,
      15.0,
      16.0,
      36.0,
      18.0,
      46.0,
      120.0,
      54.0,
      96.0,
      24.0,
      45.0,
      NaN,
      NaN,
      84.0,
      113.0,
      NaN
    ],
    [
      91.0,
      166.0,
      86.0,
      118.0,
      0.0,
      103.0,
      93.0,
      67.0,
      112.0,
      92.0,
      19.0,
      96.0,
      114.0,
      74.0,
      93.0,
      NaN,
      NaN,
      95.0,
      113.0,
      NaN
    ],
    [
      54.0,
      105.0,
      12.0,
      15.0,
      103.0,
      0.0,
      26.0,
      36.0,
      10.0,
      0.0,
      59.0,
      16.0,
      66.0,
      13.0,
      0.0,
      NaN,
      NaN,
      17.0,
      115.0,
      NaN
    ],
    [
      45.0,
      93.0,
      13.0,
      16.0,
      93.0,
      26.0,
      0.0,
      24.0,
      21.0,
      NaN,
      77.0,
      7.0,
      19.0,
      26.0,
      NaN,
      NaN,
      NaN,
      47.0,
      110.0,
      NaN
    ],
    [
      36.0,
      120.0,
      8.0,
      36.0,
      67.0,
      36.0,
      24.0,
      0.0,
      NaN,
      NaN,
      NaN,
      NaN,
      NaN,
      NaN,
      NaN,
      NaN,
      NaN,
      NaN,
      NaN,
      NaN
    ],
    [
      59.0,
      22.0,
      15.0,
      18.0,
      112.0,
      10.0,
      21.0,
      NaN,
      0.0,
      21.0,
      73.0,
      40.0,
      67.0,
      18.0,
      18.0,
      NaN,
      NaN,
      70.0,
      30.0,
      NaN
    ],
    [
      15.0,
      93.0,
      13.0,
      46.0,
      92.0,
      0.0,
      NaN,
      NaN,
      21.0,
      0.0,
      76.0,
      8.0,
      48.0,
      27.0,
      NaN,
      NaN,
      NaN,
      48.0,
      106.0,
      NaN
    ],
    [
      129.0,
      150.0,
      115.0,
      120.0,
      19.0,
      59.0,
      77.0,
      NaN,
      73.0,
      76.0,
      0.0,
      61.0,
      122.0,
      92.0,
      76.0,
      NaN,
      NaN,
      62.0,
      135.0,
      NaN
    ],
    [
      47.0,
      99.0,
      13.0,
      54.0,
      96.0,
      16.0,
      7.0,
      NaN,
      40.0,
      8.0,
      61.0,
      0.0,
      66.0,
      44.0,
      23.0,
      NaN,
      NaN,
      18.0,
      100.0,
      NaN
    ],
    [
      99.0,
      NaN,
      85.0,
      96.0,
      114.0,
      66.0,
      19.0,
      NaN,
      67.0,
      48.0,
      122.0,
      66.0,
      0.0,
      66.0,
      47.0,
      NaN,
      NaN,
      84.0,
      154.0,
      NaN
    ],
    [
      24.0,
      26.0,
      13.0,
      24.0,
      74.0,
      13.0,
      26.0,
      NaN,
      18.0,
      27.0,
      92.0,
      44.0,
      66.0,
      0.0,
      26.0,
      NaN,
      NaN,
      65.0,
      100.0,
      NaN
    ],
    [
      14.0,
      91.0,
      34.0,
      45.0,
      93.0,
      0.0,
      NaN,
      NaN,
      18.0,
      NaN,
      76.0,
      23.0,
      47.0,
      26.0,
      0.0,
      NaN,
      NaN,
      18.0,
      104.0,
      NaN
    ],
    [
      NaN,
      NaN,
      NaN,
      NaN,
      NaN,
      NaN,
      NaN,
      NaN,
      NaN,
      NaN,
      NaN,
      NaN,
      NaN,
      NaN,
      NaN,
      0.0,
      NaN,
      NaN,
      NaN,
      NaN
    ],
    [
      NaN,
      NaN,
      NaN,
      NaN,
      NaN,
      NaN,
      NaN,
      NaN,
      NaN,
      NaN,
      NaN,
      NaN,
      NaN,
      NaN,
      NaN,
      NaN,
      0.0,
      NaN,
      NaN,
      NaN
    ],
    [
      87.0,
      146.0,
      73.0,
      84.0,
      95.0,
      17.0,
      47.0,
      NaN,
      70.0,
      48.0,
      62.0,
      18.0,
      84.0,
      65.0,
      18.0,
      NaN,
      NaN,
      0.0,
      24.0,
      NaN
    ],
    [
      76.0,
      NaN,
      109.0,
      113.0,
      113.0,
      115.0,
      110.0,
      NaN,
      30.0,
      106.0,
      135.0,
      100.0,
      154.0,
      100.0,
      104.0,
      NaN,
      NaN,
      24.0,
      0.0,
      NaN
    ],
    [
      NaN,
      NaN,
      NaN,
      NaN,
      NaN,
      NaN,
      NaN,
      NaN,
      NaN,
      NaN,
      NaN,
      NaN,
      NaN,
      NaN,
      NaN,
      NaN,
      NaN,
      NaN,
      NaN,
      0.0
    ]
  ],
  "walk_dist_matrix": [
    [
      0.0,
      23.657297999999997,
      1.448406,
      2.2530759999999996,
      26.875978,
      13.518456,
      12.07005,
      5.149888000000001,
      15.28873,
      12.391918,
      23.818232000000002,
      12.713786,
      21.72609,
      3.5405480000000003,
      12.230984,
      20.760486,
      15.610598,
      12.552852,
      14.48406,
      52.142616
    ],
    [
      23.657297999999997,
      0.0,
      22.208892000000002,
      23.33543,
      42.486576,
      13.840323999999999,
      12.87472,
      19.794882,
      14.001257999999998,
      12.713786,
      28.324384000000002,
      14.323126,
      2.735878,
      20.92142,
      12.87472,
      30.255592,
      27.036912,
      24.461968,
      37.980424,
      57.93624
    ],
    [
      1.448406,
      22.208892000000002,
      0.0,
      1.1265379999999998,
      27.841582000000002,
      12.552852,
      10.621644,
      3.8624159999999996,
      13.840323999999999,
      10.943512,
      24.783836,
      12.230984,
      20.277684,
      2.092142,
      10.782578,
      21.72609,
      16.576202000000002,
      13.518456,
      15.771532,
      53.10822
    ],
    [
      2.2530759999999996,
      23.33543,
      1.1265379999999998,
      0.0,
      28.16345,
      13.518456,
      11.748182,
      4.82802,
      14.966862,
      12.07005,
      25.105704,
      13.357522000000001,
      21.404222,
      3.21868,
      11.909116000000001,
      22.047957999999998,
      16.89807,
      13.840323999999999,
      15.449663999999999,
      53.430088000000005
    ],
    [
      26.875978,
      42.486576,
      27.841582000000002,
      28.16345,
      0.0,
      29.933724,
      29.77279,
      26.071308,
      32.669602,
      30.094658,
      22.369826,
      28.807185999999998,
      40.555368,
      26.232242,
      29.77279,
      17.863674,
      21.404222,
      20.599552000000003,
      19.794882,
      31.703998
    ],
    [
      13.518456,
      13.840323999999999,
      12.552852,
      13.518456,
      29.933724,
      0.0,
      2.41401,
      9.816974,
      3.379614,
      2.5749440000000003,
      15.771532,
      1.448406,
      13.196587999999998,
      10.46071,
      2.41401,
      17.70274,
      14.48406,
      12.07005,
      27.036912,
      44.900586
    ],
    [
      12.07005,
      12.87472,
      10.621644,
      11.748182,
      29.77279,
      2.41401,
      0.0,
      7.885766,
      3.379614,
      0.32186800000000004,
      17.059003999999998,
      2.735878,
      10.943512,
      8.529501999999999,
      0.32186800000000004,
      17.541806,
      14.162192000000001,
      11.909116000000001,
      26.393175999999997,
      46.67086
    ],
    [
      5.149888000000001,
      19.794882,
      3.8624159999999996,
      4.82802,
      26.071308,
      9.816974,
      7.885766,
      0.0,
      10.943512,
      7.885766,
      22.691694,
      9.65604,
      17.863674,
      1.7702740000000001,
      8.0467,
      19.633948,
      14.644993999999999,
      11.748182,
      19.633948,
      51.016078
    ],
    [
      15.28873,
      14.001257999999998,
      13.840323999999999,
      14.966862,
      32.669602,
      3.379614,
      3.379614,
      10.943512,
      0.0,
      3.057746,
      15.449663999999999,
      4.345218,
      13.196587999999998,
      11.909116000000001,
      3.21868,
      20.438617999999998,
      17.219938,
      14.966862,
      29.77279,
      44.900586
    ],
    [
      12.391918,
      12.713786,
      10.943512,
      12.07005,
      30.094658,
      2.5749440000000003,
      0.32186800000000004,
      7.885766,
      3.057746,
      0.0,
      17.059003999999998,
      2.735878,
      10.782578,
      9.012303999999999,
      0.32186800000000004,
      17.863674,
      14.644993999999999,
      12.230984,
      26.715044000000002,
      46.67086
    ],
    [
      23.818232000000002,
      28.324384000000002,
      24.783836,
      25.105704,
      22.369826,
      15.771532,
      17.059003999999998,
      22.691694,
      15.449663999999999,
      17.059003999999998,
      0.0,
      15.932466,
      27.519714,
      23.174496,
      16.89807,
      13.035654,
      12.07005,
      12.07005,
      27.35878,
      31.864932
    ],
    [
      12.713786,
      14.323126,
      12.230984,
      13.357522000000001,
      28.807185999999998,
      1.448406,
      2.735878,
      9.65604,
      4.345218,
      2.735878,
      15.932466,
      0.0,
      13.518456,
      10.299776000000001,
      2.5749440000000003,
      16.737136,
      13.357522000000001,
      11.104446000000001,
      25.910374,
      44.25685
    ],
    [
      21.72609,
      2.735878,
      20.277684,
      21.404222,
      40.555368,
      13.196587999999998,
      10.943512,
      17.863674,
      13.196587999999998,
      10.782578,
      27.519714,
      13.518456,
      0.0,
      18.990212,
      10.943512,
      28.324384000000002,
      25.105704,
      22.53076,
      36.049215999999994,
      57.131569999999996
    ],
    [
      3.5405480000000003,
      20.92142,
      2.092142,
      3.21868,
      26.232242,
      10.46071,
      8.529501999999999,
      1.7702740000000001,
      11.909116000000001,
      9.012303999999999,
      23.174496,
      10.299776000000001,
      18.990212,
      0.0,
      8.690436,
      19.955816000000002,
      14.966862,
      11.748182,
      17.863674,
      51.49888
    ],
    [
      12.230984,
      12.87472,
      10.782578,
      11.909116000000001,
      29.77279,
      2.41401,
      0.32186800000000004,
      8.0467,
      3.21868,
      0.32186800000000004,
      16.89807,
      2.5749440000000003,
      10.943512,
      8.690436,
      0.0,
      17.70274,
      14.323126,
      11.909116000000001,
      26.55411,
      46.509926
    ],
    [
      20.760486,
      30.255592,
      21.72609,
      22.047957999999998,
      17.863674,
      17.70274,
      17.541806,
      19.633948,
      20.438617999999998,
      17.863674,
      13.035654,
      16.737136,
      28.324384000000002,
      19.955816000000002,
      17.70274,
      0.0,
      8.529501999999999,
      9.012303999999999,
      19.955816000000002,
      40.555368
    ],
    [
      15.610598,
      27.036912,
      16.576202000000002,
      16.89807,
      21.404222,
      14.48406,
      14.162192000000001,
      14.644993999999999,
      17.219938,
      14.644993999999999,
      12.07005,
      13.357522000000001,
      25.105704,
      14.966862,
      14.323126,
      8.529501999999999,
      0.0,
      4.02335,
      18.50741,
      40.394434000000004
    ],
    [
      12.552852,
      24.461968,
      13.518456,
      13.840323999999999,
      20.599552000000003,
      12.07005,
      11.909116000000001,
      11.748182,
      14.966862,
      12.230984,
      12.07005,
      11.104446000000001,
      22.53076,
      11.748182,
      11.909116000000001,
      9.012303999999999,
      4.02335,
      0.0,
      17.380872,
      40.394434000000004
    ],
    [
      14.48406,
      37.980424,
      15.771532,
      15.449663999999999,
      19.794882,
      27.036912,
      26.393175999999997,
      19.633948,
      29.77279,
      26.715044000000002,
      27.35878,
      25.910374,
      36.049215999999994,
      17.863674,
      26.55411,
      19.955816000000002,
      18.50741,
      17.380872,
      0.0,
      48.602067999999996
    ],
    [
      52.142616,
      57.93624,
      53.10822,
      53.430088000000005,
      31.703998,
      44.900586,
      46.67086,
      51.016078,
      44.900586,
      46.67086,
      31.864932,
      44.25685,
      57.131569999999996,
      51.49888,
      46.509926,
      40.555368,
      40.394434000000004,
      40.394434000000004,
      48.602067999999996,
      0.0
    ]
  ],
  "walk_time_matrix": [
    [
      0.0,
      294.0,
      16.0,
      16.0,
      91.0,
      167.0,
      146.0,
      36.0,
      189.0,
      151.0,
      292.0,
      157.0,
      269.0,
      24.0,
      148.0,
      266.0,
      196.0,
      87.0,
      76.0,
      649.0
    ],
    [
      294.0,
      0.0,
      272.0,
      287.0,
      532.0,
      168.0,
      156.0,
      120.0,
      169.0,
      153.0,
      351.0,
      175.0,
      32.0,
      255.0,
      155.0,
      385.0,
      336.0,
      146.0,
      467.0,
      722.0
    ],
    [
      16.0,
      272.0,
      0.0,
      15.0,
      86.0,
      153.0,
      129.0,
      47.0,
      172.0,
      134.0,
      304.0,
      152.0,
      252.0,
      13.0,
      131.0,
      278.0,
      209.0,
      167.0,
      196.0,
      661.0
    ],
    [
      16.0,
      287.0,
      15.0,
      0.0,
      351.0,
      167.0,
      143.0,
      60.0,
      185.0,
      148.0,
      307.0,
      165.0,
      265.0,
      39.0,
      145.0,
      280.0,
      211.0,
      170.0,
      192.0,
      664.0
    ],
    [
      91.0,
      532.0,
      86.0,
      351.0,
      0.0,
      364.0,
      366.0,
      319.0,
      398.0,
      369.0,
      271.0,
      351.0,
      114.0,
      319.0,
      366.0,
      227.0,
      263.0,
      260.0,
      241.0,
      389.0
    ],
    [
      167.0,
      168.0,
      153.0,
      167.0,
      364.0,
      0.0,
      32.0,
      123.0,
      43.0,
      33.0,
      199.0,
      18.0,
      167.0,
      132.0,
      30.0,
      233.0,
      186.0,
      73.0,
      339.0,
      564.0
    ],
    [
      146.0,
      156.0,
      129.0,
      143.0,
      366.0,
      32.0,
      0.0,
      99.0,
      44.0,
      5.0,
      217.0,
      34.0,
      139.0,
      107.0,
      3.0,
      232.0,
      183.0,
      151.0,
      329.0,
      586.0
    ],
    [
      36.0,
      120.0,
      47.0,
      60.0,
      319.0,
      123.0,
      99.0,
      0.0,
      137.0,
      98.0,
      281.0,
      120.0,
      222.0,
      23.0,
      99.0,
      256.0,
      187.0,
      149.0,
      244.0,
      638.0
    ],
    [
      189.0,
      169.0,
      172.0,
      185.0,
      398.0,
      43.0,
      44.0,
      137.0,
      0.0,
      21.0,
      195.0,
      56.0,
      167.0,
      151.0,
      18.0,
      268.0,
      220.0,
      190.0,
      372.0,
      566.0
    ],
    [
      151.0,
      153.0,
      134.0,
      148.0,
      369.0,
      33.0,
      5.0,
      98.0,
      21.0,
      0.0,
      217.0,
      35.0,
      48.0,
      112.0,
      3.0,
      236.0,
      188.0,
      155.0,
      334.0,
      587.0
    ],
    [
      292.0,
      351.0,
      304.0,
      307.0,
      271.0,
      199.0,
      217.0,
      281.0,
      195.0,
      217.0,
      0.0,
      194.0,
      345.0,
      92.0,
      211.0,
      171.0,
      151.0,
      149.0,
      337.0,
      400.0
    ],
    [
      157.0,
      175.0,
      152.0,
      165.0,
      351.0,
      18.0,
      34.0,
      120.0,
      56.0,
      35.0,
      194.0,
      0.0,
      172.0,
      131.0,
      33.0,
      220.0,
      173.0,
      64.0,
      100.0,
      555.0
    ],
    [
      269.0,
      32.0,
      252.0,
      265.0,
      114.0,
      167.0,
      139.0,
      222.0,
      167.0,
      48.0,
      345.0,
      172.0,
      0.0,
      233.0,
      47.0,
      362.0,
      314.0,
      279.0,
      445.0,
      713.0
    ],
    [
      24.0,
      255.0,
      13.0,
      39.0,
      319.0,
      132.0,
      107.0,
      23.0,
      151.0,
      112.0,
      92.0,
      131.0,
      233.0,
      0.0,
      107.0,
      258.0,
      189.0,
      65.0,
      100.0,
      642.0
    ],
    [
      148.0,
      155.0,
      131.0,
      145.0,
      366.0,
      30.0,
      3.0,
      99.0,
      18.0,
      3.0,
      211.0,
      33.0,
      47.0,
      107.0,
      0.0,
      233.0,
      185.0,
      45.0,
      331.0,
      584.0
    ],
    [
      266.0,
      385.0,
      278.0,
      280.0,
      227.0,
      233.0,
      232.0,
      256.0,
      268.0,
      236.0,
      171.0,
      220.0,
      362.0,
      258.0,
      233.0,
      0.0,
      109.0,
      113.0,
      246.0,
      511.0
    ],
    [
      196.0,
      336.0,
      209.0,
      211.0,
      263.0,
      186.0,
      183.0,
      187.0,
      220.0,
      188.0,
      151.0,
      173.0,
      314.0,
      189.0,
      185.0,
      109.0,
      0.0,
      47.0,
      225.0,
      502.0
    ],
    [
      87.0,
      146.0,
      167.0,
      170.0,
      260.0,
      73.0,
      151.0,
      149.0,
      190.0,
      155.0,
      149.0,
      64.0,
      279.0,
      65.0,
      45.0,
      113.0,
      47.0,
      0.0,
      215.0,
      505.0
    ],
    [
      76.0,
      467.0,
      196.0,
      192.0,
      241.0,
      339.0,
      329.0,
      244.0,
      372.0,
      334.0,
      337.0,
      100.0,
      445.0,
      100.0,
      331.0,
      246.0,
      225.0,
      215.0,
      0.0,
      600.0
    ],
    [
      649.0,
      722.0,
      661.0,
      664.0,
      389.0,
      564.0,
      586.0,
      638.0,
      566.0,
      587.0,
      400.0,
      555.0,
      713.0,
      642.0,
      584.0,
      511.0,
      502.0,
      505.0,
      600.0,
      0.0
    ]
  ],
  "cycle_dist_matrix": [
    [
      0.0,
      23.657297999999997,
      1.7702740000000001,
      2.2530759999999996,
      28.324384000000002,
      14.966862,
      13.357522000000001,
      6.276426,
      16.0934,
      13.035654,
      24.783836,
      14.966862,
      23.174496,
      3.5405480000000003,
      13.196587999999998,
      21.887024,
      15.610598,
      13.357522000000001,
      17.380872,
      54.71756
    ],
    [
      23.657297999999997,
      0.0,
      24.1401,
      25.427572,
      45.222454,
      14.323126,
      12.87472,
      20.277684,
      14.644993999999999,
      12.713786,
      33.313338,
      15.28873,
      2.896812,
      21.404222,
      12.87472,
      31.703998,
      27.036912,
      24.94477,
      43.45218,
      63.24706199999999
    ],
    [
      1.7702740000000001,
      24.1401,
      0.0,
      1.2874720000000002,
      29.77279,
      13.357522000000001,
      11.748182,
      4.667085999999999,
      14.323126,
      11.426314,
      26.232242,
      13.357522000000001,
      21.404222,
      2.5749440000000003,
      11.587248,
      21.72609,
      16.576202000000002,
      13.518456,
      18.829278,
      56.3269
    ],
    [
      2.2530759999999996,
      25.427572,
      1.2874720000000002,
      0.0,
      28.96812,
      14.644993999999999,
      13.035654,
      5.9545580000000005,
      15.610598,
      12.713786,
      25.427572,
      15.610598,
      23.657297999999997,
      3.21868,
      12.87472,
      22.53076,
      17.380872,
      14.162192000000001,
      18.024607999999997,
      53.430088000000005
    ],
    [
      28.324384000000002,
      45.222454,
      29.77279,
      28.96812,
      0.0,
      31.703998,
      32.508668,
      34.278942,
      34.922678,
      32.347734,
      23.496364,
      30.255592,
      43.45218,
      32.025866,
      32.1868,
      18.668343999999998,
      22.208892000000002,
      22.852628,
      21.082354,
      31.703998
    ],
    [
      14.966862,
      14.323126,
      13.357522000000001,
      14.644993999999999,
      31.703998,
      0.0,
      2.735878,
      10.299776000000001,
      3.8624159999999996,
      2.896812,
      17.219938,
      1.60934,
      13.67939,
      10.621644,
      2.5749440000000003,
      18.50741,
      14.644993999999999,
      13.196587999999998,
      28.807185999999998,
      44.900586
    ],
    [
      13.357522000000001,
      12.87472,
      11.748182,
      13.035654,
      32.508668,
      2.735878,
      0.0,
      8.368568,
      3.379614,
      0.32186800000000004,
      17.059003999999998,
      2.5749440000000003,
      10.943512,
      9.65604,
      0.32186800000000004,
      18.829278,
      14.323126,
      11.909116000000001,
