{
  "drive_dist_matrix": [
    [
      0.0,
      0.32186800000000004,
      0.32186800000000004,
      0.48280199999999995,
      2.2530759999999996,
      1.9312079999999998,
      7.724831999999999,
      1.448406,
      6.276426,
      0.9656039999999999,
      16.737136,
      7.0810960000000005,
      7.24203,
      2.735878,
      1.9312079999999998,
      8.0467,
      2.735878,
      11.26538,
      2.092142,
      0.16093400000000002,
      4.9889540000000006,
      1.9312079999999998,
      9.816974,
      8.0467,
      17.380872,
      2.41401,
      4.9889540000000006,
      3.5405480000000003,
      2.735878,
      3.21868,
      3.7014819999999995,
      2.41401,
      0.16093400000000002,
      2.735878,
      0.48280199999999995,
      2.5749440000000003,
      3.057746,
      7.885766,
      2.41401,
      4.506151999999999,
      5.63269,
      21.887024,
      2.896812,
      4.667085999999999,
      1.448406,
      1.448406,
      2.2530759999999996,
      2.41401,
      13.357522000000001,
      1.9312079999999998,
      4.82802,
      2.896812,
      0.223,
      19.473014,
      6.43736,
      3.057746,
      1.9312079999999998,
      5.310822
    ],
    [
      0.32186800000000004,
      0.0,
      0.463,
      0.32186800000000004,
      2.2530759999999996,
      1.9312079999999998,
      7.885766,
      2.2530759999999996,
      5.63269,
      0.80467,
      16.89807,
      6.598293999999999,
      6.598293999999999,
      2.735878,
      1.9312079999999998,
      8.207633999999999,
      2.735878,
      11.426314,
      2.092142,
      0.16093400000000002,
      4.345218,
      1.9312079999999998,
      9.173238,
      7.563898,
      17.70274,
      1.7702740000000001,
      5.149888000000001,
      3.5405480000000003,
      2.2530759999999996,
      2.735878,
      3.7014819999999995,
      1.9312079999999998,
      0.48280199999999995,
      2.735878,
      0.48280199999999995,
      2.092142,
      3.057746,
      7.402963999999999,
      2.41401,
      4.02335,
      4.9889540000000006,
      20.92142,
      2.896812,
      4.82802,
      1.60934,
      2.2530759999999996,
      1.7702740000000001,
      2.41401,
      13.518456,
      1.9312079999999998,
      4.82802,
      2.896812,
      0.32186800000000004,
      18.668343999999998,
      5.471756,
      2.5749440000000003,
      2.41401,
      4.667085999999999
    ],
    [
      0.32186800000000004,
      0.463,
      0.0,
      0.32186800000000004,
      2.2530759999999996,
      1.7702740000000001,
      7.885766,
      2.2530759999999996,
      5.63269,
      0.80467,
      16.89807,
      6.598293999999999,
      6.598293999999999,
      2.735878,
      1.9312079999999998,
      8.207633999999999,
      2.735878,
      11.426314,
      2.092142,
      0.4,
      4.345218,
      1.9312079999999998,
      9.173238,
      7.563898,
      17.70274,
      1.7702740000000001,
      5.149888000000001,
      3.5405480000000003,
      2.2530759999999996,
      2.735878,
      3.7014819999999995,
      1.7702740000000001,
      0.32186800000000004,
      2.735878,
      0.48280199999999995,
      2.092142,
      3.057746,
      7.402963999999999,
      2.41401,
      4.02335,
      4.9889540000000006,
      20.92142,
      2.896812,
      4.82802,
      1.60934,
      2.2530759999999996,
      1.60934,
      2.41401,
      13.518456,
      1.7702740000000001,
      4.82802,
      2.735878,
      0.16093400000000002,
      18.668343999999998,
      5.471756,
      2.5749440000000003,
      2.41401,
      4.667085999999999
    ],
    [
      0.48280199999999995,
      0.32186800000000004,
      0.32186800000000004,
      0.0,
      2.41401,
      1.9312079999999998,
      8.0467,
      2.41401,
      5.63269,
      0.9656039999999999,
      16.89807,
      7.563898,
      6.759228,
      2.896812,
      2.092142,
      8.368568,
      2.896812,
      11.587248,
      2.2530759999999996,
      0.32186800000000004,
      4.506151999999999,
      2.092142,
      9.334171999999999,
      5.310822,
      17.70274,
      1.9312079999999998,
      4.667085999999999,
      3.7014819999999995,
      2.41401,
      2.735878,
      4.82802,
      1.9312079999999998,
      0.48280199999999995,
      2.896812,
      0.16093400000000002,
      2.092142,
      3.21868,
      7.724831999999999,
      2.5749440000000003,
      4.02335,
      4.82802,
      21.082354,
      3.057746,
      4.9889540000000006,
      1.7702740000000001,
      2.41401,
      1.7702740000000001,
      2.5749440000000003,
      13.67939,
      1.9312079999999998,
      4.667085999999999,
      2.896812,
      0.32186800000000004,
      18.668343999999998,
      5.63269,
      2.5749440000000003,
      2.5749440000000003,
      4.667085999999999
    ],
    [
      2.2530759999999996,
      2.2530759999999996,
      2.2530759999999996,
      2.41401,
      0.0,
      0.48280199999999995,
      9.173238,
      3.7014819999999995,
      10.299776000000001,
      1.9312079999999998,
      15.127796,
      7.563898,
      11.26538,
      1.1265379999999998,
      0.48280199999999995,
      9.65604,
      1.1265379999999998,
      12.87472,
      0.354,
      2.41401,
      9.012303999999999,
      0.32186800000000004,
      9.816974,
      8.529501999999999,
      15.771532,
      3.8624159999999996,
      6.115492,
      1.9312079999999998,
      1.1265379999999998,
      1.7702740000000001,
      2.092142,
      3.8624159999999996,
      2.735878,
      0.80467,
      2.5749440000000003,
      0.9656039999999999,
      1.448406,
      8.368568,
      0.16093400000000002,
      6.598293999999999,
      6.115492,
      18.346476,
      1.2874720000000002,
      9.65604,
      3.057746,
      3.7014819999999995,
      3.7014819999999995,
      0.16093400000000002,
      11.748182,
      0.9656039999999999,
      3.21868,
      0.80467,
      2.5749440000000003,
      16.0934,
      2.896812,
      2.41401,
      3.8624159999999996,
      9.334171999999999
    ],
    [
      1.9312079999999998,
      1.9312079999999998,
      1.7702740000000001,
      1.9312079999999998,
      0.48280199999999995,
      0.0,
      9.012303999999999,
      3.5405480000000003,
      6.598293999999999,
      1.7702740000000001,
      15.28873,
      7.724831999999999,
      8.207633999999999,
      1.2874720000000002,
      0.32186800000000004,
      9.495106,
      1.2874720000000002,
      12.713786,
      0.6437360000000001,
      2.2530759999999996,
      5.9545580000000005,
      0.144,
      9.816974,
      8.690436,
      15.932466,
      2.896812,
      6.276426,
      2.092142,
      1.2874720000000002,
      1.9312079999999998,
      2.2530759999999996,
      2.896812,
      2.5749440000000003,
      0.9656039999999999,
      2.5749440000000003,
      0.9656039999999999,
      1.60934,
      8.529501999999999,
      0.6437360000000001,
      4.506151999999999,
      6.276426,
      18.668343999999998,
      1.448406,
      6.43736,
      2.896812,
      3.5405480000000003,
      2.735878,
      0.48280199999999995,
      11.909116000000001,
      0.0,
      3.21868,
      0.9656039999999999,
      2.5749440000000003,
      16.415267999999998,
      3.21868,
      2.896812,
      3.7014819999999995,
      6.115492
    ],
    [
      7.724831999999999,
      7.885766,
      7.885766,
      8.0467,
      9.173238,
      9.012303999999999,
      0.0,
      6.43736,
      6.598293999999999,
      7.0810960000000005,
      24.461968,
      12.87472,
      5.9545580000000005,
      9.65604,
      8.85137,
      2.2530759999999996,
      9.65604,
      8.85137,
      8.690436,
      7.402963999999999,
      6.115492,
      8.690436,
      10.138842,
      14.001257999999998,
      25.266638,
      7.885766,
      11.587248,
      10.46071,
      9.65604,
      9.977908000000001,
      10.621644,
      7.885766,
      6.9201619999999995,
      9.65604,
      8.0467,
      9.334171999999999,
      9.977908000000001,
      9.012303999999999,
      8.85137,
      10.299776000000001,
      11.426314,
      28.324384000000002,
      9.816974,
      5.471756,
      6.598293999999999,
      6.43736,
      7.724831999999999,
      9.012303999999999,
      21.082354,
      8.690436,
      11.748182,
      9.65604,
      7.402963999999999,
      26.071308,
      12.87472,
      9.816974,
      5.793624,
      5.63269
    ],
    [
      1.448406,
      2.2530759999999996,
      2.2530759999999996,
      2.41401,
      3.7014819999999995,
      3.5405480000000003,
      6.43736,
      0.0,
      4.506151999999999,
      2.2530759999999996,
      15.28873,
      7.402963999999999,
      6.276426,
      4.184284,
      3.379614,
      6.9201619999999995,
      4.345218,
      11.26538,
      3.8624159999999996,
      1.60934,
      4.02335,
      3.21868,
      8.85137,
      8.368568,
      19.794882,
      2.735878,
      5.9545580000000005,
      7.24203,
      5.310822,
      4.667085999999999,
      7.402963999999999,
      2.735878,
      1.1265379999999998,
      6.759228,
      2.41401,
      4.184284,
      6.598293999999999,
      8.207633999999999,
      4.02335,
      4.82802,
      5.9545580000000005,
      22.208892000000002,
      6.598293999999999,
      3.379614,
      1.7702740000000001,
      0.043,
      2.5749440000000003,
      4.184284,
      15.771532,
      3.21868,
      8.368568,
      6.759228,
      1.448406,
      19.955816000000002,
      6.759228,
      4.506151999999999,
      0.48280199999999995,
      3.5405480000000003
    ],
    [
      6.276426,
      5.63269,
      5.63269,
      5.63269,
      10.299776000000001,
      6.598293999999999,
      6.598293999999999,
      4.506151999999999,
      0.0,
      6.598293999999999,
      22.852628,
      4.82802,
      4.184284,
      9.816974,
      9.012303999999999,
      7.0810960000000005,
      9.495106,
      9.012303999999999,
      7.402963999999999,
      6.43736,
      1.9312079999999998,
      9.173238,
      5.149888000000001,
      5.9545580000000005,
      23.496364,
      4.506151999999999,
      5.471756,
      10.782578,
      9.012303999999999,
      9.495106,
      10.782578,
      4.667085999999999,
      5.9545580000000005,
      9.977908000000001,
      5.63269,
      9.012303999999999,
      9.816974,
      2.735878,
      10.46071,
      5.9545580000000005,
      5.471756,
      25.427572,
      9.816974,
      1.448406,
      8.207633999999999,
      6.276426,
      4.506151999999999,
      10.46071,
      19.473014,
      9.173238,
      12.07005,
      9.816974,
      6.598293999999999,
      23.013562,
      9.977908000000001,
      6.759228,
      4.667085999999999,
      1.448406
    ],
    [
      0.9656039999999999,
      0.80467,
      0.80467,
      0.9656039999999999,
      1.9312079999999998,
      1.7702740000000001,
      7.0810960000000005,
      2.2530759999999996,
      6.598293999999999,
      0.0,
      17.380872,
      7.24203,
      7.24203,
      2.735878,
      1.9312079999999998,
      7.724831999999999,
      2.735878,
      10.943512,
      1.60934,
      0.80467,
      4.9889540000000006,
      1.60934,
      9.816974,
      8.207633999999999,
      18.185542,
      2.41401,
      5.149888000000001,
      3.5405480000000003,
      2.735878,
      3.21868,
      3.7014819999999995,
      2.5749440000000003,
      1.1265379999999998,
      2.41401,
      1.1265379999999998,
      2.5749440000000003,
      3.057746,
      8.0467,
      1.7702740000000001,
      4.506151999999999,
      5.793624,
      19.955816000000002,
      2.896812,
      5.63269,
      1.1265379999999998,
      2.092142,
      2.41401,
      1.7702740000000001,
      12.07005,
      1.60934,
      4.82802,
      2.41401,
      0.9656039999999999,
      17.70274,
      4.506151999999999,
      3.057746,
      1.9312079999999998,
      5.310822
    ],
    [
      16.737136,
      16.89807,
      16.89807,
      16.89807,
      15.127796,
      15.28873,
      24.461968,
      15.28873,
      22.852628,
      17.380872,
      0.0,
      18.185542,
      18.829278,
      10.782578,
      12.552852,
      21.72609,
      11.587248,
      24.301033999999998,
      11.26538,
      14.644993999999999,
      16.576202000000002,
      11.587248,
      20.277684,
      19.151146,
      4.9889540000000006,
      14.48406,
      16.737136,
      10.782578,
      12.230984,
      11.748182,
      10.782578,
      14.48406,
      14.48406,
      10.782578,
      13.840323999999999,
      12.07005,
      10.46071,
      18.990212,
      10.943512,
      17.059003999999998,
      16.737136,
      15.771532,
      10.621644,
      17.219938,
      15.449663999999999,
      15.449663999999999,
      14.323126,
      10.943512,
      8.368568,
      12.713786,
      11.909116000000001,
      10.621644,
      14.644993999999999,
      11.426314,
      8.207633999999999,
      13.357522000000001,
      15.771532,
      16.89807
    ],
    [
      7.0810960000000005,
      6.598293999999999,
      6.598293999999999,
      7.563898,
      7.563898,
      7.724831999999999,
      12.87472,
      7.402963999999999,
      4.82802,
      7.24203,
      18.185542,
      0.0,
      8.368568,
      8.0467,
      7.24203,
      11.748182,
      7.724831999999999,
      15.771532,
      8.529501999999999,
      7.563898,
      5.793624,
      7.402963999999999,
      7.563898,
      1.7702740000000001,
      21.72609,
      5.793624,
      3.057746,
      9.012303999999999,
      7.402963999999999,
      5.63269,
      9.012303999999999,
      5.793624,
      6.9201619999999995,
      8.0467,
      6.759228,
      7.24203,
      8.529501999999999,
      2.896812,
      8.207633999999999,
      3.8624159999999996,
      3.379614,
      26.393175999999997,
      8.0467,
      6.115492,
      7.885766,
      7.724831999999999,
      5.63269,
      8.207633999999999,
      12.552852,
      7.402963999999999,
      7.0810960000000005,
      8.0467,
      7.724831999999999,
      23.979166,
      10.782578,
      4.82802,
      8.207633999999999,
      6.276426
    ],
    [
      7.24203,
      6.598293999999999,
      6.598293999999999,
      6.759228,
      11.26538,
      8.207633999999999,
      5.9545580000000005,
      6.276426,
      4.184284,
      7.24203,
      18.829278,
      8.368568,
      0.0,
      10.46071,
      9.495106,
      6.115492,
      9.977908000000001,
      6.43736,
      7.885766,
      6.9201619999999995,
      2.5749440000000003,
      9.65604,
      3.8624159999999996,
      8.85137,
      24.1401,
      5.9545580000000005,
      7.402963999999999,
      11.26538,
      9.65604,
      10.138842,
      11.26538,
      5.9545580000000005,
      6.43736,
      10.46071,
      6.115492,
      9.495106,
      10.138842,
      4.506151999999999,
      10.943512,
      7.724831999999999,
      7.24203,
      25.910374,
      10.299776000000001,
      2.896812,
      7.563898,
      6.598293999999999,
      5.793624,
      10.782578,
      19.955816000000002,
      9.65604,
      11.748182,
      10.299776000000001,
      7.0810960000000005,
      23.496364,
      10.299776000000001,
      9.173238,
      6.115492,
      2.735878
    ],
    [
      2.735878,
      2.735878,
      2.735878,
      2.896812,
      1.1265379999999998,
      1.2874720000000002,
      9.65604,
      4.184284,
      9.816974,
      2.735878,
      10.782578,
      8.0467,
      10.46071,
      0.0,
      0.80467,
      10.299776000000001,
      0.48280199999999995,
      13.518456,
      1.1265379999999998,
      3.21868,
      8.529501999999999,
      1.1265379999999998,
      9.977908000000001,
      5.310822,
      14.966862,
      4.02335,
      6.43736,
      0.80467,
      0.6437360000000001,
      1.448406,
      0.9656039999999999,
      4.184284,
      3.21868,
      0.32186800000000004,
      3.21868,
      0.80467,
      0.32186800000000004,
      8.529501999999999,
      0.80467,
      4.506151999999999,
      6.276426,
      18.024607999999997,
      0.16093400000000002,
      9.012303999999999,
      3.7014819999999995,
      4.184284,
      4.02335,
      0.80467,
      9.173238,
      1.1265379999999998,
      2.092142,
      0.16093400000000002,
      3.379614,
      15.771532,
      2.2530759999999996,
      2.41401,
      4.667085999999999,
      8.690436
    ],
    [
      1.9312079999999998,
      1.9312079999999998,
      1.9312079999999998,
      2.092142,
      0.48280199999999995,
      0.32186800000000004,
      8.85137,
      3.379614,
      9.012303999999999,
      1.9312079999999998,
      12.552852,
      7.24203,
      9.495106,
      0.80467,
      0.0,
      9.816974,
      0.80467,
      13.035654,
      0.48280199999999995,
      2.2530759999999996,
      5.793624,
      0.32186800000000004,
      9.012303999999999,
      7.885766,
      15.449663999999999,
      3.21868,
      5.471756,
      1.60934,
      0.80467,
      1.448406,
      1.7702740000000001,
      3.21868,
      2.735878,
      0.6437360000000001,
      2.2530759999999996,
      0.6437360000000001,
      1.1265379999999998,
      7.724831999999999,
      0.48280199999999995,
      5.793624,
      5.310822,
      18.668343999999998,
      0.9656039999999999,
      6.276426,
      3.21868,
      3.7014819999999995,
      3.057746,
      0.48280199999999995,
      10.138842,
      0.32186800000000004,
      2.896812,
      0.80467,
      2.41401,
      16.254334,
      2.896812,
      1.9312079999999998,
      4.02335,
      6.115492
    ],
    [
      8.0467,
      8.207633999999999,
      8.207633999999999,
      8.368568,
      9.65604,
      9.495106,
      2.2530759999999996,
      6.9201619999999995,
      7.0810960000000005,
      7.724831999999999,
      21.72609,
      11.748182,
      6.115492,
      10.299776000000001,
      9.816974,
      0.0,
      10.138842,
      9.334171999999999,
      9.012303999999999,
      7.724831999999999,
      6.598293999999999,
      9.012303999999999,
      10.138842,
      14.323126,
      25.588506,
      8.368568,
      11.909116000000001,
      10.782578,
      10.138842,
      10.46071,
      11.104446000000001,
      8.368568,
      7.402963999999999,
      9.977908000000001,
      8.368568,
      9.816974,
      10.299776000000001,
      9.495106,
      9.334171999999999,
      10.782578,
      11.909116000000001,
      28.646252,
      10.299776000000001,
      5.9545580000000005,
      6.9201619999999995,
      6.759228,
      8.207633999999999,
      9.334171999999999,
      21.565156,
      9.012303999999999,
      12.07005,
      9.977908000000001,
      7.885766,
      26.393175999999997,
      13.196587999999998,
      10.299776000000001,
      6.276426,
      5.9545580000000005
    ],
    [
      2.735878,
      2.735878,
      2.735878,
      2.896812,
      1.1265379999999998,
      1.2874720000000002,
      9.65604,
      4.345218,
      9.495106,
      2.735878,
      11.587248,
      7.724831999999999,
      9.977908000000001,
      0.48280199999999995,
      0.80467,
      10.138842,
      0.0,
      13.357522000000001,
      1.1265379999999998,
      2.5749440000000003,
      6.115492,
      1.1265379999999998,
      9.65604,
      4.506151999999999,
      14.966862,
      3.379614,
      6.115492,
      1.448406,
      0.16093400000000002,
      0.80467,
      1.60934,
      3.5405480000000003,
      3.21868,
      0.32186800000000004,
      2.5749440000000003,
      0.32186800000000004,
      0.6437360000000001,
      8.207633999999999,
      0.9656039999999999,
      3.7014819999999995,
      5.9545580000000005,
      18.668343999999998,
      0.6437360000000001,
      6.598293999999999,
      3.7014819999999995,
      4.184284,
      3.7014819999999995,
      0.80467,
      9.65604,
      1.1265379999999998,
      2.5749440000000003,
      0.32186800000000004,
      2.5749440000000003,
      16.415267999999998,
      3.8624159999999996,
      2.2530759999999996,
      4.506151999999999,
      6.276426
    ],
    [
      11.26538,
      11.426314,
      11.426314,
      11.587248,
      12.87472,
      12.713786,
      8.85137,
      11.26538,
      9.012303999999999,
      10.943512,
      24.301033999999998,
      15.771532,
      6.43736,
      13.518456,
      13.035654,
      9.334171999999999,
      13.357522000000001,
      0.0,
      12.391918,
      11.104446000000001,
      7.885766,
      12.391918,
      9.495106,
      16.415267999999998,
      29.129054000000004,
      11.909116000000001,
      14.805927999999998,
      14.162192000000001,
      13.518456,
      13.840323999999999,
      14.48406,
      11.909116000000001,
      10.621644,
      13.357522000000001,
      11.748182,
      13.196587999999998,
      13.67939,
      11.104446000000001,
      12.713786,
      15.28873,
      14.805927999999998,
      31.543064,
      13.67939,
      7.724831999999999,
      10.299776000000001,
      9.816974,
      11.748182,
      12.713786,
      25.105704,
      12.391918,
      15.449663999999999,
      13.357522000000001,
      11.26538,
      29.129054000000004,
      16.0934,
      13.67939,
      9.65604,
      7.563898
    ],
    [
      2.092142,
      2.092142,
      2.092142,
      2.2530759999999996,
      0.354,
      0.6437360000000001,
      8.690436,
      3.8624159999999996,
      7.402963999999999,
      1.60934,
      11.26538,
      8.529501999999999,
      7.885766,
      1.1265379999999998,
      0.48280199999999995,
      9.012303999999999,
      1.1265379999999998,
      12.391918,
      0.0,
      2.2530759999999996,
      6.276426,
      0.32186800000000004,
      9.816974,
      5.310822,
      15.932466,
      4.02335,
      6.276426,
      1.9312079999999998,
      1.2874720000000002,
      1.9312079999999998,
      2.2530759999999996,
      4.02335,
      2.5749440000000003,
      0.9656039999999999,
      2.41401,
      1.1265379999999998,
      1.448406,
      8.368568,
      0.32186800000000004,
      4.667085999999999,
      6.115492,
      18.346476,
      1.448406,
      6.759228,
      2.735878,
      3.5405480000000003,
      3.8624159999999996,
      0.32186800000000004,
      10.621644,
      0.48280199999999995,
      3.21868,
      0.9656039999999999,
      2.41401,
      16.0934,
      2.896812,
      2.5749440000000003,
      3.5405480000000003,
      6.598293999999999
    ],
    [
      0.16093400000000002,
      0.16093400000000002,
      0.4,
      0.32186800000000004,
      2.41401,
      2.2530759999999996,
      7.402963999999999,
      1.60934,
      6.43736,
      0.80467,
      14.644993999999999,
      7.563898,
      6.9201619999999995,
      3.21868,
      2.2530759999999996,
      7.724831999999999,
      2.5749440000000003,
      11.104446000000001,
      2.2530759999999996,
      0.0,
      4.9889540000000006,
      1.7702740000000001,
      9.816974,
      8.207633999999999,
      17.380872,
      2.5749440000000003,
      4.9889540000000006,
      3.379614,
      2.735878,
      3.057746,
      3.7014819999999995,
      2.5749440000000003,
      0.32186800000000004,
      2.5749440000000003,
      0.6437360000000001,
      2.41401,
      2.896812,
      8.0467,
      2.2530759999999996,
      4.345218,
      5.793624,
      21.565156,
      2.896812,
      4.82802,
      1.448406,
      1.60934,
      2.41401,
      2.2530759999999996,
      13.196587999999998,
      1.7702740000000001,
      4.667085999999999,
      2.735878,
      0.492,
      19.151146,
      6.115492,
      2.896812,
      2.2530759999999996,
      5.149888000000001
    ],
    [
      4.9889540000000006,
      4.345218,
      4.345218,
      4.506151999999999,
      9.012303999999999,
      5.9545580000000005,
      6.115492,
      4.02335,
      1.9312079999999998,
      4.9889540000000006,
      16.576202000000002,
      5.793624,
      2.5749440000000003,
      8.529501999999999,
      5.793624,
      6.598293999999999,
      6.115492,
      7.885766,
      6.276426,
      4.9889540000000006,
      0.0,
      5.310822,
      7.724831999999999,
      10.138842,
      21.082354,
      3.5405480000000003,
      7.724831999999999,
      8.529501999999999,
      5.63269,
      5.9545580000000005,
      8.690436,
      3.5405480000000003,
      4.02335,
      8.0467,
      3.7014819999999995,
      5.471756,
      7.885766,
      6.115492,
      5.793624,
      6.598293999999999,
      7.563898,
      23.496364,
      7.885766,
      0.48280199999999995,
      4.9889540000000006,
      4.345218,
      3.379614,
      8.529501999999999,
      16.254334,
      5.310822,
      9.65604,
      7.885766,
      4.667085999999999,
      21.082354,
      8.0467,
      5.63269,
      3.7014819999999995,
      0.32186800000000004
    ],
    [
      1.9312079999999998,
      1.9312079999999998,
      1.9312079999999998,
      2.092142,
      0.32186800000000004,
      0.144,
      8.690436,
      3.21868,
      9.173238,
      1.60934,
      11.587248,
      7.402963999999999,
      9.65604,
      1.1265379999999998,
      0.32186800000000004,
      9.012303999999999,
      1.1265379999999998,
      12.391918,
      0.32186800000000004,
      1.7702740000000001,
      5.310822,
      0.0,
      9.816974,
      5.310822,
      15.932466,
      4.02335,
      6.276426,
      1.9312079999999998,
      1.2874720000000002,
      1.9312079999999998,
      2.2530759999999996,
      4.02335,
      2.5749440000000003,
      0.80467,
      2.41401,
      0.9656039999999999,
      1.448406,
      8.529501999999999,
      0.48280199999999995,
      4.667085999999999,
      6.115492,
      18.668343999999998,
      1.448406,
      6.43736,
      2.896812,
      3.5405480000000003,
      3.8624159999999996,
      0.48280199999999995,
      10.621644,
      0.144,
      3.21868,
      0.9656039999999999,
      2.41401,
      16.254334,
      3.21868,
      2.896812,
      3.7014819999999995,
      6.115492
    ],
    [
      9.816974,
      9.173238,
      9.173238,
      9.334171999999999,
      9.816974,
      9.816974,
      10.138842,
      8.85137,
      5.149888000000001,
      9.816974,
      20.277684,
      7.563898,
      3.8624159999999996,
      9.977908000000001,
      9.012303999999999,
      10.138842,
      9.65604,
      9.495106,
      9.816974,
      9.816974,
      7.724831999999999,
      9.816974,
      0.0,
      8.368568,
      23.496364,
      7.402963999999999,
      6.759228,
      10.782578,
      9.012303999999999,
      9.495106,
      10.782578,
      7.402963999999999,
      8.690436,
      9.816974,
      9.012303999999999,
      9.012303999999999,
      10.138842,
      3.5405480000000003,
      9.977908000000001,
      7.0810960000000005,
      6.759228,
      28.002515999999996,
      9.816974,
      5.793624,
      9.65604,
      9.495106,
      7.402963999999999,
      9.977908000000001,
      19.473014,
      9.173238,
      12.07005,
      9.65604,
      9.334171999999999,
      25.74944,
      12.391918,
      8.529501999999999,
      8.85137,
      5.471756
    ],
    [
      8.0467,
      7.563898,
      7.563898,
      5.310822,
      8.529501999999999,
      8.690436,
      14.001257999999998,
      8.368568,
      5.9545580000000005,
      8.207633999999999,
      19.151146,
      1.7702740000000001,
      8.85137,
      5.310822,
      7.885766,
      14.323126,
      4.506151999999999,
      16.415267999999998,
      5.310822,
      8.207633999999999,
      10.138842,
      5.310822,
      8.368568,
      0.0,
      13.840323999999999,
      6.43736,
      2.2530759999999996,
      5.793624,
      4.345218,
      3.8624159999999996,
      5.63269,
      5.793624,
      6.9201619999999995,
      4.82802,
      5.471756,
      4.506151999999999,
      6.276426,
      3.5405480000000003,
      4.9889540000000006,
      3.057746,
      2.5749440000000003,
      27.036912,
      5.149888000000001,
      7.0810960000000005,
      6.598293999999999,
      7.885766,
      5.63269,
      4.82802,
      10.943512,
      5.149888000000001,
      5.793624,
      5.471756,
      5.63269,
      20.438617999999998,
      7.885766,
      3.057746,
      8.207633999999999,
      6.9201619999999995
    ],
    [
      17.380872,
      17.70274,
      17.70274,
      17.70274,
      15.771532,
      15.932466,
      25.266638,
      19.794882,
      23.496364,
      18.185542,
      4.9889540000000006,
      21.72609,
      24.1401,
      14.966862,
      15.449663999999999,
      25.588506,
      14.966862,
      29.129054000000004,
      15.932466,
      17.380872,
      21.082354,
      15.932466,
      23.496364,
      13.840323999999999,
      0.0,
      18.024607999999997,
      20.277684,
      14.323126,
      15.771532,
      15.28873,
      14.323126,
      18.024607999999997,
      19.151146,
      15.771532,
      17.70274,
      15.610598,
      15.610598,
      22.53076,
      16.415267999999998,
      20.599552000000003,
      20.277684,
      18.50741,
      15.610598,
      21.082354,
      18.668343999999998,
      20.11675,
      17.863674,
      16.415267999999998,
      4.9889540000000006,
      16.254334,
      15.28873,
      15.771532,
      17.70274,
      15.610598,
      13.035654,
      16.89807,
      20.599552000000003,
      21.243288
    ],
    [
      2.41401,
      1.7702740000000001,
      1.7702740000000001,
      1.9312079999999998,
      3.8624159999999996,
      2.896812,
      7.885766,
      2.735878,
      4.506151999999999,
      2.41401,
      14.48406,
      5.793624,
      5.9545580000000005,
      4.02335,
      3.21868,
      8.368568,
      3.379614,
      11.909116000000001,
      4.02335,
      2.5749440000000003,
      3.5405480000000003,
      4.02335,
      7.402963999999999,
      6.43736,
      18.024607999999997,
      0.0,
      4.02335,
      4.82802,
      3.21868,
      3.7014819999999995,
      4.82802,
      0.236,
      1.7702740000000001,
      4.02335,
      1.448406,
      3.057746,
      4.345218,
      6.115492,
      4.184284,
      4.345218,
      3.8624159999999996,
      21.887024,
      4.02335,
      3.5405480000000003,
      2.896812,
      2.735878,
      0.16093400000000002,
      4.184284,
      13.518456,
      3.379614,
      6.276426,
      3.8624159999999996,
      2.5749440000000003,
      19.633948,
      6.598293999999999,
      2.41401,
      3.21868,
      3.5405480000000003
    ],
    [
      4.9889540000000006,
      5.149888000000001,
      5.149888000000001,
      4.667085999999999,
      6.115492,
      6.276426,
      11.587248,
      5.9545580000000005,
      5.471756,
      5.149888000000001,
      16.737136,
      3.057746,
      7.402963999999999,
      6.43736,
      5.471756,
      11.909116000000001,
      6.115492,
      14.805927999999998,
      6.276426,
      4.9889540000000006,
      7.724831999999999,
      6.276426,
      6.759228,
      2.2530759999999996,
      20.277684,
      4.02335,
      0.0,
      4.506151999999999,
      3.8624159999999996,
      3.379614,
      4.345218,
      3.21868,
      4.506151999999999,
      4.345218,
      4.506151999999999,
      4.02335,
      4.9889540000000006,
      4.667085999999999,
      4.506151999999999,
      0.16093400000000002,
      0.80467,
      23.33543,
      4.667085999999999,
      7.24203,
      5.63269,
      5.310822,
      3.057746,
      4.345218,
      12.07005,
      4.02335,
      4.667085999999999,
      4.9889540000000006,
      4.667085999999999,
      21.082354,
      7.724831999999999,
      2.41401,
      5.793624,
      6.43736
    ],
    [
      3.5405480000000003,
      3.5405480000000003,
      3.5405480000000003,
      3.7014819999999995,
      1.9312079999999998,
      2.092142,
      10.46071,
      7.24203,
      10.782578,
      3.5405480000000003,
      10.782578,
      9.012303999999999,
      11.26538,
      0.80467,
      1.60934,
      10.782578,
      1.448406,
      14.162192000000001,
      1.9312079999999998,
      3.379614,
      8.529501999999999,
      1.9312079999999998,
      10.782578,
      5.793624,
      14.323126,
      4.82802,
      4.506151999999999,
      0.0,
      1.448406,
      1.7702740000000001,
      0.16093400000000002,
      5.471756,
      4.184284,
      1.2874720000000002,
      3.5405480000000003,
      1.448406,
      0.6437360000000001,
      9.977908000000001,
      1.7702740000000001,
      4.345218,
      7.724831999999999,
      18.346476,
      0.6437360000000001,
      9.334171999999999,
      4.667085999999999,
      5.149888000000001,
      5.310822,
      1.60934,
      8.529501999999999,
      2.092142,
      1.448406,
      1.1265379999999998,
      3.7014819999999995,
      16.0934,
      2.735878,
      2.5749440000000003,
      5.471756,
      9.012303999999999
    ],
    [
      2.735878,
      2.2530759999999996,
      2.2530759999999996,
      2.41401,
      1.1265379999999998,
      1.2874720000000002,
      9.65604,
      5.310822,
      9.012303999999999,
      2.735878,
      12.230984,
      7.402963999999999,
      9.65604,
      0.6437360000000001,
      0.80467,
      10.138842,
      0.16093400000000002,
      13.518456,
      1.2874720000000002,
      2.735878,
      5.63269,
      1.2874720000000002,
      9.012303999999999,
      4.345218,
      15.771532,
      3.21868,
      3.8624159999999996,
      1.448406,
      0.0,
      0.6437360000000001,
      1.2874720000000002,
      3.379614,
      4.667085999999999,
      0.48280199999999995,
      3.057746,
      0.32186800000000004,
      0.80467,
      7.885766,
      0.9656039999999999,
      3.8624159999999996,
      5.63269,
      19.151146,
      0.80467,
      6.598293999999999,
      4.02335,
      5.471756,
      3.21868,
      0.9656039999999999,
      9.334171999999999,
      1.448406,
      2.2530759999999996,
      0.48280199999999995,
      3.057746,
      16.89807,
      3.5405480000000003,
      2.41401,
      4.82802,
      6.598293999999999
    ],
    [
      3.21868,
      2.735878,
      2.735878,
      2.735878,
      1.7702740000000001,
      1.9312079999999998,
      9.977908000000001,
      4.667085999999999,
      9.495106,
      3.21868,
      11.748182,
      5.63269,
      10.138842,
      1.448406,
      1.448406,
      10.46071,
      0.80467,
      13.840323999999999,
      1.9312079999999998,
      3.057746,
      5.9545580000000005,
      1.9312079999999998,
      9.495106,
      3.8624159999999996,
      15.28873,
      3.7014819999999995,
      3.379614,
      1.7702740000000001,
      0.6437360000000001,
      0.0,
      1.7702740000000001,
      3.5405480000000003,
      4.82802,
      1.448406,
      3.21868,
      0.80467,
      1.60934,
      8.0467,
      1.448406,
      3.21868,
      5.793624,
      19.473014,
      1.2874720000000002,
      6.759228,
      4.184284,
      5.63269,
      3.379614,
      1.448406,
      9.012303999999999,
      1.60934,
      1.9312079999999998,
      1.1265379999999998,
      3.21868,
      17.219938,
      3.8624159999999996,
      1.1265379999999998,
      6.115492,
      6.759228
    ],
    [
      3.7014819999999995,
      3.7014819999999995,
      3.7014819999999995,
      4.82802,
      2.092142,
      2.2530759999999996,
      10.621644,
      7.402963999999999,
      10.782578,
      3.7014819999999995,
      10.782578,
      9.012303999999999,
      11.26538,
      0.9656039999999999,
      1.7702740000000001,
      11.104446000000001,
      1.60934,
      14.48406,
      2.2530759999999996,
      3.7014819999999995,
      8.690436,
      2.2530759999999996,
      10.782578,
      5.63269,
      14.323126,
      4.82802,
      4.345218,
      0.16093400000000002,
      1.2874720000000002,
      1.7702740000000001,
      0.0,
      5.310822,
      4.506151999999999,
      1.448406,
      3.8624159999999996,
      1.7702740000000001,
      0.80467,
      9.816974,
      1.9312079999999998,
      4.184284,
      7.563898,
      18.50741,
      0.80467,
      8.368568,
      4.82802,
      7.402963999999999,
      5.149888000000001,
      1.7702740000000001,
      8.368568,
      2.2530759999999996,
      1.1265379999999998,
      1.2874720000000002,
      3.8624159999999996,
      16.254334,
      2.896812,
      2.41401,
      5.63269,
      8.529501999999999
    ],
    [
      2.41401,
      1.9312079999999998,
      1.7702740000000001,
      1.9312079999999998,
      3.8624159999999996,
      2.896812,
      7.885766,
      2.735878,
      4.667085999999999,
      2.5749440000000003,
      14.48406,
      5.793624,
      5.9545580000000005,
      4.184284,
      3.21868,
      8.368568,
      3.5405480000000003,
      11.909116000000001,
      4.02335,
      2.5749440000000003,
      3.5405480000000003,
      4.02335,
      7.402963999999999,
      5.793624,
      18.024607999999997,
      0.236,
      3.21868,
      5.471756,
      3.379614,
      3.5405480000000003,
      5.310822,
      0.0,
      1.9312079999999998,
      4.02335,
      1.60934,
      3.21868,
      4.345218,
      6.276426,
      4.184284,
      4.345218,
      3.8624159999999996,
      21.887024,
      4.02335,
      3.5405480000000003,
      2.896812,
      2.735878,
      0.413,
      4.184284,
      13.67939,
      3.379614,
      6.276426,
      3.8624159999999996,
      2.735878,
      19.633948,
      6.598293999999999,
      2.41401,
      3.21868,
      3.5405480000000003
    ],
    [
      0.16093400000000002,
      0.48280199999999995,
      0.32186800000000004,
      0.48280199999999995,
      2.735878,
      2.5749440000000003,
      6.9201619999999995,
      1.1265379999999998,
      5.9545580000000005,
      1.1265379999999998,
      14.48406,
      6.9201619999999995,
      6.43736,
      3.21868,
      2.735878,
      7.402963999999999,
      3.21868,
      10.621644,
      2.5749440000000003,
      0.32186800000000004,
      4.02335,
      2.5749440000000003,
      8.690436,
      6.9201619999999995,
      19.151146,
      1.7702740000000001,
      4.506151999999999,
      4.184284,
      4.667085999999999,
      4.82802,
      4.506151999999999,
      1.9312079999999998,
      0.0,
      3.379614,
      0.48280199999999995,
      4.345218,
      5.63269,
      7.402963999999999,
      2.896812,
      4.02335,
      4.9889540000000006,
      21.243288,
      5.793624,
      4.184284,
      1.2874720000000002,
      1.1265379999999998,
      1.7702740000000001,
      3.057746,
      14.805927999999998,
      2.41401,
      7.402963999999999,
      5.793624,
      0.16093400000000002,
      18.990212,
      5.793624,
      3.5405480000000003,
      1.60934,
      4.184284
    ],
    [
      2.735878,
      2.735878,
      2.735878,
      2.896812,
      0.80467,
      0.9656039999999999,
      9.65604,
      6.759228,
      9.977908000000001,
      2.41401,
      10.782578,
      8.0467,
      10.46071,
      0.32186800000000004,
      0.6437360000000001,
      9.977908000000001,
      0.32186800000000004,
      13.357522000000001,
      0.9656039999999999,
      2.5749440000000003,
      8.0467,
      0.80467,
      9.816974,
      4.82802,
      15.771532,
      4.02335,
      4.345218,
      1.2874720000000002,
      0.48280199999999995,
      1.448406,
      1.448406,
      4.02335,
      3.379614,
      0.0,
      2.896812,
      0.6437360000000001,
      0.48280199999999995,
      8.207633999999999,
      0.9656039999999999,
      6.276426,
      5.9545580000000005,
      18.185542,
      0.48280199999999995,
      6.759228,
      3.8624159999999996,
      4.506151999999999,
      3.5405480000000003,
      0.9656039999999999,
      9.65604,
      1.2874720000000002,
      2.2530759999999996,
      0.322,
      2.896812,
      15.932466,
      2.41401,
      2.5749440000000003,
      4.667085999999999,
      6.9201619999999995
    ],
    [
      0.48280199999999995,
      0.48280199999999995,
      0.48280199999999995,
      0.16093400000000002,
      2.5749440000000003,
