{
  "drive_dist_matrix": [
    [
      0.0,
      0.7,
      7.2,
      0.7,
      0.9,
      3.5,
      0.5,
      2.7,
      11.9,
      3.0,
      3.6,
      0.5,
      0.082,
      2.4,
      2.5,
      2.7,
      14.0,
      1.0
    ],
    [
      0.7,
      0.0,
      2.2,
      0.3,
      0.35,
      3.9,
      0.14,
      2.2,
      12.3,
      2.5,
      3.2,
      0.24,
      0.7,
      2.0,
      0.9,
      2.3,
      14.4,
      0.6
    ],
    [
      7.2,
      2.2,
      0.0,
      1.0,
      1.2,
      5.0,
      1.9,
      0.7,
      7.2,
      0.45,
      1.8,
      1.6,
      1.7,
      0.084,
      0.4,
      0.75,
      9.4,
      0.7
    ],
    [
      0.7,
      0.3,
      1.0,
      0.0,
      0.26,
      3.7,
      0.45,
      2.1,
      8.6,
      0.65,
      3.1,
      0.55,
      0.75,
      0.9,
      0.65,
      2.2,
      10.7,
      0.35
    ],
    [
      0.9,
      0.35,
      1.2,
      0.26,
      0.0,
      3.6,
      0.45,
      2.1,
      8.1,
      0.6,
      3.1,
      0.45,
      1.0,
      1.0,
      0.8,
      2.2,
      14.1,
      0.5
    ],
    [
      3.5,
      3.9,
      5.0,
      3.7,
      3.6,
      0.0,
      3.2,
      6.9,
      10.5,
      6.9,
      7.5,
      2.9,
      3.2,
      5.9,
      6.4,
      6.9,
      12.6,
      3.9
    ],
    [
      0.5,
      0.14,
      1.9,
      0.45,
      0.45,
      3.2,
      0.0,
      2.7,
      11.8,
      3.5,
      3.7,
      0.22,
      0.6,
      2.5,
      2.5,
      2.8,
      13.9,
      0.75
    ],
    [
      2.7,
      2.2,
      0.7,
      2.1,
      2.1,
      6.9,
      2.7,
      0.0,
      7.0,
      1.9,
      1.0,
      2.4,
      2.6,
      0.6,
      0.6,
      0.059,
      9.2,
      0.9
    ],
    [
      11.9,
      12.3,
      7.2,
      8.6,
      8.1,
      10.5,
      11.8,
      7.0,
      0.0,
      7.3,
      5.8,
      8.0,
      8.1,
      6.5,
      7.0,
      6.8,
      4.7,
      7.9
    ],
    [
      3.0,
      2.5,
      0.45,
      0.65,
      0.6,
      6.9,
      3.5,
      1.9,
      7.3,
      0.0,
      4.7,
      1.4,
      1.5,
      3.5,
      0.7,
      2.5,
      10.1,
      0.6
    ],
    [
      3.6,
      3.2,
      1.8,
      3.1,
      3.1,
      7.5,
      3.7,
      1.0,
      5.8,
      4.7,
      0.0,
      2.9,
      3.0,
      1.4,
      1.9,
      1.6,
      7.9,
      2.8
    ],
    [
      0.5,
      0.24,
      1.6,
      0.55,
      0.45,
      2.9,
      0.22,
      2.4,
      8.0,
      1.4,
      2.9,
      0.0,
      0.55,
      7.0,
      2.3,
      2.6,
      13.7,
      0.85
    ],
    [
      0.082,
      0.7,
      1.7,
      0.75,
      1.0,
      3.2,
      0.6,
      2.6,
      8.1,
      1.5,
      3.0,
      0.55,
      0.0,
      2.4,
      2.5,
      2.7,
      14.0,
      1.0
    ],
    [
      2.4,
      2.0,
      0.084,
      0.9,
      1.0,
      5.9,
      2.5,
      0.6,
      6.5,
      3.5,
      1.4,
      7.0,
      2.4,
      0.0,
      0.27,
      0.7,
      9.3,
      0.6
    ],
    [
      2.5,
      0.9,
      0.4,
      0.65,
      0.8,
      6.4,
      2.5,
      0.6,
      7.0,
      0.7,
      1.9,
      2.3,
      2.5,
      0.27,
      0.0,
      0.55,
      9.6,
      0.4
    ],
    [
      2.7,
      2.3,
      0.75,
      2.2,
      2.2,
      6.9,
      2.8,
      0.059,
      6.8,
      2.5,
      1.6,
      2.6,
      2.7,
      0.7,
      0.55,
      0.0,
      9.3,
      0.85
    ],
    [
      14.0,
      14.4,
      9.4,
      10.7,
      14.1,
      12.6,
      13.9,
      9.2,
      4.7,
      10.1,
      7.9,
      13.7,
      14.0,
      9.3,
      9.6,
      9.3,
      0.0,
      10.1
    ],
    [
      1.0,
      0.6,
      0.7,
      0.35,
      0.5,
      3.9,
      0.75,
      0.9,
      7.9,
      0.6,
      2.8,
      0.85,
      1.0,
      0.6,
      0.4,
      0.85,
      10.1,
      0.0
    ]
  ],
  "drive_time_matrix": [
    [
      0.0,
      3.0,
      9.0,
      5.0,
      8.0,
      6.0,
      6.0,
      10.0,
      16.0,
      10.0,
      9.0,
      6.0,
      1.0,
      9.0,
      10.0,
      10.0,
      17.0,
      4.0
    ],
    [
      3.0,
      0.0,
      8.0,
      4.0,
      4.0,
      7.0,
      2.0,
      8.0,
      17.0,
      9.0,
      8.0,
      3.0,
      2.0,
      8.0,
      10.0,
      9.0,
      18.0,
      8.0
    ],
    [
      9.0,
      8.0,
      0.0,
      9.0,
      4.0,
      10.0,
      6.0,
      10.0,
      14.0,
      6.0,
      5.0,
      5.0,
      5.0,
      1.0,
      5.0,
      11.0,
      14.0,
      9.0
    ],
    [
      5.0,
      4.0,
      9.0,
      0.0,
      4.0,
      7.0,
      6.0,
      9.0,
      17.0,
      10.0,
      8.0,
      7.0,
      9.0,
      10.0,
      7.0,
      9.0,
      17.0,
      5.0
    ],
    [
      8.0,
      4.0,
      4.0,
      4.0,
      0.0,
      6.0,
      5.0,
      8.0,
      18.0,
      7.0,
      8.0,
      1.0,
      10.0,
      12.0,
      10.0,
      9.0,
      17.0,
      6.0
    ],
    [
      6.0,
      7.0,
      10.0,
      7.0,
      6.0,
      0.0,
      7.0,
      11.0,
      14.0,
      10.0,
      9.0,
      5.0,
      6.0,
      7.0,
      10.0,
      12.0,
      15.0,
      8.0
    ],
    [
      6.0,
      2.0,
      6.0,
      6.0,
      5.0,
      7.0,
      0.0,
      10.0,
      16.0,
      10.0,
      10.0,
      3.0,
      3.0,
      10.0,
      11.0,
      11.0,
      17.0,
      9.0
    ],
    [
      10.0,
      8.0,
      10.0,
      9.0,
      8.0,
      11.0,
      10.0,
      0.0,
      14.0,
      7.0,
      11.0,
      8.0,
      8.0,
      7.0,
      8.0,
      1.0,
      15.0,
      9.0
    ],
    [
      16.0,
      17.0,
      14.0,
      17.0,
      18.0,
      14.0,
      16.0,
      14.0,
      0.0,
      15.0,
      11.0,
      16.0,
      16.0,
      11.0,
      15.0,
      15.0,
      10.0,
      17.0
    ],
    [
      10.0,
      9.0,
      6.0,
      10.0,
      7.0,
      10.0,
      10.0,
      7.0,
      15.0,
      0.0,
      9.0,
      5.0,
      4.0,
      8.0,
      9.0,
      10.0,
      18.0,
      8.0
    ],
    [
      9.0,
      8.0,
      5.0,
      8.0,
      8.0,
      9.0,
      10.0,
      11.0,
      11.0,
      9.0,
      0.0,
      9.0,
      9.0,
      5.0,
      7.0,
      6.0,
      11.0,
      10.0
    ],
    [
      6.0,
      3.0,
      5.0,
      7.0,
      1.0,
      5.0,
      3.0,
      8.0,
      16.0,
      5.0,
      9.0,
      0.0,
      7.0,
      8.0,
      10.0,
      10.0,
      16.0,
      10.0
    ],
    [
      1.0,
      2.0,
      5.0,
      9.0,
      10.0,
      6.0,
      3.0,
      8.0,
      16.0,
      4.0,
      9.0,
      7.0,
      0.0,
      9.0,
      10.0,
      10.0,
      17.0,
      4.0
    ],
    [
      9.0,
      8.0,
      1.0,
      10.0,
      12.0,
      7.0,
      10.0,
      7.0,
      11.0,
      8.0,
      5.0,
      8.0,
      9.0,
      0.0,
      3.0,
      9.0,
      15.0,
      7.0
    ],
    [
      10.0,
      10.0,
      5.0,
      7.0,
      10.0,
      10.0,
      11.0,
      8.0,
      15.0,
      9.0,
      7.0,
      10.0,
      10.0,
      3.0,
      0.0,
      8.0,
      18.0,
      5.0
    ],
    [
      10.0,
      9.0,
      11.0,
      9.0,
      9.0,
      12.0,
      11.0,
      1.0,
      15.0,
      10.0,
      6.0,
      10.0,
      10.0,
      9.0,
      8.0,
      0.0,
      16.0,
      9.0
    ],
    [
      17.0,
      18.0,
      14.0,
      17.0,
      17.0,
      15.0,
      17.0,
      15.0,
      10.0,
      18.0,
      11.0,
      16.0,
      17.0,
      15.0,
      18.0,
      16.0,
      0.0,
      18.0
    ],
    [
      4.0,
      8.0,
      9.0,
      5.0,
      6.0,
      8.0,
      9.0,
      9.0,
      17.0,
      8.0,
      10.0,
      10.0,
      4.0,
      7.0,
      5.0,
      9.0,
      18.0,
      0.0
    ]
  ],
  "transit_dist_walk_matrix": [
    [
      0.0,
      NaN,
      NaN,
      NaN,
      NaN,
      NaN,
      NaN,
      NaN,
      0.66664,
      NaN,
      NaN,
      NaN,
      NaN,
      NaN,
      NaN,
      NaN,
      2.08325,
      NaN
    ],
    [
      NaN,
      0.0,
      NaN,
      NaN,
      NaN,
      NaN,
      NaN,
      NaN,
      1.8332600000000001,
      NaN,
      NaN,
      NaN,
      NaN,
      NaN,
      NaN,
      NaN,
      2.83322,
      NaN
    ],
    [
      NaN,
      NaN,
      0.0,
      0.58331,
      NaN,
      NaN,
      NaN,
      NaN,
      1.33328,
      NaN,
      NaN,
      NaN,
      NaN,
      NaN,
      NaN,
      NaN,
      1.91659,
      NaN
    ],
    [
      NaN,
      NaN,
      0.58331,
      0.0,
      NaN,
      NaN,
      NaN,
      NaN,
      1.58327,
      NaN,
      NaN,
      NaN,
      NaN,
      0.16666,
      NaN,
      NaN,
      1.8332600000000001,
      NaN
    ],
    [
      NaN,
      NaN,
      NaN,
      NaN,
      0.0,
      NaN,
      NaN,
      NaN,
      1.74993,
      NaN,
      NaN,
      NaN,
      NaN,
      NaN,
      NaN,
      NaN,
      2.4999000000000002,
      NaN
    ],
    [
      NaN,
      NaN,
      NaN,
      NaN,
      NaN,
      0.0,
      0.66664,
      0.99996,
      1.58327,
      0.74997,
      0.9166300000000001,
      0.74997,
      0.8333,
      0.58331,
      0.8333,
      0.9166300000000001,
      1.74993,
      0.66664
    ],
    [
      NaN,
      NaN,
      NaN,
      NaN,
      NaN,
      0.66664,
      0.0,
      NaN,
      1.99992,
      NaN,
      NaN,
      NaN,
      NaN,
      NaN,
      NaN,
      NaN,
      1.99992,
      NaN
    ],
    [
      NaN,
      NaN,
      NaN,
      NaN,
      NaN,
      0.99996,
      NaN,
      0.0,
      1.8332600000000001,
      NaN,
      NaN,
      NaN,
      NaN,
      NaN,
      NaN,
      NaN,
      1.6666,
      NaN
    ],
    [
      0.66664,
      1.8332600000000001,
      1.33328,
      1.58327,
      1.74993,
      1.58327,
      1.99992,
      1.8332600000000001,
      0.0,
      1.41661,
      1.16662,
      2.24991,
      2.4999000000000002,
      1.91659,
      1.6666,
      2.33324,
      NaN,
      1.58327
    ],
    [
      NaN,
      NaN,
      NaN,
      NaN,
      NaN,
      0.74997,
      NaN,
      NaN,
      1.41661,
      0.0,
      NaN,
      NaN,
      NaN,
      NaN,
      NaN,
      NaN,
      1.91659,
      NaN
    ],
    [
      NaN,
      NaN,
      NaN,
      NaN,
      NaN,
      0.9166300000000001,
      NaN,
      NaN,
      1.16662,
      NaN,
      0.0,
      NaN,
      NaN,
      NaN,
      NaN,
      NaN,
      2.33324,
      NaN
    ],
    [
      NaN,
      NaN,
      NaN,
      NaN,
      NaN,
      0.74997,
      NaN,
      NaN,
      2.24991,
      NaN,
      NaN,
      0.0,
      NaN,
      NaN,
      NaN,
      NaN,
      2.08325,
      NaN
    ],
    [
      NaN,
      NaN,
      NaN,
      NaN,
      NaN,
      0.8333,
      NaN,
      NaN,
      2.4999000000000002,
      NaN,
      NaN,
      NaN,
      0.0,
      NaN,
      NaN,
      NaN,
      2.16658,
      NaN
    ],
    [
      NaN,
      NaN,
      NaN,
      0.16666,
      NaN,
      0.58331,
      NaN,
      NaN,
      1.91659,
      NaN,
      NaN,
      NaN,
      NaN,
      0.0,
      NaN,
      NaN,
      1.99992,
      NaN
    ],
    [
      NaN,
      NaN,
      NaN,
      NaN,
      NaN,
      0.8333,
      NaN,
      NaN,
      1.6666,
      NaN,
      NaN,
      NaN,
      NaN,
      NaN,
      0.0,
      NaN,
      1.49994,
      NaN
    ],
    [
      NaN,
      NaN,
      NaN,
      NaN,
      NaN,
      0.9166300000000001,
      NaN,
      NaN,
      2.33324,
      NaN,
      NaN,
      NaN,
      NaN,
      NaN,
      NaN,
      0.0,
      1.6666,
      NaN
    ],
    [
      2.08325,
      2.83322,
      1.91659,
      1.8332600000000001,
      2.4999000000000002,
      1.74993,
      1.99992,
      1.6666,
      NaN,
      1.91659,
      2.33324,
      2.08325,
      2.16658,
      1.99992,
      1.49994,
      1.6666,
      0.0,
      2.08325
    ],
    [
      NaN,
      NaN,
      NaN,
      NaN,
      NaN,
      0.66664,
      NaN,
      NaN,
      1.58327,
      NaN,
      NaN,
      NaN,
      NaN,
      NaN,
      NaN,
      NaN,
      2.08325,
      0.0
    ]
  ],
  "transit_time_matrix": [
    [
      0.0,
      NaN,
      0.0,
      NaN,
      NaN,
      0.0,
      NaN,
      0.0,
      37.0,
      0.0,
      0.0,
      NaN,
      NaN,
      0.0,
      0.0,
      0.0,
      51.0,
      0.0
    ],
    [
      NaN,
      0.0,
      0.0,
      NaN,
      NaN,
      0.0,
      NaN,
      NaN,
      40.0,
      0.0,
      0.0,
      NaN,
      NaN,
      0.0,
      NaN,
      NaN,
      45.0,
      NaN
    ],
    [
      0.0,
      0.0,
      0.0,
      9.0,
      NaN,
      0.0,
      0.0,
      NaN,
      33.0,
      NaN,
      0.0,
      0.0,
      0.0,
      NaN,
      NaN,
      NaN,
      34.0,
      NaN
    ],
    [
      NaN,
      NaN,
      9.0,
      0.0,
      NaN,
      0.0,
      NaN,
      NaN,
      37.0,
      NaN,
      0.0,
      NaN,
      0.0,
      10.0,
      NaN,
      0.0,
      17.0,
      NaN
    ],
    [
      NaN,
      NaN,
      NaN,
      NaN,
      0.0,
      0.0,
      NaN,
      0.0,
      39.0,
      NaN,
      0.0,
      NaN,
      0.0,
      0.0,
      0.0,
      NaN,
      41.0,
      NaN
    ],
    [
      0.0,
      0.0,
      0.0,
      0.0,
      0.0,
      0.0,
      18.0,
      33.0,
      14.0,
      26.0,
      39.0,
      5.0,
      6.0,
      26.0,
      23.0,
      32.0,
      36.0,
      8.0
    ],
    [
      NaN,
      NaN,
      0.0,
      NaN,
      NaN,
      18.0,
      0.0,
      0.0,
      42.0,
      0.0,
      0.0,
      NaN,
      NaN,
      0.0,
      0.0,
      NaN,
      48.0,
      0.0
    ],
    [
      0.0,
      NaN,
      NaN,
      NaN,
      0.0,
      33.0,
      0.0,
      0.0,
      40.0,
      0.0,
      0.0,
      0.0,
      0.0,
      NaN,
      0.0,
      NaN,
      61.0,
      0.0
    ],
    [
      37.0,
      40.0,
      33.0,
      37.0,
      39.0,
      14.0,
      42.0,
      40.0,
      0.0,
      15.0,
      28.0,
      46.0,
      50.0,
      11.0,
      15.0,
      15.0,
      0.0,
      39.0
    ],
    [
      0.0,
      0.0,
      NaN,
      NaN,
      NaN,
      26.0,
      0.0,
      0.0,
      15.0,
      0.0,
      0.0,
      0.0,
      0.0,
      NaN,
      0.0,
      0.0,
      18.0,
      0.0
    ],
    [
      0.0,
      0.0,
      0.0,
      0.0,
      0.0,
      39.0,
      0.0,
      0.0,
      28.0,
      0.0,
      0.0,
      0.0,
      0.0,
      0.0,
      0.0,
      NaN,
      11.0,
      NaN
    ],
    [
      NaN,
      NaN,
      0.0,
      NaN,
      NaN,
      5.0,
      NaN,
      0.0,
      46.0,
      0.0,
      0.0,
      0.0,
      NaN,
      0.0,
      NaN,
      0.0,
      49.0,
      0.0
    ],
    [
      NaN,
      NaN,
      0.0,
      0.0,
      0.0,
      6.0,
      NaN,
      0.0,
      50.0,
      0.0,
      0.0,
      NaN,
      0.0,
      0.0,
      0.0,
      0.0,
      52.0,
      0.0
    ],
    [
      0.0,
      0.0,
      NaN,
      10.0,
      0.0,
      26.0,
      0.0,
      NaN,
      11.0,
      NaN,
      0.0,
      0.0,
      0.0,
      0.0,
      NaN,
      NaN,
      35.0,
      NaN
    ],
    [
      0.0,
      NaN,
      NaN,
      NaN,
      0.0,
      23.0,
      0.0,
      0.0,
      15.0,
      0.0,
      0.0,
      NaN,
      0.0,
      NaN,
      0.0,
      NaN,
      58.0,
      NaN
    ],
    [
      0.0,
      NaN,
      NaN,
      0.0,
      NaN,
      32.0,
      NaN,
      NaN,
      15.0,
      0.0,
      NaN,
      0.0,
      0.0,
      NaN,
      NaN,
      0.0,
      16.0,
      NaN
    ],
    [
      51.0,
      45.0,
      34.0,
      17.0,
      41.0,
      36.0,
      48.0,
      61.0,
      0.0,
      18.0,
      11.0,
      49.0,
      52.0,
      35.0,
      58.0,
      16.0,
      0.0,
      18.0
    ],
    [
      0.0,
      NaN,
      NaN,
      NaN,
      NaN,
      8.0,
      0.0,
      0.0,
      39.0,
      0.0,
      NaN,
      0.0,
      0.0,
      NaN,
      NaN,
      NaN,
      18.0,
      0.0
    ]
  ],
  "walk_dist_matrix": [
    [
      0.0,
      0.6,
      1.7,
      0.7,
      0.9,
      2.7,
      0.5,
      1.9,
      7.9,
      1.3,
      2.8,
      0.5,
      0.082,
      1.6,
      1.3,
      1.8,
      10.3,
      1.0
    ],
    [
      0.6,
      0.0,
      1.3,
      0.3,
      0.35,
      3.0,
      0.14,
      1.5,
      7.5,
      0.95,
      2.4,
      0.24,
      0.65,
      1.2,
      0.9,
      1.4,
      9.9,
      0.6
    ],
    [
      1.7,
      1.3,
      0.0,
      1.0,
      1.1,
      4.2,
      1.4,
      0.7,
      6.2,
      0.45,
      1.1,
      1.5,
      1.7,
      0.084,
      0.4,
      0.75,
      8.6,
      0.7
    ],
    [
      0.7,
      0.3,
      1.0,
      0.0,
      0.26,
      3.3,
      0.45,
      1.2,
      7.2,
      0.65,
      2.2,
      0.55,
      0.75,
      0.9,
      0.65,
      1.2,
      9.6,
      0.35
    ],
    [
      0.9,
      0.35,
      1.1,
      0.26,
      0.0,
      3.2,
      0.45,
      1.3,
      7.2,
      0.6,
      2.1,
      0.45,
      1.0,
      1.0,
      0.8,
      1.3,
      9.6,
      0.5
    ],
    [
      2.7,
      3.0,
      4.2,
      3.3,
      3.2,
      0.0,
      2.9,
      4.4,
      10.3,
      3.8,
      5.2,
      2.8,
      2.8,
      4.1,
      3.9,
      4.4,
      12.7,
      3.6
    ],
    [
      0.5,
      0.14,
      1.4,
      0.45,
      0.45,
      2.9,
      0.0,
      1.6,
      7.6,
      1.0,
      2.5,
      0.22,
      0.55,
      1.3,
      1.1,
      1.6,
      10.0,
      0.75
    ],
    [
      1.9,
      1.5,
      0.7,
      1.2,
      1.3,
      4.4,
      1.6,
      0.0,
      6.3,
      1.2,
      1.0,
      1.7,
      1.9,
      0.6,
      0.6,
      0.059,
      8.7,
      0.9
    ],
    [
      7.9,
      7.5,
      6.2,
      7.2,
      7.2,
      10.3,
      7.6,
      6.3,
      0.0,
      6.6,
      5.6,
      7.6,
      7.9,
      6.3,
      6.6,
      6.3,
      3.1,
      6.9
    ],
    [
      1.3,
      0.95,
      0.45,
      0.65,
      0.6,
      3.8,
      1.0,
      1.2,
      6.6,
      0.0,
      1.5,
      1.0,
      1.4,
      0.5,
      0.7,
      1.2,
      9.0,
      0.6
    ],
    [
      2.8,
      2.4,
      1.1,
      2.2,
      2.1,
      5.2,
      2.5,
      1.0,
      5.6,
      1.5,
      0.0,
      2.5,
      2.8,
      1.2,
      1.5,
      1.0,
      8.0,
      1.7
    ],
    [
      0.5,
      0.24,
      1.5,
      0.55,
      0.45,
      2.8,
      0.22,
      1.7,
      7.6,
      1.0,
      2.5,
      0.0,
      0.55,
      1.4,
      1.2,
      1.7,
      10.0,
      0.85
    ],
    [
      0.082,
      0.65,
      1.7,
      0.75,
      1.0,
      2.8,
      0.55,
      1.9,
      7.9,
      1.4,
      2.8,
      0.55,
      0.0,
      1.6,
      1.4,
      1.9,
      10.3,
      1.1
    ],
    [
      1.6,
      1.2,
      0.084,
      0.9,
      1.0,
      4.1,
      1.3,
      0.6,
      6.3,
      0.5,
      1.2,
      1.4,
      1.6,
      0.0,
      0.27,
      0.7,
      8.7,
      0.6
    ],
    [
      1.3,
      0.9,
      0.4,
      0.65,
      0.8,
      3.9,
      1.1,
      0.6,
      6.6,
      0.7,
      1.5,
      1.2,
      1.4,
      0.27,
      0.0,
      0.55,
      9.0,
      0.4
    ],
    [
      1.8,
      1.4,
      0.75,
      1.2,
      1.3,
      4.4,
      1.6,
      0.059,
      6.3,
      1.2,
      1.0,
      1.7,
      1.9,
      0.7,
      0.55,
      0.0,
      8.7,
      0.85
    ],
    [
      10.3,
      9.9,
      8.6,
      9.6,
      9.6,
      12.7,
      10.0,
      8.7,
      3.1,
      9.0,
      8.0,
      10.0,
      10.3,
      8.7,
      9.0,
      8.7,
      0.0,
      9.3
    ],
    [
      1.0,
      0.6,
      0.7,
      0.35,
      0.5,
      3.6,
      0.75,
      0.9,
      6.9,
      0.6,
      1.7,
      0.85,
      1.1,
      0.6,
      0.4,
      0.85,
      9.3,
      0.0
    ]
  ],
  "walk_time_matrix": [
    [
      0.0,
      7.0,
      21.0,
      8.0,
      11.0,
      34.0,
      6.0,
      24.0,
      37.0,
      17.0,
      35.0,
      6.0,
      1.0,
      19.0,
      16.0,
      24.0,
      129.0,
      13.0
    ],
    [
      7.0,
      0.0,
      16.0,
      4.0,
      4.0,
      38.0,
      2.0,
      19.0,
      40.0,
      11.0,
      29.0,
      3.0,
      8.0,
      15.0,
      11.0,
      19.0,
      123.0,
      8.0
    ],
    [
      21.0,
      16.0,
      0.0,
      13.0,
      13.0,
      54.0,
      18.0,
      10.0,
      33.0,
      6.0,
      13.0,
      20.0,
      22.0,
      1.0,
      5.0,
      11.0,
      34.0,
      9.0
    ],
    [
      8.0,
      4.0,
      13.0,
      0.0,
      4.0,
      41.0,
      6.0,
      16.0,
      94.0,
      8.0,
      27.0,
      7.0,
      9.0,
      12.0,
      8.0,
      16.0,
      121.0,
      5.0
    ],
    [
      11.0,
      4.0,
      13.0,
      4.0,
      0.0,
      41.0,
      5.0,
      18.0,
      93.0,
      7.0,
      25.0,
      6.0,
      12.0,
      11.0,
      9.0,
      17.0,
      41.0,
      6.0
    ],
    [
      34.0,
      38.0,
      54.0,
      41.0,
      41.0,
      0.0,
      37.0,
      33.0,
      133.0,
      26.0,
      66.0,
      35.0,
      36.0,
      26.0,
      49.0,
      57.0,
      160.0,
      46.0
    ],
    [
      6.0,
      2.0,
      18.0,
      6.0,
      5.0,
      37.0,
      0.0,
      22.0,
      42.0,
      13.0,
      30.0,
      3.0,
      7.0,
      16.0,
      13.0,
      20.0,
      125.0,
      9.0
    ],
    [
      24.0,
      19.0,
      10.0,
      16.0,
      18.0,
      33.0,
      22.0,
      0.0,
      82.0,
      14.0,
      11.0,
      21.0,
      24.0,
      7.0,
      8.0,
      1.0,
      108.0,
      11.0
    ],
    [
      37.0,
      40.0,
      33.0,
      94.0,
      93.0,
      133.0,
      42.0,
      82.0,
      0.0,
      79.0,
      67.0,
      46.0,
      50.0,
      76.0,
      80.0,
      77.0,
      38.0,
      39.0
    ],
    [
      17.0,
      11.0,
      6.0,
      8.0,
      7.0,
      26.0,
      13.0,
      14.0,
      79.0,
      0.0,
      18.0,
      13.0,
      17.0,
      6.0,
      8.0,
      16.0,
      112.0,
      7.0
    ],
    [
      35.0,
      29.0,
      13.0,
      27.0,
      25.0,
      66.0,
      30.0,
      11.0,
      67.0,
      18.0,
      0.0,
      31.0,
      35.0,
      14.0,
      18.0,
      13.0,
      100.0,
      21.0
    ],
    [
      6.0,
      3.0,
      20.0,
      7.0,
      6.0,
      35.0,
      3.0,
      21.0,
      46.0,
      13.0,
      31.0,
      0.0,
      7.0,
      18.0,
      14.0,
      22.0,
      125.0,
      10.0
    ],
    [
      1.0,
      8.0,
      22.0,
      9.0,
      12.0,
      36.0,
      7.0,
      24.0,
      50.0,
      17.0,
      35.0,
      7.0,
      0.0,
      20.0,
      17.0,
      24.0,
      129.0,
      13.0
    ],
    [
      19.0,
      15.0,
      1.0,
      12.0,
      11.0,
      26.0,
      16.0,
      7.0,
      76.0,
      6.0,
      14.0,
      18.0,
      20.0,
      0.0,
      3.0,
      9.0,
      35.0,
      7.0
    ],
    [
      16.0,
      11.0,
      5.0,
      8.0,
      9.0,
      49.0,
      13.0,
      8.0,
      80.0,
      8.0,
      18.0,
      14.0,
      17.0,
      3.0,
      0.0,
      8.0,
      113.0,
      5.0
    ],
    [
      24.0,
      19.0,
      11.0,
      16.0,
      17.0,
      57.0,
      20.0,
      1.0,
      77.0,
      16.0,
      13.0,
      22.0,
      24.0,
      9.0,
      8.0,
      0.0,
      109.0,
      11.0
    ],
    [
      129.0,
      123.0,
      34.0,
      121.0,
      41.0,
      160.0,
      125.0,
      108.0,
      38.0,
      112.0,
      100.0,
      125.0,
      129.0,
      35.0,
      113.0,
      109.0,
      0.0,
      116.0
    ],
    [
      13.0,
      8.0,
      9.0,
      5.0,
      6.0,
      46.0,
      9.0,
      11.0,
      39.0,
      7.0,
      21.0,
      10.0,
      13.0,
      7.0,
      5.0,
      11.0,
      116.0,
      0.0
    ]
  ],
  "cycle_dist_matrix": [
    [
      0.0,
      0.6,
      1.8,
      0.7,
      0.9,
      3.0,
      0.8,
      2.4,
      9.1,
      1.4,
      2.9,
      0.6,
      0.3,
      1.7,
      1.4,
      2.4,
      10.7,
      1.0
    ],
    [
      0.6,
      0.0,
      1.5,
      0.55,
      0.35,
      3.7,
      0.14,
      2.0,
      8.7,
      1.0,
      2.5,
      0.35,
      0.65,
      1.4,
      1.3,
      2.0,
      9.9,
      0.6
    ],
    [
      1.8,
      1.5,
      0.0,
      1.0,
      1.2,
      4.8,
      1.5,
      1.0,
      6.2,
      1.1,
      1.2,
      1.6,
      2.1,
      0.084,
      0.5,
      1.1,
      9.0,
      0.7
    ],
    [
      0.7,
      0.55,
      1.0,
      0.0,
      0.28,
      3.8,
      0.45,
      1.8,
      8.4,
      0.65,
      2.2,
      0.55,
      1.0,
      0.9,
      0.7,
      1.7,
      10.0,
      0.35
    ],
    [
      0.9,
      0.35,
      1.2,
      0.28,
      0.0,
      4.0,
      0.45,
      2.1,
      8.4,
      0.65,
      2.2,
      0.45,
      1.2,
      1.0,
      1.0,
      2.1,
      10.0,
      0.5
    ],
    [
      3.0,
      3.7,
      4.8,
      3.8,
      4.0,
      0.0,
      3.4,
      5.4,
      12.0,
      4.3,
      5.2,
      3.1,
      2.9,
      4.7,
      4.3,
      5.3,
      13.6,
      4.0
    ],
    [
      0.8,
      0.14,
      1.5,
      0.45,
      0.45,
      3.4,
      0.0,
      1.6,
      8.8,
      1.1,
      2.6,
      0.22,
      0.8,
      1.5,
      1.4,
      2.2,
      10.4,
      0.8
    ],
    [
      2.4,
      2.0,
      1.0,
      1.8,
      2.1,
      5.4,
      1.6,
      0.0,
      6.3,
      1.4,
      1.0,
      1.9,
      2.3,
      0.75,
      0.6,
      0.059,
      9.0,
      1.2
    ],
    [
      9.1,
      8.7,
      6.2,
      8.4,
      8.4,
      12.0,
      8.8,
      6.3,
      0.0,
      7.6,
      5.8,
      7.6,
      8.5,
      6.5,
      6.9,
      6.7,
      3.5,
      NaN
    ],
    [
      1.4,
      1.0,
      1.1,
      0.65,
      0.65,
      4.3,
      1.1,
      1.4,
      7.6,
      0.0,
      1.9,
      1.4,
      1.8,
      0.75,
      0.7,
      1.8,
      9.6,
      0.65
    ],
    [
      2.9,
      2.5,
      1.2,
      2.2,
      2.2,
      5.2,
      2.6,
      1.0,
      5.8,
      1.9,
      0.0,
      2.7,
      3.2,
      1.2,
      1.6,
      1.0,
      8.3,
      1.9
    ],
    [
      0.6,
      0.35,
      1.6,
      0.55,
      0.45,
      3.1,
      0.22,
      1.9,
      7.6,
      1.4,
      2.7,
      0.0,
      0.7,
      1.4,
      1.2,
      2.2,
      10.4,
      0.85
    ],
    [
      0.3,
      0.65,
      2.1,
      1.0,
      1.2,
      2.9,
      0.8,
      2.3,
      8.5,
      1.8,
      3.2,
      0.7,
      0.0,
      1.8,
      1.4,
      1.9,
      10.7,
      1.1
    ],
    [
      1.7,
      1.4,
      0.084,
      0.9,
      1.0,
      4.7,
      1.5,
      0.75,
      6.5,
      0.75,
      1.2,
      1.4,
      1.8,
      0.0,
      0.27,
      0.85,
      9.0,
      0.6
    ],
    [
      1.4,
      1.3,
      0.5,
      0.7,
      1.0,
      4.3,
      1.4,
      0.6,
      6.9,
      0.7,
      1.6,
      1.2,
      1.4,
      0.27,
      0.0,
      0.8,
      9.4,
      0.4
    ],
    [
      2.4,
      2.0,
      1.1,
      1.7,
      2.1,
      5.3,
      2.2,
      0.059,
      6.7,
      1.8,
      1.0,
      2.2,
      1.9,
      0.85,
      0.8,
      0.0,
      9.4,
      0.85
    ],
    [
      10.7,
      9.9,
      9.0,
      10.0,
      10.0,
      13.6,
      10.4,
      9.0,
      3.5,
      9.6,
      8.3,
      10.4,
      10.7,
      9.0,
      9.4,
      9.4,
      0.0,
      9.4
    ],
    [
      1.0,
      0.6,
      0.7,
      0.35,
      0.5,
      4.0,
      0.8,
      1.2,
      NaN,
      0.65,
      1.9,
      0.85,
      1.1,
      0.6,
      0.4,
      0.85,
      9.4,
      0.0
    ]
  ],
  "cycle_time_matrix": [
    [
      0.0,
      7.0,
      8.0,
      8.0,
      11.0,
      13.0,
      2.0,
      12.0,
      39.0,
      6.0,
      13.0,
      2.0,
      1.0,
      7.0,
      7.0,
      12.0,
      40.0,
      6.0
    ],
    [
      7.0,
      0.0,
      7.0,
      2.0,
      2.0,
      15.0,
      1.0,
      11.0,
      38.0,
      5.0,
      11.0,
      1.0,
      8.0,
      5.0,
      6.0,
      11.0,
      123.0,
      5.0
    ],
    [
      8.0,
      7.0,
      0.0,
      13.0,
      13.0,
      19.0,
      18.0,
      6.0,
      82.0,
      4.0,
      13.0,
      6.0,
      8.0,
      1.0,
      2.0,
      5.0,
      32.0,
      9.0
    ],
    [
      8.0,
      2.0,
      13.0,
      0.0,
      4.0,
      15.0,
      2.0,
      11.0,
      37.0,
      8.0,
      11.0,
      2.0,
      9.0,
      12.0,
      5.0,
      10.0,
      39.0,
      5.0
    ],
    [
      11.0,
      2.0,
      13.0,
      4.0,
      0.0,
      17.0,
      3.0,
      11.0,
      36.0,
      7.0,
      25.0,
      6.0,
      12.0,
      11.0,
      5.0,
      10.0,
      37.0,
      6.0
    ],
    [
      13.0,
      15.0,
      19.0,
      15.0,
      17.0,
      0.0,
      12.0,
      21.0,
      48.0,
      15.0,
      66.0,
      12.0,
      11.0,
      16.0,
      16.0,
      57.0,
      49.0,
      15.0
    ],
    [
      2.0,
      1.0,
      18.0,
      2.0,
      3.0,
      12.0,
      0.0,
      22.0,
      38.0,
      6.0,
      12.0,
      1.0,
      3.0,
      6.0,
      7.0,
      20.0,
      40.0,
      5.0
    ],
    [
      12.0,
      11.0,
      6.0,
      11.0,
      11.0,
      21.0,
      22.0,
      0.0,
      82.0,
      5.0,
      11.0,
      8.0,
      9.0,
      3.0,
      8.0,
      1.0,
      108.0,
      4.0
    ],
    [
      39.0,
      38.0,
      82.0,
      37.0,
      36.0,
      48.0,
      38.0,
      82.0,
      0.0,
      25.0,
      19.0,
      92.0,
      30.0,
      22.0,
      24.0,
      23.0,
      12.0,
      NaN
    ],
    [
      6.0,
      5.0,
      4.0,
      8.0,
      7.0,
      15.0,
      6.0,
      5.0,
      25.0,
      0.0,
      8.0,
      5.0,
      7.0,
      3.0,
      4.0,
      8.0,
      35.0,
      7.0
    ],
    [
      13.0,
      11.0,
      13.0,
      11.0,
      25.0,
      66.0,
      12.0,
      11.0,
      19.0,
      8.0,
      0.0,
      12.0,
      14.0,
      6.0,
      8.0,
      13.0,
      30.0,
      10.0
    ],
    [
      2.0,
      1.0,
      6.0,
      2.0,
      6.0,
      12.0,
      1.0,
      8.0,
      92.0,
      5.0,
      12.0,
      0.0,
      7.0,
      18.0,
      14.0,
      22.0,
      39.0,
      10.0
    ],
    [
      1.0,
      8.0,
      8.0,
      9.0,
      12.0,
      11.0,
      3.0,
      9.0,
      30.0,
      7.0,
      14.0,
      7.0,
      0.0,
      7.0,
      7.0,
      24.0,
      40.0,
      6.0
    ],
    [
      7.0,
      5.0,
      1.0,
      12.0,
      11.0,
      16.0,
      6.0,
      3.0,
      22.0,
      3.0,
      6.0,
      18.0,
      7.0,
      0.0,
      3.0,
      5.0,
      33.0,
      7.0
    ],
    [
      7.0,
      6.0,
      2.0,
      5.0,
      5.0,
      16.0,
      7.0,
      8.0,
      24.0,
      4.0,
      8.0,
      14.0,
      7.0,
      3.0,
      0.0,
      6.0,
      36.0,
      5.0
    ],
    [
      12.0,
      11.0,
      5.0,
      10.0,
      10.0,
      57.0,
      20.0,
      1.0,
      23.0,
      8.0,
      13.0,
      22.0,
      24.0,
      5.0,
      6.0,
      0.0,
      33.0,
      11.0
    ],
    [
      40.0,
      123.0,
      32.0,
      39.0,
      37.0,
      49.0,
      40.0,
      108.0,
      12.0,
      35.0,
      30.0,
      39.0,
      40.0,
      33.0,
      36.0,
      33.0,
      0.0,
      35.0
    ],
    [
      6.0,
      5.0,
      9.0,
      5.0,
      6.0,
      15.0,
      5.0,
      4.0,
      NaN,
      7.0,
      10.0,
      10.0,
      6.0,
      7.0,
      5.0,
      11.0,
      35.0,
      0.0
    ]
  ]
}