{
  "drive_dist_matrix": [
    [
      0.0,
      22.2,
      20.4,
      16.3,
      22.1,
      21.3,
      21.9,
      23.3,
      21.9,
      18.8,
      11.0,
      22.1,
      21.2,
      24.7,
      22.1,
      16.2,
      25.8,
      17.0,
      25.6,
      22.6
    ],
    [
      22.2,
      0.0,
      0.9,
      11.7,
      3.3,
      10.1,
      0.8,
      11.6,
      8.4,
      6.1,
      20.2,
      3.3,
      7.5,
      4.9,
      3.3,
      8.2,
      4.1,
      8.3,
      1.3,
      11.8
    ],
    [
      20.4,
      0.9,
      0.0,
      12.4,
      2.8,
      13.1,
      1.2,
      11.8,
      11.3,
      6.1,
      21.4,
      2.8,
      7.4,
      5.6,
      2.9,
      8.1,
      4.4,
      9.0,
      0.9,
      12.1
    ],
    [
      16.3,
      11.7,
      12.4,
      0.0,
      16.7,
      12.0,
      12.3,
      14.7,
      10.2,
      14.7,
      28.1,
      15.7,
      15.7,
      6.9,
      16.7,
      16.0,
      14.4,
      4.6,
      13.7,
      15.5
    ],
    [
      22.1,
      3.3,
      2.8,
      16.7,
      0.0,
      12.7,
      3.0,
      15.4,
      11.0,
      5.7,
      21.0,
      0.35,
      6.5,
      8.2,
      0.45,
      7.7,
      6.0,
      11.6,
      3.1,
      16.3
    ],
    [
      21.3,
      10.1,
      13.1,
      12.0,
      12.7,
      0.0,
      12.1,
      6.2,
      2.6,
      11.1,
      17.4,
      13.4,
      12.0,
      5.5,
      13.4,
      12.4,
      9.4,
      8.6,
      12.0,
      5.6
    ],
    [
      21.9,
      0.8,
      1.2,
      12.3,
      3.0,
      12.1,
      0.0,
      12.2,
      10.9,
      5.6,
      20.9,
      2.6,
      7.0,
      5.9,
      2.6,
      7.6,
      4.8,
      9.2,
      2.3,
      12.5
    ],
    [
      23.3,
      11.6,
      11.8,
      14.7,
      15.4,
      6.2,
      12.2,
      0.0,
      6.7,
      14.1,
      20.5,
      14.3,
      15.0,
      8.5,
      14.3,
      15.4,
      9.2,
      11.6,
      11.8,
      1.9
    ],
    [
      21.9,
      8.4,
      11.3,
      10.2,
      11.0,
      2.6,
      10.9,
      6.7,
      0.0,
      10.3,
      18.7,
      12.6,
      11.2,
      4.7,
      12.6,
      11.6,
      7.9,
      7.9,
      10.5,
      7.2
    ],
    [
      18.8,
      6.1,
      6.1,
      14.7,
      5.7,
      11.1,
      5.6,
      14.1,
      10.3,
      0.0,
      16.6,
      6.5,
      5.2,
      8.8,
      6.5,
      3.3,
      10.2,
      15.6,
      9.6,
      14.3
    ],
    [
      11.0,
      20.2,
      21.4,
      28.1,
      21.0,
      17.4,
      20.9,
      20.5,
      18.7,
      16.6,
      0.0,
      18.4,
      17.0,
      10.5,
      18.4,
      17.4,
      14.4,
      13.6,
      17.0,
      10.5
    ],
    [
      22.1,
      3.3,
      2.8,
      15.7,
      0.35,
      13.4,
      2.6,
      14.3,
      12.6,
      6.5,
      18.4,
      0.0,
      5.2,
      9.1,
      0.28,
      9.0,
      7.8,
      12.5,
      5.7,
      17.5
    ],
    [
      21.2,
      7.5,
      7.4,
      15.7,
      6.5,
      12.0,
      7.0,
      15.0,
      11.2,
      5.2,
      17.0,
      5.2,
      0.0,
      9.8,
      5.9,
      12.4,
      7.8,
      13.2,
      4.4,
      15.5
    ],
    [
      24.7,
      4.9,
      5.6,
      6.9,
      8.2,
      5.5,
      5.9,
      8.5,
      4.7,
      8.8,
      10.5,
      9.1,
      9.8,
      0.0,
      9.9,
      13.9,
      7.6,
      3.5,
      6.9,
      8.9
    ],
    [
      22.1,
      3.3,
      2.9,
      16.7,
      0.45,
      13.4,
      2.6,
      14.3,
      12.6,
      6.5,
      18.4,
      0.28,
      5.9,
      9.9,
      0.0,
      7.7,
      6.0,
      11.6,
      3.1,
      16.2
    ],
    [
      16.2,
      8.2,
      8.1,
      16.0,
      7.7,
      12.4,
      7.6,
      15.4,
      11.6,
      3.3,
      17.4,
      9.0,
      12.4,
      13.9,
      7.7,
      0.0,
      10.4,
      12.5,
      10.2,
      14.3
    ],
    [
      25.8,
      4.1,
      4.4,
      14.4,
      6.0,
      9.4,
      4.8,
      9.2,
      7.9,
      10.2,
      14.4,
      7.8,
      7.8,
      7.6,
      6.0,
      10.4,
      0.0,
      12.6,
      2.6,
      10.9
    ],
    [
      17.0,
      8.3,
      9.0,
      4.6,
      11.6,
      8.6,
      9.2,
      11.6,
      7.9,
      15.6,
      13.6,
      12.5,
      13.2,
      3.5,
      11.6,
      12.5,
      12.6,
      0.0,
      10.2,
      12.1
    ],
    [
      25.6,
      1.3,
      0.9,
      13.7,
      3.1,
      12.0,
      2.3,
      11.8,
      10.5,
      9.6,
      17.0,
      5.7,
      4.4,
      6.9,
      3.1,
      10.2,
      2.6,
      10.2,
      0.0,
      13.0
    ],
    [
      22.6,
      11.8,
      12.1,
      15.5,
      16.3,
      5.6,
      12.5,
      1.9,
      7.2,
      14.3,
      10.5,
      17.5,
      15.5,
      8.9,
      16.2,
      14.3,
      10.9,
      12.1,
      13.0,
      0.0
    ]
  ],
  "drive_time_matrix": [
    [
      0.0,
      43.0,
      42.0,
      50.0,
      44.0,
      40.0,
      42.0,
      45.0,
      41.0,
      37.0,
      34.0,
      41.0,
      39.0,
      42.0,
      44.0,
      34.0,
      46.0,
      51.0,
      46.0,
      43.0
    ],
    [
      43.0,
      0.0,
      12.0,
      26.0,
      10.0,
      16.0,
      11.0,
      20.0,
      14.0,
      12.0,
      46.0,
      8.0,
      13.0,
      10.0,
      10.0,
      13.0,
      6.0,
      17.0,
      12.0,
      20.0
    ],
    [
      42.0,
      12.0,
      0.0,
      26.0,
      8.0,
      17.0,
      3.0,
      20.0,
      15.0,
      10.0,
      44.0,
      6.0,
      11.0,
      10.0,
      8.0,
      11.0,
      6.0,
      18.0,
      12.0,
      20.0
    ],
    [
      50.0,
      26.0,
      26.0,
      0.0,
      31.0,
      23.0,
      30.0,
      29.0,
      21.0,
      30.0,
      54.0,
      30.0,
      31.0,
      16.0,
      31.0,
      31.0,
      27.0,
      10.0,
      29.0,
      29.0
    ],
    [
      44.0,
      10.0,
      8.0,
      31.0,
      0.0,
      17.0,
      8.0,
      22.0,
      15.0,
      10.0,
      44.0,
      4.0,
      12.0,
      13.0,
      6.0,
      11.0,
      10.0,
      21.0,
      9.0,
      22.0
    ],
    [
      40.0,
      16.0,
      17.0,
      23.0,
      17.0,
      0.0,
      17.0,
      13.0,
      7.0,
      13.0,
      34.0,
      17.0,
      15.0,
      8.0,
      19.0,
      14.0,
      15.0,
      15.0,
      18.0,
      10.0
    ],
    [
      42.0,
      11.0,
      3.0,
      30.0,
      8.0,
      17.0,
      0.0,
      21.0,
      15.0,
      10.0,
      44.0,
      5.0,
      12.0,
      12.0,
      7.0,
      12.0,
      7.0,
      19.0,
      6.0,
      21.0
    ],
    [
      45.0,
      20.0,
      20.0,
      29.0,
      22.0,
      13.0,
      21.0,
      0.0,
      15.0,
      19.0,
      41.0,
      21.0,
      21.0,
      14.0,
      23.0,
      20.0,
      14.0,
      22.0,
      18.0,
      7.0
    ],
    [
      41.0,
      14.0,
      15.0,
      21.0,
      15.0,
      7.0,
      15.0,
      15.0,
      0.0,
      14.0,
      37.0,
      17.0,
      15.0,
      8.0,
      20.0,
      15.0,
      13.0,
      16.0,
      17.0,
      14.0
    ],
    [
      37.0,
      12.0,
      10.0,
      30.0,
      10.0,
      13.0,
      10.0,
      19.0,
      14.0,
      0.0,
      37.0,
      10.0,
      8.0,
      11.0,
      12.0,
      5.0,
      13.0,
      21.0,
      13.0,
      18.0
    ],
    [
      34.0,
      46.0,
      44.0,
      54.0,
      44.0,
      34.0,
      44.0,
      41.0,
      37.0,
      37.0,
      0.0,
      28.0,
      25.0,
      19.0,
      30.0,
      25.0,
      25.0,
      26.0,
      29.0,
      22.0
    ],
    [
      41.0,
      8.0,
      6.0,
      30.0,
      4.0,
      17.0,
      5.0,
      21.0,
      17.0,
      10.0,
      28.0,
      0.0,
      8.0,
      12.0,
      3.0,
      12.0,
      11.0,
      20.0,
      11.0,
      23.0
    ],
    [
      39.0,
      13.0,
      11.0,
      31.0,
      12.0,
      15.0,
      12.0,
      21.0,
      15.0,
      8.0,
      25.0,
      8.0,
      0.0,
      13.0,
      10.0,
      16.0,
      7.0,
      21.0,
      5.0,
      21.0
    ],
    [
      42.0,
      10.0,
      10.0,
      16.0,
      13.0,
      8.0,
      12.0,
      14.0,
      8.0,
      11.0,
      19.0,
      12.0,
      13.0,
      0.0,
      14.0,
      14.0,
      11.0,
      8.0,
      12.0,
      13.0
    ],
    [
      44.0,
      10.0,
      8.0,
      31.0,
      6.0,
      19.0,
      7.0,
      23.0,
      20.0,
      12.0,
      30.0,
      3.0,
      10.0,
      14.0,
      0.0,
      11.0,
      10.0,
      21.0,
      9.0,
      22.0
    ],
    [
      34.0,
      13.0,
      11.0,
      31.0,
      11.0,
      14.0,
      12.0,
      20.0,
      15.0,
      5.0,
      25.0,
      12.0,
      16.0,
      14.0,
      11.0,
      0.0,
      13.0,
      19.0,
      13.0,
      18.0
    ],
    [
      46.0,
      6.0,
      6.0,
      27.0,
      10.0,
      15.0,
      7.0,
      14.0,
      13.0,
      13.0,
      25.0,
      11.0,
      7.0,
      11.0,
      10.0,
      13.0,
      0.0,
      19.0,
      4.0,
      17.0
    ],
    [
      51.0,
      17.0,
      18.0,
      10.0,
      21.0,
      15.0,
      19.0,
      22.0,
      16.0,
      21.0,
      26.0,
      20.0,
      21.0,
      8.0,
      21.0,
      19.0,
      19.0,
      0.0,
      21.0,
      21.0
    ],
    [
      46.0,
      12.0,
      12.0,
      29.0,
      9.0,
      18.0,
      6.0,
      18.0,
      17.0,
      13.0,
      29.0,
      11.0,
      5.0,
      12.0,
      9.0,
      13.0,
      4.0,
      21.0,
      0.0,
      20.0
    ],
    [
      43.0,
      20.0,
      20.0,
      29.0,
      22.0,
      10.0,
      21.0,
      7.0,
      14.0,
      18.0,
      22.0,
      23.0,
      21.0,
      13.0,
      22.0,
      18.0,
      17.0,
      21.0,
      20.0,
      0.0
    ]
  ],
  "transit_dist_walk_matrix": [
    [
      0.0,
      NaN,
      NaN,
      NaN,
      NaN,
      NaN,
      NaN,
      NaN,
      NaN,
      NaN,
      NaN,
      NaN,
      NaN,
      NaN,
      NaN,
      NaN,
      NaN,
      NaN,
      NaN,
      NaN
    ],
    [
      NaN,
      0.0,
      NaN,
      1.16662,
      0.99996,
      0.8333,
      NaN,
      2.16658,
      1.41661,
      1.6666,
      4.9998000000000005,
      0.99996,
      0.99996,
      0.8333,
      0.99996,
      0.49998,
      1.58327,
      5.24979,
      0.66664,
      1.74993
    ],
    [
      NaN,
      NaN,
      0.0,
      0.9166300000000001,
      0.49998,
      1.49994,
      NaN,
      1.91659,
      2.24991,
      1.2499500000000001,
      4.83314,
      0.16666,
      0.49998,
      0.74997,
      0.41665,
      1.16662,
      1.2499500000000001,
      4.9998000000000005,
      NaN,
      1.33328
    ],
    [
      NaN,
      1.16662,
      0.9166300000000001,
      0.0,
      5.74977,
      5.08313,
      5.74977,
      5.41645,
      NaN,
      5.5831100000000005,
      8.99964,
      5.41645,
      5.24979,
      4.91647,
      5.49978,
      4.83314,
      4.91647,
      9.24963,
      4.91647,
      5.33312
    ],
    [
      NaN,
      0.99996,
      0.49998,
      5.74977,
      0.0,
      1.6666,
      0.9166300000000001,
      2.16658,
      3.24987,
      2.24991,
      5.08313,
      NaN,
      0.58331,
      1.74993,
      NaN,
      2.16658,
      2.24991,
      5.99976,
      0.66664,
      2.4999000000000002
    ],
    [
      NaN,
      0.8333,
      1.49994,
      5.08313,
      1.6666,
      0.0,
      1.33328,
      1.74993,
      1.91659,
      2.08325,
      4.91647,
      1.41661,
      2.08325,
      1.08329,
      1.58327,
      0.8333,
      0.9166300000000001,
      5.24979,
      0.99996,
      1.33328
    ],
    [
      NaN,
      NaN,
      NaN,
      5.74977,
      0.9166300000000001,
      1.33328,
      0.0,
      2.33324,
      1.91659,
      1.8332600000000001,
      5.41645,
      0.74997,
      0.9166300000000001,
      1.2499500000000001,
      0.9166300000000001,
      0.74997,
      1.74993,
      5.5831100000000005,
      1.08329,
      1.91659
    ],
    [
      NaN,
      2.16658,
      1.91659,
      5.41645,
      2.16658,
      1.74993,
      2.33324,
      0.0,
      2.16658,
      2.4999000000000002,
      5.33312,
      2.41657,
      3.41653,
      1.91659,
      2.4999000000000002,
      2.41657,
      2.33324,
      6.24975,
      2.24991,
      NaN
    ],
    [
      NaN,
      1.41661,
      2.24991,
      NaN,
      3.24987,
      1.91659,
      1.91659,
      2.16658,
      0.0,
      2.33324,
      NaN,
      1.74993,
      2.41657,
      1.33328,
      1.8332600000000001,
      1.16662,
      1.2499500000000001,
      5.5831100000000005,
      1.33328,
      1.74993
    ],
    [
      NaN,
      1.6666,
      1.2499500000000001,
      5.5831100000000005,
      2.24991,
      2.08325,
      1.8332600000000001,
      2.4999000000000002,
      2.33324,
      0.0,
      4.83314,
      1.6666,
      1.2499500000000001,
      1.41661,
      2.08325,
      0.66664,
      1.91659,
      5.74977,
      1.8332600000000001,
      1.08329
    ],
    [
      NaN,
      4.9998000000000005,
      4.83314,
      8.99964,
      5.08313,
      4.91647,
      5.41645,
      5.33312,
      NaN,
      4.83314,
      0.0,
      4.33316,
      4.24983,
      4.49982,
      4.4164900000000005,
      4.74981,
      4.33316,
      NaN,
      4.49982,
      3.91651
    ],
    [
      NaN,
      0.99996,
      0.16666,
      5.41645,
      NaN,
      1.41661,
      0.74997,
      2.41657,
      1.74993,
      1.6666,
      4.33316,
      0.0,
      0.49998,
      1.33328,
      NaN,
      1.8332600000000001,
      1.8332600000000001,
      5.66644,
      0.49998,
      1.99992
    ],
    [
      NaN,
      0.99996,
      0.49998,
      5.24979,
      0.58331,
      2.08325,
      0.9166300000000001,
      3.41653,
      2.41657,
      1.2499500000000001,
      4.24983,
      0.49998,
      0.0,
      0.99996,
      0.8333,
      1.49994,
      1.49994,
      5.33312,
      0.99996,
      1.6666
    ],
    [
      NaN,
      0.8333,
      0.74997,
      4.91647,
      1.74993,
      1.08329,
      1.2499500000000001,
      1.91659,
      1.33328,
      1.41661,
      4.49982,
      1.33328,
      0.99996,
      0.0,
      1.58327,
      0.66664,
      1.41661,
      NaN,
      1.49994,
      0.58331
    ],
    [
      NaN,
      0.99996,
      0.41665,
      5.49978,
      NaN,
      1.58327,
      0.9166300000000001,
      2.4999000000000002,
      1.8332600000000001,
      2.08325,
      4.4164900000000005,
      NaN,
      0.8333,
      1.58327,
      0.0,
      1.91659,
      1.91659,
      5.74977,
      0.66664,
      2.08325
    ],
    [
      NaN,
      0.49998,
      1.16662,
      4.83314,
      2.16658,
      0.8333,
      0.74997,
      2.41657,
      1.16662,
      0.66664,
      4.74981,
      1.8332600000000001,
      1.49994,
      0.66664,
      1.91659,
      0.0,
      1.8332600000000001,
      5.66644,
      1.74993,
      0.9166300000000001
    ],
    [
      NaN,
      1.58327,
      1.2499500000000001,
      4.91647,
      2.24991,
      0.9166300000000001,
      1.74993,
      2.33324,
      1.2499500000000001,
      1.91659,
      4.33316,
      1.8332600000000001,
      1.49994,
      1.41661,
      1.91659,
      1.8332600000000001,
      0.0,
      5.41645,
      0.58331,
      1.91659
    ],
    [
      NaN,
      5.24979,
      4.9998000000000005,
      9.24963,
      5.99976,
      5.24979,
      5.5831100000000005,
      6.24975,
      5.5831100000000005,
      5.74977,
      NaN,
      5.66644,
      5.33312,
      NaN,
      5.74977,
      5.66644,
      5.41645,
      0.0,
      3.99984,
      4.33316
    ],
    [
      NaN,
      0.66664,
      NaN,
      4.91647,
      0.66664,
      0.99996,
      1.08329,
      2.24991,
      1.33328,
      1.8332600000000001,
      4.49982,
      0.49998,
      0.99996,
      1.49994,
      0.66664,
      1.74993,
      0.58331,
      3.99984,
      0.0,
      1.99992
    ],
    [
      NaN,
      1.74993,
      1.33328,
      5.33312,
      2.4999000000000002,
      1.33328,
      1.91659,
      NaN,
      1.74993,
      1.08329,
      3.91651,
      1.99992,
      1.6666,
      0.58331,
      2.08325,
      0.9166300000000001,
      1.91659,
      4.33316,
      1.99992,
      0.0
    ]
  ],
  "transit_time_matrix": [
    [
      0.0,
      NaN,
      NaN,
      NaN,
      NaN,
      NaN,
      NaN,
      NaN,
      NaN,
      NaN,
      NaN,
      NaN,
      NaN,
      NaN,
      NaN,
      NaN,
      NaN,
      NaN,
      NaN,
      NaN
    ],
    [
      NaN,
      0.0,
      0.0,
      114.0,
      26.0,
      16.0,
      NaN,
      43.0,
      61.0,
      33.0,
      142.0,
      8.0,
      28.0,
      10.0,
      25.0,
      47.0,
      22.0,
      107.0,
      12.0,
      38.0
    ],
    [
      NaN,
      0.0,
      0.0,
      117.0,
      18.0,
      50.0,
      NaN,
      39.0,
      52.0,
      28.0,
      129.0,
      15.0,
      20.0,
      10.0,
      17.0,
      29.0,
      18.0,
      100.0,
      0.0,
      33.0
    ],
    [
      NaN,
      114.0,
      117.0,
      0.0,
      143.0,
      69.0,
      30.0,
      144.0,
      NaN,
      127.0,
      149.0,
      139.0,
      169.0,
      128.0,
      140.0,
      118.0,
      113.0,
      180.0,
      125.0,
      138.0
    ],
    [
      NaN,
      26.0,
      18.0,
      143.0,
      0.0,
      67.0,
      23.0,
      54.0,
      67.0,
      37.0,
      160.0,
      NaN,
      17.0,
      13.0,
      NaN,
      38.0,
      33.0,
      115.0,
      23.0,
      49.0
    ],
    [
      NaN,
      16.0,
      50.0,
      69.0,
      67.0,
      0.0,
      70.0,
      86.0,
      49.0,
      79.0,
      92.0,
      17.0,
      80.0,
      80.0,
      102.0,
      66.0,
      15.0,
      15.0,
      87.0,
      80.0
    ],
    [
      NaN,
      NaN,
      NaN,
      30.0,
      23.0,
      70.0,
      0.0,
      46.0,
      67.0,
      33.0,
      149.0,
      21.0,
      26.0,
      12.0,
      23.0,
      49.0,
      25.0,
      19.0,
      17.0,
      41.0
    ],
    [
      NaN,
      43.0,
      39.0,
      144.0,
      54.0,
      86.0,
      46.0,
      0.0,
      15.0,
      65.0,
      143.0,
      21.0,
      21.0,
      14.0,
      50.0,
      66.0,
      40.0,
      22.0,
      44.0,
      NaN
    ],
    [
      NaN,
      61.0,
      52.0,
      NaN,
      67.0,
      49.0,
      67.0,
      15.0,
      0.0,
      76.0,
      NaN,
      95.0,
      74.0,
      74.0,
      96.0,
      64.0,
      69.0,
      126.0,
      82.0,
      82.0
    ],
    [
      NaN,
      33.0,
      28.0,
      127.0,
      37.0,
      79.0,
      33.0,
      65.0,
      76.0,
      0.0,
      179.0,
      40.0,
      8.0,
      70.0,
      35.0,
      33.0,
      39.0,
      122.0,
      13.0,
      111.0
    ],
    [
      NaN,
      142.0,
      129.0,
      149.0,
      160.0,
      92.0,
      149.0,
      143.0,
      NaN,
      179.0,
      0.0,
      28.0,
      241.0,
      350.0,
      230.0,
      318.0,
      317.0,
      NaN,
      194.0,
      156.0
    ],
    [
      NaN,
      8.0,
      15.0,
      139.0,
      NaN,
      17.0,
      21.0,
      21.0,
      95.0,
      40.0,
      28.0,
      0.0,
      15.0,
      59.0,
      NaN,
      34.0,
      28.0,
      111.0,
      21.0,
      44.0
    ],
    [
      NaN,
      28.0,
      20.0,
      169.0,
      17.0,
      80.0,
      26.0,
      21.0,
      74.0,
      8.0,
      241.0,
      15.0,
      0.0,
      69.0,
      19.0,
      44.0,
      38.0,
      121.0,
      29.0,
      54.0
    ],
    [
      NaN,
      10.0,
      10.0,
      128.0,
      13.0,
      80.0,
      12.0,
      14.0,
      74.0,
      70.0,
      350.0,
      59.0,
      69.0,
      0.0,
      14.0,
      101.0,
      11.0,
      NaN,
      78.0,
      108.0
    ],
    [
      NaN,
      25.0,
      17.0,
      140.0,
      NaN,
      102.0,
      23.0,
      50.0,
      96.0,
      35.0,
      230.0,
      NaN,
      19.0,
      14.0,
      0.0,
      11.0,
      29.0,
      112.0,
      23.0,
      22.0
    ],
    [
      NaN,
      47.0,
      29.0,
      118.0,
      38.0,
      66.0,
      49.0,
      66.0,
      64.0,
      33.0,
      318.0,
      34.0,
      44.0,
      101.0,
      11.0,
      0.0,
      40.0,
      123.0,
      13.0,
      86.0
    ],
    [
      NaN,
      22.0,
      18.0,
      113.0,
      33.0,
      15.0,
      25.0,
      40.0,
      69.0,
      39.0,
      317.0,
      28.0,
      38.0,
      11.0,
      29.0,
      40.0,
      0.0,
      19.0,
      38.0,
      35.0
    ],
    [
      NaN,
      107.0,
      100.0,
      180.0,
      115.0,
      15.0,
      19.0,
      22.0,
      126.0,
      122.0,
      NaN,
      111.0,
      121.0,
      NaN,
      112.0,
      123.0,
      19.0,
      0.0,
      166.0,
      155.0
    ],
    [
      NaN,
      12.0,
      0.0,
      125.0,
      23.0,
      87.0,
      17.0,
      44.0,
      82.0,
      13.0,
      194.0,
      21.0,
      29.0,
      78.0,
      23.0,
      13.0,
      38.0,
      166.0,
      0.0,
      40.0
    ],
    [
      NaN,
      38.0,
      33.0,
      138.0,
      49.0,
      80.0,
      41.0,
      NaN,
      82.0,
      111.0,
      156.0,
      44.0,
      54.0,
      108.0,
      22.0,
      86.0,
      35.0,
      155.0,
      40.0,
      0.0
    ]
  ],
  "walk_dist_matrix": [
    [
      0.0,
      16.8,
      17.0,
      23.1,
      17.7,
      25.9,
      16.4,
      26.4,
      24.7,
      13.6,
      24.6,
      17.4,
      16.8,
      18.1,
      17.5,
      12.6,
      19.0,
      19.4,
      17.7,
      26.5
    ],
    [
      16.8,
      0.0,
      0.9,
      11.4,
      2.7,
      9.6,
      0.8,
      9.7,
      8.4,
      5.6,
      14.2,
      2.4,
      3.4,
      5.0,
      2.5,
      7.0,
      2.2,
      7.8,
      1.3,
      9.9
    ],
    [
      17.0,
      0.9,
      0.0,
      11.6,
      1.8,
      10.2,
      0.7,
      10.4,
      9.1,
      5.8,
      14.9,
      1.5,
      2.8,
      5.6,
      1.6,
      7.1,
      2.6,
      8.7,
      0.9,
      10.5
    ],
    [
      23.1,
      11.4,
      11.6,
      0.0,
      14.2,
      5.2,
      12.2,
      9.3,
      2.5,
      12.7,
      9.8,
      13.9,
      14.3,
      7.2,
      14.0,
      13.1,
      10.4,
      5.1,
      12.3,
      9.3
    ],
    [
      17.7,
      2.7,
      1.8,
      14.2,
      0.0,
      12.1,
      2.3,
      12.3,
      10.9,
      4.9,
      16.7,
      0.35,
      1.5,
      7.5,
      0.45,
      7.0,
      4.5,
      10.5,
      2.7,
      12.4
    ],
    [
      25.9,
      9.6,
      10.2,
      5.2,
      12.1,
      0.0,
      10.2,
      6.3,
      2.7,
      15.1,
      5.0,
      11.8,
      12.8,
      8.0,
      11.8,
      14.8,
      8.1,
      8.7,
      10.0,
      5.8
    ],
    [
      16.4,
      0.8,
      0.7,
      12.2,
      2.3,
      10.2,
      0.0,
      10.4,
      9.0,
      5.3,
      14.8,
      2.0,
      3.0,
      5.6,
      2.1,
      6.6,
      2.8,
      8.5,
      1.6,
      10.5
    ],
    [
      26.4,
      9.7,
      10.4,
      9.3,
      12.3,
      6.3,
      10.4,
      0.0,
      6.8,
      15.3,
      9.6,
      11.9,
      13.0,
      9.6,
      12.0,
      16.7,
      8.3,
      12.6,
      10.2,
      1.0
    ],
    [
      24.7,
      8.4,
      9.1,
      2.5,
      10.9,
      2.7,
      9.0,
      6.8,
      0.0,
      14.0,
      7.3,
      10.6,
      11.7,
      6.9,
      10.7,
      13.7,
      7.0,
      6.0,
      8.9,
      6.7
    ],
    [
      13.6,
      5.6,
      5.8,
      12.7,
      4.9,
      15.1,
      5.3,
      15.3,
      14.0,
      0.0,
      19.7,
      4.8,
      3.4,
      7.7,
      4.9,
      2.1,
      7.7,
      9.0,
      6.6,
      15.4
    ],
    [
      24.6,
      14.2,
      14.9,
      9.8,
      16.7,
      5.0,
      14.8,
      9.6,
      7.3,
      19.7,
      0.0,
      16.4,
      17.5,
      12.7,
      16.5,
      19.5,
      12.8,
      13.3,
      14.7,
      9.1
    ],
    [
      17.4,
      2.4,
      1.5,
      13.9,
      0.35,
      11.8,
      2.0,
      11.9,
      10.6,
      4.8,
      16.4,
      0.0,
      1.3,
      7.2,
      0.28,
      6.8,
      4.2,
      10.2,
      2.4,
      12.1
    ],
    [
      16.8,
      3.4,
      2.8,
      14.3,
      1.5,
      12.8,
      3.0,
      13.0,
      11.7,
      3.4,
      17.5,
      1.3,
      0.0,
      8.2,
      1.4,
      5.5,
      5.4,
      10.7,
      3.6,
      13.1
    ],
    [
      18.1,
      5.0,
      5.6,
      7.2,
      7.5,
      8.0,
      5.6,
      9.6,
      6.9,
      7.7,
      12.7,
      7.2,
      8.2,
      0.0,
      7.2,
      8.2,
      3.8,
      3.4,
      5.6,
      9.8
    ],
    [
      17.5,
      2.5,
      1.6,
      14.0,
      0.45,
      11.8,
      2.1,
      12.0,
      10.7,
      4.9,
      16.5,
      0.28,
      1.4,
      7.2,
      0.0,
      6.9,
      4.3,
      10.3,
      2.4,
      12.2
    ],
    [
      12.6,
      7.0,
      7.1,
      13.1,
      7.0,
      14.8,
      6.6,
      16.7,
      13.7,
      2.1,
      19.5,
      6.8,
      5.5,
      8.2,
      6.9,
      0.0,
      9.1,
      9.5,
      7.9,
      16.6
    ],
    [
      19.0,
      2.2,
      2.6,
      10.4,
      4.5,
      8.1,
      2.8,
      8.3,
      7.0,
      7.7,
      12.8,
      4.2,
      5.4,
      3.8,
      4.3,
      9.1,
      0.0,
      6.7,
      2.2,
      8.4
    ],
    [
      19.4,
      7.8,
      8.7,
      5.1,
      10.5,
      8.7,
      8.5,
      12.6,
      6.0,
      9.0,
      13.3,
      10.2,
      10.7,
      3.4,
      10.3,
      9.5,
      6.7,
      0.0,
      8.6,
      12.8
    ],
    [
      17.7,
      1.3,
      0.9,
      12.3,
      2.7,
      10.0,
      1.6,
      10.2,
      8.9,
      6.6,
      14.7,
      2.4,
      3.6,
      5.6,
      2.4,
      7.9,
      2.2,
      8.6,
      0.0,
      10.4
    ],
    [
      26.5,
      9.9,
      10.5,
      9.3,
      12.4,
      5.8,
      10.5,
      1.0,
      6.7,
      15.4,
      9.1,
      12.1,
      13.1,
      9.8,
      12.2,
      16.6,
      8.4,
      12.8,
      10.4,
      0.0
    ]
  ],
  "walk_time_matrix": [
    [
      0.0,
      206.0,
      208.0,
      308.0,
      217.0,
      317.0,
      201.0,
      327.0,
      307.0,
      165.0,
      331.0,
      213.0,
      203.0,
      223.0,
      214.0,
      152.0,
      232.0,
      250.0,
      218.0,
      328.0
    ],
    [
      206.0,
      0.0,
      12.0,
      169.0,
      35.0,
      118.0,
      11.0,
      43.0,
      108.0,
      70.0,
      197.0,
      32.0,
      43.0,
      63.0,
      33.0,
      47.0,
      28.0,
      111.0,
      16.0,
      127.0
    ],
    [
      208.0,
      12.0,
      0.0,
      176.0,
      24.0,
      128.0,
      9.0,
      135.0,
      118.0,
      73.0,
      206.0,
      20.0,
      35.0,
      49.0,
      21.0,
      91.0,
      33.0,
      123.0,
      12.0,
      33.0
    ],
    [
      308.0,
      169.0,
      176.0,
      0.0,
      174.0,
      69.0,
      147.0,
      130.0,
      44.0,
      156.0,
      156.0,
      170.0,
      175.0,
      128.0,
      171.0,
      162.0,
      128.0,
      66.0,
      125.0,
      128.0
    ],
    [
      217.0,
      35.0,
      24.0,
      174.0,
      0.0,
      67.0,
      30.0,
      159.0,
      141.0,
      60.0,
      230.0,
      4.0,
      17.0,
      96.0,
      6.0,
      87.0,
      57.0,
      147.0,
      35.0,
      160.0
    ],
    [
      317.0,
      118.0,
      128.0,
      69.0,
      67.0,
      0.0,
      128.0,
      78.0,
      37.0,
      188.0,
      83.0,
      101.0,
      160.0,
      110.0,
      149.0,
      200.0,
      101.0,
      136.0,
      124.0,
      80.0
    ],
    [
      201.0,
      11.0,
      9.0,
      147.0,
      30.0,
      128.0,
      0.0,
      134.0,
      117.0,
      66.0,
      205.0,
      26.0,
      39.0,
      71.0,
      27.0,
      84.0,
      36.0,
      121.0,
      20.0,
      135.0
    ],
    [
      327.0,
      43.0,
      135.0,
      130.0,
      159.0,
      78.0,
      134.0,
      0.0,
      88.0,
      195.0,
      137.0,
      154.0,
      166.0,
      124.0,
      155.0,
      213.0,
      107.0,
      175.0,
      130.0,
      12.0
    ],
    [
      307.0,
      108.0,
      118.0,
      44.0,
      141.0,
      37.0,
      117.0,
      88.0,
      0.0,
      175.0,
      112.0,
      135.0,
      74.0,
      97.0,
      136.0,
      187.0,
      88.0,
      126.0,
      111.0,
      84.0
    ],
    [
      165.0,
      70.0,
      73.0,
      156.0,
      60.0,
      188.0,
      66.0,
      195.0,
      175.0,
      0.0,
      267.0,
      58.0,
      42.0,
      70.0,
      60.0,
      27.0,
      97.0,
      122.0,
      83.0,
      196.0
    ],
    [
      331.0,
      197.0,
      206.0,
      156.0,
      230.0,
      83.0,
      205.0,
      137.0,
      112.0,
      267.0,
      0.0,
      215.0,
      227.0,
      177.0,
      230.0,
      267.0,
      168.0,
      202.0,
      191.0,
      118.0
    ],
    [
      213.0,
      32.0,
      20.0,
      170.0,
      4.0,
      101.0,
      26.0,
      154.0,
      135.0,
      58.0,
      215.0,
      0.0,
      15.0,
      92.0,
      3.0,
      84.0,
      28.0,
      143.0,
      31.0,
      156.0
    ],
    [
      203.0,
      43.0,
      35.0,
      175.0,
      17.0,
      160.0,
      39.0,
      166.0,
      74.0,
      42.0,
      227.0,
      15.0,
      0.0,
      104.0,
      17.0,
      69.0,
      68.0,
      121.0,
      46.0,
      168.0
    ],
    [
      223.0,
      63.0,
      49.0,
      128.0,
      96.0,
      110.0,
      71.0,
      124.0,
      97.0,
      70.0,
      177.0,
      92.0,
      104.0,
      0.0,
      90.0,
      107.0,
      45.0,
      57.0,
      68.0,
      122.0
    ],
    [
      214.0,
      33.0,
      21.0,
      171.0,
      6.0,
      149.0,
      27.0,
      155.0,
      136.0,
      60.0,
      230.0,
      3.0,
      17.0,
      90.0,
      0.0,
      86.0,
      54.0,
      112.0,
      32.0,
      157.0
    ],
    [
      152.0,
      47.0,
      91.0,
      162.0,
      87.0,
      200.0,
      84.0,
      213.0,
      187.0,
      27.0,
      267.0,
      84.0,
      69.0,
      107.0,
      86.0,
      0.0,
      117.0,
      134.0,
      102.0,
      212.0
    ],
    [
      232.0,
      28.0,
      33.0,
      128.0,
      57.0,
      101.0,
      36.0,
      107.0,
      88.0,
      97.0,
      168.0,
      28.0,
      68.0,
      45.0,
      54.0,
      117.0,
      0.0,
      100.0,
      26.0,
      109.0
    ],
    [
      250.0,
      111.0,
      123.0,
      66.0,
      147.0,
      136.0,
      121.0,
      175.0,
      126.0,
      122.0,
      202.0,
      143.0,
      121.0,
      57.0,
      112.0,
      134.0,
      100.0,
      0.0,
      107.0,
      160.0
    ],
    [
      218.0,
      16.0,
      12.0,
      125.0,
      35.0,
      124.0,
      20.0,
      130.0,
      111.0,
      83.0,
      191.0,
      31.0,
      46.0,
      68.0,
      32.0,
      102.0,
      26.0,
      107.0,
      0.0,
      132.0
    ],
    [
      328.0,
      127.0,
      33.0,
      128.0,
      160.0,
      80.0,
      135.0,
      12.0,
      84.0,
      196.0,
      118.0,
      156.0,
      168.0,
      122.0,
      157.0,
      212.0,
      109.0,
      160.0,
      132.0,
      0.0
    ]
  ],
  "cycle_dist_matrix": [
    [
      0.0,
      16.8,
      17.0,
      23.1,
      22.7,
      16.2,
      19.9,
      28.1,
      18.5,
      17.8,
      11.1,
      22.6,
      21.2,
      19.4,
      22.6,
      16.3,
      19.0,
      19.4,
      21.3,
      27.3
    ],
    [
      16.8,
      0.0,
      0.9,
      11.4,
      2.7,
      9.8,
      0.85,
      12.5,
      8.4,
      5.9,
      14.8,
      3.3,
      4.5,
      4.9,
      3.1,
      6.4,
      2.7,
      7.8,
      1.3,
      12.2
    ],
    [
      17.0,
      0.9,
      0.0,
      12.9,
      2.6,
      11.5,
      0.7,
      13.1,
      10.4,
      5.9,
      16.6,
      2.4,
      3.6,
      6.7,
      2.1,
      6.4,
      3.2,
      9.7,
      0.9,
      12.8
    ],
    [
      23.1,
      11.4,
      12.9,
      0.0,
      15.6,
      5.3,
      12.7,
      18.1,
      2.5,
      13.2,
      17.1,
      15.4,
      14.3,
      7.3,
      14.0,
      13.1,
      11.4,
      5.1,
      13.0,
      17.8
    ],
    [
      22.7,
      2.7,
      2.6,
      15.6,
      0.0,
      13.4,
      2.3,
      14.9,
      12.2,
      5.7,
      18.4,
      0.35,
      1.5,
      8.5,
      0.45,
      6.4,
      5.0,
      11.5,
      2.8,
      14.6
    ],
    [
      16.2,
      9.8,
      11.5,
      5.3,
      13.4,
      0.0,
      10.2,
      7.5,
      2.7,
      20.3,
      5.0,
      15.0,
      16.2,
      9.6,
      14.7,
      19.6,
      9.2,
      8.7,
      11.4,
      6.7
    ],
    [
      19.9,
      0.85,
      0.7,
      12.7,
      2.3,
      10.2,
      0.0,
      13.8,
      9.0,
      5.3,
      15.7,
      2.0,
      4.0,
      5.8,
      2.6,
      6.1,
      2.8,
      9.5,
      1.6,
      13.5
    ],
    [
      28.1,
      12.5,
      13.1,
      18.1,
      14.9,
      7.5,
      13.8,
      0.0,
      7.9,
      15.3,
      10.0,
      15.3,
      16.5,
      9.6,
      15.0,
      19.9,
      9.5,
      12.6,
      11.7,
      1.1
    ],
    [
      18.5,
      8.4,
      10.4,
      2.5,
      12.2,
      2.7,
      9.0,
      7.9,
      0.0,
      19.1,
      7.8,
      10.6,
      15.0,
      8.3,
      13.5,
      18.4,
      8.0,
      6.0,
      10.2,
      6.7
    ],
    [
      17.8,
      5.9,
      5.9,
      13.2,
      5.7,
      20.3,
      5.3,
      15.3,
      19.1,
      0.0,
      17.1,
      5.3,
      3.9,
      10.7,
      5.3,
      2.1,
      8.5,
      10.8,
      6.9,
      18.0
    ],
    [
      11.1,
      14.8,
      16.6,
      17.1,
      18.4,
      5.0,
      15.7,
      10.0,
      7.8,
      17.1,
      0.0,
      19.8,
      21.0,
      14.3,
      19.5,
      16.7,
      12.8,
      17.6,
      16.2,
      9.1
    ],
    [
      22.6,
      3.3,
      2.4,
      15.4,
      0.35,
      15.0,
      2.0,
      15.3,
      10.6,
      5.3,
      19.8,
      0.0,
      1.3,
      8.2,
      0.28,
      6.1,
      4.7,
      11.2,
      2.4,
      14.3
    ],
    [
      21.2,
      4.5,
      3.6,
      14.3,
      1.5,
      16.2,
      4.0,
      16.5,
      15.0,
      3.9,
      21.0,
      1.3,
      0.0,
      9.5,
      1.5,
      5.4,
      5.4,
      12.5,
      3.8,
      15.6
    ],
    [
      19.4,
      4.9,
      6.7,
      7.3,
      8.5,
      9.6,
      5.8,
      9.6,
      8.3,
      10.7,
      14.3,
      8.2,
      9.5,
      0.0,
      9.3,
      6.8,
      4.1,
      3.4,
      6.0,
      10.4
    ],
    [
      22.6,
      3.1,
      2.1,
      14.0,
      0.45,
      14.7,
      2.6,
      15.0,
      13.5,
      5.3,
      19.5,
      0.28,
      1.5,
      9.3,
      0.0,
      6.2,
      4.8,
      11.3,
      2.6,
      14.4
    ],
    [
      16.3,
      6.4,
      6.4,
      13.1,
      6.4,
      19.6,
      6.1,
      19.9,
      18.4,
      2.1,
      16.7,
      6.1,
      5.4,
      6.8,
      6.2,
      0.0,
      9.3,
      9.3,
      7.7,
      18.9
    ],
    [
      19.0,
      2.7,
      3.2,
      11.4,
      5.0,
      9.2,
      2.8,
      9.5,
      8.0,
      8.5,
      12.8,
      4.7,
      5.4,
      4.1,
      4.8,
      9.3,
      0.0,
      6.7,
      2.2,
      9.6
    ],
    [
      19.4,
      7.8,
      9.7,
      5.1,
      11.5,
      8.7,
      9.5,
      12.6,
      6.0,
      10.8,
      17.6,
      11.2,
      12.5,
      3.4,
      11.3,
      9.3,
      6.7,
      0.0,
      9.4,
      14.1
    ],
    [
      21.3,
      1.3,
      0.9,
      13.0,
      2.8,
      11.4,
      1.6,
      11.7,
      10.2,
      6.9,
      16.2,
      2.4,
      3.8,
      6.0,
      2.6,
      7.7,
      2.2,
      9.4,
      0.0,
      11.8
    ],
    [
      27.3,
      12.2,
      12.8,
      17.8,
      14.6,
      6.7,
      13.5,
      1.1,
      6.7,
      18.0,
      9.1,
      14.3,
      15.6,
      10.4,
      14.4,
      18.9,
      9.6,
      14.1,
      11.8,
      0.0
    ]
  ],
  "cycle_time_matrix": [
    [
      0.0,
      206.0,
      208.0,
      308.0,
      63.0,
      67.0,
      58.0,
      94.0,
      83.0,
      49.0,
      48.0,
      63.0,
      58.0,
      76.0,
      63.0,
      44.0,
      232.0,
      250.0,
      218.0,
      90.0
    ],
    [
      206.0,
      0.0,
      12.0,
      169.0,
      35.0,
      32.0,
      6.0,
      46.0,
      108.0,
      24.0,
      71.0,
      15.0,
      18.0,
      19.0,
      14.0,
      25.0,
      11.0,
      50.0,
      6.0,
      44.0
    ],
    [
      208.0,
      12.0,
      0.0,
      79.0,
      9.0,
      39.0,
      9.0,
      47.0,
      44.0,
      22.0,
      78.0,
      8.0,
      11.0,
      26.0,
      7.0,
      22.0,
      13.0,
      58.0,
      12.0,
      46.0
    ],
    [
      308.0,
      169.0,
      79.0,
      0.0,
      174.0,
      48.0,
      39.0,
      63.0,
      32.0,
      48.0,
      81.0,
      48.0,
      175.0,
      28.0,
      171.0,
      162.0,
      39.0,
      25.0,
      41.0,
      62.0
    ],
    [
      63.0,
      35.0,
      9.0,
      174.0,
      0.0,
      48.0,
      30.0,
      56.0,
      53.0,
      19.0,
      87.0,
      4.0,
      4.0,
      35.0,
      6.0,
      20.0,
      21.0,
      67.0,
      15.0,
      55.0
    ],
    [
      67.0,
      32.0,
      39.0,
      48.0,
      48.0,
      0.0,
      128.0,
      25.0,
      18.0,
      64.0,
      83.0,
      46.0,
      49.0,
      33.0,
      45.0,
      61.0,
      29.0,
      63.0,
      36.0,
      21.0
    ],
    [
      58.0,
      6.0,
      9.0,
      39.0,
      30.0,
      128.0,
      0.0,
      50.0,
      117.0,
      66.0,
      73.0,
      26.0,
      13.0,
      21.0,
      9.0,
      22.0,
      36.0,
      56.0,
      20.0,
      48.0
    ],
    [
      94.0,
      46.0,
      47.0,
      63.0,
      56.0,
      25.0,
      50.0,
      0.0,
      38.0,
      195.0,
      137.0,
      46.0,
      50.0,
      124.0,
      45.0,
      61.0,
      29.0,
      175.0,
      36.0,
      5.0
    ],
    [
      83.0,
      108.0,
      44.0,
      32.0,
      53.0,
      18.0,
      117.0,
      38.0,
      0.0,
      67.0,
      112.0,
      135.0,
      53.0,
      36.0,
      49.0,
      64.0,
      32.0,
      44.0,
      39.0,
      84.0
    ],
    [
      49.0,
      24.0,
      22.0,
      48.0,
      19.0,
      64.0,
      66.0,
      195.0,
      67.0,
      0.0,
      92.0,
      20.0,
      15.0,
      38.0,
      60.0,
      27.0,
      30.0,
      63.0,
      24.0,
      63.0
    ],
    [
      48.0,
      71.0,
      78.0,
      81.0,
      87.0,
      83.0,
      73.0,
      137.0,
      112.0,
      92.0,
      0.0,
      63.0,
      227.0,
      177.0,
      63.0,
      53.0,
      168.0,
      82.0,
      53.0,
      118.0
    ],
    [
      63.0,
      15.0,
      8.0,
      48.0,
      4.0,
      46.0,
      26.0,
      46.0,
      135.0,
      20.0,
      63.0,
      0.0,
      4.0,
      34.0,
      3.0,
      19.0,
      20.0,
      66.0,
      31.0,
      54.0
    ],
    [
      58.0,
      18.0,
      11.0,
      175.0,
      4.0,
      49.0,
      13.0,
      50.0,
      53.0,
      15.0,
      227.0,
      4.0,
      0.0,
      104.0,
      17.0,
      20.0,
      68.0,
      70.0,
      18.0,
      58.0
    ],
    [
      76.0,
      19.0,
      26.0,
      28.0,
      35.0,
      33.0,
      21.0,
      124.0,
      36.0,
      38.0,
      177.0,
      34.0,
      104.0,
      0.0,
      28.0,
      26.0,
      45.0,
      57.0,
      19.0,
      35.0
    ],
    [
