{
  "drive_dist_matrix": [
    [
      0.0,
      4.506151999999999,
      4.667085999999999,
      5.63269,
      7.24203,
      9.65604,
      7.402963999999999,
      5.310822,
      10.46071,
      6.759228,
      8.368568,
      9.173238,
      4.345218,
      4.184284,
      3.5405480000000003,
      5.9545580000000005,
      6.43736,
      10.299776000000001,
      19.151146,
      7.724831999999999,
      2.896812,
      6.43736,
      4.82802,
      0.6437360000000001,
      9.816974,
      8.529501999999999,
      4.345218,
      8.207633999999999,
      49.567672,
      7.402963999999999,
      7.402963999999999,
      14.644993999999999,
      9.65604,
      3.057746,
      9.816974,
      7.402963999999999,
      5.63269,
      12.552852,
      6.43736,
      6.115492,
      0.16093400000000002,
      9.65604,
      12.87472,
      7.24203,
      10.943512,
      9.977908000000001,
      6.43736,
      7.24203,
      29.933724,
      8.368568,
      11.909116000000001,
      1.60934,
      12.552852,
      13.196587999999998,
      4.82802,
      4.82802
    ],
    [
      4.506151999999999,
      0.0,
      10.621644,
      10.138842,
      7.24203,
      6.9201619999999995,
      4.82802,
      10.138842,
      13.196587999999998,
      7.885766,
      9.012303999999999,
      11.909116000000001,
      5.310822,
      5.471756,
      4.82802,
      6.115492,
      6.598293999999999,
      7.563898,
      21.082354,
      9.65604,
      5.63269,
      8.207633999999999,
      5.471756,
      4.82802,
      7.24203,
      10.299776000000001,
      5.9545580000000005,
      5.9545580000000005,
      44.900586,
      6.598293999999999,
      4.82802,
      14.644993999999999,
      11.748182,
      5.9545580000000005,
      7.0810960000000005,
      4.184284,
      6.115492,
      11.104446000000001,
      8.207633999999999,
      9.012303999999999,
      4.667085999999999,
      6.9201619999999995,
      19.794882,
      7.24203,
      8.207633999999999,
      16.737136,
      6.598293999999999,
      7.24203,
      32.025866,
      8.690436,
      9.334171999999999,
      2.896812,
      10.943512,
      9.334171999999999,
      6.598293999999999,
      6.43736
    ],
    [
      4.667085999999999,
      10.621644,
      0.0,
      1.2874720000000002,
      4.506151999999999,
      4.82802,
      7.24203,
      2.092142,
      11.426314,
      2.41401,
      4.184284,
      10.138842,
      4.184284,
      4.02335,
      4.184284,
      10.943512,
      3.5405480000000003,
      4.9889540000000006,
      16.737136,
      5.149888000000001,
      2.735878,
      2.2530759999999996,
      4.02335,
      4.9889540000000006,
      4.82802,
      7.563898,
      3.21868,
      16.254334,
      37.175754000000005,
      4.667085999999999,
      7.24203,
      19.955816000000002,
      10.782578,
      3.057746,
      4.667085999999999,
      7.563898,
      3.057746,
      9.816974,
      3.8624159999999996,
      3.5405480000000003,
      4.9889540000000006,
      4.345218,
      12.391918,
      3.5405480000000003,
      5.310822,
      9.334171999999999,
      3.379614,
      4.506151999999999,
      42.003774,
      3.8624159999999996,
      6.115492,
      5.63269,
      9.816974,
      10.46071,
      3.5405480000000003,
      4.506151999999999
    ],
    [
      5.63269,
      10.138842,
      1.2874720000000002,
      0.0,
      3.21868,
      3.379614,
      5.9545580000000005,
      0.32186800000000004,
      9.977908000000001,
      2.2530759999999996,
      3.8624159999999996,
      8.690436,
      4.02335,
      3.8624159999999996,
      4.184284,
      10.782578,
      3.21868,
      3.7014819999999995,
      15.771532,
      4.184284,
      2.5749440000000003,
      1.9312079999999998,
      4.02335,
      4.9889540000000006,
      4.506151999999999,
      6.115492,
      3.057746,
      14.966862,
      35.727348,
      3.379614,
      5.9545580000000005,
      20.760486,
      9.977908000000001,
      2.896812,
      3.21868,
      6.115492,
      2.896812,
      8.529501999999999,
      2.896812,
      3.379614,
      4.82802,
      3.21868,
      10.943512,
      3.21868,
      4.9889540000000006,
      7.885766,
      3.057746,
      3.21868,
      40.716302,
      3.5405480000000003,
      5.793624,
      5.471756,
      8.368568,
      9.173238,
      3.21868,
      4.345218
    ],
    [
      7.24203,
      7.24203,
      4.506151999999999,
      3.21868,
      0.0,
      0.48280199999999995,
      2.735878,
      4.02335,
      12.07005,
      1.2874720000000002,
      2.41401,
      10.782578,
      1.448406,
      1.2874720000000002,
      2.092142,
      13.67939,
      0.32186800000000004,
      1.2874720000000002,
      14.644993999999999,
      3.21868,
      3.8624159999999996,
      1.60934,
      1.1265379999999998,
      7.885766,
      1.2874720000000002,
      10.621644,
      1.448406,
      11.909116000000001,
      33.474272,
      0.16093400000000002,
      2.735878,
      22.208892000000002,
      17.219938,
      4.184284,
      0.48280199999999995,
      3.057746,
      1.448406,
      6.115492,
      1.7702740000000001,
      0.80467,
      6.115492,
      0.48280199999999995,
      12.87472,
      0.6437360000000001,
      2.092142,
      9.816974,
      0.48280199999999995,
      0.9656039999999999,
      37.497622,
      2.092142,
      3.057746,
      7.0810960000000005,
      6.115492,
      6.115492,
      0.48280199999999995,
      1.448406
    ],
    [
      9.65604,
      6.9201619999999995,
      4.82802,
      3.379614,
      0.48280199999999995,
      0.0,
      3.5405480000000003,
      3.379614,
      12.07005,
      1.7702740000000001,
      2.092142,
      10.782578,
      2.2530759999999996,
      2.092142,
      3.5405480000000003,
      14.48406,
      0.6437360000000001,
      0.80467,
      14.162192000000001,
      2.735878,
      4.02335,
      1.2874720000000002,
      2.092142,
      8.0467,
      0.9656039999999999,
      10.943512,
      1.60934,
      12.552852,
      33.474272,
      0.6437360000000001,
      3.5405480000000003,
      23.013562,
      13.840323999999999,
      4.345218,
      0.32186800000000004,
      4.02335,
      1.7702740000000001,
      6.115492,
      1.448406,
      0.9656039999999999,
      6.276426,
      0.16093400000000002,
      12.87472,
      0.32186800000000004,
      1.60934,
      9.977908000000001,
      0.80467,
      0.32186800000000004,
      38.302292,
      1.7702740000000001,
      2.5749440000000003,
      8.368568,
      6.115492,
      6.9201619999999995,
      1.2874720000000002,
      2.41401
    ],
    [
      7.402963999999999,
      4.82802,
      7.24203,
      5.9545580000000005,
      2.735878,
      3.5405480000000003,
      0.0,
      7.24203,
      16.0934,
      4.184284,
      5.471756,
      14.805927999999998,
      1.60934,
      1.9312079999999998,
      2.5749440000000003,
      12.07005,
      2.896812,
      4.02335,
      18.185542,
      6.759228,
      3.8624159999999996,
      5.310822,
      1.9312079999999998,
      7.563898,
      3.7014819999999995,
      14.805927999999998,
      2.735878,
      10.138842,
      34.439876,
      3.7014819999999995,
      0.0,
      20.599552000000003,
      15.610598,
      5.793624,
      3.5405480000000003,
      0.0,
      2.735878,
      7.24203,
      5.471756,
      6.276426,
      7.402963999999999,
      3.379614,
      16.89807,
      3.8624159999999996,
      4.667085999999999,
      13.840323999999999,
      2.896812,
      3.8624159999999996,
      35.888282000000004,
      5.149888000000001,
      5.310822,
      5.471756,
      7.0810960000000005,
      5.471756,
      2.5749440000000003,
      1.448406
    ],
    [
      5.310822,
      10.138842,
      2.092142,
      0.32186800000000004,
      4.02335,
      3.379614,
      7.24203,
      0.0,
      9.816974,
      3.057746,
      4.82802,
      8.529501999999999,
      4.9889540000000006,
      4.667085999999999,
      4.9889540000000006,
      11.104446000000001,
      4.184284,
      4.506151999999999,
      16.576202000000002,
      5.149888000000001,
      3.379614,
      2.896812,
      4.82802,
      6.115492,
      5.471756,
      5.793624,
      3.8624159999999996,
      15.932466,
      36.692952,
      4.345218,
      6.759228,
      19.633948,
      9.816974,
      2.5749440000000003,
      4.184284,
      7.0810960000000005,
      3.7014819999999995,
      9.334171999999999,
      3.8624159999999996,
      4.184284,
      4.9889540000000006,
      4.184284,
      10.621644,
      4.184284,
      5.9545580000000005,
      7.724831999999999,
      4.184284,
      4.02335,
      33.152404000000004,
      4.506151999999999,
      6.759228,
      5.471756,
      9.334171999999999,
      10.138842,
      4.345218,
      5.149888000000001
    ],
    [
      10.46071,
      13.196587999999998,
      11.426314,
      9.977908000000001,
      12.07005,
      12.07005,
      16.0934,
      9.816974,
      0.0,
      11.426314,
      13.035654,
      1.60934,
      13.518456,
      13.357522000000001,
      13.67939,
      16.576202000000002,
      12.391918,
      12.87472,
      11.587248,
      14.48406,
      11.748182,
      11.104446000000001,
      13.357522000000001,
      9.977908000000001,
      13.67939,
      3.379614,
      12.552852,
      21.243288,
      48.2802,
      12.552852,
      16.737136,
      25.427572,
      9.012303999999999,
      10.138842,
      12.391918,
      16.89807,
      12.391918,
      17.541806,
      13.035654,
      12.87472,
      11.26538,
      12.391918,
      4.506151999999999,
      12.391918,
      14.162192000000001,
      4.82802,
      12.230984,
      12.391918,
      35.888282000000004,
      12.713786,
      14.966862,
      11.748182,
      17.541806,
      19.955816000000002,
      12.391918,
      13.357522000000001
    ],
    [
      6.759228,
      7.885766,
      2.41401,
      2.2530759999999996,
      1.2874720000000002,
      1.7702740000000001,
      4.184284,
      3.057746,
      11.426314,
      0.0,
      2.092142,
      10.299776000000001,
      2.41401,
      2.2530759999999996,
      3.7014819999999995,
      14.644993999999999,
      1.448406,
      1.7702740000000001,
      14.162192000000001,
      0.9656039999999999,
      3.379614,
      0.6437360000000001,
      2.092142,
      7.563898,
      2.5749440000000003,
      10.299776000000001,
      1.448406,
      12.87472,
      33.957074,
      1.1265379999999998,
      3.8624159999999996,
      23.33543,
      13.196587999999998,
      3.7014819999999995,
      1.2874720000000002,
      4.02335,
      1.2874720000000002,
      6.598293999999999,
      0.80467,
      0.16093400000000002,
      5.63269,
      1.2874720000000002,
      12.552852,
      0.9656039999999999,
      3.21868,
      9.495106,
      0.9656039999999999,
      0.80467,
      38.463226,
      1.7702740000000001,
      4.02335,
      7.724831999999999,
      6.598293999999999,
      7.0810960000000005,
      1.448406,
      2.5749440000000003
    ],
    [
      8.368568,
      9.012303999999999,
      4.184284,
      3.8624159999999996,
      2.41401,
      2.092142,
      5.471756,
      4.82802,
      13.035654,
      2.092142,
      0.0,
      12.230984,
      4.345218,
      4.184284,
      5.63269,
      17.219938,
      3.379614,
      2.2530759999999996,
      14.162192000000001,
      0.80467,
      5.63269,
      2.5749440000000003,
      4.82802,
      9.65604,
      3.5405480000000003,
      9.816974,
      3.379614,
      15.28873,
      33.152404000000004,
      3.057746,
      6.276426,
      30.57746,
      15.449663999999999,
      5.9545580000000005,
      2.735878,
      6.276426,
      3.21868,
      5.9545580000000005,
      1.60934,
      6.43736,
      7.885766,
      2.896812,
      14.323126,
      2.896812,
      1.9312079999999998,
      11.26538,
      3.379614,
      3.057746,
      41.03817,
      0.48280199999999995,
      2.735878,
      9.977908000000001,
      5.793624,
      9.65604,
      3.379614,
      4.9889540000000006
    ],
    [
      9.173238,
      11.909116000000001,
      10.138842,
      8.690436,
      10.782578,
      10.782578,
      14.805927999999998,
      8.529501999999999,
      1.60934,
      10.299776000000001,
      12.230984,
      0.0,
      12.230984,
      12.07005,
      12.391918,
      16.0934,
      11.104446000000001,
      11.587248,
      11.426314,
      13.196587999999998,
      10.46071,
      9.816974,
      12.07005,
      8.690436,
      12.391918,
      2.092142,
      11.26538,
      20.599552000000003,
      48.923936,
      11.26538,
      15.449663999999999,
      24.783836,
      7.724831999999999,
      8.85137,
      11.104446000000001,
      15.610598,
      11.104446000000001,
      16.254334,
      11.748182,
      11.587248,
      9.977908000000001,
      11.104446000000001,
      4.9889540000000006,
      11.104446000000001,
      12.87472,
      5.149888000000001,
      11.909116000000001,
      11.104446000000001,
      35.244546,
      11.426314,
      13.67939,
      10.46071,
      16.254334,
      18.668343999999998,
      11.104446000000001,
      12.07005
    ],
    [
      4.345218,
      5.310822,
      4.184284,
      4.02335,
      1.448406,
      2.2530759999999996,
      1.60934,
      4.9889540000000006,
      13.518456,
      2.41401,
      4.345218,
      12.230984,
      0.0,
      0.32186800000000004,
      0.9656039999999999,
      10.782578,
      1.448406,
      3.21868,
      16.0934,
      4.667085999999999,
      2.41401,
      2.41401,
      0.48280199999999995,
      5.471756,
      2.41401,
      10.943512,
      1.7702740000000001,
      10.621644,
      33.635206,
      1.7702740000000001,
      1.60934,
      19.473014,
      15.932466,
      4.345218,
      2.735878,
      2.2530759999999996,
      1.7702740000000001,
      6.43736,
      3.379614,
      4.82802,
      5.310822,
      2.5749440000000003,
      14.001257999999998,
      3.057746,
      4.02335,
      10.943512,
      1.2874720000000002,
      3.057746,
      36.21015,
      4.02335,
      4.506151999999999,
      3.8624159999999996,
      6.43736,
      6.276426,
      0.9656039999999999,
      0.32186800000000004
    ],
    [
      4.184284,
      5.471756,
      4.02335,
      3.8624159999999996,
      1.2874720000000002,
      2.092142,
      1.9312079999999998,
      4.667085999999999,
      13.357522000000001,
      2.2530759999999996,
      4.184284,
      12.07005,
      0.32186800000000004,
      0.0,
      0.9656039999999999,
      11.26538,
      0.9656039999999999,
      2.092142,
      15.771532,
      4.184284,
      2.2530759999999996,
      1.9312079999999998,
      0.48280199999999995,
      4.667085999999999,
      2.5749440000000003,
      10.46071,
      0.80467,
      11.748182,
      33.79614,
      1.1265379999999998,
      2.735878,
      19.794882,
      17.219938,
      3.8624159999999996,
      1.60934,
      2.5749440000000003,
      0.9656039999999999,
      6.598293999999999,
      2.896812,
      4.345218,
      4.506151999999999,
      1.60934,
      13.67939,
      1.7702740000000001,
      2.735878,
      10.621644,
      1.1265379999999998,
      1.9312079999999998,
      37.497622,
      3.5405480000000003,
      3.8624159999999996,
      4.184284,
      6.43736,
      6.43736,
      0.6437360000000001,
      0.48280199999999995
    ],
    [
      3.5405480000000003,
      4.82802,
      4.184284,
      4.184284,
      2.092142,
      3.5405480000000003,
      2.5749440000000003,
      4.9889540000000006,
      13.67939,
      3.7014819999999995,
      5.63269,
      12.391918,
      0.9656039999999999,
      0.9656039999999999,
      0.0,
      10.46071,
      2.5749440000000003,
      4.345218,
      16.254334,
      4.82802,
      2.41401,
      3.5405480000000003,
      1.60934,
      4.184284,
      3.5405480000000003,
      10.943512,
      1.7702740000000001,
      10.138842,
      34.761744,
      2.896812,
      2.41401,
      18.990212,
      15.610598,
      4.345218,
      3.8624159999999996,
      2.2530759999999996,
      1.9312079999999998,
      7.563898,
      3.379614,
      4.9889540000000006,
      4.02335,
      3.7014819999999995,
      15.127796,
      4.02335,
      4.9889540000000006,
      10.943512,
      2.41401,
      4.184284,
      35.888282000000004,
      5.149888000000001,
      5.63269,
      3.379614,
      7.402963999999999,
      7.402963999999999,
      2.092142,
      1.60934
    ],
    [
      5.9545580000000005,
      6.115492,
      10.943512,
      10.782578,
      13.67939,
      14.48406,
      12.07005,
      11.104446000000001,
      16.576202000000002,
      14.644993999999999,
      17.219938,
      16.0934,
      10.782578,
      11.26538,
      10.46071,
      0.0,
      13.840323999999999,
      14.805927999999998,
      28.324384000000002,
      16.89807,
      9.012303999999999,
      15.449663999999999,
      13.518456,
      6.276426,
      14.48406,
      11.104446000000001,
      10.46071,
      8.368568,
      48.119265999999996,
      13.840323999999999,
      12.07005,
      11.909116000000001,
      10.46071,
      9.173238,
      14.323126,
      9.977908000000001,
      11.587248,
      18.346476,
      15.610598,
      12.07005,
      6.276426,
      14.162192000000001,
      21.082354,
      14.644993999999999,
      15.449663999999999,
      15.771532,
      13.840323999999999,
      14.644993999999999,
      30.738394000000003,
      15.932466,
      16.576202000000002,
      5.793624,
      18.346476,
      16.737136,
      13.840323999999999,
      13.67939
    ],
    [
      6.43736,
      6.598293999999999,
      3.5405480000000003,
      3.21868,
      0.32186800000000004,
      0.6437360000000001,
      2.896812,
      4.184284,
      12.391918,
      1.448406,
      3.379614,
      11.104446000000001,
      1.448406,
      0.9656039999999999,
      2.5749440000000003,
      13.840323999999999,
      0.0,
      1.2874720000000002,
      14.644993999999999,
      3.21868,
      3.8624159999999996,
      1.60934,
      0.9656039999999999,
      7.885766,
      2.092142,
      10.621644,
      0.9656039999999999,
      11.748182,
      33.474272,
      0.32186800000000004,
      2.735878,
      22.208892000000002,
      17.219938,
      4.184284,
      0.80467,
      3.057746,
      0.9656039999999999,
      6.115492,
      1.7702740000000001,
      0.9656039999999999,
      6.115492,
      0.80467,
      12.87472,
      0.80467,
      2.092142,
      9.816974,
      0.16093400000000002,
      1.1265379999999998,
      37.497622,
      2.2530759999999996,
      3.057746,
      7.0810960000000005,
      6.115492,
      6.115492,
      0.48280199999999995,
      1.448406
    ],
    [
      10.299776000000001,
      7.563898,
      4.9889540000000006,
      3.7014819999999995,
      1.2874720000000002,
      0.80467,
      4.02335,
      4.506151999999999,
      12.87472,
      1.7702740000000001,
      2.2530759999999996,
      11.587248,
      3.21868,
      2.092142,
      4.345218,
      14.805927999999998,
      1.2874720000000002,
      0.0,
      14.805927999999998,
      3.379614,
      4.506151999999999,
      1.7702740000000001,
      2.2530759999999996,
      8.690436,
      1.2874720000000002,
      11.426314,
      2.2530759999999996,
      12.713786,
      32.1868,
      1.1265379999999998,
      3.7014819999999995,
      23.174496,
      14.323126,
      4.82802,
      0.48280199999999995,
      4.184284,
      2.2530759999999996,
      4.82802,
      1.9312079999999998,
      5.471756,
      6.759228,
      0.6437360000000001,
      13.518456,
      0.6437360000000001,
      0.6437360000000001,
      10.46071,
      1.448406,
      0.9656039999999999,
      38.463226,
      2.2530759999999996,
      1.7702740000000001,
      8.85137,
      4.82802,
      7.0810960000000005,
      1.448406,
      2.5749440000000003
    ],
    [
      19.151146,
      21.082354,
      16.737136,
      15.771532,
      14.644993999999999,
      14.162192000000001,
      18.185542,
      16.576202000000002,
      11.587248,
      14.162192000000001,
      14.162192000000001,
      11.426314,
      16.0934,
      15.771532,
      16.254334,
      28.324384000000002,
      14.644993999999999,
      14.805927999999998,
      0.0,
      13.357522000000001,
      16.576202000000002,
      15.932466,
      15.932466,
      20.599552000000003,
      16.576202000000002,
      11.748182,
      15.449663999999999,
      27.197846,
      39.750698,
      15.28873,
      18.024607999999997,
      42.325642,
      17.380872,
      16.89807,
      15.449663999999999,
      18.346476,
      15.28873,
      22.208892000000002,
      16.0934,
      17.380872,
      18.668343999999998,
      15.28873,
      10.46071,
      15.28873,
      15.449663999999999,
      10.138842,
      14.966862,
      15.28873,
      58.419042,
      14.001257999999998,
      14.001257999999998,
      20.92142,
      22.208892000000002,
      21.243288,
      15.127796,
      16.0934
    ],
    [
      7.724831999999999,
      9.65604,
      5.149888000000001,
      4.184284,
      3.21868,
      2.735878,
      6.759228,
      5.149888000000001,
      14.48406,
      0.9656039999999999,
      0.80467,
      13.196587999999998,
      4.667085999999999,
      4.184284,
      4.82802,
      16.89807,
      3.21868,
      3.379614,
      13.357522000000001,
      0.0,
      5.310822,
      0.6437360000000001,
      4.667085999999999,
      9.334171999999999,
      4.345218,
      12.07005,
      4.184284,
      15.932466,
      33.957074,
      3.057746,
      6.759228,
      26.393175999999997,
      14.966862,
      5.63269,
      3.5405480000000003,
      7.0810960000000005,
      4.02335,
      6.759228,
      0.80467,
      0.9656039999999999,
      7.402963999999999,
      3.7014819999999995,
      13.840323999999999,
      2.896812,
      2.735878,
      10.782578,
      3.7014819999999995,
      2.896812,
      41.520972,
      0.9656039999999999,
      3.7014819999999995,
      9.65604,
      6.759228,
      9.977908000000001,
      3.8624159999999996,
      4.82802
    ],
    [
      2.896812,
      5.63269,
      2.735878,
      2.5749440000000003,
      3.8624159999999996,
      4.02335,
      3.8624159999999996,
      3.379614,
      11.748182,
      3.379614,
      5.63269,
      10.46071,
      2.41401,
      2.2530759999999996,
      2.41401,
      9.012303999999999,
      3.8624159999999996,
      4.506151999999999,
      16.576202000000002,
      5.310822,
      0.0,
      3.5405480000000003,
      2.5749440000000003,
      3.21868,
      5.471756,
      9.012303999999999,
      1.60934,
      15.932466,
      36.853885999999996,
      4.345218,
      3.8624159999999996,
      17.541806,
      9.977908000000001,
      1.9312079999999998,
      4.184284,
      3.8624159999999996,
      1.60934,
      9.495106,
      3.379614,
      3.057746,
      2.896812,
      4.184284,
      12.391918,
      4.184284,
      5.310822,
      9.495106,
      2.2530759999999996,
      4.184284,
      32.830535999999995,
      5.149888000000001,
      7.402963999999999,
      3.21868,
      9.495106,
      10.138842,
      2.41401,
      2.896812
    ],
    [
      6.43736,
      8.207633999999999,
      2.2530759999999996,
      1.9312079999999998,
      1.60934,
      1.2874720000000002,
      5.310822,
      2.896812,
      11.104446000000001,
      0.6437360000000001,
      2.5749440000000003,
      9.816974,
      2.41401,
      1.9312079999999998,
      3.5405480000000003,
      15.449663999999999,
      1.60934,
      1.7702740000000001,
      15.932466,
      0.6437360000000001,
      3.5405480000000003,
      0.0,
      2.092142,
      5.793624,
      2.735878,
      7.402963999999999,
      1.2874720000000002,
      14.001257999999998,
      34.278942,
      1.60934,
      4.02335,
      24.301033999999998,
      13.357522000000001,
      3.8624159999999996,
      1.7702740000000001,
      5.310822,
      1.2874720000000002,
      7.0810960000000005,
      0.6437360000000001,
      0.6437360000000001,
      5.793624,
      2.092142,
      11.909116000000001,
      1.2874720000000002,
      3.057746,
      8.85137,
      1.60934,
      1.60934,
      38.946028,
      1.60934,
      4.02335,
      6.43736,
      7.0810960000000005,
      7.885766,
      1.7702740000000001,
      2.5749440000000003
    ],
    [
      4.82802,
      5.471756,
      4.02335,
      4.02335,
      1.1265379999999998,
      2.092142,
      1.9312079999999998,
      4.82802,
      13.357522000000001,
      2.092142,
      4.82802,
      12.07005,
      0.48280199999999995,
      0.48280199999999995,
      1.60934,
      13.518456,
      0.9656039999999999,
      2.2530759999999996,
      15.932466,
      4.667085999999999,
      2.5749440000000003,
      2.092142,
      0.0,
      8.529501999999999,
      2.092142,
      11.104446000000001,
      1.2874720000000002,
      11.104446000000001,
      33.313338,
      0.9656039999999999,
      2.092142,
      21.565156,
      16.576202000000002,
      4.02335,
      2.41401,
      2.41401,
      1.2874720000000002,
      5.9545580000000005,
      3.057746,
      4.667085999999999,
      8.368568,
      2.2530759999999996,
      14.001257999999998,
      2.5749440000000003,
      3.5405480000000003,
      10.943512,
      0.9656039999999999,
      2.5749440000000003,
      36.853885999999996,
      4.02335,
      4.184284,
      4.506151999999999,
      5.9545580000000005,
      5.9545580000000005,
      0.6437360000000001,
      0.48280199999999995
    ],
    [
      0.6437360000000001,
      4.82802,
      4.9889540000000006,
      4.9889540000000006,
      7.885766,
      8.0467,
      7.563898,
      6.115492,
      9.977908000000001,
      7.563898,
      9.65604,
      8.690436,
      5.471756,
      4.667085999999999,
      4.184284,
      6.276426,
      7.885766,
      8.690436,
      20.599552000000003,
      9.334171999999999,
      3.21868,
      5.793624,
      8.529501999999999,
      0.0,
      10.138842,
      6.9201619999999995,
      4.667085999999999,
      10.782578,
      49.728606,
      7.402963999999999,
      7.724831999999999,
      14.966862,
      8.0467,
      3.7014819999999995,
      10.138842,
      7.724831999999999,
      5.63269,
      12.552852,
      6.43736,
      6.115492,
      0.80467,
      9.816974,
      12.07005,
      7.24203,
      11.26538,
      10.46071,
      6.43736,
      7.24203,
      30.094658,
      8.368568,
      12.230984,
      2.092142,
      12.552852,
      13.196587999999998,
      6.43736,
      5.149888000000001
    ],
    [
      9.816974,
      7.24203,
      4.82802,
      4.506151999999999,
      1.2874720000000002,
      0.9656039999999999,
      3.7014819999999995,
      5.471756,
      13.67939,
      2.5749440000000003,
      3.5405480000000003,
      12.391918,
      2.41401,
      2.5749440000000003,
      3.5405480000000003,
      14.48406,
      2.092142,
      1.2874720000000002,
      16.576202000000002,
      4.345218,
      5.471756,
      2.735878,
      2.092142,
      10.138842,
      0.0,
      11.26538,
      2.735878,
      12.552852,
      33.313338,
      1.448406,
      3.379614,
      22.852628,
      14.162192000000001,
      4.667085999999999,
      0.80467,
      3.8624159999999996,
      2.735878,
      5.9545580000000005,
      1.7702740000000001,
      5.310822,
      8.207633999999999,
      0.6437360000000001,
      13.357522000000001,
      0.80467,
      1.60934,
      10.299776000000001,
      1.60934,
      0.9656039999999999,
      38.141358,
      1.9312079999999998,
      3.057746,
      8.690436,
      5.9545580000000005,
      6.43736,
      1.7702740000000001,
      2.2530759999999996
    ],
    [
      8.529501999999999,
      10.299776000000001,
      7.563898,
      6.115492,
      10.621644,
      10.943512,
      14.805927999999998,
      5.793624,
      3.379614,
      10.299776000000001,
      9.816974,
      2.092142,
      10.943512,
      10.46071,
      10.943512,
      11.104446000000001,
      10.621644,
      11.426314,
      11.748182,
      12.07005,
      9.012303999999999,
      7.402963999999999,
      11.104446000000001,
      6.9201619999999995,
      11.26538,
      0.0,
      9.334171999999999,
      19.31208,
      43.45218,
      10.943512,
      13.518456,
      23.496364,
      5.63269,
      6.9201619999999995,
      10.943512,
      13.840323999999999,
      9.173238,
      16.0934,
      9.977908000000001,
      9.65604,
      8.0467,
      10.782578,
      5.793624,
      10.782578,
      12.07005,
      5.63269,
      9.977908000000001,
      10.782578,
      33.957074,
      9.012303999999999,
      11.26538,
      8.529501999999999,
      16.0934,
      16.737136,
      10.138842,
      10.621644
    ],
    [
      4.345218,
      5.9545580000000005,
      3.21868,
      3.057746,
      1.448406,
      1.60934,
      2.735878,
      3.8624159999999996,
      12.552852,
      1.448406,
      3.379614,
      11.26538,
      1.7702740000000001,
      0.80467,
      1.7702740000000001,
      10.46071,
      0.9656039999999999,
      2.2530759999999996,
      15.449663999999999,
      4.184284,
      1.60934,
      1.2874720000000002,
      1.2874720000000002,
      4.667085999999999,
      2.735878,
      9.334171999999999,
      0.0,
      12.230984,
      34.439876,
      1.60934,
      3.21868,
      27.519714,
      12.713786,
      3.21868,
      1.7702740000000001,
      3.21868,
      0.302,
      7.0810960000000005,
      2.2530759999999996,
      3.7014819999999995,
      4.345218,
      1.7702740000000001,
      13.035654,
      1.7702740000000001,
      2.896812,
      9.977908000000001,
      0.80467,
      1.7702740000000001,
      37.980424,
      2.896812,
      5.149888000000001,
      4.02335,
      7.0810960000000005,
      6.9201619999999995,
      0.9656039999999999,
      1.60934
    ],
    [
      8.207633999999999,
      5.9545580000000005,
      16.254334,
      14.966862,
      11.909116000000001,
      12.552852,
      10.138842,
      15.932466,
      21.243288,
      12.87472,
      15.28873,
      20.599552000000003,
      10.621644,
      11.748182,
      10.138842,
      8.368568,
      11.748182,
      12.713786,
      27.197846,
      15.932466,
      15.932466,
      14.001257999999998,
      11.104446000000001,
      10.782578,
      12.552852,
      19.31208,
      12.230984,
      0.0,
      45.222454,
      11.909116000000001,
      10.138842,
      14.001257999999998,
      14.805927999999998,
      11.26538,
      12.391918,
      9.977908000000001,
      12.87472,
      16.415267999999998,
      13.518456,
      17.059003999999998,
      11.104446000000001,
      12.230984,
      25.105704,
      12.552852,
      13.518456,
      22.047957999999998,
      11.909116000000001,
      12.552852,
      35.244546,
      14.001257999999998,
      14.644993999999999,
      7.563898,
      16.254334,
      12.552852,
      11.909116000000001,
      11.748182
    ],
    [
      49.567672,
      44.900586,
      37.175754000000005,
      35.727348,
      33.474272,
      33.474272,
      34.439876,
      36.692952,
      48.2802,
      33.957074,
      33.152404000000004,
      48.923936,
      33.635206,
      33.79614,
      34.761744,
      48.119265999999996,
      33.474272,
      32.1868,
      39.750698,
      33.957074,
      36.853885999999996,
      34.278942,
      33.313338,
      49.728606,
      33.313338,
      43.45218,
      34.439876,
      45.222454,
      0.0,
      32.347734,
      33.957074,
      47.636464000000004,
      50.855144,
      36.371084,
      32.1868,
      33.957074,
      43.291246,
      30.738394000000003,
      33.474272,
      36.853885999999996,
      49.728606,
      32.025866,
      46.67086,
      32.347734,
      31.060262,
      46.348992,
      32.830535999999995,
      32.347734,
      63.086128,
      32.347734,
      29.611855999999996,
      46.831794,
      30.57746,
      37.336687999999995,
      32.830535999999995,
      32.669602
    ],
    [
      7.402963999999999,
      6.598293999999999,
      4.667085999999999,
      3.379614,
      0.16093400000000002,
      0.6437360000000001,
      3.7014819999999995,
      4.345218,
      12.552852,
      1.1265379999999998,
      3.057746,
      11.26538,
      1.7702740000000001,
      1.1265379999999998,
      2.896812,
      13.840323999999999,
      0.32186800000000004,
      1.1265379999999998,
      15.28873,
      3.057746,
      4.345218,
      1.60934,
      0.9656039999999999,
      7.402963999999999,
      1.448406,
      10.943512,
      1.60934,
      11.909116000000001,
      32.347734,
      0.0,
      2.735878,
      22.208892000000002,
      17.059003999999998,
      4.02335,
      0.6437360000000001,
      3.057746,
      1.448406,
      6.115492,
      1.7702740000000001,
      0.9656039999999999,
      7.563898,
      0.6437360000000001,
      12.87472,
      0.80467,
      1.9312079999999998,
      9.816974,
      0.48280199999999995,
      1.1265379999999998,
      37.497622,
      2.092142,
      3.057746,
      7.0810960000000005,
      6.115492,
      5.9545580000000005,
      0.48280199999999995,
      1.448406
    ],
    [
      7.402963999999999,
      4.82802,
      7.24203,
      5.9545580000000005,
      2.735878,
      3.5405480000000003,
      0.0,
      6.759228,
      16.737136,
      3.8624159999999996,
      6.276426,
      15.449663999999999,
      1.60934,
      2.735878,
      2.41401,
      12.07005,
      2.735878,
      3.7014819999999995,
      18.024607999999997,
      6.759228,
      3.8624159999999996,
      4.02335,
      2.092142,
      7.724831999999999,
      3.379614,
      13.518456,
      3.21868,
      10.138842,
      33.957074,
      2.735878,
      0.0,
      20.599552000000003,
      15.610598,
      5.793624,
      3.5405480000000003,
      0.0,
      2.735878,
      7.24203,
      5.471756,
      6.276426,
      7.402963999999999,
      3.379614,
      16.89807,
      3.8624159999999996,
      4.667085999999999,
      13.840323999999999,
      2.896812,
      3.8624159999999996,
      35.888282000000004,
      5.149888000000001,
      5.310822,
      5.471756,
      7.0810960000000005,
      5.471756,
      2.5749440000000003,
      1.448406
    ],
    [
      14.644993999999999,
      14.644993999999999,
      19.955816000000002,
      20.760486,
      22.208892000000002,
      23.013562,
      20.599552000000003,
      19.633948,
      25.427572,
      23.33543,
      30.57746,
      24.783836,
      19.473014,
      19.794882,
      18.990212,
      11.909116000000001,
      22.208892000000002,
      23.174496,
      42.325642,
      26.393175999999997,
      17.541806,
      24.301033999999998,
      21.565156,
      14.966862,
      22.852628,
      23.496364,
      27.519714,
      14.001257999999998,
      47.636464000000004,
      22.208892000000002,
      20.599552000000003,
      0.0,
      11.909116000000001,
      26.232242,
      26.875978,
      24.461968,
      28.485318,
      30.899327999999997,
      28.002515999999996,
      29.129054000000004,
      14.805927999999998,
      26.715044000000002,
      28.96812,
      27.036912,
      28.002515999999996,
      28.96812,
      26.393175999999997,
      27.036912,
      23.174496,
      28.485318,
      29.129054000000004,
      14.323126,
      30.738394000000003,
      29.129054000000004,
      26.393175999999997,
      26.232242
    ],
    [
      9.65604,
      11.748182,
      10.782578,
      9.977908000000001,
      17.219938,
      13.840323999999999,
      15.610598,
      9.816974,
      9.012303999999999,
      13.196587999999998,
      15.449663999999999,
      7.724831999999999,
      15.932466,
      17.219938,
      15.610598,
      10.46071,
      17.219938,
      14.323126,
      17.380872,
      14.966862,
      9.977908000000001,
      13.357522000000001,
      16.576202000000002,
      8.0467,
      14.162192000000001,
      5.63269,
      12.713786,
      14.805927999999998,
      50.855144,
      17.059003999999998,
      15.610598,
      11.909116000000001,
      0.0,
      8.529501999999999,
      18.024607999999997,
      15.771532,
      13.840323999999999,
      22.047957999999998,
      14.644993999999999,
      14.48406,
      10.299776000000001,
      17.863674,
      14.323126,
      18.185542,
      19.151146,
      11.104446000000001,
      17.541806,
      18.346476,
      24.622902,
      16.737136,
      20.277684,
      10.943512,
      22.047957999999998,
      20.438617999999998,
      17.541806,
      17.380872
    ],
    [
      3.057746,
      5.9545580000000005,
      3.057746,
      2.896812,
      4.184284,
      4.345218,
      5.793624,
      2.5749440000000003,
      10.138842,
      3.7014819999999995,
      5.9545580000000005,
      8.85137,
      4.345218,
      3.8624159999999996,
      4.345218,
      9.173238,
      4.184284,
      4.82802,
      16.89807,
      5.63269,
      1.9312079999999998,
      3.8624159999999996,
      4.02335,
      3.7014819999999995,
      4.667085999999999,
      6.9201619999999995,
      3.21868,
      11.26538,
      36.371084,
      4.02335,
      5.793624,
      26.232242,
      8.529501999999999,
      0.0,
      4.506151999999999,
      7.402963999999999,
      2.735878,
      9.65604,
      3.7014819999999995,
      3.379614,
      3.7014819999999995,
      4.506151999999999,
      10.782578,
      4.345218,
      5.63269,
      7.724831999999999,
      3.7014819999999995,
      4.506151999999999,
      38.785094,
      5.471756,
      7.724831999999999,
      4.02335,
      9.65604,
      10.299776000000001,
      3.8624159999999996,
      4.345218
    ],
    [
      9.816974,
      7.0810960000000005,
      4.667085999999999,
      3.21868,
      0.48280199999999995,
      0.32186800000000004,
      3.5405480000000003,
      4.184284,
      12.391918,
      1.2874720000000002,
      2.735878,
      11.104446000000001,
      2.735878,
      1.60934,
      3.8624159999999996,
      14.323126,
      0.80467,
      0.48280199999999995,
      15.449663999999999,
      3.5405480000000003,
      4.184284,
      1.7702740000000001,
      2.41401,
      10.138842,
      0.80467,
      10.943512,
      1.7702740000000001,
      12.391918,
      32.1868,
      0.6437360000000001,
      3.5405480000000003,
      26.875978,
      18.024607999999997,
      4.506151999999999,
      0.0,
      3.7014819999999995,
      2.092142,
      5.310822,
      1.7702740000000001,
      5.149888000000001,
      8.207633999999999,
      0.16093400000000002,
      13.196587999999998,
      0.32186800000000004,
      0.80467,
      10.138842,
      0.9656039999999999,
      0.80467,
      37.980424,
      2.092142,
      2.2530759999999996,
      8.690436,
      5.310822,
      6.598293999999999,
      0.9656039999999999,
      2.092142
    ],
    [
      7.402963999999999,
      4.184284,
      7.563898,
      6.115492,
      3.057746,
      4.02335,
      0.0,
      7.0810960000000005,
      16.89807,
      4.02335,
      6.276426,
      15.610598,
      2.2530759999999996,
      2.5749440000000003,
      2.2530759999999996,
      9.977908000000001,
      3.057746,
      4.184284,
      18.346476,
      7.0810960000000005,
      3.8624159999999996,
      5.310822,
      2.41401,
      7.724831999999999,
      3.8624159999999996,
      13.840323999999999,
      3.21868,
      9.977908000000001,
      33.957074,
      3.057746,
      0.0,
      24.461968,
      15.771532,
      7.402963999999999,
      3.7014819999999995,
      0.0,
      3.21868,
      7.402963999999999,
      5.149888000000001,
      6.276426,
      6.115492,
