{
  "drive_dist_matrix": [
    [
      0.0,
      39.42883,
      57.614371999999996,
      69.523488,
      18.024607999999997,
      59.706514,
      45.383388,
      57.131569999999996,
      61.15492,
      44.739652,
      66.626676,
      52.947286,
      64.051732,
      8.529501999999999,
      33.152404000000004,
      54.23475800000001,
      69.523488,
      71.61563,
      37.497622,
      42.325642
    ],
    [
      39.42883,
      0.0,
      48.763002,
      90.283974,
      38.785094,
      51.016078,
      6.43736,
      60.511184,
      81.915406,
      5.793624,
      57.775306,
      19.473014,
      58.419042,
      34.60081,
      36.532018,
      57.614371999999996,
      90.283974,
      62.925194000000005,
      1.9312079999999998,
      9.012303999999999
    ],
    [
      57.614371999999996,
      48.763002,
      0.0,
      91.73238,
      40.2335,
      6.276426,
      54.71756,
      20.92142,
      83.363812,
      54.073824,
      13.035654,
      65.17827,
      13.67939,
      52.786351999999994,
      25.910374,
      24.1401,
      91.73238,
      18.185542,
      47.314595999999995,
      54.556625999999994
    ],
    [
      69.523488,
      90.283974,
      91.73238,
      0.0,
      51.820748,
      93.824522,
      96.23853199999999,
      91.249578,
      37.980424,
      95.594796,
      100.58375,
      103.80243,
      98.00880599999999,
      64.695468,
      67.10947800000001,
      88.19183199999999,
      51.49888,
      105.733638,
      88.352766,
      93.180786
    ],
    [
      18.024607999999997,
      38.785094,
      40.2335,
      51.820748,
      0.0,
      42.325642,
      44.739652,
      39.750698,
      43.45218,
      44.095915999999995,
      49.08487,
      52.30355,
      46.509926,
      13.196587999999998,
      15.610598,
      36.692952,
      51.820748,
      54.23475800000001,
      36.853885999999996,
      41.681906
    ],
    [
      59.706514,
      51.016078,
      6.276426,
      93.824522,
      42.325642,
      0.0,
      56.970636,
      21.887024,
      85.455954,
      56.3269,
      13.840323999999999,
      67.270412,
      14.644993999999999,
      54.878494,
      28.16345,
      25.105704,
      93.824522,
      18.990212,
      49.406738,
      56.809701999999994
    ],
    [
      45.383388,
      6.43736,
      54.71756,
      96.23853199999999,
      44.739652,
      56.970636,
      0.0,
      66.46574199999999,
      87.869964,
      0.6437360000000001,
      63.729864,
      25.427572,
      64.3736,
      40.555368,
      42.486576,
      63.56893,
      96.23853199999999,
      68.879752,
      7.885766,
      14.966862
    ],
    [
      57.131569999999996,
      60.511184,
      20.92142,
      91.249578,
      39.750698,
      21.887024,
      66.46574199999999,
      0.0,
      82.88101,
      65.822006,
      19.473014,
      76.765518,
      7.24203,
      52.30355,
      24.461968,
      3.5405480000000003,
      91.249578,
      16.0934,
      59.062778,
      66.30480800000001
    ],
    [
      61.15492,
      81.915406,
      83.363812,
      37.980424,
      43.45218,
      85.455954,
      87.869964,
      82.88101,
      0.0,
      87.226228,
      92.215182,
      95.43386199999999,
      89.64023800000001,
      56.3269,
      58.74091,
      79.82326400000001,
      42.969378,
      97.36507,
      79.984198,
      84.812218
    ],
    [
      44.739652,
      5.793624,
      54.073824,
      95.594796,
      44.095915999999995,
      56.3269,
      0.6437360000000001,
      65.822006,
      87.226228,
      0.0,
      63.086128,
      24.783836,
      63.729864,
      39.911632000000004,
      41.681906,
      62.76426,
      95.594796,
      68.075082,
      7.24203,
      14.162192000000001
    ],
    [
      66.626676,
      57.775306,
      13.035654,
      100.58375,
      49.08487,
      13.840323999999999,
      63.729864,
      19.473014,
      92.215182,
      63.086128,
      0.0,
      74.02964,
      15.932466,
      61.637722,
      34.922678,
      22.691694,
      100.58375,
      5.310822,
      56.165966,
      63.56893
    ],
    [
      52.947286,
      19.473014,
      65.17827,
      103.80243,
      52.30355,
      67.270412,
      25.427572,
      76.765518,
      95.43386199999999,
      24.783836,
      74.02964,
      0.0,
      74.83431,
      48.119265999999996,
      52.786351999999994,
      73.868706,
      103.80243,
      79.179528,
      17.541806,
      10.621644
    ],
    [
      64.051732,
      58.419042,
      13.67939,
      98.00880599999999,
      46.509926,
      14.644993999999999,
      64.3736,
      7.24203,
      89.64023800000001,
      63.729864,
      15.932466,
      74.83431,
      0.0,
      59.062778,
      31.221196,
      10.46071,
      98.00880599999999,
      12.391918,
      56.970636,
      64.212666
    ],
    [
      8.529501999999999,
      34.60081,
      52.786351999999994,
      64.695468,
      13.196587999999998,
      54.878494,
      40.555368,
      52.30355,
      56.3269,
      39.911632000000004,
      61.637722,
      48.119265999999996,
      59.062778,
      0.0,
      28.324384000000002,
      49.245804,
      64.695468,
      66.78761,
      32.669602,
      37.497622
    ],
    [
      33.152404000000004,
      36.532018,
      25.910374,
      67.10947800000001,
      15.610598,
      28.16345,
      42.486576,
      24.461968,
      58.74091,
      41.681906,
      34.922678,
      52.786351999999994,
      31.221196,
      28.324384000000002,
      0.0,
      21.404222,
      67.10947800000001,
      39.911632000000004,
      34.922678,
      42.325642
    ],
    [
      54.23475800000001,
      57.614371999999996,
      24.1401,
      88.19183199999999,
      36.692952,
      25.105704,
      63.56893,
      3.5405480000000003,
      79.82326400000001,
      62.76426,
      22.691694,
      73.868706,
      10.46071,
      49.245804,
      21.404222,
      0.0,
      88.19183199999999,
      19.31208,
      56.00503199999999,
      63.24706199999999
    ],
    [
      69.523488,
      90.283974,
      91.73238,
      51.49888,
      51.820748,
      93.824522,
      96.23853199999999,
      91.249578,
      42.969378,
      95.594796,
      100.58375,
      103.80243,
      98.00880599999999,
      64.695468,
      67.10947800000001,
      88.19183199999999,
      0.0,
      105.733638,
      88.352766,
      93.180786
    ],
    [
      71.61563,
      62.925194000000005,
      18.185542,
      105.733638,
      54.23475800000001,
      18.990212,
      68.879752,
      16.0934,
      97.36507,
      68.075082,
      5.310822,
      79.179528,
      12.391918,
      66.78761,
      39.911632000000004,
      19.31208,
      105.733638,
      0.0,
      61.315854,
      68.718818
    ],
    [
      37.497622,
      1.9312079999999998,
      47.314595999999995,
      88.352766,
      36.853885999999996,
      49.406738,
      7.885766,
      59.062778,
      79.984198,
      7.24203,
      56.165966,
      17.541806,
      56.970636,
      32.669602,
      34.922678,
      56.00503199999999,
      88.352766,
      61.315854,
      0.0,
      7.0810960000000005
    ],
    [
      42.325642,
      9.012303999999999,
      54.556625999999994,
      93.180786,
      41.681906,
      56.809701999999994,
      14.966862,
      66.30480800000001,
      84.812218,
      14.162192000000001,
      63.56893,
      10.621644,
      64.212666,
      37.497622,
      42.325642,
      63.24706199999999,
      93.180786,
      68.718818,
      7.0810960000000005,
      0.0
    ]
  ],
  "drive_time_matrix": [
    [
      0.0,
      42.0,
      58.0,
      68.0,
      22.0,
      62.0,
      58.0,
      60.0,
      67.0,
      54.0,
      68.0,
      64.0,
      67.0,
      14.0,
      36.0,
      58.0,
      80.0,
      77.0,
      38.0,
      46.0
    ],
    [
      42.0,
      0.0,
      42.0,
      80.0,
      35.0,
      46.0,
      17.0,
      57.0,
      81.0,
      13.0,
      53.0,
      32.0,
      58.0,
      34.0,
      33.0,
      55.0,
      93.0,
      62.0,
      3.0,
      14.0
    ],
    [
      58.0,
      42.0,
      0.0,
      85.0,
      40.0,
      14.0,
      60.0,
      34.0,
      86.0,
      55.0,
      20.0,
      70.0,
      25.0,
      53.0,
      28.0,
      36.0,
      98.0,
      29.0,
      42.0,
      52.0
    ],
    [
      68.0,
      80.0,
      85.0,
      0.0,
      46.0,
      85.0,
      95.0,
      84.0,
      42.0,
      91.0,
      92.0,
      102.0,
      92.0,
      59.0,
      60.0,
      82.0,
      62.0,
      101.0,
      77.0,
      84.0
    ],
    [
      22.0,
      35.0,
      40.0,
      46.0,
      0.0,
      42.0,
      50.0,
      40.0,
      46.0,
      46.0,
      48.0,
      58.0,
      47.0,
      15.0,
      16.0,
      38.0,
      59.0,
      57.0,
      32.0,
      39.0
    ],
    [
      62.0,
      46.0,
      14.0,
      85.0,
      42.0,
      0.0,
      63.0,
      36.0,
      88.0,
      59.0,
      22.0,
      74.0,
      27.0,
      55.0,
      31.0,
      38.0,
      100.0,
      31.0,
      44.0,
      55.0
    ],
    [
      58.0,
      17.0,
      60.0,
      95.0,
      50.0,
      63.0,
      0.0,
      72.0,
      96.0,
      4.0,
      68.0,
      46.0,
      73.0,
      49.0,
      47.0,
      70.0,
      108.0,
      77.0,
      18.0,
      29.0
    ],
    [
      60.0,
      57.0,
      34.0,
      84.0,
      40.0,
      36.0,
      72.0,
      0.0,
      87.0,
      68.0,
      28.0,
      83.0,
      11.0,
      54.0,
      26.0,
      6.0,
      99.0,
      24.0,
      54.0,
      65.0
    ],
    [
      67.0,
      81.0,
      86.0,
      42.0,
      46.0,
      88.0,
      96.0,
      87.0,
      0.0,
      92.0,
      93.0,
      103.0,
      92.0,
      60.0,
      61.0,
      83.0,
      63.0,
      102.0,
      77.0,
      85.0
    ],
    [
      54.0,
      13.0,
      55.0,
      91.0,
      46.0,
      59.0,
      4.0,
      68.0,
      92.0,
      0.0,
      64.0,
      42.0,
      69.0,
      45.0,
      43.0,
      66.0,
      104.0,
      73.0,
      14.0,
      25.0
    ],
    [
      68.0,
      53.0,
      20.0,
      92.0,
      48.0,
      22.0,
      68.0,
      28.0,
      93.0,
      64.0,
      0.0,
      80.0,
      26.0,
      62.0,
      37.0,
      31.0,
      106.0,
      10.0,
      50.0,
      61.0
    ],
    [
      64.0,
      32.0,
      70.0,
      102.0,
      58.0,
      74.0,
      46.0,
      83.0,
      103.0,
      42.0,
      80.0,
      0.0,
      85.0,
      57.0,
      60.0,
      82.0,
      115.0,
      89.0,
      29.0,
      19.0
    ],
    [
      67.0,
      58.0,
      25.0,
      92.0,
      47.0,
      27.0,
      73.0,
      11.0,
      92.0,
      69.0,
      26.0,
      85.0,
      0.0,
      59.0,
      32.0,
      12.0,
      104.0,
      20.0,
      55.0,
      66.0
    ],
    [
      14.0,
      34.0,
      53.0,
      59.0,
      15.0,
      55.0,
      49.0,
      54.0,
      60.0,
      45.0,
      62.0,
      57.0,
      59.0,
      0.0,
      28.0,
      49.0,
      73.0,
      69.0,
      32.0,
      39.0
    ],
    [
      36.0,
      33.0,
      28.0,
      60.0,
      16.0,
      31.0,
      47.0,
      26.0,
      61.0,
      43.0,
      37.0,
      60.0,
      32.0,
      28.0,
      0.0,
      24.0,
      75.0,
      45.0,
      30.0,
      40.0
    ],
    [
      58.0,
      55.0,
      36.0,
      82.0,
      38.0,
      38.0,
      70.0,
      6.0,
      83.0,
      66.0,
      31.0,
      82.0,
      12.0,
      49.0,
      24.0,
      0.0,
      95.0,
      27.0,
      50.0,
      61.0
    ],
    [
      80.0,
      93.0,
      98.0,
      62.0,
      59.0,
      100.0,
      108.0,
      99.0,
      63.0,
      104.0,
      106.0,
      115.0,
      104.0,
      73.0,
      75.0,
      95.0,
      0.0,
      115.0,
      90.0,
      98.0
    ],
    [
      77.0,
      62.0,
      29.0,
      101.0,
      57.0,
      31.0,
      77.0,
      24.0,
      102.0,
      73.0,
      10.0,
      89.0,
      20.0,
      69.0,
      45.0,
      27.0,
      115.0,
      0.0,
      60.0,
      71.0
    ],
    [
      38.0,
      3.0,
      42.0,
      77.0,
      32.0,
      44.0,
      18.0,
      54.0,
      77.0,
      14.0,
      50.0,
      29.0,
      55.0,
      32.0,
      30.0,
      50.0,
      90.0,
      60.0,
      0.0,
      11.0
    ],
    [
      46.0,
      14.0,
      52.0,
      84.0,
      39.0,
      55.0,
      29.0,
      65.0,
      85.0,
      25.0,
      61.0,
      19.0,
      66.0,
      39.0,
      40.0,
      61.0,
      98.0,
      71.0,
      11.0,
      0.0
    ]
  ],
  "transit_dist_walk_matrix": [
    [
      0.0,
      NaN,
      NaN,
      NaN,
      NaN,
      NaN,
      NaN,
      NaN,
      NaN,
      NaN,
      NaN,
      NaN,
      NaN,
      NaN,
      NaN,
      NaN,
      NaN,
      NaN,
      NaN,
      NaN
    ],
    [
      NaN,
      0.0,
      NaN,
      2.41657,
      2.08325,
      NaN,
      NaN,
      2.33324,
      NaN,
      NaN,
      1.91659,
      NaN,
      NaN,
      0.49998,
      2.16658,
      2.16658,
      1.99992,
      NaN,
      NaN,
      0.41665
    ],
    [
      NaN,
      NaN,
      0.0,
      NaN,
      NaN,
      NaN,
      NaN,
      NaN,
      NaN,
      NaN,
      NaN,
      NaN,
      NaN,
      NaN,
      NaN,
      NaN,
      NaN,
      NaN,
      NaN,
      NaN
    ],
    [
      NaN,
      2.41657,
      NaN,
      0.0,
      0.58331,
      NaN,
      NaN,
      0.9166300000000001,
      NaN,
      NaN,
      0.58331,
      NaN,
      NaN,
      0.66664,
      0.74997,
      0.74997,
      0.49998,
      NaN,
      0.49998,
      NaN
    ],
    [
      NaN,
      2.08325,
      NaN,
      0.58331,
      0.0,
      NaN,
      NaN,
      0.8333,
      NaN,
      NaN,
      0.33332,
      NaN,
      NaN,
      0.41665,
      0.58331,
      0.66664,
      0.33332,
      NaN,
      0.33332,
      0.33332
    ],
    [
      NaN,
      NaN,
      NaN,
      NaN,
      NaN,
      0.0,
      NaN,
      NaN,
      NaN,
      NaN,
      NaN,
      NaN,
      NaN,
      NaN,
      NaN,
      NaN,
      NaN,
      NaN,
      NaN,
      NaN
    ],
    [
      NaN,
      NaN,
      NaN,
      NaN,
      NaN,
      NaN,
      0.0,
      NaN,
      NaN,
      NaN,
      NaN,
      NaN,
      NaN,
      NaN,
      NaN,
      NaN,
      NaN,
      NaN,
      NaN,
      NaN
    ],
    [
      NaN,
      2.33324,
      NaN,
      0.9166300000000001,
      0.8333,
      NaN,
      NaN,
      0.0,
      NaN,
      NaN,
      0.74997,
      NaN,
      NaN,
      0.8333,
      0.9166300000000001,
      NaN,
      0.74997,
      NaN,
      0.74997,
      0.74997
    ],
    [
      NaN,
      NaN,
      NaN,
      NaN,
      NaN,
      NaN,
      NaN,
      NaN,
      0.0,
      NaN,
      NaN,
      NaN,
      NaN,
      NaN,
      NaN,
      NaN,
      NaN,
      NaN,
      NaN,
      NaN
    ],
    [
      NaN,
      NaN,
      NaN,
      NaN,
      NaN,
      NaN,
      NaN,
      NaN,
      NaN,
      0.0,
      NaN,
      NaN,
      NaN,
      NaN,
      NaN,
      NaN,
      NaN,
      NaN,
      NaN,
      NaN
    ],
    [
      NaN,
      1.91659,
      NaN,
      0.58331,
      0.33332,
      NaN,
      NaN,
      0.74997,
      NaN,
      NaN,
      0.0,
      NaN,
      NaN,
      0.33332,
      0.49998,
      0.49998,
      0.33332,
      NaN,
      0.33332,
      0.33332
    ],
    [
      NaN,
      NaN,
      NaN,
      NaN,
      NaN,
      NaN,
      NaN,
      NaN,
      NaN,
      NaN,
      NaN,
      0.0,
      NaN,
      NaN,
      NaN,
      NaN,
      NaN,
      NaN,
      NaN,
      NaN
    ],
    [
      NaN,
      NaN,
      NaN,
      NaN,
      NaN,
      NaN,
      NaN,
      NaN,
      NaN,
      NaN,
      NaN,
      NaN,
      0.0,
      NaN,
      NaN,
      NaN,
      NaN,
      NaN,
      NaN,
      NaN
    ],
    [
      NaN,
      0.49998,
      NaN,
      0.66664,
      0.41665,
      NaN,
      NaN,
      0.8333,
      NaN,
      NaN,
      0.33332,
      NaN,
      NaN,
      0.0,
      0.49998,
      0.49998,
      0.33332,
      NaN,
      0.24999,
      0.24999
    ],
    [
      NaN,
      2.16658,
      NaN,
      0.74997,
      0.58331,
      NaN,
      NaN,
      0.9166300000000001,
      NaN,
      NaN,
      0.49998,
      NaN,
      NaN,
      0.49998,
      0.0,
      0.74997,
      0.49998,
      NaN,
      0.49998,
      0.49998
    ],
    [
      NaN,
      2.16658,
      NaN,
      0.74997,
      0.66664,
      NaN,
      NaN,
      NaN,
      NaN,
      NaN,
      0.49998,
      NaN,
      NaN,
      0.49998,
      0.74997,
      0.0,
      0.49998,
      NaN,
      0.49998,
      0.49998
    ],
    [
      NaN,
      1.99992,
      NaN,
      0.49998,
      0.33332,
      NaN,
      NaN,
      0.74997,
      NaN,
      NaN,
      0.33332,
      NaN,
      NaN,
      0.33332,
      0.49998,
      0.49998,
      0.0,
      NaN,
      0.33332,
      0.33332
    ],
    [
      NaN,
      NaN,
      NaN,
      NaN,
      NaN,
      NaN,
      NaN,
      NaN,
      NaN,
      NaN,
      NaN,
      NaN,
      NaN,
      NaN,
      NaN,
      NaN,
      NaN,
      0.0,
      NaN,
      NaN
    ],
    [
      NaN,
      NaN,
      NaN,
      0.49998,
      0.33332,
      NaN,
      NaN,
      0.74997,
      NaN,
      NaN,
      0.33332,
      NaN,
      NaN,
      0.24999,
      0.49998,
      0.49998,
      0.33332,
      NaN,
      0.0,
      0.16666
    ],
    [
      NaN,
      0.41665,
      NaN,
      NaN,
      0.33332,
      NaN,
      NaN,
      0.74997,
      NaN,
      NaN,
      0.33332,
      NaN,
      NaN,
      0.24999,
      0.49998,
      0.49998,
      0.33332,
      NaN,
      0.16666,
      0.0
    ]
  ],
  "transit_time_matrix": [
    [
      0.0,
      NaN,
      NaN,
      NaN,
      NaN,
      NaN,
      NaN,
      NaN,
      NaN,
      NaN,
      NaN,
      NaN,
      NaN,
      NaN,
      NaN,
      NaN,
      NaN,
      NaN,
      NaN,
      NaN
    ],
    [
      NaN,
      0.0,
      NaN,
      155.0,
      35.0,
      NaN,
      NaN,
      57.0,
      NaN,
      NaN,
      152.0,
      NaN,
      NaN,
      127.0,
      33.0,
      55.0,
      322.0,
      NaN,
      NaN,
      14.0
    ],
    [
      NaN,
      NaN,
      0.0,
      NaN,
      NaN,
      NaN,
      NaN,
      NaN,
      NaN,
      NaN,
      NaN,
      NaN,
      NaN,
      NaN,
      NaN,
      NaN,
      NaN,
      NaN,
      NaN,
      NaN
    ],
    [
      NaN,
      155.0,
      NaN,
      0.0,
      60.0,
      NaN,
      NaN,
      203.0,
      NaN,
      NaN,
      92.0,
      NaN,
      NaN,
      59.0,
      77.0,
      197.0,
      62.0,
      NaN,
      213.0,
      NaN
    ],
    [
      NaN,
      35.0,
      NaN,
      60.0,
      0.0,
      NaN,
      NaN,
      73.0,
      NaN,
      NaN,
      90.0,
      NaN,
      NaN,
      23.0,
      25.0,
      38.0,
      59.0,
      NaN,
      32.0,
      39.0
    ],
    [
      NaN,
      NaN,
      NaN,
      NaN,
      NaN,
      0.0,
      NaN,
      NaN,
      NaN,
      NaN,
      NaN,
      NaN,
      NaN,
      NaN,
      NaN,
      NaN,
      NaN,
      NaN,
      NaN,
      NaN
    ],
    [
      NaN,
      NaN,
      NaN,
      NaN,
      NaN,
      NaN,
      0.0,
      NaN,
      NaN,
      NaN,
      NaN,
      NaN,
      NaN,
      NaN,
      NaN,
      NaN,
      NaN,
      NaN,
      NaN,
      NaN
    ],
    [
      NaN,
      57.0,
      NaN,
      203.0,
      73.0,
      NaN,
      NaN,
      0.0,
      NaN,
      NaN,
      45.0,
      NaN,
      NaN,
      54.0,
      26.0,
      NaN,
      99.0,
      NaN,
      189.0,
      65.0
    ],
    [
      NaN,
      NaN,
      NaN,
      NaN,
      NaN,
      NaN,
      NaN,
      NaN,
      0.0,
      NaN,
      NaN,
      NaN,
      NaN,
      NaN,
      NaN,
      NaN,
      NaN,
      NaN,
      NaN,
      NaN
    ],
    [
      NaN,
      NaN,
      NaN,
      NaN,
      NaN,
      NaN,
      NaN,
      NaN,
      NaN,
      0.0,
      NaN,
      NaN,
      NaN,
      NaN,
      NaN,
      NaN,
      NaN,
      NaN,
      NaN,
      NaN
    ],
    [
      NaN,
      152.0,
      NaN,
      92.0,
      90.0,
      NaN,
      NaN,
      45.0,
      NaN,
      NaN,
      0.0,
      NaN,
      NaN,
      62.0,
      37.0,
      104.0,
      311.0,
      NaN,
      191.0,
      396.0
    ],
    [
      NaN,
      NaN,
      NaN,
      NaN,
      NaN,
      NaN,
      NaN,
      NaN,
      NaN,
      NaN,
      NaN,
      0.0,
      NaN,
      NaN,
      NaN,
      NaN,
      NaN,
      NaN,
      NaN,
      NaN
    ],
    [
      NaN,
      NaN,
      NaN,
      NaN,
      NaN,
      NaN,
      NaN,
      NaN,
      NaN,
      NaN,
      NaN,
      NaN,
      0.0,
      NaN,
      NaN,
      NaN,
      NaN,
      NaN,
      NaN,
      NaN
    ],
    [
      NaN,
      127.0,
      NaN,
      59.0,
      23.0,
      NaN,
      NaN,
      54.0,
      NaN,
      NaN,
      62.0,
      NaN,
      NaN,
      0.0,
      28.0,
      49.0,
      73.0,
      NaN,
      260.0,
      39.0
    ],
    [
      NaN,
      33.0,
      NaN,
      77.0,
      25.0,
      NaN,
      NaN,
      26.0,
      NaN,
      NaN,
      37.0,
      NaN,
      NaN,
      28.0,
      0.0,
      32.0,
      174.0,
      NaN,
      54.0,
      40.0
    ],
    [
      NaN,
      55.0,
      NaN,
      197.0,
      38.0,
      NaN,
      NaN,
      NaN,
      NaN,
      NaN,
      104.0,
      NaN,
      NaN,
      49.0,
      32.0,
      0.0,
      95.0,
      NaN,
      50.0,
      61.0
    ],
    [
      NaN,
      322.0,
      NaN,
      62.0,
      59.0,
      NaN,
      NaN,
      99.0,
      NaN,
      NaN,
      311.0,
      NaN,
      NaN,
      73.0,
      174.0,
      95.0,
      0.0,
      NaN,
      379.0,
      98.0
    ],
    [
      NaN,
      NaN,
      NaN,
      NaN,
      NaN,
      NaN,
      NaN,
      NaN,
      NaN,
      NaN,
      NaN,
      NaN,
      NaN,
      NaN,
      NaN,
      NaN,
      NaN,
      0.0,
      NaN,
      NaN
    ],
    [
      NaN,
      NaN,
      NaN,
      213.0,
      32.0,
      NaN,
      NaN,
      189.0,
      NaN,
      NaN,
      191.0,
      NaN,
      NaN,
      260.0,
      54.0,
      50.0,
      379.0,
      NaN,
      0.0,
      11.0
    ],
    [
      NaN,
      14.0,
      NaN,
      NaN,
      39.0,
      NaN,
      NaN,
      65.0,
      NaN,
      NaN,
      396.0,
      NaN,
      NaN,
      39.0,
      40.0,
      61.0,
      98.0,
      NaN,
      11.0,
      0.0
    ]
  ],
  "walk_dist_matrix": [
    [
      0.0,
      39.750698,
      48.763002,
      60.672118000000005,
      8.85137,
      50.855144,
      46.831794,
      48.2802,
      52.30355,
      45.06152,
      57.614371999999996,
      54.395692,
      57.131569999999996,
      9.495106,
      24.1401,
      45.222454,
      26.715044000000002,
      60.833051999999995,
      37.81949,
      42.808444
    ],
    [
      39.750698,
      0.0,
      45.544322,
      89.64023800000001,
      37.81949,
      47.636464000000004,
      7.24203,
      58.74091,
      81.27167,
      5.310822,
      54.395692,
      20.599552000000003,
      55.52223,
      33.957074,
      34.60081,
      55.683164000000005,
      62.442392,
      57.614371999999996,
      1.9312079999999998,
      9.012303999999999
    ],
    [
      48.763002,
      45.544322,
      0.0,
      91.73238,
      39.911632000000004,
      6.276426,
      52.625418,
      20.92142,
      83.202878,
      50.855144,
      13.035654,
      62.925194000000005,
      14.001257999999998,
      50.372342,
      25.910374,
      24.1401,
      64.53453400000001,
      16.254334,
      44.25685,
      51.177012
    ],
    [
      60.672118000000005,
      89.64023800000001,
      91.73238,
      0.0,
      51.820748,
      93.824522,
      96.721334,
      91.249578,
      37.980424,
      94.95106,
      100.58375,
      104.285232,
      100.100948,
      64.695468,
      67.10947800000001,
      88.19183199999999,
      51.49888,
      103.80243,
      87.70903,
      92.53705
    ],
    [
      8.85137,
      37.81949,
      39.911632000000004,
      51.820748,
      0.0,
      42.164708,
      44.900586,
      39.589764,
      43.45218,
      43.130312,
      48.923936,
      52.464484,
      48.441134000000005,
      12.87472,
      15.449663999999999,
      36.532018,
      24.622902,
      52.142616,
      35.888282000000004,
      40.716302
    ],
    [
      50.855144,
      47.636464000000004,
      6.276426,
      93.824522,
      42.164708,
      0.0,
      54.71756,
      21.887024,
      85.455954,
      52.947286,
      13.840323999999999,
      65.017336,
      14.966862,
      52.464484,
      28.16345,
      24.94477,
      66.626676,
      17.059003999999998,
      46.348992,
      53.430088000000005
    ],
    [
      46.831794,
      7.24203,
      52.625418,
      96.721334,
      44.900586,
      54.71756,
      0.0,
      65.822006,
      88.352766,
      1.7702740000000001,
      61.476788000000006,
      27.680647999999998,
      62.603325999999996,
      41.03817,
      41.681906,
      62.76426,
      69.362554,
      64.695468,
      9.012303999999999,
      16.0934
    ],
    [
      48.2802,
      58.74091,
      20.92142,
      91.249578,
      39.589764,
      21.887024,
      65.822006,
      0.0,
      82.88101,
      63.890798000000004,
      19.473014,
      73.22497,
      9.334171999999999,
      52.30355,
      24.461968,
      3.7014819999999995,
      64.051732,
      16.737136,
      56.809701999999994,
      61.637722
    ],
    [
      52.30355,
      81.27167,
      83.202878,
      37.980424,
      43.45218,
      85.455954,
      88.352766,
      82.88101,
      0.0,
      86.421558,
      92.215182,
      95.916664,
      91.73238,
      56.3269,
      58.74091,
      79.82326400000001,
      42.969378,
      95.43386199999999,
      79.34046199999999,
      84.168482
    ],
    [
      45.06152,
      5.310822,
      50.855144,
      94.95106,
      43.130312,
      52.947286,
      1.7702740000000001,
      63.890798000000004,
      86.421558,
      0.0,
      59.706514,
      25.910374,
      60.672118000000005,
      39.106962,
      39.750698,
      60.833051999999995,
      67.59228,
      62.925194000000005,
      7.24203,
      14.162192000000001
    ],
    [
      57.614371999999996,
      54.395692,
      13.035654,
      100.58375,
      48.923936,
      13.840323999999999,
      61.476788000000006,
      19.473014,
      92.215182,
      59.706514,
      0.0,
      71.77656400000001,
      17.219938,
      59.22371199999999,
      34.761744,
      22.691694,
      73.385904,
      3.5405480000000003,
      53.10822,
      60.189316
    ],
    [
      54.395692,
      20.599552000000003,
      62.925194000000005,
      104.285232,
      52.464484,
      65.017336,
      27.680647999999998,
      73.22497,
      95.916664,
      25.910374,
      71.77656400000001,
      0.0,
      72.742168,
      48.602067999999996,
      49.245804,
      70.167224,
      76.926452,
      74.995244,
      18.668343999999998,
      11.587248
    ],
    [
      57.131569999999996,
      55.52223,
      14.001257999999998,
      100.100948,
      48.441134000000005,
      14.966862,
      62.603325999999996,
      9.334171999999999,
      91.73238,
      60.672118000000005,
      17.219938,
      72.742168,
      0.0,
      60.189316,
      33.313338,
      12.552852,
      72.90310199999999,
      15.127796,
      54.073824,
      61.15492
    ],
    [
      9.495106,
      33.957074,
      50.372342,
      64.695468,
      12.87472,
      52.464484,
      41.03817,
      52.30355,
      56.3269,
      39.106962,
      59.22371199999999,
      48.602067999999996,
      60.189316,
      0.0,
      28.16345,
      49.245804,
      37.497622,
      62.442392,
      32.025866,
      36.853885999999996
    ],
    [
      24.1401,
      34.60081,
      25.910374,
      67.10947800000001,
      15.449663999999999,
      28.16345,
      41.681906,
      24.461968,
      58.74091,
      39.750698,
      34.761744,
      49.245804,
      33.313338,
      28.16345,
      0.0,
      21.404222,
      40.072565999999995,
      38.141358,
      32.669602,
      37.497622
    ],
    [
      45.222454,
      55.683164000000005,
      24.1401,
      88.19183199999999,
      36.532018,
      24.94477,
      62.76426,
      3.7014819999999995,
      79.82326400000001,
      60.833051999999995,
      22.691694,
      70.167224,
      12.552852,
      49.245804,
      21.404222,
      0.0,
      60.993986,
      19.955816000000002,
      53.751956,
      58.579975999999995
    ],
    [
      26.715044000000002,
      62.442392,
      64.53453400000001,
      51.49888,
      24.622902,
      66.626676,
      69.362554,
      64.051732,
      42.969378,
      67.59228,
      73.385904,
      76.926452,
      72.90310199999999,
      37.497622,
      40.072565999999995,
      60.993986,
      0.0,
      76.604584,
      60.511184,
      65.339204
    ],
    [
      60.833051999999995,
      57.614371999999996,
      16.254334,
      103.80243,
      52.142616,
      17.059003999999998,
      64.695468,
      16.737136,
      95.43386199999999,
      62.925194000000005,
      3.5405480000000003,
      74.995244,
      15.127796,
      62.442392,
      38.141358,
      19.955816000000002,
      76.604584,
      0.0,
      56.3269,
      63.407996
    ],
    [
      37.81949,
      1.9312079999999998,
      44.25685,
      87.70903,
      35.888282000000004,
      46.348992,
      9.012303999999999,
      56.809701999999994,
      79.34046199999999,
      7.24203,
      53.10822,
      18.668343999999998,
      54.073824,
      32.025866,
      32.669602,
      53.751956,
      60.511184,
      56.3269,
      0.0,
      7.0810960000000005
    ],
    [
      42.808444,
      9.012303999999999,
      51.177012,
      92.53705,
      40.716302,
      53.430088000000005,
      16.0934,
      61.637722,
      84.168482,
      14.162192000000001,
      60.189316,
      11.587248,
      61.15492,
      36.853885999999996,
      37.497622,
      58.579975999999995,
      65.339204,
      63.407996,
      7.0810960000000005,
      0.0
    ]
  ],
  "walk_time_matrix": [
    [
      0.0,
      487.0,
      604.0,
      750.0,
      117.0,
      635.0,
      574.0,
      600.0,
      654.0,
      552.0,
      712.0,
      676.0,
      724.0,
      116.0,
      303.0,
      564.0,
      387.0,
      750.0,
      464.0,
      523.0
    ],
    [
      487.0,
      0.0,
      557.0,
      155.0,
      462.0,
      588.0,
      88.0,
      722.0,
      1000.0,
      66.0,
      152.0,
      262.0,
      690.0,
      127.0,
      424.0,
      685.0,
      322.0,
      703.0,
      23.0,
      109.0
    ],
    [
      604.0,
      557.0,
      0.0,
      1115.0,
      484.0,
      82.0,
      640.0,
      262.0,
      1020.0,
      618.0,
      159.0,
      775.0,
      184.0,
      615.0,
      313.0,
      301.0,
      800.0,
      197.0,
      535.0,
      621.0
    ],
    [
      750.0,
      155.0,
      1115.0,
      0.0,
      632.0,
      1150.0,
      1183.0,
      203.0,
      474.0,
      1161.0,
      220.0,
      1284.0,
      1239.0,
      790.0,
      77.0,
      197.0,
      638.0,
      1265.0,
      1072.0,
      1131.0
    ],
    [
      117.0,
      462.0,
      484.0,
      632.0,
      0.0,
      520.0,
      551.0,
      485.0,
      539.0,
      529.0,
      597.0,
      653.0,
      609.0,
      159.0,
      188.0,
      449.0,
      317.0,
      635.0,
      440.0,
      499.0
    ],
    [
      635.0,
      588.0,
      82.0,
      1150.0,
      520.0,
      0.0,
      668.0,
      273.0,
      1048.0,
      646.0,
      171.0,
      803.0,
      196.0,
      643.0,
      341.0,
      312.0,
      829.0,
      209.0,
      564.0,
      649.0
    ],
    [
      574.0,
      88.0,
      640.0,
      1183.0,
      551.0,
      668.0,
      0.0,
      809.0,
      1087.0,
      23.0,
      752.0,
      349.0,
      777.0,
      504.0,
      511.0,
      772.0,
      866.0,
      790.0,
      110.0,
      196.0
    ],
    [
      600.0,
      722.0,
      262.0,
      203.0,
      485.0,
      273.0,
      809.0,
      0.0,
      1017.0,
      781.0,
      242.0,
      905.0,
      130.0,
      638.0,
      297.0,
      45.0,
      797.0,
      206.0,
      189.0,
      751.0
    ],
    [
      654.0,
      1000.0,
      1020.0,
      474.0,
      539.0,
      1048.0,
      1087.0,
      1017.0,
      0.0,
      1059.0,
      1126.0,
      1183.0,
      1138.0,
      689.0,
      717.0,
      978.0,
      537.0,
      1164.0,
      971.0,
      1030.0
    ],
    [
      552.0,
      66.0,
      618.0,
      1161.0,
      529.0,
      646.0,
      23.0,
      781.0,
      1059.0,
      0.0,
      729.0,
      326.0,
      753.0,
      481.0,
      488.0,
      749.0,
      842.0,
      767.0,
      86.0,
      172.0
    ],
    [
      712.0,
      152.0,
      159.0,
      220.0,
      597.0,
      171.0,
      752.0,
      242.0,
      1126.0,
      729.0,
      0.0,
      883.0,
      221.0,
      724.0,
      422.0,
      279.0,
      909.0,
      41.0,
      644.0,
      396.0
    ],
    [
      676.0,
      262.0,
      775.0,
      1284.0,
      653.0,
      803.0,
      349.0,
      905.0,
      1183.0,
      326.0,
      883.0,
      0.0,
      907.0,
      601.0,
      608.0,
      869.0,
      963.0,
      921.0,
      234.0,
      148.0
    ],
    [
      724.0,
      690.0,
      184.0,
      1239.0,
      609.0,
      196.0,
      777.0,
      130.0,
      1138.0,
      753.0,
      221.0,
      907.0,
      0.0,
      731.0,
      407.0,
      155.0,
      908.0,
      187.0,
      651.0,
      737.0
    ],
    [
      116.0,
      127.0,
      615.0,
      790.0,
      159.0,
      643.0,
      504.0,
      638.0,
      689.0,
      481.0,
      724.0,
      601.0,
      731.0,
      0.0,
      344.0,
      605.0,
      474.0,
      768.0,
      394.0,
      453.0
    ],
    [
      303.0,
      424.0,
      313.0,
      77.0,
      188.0,
      341.0,
      511.0,
      297.0,
      717.0,
      488.0,
      422.0,
      608.0,
      407.0,
      344.0,
      0.0,
      32.0,
      505.0,
      465.0,
      399.0,
      459.0
    ],
    [
      564.0,
      685.0,
      301.0,
      197.0,
      449.0,
      312.0,
      772.0,
      45.0,
      978.0,
      749.0,
      279.0,
      869.0,
      155.0,
      605.0,
      32.0,
      0.0,
      760.0,
      244.0,
      655.0,
      714.0
    ],
    [
      387.0,
      322.0,
      800.0,
      638.0,
      317.0,
      829.0,
      866.0,
      797.0,
      537.0,
      842.0,
      909.0,
      963.0,
      908.0,
      474.0,
      505.0,
      760.0,
      0.0,
      949.0,
      754.0,
      813.0
    ],
    [
      750.0,
      703.0,
      197.0,
      1265.0,
      635.0,
      209.0,
      790.0,
      206.0,
      1164.0,
      767.0,
      41.0,
      921.0,
      187.0,
      768.0,
      465.0,
      244.0,
      949.0,
      0.0,
      686.0,
      772.0
    ],
    [
      464.0,
      23.0,
      535.0,
      1072.0,
      440.0,
      564.0,
      110.0,
      189.0,
      971.0,
      86.0,
      644.0,
      234.0,
      651.0,
      394.0,
      399.0,
      655.0,
      754.0,
      686.0,
      0.0,
      86.0
    ],
    [
      523.0,
      109.0,
      621.0,
      1131.0,
      499.0,
      649.0,
      196.0,
      751.0,
      1030.0,
      172.0,
      396.0,
      148.0,
      737.0,
      453.0,
      459.0,
      714.0,
      813.0,
      772.0,
      86.0,
      0.0
    ]
  ],
  "cycle_dist_matrix": [
    [
      0.0,
      39.750698,
      58.579975999999995,
      70.650026,
      18.668343999999998,
      60.672118000000005,
      47.47553,
      48.2802,
      62.28145800000001,
      45.06152,
      57.614371999999996,
      55.039428,
      57.131569999999996,
      9.495106,
      34.118007999999996,
      55.039428,
      26.715044000000002,
      70.81096,
      38.463226,
      43.45218
    ],
    [
      39.750698,
      0.0,
      45.705256,
      89.64023800000001,
      37.81949,
      47.797398,
      7.24203,
      58.74091,
      81.432604,
      5.793624,
      54.556625999999994,
      20.599552000000003,
      56.165966,
      33.957074,
      34.60081,
      55.683164000000005,
      89.31837,
      57.93624,
      1.9312079999999998,
      9.012303999999999
    ],
    [
      58.579975999999995,
      45.705256,
      0.0,
      91.73238,
      39.911632000000004,
      6.276426,
      52.786351999999994,
      21.082354,
      83.524746,
      51.016078,
      13.035654,
      63.086128,
      14.48406,
      52.786351999999994,
      25.910374,
      24.1401,
      64.53453400000001,
      16.254334,
      44.25685,
      51.49888
    ],
    [
      70.650026,
      89.64023800000001,
      91.73238,
      0.0,
      52.142616,
      93.824522,
      96.721334,
      91.571446,
      37.980424,
      94.95106,
      100.905618,
      105.089902,
      100.100948,
      65.017336,
      67.10947800000001,
      88.5137,
      51.49888,
      104.12429800000001,
      88.674634,
      93.502654
    ],
    [
      18.668343999999998,
      37.81949,
      39.911632000000004,
      52.142616,
      0.0,
      42.164708,
      45.544322,
      39.589764,
      43.45218,
      43.130312,
      48.923936,
      52.464484,
      50.372342,
      12.87472,
      15.449663999999999,
      36.532018,
      51.49888,
      52.142616,
      36.532018,
      41.360037999999996
    ],
    [
      60.672118000000005,
      47.797398,
      6.276426,
      93.824522,
      42.164708,
      0.0,
      54.878494,
      21.887024,
      85.616888,
      53.10822,
      13.840323999999999,
      65.339204,
      15.449663999999999,
      54.878494,
      28.16345,
      25.105704,
      66.626676,
      17.059003999999998,
      46.348992,
      53.591021999999995
    ],
    [
      47.47553,
      7.24203,
      52.786351999999994,
      96.721334,
      45.544322,
      54.878494,
      0.0,
      65.822006,
      88.5137,
      1.7702740000000001,
      61.476788000000006,
      27.680647999999998,
      63.24706199999999,
      41.03817,
      41.681906,
      62.76426,
      96.399466,
      65.017336,
      9.012303999999999,
      16.0934
    ],
    [
      48.2802,
      58.74091,
      21.082354,
      91.571446,
      39.589764,
      21.887024,
      65.822006,
      0.0,
      82.88101,
      63.890798000000004,
      19.473014,
      73.22497,
      9.334171999999999,
      52.30355,
      24.461968,
      3.7014819999999995,
      90.92771,
      16.737136,
      56.809701999999994,
      61.637722
    ],
    [
      62.28145800000001,
      81.432604,
      83.524746,
      37.980424,
      43.45218,
      85.616888,
      88.5137,
      82.88101,
      0.0,
      87.548096,
      92.53705,
      96.88226800000001,
      94.14639,
      56.648768000000004,
      59.062778,
      80.14513199999999,
      43.130312,
      95.75573,
      80.306066,
      85.29502
    ],
    [
      45.06152,
      5.793624,
      51.016078,
      94.95106,
      43.130312,
      53.10822,
      1.7702740000000001,
      63.890798000000004,
      87.548096,
      0.0,
      59.867448,
      25.910374,
      60.672118000000005,
      39.106962,
      39.750698,
      60.833051999999995,
      94.62919199999999,
      62.925194000000005,
      7.24203,
      14.162192000000001
    ],
    [
      57.614371999999996,
      54.556625999999994,
      13.035654,
      100.905618,
      48.923936,
      13.840323999999999,
      61.476788000000006,
      19.473014,
      92.53705,
      59.867448,
      0.0,
      72.09843199999999,
      17.70274,
      61.637722,
      34.922678,
      22.691694,
