{
  "drive_dist_matrix": [
    [
      0.0,
      4.667085999999999,
      1.1265379999999998,
      1.60934,
      0.32186800000000004,
      2.5749440000000003,
      4.506151999999999,
      18.346476,
      21.887024,
      1.60934,
      1.60934,
      2.092142,
      0.16093400000000002,
      4.82802,
      15.28873,
      3.7014819999999995,
      12.230984,
      1.1265379999999998,
      1.448406,
      14.966862,
      4.345218,
      2.41401,
      0.48280199999999995,
      2.896812,
      2.41401,
      12.07005,
      7.0810960000000005,
      0.9656039999999999,
      22.53076,
      2.41401,
      2.41401,
      1.1265379999999998,
      17.863674,
      13.196587999999998,
      2.092142,
      4.02335,
      3.7014819999999995,
      2.41401,
      4.82802,
      6.9201619999999995,
      4.02335,
      14.162192000000001,
      39.42883,
      5.63269,
      18.185542,
      13.196587999999998,
      4.184284,
      6.759228,
      9.334171999999999,
      6.759228,
      15.449663999999999,
      1.60934,
      0.6437360000000001,
      3.21868,
      8.85137,
      18.024607999999997,
      4.82802,
      2.896812,
      9.816974,
      1.7702740000000001
    ],
    [
      4.667085999999999,
      0.0,
      5.471756,
      6.115492,
      4.345218,
      7.24203,
      9.012303999999999,
      17.219938,
      31.38213,
      6.115492,
      6.115492,
      6.598293999999999,
      4.9889540000000006,
      9.173238,
      15.449663999999999,
      7.24203,
      17.059003999999998,
      4.02335,
      5.9545580000000005,
      15.127796,
      0.48280199999999995,
      6.598293999999999,
      4.506151999999999,
      7.402963999999999,
      7.0810960000000005,
      16.89807,
      11.587248,
      5.310822,
      22.852628,
      6.598293999999999,
      6.9201619999999995,
      5.9545580000000005,
      16.737136,
      17.863674,
      6.43736,
      8.529501999999999,
      4.345218,
      6.759228,
      9.012303999999999,
      11.26538,
      8.529501999999999,
      18.50741,
      43.613114,
      5.149888000000001,
      18.50741,
      13.357522000000001,
      8.529501999999999,
      11.104446000000001,
      13.518456,
      10.943512,
      26.715044000000002,
      5.793624,
      5.63269,
      6.759228,
      13.196587999999998,
      18.346476,
      9.173238,
      7.0810960000000005,
      10.138842,
      4.667085999999999
    ],
    [
      1.1265379999999998,
      5.471756,
      0.0,
      1.9312079999999998,
      1.2874720000000002,
      2.735878,
      4.02335,
      16.415267999999998,
      21.565156,
      1.1265379999999998,
      2.2530759999999996,
      2.2530759999999996,
      0.80467,
      5.793624,
      14.805927999999998,
      2.41401,
      12.391918,
      2.41401,
      0.9656039999999999,
      14.48406,
      4.9889540000000006,
      3.379614,
      1.7702740000000001,
      2.41401,
      2.735878,
      12.391918,
      6.598293999999999,
      1.2874720000000002,
      22.208892000000002,
      3.379614,
      2.092142,
      0.48280199999999995,
      15.932466,
      13.357522000000001,
      1.60934,
      3.5405480000000003,
      4.02335,
      3.379614,
      5.793624,
      7.885766,
      3.7014819999999995,
      15.127796,
      40.394434000000004,
      5.9545580000000005,
      17.863674,
      12.713786,
      5.149888000000001,
      7.724831999999999,
      9.012303999999999,
      7.724831999999999,
      15.127796,
      2.5749440000000003,
      1.60934,
      3.5405480000000003,
      8.85137,
      17.541806,
      5.793624,
      3.8624159999999996,
      10.943512,
      3.057746
    ],
    [
      1.60934,
      6.115492,
      1.9312079999999998,
      0.0,
      2.092142,
      0.9656039999999999,
      5.149888000000001,
      17.541806,
      20.438617999999998,
      0.9656039999999999,
      0.32186800000000004,
      0.6437360000000001,
      1.9312079999999998,
      4.9889540000000006,
      15.932466,
      0.9656039999999999,
      10.621644,
      2.896812,
      1.2874720000000002,
      15.610598,
      5.9545580000000005,
      3.7014819999999995,
      2.2530759999999996,
      1.1265379999999998,
      0.9656039999999999,
      10.46071,
      5.149888000000001,
      0.80467,
      23.174496,
      1.60934,
      1.1265379999999998,
      2.092142,
      17.059003999999998,
      11.587248,
      1.448406,
      2.41401,
      5.149888000000001,
      3.057746,
      3.8624159999999996,
      6.115492,
      2.5749440000000003,
      13.357522000000001,
      39.42883,
      7.0810960000000005,
      18.829278,
      13.840323999999999,
      3.379614,
      6.115492,
      7.0810960000000005,
      5.9545580000000005,
      12.230984,
      0.6437360000000001,
      1.448406,
      1.60934,
      7.0810960000000005,
      18.668343999999998,
      4.02335,
      3.21868,
      12.07005,
      3.5405480000000003
    ],
    [
      0.32186800000000004,
      4.345218,
      1.2874720000000002,
      2.092142,
      0.0,
      3.057746,
      4.9889540000000006,
      17.380872,
      22.369826,
      2.092142,
      1.7702740000000001,
      2.41401,
      0.32186800000000004,
      4.82802,
      15.771532,
      2.896812,
      12.713786,
      0.80467,
      1.9312079999999998,
      15.28873,
      3.8624159999999996,
      2.2530759999999996,
      0.16093400000000002,
      3.057746,
      2.735878,
      12.552852,
      7.563898,
      1.1265379999999998,
      23.013562,
      2.41401,
      2.896812,
      1.9312079999999998,
      16.89807,
      13.67939,
      2.41401,
      4.506151999999999,
      2.735878,
      2.41401,
      4.667085999999999,
      6.9201619999999995,
      4.506151999999999,
      14.162192000000001,
      39.267896,
      4.667085999999999,
      18.668343999999998,
      13.67939,
      4.184284,
      6.759228,
      9.173238,
      6.598293999999999,
      15.932466,
      1.448406,
      0.9656039999999999,
      2.41401,
      8.85137,
      18.50741,
      4.82802,
      2.735878,
      9.334171999999999,
      1.448406
    ],
    [
      2.5749440000000003,
      7.24203,
      2.735878,
      0.9656039999999999,
      3.057746,
      0.0,
      5.793624,
      18.185542,
      20.11675,
      1.60934,
      0.9656039999999999,
      0.32186800000000004,
      2.5749440000000003,
      5.63269,
      16.576202000000002,
      0.32186800000000004,
      10.299776000000001,
      3.5405480000000003,
      1.7702740000000001,
      16.254334,
      6.598293999999999,
      4.345218,
      2.896812,
      0.6437360000000001,
      0.48280199999999995,
      10.138842,
      5.793624,
      2.41401,
      23.979166,
      1.2874720000000002,
      0.80467,
      2.735878,
      17.70274,
      11.26538,
      2.092142,
      3.057746,
      5.793624,
      3.8624159999999996,
      3.5405480000000003,
      5.793624,
      3.21868,
      13.035654,
      40.2335,
      7.724831999999999,
      19.633948,
      14.48406,
      3.057746,
      5.310822,
      6.759228,
      5.63269,
      13.67939,
      1.2874720000000002,
      2.092142,
      2.092142,
      6.759228,
      19.31208,
      3.7014819999999995,
      4.02335,
      12.713786,
      4.184284
    ],
    [
      4.506151999999999,
      9.012303999999999,
      4.02335,
      5.149888000000001,
      4.9889540000000006,
      5.793624,
      0.0,
      13.840323999999999,
      28.16345,
      4.02335,
      5.310822,
      5.310822,
      4.345218,
      8.690436,
      12.230984,
      5.471756,
      15.449663999999999,
      5.310822,
      3.8624159999999996,
      11.909116000000001,
      8.368568,
      6.276426,
      4.667085999999999,
      5.149888000000001,
      5.9545580000000005,
      15.28873,
      4.02335,
      4.184284,
      19.473014,
      6.43736,
      4.82802,
      3.8624159999999996,
      13.357522000000001,
      16.415267999999998,
      3.8624159999999996,
      5.793624,
      7.563898,
      6.276426,
      8.690436,
      10.943512,
      5.793624,
      18.185542,
      43.291246,
      9.65604,
      15.127796,
      10.138842,
      8.207633999999999,
      10.782578,
      11.909116000000001,
      10.782578,
      17.219938,
      5.471756,
      4.667085999999999,
      6.43736,
      11.909116000000001,
      14.966862,
      8.85137,
      6.759228,
      14.644993999999999,
      5.9545580000000005
    ],
    [
      18.346476,
      17.219938,
      16.415267999999998,
      17.541806,
      17.380872,
      18.185542,
      13.840323999999999,
      0.0,
      34.922678,
      18.668343999999998,
      19.955816000000002,
      19.955816000000002,
      18.990212,
      23.33543,
      6.115492,
      20.11675,
      37.658556,
      19.955816000000002,
      18.50741,
      7.402963999999999,
      18.990212,
      20.92142,
      19.473014,
      19.794882,
      20.599552000000003,
      37.497622,
      18.990212,
      16.576202000000002,
      4.9889540000000006,
      18.668343999999998,
      17.059003999999998,
      16.254334,
      0.48280199999999995,
      35.244546,
      16.0934,
      18.024607999999997,
      19.955816000000002,
      18.668343999999998,
      21.082354,
      23.174496,
      18.185542,
      39.589764,
      61.637722,
      22.047957999999998,
      4.82802,
      4.506151999999999,
      20.438617999999998,
      23.013562,
      24.301033999999998,
      23.013562,
      28.002515999999996,
      17.70274,
      16.89807,
      18.829278,
      24.301033999999998,
      5.471756,
      21.082354,
      19.151146,
      32.1868,
      18.346476
    ],
    [
      21.887024,
      31.38213,
      21.565156,
      20.438617999999998,
      22.369826,
      20.11675,
      28.16345,
      34.922678,
      0.0,
      20.760486,
      20.760486,
      20.11675,
      22.208892000000002,
      29.289987999999997,
      30.255592,
      19.955816000000002,
      16.415267999999998,
      23.174496,
      20.599552000000003,
      27.680647999999998,
      26.232242,
      24.1401,
      22.53076,
      19.794882,
      20.438617999999998,
      16.254334,
      21.082354,
      22.047957999999998,
      37.658556,
      20.92142,
      19.633948,
      21.72609,
      31.38213,
      16.0934,
      20.277684,
      18.185542,
      25.427572,
      24.1401,
      22.852628,
      20.599552000000003,
      18.185542,
      25.266638,
      56.00503199999999,
      37.01482,
      33.313338,
      28.16345,
      18.346476,
      22.691694,
      13.840323999999999,
      18.829278,
      9.977908000000001,
      21.082354,
      22.369826,
      21.72609,
      17.059003999999998,
      32.99147,
      22.53076,
      24.94477,
      38.463226,
      23.818232000000002
    ],
    [
      1.60934,
      6.115492,
      1.1265379999999998,
      0.9656039999999999,
      2.092142,
      1.60934,
      4.02335,
      18.668343999999998,
      20.760486,
      0.0,
      1.1265379999999998,
      1.2874720000000002,
      1.7702740000000001,
      5.63269,
      15.127796,
      1.448406,
      11.587248,
      2.735878,
      0.48280199999999995,
      14.805927999999998,
      5.471756,
      3.7014819999999995,
      2.092142,
      1.60934,
      1.9312079999999998,
      11.426314,
      6.9201619999999995,
      0.6437360000000001,
      22.53076,
      2.41401,
      1.1265379999999998,
      1.2874720000000002,
      16.254334,
      12.391918,
      0.80467,
      3.057746,
      4.9889540000000006,
      3.7014819999999995,
      4.82802,
      6.9201619999999995,
      3.057746,
      14.323126,
      40.072565999999995,
      6.9201619999999995,
      18.185542,
      13.035654,
      4.184284,
      6.9201619999999995,
      8.0467,
      6.9201619999999995,
      14.48406,
      1.60934,
      0.9656039999999999,
      2.5749440000000003,
      7.885766,
      17.863674,
      4.82802,
      3.8624159999999996,
      11.909116000000001,
      3.379614
    ],
    [
      1.60934,
      6.115492,
      2.2530759999999996,
      0.32186800000000004,
      1.7702740000000001,
      0.9656039999999999,
      5.310822,
      19.955816000000002,
      20.760486,
      1.1265379999999998,
      0.0,
      0.6437360000000001,
      2.092142,
      4.667085999999999,
      16.254334,
      1.1265379999999998,
      10.943512,
      3.057746,
      1.448406,
      15.771532,
      6.115492,
      3.379614,
      2.5749440000000003,
      1.2874720000000002,
      0.9656039999999999,
      10.782578,
      5.793624,
      0.9656039999999999,
      23.496364,
      1.2874720000000002,
      1.448406,
      2.2530759999999996,
      17.380872,
      11.748182,
      1.7702740000000001,
      3.057746,
      4.82802,
      2.896812,
      3.5405480000000003,
      5.793624,
      3.057746,
      13.035654,
      39.267896,
      6.759228,
      19.151146,
      14.162192000000001,
      3.057746,
      5.9545580000000005,
      7.402963999999999,
      5.471756,
      14.162192000000001,
      0.48280199999999995,
      0.9656039999999999,
      1.2874720000000002,
      7.24203,
      18.990212,
      3.7014819999999995,
      2.896812,
      11.748182,
      3.7014819999999995
    ],
    [
      2.092142,
      6.598293999999999,
      2.2530759999999996,
      0.6437360000000001,
      2.41401,
      0.32186800000000004,
      5.310822,
      19.955816000000002,
      20.11675,
      1.2874720000000002,
      0.6437360000000001,
      0.0,
      2.896812,
      5.471756,
      16.415267999999998,
      0.48280199999999995,
      10.138842,
      3.379614,
      1.60934,
      16.0934,
      6.43736,
      4.184284,
      2.735878,
      0.48280199999999995,
      0.48280199999999995,
      9.977908000000001,
      5.63269,
      2.2530759999999996,
      23.818232000000002,
      1.1265379999999998,
      0.6437360000000001,
      2.5749440000000003,
      17.541806,
      11.104446000000001,
      1.9312079999999998,
      3.057746,
      5.310822,
      3.7014819999999995,
      3.379614,
      5.63269,
      3.057746,
      12.87472,
      40.072565999999995,
      7.24203,
      19.473014,
      14.323126,
      2.896812,
      5.471756,
      6.759228,
      5.471756,
      11.748182,
      1.1265379999999998,
      2.2530759999999996,
      1.9312079999999998,
      6.598293999999999,
      19.151146,
      3.5405480000000003,
      3.8624159999999996,
      12.07005,
      4.02335
    ],
    [
      0.16093400000000002,
      4.9889540000000006,
      0.80467,
      1.9312079999999998,
      0.32186800000000004,
      2.5749440000000003,
      4.345218,
      18.990212,
      22.208892000000002,
      1.7702740000000001,
      2.092142,
      2.896812,
      0.0,
      4.9889540000000006,
      15.28873,
      2.5749440000000003,
      12.230984,
      3.379614,
      1.448406,
      14.966862,
      4.184284,
      2.5749440000000003,
      0.48280199999999995,
      2.5749440000000003,
      2.41401,
      12.07005,
      7.0810960000000005,
      0.9656039999999999,
      22.53076,
      2.5749440000000003,
      2.41401,
      1.1265379999999998,
      16.415267999999998,
      13.196587999999998,
      2.092142,
      4.02335,
      3.057746,
      2.5749440000000003,
      4.9889540000000006,
      7.0810960000000005,
      4.02335,
      14.323126,
      39.589764,
      4.9889540000000006,
      18.185542,
      13.196587999999998,
      4.345218,
      6.9201619999999995,
      8.690436,
      6.9201619999999995,
      15.610598,
      1.7702740000000001,
      0.80467,
      2.735878,
      9.012303999999999,
      18.024607999999997,
      4.9889540000000006,
      3.057746,
      9.65604,
      1.7702740000000001
    ],
    [
      4.82802,
      9.173238,
      5.793624,
      4.9889540000000006,
      4.82802,
      5.63269,
      8.690436,
      23.33543,
      29.289987999999997,
      5.63269,
      4.667085999999999,
      5.471756,
      4.9889540000000006,
      0.0,
      19.794882,
      5.793624,
      17.059003999999998,
      5.471756,
      5.793624,
      19.473014,
      8.690436,
      3.5405480000000003,
      4.667085999999999,
      5.9545580000000005,
      5.471756,
      16.89807,
      11.587248,
      5.310822,
      27.036912,
      4.667085999999999,
      5.793624,
      5.9545580000000005,
      20.92142,
      18.024607999999997,
      6.598293999999999,
      7.402963999999999,
      5.793624,
      2.735878,
      4.506151999999999,
      6.598293999999999,
      7.563898,
      11.909116000000001,
      34.922678,
      7.724831999999999,
      22.691694,
      17.70274,
      5.63269,
      4.506151999999999,
      11.426314,
      7.563898,
      20.11675,
      4.345218,
      4.9889540000000006,
      4.184284,
      10.138842,
      22.53076,
      4.82802,
      2.735878,
      16.254334,
      4.667085999999999
    ],
    [
      15.28873,
      15.449663999999999,
      14.805927999999998,
      15.932466,
      15.771532,
      16.576202000000002,
      12.230984,
      6.115492,
      30.255592,
      15.127796,
      16.254334,
      16.415267999999998,
      15.28873,
      19.794882,
      0.0,
      16.415267999999998,
      33.957074,
      16.254334,
      14.805927999999998,
      2.735878,
      15.28873,
      17.219938,
      15.771532,
      16.254334,
      16.89807,
      33.79614,
      15.28873,
      15.127796,
      8.0467,
      17.219938,
      15.771532,
      14.966862,
      5.471756,
      33.635206,
      14.805927999999998,
      16.737136,
      18.668343999999998,
      17.380872,
      19.633948,
      21.887024,
      16.737136,
      38.302292,
      60.35025,
      20.760486,
      3.7014819999999995,
      5.63269,
      19.151146,
      21.72609,
      22.852628,
      21.565156,
      26.55411,
      16.415267999999998,
      15.610598,
      17.380872,
      22.852628,
      3.379614,
      19.794882,
      17.70274,
      25.588506,
      16.89807
    ],
    [
      3.7014819999999995,
      7.24203,
      2.41401,
      0.9656039999999999,
      2.896812,
      0.32186800000000004,
      5.471756,
      20.11675,
      19.955816000000002,
      1.448406,
      1.1265379999999998,
      0.48280199999999995,
      2.5749440000000003,
      5.793624,
      16.415267999999998,
      0.0,
      9.977908000000001,
      3.7014819999999995,
      1.60934,
      16.0934,
      6.759228,
      4.506151999999999,
      3.057746,
      0.48280199999999995,
      0.32186800000000004,
      9.816974,
      5.63269,
      2.5749440000000003,
      23.818232000000002,
      1.448406,
      0.6437360000000001,
      2.5749440000000003,
      17.541806,
      10.943512,
      1.9312079999999998,
      2.896812,
      5.9545580000000005,
      4.02335,
      3.21868,
      5.471756,
      3.057746,
      12.713786,
      40.394434000000004,
      7.724831999999999,
      19.473014,
      14.323126,
      2.735878,
      5.9545580000000005,
      6.43736,
      5.310822,
      13.518456,
      1.448406,
      2.2530759999999996,
      2.2530759999999996,
      6.43736,
      19.151146,
      3.379614,
      4.184284,
      12.713786,
      4.345218
    ],
    [
      12.230984,
      17.059003999999998,
      12.391918,
      10.621644,
      12.713786,
      10.299776000000001,
      15.449663999999999,
      37.658556,
      16.415267999999998,
      11.587248,
      10.943512,
      10.138842,
      12.230984,
      17.059003999999998,
      33.957074,
      9.977908000000001,
      0.0,
      13.518456,
      11.748182,
      30.899327999999997,
      16.576202000000002,
      14.001257999999998,
      12.87472,
      10.621644,
      9.977908000000001,
      1.60934,
      15.449663999999999,
      12.391918,
      40.877235999999996,
      11.26538,
      10.782578,
      12.713786,
      34.60081,
      2.5749440000000003,
      12.07005,
      12.552852,
      25.74944,
      13.196587999999998,
      10.299776000000001,
      8.207633999999999,
      12.552852,
      12.713786,
      43.45218,
      24.461968,
      36.532018,
      31.38213,
      10.943512,
      10.138842,
      6.43736,
      6.276426,
      6.43736,
      11.26538,
      12.391918,
      12.07005,
      4.506151999999999,
      36.21015,
      9.977908000000001,
      12.552852,
      25.910374,
      14.162192000000001
    ],
    [
      1.1265379999999998,
      4.02335,
      2.41401,
      2.896812,
      0.80467,
      3.5405480000000003,
      5.310822,
      19.955816000000002,
      23.174496,
      2.735878,
      3.057746,
      3.379614,
      3.379614,
      5.471756,
      16.254334,
      3.7014819999999995,
      13.518456,
      0.0,
      2.5749440000000003,
      15.932466,
      3.7014819999999995,
      2.896812,
      0.80467,
      3.7014819999999995,
      3.379614,
      13.196587999999998,
      8.207633999999999,
      1.9312079999999998,
      23.657297999999997,
      3.057746,
      3.5405480000000003,
      2.5749440000000003,
      17.541806,
      14.323126,
      3.057746,
      5.149888000000001,
      2.41401,
      3.057746,
      5.63269,
      7.563898,
      5.149888000000001,
      14.805927999999998,
      39.911632000000004,
      4.345218,
      19.31208,
      14.323126,
      4.82802,
      7.724831999999999,
      9.816974,
      7.24203,
      16.576202000000002,
      2.092142,
      1.60934,
      3.057746,
      9.495106,
      19.151146,
      5.471756,
      3.379614,
      9.334171999999999,
      0.80467
    ],
    [
      1.448406,
      5.9545580000000005,
      0.9656039999999999,
      1.2874720000000002,
      1.9312079999999998,
      1.7702740000000001,
      3.8624159999999996,
      18.50741,
      20.599552000000003,
      0.48280199999999995,
      1.448406,
      1.60934,
      1.448406,
      5.793624,
      14.805927999999998,
      1.60934,
      11.748182,
      2.5749440000000003,
      0.0,
      14.48406,
      5.63269,
      3.5405480000000003,
      1.9312079999999998,
      1.60934,
      1.9312079999999998,
      11.587248,
      6.598293999999999,
      0.6437360000000001,
      22.208892000000002,
      2.5749440000000003,
      1.2874720000000002,
      1.1265379999999998,
      15.932466,
      12.552852,
      0.6437360000000001,
      2.5749440000000003,
      4.82802,
      3.5405480000000003,
      4.9889540000000006,
      7.0810960000000005,
      2.735878,
      14.323126,
      40.2335,
      6.759228,
      17.863674,
      12.713786,
      4.345218,
      6.9201619999999995,
      8.207633999999999,
      6.9201619999999995,
      14.162192000000001,
      1.7702740000000001,
      1.1265379999999998,
      2.735878,
      8.0467,
      17.541806,
      4.9889540000000006,
      4.02335,
      11.748182,
      3.21868
    ],
    [
      14.966862,
      15.127796,
      14.48406,
      15.610598,
      15.28873,
      16.254334,
      11.909116000000001,
      7.402963999999999,
      27.680647999999998,
      14.805927999999998,
      15.771532,
      16.0934,
      14.966862,
      19.473014,
      2.735878,
      16.0934,
      30.899327999999997,
      15.932466,
      14.48406,
      0.0,
      15.449663999999999,
      17.219938,
      15.771532,
      16.254334,
      16.89807,
      30.57746,
      10.46071,
      15.28873,
      9.334171999999999,
      17.380872,
      15.771532,
      14.966862,
      7.885766,
      30.416525999999998,
      14.805927999999998,
      12.230984,
      18.668343999999998,
      17.380872,
      19.794882,
      21.887024,
      12.230984,
      38.302292,
      60.35025,
      20.760486,
      4.9889540000000006,
      5.63269,
      19.151146,
      21.72609,
      18.668343999999998,
      21.72609,
      23.33543,
      16.415267999999998,
      15.610598,
      17.541806,
      23.013562,
      4.667085999999999,
      19.794882,
      17.70274,
      30.899327999999997,
      17.059003999999998
    ],
    [
      4.345218,
      0.48280199999999995,
      4.9889540000000006,
      5.9545580000000005,
      3.8624159999999996,
      6.598293999999999,
      8.368568,
      18.990212,
      26.232242,
      5.471756,
      6.115492,
      6.43736,
      4.184284,
      8.690436,
      15.28873,
      6.759228,
      16.576202000000002,
      3.7014819999999995,
      5.63269,
      15.449663999999999,
      0.0,
      6.115492,
      4.02335,
      6.9201619999999995,
      6.598293999999999,
      16.415267999999998,
      11.26538,
      4.9889540000000006,
      20.438617999999998,
      6.276426,
      6.759228,
      5.793624,
      16.576202000000002,
      17.541806,
      6.276426,
      8.207633999999999,
      3.8624159999999996,
      6.276426,
      8.529501999999999,
      10.782578,
      8.368568,
      18.024607999999997,
      43.291246,
      4.82802,
      18.346476,
      13.357522000000001,
      8.0467,
      10.621644,
      13.035654,
      10.46071,
      26.55411,
      5.310822,
      5.471756,
      6.276426,
      12.713786,
      18.185542,
      8.690436,
      6.598293999999999,
      9.816974,
      4.184284
    ],
    [
      2.41401,
      6.598293999999999,
      3.379614,
      3.7014819999999995,
      2.2530759999999996,
      4.345218,
      6.276426,
      20.92142,
      24.1401,
      3.7014819999999995,
      3.379614,
      4.184284,
      2.5749440000000003,
      3.5405480000000003,
      17.219938,
      4.506151999999999,
      14.001257999999998,
      2.896812,
      3.5405480000000003,
      17.219938,
      6.115492,
      0.0,
      2.092142,
      4.667085999999999,
      4.345218,
      13.840323999999999,
      9.173238,
      2.896812,
      24.622902,
      3.21868,
      4.506151999999999,
      3.5405480000000003,
      18.50741,
      14.805927999999998,
      4.02335,
      6.115492,
      3.057746,
      1.1265379999999998,
      4.345218,
      6.9201619999999995,
      6.115492,
      14.805927999999998,
      37.980424,
      4.9889540000000006,
      20.277684,
      15.28873,
      4.02335,
      5.471756,
      10.782578,
      8.207633999999999,
      17.541806,
      3.057746,
      2.5749440000000003,
      2.735878,
      10.46071,
      20.11675,
      4.506151999999999,
      1.448406,
      9.977908000000001,
      1.7702740000000001
    ],
    [
      0.48280199999999995,
      4.506151999999999,
      1.7702740000000001,
      2.2530759999999996,
      0.16093400000000002,
      2.896812,
      4.667085999999999,
      19.473014,
      22.53076,
      2.092142,
      2.5749440000000003,
      2.735878,
      0.48280199999999995,
      4.667085999999999,
      15.771532,
      3.057746,
      12.87472,
      0.80467,
      1.9312079999999998,
      15.771532,
      4.02335,
      2.092142,
      0.0,
      3.057746,
      2.896812,
      12.713786,
      7.724831999999999,
      1.2874720000000002,
      23.174496,
      2.41401,
      3.21868,
      2.092142,
      17.059003999999998,
      13.67939,
      2.5749440000000003,
      4.667085999999999,
      2.896812,
      2.2530759999999996,
      4.506151999999999,
      6.9201619999999995,
      4.667085999999999,
      14.162192000000001,
      39.106962,
      4.82802,
      18.829278,
      13.840323999999999,
      4.184284,
      6.598293999999999,
      9.334171999999999,
      6.759228,
      16.0934,
      1.60934,
      0.9656039999999999,
      3.057746,
      8.85137,
      18.668343999999998,
      4.82802,
      2.5749440000000003,
      9.495106,
      1.448406
    ],
    [
      2.896812,
      7.402963999999999,
      2.41401,
      1.1265379999999998,
      3.057746,
      0.6437360000000001,
      5.149888000000001,
      19.794882,
      19.794882,
      1.60934,
      1.2874720000000002,
      0.48280199999999995,
      2.5749440000000003,
      5.9545580000000005,
      16.254334,
      0.48280199999999995,
      10.621644,
      3.7014819999999995,
      1.60934,
      16.254334,
      6.9201619999999995,
      4.667085999999999,
      3.057746,
      0.0,
      0.80467,
      10.782578,
      5.149888000000001,
      3.379614,
      23.174496,
      1.60934,
      0.16093400000000002,
      3.057746,
      17.059003999999998,
      11.909116000000001,
      1.448406,
      2.41401,
      6.759228,
      5.471756,
      4.184284,
      6.43736,
      2.5749440000000003,
      13.67939,
      40.555368,
      8.690436,
      18.990212,
      13.840323999999999,
      3.7014819999999995,
      5.9545580000000005,
      6.43736,
      6.115492,
      13.035654,
      1.60934,
      2.41401,
      2.41401,
      7.402963999999999,
      18.668343999999998,
      4.345218,
      4.345218,
      13.67939,
      5.149888000000001
    ],
    [
      2.41401,
      7.0810960000000005,
      2.735878,
      0.9656039999999999,
      2.735878,
      0.48280199999999995,
      5.9545580000000005,
      20.599552000000003,
      20.438617999999998,
      1.9312079999999998,
      0.9656039999999999,
      0.48280199999999995,
      2.41401,
      5.471756,
      16.89807,
      0.32186800000000004,
      9.977908000000001,
      3.379614,
      1.9312079999999998,
      16.89807,
      6.598293999999999,
      4.345218,
      2.896812,
      0.80467,
      0.0,
      9.816974,
      6.115492,
      2.5749440000000003,
      24.1401,
      1.2874720000000002,
      0.9656039999999999,
      2.896812,
      18.024607999999997,
      10.782578,
      2.41401,
      3.379614,
      5.9545580000000005,
      3.8624159999999996,
      3.057746,
      5.310822,
      3.5405480000000003,
      12.552852,
      40.2335,
      8.0467,
      19.794882,
      14.805927999999998,
      2.5749440000000003,
      5.310822,
      6.43736,
      5.149888000000001,
      10.782578,
      1.2874720000000002,
      2.2530759999999996,
      2.092142,
      6.276426,
      19.633948,
      3.21868,
      3.8624159999999996,
      12.87472,
      4.02335
    ],
    [
      12.07005,
      16.89807,
      12.391918,
      10.46071,
      12.552852,
      10.138842,
      15.28873,
      37.497622,
      16.254334,
      11.426314,
      10.782578,
      9.977908000000001,
      12.07005,
      16.89807,
      33.79614,
      9.816974,
      1.60934,
      13.196587999999998,
      11.587248,
      30.57746,
      16.415267999999998,
      13.840323999999999,
      12.713786,
      10.782578,
      9.816974,
      0.0,
      15.127796,
      12.07005,
      40.555368,
      11.104446000000001,
      10.621644,
      12.391918,
      34.439876,
      1.1265379999999998,
      11.909116000000001,
      12.391918,
      25.427572,
      12.87472,
      9.977908000000001,
      7.885766,
      12.391918,
      12.552852,
      43.291246,
      24.301033999999998,
      36.21015,
      31.221196,
      10.621644,
      9.816974,
      6.115492,
      6.115492,
      6.276426,
      11.104446000000001,
      12.230984,
      11.748182,
      4.345218,
      36.049215999999994,
      9.816974,
      12.230984,
      25.588506,
      13.840323999999999
    ],
    [
      7.0810960000000005,
      11.587248,
      6.598293999999999,
      5.149888000000001,
      7.563898,
      5.793624,
      4.02335,
      18.990212,
      21.082354,
      6.9201619999999995,
      5.793624,
      5.63269,
      7.0810960000000005,
      11.587248,
      15.28873,
      5.63269,
      15.449663999999999,
      8.207633999999999,
      6.598293999999999,
      10.46071,
      11.26538,
      9.173238,
      7.724831999999999,
      5.149888000000001,
      6.115492,
      15.127796,
      0.0,
      7.24203,
      22.208892000000002,
      6.598293999999999,
      4.9889540000000006,
      6.9201619999999995,
      15.932466,
      16.254334,
      4.82802,
      3.5405480000000003,
      10.621644,
      9.495106,
      9.012303999999999,
      12.230984,
      3.379614,
      18.346476,
      44.578718,
      12.713786,
      17.863674,
      12.713786,
      8.368568,
      11.426314,
      9.816974,
      11.104446000000001,
      14.644993999999999,
      6.115492,
      7.724831999999999,
      7.402963999999999,
      11.909116000000001,
      17.541806,
      9.012303999999999,
      8.368568,
      17.70274,
      9.012303999999999
    ],
    [
      0.9656039999999999,
      5.310822,
      1.2874720000000002,
      0.80467,
      1.1265379999999998,
      2.41401,
      4.184284,
      16.576202000000002,
      22.047957999999998,
      0.6437360000000001,
      0.9656039999999999,
      2.2530759999999996,
      0.9656039999999999,
      5.310822,
      15.127796,
      2.5749440000000003,
      12.391918,
      1.9312079999999998,
      0.6437360000000001,
      15.28873,
      4.9889540000000006,
      2.896812,
      1.2874720000000002,
      3.379614,
      2.5749440000000003,
      12.07005,
      7.24203,
      0.0,
      22.852628,
      2.092142,
      1.7702740000000001,
      1.60934,
      16.576202000000002,
      12.391918,
      1.2874720000000002,
      3.21868,
      4.02335,
      3.379614,
      4.506151999999999,
      6.598293999999999,
      3.379614,
      13.840323999999999,
      39.750698,
      5.9545580000000005,
      18.50741,
      13.357522000000001,
      3.8624159999999996,
      6.43736,
      7.885766,
      6.43736,
      14.805927999999998,
      1.1265379999999998,
      0.6437360000000001,
      2.2530759999999996,
      7.885766,
      18.185542,
      4.506151999999999,
      3.5405480000000003,
      10.782578,
      2.735878
    ],
    [
      22.53076,
      22.852628,
      22.208892000000002,
      23.174496,
      23.013562,
      23.979166,
      19.473014,
      4.9889540000000006,
      37.658556,
      22.53076,
      23.496364,
      23.818232000000002,
      22.53076,
      27.036912,
      8.0467,
      23.818232000000002,
      40.877235999999996,
      23.657297999999997,
      22.208892000000002,
      9.334171999999999,
      20.438617999999998,
      24.622902,
      23.174496,
      23.174496,
      24.1401,
      40.555368,
      22.208892000000002,
      22.852628,
      0.0,
      24.1401,
      22.53076,
      21.72609,
      4.345218,
      40.394434000000004,
      21.565156,
      23.496364,
      25.427572,
      24.1401,
      26.393175999999997,
      28.646252,
      23.657297999999997,
      45.06152,
      67.10947800000001,
      27.519714,
      4.667085999999999,
      8.0467,
      25.910374,
      28.485318,
      29.611855999999996,
      28.324384000000002,
      33.313338,
      23.174496,
      22.369826,
      24.1401,
      29.77279,
      4.9889540000000006,
      26.55411,
      24.461968,
      37.497622,
      23.657297999999997
    ],
    [
      2.41401,
      6.598293999999999,
      3.379614,
      1.60934,
      2.41401,
      1.2874720000000002,
      6.43736,
      18.668343999999998,
      20.92142,
      2.41401,
      1.2874720000000002,
      1.1265379999999998,
      2.5749440000000003,
      4.667085999999999,
      17.219938,
      1.448406,
      11.26538,
      3.057746,
      2.5749440000000003,
      17.380872,
      6.276426,
      3.21868,
      2.41401,
      1.60934,
      1.2874720000000002,
      11.104446000000001,
      6.598293999999999,
      2.092142,
      24.1401,
      0.0,
      1.60934,
      3.5405480000000003,
      18.50741,
      12.07005,
      2.896812,
      3.8624159999999996,
      4.9889540000000006,
      2.735878,
      2.5749440000000003,
      5.310822,
      4.02335,
      12.552852,
      39.106962,
      6.9201619999999995,
      20.438617999999998,
      15.28873,
      2.5749440000000003,
      4.506151999999999,
      7.724831999999999,
      5.149888000000001,
      12.713786,
      0.9656039999999999,
      1.9312079999999998,
      0.32186800000000004,
      7.24203,
      20.11675,
      3.21868,
      2.896812,
      11.909116000000001,
      3.7014819999999995
    ],
    [
      2.41401,
      6.9201619999999995,
      2.092142,
      1.1265379999999998,
      2.896812,
      0.80467,
      4.82802,
      17.059003999999998,
      19.633948,
      1.1265379999999998,
      1.448406,
      0.6437360000000001,
      2.41401,
      5.793624,
      15.771532,
      0.6437360000000001,
      10.782578,
      3.5405480000000003,
      1.2874720000000002,
      15.771532,
      6.759228,
      4.506151999999999,
      3.21868,
      0.16093400000000002,
      0.9656039999999999,
      10.621644,
      4.9889540000000006,
      1.7702740000000001,
      22.53076,
      1.60934,
      0.0,
      2.2530759999999996,
      16.89807,
      11.587248,
      1.2874720000000002,
      2.2530759999999996,
      5.9545580000000005,
      4.02335,
      3.8624159999999996,
      6.276426,
      2.41401,
      13.518456,
      40.394434000000004,
      7.885766,
      18.668343999999998,
      13.67939,
      3.379614,
      5.9545580000000005,
      7.24203,
      5.9545580000000005,
      13.035654,
      1.7702740000000001,
      2.2530759999999996,
      2.41401,
      7.0810960000000005,
      18.50741,
      4.02335,
      4.02335,
      12.87472,
      4.184284
    ],
    [
      1.1265379999999998,
      5.9545580000000005,
      0.48280199999999995,
      2.092142,
      1.9312079999999998,
      2.735878,
      3.8624159999999996,
      16.254334,
      21.72609,
      1.2874720000000002,
      2.2530759999999996,
      2.5749440000000003,
      1.1265379999999998,
      5.9545580000000005,
      14.966862,
      2.5749440000000003,
      12.713786,
      2.5749440000000003,
      1.1265379999999998,
      14.966862,
      5.793624,
      3.5405480000000003,
      2.092142,
      3.057746,
      2.896812,
      12.391918,
      6.9201619999999995,
      1.60934,
      21.72609,
      3.5405480000000003,
      2.2530759999999996,
      0.0,
      16.0934,
      13.518456,
      1.7702740000000001,
      3.7014819999999995,
      4.82802,
      3.5405480000000003,
      5.9545580000000005,
      8.0467,
      3.8624159999999996,
      15.28873,
      40.555368,
      6.759228,
      18.024607999999997,
      12.87472,
      5.310822,
      7.885766,
      9.012303999999999,
      7.885766,
      15.28873,
      2.5749440000000003,
      1.7702740000000001,
      3.7014819999999995,
      9.012303999999999,
      17.70274,
      5.9545580000000005,
      4.02335,
      11.748182,
      3.21868
    ],
    [
      17.863674,
      16.737136,
      15.932466,
      17.059003999999998,
      16.89807,
      17.70274,
      13.357522000000001,
      0.48280199999999995,
      31.38213,
      16.254334,
      17.380872,
      17.541806,
      16.415267999999998,
      20.92142,
      5.471756,
      17.541806,
      34.60081,
      17.541806,
      15.932466,
      7.885766,
      16.576202000000002,
      18.50741,
      17.059003999999998,
      17.059003999999998,
      18.024607999999997,
      34.439876,
      15.932466,
      16.576202000000002,
      4.345218,
      18.50741,
      16.89807,
      16.0934,
      0.0,
      34.60081,
      15.449663999999999,
      17.541806,
      19.31208,
      18.024607999999997,
      20.438617999999998,
      22.53076,
      17.541806,
      38.946028,
      60.993986,
      21.404222,
      4.184284,
      3.8624159999999996,
      19.794882,
      22.369826,
      23.657297999999997,
      22.369826,
      27.519714,
      17.219938,
      16.254334,
      18.185542,
      23.657297999999997,
      4.82802,
      20.438617999999998,
      18.50741,
      26.232242,
      17.70274
    ],
    [
      13.196587999999998,
      17.863674,
      13.357522000000001,
      11.587248,
      13.67939,
      11.26538,
      16.415267999999998,
      35.244546,
      16.0934,
      12.391918,
      11.748182,
      11.104446000000001,
      13.196587999999998,
      18.024607999999997,
      33.635206,
      10.943512,
      2.5749440000000003,
      14.323126,
      12.552852,
      30.416525999999998,
      17.541806,
      14.805927999999998,
