{
  "drive_dist_matrix": [
    [
      0.0,
      3.1,
      2.4,
      2.7,
      6.5,
      8.8,
      2.5,
      3.4,
      30.8,
      8.8,
      3.6,
      3.1,
      7.2,
      55.6,
      2.9,
      25.9,
      0.75,
      60.1,
      119.0
    ],
    [
      3.1,
      0.0,
      4.5,
      0.75,
      9.0,
      6.9,
      4.7,
      5.4,
      33.0,
      12.6,
      5.6,
      5.0,
      5.3,
      59.0,
      2.4,
      28.2,
      3.8,
      58.2,
      117.0
    ],
    [
      2.4,
      4.5,
      0.0,
      4.5,
      6.4,
      10.2,
      0.8,
      0.55,
      29.5,
      9.5,
      1.6,
      0.55,
      8.6,
      53.6,
      4.7,
      24.6,
      2.2,
      61.2,
      120.0
    ],
    [
      2.7,
      0.75,
      4.5,
      0.0,
      8.1,
      7.4,
      4.1,
      5.1,
      32.4,
      13.1,
      5.3,
      4.7,
      5.8,
      58.6,
      2.2,
      27.5,
      3.2,
      57.6,
      117.0
    ],
    [
      6.5,
      9.0,
      6.4,
      8.1,
      0.0,
      12.2,
      6.0,
      6.7,
      32.0,
      4.5,
      7.2,
      7.2,
      10.5,
      56.8,
      6.2,
      27.2,
      5.1,
      63.5,
      125.0
    ],
    [
      8.8,
      6.9,
      10.2,
      7.4,
      12.2,
      0.0,
      10.5,
      12.3,
      42.6,
      14.9,
      12.5,
      12.0,
      2.8,
      64.8,
      7.1,
      37.7,
      9.5,
      56.5,
      121.0
    ],
    [
      2.5,
      4.7,
      0.8,
      4.1,
      6.0,
      10.5,
      0.0,
      1.8,
      29.0,
      8.7,
      2.2,
      1.6,
      8.5,
      54.0,
      4.3,
      24.1,
      1.8,
      61.4,
      121.0
    ],
    [
      3.4,
      5.4,
      0.55,
      5.1,
      6.7,
      12.3,
      1.8,
      0.0,
      29.5,
      10.8,
      0.7,
      0.23,
      10.2,
      53.3,
      5.2,
      24.7,
      2.9,
      61.3,
      120.0
    ],
    [
      30.8,
      33.0,
      29.5,
      32.4,
      32.0,
      42.6,
      29.0,
      29.5,
      0.0,
      35.4,
      28.7,
      29.0,
      40.3,
      51.4,
      32.2,
      15.6,
      29.8,
      93.2,
      152.0
    ],
    [
      8.8,
      12.6,
      9.5,
      13.1,
      4.5,
      14.9,
      8.7,
      10.8,
      35.4,
      0.0,
      10.5,
      10.6,
      12.5,
      60.2,
      9.0,
      30.5,
      7.9,
      65.4,
      127.0
    ],
    [
      3.6,
      5.6,
      1.6,
      5.3,
      7.2,
      12.5,
      2.2,
      0.7,
      28.7,
      10.5,
      0.0,
      0.9,
      11.1,
      52.3,
      7.1,
      23.7,
      3.8,
      62.2,
      123.0
    ],
    [
      3.1,
      5.0,
      0.55,
      4.7,
      7.2,
      12.0,
      1.6,
      0.23,
      29.0,
      10.6,
      0.9,
      0.0,
      9.9,
      53.2,
      4.9,
      24.5,
      2.6,
      61.0,
      120.0
    ],
    [
      7.2,
      5.3,
      8.6,
      5.8,
      10.5,
      2.8,
      8.5,
      10.2,
      40.3,
      12.5,
      11.1,
      9.9,
      0.0,
      63.2,
      5.5,
      36.1,
      7.9,
      54.8,
      119.0
    ],
    [
      55.6,
      59.0,
      53.6,
      58.6,
      56.8,
      64.8,
      54.0,
      53.3,
      51.4,
      60.2,
      52.3,
      53.2,
      63.2,
      0.0,
      62.8,
      35.9,
      60.2,
      121.0,
      176.0
    ],
    [
      2.9,
      2.4,
      4.7,
      2.2,
      6.2,
      7.1,
      4.3,
      5.2,
      32.2,
      9.0,
      7.1,
      4.9,
      5.5,
      62.8,
      0.0,
      27.3,
      3.1,
      58.3,
      118.0
    ],
    [
      25.9,
      28.2,
      24.6,
      27.5,
      27.2,
      37.7,
      24.1,
      24.7,
      15.6,
      30.5,
      23.7,
      24.5,
      36.1,
      35.9,
      27.3,
      0.0,
      24.9,
      88.3,
      147.0
    ],
    [
      0.75,
      3.8,
      2.2,
      3.2,
      5.1,
      9.5,
      1.8,
      2.9,
      29.8,
      7.9,
      3.8,
      2.6,
      7.9,
      60.2,
      3.1,
      24.9,
      0.0,
      60.8,
      120.0
    ],
    [
      60.1,
      58.2,
      61.2,
      57.6,
      63.5,
      56.5,
      61.4,
      61.3,
      93.2,
      65.4,
      62.2,
      61.0,
      54.8,
      121.0,
      58.3,
      88.3,
      60.8,
      0.0,
      158.0
    ],
    [
      119.0,
      117.0,
      120.0,
      117.0,
      125.0,
      121.0,
      121.0,
      120.0,
      152.0,
      127.0,
      123.0,
      120.0,
      119.0,
      176.0,
      118.0,
      147.0,
      120.0,
      158.0,
      0.0
    ]
  ],
  "drive_time_matrix": [
    [
      0.0,
      11.0,
      11.0,
      10.0,
      18.0,
      22.0,
      10.0,
      13.0,
      52.0,
      24.0,
      13.0,
      13.0,
      18.0,
      83.0,
      11.0,
      42.0,
      9.0,
      88.0,
      147.0
    ],
    [
      11.0,
      0.0,
      14.0,
      9.0,
      22.0,
      16.0,
      14.0,
      15.0,
      57.0,
      23.0,
      15.0,
      15.0,
      12.0,
      82.0,
      8.0,
      46.0,
      11.0,
      81.0,
      140.0
    ],
    [
      11.0,
      14.0,
      0.0,
      12.0,
      18.0,
      27.0,
      10.0,
      7.0,
      48.0,
      25.0,
      7.0,
      6.0,
      23.0,
      77.0,
      14.0,
      38.0,
      9.0,
      89.0,
      147.0
    ],
    [
      10.0,
      9.0,
      12.0,
      0.0,
      20.0,
      17.0,
      12.0,
      13.0,
      55.0,
      24.0,
      13.0,
      13.0,
      13.0,
      82.0,
      8.0,
      44.0,
      9.0,
      81.0,
      139.0
    ],
    [
      18.0,
      22.0,
      18.0,
      20.0,
      0.0,
      22.0,
      16.0,
      18.0,
      49.0,
      9.0,
      20.0,
      20.0,
      18.0,
      81.0,
      14.0,
      38.0,
      14.0,
      88.0,
      154.0
    ],
    [
      22.0,
      16.0,
      27.0,
      17.0,
      22.0,
      0.0,
      26.0,
      28.0,
      66.0,
      27.0,
      28.0,
      28.0,
      6.0,
      94.0,
      17.0,
      56.0,
      23.0,
      77.0,
      149.0
    ],
    [
      10.0,
      14.0,
      10.0,
      12.0,
      16.0,
      26.0,
      0.0,
      6.0,
      46.0,
      21.0,
      9.0,
      7.0,
      22.0,
      77.0,
      12.0,
      36.0,
      7.0,
      91.0,
      149.0
    ],
    [
      13.0,
      15.0,
      7.0,
      13.0,
      18.0,
      28.0,
      6.0,
      0.0,
      47.0,
      27.0,
      9.0,
      3.0,
      22.0,
      76.0,
      16.0,
      37.0,
      10.0,
      88.0,
      146.0
    ],
    [
      52.0,
      57.0,
      48.0,
      55.0,
      49.0,
      66.0,
      46.0,
      47.0,
      0.0,
      53.0,
      46.0,
      45.0,
      58.0,
      71.0,
      52.0,
      22.0,
      48.0,
      127.0,
      185.0
    ],
    [
      24.0,
      23.0,
      25.0,
      24.0,
      9.0,
      27.0,
      21.0,
      27.0,
      53.0,
      0.0,
      26.0,
      25.0,
      20.0,
      86.0,
      18.0,
      44.0,
      17.0,
      89.0,
      155.0
    ],
    [
      13.0,
      15.0,
      7.0,
      13.0,
      20.0,
      28.0,
      9.0,
      9.0,
      46.0,
      26.0,
      0.0,
      11.0,
      24.0,
      72.0,
      17.0,
      33.0,
      12.0,
      90.0,
      147.0
    ],
    [
      13.0,
      15.0,
      6.0,
      13.0,
      20.0,
      28.0,
      7.0,
      3.0,
      45.0,
      25.0,
      11.0,
      0.0,
      21.0,
      75.0,
      15.0,
      36.0,
      9.0,
      87.0,
      145.0
    ],
    [
      18.0,
      12.0,
      23.0,
      13.0,
      18.0,
      6.0,
      22.0,
      22.0,
      58.0,
      20.0,
      24.0,
      21.0,
      0.0,
      90.0,
      14.0,
      52.0,
      20.0,
      74.0,
      145.0
    ],
    [
      83.0,
      82.0,
      77.0,
      82.0,
      81.0,
      94.0,
      77.0,
      76.0,
      71.0,
      86.0,
      72.0,
      75.0,
      90.0,
      0.0,
      80.0,
      50.0,
      75.0,
      154.0,
      206.0
    ],
    [
      11.0,
      8.0,
      14.0,
      8.0,
      14.0,
      17.0,
      12.0,
      16.0,
      52.0,
      18.0,
      17.0,
      15.0,
      14.0,
      80.0,
      0.0,
      42.0,
      8.0,
      80.0,
      143.0
    ],
    [
      42.0,
      46.0,
      38.0,
      44.0,
      38.0,
      56.0,
      36.0,
      37.0,
      22.0,
      44.0,
      33.0,
      36.0,
      52.0,
      50.0,
      42.0,
      0.0,
      38.0,
      117.0,
      175.0
    ],
    [
      9.0,
      11.0,
      9.0,
      9.0,
      14.0,
      23.0,
      7.0,
      10.0,
      48.0,
      17.0,
      12.0,
      9.0,
      20.0,
      75.0,
      8.0,
      38.0,
      0.0,
      88.0,
      146.0
    ],
    [
      88.0,
      81.0,
      89.0,
      81.0,
      88.0,
      77.0,
      91.0,
      88.0,
      127.0,
      89.0,
      90.0,
      87.0,
      74.0,
      154.0,
      80.0,
      117.0,
      88.0,
      0.0,
      199.0
    ],
    [
      147.0,
      140.0,
      147.0,
      139.0,
      154.0,
      149.0,
      149.0,
      146.0,
      185.0,
      155.0,
      147.0,
      145.0,
      145.0,
      206.0,
      143.0,
      175.0,
      146.0,
      199.0,
      0.0
    ]
  ],
  "transit_dist_walk_matrix": [
    [
      0.0,
      NaN,
      NaN,
      NaN,
      NaN,
      NaN,
      NaN,
      NaN,
      NaN,
      NaN,
      NaN,
      NaN,
      NaN,
      NaN,
      NaN,
      NaN,
      NaN,
      NaN,
      NaN
    ],
    [
      NaN,
      0.0,
      NaN,
      NaN,
      NaN,
      NaN,
      NaN,
      NaN,
      NaN,
      NaN,
      NaN,
      NaN,
      NaN,
      NaN,
      NaN,
      NaN,
      NaN,
      NaN,
      NaN
    ],
    [
      NaN,
      NaN,
      0.0,
      NaN,
      NaN,
      NaN,
      NaN,
      NaN,
      NaN,
      NaN,
      NaN,
      NaN,
      NaN,
      NaN,
      NaN,
      NaN,
      NaN,
      NaN,
      NaN
    ],
    [
      NaN,
      NaN,
      NaN,
      0.0,
      NaN,
      NaN,
      NaN,
      NaN,
      NaN,
      NaN,
      NaN,
      NaN,
      NaN,
      NaN,
      NaN,
      NaN,
      NaN,
      NaN,
      NaN
    ],
    [
      NaN,
      NaN,
      NaN,
      NaN,
      0.0,
      NaN,
      NaN,
      NaN,
      NaN,
      NaN,
      NaN,
      NaN,
      NaN,
      NaN,
      NaN,
      NaN,
      NaN,
      NaN,
      NaN
    ],
    [
      NaN,
      NaN,
      NaN,
      NaN,
      NaN,
      0.0,
      NaN,
      NaN,
      NaN,
      NaN,
      NaN,
      NaN,
      NaN,
      NaN,
      NaN,
      NaN,
      NaN,
      NaN,
      NaN
    ],
    [
      NaN,
      NaN,
      NaN,
      NaN,
      NaN,
      NaN,
      0.0,
      NaN,
      NaN,
      NaN,
      NaN,
      NaN,
      NaN,
      NaN,
      NaN,
      NaN,
      NaN,
      NaN,
      NaN
    ],
    [
      NaN,
      NaN,
      NaN,
      NaN,
      NaN,
      NaN,
      NaN,
      0.0,
      NaN,
      NaN,
      NaN,
      NaN,
      NaN,
      NaN,
      NaN,
      NaN,
      NaN,
      NaN,
      NaN
    ],
    [
      NaN,
      NaN,
      NaN,
      NaN,
      NaN,
      NaN,
      NaN,
      NaN,
      0.0,
      NaN,
      NaN,
      NaN,
      NaN,
      NaN,
      NaN,
      NaN,
      NaN,
      NaN,
      NaN
    ],
    [
      NaN,
      NaN,
      NaN,
      NaN,
      NaN,
      NaN,
      NaN,
      NaN,
      NaN,
      0.0,
      NaN,
      NaN,
      NaN,
      NaN,
      NaN,
      NaN,
      NaN,
      NaN,
      NaN
    ],
    [
      NaN,
      NaN,
      NaN,
      NaN,
      NaN,
      NaN,
      NaN,
      NaN,
      NaN,
      NaN,
      0.0,
      NaN,
      NaN,
      NaN,
      NaN,
      NaN,
      NaN,
      NaN,
      NaN
    ],
    [
      NaN,
      NaN,
      NaN,
      NaN,
      NaN,
      NaN,
      NaN,
      NaN,
      NaN,
      NaN,
      NaN,
      0.0,
      NaN,
      NaN,
      NaN,
      NaN,
      NaN,
      NaN,
      NaN
    ],
    [
      NaN,
      NaN,
      NaN,
      NaN,
      NaN,
      NaN,
      NaN,
      NaN,
      NaN,
      NaN,
      NaN,
      NaN,
      0.0,
      NaN,
      NaN,
      NaN,
      NaN,
      NaN,
      NaN
    ],
    [
      NaN,
      NaN,
      NaN,
      NaN,
      NaN,
      NaN,
      NaN,
      NaN,
      NaN,
      NaN,
      NaN,
      NaN,
      NaN,
      0.0,
      NaN,
      NaN,
      NaN,
      NaN,
      NaN
    ],
    [
      NaN,
      NaN,
      NaN,
      NaN,
      NaN,
      NaN,
      NaN,
      NaN,
      NaN,
      NaN,
      NaN,
      NaN,
      NaN,
      NaN,
      0.0,
      NaN,
      NaN,
      NaN,
      NaN
    ],
    [
      NaN,
      NaN,
      NaN,
      NaN,
      NaN,
      NaN,
      NaN,
      NaN,
      NaN,
      NaN,
      NaN,
      NaN,
      NaN,
      NaN,
      NaN,
      0.0,
      NaN,
      NaN,
      NaN
    ],
    [
      NaN,
      NaN,
      NaN,
      NaN,
      NaN,
      NaN,
      NaN,
      NaN,
      NaN,
      NaN,
      NaN,
      NaN,
      NaN,
      NaN,
      NaN,
      NaN,
      0.0,
      NaN,
      NaN
    ],
    [
      NaN,
      NaN,
      NaN,
      NaN,
      NaN,
      NaN,
      NaN,
      NaN,
      NaN,
      NaN,
      NaN,
      NaN,
      NaN,
      NaN,
      NaN,
      NaN,
      NaN,
      0.0,
      NaN
    ],
    [
      NaN,
      NaN,
      NaN,
      NaN,
      NaN,
      NaN,
      NaN,
      NaN,
      NaN,
      NaN,
      NaN,
      NaN,
      NaN,
      NaN,
      NaN,
      NaN,
      NaN,
      NaN,
      0.0
    ]
  ],
  "transit_time_matrix": [
    [
      0.0,
      NaN,
      NaN,
      NaN,
      NaN,
      NaN,
      NaN,
      NaN,
      NaN,
      NaN,
      NaN,
      NaN,
      NaN,
      NaN,
      NaN,
      NaN,
      NaN,
      NaN,
      NaN
    ],
    [
      NaN,
      0.0,
      NaN,
      NaN,
      NaN,
      NaN,
      NaN,
      NaN,
      NaN,
      NaN,
      NaN,
      NaN,
      NaN,
      NaN,
      NaN,
      NaN,
      NaN,
      NaN,
      NaN
    ],
    [
      NaN,
      NaN,
      0.0,
      NaN,
      NaN,
      NaN,
      NaN,
      NaN,
      NaN,
      NaN,
      NaN,
      NaN,
      NaN,
      NaN,
      NaN,
      NaN,
      NaN,
      NaN,
      NaN
    ],
    [
      NaN,
      NaN,
      NaN,
      0.0,
      NaN,
      NaN,
      NaN,
      NaN,
      NaN,
      NaN,
      NaN,
      NaN,
      NaN,
      NaN,
      NaN,
      NaN,
      NaN,
      NaN,
      NaN
    ],
    [
      NaN,
      NaN,
      NaN,
      NaN,
      0.0,
      NaN,
      NaN,
      NaN,
      NaN,
      NaN,
      NaN,
      NaN,
      NaN,
      NaN,
      NaN,
      NaN,
      NaN,
      NaN,
      NaN
    ],
    [
      NaN,
      NaN,
      NaN,
      NaN,
      NaN,
      0.0,
      NaN,
      NaN,
      NaN,
      NaN,
      NaN,
      NaN,
      NaN,
      NaN,
      NaN,
      NaN,
      NaN,
      NaN,
      NaN
    ],
    [
      NaN,
      NaN,
      NaN,
      NaN,
      NaN,
      NaN,
      0.0,
      NaN,
      NaN,
      NaN,
      NaN,
      NaN,
      NaN,
      NaN,
      NaN,
      NaN,
      NaN,
      NaN,
      NaN
    ],
    [
      NaN,
      NaN,
      NaN,
      NaN,
      NaN,
      NaN,
      NaN,
      0.0,
      NaN,
      NaN,
      NaN,
      NaN,
      NaN,
      NaN,
      NaN,
      NaN,
      NaN,
      NaN,
      NaN
    ],
    [
      NaN,
      NaN,
      NaN,
      NaN,
      NaN,
      NaN,
      NaN,
      NaN,
      0.0,
      NaN,
      NaN,
      NaN,
      NaN,
      NaN,
      NaN,
      NaN,
      NaN,
      NaN,
      NaN
    ],
    [
      NaN,
      NaN,
      NaN,
      NaN,
      NaN,
      NaN,
      NaN,
      NaN,
      NaN,
      0.0,
      NaN,
      NaN,
      NaN,
      NaN,
      NaN,
      NaN,
      NaN,
      NaN,
      NaN
    ],
    [
      NaN,
      NaN,
      NaN,
      NaN,
      NaN,
      NaN,
      NaN,
      NaN,
      NaN,
      NaN,
      0.0,
      NaN,
      NaN,
      NaN,
      NaN,
      NaN,
      NaN,
      NaN,
      NaN
    ],
    [
      NaN,
      NaN,
      NaN,
      NaN,
      NaN,
      NaN,
      NaN,
      NaN,
      NaN,
      NaN,
      NaN,
      0.0,
      NaN,
      NaN,
      NaN,
      NaN,
      NaN,
      NaN,
      NaN
    ],
    [
      NaN,
      NaN,
      NaN,
      NaN,
      NaN,
      NaN,
      NaN,
      NaN,
      NaN,
      NaN,
      NaN,
      NaN,
      0.0,
      NaN,
      NaN,
      NaN,
      NaN,
      NaN,
      NaN
    ],
    [
      NaN,
      NaN,
      NaN,
      NaN,
      NaN,
      NaN,
      NaN,
      NaN,
      NaN,
      NaN,
      NaN,
      NaN,
      NaN,
      0.0,
      NaN,
      NaN,
      NaN,
      NaN,
      NaN
    ],
    [
      NaN,
      NaN,
      NaN,
      NaN,
      NaN,
      NaN,
      NaN,
      NaN,
      NaN,
      NaN,
      NaN,
      NaN,
      NaN,
      NaN,
      0.0,
      NaN,
      NaN,
      NaN,
      NaN
    ],
    [
      NaN,
      NaN,
      NaN,
      NaN,
      NaN,
      NaN,
      NaN,
      NaN,
      NaN,
      NaN,
      NaN,
      NaN,
      NaN,
      NaN,
      NaN,
      0.0,
      NaN,
      NaN,
      NaN
    ],
    [
      NaN,
      NaN,
      NaN,
      NaN,
      NaN,
      NaN,
      NaN,
      NaN,
      NaN,
      NaN,
      NaN,
      NaN,
      NaN,
      NaN,
      NaN,
      NaN,
      0.0,
      NaN,
      NaN
    ],
    [
      NaN,
      NaN,
      NaN,
      NaN,
      NaN,
      NaN,
      NaN,
      NaN,
      NaN,
      NaN,
      NaN,
      NaN,
      NaN,
      NaN,
      NaN,
      NaN,
      NaN,
      0.0,
      NaN
    ],
    [
      NaN,
      NaN,
      NaN,
      NaN,
      NaN,
      NaN,
      NaN,
      NaN,
      NaN,
      NaN,
      NaN,
      NaN,
      NaN,
      NaN,
      NaN,
      NaN,
      NaN,
      NaN,
      0.0
    ]
  ],
  "walk_dist_matrix": [
    [
      0.0,
      3.3,
      2.3,
      2.7,
      5.9,
      8.8,
      2.2,
      2.8,
      30.6,
      8.6,
      3.6,
      2.8,
      7.2,
      55.2,
      2.9,
      25.7,
      0.75,
      60.5,
      169.0
    ],
    [
      3.3,
      0.0,
      4.4,
      0.75,
      8.2,
      6.8,
      4.4,
      5.1,
      33.1,
      10.9,
      5.5,
      4.8,
      5.2,
      57.8,
      2.4,
      28.3,
      3.6,
      58.1,
      167.0
    ],
    [
      2.3,
      4.4,
      0.0,
      3.8,
      5.5,
      10.2,
      0.8,
      0.55,
      29.2,
      9.4,
      1.3,
      0.55,
      8.6,
      53.9,
      4.6,
      24.4,
      1.8,
      61.4,
      170.0
    ],
    [
      2.7,
      0.75,
      3.8,
      0.0,
      7.6,
      7.3,
      3.7,
      4.5,
      32.5,
      10.2,
      5.0,
      4.3,
      5.7,
      57.2,
      2.1,
      27.6,
      3.0,
      57.8,
      167.0
    ],
    [
      5.9,
      8.2,
      5.5,
      7.6,
      0.0,
      12.4,
      4.7,
      6.0,
      31.6,
      4.5,
      6.4,
      6.0,
      10.7,
      56.2,
      6.0,
      26.7,
      5.1,
      64.1,
      173.0
    ],
    [
      8.8,
      6.8,
      10.2,
      7.3,
      12.4,
      0.0,
      10.1,
      10.7,
      38.9,
      14.4,
      11.5,
      10.7,
      2.8,
      63.6,
      7.1,
      34.1,
      9.4,
      56.8,
      166.0
    ],
    [
      2.2,
      4.4,
      0.8,
      3.7,
      4.7,
      10.1,
      0.0,
      1.3,
      29.0,
      8.7,
      2.0,
      1.3,
      8.5,
      53.6,
      4.0,
      24.1,
      1.5,
      61.6,
      170.0
    ],
    [
      2.8,
      5.1,
      0.55,
      4.5,
      6.0,
      10.7,
      1.3,
      0.0,
      28.8,
      9.9,
      0.7,
      0.23,
      9.1,
      53.1,
      5.1,
      23.9,
      2.3,
      61.5,
      170.0
    ],
    [
      30.6,
      33.1,
      29.2,
      32.5,
      31.6,
      38.9,
      29.0,
      28.8,
      0.0,
      35.6,
      28.5,
      29.0,
      37.3,
      49.9,
      32.2,
      15.6,
      29.8,
      90.0,
      199.0
    ],
    [
      8.6,
      10.9,
      9.4,
      10.2,
      4.5,
      14.4,
      8.7,
      9.9,
      35.6,
      0.0,
      10.4,
      9.9,
      12.7,
      60.2,
      8.6,
      30.7,
      7.9,
      66.1,
      175.0
    ],
    [
      3.6,
      5.5,
      1.3,
      5.0,
      6.4,
      11.5,
      2.0,
      0.7,
      28.5,
      10.4,
      0.0,
      0.9,
      9.8,
      52.8,
      5.6,
      23.6,
      3.0,
      61.9,
      171.0
    ],
    [
      2.8,
      4.8,
      0.55,
      4.3,
      6.0,
      10.7,
      1.3,
      0.23,
      29.0,
      9.9,
      0.9,
      0.0,
      9.0,
      53.3,
      4.8,
      24.1,
      2.3,
      61.2,
      170.0
    ],
    [
      7.2,
      5.2,
      8.6,
      5.7,
      10.7,
      2.8,
      8.5,
      9.1,
      37.3,
      12.7,
      9.8,
      9.0,
      0.0,
      61.9,
      5.4,
      32.4,
      7.7,
      55.3,
      164.0
    ],
    [
      55.2,
      57.8,
      53.9,
      57.2,
      56.2,
      63.6,
      53.6,
      53.1,
      49.9,
      60.2,
      52.8,
      53.3,
      61.9,
      0.0,
      56.9,
      34.4,
      54.5,
      114.0,
      223.0
    ],
    [
      2.9,
      2.4,
      4.6,
      2.1,
      6.0,
      7.1,
      4.0,
      5.1,
      32.2,
      8.6,
      5.6,
      4.8,
      5.4,
      56.9,
      0.0,
      27.3,
      3.0,
      58.8,
      168.0
    ],
    [
      25.7,
      28.3,
      24.4,
      27.6,
      26.7,
      34.1,
      24.1,
      23.9,
      15.6,
      30.7,
      23.6,
      24.1,
      32.4,
      34.4,
      27.3,
      0.0,
      24.9,
      85.2,
      194.0
    ],
    [
      0.75,
      3.6,
      1.8,
      3.0,
      5.1,
      9.4,
      1.5,
      2.3,
      29.8,
      7.9,
      3.0,
      2.3,
      7.7,
      54.5,
      3.0,
      24.9,
      0.0,
      60.9,
      170.0
    ],
    [
      60.5,
      58.1,
      61.4,
      57.8,
      64.1,
      56.8,
      61.6,
      61.5,
      90.0,
      66.1,
      61.9,
      61.2,
      55.3,
      114.0,
      58.8,
      85.2,
      60.9,
      0.0,
      206.0
    ],
    [
      169.0,
      167.0,
      170.0,
      167.0,
      173.0,
      166.0,
      170.0,
      170.0,
      199.0,
      175.0,
      171.0,
      170.0,
      164.0,
      223.0,
      168.0,
      194.0,
      170.0,
      206.0,
      0.0
    ]
  ],
  "walk_time_matrix": [
    [
      0.0,
      44.0,
      30.0,
      36.0,
      75.0,
      118.0,
      28.0,
      36.0,
      504.0,
      120.0,
      46.0,
      35.0,
      92.0,
      857.0,
      40.0,
      374.0,
      9.0,
      854.0,
      2220.0
    ],
    [
      44.0,
      0.0,
      62.0,
      9.0,
      104.0,
      91.0,
      61.0,
      65.0,
      542.0,
      147.0,
      71.0,
      62.0,
      65.0,
      896.0,
      30.0,
      412.0,
      52.0,
      821.0,
      2220.0
    ],
    [
      30.0,
      62.0,
      0.0,
      53.0,
      70.0,
      136.0,
      10.0,
      7.0,
      487.0,
      131.0,
      16.0,
      6.0,
      110.0,
      840.0,
      57.0,
      356.0,
      23.0,
      863.0,
      2280.0
    ],
    [
      36.0,
      9.0,
      53.0,
      0.0,
      96.0,
      97.0,
      53.0,
      58.0,
      534.0,
      139.0,
      63.0,
      55.0,
      71.0,
      888.0,
      28.0,
      404.0,
      44.0,
      817.0,
      2220.0
    ],
    [
      75.0,
      104.0,
      70.0,
      96.0,
      0.0,
      157.0,
      59.0,
      76.0,
      513.0,
      68.0,
      81.0,
      75.0,
      131.0,
      868.0,
      74.0,
      383.0,
      64.0,
      892.0,
      2280.0
    ],
    [
      118.0,
      91.0,
      136.0,
      97.0,
      157.0,
      0.0,
      129.0,
      136.0,
      610.0,
      188.0,
      146.0,
      135.0,
      34.0,
      964.0,
      87.0,
      480.0,
      119.0,
      803.0,
      2220.0
    ],
    [
      28.0,
      61.0,
      10.0,
      53.0,
      59.0,
      129.0,
      0.0,
      17.0,
      484.0,
      122.0,
      25.0,
      16.0,
      110.0,
      837.0,
      49.0,
      354.0,
      18.0,
      866.0,
      2280.0
    ],
    [
      36.0,
      65.0,
      7.0,
      58.0,
      76.0,
      136.0,
      17.0,
      0.0,
      482.0,
      137.0,
      9.0,
      3.0,
      117.0,
      836.0,
      63.0,
      352.0,
      29.0,
      864.0,
      2280.0
    ],
    [
      504.0,
      542.0,
      487.0,
      534.0,
      513.0,
      610.0,
      484.0,
      482.0,
      0.0,
      543.0,
      447.0,
      452.0,
      558.0,
      820.0,
      491.0,
      229.0,
      462.0,
      1311.0,
      2700.0
    ],
    [
      120.0,
      147.0,
      131.0,
      139.0,
      68.0,
      188.0,
      122.0,
      137.0,
      543.0,
      0.0,
      134.0,
      126.0,
      158.0,
      920.0,
      108.0,
      436.0,
      101.0,
      919.0,
      2280.0
    ],
    [
      46.0,
      71.0,
      16.0,
      63.0,
      81.0,
      146.0,
      25.0,
      9.0,
      447.0,
      134.0,
      0.0,
      11.0,
      126.0,
      832.0,
      74.0,
      349.0,
      39.0,
      869.0,
      2280.0
    ],
    [
      35.0,
      62.0,
      6.0,
      55.0,
      75.0,
      135.0,
      16.0,
      3.0,
      452.0,
      126.0,
      11.0,
      0.0,
      116.0,
      838.0,
      64.0,
      355.0,
      29.0,
      861.0,
      2220.0
    ],
    [
      92.0,
      65.0,
      110.0,
      71.0,
      131.0,
      34.0,
      110.0,
      117.0,
      558.0,
      158.0,
      126.0,
      116.0,
      0.0,
      944.0,
      66.0,
      460.0,
      99.0,
      785.0,
      2160.0
    ],
    [
      857.0,
      896.0,
      840.0,
      888.0,
      868.0,
      964.0,
      837.0,
      836.0,
      820.0,
      920.0,
      832.0,
      838.0,
      944.0,
      0.0,
      849.0,
      565.0,
      819.0,
      1680.0,
      3060.0
    ],
    [
      40.0,
      30.0,
      57.0,
      28.0,
      74.0,
      87.0,
      49.0,
      63.0,
      491.0,
      108.0,
      74.0,
      64.0,
      66.0,
      849.0,
      0.0,
      394.0,
      38.0,
      829.0,
      2220.0
    ],
    [
      374.0,
      412.0,
      356.0,
      404.0,
      383.0,
      480.0,
      354.0,
      352.0,
      229.0,
      436.0,
      349.0,
      355.0,
      460.0,
      565.0,
      394.0,
      0.0,
      362.0,
      1211.0,
      2580.0
    ],
    [
      9.0,
      52.0,
      23.0,
      44.0,
      64.0,
      119.0,
      18.0,
      29.0,
      462.0,
      101.0,
      39.0,
      29.0,
      99.0,
      819.0,
      38.0,
      362.0,
      0.0,
      858.0,
      2220.0
    ],
    [
      854.0,
      821.0,
      863.0,
      817.0,
      892.0,
      803.0,
      866.0,
      864.0,
      1311.0,
      919.0,
      869.0,
      861.0,
      785.0,
      1680.0,
      829.0,
      1211.0,
      858.0,
      0.0,
      2700.0
    ],
    [
      2220.0,
      2220.0,
      2280.0,
      2220.0,
      2280.0,
      2220.0,
      2280.0,
      2280.0,
      2700.0,
      2280.0,
      2280.0,
      2220.0,
      2160.0,
      3060.0,
      2220.0,
      2580.0,
      2220.0,
      2700.0,
      0.0
    ]
  ],
  "cycle_dist_matrix": [
    [
      0.0,
      3.3,
      2.3,
      2.7,
      5.9,
      8.8,
      2.2,
      2.8,
      30.6,
      8.6,
      3.6,
      2.8,
      7.2,
      55.2,
      2.9,
      25.7,
      0.75,
      60.5,
      169.0
    ],
    [
      3.3,
      0.0,
      4.4,
      0.75,
      8.2,
      6.8,
      4.4,
      5.1,
      33.1,
      10.9,
      5.5,
      4.8,
      5.2,
      57.8,
      2.4,
      28.3,
      3.6,
      58.1,
      167.0
    ],
    [
      2.3,
      4.4,
      0.0,
      3.8,
      5.5,
      10.2,
      0.8,
      0.55,
      29.2,
      9.4,
      1.3,
      0.55,
      8.6,
      53.9,
      4.6,
      24.4,
      1.8,
      61.4,
      170.0
    ],
    [
      2.7,
      0.75,
      3.8,
      0.0,
      7.6,
      7.3,
      3.7,
      4.5,
      32.5,
      10.2,
      5.0,
      4.3,
      5.7,
      57.2,
      2.1,
      27.6,
      3.0,
      57.8,
      167.0
    ],
    [
      5.9,
      8.2,
      5.5,
      7.6,
      0.0,
      12.4,
      4.7,
      6.0,
      31.6,
      4.5,
      6.4,
      6.0,
      10.7,
      56.2,
      6.0,
      26.7,
      5.1,
      64.1,
      173.0
    ],
    [
      8.8,
      6.8,
      10.2,
      7.3,
      12.4,
      0.0,
      10.1,
      10.7,
      38.9,
      14.4,
      11.5,
      10.7,
      2.8,
      63.6,
      7.1,
      34.1,
      9.4,
      56.8,
      166.0
    ],
    [
      2.2,
      4.4,
      0.8,
      3.7,
      4.7,
      10.1,
      0.0,
      1.3,
      29.0,
      8.7,
      2.0,
      1.3,
      8.5,
      53.6,
      4.0,
      24.1,
      1.5,
      61.6,
      170.0
    ],
    [
      2.8,
      5.1,
      0.55,
      4.5,
      6.0,
      10.7,
      1.3,
      0.0,
      28.8,
      9.9,
      0.7,
      0.23,
      9.1,
      53.1,
      5.1,
      23.9,
      2.3,
      61.5,
      170.0
    ],
    [
      30.6,
      33.1,
      29.2,
      32.5,
      31.6,
      38.9,
      29.0,
      28.8,
      0.0,
      35.6,
      28.5,
      29.0,
      37.3,
      49.9,
      32.2,
      15.6,
      29.8,
      90.0,
      199.0
    ],
    [
      8.6,
      10.9,
      9.4,
      10.2,
      4.5,
      14.4,
      8.7,
      9.9,
      35.6,
      0.0,
      10.4,
      9.9,
      12.7,
      60.2,
      8.6,
      30.7,
      7.9,
      66.1,
      175.0
    ],
    [
      3.6,
      5.5,
      1.3,
      5.0,
      6.4,
      11.5,
      2.0,
      0.7,
      28.5,
      10.4,
      0.0,
      0.9,
      9.8,
      52.8,
      5.6,
      23.6,
      3.0,
      61.9,
      171.0
    ],
    [
      2.8,
      4.8,
      0.55,
      4.3,
      6.0,
      10.7,
      1.3,
      0.23,
      29.0,
      9.9,
      0.9,
      0.0,
      9.0,
      53.3,
      4.8,
      24.1,
      2.3,
      61.2,
      170.0
    ],
    [
      7.2,
      5.2,
      8.6,
      5.7,
      10.7,
      2.8,
      8.5,
      9.1,
      37.3,
      12.7,
      9.8,
      9.0,
      0.0,
      61.9,
      5.4,
      32.4,
      7.7,
      55.3,
      164.0
    ],
    [
      55.2,
      57.8,
      53.9,
      57.2,
      56.2,
      63.6,
      53.6,
      53.1,
      49.9,
      60.2,
      52.8,
      53.3,
      61.9,
      0.0,
      56.9,
      34.4,
      54.5,
      114.0,
      223.0
    ],
    [
      2.9,
      2.4,
      4.6,
      2.1,
      6.0,
      7.1,
      4.0,
      5.1,
      32.2,
      8.6,
      5.6,
      4.8,
      5.4,
      56.9,
      0.0,
      27.3,
      3.0,
      58.8,
      168.0
    ],
    [
      25.7,
      28.3,
      24.4,
      27.6,
      26.7,
      34.1,
      24.1,
      23.9,
      15.6,
      30.7,
      23.6,
      24.1,
      32.4,
      34.4,
      27.3,
      0.0,
      24.9,
      85.2,
      194.0
    ],
    [
      0.75,
      3.6,
      1.8,
      3.0,
      5.1,
      9.4,
      1.5,
      2.3,
      29.8,
      7.9,
      3.0,
      2.3,
      7.7,
      54.5,
      3.0,
      24.9,
      0.0,
      60.9,
      170.0
    ],
    [
      60.5,
      58.1,
      61.4,
      57.8,
      64.1,
      56.8,
      61.6,
      61.5,
      90.0,
      66.1,
      61.9,
      61.2,
      55.3,
      114.0,
      58.8,
      85.2,
      60.9,
      0.0,
      206.0
    ],
    [
      169.0,
      167.0,
      170.0,
      167.0,
      173.0,
      166.0,
      170.0,
      170.0,
      199.0,
      175.0,
      171.0,
      170.0,
      164.0,
      223.0,
      168.0,
      194.0,
      170.0,
      206.0,
      0.0
    ]
  ],
  "cycle_time_matrix": [
    [
      0.0,
      44.0,
      30.0,
      36.0,
      75.0,
      118.0,
      28.0,
      36.0,
      504.0,
      120.0,
      46.0,
      35.0,
      92.0,
      857.0,
      40.0,
      374.0,
      9.0,
      854.0,
      2220.0
    ],
    [
      44.0,
      0.0,
      62.0,
      9.0,
      104.0,
      91.0,
      61.0,
      65.0,
      542.0,
      147.0,
      71.0,
      62.0,
      65.0,
      896.0,
      30.0,
      412.0,
      52.0,
      821.0,
      2220.0
    ],
    [
      30.0,
      62.0,
      0.0,
      53.0,
      70.0,
      136.0,
      10.0,
      7.0,
      487.0,
      131.0,
      16.0,
      6.0,
      110.0,
      840.0,
      57.0,
      356.0,
      23.0,
      863.0,
      2280.0
    ],
    [
      36.0,
      9.0,
      53.0,
      0.0,
      96.0,
      97.0,
      53.0,
      58.0,
      534.0,
      139.0,
      63.0,
      55.0,
      71.0,
      888.0,
      28.0,
      404.0,
      44.0,
      817.0,
      2220.0
    ],
    [
      75.0,
      104.0,
      70.0,
      96.0,
      0.0,
      157.0,
      59.0,
      76.0,
      513.0,
      68.0,
      81.0,
      75.0,
      131.0,
      868.0,
      74.0,
      383.0,
      64.0,
      892.0,
      2280.0
    ],
    [
      118.0,
      91.0,
      136.0,
      97.0,
      157.0,
      0.0,
      129.0,
      136.0,
      610.0,
      188.0,
      146.0,
      135.0,
      34.0,
      964.0,
      87.0,
      480.0,
      119.0,
      803.0,
      2220.0
    ],
    [
      28.0,
      61.0,
      10.0,
      53.0,
      59.0,
      129.0,
      0.0,
      17.0,
      484.0,
      122.0,
      25.0,
      16.0,
      110.0,
      837.0,
      49.0,
      354.0,
      18.0,
      866.0,
      2280.0
    ],
    [
      36.0,
      65.0,
      7.0,
      58.0,
      76.0,
      136.0,
      17.0,
      0.0,
      482.0,
      137.0,
      9.0,
      3.0,
      117.0,
      836.0,
      63.0,
      352.0,
      29.0,
      864.0,
      2280.0
    ],
    [
      504.0,
      542.0,
      487.0,
      534.0,
      513.0,
      610.0,
      484.0,
      482.0,
      0.0,
      543.0,
      447.0,
      452.0,
      558.0,
      820.0,
      491.0,
      229.0,
      462.0,
      1311.0,
      2700.0
    ],
    [
      120.0,
      147.0,
      131.0,
      139.0,
      68.0,
      188.0,
      122.0,
      137.0,
      543.0,
      0.0,
      134.0,
      126.0,
      158.0,
      920.0,
      108.0,
      436.0,
      101.0,
      919.0,
      2280.0
    ],
    [
      46.0,
      71.0,
      16.0,
      63.0,
      81.0,
      146.0,
      25.0,
      9.0,
      447.0,
      134.0,
      0.0,
      11.0,
      126.0,
      832.0,
      74.0,
      349.0,
      39.0,
      869.0,
      2280.0
    ],
    [
      35.0,
      62.0,
      6.0,
      55.0,
      75.0,
      135.0,
      16.0,
      3.0,
      452.0,
      126.0,
      11.0,
      0.0,
      116.0,
      838.0,
      64.0,
      355.0,
      29.0,
      861.0,
      2220.0
    ],
    [
      92.0,
      65.0,
      110.0,
      71.0,
      131.0,
      34.0,
      110.0,
      117.0,
      558.0,
      158.0,
      126.0,
      116.0,
      0.0,
      944.0,
      66.0,
      460.0,
      99.0,
      785.0,
      2160.0
    ],
    [
      857.0,
      896.0,
      840.0,
      888.0,
      868.0,
      964.0,
      837.0,
      836.0,
      820.0,
      920.0,
      832.0,
      838.0,
      944.0,
      0.0,
      849.0,
      565.0,
      819.0,
      1680.0,
      3060.0
    ],
    [
      40.0,
      30.0,
      57.0,
      28.0,
      74.0,
      87.0,
      49.0,
      63.0,
      491.0,
      108.0,
      74.0,
      64.0,
      66.0,
      849.0,
      0.0,
      394.0,
      38.0,
      829.0,
      2220.0
    ],
    [
      374.0,
      412.0,
      356.0,
      404.0,
      383.0,
      480.0,
      354.0,
      352.0,
      229.0,
      436.0,
      349.0,
      355.0,
      460.0,
      565.0,
      394.0,
      0.0,
      362.0,
      1211.0,
      2580.0
    ],
    [
      9.0,
      52.0,
      23.0,
      44.0,
      64.0,
      119.0,
      18.0,
      29.0,
      462.0,
      101.0,
      39.0,
      29.0,
      99.0,
      819.0,
      38.0,
      362.0,
      0.0,
      858.0,
      2220.0
    ],
    [
      854.0,
      821.0,
      863.0,
      817.0,
      892.0,
      803.0,
      866.0,
      864.0,
      1311.0,
      919.0,
      869.0,
      861.0,
      785.0,
      1680.0,
      829.0,
      1211.0,
      858.0,
      0.0,
      2700.0
    ],
    [
      2220.0,
      2220.0,
      2280.0,
      2220.0,
      2280.0,
      2220.0,
      2280.0,
      2280.0,
      2700.0,
      2280.0,
      2280.0,
      2220.0,
      2160.0,
      3060.0,
      2220.0,
      2580.0,
      2220.0,
      2700.0,
      0.0
    ]
  ]
}