{
  "drive_dist_matrix": [
    [
      0.0,
      2.5,
      2.5,
      2.7,
      2.3,
      8.8,
      3.0,
      2.7,
      2.1,
      0.8,
      3.8,
      3.1,
      16.6,
      9.4,
      2.3,
      3.0,
      3.4,
      0.75,
      4.9,
      9.1,
      3.7,
      3.5,
      2.4,
      6.1,
      3.4,
      58.5,
      2.2,
      2.5,
      4.0,
      3.2,
      38.0,
      1.5,
      64.7,
      2.5,
      44.1,
      2.2,
      34.5,
      1.0,
      81.1,
      2.2,
      34.5,
      2.0,
      2.5,
      79.9,
      4.0,
      2.9,
      2.0,
      4.7
    ],
    [
      2.5,
      0.0,
      0.45,
      0.55,
      2.7,
      8.2,
      3.1,
      0.19,
      0.45,
      1.0,
      2.2,
      2.0,
      15.0,
      8.0,
      0.5,
      3.1,
      0.75,
      2.1,
      4.2,
      7.5,
      3.0,
      2.3,
      0.7,
      5.4,
      0.75,
      56.9,
      0.6,
      1.5,
      2.4,
      1.6,
      39.0,
      3.2,
      68.7,
      1.9,
      43.5,
      0.75,
      35.1,
      0.7,
      85.5,
      0.75,
      35.1,
      0.4,
      0.7,
      78.9,
      4.0,
      0.35,
      0.8,
      4.5
    ],
    [
      2.5,
      0.45,
      0.0,
      0.2,
      2.7,
      7.7,
      3.0,
      0.19,
      0.65,
      1.7,
      1.7,
      1.5,
      14.4,
      7.6,
      0.7,
      3.0,
      0.4,
      2.4,
      3.7,
      7.0,
      2.5,
      1.9,
      0.65,
      5.0,
      0.4,
      56.3,
      0.7,
      0.9,
      1.8,
      1.0,
      40.4,
      3.6,
      68.1,
      1.5,
      43.0,
      0.7,
      35.2,
      0.65,
      84.9,
      0.8,
      35.2,
      0.6,
      0.35,
      78.3,
      3.6,
      0.45,
      0.7,
      4.4
    ],
    [
      2.7,
      0.55,
      0.2,
      0.0,
      3.2,
      8.2,
      3.2,
      0.65,
      0.8,
      1.9,
      0.85,
      1.9,
      14.8,
      8.0,
      0.65,
      3.2,
      0.19,
      2.6,
      4.2,
      7.4,
      3.0,
      2.4,
      0.5,
      5.4,
      0.7,
      56.7,
      0.8,
      1.7,
      2.3,
      0.7,
      40.6,
      3.8,
      68.6,
      1.7,
      50.2,
      0.8,
      35.6,
      0.75,
      85.4,
      0.9,
      35.6,
      0.75,
      0.45,
      78.8,
      3.8,
      0.4,
      0.85,
      4.9
    ],
    [
      2.3,
      2.7,
      2.7,
      3.2,
      0.0,
      6.5,
      4.8,
      2.9,
      2.3,
      2.4,
      4.0,
      2.3,
      17.0,
      6.4,
      3.4,
      4.8,
      3.6,
      3.8,
      2.6,
      7.5,
      1.4,
      1.8,
      3.5,
      3.8,
      3.6,
      59.2,
      3.5,
      2.1,
      4.4,
      3.4,
      38.4,
      4.9,
      62.4,
      4.0,
      41.8,
      2.4,
      33.3,
      2.0,
      78.8,
      3.5,
      33.3,
      3.3,
      2.7,
      78.3,
      6.1,
      3.1,
      2.2,
      2.4
    ],
    [
      8.8,
      8.2,
      7.7,
      8.2,
      6.5,
      0.0,
      10.2,
      7.8,
      7.2,
      8.4,
      9.3,
      7.2,
      20.6,
      1.2,
      8.3,
      10.2,
      9.2,
      9.1,
      7.0,
      10.9,
      5.8,
      6.8,
      8.4,
      4.3,
      9.2,
      63.7,
      8.5,
      7.0,
      7.7,
      8.4,
      43.1,
      10.3,
      58.7,
      8.9,
      36.6,
      7.4,
      38.0,
      7.3,
      73.5,
      8.4,
      38.0,
      8.2,
      7.7,
      68.0,
      11.1,
      8.1,
      7.1,
      6.0
    ],
    [
      3.0,
      3.1,
      3.0,
      3.2,
      4.8,
      10.2,
      0.0,
      2.7,
      3.4,
      2.1,
      3.2,
      4.3,
      15.2,
      10.0,
      3.3,
      0.0,
      3.0,
      2.2,
      6.2,
      8.7,
      4.9,
      4.7,
      2.4,
      7.4,
      3.1,
      57.1,
      2.1,
      4.4,
      5.1,
      3.9,
      37.4,
      2.4,
      76.2,
      1.5,
      52.3,
      3.5,
      36.8,
      3.2,
      93.0,
      2.1,
      36.8,
      2.4,
      3.2,
      86.4,
      1.2,
      2.7,
      3.5,
      7.0
    ],
    [
      2.7,
      0.19,
      0.19,
      0.65,
      2.9,
      7.8,
      2.7,
      0.0,
      0.55,
      1.5,
      2.1,
      1.9,
      14.8,
      8.2,
      0.6,
      3.3,
      0.85,
      2.2,
      4.4,
      7.4,
      3.1,
      2.3,
      0.65,
      5.6,
      0.8,
      56.7,
      0.6,
      1.6,
      2.3,
      1.5,
      39.1,
      3.4,
      68.6,
      2.0,
      43.6,
      0.85,
      35.2,
      0.8,
      85.4,
      0.75,
      35.2,
      1.4,
      0.8,
      79.9,
      4.2,
      0.35,
      1.1,
      4.7
    ],
    [
      2.1,
      0.45,
      0.65,
      0.8,
      2.3,
      7.2,
      3.4,
      0.55,
      0.0,
      1.0,
      2.1,
      1.9,
      14.8,
      8.0,
      0.2,
      3.8,
      1.0,
      2.8,
      4.2,
      7.4,
      2.9,
      2.3,
      1.0,
      5.4,
      1.6,
      56.7,
      1.0,
      1.3,
      2.3,
      1.5,
      40.1,
      4.0,
      68.5,
      2.2,
      50.2,
      0.45,
      35.0,
      0.26,
      85.3,
      1.5,
      35.0,
      0.8,
      0.7,
      78.8,
      4.3,
      0.7,
      0.8,
      4.3
    ],
    [
      0.8,
      1.0,
      1.7,
      1.9,
      2.4,
      8.4,
      2.1,
      1.5,
      1.0,
      0.0,
      3.0,
      2.8,
      15.5,
      7.9,
      1.1,
      2.7,
      2.0,
      1.0,
      4.0,
      8.3,
      2.8,
      3.2,
      1.5,
      5.3,
      2.0,
      57.4,
      1.3,
      2.2,
      3.2,
      2.4,
      38.5,
      2.8,
      63.9,
      1.6,
      43.3,
      1.4,
      34.9,
      1.0,
      80.2,
      1.3,
      34.9,
      1.0,
      1.7,
      79.7,
      3.8,
      1.5,
      1.7,
      4.3
    ],
    [
      3.8,
      2.2,
      1.7,
      0.85,
      4.0,
      9.3,
      3.2,
      2.1,
      2.1,
      3.0,
      0.0,
      2.8,
      14.3,
      9.4,
      1.8,
      3.2,
      0.8,
      3.0,
      6.1,
      6.9,
      3.9,
      2.3,
      0.75,
      6.3,
      0.8,
      56.2,
      1.1,
      2.6,
      2.5,
      0.6,
      40.6,
      4.1,
      68.8,
      2.0,
      50.5,
      2.0,
      36.5,
      2.6,
      85.7,
      1.2,
      36.5,
      1.0,
      1.7,
      79.1,
      3.8,
      0.9,
      2.0,
      5.8
    ],
    [
      3.1,
      2.0,
      1.5,
      1.9,
      2.3,
      7.2,
      4.3,
      1.9,
      1.9,
      2.8,
      2.8,
      0.0,
      15.9,
      6.1,
      2.5,
      4.4,
      2.7,
      3.4,
      2.3,
      6.8,
      1.1,
      0.45,
      2.6,
      3.5,
      2.7,
      57.8,
      2.7,
      0.85,
      2.8,
      2.6,
      39.7,
      4.5,
      67.3,
      3.1,
      48.9,
      0.9,
      34.5,
      1.5,
      84.1,
      2.7,
      34.5,
      2.5,
      1.9,
      77.5,
      5.3,
      2.3,
      0.85,
      3.0
    ],
    [
      16.6,
      15.0,
      14.4,
      14.8,
      17.0,
      20.6,
      15.2,
      14.8,
      14.8,
      15.5,
      14.3,
      15.9,
      0.0,
      23.1,
      14.9,
      15.3,
      14.1,
      15.9,
      18.1,
      12.8,
      16.8,
      15.7,
      14.5,
      19.2,
      14.1,
      43.8,
      14.9,
      15.8,
      14.3,
      14.1,
      44.5,
      17.5,
      68.9,
      14.0,
      50.5,
      15.2,
      54.0,
      15.7,
      85.7,
      14.6,
      54.0,
      14.8,
      14.8,
      79.1,
      18.3,
      14.6,
      15.2,
      18.7
    ],
    [
      9.4,
      8.0,
      7.6,
      8.0,
      6.4,
      1.2,
      10.0,
      8.2,
      8.0,
      7.9,
      9.4,
      6.1,
      23.1,
      0.0,
      8.3,
      10.1,
      8.4,
      9.1,
      7.0,
      12.1,
      5.8,
      6.7,
      8.3,
      3.9,
      8.5,
      62.6,
      8.4,
      7.0,
      8.9,
      9.6,
      42.0,
      10.2,
      57.0,
      8.9,
      36.5,
      7.3,
      36.9,
      7.2,
      73.4,
      8.4,
      36.9,
      8.2,
      7.6,
      67.9,
      11.0,
      8.0,
      7.0,
      4.9
    ],
    [
      2.3,
      0.5,
      0.7,
      0.65,
      3.4,
      8.3,
      3.3,
      0.6,
      0.2,
      1.1,
      1.8,
      2.5,
      14.9,
      8.3,
      0.0,
      3.6,
      1.4,
      2.6,
      4.0,
      7.2,
      2.7,
      2.1,
      1.3,
      5.2,
      0.85,
      56.5,
      1.2,
      1.1,
      2.1,
      1.3,
      39.9,
      3.8,
      68.3,
      2.0,
      50.0,
      0.26,
      34.8,
      0.23,
      85.1,
      1.4,
      34.8,
      0.85,
      0.5,
      78.6,
      4.1,
      0.75,
      0.6,
      4.1
    ],
    [
      3.0,
      3.1,
      3.0,
      3.2,
      4.8,
      10.2,
      0.0,
      3.3,
      3.8,
      2.7,
      3.2,
      4.4,
      15.3,
      10.1,
      3.6,
      0.0,
      3.0,
      2.3,
      6.2,
      8.7,
      4.9,
      4.7,
      2.4,
      7.4,
      3.1,
      57.0,
      2.1,
      4.4,
      5.1,
      3.9,
      37.4,
      2.4,
      70.7,
      1.5,
      52.3,
      3.5,
      36.8,
      3.2,
      87.5,
      2.1,
      36.8,
      2.4,
      3.2,
      80.9,
      1.2,
      2.6,
      3.5,
      7.0
    ],
    [
      3.4,
      0.75,
      0.4,
      0.19,
      3.6,
      9.2,
      3.0,
      0.85,
      1.0,
      2.0,
      0.8,
      2.7,
      14.1,
      8.4,
      1.4,
      3.0,
      0.0,
      3.4,
      4.1,
      6.6,
      2.9,
      1.4,
      0.6,
      5.3,
      0.004,
      55.9,
      1.6,
      1.6,
      1.5,
      0.7,
      40.7,
      4.5,
      67.8,
      2.4,
      49.4,
      1.0,
      35.6,
      1.6,
      84.6,
      1.7,
      35.6,
      0.95,
      0.6,
      78.0,
      4.2,
      1.4,
      1.0,
      4.8
    ],
    [
      0.75,
      2.1,
      2.4,
      2.6,
      3.8,
      9.1,
      2.2,
      2.2,
      2.8,
      1.0,
      3.0,
      3.4,
      15.9,
      9.1,
      2.6,
      2.3,
      3.4,
      0.0,
      5.1,
      10.7,
      3.9,
      4.2,
      2.2,
      6.3,
      2.7,
      58.7,
      2.7,
      3.3,
      4.2,
      3.4,
      37.2,
      0.8,
      72.3,
      2.9,
      44.3,
      2.4,
      35.7,
      2.1,
      89.1,
      2.7,
      35.7,
      1.8,
      2.7,
      80.7,
      3.2,
      2.2,
      2.8,
      5.8
    ],
    [
      4.9,
      4.2,
      3.7,
      4.2,
      2.6,
      7.0,
      6.2,
      4.4,
      4.2,
      4.0,
      6.1,
      2.3,
      18.1,
      7.0,
      4.0,
      6.2,
      4.1,
      5.1,
      0.0,
      8.6,
      1.4,
      2.5,
      4.2,
      5.0,
      4.3,
      59.4,
      4.1,
      2.8,
      4.6,
      5.3,
      41.8,
      7.0,
      62.3,
      4.9,
      41.7,
      3.5,
      36.6,
      4.0,
      78.7,
      4.2,
      36.6,
      4.0,
      3.6,
      79.4,
      7.0,
      3.8,
      3.0,
      5.6
    ],
    [
      9.1,
      7.5,
      7.0,
      7.4,
      7.5,
      10.9,
      8.7,
      7.4,
      7.4,
      8.3,
      6.9,
      6.8,
      12.8,
      12.1,
      7.2,
      8.7,
      6.6,
      10.7,
      8.6,
      0.0,
      7.7,
      6.7,
      6.9,
      10.2,
      6.5,
      54.5,
      7.3,
      8.1,
      6.7,
      6.5,
      45.7,
      10.2,
      65.9,
      7.4,
      47.5,
      7.5,
      42.0,
      8.1,
      82.7,
      7.4,
      42.0,
      7.2,
      7.2,
      76.1,
      9.3,
      7.0,
      7.6,
      9.6
    ],
    [
      3.7,
      3.0,
      2.5,
      3.0,
      1.4,
      5.8,
      4.9,
      3.1,
      2.9,
      2.8,
      3.9,
      1.1,
      16.8,
      5.8,
      2.7,
      4.9,
      2.9,
      3.9,
      1.4,
      7.7,
      0.0,
      1.0,
      2.9,
      5.0,
      3.0,
      58.2,
      2.9,
      1.6,
      3.4,
      4.1,
      40.5,
      5.8,
      62.2,
      3.7,
      41.6,
      2.2,
      35.4,
      2.8,
      78.6,
      3.0,
      35.4,
      2.8,
      2.4,
      78.2,
      5.8,
      2.6,
      1.8,
      4.4
    ],
    [
      3.5,
      2.3,
      1.9,
      2.4,
      1.8,
      6.8,
      4.7,
      2.3,
      2.3,
      3.2,
      2.3,
      0.45,
      15.7,
      6.7,
      2.1,
      4.7,
      1.4,
      4.2,
      2.5,
      6.7,
      1.0,
      0.0,
      2.1,
      4.0,
      1.8,
      57.3,
      2.1,
      0.5,
      1.8,
      2.1,
      40.5,
      5.0,
      67.1,
      2.9,
      48.7,
      1.4,
      35.4,
      2.0,
      83.9,
      2.2,
      35.4,
      2.0,
      1.1,
      77.3,
      5.0,
      1.8,
      1.0,
      3.5
    ],
    [
      2.4,
      0.7,
      0.65,
      0.5,
      3.5,
      8.4,
      2.4,
      0.65,
      1.0,
      1.5,
      0.75,
      2.6,
      14.5,
      8.3,
      1.3,
      2.4,
      0.6,
      2.2,
      4.2,
      6.9,
      2.9,
      2.1,
      0.0,
      5.7,
      0.65,
      56.5,
      0.4,
      2.0,
      2.1,
      1.3,
      40.1,
      3.3,
      69.2,
      1.2,
      43.7,
      1.4,
      35.9,
      2.0,
      86.0,
      0.4,
      35.9,
      0.45,
      1.1,
      79.4,
      3.3,
      0.3,
      1.5,
      5.2
    ],
    [
      6.1,
      5.4,
      5.0,
      5.4,
      3.8,
      4.3,
      7.4,
      5.6,
      5.4,
      5.3,
      6.3,
      3.5,
      19.2,
      3.9,
      5.2,
      7.4,
      5.3,
      6.3,
      5.0,
      10.2,
      5.0,
      4.0,
      5.7,
      0.0,
      6.6,
      61.7,
      6.5,
      5.1,
      6.9,
      6.4,
      41.5,
      8.3,
      58.6,
      7.0,
      38.0,
      5.4,
      36.4,
      5.4,
      75.0,
      6.5,
      36.4,
      6.3,
      5.7,
      69.4,
      9.1,
      6.1,
      5.2,
      4.4
    ],
    [
      3.4,
      0.75,
      0.4,
      0.7,
      3.6,
      9.2,
      3.1,
      0.8,
      1.6,
      2.0,
      0.8,
      2.7,
      14.1,
      8.5,
      0.85,
      3.1,
      0.004,
      2.7,
      4.3,
      6.5,
      3.0,
      1.8,
      0.65,
      6.6,
      0.0,
      55.9,
      1.6,
      0.95,
      1.5,
      0.5,
      40.7,
      4.5,
      68.5,
      2.4,
      43.3,
      0.95,
      35.6,
      1.6,
      85.4,
      1.7,
      35.6,
      0.95,
      0.6,
      78.8,
      4.2,
      0.5,
      1.0,
      4.8
    ],
    [
      58.5,
      56.9,
      56.3,
      56.7,
      59.2,
      63.7,
      57.1,
      56.7,
      56.7,
      57.4,
      56.2,
      57.8,
      43.8,
      62.6,
      56.5,
      57.0,
      55.9,
      58.7,
      59.4,
      54.5,
      58.2,
      57.3,
      56.5,
      61.7,
      55.9,
      0.0,
      56.6,
      57.5,
      56.0,
      55.9,
      44.1,
      60.0,
      111.0,
      55.8,
      92.2,
      56.9,
      93.3,
      57.5,
      127.0,
      56.4,
      93.3,
      56.5,
      56.6,
      121.0,
      57.6,
      56.4,
      56.9,
      60.4
    ],
    [
      2.2,
      0.6,
      0.7,
      0.8,
      3.5,
      8.5,
      2.1,
      0.6,
      1.0,
      1.3,
      1.1,
      2.7,
      14.9,
      8.4,
      1.2,
      2.1,
      1.6,
      2.7,
      4.1,
      7.3,
      2.9,
      2.1,
      0.4,
      6.5,
      1.6,
      56.6,
      0.0,
      1.9,
      2.5,
      1.7,
      39.7,
      2.9,
      68.8,
      0.8,
      43.7,
      1.4,
      35.9,
      1.9,
      85.6,
      0.11,
      35.9,
      0.25,
      1.0,
      79.0,
      2.9,
      0.5,
      1.4,
      5.1
    ],
    [
      2.5,
      1.5,
      0.9,
      1.7,
      2.1,
      7.0,
      4.4,
      1.6,
      1.3,
      2.2,
      2.6,
      0.85,
      15.8,
      7.0,
      1.1,
      4.4,
      1.6,
      3.3,
      2.8,
      8.1,
      1.6,
      0.5,
      2.0,
      5.1,
      0.95,
      57.5,
      1.9,
      0.0,
      1.5,
      1.4,
      40.2,
      4.7,
      67.2,
      3.3,
      48.9,
      0.85,
      35.1,
      1.7,
      84.0,
      1.9,
      35.1,
      1.7,
      0.6,
      77.5,
      4.7,
      1.5,
      0.7,
      4.3
    ],
    [
      4.0,
      2.4,
      1.8,
      2.3,
      4.4,
      7.7,
      5.1,
      2.3,
      2.3,
      3.2,
      2.5,
      2.8,
      14.3,
      8.9,
      2.1,
      5.1,
      1.5,
      4.2,
      4.6,
      6.7,
      3.4,
      1.8,
      2.1,
      6.9,
      1.5,
      56.0,
      2.5,
      1.5,
      0.0,
      0.95,
      41.3,
      5.7,
      67.3,
      3.7,
      49.0,
      2.2,
      36.2,
      2.7,
      84.1,
      2.9,
      36.2,
      2.7,
      1.8,
      77.6,
      5.6,
      2.6,
      1.7,
      5.4
    ],
    [
      3.2,
      1.6,
      1.0,
      0.7,
      3.4,
      8.4,
      3.9,
      1.5,
      1.5,
      2.4,
      0.6,
      2.6,
      14.1,
      9.6,
      1.3,
      3.9,
      0.7,
      3.4,
      5.3,
      6.5,
      4.1,
      2.1,
      1.3,
      6.4,
      0.5,
      55.9,
      1.7,
      1.4,
      0.95,
      0.0,
      41.1,
      4.5,
      67.9,
      2.4,
      49.5,
      1.9,
      36.3,
      2.4,
      84.7,
      1.7,
      36.3,
      1.5,
      1.5,
      78.2,
      4.2,
      1.3,
      1.9,
      5.6
    ],
    [
      38.0,
      39.0,
      40.4,
      40.6,
      38.4,
      43.1,
      37.4,
      39.1,
      40.1,
      38.5,
      40.6,
      39.7,
      44.5,
      42.0,
      39.9,
      37.4,
      40.7,
      37.2,
      41.8,
      45.7,
      40.5,
      40.5,
      40.1,
      41.5,
      40.7,
      44.1,
      39.7,
      40.2,
      41.3,
      41.1,
      0.0,
      37.4,
      106.0,
      38.7,
      87.4,
      39.3,
      49.8,
      39.0,
      123.0,
      39.5,
      49.8,
      39.7,
      40.5,
      116.0,
      36.9,
      40.0,
      39.7,
      38.7
    ],
    [
      1.5,
      3.2,
      3.6,
      3.8,
      4.9,
      10.3,
      2.4,
      3.4,
      4.0,
      2.8,
      4.1,
      4.5,
      17.5,
      10.2,
      3.8,
      2.4,
      4.5,
      0.8,
      7.0,
      10.2,
      5.8,
      5.0,
      3.3,
      8.3,
      4.5,
      60.0,
      2.9,
      4.7,
      5.7,
      4.5,
      37.4,
      0.0,
      66.1,
      3.0,
      45.5,
      3.6,
      36.9,
      3.3,
      82.5,
      2.9,
      36.9,
      3.0,
      3.9,
      82.7,
      3.4,
      3.4,
      4.0,
      7.1
    ],
    [
      64.7,
      68.7,
      68.1,
      68.6,
      62.4,
      58.7,
      76.2,
      68.6,
      68.5,
      63.9,
      68.8,
      67.3,
      68.9,
      57.0,
      68.3,
      70.7,
      67.8,
      72.3,
      62.3,
      65.9,
      62.2,
      67.1,
      69.2,
      58.6,
      68.5,
      111.0,
      68.8,
      67.2,
      67.3,
      67.9,
      106.0,
      66.1,
      0.0,
      70.0,
      21.3,
      68.4,
      96.3,
      63.2,
      18.2,
      69.6,
      96.3,
      69.4,
      68.1,
      12.6,
      78.4,
      69.2,
      68.0,
      61.8
    ],
    [
      2.5,
      1.9,
      1.5,
      1.7,
      4.0,
      8.9,
      1.5,
      2.0,
      2.2,
      1.6,
      2.0,
      3.1,
      14.0,
      8.9,
      2.0,
      1.5,
      2.4,
      2.9,
      4.9,
      7.4,
      3.7,
      2.9,
      1.2,
      7.0,
      2.4,
      55.8,
      0.8,
      3.3,
      3.7,
      2.4,
      38.7,
      3.0,
      70.0,
      0.0,
      51.9,
      2.2,
      36.2,
      2.4,
      86.3,
      0.8,
      36.2,
      1.0,
      1.8,
      79.7,
      2.2,
      1.3,
      2.2,
      5.7
    ],
    [
      44.1,
      43.5,
      43.0,
      50.2,
      41.8,
      36.6,
      52.3,
      43.6,
      50.2,
      43.3,
      50.5,
      48.9,
      50.5,
      36.5,
      50.0,
      52.3,
      49.4,
      44.3,
      41.7,
      47.5,
      41.6,
      48.7,
      43.7,
      38.0,
      43.3,
      92.2,
      43.7,
      48.9,
      49.0,
      49.5,
      87.4,
      45.5,
      21.3,
      51.9,
      0.0,
      50.0,
      73.3,
      50.6,
      37.8,
      51.2,
      73.3,
      51.0,
      49.7,
      38.4,
      60.0,
      50.8,
      49.6,
      41.3
    ],
    [
      2.2,
      0.75,
      0.7,
      0.8,
      2.4,
      7.4,
      3.5,
      0.85,
      0.45,
      1.4,
      2.0,
      0.9,
      15.2,
      7.3,
      0.26,
      3.5,
      1.0,
      2.4,
      3.5,
      7.5,
      2.2,
      1.4,
      1.4,
      5.4,
      0.95,
      56.9,
      1.4,
      0.85,
      2.2,
      1.9,
      39.3,
      3.6,
      68.4,
      2.2,
      50.0,
      0.0,
      34.6,
      0.35,
      84.9,
      1.7,
      34.6,
      1.5,
      0.35,
      78.3,
      4.9,
      1.3,
      0.35,
      3.9
    ],
    [
      34.5,
      35.1,
      35.2,
      35.6,
      33.3,
      38.0,
      36.8,
      35.2,
      35.0,
      34.9,
      36.5,
      34.5,
      54.0,
      36.9,
      34.8,
      36.8,
      35.6,
      35.7,
      36.6,
      42.0,
      35.4,
      35.4,
      35.9,
      36.4,
      35.6,
      93.3,
      35.9,
      35.1,
      36.2,
      36.3,
      49.8,
      36.9,
      96.3,
      36.2,
      73.3,
      34.6,
      0.0,
      35.6,
      111.0,
      37.1,
      0.0,
      36.9,
      36.3,
      112.0,
      37.3,
      36.7,
      35.8,
      33.3
    ],
    [
      1.0,
      0.7,
      0.65,
      0.75,
      2.0,
      7.3,
      3.2,
      0.8,
      0.26,
      1.0,
      2.6,
      1.5,
      15.7,
      7.2,
      0.23,
      3.2,
      1.6,
      2.1,
      4.0,
      8.1,
      2.8,
      2.0,
      2.0,
      5.4,
      1.6,
      57.5,
      1.9,
      1.7,
      2.7,
      2.4,
      39.0,
      3.3,
      63.2,
      2.4,
      50.6,
      0.35,
      35.6,
      0.0,
      85.2,
      1.5,
      35.1,
      1.3,
      0.6,
      78.7,
      4.1,
      1.1,
      0.7,
      4.6
    ],
    [
      81.1,
      85.5,
      84.9,
      85.4,
      78.8,
      73.5,
      93.0,
      85.4,
      85.3,
      80.2,
      85.7,
      84.1,
      85.7,
      73.4,
      85.1,
      87.5,
      84.6,
      89.1,
      78.7,
      82.7,
      78.6,
      83.9,
      86.0,
      75.0,
      85.4,
      127.0,
      85.6,
      84.0,
      84.1,
      84.7,
      123.0,
      82.5,
      18.2,
      86.3,
      37.8,
      84.9,
      111.0,
      85.2,
      0.0,
      89.6,
      113.0,
      89.4,
      88.1,
      7.2,
      98.4,
      89.3,
      79.5,
      78.4
    ],
    [
      2.2,
      0.75,
      0.8,
      0.9,
      3.5,
      8.4,
      2.1,
      0.75,
      1.5,
      1.3,
      1.2,
      2.7,
      14.6,
      8.4,
      1.4,
      2.1,
      1.7,
      2.7,
      4.2,
      7.4,
      3.0,
      2.2,
      0.4,
      6.5,
      1.7,
      56.4,
      0.11,
      1.9,
      2.9,
      1.7,
      39.5,
      2.9,
      69.6,
      0.8,
      51.2,
      1.7,
      37.1,
      1.5,
      89.6,
      0.0,
      36.0,
      0.35,
      1.1,
      80.3,
      2.9,
      0.65,
      1.5,
      5.3
    ],
    [
      34.5,
      35.1,
      35.2,
      35.6,
      33.3,
      38.0,
      36.8,
      35.2,
      35.0,
      34.9,
      36.5,
      34.5,
      54.0,
      36.9,
      34.8,
      36.8,
      35.6,
      35.7,
      36.6,
      42.0,
      35.4,
      35.4,
      35.9,
      36.4,
      35.6,
      93.3,
      35.9,
      35.1,
      36.2,
      36.3,
      49.8,
      36.9,
      96.3,
      36.2,
      73.3,
      34.6,
      0.0,
      35.1,
      113.0,
      36.0,
      0.0,
      36.9,
      36.3,
      112.0,
      37.3,
      36.7,
      35.8,
      33.3
    ],
    [
      2.0,
      0.4,
      0.6,
      0.75,
      3.3,
      8.2,
      2.4,
      1.4,
      0.8,
      1.0,
      1.0,
      2.5,
      14.8,
      8.2,
      0.85,
      2.4,
      0.95,
      1.8,
      4.0,
      7.2,
      2.8,
      2.0,
      0.45,
      6.3,
      0.95,
      56.5,
      0.25,
      1.7,
      2.7,
      1.5,
      39.7,
      3.0,
      69.4,
      1.0,
      51.0,
      1.5,
      36.9,
      1.3,
      89.4,
      0.35,
      36.9,
      0.0,
      0.95,
      78.9,
      3.3,
      0.45,
      1.3,
      5.1
    ],
    [
      2.5,
      0.7,
      0.35,
      0.45,
      2.7,
      7.7,
      3.2,
      0.8,
      0.7,
      1.7,
      1.7,
      1.9,
      14.8,
      7.6,
      0.5,
      3.2,
      0.6,
      2.7,
      3.6,
      7.2,
      2.4,
      1.1,
      1.1,
      5.7,
      0.6,
      56.6,
      1.0,
      0.6,
      1.8,
      1.5,
      40.5,
      3.9,
      68.1,
      1.8,
      49.7,
      0.35,
      36.3,
      0.6,
      88.1,
      1.1,
      36.3,
      0.95,
      0.0,
      78.4,
      4.2,
      0.75,
      0.35,
      4.2
    ],
    [
      79.9,
      78.9,
      78.3,
      78.8,
      78.3,
      68.0,
      86.4,
      79.9,
      78.8,
      79.7,
      79.1,
      77.5,
      79.1,
      67.9,
      78.6,
      80.9,
      78.0,
      80.7,
      79.4,
      76.1,
      78.2,
      77.3,
      79.4,
      69.4,
      78.8,
      121.0,
      79.0,
      77.5,
      77.6,
      78.2,
      116.0,
      82.7,
      12.6,
      79.7,
      38.4,
      78.3,
      112.0,
      78.7,
      7.2,
      80.3,
      112.0,
      78.9,
      78.4,
      0.0,
      89.6,
      80.4,
      79.2,
      72.5
    ],
    [
      4.0,
      4.0,
      3.6,
      3.8,
      6.1,
      11.1,
      1.2,
      4.2,
      4.3,
      3.8,
      3.8,
      5.3,
      18.3,
      11.0,
      4.1,
      1.2,
      4.2,
      3.2,
      7.0,
      9.3,
      5.8,
      5.0,
      3.3,
      9.1,
      4.2,
      57.6,
      2.9,
      4.7,
      5.6,
      4.2,
      36.9,
      3.4,
      78.4,
      2.2,
      60.0,
      4.9,
      37.3,
      4.1,
      98.4,
      2.9,
      37.3,
      3.3,
      4.2,
      89.6,
      0.0,
      3.3,
      4.2,
      8.1
    ],
    [
      2.9,
      0.35,
      0.45,
      0.4,
      3.1,
      8.1,
      2.7,
      0.35,
      0.7,
      1.5,
      0.9,
      2.3,
      14.6,
      8.0,
      0.75,
      2.6,
      1.4,
      2.2,
      3.8,
      7.0,
      2.6,
      1.8,
      0.3,
      6.1,
      0.5,
      56.4,
      0.5,
      1.5,
      2.6,
      1.3,
      40.0,
      3.4,
      69.2,
      1.3,
      50.8,
      1.3,
      36.7,
      1.1,
      89.3,
      0.65,
      36.7,
      0.45,
      0.75,
      80.4,
      3.3,
      0.0,
      1.3,
      5.1
    ],
    [
      2.0,
      0.8,
      0.7,
      0.85,
      2.2,
      7.1,
      3.5,
      1.1,
      0.8,
      1.7,
      2.0,
      0.85,
      15.2,
      7.0,
      0.6,
      3.5,
      1.0,
      2.8,
      3.0,
      7.6,
      1.8,
      1.0,
      1.5,
      5.2,
      1.0,
      56.9,
      1.4,
      0.7,
      1.7,
      1.9,
      39.7,
      4.0,
      68.0,
      2.2,
      49.6,
      0.35,
      35.8,
      0.7,
      79.5,
      1.5,
      35.8,
      1.3,
      0.35,
      79.2,
      4.2,
      1.3,
      0.0,
      3.8
    ],
    [
      4.7,
      4.5,
      4.4,
      4.9,
      2.4,
      6.0,
      7.0,
      4.7,
      4.3,
      4.3,
      5.8,
      3.0,
      18.7,
      4.9,
      4.1,
      7.0,
      4.8,
      5.8,
      5.6,
      9.6,
      4.4,
      3.5,
      5.2,
      4.4,
      4.8,
      60.4,
      5.1,
      4.3,
      5.4,
      5.6,
      38.7,
      7.1,
      61.8,
      5.7,
      41.3,
      3.9,
      33.3,
      4.6,
      78.4,
      5.3,
      33.3,
      5.1,
      4.2,
      72.5,
      8.1,
      5.1,
      3.8,
      0.0
    ]
  ],
  "drive_time_matrix": [
    [
      0.0,
      7.0,
      7.0,
      10.0,
      6.0,
      16.0,
      8.0,
      7.0,
      7.0,
      11.0,
      10.0,
      9.0,
      23.0,
      16.0,
      9.0,
      8.0,
      9.0,
      9.0,
      12.0,
      19.0,
      9.0,
      9.0,
      9.0,
      12.0,
      9.0,
      58.0,
      8.0,
      8.0,
      11.0,
      8.0,
      36.0,
      5.0,
      74.0,
      7.0,
      49.0,
      6.0,
      36.0,
      9.0,
      95.0,
      8.0,
      36.0,
      7.0,
      7.0,
      79.0,
      9.0,
      8.0,
      7.0,
      10.0
    ],
    [
      7.0,
      0.0,
      5.0,
      7.0,
      5.0,
      13.0,
      5.0,
      2.0,
      5.0,
      10.0,
      5.0,
      5.0,
      18.0,
      13.0,
      6.0,
      5.0,
      9.0,
      5.0,
      9.0,
      13.0,
      6.0,
      6.0,
      8.0,
      9.0,
      9.0,
      52.0,
      7.0,
      5.0,
      6.0,
      3.0,
      34.0,
      6.0,
      70.0,
      3.0,
      46.0,
      7.0,
      34.0,
      9.0,
      92.0,
      9.0,
      34.0,
      5.0,
      7.0,
      76.0,
      7.0,
      5.0,
      10.0,
      8.0
    ],
    [
      7.0,
      5.0,
      0.0,
      3.0,
      5.0,
      12.0,
      5.0,
      1.0,
      9.0,
      3.0,
      4.0,
      4.0,
      17.0,
      12.0,
      2.0,
      5.0,
      5.0,
      5.0,
      8.0,
      12.0,
      6.0,
      5.0,
      9.0,
      8.0,
      5.0,
      51.0,
      1.0,
      10.0,
      4.0,
      2.0,
      35.0,
      6.0,
      69.0,
      3.0,
      45.0,
      9.0,
      35.0,
      9.0,
      90.0,
      1.0,
      35.0,
      8.0,
      1.0,
      74.0,
      7.0,
      6.0,
      10.0,
      8.0
    ],
    [
      10.0,
      7.0,
      3.0,
      0.0,
      6.0,
      13.0,
      6.0,
      9.0,
      10.0,
      4.0,
      10.0,
      5.0,
      18.0,
      14.0,
      9.0,
      6.0,
      2.0,
      6.0,
      9.0,
      13.0,
      7.0,
      6.0,
      7.0,
      10.0,
      3.0,
      52.0,
      10.0,
      5.0,
      6.0,
      9.0,
      37.0,
      7.0,
      70.0,
      4.0,
      47.0,
      10.0,
      36.0,
      10.0,
      90.0,
      12.0,
      36.0,
      10.0,
      6.0,
      76.0,
      8.0,
      5.0,
      11.0,
      9.0
    ],
    [
      6.0,
      5.0,
      5.0,
      6.0,
      0.0,
      9.0,
      8.0,
      6.0,
      5.0,
      5.0,
      8.0,
      6.0,
      21.0,
      9.0,
      6.0,
      8.0,
      7.0,
      8.0,
      5.0,
      14.0,
      3.0,
      4.0,
      7.0,
      6.0,
      7.0,
      55.0,
      7.0,
      5.0,
      8.0,
      6.0,
      34.0,
      9.0,
      67.0,
      7.0,
      43.0,
      5.0,
      32.0,
      4.0,
      87.0,
      7.0,
      32.0,
      6.0,
      5.0,
      73.0,
      11.0,
      7.0,
      5.0,
      4.0
    ],
    [
      16.0,
      13.0,
      12.0,
      13.0,
      9.0,
      0.0,
      15.0,
      13.0,
      12.0,
      13.0,
      14.0,
      13.0,
      26.0,
      2.0,
      14.0,
      15.0,
      14.0,
      16.0,
      12.0,
      17.0,
      9.0,
      11.0,
      14.0,
      8.0,
      14.0,
      60.0,
      14.0,
      11.0,
      12.0,
      12.0,
      42.0,
      17.0,
      59.0,
      14.0,
      36.0,
      12.0,
      41.0,
      12.0,
      81.0,
      14.0,
      41.0,
      14.0,
      13.0,
      73.0,
      18.0,
      14.0,
      12.0,
      9.0
    ],
    [
      8.0,
      5.0,
      5.0,
      6.0,
      8.0,
      15.0,
      0.0,
      5.0,
      6.0,
      3.0,
      6.0,
      8.0,
      18.0,
      15.0,
      6.0,
      1.0,
      6.0,
      5.0,
      11.0,
      14.0,
      9.0,
      10.0,
      4.0,
      11.0,
      6.0,
      52.0,
      4.0,
      8.0,
      9.0,
      7.0,
      33.0,
      5.0,
      71.0,
      19.0,
      47.0,
      6.0,
      38.0,
      5.0,
      92.0,
      4.0,
      38.0,
      4.0,
      6.0,
      77.0,
      4.0,
      6.0,
      7.0,
      11.0
    ],
    [
      7.0,
      2.0,
      1.0,
      9.0,
      6.0,
      13.0,
      5.0,
      0.0,
      7.0,
      3.0,
      6.0,
      5.0,
      19.0,
      13.0,
      8.0,
      5.0,
      11.0,
      5.0,
      9.0,
      14.0,
      6.0,
      7.0,
      9.0,
      9.0,
      11.0,
      52.0,
      7.0,
      5.0,
      6.0,
      4.0,
      34.0,
      6.0,
      69.0,
      3.0,
      46.0,
      9.0,
      36.0,
      9.0,
      91.0,
      9.0,
      36.0,
      3.0,
      10.0,
      74.0,
      8.0,
      5.0,
      3.0,
      8.0
    ],
    [
      7.0,
      5.0,
      9.0,
      10.0,
      5.0,
      12.0,
      6.0,
      7.0,
      0.0,
      13.0,
      5.0,
      5.0,
      19.0,
      14.0,
      2.0,
      7.0,
      8.0,
      7.0,
      10.0,
      14.0,
      7.0,
      6.0,
      13.0,
      10.0,
      4.0,
      52.0,
      12.0,
      5.0,
      6.0,
      3.0,
      38.0,
      8.0,
      69.0,
      5.0,
      46.0,
      6.0,
      38.0,
      3.0,
      91.0,
      4.0,
      38.0,
      10.0,
      8.0,
      75.0,
      9.0,
      9.0,
      10.0,
      9.0
    ],
    [
      11.0,
      10.0,
      3.0,
      4.0,
      5.0,
      13.0,
      3.0,
      3.0,
      13.0,
      0.0,
      6.0,
      6.0,
      20.0,
      12.0,
      12.0,
      5.0,
      5.0,
      13.0,
      8.0,
      15.0,
      6.0,
      7.0,
      4.0,
      9.0,
      5.0,
      52.0,
      4.0,
      5.0,
      7.0,
      5.0,
      34.0,
      6.0,
      69.0,
      3.0,
      45.0,
      3.0,
      36.0,
      12.0,
      91.0,
      4.0,
      36.0,
      4.0,
      4.0,
      75.0,
      8.0,
      5.0,
      4.0,
      7.0
    ],
    [
      10.0,
      5.0,
      4.0,
      10.0,
      8.0,
      14.0,
      6.0,
      6.0,
      5.0,
      6.0,
      0.0,
      6.0,
      18.0,
      15.0,
      4.0,
      6.0,
      11.0,
      8.0,
      11.0,
      12.0,
      9.0,
      6.0,
      10.0,
      11.0,
      11.0,
      50.0,
      4.0,
      6.0,
      5.0,
      8.0,
      37.0,
      9.0,
      67.0,
      5.0,
      45.0,
      4.0,
      39.0,
      5.0,
      89.0,
      3.0,
      40.0,
      4.0,
      4.0,
      73.0,
      8.0,
      12.0,
      5.0,
      11.0
    ],
    [
      9.0,
      5.0,
      4.0,
      5.0,
      6.0,
      13.0,
      8.0,
      5.0,
      5.0,
      6.0,
      6.0,
      0.0,
      21.0,
      10.0,
      5.0,
      7.0,
      6.0,
      7.0,
      6.0,
      13.0,
      8.0,
      6.0,
      6.0,
      6.0,
      6.0,
      53.0,
      5.0,
      9.0,
      7.0,
      5.0,
      36.0,
      8.0,
      66.0,
      5.0,
      43.0,
      11.0,
      36.0,
      4.0,
      87.0,
      5.0,
      36.0,
      5.0,
      5.0,
      71.0,
      10.0,
      6.0,
      10.0,
      6.0
    ],
    [
      23.0,
      18.0,
      17.0,
      18.0,
      21.0,
      26.0,
      18.0,
      19.0,
      19.0,
      20.0,
      18.0,
      21.0,
      0.0,
      29.0,
      19.0,
      19.0,
      18.0,
      22.0,
      24.0,
      17.0,
      23.0,
      20.0,
      18.0,
      26.0,
      18.0,
      40.0,
      19.0,
      22.0,
      19.0,
      18.0,
      42.0,
      23.0,
      63.0,
      17.0,
      40.0,
      20.0,
      54.0,
      20.0,
      85.0,
      18.0,
      54.0,
      19.0,
      19.0,
      68.0,
      21.0,
      19.0,
      20.0,
      25.0
    ],
    [
      16.0,
      13.0,
      12.0,
      14.0,
      9.0,
      2.0,
      15.0,
      13.0,
      14.0,
      12.0,
      15.0,
      10.0,
      29.0,
      0.0,
      15.0,
      17.0,
      16.0,
      17.0,
      13.0,
      19.0,
      10.0,
      12.0,
      15.0,
      8.0,
      16.0,
      62.0,
      15.0,
      12.0,
      15.0,
      15.0,
      40.0,
      18.0,
      59.0,
      15.0,
      36.0,
      13.0,
      41.0,
      13.0,
      81.0,
      15.0,
      40.0,
      15.0,
      14.0,
      71.0,
      19.0,
      15.0,
      13.0,
      8.0
    ],
    [
      9.0,
      6.0,
      2.0,
      9.0,
      6.0,
      14.0,
      6.0,
      8.0,
      2.0,
      12.0,
      4.0,
      5.0,
      19.0,
      15.0,
      0.0,
      6.0,
      3.0,
      6.0,
      9.0,
      13.0,
      6.0,
      5.0,
      3.0,
      9.0,
      7.0,
      51.0,
      2.0,
      4.0,
      5.0,
      3.0,
      37.0,
      7.0,
      68.0,
      4.0,
      46.0,
      3.0,
      37.0,
      3.0,
      90.0,
      3.0,
      37.0,
      11.0,
      6.0,
      73.0,
      8.0,
      10.0,
      2.0,
      8.0
    ],
    [
      8.0,
      5.0,
      5.0,
      6.0,
      8.0,
      15.0,
      1.0,
      5.0,
      7.0,
      5.0,
      6.0,
      7.0,
      19.0,
      17.0,
      6.0,
      0.0,
      5.0,
      5.0,
      12.0,
      14.0,
      9.0,
      9.0,
      4.0,
      12.0,
      5.0,
      52.0,
      3.0,
      8.0,
      8.0,
      7.0,
      33.0,
      5.0,
      69.0,
      18.0,
      48.0,
      6.0,
      39.0,
      5.0,
      91.0,
      3.0,
      39.0,
      4.0,
      5.0,
      74.0,
      3.0,
      5.0,
      7.0,
      11.0
    ],
    [
      9.0,
      9.0,
      5.0,
      2.0,
      7.0,
      14.0,
      6.0,
      11.0,
      8.0,
      5.0,
      11.0,
      6.0,
      18.0,
      16.0,
      3.0,
      5.0,
      0.0,
      8.0,
      9.0,
      12.0,
      7.0,
      4.0,
      8.0,
      10.0,
      1.0,
      51.0,
      3.0,
      5.0,
      4.0,
      1.0,
      39.0,
      9.0,
      67.0,
      5.0,
      46.0,
      4.0,
      38.0,
      6.0,
      89.0,
      4.0,
      38.0,
      12.0,
      9.0,
      72.0,
      9.0,
      4.0,
      13.0,
      9.0
    ],
    [
      9.0,
      5.0,
      5.0,
      6.0,
      8.0,
      16.0,
      5.0,
      5.0,
      7.0,
      13.0,
      8.0,
      7.0,
      22.0,
      17.0,
      6.0,
      5.0,
      8.0,
      0.0,
      13.0,
      18.0,
      10.0,
      11.0,
      7.0,
      13.0,
      8.0,
      55.0,
      6.0,
      9.0,
      11.0,
      9.0,
      34.0,
      10.0,
      73.0,
      5.0,
      50.0,
      7.0,
      39.0,
      6.0,
      95.0,
      6.0,
      39.0,
      6.0,
      8.0,
      79.0,
      7.0,
      7.0,
      8.0,
      11.0
    ],
    [
      12.0,
      9.0,
      8.0,
      9.0,
      5.0,
      12.0,
      11.0,
      9.0,
      10.0,
      8.0,
      11.0,
      6.0,
      24.0,
      13.0,
      9.0,
      12.0,
      9.0,
      13.0,
      0.0,
      16.0,
      4.0,
      7.0,
      10.0,
      11.0,
      11.0,
      57.0,
      10.0,
      7.0,
      10.0,
      10.0,
      43.0,
      15.0,
      68.0,
      12.0,
      44.0,
      10.0,
      42.0,
      10.0,
      91.0,
      10.0,
      42.0,
      10.0,
      10.0,
      74.0,
      16.0,
      10.0,
      8.0,
      11.0
    ],
    [
      19.0,
      13.0,
      12.0,
      13.0,
      14.0,
      17.0,
      14.0,
      14.0,
      14.0,
      15.0,
      12.0,
      13.0,
      17.0,
      19.0,
      13.0,
      14.0,
      12.0,
      18.0,
      16.0,
      0.0,
      15.0,
      12.0,
      12.0,
      18.0,
      11.0,
      50.0,
      12.0,
      15.0,
      12.0,
      12.0,
      44.0,
      18.0,
      64.0,
      12.0,
      43.0,
      14.0,
      48.0,
      14.0,
      86.0,
      13.0,
      47.0,
      13.0,
      13.0,
      68.0,
      16.0,
      13.0,
      14.0,
      17.0
    ],
    [
      9.0,
      6.0,
      6.0,
      7.0,
      3.0,
      9.0,
      9.0,
      6.0,
      7.0,
      6.0,
      9.0,
      8.0,
      23.0,
      10.0,
      6.0,
      9.0,
      7.0,
      10.0,
      4.0,
      15.0,
      0.0,
      10.0,
      8.0,
      9.0,
      8.0,
      54.0,
      7.0,
      5.0,
      7.0,
      7.0,
      40.0,
      12.0,
      67.0,
      9.0,
      44.0,
      7.0,
      39.0,
      8.0,
      90.0,
      8.0,
      39.0,
      8.0,
      7.0,
      72.0,
      14.0,
      8.0,
      5.0,
      8.0
    ],
    [
      9.0,
      6.0,
      5.0,
      6.0,
      4.0,
      11.0,
      10.0,
      7.0,
      6.0,
      7.0,
      6.0,
      6.0,
      20.0,
      12.0,
      5.0,
      9.0,
      4.0,
      11.0,
      7.0,
      12.0,
      10.0,
      0.0,
      5.0,
      8.0,
      6.0,
      54.0,
      5.0,
      6.0,
      6.0,
      5.0,
      39.0,
      10.0,
      67.0,
      7.0,
      46.0,
      4.0,
      38.0,
      5.0,
      89.0,
      5.0,
      38.0,
      5.0,
      5.0,
      72.0,
      11.0,
      5.0,
      12.0,
      8.0
    ],
    [
      9.0,
      8.0,
      9.0,
      7.0,
      7.0,
      14.0,
      4.0,
      9.0,
      13.0,
      4.0,
      10.0,
      6.0,
      18.0,
      15.0,
      3.0,
      4.0,
      8.0,
      7.0,
      10.0,
      12.0,
      8.0,
      5.0,
      0.0,
      11.0,
      2.0,
      52.0,
      4.0,
      6.0,
      5.0,
      3.0,
      37.0,
      7.0,
      70.0,
      3.0,
      48.0,
      4.0,
      38.0,
      5.0,
      92.0,
      5.0,
      38.0,
      6.0,
      3.0,
      76.0,
      7.0,
      4.0,
      4.0,
      10.0
    ],
    [
      12.0,
      9.0,
      8.0,
      10.0,
      6.0,
      8.0,
      11.0,
      9.0,
      10.0,
      9.0,
      11.0,
      6.0,
