{
  "drive_dist_matrix": [
    [
      0.0,
      6.276426,
      1.7702740000000001,
      1.9312079999999998,
      2.2530759999999996,
      2.41401,
      7.724831999999999,
      2.41401,
      6.276426,
      2.092142,
      2.2530759999999996,
      10.782578,
      0.9656039999999999,
      5.63269,
      0.32186800000000004,
      4.506151999999999,
      5.63269,
      7.563898,
      1.7702740000000001,
      5.471756,
      5.310822,
      5.63269,
      3.7014819999999995,
      8.368568,
      16.89807,
      10.138842,
      2.5749440000000003,
      4.9889540000000006,
      2.735878,
      1.9312079999999998,
      5.793624,
      14.966862,
      3.8624159999999996,
      2.5749440000000003,
      8.529501999999999,
      5.63269,
      8.0467,
      10.138842,
      15.771532,
      7.24203,
      3.5405480000000003,
      10.299776000000001,
      3.057746,
      4.506151999999999,
      6.115492,
      1.9312079999999998,
      4.506151999999999,
      6.276426,
      8.85137,
      4.506151999999999,
      11.426314,
      7.0810960000000005,
      6.115492,
      5.149888000000001,
      8.0467,
      14.805927999999998,
      6.759228,
      5.310822,
      5.149888000000001
    ],
    [
      6.276426,
      0.0,
      6.9201619999999995,
      5.63269,
      1.1265379999999998,
      5.310822,
      13.196587999999998,
      0.80467,
      0.32186800000000004,
      0.9656039999999999,
      7.402963999999999,
      20.11675,
      7.24203,
      2.2530759999999996,
      6.598293999999999,
      0.80467,
      2.2530759999999996,
      13.518456,
      1.1265379999999998,
      4.02335,
      2.092142,
      1.1265379999999998,
      3.379614,
      8.207633999999999,
      13.67939,
      21.565156,
      0.80467,
      3.5405480000000003,
      4.9889540000000006,
      1.2874720000000002,
      2.41401,
      11.748182,
      4.506151999999999,
      6.43736,
      13.357522000000001,
      0.80467,
      12.230984,
      6.759228,
      12.391918,
      6.9201619999999995,
      8.690436,
      10.138842,
      4.345218,
      0.80467,
      0.48280199999999995,
      5.9545580000000005,
      4.02335,
      0.16093400000000002,
      8.690436,
      2.5749440000000003,
      8.0467,
      11.26538,
      0.32186800000000004,
      12.552852,
      7.885766,
      14.644993999999999,
      3.379614,
      3.8624159999999996,
      3.5405480000000003
    ],
    [
      1.7702740000000001,
      6.9201619999999995,
      0.0,
      2.092142,
      2.2530759999999996,
      4.506151999999999,
      6.276426,
      3.8624159999999996,
      6.598293999999999,
      2.2530759999999996,
      1.1265379999999998,
      9.334171999999999,
      2.5749440000000003,
      5.9545580000000005,
      1.448406,
      4.667085999999999,
      5.9545580000000005,
      6.115492,
      3.057746,
      5.63269,
      5.793624,
      6.115492,
      4.82802,
      8.529501999999999,
      17.380872,
      8.690436,
      4.02335,
      5.149888000000001,
      2.896812,
      2.092142,
      6.115492,
      15.449663999999999,
      4.02335,
      4.02335,
      10.138842,
      6.115492,
      11.426314,
      10.46071,
      16.0934,
      7.24203,
      2.092142,
      10.46071,
      3.21868,
      4.667085999999999,
      6.598293999999999,
      1.7702740000000001,
      4.667085999999999,
      6.598293999999999,
      9.012303999999999,
      4.9889540000000006,
      11.909116000000001,
      5.63269,
      6.598293999999999,
      3.7014819999999995,
      8.207633999999999,
      14.966862,
      7.0810960000000005,
      5.471756,
      5.310822
    ],
    [
      1.9312079999999998,
      5.63269,
      2.092142,
      0.0,
      0.48280199999999995,
      4.82802,
      7.563898,
      0.80467,
      6.9201619999999995,
      0.48280199999999995,
      3.8624159999999996,
      9.334171999999999,
      3.5405480000000003,
      4.506151999999999,
      2.41401,
      0.9656039999999999,
      1.1265379999999998,
      7.402963999999999,
      2.5749440000000003,
      3.8624159999999996,
      4.9889540000000006,
      1.1265379999999998,
      4.9889540000000006,
      6.759228,
      11.26538,
      9.977908000000001,
      1.7702740000000001,
      3.21868,
      0.80467,
      0.466,
      4.506151999999999,
      13.357522000000001,
      2.092142,
      1.7702740000000001,
      11.104446000000001,
      0.9656039999999999,
      10.621644,
      8.368568,
      14.001257999999998,
      5.471756,
      3.21868,
      8.529501999999999,
      1.2874720000000002,
      0.9656039999999999,
      6.759228,
      0.80467,
      0.9656039999999999,
      6.9201619999999995,
      7.24203,
      5.149888000000001,
      8.0467,
      6.759228,
      6.759228,
      4.9889540000000006,
      6.276426,
      13.035654,
      4.9889540000000006,
      3.5405480000000003,
      3.379614
    ],
    [
      2.2530759999999996,
      1.1265379999999998,
      2.2530759999999996,
      0.48280199999999995,
      0.0,
      4.345218,
      7.402963999999999,
      0.80467,
      1.1265379999999998,
      0.16093400000000002,
      3.379614,
      10.46071,
      3.057746,
      5.793624,
      1.9312079999999998,
      1.1265379999999998,
      5.793624,
      7.24203,
      2.092142,
      4.345218,
      5.63269,
      5.793624,
      4.506151999999999,
      7.402963999999999,
      11.909116000000001,
      9.816974,
      0.9656039999999999,
      3.8624159999999996,
      0.80467,
      0.32186800000000004,
      5.9545580000000005,
      14.001257999999998,
      2.735878,
      1.1265379999999998,
      10.621644,
      1.1265379999999998,
      11.104446000000001,
      9.012303999999999,
      14.644993999999999,
      6.115492,
      3.21868,
      9.173238,
      1.9312079999999998,
      0.9656039999999999,
      6.276426,
      1.1265379999999998,
      3.379614,
      1.1265379999999998,
      7.724831999999999,
      4.667085999999999,
      7.724831999999999,
      6.759228,
      1.2874720000000002,
      4.82802,
      6.9201619999999995,
      13.67939,
      6.9201619999999995,
      4.184284,
      4.02335
    ],
    [
      2.41401,
      5.310822,
      4.506151999999999,
      4.82802,
      4.345218,
      0.0,
      10.46071,
      3.7014819999999995,
      5.310822,
      4.506151999999999,
      4.82802,
      13.357522000000001,
      3.21868,
      4.506151999999999,
      2.5749440000000003,
      6.276426,
      4.667085999999999,
      10.943512,
      2.735878,
      6.276426,
      4.345218,
      4.667085999999999,
      2.5749440000000003,
      10.621644,
      15.932466,
      18.346476,
      3.8624159999999996,
      5.793624,
      4.184284,
      4.02335,
      4.667085999999999,
      14.001257999999998,
      5.63269,
      3.8624159999999996,
      9.977908000000001,
      4.667085999999999,
      9.495106,
      9.012303999999999,
      14.644993999999999,
      9.334171999999999,
      6.115492,
      12.391918,
      5.471756,
      6.276426,
      5.149888000000001,
      4.506151999999999,
      6.276426,
      5.310822,
      11.104446000000001,
      3.5405480000000003,
      10.46071,
      8.690436,
      5.149888000000001,
      9.977908000000001,
      10.138842,
      16.89807,
      5.9545580000000005,
      6.115492,
      5.9545580000000005
    ],
    [
      7.724831999999999,
      13.196587999999998,
      6.276426,
      7.563898,
      7.402963999999999,
      10.46071,
      0.0,
      9.977908000000001,
      12.713786,
      7.885766,
      6.9201619999999995,
      6.9201619999999995,
      10.138842,
      12.07005,
      9.012303999999999,
      9.173238,
      12.07005,
      1.1265379999999998,
      9.012303999999999,
      13.840323999999999,
      11.909116000000001,
      12.07005,
      10.782578,
      11.26538,
      28.807185999999998,
      4.184284,
      10.138842,
      13.357522000000001,
      10.46071,
      7.563898,
      12.230984,
      21.565156,
      8.529501999999999,
      10.138842,
      14.644993999999999,
      12.07005,
      17.863674,
      16.576202000000002,
      24.94477,
      10.943512,
      5.63269,
      13.035654,
      8.207633999999999,
      9.173238,
      12.713786,
      6.9201619999999995,
      9.173238,
      12.713786,
      11.587248,
      10.943512,
      13.518456,
      2.5749440000000003,
      12.713786,
      3.057746,
      10.46071,
      18.990212,
      13.196587999999998,
      13.67939,
      13.518456
    ],
    [
      2.41401,
      0.80467,
      3.8624159999999996,
      0.80467,
      0.80467,
      3.7014819999999995,
      9.977908000000001,
      0.0,
      0.80467,
      0.6437360000000001,
      4.506151999999999,
      11.426314,
      3.379614,
      5.310822,
      2.2530759999999996,
      0.32186800000000004,
      0.6437360000000001,
      10.621644,
      1.60934,
      3.8624159999999996,
      5.149888000000001,
      0.48280199999999995,
      4.02335,
      6.759228,
      11.426314,
      10.943512,
      0.48280199999999995,
      3.379614,
      0.6437360000000001,
      0.6437360000000001,
      5.471756,
      13.518456,
      2.2530759999999996,
      0.48280199999999995,
      11.909116000000001,
      0.32186800000000004,
      10.621644,
      8.529501999999999,
      14.162192000000001,
      5.471756,
      4.184284,
      8.690436,
      1.9312079999999998,
      0.16093400000000002,
      5.9545580000000005,
      1.9312079999999998,
      0.80467,
      0.80467,
      7.24203,
      4.345218,
      7.24203,
      8.368568,
      0.9656039999999999,
      5.9545580000000005,
      6.43736,
      13.196587999999998,
      6.43736,
      0.80467,
      3.5405480000000003
    ],
    [
      6.276426,
      0.32186800000000004,
      6.598293999999999,
      6.9201619999999995,
      1.1265379999999998,
      5.310822,
      12.713786,
      0.80467,
      0.0,
      0.9656039999999999,
      7.563898,
      20.277684,
      7.402963999999999,
      2.41401,
      6.598293999999999,
      0.80467,
      1.2874720000000002,
      13.67939,
      5.471756,
      4.184284,
      2.092142,
      1.1265379999999998,
      3.5405480000000003,
      8.368568,
      13.67939,
      21.565156,
      0.80467,
      3.5405480000000003,
      4.9889540000000006,
      5.310822,
      2.5749440000000003,
      11.748182,
      4.506151999999999,
      0.48280199999999995,
      13.518456,
      0.80467,
      12.230984,
      6.759228,
      12.552852,
      7.0810960000000005,
      8.85137,
      10.138842,
      4.506151999999999,
      0.80467,
      0.48280199999999995,
      6.115492,
      4.02335,
      0.16093400000000002,
      8.85137,
      1.448406,
      8.207633999999999,
      11.426314,
      0.48280199999999995,
      12.713786,
      7.885766,
      14.644993999999999,
      3.379614,
      3.8624159999999996,
      3.7014819999999995
    ],
    [
      2.092142,
      0.9656039999999999,
      2.2530759999999996,
      0.48280199999999995,
      0.16093400000000002,
      4.506151999999999,
      7.885766,
      0.6437360000000001,
      0.9656039999999999,
      0.0,
      3.379614,
      10.46071,
      3.057746,
      5.793624,
      1.9312079999999998,
      0.9656039999999999,
      5.793624,
      7.24203,
      2.092142,
      4.345218,
      5.63269,
      5.793624,
      4.506151999999999,
      7.24203,
      11.909116000000001,
      9.816974,
      0.9656039999999999,
      3.8624159999999996,
      0.9656039999999999,
      0.48280199999999995,
      5.9545580000000005,
      15.127796,
      2.735878,
      1.1265379999999998,
      10.621644,
      0.9656039999999999,
      11.104446000000001,
      10.299776000000001,
      15.932466,
      6.115492,
      3.21868,
      9.173238,
      1.9312079999999998,
      0.80467,
      1.2874720000000002,
      0.9656039999999999,
      3.379614,
      0.9656039999999999,
      7.724831999999999,
      4.667085999999999,
      7.724831999999999,
      6.759228,
      1.1265379999999998,
      4.82802,
      6.9201619999999995,
      13.67939,
      6.9201619999999995,
      4.184284,
      4.02335
    ],
    [
      2.2530759999999996,
      7.402963999999999,
      1.1265379999999998,
      3.8624159999999996,
      3.379614,
      4.82802,
      6.9201619999999995,
      4.506151999999999,
      7.563898,
      3.379614,
      0.0,
      9.65604,
      3.21868,
      6.598293999999999,
      2.092142,
      5.9545580000000005,
      6.598293999999999,
      7.402963999999999,
      3.5405480000000003,
      8.368568,
      6.276426,
      6.598293999999999,
      5.310822,
      9.816974,
      17.863674,
      9.173238,
      4.506151999999999,
      7.724831999999999,
      4.184284,
      3.379614,
      6.759228,
      15.932466,
      5.310822,
      4.667085999999999,
      10.782578,
      6.598293999999999,
      11.909116000000001,
      10.943512,
      16.737136,
      8.529501999999999,
      1.9312079999999998,
      11.748182,
      4.506151999999999,
      5.9545580000000005,
      7.0810960000000005,
      3.057746,
      5.9545580000000005,
      7.24203,
      10.299776000000001,
      5.471756,
      12.391918,
      5.149888000000001,
      7.0810960000000005,
      4.184284,
      9.495106,
      16.254334,
      7.563898,
      8.0467,
      7.885766
    ],
    [
      10.782578,
      20.11675,
      9.334171999999999,
      9.334171999999999,
      10.46071,
      13.357522000000001,
      6.9201619999999995,
      11.426314,
      20.277684,
      10.46071,
      9.65604,
      0.0,
      17.70274,
      15.28873,
      11.748182,
      14.805927999999998,
      15.932466,
      6.276426,
      15.28873,
      14.644993999999999,
      15.771532,
      15.932466,
      17.059003999999998,
      7.724831999999999,
      20.438617999999998,
      3.21868,
      12.552852,
      14.162192000000001,
      12.230984,
      11.26538,
      15.28873,
      23.657297999999997,
      14.162192000000001,
      12.713786,
      13.67939,
      15.932466,
      16.89807,
      18.185542,
      16.415267999999998,
      13.035654,
      9.816974,
      9.65604,
      14.001257999999998,
      14.805927999999998,
      16.89807,
      10.621644,
      14.644993999999999,
      17.059003999999998,
      8.207633999999999,
      15.28873,
      15.771532,
      8.85137,
      16.89807,
      6.9201619999999995,
      12.87472,
      10.621644,
      15.932466,
      14.48406,
      14.323126
    ],
    [
      0.9656039999999999,
      7.24203,
      2.5749440000000003,
      3.5405480000000003,
      3.057746,
      3.21868,
      10.138842,
      3.379614,
      7.402963999999999,
      3.057746,
      3.21868,
      17.70274,
      0.0,
      5.793624,
      1.9312079999999998,
      5.471756,
      5.793624,
      8.529501999999999,
      2.735878,
      7.563898,
      5.63269,
      5.793624,
      3.8624159999999996,
      9.334171999999999,
      17.219938,
      15.932466,
      3.5405480000000003,
      7.0810960000000005,
      3.7014819999999995,
      2.896812,
      5.9545580000000005,
      15.28873,
      4.82802,
      3.5405480000000003,
      7.724831999999999,
      5.793624,
      7.24203,
      10.299776000000001,
      15.932466,
      8.0467,
      4.345218,
      11.26538,
      4.02335,
      5.471756,
      6.43736,
      2.896812,
      5.471756,
      6.43736,
      9.816974,
      4.667085999999999,
      11.587248,
      9.977908000000001,
      6.43736,
      6.115492,
      9.012303999999999,
      15.771532,
      6.9201619999999995,
      7.402963999999999,
      7.24203
    ],
    [
      5.63269,
      2.2530759999999996,
      5.9545580000000005,
      4.506151999999999,
      5.793624,
      4.506151999999999,
      12.07005,
      5.310822,
      2.41401,
      5.793624,
      6.598293999999999,
      15.28873,
      5.793624,
      0.0,
      5.63269,
      0.80467,
      0.48280199999999995,
      12.552852,
      4.506151999999999,
      2.41401,
      0.9656039999999999,
      0.6437360000000001,
      2.41401,
      6.598293999999999,
      12.391918,
      19.955816000000002,
      0.9656039999999999,
      1.9312079999999998,
      3.379614,
      3.7014819999999995,
      0.6437360000000001,
      10.46071,
      2.896812,
      0.9656039999999999,
      12.391918,
      0.6437360000000001,
      11.26538,
      5.471756,
      11.104446000000001,
      5.471756,
      7.724831999999999,
      8.529501999999999,
      2.735878,
      0.80467,
      2.092142,
      4.345218,
      2.41401,
      2.2530759999999996,
      7.0810960000000005,
      1.60934,
      6.759228,
      10.299776000000001,
      2.092142,
      11.587248,
      6.276426,
      13.035654,
      2.41401,
      0.80467,
      0.9656039999999999
    ],
    [
      0.32186800000000004,
      6.598293999999999,
      1.448406,
      2.41401,
      1.9312079999999998,
      2.5749440000000003,
      9.012303999999999,
      2.2530759999999996,
      6.598293999999999,
      1.9312079999999998,
      2.092142,
      11.748182,
      1.9312079999999998,
      5.63269,
      0.0,
      4.345218,
      5.793624,
      7.402963999999999,
      1.60934,
      5.310822,
      5.63269,
      5.793624,
      3.8624159999999996,
      8.207633999999999,
      12.87472,
      9.977908000000001,
      2.41401,
      4.82802,
      2.5749440000000003,
      1.7702740000000001,
      5.9545580000000005,
      15.28873,
      3.7014819999999995,
      2.41401,
      8.690436,
      5.793624,
      8.207633999999999,
      10.299776000000001,
      15.932466,
      6.9201619999999995,
      3.21868,
      10.138842,
      2.896812,
      4.345218,
      6.276426,
      1.7702740000000001,
      4.345218,
      6.43736,
      8.690436,
      4.667085999999999,
      9.495106,
      6.759228,
      6.276426,
      4.9889540000000006,
      7.885766,
      14.644993999999999,
      6.9201619999999995,
      5.149888000000001,
      4.9889540000000006
    ],
    [
      4.506151999999999,
      0.80467,
      4.667085999999999,
      0.9656039999999999,
      1.1265379999999998,
      6.276426,
      9.173238,
      0.32186800000000004,
      0.80467,
      0.9656039999999999,
      5.9545580000000005,
      14.805927999999998,
      5.471756,
      0.80467,
      4.345218,
      0.0,
      0.32186800000000004,
      10.782578,
      1.9312079999999998,
      1.1265379999999998,
      5.310822,
      0.16093400000000002,
      4.345218,
      7.885766,
      12.391918,
      11.104446000000001,
      0.16093400000000002,
      4.345218,
      0.6437360000000001,
      0.80467,
      5.63269,
      14.966862,
      3.21868,
      0.32186800000000004,
      12.07005,
      0.371,
      10.943512,
      9.977908000000001,
      15.610598,
      6.598293999999999,
      4.345218,
      9.65604,
      2.896812,
      0.417,
      6.115492,
      2.092142,
      0.80467,
      0.80467,
      8.368568,
      4.506151999999999,
      9.173238,
      8.529501999999999,
      6.115492,
      6.115492,
      7.402963999999999,
      14.162192000000001,
      6.598293999999999,
      0.80467,
      4.506151999999999
    ],
    [
      5.63269,
      2.2530759999999996,
      5.9545580000000005,
      1.1265379999999998,
      5.793624,
      4.667085999999999,
      12.07005,
      0.6437360000000001,
      1.2874720000000002,
      5.793624,
      6.598293999999999,
      15.932466,
      5.793624,
      0.48280199999999995,
      5.793624,
      0.32186800000000004,
      0.0,
      12.87472,
      4.82802,
      2.735878,
      1.448406,
      0.32186800000000004,
      2.735878,
      6.9201619999999995,
      12.552852,
      20.11675,
      0.48280199999999995,
      0.9656039999999999,
      0.80467,
      3.8624159999999996,
      0.9656039999999999,
      10.621644,
      0.9656039999999999,
      0.48280199999999995,
      12.87472,
      0.16093400000000002,
      11.587248,
      5.63269,
      11.26538,
      5.63269,
      8.207633999999999,
      8.690436,
      3.057746,
      0.32186800000000004,
      1.60934,
      4.667085999999999,
      0.80467,
      1.7702740000000001,
      7.402963999999999,
      1.9312079999999998,
      6.9201619999999995,
      10.782578,
      1.60934,
      11.909116000000001,
      6.43736,
      13.196587999999998,
      2.735878,
      2.41401,
      0.80467
    ],
    [
      7.563898,
      13.518456,
      6.115492,
      7.402963999999999,
      7.24203,
      10.943512,
      1.1265379999999998,
      10.621644,
      13.67939,
      7.24203,
      7.402963999999999,
      6.276426,
      8.529501999999999,
      12.552852,
      7.402963999999999,
      10.782578,
      12.87472,
      0.0,
      10.138842,
      9.65604,
      12.87472,
      13.196587999999998,
      11.909116000000001,
      10.621644,
      28.324384000000002,
      3.7014819999999995,
      11.26538,
      9.173238,
      7.885766,
      7.0810960000000005,
      13.357522000000001,
      18.990212,
      8.0467,
      11.26538,
      14.162192000000001,
      13.196587999999998,
      17.380872,
      14.001257999999998,
      24.301033999999998,
      10.46071,
      6.759228,
      12.552852,
      7.724831999999999,
      8.690436,
      13.67939,
      6.43736,
      8.690436,
      13.840323999999999,
      11.104446000000001,
      12.07005,
      13.035654,
      3.7014819999999995,
      13.67939,
      2.5749440000000003,
      9.977908000000001,
      18.50741,
      14.323126,
      9.495106,
      9.334171999999999
    ],
    [
      1.7702740000000001,
      1.1265379999999998,
      3.057746,
      2.5749440000000003,
      2.092142,
      2.735878,
      9.012303999999999,
      1.60934,
      5.471756,
      2.092142,
      3.5405480000000003,
      15.28873,
      2.735878,
      4.506151999999999,
      1.60934,
      1.9312079999999998,
      4.82802,
      10.138842,
      0.0,
      5.793624,
      3.8624159999999996,
      4.02335,
      2.896812,
      8.529501999999999,
      15.449663999999999,
      16.415267999999998,
      2.2530759999999996,
      5.310822,
      2.5749440000000003,
      2.41401,
      4.184284,
      13.518456,
      4.02335,
      2.2530759999999996,
      10.621644,
      4.184284,
      9.495106,
      8.529501999999999,
      14.162192000000001,
      7.402963999999999,
      4.506151999999999,
      10.46071,
      3.7014819999999995,
      4.667085999999999,
      0.6437360000000001,
      2.896812,
      5.793624,
      4.667085999999999,
      9.012303999999999,
      3.057746,
      9.816974,
      7.0810960000000005,
      0.80467,
      8.368568,
      8.207633999999999,
      14.966862,
      5.149888000000001,
      5.63269,
      5.471756
    ],
    [
      5.471756,
      4.02335,
      5.63269,
      3.8624159999999996,
      4.345218,
      6.276426,
      13.840323999999999,
      3.8624159999999996,
      4.184284,
      4.345218,
      8.368568,
      14.644993999999999,
      7.563898,
      2.41401,
      5.310822,
      1.1265379999999998,
      2.735878,
      9.65604,
      5.793624,
      0.0,
      2.896812,
      3.057746,
      4.506151999999999,
      5.9545580000000005,
      10.138842,
      19.151146,
      3.379614,
      0.48280199999999995,
      0.48280199999999995,
      2.896812,
      1.1265379999999998,
      11.26538,
      0.32186800000000004,
      3.379614,
      14.48406,
      3.057746,
      13.196587999999998,
      6.276426,
      11.909116000000001,
      4.02335,
      5.63269,
      7.724831999999999,
      0.32186800000000004,
      2.735878,
      4.184284,
      3.7014819999999995,
      0.48280199999999995,
      4.184284,
      6.43736,
      3.7014819999999995,
      5.9545580000000005,
      9.012303999999999,
      4.184284,
      6.759228,
      5.471756,
      12.230984,
      3.057746,
      0.6437360000000001,
      0.48280199999999995
    ],
    [
      5.310822,
      2.092142,
      5.793624,
      4.9889540000000006,
      5.63269,
      4.345218,
      11.909116000000001,
      5.149888000000001,
      2.092142,
      5.63269,
      6.276426,
      15.771532,
      5.63269,
      0.9656039999999999,
      5.63269,
      5.310822,
      1.448406,
      12.87472,
      3.8624159999999996,
      2.896812,
      0.0,
      1.2874720000000002,
      2.092142,
      7.402963999999999,
      12.713786,
      20.599552000000003,
      5.310822,
      2.5749440000000003,
      4.02335,
      4.345218,
      1.448406,
      10.782578,
      3.5405480000000003,
      5.310822,
      12.230984,
      1.2874720000000002,
      10.943512,
      5.793624,
      11.426314,
      6.115492,
      7.563898,
      9.173238,
      3.5405480000000003,
      4.184284,
      1.9312079999999998,
      5.9545580000000005,
      3.057746,
      1.9312079999999998,
      7.724831999999999,
      0.80467,
      7.0810960000000005,
      10.138842,
      1.9312079999999998,
      11.426314,
      6.9201619999999995,
      13.67939,
      2.2530759999999996,
      2.896812,
      2.735878
    ],
    [
      5.63269,
      1.1265379999999998,
      6.115492,
      1.1265379999999998,
      5.793624,
      4.667085999999999,
      12.07005,
      0.48280199999999995,
      1.1265379999999998,
      5.793624,
      6.598293999999999,
      15.932466,
      5.793624,
      0.6437360000000001,
      5.793624,
      0.16093400000000002,
      0.32186800000000004,
      13.196587999999998,
      4.02335,
      3.057746,
      1.2874720000000002,
      0.0,
      2.735878,
      7.402963999999999,
      12.87472,
      20.760486,
      0.32186800000000004,
      2.735878,
      0.80467,
      4.506151999999999,
      1.1265379999999998,
      10.943512,
      3.7014819999999995,
      0.32186800000000004,
      12.713786,
      0.348,
      11.426314,
      5.9545580000000005,
      11.587248,
      6.276426,
      8.0467,
      9.334171999999999,
      3.7014819999999995,
      0.32186800000000004,
      1.2874720000000002,
      5.149888000000001,
      0.80467,
      0.9656039999999999,
      7.885766,
      0.9656039999999999,
      7.24203,
      10.621644,
      1.2874720000000002,
      11.748182,
      7.0810960000000005,
      13.840323999999999,
      2.5749440000000003,
      0.80467,
      2.896812
    ],
    [
      3.7014819999999995,
      3.379614,
      4.82802,
      4.9889540000000006,
      4.506151999999999,
      2.5749440000000003,
      10.782578,
      4.02335,
      3.5405480000000003,
      4.506151999999999,
      5.310822,
      17.059003999999998,
      3.8624159999999996,
      2.41401,
      3.8624159999999996,
      4.345218,
      2.735878,
      11.909116000000001,
      2.896812,
      4.506151999999999,
      2.092142,
      2.735878,
      0.0,
      8.690436,
      14.001257999999998,
      18.024607999999997,
      3.8624159999999996,
      3.8624159999999996,
      4.184284,
      4.02335,
      2.735878,
      12.07005,
      4.82802,
      3.8624159999999996,
      10.782578,
      2.735878,
      9.495106,
      7.0810960000000005,
      12.713786,
      7.402963999999999,
      6.115492,
      10.46071,
      4.82802,
      5.471756,
      0.9656039999999999,
      4.506151999999999,
      4.345218,
      3.21868,
      9.012303999999999,
      0.80467,
      8.529501999999999,
      8.690436,
      3.21868,
      9.816974,
      8.207633999999999,
      14.966862,
      3.5405480000000003,
      4.184284,
      4.02335
    ],
    [
      8.368568,
      8.207633999999999,
      8.529501999999999,
      6.759228,
      7.402963999999999,
      10.621644,
      11.26538,
      6.759228,
      8.368568,
      7.24203,
      9.816974,
      7.724831999999999,
      9.334171999999999,
      6.598293999999999,
      8.207633999999999,
      7.885766,
      6.9201619999999995,
      10.621644,
      8.529501999999999,
      5.9545580000000005,
      7.402963999999999,
      7.402963999999999,
      8.690436,
      0.0,
      10.138842,
      10.943512,
      7.0810960000000005,
      5.793624,
      6.276426,
      6.43736,
      6.9201619999999995,
      14.805927999999998,
      5.63269,
      7.0810960000000005,
      25.588506,
      7.563898,
      17.059003999999998,
      9.816974,
      8.690436,
      4.667085999999999,
      8.368568,
      2.41401,
      5.63269,
      6.43736,
      8.529501999999999,
      7.24203,
      6.276426,
      8.690436,
      1.1265379999999998,
      8.0467,
      7.24203,
      12.552852,
      8.529501999999999,
      9.495106,
      4.506151999999999,
      4.184284,
      7.563898,
      6.115492,
      5.793624
    ],
    [
      16.89807,
      13.67939,
      17.380872,
      11.26538,
      11.909116000000001,
      15.932466,
      28.807185999999998,
      11.426314,
      13.67939,
      11.909116000000001,
      17.863674,
      20.438617999999998,
      17.219938,
      12.391918,
      12.87472,
      12.391918,
      12.552852,
      28.324384000000002,
      15.449663999999999,
      10.138842,
      12.713786,
      12.87472,
      14.001257999999998,
      10.138842,
      0.0,
      25.105704,
      13.518456,
      9.495106,
      12.713786,
      13.035654,
      10.46071,
      4.82802,
      12.230984,
      13.518456,
      22.369826,
      10.943512,
      21.082354,
      7.563898,
      3.5405480000000003,
      7.0810960000000005,
      17.70274,
      8.85137,
      12.230984,
      12.87472,
      12.07005,
      13.67939,
      9.977908000000001,
      12.07005,
      8.85137,
      11.587248,
      5.310822,
      20.277684,
      12.07005,
      14.001257999999998,
      10.621644,
      8.207633999999999,
      10.138842,
      9.816974,
      9.65604
    ],
    [
      10.138842,
      21.565156,
      8.690436,
      9.977908000000001,
      9.816974,
      18.346476,
      4.184284,
      10.943512,
      21.565156,
      9.816974,
      9.173238,
      3.21868,
      15.932466,
      19.955816000000002,
      9.977908000000001,
      11.104446000000001,
      20.11675,
      3.7014819999999995,
      16.415267999999998,
      19.151146,
      20.599552000000003,
      20.760486,
      18.024607999999997,
      10.943512,
      25.105704,
      0.0,
      10.943512,
      19.151146,
      10.46071,
      9.65604,
      20.438617999999998,
      28.646252,
      19.151146,
      10.943512,
      11.748182,
      20.92142,
      14.966862,
      23.174496,
      21.565156,
      18.185542,
      8.0467,
      16.254334,
      10.299776000000001,
      19.955816000000002,
      22.047957999999998,
      9.012303999999999,
      19.633948,
      22.047957999999998,
      15.449663999999999,
      15.449663999999999,
      20.760486,
      7.24203,
      22.047957999999998,
      5.149888000000001,
      17.863674,
      15.610598,
      20.92142,
      19.473014,
      19.31208
    ],
    [
      2.5749440000000003,
      0.80467,
      4.02335,
      1.7702740000000001,
      0.9656039999999999,
      3.8624159999999996,
      10.138842,
      0.48280199999999995,
      0.80467,
      0.9656039999999999,
      4.506151999999999,
      12.552852,
      3.5405480000000003,
      0.9656039999999999,
      2.41401,
      0.16093400000000002,
      0.48280199999999995,
      11.26538,
      2.2530759999999996,
      3.379614,
      5.310822,
      0.32186800000000004,
      3.8624159999999996,
      7.0810960000000005,
      13.518456,
      10.943512,
      0.0,
      3.21868,
      0.9656039999999999,
      0.9656039999999999,
      5.471756,
      13.357522000000001,
      2.092142,
      0.16093400000000002,
      11.909116000000001,
      0.16093400000000002,
      10.782578,
      8.368568,
      14.001257999999998,
      5.471756,
      4.184284,
      8.529501999999999,
      1.7702740000000001,
      0.32186800000000004,
      0.9656039999999999,
      1.9312079999999998,
      0.9656039999999999,
      0.80467,
      7.0810960000000005,
      4.345218,
      7.885766,
      8.368568,
      0.9656039999999999,
      5.9545580000000005,
      6.276426,
      13.035654,
      6.43736,
      0.9656039999999999,
      3.379614
    ],
    [
      4.9889540000000006,
      3.5405480000000003,
      5.149888000000001,
      3.21868,
      3.8624159999999996,
      5.793624,
      13.357522000000001,
      3.379614,
      3.5405480000000003,
      3.8624159999999996,
      7.724831999999999,
      14.162192000000001,
      7.0810960000000005,
      1.9312079999999998,
      4.82802,
      4.345218,
      0.9656039999999999,
      9.173238,
      5.310822,
      0.48280199999999995,
      2.5749440000000003,
      2.735878,
      3.8624159999999996,
      5.793624,
      9.495106,
      19.151146,
      3.21868,
      0.0,
      0.80467,
      3.379614,
      0.6437360000000001,
      11.748182,
      0.48280199999999995,
      4.02335,
      14.966862,
      3.7014819999999995,
      13.840323999999999,
      6.9201619999999995,
      12.552852,
      4.667085999999999,
      6.276426,
      8.207633999999999,
      0.6437360000000001,
      3.379614,
      4.667085999999999,
      4.184284,
      0.48280199999999995,
      4.82802,
      6.9201619999999995,
      4.184284,
      6.43736,
      9.495106,
      4.667085999999999,
      7.24203,
      6.115492,
      12.87472,
      3.7014819999999995,
      0.48280199999999995,
      0.16093400000000002
    ],
    [
      2.735878,
      4.9889540000000006,
      2.896812,
      0.80467,
      0.80467,
      4.184284,
      10.46071,
      0.6437360000000001,
      4.9889540000000006,
      0.9656039999999999,
      4.184284,
      12.230984,
      3.7014819999999995,
      3.379614,
      2.5749440000000003,
      0.6437360000000001,
      0.80467,
      7.885766,
      2.5749440000000003,
      0.48280199999999995,
      4.02335,
      0.80467,
      4.184284,
      6.276426,
      12.713786,
      10.46071,
      0.9656039999999999,
      0.80467,
      0.0,
      0.6437360000000001,
      4.02335,
      12.87472,
      0.48280199999999995,
      1.448406,
      12.391918,
      0.80467,
      11.26538,
      7.885766,
      13.518456,
      4.9889540000000006,
      4.02335,
      8.0467,
      0.48280199999999995,
      0.80467,
      6.43736,
      1.7702740000000001,
      0.16093400000000002,
      6.598293999999999,
      6.598293999999999,
      4.82802,
      7.402963999999999,
      9.012303999999999,
      6.43736,
      5.793624,
      5.793624,
      12.552852,
      4.506151999999999,
      0.48280199999999995,
      0.6437360000000001
    ],
    [
      1.9312079999999998,
      1.2874720000000002,
      2.092142,
      0.466,
      0.32186800000000004,
      4.02335,
      7.563898,
      0.6437360000000001,
      5.310822,
      0.48280199999999995,
      3.379614,
      11.26538,
      2.896812,
      3.7014819999999995,
      1.7702740000000001,
      0.80467,
      3.8624159999999996,
      7.0810960000000005,
      2.41401,
      2.896812,
      4.345218,
      4.506151999999999,
      4.02335,
      6.43736,
      13.035654,
      9.65604,
      0.9656039999999999,
      3.379614,
      0.6437360000000001,
      0.0,
      4.184284,
      13.035654,
      1.9312079999999998,
      1.60934,
      12.230984,
      5.793624,
      11.104446000000001,
      8.207633999999999,
      13.840323999999999,
      5.149888000000001,
      3.057746,
      8.368568,
      1.1265379999999998,
      0.80467,
      6.276426,
      0.80467,
      0.80467,
      6.43736,
      6.9201619999999995,
      4.667085999999999,
      7.724831999999999,
      6.598293999999999,
      6.276426,
      4.82802,
      6.115492,
      12.87472,
      4.82802,
      3.379614,
      3.057746
    ],
    [
      5.793624,
      2.41401,
      6.115492,
      4.506151999999999,
      5.9545580000000005,
      4.667085999999999,
      12.230984,
      5.471756,
      2.5749440000000003,
      5.9545580000000005,
      6.759228,
      15.28873,
      5.9545580000000005,
      0.6437360000000001,
      5.9545580000000005,
      5.63269,
      0.9656039999999999,
      13.357522000000001,
      4.184284,
      1.1265379999999998,
      1.448406,
      1.1265379999999998,
      2.735878,
      6.9201619999999995,
      10.46071,
      20.438617999999998,
      5.471756,
      0.6437360000000001,
      4.02335,
      4.184284,
      0.0,
      10.138842,
      0.9656039999999999,
      3.8624159999999996,
      13.196587999999998,
      1.1265379999999998,
      11.909116000000001,
      5.149888000000001,
      10.782578,
      4.184284,
      5.9545580000000005,
      8.0467,
      2.41401,
      3.057746,
      2.735878,
      4.02335,
      0.80467,
      2.896812,
      6.759228,
      2.2530759999999996,
      6.598293999999999,
      11.104446000000001,
      2.735878,
      7.0810960000000005,
      5.793624,
      12.552852,
      1.9312079999999998,
      0.48280199999999995,
      0.6437360000000001
    ],
    [
      14.966862,
      11.748182,
      15.449663999999999,
      13.357522000000001,
      14.001257999999998,
      14.001257999999998,
      21.565156,
      13.518456,
      11.748182,
      15.127796,
      15.932466,
      23.657297999999997,
      15.28873,
      10.46071,
      15.28873,
      14.966862,
      10.621644,
      18.990212,
      13.518456,
      11.26538,
      10.782578,
      10.943512,
      12.07005,
      14.805927999999998,
      4.82802,
      28.646252,
      13.357522000000001,
      11.748182,
      12.87472,
      13.035654,
      10.138842,
      0.0,
      11.909116000000001,
      13.196587999999998,
      22.047957999999998,
      10.621644,
      20.760486,
      7.24203,
      8.529501999999999,
      12.391918,
      17.380872,
      14.48406,
      11.748182,
      12.552852,
      11.587248,
      13.357522000000001,
      11.748182,
      11.748182,
      14.805927999999998,
      11.104446000000001,
      10.782578,
      19.955816000000002,
      11.587248,
      16.576202000000002,
      14.48406,
      12.07005,
      9.816974,
      11.587248,
      11.426314
    ],
    [
      3.8624159999999996,
      4.506151999999999,
      4.02335,
      2.092142,
      2.735878,
      5.63269,
      8.529501999999999,
      2.2530759999999996,
      4.506151999999999,
      2.735878,
      5.310822,
      14.162192000000001,
      4.82802,
      2.896812,
      3.7014819999999995,
      3.21868,
      0.9656039999999999,
      8.0467,
      4.02335,
      0.32186800000000004,
      3.5405480000000003,
      3.7014819999999995,
      4.82802,
      5.63269,
      12.230984,
      19.151146,
      2.092142,
      0.48280199999999995,
      0.48280199999999995,
      1.9312079999999998,
      0.9656039999999999,
      11.909116000000001,
      0.0,
      1.60934,
      12.87472,
      4.345218,
      11.748182,
      7.724831999999999,
      13.357522000000001,
      4.667085999999999,
      4.506151999999999,
      7.885766,
      0.16093400000000002,
      0.9656039999999999,
      5.310822,
      2.41401,
      0.32186800000000004,
      5.471756,
      6.43736,
      5.310822,
      7.24203,
      9.334171999999999,
      5.310822,
      6.276426,
      5.63269,
      12.391918,
      4.345218,
      0.32186800000000004,
      0.32186800000000004
    ],
    [
      2.5749440000000003,
      6.43736,
      4.02335,
      1.7702740000000001,
      1.1265379999999998,
      3.8624159999999996,
      10.138842,
      0.48280199999999995,
      0.48280199999999995,
      1.1265379999999998,
      4.667085999999999,
      12.713786,
      3.5405480000000003,
      0.9656039999999999,
      2.41401,
      0.32186800000000004,
      0.48280199999999995,
      11.26538,
      2.2530759999999996,
      3.379614,
      5.310822,
      0.32186800000000004,
      3.8624159999999996,
      7.0810960000000005,
      13.518456,
      10.943512,
      0.16093400000000002,
      4.02335,
