{
  "drive_dist_matrix": [
    [
      0.0,
      16.0934,
      4.9889540000000006,
      7.885766,
      14.323126,
      11.748182,
      8.529501999999999,
      8.368568,
      16.576202000000002,
      4.345218,
      3.379614,
      32.99147,
      13.357522000000001,
      7.24203,
      13.035654,
      19.473014,
      18.346476,
      4.02335,
      12.713786
    ],
    [
      16.0934,
      0.0,
      12.552852,
      10.621644,
      2.735878,
      5.9545580000000005,
      11.748182,
      8.207633999999999,
      3.379614,
      15.610598,
      14.001257999999998,
      34.60081,
      8.690436,
      9.173238,
      23.657297999999997,
      22.047957999999998,
      23.979166,
      20.11675,
      14.48406
    ],
    [
      4.9889540000000006,
      12.552852,
      0.0,
      2.735878,
      10.782578,
      8.207633999999999,
      4.345218,
      5.149888000000001,
      13.035654,
      4.345218,
      2.735878,
      27.519714,
      9.816974,
      4.345218,
      12.552852,
      14.966862,
      14.001257999999998,
      8.85137,
      7.24203
    ],
    [
      7.885766,
      10.621644,
      2.735878,
      0.0,
      8.85137,
      6.276426,
      3.5405480000000003,
      2.896812,
      11.104446000000001,
      7.24203,
      5.63269,
      26.232242,
      7.885766,
      1.60934,
      14.48406,
      13.67939,
      15.449663999999999,
      11.748182,
      5.9545580000000005
    ],
    [
      14.323126,
      2.735878,
      10.782578,
      8.85137,
      0.0,
      4.184284,
      9.977908000000001,
      6.276426,
      3.057746,
      13.67939,
      12.07005,
      32.830535999999995,
      6.759228,
      7.24203,
      21.72609,
      20.277684,
      22.208892000000002,
      18.185542,
      12.552852
    ],
    [
      11.748182,
      5.9545580000000005,
      8.207633999999999,
      6.276426,
      4.184284,
      0.0,
      7.402963999999999,
      3.7014819999999995,
      10.299776000000001,
      11.104446000000001,
      9.495106,
      30.255592,
      6.759228,
      4.667085999999999,
      19.151146,
      17.70274,
      19.473014,
      15.610598,
      9.977908000000001
    ],
    [
      8.529501999999999,
      11.748182,
      4.345218,
      3.5405480000000003,
      9.977908000000001,
      7.402963999999999,
      0.0,
      4.506151999999999,
      12.391918,
      7.885766,
      6.115492,
      25.74944,
      9.173238,
      5.310822,
      12.87472,
      9.65604,
      13.196587999999998,
      13.196587999999998,
      2.5749440000000003
    ],
    [
      8.368568,
      8.207633999999999,
      5.149888000000001,
      2.896812,
      6.276426,
      3.7014819999999995,
      4.506151999999999,
      0.0,
      8.690436,
      7.885766,
      6.276426,
      27.197846,
      5.471756,
      1.448406,
      16.0934,
      14.644993999999999,
      16.415267999999998,
      12.230984,
      6.9201619999999995
    ],
    [
      16.576202000000002,
      3.379614,
      13.035654,
      11.104446000000001,
      3.057746,
      10.299776000000001,
      12.391918,
      8.690436,
      0.0,
      16.0934,
      14.48406,
      35.083612,
      8.0467,
      9.495106,
      23.979166,
      22.53076,
      24.461968,
      20.438617999999998,
      14.805927999999998
    ],
    [
      4.345218,
      15.610598,
      4.345218,
      7.24203,
      13.67939,
      11.104446000000001,
      7.885766,
      7.885766,
      16.0934,
      0.0,
      3.379614,
      32.347734,
      12.87472,
      6.598293999999999,
      14.644993999999999,
      19.794882,
      17.70274,
      8.207633999999999,
      12.07005
    ],
    [
      3.379614,
      14.001257999999998,
      2.735878,
      5.63269,
      12.07005,
      9.495106,
      6.115492,
      6.276426,
      14.48406,
      3.379614,
      0.0,
      30.416525999999998,
      10.782578,
      4.667085999999999,
      12.07005,
      17.863674,
      15.771532,
      6.9201619999999995,
      10.138842
    ],
    [
      32.99147,
      34.60081,
      27.519714,
      26.232242,
      32.830535999999995,
      30.255592,
      25.74944,
      27.197846,
      35.083612,
      32.347734,
      30.416525999999998,
      0.0,
      23.013562,
      28.485318,
      38.141358,
      25.427572,
      32.347734,
      37.336687999999995,
      23.496364
    ],
    [
      13.357522000000001,
      8.690436,
      9.816974,
      7.885766,
      6.759228,
      6.759228,
      9.173238,
      5.471756,
      8.0467,
      12.87472,
      10.782578,
      23.013562,
      0.0,
      6.276426,
      22.047957999999998,
      11.909116000000001,
      22.369826,
      17.219938,
      7.563898
    ],
    [
      7.24203,
      9.173238,
      4.345218,
      1.60934,
      7.24203,
      4.667085999999999,
      5.310822,
      1.448406,
      9.495106,
      6.598293999999999,
      4.667085999999999,
      28.485318,
      6.276426,
      0.0,
      16.737136,
      15.449663999999999,
      17.380872,
      11.104446000000001,
      7.885766
    ],
    [
      13.035654,
      23.657297999999997,
      12.552852,
      14.48406,
      21.72609,
      19.151146,
      12.87472,
      16.0934,
      23.979166,
      14.644993999999999,
      12.07005,
      38.141358,
      22.047957999999998,
      16.737136,
      0.0,
      23.174496,
      20.11675,
      17.059003999999998,
      14.966862
    ],
    [
      19.473014,
      22.047957999999998,
      14.966862,
      13.67939,
      20.277684,
      17.70274,
      9.65604,
      14.644993999999999,
      22.53076,
      19.794882,
      17.863674,
      25.427572,
      11.909116000000001,
      15.449663999999999,
      23.174496,
      0.0,
      12.230984,
      24.301033999999998,
      8.0467
    ],
    [
      18.346476,
      23.979166,
      14.001257999999998,
      15.449663999999999,
      22.208892000000002,
      19.473014,
      13.196587999999998,
      16.415267999999998,
      24.461968,
      17.70274,
      15.771532,
      32.347734,
      22.369826,
      17.380872,
      20.11675,
      12.230984,
      0.0,
      23.33543,
      17.541806
    ],
    [
      4.02335,
      20.11675,
      8.85137,
      11.748182,
      18.185542,
      15.610598,
      13.196587999999998,
      12.230984,
      20.438617999999998,
      8.207633999999999,
      6.9201619999999995,
      37.336687999999995,
      17.219938,
      11.104446000000001,
      17.059003999999998,
      24.301033999999998,
      23.33543,
      0.0,
      16.576202000000002
    ],
    [
      12.713786,
      14.48406,
      7.24203,
      5.9545580000000005,
      12.552852,
      9.977908000000001,
      2.5749440000000003,
      6.9201619999999995,
      14.805927999999998,
      12.07005,
      10.138842,
      23.496364,
      7.563898,
      7.885766,
      14.966862,
      8.0467,
      17.541806,
      16.576202000000002,
      0.0
    ]
  ],
  "drive_time_matrix": [
    [
      0.0,
      21.0,
      8.0,
      11.0,
      19.0,
      18.0,
      13.0,
      13.0,
      22.0,
      7.0,
      5.0,
      26.0,
      20.0,
      10.0,
      17.0,
      26.0,
      23.0,
      10.0,
      16.0
    ],
    [
      21.0,
      0.0,
      16.0,
      14.0,
      7.0,
      9.0,
      16.0,
      11.0,
      9.0,
      20.0,
      19.0,
      28.0,
      14.0,
      12.0,
      28.0,
      26.0,
      26.0,
      31.0,
      17.0
    ],
    [
      8.0,
      16.0,
      0.0,
      4.0,
      13.0,
      12.0,
      8.0,
      9.0,
      16.0,
      8.0,
      6.0,
      21.0,
      14.0,
      6.0,
      16.0,
      19.0,
      18.0,
      19.0,
      10.0
    ],
    [
      11.0,
      14.0,
      4.0,
      0.0,
      11.0,
      10.0,
      8.0,
      5.0,
      15.0,
      10.0,
      9.0,
      20.0,
      12.0,
      3.0,
      18.0,
      18.0,
      18.0,
      21.0,
      9.0
    ],
    [
      19.0,
      7.0,
      13.0,
      11.0,
      0.0,
      6.0,
      12.0,
      8.0,
      7.0,
      17.0,
      15.0,
      25.0,
      11.0,
      8.0,
      25.0,
      23.0,
      22.0,
      28.0,
      14.0
    ],
    [
      18.0,
      9.0,
      12.0,
      10.0,
      6.0,
      0.0,
      11.0,
      7.0,
      15.0,
      16.0,
      14.0,
      24.0,
      11.0,
      7.0,
      23.0,
      22.0,
      21.0,
      26.0,
      13.0
    ],
    [
      13.0,
      16.0,
      8.0,
      8.0,
      12.0,
      11.0,
      0.0,
      7.0,
      15.0,
      12.0,
      9.0,
      17.0,
      12.0,
      7.0,
      16.0,
      15.0,
      15.0,
      23.0,
      6.0
    ],
    [
      13.0,
      11.0,
      9.0,
      5.0,
      8.0,
      7.0,
      7.0,
      0.0,
      12.0,
      11.0,
      9.0,
      20.0,
      10.0,
      3.0,
      20.0,
      18.0,
      18.0,
      22.0,
      9.0
    ],
    [
      22.0,
      9.0,
      16.0,
      15.0,
      7.0,
      15.0,
      15.0,
      12.0,
      0.0,
      20.0,
      18.0,
      28.0,
      15.0,
      11.0,
      27.0,
      26.0,
      26.0,
      31.0,
      17.0
    ],
    [
      7.0,
      20.0,
      8.0,
      10.0,
      17.0,
      16.0,
      12.0,
      11.0,
      20.0,
      0.0,
      6.0,
      26.0,
      18.0,
      9.0,
      19.0,
      23.0,
      22.0,
      17.0,
      15.0
    ],
    [
      5.0,
      19.0,
      6.0,
      9.0,
      15.0,
      14.0,
      9.0,
      9.0,
      18.0,
      6.0,
      0.0,
      23.0,
      16.0,
      7.0,
      15.0,
      20.0,
      19.0,
      14.0,
      12.0
    ],
    [
      26.0,
      28.0,
      21.0,
      20.0,
      25.0,
      24.0,
      17.0,
      20.0,
      28.0,
      26.0,
      23.0,
      0.0,
      20.0,
      22.0,
      32.0,
      24.0,
      31.0,
      38.0,
      19.0
    ],
    [
      20.0,
      14.0,
      14.0,
      12.0,
      11.0,
      11.0,
      12.0,
      10.0,
      15.0,
      18.0,
      16.0,
      20.0,
      0.0,
      9.0,
      25.0,
      17.0,
      23.0,
      28.0,
      11.0
    ],
    [
      10.0,
      12.0,
      6.0,
      3.0,
      8.0,
      7.0,
      7.0,
      3.0,
      11.0,
      9.0,
      7.0,
      22.0,
      9.0,
      0.0,
      19.0,
      18.0,
      18.0,
      20.0,
      10.0
    ],
    [
      17.0,
      28.0,
      16.0,
      18.0,
      25.0,
      23.0,
      16.0,
      20.0,
      27.0,
      19.0,
      15.0,
      32.0,
      25.0,
      19.0,
      0.0,
      28.0,
      21.0,
      27.0,
      20.0
    ],
    [
      26.0,
      26.0,
      19.0,
      18.0,
      23.0,
      22.0,
      15.0,
      18.0,
      26.0,
      23.0,
      20.0,
      24.0,
      17.0,
      18.0,
      28.0,
      0.0,
      16.0,
      34.0,
      13.0
    ],
    [
      23.0,
      26.0,
      18.0,
      18.0,
      22.0,
      21.0,
      15.0,
      18.0,
      26.0,
      22.0,
      19.0,
      31.0,
      23.0,
      18.0,
      21.0,
      16.0,
      0.0,
      33.0,
      18.0
    ],
    [
      10.0,
      31.0,
      19.0,
      21.0,
      28.0,
      26.0,
      23.0,
      22.0,
      31.0,
      17.0,
      14.0,
      38.0,
      28.0,
      20.0,
      27.0,
      34.0,
      33.0,
      0.0,
      25.0
    ],
    [
      16.0,
      17.0,
      10.0,
      9.0,
      14.0,
      13.0,
      6.0,
      9.0,
      17.0,
      15.0,
      12.0,
      19.0,
      11.0,
      10.0,
      20.0,
      13.0,
      18.0,
      25.0,
      0.0
    ]
  ],
  "transit_dist_walk_matrix": [
    [
      0.0,
      NaN,
      NaN,
      NaN,
      NaN,
      NaN,
      NaN,
      NaN,
      NaN,
      NaN,
      NaN,
      NaN,
      NaN,
      NaN,
      NaN,
      NaN,
      NaN,
      NaN,
      NaN
    ],
    [
      NaN,
      0.0,
      NaN,
      NaN,
      NaN,
      NaN,
      NaN,
      NaN,
      NaN,
      NaN,
      NaN,
      NaN,
      NaN,
      NaN,
      NaN,
      NaN,
      NaN,
      NaN,
      NaN
    ],
    [
      NaN,
      NaN,
      0.0,
      1.08329,
      2.66656,
      2.33324,
      0.41665,
      0.58331,
      1.74993,
      NaN,
      0.24999,
      NaN,
      2.91655,
      NaN,
      NaN,
      2.66656,
      NaN,
      NaN,
      1.74993
    ],
    [
      NaN,
      NaN,
      1.08329,
      0.0,
      3.3332,
      4.24983,
      1.08329,
      NaN,
      2.41657,
      NaN,
      0.74997,
      NaN,
      3.58319,
      NaN,
      NaN,
      3.3332,
      NaN,
      NaN,
      2.41657
    ],
    [
      NaN,
      NaN,
      2.66656,
      3.3332,
      0.0,
      3.74985,
      2.4999000000000002,
      1.99992,
      NaN,
      NaN,
      1.91659,
      NaN,
      4.66648,
      1.91659,
      NaN,
      4.4164900000000005,
      NaN,
      NaN,
      3.41653
    ],
    [
      NaN,
      NaN,
      2.33324,
      4.24983,
      3.74985,
      0.0,
      2.24991,
      NaN,
      2.08325,
      NaN,
      2.08325,
      NaN,
      4.83314,
      NaN,
      NaN,
      4.49982,
      NaN,
      NaN,
      3.49986
    ],
    [
      NaN,
      NaN,
      0.41665,
      1.08329,
      2.4999000000000002,
      2.24991,
      0.0,
      0.8333,
      1.99992,
      NaN,
      0.33332,
      NaN,
      3.58319,
      5.16646,
      NaN,
      3.3332,
      NaN,
      NaN,
      NaN
    ],
    [
      NaN,
      NaN,
      0.58331,
      NaN,
      1.99992,
      NaN,
      0.8333,
      0.0,
      0.41665,
      NaN,
      0.49998,
      NaN,
      3.16654,
      NaN,
      NaN,
      2.91655,
      NaN,
      NaN,
      1.91659
    ],
    [
      NaN,
      NaN,
      1.74993,
      2.41657,
      NaN,
      2.08325,
      1.99992,
      0.41665,
      0.0,
      NaN,
      0.33332,
      NaN,
      3.24987,
      1.41661,
      NaN,
      2.83322,
      NaN,
      NaN,
      1.8332600000000001
    ],
    [
      NaN,
      NaN,
      NaN,
      NaN,
      NaN,
      NaN,
      NaN,
      NaN,
      NaN,
      0.0,
      NaN,
      NaN,
      NaN,
      NaN,
      NaN,
      NaN,
      NaN,
      NaN,
      NaN
    ],
    [
      NaN,
      NaN,
      0.24999,
      0.74997,
      1.91659,
      2.08325,
      0.33332,
      0.49998,
      0.33332,
      NaN,
      0.0,
      NaN,
      2.91655,
      4.66648,
      NaN,
      2.66656,
      NaN,
      NaN,
      1.74993
    ],
    [
      NaN,
      NaN,
      NaN,
      NaN,
      NaN,
      NaN,
      NaN,
      NaN,
      NaN,
      NaN,
      NaN,
      0.0,
      NaN,
      NaN,
      NaN,
      NaN,
      NaN,
      NaN,
      NaN
    ],
    [
      NaN,
      NaN,
      2.91655,
      3.58319,
      4.66648,
      4.83314,
      3.58319,
      3.16654,
      3.24987,
      NaN,
      2.91655,
      NaN,
      0.0,
      3.3332,
      NaN,
      NaN,
      NaN,
      NaN,
      3.41653
    ],
    [
      NaN,
      NaN,
      NaN,
      NaN,
      1.91659,
      NaN,
      5.16646,
      NaN,
      1.41661,
      NaN,
      4.66648,
      NaN,
      3.3332,
      0.0,
      NaN,
      2.91655,
      NaN,
      NaN,
      5.8331
    ],
    [
      NaN,
      NaN,
      NaN,
      NaN,
      NaN,
      NaN,
      NaN,
      NaN,
      NaN,
      NaN,
      NaN,
      NaN,
      NaN,
      NaN,
      0.0,
      NaN,
      NaN,
      NaN,
      NaN
    ],
    [
      NaN,
      NaN,
      2.66656,
      3.3332,
      4.4164900000000005,
      4.49982,
      3.3332,
      2.91655,
      2.83322,
      NaN,
      2.66656,
      NaN,
      NaN,
      2.91655,
      NaN,
      0.0,
      NaN,
      NaN,
      3.91651
    ],
    [
      NaN,
      NaN,
      NaN,
      NaN,
      NaN,
      NaN,
      NaN,
      NaN,
      NaN,
      NaN,
      NaN,
      NaN,
      NaN,
      NaN,
      NaN,
      NaN,
      0.0,
      NaN,
      NaN
    ],
    [
      NaN,
      NaN,
      NaN,
      NaN,
      NaN,
      NaN,
      NaN,
      NaN,
      NaN,
      NaN,
      NaN,
      NaN,
      NaN,
      NaN,
      NaN,
      NaN,
      NaN,
      0.0,
      NaN
    ],
    [
      NaN,
      NaN,
      1.74993,
      2.41657,
      3.41653,
      3.49986,
      NaN,
      1.91659,
      1.8332600000000001,
      NaN,
      1.74993,
      NaN,
      3.41653,
      5.8331,
      NaN,
      3.91651,
      NaN,
      NaN,
      0.0
    ]
  ],
  "transit_time_matrix": [
    [
      0.0,
      NaN,
      NaN,
      NaN,
      NaN,
      NaN,
      NaN,
      NaN,
      NaN,
      NaN,
      NaN,
      NaN,
      NaN,
      NaN,
      NaN,
      NaN,
      NaN,
      NaN,
      NaN
    ],
    [
      NaN,
      0.0,
      NaN,
      NaN,
      NaN,
      NaN,
      NaN,
      NaN,
      NaN,
      NaN,
      NaN,
      NaN,
      NaN,
      NaN,
      NaN,
      NaN,
      NaN,
      NaN,
      NaN
    ],
    [
      NaN,
      NaN,
      0.0,
      20.0,
      79.0,
      864.0,
      18.0,
      9.0,
      16.0,
      NaN,
      6.0,
      NaN,
      857.0,
      NaN,
      NaN,
      19.0,
      NaN,
      NaN,
      35.0
    ],
    [
      NaN,
      NaN,
      20.0,
      0.0,
      11.0,
      77.0,
      19.0,
      0.0,
      69.0,
      NaN,
      21.0,
      NaN,
      12.0,
      NaN,
      NaN,
      97.0,
      NaN,
      NaN,
      9.0
    ],
    [
      NaN,
      NaN,
      79.0,
      11.0,
      0.0,
      79.0,
      51.0,
      8.0,
      0.0,
      NaN,
      76.0,
      NaN,
      883.0,
      8.0,
      NaN,
      122.0,
      NaN,
      NaN,
      65.0
    ],
    [
      NaN,
      NaN,
      864.0,
      77.0,
      79.0,
      0.0,
      53.0,
      0.0,
      80.0,
      NaN,
      70.0,
      NaN,
      11.0,
      0.0,
      NaN,
      22.0,
      NaN,
      NaN,
      13.0
    ],
    [
      NaN,
      NaN,
      18.0,
      19.0,
      51.0,
      53.0,
      0.0,
      42.0,
      15.0,
      NaN,
      38.0,
      NaN,
      72.0,
      69.0,
      NaN,
      76.0,
      NaN,
      NaN,
      0.0
    ],
    [
      NaN,
      NaN,
      9.0,
      0.0,
      8.0,
      0.0,
      42.0,
      0.0,
      63.0,
      NaN,
      49.0,
      NaN,
      67.0,
      NaN,
      NaN,
      109.0,
      NaN,
      NaN,
      9.0
    ],
    [
      NaN,
      NaN,
      16.0,
      69.0,
      0.0,
      80.0,
      15.0,
      63.0,
      0.0,
      NaN,
      74.0,
      NaN,
      15.0,
      56.0,
      NaN,
      26.0,
      NaN,
      NaN,
      63.0
    ],
    [
      NaN,
      NaN,
      NaN,
      NaN,
      NaN,
      NaN,
      NaN,
      NaN,
      NaN,
      0.0,
      NaN,
      NaN,
      NaN,
      NaN,
      NaN,
      NaN,
      NaN,
      NaN,
      NaN
    ],
    [
      NaN,
      NaN,
      6.0,
      21.0,
      76.0,
      70.0,
      38.0,
      49.0,
      74.0,
      NaN,
      0.0,
      NaN,
      863.0,
      98.0,
      NaN,
      102.0,
      NaN,
      NaN,
      12.0
    ],
    [
      NaN,
      NaN,
      NaN,
      NaN,
      NaN,
      NaN,
      NaN,
      NaN,
      NaN,
      NaN,
      NaN,
      0.0,
      NaN,
      NaN,
      NaN,
      NaN,
      NaN,
      NaN,
      NaN
    ],
    [
      NaN,
      NaN,
      857.0,
      12.0,
      883.0,
      11.0,
      72.0,
      67.0,
      15.0,
      NaN,
      863.0,
      NaN,
      0.0,
      58.0,
      NaN,
      NaN,
      NaN,
      NaN,
      11.0
    ],
    [
      NaN,
      NaN,
      NaN,
      NaN,
      8.0,
      0.0,
      69.0,
      NaN,
      56.0,
      NaN,
      98.0,
      NaN,
      58.0,
      0.0,
      NaN,
      106.0,
      NaN,
      NaN,
      10.0
    ],
    [
      NaN,
      NaN,
      NaN,
      NaN,
      NaN,
      NaN,
      NaN,
      NaN,
      NaN,
      NaN,
      NaN,
      NaN,
      NaN,
      NaN,
      0.0,
      NaN,
      NaN,
      NaN,
      NaN
    ],
    [
      NaN,
      NaN,
      19.0,
      97.0,
      122.0,
      22.0,
      76.0,
      109.0,
      26.0,
      NaN,
      102.0,
      NaN,
      NaN,
      106.0,
      NaN,
      0.0,
      NaN,
      NaN,
      13.0
    ],
    [
      NaN,
      NaN,
      NaN,
      NaN,
      NaN,
      NaN,
      NaN,
      NaN,
      NaN,
      NaN,
      NaN,
      NaN,
      NaN,
      NaN,
      NaN,
      NaN,
      0.0,
      NaN,
      NaN
    ],
    [
      NaN,
      NaN,
      NaN,
      NaN,
      NaN,
      NaN,
      NaN,
      NaN,
      NaN,
      NaN,
      NaN,
      NaN,
      NaN,
      NaN,
      NaN,
      NaN,
      NaN,
      0.0,
      NaN
    ],
    [
      NaN,
      NaN,
      35.0,
      9.0,
      65.0,
      13.0,
      0.0,
      9.0,
      63.0,
      NaN,
      12.0,
      NaN,
      11.0,
      10.0,
      NaN,
      13.0,
      NaN,
      NaN,
      0.0
    ]
  ],
  "walk_dist_matrix": [
    [
      0.0,
      17.70274,
      4.9889540000000006,
      7.724831999999999,
      17.380872,
      10.782578,
      8.368568,
      8.368568,
      16.737136,
      4.345218,
      2.896812,
      36.049215999999994,
      14.644993999999999,
      7.24203,
      9.977908000000001,
      17.219938,
      18.024607999999997,
      3.7014819999999995,
      10.299776000000001
    ],
    [
      17.70274,
      0.0,
      12.87472,
      11.587248,
      2.5749440000000003,
      8.207633999999999,
      11.26538,
      10.943512,
      1.448406,
      17.219938,
      15.127796,
      33.152404000000004,
      7.724831999999999,
      12.07005,
      28.16345,
      17.059003999999998,
      24.783836,
      21.243288,
      11.26538
    ],
    [
      4.9889540000000006,
      12.87472,
      0.0,
      2.735878,
      12.552852,
      7.885766,
      4.02335,
      5.471756,
      11.748182,
      4.345218,
      2.41401,
      31.221196,
      9.65604,
      4.184284,
      15.610598,
      12.552852,
      15.932466,
      8.529501999999999,
      5.471756
    ],
    [
      7.724831999999999,
      11.587248,
      2.735878,
      0.0,
      11.104446000000001,
      5.149888000000001,
      3.5405480000000003,
      2.735878,
      10.46071,
      7.0810960000000005,
      5.149888000000001,
      29.77279,
      8.368568,
      1.60934,
      18.185542,
      11.748182,
      16.254334,
      11.26538,
      4.506151999999999
    ],
    [
      17.380872,
      2.5749440000000003,
      12.552852,
      11.104446000000001,
      0.0,
      7.885766,
      10.943512,
      10.621644,
      1.60934,
      16.89807,
      14.805927999999998,
      32.830535999999995,
      7.402963999999999,
      11.748182,
      27.841582000000002,
      16.737136,
      24.461968,
      20.92142,
      10.943512
    ],
    [
      10.782578,
      8.207633999999999,
      7.885766,
      5.149888000000001,
      7.885766,
      0.0,
      8.0467,
      2.5749440000000003,
      7.24203,
      10.299776000000001,
      8.207633999999999,
      33.79614,
      8.690436,
      3.8624159999999996,
      23.013562,
      16.254334,
      21.243288,
      14.323126,
      9.012303999999999
    ],
    [
      8.368568,
      11.26538,
      4.02335,
      3.5405480000000003,
      10.943512,
      8.0467,
      0.0,
      5.63269,
      10.138842,
      7.885766,
      5.793624,
      27.35878,
      8.0467,
      4.506151999999999,
      17.059003999999998,
      8.85137,
      13.357522000000001,
      11.909116000000001,
      1.9312079999999998
    ],
    [
      8.368568,
      10.943512,
      5.471756,
      2.735878,
      10.621644,
      2.5749440000000003,
      5.63269,
      0.0,
      9.816974,
      7.885766,
      5.793624,
      31.864932,
      10.46071,
      1.448406,
      20.438617999999998,
      13.840323999999999,
      18.829278,
      11.909116000000001,
      6.598293999999999
    ],
    [
      16.737136,
      1.448406,
      11.748182,
      10.46071,
      1.60934,
      7.24203,
      10.138842,
      9.816974,
      0.0,
      16.0934,
      14.162192000000001,
      32.1868,
      6.598293999999999,
      11.104446000000001,
      27.036912,
      16.0934,
      23.657297999999997,
      20.277684,
      10.299776000000001
    ],
    [
      4.345218,
      17.219938,
      4.345218,
      7.0810960000000005,
      16.89807,
      10.299776000000001,
      7.885766,
      7.885766,
      16.0934,
      0.0,
      3.057746,
      35.566414,
      14.162192000000001,
      6.598293999999999,
      17.70274,
      16.737136,
      18.50741,
      7.885766,
      9.816974
    ],
    [
      2.896812,
      15.127796,
      2.41401,
      5.149888000000001,
      14.805927999999998,
      8.207633999999999,
      5.793624,
      5.793624,
      14.162192000000001,
      3.057746,
      0.0,
      33.474272,
      12.07005,
      4.667085999999999,
      14.805927999999998,
      14.644993999999999,
      15.610598,
      6.598293999999999,
      7.724831999999999
    ],
    [
      36.049215999999994,
      33.152404000000004,
      31.221196,
      29.77279,
      32.830535999999995,
      33.79614,
      27.35878,
      31.864932,
      32.1868,
      35.566414,
      33.474272,
      0.0,
      26.071308,
      30.738394000000003,
      44.417784000000005,
      23.33543,
      36.692952,
      39.589764,
      26.232242
    ],
    [
      14.644993999999999,
      7.724831999999999,
      9.65604,
      8.368568,
      7.402963999999999,
      8.690436,
      8.0467,
      10.46071,
      6.598293999999999,
      14.162192000000001,
      12.07005,
      26.071308,
      0.0,
      9.334171999999999,
      24.94477,
      11.909116000000001,
      21.72609,
      18.185542,
      7.24203
    ],
    [
      7.24203,
      12.07005,
      4.184284,
      1.60934,
      11.748182,
      3.8624159999999996,
      4.506151999999999,
      1.448406,
      11.104446000000001,
      6.598293999999999,
      4.667085999999999,
      30.738394000000003,
      9.334171999999999,
      0.0,
      19.31208,
      12.713786,
      17.70274,
      10.782578,
      5.471756
    ],
    [
      9.977908000000001,
      28.16345,
      15.610598,
      18.185542,
      27.841582000000002,
      23.013562,
      17.059003999999998,
      20.438617999999998,
      27.036912,
      17.70274,
      14.805927999999998,
      44.417784000000005,
      24.94477,
      19.31208,
      0.0,
      24.1401,
      23.013562,
      13.518456,
      19.151146
    ],
    [
      17.219938,
      17.059003999999998,
      12.552852,
      11.748182,
      16.737136,
      16.254334,
      8.85137,
      13.840323999999999,
      16.0934,
      16.737136,
      14.644993999999999,
      23.33543,
      11.909116000000001,
      12.713786,
      24.1401,
      0.0,
      14.644993999999999,
      20.760486,
      7.402963999999999
    ],
    [
      18.024607999999997,
      24.783836,
      15.932466,
      16.254334,
      24.461968,
      21.243288,
      13.357522000000001,
      18.829278,
      23.657297999999997,
      18.50741,
      15.610598,
      36.692952,
      21.72609,
      17.70274,
      23.013562,
      14.644993999999999,
      0.0,
      21.565156,
      15.28873
    ],
    [
      3.7014819999999995,
      21.243288,
      8.529501999999999,
      11.26538,
      20.92142,
      14.323126,
      11.909116000000001,
      11.909116000000001,
      20.277684,
      7.885766,
      6.598293999999999,
      39.589764,
      18.185542,
      10.782578,
      13.518456,
      20.760486,
      21.565156,
      0.0,
      13.840323999999999
    ],
    [
      10.299776000000001,
      11.26538,
      5.471756,
      4.506151999999999,
      10.943512,
      9.012303999999999,
      1.9312079999999998,
      6.598293999999999,
      10.299776000000001,
      9.816974,
      7.724831999999999,
      26.232242,
      7.24203,
      5.471756,
      19.151146,
      7.402963999999999,
      15.28873,
      13.840323999999999,
      0.0
    ]
  ],
  "walk_time_matrix": [
    [
      0.0,
      224.0,
      56.0,
      91.0,
      220.0,
      134.0,
      99.0,
      101.0,
      208.0,
      53.0,
      33.0,
      448.0,
      181.0,
      88.0,
      124.0,
      217.0,
      222.0,
      58.0,
      122.0
    ],
    [
      224.0,
      0.0,
      155.0,
      139.0,
      34.0,
      102.0,
      134.0,
      133.0,
      18.0,
      215.0,
      186.0,
      416.0,
      95.0,
      151.0,
      348.0,
      216.0,
      306.0,
      282.0,
      136.0
    ],
    [
      56.0,
      155.0,
      0.0,
      35.0,
      164.0,
      864.0,
      18.0,
      68.0,
      68.0,
      60.0,
      8.0,
      393.0,
      857.0,
      56.0,
      199.0,
      96.0,
      201.0,
      128.0,
      35.0
    ],
    [
      91.0,
      139.0,
      35.0,
      0.0,
      147.0,
      77.0,
      19.0,
      34.0,
      135.0,
      94.0,
      65.0,
      378.0,
      108.0,
      23.0,
      232.0,
      152.0,
      202.0,
      161.0,
      55.0
    ],
    [
      220.0,
      34.0,
      164.0,
      147.0,
      0.0,
      79.0,
      130.0,
      60.0,
      20.0,
      211.0,
      76.0,
      412.0,
      883.0,
      148.0,
      345.0,
      122.0,
      302.0,
      278.0,
      132.0
    ],
    [
      134.0,
      102.0,
      864.0,
      77.0,
      79.0,
      0.0,
      53.0,
      32.0,
      80.0,
      134.0,
      70.0,
      430.0,
      84.0,
      49.0,
      291.0,
      210.0,
      264.0,
      201.0,
      113.0
    ],
    [
      99.0,
      134.0,
      18.0,
      19.0,
      130.0,
      53.0,
      0.0,
      42.0,
      132.0,
      105.0,
      76.0,
      351.0,
      72.0,
      69.0,
      218.0,
      76.0,
      171.0,
      172.0,
      26.0
    ],
    [
      101.0,
      133.0,
      68.0,
      34.0,
      60.0,
      32.0,
      42.0,
      0.0,
      63.0,
      105.0,
      49.0,
      406.0,
      67.0,
      20.0,
      262.0,
      109.0,
      235.0,
      172.0,
      84.0
    ],
    [
      208.0,
      18.0,
      68.0,
      135.0,
      20.0,
      80.0,
      132.0,
      63.0,
      0.0,
      203.0,
      74.0,
      405.0,
      83.0,
      56.0,
      337.0,
      205.0,
      294.0,
      270.0,
      63.0
    ],
    [
      53.0,
      215.0,
      60.0,
      94.0,
      211.0,
      134.0,
      105.0,
      105.0,
      203.0,
      0.0,
      34.0,
      441.0,
      174.0,
      81.0,
      221.0,
      210.0,
      229.0,
      113.0,
      115.0
    ],
    [
      33.0,
      186.0,
      8.0,
      65.0,
      76.0,
      70.0,
      76.0,
      49.0,
      74.0,
      34.0,
      0.0,
      420.0,
      863.0,
      60.0,
      187.0,
      189.0,
      195.0,
      101.0,
      41.0
    ],
    [
      448.0,
      416.0,
      393.0,
      378.0,
      412.0,
      430.0,
      351.0,
      406.0,
      405.0,
      441.0,
      420.0,
      0.0,
      320.0,
      378.0,
      549.0,
      288.0,
      451.0,
      504.0,
      316.0
    ],
    [
      181.0,
      95.0,
      857.0,
      108.0,
      883.0,
      84.0,
      72.0,
      67.0,
      83.0,
      174.0,
      863.0,
      320.0,
      0.0,
      117.0,
      312.0,
      154.0,
      269.0,
      245.0,
      56.0
    ],
    [
      88.0,
      151.0,
      56.0,
      23.0,
      148.0,
      49.0,
      69.0,
      20.0,
      56.0,
      81.0,
      60.0,
      378.0,
      117.0,
      0.0,
      244.0,
      164.0,
      219.0,
      154.0,
      79.0
    ],
    [
      124.0,
      348.0,
      199.0,
      232.0,
      345.0,
      291.0,
      218.0,
      262.0,
      337.0,
      221.0,
      187.0,
      549.0,
      312.0,
      244.0,
      0.0,
      307.0,
      284.0,
      190.0,
      240.0
    ],
    [
      217.0,
      216.0,
      96.0,
      152.0,
      122.0,
      210.0,
      76.0,
      109.0,
      205.0,
      210.0,
      189.0,
      288.0,
      154.0,
      164.0,
      307.0,
      0.0,
      182.0,
      278.0,
      74.0
    ],
    [
      222.0,
      306.0,
      201.0,
      202.0,
      302.0,
      264.0,
      171.0,
      235.0,
      294.0,
      229.0,
      195.0,
      451.0,
      269.0,
      219.0,
      284.0,
      182.0,
      0.0,
      290.0,
      191.0
    ],
    [
      58.0,
      282.0,
      128.0,
      161.0,
      278.0,
      201.0,
      172.0,
      172.0,
      270.0,
      113.0,
      101.0,
      504.0,
      245.0,
      154.0,
      190.0,
      278.0,
      290.0,
      0.0,
      164.0
    ],
    [
      122.0,
      136.0,
      35.0,
      55.0,
      132.0,
      113.0,
      26.0,
      84.0,
      63.0,
      115.0,
      41.0,
      316.0,
      56.0,
      79.0,
      240.0,
      74.0,
      191.0,
      164.0,
      0.0
    ]
  ],
  "cycle_dist_matrix": [
    [
      0.0,
      17.70274,
      4.9889540000000006,
      7.885766,
      17.380872,
      10.782578,
      8.368568,
      8.368568,
      16.737136,
      4.345218,
      3.379614,
      36.049215999999994,
      13.035654,
      7.24203,
      9.977908000000001,
      17.219938,
      18.024607999999997,
      4.02335,
      11.26538
    ],
    [
      17.70274,
      0.0,
      12.87472,
      12.552852,
      4.82802,
      8.207633999999999,
      13.196587999999998,
      10.943512,
      3.379614,
      17.541806,
      15.127796,
      40.2335,
      10.621644,
      11.104446000000001,
      28.646252,
      25.910374,
      24.783836,
      22.047957999999998,
      14.323126
    ],
    [
      4.9889540000000006,
      12.87472,
      0.0,
      2.735878,
      11.748182,
      7.563898,
      4.184284,
      5.471756,
      12.07005,
      4.345218,
      2.735878,
      32.669602,
      9.65604,
      4.345218,
      15.610598,
      14.162192000000001,
      15.932466,
      8.85137,
      5.63269
    ],
    [
      7.885766,
      12.552852,
      2.735878,
      0.0,
      10.46071,
      5.310822,
      3.7014819999999995,
      2.735878,
      10.621644,
      7.0810960000000005,
      5.471756,
      31.703998,
      8.207633999999999,
      1.60934,
      16.737136,
      13.196587999999998,
      16.254334,
      11.587248,
      4.667085999999999
    ],
    [
      17.380872,
      4.82802,
      11.748182,
      10.46071,
      0.0,
      NaN,
      10.299776000000001,
      7.24203,
      1.7702740000000001,
      14.805927999999998,
      13.035654,
      37.336687999999995,
      7.724831999999999,
      8.207633999999999,
      25.74944,
      23.013562,
      24.461968,
      19.151146,
      11.426314
    ],
    [
      10.782578,
      8.207633999999999,
      7.563898,
      5.310822,
      NaN,
      0.0,
      6.9201619999999995,
      2.735878,
      NaN,
      10.299776000000001,
      8.690436,
      34.278942,
      4.667085999999999,
      3.8624159999999996,
      21.243288,
      16.254334,
      21.243288,
      14.805927999999998,
      7.724831999999999
    ],
    [
      8.368568,
      13.196587999999998,
      4.184284,
      3.7014819999999995,
      10.299776000000001,
      6.9201619999999995,
      0.0,
      4.345218,
      10.46071,
      7.885766,
      6.276426,
      29.611855999999996,
      8.0467,
      6.43736,
      15.610598,
      10.138842,
      15.449663999999999,
      12.391918,
      2.2530759999999996
    ],
    [
      8.368568,
      10.943512,
      5.471756,
      2.735878,
      7.24203,
      2.735878,
      4.345218,
      0.0,
      7.724831999999999,
      7.885766,
      6.276426,
      32.347734,
      5.310822,
      1.448406,
      20.438617999999998,
      13.840323999999999,
      18.829278,
      12.391918,
      5.310822
    ],
    [
      16.737136,
      3.379614,
      12.07005,
      10.621644,
      1.7702740000000001,
      NaN,
      10.46071,
      7.724831999999999,
      0.0,
      14.966862,
      NaN,
      32.1868,
      8.0467,
      8.529501999999999,
      26.071308,
      23.174496,
      25.910374,
      19.31208,
      11.748182
    ],
    [
      4.345218,
      17.541806,
      4.345218,
      7.0810960000000005,
      14.805927999999998,
      10.299776000000001,
      7.885766,
      7.885766,
      14.966862,
      0.0,
      3.379614,
      35.566414,
      14.162192000000001,
      6.598293999999999,
      15.449663999999999,
      16.737136,
      18.50741,
      8.207633999999999,
      10.782578
    ],
    [
      3.379614,
      15.127796,
      2.735878,
      5.471756,
      13.035654,
      8.690436,
      6.276426,
      6.276426,
      NaN,
      3.379614,
      0.0,
      33.474272,
      10.46071,
      4.667085999999999,
      14.805927999999998,
      16.89807,
      18.024607999999997,
      6.9201619999999995,
      8.690436
    ],
    [
      36.049215999999994,
      40.2335,
      32.669602,
      31.703998,
      37.336687999999995,
      34.278942,
      29.611855999999996,
      32.347734,
      32.1868,
      35.566414,
      33.474272,
      0.0,
      28.485318,
      32.669602,
      44.417784000000005,
      26.875978,
      37.658556,
      41.199104000000005,
      26.393175999999997
    ],
    [
      13.035654,
      10.621644,
      9.65604,
      8.207633999999999,
      7.724831999999999,
      4.667085999999999,
      8.0467,
      5.310822,
      8.0467,
      14.162192000000001,
      10.46071,
      28.485318,
      0.0,
      6.115492,
      23.657297999999997,
      11.909116000000001,
      21.72609,
      18.185542,
      NaN
    ],
    [
      7.24203,
      11.104446000000001,
      4.345218,
      1.60934,
      8.207633999999999,
      3.8624159999999996,
      6.43736,
      1.448406,
      8.529501999999999,
      6.598293999999999,
      4.667085999999999,
      32.669602,
      6.115492,
      0.0,
      19.31208,
      12.713786,
      18.024607999999997,
      10.782578,
      6.276426
    ],
    [
      9.977908000000001,
      28.646252,
      15.610598,
      16.737136,
      25.74944,
      21.243288,
      15.610598,
      20.438617999999998,
      26.071308,
      15.449663999999999,
      14.805927999999998,
      44.417784000000005,
      23.657297999999997,
      19.31208,
      0.0,
      27.680647999999998,
      23.013562,
      18.185542,
      19.151146
    ],
    [
      17.219938,
      25.910374,
      14.162192000000001,
      13.196587999999998,
      23.013562,
      16.254334,
      10.138842,
      13.840323999999999,
      23.174496,
      16.737136,
      16.89807,
      26.875978,
      11.909116000000001,
      12.713786,
      27.680647999999998,
      0.0,
      12.07005,
      20.760486,
      7.563898
    ],
    [
      18.024607999999997,
      24.783836,
      15.932466,
      16.254334,
      24.461968,
      21.243288,
      15.449663999999999,
      18.829278,
      25.910374,
      18.50741,
      18.024607999999997,
      37.658556,
      21.72609,
      18.024607999999997,
      23.013562,
      12.07005,
      0.0,
      21.565156,
      13.357522000000001
    ],
    [
      4.02335,
      22.047957999999998,
      8.85137,
      11.587248,
      19.151146,
      14.805927999999998,
      12.391918,
      12.391918,
      19.31208,
      8.207633999999999,
      6.9201619999999995,
      41.199104000000005,
      18.185542,
      10.782578,
      18.185542,
      20.760486,
      21.565156,
      0.0,
      13.840323999999999
    ],
    [
      11.26538,
      14.323126,
      5.63269,
      4.667085999999999,
      11.426314,
      7.724831999999999,
      2.2530759999999996,
      5.310822,
      11.748182,
      10.782578,
      8.690436,
      26.393175999999997,
      NaN,
      6.276426,
      19.151146,
      7.563898,
      13.357522000000001,
      13.840323999999999,
      0.0
    ]
  ],
  "cycle_time_matrix": [
    [
      0.0,
      224.0,
      14.0,
      27.0,
      220.0,
      134.0,
      99.0,
      31.0,
      208.0,
      53.0,
      9.0,
      448.0,
      50.0,
      88.0,
      124.0,
      217.0,
      222.0,
      35.0,
      37.0
    ],
    [
      224.0,
      0.0,
      155.0,
      39.0,
      21.0,
      102.0,
      42.0,
      133.0,
      12.0,
      67.0,
      186.0,
      146.0,
      34.0,
      37.0,
      99.0,
      216.0,
      306.0,
      110.0,
      47.0
    ],
    [
      14.0,
      155.0,
      0.0,
      12.0,
      52.0,
      30.0,
