{
  "drive_dist_matrix": [
    [
      0.0,
      2.7,
      0.11,
      1.1,
      1.3,
      0.5,
      0.65,
      0.058,
      1.6,
      3.3,
      2.8,
      9.8,
      2.6,
      0.19,
      1.0,
      0.5,
      0.9,
      6.5,
      0.5
    ],
    [
      2.7,
      0.0,
      2.4,
      3.7,
      2.3,
      1.9,
      2.1,
      2.7,
      3.9,
      1.3,
      0.6,
      8.3,
      1.1,
      2.7,
      1.8,
      2.2,
      1.3,
      6.3,
      1.2
    ],
    [
      0.11,
      2.4,
      0.0,
      1.2,
      1.6,
      0.5,
      0.7,
      0.17,
      2.0,
      3.7,
      3.0,
      10.2,
      2.4,
      0.3,
      1.4,
      0.6,
      0.9,
      6.9,
      0.5
    ],
    [
      1.1,
      3.7,
      1.2,
      0.0,
      2.4,
      1.0,
      1.2,
      1.2,
      1.4,
      1.1,
      3.9,
      10.2,
      3.7,
      1.3,
      2.6,
      3.4,
      1.1,
      6.9,
      2.4
    ],
    [
      1.3,
      2.3,
      1.6,
      2.4,
      0.0,
      2.6,
      2.9,
      1.8,
      3.2,
      4.9,
      2.3,
      9.0,
      2.0,
      2.0,
      0.6,
      4.3,
      4.9,
      5.7,
      3.3
    ],
    [
      0.5,
      1.9,
      0.5,
      1.0,
      2.6,
      0.0,
      0.45,
      0.6,
      2.5,
      0.45,
      0.9,
      12.8,
      1.9,
      0.6,
      1.8,
      0.6,
      0.4,
      7.4,
      0.35
    ],
    [
      0.65,
      2.1,
      0.7,
      1.2,
      2.9,
      0.45,
      0.0,
      0.7,
      2.8,
      0.85,
      2.6,
      12.9,
      2.0,
      0.75,
      2.8,
      0.9,
      0.7,
      7.7,
      0.75
    ],
    [
      0.058,
      2.7,
      0.17,
      1.2,
      1.8,
      0.6,
      0.7,
      0.0,
      1.7,
      3.4,
      3.0,
      9.9,
      2.8,
      0.14,
      1.0,
      0.45,
      0.95,
      6.6,
      0.55
    ],
    [
      1.6,
      3.9,
      2.0,
      1.4,
      3.2,
      2.5,
      2.8,
      1.7,
      0.0,
      2.1,
      4.6,
      8.2,
      5.0,
      1.8,
      3.3,
      3.7,
      2.1,
      8.0,
      2.7
    ],
    [
      3.3,
      1.3,
      3.7,
      1.1,
      4.9,
      0.45,
      0.85,
      3.4,
      2.1,
      0.0,
      3.6,
      12.7,
      3.0,
      1.8,
      3.7,
      0.95,
      0.083,
      8.4,
      0.65
    ],
    [
      2.8,
      0.6,
      3.0,
      3.9,
      2.3,
      0.9,
      2.6,
      3.0,
      4.6,
      3.6,
      0.0,
      8.0,
      0.7,
      1.0,
      1.8,
      0.75,
      1.0,
      6.3,
      0.65
    ],
    [
      9.8,
      8.3,
      10.2,
      10.2,
      9.0,
      12.8,
      12.9,
      9.9,
      8.2,
      12.7,
      8.0,
      0.0,
      7.3,
      7.0,
      6.2,
      9.3,
      9.1,
      9.0,
      8.3
    ],
    [
      2.6,
      1.1,
      2.4,
      3.7,
      2.0,
      1.9,
      2.0,
      2.8,
      5.0,
      3.0,
      0.7,
      7.3,
      0.0,
      2.3,
      1.2,
      1.2,
      4.8,
      5.7,
      2.6
    ],
    [
      0.19,
      2.7,
      0.3,
      1.3,
      2.0,
      0.6,
      0.75,
      0.14,
      1.8,
      1.8,
      1.0,
      7.0,
      2.3,
      0.0,
      1.0,
      0.3,
      1.0,
      6.6,
      0.55
    ],
    [
      1.0,
      1.8,
      1.4,
      2.6,
      0.6,
      1.8,
      2.8,
      1.0,
      3.3,
      3.7,
      1.8,
      6.2,
      1.2,
      1.0,
      0.0,
      1.0,
      4.7,
      4.7,
      2.6
    ],
    [
      0.5,
      2.2,
      0.6,
      3.4,
      4.3,
      0.6,
      0.9,
      0.45,
      3.7,
      0.95,
      0.75,
      9.3,
      1.2,
      0.3,
      1.0,
      0.0,
      0.9,
      6.9,
      0.4
    ],
    [
      0.9,
      1.3,
      0.9,
      1.1,
      4.9,
      0.4,
      0.7,
      0.95,
      2.1,
      0.083,
      1.0,
      9.1,
      4.8,
      1.0,
      4.7,
      0.9,
      0.0,
      10.0,
      0.6
    ],
    [
      6.5,
      6.3,
      6.9,
      6.9,
      5.7,
      7.4,
      7.7,
      6.6,
      8.0,
      8.4,
      6.3,
      9.0,
      5.7,
      6.6,
      4.7,
      6.9,
      10.0,
      0.0,
      9.2
    ],
    [
      0.5,
      1.2,
      0.5,
      2.4,
      3.3,
      0.35,
      0.75,
      0.55,
      2.7,
      0.65,
      0.65,
      8.3,
      2.6,
      0.55,
      2.6,
      0.4,
      0.6,
      9.2,
      0.0
    ]
  ],
  "drive_time_matrix": [
    [
      0.0,
      6.0,
      1.0,
      18.0,
      5.0,
      7.0,
      8.0,
      1.0,
      4.0,
      7.0,
      11.0,
      16.0,
      8.0,
      2.0,
      5.0,
      6.0,
      11.0,
      12.0,
      6.0
    ],
    [
      6.0,
      0.0,
      5.0,
      9.0,
      7.0,
      3.0,
      4.0,
      6.0,
      8.0,
      15.0,
      7.0,
      14.0,
      4.0,
      6.0,
      7.0,
      8.0,
      15.0,
      15.0,
      5.0
    ],
    [
      1.0,
      5.0,
      0.0,
      19.0,
      6.0,
      1.0,
      8.0,
      2.0,
      5.0,
      9.0,
      11.0,
      18.0,
      8.0,
      4.0,
      6.0,
      7.0,
      10.0,
      13.0,
      7.0
    ],
    [
      18.0,
      9.0,
      19.0,
      0.0,
      8.0,
      14.0,
      16.0,
      17.0,
      4.0,
      16.0,
      13.0,
      18.0,
      10.0,
      18.0,
      8.0,
      12.0,
      15.0,
      14.0,
      8.0
    ],
    [
      5.0,
      7.0,
      6.0,
      8.0,
      0.0,
      7.0,
      9.0,
      5.0,
      8.0,
      12.0,
      9.0,
      13.0,
      5.0,
      6.0,
      8.0,
      13.0,
      12.0,
      9.0,
      10.0
    ],
    [
      7.0,
      3.0,
      1.0,
      14.0,
      7.0,
      0.0,
      5.0,
      7.0,
      6.0,
      5.0,
      12.0,
      18.0,
      7.0,
      8.0,
      7.0,
      8.0,
      5.0,
      15.0,
      5.0
    ],
    [
      8.0,
      4.0,
      8.0,
      16.0,
      9.0,
      5.0,
      0.0,
      9.0,
      8.0,
      11.0,
      11.0,
      20.0,
      8.0,
      9.0,
      10.0,
      11.0,
      10.0,
      16.0,
      10.0
    ],
    [
      1.0,
      6.0,
      2.0,
      17.0,
      5.0,
      7.0,
      9.0,
      0.0,
      4.0,
      8.0,
      12.0,
      17.0,
      9.0,
      2.0,
      5.0,
      6.0,
      10.0,
      12.0,
      7.0
    ],
    [
      4.0,
      8.0,
      5.0,
      4.0,
      8.0,
      6.0,
      8.0,
      4.0,
      0.0,
      5.0,
      14.0,
      17.0,
      11.0,
      5.0,
      10.0,
      11.0,
      5.0,
      14.0,
      7.0
    ],
    [
      7.0,
      15.0,
      9.0,
      16.0,
      12.0,
      5.0,
      11.0,
      8.0,
      5.0,
      0.0,
      12.0,
      19.0,
      8.0,
      5.0,
      11.0,
      12.0,
      1.0,
      17.0,
      8.0
    ],
    [
      11.0,
      7.0,
      11.0,
      13.0,
      9.0,
      12.0,
      11.0,
      12.0,
      14.0,
      12.0,
      0.0,
      17.0,
      9.0,
      12.0,
      7.0,
      9.0,
      12.0,
      15.0,
      8.0
    ],
    [
      16.0,
      14.0,
      18.0,
      18.0,
      13.0,
      18.0,
      20.0,
      17.0,
      17.0,
      19.0,
      17.0,
      0.0,
      16.0,
      17.0,
      14.0,
      24.0,
      22.0,
      16.0,
      21.0
    ],
    [
      8.0,
      4.0,
      8.0,
      10.0,
      5.0,
      7.0,
      8.0,
      9.0,
      11.0,
      8.0,
      9.0,
      16.0,
      0.0,
      8.0,
      4.0,
      11.0,
      12.0,
      13.0,
      10.0
    ],
    [
      2.0,
      6.0,
      4.0,
      18.0,
      6.0,
      8.0,
      9.0,
      2.0,
      5.0,
      5.0,
      12.0,
      17.0,
      8.0,
      0.0,
      14.0,
      4.0,
      10.0,
      13.0,
      7.0
    ],
    [
      5.0,
      7.0,
      6.0,
      8.0,
      8.0,
      7.0,
      10.0,
      5.0,
      10.0,
      11.0,
      7.0,
      14.0,
      4.0,
      14.0,
      0.0,
      11.0,
      13.0,
      9.0,
      9.0
    ],
    [
      6.0,
      8.0,
      7.0,
      12.0,
      13.0,
      8.0,
      11.0,
      6.0,
      11.0,
      12.0,
      9.0,
      24.0,
      11.0,
      4.0,
      11.0,
      0.0,
      12.0,
      14.0,
      5.0
    ],
    [
      11.0,
      15.0,
      10.0,
      15.0,
      12.0,
      5.0,
      10.0,
      10.0,
      5.0,
      1.0,
      12.0,
      22.0,
      12.0,
      10.0,
      13.0,
      12.0,
      0.0,
      19.0,
      8.0
    ],
    [
      12.0,
      15.0,
      13.0,
      14.0,
      9.0,
      15.0,
      16.0,
      12.0,
      14.0,
      17.0,
      15.0,
      16.0,
      13.0,
      13.0,
      9.0,
      14.0,
      19.0,
      0.0,
      21.0
    ],
    [
      6.0,
      5.0,
      7.0,
      8.0,
      10.0,
      5.0,
      10.0,
      7.0,
      7.0,
      8.0,
      8.0,
      21.0,
      10.0,
      7.0,
      9.0,
      5.0,
      8.0,
      21.0,
      0.0
    ]
  ],
  "transit_dist_walk_matrix": [
    [
      0.0,
      0.33332,
      NaN,
      NaN,
      0.58331,
      NaN,
      NaN,
      NaN,
      0.66664,
      0.58331,
      NaN,
      1.99992,
      0.8333,
      NaN,
      0.74997,
      NaN,
      0.49998,
      2.08325,
      NaN
    ],
    [
      0.33332,
      0.0,
      0.66664,
      NaN,
      0.74997,
      NaN,
      NaN,
      0.74997,
      0.66664,
      NaN,
      NaN,
      1.2499500000000001,
      0.8333,
      0.9166300000000001,
      NaN,
      NaN,
      NaN,
      1.74993,
      NaN
    ],
    [
      NaN,
      0.66664,
      0.0,
      NaN,
      NaN,
      NaN,
      NaN,
      NaN,
      0.49998,
      NaN,
      NaN,
      1.16662,
      0.74997,
      NaN,
      0.66664,
      NaN,
      0.41665,
      1.99992,
      NaN
    ],
    [
      NaN,
      NaN,
      NaN,
      0.0,
      1.8332600000000001,
      NaN,
      NaN,
      NaN,
      NaN,
      NaN,
      NaN,
      2.08325,
      2.08325,
      NaN,
      1.99992,
      NaN,
      NaN,
      3.3332,
      NaN
    ],
    [
      0.58331,
      0.74997,
      NaN,
      1.8332600000000001,
      0.0,
      1.33328,
      1.16662,
      0.58331,
      0.49998,
      1.49994,
      0.66664,
      1.08329,
      NaN,
      0.66664,
      NaN,
      0.8333,
      1.49994,
      1.91659,
      0.9166300000000001
    ],
    [
      NaN,
      NaN,
      NaN,
      NaN,
      1.33328,
      0.0,
      NaN,
      0.24999,
      1.08329,
      NaN,
      NaN,
      1.41661,
      0.58331,
      0.33332,
      0.33332,
      NaN,
      NaN,
      2.58323,
      NaN
    ],
    [
      NaN,
      NaN,
      NaN,
      NaN,
      1.16662,
      NaN,
      0.0,
      NaN,
      1.2499500000000001,
      NaN,
      NaN,
      1.99992,
      1.49994,
      NaN,
      1.41661,
      NaN,
      NaN,
      2.74989,
      NaN
    ],
    [
      NaN,
      0.74997,
      NaN,
      NaN,
      0.58331,
      0.24999,
      NaN,
      0.0,
      0.58331,
      NaN,
      NaN,
      0.99996,
      0.8333,
      NaN,
      0.74997,
      NaN,
      0.41665,
      2.08325,
      NaN
    ],
    [
      0.66664,
      0.66664,
      0.49998,
      NaN,
      0.49998,
      1.08329,
      1.2499500000000001,
      0.58331,
      0.0,
      1.2499500000000001,
      0.8333,
      1.6666,
      0.74997,
      0.74997,
      0.66664,
      0.99996,
      1.49994,
      1.99992,
      1.16662
    ],
    [
      0.58331,
      NaN,
      NaN,
      NaN,
      1.49994,
      NaN,
      NaN,
      NaN,
      1.2499500000000001,
      0.0,
      NaN,
      0.99996,
      0.58331,
      NaN,
      0.33332,
      NaN,
      NaN,
      3.24987,
      NaN
    ],
    [
      NaN,
      NaN,
      NaN,
      NaN,
      0.66664,
      NaN,
      NaN,
      NaN,
      0.8333,
      NaN,
      0.0,
      1.91659,
      NaN,
      NaN,
      NaN,
      NaN,
      NaN,
      2.41657,
      NaN
    ],
    [
      1.99992,
      1.2499500000000001,
      1.16662,
      2.08325,
      1.08329,
      1.41661,
      1.99992,
      0.99996,
      1.6666,
      0.99996,
      1.91659,
      0.0,
      1.99992,
      1.2499500000000001,
      1.08329,
      1.49994,
      1.41661,
      2.83322,
      1.49994
    ],
    [
      0.8333,
      0.8333,
      0.74997,
      2.08325,
      NaN,
      0.58331,
      1.49994,
      0.8333,
      0.74997,
      0.58331,
      NaN,
      1.99992,
      0.0,
      0.8333,
      0.49998,
      0.74997,
      NaN,
      2.24991,
      NaN
    ],
    [
      NaN,
      0.9166300000000001,
      NaN,
      NaN,
      0.66664,
      0.33332,
      NaN,
      NaN,
      0.74997,
      NaN,
      NaN,
      1.2499500000000001,
      0.8333,
      0.0,
      NaN,
      NaN,
      0.41665,
      2.08325,
      NaN
    ],
    [
      0.74997,
      NaN,
      0.66664,
      1.99992,
      NaN,
      0.33332,
      1.41661,
      0.74997,
      0.66664,
      0.33332,
      NaN,
      1.08329,
      0.49998,
      NaN,
      0.0,
      NaN,
      NaN,
      2.16658,
      NaN
    ],
    [
      NaN,
      NaN,
      NaN,
      NaN,
      0.8333,
      NaN,
      NaN,
      NaN,
      0.99996,
      NaN,
      NaN,
      1.49994,
      0.74997,
      NaN,
      NaN,
      0.0,
      NaN,
      2.4999000000000002,
      NaN
    ],
    [
      0.49998,
      NaN,
      0.41665,
      NaN,
      1.49994,
      NaN,
      NaN,
      0.41665,
      1.49994,
      NaN,
      NaN,
      1.41661,
      NaN,
      0.41665,
      NaN,
      NaN,
      0.0,
      3.24987,
      NaN
    ],
    [
      2.08325,
      1.74993,
      1.99992,
      3.3332,
      1.91659,
      2.58323,
      2.74989,
      2.08325,
      1.99992,
      3.24987,
      2.41657,
      2.83322,
      2.24991,
      2.08325,
      2.16658,
      2.4999000000000002,
      3.24987,
      0.0,
      2.58323
    ],
    [
      NaN,
      NaN,
      NaN,
      NaN,
      0.9166300000000001,
      NaN,
      NaN,
      NaN,
      1.16662,
      NaN,
      NaN,
      1.49994,
      NaN,
      NaN,
      NaN,
      NaN,
      NaN,
      2.58323,
      0.0
    ]
  ],
  "transit_time_matrix": [
    [
      0.0,
      19.0,
      NaN,
      NaN,
      14.0,
      NaN,
      NaN,
      NaN,
      12.0,
      12.0,
      NaN,
      46.0,
      18.0,
      NaN,
      5.0,
      NaN,
      11.0,
      41.0,
      NaN
    ],
    [
      19.0,
      0.0,
      5.0,
      0.0,
      19.0,
      NaN,
      0.0,
      6.0,
      23.0,
      0.0,
      NaN,
      14.0,
      13.0,
      6.0,
      0.0,
      0.0,
      0.0,
      40.0,
      0.0
    ],
    [
      NaN,
      5.0,
      0.0,
      NaN,
      0.0,
      NaN,
      NaN,
      NaN,
      10.0,
      0.0,
      0.0,
      48.0,
      8.0,
      NaN,
      14.0,
      NaN,
      10.0,
      40.0,
      NaN
    ],
    [
      NaN,
      0.0,
      NaN,
      0.0,
      30.0,
      NaN,
      NaN,
      NaN,
      0.0,
      NaN,
      NaN,
      62.0,
      34.0,
      NaN,
      31.0,
      NaN,
      NaN,
      57.0,
      NaN
    ],
    [
      14.0,
      19.0,
      0.0,
      30.0,
      0.0,
      20.0,
      21.0,
      14.0,
      17.0,
      23.0,
      14.0,
      35.0,
      0.0,
      15.0,
      NaN,
      13.0,
      23.0,
      31.0,
      16.0
    ],
    [
      NaN,
      NaN,
      NaN,
      NaN,
      20.0,
      0.0,
      NaN,
      7.0,
      17.0,
      NaN,
      NaN,
      56.0,
      25.0,
      8.0,
      25.0,
      NaN,
      NaN,
      48.0,
      NaN
    ],
    [
      NaN,
      0.0,
      NaN,
      NaN,
      21.0,
      NaN,
      0.0,
      NaN,
      19.0,
      NaN,
      NaN,
      56.0,
      27.0,
      NaN,
      24.0,
      NaN,
      NaN,
      16.0,
      NaN
    ],
    [
      NaN,
      6.0,
      NaN,
      NaN,
      14.0,
      7.0,
      NaN,
      0.0,
      11.0,
      0.0,
      0.0,
      46.0,
      18.0,
      NaN,
      5.0,
      NaN,
      10.0,
      41.0,
      NaN
    ],
    [
      12.0,
      23.0,
      10.0,
      0.0,
      17.0,
      17.0,
      19.0,
      11.0,
      0.0,
      21.0,
      23.0,
      45.0,
      21.0,
      12.0,
      22.0,
      11.0,
      20.0,
      14.0,
      7.0
    ],
    [
      12.0,
      0.0,
      0.0,
      NaN,
      23.0,
      NaN,
      NaN,
      0.0,
      21.0,
      0.0,
      0.0,
      59.0,
      8.0,
      0.0,
      11.0,
      NaN,
      NaN,
      49.0,
      NaN
    ],
    [
      NaN,
      NaN,
      0.0,
      NaN,
      14.0,
      NaN,
      NaN,
      0.0,
      23.0,
      0.0,
      0.0,
      47.0,
      NaN,
      NaN,
      0.0,
      NaN,
      NaN,
      39.0,
      NaN
    ],
    [
      46.0,
      14.0,
      48.0,
      62.0,
      35.0,
      56.0,
      56.0,
      46.0,
      45.0,
      59.0,
      47.0,
      0.0,
      38.0,
      42.0,
      39.0,
      44.0,
      48.0,
      39.0,
      49.0
    ],
    [
      18.0,
      13.0,
      8.0,
      34.0,
      0.0,
      25.0,
      27.0,
      18.0,
      21.0,
      8.0,
      NaN,
      38.0,
      0.0,
      8.0,
      10.0,
      11.0,
      0.0,
      38.0,
      0.0
    ],
    [
      NaN,
      6.0,
      NaN,
      NaN,
      15.0,
      8.0,
      NaN,
      NaN,
      12.0,
      0.0,
      NaN,
      42.0,
      8.0,
      0.0,
      0.0,
      NaN,
      10.0,
      42.0,
      NaN
    ],
    [
      5.0,
      0.0,
      14.0,
      31.0,
      NaN,
      25.0,
      24.0,
      5.0,
      22.0,
      11.0,
      0.0,
      39.0,
      10.0,
      0.0,
      0.0,
      NaN,
      0.0,
      33.0,
      NaN
    ],
    [
      NaN,
      0.0,
      NaN,
      NaN,
      13.0,
      NaN,
      NaN,
      NaN,
      11.0,
      NaN,
      NaN,
      44.0,
      11.0,
      NaN,
      NaN,
      0.0,
      NaN,
      41.0,
      NaN
    ],
    [
      11.0,
      0.0,
      10.0,
      NaN,
      23.0,
      NaN,
      NaN,
      10.0,
      20.0,
      NaN,
      NaN,
      48.0,
      0.0,
      10.0,
      0.0,
      NaN,
      0.0,
      49.0,
      NaN
    ],
    [
      41.0,
      40.0,
      40.0,
      57.0,
      31.0,
      48.0,
      16.0,
      41.0,
      14.0,
      49.0,
      39.0,
      39.0,
      38.0,
      42.0,
      33.0,
      41.0,
      49.0,
      0.0,
      41.0
    ],
    [
      NaN,
      0.0,
      NaN,
      NaN,
      16.0,
      NaN,
      NaN,
      NaN,
      7.0,
      NaN,
      NaN,
      49.0,
      0.0,
      NaN,
      NaN,
      NaN,
      NaN,
      41.0,
      0.0
    ]
  ],
  "walk_dist_matrix": [
    [
      0.0,
      1.4,
      0.11,
      1.1,
      1.2,
      0.5,
      0.65,
      0.058,
      1.6,
      0.95,
      1.1,
      5.8,
      1.6,
      0.19,
      1.2,
      0.5,
      0.9,
      3.7,
      0.5
    ],
    [
      1.4,
      0.0,
      1.5,
      2.3,
      2.1,
      1.3,
      1.7,
      1.5,
      3.0,
      1.3,
      0.6,
      6.7,
      1.1,
      1.4,
      1.7,
      1.1,
      1.3,
      4.0,
      1.0
    ],
    [
      0.11,
      1.5,
      0.0,
      1.2,
      1.4,
      0.55,
      0.7,
      0.17,
      1.5,
      3.7,
      1.1,
      5.9,
      1.6,
      0.3,
      1.3,
      0.6,
      0.9,
      3.8,
      0.5
    ],
    [
      1.1,
      2.3,
      1.2,
      0.0,
      2.4,
      1.0,
      1.2,
      1.2,
      2.6,
      1.1,
      1.9,
      7.0,
      2.5,
      1.3,
      2.3,
      1.5,
      1.1,
      4.8,
      1.3
    ],
    [
      1.2,
      2.1,
      1.4,
      2.4,
      0.0,
      1.8,
      1.9,
      1.2,
      2.8,
      2.2,
      1.5,
      4.7,
      1.6,
      1.2,
      0.6,
      1.5,
      2.1,
      2.7,
      1.6
    ],
    [
      0.5,
      1.3,
      0.55,
      1.0,
      1.8,
      0.0,
      0.45,
      0.6,
      2.1,
      0.45,
      0.9,
      6.3,
      1.5,
      0.6,
      1.5,
      0.6,
      0.4,
      4.0,
      0.35
    ],
    [
      0.65,
      1.7,
      0.7,
      1.2,
      1.9,
      0.45,
      0.0,
      0.7,
      2.2,
      0.85,
      1.4,
      6.5,
      1.9,
      0.75,
      1.7,
      0.9,
      0.7,
      4.2,
      0.75
    ],
    [
      0.058,
      1.5,
      0.17,
      1.2,
      1.2,
      0.6,
      0.7,
      0.0,
      1.6,
      1.0,
      1.1,
      5.8,
      1.5,
      0.14,
      1.1,
      0.45,
      0.95,
      3.6,
      0.55
    ],
    [
      1.6,
      3.0,
      1.5,
      2.6,
      2.8,
      2.1,
      2.2,
      1.6,
      0.0,
      2.0,
      2.6,
      7.0,
      3.1,
      1.7,
      2.7,
      2.0,
      1.9,
      5.2,
      2.0
    ],
    [
      0.95,
      1.3,
      3.7,
      1.1,
      2.2,
      0.45,
      0.85,
      1.0,
      2.0,
      0.0,
      1.0,
      6.8,
      1.7,
      1.0,
      1.7,
      0.95,
      0.083,
      4.2,
      0.65
    ],
    [
      1.1,
      0.6,
      1.1,
      1.9,
      1.5,
      0.9,
      1.4,
      1.1,
      2.6,
      1.0,
      0.0,
      6.2,
      0.7,
      1.0,
      1.1,
      0.75,
      1.0,
      3.5,
      0.65
    ],
    [
      5.8,
      6.7,
      5.9,
      7.0,
      4.7,
      6.3,
      6.5,
      5.8,
      7.0,
      6.8,
      6.2,
      0.0,
      6.2,
      5.8,
      5.2,
      6.1,
      6.7,
      4.2,
      6.3
    ],
    [
      1.6,
      1.1,
      1.6,
      2.5,
      1.6,
      1.5,
      1.9,
      1.5,
      3.1,
      1.7,
      0.7,
      6.2,
      0.0,
      1.4,
      1.2,
      1.2,
      1.6,
      3.2,
      1.1
    ],
    [
      0.19,
      1.4,
      0.3,
      1.3,
      1.2,
      0.6,
      0.75,
      0.14,
      1.7,
      1.0,
      1.0,
      5.8,
      1.4,
      0.0,
      1.0,
      0.3,
      1.0,
      3.5,
      0.55
    ],
    [
      1.2,
      1.7,
      1.3,
      2.3,
      0.6,
      1.5,
      1.7,
      1.1,
      2.7,
      1.7,
      1.1,
      5.2,
      1.2,
      1.0,
      0.0,
      1.0,
      1.7,
      3.0,
      1.2
    ],
    [
      0.5,
      1.1,
      0.6,
      1.5,
      1.5,
      0.6,
      0.9,
      0.45,
      2.0,
      0.95,
      0.75,
      6.1,
      1.2,
      0.3,
      1.0,
      0.0,
      0.9,
      3.4,
      0.4
    ],
    [
      0.9,
      1.3,
      0.9,
      1.1,
      2.1,
      0.4,
      0.7,
      0.95,
      1.9,
      0.083,
      1.0,
      6.7,
      1.6,
      1.0,
      1.7,
      0.9,
      0.0,
      4.2,
      0.6
    ],
    [
      3.7,
      4.0,
      3.8,
      4.8,
      2.7,
      4.0,
      4.2,
      3.6,
      5.2,
      4.2,
      3.5,
      4.2,
      3.2,
      3.5,
      3.0,
      3.4,
      4.2,
      0.0,
      3.7
    ],
    [
      0.5,
      1.0,
      0.5,
      1.3,
      1.6,
      0.35,
      0.75,
      0.55,
      2.0,
      0.65,
      0.65,
      6.3,
      1.1,
      0.55,
      1.2,
      0.4,
      0.6,
      3.7,
      0.0
    ]
  ],
  "walk_time_matrix": [
    [
      0.0,
      19.0,
      1.0,
      18.0,
      16.0,
      7.0,
      8.0,
      1.0,
      12.0,
      12.0,
      14.0,
      77.0,
      21.0,
      2.0,
      15.0,
      6.0,
      11.0,
      47.0,
      6.0
    ],
    [
      19.0,
      0.0,
      19.0,
      31.0,
      25.0,
      15.0,
      20.0,
      17.0,
      36.0,
      15.0,
      7.0,
      87.0,
      14.0,
      16.0,
      20.0,
      13.0,
      14.0,
      49.0,
      12.0
    ],
    [
      1.0,
      19.0,
      0.0,
      19.0,
      17.0,
      7.0,
      8.0,
      2.0,
      10.0,
      9.0,
      14.0,
      78.0,
      22.0,
      4.0,
      17.0,
      7.0,
      10.0,
      48.0,
      7.0
    ],
    [
      18.0,
      31.0,
      19.0,
      0.0,
      30.0,
      14.0,
      16.0,
      17.0,
      35.0,
      16.0,
      26.0,
      93.0,
      34.0,
      18.0,
      32.0,
      20.0,
      15.0,
      62.0,
      18.0
    ],
    [
      16.0,
      25.0,
      17.0,
      30.0,
      0.0,
      22.0,
      23.0,
      14.0,
      35.0,
      27.0,
      19.0,
      63.0,
      21.0,
      14.0,
      8.0,
      18.0,
      23.0,
      34.0,
      20.0
    ],
    [
      7.0,
      15.0,
      7.0,
      14.0,
      22.0,
      0.0,
      5.0,
      7.0,
      17.0,
      5.0,
      12.0,
      83.0,
      20.0,
      8.0,
      19.0,
      8.0,
      5.0,
      50.0,
      5.0
    ],
    [
      8.0,
      20.0,
      8.0,
      16.0,
      23.0,
      5.0,
      0.0,
      9.0,
      19.0,
      11.0,
      18.0,
      85.0,
      25.0,
      9.0,
      22.0,
      11.0,
      10.0,
      53.0,
      10.0
    ],
    [
      1.0,
      17.0,
      2.0,
      17.0,
      14.0,
      7.0,
      9.0,
      0.0,
      11.0,
      12.0,
      15.0,
      76.0,
      21.0,
      2.0,
      15.0,
      6.0,
      12.0,
      46.0,
      7.0
    ],
    [
      12.0,
      36.0,
      10.0,
      35.0,
      35.0,
      17.0,
      19.0,
      11.0,
      0.0,
      21.0,
      23.0,
      91.0,
      40.0,
      21.0,
      22.0,
      24.0,
      24.0,
      65.0,
      17.0
    ],
    [
      12.0,
      15.0,
      9.0,
      16.0,
      27.0,
      5.0,
      11.0,
      12.0,
      21.0,
      0.0,
      13.0,
      88.0,
      22.0,
      12.0,
      22.0,
      12.0,
      1.0,
      53.0,
      8.0
    ],
    [
      14.0,
      7.0,
      14.0,
      26.0,
      19.0,
      12.0,
      18.0,
      15.0,
      23.0,
      13.0,
      0.0,
      80.0,
      9.0,
      12.0,
      14.0,
      9.0,
      12.0,
      43.0,
      8.0
    ],
    [
      77.0,
      87.0,
      78.0,
      93.0,
      63.0,
      83.0,
      85.0,
      76.0,
      91.0,
      88.0,
      80.0,
      0.0,
      38.0,
      42.0,
      67.0,
      77.0,
      85.0,
      39.0,
      80.0
    ],
    [
      21.0,
      14.0,
      22.0,
      34.0,
      21.0,
      20.0,
      25.0,
      21.0,
      40.0,
      22.0,
      9.0,
      38.0,
      0.0,
      17.0,
      14.0,
      14.0,
      20.0,
      39.0,
      13.0
    ],
    [
      2.0,
      16.0,
      4.0,
      18.0,
      14.0,
      8.0,
      9.0,
      2.0,
      21.0,
      12.0,
      12.0,
      42.0,
      17.0,
      0.0,
      14.0,
      4.0,
      13.0,
      45.0,
      7.0
    ],
    [
      15.0,
      20.0,
      17.0,
      32.0,
      8.0,
      19.0,
      22.0,
      15.0,
      22.0,
      22.0,
      14.0,
      67.0,
      14.0,
      14.0,
      0.0,
      11.0,
      21.0,
      38.0,
      14.0
    ],
    [
      6.0,
      13.0,
      7.0,
      20.0,
      18.0,
      8.0,
      11.0,
      6.0,
      24.0,
      12.0,
      9.0,
      77.0,
      14.0,
      4.0,
      11.0,
      0.0,
      12.0,
      43.0,
      5.0
    ],
    [
      11.0,
      14.0,
      10.0,
      15.0,
      23.0,
      5.0,
      10.0,
      12.0,
      24.0,
      1.0,
      12.0,
      85.0,
      20.0,
      13.0,
      21.0,
      12.0,
      0.0,
      52.0,
      8.0
    ],
    [
      47.0,
      49.0,
      48.0,
      62.0,
      34.0,
      50.0,
      53.0,
      46.0,
      65.0,
      53.0,
      43.0,
      39.0,
      39.0,
      45.0,
      38.0,
      43.0,
      52.0,
      0.0,
      46.0
    ],
    [
      6.0,
      12.0,
      7.0,
      18.0,
      20.0,
      5.0,
      10.0,
      7.0,
      17.0,
      8.0,
      8.0,
      80.0,
      13.0,
      7.0,
      14.0,
      5.0,
      8.0,
      46.0,
      0.0
    ]
  ],
  "cycle_dist_matrix": [
    [
      0.0,
      1.4,
      0.11,
      1.1,
      1.2,
      0.5,
      0.65,
      0.058,
      1.6,
      0.95,
      1.1,
      5.8,
      1.6,
      0.19,
      1.2,
      0.5,
      0.9,
      3.7,
      0.5
    ],
    [
      1.4,
      0.0,
      1.5,
      2.3,
      2.1,
      1.3,
      1.7,
      1.5,
      3.0,
      1.3,
      0.6,
      6.7,
      1.1,
      1.4,
      1.7,
      1.1,
      1.3,
      4.0,
      1.0
    ],
    [
      0.11,
      1.5,
      0.0,
      1.2,
      1.4,
      0.55,
      0.7,
      0.17,
      1.5,
      1.0,
      1.1,
      5.9,
      1.6,
      0.3,
      1.3,
      0.6,
      0.9,
      3.8,
      0.5
    ],
    [
      1.1,
      2.3,
      1.2,
      0.0,
      2.4,
      1.0,
      1.2,
      1.2,
      2.6,
      1.1,
      1.9,
      7.0,
      2.5,
      1.3,
      2.3,
      1.5,
      1.1,
      4.8,
      1.3
    ],
    [
      1.2,
      2.1,
      1.4,
      2.4,
      0.0,
      1.8,
      1.9,
      1.2,
      2.8,
      2.2,
      1.5,
      4.7,
      1.6,
      1.2,
      0.6,
      1.5,
      2.1,
      2.7,
      1.6
    ],
    [
      0.5,
      1.3,
      0.55,
      1.0,
      1.8,
      0.0,
      0.45,
      0.6,
      2.1,
      0.45,
      0.9,
      6.3,
      1.5,
      0.6,
      1.5,
      0.6,
      0.4,
      4.0,
      0.35
    ],
    [
      0.65,
      1.7,
      0.7,
      1.2,
      1.9,
      0.45,
      0.0,
      0.7,
      2.2,
      0.85,
      1.4,
      6.5,
      1.9,
      0.75,
      1.7,
      0.9,
      0.7,
      4.2,
      0.75
    ],
    [
      0.058,
      1.5,
      0.17,
      1.2,
      1.2,
      0.6,
      0.7,
      0.0,
      1.6,
      1.0,
      1.1,
      5.8,
      1.5,
      0.14,
      1.0,
      0.45,
      0.95,
      3.6,
      0.55
    ],
    [
      1.6,
      3.0,
      1.5,
      2.6,
      2.8,
      2.1,
      2.2,
      1.6,
      0.0,
      2.0,
      2.6,
      7.0,
      3.1,
      1.7,
      2.7,
      2.0,
      1.9,
      5.2,
      2.0
    ],
    [
      0.95,
      1.3,
      1.0,
      1.1,
      2.2,
      0.45,
      0.85,
      1.0,
      2.0,
      0.0,
      1.0,
      6.8,
      1.7,
      1.0,
      1.7,
      0.95,
      0.083,
      4.2,
      0.65
    ],
    [
      1.1,
      0.6,
      1.1,
      1.9,
      1.5,
      0.9,
      1.4,
      1.1,
      2.6,
      1.0,
      0.0,
      6.2,
      0.7,
      1.0,
      1.1,
      0.75,
      1.0,
      3.5,
      0.65
    ],
    [
      5.8,
      6.7,
      5.9,
      7.0,
      4.7,
      6.3,
      6.5,
      5.8,
      7.0,
      6.8,
      6.2,
      0.0,
      6.2,
      5.8,
      5.2,
      6.1,
      6.7,
      4.2,
      6.3
    ],
    [
      1.6,
      1.1,
      1.6,
      2.5,
      1.6,
      1.5,
      1.9,
      1.5,
      3.1,
      1.7,
      0.7,
      6.2,
      0.0,
      1.4,
      1.2,
      1.2,
      1.6,
      3.2,
      1.1
    ],
    [
      0.19,
      1.4,
      0.3,
      1.3,
      1.2,
      0.6,
      0.75,
      0.14,
      1.7,
      1.0,
      1.0,
      5.8,
      1.4,
      0.0,
      1.0,
      0.3,
      1.0,
      3.5,
      0.55
    ],
    [
      1.2,
      1.7,
      1.3,
      2.3,
      0.6,
      1.5,
      1.7,
      1.0,
      2.7,
      1.7,
      1.1,
      5.2,
      1.2,
      1.0,
      0.0,
      1.0,
      1.7,
      3.0,
      1.2
    ],
    [
      0.5,
      1.1,
      0.6,
      1.5,
      1.5,
      0.6,
      0.9,
      0.45,
      2.0,
      0.95,
      0.75,
      6.1,
      1.2,
      0.3,
      1.0,
      0.0,
      0.9,
      3.4,
      0.4
    ],
    [
      0.9,
      1.3,
      0.9,
      1.1,
      2.1,
      0.4,
      0.7,
      0.95,
      1.9,
      0.083,
      1.0,
      6.7,
      1.6,
      1.0,
      1.7,
      0.9,
      0.0,
      4.2,
      0.6
    ],
    [
      3.7,
      4.0,
      3.8,
      4.8,
      2.7,
      4.0,
      4.2,
      3.6,
      5.2,
      4.2,
      3.5,
      4.2,
      3.2,
      3.5,
      3.0,
      3.4,
      4.2,
      0.0,
      3.7
    ],
    [
      0.5,
      1.0,
      0.5,
      1.3,
      1.6,
      0.35,
      0.75,
      0.55,
      2.0,
      0.65,
      0.65,
      6.3,
      1.1,
      0.55,
      1.2,
      0.4,
      0.6,
      3.7,
      0.0
    ]
  ],
  "cycle_time_matrix": [
    [
      0.0,
      19.0,
      1.0,
      18.0,
      16.0,
      7.0,
      8.0,
      1.0,
      21.0,
      12.0,
      14.0,
      77.0,
      21.0,
      2.0,
      15.0,
      6.0,
      11.0,
      47.0,
      6.0
    ],
    [
      19.0,
      0.0,
      19.0,
      31.0,
      25.0,
      15.0,
      20.0,
      17.0,
      36.0,
      15.0,
      7.0,
      87.0,
      14.0,
      16.0,
      20.0,
      13.0,
      14.0,
      49.0,
      12.0
    ],
    [
      1.0,
      19.0,
      0.0,
      19.0,
      17.0,
      7.0,
      8.0,
      2.0,
      20.0,
      12.0,
      15.0,
      78.0,
      22.0,
      4.0,
      17.0,
      7.0,
      12.0,
      48.0,
      7.0
    ],
    [
      18.0,
      31.0,
      19.0,
      0.0,
      32.0,
      14.0,
      16.0,
      17.0,
      35.0,
      16.0,
      26.0,
      93.0,
      34.0,
      18.0,
      32.0,
      20.0,
      15.0,
      62.0,
      18.0
    ],
    [
      16.0,
      25.0,
      17.0,
      32.0,
      0.0,
      22.0,
      23.0,
      14.0,
      35.0,
      27.0,
      19.0,
      63.0,
      21.0,
      14.0,
      8.0,
      18.0,
      26.0,
      34.0,
      20.0
    ],
    [
      7.0,
      15.0,
      7.0,
      14.0,
      22.0,
      0.0,
      5.0,
      7.0,
      26.0,
      5.0,
      12.0,
      83.0,
      20.0,
      8.0,
      19.0,
      8.0,
      5.0,
      50.0,
      5.0
    ],
    [
      8.0,
      20.0,
      8.0,
      16.0,
      23.0,
      5.0,
      0.0,
      9.0,
      28.0,
      11.0,
      18.0,
      85.0,
      25.0,
      9.0,
      22.0,
      11.0,
      10.0,
      53.0,
      10.0
    ],
    [
      1.0,
      17.0,
      2.0,
      17.0,
      14.0,
      7.0,
      9.0,
      0.0,
      21.0,
      12.0,
      15.0,
      76.0,
      21.0,
      2.0,
      15.0,
      6.0,
      12.0,
      46.0,
      7.0
    ],
    [
      21.0,
      36.0,
      20.0,
      35.0,
      35.0,
      26.0,
      28.0,
      21.0,
      0.0,
      24.0,
      33.0,
      91.0,
      40.0,
      21.0,
      34.0,
      24.0,
      24.0,
      65.0,
      25.0
    ],
    [
      12.0,
      15.0,
      12.0,
      16.0,
      27.0,
      5.0,
      11.0,
      12.0,
      24.0,
      0.0,
      13.0,
      88.0,
      22.0,
      12.0,
      22.0,
      12.0,
      1.0,
      53.0,
      8.0
    ],
    [
      14.0,
      7.0,
      15.0,
      26.0,
      19.0,
      12.0,
      18.0,
      15.0,
      33.0,
      13.0,
      0.0,
      80.0,
      9.0,
      12.0,
      14.0,
      9.0,
      12.0,
      43.0,
      8.0
    ],
    [
      77.0,
      87.0,
      78.0,
      93.0,
      63.0,
      83.0,
      85.0,
      76.0,
      91.0,
      88.0,
      80.0,
      0.0,
      80.0,
      73.0,
      67.0,
      77.0,
      85.0,
      55.0,
      80.0
    ],
    [
      21.0,
      14.0,
      22.0,
      34.0,
      21.0,
      20.0,
      25.0,
      21.0,
      40.0,
      22.0,
      9.0,
      80.0,
      0.0,
      17.0,
      14.0,
      14.0,
      20.0,
      39.0,
      13.0
    ],
    [
      2.0,
      16.0,
      4.0,
      18.0,
      14.0,
      8.0,
      9.0,
      2.0,
      21.0,
      12.0,
      12.0,
      73.0,
      17.0,
      0.0,
      14.0,
      4.0,
      13.0,
      45.0,
      7.0
    ],
    [
      15.0,
      20.0,
      17.0,
      32.0,
      8.0,
      19.0,
      22.0,
      15.0,
      34.0,
      22.0,
      14.0,
      67.0,
      14.0,
      14.0,
      0.0,
      11.0,
      21.0,
      38.0,
      14.0
    ],
    [
      6.0,
      13.0,
      7.0,
      20.0,
      18.0,
      8.0,
      11.0,
      6.0,
      24.0,
      12.0,
      9.0,
      77.0,
      14.0,
      4.0,
      11.0,
      0.0,
      12.0,
      43.0,
      5.0
    ],
    [
      11.0,
      14.0,
      12.0,
      15.0,
      26.0,
      5.0,
      10.0,
      12.0,
      24.0,
      1.0,
      12.0,
      85.0,
      20.0,
      13.0,
      21.0,
      12.0,
      0.0,
      52.0,
      8.0
    ],
    [
      47.0,
      49.0,
      48.0,
      62.0,
      34.0,
      50.0,
      53.0,
      46.0,
      65.0,
      53.0,
      43.0,
      55.0,
      39.0,
      45.0,
      38.0,
      43.0,
      52.0,
      0.0,
      46.0
    ],
    [
      6.0,
      12.0,
      7.0,
      18.0,
      20.0,
      5.0,
      10.0,
      7.0,
      25.0,
      8.0,
      8.0,
      80.0,
      13.0,
      7.0,
      14.0,
      5.0,
      8.0,
      46.0,
      0.0
    ]
  ],
  "avg_dd": [
    [
      2.930753462603878
    ]
  ]
}