{
  "drive_dist_matrix": [
    [
      0.0,
      4.9,
      3.4,
      6.0,
      4.9,
      2.8,
      4.0,
      5.2,
      5.0,
      3.1,
      8.6,
      4.3,
      5.7,
      2.3,
      5.5,
      5.6,
      7.5,
      9.7,
      9.6,
      10.0,
      13.4,
      3.6,
      4.8,
      5.3,
      11.8,
      9.3,
      8.9,
      5.3,
      5.0,
      5.3,
      10.5,
      13.5,
      8.4,
      0.8,
      5.6,
      15.5,
      13.8,
      17.9,
      10.0,
      6.1,
      0.35,
      25.4,
      6.6,
      50.1,
      3.8,
      14.3,
      45.1,
      7.0,
      11.3,
      30.9,
      9.6,
      10.3,
      18.0,
      5.5,
      3.4,
      5.9,
      20.5,
      19.4
    ],
    [
      4.9,
      0.0,
      2.7,
      3.3,
      4.0,
      3.7,
      1.4,
      4.2,
      4.6,
      4.6,
      5.9,
      8.4,
      4.8,
      3.8,
      6.3,
      4.6,
      10.8,
      8.7,
      6.9,
      7.4,
      13.0,
      2.9,
      4.0,
      3.3,
      11.1,
      8.4,
      9.6,
      3.3,
      4.1,
      3.3,
      13.8,
      18.5,
      7.9,
      3.5,
      4.7,
      20.0,
      18.7,
      15.2,
      7.4,
      6.5,
      4.9,
      23.9,
      7.2,
      49.7,
      2.7,
      19.2,
      42.4,
      10.2,
      9.2,
      31.1,
      6.9,
      7.6,
      15.3,
      6.3,
      2.7,
      9.6,
      17.9,
      16.7
    ],
    [
      3.4,
      2.7,
      0.0,
      3.1,
      2.8,
      0.4,
      2.8,
      3.0,
      3.3,
      4.4,
      5.8,
      7.3,
      3.5,
      2.4,
      5.0,
      3.4,
      10.4,
      7.5,
      7.6,
      8.2,
      10.8,
      0.18,
      2.3,
      3.1,
      9.1,
      7.2,
      7.5,
      3.1,
      2.9,
      3.1,
      9.0,
      12.1,
      6.7,
      2.4,
      3.4,
      14.0,
      12.3,
      12.6,
      8.2,
      5.3,
      3.8,
      25.3,
      5.1,
      51.1,
      1.3,
      12.8,
      42.9,
      9.4,
      8.7,
      32.5,
      7.8,
      8.5,
      15.8,
      5.0,
      0.024,
      8.2,
      18.4,
      15.1
    ],
    [
      6.0,
      3.3,
      3.1,
      0.0,
      4.7,
      3.0,
      2.1,
      5.0,
      5.3,
      5.3,
      3.2,
      9.2,
      5.5,
      4.5,
      7.0,
      5.4,
      11.5,
      9.5,
      4.9,
      5.6,
      2.8,
      3.2,
      1.1,
      5.1,
      8.4,
      9.2,
      9.2,
      5.1,
      4.8,
      5.1,
      10.1,
      14.8,
      8.6,
      4.2,
      5.4,
      16.3,
      15.1,
      13.5,
      5.6,
      7.2,
      5.6,
      22.1,
      7.1,
      47.9,
      2.2,
      15.6,
      40.6,
      11.0,
      8.1,
      29.3,
      5.1,
      5.9,
      13.6,
      7.0,
      3.5,
      10.3,
      16.1,
      15.0
    ],
    [
      4.9,
      4.0,
      2.8,
      4.7,
      0.0,
      4.8,
      3.1,
      0.4,
      0.5,
      1.8,
      7.7,
      7.7,
      1.8,
      2.5,
      2.4,
      1.8,
      7.2,
      5.8,
      8.7,
      9.1,
      13.8,
      3.6,
      5.7,
      1.4,
      12.0,
      5.8,
      10.4,
      1.4,
      0.45,
      1.8,
      12.0,
      15.0,
      5.3,
      3.6,
      0.85,
      17.0,
      15.3,
      10.9,
      9.1,
      3.1,
      5.0,
      22.8,
      8.1,
      47.6,
      4.2,
      15.8,
      41.2,
      6.2,
      11.0,
      28.4,
      8.7,
      9.4,
      14.2,
      2.5,
      3.7,
      6.9,
      16.7,
      13.4
    ],
    [
      2.8,
      3.7,
      0.4,
      3.0,
      4.8,
      0.0,
      2.9,
      3.4,
      3.8,
      3.6,
      5.7,
      6.2,
      4.0,
      2.8,
      5.5,
      3.8,
      9.5,
      7.9,
      7.5,
      8.1,
      10.7,
      0.5,
      2.2,
      3.5,
      8.9,
      7.6,
      7.3,
      3.5,
      3.3,
      3.6,
      8.9,
      12.0,
      7.1,
      2.5,
      3.9,
      13.9,
      12.2,
      13.1,
      8.1,
      5.7,
      2.7,
      25.4,
      5.0,
      51.2,
      1.2,
      12.7,
      43.9,
      9.0,
      8.6,
      32.6,
      7.7,
      8.4,
      16.9,
      5.5,
      0.45,
      7.9,
      19.4,
      18.3
    ],
    [
      4.0,
      1.4,
      2.8,
      2.1,
      3.1,
      2.9,
      0.0,
      4.3,
      4.6,
      4.6,
      4.7,
      8.5,
      4.8,
      3.8,
      6.3,
      4.7,
      10.8,
      8.8,
      7.0,
      7.4,
      11.1,
      1.8,
      2.0,
      4.4,
      9.3,
      8.5,
      8.5,
      4.4,
      4.1,
      4.4,
      11.0,
      13.1,
      7.9,
      3.5,
      4.7,
      17.2,
      13.4,
      15.3,
      7.4,
      6.5,
      4.9,
      23.9,
      6.2,
      49.7,
      1.6,
      13.9,
      42.4,
      10.3,
      9.0,
      31.1,
      6.9,
      7.7,
      15.4,
      6.3,
      1.9,
      9.6,
      17.9,
      16.8
    ],
    [
      5.2,
      4.2,
      3.0,
      5.0,
      0.4,
      3.4,
      4.3,
      0.0,
      1.3,
      1.8,
      8.6,
      7.9,
      2.8,
      2.7,
      2.6,
      2.8,
      7.4,
      6.8,
      9.7,
      10.1,
      15.8,
      4.6,
      6.7,
      2.4,
      13.9,
      6.8,
      11.4,
      2.4,
      0.7,
      2.8,
      12.9,
      16.0,
      6.3,
      3.7,
      0.5,
      18.0,
      16.3,
      11.9,
      10.1,
      3.2,
      5.1,
      23.0,
      9.1,
      47.8,
      5.2,
      16.8,
      42.2,
      6.4,
      12.0,
      28.5,
      9.7,
      10.4,
      15.1,
      2.6,
      4.7,
      7.1,
      17.7,
      14.4
    ],
    [
      5.0,
      4.6,
      3.3,
      5.3,
      0.5,
      3.8,
      4.6,
      1.3,
      0.0,
      2.0,
      7.5,
      7.9,
      1.4,
      2.7,
      2.2,
      0.75,
      7.5,
      5.4,
      8.1,
      8.9,
      14.6,
      3.4,
      5.6,
      1.2,
      12.7,
      5.0,
      10.2,
      1.2,
      0.85,
      1.0,
      11.8,
      14.8,
      4.5,
      3.8,
      1.0,
      16.8,
      15.1,
      10.5,
      8.9,
      2.5,
      5.2,
      22.3,
      7.9,
      48.1,
      4.0,
      15.6,
      40.8,
      6.5,
      10.8,
      29.5,
      8.5,
      9.2,
      13.7,
      2.7,
      3.5,
      7.1,
      16.2,
      12.9
    ],
    [
      3.1,
      4.6,
      4.4,
      5.3,
      1.8,
      3.6,
      4.6,
      1.8,
      2.0,
      0.0,
      8.1,
      6.6,
      5.3,
      0.8,
      5.0,
      4.8,
      8.9,
      8.8,
      9.2,
      9.6,
      15.3,
      3.0,
      6.2,
      4.8,
      13.4,
      8.9,
      10.4,
      4.8,
      4.6,
      4.9,
      11.9,
      15.0,
      7.9,
      1.7,
      5.2,
      16.9,
      15.2,
      13.9,
      9.6,
      5.6,
      3.1,
      26.1,
      8.1,
      51.9,
      4.2,
      15.8,
      44.6,
      8.3,
      11.5,
      32.2,
      9.1,
      9.9,
      17.6,
      5.0,
      2.8,
      7.7,
      20.1,
      19.0
    ],
    [
      8.6,
      5.9,
      5.8,
      3.2,
      7.7,
      5.7,
      4.7,
      8.6,
      7.5,
      8.1,
      0.0,
      11.7,
      8.0,
      7.1,
      9.5,
      7.9,
      14.9,
      12.0,
      7.4,
      8.1,
      4.3,
      5.9,
      3.8,
      7.6,
      11.0,
      11.7,
      11.9,
      7.6,
      7.4,
      7.6,
      12.8,
      17.5,
      11.2,
      6.8,
      7.9,
      19.0,
      17.7,
      16.0,
      8.1,
      9.8,
      8.2,
      24.6,
      9.8,
      50.4,
      4.9,
      18.2,
      43.2,
      13.5,
      10.7,
      31.8,
      7.6,
      8.4,
      16.1,
      9.6,
      6.0,
      12.8,
      18.6,
      17.5
    ],
    [
      4.3,
      8.4,
      7.3,
      9.2,
      7.7,
      6.2,
      8.5,
      7.9,
      7.9,
      6.6,
      11.7,
      0.0,
      9.2,
      5.8,
      8.5,
      8.3,
      9.2,
      12.3,
      13.1,
      13.5,
      16.9,
      7.1,
      8.3,
      8.7,
      15.3,
      12.8,
      12.4,
      8.7,
      8.5,
      8.8,
      14.0,
      17.0,
      11.4,
      5.6,
      8.1,
      22.3,
      17.3,
      18.7,
      13.5,
      9.1,
      4.2,
      27.1,
      10.1,
      51.8,
      7.3,
      17.8,
      51.2,
      8.6,
      15.4,
      32.5,
      13.1,
      13.8,
      21.5,
      8.5,
      6.9,
      7.6,
      24.0,
      22.9
    ],
    [
      5.7,
      4.8,
      3.5,
      5.5,
      1.8,
      4.0,
      4.8,
      2.8,
      1.4,
      5.3,
      8.0,
      9.2,
      0.0,
      3.1,
      2.3,
      0.5,
      7.0,
      3.8,
      6.6,
      9.5,
      14.3,
      4.1,
      6.2,
      2.0,
      13.4,
      5.8,
      10.9,
      2.0,
      2.2,
      1.8,
      12.4,
      15.5,
      2.9,
      4.1,
      1.6,
      17.5,
      15.8,
      8.9,
      9.5,
      2.2,
      5.5,
      20.8,
      8.6,
      46.6,
      4.7,
      16.3,
      39.2,
      6.0,
      11.5,
      27.9,
      9.0,
      9.7,
      12.2,
      2.3,
      4.2,
      7.5,
      14.7,
      11.4
    ],
    [
      2.3,
      3.8,
      2.4,
      4.5,
      2.5,
      2.8,
      3.8,
      2.7,
      2.7,
      0.8,
      7.1,
      5.8,
      3.1,
      0.0,
      4.2,
      4.4,
      8.2,
      8.1,
      8.5,
      8.9,
      14.5,
      2.3,
      5.5,
      4.1,
      12.7,
      8.2,
      9.6,
      4.1,
      3.8,
      4.1,
      11.2,
      14.2,
      7.2,
      1.0,
      4.4,
      16.2,
      14.5,
      13.2,
      8.9,
      4.9,
      2.4,
      25.4,
      7.3,
      51.2,
      3.5,
      15.0,
      43.9,
      7.6,
      10.7,
      31.5,
      8.4,
      9.1,
      16.9,
      4.2,
      2.1,
      6.9,
      19.4,
      18.3
    ],
    [
      5.5,
      6.3,
      5.0,
      7.0,
      2.4,
      5.5,
      6.3,
      2.6,
      2.2,
      5.0,
      9.5,
      8.5,
      2.3,
      4.2,
      0.0,
      2.0,
      5.0,
      5.5,
      8.3,
      11.2,
      16.1,
      5.8,
      8.6,
      3.2,
      15.7,
      7.0,
      12.7,
      3.2,
      2.8,
      3.0,
      14.3,
      17.3,
      4.5,
      4.5,
      1.8,
      24.4,
      17.6,
      10.5,
      11.1,
      1.3,
      5.9,
      20.7,
      10.3,
      45.4,
      6.5,
      18.1,
      40.9,
      4.0,
      13.8,
      26.2,
      10.7,
      11.4,
      13.8,
      0.75,
      5.6,
      7.9,
      16.4,
      13.1
    ],
    [
      5.6,
      4.6,
      3.4,
      5.4,
      1.8,
      3.8,
      4.7,
      2.8,
      0.75,
      4.8,
      7.9,
      8.3,
      0.5,
      4.4,
      2.0,
      0.0,
      6.9,
      4.7,
      7.5,
      9.1,
      13.8,
      3.6,
      5.7,
      1.4,
      12.9,
      5.2,
      10.4,
      1.4,
      1.6,
      1.2,
      12.0,
      15.0,
      3.4,
      4.0,
      1.5,
      17.0,
      15.3,
      9.8,
      9.1,
      2.2,
      5.4,
      21.6,
      8.1,
      47.4,
      4.2,
      15.8,
      40.1,
      5.9,
      11.0,
      28.8,
      8.7,
      9.4,
      13.0,
      2.2,
      3.7,
      7.4,
      15.5,
      12.3
    ],
    [
      7.5,
      10.8,
      10.4,
      11.5,
      7.2,
      9.5,
      10.8,
      7.4,
      7.5,
      8.9,
      14.9,
      9.2,
      7.0,
      8.2,
      5.0,
      6.9,
      0.0,
      9.9,
      14.3,
      14.7,
      20.4,
      8.6,
      11.3,
      8.8,
      18.5,
      12.7,
      20.1,
      8.8,
      8.1,
      8.6,
      17.3,
      20.4,
      8.5,
      7.3,
      6.8,
      21.3,
      20.7,
      11.6,
      14.7,
      5.3,
      7.6,
      20.0,
      13.5,
      44.7,
      10.0,
      21.2,
      44.1,
      1.6,
      16.6,
      25.5,
      14.3,
      15.0,
      22.7,
      5.7,
      8.4,
      6.0,
      25.2,
      14.8
    ],
    [
      9.7,
      8.7,
      7.5,
      9.5,
      5.8,
      7.9,
      8.8,
      6.8,
      5.4,
      8.8,
      12.0,
      12.3,
      3.8,
      8.1,
      5.5,
      4.7,
      9.9,
      0.0,
      4.6,
      7.5,
      15.9,
      7.0,
      9.2,
      4.4,
      14.0,
      3.9,
      13.9,
      4.4,
      5.1,
      4.2,
      15.8,
      20.5,
      3.6,
      8.0,
      5.4,
      22.0,
      20.7,
      5.5,
      7.5,
      4.5,
      9.3,
      18.8,
      11.5,
      41.7,
      7.7,
      21.2,
      37.2,
      8.7,
      11.5,
      23.1,
      7.0,
      7.8,
      10.2,
      5.0,
      7.1,
      11.3,
      12.7,
      8.0
    ],
    [
      9.6,
      6.9,
      7.6,
      4.9,
      8.7,
      7.5,
      7.0,
      9.7,
      8.1,
      9.2,
      7.4,
      13.1,
      6.6,
      8.5,
      8.3,
      7.5,
      14.3,
      4.6,
      0.0,
      2.9,
      11.3,
      7.8,
      5.6,
      7.0,
      9.4,
      6.4,
      15.4,
      7.0,
      7.7,
      6.7,
      11.1,
      15.8,
      6.8,
      8.4,
      8.0,
      17.3,
      16.1,
      7.9,
      2.9,
      7.9,
      9.7,
      19.4,
      10.3,
      45.2,
      6.7,
      16.6,
      36.9,
      12.1,
      6.9,
      26.6,
      2.4,
      3.1,
      9.9,
      8.7,
      7.6,
      13.9,
      12.4,
      12.3
    ],
    [
      10.0,
      7.4,
      8.2,
      5.6,
      9.1,
      8.1,
      7.4,
      10.1,
      8.9,
      9.6,
      8.1,
      13.5,
      9.5,
      8.9,
      11.2,
      9.1,
      14.7,
      7.5,
      2.9,
      0.0,
      11.5,
      8.0,
      6.3,
      9.3,
      9.6,
      9.4,
      15.5,
      9.3,
      9.1,
      9.7,
      11.3,
      16.0,
      9.7,
      8.5,
      9.7,
      17.5,
      16.3,
      11.2,
      0.007,
      10.9,
      9.9,
      19.8,
      10.4,
      45.6,
      7.4,
      16.8,
      38.4,
      15.2,
      7.0,
      27.0,
      0.4,
      1.0,
      11.3,
      11.6,
      7.8,
      14.6,
      13.8,
      12.7
    ],
    [
      13.4,
      13.0,
      10.8,
      2.8,
      13.8,
      10.7,
      11.1,
      15.8,
      14.6,
      15.3,
      4.3,
      16.9,
      14.3,
      14.5,
      16.1,
      13.8,
      20.4,
      15.9,
      11.3,
      11.5,
      0.0,
      9.5,
      10.3,
      10.9,
      13.9,
      13.4,
      19.8,
      10.9,
      10.6,
      10.9,
      15.6,
      20.3,
      13.7,
      10.0,
      11.2,
      21.8,
      20.6,
      15.2,
      7.3,
      13.0,
      11.4,
      23.8,
      14.7,
      49.6,
      9.2,
      21.1,
      42.4,
      16.8,
      11.3,
      31.0,
      6.9,
      7.6,
      15.3,
      12.8,
      9.3,
      16.1,
      17.8,
      16.7
    ],
    [
      3.6,
      2.9,
      0.18,
      3.2,
      3.6,
      0.5,
      1.8,
      4.6,
      3.4,
      3.0,
      5.9,
      7.1,
      4.1,
      2.3,
      5.8,
      3.6,
      8.6,
      7.0,
      7.8,
      8.0,
      9.5,
      0.0,
      2.5,
      3.2,
      9.2,
      7.3,
      7.6,
      3.2,
      3.0,
      3.3,
      9.1,
      12.2,
      6.8,
      2.2,
      3.6,
      14.1,
      12.4,
      12.7,
      8.7,
      5.4,
      3.6,
      25.2,
      5.3,
      51.0,
      1.4,
      13.0,
      43.0,
      8.9,
      8.8,
      32.4,
      8.2,
      8.9,
      16.0,
      5.2,
      0.21,
      8.0,
      18.5,
      15.2
    ],
    [
      4.8,
      4.0,
      2.3,
      1.1,
      5.7,
      2.2,
      2.0,
      6.7,
      5.6,
      6.2,
      3.8,
      8.3,
      6.2,
      5.5,
      8.6,
      5.7,
      11.3,
      9.2,
      5.6,
      6.3,
      10.3,
      2.5,
      0.0,
      5.8,
      7.6,
      9.9,
      8.4,
      5.8,
      5.5,
      5.8,
      9.4,
      14.0,
      9.4,
      5.0,
      6.1,
      15.6,
      14.3,
      14.2,
      6.3,
      7.9,
      6.4,
      22.8,
      6.4,
      48.6,
      1.5,
      14.8,
      41.4,
      11.7,
      7.3,
      30.0,
      5.8,
      6.6,
      14.3,
      7.7,
      2.9,
      11.0,
      16.8,
      15.7
    ],
    [
      5.3,
      3.3,
      3.1,
      5.1,
      1.4,
      3.5,
      4.4,
      2.4,
      1.2,
      4.8,
      7.6,
      8.7,
      2.0,
      4.1,
      3.2,
      1.4,
      8.8,
      4.4,
      7.0,
      9.3,
      10.9,
      3.2,
      5.8,
      0.0,
      12.8,
      4.6,
      10.3,
      0.032,
      1.5,
      0.16,
      15.5,
      20.1,
      4.0,
      4.5,
      2.1,
      21.6,
      20.4,
      9.5,
      9.0,
      3.3,
      5.9,
      21.3,
      8.0,
      47.1,
      4.1,
      20.9,
      39.8,
      7.0,
      10.9,
      28.5,
      8.6,
      9.3,
      12.7,
      3.3,
      3.6,
      8.4,
      15.3,
      12.0
    ],
    [
      11.8,
      11.1,
      9.1,
      8.4,
      12.0,
      8.9,
      9.3,
      13.9,
      12.7,
      13.4,
      11.0,
      15.3,
      13.4,
      12.7,
      15.7,
      12.9,
      18.5,
      14.0,
      9.4,
      9.6,
      13.9,
      9.2,
      7.6,
      12.8,
      0.0,
      15.7,
      10.9,
      11.7,
      11.4,
      11.7,
      5.4,
      6.6,
      15.3,
      12.3,
      12.0,
      9.6,
      6.8,
      17.6,
      9.7,
      13.9,
      11.7,
      26.2,
      5.8,
      52.0,
      8.1,
      7.3,
      44.7,
      17.9,
      4.2,
      33.4,
      9.2,
      10.0,
      13.6,
      13.8,
      9.6,
      16.9,
      20.2,
      19.1
    ],
    [
      9.3,
      8.4,
      7.2,
      9.2,
      5.8,
      7.6,
      8.5,
      6.8,
      5.0,
      8.9,
      11.7,
      12.8,
      5.8,
      8.2,
      7.0,
      5.2,
      12.7,
      3.9,
      6.4,
      9.4,
      13.4,
      7.3,
      9.9,
      4.6,
      15.7,
      0.0,
      14.2,
      4.5,
      5.4,
      4.3,
      17.7,
      22.4,
      5.8,
      8.4,
      6.5,
      23.9,
      22.6,
      10.4,
      9.4,
      7.2,
      9.7,
      20.7,
      11.9,
      46.5,
      8.0,
      23.2,
      39.2,
      10.9,
      13.4,
      27.9,
      8.9,
      9.7,
      12.1,
      7.1,
      7.5,
      12.3,
      14.6,
      13.6
    ],
    [
      8.9,
      9.6,
      7.5,
      9.2,
      10.4,
      7.3,
      8.5,
      11.4,
      10.2,
      10.4,
      11.9,
      12.4,
      10.9,
      9.6,
      12.7,
      10.4,
      20.1,
      13.9,
      15.4,
      15.5,
      19.8,
      7.6,
      8.4,
      10.3,
      10.9,
      14.2,
      0.0,
      10.1,
      9.9,
      10.2,
      8.9,
      9.5,
      13.7,
      9.4,
      10.5,
      8.8,
      9.7,
      23.1,
      15.2,
      12.3,
      8.8,
      31.7,
      5.2,
      57.5,
      7.4,
      10.3,
      50.2,
      19.9,
      12.7,
      38.9,
      14.7,
      15.5,
      23.2,
      12.1,
      8.0,
      18.8,
      25.7,
      24.6
    ],
    [
      5.3,
      3.3,
      3.1,
      5.1,
      1.4,
      3.5,
      4.4,
      2.4,
      1.2,
      4.8,
      7.6,
      8.7,
      2.0,
      4.1,
      3.2,
      1.4,
      8.8,
      4.4,
      7.0,
      9.3,
      10.9,
      3.2,
      5.8,
      0.032,
      11.7,
      4.5,
      10.1,
      0.0,
      1.5,
      0.5,
      15.5,
      20.1,
      4.0,
      4.5,
      2.1,
      21.6,
      20.4,
      9.5,
      9.0,
      3.3,
      5.9,
      21.3,
      8.0,
      47.1,
      4.1,
      20.9,
      39.8,
      7.0,
      10.9,
      28.5,
      8.6,
      9.3,
      12.7,
      3.3,
      3.6,
      8.4,
      15.3,
      12.0
    ],
    [
      5.0,
      4.1,
      2.9,
      4.8,
      0.45,
      3.3,
      4.1,
      0.7,
      0.85,
      4.6,
      7.4,
      8.5,
      2.2,
      3.8,
      2.8,
      1.6,
      8.1,
      5.1,
      7.7,
      9.1,
      10.6,
      3.0,
      5.5,
      1.5,
      11.4,
      5.4,
      9.9,
      1.5,
      0.0,
      1.8,
      15.6,
      15.0,
      5.3,
      3.9,
      1.1,
      21.7,
      15.3,
      10.7,
      9.1,
      3.4,
      5.2,
      22.5,
      8.1,
      48.3,
      4.2,
      15.8,
      41.0,
      6.5,
      11.0,
      29.7,
      8.7,
      9.4,
      14.0,
      2.7,
      3.7,
      7.2,
      16.5,
      13.2
    ],
    [
      5.3,
      3.3,
      3.1,
      5.1,
      1.8,
      3.6,
      4.4,
      2.8,
      1.0,
      4.9,
      7.6,
      8.8,
      1.8,
      4.1,
      3.0,
      1.2,
      8.6,
      4.2,
      6.7,
      9.7,
      10.9,
      3.3,
      5.8,
      0.16,
      11.7,
      4.3,
      10.2,
      0.5,
      1.8,
      0.0,
      16.4,
      21.1,
      4.2,
      4.9,
      2.2,
      22.6,
      21.4,
      9.7,
      10.0,
      4.4,
      6.3,
      21.5,
      8.9,
      47.3,
      5.1,
      21.9,
      40.0,
      7.6,
      11.9,
      28.7,
      9.5,
      10.3,
      12.9,
      3.8,
      4.5,
      8.3,
      15.4,
      12.1
    ],
    [
      10.5,
      13.8,
      9.0,
      10.1,
      12.0,
      8.9,
      11.0,
      12.9,
      11.8,
      11.9,
      12.8,
      14.0,
      12.4,
      11.2,
      14.3,
      12.0,
      17.3,
      15.8,
      11.1,
      11.3,
      15.6,
      9.1,
      9.4,
      15.5,
      5.4,
      17.7,
      8.9,
      15.5,
      15.6,
      16.4,
      0.0,
      10.2,
      18.0,
      14.4,
      15.5,
      11.7,
      10.4,
      19.5,
      11.6,
      17.4,
      10.5,
      28.2,
      4.6,
      54.0,
      9.2,
      10.9,
      46.7,
      16.7,
      7.3,
      35.3,
      11.2,
      11.9,
      19.6,
      14.5,
      10.7,
      15.7,
      22.1,
      21.0
    ],
    [
      13.5,
      18.5,
      12.1,
      14.8,
      15.0,
      12.0,
      13.1,
      16.0,
      14.8,
      15.0,
      17.5,
      17.0,
      15.5,
      14.2,
      17.3,
      15.0,
      20.4,
      20.5,
      15.8,
      16.0,
      20.3,
      12.2,
      14.0,
      20.1,
      6.6,
      22.4,
      9.5,
      20.1,
      15.0,
      21.1,
      10.2,
      0.0,
      18.7,
      14.3,
      15.3,
      5.9,
      0.45,
      24.3,
      16.5,
      17.4,
      13.6,
      33.0,
      8.0,
      58.8,
      14.9,
      1.7,
      51.5,
      19.8,
      10.5,
      40.2,
      16.0,
      16.7,
      19.5,
      17.0,
      12.9,
      18.8,
      27.0,
      25.9
    ],
    [
      8.4,
      7.9,
      6.7,
      8.6,
      5.3,
      7.1,
      7.9,
      6.3,
      4.5,
      7.9,
      11.2,
      11.4,
      2.9,
      7.2,
      4.5,
      3.4,
      8.5,
      3.6,
      6.8,
      9.7,
      13.7,
      6.8,
      9.4,
      4.0,
      15.3,
      5.8,
      13.7,
      4.0,
      5.3,
      4.2,
      18.0,
      18.7,
      0.0,
      7.6,
      5.0,
      24.0,
      22.8,
      9.0,
      9.6,
      3.4,
      9.0,
      20.9,
      11.3,
      44.8,
      7.5,
      23.3,
      39.3,
      7.5,
      14.3,
      28.1,
      9.1,
      9.8,
      12.3,
      3.8,
      6.9,
      10.9,
      14.8,
      11.5
    ],
    [
      0.8,
      3.5,
      2.4,
      4.2,
      3.6,
      2.5,
      3.5,
      3.7,
      3.8,
      1.7,
      6.8,
      5.6,
      4.1,
      1.0,
      4.5,
      4.0,
      7.3,
      8.0,
      8.4,
      8.5,
      10.0,
      2.2,
      5.0,
      4.5,
      12.3,
      8.4,
      9.4,
      4.5,
      3.9,
      4.9,
      14.4,
      14.3,
      7.6,
      0.0,
      4.7,
      15.2,
      13.5,
      17.1,
      9.2,
      5.3,
      0.7,
      25.7,
      6.3,
      50.8,
      2.9,
      14.0,
      44.2,
      7.6,
      11.1,
      31.5,
      8.7,
      9.5,
      17.2,
      4.6,
      2.3,
      6.6,
      19.7,
      18.6
    ],
    [
      5.6,
      4.7,
      3.4,
      5.4,
      0.85,
      3.9,
      4.7,
      0.5,
      1.0,
      5.2,
      7.9,
      8.1,
      1.6,
      4.4,
      1.8,
      1.5,
      6.8,
      5.4,
      8.0,
      9.7,
      11.2,
      3.6,
      6.1,
      2.1,
      12.0,
      6.5,
      10.5,
      2.1,
      1.1,
      2.2,
      15.5,
      15.3,
      5.0,
      4.7,
      0.0,
      23.1,
      21.9,
      11.7,
      10.5,
      2.5,
      4.5,
      22.3,
      8.8,
      47.0,
      4.9,
      22.4,
      41.9,
      5.6,
      12.4,
      27.8,
      10.0,
      10.8,
      14.9,
      1.8,
      4.2,
      6.4,
      17.4,
      14.1
    ],
    [
      15.5,
      20.0,
      14.0,
      16.3,
      17.0,
      13.9,
      17.2,
      18.0,
      16.8,
      16.9,
      19.0,
      22.3,
      17.5,
      16.2,
      24.4,
      17.0,
      21.3,
      22.0,
      17.3,
      17.5,
      21.8,
      14.1,
      15.6,
      21.6,
      9.6,
      23.9,
      8.8,
      21.6,
      21.7,
      22.6,
      11.7,
      5.9,
      24.0,
      15.2,
      23.1,
      0.0,
      6.7,
      26.1,
      18.2,
      24.7,
      15.3,
      34.7,
      11.2,
      60.5,
      16.6,
      7.3,
      53.3,
      21.0,
      15.7,
      41.9,
      17.7,
      18.5,
      26.2,
      18.5,
      20.2,
      19.9,
      28.7,
      27.6
    ],
    [
      13.8,
      18.7,
      12.3,
      15.1,
      15.3,
      12.2,
      13.4,
      16.3,
      15.1,
      15.2,
      17.7,
      17.3,
      15.8,
      14.5,
      17.6,
      15.3,
      20.7,
      20.7,
      16.1,
      16.3,
      20.6,
      12.4,
      14.3,
      20.4,
      6.8,
      22.6,
      9.7,
      20.4,
      15.3,
      21.4,
      10.4,
      0.45,
      22.8,
      13.5,
      21.9,
      6.7,
      0.0,
      24.4,
      16.5,
      17.5,
      13.7,
      33.0,
      8.1,
      58.8,
      14.9,
      0.75,
      51.6,
      19.9,
      10.6,
      40.2,
      16.1,
      16.8,
      19.5,
      17.1,
      12.9,
      18.8,
      27.0,
      25.9
    ],
    [
      17.9,
      15.2,
      12.6,
      13.5,
      10.9,
      13.1,
      15.3,
      11.9,
      10.5,
      13.9,
      16.0,
      18.7,
      8.9,
      13.2,
      10.5,
      9.8,
      11.6,
      5.5,
      7.9,
      11.2,
      15.2,
      12.7,
      14.2,
      9.5,
      17.6,
      10.4,
      23.1,
      9.5,
      10.7,
      9.7,
      19.5,
      24.3,
      9.0,
      17.1,
      11.7,
      26.1,
      24.4,
      0.0,
      10.9,
      9.0,
      14.2,
      11.4,
      18.5,
      37.2,
      12.5,
      24.9,
      36.6,
      11.0,
      15.2,
      18.6,
      10.4,
      11.1,
      11.1,
      11.0,
      12.0,
      15.5,
      13.6,
      4.2
    ],
    [
      10.0,
      7.4,
      8.2,
      5.6,
      9.1,
      8.1,
      7.4,
      10.1,
      8.9,
      9.6,
      8.1,
      13.5,
      9.5,
      8.9,
      11.1,
      9.1,
      14.7,
      7.5,
      2.9,
      0.007,
      7.3,
      8.7,
      6.3,
      9.0,
      9.7,
      9.4,
      15.2,
      9.0,
      9.1,
      10.0,
      11.6,
      16.5,
      9.6,
      9.2,
      10.5,
      18.2,
      16.5,
      10.9,
      0.0,
      10.8,
      9.9,
      19.8,
      10.4,
      45.6,
      7.4,
      16.8,
      38.3,
      15.2,
      7.0,
      27.0,
      0.45,
      0.95,
      11.3,
      11.6,
      7.8,
      14.6,
      13.8,
      12.7
    ],
    [
      6.1,
      6.5,
      5.3,
      7.2,
      3.1,
      5.7,
      6.5,
      3.2,
      2.5,
      5.6,
      9.8,
      9.1,
      2.2,
      4.9,
      1.3,
      2.2,
      5.3,
      4.5,
      7.9,
      10.9,
      13.0,
      5.4,
      7.9,
      3.3,
      13.9,
      7.2,
      12.3,
      3.3,
      3.4,
      4.4,
      17.4,
      17.4,
      3.4,
      5.3,
      2.5,
      24.7,
      17.5,
      9.0,
      10.8,
      0.0,
      6.6,
      21.7,
      10.7,
      44.5,
      6.8,
      18.4,
      40.1,
      4.1,
      13.6,
      26.2,
      9.9,
      10.7,
      13.1,
      0.6,
      6.3,
      8.6,
      15.6,
      12.3
    ],
    [
      0.35,
      4.9,
      3.8,
      5.6,
      5.0,
      2.7,
      4.9,
      5.1,
      5.2,
      3.1,
      8.2,
      4.2,
      5.5,
      2.4,
      5.9,
      5.4,
      7.6,
      9.3,
      9.7,
      9.9,
      11.4,
      3.6,
      6.4,
      5.9,
      11.7,
      9.7,
      8.8,
      5.9,
      5.2,
      6.3,
      10.5,
      13.6,
      9.0,
      0.7,
      4.5,
      15.3,
      13.7,
      14.2,
      9.9,
      6.6,
      0.0,
      25.8,
      5.9,
      50.3,
      3.0,
      13.6,
      44.3,
      7.1,
      11.2,
      31.0,
      8.8,
      9.6,
      17.3,
      4.7,
      2.7,
      6.1,
      19.8,
      18.7
    ],
    [
      25.4,
      23.9,
      25.3,
      22.1,
      22.8,
      25.4,
      23.9,
      23.0,
      22.3,
      26.1,
      24.6,
      27.1,
      20.8,
      25.4,
      20.7,
      21.6,
      20.0,
      18.8,
      19.4,
      19.8,
      23.8,
      25.2,
      22.8,
      21.3,
      26.2,
      20.7,
      31.7,
      21.3,
      22.5,
      21.5,
      28.2,
      33.0,
      20.9,
      25.7,
      22.3,
      34.7,
      33.0,
      11.4,
      19.8,
      21.7,
      25.8,
      0.0,
      26.8,
      29.3,
      23.7,
      33.1,
      28.8,
      19.4,
      23.4,
      10.7,
      20.7,
      21.4,
      19.9,
      21.0,
      24.1,
      23.8,
      22.4,
      13.8
    ],
    [
      6.6,
      7.2,
      5.1,
      7.1,
      8.1,
      5.0,
      6.2,
      9.1,
      7.9,
      8.1,
      9.8,
      10.1,
      8.6,
      7.3,
      10.3,
      8.1,
      13.5,
      11.5,
      10.3,
      10.4,
      14.7,
      5.3,
      6.4,
      8.0,
      5.8,
      11.9,
      5.2,
      8.0,
      8.1,
      8.9,
      4.6,
      8.0,
      11.3,
      6.3,
      8.8,
      11.2,
      8.1,
      18.5,
      10.4,
      10.7,
      5.9,
      26.8,
      0.0,
      54.9,
      11.0,
      7.6,
      47.6,
      14.3,
      10.1,
      36.3,
      12.1,
      12.9,
      20.6,
      11.4,
      7.3,
      13.2,
      23.1,
      22.0
    ],
    [
      50.1,
      49.7,
      51.1,
      47.9,
      47.6,
      51.2,
      49.7,
      47.8,
      48.1,
      51.9,
      50.4,
      51.8,
      46.6,
      51.2,
      45.4,
      47.4,
      44.7,
      41.7,
      45.2,
      45.6,
      49.6,
      51.0,
      48.6,
      47.1,
      52.0,
      46.5,
      57.5,
      47.1,
      48.3,
      47.3,
      54.0,
      58.8,
      44.8,
      50.8,
      47.0,
      60.5,
      58.8,
      37.2,
      45.6,
      44.5,
      50.3,
      29.3,
      54.9,
      0.0,
      42.5,
      51.8,
      7.9,
      36.7,
      38.3,
      23.9,
      37.5,
      38.2,
      27.8,
      38.4,
      42.9,
      41.2,
      30.3,
      32.9
    ],
    [
      3.8,
      2.7,
      1.3,
      2.2,
      4.2,
      1.2,
      1.6,
      5.2,
      4.0,
      4.2,
      4.9,
      7.3,
      4.7,
      3.5,
      6.5,
      4.2,
      10.0,
      7.7,
      6.7,
      7.4,
      9.2,
      1.4,
      1.5,
      4.1,
      8.1,
      8.0,
      7.4,
      4.1,
      4.2,
      5.1,
      9.2,
      14.9,
      7.5,
      2.9,
      4.9,
      16.6,
      14.9,
      12.5,
      7.4,
      6.8,
      3.0,
      23.7,
      11.0,
      42.5,
      0.0,
      15.4,
      42.4,
      10.0,
      7.9,
      31.1,
      6.9,
      7.7,
      15.4,
      6.0,
      2.0,
      8.9,
      17.9,
      16.8
    ],
    [
      14.3,
      19.2,
      12.8,
      15.6,
      15.8,
      12.7,
      13.9,
      16.8,
      15.6,
      15.8,
      18.2,
      17.8,
      16.3,
      15.0,
      18.1,
      15.8,
      21.2,
      21.2,
      16.6,
      16.8,
      21.1,
      13.0,
      14.8,
      20.9,
      7.3,
      23.2,
      10.3,
      20.9,
      15.8,
      21.9,
      10.9,
      1.7,
      23.3,
      14.0,
      22.4,
      7.3,
      0.75,
      24.9,
      16.8,
      18.4,
      13.6,
      33.1,
      7.6,
      51.8,
      15.4,
      0.0,
      51.5,
      26.5,
      10.5,
      40.2,
      15.5,
      16.2,
      19.5,
      20.0,
      15.9,
      25.4,
      26.4,
      25.3
    ],
    [
      45.1,
      42.4,
      42.9,
      40.6,
      41.2,
      43.9,
      42.4,
      42.2,
      40.8,
      44.6,
      43.2,
      51.2,
      39.2,
      43.9,
      40.9,
      40.1,
      44.1,
      37.2,
      36.9,
      38.4,
      42.4,
      43.0,
      41.4,
      39.8,
      44.7,
      39.2,
      50.2,
      39.8,
      41.0,
      40.0,
      46.7,
      51.5,
      39.3,
      44.2,
      41.9,
      53.3,
      51.6,
      36.6,
      38.3,
      40.1,
      44.3,
      28.8,
      47.6,
      7.9,
      42.4,
      51.5,
      0.0,
      43.4,
      40.1,
      30.7,
      39.3,
      40.0,
      29.6,
      45.1,
      42.7,
      47.9,
      32.1,
      39.6
    ],
    [
      7.0,
      10.2,
      9.4,
      11.0,
      6.2,
      9.0,
      10.3,
      6.4,
      6.5,
      8.3,
      13.5,
      8.6,
      6.0,
      7.6,
      4.0,
      5.9,
      1.6,
      8.7,
      12.1,
      15.2,
      16.8,
      8.9,
      11.7,
      7.0,
      17.9,
      10.9,
      19.9,
      7.0,
      6.5,
      7.6,
      16.7,
      19.8,
      7.5,
      7.6,
      5.6,
      21.0,
      19.9,
      11.0,
      15.2,
      4.1,
      7.1,
      19.4,
      14.3,
      36.7,
      10.0,
      26.5,
      43.4,
      0.0,
      16.3,
      24.9,
      14.0,
      14.7,
      17.2,
      4.7,
      8.1,
      5.7,
      19.7,
      14.2
    ],
    [
      11.3,
      9.2,
      8.7,
      8.1,
      11.0,
      8.6,
      9.0,
      12.0,
      10.8,
      11.5,
      10.7,
      15.4,
      11.5,
      10.7,
      13.8,
      11.0,
      16.6,
      11.5,
      6.9,
      7.0,
      11.3,
      8.8,
      7.3,
      10.9,
      4.2,
      13.4,
      12.7,
      10.9,
      11.0,
      11.9,
      7.3,
      10.5,
      14.3,
      11.1,
      12.4,
      15.7,
      10.6,
      15.2,
      7.0,
      13.6,
      11.2,
      23.4,
      10.1,
      38.3,
      7.9,
      10.5,
      40.1,
      16.3,
      0.0,
      31.4,
      7.2,
      8.0,
      11.0,
      13.2,
      9.7,
      16.4,
      16.2,
      17.1
    ],
    [
      30.9,
      31.1,
      32.5,
      29.3,
      28.4,
      32.6,
      31.1,
      28.5,
      29.5,
      32.2,
      31.8,
      32.5,
      27.9,
      31.5,
      26.2,
      28.8,
      25.5,
      23.1,
      26.6,
      27.0,
      31.0,
      32.4,
      30.0,
      28.5,
      33.4,
      27.9,
      38.9,
      28.5,
      29.7,
      28.7,
      35.3,
      40.2,
      28.1,
      31.5,
      27.8,
      41.9,
      40.2,
      18.6,
      27.0,
      26.2,
      31.0,
      10.7,
      36.3,
      23.9,
      31.1,
      40.2,
      30.7,
      24.9,
      31.4,
      0.0,
      28.2,
      28.9,
      24.8,
      26.5,
      31.6,
      29.3,
      27.4,
      21.6
    ],
    [
      9.6,
      6.9,
      7.8,
      5.1,
      8.7,
      7.7,
      6.9,
      9.7,
      8.5,
      9.1,
      7.6,
      13.1,
      9.0,
      8.4,
      10.7,
      8.7,
      14.3,
      7.0,
      2.4,
      0.4,
      6.9,
      8.2,
      5.8,
      8.6,
      9.2,
      8.9,
      14.7,
      8.6,
      8.7,
      9.5,
      11.2,
      16.0,
      9.1,
      8.7,
      10.0,
      17.7,
      16.1,
      10.4,
      0.45,
      9.9,
      8.8,
      20.7,
      12.1,
      37.5,
      6.9,
      15.5,
      39.3,
      14.0,
      7.2,
      28.2,
      0.0,
      0.9,
      11.2,
      11.6,
      7.7,
      14.5,
      13.8,
      12.6
    ],
    [
      10.3,
      7.6,
      8.5,
      5.9,
      9.4,
      8.4,
      7.7,
      10.4,
      9.2,
      9.9,
      8.4,
      13.8,
      9.7,
      9.1,
      11.4,
      9.4,
      15.0,
      7.8,
      3.1,
      1.0,
      7.6,
      8.9,
      6.6,
      9.3,
      10.0,
      9.7,
      15.5,
      9.3,
      9.4,
      10.3,
      11.9,
      16.7,
      9.8,
      9.5,
      10.8,
      18.5,
      16.8,
      11.1,
      0.95,
      10.7,
      9.6,
      21.4,
      12.9,
      38.2,
      7.7,
      16.2,
      40.0,
      14.7,
      8.0,
      28.9,
      0.9,
      0.0,
      11.6,
      11.9,
      8.1,
      14.7,
      14.1,
      13.0
    ],
    [
      18.0,
      15.3,
      15.8,
      13.6,
      14.2,
      16.9,
      15.4,
      15.1,
      13.7,
      17.6,
      16.1,
      21.5,
      12.2,
      16.9,
      13.8,
      13.0,
      22.7,
      10.2,
      9.9,
      11.3,
      15.3,
      16.0,
      14.3,
      12.7,
      13.6,
      12.1,
      23.2,
      12.7,
      14.0,
      12.9,
      19.6,
      19.5,
      12.3,
      17.2,
      14.9,
      26.2,
      19.5,
      11.1,
      11.3,
      13.1,
      17.3,
      19.9,
      20.6,
      27.8,
      15.4,
      19.5,
      29.6,
      17.2,
      11.0,
      24.8,
      11.2,
      11.6,
      0.0,
      14.4,
      15.8,
      19.6,
      9.2,
      12.8
    ],
    [
      5.5,
      6.3,
      5.0,
      7.0,
      2.5,
      5.5,
      6.3,
      2.6,
      2.7,
      5.0,
      9.6,
      8.5,
      2.3,
      4.2,
      0.75,
      2.2,
      5.7,
      5.0,
      8.7,
      11.6,
      12.8,
      5.2,
      7.7,
      3.3,
      13.8,
      7.1,
      12.1,
      3.3,
      2.7,
      3.8,
      14.5,
      17.0,
      3.8,
      4.6,
      1.8,
      18.5,
      17.1,
      11.0,
      11.6,
      0.6,
      4.7,
      21.0,
      11.4,
      38.4,
      6.0,
      20.0,
      45.1,
      4.7,
      13.2,
      26.5,
      11.6,
      11.9,
      14.4,
      0.0,
      5.7,
      7.9,
      16.0,
      12.7
    ],
    [
      3.4,
      2.7,
      0.024,
      3.5,
      3.7,
      0.45,
      1.9,
      4.7,
      3.5,
      2.8,
      6.0,
      6.9,
      4.2,
      2.1,
      5.6,
      3.7,
      8.4,
      7.1,
      7.6,
      7.8,
      9.3,
      0.21,
      2.9,
      3.6,
      9.6,
      7.5,
      8.0,
      3.6,
      3.7,
      4.5,
      10.7,
      12.9,
      6.9,
      2.3,
      4.2,
      20.2,
      12.9,
      12.0,
      7.8,
      6.3,
      2.7,
      24.1,
      7.3,
      42.9,
      2.0,
      15.9,
      42.7,
      8.1,
      9.7,
      31.6,
      7.7,
      8.1,
      15.8,
      5.7,
      0.0,
      8.2,
      18.4,
      15.1
    ],
    [
      5.9,
      9.6,
      8.2,
      10.3,
      6.9,
      7.9,
      9.6,
      7.1,
      7.1,
      7.7,
      12.8,
      7.6,
      7.5,
      6.9,
      7.9,
      7.4,
      6.0,
      11.3,
      13.9,
      14.6,
      16.1,
      8.0,
      11.0,
      8.4,
      16.9,
      12.3,
      18.8,
      8.4,
      7.2,
      8.3,
      15.7,
      18.8,
      10.9,
      6.6,
      6.4,
      19.9,
      18.8,
      15.5,
      14.6,
      8.6,
      6.1,
      23.8,
      13.2,
      41.2,
      8.9,
      25.4,
      47.9,
      5.7,
      16.4,
      29.3,
      14.5,
      14.7,
      19.6,
      7.9,
      8.2,
      0.0,
      24.7,
      18.4
    ],
    [
      20.5,
      17.9,
      18.4,
      16.1,
      16.7,
      19.4,
      17.9,
      17.7,
      16.2,
      20.1,
      18.6,
      24.0,
      14.7,
      19.4,
      16.4,
      15.5,
      25.2,
      12.7,
      12.4,
      13.8,
      17.8,
      18.5,
      16.8,
      15.3,
      20.2,
      14.6,
      25.7,
      15.3,
      16.5,
      15.4,
      22.1,
      27.0,
      14.8,
      19.7,
      17.4,
      28.7,
      27.0,
      13.6,
      13.8,
      15.6,
      19.8,
      22.4,
      23.1,
      30.3,
      17.9,
      26.4,
      32.1,
      19.7,
      16.2,
      27.4,
      13.8,
      14.1,
      9.2,
      16.0,
      18.4,
      24.7,
      0.0,
      15.1
    ],
    [
      19.4,
      16.7,
      15.1,
      15.0,
      13.4,
      18.3,
      16.8,
      14.4,
      12.9,
      19.0,
      17.5,
      22.9,
      11.4,
      18.3,
      13.1,
      12.3,
      14.8,
      8.0,
      12.3,
      12.7,
      16.7,
      15.2,
      15.7,
      12.0,
      19.1,
      13.6,
      24.6,
      12.0,
      13.2,
      12.1,
      21.0,
      25.9,
      11.5,
      18.6,
      14.1,
      27.6,
      25.9,
      4.2,
      12.7,
      12.3,
      18.7,
      13.8,
      22.0,
      32.9,
      16.8,
      25.3,
      39.6,
      14.2,
      17.1,
      21.6,
      12.6,
      13.0,
      12.8,
      12.7,
      15.1,
      18.4,
      15.1,
      0.0
    ]
  ],
  "drive_time_matrix": [
    [
      0.0,
      7.0,
      7.0,
      8.0,
      7.0,
      5.0,
      6.0,
      7.0,
      8.0,
      7.0,
      12.0,
      6.0,
      8.0,
      5.0,
      8.0,
      8.0,
      9.0,
      12.0,
      10.0,
      12.0,
      25.0,
      7.0,
      8.0,
      8.0,
      15.0,
      13.0,
      14.0,
      8.0,
      8.0,
      8.0,
      14.0,
      16.0,
      12.0,
      10.0,
      8.0,
      18.0,
      16.0,
      18.0,
      12.0,
      9.0,
      4.0,
      24.0,
      9.0,
      48.0,
      7.0,
      16.0,
      45.0,
