{
  "drive_dist_matrix": [
    [
      0.0,
      4.2,
      4.1,
      5.4,
      4.2,
      25.8,
      4.7,
      3.5,
      5.5,
      2.7,
      15.7,
      4.4,
      3.9,
      5.2,
      4.0,
      2.3,
      15.8,
      3.7,
      15.8,
      15.8,
      24.7,
      34.6,
      5.6,
      1.0,
      15.8,
      0.65,
      8.4,
      4.1,
      16.9,
      12.5,
      39.7,
      36.6,
      4.6,
      7.3,
      6.5,
      5.7,
      34.0,
      8.0,
      24.0,
      3.6,
      3.8,
      55.1,
      12.8,
      55.4,
      43.1,
      24.9,
      15.8,
      35.2,
      2.5,
      4.3,
      5.2,
      19.6,
      26.5,
      3.3,
      16.0,
      6.5,
      14.4,
      30.4
    ],
    [
      4.2,
      0.0,
      1.1,
      2.6,
      0.75,
      22.7,
      1.6,
      2.7,
      4.1,
      2.9,
      22.3,
      1.3,
      0.85,
      1.6,
      0.4,
      2.4,
      21.7,
      0.55,
      12.1,
      18.0,
      23.7,
      29.2,
      2.8,
      3.3,
      18.0,
      4.1,
      4.7,
      1.1,
      13.3,
      7.2,
      26.1,
      34.0,
      1.4,
      3.6,
      3.7,
      3.8,
      22.9,
      4.3,
      20.3,
      0.45,
      0.4,
      51.5,
      10.2,
      51.8,
      40.5,
      23.9,
      18.0,
      34.2,
      2.4,
      1.6,
      4.0,
      14.2,
      23.8,
      2.7,
      23.9,
      3.7,
      16.6,
      27.8
    ],
    [
      4.1,
      1.1,
      0.0,
      2.2,
      1.4,
      21.9,
      1.3,
      1.6,
      2.0,
      2.8,
      24.5,
      1.5,
      0.28,
      0.85,
      1.2,
      2.3,
      23.9,
      0.85,
      14.4,
      24.7,
      22.8,
      28.8,
      2.4,
      3.2,
      21.9,
      4.0,
      7.0,
      0.45,
      15.5,
      6.7,
      23.7,
      30.8,
      0.4,
      5.9,
      4.8,
      2.2,
      22.0,
      6.5,
      22.6,
      0.65,
      0.8,
      53.7,
      6.7,
      54.0,
      37.3,
      23.0,
      24.7,
      33.3,
      1.6,
      0.4,
      1.0,
      13.6,
      20.6,
      2.2,
      26.1,
      2.7,
      23.7,
      24.6
    ],
    [
      5.4,
      2.6,
      2.2,
      0.0,
      3.0,
      23.6,
      1.5,
      5.8,
      4.0,
      4.3,
      23.0,
      1.7,
      3.1,
      3.3,
      2.6,
      3.9,
      22.4,
      2.7,
      12.8,
      20.3,
      25.9,
      27.1,
      0.3,
      4.7,
      20.3,
      5.6,
      5.2,
      2.5,
      9.5,
      5.0,
      23.9,
      29.1,
      2.8,
      7.2,
      6.9,
      1.8,
      23.8,
      4.8,
      21.1,
      2.2,
      2.2,
      52.2,
      6.9,
      52.5,
      35.6,
      26.1,
      20.3,
      36.4,
      3.7,
      2.9,
      3.5,
      12.1,
      18.9,
      4.2,
      20.6,
      1.2,
      18.8,
      22.9
    ],
    [
      4.2,
      0.75,
      1.4,
      3.0,
      0.0,
      22.7,
      1.6,
      3.2,
      2.7,
      2.6,
      22.8,
      1.3,
      1.7,
      4.9,
      0.18,
      2.1,
      22.2,
      0.55,
      12.6,
      18.5,
      24.2,
      28.8,
      2.4,
      3.0,
      18.5,
      3.8,
      5.2,
      1.1,
      13.8,
      6.8,
      25.7,
      30.8,
      1.4,
      4.1,
      4.2,
      3.4,
      22.8,
      4.8,
      20.8,
      0.45,
      0.35,
      51.9,
      7.6,
      52.3,
      37.3,
      24.4,
      18.5,
      34.7,
      2.9,
      1.5,
      2.3,
      13.9,
      20.7,
      3.2,
      22.8,
      3.3,
      17.1,
      24.6
    ],
    [
      25.8,
      22.7,
      21.9,
      23.6,
      22.7,
      0.0,
      21.6,
      31.6,
      21.3,
      32.9,
      44.5,
      21.7,
      22.0,
      21.6,
      33.5,
      32.4,
      43.9,
      22.2,
      33.6,
      44.7,
      23.2,
      22.3,
      21.8,
      33.3,
      44.9,
      34.1,
      25.3,
      21.7,
      27.5,
      18.9,
      8.3,
      40.9,
      21.6,
      35.2,
      36.1,
      20.5,
      0.4,
      24.9,
      50.2,
      22.0,
      22.1,
      77.9,
      14.3,
      78.2,
      47.4,
      23.4,
      44.6,
      29.6,
      31.7,
      21.9,
      21.2,
      19.1,
      29.9,
      24.2,
      44.5,
      21.2,
      43.6,
      34.7
    ],
    [
      4.7,
      1.6,
      1.3,
      1.5,
      1.6,
      21.6,
      0.0,
      3.3,
      3.2,
      3.3,
      23.8,
      0.26,
      2.2,
      3.5,
      1.5,
      2.8,
      23.2,
      0.9,
      13.6,
      19.6,
      25.2,
      28.0,
      1.4,
      3.7,
      19.5,
      4.5,
      6.1,
      1.6,
      10.4,
      5.9,
      28.1,
      30.8,
      1.9,
      5.1,
      5.2,
      1.9,
      22.1,
      5.7,
      21.8,
      1.1,
      1.1,
      53.0,
      6.8,
      53.3,
      37.3,
      25.4,
      19.5,
      35.7,
      3.1,
      2.1,
      2.7,
      13.0,
      20.7,
      3.3,
      25.4,
      2.3,
      18.1,
      24.6
    ],
    [
      3.5,
      2.7,
      1.6,
      5.8,
      3.2,
      31.6,
      3.3,
      0.0,
      2.3,
      3.3,
      23.4,
      3.2,
      1.5,
      2.1,
      3.1,
      2.9,
      22.8,
      3.1,
      13.3,
      18.4,
      21.6,
      30.9,
      4.2,
      3.7,
      20.7,
      4.6,
      5.8,
      1.6,
      14.4,
      8.8,
      36.6,
      32.9,
      1.6,
      4.8,
      5.7,
      4.7,
      30.9,
      5.4,
      21.5,
      3.0,
      2.9,
      52.6,
      9.1,
      52.9,
      39.4,
      21.8,
      18.4,
      32.1,
      1.3,
      1.6,
      2.2,
      15.9,
      22.7,
      0.35,
      25.0,
      5.4,
      17.0,
      26.7
    ],
    [
      5.5,
      4.1,
      2.0,
      4.0,
      2.7,
      21.3,
      3.2,
      2.3,
      0.0,
      5.3,
      24.7,
      3.1,
      1.5,
      1.2,
      4.4,
      4.8,
      24.1,
      2.5,
      14.5,
      22.0,
      22.4,
      28.4,
      4.1,
      5.7,
      22.0,
      6.5,
      7.1,
      1.7,
      15.7,
      7.2,
      26.1,
      31.3,
      1.4,
      6.1,
      7.0,
      3.1,
      21.6,
      6.7,
      22.8,
      2.3,
      2.4,
      53.9,
      6.3,
      54.2,
      41.5,
      22.5,
      22.0,
      32.9,
      3.2,
      1.4,
      0.8,
      13.2,
      23.9,
      2.9,
      26.3,
      3.7,
      20.5,
      28.8
    ],
    [
      2.7,
      2.9,
      2.8,
      4.3,
      2.6,
      32.9,
      3.3,
      3.3,
      5.3,
      0.0,
      17.5,
      3.9,
      3.4,
      4.6,
      3.5,
      0.8,
      24.1,
      3.2,
      14.6,
      17.7,
      24.2,
      34.1,
      5.1,
      0.7,
      17.6,
      1.5,
      7.1,
      3.6,
      15.7,
      12.0,
      39.2,
      36.1,
      4.0,
      1.7,
      5.9,
      5.2,
      33.5,
      6.7,
      22.8,
      3.1,
      3.3,
      53.9,
      12.3,
      54.2,
      42.6,
      23.0,
      17.6,
      34.7,
      1.9,
      3.8,
      4.7,
      19.1,
      25.9,
      2.8,
      17.9,
      5.9,
      16.3,
      29.9
    ],
    [
      15.7,
      22.3,
      24.5,
      23.0,
      22.8,
      44.5,
      23.8,
      23.4,
      24.7,
      17.5,
      0.0,
      23.0,
      22.9,
      26.7,
      22.3,
      22.2,
      1.4,
      22.3,
      11.6,
      0.7,
      28.5,
      48.5,
      26.9,
      23.1,
      1.4,
      16.1,
      17.6,
      23.1,
      17.3,
      29.8,
      50.4,
      43.2,
      23.9,
      20.3,
      23.9,
      25.6,
      44.4,
      17.1,
      9.2,
      22.2,
      22.0,
      36.0,
      30.0,
      36.3,
      41.5,
      28.6,
      0.85,
      54.1,
      22.2,
      23.9,
      23.8,
      29.2,
      33.0,
      22.5,
      0.4,
      26.4,
      1.7,
      32.0
    ],
    [
      4.4,
      1.3,
      1.5,
      1.7,
      1.3,
      21.7,
      0.26,
      3.2,
      3.1,
      3.9,
      23.0,
      0.0,
      1.7,
      1.4,
      1.0,
      3.0,
      23.8,
      0.75,
      14.3,
      21.8,
      23.8,
      28.3,
      1.7,
      3.8,
      21.8,
      4.7,
      6.7,
      1.1,
      11.0,
      6.2,
      23.3,
      30.3,
      1.4,
      5.8,
      5.3,
      1.3,
      21.5,
      6.2,
      22.5,
      0.85,
      1.0,
      53.6,
      6.2,
      53.9,
      36.8,
      24.0,
      21.8,
      34.3,
      2.3,
      1.5,
      2.1,
      13.1,
      20.1,
      2.8,
      26.0,
      1.9,
      20.3,
      24.1
    ],
    [
      3.9,
      0.85,
      0.28,
      3.1,
      1.7,
      22.0,
      2.2,
      1.5,
      1.5,
      3.4,
      22.9,
      1.7,
      0.0,
      0.75,
      1.5,
      2.1,
      23.0,
      1.2,
      13.4,
      20.9,
      22.6,
      29.0,
      2.6,
      3.0,
      20.9,
      3.9,
      6.0,
      0.35,
      14.6,
      6.9,
      28.2,
      30.9,
      0.3,
      5.0,
      4.5,
      2.4,
      22.2,
      5.6,
      21.7,
      0.8,
      0.95,
      52.8,
      6.9,
      53.1,
      37.4,
      22.8,
      20.9,
      33.1,
      1.5,
      0.3,
      0.95,
      13.8,
      20.8,
      2.0,
      25.2,
      2.9,
      19.4,
      24.7
    ],
    [
      5.2,
      1.6,
      0.85,
      3.3,
      4.9,
      21.6,
      3.5,
      2.1,
      1.2,
      4.6,
      26.7,
      1.4,
      0.75,
      0.0,
      3.9,
      4.3,
      23.6,
      3.9,
      14.0,
      21.5,
      22.6,
      32.1,
      6.2,
      5.2,
      21.5,
      6.0,
      6.6,
      0.7,
      15.2,
      10.0,
      37.6,
      34.1,
      0.65,
      5.6,
      6.5,
      5.9,
      31.9,
      6.2,
      22.3,
      3.8,
      3.7,
      53.4,
      10.3,
      53.7,
      40.6,
      22.8,
      21.5,
      33.1,
      4.7,
      0.65,
      0.55,
      17.1,
      23.9,
      2.6,
      25.8,
      6.7,
      20.0,
      27.9
    ],
    [
      4.0,
      0.4,
      1.2,
      2.6,
      0.18,
      33.5,
      1.5,
      3.1,
      4.4,
      3.5,
      22.3,
      1.0,
      1.5,
      3.9,
      0.0,
      3.1,
      23.4,
      0.4,
      13.8,
      21.4,
      25.4,
      28.7,
      2.3,
      3.9,
      21.3,
      4.8,
      6.8,
      2.2,
      11.1,
      6.6,
      25.5,
      30.6,
      2.8,
      5.4,
      5.5,
      3.2,
      25.3,
      6.4,
      22.1,
      0.35,
      0.28,
      53.2,
      8.3,
      53.5,
      37.1,
      25.6,
      21.3,
      36.0,
      3.4,
      2.5,
      3.3,
      13.7,
      20.5,
      4.3,
      25.6,
      3.1,
      19.8,
      24.4
    ],
    [
      2.3,
      2.4,
      2.3,
      3.9,
      2.1,
      32.4,
      2.8,
      2.9,
      4.8,
      0.8,
      22.2,
      3.0,
      2.1,
      4.3,
      3.1,
      0.0,
      23.0,
      2.0,
      13.4,
      18.2,
      23.1,
      33.0,
      3.9,
      1.1,
      18.2,
      2.2,
      6.0,
      3.0,
      14.6,
      10.9,
      38.1,
      34.9,
      2.9,
      5.0,
      4.8,
      6.8,
      32.3,
      5.6,
      21.7,
      1.9,
      2.2,
      52.8,
      11.2,
      53.1,
      41.4,
      23.3,
      18.2,
      33.6,
      0.65,
      3.0,
      3.6,
      18.0,
      24.8,
      1.7,
      25.2,
      4.8,
      16.8,
      28.7
    ],
    [
      15.8,
      21.7,
      23.9,
      22.4,
      22.2,
      43.9,
      23.2,
      22.8,
      24.1,
      24.1,
      1.4,
      23.8,
      23.0,
      23.6,
      23.4,
      23.0,
      0.0,
      22.2,
      11.5,
      1.6,
      28.6,
      48.5,
      26.9,
      23.0,
      2.7,
      16.3,
      17.5,
      23.0,
      17.2,
      29.7,
      50.3,
      43.2,
      23.8,
      20.2,
      23.8,
      25.5,
      44.3,
      18.7,
      9.2,
      22.1,
      22.0,
      36.0,
      30.0,
      36.3,
      41.6,
      28.8,
      2.4,
      54.0,
      22.1,
      23.9,
      23.7,
      29.1,
      33.1,
      22.4,
      1.2,
      26.3,
      2.2,
      32.1
    ],
    [
      3.7,
      0.55,
      0.85,
      2.7,
      0.55,
      22.2,
      0.9,
      3.1,
      2.5,
      3.2,
      22.3,
      0.75,
      1.2,
      3.9,
      0.4,
      2.0,
      22.2,
      0.0,
      13.9,
      21.4,
      25.5,
      28.5,
      1.9,
      3.4,
      21.4,
      4.3,
      6.6,
      0.95,
      10.9,
      6.4,
      28.3,
      31.0,
      1.0,
      5.4,
      5.5,
      2.0,
      22.3,
      6.1,
      22.1,
      0.19,
      0.25,
      53.3,
      7.0,
      53.6,
      37.5,
      25.7,
      21.4,
      36.0,
      2.9,
      1.0,
      2.9,
      13.9,
      20.9,
      3.8,
      25.7,
      2.8,
      23.2,
      24.8
    ],
    [
      15.8,
      12.1,
      14.4,
      12.8,
      12.6,
      33.6,
      13.6,
      13.3,
      14.5,
      14.6,
      11.6,
      14.3,
      13.4,
      14.0,
      13.8,
      13.4,
      11.5,
      13.9,
      0.0,
      12.2,
      35.2,
      39.7,
      18.6,
      14.7,
      12.4,
      15.5,
      10.8,
      14.7,
      7.0,
      21.4,
      40.1,
      34.3,
      15.5,
      11.9,
      15.5,
      17.2,
      34.0,
      10.4,
      10.2,
      13.8,
      13.7,
      41.3,
      21.7,
      41.6,
      37.8,
      35.3,
      12.2,
      45.7,
      13.8,
      15.5,
      15.4,
      18.8,
      24.2,
      14.1,
      12.0,
      18.0,
      11.2,
      23.2
    ],
    [
      15.8,
      18.0,
      24.7,
      20.3,
      18.5,
      44.7,
      19.6,
      18.4,
      22.0,
      17.7,
      0.7,
      21.8,
      20.9,
      21.5,
      21.4,
      18.2,
      1.6,
      21.4,
      12.2,
      0.0,
      28.6,
      49.2,
      20.1,
      17.4,
      0.6,
      16.3,
      17.3,
      21.2,
      18.0,
      21.8,
      51.1,
      43.8,
      22.0,
      18.4,
      19.2,
      23.7,
      45.1,
      16.8,
      9.9,
      20.2,
      20.1,
      36.6,
      28.1,
      37.0,
      42.2,
      28.8,
      0.22,
      52.1,
      18.1,
      22.0,
      21.9,
      29.9,
      33.7,
      20.6,
      0.5,
      24.4,
      1.9,
      32.7
    ],
    [
      24.7,
      23.7,
      22.8,
      25.9,
      24.2,
      23.2,
      25.2,
      21.6,
      22.4,
      24.2,
      28.5,
      23.8,
      22.6,
      22.6,
      25.4,
      23.1,
      28.6,
      25.5,
      35.2,
      28.6,
      0.0,
      42.5,
      25.9,
      23.8,
      30.0,
      24.7,
      26.8,
      22.6,
      35.4,
      28.7,
      29.6,
      54.5,
      22.7,
      25.7,
      26.7,
      24.6,
      23.1,
      26.4,
      42.4,
      24.0,
      23.9,
      73.5,
      27.9,
      73.9,
      61.0,
      0.21,
      30.0,
      20.0,
      22.3,
      22.6,
      23.2,
      32.7,
      43.5,
      22.8,
      30.3,
      25.3,
      28.6,
      48.4
    ],
    [
      34.6,
      29.2,
      28.8,
      27.1,
      28.8,
      22.3,
      28.0,
      30.9,
      28.4,
      34.1,
      48.5,
      28.3,
      29.0,
      32.1,
      28.7,
      33.0,
      48.5,
      28.5,
      39.7,
      49.2,
      42.5,
      0.0,
      27.2,
      33.4,
      49.6,
      34.3,
      28.4,
      28.3,
      28.5,
      22.0,
      21.8,
      24.5,
      28.6,
      30.3,
      34.8,
      27.2,
      22.6,
      28.0,
      46.6,
      28.9,
      28.7,
      74.2,
      22.3,
      74.5,
      39.8,
      41.8,
      49.3,
      53.9,
      33.0,
      28.5,
      27.8,
      22.1,
      19.7,
      30.9,
      48.5,
      27.9,
      53.6,
      31.2
    ],
    [
      5.6,
      2.8,
      2.4,
      0.3,
      2.4,
      21.8,
      1.4,
      4.2,
      4.1,
      5.1,
      26.9,
      1.7,
      2.6,
      6.2,
      2.3,
      3.9,
      26.9,
      1.9,
      18.6,
      20.1,
      25.9,
      27.2,
      0.0,
      5.4,
      20.1,
      6.2,
      5.0,
      2.9,
      9.3,
      4.8,
      23.7,
      28.8,
      3.2,
      6.9,
      7.3,
      2.4,
      23.6,
      4.6,
      20.8,
      3.0,
      3.4,
      51.9,
      7.2,
      52.2,
      35.3,
      26.5,
      20.1,
      36.8,
      4.1,
      3.4,
      4.0,
      11.9,
      18.7,
      6.3,
      20.3,
      1.4,
      18.6,
      22.6
    ],
    [
      1.0,
      3.3,
      3.2,
      4.7,
      3.0,
      33.3,
      3.7,
      3.7,
      5.7,
      0.7,
      23.1,
      3.8,
      3.0,
      5.2,
      3.9,
      1.1,
      23.0,
      3.4,
      14.7,
      17.4,
      23.8,
      33.4,
      5.4,
      0.0,
      17.6,
      0.85,
      6.8,
      3.2,
      15.3,
      11.6,
      38.8,
      35.7,
      3.7,
      5.7,
      5.5,
      7.5,
      33.1,
      6.4,
      22.4,
      2.7,
      2.9,
      53.5,
      11.9,
      53.8,
      42.2,
      24.0,
      17.6,
      34.3,
      1.5,
      3.7,
      4.3,
      18.7,
      25.6,
      2.4,
      26.0,
      5.5,
      16.2,
      29.5
    ],
    [
      15.8,
      18.0,
      21.9,
      20.3,
      18.5,
      44.9,
      19.5,
      20.7,
      22.0,
      17.6,
      1.4,
      21.8,
      20.9,
      21.5,
      21.3,
      18.2,
      2.7,
      21.4,
      12.4,
      0.6,
      30.0,
      49.6,
      20.1,
      17.6,
      0.0,
      16.3,
      17.2,
      21.1,
      18.1,
      21.8,
      51.2,
      49.8,
      21.9,
      18.3,
      19.1,
      23.6,
      45.2,
      16.8,
      10.5,
      20.2,
      20.1,
      37.3,
      28.1,
      37.6,
      48.5,
      28.9,
      0.5,
      52.1,
      20.2,
      22.0,
      21.8,
      30.0,
      39.7,
      20.5,
      1.2,
      24.4,
      2.0,
      38.7
    ],
    [
      0.65,
      4.1,
      4.0,
      5.6,
      3.8,
      34.1,
      4.5,
      4.6,
      6.5,
      1.5,
      16.1,
      4.7,
      3.9,
      6.0,
      4.8,
      2.2,
      16.3,
      4.3,
      15.5,
      16.3,
      24.7,
      34.3,
      6.2,
      0.85,
      16.3,
      0.0,
      7.6,
      4.5,
      16.1,
      12.4,
      39.6,
      36.5,
      4.5,
      6.5,
      6.9,
      8.3,
      33.9,
      7.1,
      23.2,
      3.5,
      3.7,
      54.3,
      12.7,
      54.6,
      43.0,
      24.8,
      16.3,
      35.1,
      2.3,
      4.5,
      5.1,
      19.5,
      26.4,
      3.2,
      16.6,
      6.3,
      14.9,
      30.3
    ],
    [
      8.4,
      4.7,
      7.0,
      5.2,
      5.2,
      25.3,
      6.1,
      5.8,
      7.1,
      7.1,
      17.6,
      6.7,
      6.0,
      6.6,
      6.8,
      6.0,
      17.5,
      6.6,
      10.8,
      17.3,
      26.8,
      28.4,
      5.0,
      6.8,
      17.2,
      7.6,
      0.0,
      6.4,
      8.2,
      6.7,
      25.6,
      30.8,
      7.2,
      2.8,
      7.2,
      9.0,
      25.5,
      0.4,
      19.9,
      5.5,
      5.4,
      51.0,
      11.6,
      51.3,
      37.3,
      27.1,
      22.0,
      37.4,
      5.6,
      7.3,
      7.1,
      13.8,
      20.6,
      5.8,
      23.4,
      5.8,
      21.0,
      24.6
    ],
    [
      4.1,
      1.1,
      0.45,
      2.5,
      1.1,
      21.7,
      1.6,
      1.6,
      1.7,
      3.6,
      23.1,
      1.1,
      0.35,
      0.7,
      2.2,
      3.0,
      23.0,
      0.95,
      14.7,
      21.2,
      22.6,
      28.3,
      2.9,
      3.2,
      21.1,
      4.5,
      6.4,
      0.0,
      15.5,
      6.7,
      23.7,
      30.8,
      0.052,
      5.9,
      4.8,
      2.2,
      22.0,
      6.5,
      22.6,
      0.75,
      0.75,
      53.7,
      6.8,
      54.0,
      37.3,
      23.0,
      24.7,
      33.3,
      1.6,
      0.051,
      0.85,
      13.6,
      20.6,
      2.2,
      26.1,
      2.7,
      23.7,
      24.6
    ],
    [
      16.9,
      13.3,
      15.5,
      9.5,
      13.8,
      27.5,
      10.4,
      14.4,
      15.7,
      15.7,
      17.3,
      11.0,
      14.6,
      15.2,
      11.1,
      14.6,
      17.2,
      10.9,
      7.0,
      18.0,
      35.4,
      28.5,
      9.3,
      15.3,
      18.1,
      16.1,
      8.2,
      15.5,
      0.0,
      10.3,
      34.0,
      30.2,
      15.8,
      12.2,
      15.8,
      12.6,
      28.0,
      7.8,
      16.0,
      11.4,
      11.3,
      47.1,
      15.6,
      47.4,
      26.8,
      35.6,
      18.0,
      46.0,
      14.1,
      15.8,
      15.7,
      12.8,
      19.2,
      14.4,
      17.8,
      10.5,
      17.0,
      16.7
    ],
    [
      12.5,
      7.2,
      6.7,
      5.0,
      6.8,
      18.9,
      5.9,
      8.8,
      7.2,
      12.0,
      29.8,
      6.2,
      6.9,
      10.0,
      6.6,
      10.9,
      29.7,
      6.4,
      21.4,
      21.8,
      28.7,
      22.0,
      4.8,
      11.6,
      21.8,
      12.4,
      6.7,
      6.7,
      10.3,
      0.0,
      19.3,
      29.3,
      6.7,
      8.5,
      12.9,
      5.3,
      19.2,
      6.1,
      22.3,
      7.0,
      6.9,
      53.5,
      5.3,
      53.8,
      35.8,
      29.2,
      21.6,
      39.5,
      11.1,
      8.6,
      9.2,
      7.5,
      18.3,
      9.0,
      24.3,
      6.1,
      20.1,
      23.1
    ],
    [
      39.7,
      26.1,
      23.7,
      23.9,
      25.7,
      8.3,
      28.1,
      36.6,
      26.1,
      39.2,
      50.4,
      23.3,
      28.2,
      37.6,
      25.5,
      38.1,
      50.3,
      28.3,
      40.1,
      51.1,
      29.6,
      21.8,
      23.7,
      38.8,
      51.2,
      39.6,
      25.6,
      23.7,
      34.0,
      19.3,
      0.0,
      35.2,
      27.5,
      40.8,
      41.7,
      26.4,
      8.5,
      25.2,
      51.6,
      27.9,
      38.9,
      79.2,
      20.2,
      79.5,
      48.9,
      30.2,
      50.5,
      29.1,
      37.3,
      27.8,
      27.1,
      25.0,
      27.5,
      37.8,
      50.4,
      27.1,
      49.5,
      36.2
    ],
    [
      36.6,
      34.0,
      30.8,
      29.1,
      30.8,
      40.9,
      30.8,
      32.9,
      31.3,
      36.1,
      43.2,
      30.3,
      30.9,
      34.1,
      30.6,
      34.9,
      43.2,
      31.0,
      34.3,
      43.8,
      54.5,
      24.5,
      28.8,
      35.7,
      49.8,
      36.5,
      30.8,
      30.8,
      30.2,
      29.3,
      35.2,
      0.0,
      30.5,
      35.8,
      36.7,
      29.1,
      41.5,
      30.1,
      41.5,
      34.0,
      33.9,
      69.1,
      29.1,
      69.4,
      21.8,
      53.3,
      44.3,
      65.4,
      35.0,
      32.4,
      34.6,
      26.3,
      11.7,
      32.8,
      43.4,
      30.1,
      48.5,
      20.6
    ],
    [
      4.6,
      1.4,
      0.4,
      2.8,
      1.4,
      21.6,
      1.9,
      1.6,
      1.4,
      4.0,
      23.9,
      1.4,
      0.3,
      0.65,
      2.8,
      2.9,
      23.8,
      1.0,
      15.5,
      22.0,
      22.7,
      28.6,
      3.2,
      3.7,
      21.9,
      4.5,
      7.2,
      0.052,
      15.8,
      6.7,
      27.5,
      30.5,
      0.0,
      6.0,
      4.7,
      2.2,
      22.0,
      6.6,
      22.6,
      0.8,
      1.4,
      53.8,
      6.8,
      54.1,
      37.2,
      23.0,
      21.9,
      33.3,
      1.7,
      0.0,
      0.8,
      13.6,
      20.6,
      2.2,
      26.2,
      2.9,
      20.4,
      24.5
    ],
    [
      7.3,
      3.6,
      5.9,
      7.2,
      4.1,
      35.2,
      5.1,
      4.8,
      6.1,
      1.7,
      20.3,
      5.8,
      5.0,
      5.6,
      5.4,
      5.0,
      20.2,
      5.4,
      11.9,
      18.4,
      25.7,
      30.3,
      6.9,
      5.7,
      18.3,
      6.5,
      2.8,
      5.9,
      12.2,
      8.5,
      40.8,
      35.8,
      6.0,
      0.0,
      6.1,
      7.9,
      27.7,
      2.3,
      18.8,
      4.4,
      4.3,
      49.9,
      12.3,
      50.2,
      46.4,
      26.0,
      20.9,
      36.3,
      4.5,
      6.2,
      6.0,
      19.1,
      25.9,
      4.7,
      22.3,
      8.6,
      16.5,
      29.8
    ],
    [
      6.5,
      3.7,
      4.8,
      6.9,
      4.2,
      36.1,
      5.2,
      5.7,
      7.0,
      5.9,
      23.9,
      5.3,
      4.5,
      6.5,
      5.5,
      4.8,
      23.8,
      5.5,
      15.5,
      19.2,
      26.7,
      34.8,
      7.3,
      5.5,
      19.1,
      6.9,
      7.2,
      4.8,
      15.8,
      12.9,
      41.7,
      36.7,
      4.7,
      6.1,
      0.0,
      9.8,
      29.7,
      7.3,
      23.4,
      5.2,
      5.1,
      54.5,
      14.3,
      54.8,
      51.0,
      28.0,
      14.3,
      38.3,
      5.8,
      6.0,
      8.0,
      21.1,
      27.9,
      5.6,
      14.6,
      8.5,
      12.9,
      31.8
    ],
    [
      5.7,
      3.8,
      2.2,
      1.8,
      3.4,
      20.5,
      1.9,
      4.7,
      3.1,
      5.2,
      25.6,
      1.3,
      2.4,
      5.9,
      3.2,
      6.8,
      25.5,
      2.0,
      17.2,
      23.7,
      24.6,
      27.2,
      2.4,
      7.5,
      23.6,
      8.3,
      9.0,
      2.2,
      12.6,
      5.3,
      26.4,
      29.1,
      2.2,
      7.9,
      9.8,
      0.0,
      20.9,
      8.1,
      24.2,
      2.1,
      2.2,
      55.3,
      5.5,
      55.6,
      35.8,
      24.7,
      23.4,
      35.0,
      3.3,
      2.4,
      2.7,
      12.3,
      19.1,
      4.5,
      26.1,
      0.9,
      21.9,
      23.1
    ],
    [
      34.0,
      22.9,
      22.0,
      23.8,
      22.8,
      0.4,
      22.1,
      30.9,
      21.6,
      33.5,
      44.4,
      21.5,
      22.2,
      31.9,
      25.3,
      32.3,
      44.3,
      22.3,
      34.0,
      45.1,
      23.1,
      22.6,
      23.6,
      33.1,
      45.2,
      33.9,
      25.5,
      22.0,
      28.0,
      19.2,
      8.5,
      41.5,
      22.0,
      27.7,
      29.7,
      20.9,
      0.0,
      25.0,
      50.4,
      22.2,
      22.3,
      78.0,
      14.5,
      78.4,
      47.6,
      23.5,
      44.8,
      29.8,
      31.9,
      22.1,
      21.4,
      19.3,
      30.0,
      24.3,
      44.6,
      21.4,
      43.8,
      34.9
    ],
    [
      8.0,
      4.3,
      6.5,
      4.8,
      4.8,
      24.9,
      5.7,
      5.4,
      6.7,
      6.7,
      17.1,
      6.2,
      5.6,
      6.2,
      6.4,
      5.6,
      18.7,
      6.1,
      10.4,
      16.8,
      26.4,
      28.0,
      4.6,
      6.4,
      16.8,
      7.1,
      0.4,
      6.5,
      7.8,
      6.1,
      25.2,
      30.1,
      6.6,
      2.3,
      7.3,
      8.1,
      25.0,
      0.0,
      19.5,
      5.1,
      5.0,
      50.6,
      11.2,
      50.9,
      36.8,
      26.6,
      17.0,
      37.0,
      5.1,
      6.9,
      6.7,
      13.4,
      20.2,
      5.4,
      21.4,
      5.4,
      15.4,
      24.1
    ],
    [
      24.0,
      20.3,
      22.6,
      21.1,
      20.8,
      50.2,
      21.8,
      21.5,
      22.8,
      22.8,
      9.2,
      22.5,
      21.7,
      22.3,
      22.1,
      21.7,
      9.2,
      22.1,
      10.2,
      9.9,
      42.4,
      46.6,
      20.8,
      22.4,
      10.5,
      23.2,
      19.9,
      22.6,
      16.0,
      22.3,
      51.6,
      41.5,
      22.6,
      18.8,
      23.4,
      24.2,
      50.4,
      19.5,
      0.0,
      21.1,
      21.0,
      31.7,
      29.0,
      32.0,
      35.7,
      42.6,
      11.6,
      53.0,
      21.1,
      22.9,
      22.7,
      34.9,
      31.3,
      21.4,
      10.7,
      25.3,
      12.4,
      30.3
    ],
    [
      3.6,
      0.45,
      0.65,
      2.2,
      0.45,
      22.0,
      1.1,
      3.0,
      2.3,
      3.1,
      22.2,
      0.85,
      0.8,
      3.8,
      0.35,
      1.9,
      22.1,
      0.19,
      13.8,
      20.2,
      24.0,
      28.9,
      3.0,
      2.7,
      20.2,
      3.5,
      5.5,
      0.75,
      11.4,
      7.0,
      27.9,
      34.0,
      0.8,
      4.4,
      5.2,
      2.1,
      22.2,
      5.1,
      21.1,
      0.0,
      0.14,
      51.9,
      7.2,
      52.2,
      37.7,
      24.3,
      20.1,
      34.7,
      2.9,
      0.8,
      1.9,
      14.2,
      21.1,
      3.1,
      24.3,
      2.9,
      18.6,
      25.0
    ],
    [
      3.8,
      0.4,
      0.8,
      2.2,
      0.35,
      22.1,
      1.1,
      2.9,
      2.4,
      3.3,
      22.0,
      1.0,
      0.95,
      3.7,
      0.28,
      2.2,
      22.0,
      0.25,
      13.7,
      20.1,
      23.9,
      28.7,
      3.4,
      2.9,
      20.1,
      3.7,
      5.4,
      0.75,
      11.3,
      6.9,
      38.9,
      33.9,
      1.4,
      4.3,
      5.1,
      2.2,
      22.3,
      5.0,
      21.0,
      0.14,
      0.0,
      51.8,
      7.2,
      52.1,
      37.5,
      24.2,
      20.0,
      34.6,
      2.1,
      0.95,
      2.0,
      14.1,
      20.9,
      3.0,
      24.2,
      3.5,
      17.0,
      24.8
    ],
    [
      55.1,
      51.5,
      53.7,
      52.2,
      51.9,
      77.9,
      53.0,
      52.6,
      53.9,
      53.9,
      36.0,
      53.6,
      52.8,
      53.4,
      53.2,
      52.8,
      36.0,
      53.3,
      41.3,
      36.6,
      73.5,
      74.2,
      51.9,
      53.5,
      37.3,
      54.3,
      51.0,
      53.7,
      47.1,
      53.5,
      79.2,
      69.1,
      53.8,
      49.9,
      54.5,
      55.3,
      78.0,
      50.6,
      31.7,
      51.9,
      51.8,
      0.0,
      59.9,
      4.2,
      55.4,
      73.6,
      37.3,
      84.0,
      52.1,
      53.8,
      53.7,
      63.4,
      59.7,
      52.4,
      36.4,
      56.3,
      37.5,
      54.5
    ],
    [
      12.8,
      10.2,
      6.7,
      6.9,
      7.6,
      14.3,
      6.8,
      9.1,
      6.3,
      12.3,
      30.0,
      6.2,
      6.9,
      10.3,
      8.3,
      11.2,
      30.0,
      7.0,
      21.7,
      28.1,
      27.9,
      22.3,
      7.2,
      11.9,
      28.1,
      12.7,
      11.6,
      6.8,
      15.6,
      5.3,
      20.2,
      29.1,
      6.8,
      12.3,
      14.3,
      5.5,
      14.5,
      11.2,
      29.0,
      7.2,
      7.2,
      59.9,
      0.0,
      60.3,
      36.0,
      26.6,
      28.1,
      38.7,
      11.3,
      7.0,
      6.3,
      7.7,
      18.4,
      9.2,
      32.4,
      6.2,
      26.6,
      23.3
    ],
    [
      55.4,
      51.8,
      54.0,
      52.5,
      52.3,
      78.2,
      53.3,
      52.9,
      54.2,
      54.2,
      36.3,
      53.9,
      53.1,
      53.7,
      53.5,
      53.1,
      36.3,
      53.6,
      41.6,
      37.0,
      73.9,
      74.5,
      52.2,
      53.8,
      37.6,
      54.6,
      51.3,
      54.0,
      47.4,
      53.8,
      79.5,
      69.4,
      54.1,
      50.2,
      54.8,
      55.6,
      78.4,
      50.9,
      32.0,
      52.2,
      52.1,
      4.2,
      60.3,
      0.0,
      55.0,
      73.3,
      36.9,
      83.6,
      51.7,
      53.5,
      53.3,
      63.0,
      59.4,
      52.0,
      36.0,
      55.9,
      37.1,
      54.1
    ],
    [
      43.1,
      40.5,
      37.3,
      35.6,
      37.3,
      47.4,
      37.3,
      39.4,
      41.5,
      42.6,
      41.5,
      36.8,
      37.4,
      40.6,
      37.1,
      41.4,
      41.6,
      37.5,
      37.8,
      42.2,
      61.0,
      39.8,
      35.3,
      42.2,
      48.5,
      43.0,
      37.3,
      37.3,
      26.8,
      35.8,
      48.9,
      21.8,
      37.2,
      46.4,
      51.0,
      35.8,
      47.6,
      36.8,
      35.7,
      37.7,
      37.5,
      55.4,
      36.0,
      55.0,
      0.0,
      60.5,
      44.7,
      72.6,
      49.6,
      39.6,
      41.8,
      33.5,
      24.4,
      40.0,
      43.8,
      37.1,
      47.6,
      19.9
    ],
    [
      24.9,
      23.9,
      23.0,
      26.1,
      24.4,
      23.4,
      25.4,
      21.8,
      22.5,
      23.0,
      28.6,
      24.0,
      22.8,
      22.8,
      25.6,
      23.3,
      28.8,
      25.7,
      35.3,
      28.8,
      0.21,
      41.8,
      26.5,
      24.0,
      28.9,
      24.8,
      27.1,
      23.0,
      35.6,
      29.2,
      30.2,
      53.3,
      23.0,
      26.0,
      28.0,
      24.7,
      23.5,
      26.6,
      42.6,
      24.3,
      24.2,
      73.6,
      26.6,
      73.3,
      60.5,
      0.0,
      30.5,
      20.4,
      22.8,
      23.1,
      23.7,
      33.2,
      44.0,
      23.3,
      31.7,
      25.8,
      29.1,
      48.8
    ],
    [
      15.8,
      18.0,
      24.7,
      20.3,
      18.5,
      44.6,
      19.5,
      18.4,
      22.0,
      17.6,
      0.85,
      21.8,
      20.9,
      21.5,
      21.3,
      18.2,
      2.4,
      21.4,
      12.2,
      0.22,
      30.0,
      49.3,
      20.1,
      17.6,
      0.5,
      16.3,
      22.0,
      24.7,
      18.0,
      21.6,
      50.5,
      44.3,
      21.9,
      20.9,
      14.3,
      23.4,
      44.8,
      17.0,
      11.6,
      20.1,
      20.0,
      37.3,
      28.1,
      36.9,
      44.7,
      30.5,
      0.0,
      52.1,
      20.3,
      22.0,
      21.9,
      29.9,
      34.3,
      20.6,
      0.7,
      24.5,
      1.9,
      33.2
    ],
    [
      35.2,
      34.2,
      33.3,
      36.4,
      34.7,
      29.6,
      35.7,
      32.1,
      32.9,
      34.7,
      54.1,
      34.3,
      33.1,
      33.1,
      36.0,
      33.6,
      54.0,
      36.0,
      45.7,
      52.1,
      20.0,
      53.9,
      36.8,
      34.3,
      52.1,
      35.1,
      37.4,
      33.3,
      46.0,
      39.5,
      29.1,
      65.4,
      33.3,
      36.3,
      38.3,
      35.0,
      29.8,
      37.0,
      53.0,
      34.7,
      34.6,
      84.0,
      38.7,
      83.6,
      72.6,
      20.4,
      52.1,
      0.0,
      31.6,
      31.9,
      32.5,
      42.0,
      52.8,
      32.1,
      55.3,
      34.6,
      49.5,
      57.7
    ],
    [
      2.5,
      2.4,
      1.6,
      3.7,
      2.9,
      31.7,
      3.1,
      1.3,
      3.2,
      1.9,
      22.2,
      2.3,
      1.5,
      4.7,
      3.4,
      0.65,
      22.1,
      2.9,
      13.8,
      18.1,
      22.3,
      33.0,
      4.1,
      1.5,
      20.2,
      2.3,
      5.6,
      1.6,
      14.1,
      11.1,
      37.3,
      35.0,
      1.7,
      4.5,
      5.8,
      3.3,
      31.9,
      5.1,
      21.1,
      2.9,
      2.1,
      52.1,
      11.3,
      51.7,
      49.6,
      22.8,
      20.3,
      31.6,
      0.0,
      1.9,
      3.8,
      17.2,
      24.0,
      1.2,
      24.7,
      4.0,
      17.0,
      27.9
    ],
    [
      4.3,
      1.6,
      0.4,
      2.9,
      1.5,
      21.9,
      2.1,
      1.6,
      1.4,
      3.8,
      23.9,
      1.5,
      0.3,
      0.65,
      2.5,
      3.0,
      23.9,
      1.0,
      15.5,
      22.0,
      22.6,
      28.5,
      3.4,
      3.7,
      22.0,
      4.5,
      7.3,
      0.051,
      15.8,
      8.6,
      27.8,
      32.4,
      0.0,
      6.2,
      6.0,
      2.4,
      22.1,
      6.9,
      22.9,
      0.8,
      0.95,
      53.8,
      7.0,
      53.5,
      39.6,
      23.1,
      22.0,
      31.9,
      1.9,
      0.0,
      0.8,
      13.6,
      20.6,
      2.1,
      25.4,
      3.0,
      19.6,
      24.6
    ],
    [
      5.2,
      4.0,
      1.0,
      3.5,
      2.3,
      21.2,
      2.7,
      2.2,
      0.8,
      4.7,
      23.8,
      2.1,
      0.95,
      0.55,
      3.3,
      3.6,
      23.7,
      2.9,
      15.4,
      21.9,
      23.2,
      27.8,
      4.0,
      4.3,
      21.8,
      5.1,
      7.1,
      0.85,
      15.7,
      9.2,
      27.1,
      34.6,
      0.8,
      6.0,
      8.0,
      2.7,
      21.4,
      6.7,
      22.7,
      1.9,
      2.0,
      53.7,
      6.3,
      53.3,
      41.8,
      23.7,
      21.9,
      32.5,
      3.8,
      0.8,
      0.0,
      13.2,
      23.9,
      2.8,
      26.2,
      3.0,
      20.4,
      25.1
    ],
    [
      19.6,
      14.2,
      13.6,
      12.1,
      13.9,
      19.1,
      13.0,
      15.9,
      13.2,
      19.1,
      29.2,
      13.1,
      13.8,
      17.1,
      13.7,
      18.0,
      29.1,
      13.9,
      18.8,
      29.9,
      32.7,
      22.1,
      11.9,
      18.7,
      30.0,
      19.5,
      13.8,
      13.6,
      12.8,
      7.5,
      25.0,
      26.3,
      13.6,
      19.1,
      21.1,
      12.3,
      19.3,
      13.4,
      34.9,
      14.2,
      14.1,
      63.4,
      7.7,
      63.0,
      33.5,
      33.2,
      29.9,
      42.0,
      17.2,
      13.6,
      13.2,
      0.0,
      15.0,
      16.1,
      29.6,
      13.0,
      28.7,
      19.9
    ],
    [
      26.5,
      23.8,
      20.6,
      18.9,
      20.7,
      29.9,
      20.7,
      22.7,
      23.9,
      25.9,
      33.0,
      20.1,
      20.8,
      23.9,
      20.5,
      24.8,
      33.1,
      20.9,
      24.2,
      33.7,
      43.5,
      19.7,
      18.7,
      25.6,
      39.7,
      26.4,
      20.6,
      20.6,
      19.2,
      18.3,
      27.5,
      11.7,
      20.6,
      25.9,
      27.9,
      19.1,
      30.0,
      20.2,
      31.3,
      21.1,
      20.9,
      59.7,
      18.4,
      59.4,
      24.4,
      44.0,
      34.3,
      52.8,
      24.0,
      20.6,
      23.9,
      15.0,
      0.0,
      22.7,
      33.3,
      19.8,
      38.4,
      13.5
    ],
    [
      3.3,
      2.7,
      2.2,
      4.2,
      3.2,
      24.2,
      3.3,
      0.35,
      2.9,
      2.8,
      22.5,
      2.8,
      2.0,
      2.6,
      4.3,
      1.7,
      22.4,
      3.8,
      14.1,
      20.6,
      22.8,
      30.9,
      6.3,
      2.4,
      20.5,
      3.2,
      5.8,
      2.2,
      14.4,
      9.0,
      37.8,
      32.8,
      2.2,
      4.7,
      5.6,
      4.5,
      24.3,
      5.4,
      21.4,
      3.1,
      3.0,
      52.4,
      9.2,
      52.0,
      40.0,
      23.3,
      20.6,
      32.1,
      1.2,
      2.1,
      2.8,
      16.1,
      22.7,
      0.0,
      23.4,
      4.5,
      17.0,
      27.1
    ],
    [
      16.0,
      23.9,
      26.1,
      20.6,
      22.8,
      44.5,
      25.4,
      25.0,
      26.3,
      17.9,
      0.4,
      26.0,
      25.2,
      25.8,
      25.6,
      25.2,
      1.2,
      25.7,
      12.0,
      0.5,
      30.3,
      48.5,
      20.3,
      26.0,
      1.2,
      16.6,
      23.4,
      26.1,
      17.8,
      24.3,
      50.4,
      43.4,
      26.2,
      22.3,
      14.6,
      26.1,
      44.6,
      21.4,
      10.7,
      24.3,
      24.2,
      36.4,
      32.4,
      36.0,
      43.8,
      31.7,
      0.7,
      55.3,
      24.7,
      25.4,
      26.2,
      29.6,
      33.3,
      23.4,
      0.0,
      26.9,
      2.2,
      32.3
    ],
    [
      6.5,
      3.7,
      2.7,
      1.2,
      3.3,
      21.2,
      2.3,
      5.4,
      3.7,
      5.9,
      26.4,
      1.9,
      2.9,
      6.7,
      3.1,
      4.8,
      26.3,
      2.8,
      18.0,
      24.4,
      25.3,
      27.9,
      1.4,
      5.5,
      24.4,
      6.3,
      5.8,
      2.7,
      10.5,
      6.1,
      27.1,
      30.1,
      2.9,
      8.6,
      8.5,
      0.9,
      21.4,
      5.4,
      25.3,
      2.9,
      3.5,
      56.3,
      6.2,
      55.9,
      37.1,
      25.8,
      24.5,
      34.6,
      4.0,
      3.0,
      3.0,
      13.0,
      19.8,
      4.5,
      26.9,
      0.0,
      22.7,
      23.8
    ],
    [
      14.4,
      16.6,
      23.7,
      18.8,
      17.1,
      43.6,
      18.1,
      17.0,
      20.5,
      16.3,
      1.7,
      20.3,
      19.4,
      20.0,
      19.8,
      16.8,
      2.2,
      23.2,
      11.2,
      1.9,
      28.6,
      53.6,
      18.6,
      16.2,
      2.0,
      14.9,
      21.0,
      23.7,
      17.0,
      20.1,
      49.5,
      48.5,
      20.4,
      16.5,
      12.9,
      21.9,
      43.8,
      15.4,
      12.4,
      18.6,
      17.0,
      37.5,
      26.6,
      37.1,
      47.6,
      29.1,
      1.9,
      49.5,
      17.0,
      19.6,
      20.4,
      28.7,
      38.4,
      17.0,
      2.2,
      22.7,
      0.0,
      37.3
    ],
    [
      30.4,
      27.8,
      24.6,
      22.9,
      24.6,
      34.7,
      24.6,
      26.7,
      28.8,
      29.9,
      32.0,
      24.1,
      24.7,
      27.9,
      24.4,
      28.7,
      32.1,
      24.8,
      23.2,
      32.7,
      48.4,
      31.2,
      22.6,
      29.5,
      38.7,
      30.3,
      24.6,
      24.6,
      16.7,
      23.1,
      36.2,
      20.6,
      24.5,
      29.8,
      31.8,
      23.1,
      34.9,
      24.1,
      30.3,
      25.0,
      24.8,
      54.5,
      23.3,
      54.1,
      19.9,
      48.8,
      33.2,
      57.7,
      27.9,
      24.6,
      25.1,
      19.9,
      13.5,
      27.1,
      32.3,
      23.8,
      37.3,
      0.0
    ]
  ],
  "drive_time_matrix": [
