{
  "drive_dist_matrix": [
    [
      0.0,
      6.1,
      15.0,
      8.1,
      12.0,
      11.7,
      12.5,
      12.6,
      12.6,
      0.4,
      36.5,
      11.8,
      11.4,
      0.3,
      12.7,
      0.2,
      12.3,
      23.0,
      15.1,
      29.9
    ],
    [
      6.1,
      0.0,
      12.7,
      6.7,
      9.8,
      9.7,
      10.2,
      10.2,
      9.9,
      6.4,
      43.3,
      9.9,
      9.1,
      6.3,
      11.3,
      6.1,
      11.8,
      27.4,
      13.5,
      24.0
    ],
    [
      15.0,
      12.7,
      0.0,
      8.7,
      2.6,
      6.6,
      2.4,
      5.8,
      1.8,
      14.9,
      25.8,
      6.7,
      3.4,
      14.7,
      4.5,
      14.6,
      21.5,
      34.6,
      0.55,
      11.3
    ],
    [
      8.1,
      6.7,
      8.7,
      0.0,
      7.0,
      5.6,
      7.4,
      4.6,
      7.5,
      7.3,
      29.5,
      5.7,
      6.3,
      8.3,
      8.9,
      8.1,
      14.5,
      30.0,
      9.3,
      17.6
    ],
    [
      12.0,
      9.8,
      2.6,
      7.0,
      0.0,
      5.8,
      0.22,
      3.5,
      0.9,
      11.0,
      24.6,
      5.9,
      1.3,
      12.1,
      4.6,
      11.9,
      18.3,
      33.8,
      3.3,
      9.6
    ],
    [
      11.7,
      9.7,
      6.6,
      5.6,
      5.8,
      0.0,
      7.4,
      7.7,
      6.1,
      12.2,
      33.3,
      0.29,
      5.1,
      12.1,
      4.2,
      11.9,
      13.3,
      32.0,
      6.9,
      20.9
    ],
    [
      12.5,
      10.2,
      2.4,
      7.4,
      0.22,
      7.4,
      0.0,
      3.6,
      0.65,
      11.2,
      24.7,
      6.1,
      0.85,
      12.2,
      4.8,
      12.1,
      18.4,
      33.9,
      1.4,
      9.7
    ],
    [
      12.6,
      10.2,
      5.8,
      4.6,
      3.5,
      7.7,
      3.6,
      0.0,
      4.1,
      11.6,
      25.2,
      7.4,
      3.3,
      12.6,
      6.1,
      12.4,
      18.2,
      37.1,
      6.8,
      14.8
    ],
    [
      12.6,
      9.9,
      1.8,
      7.5,
      0.9,
      6.1,
      0.65,
      4.1,
      0.0,
      11.6,
      23.6,
      6.5,
      1.5,
      12.7,
      3.7,
      12.5,
      17.4,
      33.8,
      0.8,
      10.0
    ],
    [
      0.4,
      6.4,
      14.9,
      7.3,
      11.0,
      12.2,
      11.2,
      11.6,
      11.6,
      0.0,
      37.0,
      11.0,
      10.3,
      0.65,
      13.0,
      0.6,
      12.6,
      23.4,
      14.5,
      24.5
    ],
    [
      36.5,
      43.3,
      25.8,
      29.5,
      24.6,
      33.3,
      24.7,
      25.2,
      23.6,
      37.0,
      0.0,
      33.1,
      23.2,
      36.0,
      28.9,
      35.9,
      48.2,
      53.0,
      24.9,
      24.6
    ],
    [
      11.8,
      9.9,
      6.7,
      5.7,
      5.9,
      0.29,
      6.1,
      7.4,
      6.5,
      11.0,
      33.1,
      0.0,
      5.3,
      12.3,
      4.4,
      12.1,
      13.4,
      32.1,
      7.0,
      21.1
    ],
    [
      11.4,
      9.1,
      3.4,
      6.3,
      1.3,
      5.1,
      0.85,
      3.3,
      1.5,
      10.3,
      23.2,
      5.3,
      0.0,
      11.7,
      4.0,
      11.6,
      15.5,
      33.4,
      3.7,
      10.5
    ],
    [
      0.3,
      6.3,
      14.7,
      8.3,
      12.1,
      12.1,
      12.2,
      12.6,
      12.7,
      0.65,
      36.0,
      12.3,
      11.7,
      0.0,
      12.8,
      0.65,
      12.4,
      23.2,
      15.3,
      30.1
    ],
    [
      12.7,
      11.3,
      4.5,
      8.9,
      4.6,
      4.2,
      4.8,
      6.1,
      3.7,
      13.0,
      28.9,
      4.4,
      4.0,
      12.8,
      0.0,
      13.7,
      15.0,
      33.7,
      3.1,
      12.0
    ],
    [
      0.2,
      6.1,
      14.6,
      8.1,
      11.9,
      11.9,
      12.1,
      12.4,
      12.5,
      0.6,
      35.9,
      12.1,
      11.6,
      0.65,
      13.7,
      0.0,
      12.3,
      23.0,
      15.1,
      29.9
    ],
    [
      12.3,
      11.8,
      21.5,
      14.5,
      18.3,
      13.3,
      18.4,
      18.2,
      17.4,
      12.6,
      48.2,
      13.4,
      15.5,
      12.4,
      15.0,
      12.3,
      0.0,
      23.4,
      16.1,
      34.9
    ],
    [
      23.0,
      27.4,
      34.6,
      30.0,
      33.8,
      32.0,
      33.9,
      37.1,
      33.8,
      23.4,
      53.0,
      32.1,
      33.4,
      23.2,
      33.7,
      23.0,
      23.4,
      0.0,
      39.1,
      46.4
    ],
    [
      15.1,
      13.5,
      0.55,
      9.3,
      3.3,
      6.9,
      1.4,
      6.8,
      0.8,
      14.5,
      24.9,
      7.0,
      3.7,
      15.3,
      3.1,
      15.1,
      16.1,
      39.1,
      0.0,
      12.9
    ],
    [
      29.9,
      24.0,
      11.3,
      17.6,
      9.6,
      20.9,
      9.7,
      14.8,
      10.0,
      24.5,
      24.6,
      21.1,
      10.5,
      30.1,
      12.0,
      29.9,
      34.9,
      46.4,
      12.9,
      0.0
    ]
  ],
  "drive_time_matrix": [
    [
      0.0,
      13.0,
      26.0,
      16.0,
      24.0,
      20.0,
      25.0,
      23.0,
      25.0,
      6.0,
      32.0,
      20.0,
      22.0,
      6.0,
      19.0,
      2.0,
      16.0,
      23.0,
      24.0,
      31.0
    ],
    [
      13.0,
      0.0,
      25.0,
      12.0,
      19.0,
      15.0,
      20.0,
      17.0,
      19.0,
      14.0,
      38.0,
      16.0,
      17.0,
      14.0,
      20.0,
      13.0,
      17.0,
      28.0,
      21.0,
      31.0
    ],
    [
      26.0,
      25.0,
      0.0,
      15.0,
      7.0,
      12.0,
      6.0,
      14.0,
      4.0,
      26.0,
      32.0,
      13.0,
      8.0,
      26.0,
      9.0,
      25.0,
      28.0,
      40.0,
      3.0,
      18.0
    ],
    [
      16.0,
      12.0,
      15.0,
      0.0,
      14.0,
      9.0,
      15.0,
      8.0,
      16.0,
      14.0,
      30.0,
      9.0,
      12.0,
      16.0,
      15.0,
      15.0,
      21.0,
      29.0,
      15.0,
      20.0
    ],
    [
      24.0,
      19.0,
      7.0,
      14.0,
      0.0,
      12.0,
      3.0,
      8.0,
      2.0,
      22.0,
      32.0,
      13.0,
      5.0,
      23.0,
      8.0,
      22.0,
      26.0,
      37.0,
      6.0,
      17.0
    ],
    [
      20.0,
      15.0,
      12.0,
      9.0,
      12.0,
      0.0,
      14.0,
      12.0,
      11.0,
      18.0,
      35.0,
      3.0,
      11.0,
      19.0,
      9.0,
      18.0,
      19.0,
      32.0,
      12.0,
      26.0
    ],
    [
      25.0,
      20.0,
      6.0,
      15.0,
      3.0,
      14.0,
      0.0,
      9.0,
      6.0,
      23.0,
      32.0,
      13.0,
      8.0,
      24.0,
      9.0,
      23.0,
      27.0,
      37.0,
      17.0,
      17.0
    ],
    [
      23.0,
      17.0,
      14.0,
      8.0,
      8.0,
      12.0,
      9.0,
      0.0,
      9.0,
      20.0,
      30.0,
      13.0,
      7.0,
      22.0,
      12.0,
      21.0,
      26.0,
      32.0,
      14.0,
      17.0
    ],
    [
      25.0,
      19.0,
      4.0,
      16.0,
      2.0,
      11.0,
      6.0,
      9.0,
      0.0,
      24.0,
      32.0,
      14.0,
      6.0,
      25.0,
      6.0,
      24.0,
      23.0,
      38.0,
      12.0,
      17.0
    ],
    [
      6.0,
      14.0,
      26.0,
      14.0,
      22.0,
      18.0,
      23.0,
      20.0,
      24.0,
      0.0,
      33.0,
      18.0,
      20.0,
      12.0,
      20.0,
      8.0,
      17.0,
      23.0,
      23.0,
      30.0
    ],
    [
      32.0,
      38.0,
      32.0,
      30.0,
      32.0,
      35.0,
      32.0,
      30.0,
      32.0,
      33.0,
      0.0,
      36.0,
      35.0,
      32.0,
      38.0,
      31.0,
      40.0,
      41.0,
      31.0,
      25.0
    ],
    [
      20.0,
      16.0,
      13.0,
      9.0,
      13.0,
      3.0,
      13.0,
      13.0,
      14.0,
      18.0,
      36.0,
      0.0,
      13.0,
      19.0,
      10.0,
      18.0,
      20.0,
      33.0,
      13.0,
      27.0
    ],
    [
      22.0,
      17.0,
      8.0,
      12.0,
      5.0,
      11.0,
      8.0,
      7.0,
      6.0,
      20.0,
      35.0,
      13.0,
      0.0,
      23.0,
      10.0,
      22.0,
      25.0,
      37.0,
      9.0,
      20.0
    ],
    [
      6.0,
      14.0,
      26.0,
      16.0,
      23.0,
      19.0,
      24.0,
      22.0,
      25.0,
      12.0,
      32.0,
      19.0,
      23.0,
      0.0,
      20.0,
      8.0,
      17.0,
      24.0,
      25.0,
      32.0
    ],
    [
      19.0,
      20.0,
      9.0,
      15.0,
      8.0,
      9.0,
      9.0,
      12.0,
      6.0,
      20.0,
      38.0,
      10.0,
      10.0,
      20.0,
      0.0,
      22.0,
      23.0,
      36.0,
      6.0,
      20.0
    ],
    [
      2.0,
      13.0,
      25.0,
      15.0,
      22.0,
      18.0,
      23.0,
      21.0,
      24.0,
      8.0,
      31.0,
      18.0,
      22.0,
      8.0,
      22.0,
      0.0,
      16.0,
      23.0,
      23.0,
      31.0
    ],
    [
      16.0,
      17.0,
      28.0,
      21.0,
      26.0,
      19.0,
      27.0,
      26.0,
      23.0,
      17.0,
      40.0,
      20.0,
      25.0,
      17.0,
      23.0,
      16.0,
      0.0,
      23.0,
      23.0,
      33.0
    ],
    [
      23.0,
      28.0,
      40.0,
      29.0,
      37.0,
      32.0,
      37.0,
      32.0,
      38.0,
      23.0,
      41.0,
      33.0,
      37.0,
      24.0,
      36.0,
      23.0,
      23.0,
      0.0,
      37.0,
      41.0
    ],
    [
      24.0,
      21.0,
      3.0,
      15.0,
      6.0,
      12.0,
      17.0,
      14.0,
      12.0,
      23.0,
      31.0,
      13.0,
      9.0,
      25.0,
      6.0,
      23.0,
      23.0,
      37.0,
      0.0,
      19.0
    ],
    [
      31.0,
      31.0,
      18.0,
      20.0,
      17.0,
      26.0,
      17.0,
      17.0,
      17.0,
      30.0,
      25.0,
      27.0,
      20.0,
      32.0,
      20.0,
      31.0,
      33.0,
      41.0,
      19.0,
      0.0
    ]
  ],
  "transit_dist_walk_matrix": [
    [
      0.0,
      2.66656,
      2.24991,
      0.99996,
      0.74997,
      1.33328,
      0.58331,
      0.58331,
      0.74997,
      NaN,
      NaN,
      1.58327,
      1.08329,
      NaN,
      0.58331,
      NaN,
      1.6666,
      NaN,
      1.58327,
      1.91659
    ],
    [
      2.66656,
      0.0,
      2.66656,
      2.4999000000000002,
      2.99988,
      NaN,
      2.83322,
      1.91659,
      1.74993,
      2.74989,
      NaN,
      NaN,
      1.8332600000000001,
      2.74989,
      2.99988,
      1.91659,
      3.91651,
      NaN,
      2.4999000000000002,
      3.49986
    ],
    [
      2.24991,
      2.66656,
      0.0,
      2.08325,
      NaN,
      2.16658,
      1.41661,
      1.91659,
      1.49994,
      1.91659,
      NaN,
      2.41657,
      1.58327,
      1.49994,
      NaN,
      1.6666,
      2.91655,
      NaN,
      NaN,
      2.74989
    ],
    [
      0.99996,
      2.4999000000000002,
      2.08325,
      0.0,
      0.9166300000000001,
      0.74997,
      0.99996,
      1.08329,
      1.08329,
      1.33328,
      NaN,
      1.49994,
      1.41661,
      0.99996,
      1.91659,
      0.99996,
      2.24991,
      NaN,
      2.08325,
      2.33324
    ],
    [
      0.74997,
      2.99988,
      NaN,
      0.9166300000000001,
      0.0,
      0.74997,
      NaN,
      1.74993,
      0.41665,
      0.74997,
      NaN,
      1.08329,
      NaN,
      0.66664,
      1.58327,
      0.41665,
      1.58327,
      NaN,
      1.6666,
      1.99992
    ],
    [
      1.33328,
      NaN,
      2.16658,
      0.74997,
      0.74997,
      0.0,
      0.8333,
      1.99992,
      0.99996,
      1.16662,
      NaN,
      NaN,
      1.33328,
      1.08329,
      2.16658,
      0.8333,
      1.99992,
      NaN,
      0.9166300000000001,
      2.58323
    ],
    [
      0.58331,
      2.83322,
      1.41661,
      0.99996,
      NaN,
      0.8333,
      0.0,
      1.49994,
      0.33332,
      0.9166300000000001,
      NaN,
      1.16662,
      NaN,
      0.9166300000000001,
      1.49994,
      0.58331,
      1.8332600000000001,
      NaN,
      1.2499500000000001,
      1.74993
    ],
    [
      0.58331,
      1.91659,
      1.91659,
      1.08329,
      1.74993,
      1.99992,
      1.49994,
      0.0,
      0.41665,
      0.74997,
      NaN,
      0.99996,
      0.41665,
      0.74997,
      1.6666,
      0.41665,
      2.33324,
      NaN,
      1.16662,
      2.16658
    ],
    [
      0.74997,
      1.74993,
      1.49994,
      1.08329,
      0.41665,
      0.99996,
      0.33332,
      0.41665,
      0.0,
      0.9166300000000001,
      NaN,
      1.2499500000000001,
      NaN,
      0.8333,
      1.49994,
      0.58331,
      1.6666,
      NaN,
      NaN,
      1.99992
    ],
    [
      NaN,
      2.74989,
      1.91659,
      1.33328,
      0.74997,
      1.16662,
      0.9166300000000001,
      0.74997,
      0.9166300000000001,
      0.0,
      NaN,
      1.8332600000000001,
      0.8333,
      NaN,
      0.99996,
      NaN,
      1.99992,
      NaN,
      2.08325,
      2.41657
    ],
    [
      NaN,
      NaN,
      NaN,
      NaN,
      NaN,
      NaN,
      NaN,
      NaN,
      NaN,
      NaN,
      0.0,
      NaN,
      NaN,
      NaN,
      NaN,
      NaN,
      NaN,
      NaN,
      NaN,
      NaN
    ],
    [
      1.58327,
      NaN,
      2.41657,
      1.49994,
      1.08329,
      NaN,
      1.16662,
      0.99996,
      1.2499500000000001,
      1.8332600000000001,
      NaN,
      0.0,
      1.58327,
      1.58327,
      2.41657,
      1.58327,
      2.58323,
      NaN,
      1.16662,
      2.91655
    ],
    [
      1.08329,
      1.8332600000000001,
      1.58327,
      1.41661,
      NaN,
      1.33328,
      NaN,
      0.41665,
      NaN,
      0.8333,
      NaN,
      1.58327,
      0.0,
      0.74997,
      1.6666,
      0.41665,
      1.58327,
      NaN,
      0.9166300000000001,
      2.16658
    ],
    [
      NaN,
      2.74989,
      1.49994,
      0.99996,
      0.66664,
      1.08329,
      0.9166300000000001,
      0.74997,
      0.8333,
      NaN,
      NaN,
      1.58327,
      0.74997,
      0.0,
      0.66664,
      NaN,
      1.6666,
      NaN,
      1.91659,
      2.08325
    ],
    [
      0.58331,
      2.99988,
      NaN,
      1.91659,
      1.58327,
      2.16658,
      1.49994,
      1.6666,
      1.49994,
      0.99996,
      NaN,
      2.41657,
      1.6666,
      0.66664,
      0.0,
      0.66664,
      3.3332,
      NaN,
      1.6666,
      1.8332600000000001
    ],
    [
      NaN,
      1.91659,
      1.6666,
      0.99996,
      0.41665,
      0.8333,
      0.58331,
      0.41665,
      0.58331,
      NaN,
      NaN,
      1.58327,
      0.41665,
      NaN,
      0.66664,
      0.0,
      1.74993,
      NaN,
      1.74993,
      2.08325
    ],
    [
      1.6666,
      3.91651,
      2.91655,
      2.24991,
      1.58327,
      1.99992,
      1.8332600000000001,
      2.33324,
      1.6666,
      1.99992,
      NaN,
      2.58323,
      1.58327,
      1.6666,
      3.3332,
      1.74993,
      0.0,
      NaN,
      2.58323,
      3.49986
    ],
    [
      NaN,
      NaN,
      NaN,
      NaN,
      NaN,
      NaN,
      NaN,
      NaN,
      NaN,
      NaN,
      NaN,
      NaN,
      NaN,
      NaN,
      NaN,
      NaN,
      NaN,
      0.0,
      NaN,
      NaN
    ],
    [
      1.58327,
      2.4999000000000002,
      NaN,
      2.08325,
      1.6666,
      0.9166300000000001,
      1.2499500000000001,
      1.16662,
      NaN,
      2.08325,
      NaN,
      1.16662,
      0.9166300000000001,
      1.91659,
      1.6666,
      1.74993,
      2.58323,
      NaN,
      0.0,
      1.91659
    ],
    [
      1.91659,
      3.49986,
      2.74989,
      2.33324,
      1.99992,
      2.58323,
      1.74993,
      2.16658,
      1.99992,
      2.41657,
      NaN,
      2.91655,
      2.16658,
      2.08325,
      1.8332600000000001,
      2.08325,
      3.49986,
      NaN,
      1.91659,
      0.0
    ]
  ],
  "transit_time_matrix": [
    [
      0.0,
      45.0,
      54.0,
      39.0,
      24.0,
      52.0,
      25.0,
      46.0,
      36.0,
      NaN,
      NaN,
      55.0,
      22.0,
      NaN,
      51.0,
      NaN,
      36.0,
      NaN,
      24.0,
      84.0
    ],
    [
      45.0,
      0.0,
      61.0,
      82.0,
      52.0,
      NaN,
      49.0,
      48.0,
      46.0,
      49.0,
      NaN,
      NaN,
      41.0,
      50.0,
      70.0,
      39.0,
      59.0,
      NaN,
      56.0,
      101.0
    ],
    [
      54.0,
      61.0,
      0.0,
      59.0,
      0.0,
      53.0,
      22.0,
      57.0,
      22.0,
      26.0,
      NaN,
      56.0,
      26.0,
      26.0,
      NaN,
      25.0,
      96.0,
      NaN,
      0.0,
      88.0
    ],
    [
      39.0,
      82.0,
      59.0,
      0.0,
      44.0,
      21.0,
      44.0,
      48.0,
      43.0,
      43.0,
      NaN,
      26.0,
      43.0,
      37.0,
      38.0,
      39.0,
      21.0,
      NaN,
      55.0,
      20.0
    ],
    [
      24.0,
      52.0,
      0.0,
      44.0,
      0.0,
      32.0,
      NaN,
      29.0,
      8.0,
      56.0,
      NaN,
      13.0,
      NaN,
      56.0,
      26.0,
      53.0,
      26.0,
      NaN,
      6.0,
      50.0
    ],
    [
      52.0,
      NaN,
      53.0,
      21.0,
      32.0,
      0.0,
      28.0,
      41.0,
      29.0,
      52.0,
      NaN,
      NaN,
      31.0,
      52.0,
      31.0,
      49.0,
      19.0,
      NaN,
      41.0,
      83.0
    ],
    [
      25.0,
      49.0,
      22.0,
      44.0,
      NaN,
      28.0,
      0.0,
      26.0,
      6.0,
      23.0,
      NaN,
      13.0,
      0.0,
      24.0,
      24.0,
      23.0,
      69.0,
      NaN,
      17.0,
      17.0
    ],
    [
      46.0,
      48.0,
      57.0,
      48.0,
      29.0,
      41.0,
      26.0,
      0.0,
      9.0,
      57.0,
      NaN,
      46.0,
      33.0,
      22.0,
      46.0,
      53.0,
      26.0,
      NaN,
      50.0,
      17.0
    ],
    [
      36.0,
      46.0,
      22.0,
      43.0,
      8.0,
      29.0,
      6.0,
      9.0,
      0.0,
      24.0,
      NaN,
      35.0,
      0.0,
      50.0,
      21.0,
      47.0,
      23.0,
      NaN,
      NaN,
      17.0
    ],
    [
      NaN,
      49.0,
      26.0,
      43.0,
      56.0,
      52.0,
      23.0,
      57.0,
      24.0,
      0.0,
      NaN,
      56.0,
      43.0,
      NaN,
      55.0,
      NaN,
      40.0,
      NaN,
      52.0,
      104.0
    ],
    [
      NaN,
      NaN,
      NaN,
      NaN,
      NaN,
      NaN,
      NaN,
      NaN,
      NaN,
      NaN,
      0.0,
      NaN,
      NaN,
      NaN,
      NaN,
      NaN,
      NaN,
      NaN,
      NaN,
      NaN
    ],
    [
      55.0,
      NaN,
      56.0,
      26.0,
      13.0,
      NaN,
      13.0,
      46.0,
      35.0,
      56.0,
      NaN,
      0.0,
      39.0,
      56.0,
      36.0,
      58.0,
      68.0,
      NaN,
      54.0,
      87.0
    ],
    [
      22.0,
      41.0,
      26.0,
      43.0,
      NaN,
      31.0,
      0.0,
      33.0,
      0.0,
      43.0,
      NaN,
      39.0,
      0.0,
      23.0,
      26.0,
      22.0,
      69.0,
      NaN,
      18.0,
      69.0
    ],
    [
      NaN,
      50.0,
      26.0,
      37.0,
      56.0,
      52.0,
      24.0,
      22.0,
      50.0,
      NaN,
      NaN,
      56.0,
      23.0,
      0.0,
      55.0,
      NaN,
      40.0,
      NaN,
      50.0,
      102.0
    ],
    [
      51.0,
      70.0,
      NaN,
      38.0,
      26.0,
      31.0,
      24.0,
      46.0,
      21.0,
      55.0,
      NaN,
      36.0,
      26.0,
      55.0,
      0.0,
      55.0,
      23.0,
      NaN,
      25.0,
      20.0
    ],
    [
      NaN,
      39.0,
      25.0,
      39.0,
      53.0,
      49.0,
      23.0,
      53.0,
      47.0,
      NaN,
      NaN,
      58.0,
      22.0,
      NaN,
      55.0,
      0.0,
      16.0,
      NaN,
      48.0,
      100.0
    ],
    [
      36.0,
      59.0,
      96.0,
      21.0,
      26.0,
      19.0,
      69.0,
      26.0,
      23.0,
      40.0,
      NaN,
      68.0,
      69.0,
      40.0,
      23.0,
      16.0,
      0.0,
      NaN,
      23.0,
      33.0
    ],
    [
      NaN,
      NaN,
      NaN,
      NaN,
      NaN,
      NaN,
      NaN,
      NaN,
      NaN,
      NaN,
      NaN,
      NaN,
      NaN,
      NaN,
      NaN,
      NaN,
      NaN,
      0.0,
      NaN,
      NaN
    ],
    [
      24.0,
      56.0,
      0.0,
      55.0,
      6.0,
      41.0,
      17.0,
      50.0,
      NaN,
      52.0,
      NaN,
      54.0,
      18.0,
      50.0,
      25.0,
      48.0,
      23.0,
      NaN,
      0.0,
      95.0
    ],
    [
      84.0,
      101.0,
      88.0,
      20.0,
      50.0,
      83.0,
      17.0,
      17.0,
      17.0,
      104.0,
      NaN,
      87.0,
      69.0,
      102.0,
      20.0,
      100.0,
      33.0,
      NaN,
      95.0,
      0.0
    ]
  ],
  "walk_dist_matrix": [
    [
      0.0,
      5.7,
      12.1,
      7.5,
      11.1,
      7.1,
      11.1,
      11.2,
      11.2,
      0.4,
      32.9,
      7.4,
      10.5,
      0.3,
      9.4,
      0.2,
      9.7,
      21.0,
      11.9,
      19.5
    ],
    [
      5.7,
      0.0,
      8.1,
      6.3,
      8.2,
      3.1,
      8.1,
      8.8,
      7.4,
      5.8,
      29.9,
      3.4,
      7.6,
      5.9,
      5.4,
      5.7,
      7.9,
      24.7,
      7.9,
      15.8
    ],
    [
      12.1,
      8.1,
      0.0,
      8.4,
      2.5,
      6.8,
      2.3,
      5.7,
      1.6,
      12.1,
      24.1,
      7.1,
      2.8,
      12.2,
      3.3,
      12.1,
      14.8,
      32.0,
      1.5,
      8.7
    ],
    [
      7.5,
      6.3,
      8.4,
      0.0,
      6.2,
      5.4,
      6.4,
      3.9,
      6.8,
      7.2,
      25.8,
      5.7,
      5.6,
      7.6,
      6.8,
      7.7,
      12.7,
      28.2,
      7.6,
      13.3
    ],
    [
      11.1,
      8.2,
      2.5,
      6.2,
      0.0,
      6.1,
      0.22,
      3.5,
      0.9,
      10.7,
      22.0,
      6.4,
      0.7,
      11.2,
      2.9,
      11.3,
      15.0,
      31.6,
      1.7,
      8.6
    ],
    [
      7.1,
      3.1,
      6.8,
      5.4,
      6.1,
      0.0,
      6.1,
      6.5,
      5.4,
      7.1,
      28.2,
      0.29,
      5.6,
      7.2,
      3.5,
      7.1,
      10.7,
      27.1,
      6.0,
      13.9
    ],
    [
      11.1,
      8.1,
      2.3,
      6.4,
      0.22,
      6.1,
      0.0,
      3.6,
      0.65,
      10.8,
      22.1,
      6.2,
      0.85,
      11.2,
      2.7,
      11.3,
      14.8,
      31.6,
      1.4,
      8.5
    ],
    [
      11.2,
      8.8,
      5.7,
      3.9,
      3.5,
      6.5,
      3.6,
      0.0,
      4.1,
      10.8,
      22.7,
      6.8,
      3.2,
      11.3,
      5.4,
      11.4,
      15.9,
      31.7,
      4.8,
      10.5
    ],
    [
      11.2,
      7.4,
      1.6,
      6.8,
      0.9,
      5.4,
      0.65,
      4.1,
      0.0,
      10.8,
      22.7,
      5.9,
      1.2,
      11.3,
      2.1,
      11.4,
      14.1,
      31.3,
      0.8,
      8.8
    ],
    [
      0.4,
      5.8,
      12.1,
      7.2,
      10.7,
      7.1,
      10.8,
      10.8,
      10.8,
      0.0,
      32.5,
      7.4,
      10.1,
      0.65,
      9.4,
      0.6,
      9.7,
      21.3,
      11.7,
      19.1
    ],
    [
      32.9,
      29.9,
      24.1,
      25.8,
      22.0,
      28.2,
      22.1,
      22.7,
      22.7,
      32.5,
      0.0,
      28.5,
      22.6,
      33.0,
      24.7,
      33.0,
      36.7,
      53.4,
      23.3,
      19.6
    ],
    [
      7.4,
      3.4,
      7.1,
      5.7,
      6.4,
      0.29,
      6.2,
      6.8,
      5.9,
      7.4,
      28.5,
      0.0,
      5.9,
      7.5,
      3.8,
      7.4,
      11.0,
      27.4,
      6.2,
      14.2
    ],
    [
      10.5,
      7.6,
      2.8,
      5.6,
      0.7,
      5.6,
      0.85,
      3.2,
      1.2,
      10.1,
      22.6,
      5.9,
      0.0,
      10.6,
      2.4,
      10.6,
      14.3,
      30.9,
      2.0,
      9.3
    ],
    [
      0.3,
      5.9,
      12.2,
      7.6,
      11.2,
      7.2,
      11.2,
      11.3,
      11.3,
      0.65,
      33.0,
      7.5,
      10.6,
      0.0,
      9.5,
      0.65,
      9.8,
      20.8,
      12.0,
      19.6
    ],
    [
      9.4,
      5.4,
      3.3,
      6.8,
      2.9,
      3.5,
      2.7,
      5.4,
      2.1,
      9.4,
      24.7,
      3.8,
      2.4,
      9.5,
      0.0,
      9.4,
      12.2,
      29.4,
      2.6,
      10.6
    ],
    [
      0.2,
      5.7,
      12.1,
      7.7,
      11.3,
      7.1,
      11.3,
      11.4,
      11.4,
      0.6,
      33.0,
      7.4,
      10.6,
      0.65,
      9.4,
      0.0,
      9.7,
      21.0,
      11.9,
      19.7
    ],
    [
      9.7,
      7.9,
      14.8,
      12.7,
      15.0,
      10.7,
      14.8,
      15.9,
      14.1,
      9.7,
      36.7,
      11.0,
      14.3,
      9.8,
      12.2,
      9.7,
      0.0,
      21.0,
      14.7,
      22.6
    ],
    [
      21.0,
      24.7,
      32.0,
      28.2,
      31.6,
      27.1,
      31.6,
      31.7,
      31.3,
      21.3,
      53.4,
      27.4,
      30.9,
      20.8,
      29.4,
      21.0,
      21.0,
      0.0,
      31.9,
      39.9
    ],
    [
      11.9,
      7.9,
      1.5,
      7.6,
      1.7,
      6.0,
      1.4,
      4.8,
      0.8,
      11.7,
      23.3,
      6.2,
      2.0,
      12.0,
      2.6,
      11.9,
      14.7,
      31.9,
      0.0,
      9.1
    ],
    [
      19.5,
      15.8,
      8.7,
      13.3,
      8.6,
      13.9,
      8.5,
      10.5,
      8.8,
      19.1,
      19.6,
      14.2,
      9.3,
      19.6,
      10.6,
      19.7,
      22.6,
      39.9,
      9.1,
      0.0
    ]
  ],
  "walk_time_matrix": [
    [
      0.0,
      70.0,
      150.0,
      95.0,
      140.0,
      52.0,
      35.0,
      140.0,
      36.0,
      6.0,
      410.0,
      91.0,
      132.0,
      6.0,
      118.0,
      2.0,
      122.0,
      259.0,
      148.0,
      244.0
    ],
    [
      70.0,
      0.0,
      61.0,
      82.0,
      104.0,
      37.0,
      101.0,
      112.0,
      46.0,
      75.0,
      373.0,
      41.0,
      95.0,
      76.0,
      68.0,
      74.0,
      101.0,
      307.0,
      98.0,
      199.0
    ],
    [
      150.0,
      61.0,
      0.0,
      59.0,
      34.0,
      86.0,
      31.0,
      57.0,
      23.0,
      157.0,
      301.0,
      89.0,
      26.0,
      159.0,
      43.0,
      157.0,
      186.0,
      399.0,
      18.0,
      88.0
    ],
    [
      95.0,
      82.0,
      59.0,
      0.0,
      44.0,
      67.0,
      80.0,
      48.0,
      43.0,
      43.0,
      318.0,
      26.0,
      70.0,
      37.0,
      38.0,
      39.0,
      160.0,
      350.0,
      98.0,
      165.0
    ],
    [
      140.0,
      104.0,
      34.0,
      44.0,
      0.0,
      79.0,
      3.0,
      29.0,
      11.0,
      136.0,
      272.0,
      83.0,
      9.0,
      143.0,
      26.0,
      53.0,
      86.0,
      392.0,
      23.0,
      107.0
    ],
    [
      52.0,
      37.0,
      86.0,
      67.0,
      79.0,
      0.0,
      78.0,
      41.0,
      70.0,
      52.0,
      351.0,
      3.0,
      71.0,
      93.0,
      44.0,
      91.0,
      134.0,
      337.0,
      75.0,
      176.0
    ],
    [
      35.0,
      101.0,
      31.0,
      80.0,
      3.0,
      78.0,
      0.0,
      46.0,
      8.0,
      137.0,
      274.0,
      36.0,
      11.0,
      144.0,
      24.0,
      144.0,
      69.0,
      392.0,
      20.0,
      105.0
    ],
    [
      140.0,
      112.0,
      57.0,
      48.0,
      29.0,
      41.0,
      46.0,
      0.0,
      52.0,
      136.0,
      282.0,
      88.0,
      40.0,
      143.0,
      67.0,
      144.0,
      200.0,
      392.0,
      64.0,
      105.0
    ],
    [
      36.0,
      46.0,
      23.0,
      43.0,
      11.0,
      70.0,
      8.0,
      52.0,
      0.0,
      50.0,
      281.0,
      73.0,
      16.0,
      144.0,
      26.0,
      145.0,
      176.0,
      390.0,
      12.0,
      108.0
    ],
    [
      6.0,
      75.0,
      157.0,
      43.0,
      136.0,
      52.0,
      137.0,
      136.0,
      50.0,
      0.0,
      405.0,
      91.0,
      127.0,
      12.0,
      119.0,
      8.0,
      40.0,
      264.0,
      144.0,
      239.0
    ],
    [
      410.0,
      373.0,
      301.0,
      318.0,
      272.0,
      351.0,
      274.0,
      282.0,
      281.0,
      405.0,
      0.0,
      352.0,
      280.0,
      412.0,
      304.0,
      413.0,
      455.0,
      661.0,
      287.0,
      237.0
    ],
    [
      91.0,
      41.0,
      89.0,
      26.0,
      83.0,
      3.0,
      36.0,
      88.0,
      73.0,
      91.0,
      352.0,
      0.0,
      39.0,
      97.0,
      48.0,
      95.0,
      138.0,
      340.0,
      79.0,
      179.0
    ],
    [
      132.0,
      95.0,
      26.0,
      70.0,
      9.0,
      71.0,
      11.0,
      40.0,
      16.0,
      127.0,
      280.0,
      39.0,
      0.0,
      44.0,
      30.0,
      40.0,
      177.0,
      383.0,
      28.0,
      115.0
    ],
    [
      6.0,
      76.0,
      159.0,
      37.0,
      143.0,
      93.0,
      144.0,
      143.0,
      144.0,
      12.0,
      412.0,
      97.0,
      44.0,
      0.0,
      120.0,
      8.0,
      123.0,
      256.0,
      150.0,
      246.0
    ],
    [
      118.0,
      68.0,
      43.0,
      38.0,
      26.0,
      44.0,
      24.0,
      67.0,
      26.0,
      119.0,
      304.0,
      48.0,
      30.0,
      120.0,
      0.0,
      123.0,
      153.0,
      366.0,
      33.0,
      93.0
    ],
    [
      2.0,
      74.0,
      157.0,
      39.0,
      53.0,
      91.0,
      144.0,
      144.0,
      145.0,
      8.0,
      413.0,
      95.0,
      40.0,
      8.0,
      123.0,
      0.0,
      122.0,
      260.0,
      48.0,
      246.0
    ],
    [
      122.0,
      101.0,
      186.0,
      160.0,
      86.0,
      134.0,
      69.0,
      200.0,
      176.0,
      40.0,
      455.0,
      138.0,
      177.0,
      123.0,
      153.0,
      122.0,
      0.0,
      260.0,
      183.0,
      790.0
    ],
    [
      259.0,
      307.0,
      399.0,
      350.0,
      392.0,
      337.0,
      392.0,
      392.0,
      390.0,
      264.0,
      661.0,
      340.0,
      383.0,
      256.0,
      366.0,
      260.0,
      260.0,
      0.0,
      390.0,
      491.0
    ],
    [
      148.0,
      98.0,
      18.0,
      98.0,
      23.0,
      75.0,
      20.0,
      64.0,
      12.0,
      144.0,
      287.0,
      79.0,
      28.0,
      150.0,
      33.0,
      48.0,
      183.0,
      390.0,
      0.0,
      113.0
    ],
    [
      244.0,
      199.0,
      88.0,
      165.0,
      107.0,
      176.0,
      105.0,
      105.0,
      108.0,
      239.0,
      237.0,
      179.0,
      115.0,
      246.0,
      93.0,
      246.0,
      790.0,
      491.0,
      113.0,
      0.0
    ]
  ],
  "cycle_dist_matrix": [
    [
      0.0,
      5.8,
      12.9,
      8.7,
      12.0,
      7.3,
      13.0,
      11.2,
      12.7,
      1.4,
      36.2,
      7.7,
      11.4,
      0.6,
      11.1,
      0.2,
      9.7,
      21.0,
      13.0,
      23.2
    ],
    [
      5.8,
      0.0,
      9.0,
      6.7,
      8.3,
      3.1,
      8.1,
      9.3,
      7.8,
      6.8,
      29.9,
      3.5,
      7.6,
      6.6,
      6.0,
      6.5,
      9.2,
      25.2,
      9.0,
      19.2
    ],
    [
      12.9,
      9.0,
      0.0,
      9.9,
      2.5,
      7.1,
      3.4,
      7.0,
      2.1,
      13.7,
      24.1,
      7.5,
      3.5,
      14.4,
      3.3,
      14.3,
      15.5,
      33.4,
      1.2,
      10.9
    ],
    [
      8.7,
      6.7,
      9.9,
      0.0,
      6.2,
      5.4,
      7.5,
      3.9,
      8.7,
      8.2,
      25.8,
      5.8,
      5.6,
      8.9,
      7.1,
      8.6,
      16.0,
      30.1,
      9.0,
      19.2
    ],
    [
      12.0,
      8.3,
      2.5,
      6.2,
      0.0,
      5.7,
      0.22,
      3.5,
      0.9,
      12.0,
      22.3,
      6.1,
      0.7,
      12.7,
      4.6,
      12.6,
      16.0,
      31.6,
      2.8,
      8.6
    ],
    [
      7.3,
      3.1,
      7.1,
      5.4,
      5.7,
      0.0,
      6.1,
      6.9,
      5.3,
      7.4,
      28.2,
      0.29,
      5.6,
      7.3,
      3.5,
      7.1,
      11.5,
      29.4,
      6.6,
      16.8
    ],
    [
      13.0,
      8.1,
      3.4,
      7.5,
      0.22,
      6.1,
      0.0,
      3.6,
      0.7,
      11.9,
      22.4,
      5.9,
      0.85,
      12.6,
      4.4,
      12.5,
      15.8,
      33.7,
      2.6,
      9.6
    ],
    [
      11.2,
      9.3,
      7.0,
      3.9,
      3.5,
      6.9,
      3.6,
      0.0,
      4.3,
      12.2,
      22.7,
      6.8,
      3.2,
      12.8,
      6.3,
      12.7,
      17.7,
      31.7,
      5.8,
      12.7
    ],
    [
      12.7,
      7.8,
      2.1,
      8.7,
      0.9,
      5.3,
      0.7,
      4.3,
      0.0,
      12.6,
      22.7,
      5.6,
      1.4,
      13.3,
      2.8,
      13.2,
      15.5,
      33.4,
      0.8,
      10.1
    ],
    [
      1.4,
      6.8,
      13.7,
      8.2,
      12.0,
      7.4,
      11.9,
      12.2,
      12.6,
      0.0,
      35.2,
      9.1,
      10.8,
      1.4,
      10.5,
      1.4,
      10.5,
      22.3,
      12.4,
      19.1
    ],
    [
      36.2,
      29.9,
      24.1,
      25.8,
      22.3,
      28.2,
      22.4,
      22.7,
      22.7,
      35.2,
      0.0,
      30.7,
      23.1,
      35.3,
      24.7,
      35.2,
      38.2,
      53.4,
      23.8,
      20.6
    ],
    [
      7.7,
      3.5,
      7.5,
      5.8,
      6.1,
      0.29,
      5.9,
      6.8,
      5.6,
      9.1,
      30.7,
      0.0,
      5.9,
      7.6,
      3.9,
      7.5,
      11.8,
      29.7,
      7.0,
      17.1
    ],
    [
      11.4,
      7.6,
      3.5,
      5.6,
      0.7,
      5.6,
      0.85,
      3.2,
      1.4,
      10.8,
      23.1,
      5.9,
      0.0,
      12.0,
      3.9,
      11.9,
      14.3,
      33.2,
      2.0,
      10.2
    ],
    [
      0.6,
      6.6,
      14.4,
      8.9,
      12.7,
      7.3,
      12.6,
      12.8,
      13.3,
      1.4,
      35.3,
      7.6,
      12.0,
      0.0,
      11.0,
      1.2,
      9.8,
      22.0,
      12.9,
      23.1
    ],
    [
      11.1,
      6.0,
      3.3,
      7.1,
      4.6,
      3.5,
      4.4,
      6.3,
      2.8,
      10.5,
      24.7,
      3.9,
      3.9,
      11.0,
      0.0,
      11.5,
      13.3,
      31.2,
      3.1,
      13.2
    ],
    [
      0.2,
      6.5,
      14.3,
      8.6,
      12.6,
      7.1,
      12.5,
      12.7,
      13.2,
      1.4,
      35.2,
      7.5,
      11.9,
      1.2,
      11.5,
      0.0,
      10.2,
      22.0,
      13.0,
      19.7
    ],
    [
      9.7,
      9.2,
      15.5,
      16.0,
      16.0,
      11.5,
      15.8,
      17.7,
      15.5,
      10.5,
      38.2,
      11.8,
      14.3,
      9.8,
      13.3,
      10.2,
      0.0,
      21.1,
      14.9,
      25.4
    ],
    [
      21.0,
      25.2,
      33.4,
      30.1,
      31.6,
      29.4,
      33.7,
      31.7,
      33.4,
      22.3,
      53.4,
      29.7,
      33.2,
      22.0,
      31.2,
      22.0,
      21.1,
      0.0,
      32.1,
      43.8
    ],
    [
      13.0,
      9.0,
      1.2,
      9.0,
      2.8,
      6.6,
      2.6,
      5.8,
      0.8,
      12.4,
      23.8,
      7.0,
      2.0,
      12.9,
      3.1,
      13.0,
      14.9,
      32.1,
      0.0,
      11.8
    ],
    [
      23.2,
      19.2,
      10.9,
      19.2,
      8.6,
      16.8,
      9.6,
      12.7,
      10.1,
      19.1,
      20.6,
      17.1,
      10.2,
      23.1,
      13.2,
      19.7,
      25.4,
      43.8,
      11.8,
      0.0
    ]
  ],
  "cycle_time_matrix": [
    [
      0.0,
      19.0,
      44.0,
      31.0,
      43.0,
      25.0,
      45.0,
      140.0,
      45.0,
      4.0,
      114.0,
      26.0,
      39.0,
      3.0,
      37.0,
      2.0,
      122.0,
      259.0,
      45.0,
      78.0
    ],
    [
      19.0,
      0.0,
      31.0,
      24.0,
      31.0,
      37.0,
      30.0,
      35.0,
      30.0,
      26.0,
      373.0,
      11.0,
      28.0,
      26.0,
      20.0,
      25.0,
      33.0,
      86.0,
      32.0,
      65.0
    ],
    [
      44.0,
      31.0,
      0.0,
      37.0,
      34.0,
      28.0,
      17.0,
      30.0,
      10.0,
      49.0,
      301.0,
      29.0,
      16.0,
      52.0,
      17.0,
      51.0,
      58.0,
      118.0,
      5.0,
      41.0
    ],
    [
      31.0,
      24.0,
      37.0,
      0.0,
      78.0,
      16.0,
      27.0,
      48.0,
      30.0,
      29.0,
      318.0,
      17.0,
      70.0,
      32.0,
      23.0,
      32.0,
      53.0,
      101.0,
      31.0,
      64.0
    ],
    [
      43.0,
      31.0,
      34.0,
      78.0,
      0.0,
      20.0,
      2.0,
      13.0,
      5.0,
      44.0,
      73.0,
      21.0,
      9.0,
      46.0,
      18.0,
      46.0,
      55.0,
      392.0,
      12.0,
      107.0
    ],
    [
      25.0,
      37.0,
      28.0,
      16.0,
      20.0,
      0.0,
      78.0,
      28.0,
      70.0,
      28.0,
      98.0,
      1.0,
      71.0,
      28.0,
      44.0,
      27.0,
      39.0,
      99.0,
      25.0,
      58.0
    ],
    [
      45.0,
      30.0,
      17.0,
      27.0,
      2.0,
      78.0,
      0.0,
      13.0,
      4.0,
      42.0,
      274.0,
      19.0,
      11.0,
      45.0,
      17.0,
      44.0,
      53.0,
      392.0,
      12.0,
      29.0
    ],
    [
      140.0,
      35.0,
      30.0,
      48.0,
      13.0,
      28.0,
      13.0,
      0.0,
      52.0,
      42.0,
      282.0,
      88.0,
      40.0,
      45.0,
      25.0,
      44.0,
      60.0,
      392.0,
      24.0,
      40.0
    ],
    [
      45.0,
      30.0,
      10.0,
      30.0,
      5.0,
      70.0,
      4.0,
      52.0,
      0.0,
      45.0,
      281.0,
      20.0,
      7.0,
      48.0,
      12.0,
      47.0,
      54.0,
      113.0,
      12.0,
      33.0
    ],
    [
      4.0,
      26.0,
      49.0,
      29.0,
      44.0,
      28.0,
      42.0,
      42.0,
      45.0,
      0.0,
      111.0,
      29.0,
      127.0,
      5.0,
      119.0,
      4.0,
      39.0,
      73.0,
      42.0,
      239.0
    ],
    [
      114.0,
      373.0,
      301.0,
      318.0,
      73.0,
      98.0,
      274.0,
      282.0,
      281.0,
      111.0,
      0.0,
      352.0,
      76.0,
      116.0,
      304.0,
      115.0,
      455.0,
      661.0,
      80.0,
      64.0
    ],
    [
      26.0,
      11.0,
      29.0,
      17.0,
      21.0,
      1.0,
      19.0,
      88.0,
      20.0,
      29.0,
      352.0,
      0.0,
      75.0,
      29.0,
      14.0,
      28.0,
      40.0,
      100.0,
      26.0,
      59.0
    ],
    [
      39.0,
      28.0,
      16.0,
      70.0,
      9.0,
      71.0,
      11.0,
      40.0,
      7.0,
      127.0,
      76.0,
      75.0,
      0.0,
      43.0,
      15.0,
      42.0,
      177.0,
      383.0,
      28.0,
      31.0
    ],
    [
      3.0,
      26.0,
      52.0,
      32.0,
      46.0,
      28.0,
      45.0,
      45.0,
      48.0,
      5.0,
      116.0,
      29.0,
      43.0,
      0.0,
      35.0,
      8.0,
      123.0,
      72.0,
      43.0,
      77.0
    ],
    [
      37.0,
      20.0,
      17.0,
      23.0,
      18.0,
      44.0,
      17.0,
      25.0,
      12.0,
      119.0,
      304.0,
      14.0,
      15.0,
      35.0,
      0.0,
      41.0,
      46.0,
      105.0,
      14.0,
      47.0
    ],
    [
      2.0,
      25.0,
      51.0,
      32.0,
      46.0,
      27.0,
      44.0,
      44.0,
      47.0,
      4.0,
      115.0,
      28.0,
      42.0,
      8.0,
      41.0,
      0.0,
      38.0,
      72.0,
      45.0,
      246.0
    ],
    [
      122.0,
      33.0,
      58.0,
      53.0,
      55.0,
      39.0,
      53.0,
      60.0,
