{
  "drive_dist_matrix": [
    [
      0.0,
      3.3,
      4.6,
      8.2,
      3.8,
      2.8,
      2.9,
      1.3,
      4.0,
      3.2,
      4.3,
      3.2,
      0.18,
      19.9,
      3.3,
      3.3,
      26.4,
      1.9,
      3.3,
      2.8,
      3.3,
      5.3,
      4.3,
      7.4,
      3.4,
      42.1,
      3.3,
      4.5,
      3.0,
      41.2,
      3.2,
      41.6,
      29.7,
      5.7,
      6.0,
      3.3,
      3.3,
      8.9,
      12.5,
      9.7,
      12.8,
      19.6,
      54.4,
      69.4,
      23.6,
      40.0,
      39.6,
      26.2,
      3.0
    ],
    [
      3.3,
      0.0,
      2.7,
      6.5,
      2.0,
      1.6,
      1.6,
      1.7,
      2.2,
      1.8,
      3.3,
      1.7,
      4.3,
      19.1,
      1.8,
      0.21,
      25.5,
      4.2,
      1.8,
      0.11,
      2.1,
      3.5,
      3.3,
      5.6,
      0.094,
      42.6,
      1.9,
      2.7,
      1.6,
      37.5,
      1.8,
      42.1,
      26.2,
      3.8,
      4.2,
      1.9,
      1.8,
      8.5,
      12.6,
      6.2,
      16.6,
      16.0,
      49.7,
      69.9,
      20.1,
      36.5,
      41.4,
      22.7,
      7.1
    ],
    [
      4.6,
      2.7,
      0.0,
      4.1,
      1.3,
      2.6,
      3.2,
      3.6,
      1.0,
      3.2,
      2.5,
      3.7,
      4.0,
      22.6,
      3.2,
      3.3,
      29.0,
      4.7,
      1.0,
      3.5,
      0.85,
      1.7,
      2.5,
      3.3,
      3.4,
      42.9,
      1.0,
      1.9,
      2.8,
      41.0,
      3.2,
      42.4,
      29.7,
      2.8,
      1.9,
      2.8,
      3.2,
      12.6,
      17.5,
      9.7,
      20.1,
      19.6,
      53.2,
      70.2,
      23.6,
      40.0,
      46.9,
      26.2,
      6.3
    ],
    [
      8.2,
      6.5,
      4.1,
      0.0,
      6.5,
      6.9,
      7.3,
      8.4,
      6.6,
      7.3,
      5.0,
      7.2,
      6.3,
      26.5,
      7.3,
      7.5,
      32.9,
      6.2,
      7.4,
      7.8,
      7.4,
      7.2,
      5.0,
      1.9,
      7.6,
      40.2,
      8.4,
      5.5,
      8.1,
      44.9,
      7.3,
      39.8,
      34.5,
      10.1,
      7.2,
      6.6,
      8.3,
      14.7,
      18.6,
      14.6,
      19.1,
      24.4,
      58.4,
      67.6,
      28.5,
      44.9,
      57.9,
      31.1,
      8.8
    ],
    [
      3.8,
      2.0,
      1.3,
      6.5,
      0.0,
      0.8,
      0.6,
      2.8,
      0.45,
      0.45,
      2.4,
      0.7,
      3.2,
      20.9,
      0.45,
      2.1,
      26.4,
      3.9,
      0.55,
      3.7,
      0.8,
      2.2,
      2.6,
      4.4,
      3.3,
      42.2,
      1.5,
      1.8,
      1.0,
      39.7,
      1.0,
      41.7,
      28.0,
      2.4,
      3.0,
      0.55,
      0.45,
      12.3,
      15.9,
      8.1,
      18.5,
      17.9,
      51.5,
      69.5,
      22.0,
      38.4,
      45.3,
      24.6,
      5.5
    ],
    [
      2.8,
      1.6,
      2.6,
      6.9,
      0.8,
      0.0,
      0.2,
      2.1,
      0.75,
      0.45,
      3.2,
      0.4,
      2.5,
      19.6,
      0.5,
      0.95,
      26.1,
      3.2,
      0.5,
      2.3,
      0.55,
      2.4,
      3.2,
      5.4,
      1.5,
      42.3,
      0.55,
      2.4,
      0.25,
      38.1,
      0.4,
      41.9,
      26.7,
      2.6,
      4.0,
      0.35,
      0.5,
      14.3,
      14.6,
      6.8,
      17.2,
      16.6,
      50.2,
      69.6,
      20.7,
      37.1,
      43.9,
      23.3,
      4.8
    ],
    [
      2.9,
      1.6,
      3.2,
      7.3,
      0.6,
      0.2,
      0.0,
      1.6,
      1.5,
      0.45,
      2.7,
      0.45,
      2.0,
      19.9,
      0.45,
      0.9,
      26.7,
      2.7,
      0.6,
      1.6,
      0.65,
      2.8,
      2.7,
      4.9,
      1.2,
      41.8,
      0.65,
      2.0,
      0.45,
      38.4,
      0.4,
      41.4,
      27.0,
      3.1,
      3.5,
      0.14,
      0.4,
      10.6,
      14.9,
      7.1,
      17.5,
      16.9,
      50.5,
      69.1,
      21.0,
      37.4,
      44.2,
      23.6,
      4.3
    ],
    [
      1.3,
      1.7,
      3.6,
      8.4,
      2.8,
      2.1,
      1.6,
      0.0,
      2.3,
      1.6,
      3.6,
      1.5,
      1.8,
      20.8,
      1.6,
      1.5,
      27.6,
      3.6,
      1.6,
      1.9,
      1.7,
      3.7,
      3.6,
      5.8,
      1.6,
      42.7,
      1.7,
      2.8,
      1.4,
      40.8,
      1.6,
      42.2,
      27.9,
      4.0,
      4.4,
      1.7,
      1.6,
      11.1,
      15.7,
      7.9,
      18.3,
      17.8,
      52.6,
      70.0,
      22.4,
      39.8,
      45.2,
      26.0,
      5.1
    ],
    [
      4.0,
      2.2,
      1.0,
      6.6,
      0.45,
      0.75,
      1.5,
      2.3,
      0.0,
      0.27,
      2.6,
      0.35,
      2.6,
      20.4,
      0.35,
      1.5,
      26.9,
      3.3,
      0.24,
      2.0,
      0.45,
      2.3,
      2.6,
      4.4,
      1.8,
      41.5,
      0.26,
      1.8,
      0.7,
      40.4,
      0.65,
      41.1,
      27.5,
      2.4,
      3.0,
      0.5,
      1.3,
      11.2,
      15.4,
      7.6,
      18.0,
      17.4,
      51.0,
      68.9,
      21.5,
      39.4,
      44.9,
      24.1,
      4.8
    ],
    [
      3.2,
      1.8,
      3.2,
      7.3,
      0.45,
      0.45,
      0.45,
      1.6,
      0.27,
      0.0,
      3.2,
      0.17,
      2.4,
      20.1,
      0.025,
      1.3,
      26.7,
      3.1,
      0.23,
      1.9,
      0.27,
      2.3,
      3.2,
      5.3,
      1.6,
      42.2,
      0.25,
      2.4,
      0.45,
      40.0,
      0.35,
      41.8,
      27.2,
      2.4,
      3.9,
      0.35,
      0.038,
      11.1,
      15.0,
      7.2,
      17.6,
      17.0,
      50.7,
      69.6,
      21.1,
      37.5,
      44.4,
      23.7,
      4.7
    ],
    [
      4.3,
      3.3,
      2.5,
      5.0,
      2.4,
      3.2,
      2.7,
      3.6,
      2.6,
      3.2,
      0.0,
      2.3,
      3.1,
      21.6,
      2.4,
      2.7,
      29.5,
      4.1,
      2.4,
      2.9,
      2.5,
      2.7,
      NaN,
      2.5,
      2.8,
      42.3,
      2.5,
      0.6,
      2.2,
      40.0,
      2.4,
      41.8,
      28.7,
      3.3,
      3.5,
      1.7,
      2.4,
      10.9,
      16.5,
      8.7,
      19.1,
      18.6,
      53.4,
      69.6,
      22.6,
      40.8,
      46.0,
      27.0,
      5.7
    ],
    [
      3.2,
      1.7,
      3.7,
      7.2,
      0.7,
      0.4,
      0.45,
      1.5,
      0.35,
      0.17,
      2.3,
      0.0,
      3.2,
      20.2,
      0.21,
      3.0,
      26.7,
      3.9,
      0.12,
      3.1,
      0.17,
      2.0,
      2.6,
      4.2,
      3.4,
      42.9,
      0.18,
      1.9,
      0.35,
      38.7,
      0.27,
      42.4,
      27.3,
      0.8,
      2.8,
      0.55,
      0.23,
      14.9,
      15.2,
      7.4,
      17.8,
      17.2,
      50.8,
      70.2,
      21.3,
      37.7,
      44.5,
      23.9,
      5.5
    ],
    [
      0.18,
      4.3,
      4.0,
      6.3,
      3.2,
      2.5,
      2.0,
      1.8,
      2.6,
      2.4,
      3.1,
      3.2,
      0.0,
      20.0,
      3.3,
      2.7,
      26.5,
      1.9,
      3.3,
      2.6,
      3.4,
      5.4,
      4.4,
      5.8,
      2.7,
      42.3,
      3.4,
      4.5,
      3.1,
      38.5,
      3.3,
      40.8,
      27.1,
      5.1,
      6.1,
      3.4,
      3.3,
      8.8,
      12.6,
      7.2,
      12.9,
      17.0,
      50.6,
      68.5,
      21.1,
      37.5,
      39.7,
      23.7,
      3.2
    ],
    [
      19.9,
      19.1,
      22.6,
      26.5,
      20.9,
      19.6,
      19.9,
      20.8,
      20.4,
      20.1,
      21.6,
      20.2,
      20.0,
      0.0,
      21.2,
      20.4,
      16.2,
      24.7,
      21.5,
      20.4,
      21.3,
      23.5,
      24.0,
      25.1,
      21.6,
      64.7,
      21.5,
      23.2,
      21.5,
      28.7,
      22.0,
      63.8,
      9.6,
      22.9,
      23.7,
      23.2,
      22.0,
      23.1,
      24.2,
      14.6,
      33.2,
      10.3,
      33.1,
      91.7,
      11.3,
      27.7,
      65.2,
      13.9,
      23.7
    ],
    [
      3.3,
      1.8,
      3.2,
      7.3,
      0.45,
      0.5,
      0.45,
      1.6,
      0.35,
      0.025,
      2.4,
      0.21,
      3.3,
      21.2,
      0.0,
      1.3,
      25.8,
      3.1,
      0.27,
      2.7,
      0.3,
      2.3,
      3.1,
      5.4,
      1.6,
      42.3,
      0.35,
      2.4,
      0.45,
      38.9,
      0.4,
      41.8,
      27.2,
      2.5,
      3.9,
      0.35,
      0.013,
      11.5,
      15.0,
      7.2,
      17.6,
      17.1,
      50.7,
      69.6,
      20.9,
      38.9,
      44.4,
      25.1,
      4.7
    ],
    [
      3.3,
      0.21,
      3.3,
      7.5,
      2.1,
      0.95,
      0.9,
      1.5,
      1.5,
      1.3,
      2.7,
      3.0,
      2.7,
      20.4,
      1.3,
      0.0,
      25.8,
      4.1,
      1.5,
      0.35,
      1.6,
      3.7,
      3.5,
      5.8,
      0.27,
      42.7,
      1.6,
      2.8,
      1.2,
      38.0,
      1.5,
      42.3,
      26.2,
      4.3,
      4.3,
      2.1,
      1.5,
      8.7,
      12.8,
      6.2,
      16.6,
      16.0,
      51.0,
      70.0,
      19.9,
      37.0,
      43.4,
      23.2,
      7.1
    ],
    [
      26.4,
      25.5,
      29.0,
      32.9,
      26.4,
      26.1,
      26.7,
      27.6,
      26.9,
      26.7,
      29.5,
      26.7,
      26.5,
      16.2,
      25.8,
      25.8,
      0.0,
      28.8,
      26.3,
      25.2,
      26.1,
      28.2,
      28.7,
      30.0,
      26.4,
      69.0,
      26.4,
      28.0,
      26.4,
      25.9,
      26.1,
      68.6,
      10.0,
      27.8,
      28.5,
      27.4,
      26.1,
      27.6,
      28.7,
      19.5,
      38.0,
      14.8,
      29.9,
      96.3,
      8.3,
      24.9,
      64.7,
      11.1,
      28.5
    ],
    [
      1.9,
      4.2,
      4.7,
      6.2,
      3.9,
      3.2,
      2.7,
      3.6,
      3.3,
      3.1,
      4.1,
      3.9,
      1.9,
      24.7,
      3.1,
      4.1,
      28.8,
      0.0,
      3.4,
      3.6,
      3.4,
      5.4,
      4.0,
      7.5,
      3.5,
      38.9,
      3.4,
      4.6,
      3.1,
      41.5,
      3.3,
      38.5,
      29.7,
      5.4,
      6.1,
      3.4,
      3.3,
      9.2,
      12.9,
      9.6,
      14.3,
      19.5,
      54.4,
      66.2,
      23.4,
      40.5,
      41.1,
      26.7,
      2.8
    ],
    [
      3.3,
      1.8,
      1.0,
      7.4,
      0.55,
      0.5,
      0.6,
      1.6,
      0.24,
      0.23,
      2.4,
      0.12,
      3.3,
      21.5,
      0.27,
      1.5,
      26.3,
      3.4,
      0.0,
      3.4,
      0.22,
      1.9,
      2.5,
      4.1,
      3.3,
      42.7,
      0.065,
      1.8,
      0.5,
      39.7,
      0.4,
      42.3,
      27.8,
      0.85,
      2.7,
      0.6,
      0.28,
      11.5,
      15.6,
      7.8,
      18.2,
      17.6,
      51.2,
      70.1,
      21.5,
      38.7,
      44.9,
      24.3,
      5.2
    ],
    [
      2.8,
      0.11,
      3.5,
      7.8,
      3.7,
      2.3,
      1.6,
      1.9,
      2.0,
      1.9,
      2.9,
      3.1,
      2.6,
      20.4,
      2.7,
      0.35,
      25.2,
      3.6,
      3.4,
      0.0,
      2.1,
      3.5,
      3.4,
      5.7,
      0.13,
      42.6,
      1.9,
      2.7,
      1.6,
      38.5,
      1.8,
      42.1,
      26.6,
      3.8,
      4.2,
      2.0,
      1.8,
      8.6,
      12.7,
      7.8,
      14.7,
      17.6,
      51.2,
      70.2,
      20.3,
      37.5,
      43.7,
      23.7,
      5.0
    ],
    [
      3.3,
      2.1,
      0.85,
      7.4,
      0.8,
      0.55,
      0.65,
      1.7,
      0.45,
      0.27,
      2.5,
      0.17,
      3.4,
      21.3,
      0.3,
      1.6,
      26.1,
      3.4,
      0.22,
      2.1,
      0.0,
      2.1,
      2.6,
      4.3,
      2.0,
      42.9,
      0.28,
      1.9,
      0.55,
      39.0,
      0.45,
      42.5,
      27.2,
      0.7,
      2.8,
      0.65,
      0.35,
      14.8,
      15.0,
      7.2,
      17.6,
      17.1,
      50.7,
      70.2,
      20.9,
      37.5,
      44.4,
      23.7,
      5.4
    ],
    [
      5.3,
      3.5,
      1.7,
      7.2,
      2.2,
      2.4,
      2.8,
      3.7,
      2.3,
      2.3,
      2.7,
      2.0,
      5.4,
      23.5,
      2.3,
      3.7,
      28.2,
      5.4,
      1.9,
      3.5,
      2.1,
      0.0,
      1.6,
      1.6,
      4.1,
      44.3,
      3.5,
      0.85,
      3.6,
      43.2,
      3.7,
      43.9,
      30.5,
      3.6,
      0.9,
      3.0,
      3.7,
      12.3,
      18.9,
      10.4,
      20.8,
      20.2,
      55.2,
      71.6,
      24.2,
      42.1,
      47.6,
      27.3,
      7.0
    ],
    [
      4.3,
      3.3,
      2.5,
      5.0,
      2.6,
      3.2,
      2.7,
      3.6,
      2.6,
      3.2,
      NaN,
      2.6,
      4.4,
      24.0,
      3.1,
      3.5,
      28.7,
      4.0,
      2.5,
      3.4,
      2.6,
      1.6,
      0.0,
      2.5,
      2.8,
      42.3,
      2.5,
      0.6,
      2.2,
      40.9,
      2.4,
      41.8,
      29.1,
      3.3,
      3.5,
      1.7,
      2.4,
      11.0,
      15.1,
      9.1,
      19.5,
      19.0,
      52.6,
      69.6,
      22.8,
      40.0,
      46.3,
      26.0,
      5.7
    ],
    [
      7.4,
      5.6,
      3.3,
      1.9,
      4.4,
      5.4,
      4.9,
      5.8,
      4.4,
      5.3,
      2.5,
      4.2,
      5.8,
      25.1,
      5.4,
      5.8,
      30.0,
      7.5,
      4.1,
      5.7,
      4.3,
      1.6,
      2.5,
      0.0,
      5.4,
      42.9,
      6.2,
      3.1,
      6.6,
      43.1,
      6.9,
      42.4,
      31.7,
      6.3,
      3.5,
      4.3,
      5.0,
      14.6,
      18.4,
      11.7,
      18.8,
      21.6,
      56.5,
      70.2,
      25.4,
      43.5,
      45.4,
      29.6,
      8.5
    ],
    [
      3.4,
      0.094,
      3.4,
      7.6,
      3.3,
      1.5,
      1.2,
      1.6,
      1.8,
      1.6,
      2.8,
      3.4,
      2.7,
      21.6,
      1.6,
      0.27,
      26.4,
      3.5,
      3.3,
      0.13,
      2.0,
      4.1,
      2.8,
      5.4,
      0.0,
      42.8,
      2.2,
      3.1,
      1.9,
      39.0,
      2.1,
      43.6,
      26.1,
      4.1,
      4.6,
      2.3,
      2.1,
      8.5,
      12.6,
      6.1,
      16.5,
      15.9,
      49.6,
      70.5,
      19.8,
      38.1,
      43.3,
      24.3,
      7.0
    ],
    [
      42.1,
      42.6,
      42.9,
      40.2,
      42.2,
      42.3,
      41.8,
      42.7,
      41.5,
      42.2,
      42.3,
      42.9,
      42.3,
      64.7,
      42.3,
      42.7,
      69.0,
      38.9,
      42.7,
      42.6,
      42.9,
      44.3,
      42.3,
      42.9,
      42.8,
      0.0,
      42.7,
      41.1,
      42.4,
      79.1,
      42.1,
      3.7,
      67.7,
      43.6,
      42.7,
      41.4,
      42.6,
      47.3,
      51.1,
      47.8,
      33.1,
      57.6,
      67.4,
      46.5,
      61.1,
      78.1,
      18.3,
      64.3,
      40.9
    ],
    [
      3.3,
      1.9,
      1.0,
      8.4,
      1.5,
      0.55,
      0.65,
      1.7,
      0.26,
      0.25,
      2.5,
      0.18,
      3.4,
      21.5,
      0.35,
      1.6,
      26.4,
      3.4,
      0.065,
      1.9,
      0.28,
      3.5,
      2.5,
      6.2,
      2.2,
      42.7,
      0.0,
      1.8,
      0.55,
      40.8,
      0.45,
      41.3,
      27.8,
      2.1,
      2.7,
      0.65,
      0.3,
      11.7,
      15.6,
      7.8,
      18.2,
      17.6,
      51.3,
      69.0,
      21.5,
      39.8,
      45.0,
      26.0,
      5.0
    ],
    [
      4.5,
      2.7,
      1.9,
      5.5,
      1.8,
      2.4,
      2.0,
      2.8,
      1.8,
      2.4,
      0.6,
      1.9,
      4.5,
      23.2,
      2.4,
      2.8,
      28.0,
      4.6,
      1.8,
      2.7,
      1.9,
      0.85,
      0.6,
      3.1,
      3.1,
      41.1,
      1.8,
      0.0,
      2.3,
      42.2,
      2.7,
      41.9,
      29.1,
      2.4,
      1.9,
      1.8,
      2.7,
      11.0,
      17.0,
      9.2,
      19.6,
      19.0,
      52.6,
      69.6,
      23.7,
      41.0,
      46.3,
      27.2,
      5.8
    ],
    [
      3.0,
      1.6,
      2.8,
      8.1,
      1.0,
      0.25,
      0.45,
      1.4,
      0.7,
      0.45,
      2.2,
      0.35,
      3.1,
      21.5,
      0.45,
      1.2,
      26.4,
      3.1,
      0.5,
      1.6,
      0.55,
      3.6,
      2.2,
      6.6,
      1.9,
      42.4,
      0.55,
      2.3,
      0.0,
      39.8,
      0.45,
      41.8,
      26.7,
      0.95,
      3.9,
      0.6,
      0.5,
      14.4,
      14.6,
      6.8,
      17.2,
      16.6,
      50.2,
      69.6,
      20.5,
      38.8,
      43.9,
      24.8,
      4.7
    ],
    [
      41.2,
      37.5,
      41.0,
      44.9,
      39.7,
      38.1,
      38.4,
      40.8,
      40.4,
      40.0,
      40.0,
      38.7,
      38.5,
      28.7,
      38.9,
      38.0,
      25.9,
      41.5,
      39.7,
      38.5,
      39.0,
      43.2,
      40.9,
      43.1,
      39.0,
      79.1,
      40.8,
      42.2,
      39.8,
      0.0,
      39.5,
      81.4,
      35.2,
      41.4,
      43.2,
      40.9,
      39.5,
      41.2,
      42.4,
      33.1,
      51.6,
      28.4,
      55.0,
      109.0,
      18.7,
      0.35,
      78.4,
      14.5,
      39.9
    ],
    [
      3.2,
      1.8,
      3.2,
      7.3,
      1.0,
      0.4,
      0.4,
      1.6,
      0.65,
      0.35,
      2.4,
      0.27,
      3.3,
      22.0,
      0.4,
      1.5,
      26.1,
      3.3,
      0.4,
      1.8,
      0.45,
      3.7,
      2.4,
      6.9,
      2.1,
      42.1,
      0.45,
      2.7,
      0.45,
      39.5,
      0.0,
      41.8,
      27.2,
      2.4,
      3.9,
      1.2,
      0.4,
      11.4,
      15.0,
      7.2,
      17.6,
      17.0,
      50.7,
      69.4,
      20.9,
      39.1,
      44.4,
      25.3,
      4.7
    ],
    [
      41.6,
      42.1,
      42.4,
      39.8,
      41.7,
      41.9,
      41.4,
      42.2,
      41.1,
      41.8,
      41.8,
      42.4,
      40.8,
      63.8,
      41.8,
      42.3,
      68.6,
      38.5,
      42.3,
      42.1,
      42.5,
      43.9,
      41.8,
      42.4,
      43.6,
      3.7,
      41.3,
      41.9,
      41.8,
      81.4,
      41.8,
      0.0,
      68.0,
      43.2,
      43.2,
      41.0,
      41.7,
      47.0,
      50.8,
      48.0,
      32.9,
      57.9,
      67.1,
      49.4,
      61.3,
      78.3,
      18.1,
      64.5,
      39.6
    ],
    [
      29.7,
      26.2,
      29.7,
      34.5,
      28.0,
      26.7,
      27.0,
      27.9,
      27.5,
      27.2,
      28.7,
      27.3,
      27.1,
      9.6,
      27.2,
      26.2,
      10.0,
      29.7,
      27.8,
      26.6,
      27.2,
      30.5,
      29.1,
      31.7,
      26.1,
      67.7,
      27.8,
      29.1,
      26.7,
      35.2,
      27.2,
      68.0,
      0.0,
      30.2,
      31.0,
      29.6,
      28.4,
      30.0,
      34.6,
      21.9,
      40.4,
      17.0,
      24.1,
      97.5,
      15.5,
      31.9,
      58.5,
      18.1,
      31.0
    ],
    [
      5.7,
      3.8,
      2.8,
      10.1,
      2.4,
      2.6,
      3.1,
      4.0,
      2.4,
      2.4,
      3.3,
      0.8,
      5.1,
      22.9,
      2.5,
      4.3,
      27.8,
      5.4,
      0.85,
      3.8,
      0.7,
      3.6,
      3.3,
      6.3,
      4.1,
      43.6,
      2.1,
      2.4,
      0.95,
      41.4,
      2.4,
      43.2,
      30.2,
      0.0,
      2.9,
      2.2,
      1.4,
      15.1,
      15.3,
      7.5,
      17.9,
      17.3,
      50.9,
      71.0,
      21.2,
      39.2,
      44.6,
      25.4,
      5.7
    ],
    [
      6.0,
      4.2,
      1.9,
      7.2,
      3.0,
      4.0,
      3.5,
      4.4,
      3.0,
      3.9,
      3.5,
      2.8,
      6.1,
      23.7,
      3.9,
      4.3,
      28.5,
      6.1,
      2.7,
      4.2,
      2.8,
      0.9,
      3.5,
      3.5,
      4.6,
      42.7,
      2.7,
      1.9,
      3.9,
      43.2,
      3.9,
      43.2,
      31.0,
      2.9,
      0.0,
      4.3,
      3.7,
      15.8,
      19.5,
      9.7,
      19.9,
      19.5,
      53.1,
      70.2,
      23.4,
      41.4,
      46.8,
      27.6,
      7.3
    ],
    [
      3.3,
      1.9,
      2.8,
      6.6,
      0.55,
      0.35,
      0.14,
      1.7,
      0.5,
      0.35,
      1.7,
      0.55,
      3.4,
      23.2,
      0.35,
      2.1,
      27.4,
      3.4,
      0.6,
      2.0,
      0.65,
      3.0,
      1.7,
      4.3,
      2.3,
      41.4,
      0.65,
      1.8,
      0.6,
      40.9,
      1.2,
      41.0,
      29.6,
      2.2,
      4.3,
      0.0,
      0.35,
      10.7,
      14.9,
      7.1,
      17.5,
      16.9,
      50.6,
      69.1,
      20.8,
      38.8,
      44.3,
      25.0,
      4.4
    ],
    [
      3.3,
      1.8,
      3.2,
      8.3,
      0.45,
      0.5,
      0.4,
      1.6,
      1.3,
      0.038,
      2.4,
      0.23,
      3.3,
      22.0,
      0.013,
      1.5,
      26.1,
      3.3,
      0.28,
      1.8,
      0.35,
      3.7,
      2.4,
      5.0,
      2.1,
      42.6,
      0.3,
      2.7,
      0.5,
      39.5,
      0.4,
      41.7,
      28.4,
      1.4,
      3.7,
      0.35,
      0.0,
      11.1,
      15.0,
      7.2,
      17.6,
      17.1,
      50.7,
      69.6,
      21.0,
      39.0,
      44.4,
      25.2,
      4.7
    ],
    [
      8.9,
      8.5,
      12.6,
      14.7,
      12.3,
      14.3,
      10.6,
      11.1,
      11.2,
      11.1,
      10.9,
      14.9,
      8.8,
      23.1,
      11.5,
      8.7,
      27.6,
      9.2,
      11.5,
      8.6,
      14.8,
      12.3,
      11.0,
      14.6,
      8.5,
      47.3,
      11.7,
      11.0,
      14.4,
      41.2,
      11.4,
      47.0,
      30.0,
      15.1,
      15.8,
      10.7,
      11.1,
      0.0,
      6.6,
      8.3,
      15.5,
      18.8,
      51.0,
      73.7,
      22.6,
      40.6,
      45.5,
      26.8,
      6.9
    ],
    [
      12.5,
      12.6,
      17.5,
      18.6,
      15.9,
      14.6,
      14.9,
      15.7,
      15.4,
      15.0,
      16.5,
      15.2,
      12.6,
      24.2,
      15.0,
      12.8,
      28.7,
      12.9,
      15.6,
      12.7,
      15.0,
      18.9,
      15.1,
      18.4,
      12.6,
      51.1,
      15.6,
      17.0,
      14.6,
      42.4,
      15.0,
      50.8,
      34.6,
      15.3,
      19.5,
      14.9,
      15.0,
      6.6,
      0.0,
      9.3,
      19.3,
      19.8,
      40.9,
      77.3,
      23.7,
      41.6,
      42.0,
      27.8,
      10.5
    ],
    [
      9.7,
      6.2,
      9.7,
      14.6,
      8.1,
      6.8,
      7.1,
      7.9,
      7.6,
      7.2,
      8.7,
      7.4,
      7.2,
      14.6,
      7.2,
      6.2,
      19.5,
      9.6,
      7.8,
      7.8,
      7.2,
      10.4,
      9.1,
      11.7,
      6.1,
      47.8,
      7.8,
      9.2,
      6.8,
      33.1,
      7.2,
      48.0,
      21.9,
      7.5,
      9.7,
      7.1,
      7.2,
      8.3,
      9.3,
      0.0,
      20.5,
      10.2,
      43.9,
      79.7,
      14.9,
      32.2,
      48.0,
      18.4,
      11.0
    ],
    [
      12.8,
      16.6,
      20.1,
      19.1,
      18.5,
      17.2,
      17.5,
      18.3,
      18.0,
      17.6,
      19.1,
      17.8,
      12.9,
      33.2,
      17.6,
      16.6,
      38.0,
      14.3,
      18.2,
      14.7,
      17.6,
      20.8,
      19.5,
      18.8,
      16.5,
      33.1,
      18.2,
      19.6,
      17.2,
      51.6,
      17.6,
      32.9,
      40.4,
      17.9,
      19.9,
      17.5,
      17.6,
      15.5,
      19.3,
      20.5,
      0.0,
      27.9,
      61.5,
      68.3,
      31.7,
      49.7,
      33.1,
      35.9,
      11.1
    ],
    [
      19.6,
      16.0,
      19.6,
      24.4,
      17.9,
      16.6,
      16.9,
      17.8,
      17.4,
      17.0,
      18.6,
      17.2,
      17.0,
      10.3,
      17.1,
      16.0,
      14.8,
      19.5,
      17.6,
      17.6,
      17.1,
      20.2,
      19.0,
      21.6,
      15.9,
      57.6,
      17.6,
      19.0,
      16.6,
      28.4,
      17.0,
      57.9,
      17.0,
      17.3,
      19.5,
      16.9,
      17.1,
      18.8,
      19.8,
      10.2,
      27.9,
      0.0,
      40.2,
      87.8,
      11.4,
      28.7,
      49.4,
      13.9,
      18.7
    ],
    [
      54.4,
      49.7,
      53.2,
      58.4,
      51.5,
      50.2,
      50.5,
      52.6,
      51.0,
      50.7,
      53.4,
      50.8,
      50.6,
      33.1,
      50.7,
      51.0,
      29.9,
      54.4,
      51.2,
      51.2,
      50.7,
      55.2,
      52.6,
      56.5,
      49.6,
      67.4,
      51.3,
      52.6,
      50.2,
      55.0,
      50.7,
      67.1,
      24.1,
      50.9,
      53.1,
      50.6,
      50.7,
      51.0,
      40.9,
      43.9,
      61.5,
      40.2,
      0.0,
      120.0,
      40.2,
      55.5,
      54.6,
      41.7,
      54.8
    ],
    [
      69.4,
      69.9,
      70.2,
      67.6,
      69.5,
      69.6,
      69.1,
      70.0,
      68.9,
      69.6,
      69.6,
      70.2,
      68.5,
      91.7,
      69.6,
      70.0,
      96.3,
      66.2,
      70.1,
      70.2,
      70.2,
      71.6,
      69.6,
      70.2,
      70.5,
      46.5,
      69.0,
      69.6,
      69.6,
      109.0,
      69.4,
      49.4,
      97.5,
      71.0,
      70.2,
      69.1,
      69.6,
      73.7,
      77.3,
      79.7,
      68.3,
      87.8,
      120.0,
      0.0,
      90.0,
      106.0,
      58.2,
      92.6,
      67.5
    ],
    [
      23.6,
      20.1,
      23.6,
      28.5,
      22.0,
      20.7,
      21.0,
      22.4,
      21.5,
      21.1,
      22.6,
      21.3,
      21.1,
      11.3,
      20.9,
      19.9,
      8.3,
      23.4,
      21.5,
      20.3,
      20.9,
      24.2,
      22.8,
      25.4,
      19.8,
      61.1,
      21.5,
      23.7,
      20.5,
      18.7,
      20.9,
      61.3,
      15.5,
      21.2,
      23.4,
      20.8,
      21.0,
      22.6,
      23.7,
      14.9,
      31.7,
      11.4,
      40.2,
      90.0,
      0.0,
      17.9,
      59.8,
      3.2,
      23.6
    ],
    [
      40.0,
      36.5,
      40.0,
      44.9,
      38.4,
      37.1,
      37.4,
      39.8,
      39.4,
      37.5,
      40.8,
      37.7,
      37.5,
      27.7,
      38.9,
      37.0,
      24.9,
      40.5,
      38.7,
      37.5,
      37.5,
      42.1,
      40.0,
      43.5,
      38.1,
      78.1,
      39.8,
      41.0,
      38.8,
      0.35,
      39.1,
      78.3,
      31.9,
      39.2,
      41.4,
      38.8,
      39.0,
      40.6,
      41.6,
      32.2,
      49.7,
      28.7,
      55.5,
      106.0,
      17.9,
      0.0,
      76.4,
      13.8,
      37.9
    ],
    [
      39.6,
      41.4,
      46.9,
      57.9,
      45.3,
      43.9,
      44.2,
      45.2,
      44.9,
      44.4,
      46.0,
      44.5,
      39.7,
      65.2,
      44.4,
      43.4,
      64.7,
      41.1,
      44.9,
      43.7,
      44.4,
      47.6,
      46.3,
      45.4,
      43.3,
      18.3,
      45.0,
      46.3,
      43.9,
      78.4,
      44.4,
      18.1,
      58.5,
      44.6,
      46.8,
      44.3,
      44.4,
      45.5,
      42.0,
      48.0,
      33.1,
      49.4,
      54.6,
      58.2,
      59.8,
      76.4,
      0.0,
      62.1,
      38.6
    ],
    [
      26.2,
      22.7,
      26.2,
      31.1,
      24.6,
      23.3,
      23.6,
      26.0,
      24.1,
      23.7,
      27.0,
      23.9,
      23.7,
      13.9,
      25.1,
      23.2,
      11.1,
      26.7,
      24.3,
      23.7,
      23.7,
      27.3,
      26.0,
      29.6,
      24.3,
      64.3,
      26.0,
      27.2,
      24.8,
      14.5,
      25.3,
      64.5,
      18.1,
      25.4,
      27.6,
      25.0,
      25.2,
      26.8,
      27.8,
      18.4,
      35.9,
      13.9,
      41.7,
      92.6,
      3.2,
      13.8,
      62.1,
      0.0,
      26.6
    ],
    [
      3.0,
      7.1,
      6.3,
      8.8,
      5.5,
      4.8,
      4.3,
      5.1,
      4.8,
      4.7,
      5.7,
      5.5,
      3.2,
      23.7,
      4.7,
      7.1,
      28.5,
      2.8,
      5.2,
      5.0,
      5.4,
      7.0,
      5.7,
      8.5,
      7.0,
      40.9,
      5.0,
      5.8,
      4.7,
      39.9,
      4.7,
      39.6,
      31.0,
      5.7,
      7.3,
      4.4,
      4.7,
      6.9,
      10.5,
      11.0,
      11.1,
      18.7,
      54.8,
      67.5,
      23.6,
      37.9,
      38.6,
      26.6,
      0.0
    ]
  ],
  "drive_time_matrix": [
    [
      0.0,
      12.0,
      12.0,
      18.0,
      11.0,
      8.0,
      9.0,
      7.0,
      12.0,
      10.0,
      15.0,
      10.0,
      3.0,
      39.0,
      10.0,
      13.0,
      46.0,
      5.0,
      11.0,
      13.0,
      11.0,
      15.0,
      16.0,
      16.0,
      12.0,
      58.0,
      10.0,
      13.0,
      9.0,
      59.0,
      10.0,
      55.0,
      47.0,
      17.0,
      15.0,
      10.0,
      10.0,
      17.0,
      25.0,
      20.0,
      20.0,
      31.0,
      82.0,
      90.0,
      37.0,
      54.0,
      57.0,
      41.0,
      10.0
    ],
    [
      12.0,
      0.0,
      7.0,
      11.0,
      6.0,
      6.0,
      7.0,
      8.0,
      7.0,
      7.0,
      10.0,
      7.0,
      11.0,
      32.0,
      7.0,
      3.0,
      38.0,
      13.0,
      7.0,
      2.0,
      6.0,
      10.0,
      10.0,
      10.0,
      1.0,
      55.0,
      7.0,
      8.0,
      6.0,
      55.0,
      7.0,
      52.0,
      42.0,
      12.0,
      10.0,
      6.0,
      7.0,
      20.0,
      27.0,
      14.0,
      23.0,
      25.0,
      75.0,
      87.0,
      32.0,
      47.0,
      67.0,
      35.0,
      13.0
    ],
    [
      12.0,
      7.0,
      0.0,
      6.0,
      19.0,
      6.0,
      8.0,
      11.0,
      16.0,
      9.0,
      8.0,
      9.0,
      13.0,
      36.0,
      9.0,
      9.0,
      45.0,
      11.0,
      14.0,
      11.0,
      13.0,
      5.0,
      9.0,
      5.0,
      9.0,
      49.0,
      14.0,
      6.0,
      7.0,
      58.0,
      9.0,
      47.0,
      44.0,
      8.0,
      5.0,
      7.0,
      9.0,
      28.0,
      33.0,
      18.0,
      29.0,
      29.0,
      77.0,
      83.0,
      39.0,
      55.0,
      72.0,
      42.0,
      14.0
    ],
    [
      18.0,
      11.0,
      6.0,
      0.0,
      16.0,
      15.0,
      17.0,
      21.0,
      17.0,
      17.0,
      11.0,
      17.0,
      16.0,
      43.0,
      17.0,
      19.0,
      54.0,
      16.0,
      17.0,
      20.0,
      18.0,
      16.0,
      11.0,
      24.0,
      19.0,
      50.0,
      18.0,
      14.0,
      17.0,
      67.0,
      17.0,
      47.0,
      54.0,
      22.0,
      13.0,
      15.0,
      18.0,
      31.0,
      38.0,
      26.0,
      35.0,
      38.0,
      85.0,
      85.0,
      48.0,
      64.0,
      76.0,
      50.0,
      23.0
    ],
    [
      11.0,
      6.0,
      19.0,
      16.0,
      0.0,
      11.0,
      8.0,
      13.0,
      6.0,
      8.0,
      11.0,
      8.0,
      14.0,
      35.0,
      8.0,
      11.0,
      45.0,
      12.0,
      7.0,
      11.0,
      10.0,
      8.0,
      11.0,
      10.0,
      12.0,
      54.0,
      7.0,
      8.0,
      13.0,
      60.0,
      12.0,
      49.0,
      43.0,
      8.0,
      9.0,
      7.0,
      7.0,
      28.0,
      33.0,
      19.0,
      31.0,
      30.0,
      77.0,
      87.0,
      40.0,
      58.0,
      73.0,
      43.0,
      16.0
    ],
    [
      8.0,
      6.0,
      6.0,
      15.0,
      11.0,
      0.0,
      3.0,
      9.0,
      11.0,
      7.0,
      10.0,
      5.0,
      10.0,
      27.0,
      7.0,
      14.0,
      39.0,
      9.0,
      7.0,
      5.0,
      8.0,
      8.0,
      10.0,
      9.0,
      8.0,
      54.0,
      8.0,
      8.0,
      3.0,
      54.0,
      5.0,
      49.0,
      36.0,
      9.0,
      8.0,
      5.0,
      7.0,
      24.0,
      26.0,
      11.0,
      25.0,
      22.0,
      69.0,
      87.0,
      34.0,
      49.0,
      69.0,
      37.0,
      13.0
    ],
    [
      9.0,
      7.0,
      8.0,
      17.0,
      8.0,
      3.0,
      0.0,
      7.0,
      4.0,
      6.0,
      8.0,
      6.0,
      8.0,
      29.0,
      6.0,
      6.0,
      41.0,
      7.0,
      8.0,
      10.0,
      8.0,
      8.0,
      8.0,
      8.0,
      7.0,
      53.0,
      9.0,
      7.0,
      5.0,
      56.0,
      5.0,
      49.0,
      37.0,
      9.0,
      7.0,
      2.0,
      6.0,
      25.0,
      27.0,
      13.0,
      27.0,
      24.0,
      70.0,
      85.0,
      36.0,
      54.0,
      70.0,
      40.0,
      11.0
    ],
    [
      7.0,
      8.0,
      11.0,
      21.0,
      13.0,
      9.0,
      7.0,
      0.0,
      7.0,
      5.0,
      11.0,
      5.0,
      6.0,
      31.0,
      5.0,
      7.0,
      44.0,
      11.0,
      5.0,
      8.0,
      5.0,
      11.0,
      12.0,
      11.0,
      7.0,
      57.0,
      6.0,
      10.0,
      4.0,
      60.0,
      5.0,
      53.0,
      39.0,
      12.0,
      11.0,
      6.0,
      5.0,
      23.0,
      30.0,
      15.0,
      30.0,
      26.0,
      72.0,
      89.0,
      38.0,
      56.0,
      70.0,
      41.0,
      14.0
    ],
    [
      12.0,
      7.0,
      16.0,
      17.0,
      6.0,
      11.0,
      4.0,
      7.0,
      0.0,
      4.0,
      10.0,
      4.0,
      11.0,
      31.0,
      4.0,
      7.0,
      45.0,
      10.0,
      3.0,
      9.0,
      6.0,
      9.0,
      10.0,
      10.0,
      8.0,
      52.0,
      4.0,
      8.0,
      9.0,
      60.0,
      8.0,
      48.0,
      40.0,
      9.0,
      9.0,
      8.0,
      5.0,
      27.0,
      30.0,
      15.0,
      31.0,
      26.0,
      72.0,
      87.0,
      39.0,
      54.0,
      69.0,
      42.0,
      14.0
    ],
    [
      10.0,
      7.0,
      9.0,
      17.0,
      8.0,
      7.0,
      6.0,
      5.0,
      4.0,
      0.0,
      10.0,
      2.0,
      9.0,
      30.0,
      1.0,
      7.0,
      43.0,
      9.0,
      3.0,
      9.0,
      4.0,
      10.0,
      10.0,
      11.0,
      8.0,
      58.0,
      4.0,
      8.0,
      5.0,
      59.0,
      4.0,
      56.0,
      39.0,
      8.0,
      9.0,
      5.0,
      1.0,
      26.0,
      30.0,
      15.0,
      33.0,
      26.0,
      71.0,
      92.0,
      38.0,
      56.0,
      70.0,
      41.0,
      12.0
    ],
    [
      15.0,
      10.0,
      8.0,
      11.0,
      11.0,
      10.0,
      8.0,
      11.0,
      10.0,
      10.0,
      0.0,
      8.0,
      14.0,
      36.0,
      8.0,
      11.0,
      49.0,
      17.0,
      9.0,
      15.0,
      9.0,
      11.0,
      NaN,
      9.0,
      11.0,
      57.0,
      9.0,
      10.0,
      7.0,
      67.0,
      8.0,
      54.0,
      45.0,
      11.0,
      11.0,
      6.0,
      8.0,
      32.0,
      34.0,
      19.0,
      36.0,
      31.0,
      77.0,
      89.0,
      44.0,
      61.0,
      73.0,
      47.0,
      18.0
    ],
    [
      10.0,
      7.0,
      9.0,
      17.0,
      8.0,
      5.0,
      6.0,
      5.0,
      4.0,
      2.0,
      8.0,
      0.0,
      12.0,
      34.0,
      3.0,
      9.0,
      49.0,
      12.0,
      2.0,
      11.0,
      2.0,
      8.0,
      10.0,
      8.0,
      11.0,
      59.0,
      3.0,
      7.0,
      4.0,
      63.0,
      3.0,
      56.0,
      41.0,
      10.0,
      7.0,
      8.0,
      3.0,
      25.0,
      30.0,
      16.0,
      32.0,
      28.0,
      74.0,
      91.0,
      40.0,
      59.0,
      66.0,
      44.0,
      15.0
    ],
    [
      3.0,
      11.0,
      13.0,
      16.0,
      14.0,
      10.0,
      8.0,
      6.0,
      11.0,
      9.0,
      14.0,
      12.0,
      0.0,
      35.0,
      9.0,
      10.0,
      49.0,
      6.0,
      9.0,
      11.0,
      10.0,
      15.0,
      14.0,
      16.0,
      10.0,
      59.0,
      10.0,
      13.0,
      8.0,
      63.0,
      9.0,
      56.0,
      42.0,
      16.0,
      14.0,
      9.0,
      9.0,
      20.0,
      28.0,
      17.0,
      27.0,
      29.0,
      74.0,
      92.0,
      40.0,
      60.0,
      61.0,
      45.0,
      11.0
    ],
    [
      39.0,
      32.0,
      36.0,
      43.0,
      35.0,
      27.0,
      29.0,
      31.0,
      31.0,
      30.0,
      36.0,
      34.0,
      35.0,
      0.0,
      47.0,
      45.0,
      28.0,
      56.0,
      45.0,
      45.0,
      45.0,
      54.0,
      57.0,
      54.0,
      48.0,
      103.0,
      45.0,
      53.0,
      45.0,
      42.0,
      47.0,
      101.0,
      16.0,
      53.0,
      54.0,
      53.0,
      47.0,
      52.0,
      55.0,
      34.0,
      66.0,
      20.0,
      44.0,
      136.0,
      23.0,
      39.0,
      95.0,
      27.0,
      54.0
    ],
    [
      10.0,
      7.0,
      9.0,
      17.0,
      8.0,
      7.0,
      6.0,
      5.0,
      4.0,
      1.0,
      8.0,
      3.0,
      9.0,
      47.0,
      0.0,
      9.0,
      46.0,
      9.0,
      4.0,
      8.0,
      4.0,
      9.0,
      10.0,
      10.0,
      9.0,
      58.0,
      4.0,
      7.0,
      6.0,
      61.0,
      5.0,
      56.0,
      40.0,
      9.0,
      9.0,
      5.0,
      1.0,
      25.0,
      30.0,
      15.0,
      30.0,
      26.0,
      72.0,
      91.0,
      39.0,
      55.0,
      68.0,
      41.0,
      11.0
    ],
    [
      13.0,
      3.0,
      9.0,
      19.0,
      11.0,
      14.0,
      6.0,
      7.0,
      7.0,
      7.0,
      11.0,
      9.0,
      10.0,
      45.0,
      9.0,
      0.0,
      43.0,
      13.0,
      7.0,
      6.0,
      7.0,
      12.0,
      12.0,
      12.0,
      5.0,
      58.0,
      7.0,
      8.0,
      16.0,
      59.0,
      7.0,
      56.0,
      39.0,
      12.0,
      11.0,
      6.0,
      6.0,
      20.0,
      27.0,
      14.0,
      28.0,
      26.0,
      72.0,
      93.0,
      38.0,
      55.0,
      66.0,
      42.0,
      15.0
    ],
    [
      46.0,
      38.0,
      45.0,
      54.0,
      45.0,
      39.0,
      41.0,
      44.0,
      45.0,
      43.0,
      49.0,
      49.0,
      49.0,
      28.0,
      46.0,
      43.0,
      0.0,
      57.0,
      47.0,
      46.0,
      47.0,
      56.0,
      58.0,
      57.0,
      53.0,
      108.0,
      48.0,
      55.0,
      48.0,
      33.0,
      49.0,
      105.0,
      18.0,
      55.0,
      56.0,
      55.0,
      48.0,
      53.0,
      56.0,
      37.0,
      66.0,
      23.0,
      43.0,
      141.0,
      11.0,
      28.0,
      104.0,
      15.0,
      55.0
    ],
    [
      5.0,
      13.0,
      11.0,
      16.0,
      12.0,
      9.0,
      7.0,
      11.0,
      10.0,
      9.0,
      17.0,
      12.0,
      6.0,
      56.0,
      9.0,
      13.0,
      57.0,
      0.0,
      8.0,
      11.0,
      8.0,
      13.0,
      15.0,
      14.0,
      9.0,
      55.0,
      8.0,
      11.0,
      7.0,
      63.0,
      8.0,
      53.0,
      45.0,
      14.0,
      13.0,
      9.0,
      8.0,
      20.0,
      27.0,
      20.0,
      26.0,
      31.0,
      78.0,
      88.0,
      44.0,
      60.0,
      63.0,
      47.0,
      7.0
    ],
    [
      11.0,
      7.0,
      14.0,
      17.0,
      7.0,
      7.0,
      8.0,
      5.0,
      3.0,
      3.0,
      9.0,
      2.0,
      9.0,
      45.0,
      4.0,
      7.0,
      47.0,
      8.0,
      0.0,
      12.0,
      3.0,
      5.0,
      9.0,
      8.0,
      10.0,
      58.0,
      1.0,
      5.0,
      6.0,
      63.0,
      5.0,
      55.0,
      43.0,
      11.0,
      7.0,
      8.0,
      4.0,
      29.0,
      33.0,
      18.0,
      32.0,
      29.0,
      76.0,
      91.0,
      40.0,
      58.0,
      70.0,
      47.0,
      15.0
    ],
    [
      13.0,
      2.0,
      11.0,
      20.0,
      11.0,
      5.0,
      10.0,
      8.0,
      9.0,
      9.0,
      15.0,
      11.0,
      11.0,
      45.0,
      8.0,
      6.0,
      46.0,
      11.0,
      12.0,
      0.0,
      6.0,
      10.0,
      11.0,
      11.0,
      2.0,
      60.0,
      7.0,
      8.0,
      6.0,
      62.0,
      7.0,
      57.0,
      41.0,
      12.0,
      11.0,
      6.0,
