{
  "drive_dist_matrix": [
    [
      0.0,
      8.4,
      8.3,
      8.0,
      0.35,
      0.058,
      81.0,
      0.25,
      10.4,
      12.6,
      11.9,
      10.4,
      8.8,
      36.3,
      0.28,
      8.3,
      0.26,
      2.9,
      8.7
    ],
    [
      8.4,
      0.0,
      1.0,
      3.7,
      8.5,
      8.6,
      81.4,
      8.9,
      2.4,
      4.3,
      3.7,
      1.4,
      0.75,
      30.0,
      8.5,
      0.65,
      9.0,
      6.2,
      0.5
    ],
    [
      8.3,
      1.0,
      0.0,
      4.4,
      7.9,
      8.0,
      81.8,
      8.3,
      2.3,
      5.1,
      4.5,
      3.0,
      1.2,
      28.9,
      7.8,
      0.5,
      8.3,
      5.6,
      1.1
    ],
    [
      8.0,
      3.7,
      4.4,
      0.0,
      7.5,
      7.6,
      77.0,
      7.9,
      4.3,
      6.3,
      5.7,
      4.1,
      4.5,
      32.5,
      7.5,
      4.3,
      7.9,
      6.8,
      4.1
    ],
    [
      0.35,
      8.5,
      7.9,
      7.5,
      0.0,
      0.65,
      81.4,
      0.22,
      10.5,
      12.7,
      12.1,
      10.5,
      8.9,
      36.5,
      0.072,
      8.4,
      0.55,
      3.1,
      8.8
    ],
    [
      0.058,
      8.6,
      8.0,
      7.6,
      0.65,
      0.0,
      80.7,
      0.3,
      9.8,
      12.0,
      11.4,
      9.8,
      8.2,
      35.8,
      0.22,
      7.7,
      0.3,
      2.4,
      8.1
    ],
    [
      81.0,
      81.4,
      81.8,
      77.0,
      81.4,
      80.7,
      0.0,
      80.0,
      82.1,
      84.0,
      83.4,
      81.9,
      82.6,
      110.0,
      79.6,
      82.1,
      80.0,
      79.3,
      81.8
    ],
    [
      0.25,
      8.9,
      8.3,
      7.9,
      0.22,
      0.3,
      80.0,
      0.0,
      10.1,
      12.3,
      11.7,
      10.2,
      8.5,
      36.1,
      0.55,
      8.0,
      0.19,
      2.7,
      8.4
    ],
    [
      10.4,
      2.4,
      2.3,
      4.3,
      10.5,
      9.8,
      82.1,
      10.1,
      0.0,
      4.5,
      3.9,
      0.45,
      1.0,
      29.9,
      8.5,
      1.7,
      8.9,
      6.2,
      0.65
    ],
    [
      12.6,
      4.3,
      5.1,
      6.3,
      12.7,
      12.0,
      84.0,
      12.3,
      4.5,
      0.0,
      0.75,
      3.7,
      5.1,
      33.2,
      11.7,
      5.0,
      12.2,
      9.5,
      4.8
    ],
    [
      11.9,
      3.7,
      4.5,
      5.7,
      12.1,
      11.4,
      83.4,
      11.7,
      3.9,
      0.75,
      0.0,
      3.0,
      4.5,
      32.6,
      11.1,
      4.3,
      11.6,
      8.8,
      4.1
    ],
    [
      10.4,
      1.4,
      3.0,
      4.1,
      10.5,
      9.8,
      81.9,
      10.2,
      0.45,
      3.7,
      3.0,
      0.0,
      1.2,
      30.9,
      9.5,
      2.0,
      9.9,
      7.2,
      1.1
    ],
    [
      8.8,
      0.75,
      1.2,
      4.5,
      8.9,
      8.2,
      82.6,
      8.5,
      1.0,
      5.1,
      4.5,
      1.2,
      0.0,
      29.3,
      8.2,
      0.75,
      8.7,
      6.0,
      0.25
    ],
    [
      36.3,
      30.0,
      28.9,
      32.5,
      36.5,
      35.8,
      110.0,
      36.1,
      29.9,
      33.2,
      32.6,
      30.9,
      29.3,
      0.0,
      35.9,
      28.9,
      36.4,
      33.6,
      29.3
    ],
    [
      0.28,
      8.5,
      7.8,
      7.5,
      0.072,
      0.22,
      79.6,
      0.55,
      8.5,
      11.7,
      11.1,
      9.5,
      8.2,
      35.9,
      0.0,
      8.4,
      0.45,
      3.0,
      8.8
    ],
    [
      8.3,
      0.65,
      0.5,
      4.3,
      8.4,
      7.7,
      82.1,
      8.0,
      1.7,
      5.0,
      4.3,
      2.0,
      0.75,
      28.9,
      8.4,
      0.0,
      8.3,
      5.6,
      1.0
    ],
    [
      0.26,
      9.0,
      8.3,
      7.9,
      0.55,
      0.3,
      80.0,
      0.19,
      8.9,
      12.2,
      11.6,
      9.9,
      8.7,
      36.4,
      0.45,
      8.3,
      0.0,
      2.7,
      8.5
    ],
    [
      2.9,
      6.2,
      5.6,
      6.8,
      3.1,
      2.4,
      79.3,
      2.7,
      6.2,
      9.5,
      8.8,
      7.2,
      6.0,
      33.6,
      3.0,
      5.6,
      2.7,
      0.0,
      5.7
    ],
    [
      8.7,
      0.5,
      1.1,
      4.1,
      8.8,
      8.1,
      81.8,
      8.4,
      0.65,
      4.8,
      4.1,
      1.1,
      0.25,
      29.3,
      8.8,
      1.0,
      8.5,
      5.7,
      0.0
    ]
  ],
  "drive_time_matrix": [
    [
      0.0,
      10.0,
      9.0,
      12.0,
      4.0,
      1.0,
      63.0,
      3.0,
      12.0,
      15.0,
      15.0,
      11.0,
      10.0,
      38.0,
      3.0,
      10.0,
      3.0,
      4.0,
      10.0
    ],
    [
      10.0,
      0.0,
      12.0,
      7.0,
      12.0,
      12.0,
      64.0,
      12.0,
      6.0,
      7.0,
      7.0,
      5.0,
      9.0,
      36.0,
      12.0,
      9.0,
      12.0,
      9.0,
      6.0
    ],
    [
      9.0,
      12.0,
      0.0,
      8.0,
      8.0,
      9.0,
      63.0,
      9.0,
      6.0,
      9.0,
      8.0,
      5.0,
      3.0,
      32.0,
      8.0,
      2.0,
      9.0,
      6.0,
      14.0
    ],
    [
      12.0,
      7.0,
      8.0,
      0.0,
      11.0,
      11.0,
      60.0,
      11.0,
      8.0,
      10.0,
      9.0,
      7.0,
      9.0,
      37.0,
      11.0,
      9.0,
      11.0,
      9.0,
      8.0
    ],
    [
      4.0,
      12.0,
      8.0,
      11.0,
      0.0,
      3.0,
      64.0,
      3.0,
      13.0,
      16.0,
      16.0,
      13.0,
      12.0,
      39.0,
      1.0,
      11.0,
      3.0,
      5.0,
      12.0
    ],
    [
      1.0,
      12.0,
      9.0,
      11.0,
      3.0,
      0.0,
      62.0,
      4.0,
      12.0,
      15.0,
      15.0,
      11.0,
      10.0,
      38.0,
      2.0,
      9.0,
      1.0,
      4.0,
      10.0
    ],
    [
      63.0,
      64.0,
      63.0,
      60.0,
      64.0,
      62.0,
      0.0,
      61.0,
      65.0,
      67.0,
      66.0,
      65.0,
      65.0,
      92.0,
      61.0,
      64.0,
      61.0,
      60.0,
      65.0
    ],
    [
      3.0,
      12.0,
      9.0,
      11.0,
      3.0,
      4.0,
      61.0,
      0.0,
      11.0,
      15.0,
      14.0,
      11.0,
      10.0,
      37.0,
      3.0,
      9.0,
      2.0,
      3.0,
      10.0
    ],
    [
      12.0,
      6.0,
      6.0,
      8.0,
      13.0,
      12.0,
      65.0,
      11.0,
      0.0,
      7.0,
      7.0,
      6.0,
      13.0,
      34.0,
      10.0,
      5.0,
      10.0,
      7.0,
      9.0
    ],
    [
      15.0,
      7.0,
      9.0,
      10.0,
      16.0,
      15.0,
      67.0,
      15.0,
      7.0,
      0.0,
      2.0,
      7.0,
      9.0,
      38.0,
      14.0,
      9.0,
      14.0,
      11.0,
      9.0
    ],
    [
      15.0,
      7.0,
      8.0,
      9.0,
      16.0,
      15.0,
      66.0,
      14.0,
      7.0,
      2.0,
      0.0,
      6.0,
      9.0,
      38.0,
      14.0,
      9.0,
      14.0,
      11.0,
      8.0
    ],
    [
      11.0,
      5.0,
      5.0,
      7.0,
      13.0,
      11.0,
      65.0,
      11.0,
      6.0,
      7.0,
      6.0,
      0.0,
      3.0,
      34.0,
      9.0,
      6.0,
      9.0,
      7.0,
      14.0
    ],
    [
      10.0,
      9.0,
      3.0,
      9.0,
      12.0,
      10.0,
      65.0,
      10.0,
      13.0,
      9.0,
      9.0,
      3.0,
      0.0,
      32.0,
      9.0,
      9.0,
      9.0,
      6.0,
      3.0
    ],
    [
      38.0,
      36.0,
      32.0,
      37.0,
      39.0,
      38.0,
      92.0,
      37.0,
      34.0,
      38.0,
      38.0,
      34.0,
      32.0,
      0.0,
      36.0,
      32.0,
      36.0,
      34.0,
      33.0
    ],
    [
      3.0,
      12.0,
      8.0,
      11.0,
      1.0,
      2.0,
      61.0,
      3.0,
      10.0,
      14.0,
      14.0,
      9.0,
      9.0,
      36.0,
      0.0,
      11.0,
      5.0,
      5.0,
      12.0
    ],
    [
      10.0,
      9.0,
      2.0,
      9.0,
      11.0,
      9.0,
      64.0,
      9.0,
      5.0,
      9.0,
      9.0,
      6.0,
      9.0,
      32.0,
      11.0,
      0.0,
      9.0,
      6.0,
      3.0
    ],
    [
      3.0,
      12.0,
      9.0,
      11.0,
      3.0,
      1.0,
      61.0,
      2.0,
      10.0,
      14.0,
      14.0,
      9.0,
      9.0,
      36.0,
      5.0,
      9.0,
      0.0,
      3.0,
      10.0
    ],
    [
      4.0,
      9.0,
      6.0,
      9.0,
      5.0,
      4.0,
      60.0,
      3.0,
      7.0,
      11.0,
      11.0,
      7.0,
      6.0,
      34.0,
      5.0,
      6.0,
      3.0,
      0.0,
      7.0
    ],
    [
      10.0,
      6.0,
      14.0,
      8.0,
      12.0,
      10.0,
      65.0,
      10.0,
      9.0,
      9.0,
      8.0,
      14.0,
      3.0,
      33.0,
      12.0,
      3.0,
      10.0,
      7.0,
      0.0
    ]
  ],
  "transit_dist_walk_matrix": [
    [
      0.0,
      0.58331,
      1.2499500000000001,
      2.33324,
      NaN,
      NaN,
      1.99992,
      NaN,
      0.99996,
      1.41661,
      0.99996,
      1.49994,
      1.08329,
      NaN,
      NaN,
      0.99996,
      NaN,
      NaN,
      0.8333
    ],
    [
      0.58331,
      0.0,
      NaN,
      NaN,
      0.66664,
      0.74997,
      1.6666,
      0.41665,
      NaN,
      NaN,
      NaN,
      NaN,
      NaN,
      NaN,
      0.74997,
      NaN,
      0.49998,
      1.33328,
      NaN
    ],
    [
      1.2499500000000001,
      NaN,
      0.0,
      NaN,
      1.2499500000000001,
      1.33328,
      2.16658,
      0.99996,
      NaN,
      2.33324,
      NaN,
      NaN,
      NaN,
      NaN,
      1.33328,
      NaN,
      1.08329,
      1.91659,
      NaN
    ],
    [
      2.33324,
      NaN,
      NaN,
      0.0,
      2.08325,
      2.08325,
      2.99988,
      2.08325,
      NaN,
      2.58323,
      2.16658,
      NaN,
      NaN,
      NaN,
      1.99992,
      NaN,
      2.08325,
      2.83322,
      NaN
    ],
    [
      NaN,
      0.66664,
      1.2499500000000001,
      2.08325,
      0.0,
      NaN,
      1.91659,
      NaN,
      0.99996,
      1.33328,
      0.9166300000000001,
      1.49994,
      0.99996,
      NaN,
      NaN,
      0.9166300000000001,
      NaN,
      NaN,
      0.74997
    ],
    [
      NaN,
      0.74997,
      1.33328,
      2.08325,
      NaN,
      0.0,
      1.91659,
      NaN,
      0.99996,
      1.33328,
      0.9166300000000001,
      1.49994,
      0.99996,
      NaN,
      NaN,
      0.9166300000000001,
      NaN,
      NaN,
      0.74997
    ],
    [
      1.99992,
      1.6666,
      2.16658,
      2.99988,
      1.91659,
      1.91659,
      0.0,
      1.91659,
      2.41657,
      2.41657,
      1.99992,
      2.83322,
      2.08325,
      NaN,
      1.8332600000000001,
      1.99992,
      1.91659,
      2.66656,
      1.8332600000000001
    ],
    [
      NaN,
      0.41665,
      0.99996,
      2.08325,
      NaN,
      NaN,
      1.91659,
      0.0,
      0.74997,
      1.16662,
      0.74997,
      1.2499500000000001,
      0.8333,
      NaN,
      NaN,
      0.74997,
      NaN,
      NaN,
      0.58331
    ],
    [
      0.99996,
      NaN,
      NaN,
      NaN,
      0.99996,
      0.99996,
      2.41657,
      0.74997,
      0.0,
      NaN,
      NaN,
      NaN,
      NaN,
      NaN,
      0.8333,
      NaN,
      0.58331,
      1.41661,
      NaN
    ],
    [
      1.41661,
      NaN,
      2.33324,
      2.58323,
      1.33328,
      1.33328,
      2.41657,
      1.16662,
      NaN,
      0.0,
      NaN,
      NaN,
      NaN,
      NaN,
      NaN,
      NaN,
      NaN,
      NaN,
      NaN
    ],
    [
      0.99996,
      NaN,
      NaN,
      2.16658,
      0.9166300000000001,
      0.9166300000000001,
      1.99992,
      0.74997,
      NaN,
      NaN,
      0.0,
      NaN,
      NaN,
      NaN,
      NaN,
      NaN,
      NaN,
      NaN,
      NaN
    ],
    [
      1.49994,
      NaN,
      NaN,
      NaN,
      1.49994,
      1.49994,
      2.83322,
      1.2499500000000001,
      NaN,
      NaN,
      NaN,
      0.0,
      NaN,
      NaN,
      1.33328,
      NaN,
      1.08329,
      1.91659,
      NaN
    ],
    [
      1.08329,
      NaN,
      NaN,
      NaN,
      0.99996,
      0.99996,
      2.08325,
      0.8333,
      NaN,
      NaN,
      NaN,
      NaN,
      0.0,
      NaN,
      0.66664,
      NaN,
      0.8333,
      1.6666,
      NaN
    ],
    [
      NaN,
      NaN,
      NaN,
      NaN,
      NaN,
      NaN,
      NaN,
      NaN,
      NaN,
      NaN,
      NaN,
      NaN,
      NaN,
      0.0,
      NaN,
      NaN,
      NaN,
      NaN,
      NaN
    ],
    [
      NaN,
      0.74997,
      1.33328,
      1.99992,
      NaN,
      NaN,
      1.8332600000000001,
      NaN,
      0.8333,
      NaN,
      NaN,
      1.33328,
      0.66664,
      NaN,
      0.0,
      0.8333,
      NaN,
      NaN,
      0.66664
    ],
    [
      0.99996,
      NaN,
      NaN,
      NaN,
      0.9166300000000001,
      0.9166300000000001,
      1.99992,
      0.74997,
      NaN,
      NaN,
      NaN,
      NaN,
      NaN,
      NaN,
      0.8333,
      0.0,
      0.8333,
      1.6666,
      NaN
    ],
    [
      NaN,
      0.49998,
      1.08329,
      2.08325,
      NaN,
      NaN,
      1.91659,
      NaN,
      0.58331,
      NaN,
      NaN,
      1.08329,
      0.8333,
      NaN,
      NaN,
      0.8333,
      0.0,
      NaN,
      0.58331
    ],
    [
      NaN,
      1.33328,
      1.91659,
      2.83322,
      NaN,
      NaN,
      2.66656,
      NaN,
      1.41661,
      NaN,
      NaN,
      1.91659,
      1.6666,
      NaN,
      NaN,
      1.6666,
      NaN,
      0.0,
      1.74993
    ],
    [
      0.8333,
      NaN,
      NaN,
      NaN,
      0.74997,
      0.74997,
      1.8332600000000001,
      0.58331,
      NaN,
      NaN,
      NaN,
      NaN,
      NaN,
      NaN,
      0.66664,
      NaN,
      0.58331,
      1.74993,
      0.0
    ]
  ],
  "transit_time_matrix": [
    [
      0.0,
      10.0,
      28.0,
      12.0,
      NaN,
      NaN,
      190.0,
      NaN,
      12.0,
      76.0,
      71.0,
      11.0,
      10.0,
      NaN,
      NaN,
      25.0,
      NaN,
      NaN,
      10.0
    ],
    [
      10.0,
      0.0,
      NaN,
      NaN,
      12.0,
      12.0,
      93.0,
      12.0,
      NaN,
      NaN,
      NaN,
      NaN,
      NaN,
      NaN,
      12.0,
      NaN,
      12.0,
      29.0,
      NaN
    ],
    [
      28.0,
      NaN,
      0.0,
      NaN,
      8.0,
      9.0,
      99.0,
      9.0,
      NaN,
      33.0,
      NaN,
      NaN,
      NaN,
      NaN,
      8.0,
      NaN,
      9.0,
      30.0,
      NaN
    ],
    [
      12.0,
      NaN,
      NaN,
      0.0,
      11.0,
      11.0,
      105.0,
      106.0,
      NaN,
      249.0,
      244.0,
      NaN,
      NaN,
      NaN,
      105.0,
      NaN,
      11.0,
      111.0,
      NaN
    ],
    [
      NaN,
      12.0,
      8.0,
      11.0,
      0.0,
      NaN,
      189.0,
      NaN,
      13.0,
      75.0,
      16.0,
      13.0,
      12.0,
      NaN,
      NaN,
      24.0,
      NaN,
      NaN,
      12.0
    ],
    [
      NaN,
      12.0,
      9.0,
      11.0,
      NaN,
      0.0,
      62.0,
      NaN,
      12.0,
      75.0,
      15.0,
      11.0,
      10.0,
      NaN,
      NaN,
      9.0,
      NaN,
      0.0,
      24.0
    ],
    [
      190.0,
      93.0,
      99.0,
      105.0,
      189.0,
      62.0,
      0.0,
      164.0,
      96.0,
      67.0,
      302.0,
      101.0,
      92.0,
      NaN,
      61.0,
      89.0,
      61.0,
      169.0,
      89.0
    ],
    [
      NaN,
      12.0,
      9.0,
      106.0,
      NaN,
      NaN,
      164.0,
      0.0,
      11.0,
      15.0,
      14.0,
      11.0,
      25.0,
      NaN,
      NaN,
      9.0,
      NaN,
      NaN,
      10.0
    ],
    [
      12.0,
      NaN,
      NaN,
      NaN,
      13.0,
      12.0,
      96.0,
      11.0,
      0.0,
      NaN,
      NaN,
      NaN,
      NaN,
      NaN,
      10.0,
      0.0,
      10.0,
      34.0,
      NaN
    ],
    [
      76.0,
      NaN,
      33.0,
      249.0,
      75.0,
      75.0,
      67.0,
      15.0,
      NaN,
      0.0,
      NaN,
      NaN,
      NaN,
      NaN,
      NaN,
      NaN,
      NaN,
      NaN,
      NaN
    ],
    [
      71.0,
      NaN,
      NaN,
      244.0,
      16.0,
      15.0,
      302.0,
      14.0,
      NaN,
      NaN,
      0.0,
      NaN,
      NaN,
      NaN,
      NaN,
      NaN,
      NaN,
      NaN,
      NaN
    ],
    [
      11.0,
      NaN,
      NaN,
      NaN,
      13.0,
      11.0,
      101.0,
      11.0,
      NaN,
      NaN,
      NaN,
      0.0,
      NaN,
      NaN,
      9.0,
      0.0,
      9.0,
      40.0,
      NaN
    ],
    [
      10.0,
      NaN,
      NaN,
      NaN,
      12.0,
      10.0,
      92.0,
      25.0,
      NaN,
      NaN,
      NaN,
      NaN,
      0.0,
      NaN,
      19.0,
      NaN,
      9.0,
      33.0,
      NaN
    ],
    [
      NaN,
      NaN,
      NaN,
      NaN,
      NaN,
      NaN,
      NaN,
      NaN,
      NaN,
      NaN,
      NaN,
      NaN,
      NaN,
      0.0,
      NaN,
      NaN,
      NaN,
      NaN,
      NaN
    ],
    [
      NaN,
      12.0,
      8.0,
      105.0,
      NaN,
      NaN,
      61.0,
      NaN,
      10.0,
      NaN,
      NaN,
      9.0,
      19.0,
      NaN,
      0.0,
      23.0,
      NaN,
      0.0,
      23.0
    ],
    [
      25.0,
      NaN,
      NaN,
      NaN,
      24.0,
      9.0,
      89.0,
      9.0,
      0.0,
      NaN,
      NaN,
      0.0,
      NaN,
      NaN,
      23.0,
      0.0,
      9.0,
      27.0,
      NaN
    ],
    [
      NaN,
      12.0,
      9.0,
      11.0,
      NaN,
      NaN,
      61.0,
      NaN,
      10.0,
      NaN,
      NaN,
      9.0,
      9.0,
      NaN,
      NaN,
      9.0,
      0.0,
      NaN,
      22.0
    ],
    [
      NaN,
      29.0,
      30.0,
      111.0,
      NaN,
      0.0,
      169.0,
      NaN,
      34.0,
      NaN,
      NaN,
      40.0,
      33.0,
      NaN,
      0.0,
      27.0,
      NaN,
      0.0,
      28.0
    ],
    [
      10.0,
      NaN,
      NaN,
      NaN,
      12.0,
      24.0,
      89.0,
      10.0,
      NaN,
      NaN,
      NaN,
      NaN,
      NaN,
      NaN,
      23.0,
      NaN,
      22.0,
      28.0,
      0.0
    ]
  ],
  "walk_dist_matrix": [
    [
      0.0,
      7.7,
      8.0,
      6.3,
      0.35,
      0.058,
      79.0,
      0.25,
      8.3,
      10.6,
      10.0,
      8.5,
      8.2,
      29.1,
      0.28,
      7.7,
      0.26,
      2.4,
      8.0
    ],
    [
      7.7,
      0.0,
      1.0,
      3.5,
      7.7,
      7.7,
      81.4,
      8.0,
      0.6,
      4.4,
      3.7,
      1.1,
      0.75,
      22.1,
      7.7,
      0.65,
      8.0,
      5.8,
      0.5
    ],
    [
      8.0,
      1.0,
      0.0,
      4.1,
      8.0,
      7.9,
      81.8,
      8.2,
      1.6,
      5.0,
      4.4,
      2.0,
      1.1,
      21.4,
      7.9,
      0.4,
      8.2,
      6.0,
      1.1
    ],
    [
      6.3,
      3.5,
      4.1,
      0.0,
      6.3,
      6.2,
      79.2,
      6.5,
      3.6,
      5.7,
      5.1,
      3.9,
      4.1,
      25.1,
      6.2,
      3.8,
      6.5,
      5.0,
      3.8
    ],
    [
      0.35,
      7.7,
      8.0,
      6.3,
      0.0,
      0.3,
      79.0,
      0.22,
      8.3,
      10.6,
      10.0,
      8.6,
      8.2,
      29.1,
      0.072,
      7.7,
      0.35,
      2.4,
      8.0
    ],
    [
      0.058,
      7.7,
      7.9,
      6.2,
      0.3,
      0.0,
      78.9,
      0.3,
      8.2,
      10.5,
      9.9,
      8.5,
      8.2,
      29.0,
      0.22,
      7.7,
      0.3,
      2.4,
      7.9
    ],
    [
      79.0,
      81.4,
      81.8,
      79.2,
      79.0,
      78.9,
      0.0,
      79.2,
      81.6,
      83.9,
      83.2,
      81.8,
      82.0,
      103.0,
      78.9,
      81.6,
      79.2,
      79.2,
      81.7
    ],
    [
      0.25,
      8.0,
      8.2,
      6.5,
      0.22,
      0.3,
      79.2,
      0.0,
      8.5,
      10.8,
      10.2,
      8.8,
      8.5,
      29.3,
      0.29,
      8.0,
      0.19,
      2.6,
      8.2
    ],
    [
      8.3,
      0.6,
      1.6,
      3.6,
      8.3,
      8.2,
      81.6,
      8.5,
      0.0,
      3.8,
      3.2,
      0.45,
      1.0,
      22.7,
      8.2,
      1.3,
      8.5,
      6.4,
      0.65
    ],
    [
      10.6,
      4.4,
      5.0,
      5.7,
      10.6,
      10.5,
      83.9,
      10.8,
      3.8,
      0.0,
      0.8,
      3.7,
      4.6,
      26.1,
      10.6,
      4.7,
      10.9,
      9.3,
      4.5
    ],
    [
      10.0,
      3.7,
      4.4,
      5.1,
      10.0,
      9.9,
      83.2,
      10.2,
      3.2,
      0.8,
      0.0,
      3.0,
      4.0,
      25.5,
      9.9,
      4.1,
      10.2,
      8.6,
      3.9
    ],
    [
      8.5,
      1.1,
      2.0,
      3.9,
      8.6,
      8.5,
      81.8,
      8.8,
      0.45,
      3.7,
      3.0,
      0.0,
      1.2,
      23.1,
      8.5,
      1.7,
      8.8,
      6.8,
      1.1
    ],
    [
      8.2,
      0.75,
      1.1,
      4.1,
      8.2,
      8.2,
      82.0,
      8.5,
      1.0,
      4.6,
      4.0,
      1.2,
      0.0,
      22.0,
      8.2,
      0.75,
      8.5,
      6.2,
      0.25
    ],
    [
      29.1,
      22.1,
      21.4,
      25.1,
      29.1,
      29.0,
      103.0,
      29.3,
      22.7,
      26.1,
      25.5,
      23.1,
      22.0,
      0.0,
      29.0,
      21.6,
      29.3,
      27.1,
      22.2
    ],
    [
      0.28,
      7.7,
      7.9,
      6.2,
      0.072,
      0.22,
      78.9,
      0.29,
      8.2,
      10.6,
      9.9,
      8.5,
      8.2,
      29.0,
      0.0,
      7.7,
      0.45,
      2.3,
      7.9
    ],
    [
      7.7,
      0.65,
      0.4,
      3.8,
      7.7,
      7.7,
      81.6,
      8.0,
      1.3,
      4.7,
      4.1,
      1.7,
      0.75,
      21.6,
      7.7,
      0.0,
      8.0,
      5.7,
      0.7
    ],
    [
      0.26,
      8.0,
      8.2,
      6.5,
      0.35,
      0.3,
      79.2,
      0.19,
      8.5,
      10.9,
      10.2,
      8.8,
      8.5,
      29.3,
      0.45,
      8.0,
      0.0,
      2.7,
      8.2
    ],
    [
      2.4,
      5.8,
      6.0,
      5.0,
      2.4,
      2.4,
      79.2,
      2.6,
      6.4,
      9.3,
      8.6,
      6.8,
      6.2,
      27.1,
      2.3,
      5.7,
      2.7,
      0.0,
      6.0
    ],
    [
      8.0,
      0.5,
      1.1,
      3.8,
      8.0,
      7.9,
      81.7,
      8.2,
      0.65,
      4.5,
      3.9,
      1.1,
      0.25,
      22.2,
      7.9,
      0.7,
      8.2,
      6.0,
      0.0
    ]
  ],
  "walk_time_matrix": [
    [
      0.0,
      93.0,
      96.0,
      75.0,
      4.0,
      1.0,
      190.0,
      3.0,
      99.0,
      76.0,
      121.0,
      103.0,
      99.0,
      354.0,
      3.0,
      94.0,
      3.0,
      29.0,
      25.0
    ],
    [
      93.0,
      0.0,
      12.0,
      43.0,
      99.0,
      98.0,
      991.0,
      102.0,
      7.0,
      54.0,
      47.0,
      13.0,
      9.0,
      272.0,
      98.0,
      9.0,
      102.0,
      29.0,
      6.0
    ],
    [
      96.0,
      12.0,
      0.0,
      52.0,
      103.0,
      102.0,
      997.0,
      105.0,
      20.0,
      33.0,
      56.0,
      26.0,
      14.0,
      263.0,
      102.0,
      5.0,
      106.0,
      77.0,
      14.0
    ],
    [
      75.0,
      43.0,
      52.0,
      0.0,
      81.0,
      81.0,
      105.0,
      84.0,
      45.0,
      70.0,
      63.0,
      49.0,
      51.0,
      309.0,
      80.0,
      48.0,
      84.0,
      111.0,
      48.0
    ],
    [
      4.0,
      99.0,
      103.0,
      81.0,
      0.0,
      4.0,
      189.0,
      3.0,
      100.0,
      129.0,
      121.0,
      104.0,
      100.0,
      355.0,
      1.0,
      94.0,
      4.0,
      28.0,
      97.0
    ],
    [
      1.0,
      98.0,
      102.0,
      81.0,
      4.0,
      0.0,
      957.0,
      4.0,
      21.0,
      127.0,
      120.0,
      103.0,
      99.0,
      353.0,
      3.0,
      93.0,
      4.0,
      28.0,
      95.0
    ],
    [
      190.0,
      991.0,
      997.0,
      105.0,
      189.0,
      957.0,
      0.0,
      961.0,
      987.0,
      1016.0,
      1009.0,
      101.0,
      994.0,
      1249.0,
      958.0,
      89.0,
      961.0,
      169.0,
      990.0
    ],
    [
      3.0,
      102.0,
      105.0,
      84.0,
      3.0,
      4.0,
      961.0,
      0.0,
      102.0,
      131.0,
      124.0,
      106.0,
      102.0,
      357.0,
      4.0,
      97.0,
      2.0,
      30.0,
      99.0
    ],
    [
      99.0,
      7.0,
      20.0,
      45.0,
      100.0,
      21.0,
      987.0,
      102.0,
      0.0,
      47.0,
      39.0,
      6.0,
      13.0,
      279.0,
      105.0,
      16.0,
      109.0,
      81.0,
      9.0
    ],
    [
      76.0,
      54.0,
      33.0,
      70.0,
      129.0,
      127.0,
      1016.0,
      131.0,
      47.0,
      0.0,
      10.0,
      45.0,
      58.0,
      322.0,
      134.0,
      61.0,
      138.0,
      118.0,
      56.0
    ],
    [
      121.0,
      47.0,
      56.0,
      63.0,
      121.0,
      120.0,
      1009.0,
      124.0,
      39.0,
      10.0,
      0.0,
      37.0,
      50.0,
      314.0,
      126.0,
      53.0,
      130.0,
      110.0,
      48.0
    ],
    [
      103.0,
      13.0,
      26.0,
      49.0,
      104.0,
      103.0,
      101.0,
      106.0,
      6.0,
      45.0,
      37.0,
      0.0,
      16.0,
      285.0,
      35.0,
      22.0,
      113.0,
      87.0,
      14.0
    ],
    [
      99.0,
      9.0,
      14.0,
      51.0,
      100.0,
      99.0,
      994.0,
      102.0,
      13.0,
      58.0,
      50.0,
      16.0,
      0.0,
      270.0,
      104.0,
      9.0,
      108.0,
      79.0,
      3.0
    ],
    [
      354.0,
      272.0,
      263.0,
      309.0,
      355.0,
      353.0,
      1249.0,
      357.0,
      279.0,
      322.0,
      314.0,
      285.0,
      270.0,
      0.0,
      356.0,
      262.0,
      360.0,
      331.0,
      269.0
    ],
    [
      3.0,
      98.0,
      102.0,
      80.0,
      1.0,
      3.0,
      958.0,
      4.0,
      105.0,
      134.0,
      126.0,
      35.0,
      104.0,
      356.0,
      0.0,
      93.0,
      5.0,
      27.0,
      96.0
    ],
    [
      94.0,
      9.0,
      5.0,
      48.0,
      94.0,
      93.0,
      89.0,
      97.0,
      16.0,
      61.0,
      53.0,
      22.0,
      9.0,
      262.0,
      93.0,
      0.0,
      102.0,
      73.0,
      9.0
    ],
    [
      3.0,
      102.0,
      106.0,
      84.0,
      4.0,
      4.0,
      961.0,
      2.0,
      109.0,
      138.0,
      130.0,
      113.0,
      108.0,
      360.0,
      5.0,
      102.0,
      0.0,
      32.0,
      99.0
    ],
    [
      29.0,
      29.0,
      77.0,
      111.0,
      28.0,
      28.0,
      169.0,
      30.0,
      81.0,
      118.0,
      110.0,
      87.0,
      79.0,
      331.0,
      27.0,
      73.0,
      32.0,
      0.0,
      73.0
    ],
    [
      25.0,
      6.0,
      14.0,
      48.0,
      97.0,
      95.0,
      990.0,
      99.0,
      9.0,
      56.0,
      48.0,
      14.0,
      3.0,
      269.0,
      96.0,
      9.0,
      99.0,
      73.0,
      0.0
    ]
  ],
  "cycle_dist_matrix": [
    [
      0.0,
      8.4,
      8.9,
      6.9,
      0.35,
      0.058,
      79.0,
      0.25,
      8.6,
      11.1,
      10.5,
      8.9,
      9.2,
      30.5,
      0.28,
      8.7,
      0.26,
      2.4,
      8.8
    ],
    [
      8.4,
      0.0,
      1.0,
      3.5,
      8.2,
      8.4,
      82.4,
      8.4,
      0.65,
      4.5,
      3.8,
      1.1,
      0.85,
      22.3,
      8.1,
      0.65,
      8.7,
      5.8,
      0.65
    ],
    [
      8.9,
      1.0,
      0.0,
      4.1,
      8.4,
      8.8,
      83.0,
      8.6,
      1.6,
      5.1,
      4.4,
      2.1,
      1.1,
      21.9,
      8.3,
      0.4,
      9.2,
      6.1,
      1.1
    ],
    [
      6.9,
      3.5,
      4.1,
      0.0,
      6.3,
      6.9,
      79.2,
      7.2,
      3.7,
      5.7,
      5.1,
      4.3,
      4.2,
      25.9,
      6.9,
      4.0,
      7.2,
      5.0,
      3.9
    ],
    [
      0.35,
      8.2,
      8.4,
      6.3,
      0.0,
      0.5,
      79.8,
      0.22,
      9.1,
      11.6,
      10.9,
      9.4,
      9.6,
      30.9,
      0.072,
      9.1,
      0.35,
      2.9,
      9.2
    ],
    [
      0.058,
      8.4,
      8.8,
      6.9,
      0.5,
      0.0,
      79.1,
      0.3,
      8.6,
      11.1,
      10.4,
      8.9,
      9.1,
      30.4,
      0.22,
      8.6,
      0.3,
      2.4,
      8.8
    ],
    [
      79.0,
      82.4,
      83.0,
      79.2,
      79.8,
      79.1,
      0.0,
      79.5,
      82.6,
      85.1,
      84.4,
      82.9,
      83.1,
      105.0,
      79.0,
      82.9,
      79.5,
      79.3,
      82.8
    ],
    [
      0.25,
      8.4,
      8.6,
      7.2,
      0.22,
      0.3,
      79.5,
      0.0,
      8.9,
      11.4,
      10.7,
      9.2,
      9.4,
      30.8,
      0.55,
      8.9,
      0.19,
      2.7,
      9.1
    ],
    [
      8.6,
      0.65,
      1.6,
      3.7,
      9.1,
      8.6,
      82.6,
      8.9,
      0.0,
      3.9,
      3.2,
      0.45,
      1.1,
      22.9,
      8.6,
      1.3,
      8.9,
      6.5,
      0.65
    ],
    [
      11.1,
      4.5,
      5.1,
      5.7,
      11.6,
      11.1,
      85.1,
      11.4,
      3.9,
      0.0,
      1.1,
      3.7,
      4.7,
      26.9,
      10.6,
      5.1,
      11.4,
      9.9,
      4.5
    ],
    [
      10.5,
      3.8,
      4.4,
      5.1,
      10.9,
      10.4,
      84.4,
      10.7,
      3.2,
      1.1,
      0.0,
      3.0,
      4.0,
      26.2,
      10.4,
      4.4,
      10.2,
      9.2,
      3.9
    ],
    [
      8.9,
      1.1,
      2.1,
      4.3,
      9.4,
      8.9,
      82.9,
      9.2,
      0.45,
      3.7,
      3.0,
      0.0,
      1.2,
      23.5,
      9.1,
      1.8,
      9.4,
      7.0,
      1.1
    ],
    [
      9.2,
      0.85,
      1.1,
      4.2,
      9.6,
      9.1,
      83.1,
      9.4,
      1.1,
      4.7,
      4.0,
      1.2,
      0.0,
      22.1,
      8.6,
      0.75,
      9.4,
      6.3,
      0.25
    ],
    [
      30.5,
      22.3,
      21.9,
      25.9,
      30.9,
      30.4,
      105.0,
      30.8,
      22.9,
      26.9,
      26.2,
      23.5,
      22.1,
      0.0,
      30.0,
      22.2,
      30.8,
      27.7,
      22.8
    ],
    [
      0.28,
      8.1,
      8.3,
      6.9,
      0.072,
      0.22,
      79.0,
      0.55,
      8.6,
      10.6,
      10.4,
      9.1,
      8.6,
      30.0,
      0.0,
      9.2,
      0.45,
      2.3,
      9.3
    ],
    [
      8.7,
      0.65,
      0.4,
      4.0,
      9.1,
      8.6,
      82.9,
      8.9,
      1.3,
      5.1,
      4.4,
      1.8,
      0.75,
      22.2,
      9.2,
      0.0,
      8.9,
      5.8,
      0.8
    ],
    [
      0.26,
      8.7,
      9.2,
      7.2,
      0.35,
      0.3,
      79.5,
      0.19,
      8.9,
      11.4,
      10.2,
      9.4,
      9.4,
      30.8,
      0.45,
      8.9,
      0.0,
      2.7,
      9.1
    ],
    [
      2.4,
      5.8,
      6.1,
      5.0,
      2.9,
      2.4,
      79.3,
      2.7,
      6.5,
      9.9,
      9.2,
      7.0,
      6.3,
      27.7,
      2.3,
      5.8,
      2.7,
      0.0,
      6.3
    ],
    [
      8.8,
      0.65,
      1.1,
      3.9,
      9.2,
      8.8,
      82.8,
      9.1,
      0.65,
      4.5,
      3.9,
      1.1,
      0.25,
      22.8,
      9.3,
      0.8,
      9.1,
      6.3,
      0.0
    ]
  ],
  "cycle_time_matrix": [
    [
      0.0,
      26.0,
      27.0,
      21.0,
      4.0,
      1.0,
      958.0,
      1.0,
      27.0,
      35.0,
      33.0,
      28.0,
      29.0,
      96.0,
      1.0,
      27.0,
      1.0,
      7.0,
      28.0
    ],
    [
      26.0,
      0.0,
      12.0,
      13.0,
      31.0,
      32.0,
      248.0,
      31.0,
      2.0,
      16.0,
      14.0,
      13.0,
      4.0,
      73.0,
      30.0,
      3.0,
      33.0,
      23.0,
      2.0
    ],
    [
      27.0,
      12.0,
      0.0,
      52.0,
      33.0,
      35.0,
      252.0,
      34.0,
      20.0,
      19.0,
      56.0,
      8.0,
      14.0,
      71.0,
      33.0,
      5.0,
      36.0,
      26.0,
      14.0
    ],
    [
      21.0,
      13.0,
      52.0,
      0.0,
      81.0,
      28.0,
      239.0,
      28.0,
      13.0,
      70.0,
      18.0,
      15.0,
      16.0,
      84.0,
      27.0,
      15.0,
      28.0,
      65.0,
      14.0
    ],
    [
      4.0,
      31.0,
      33.0,
      81.0,
      0.0,
      1.0,
      243.0,
      1.0,
      28.0,
      36.0,
      34.0,
      29.0,
      31.0,
      97.0,
      1.0,
      28.0,
      1.0,
      8.0,
      29.0
    ],
    [
      1.0,
      32.0,
      35.0,
      28.0,
      1.0,
      0.0,
      240.0,
      1.0,
      26.0,
      35.0,
      33.0,
      27.0,
      29.0,
      96.0,
      1.0,
      27.0,
      1.0,
      6.0,
      27.0
    ],
    [
      958.0,
      248.0,
      252.0,
      239.0,
      243.0,
      240.0,
      0.0,
      245.0,
      245.0,
      254.0,
      252.0,
      246.0,
      248.0,
      316.0,
      241.0,
      247.0,
      244.0,
      242.0,
      246.0
    ],
    [
      1.0,
      31.0,
      34.0,
      28.0,
      1.0,
      1.0,
      245.0,
      0.0,
      27.0,
      36.0,
      34.0,
      28.0,
      30.0,
      97.0,
      2.0,
      28.0,
      1.0,
      7.0,
      28.0
    ],
    [
      27.0,
      2.0,
      20.0,
      13.0,
      28.0,
      26.0,
      245.0,
      27.0,
      0.0,
      13.0,
      11.0,
      6.0,
      5.0,
      75.0,
      32.0,
      5.0,
      34.0,
      26.0,
      3.0
    ],
    [
      35.0,
      16.0,
      19.0,
      70.0,
      36.0,
      35.0,
      254.0,
      36.0,
      13.0,
      0.0,
      3.0,
      12.0,
      17.0,
      88.0,
      134.0,
      19.0,
      43.0,
      37.0,
      16.0
    ],
    [
      33.0,
      14.0,
      56.0,
      18.0,
      34.0,
      33.0,
      252.0,
      34.0,
      11.0,
      3.0,
      0.0,
      11.0,
      15.0,
      314.0,
      40.0,
      53.0,
      130.0,
      36.0,
      14.0
    ],
    [
      28.0,
      13.0,
      8.0,
      15.0,
      29.0,
      27.0,
      246.0,
      28.0,
      6.0,
      12.0,
      11.0,
      0.0,
      16.0,
      77.0,
      34.0,
      7.0,
      36.0,
      27.0,
      14.0
    ],
    [
      29.0,
      4.0,
      14.0,
      16.0,
      31.0,
      29.0,
      248.0,
      30.0,
      5.0,
      17.0,
      15.0,
      16.0,
      0.0,
      72.0,
      32.0,
      9.0,
      35.0,
      25.0,
      1.0
    ],
    [
      96.0,
      73.0,
      71.0,
      84.0,
      97.0,
      96.0,
      316.0,
      97.0,
      75.0,
      88.0,
      314.0,
      77.0,
      72.0,
      0.0,
      98.0,
      69.0,
      101.0,
      91.0,
      72.0
    ],
    [
      1.0,
      30.0,
      33.0,
      27.0,
      1.0,
      1.0,
      241.0,
      2.0,
      32.0,
      134.0,
      40.0,
      34.0,
      32.0,
      98.0,
      0.0,
      28.0,
      1.0,
      7.0,
      29.0
    ],
    [
      27.0,
      3.0,
      5.0,
      15.0,
      28.0,
      27.0,
      247.0,
      28.0,
      5.0,
      19.0,
      53.0,
      7.0,
      9.0,
      69.0,
      28.0,
      0.0,
      34.0,
      24.0,
      3.0
    ],
    [
      1.0,
      33.0,
      36.0,
      28.0,
      1.0,
      1.0,
      244.0,
      1.0,
      34.0,
      43.0,
      130.0,
      36.0,
      35.0,
      101.0,
      1.0,
      34.0,
      0.0,
      7.0,
      28.0
    ],
    [
      7.0,
      23.0,
      26.0,
      65.0,
      8.0,
      6.0,
      242.0,
      7.0,
      26.0,
      37.0,
      36.0,
      27.0,
      25.0,
      91.0,
      7.0,
      24.0,
      7.0,
      0.0,
      20.0
    ],
    [
      28.0,
      2.0,
      14.0,
      14.0,
      29.0,
      27.0,
      246.0,
      28.0,
      3.0,
      16.0,
      14.0,
      14.0,
      1.0,
      72.0,
      29.0,
      3.0,
      28.0,
      20.0,
      0.0
    ]
  ]
}