{
  "drive_dist_matrix": [
    [
      0.0,
      3.8,
      0.28,
      3.7,
      8.6,
      3.4,
      17.2,
      3.8,
      14.7,
      12.4,
      4.0,
      1.1,
      7.6,
      3.7,
      46.9,
      8.0,
      0.8,
      20.2,
      4.0,
      3.8,
      3.5,
      3.4,
      3.6,
      4.7,
      4.3,
      3.4,
      7.0,
      6.3,
      14.7,
      3.5,
      0.35,
      81.7,
      3.8,
      3.1,
      6.9,
      1.1,
      0.65,
      10.6,
      3.4,
      9.6,
      4.9,
      14.0,
      4.1,
      10.0,
      92.1,
      10.8,
      4.4,
      7.6,
      90.4,
      90.7
    ],
    [
      3.8,
      0.0,
      6.8,
      0.8,
      5.3,
      0.85,
      17.7,
      0.7,
      11.4,
      9.1,
      0.4,
      5.0,
      4.4,
      0.45,
      43.6,
      4.7,
      4.6,
      16.9,
      0.45,
      0.45,
      0.7,
      0.8,
      0.7,
      1.5,
      0.11,
      3.8,
      9.1,
      6.0,
      11.4,
      0.75,
      6.8,
      82.2,
      5.3,
      6.7,
      5.8,
      3.4,
      3.1,
      7.3,
      0.5,
      6.3,
      4.6,
      14.5,
      6.2,
      6.7,
      88.8,
      7.5,
      1.1,
      4.3,
      87.1,
      87.4
    ],
    [
      0.28,
      6.8,
      0.0,
      3.4,
      8.3,
      3.1,
      16.9,
      3.5,
      14.4,
      12.1,
      3.7,
      0.7,
      7.4,
      3.4,
      46.6,
      7.7,
      1.3,
      19.9,
      3.7,
      3.5,
      3.7,
      3.2,
      3.3,
      4.5,
      4.1,
      3.7,
      6.7,
      6.0,
      14.4,
      3.2,
      0.5,
      81.4,
      3.5,
      2.9,
      6.6,
      1.3,
      0.9,
      10.3,
      3.1,
      9.3,
      4.7,
      13.7,
      3.8,
      9.7,
      91.8,
      10.5,
      4.1,
      7.3,
      90.1,
      90.4
    ],
    [
      3.7,
      0.8,
      3.4,
      0.0,
      6.1,
      0.097,
      17.1,
      1.0,
      12.2,
      9.9,
      0.95,
      4.6,
      5.2,
      0.6,
      44.4,
      5.5,
      3.9,
      17.7,
      0.9,
      0.5,
      0.1,
      1.0,
      0.7,
      2.3,
      0.85,
      3.2,
      7.8,
      5.4,
      12.2,
      0.083,
      6.4,
      81.7,
      4.7,
      6.2,
      6.0,
      2.8,
      2.5,
      8.1,
      0.55,
      7.1,
      4.0,
      13.9,
      4.9,
      7.5,
      90.6,
      8.3,
      1.9,
      5.1,
      88.9,
      89.2
    ],
    [
      8.6,
      5.3,
      8.3,
      6.1,
      0.0,
      5.2,
      20.7,
      6.1,
      10.9,
      8.6,
      5.7,
      9.1,
      1.2,
      4.6,
      40.8,
      1.0,
      9.2,
      15.9,
      5.7,
      4.7,
      4.7,
      5.2,
      4.8,
      5.7,
      4.2,
      8.6,
      13.3,
      10.2,
      10.9,
      5.2,
      12.3,
      85.2,
      10.1,
      12.1,
      10.7,
      9.4,
      9.0,
      6.8,
      4.7,
      5.8,
      8.8,
      17.5,
      10.4,
      4.4,
      88.8,
      7.0,
      4.1,
      1.8,
      87.1,
      87.4
    ],
    [
      3.4,
      0.85,
      3.1,
      0.097,
      5.2,
      0.0,
      16.7,
      1.1,
      12.2,
      9.9,
      1.0,
      4.7,
      5.1,
      0.6,
      44.4,
      5.5,
      4.1,
      17.7,
      0.95,
      0.5,
      0.12,
      0.09,
      0.7,
      2.3,
      1.1,
      3.3,
      8.0,
      5.1,
      12.1,
      0.098,
      6.5,
      81.3,
      4.8,
      6.4,
      5.6,
      2.9,
      2.6,
      8.1,
      0.55,
      7.1,
      3.7,
      13.6,
      5.1,
      7.5,
      89.6,
      8.2,
      1.9,
      5.1,
      87.9,
      88.2
    ],
    [
      17.2,
      17.7,
      16.9,
      17.1,
      20.7,
      16.7,
      0.0,
      17.1,
      23.7,
      21.4,
      17.4,
      19.4,
      20.2,
      17.9,
      58.9,
      20.6,
      16.2,
      31.6,
      17.3,
      18.0,
      17.4,
      18.1,
      16.9,
      18.1,
      17.7,
      17.1,
      17.3,
      12.1,
      23.7,
      17.2,
      20.8,
      74.4,
      15.4,
      20.7,
      12.5,
      16.9,
      16.6,
      19.6,
      16.8,
      18.7,
      13.9,
      6.7,
      13.4,
      22.8,
      104.0,
      14.6,
      17.7,
      20.9,
      103.0,
      103.0
    ],
    [
      3.8,
      0.7,
      3.5,
      1.0,
      6.1,
      1.1,
      17.1,
      0.0,
      11.5,
      9.3,
      0.4,
      5.7,
      4.5,
      1.4,
      43.8,
      4.9,
      6.0,
      17.1,
      0.28,
      1.5,
      1.0,
      1.1,
      0.3,
      1.6,
      0.55,
      5.4,
      9.2,
      6.1,
      11.5,
      1.0,
      8.3,
      82.4,
      6.1,
      8.1,
      6.7,
      3.9,
      3.6,
      7.5,
      0.45,
      6.5,
      4.8,
      14.6,
      6.4,
      6.9,
      88.9,
      7.6,
      0.9,
      4.5,
      87.3,
      87.6
    ],
    [
      14.7,
      11.4,
      14.4,
      12.2,
      10.9,
      12.2,
      23.7,
      11.5,
      0.0,
      3.2,
      11.0,
      16.8,
      9.5,
      12.1,
      46.4,
      9.9,
      14.5,
      15.2,
      10.9,
      12.2,
      11.7,
      12.2,
      11.4,
      10.9,
      11.3,
      13.9,
      18.6,
      13.9,
      0.0,
      12.2,
      17.6,
      87.9,
      15.4,
      17.4,
      16.0,
      15.2,
      14.9,
      6.6,
      11.7,
      6.9,
      14.1,
      20.2,
      15.7,
      10.3,
      88.0,
      9.7,
      10.4,
      10.9,
      86.4,
      86.7
    ],
    [
      12.4,
      9.1,
      12.1,
      9.9,
      8.6,
      9.9,
      21.4,
      9.3,
      3.2,
      0.0,
      8.1,
      13.9,
      6.6,
      9.2,
      43.5,
      7.0,
      11.6,
      16.2,
      8.0,
      9.3,
      8.8,
      9.3,
      8.6,
      8.0,
      8.4,
      11.0,
      16.2,
      11.0,
      3.3,
      9.3,
      15.2,
      85.0,
      13.1,
      15.1,
      13.7,
      12.3,
      12.0,
      3.7,
      8.8,
      4.0,
      11.7,
      17.3,
      13.3,
      7.4,
      89.0,
      6.8,
      7.5,
      6.5,
      87.4,
      87.6
    ],
    [
      4.0,
      0.4,
      3.7,
      0.95,
      5.7,
      1.0,
      17.4,
      0.4,
      11.0,
      8.1,
      0.0,
      5.4,
      4.5,
      0.8,
      43.7,
      4.8,
      6.0,
      17.0,
      0.21,
      0.8,
      0.85,
      1.0,
      0.45,
      1.6,
      0.29,
      4.1,
      9.2,
      6.1,
      11.5,
      1.0,
      7.2,
      82.3,
      6.1,
      7.0,
      6.7,
      3.7,
      3.4,
      7.4,
      0.4,
      6.4,
      4.7,
      14.6,
      6.3,
      6.8,
      88.9,
      7.6,
      0.7,
      4.4,
      87.2,
      87.5
    ],
    [
      1.1,
      5.0,
      0.7,
      4.6,
      9.1,
      4.7,
      19.4,
      5.7,
      16.8,
      13.9,
      5.4,
      0.0,
      8.8,
      4.8,
      48.0,
      9.1,
      2.7,
      21.3,
      5.1,
      4.9,
      4.6,
      4.6,
      4.7,
      5.9,
      5.5,
      4.5,
      6.0,
      7.4,
      15.8,
      4.6,
      1.2,
      82.8,
      4.9,
      2.2,
      8.0,
      3.3,
      3.0,
      11.7,
      4.5,
      10.7,
      6.1,
      15.1,
      5.2,
      11.1,
      93.2,
      11.9,
      5.5,
      8.7,
      91.5,
      91.8
    ],
    [
      7.6,
      4.4,
      7.4,
      5.2,
      1.2,
      5.1,
      20.2,
      4.5,
      9.5,
      6.6,
      4.5,
      8.8,
      0.0,
      3.7,
      39.7,
      0.4,
      8.3,
      15.0,
      4.7,
      3.7,
      3.8,
      4.2,
      3.9,
      4.7,
      3.2,
      7.6,
      12.3,
      9.2,
      9.9,
      4.3,
      11.3,
      84.3,
      9.2,
      11.2,
      9.8,
      8.4,
      8.1,
      5.9,
      3.7,
      4.9,
      7.8,
      16.5,
      9.4,
      3.3,
      86.8,
      6.0,
      3.2,
      1.3,
      85.2,
      85.4
    ],
    [
      3.7,
      0.45,
      3.4,
      0.6,
      4.6,
      0.6,
      17.9,
      1.4,
      12.1,
      9.2,
      0.8,
      4.8,
      3.7,
      0.0,
      42.6,
      5.1,
      4.2,
      17.3,
      0.85,
      0.11,
      0.5,
      0.6,
      1.1,
      1.9,
      0.5,
      3.5,
      8.1,
      6.4,
      11.8,
      0.6,
      6.5,
      82.6,
      5.0,
      6.3,
      7.0,
      3.1,
      2.8,
      7.7,
      1.0,
      6.7,
      5.0,
      14.9,
      5.2,
      7.1,
      89.2,
      7.9,
      1.5,
      4.7,
      87.5,
      87.8
    ],
    [
      46.9,
      43.6,
      46.6,
      44.4,
      40.8,
      44.4,
      58.9,
      43.8,
      46.4,
      43.5,
      43.7,
      48.0,
      39.7,
      42.6,
      0.0,
      40.0,
      47.5,
      33.1,
      42.5,
      45.1,
      44.7,
      45.2,
      44.4,
      42.5,
      44.2,
      46.8,
      51.5,
      48.4,
      46.3,
      45.2,
      50.5,
      124.0,
      48.4,
      50.4,
      49.0,
      48.1,
      47.8,
      41.6,
      44.7,
      42.5,
      47.1,
      55.8,
      48.7,
      36.7,
      93.0,
      45.3,
      43.4,
      39.3,
      91.4,
      85.6
    ],
    [
      8.0,
      4.7,
      7.7,
      5.5,
      1.0,
      5.5,
      20.6,
      4.9,
      9.9,
      7.0,
      4.8,
      9.1,
      0.4,
      5.1,
      40.0,
      0.0,
      8.7,
      15.4,
      5.1,
      4.1,
      4.1,
      4.6,
      4.2,
      5.1,
      3.6,
      8.0,
      12.7,
      9.6,
      10.3,
      4.6,
      11.7,
      84.6,
      9.5,
      11.6,
      10.2,
      8.8,
      8.5,
      6.2,
      4.1,
      5.2,
      8.2,
      16.9,
      9.8,
      3.7,
      87.2,
      6.4,
      3.6,
      1.7,
      85.5,
      85.8
    ],
    [
      0.8,
      4.6,
      1.3,
      3.9,
      9.2,
      4.1,
      16.2,
      6.0,
      14.5,
      11.6,
      6.0,
      2.7,
      8.3,
      4.2,
      47.5,
      8.7,
      0.0,
      20.1,
      3.9,
      3.2,
      3.0,
      2.9,
      3.4,
      4.6,
      3.7,
      2.1,
      6.8,
      6.2,
      14.5,
      2.9,
      0.5,
      81.5,
      3.6,
      2.5,
      6.7,
      1.1,
      0.7,
      10.5,
      3.3,
      9.5,
      4.2,
      13.8,
      3.9,
      9.9,
      92.0,
      10.6,
      4.3,
      7.5,
      90.3,
      90.6
    ],
    [
      20.2,
      16.9,
      19.9,
      17.7,
      15.9,
      17.7,
      31.6,
      17.1,
      15.2,
      16.2,
      17.0,
      21.3,
      15.0,
      17.3,
      33.1,
      15.4,
      20.1,
      0.0,
      30.6,
      31.8,
      31.4,
      31.8,
      31.1,
      30.6,
      30.9,
      33.5,
      38.2,
      35.1,
      27.9,
      31.9,
      37.2,
      110.0,
      35.0,
      37.1,
      35.7,
      34.8,
      34.5,
      28.4,
      31.3,
      29.1,
      33.7,
      42.3,
      35.3,
      26.1,
      89.6,
      31.9,
      30.0,
      27.9,
      87.9,
      88.2
    ],
    [
      4.0,
      0.45,
      3.7,
      0.9,
      5.7,
      0.95,
      17.3,
      0.28,
      10.9,
      8.0,
      0.21,
      5.1,
      4.7,
      0.85,
      42.5,
      5.1,
      3.9,
      30.6,
      0.0,
      0.85,
      0.85,
      1.0,
      0.3,
      1.6,
      0.35,
      4.2,
      9.3,
      6.2,
      11.5,
      0.9,
      7.2,
      82.4,
      6.1,
      7.1,
      6.7,
      3.8,
      3.5,
      7.4,
      0.4,
      6.5,
      4.8,
      14.6,
      6.4,
      6.9,
      88.9,
      7.6,
      0.7,
      4.5,
      87.3,
      87.6
    ],
    [
      3.8,
      0.45,
      3.5,
      0.5,
      4.7,
      0.5,
      18.0,
      1.5,
      12.2,
      9.3,
      0.8,
      4.9,
      3.7,
      0.11,
      45.1,
      4.1,
      3.2,
      31.8,
      0.85,
      0.0,
      0.4,
      0.5,
      1.1,
      1.9,
      0.55,
      3.9,
      9.5,
      6.4,
      11.7,
      0.45,
      8.5,
      82.6,
      6.3,
      8.3,
      6.9,
      3.5,
      3.2,
      7.6,
      0.85,
      6.7,
      5.0,
      14.9,
      6.6,
      7.1,
      89.1,
      7.8,
      1.5,
      4.7,
      87.5,
      87.8
    ],
    [
      3.5,
      0.7,
      3.7,
      0.1,
      4.7,
      0.12,
      17.4,
      1.0,
      11.7,
      8.8,
      0.85,
      4.6,
      3.8,
      0.5,
      44.7,
      4.1,
      3.0,
      31.4,
      0.85,
      0.4,
      0.0,
      0.21,
      0.7,
      2.0,
      0.75,
      3.3,
      8.0,
      4.8,
      11.9,
      0.1,
      6.5,
      81.1,
      4.8,
      6.4,
      5.4,
      2.9,
      2.6,
      7.9,
      0.55,
      6.9,
      3.5,
      13.3,
      5.1,
      7.3,
      89.3,
      8.0,
      1.7,
      4.9,
      87.7,
      88.0
    ],
    [
      3.4,
      0.8,
      3.2,
      1.0,
      5.2,
      0.09,
      18.1,
      1.1,
      12.2,
      9.3,
      1.0,
      4.6,
      4.2,
      0.6,
      45.2,
      4.6,
      2.9,
      31.8,
      1.0,
      0.5,
      0.21,
      0.0,
      0.8,
      2.3,
      0.9,
      3.3,
      8.0,
      5.1,
      12.2,
      0.19,
      6.6,
      81.3,
      4.9,
      6.4,
      5.6,
      2.9,
      2.6,
      8.1,
      0.65,
      7.1,
      3.7,
      13.6,
      5.1,
      7.5,
      89.6,
      8.3,
      1.9,
      5.1,
      87.9,
      88.2
    ],
    [
      3.6,
      0.7,
      3.3,
      0.7,
      4.8,
      0.7,
      16.9,
      0.3,
      11.4,
      8.6,
      0.45,
      4.7,
      3.9,
      1.1,
      44.4,
      4.2,
      3.4,
      31.1,
      0.3,
      1.1,
      0.7,
      0.8,
      0.0,
      1.4,
      0.55,
      5.2,
      9.0,
      5.9,
      11.3,
      0.7,
      8.0,
      82.2,
      5.9,
      7.9,
      6.5,
      5.1,
      4.8,
      7.2,
      0.16,
      6.3,
      4.6,
      14.4,
      6.2,
      6.7,
      88.7,
      7.4,
      1.1,
      4.3,
      87.1,
      87.4
    ],
    [
      4.7,
      1.5,
      4.5,
      2.3,
      5.7,
      2.3,
      18.1,
      1.6,
      10.9,
      8.0,
      1.6,
      5.9,
      4.7,
      1.9,
      42.5,
      5.1,
      4.6,
      30.6,
      1.6,
      1.9,
      2.0,
      2.3,
      1.4,
      0.0,
      2.2,
      4.5,
      9.2,
      6.1,
      11.9,
      2.5,
      8.2,
      82.3,
      6.1,
      8.1,
      6.6,
      5.8,
      5.5,
      7.8,
      2.0,
      6.8,
      2.9,
      14.6,
      6.3,
      7.2,
      89.3,
      5.0,
      1.6,
      4.8,
      87.6,
      87.9
    ],
    [
      4.3,
      0.11,
      4.1,
      0.85,
      4.2,
      1.1,
      17.7,
      0.55,
      11.3,
      8.4,
      0.29,
      5.5,
      3.2,
      0.5,
      44.2,
      3.6,
      3.7,
      30.9,
      0.35,
      0.55,
      0.75,
      0.9,
      0.55,
      2.2,
      0.0,
      3.9,
      8.6,
      5.3,
      11.9,
      0.85,
      6.9,
      81.5,
      5.4,
      6.8,
      5.8,
      3.5,
      3.2,
      7.9,
      0.4,
      6.9,
      3.9,
      13.7,
      5.7,
      7.3,
      89.4,
      8.0,
      0.95,
      4.9,
      87.7,
      88.0
    ],
    [
      3.4,
      3.8,
      3.7,
      3.2,
      8.6,
      3.3,
      17.1,
      5.4,
      13.9,
      11.0,
      4.1,
      4.5,
      7.6,
      3.5,
      46.8,
      8.0,
      2.1,
      33.5,
      4.2,
      3.9,
      3.3,
      3.3,
      5.2,
      4.5,
      3.9,
      0.0,
      5.4,
      7.1,
      15.4,
      4.2,
      3.6,
      80.9,
      1.8,
      3.6,
      7.6,
      2.9,
      2.6,
      11.4,
      4.2,
      10.4,
      3.6,
      13.2,
      3.3,
      10.8,
      92.8,
      11.5,
      5.2,
      8.4,
      91.2,
      91.5
    ],
    [
      7.0,
      9.1,
      6.7,
      7.8,
      13.3,
      8.0,
      17.3,
      9.2,
      18.6,
      16.2,
      9.2,
      6.0,
      12.3,
      8.1,
      51.5,
      12.7,
      6.8,
      38.2,
      9.3,
      9.5,
      8.0,
      8.0,
      9.0,
      9.2,
      8.6,
      5.4,
      0.0,
      6.0,
      18.8,
      7.6,
      7.1,
      81.3,
      4.1,
      7.0,
      6.6,
      6.3,
      6.0,
      14.7,
      7.6,
      14.5,
      6.5,
      13.6,
      5.1,
      14.1,
      96.2,
      10.4,
      8.5,
      11.8,
      94.6,
      94.8
    ],
    [
      6.3,
      6.0,
      6.0,
      5.4,
      10.2,
      5.1,
      12.1,
      6.1,
      13.9,
      11.0,
      6.1,
      7.4,
      9.2,
      6.4,
      48.4,
      9.6,
      6.2,
      35.1,
      6.2,
      6.4,
      4.8,
      5.1,
      5.9,
      6.1,
      5.3,
      7.1,
      6.0,
      0.0,
      16.2,
      6.0,
      9.6,
      76.3,
      5.1,
      9.5,
      0.55,
      6.6,
      6.3,
      12.1,
      5.5,
      11.2,
      2.7,
      8.6,
      3.1,
      12.1,
      94.2,
      7.2,
      6.5,
      9.7,
      92.5,
      92.8
    ],
    [
      14.7,
      11.4,
      14.4,
      12.2,
      10.9,
      12.1,
      23.7,
      11.5,
      0.0,
      3.3,
      11.5,
      15.8,
      9.9,
      11.8,
      46.3,
      10.3,
      14.5,
      27.9,
      11.5,
      11.7,
      11.9,
      12.2,
      11.3,
      11.9,
      11.9,
      15.4,
      18.8,
      16.2,
      0.0,
      12.2,
      17.6,
      87.9,
      15.4,
      17.4,
      14.5,
      15.2,
      14.8,
      6.6,
      11.7,
      6.9,
      14.1,
      20.2,
      15.7,
      10.3,
      88.0,
      9.7,
      10.4,
      10.9,
      86.4,
      86.7
    ],
    [
      3.5,
      0.75,
      3.2,
      0.083,
      5.2,
      0.098,
      17.2,
      1.0,
      12.2,
      9.3,
      1.0,
      4.6,
      4.3,
      0.6,
      45.2,
      4.6,
      2.9,
      31.9,
      0.9,
      0.45,
      0.1,
      0.19,
      0.7,
      2.5,
      0.85,
      4.2,
      7.6,
      6.0,
      12.2,
      0.0,
      6.6,
      81.1,
      4.9,
      6.4,
      5.4,
      2.9,
      2.6,
      7.9,
      0.55,
      6.9,
      3.5,
      13.4,
      5.1,
      7.3,
      89.4,
      8.1,
      1.7,
      4.9,
      87.7,
      88.0
    ],
    [
      0.35,
      6.8,
      0.5,
      6.4,
      12.3,
      6.5,
      20.8,
      8.3,
      17.6,
      15.2,
      7.2,
      1.2,
      11.3,
      6.5,
      50.5,
      11.7,
      0.5,
      37.2,
      7.2,
      8.5,
      6.5,
      6.6,
      8.0,
      8.2,
      6.9,
      3.6,
      7.1,
      9.6,
      17.6,
      6.6,
      0.0,
      81.5,
      3.6,
      2.8,
      6.6,
      0.9,
      0.5,
      10.4,
      3.2,
      9.4,
      4.7,
      13.7,
      3.9,
      9.8,
      91.8,
      10.5,
      4.2,
      7.4,
      90.2,
      90.5
    ],
    [
      81.7,
      82.2,
      81.4,
      81.7,
      85.2,
      81.3,
      74.4,
      82.4,
      87.9,
      85.0,
      82.3,
      82.8,
      84.3,
      82.6,
      124.0,
      84.6,
      81.5,
      110.0,
      82.4,
      82.6,
      81.1,
      81.3,
      82.2,
      82.3,
      81.5,
      80.9,
      81.3,
      76.3,
      87.9,
      81.1,
      81.5,
      0.0,
      79.9,
      85.2,
      77.0,
      81.4,
      81.1,
      84.1,
      81.3,
      83.2,
      78.5,
      71.2,
      77.9,
      87.3,
      169.0,
      79.1,
      82.2,
      85.4,
      167.0,
      168.0
    ],
    [
      3.8,
      5.3,
      3.5,
      4.7,
      10.1,
      4.8,
      15.4,
      6.1,
      15.4,
      13.1,
      6.1,
      4.9,
      9.2,
      5.0,
      48.4,
      9.5,
      3.6,
      35.0,
      6.1,
      6.3,
      4.8,
      4.9,
      5.9,
      6.1,
      5.4,
      1.8,
      4.1,
      5.1,
      15.4,
      4.9,
      3.6,
      79.9,
      0.0,
      5.8,
      4.9,
      3.0,
      2.7,
      11.4,
      4.3,
      10.5,
      2.5,
      11.9,
      2.0,
      10.8,
      92.9,
      8.8,
      5.3,
      8.5,
      91.3,
      91.6
    ],
    [
      3.1,
      6.7,
      2.9,
      6.2,
      12.1,
      6.4,
      20.7,
      8.1,
      17.4,
      15.1,
      7.0,
      2.2,
      11.2,
      6.3,
      50.4,
      11.6,
      2.5,
      37.1,
      7.1,
      8.3,
      6.4,
      6.4,
      7.9,
      8.1,
      6.8,
      3.6,
      7.0,
      9.5,
      17.4,
      6.4,
      2.8,
      85.2,
      5.8,
      0.0,
      6.5,
      1.1,
      0.8,
      10.7,
      3.5,
      9.7,
      4.5,
      14.0,
      4.1,
      10.1,
      92.1,
      10.8,
      4.5,
      7.7,
      90.5,
      90.8
    ],
    [
      6.9,
      5.8,
      6.6,
      6.0,
      10.7,
      5.6,
      12.5,
      6.7,
      16.0,
      13.7,
      6.7,
      8.0,
      9.8,
      7.0,
      49.0,
      10.2,
      6.7,
      35.7,
      6.7,
      6.9,
      5.4,
      5.6,
      6.5,
      6.6,
      5.8,
      7.6,
      6.6,
      0.55,
      14.5,
      5.4,
      6.6,
      77.0,
      4.9,
      6.5,
      0.0,
      8.4,
      8.1,
      11.7,
      7.4,
      10.8,
      4.6,
      8.1,
      4.9,
      14.0,
      96.1,
      6.7,
      8.4,
      11.7,
      94.4,
      94.7
    ],
    [
      1.1,
      3.4,
      1.3,
      2.8,
      9.4,
      2.9,
      16.9,
      3.9,
      15.2,
      12.3,
      3.7,
      3.3,
      8.4,
      3.1,
      48.1,
      8.8,
      1.1,
      34.8,
      3.8,
      3.5,
      2.9,
      2.9,
      5.1,
      5.8,
      3.5,
      2.9,
      6.3,
      6.6,
      15.2,
      2.9,
      0.9,
      81.4,
      3.0,
      1.1,
      8.4,
      0.0,
      0.45,
      10.6,
      3.4,
      9.6,
      4.4,
      13.9,
      4.0,
      10.0,
      92.1,
      10.8,
      4.4,
      7.6,
      90.4,
      90.7
    ],
    [
      0.65,
      3.1,
      0.9,
      2.5,
      9.0,
      2.6,
      16.6,
      3.6,
      14.9,
      12.0,
      3.4,
      3.0,
      8.1,
      2.8,
      47.8,
      8.5,
      0.7,
      34.5,
      3.5,
      3.2,
      2.6,
      2.6,
      4.8,
      5.5,
      3.2,
      2.6,
      6.0,
      6.3,
      14.8,
      2.6,
      0.5,
      81.1,
      2.7,
      0.8,
      8.1,
      0.45,
      0.0,
      10.6,
      3.5,
      9.7,
      4.4,
      14.0,
      4.1,
      10.0,
      92.1,
      10.8,
      4.4,
      7.7,
      90.5,
      90.8
    ],
    [
      10.6,
      7.3,
      10.3,
      8.1,
      6.8,
      8.1,
      19.6,
      7.5,
      6.6,
      3.7,
      7.4,
      11.7,
      5.9,
      7.7,
      41.6,
      6.2,
      10.5,
      28.4,
      7.4,
      7.6,
      7.9,
      8.1,
      7.2,
      7.8,
      7.9,
      11.4,
      14.7,
      12.1,
      6.6,
      7.9,
      10.4,
      84.1,
      11.4,
      10.7,
      11.7,
      10.6,
      10.6,
      0.0,
      5.5,
      0.35,
      7.9,
      14.2,
      9.5,
      7.9,
      89.1,
      3.8,
      4.2,
      4.7,
      87.5,
      87.8
    ],
    [
      3.4,
      0.5,
      3.1,
      0.55,
      4.7,
      0.55,
      16.8,
      0.45,
      11.7,
      8.8,
      0.4,
      4.5,
      3.7,
      1.0,
      44.7,
      4.1,
      3.3,
      31.3,
      0.4,
      0.85,
      0.55,
      0.65,
      0.16,
      2.0,
      0.4,
      4.2,
      7.6,
      5.5,
      11.7,
      0.55,
      3.2,
      81.3,
      4.3,
      3.5,
      7.4,
      3.4,
      3.5,
      5.5,
      0.0,
      6.4,
      4.7,
      14.6,
      6.3,
      6.8,
      88.9,
      7.6,
      1.2,
      4.4,
      87.2,
      87.5
    ],
    [
      9.6,
      6.3,
      9.3,
      7.1,
      5.8,
      7.1,
      18.7,
      6.5,
      6.9,
      4.0,
      6.4,
      10.7,
      4.9,
      6.7,
      42.5,
      5.2,
      9.5,
      29.1,
      6.5,
      6.7,
      6.9,
      7.1,
      6.3,
      6.8,
      6.9,
      10.4,
      14.5,
      11.2,
      6.9,
      6.9,
      9.4,
      83.2,
      10.5,
      9.7,
      10.8,
      9.6,
      9.7,
      0.35,
      6.4,
      0.0,
      7.9,
      13.6,
      9.5,
      7.2,
      88.3,
      3.1,
      4.2,
      4.7,
      86.6,
      86.9
    ],
    [
      4.9,
      4.6,
      4.7,
      4.0,
      8.8,
      3.7,
      13.9,
      4.8,
      14.1,
      11.7,
      4.7,
      6.1,
      7.8,
      5.0,
      47.1,
      8.2,
      4.2,
      33.7,
      4.8,
      5.0,
      3.5,
      3.7,
      4.6,
      2.9,
      3.9,
      3.6,
      6.5,
      2.7,
      14.1,
      3.5,
      4.7,
      78.5,
      2.5,
      4.5,
      4.6,
      4.4,
      4.4,
      7.9,
      4.7,
      7.9,
      0.0,
      10.5,
      1.6,
      10.0,
      92.1,
      4.4,
      4.4,
      7.6,
      90.4,
      90.7
    ],
    [
      14.0,
      14.5,
      13.7,
      13.9,
      17.5,
      13.6,
      6.7,
      14.6,
      20.2,
      17.3,
      14.6,
      15.1,
      16.5,
      14.9,
      55.8,
      16.9,
      13.8,
      42.3,
      14.6,
      14.9,
      13.3,
      13.6,
      14.4,
      14.6,
      13.7,
      13.2,
      13.6,
      8.6,
      20.2,
      13.4,
      13.7,
      71.2,
      11.9,
      14.0,
      8.1,
      13.9,
      14.0,
      14.2,
      14.6,
      13.6,
      10.5,
      0.0,
      10.6,
      20.1,
      102.0,
      11.9,
      15.0,
      18.1,
      100.0,
      100.0
    ],
    [
      4.1,
      6.2,
      3.8,
      4.9,
      10.4,
      5.1,
      13.4,
      6.4,
      15.7,
      13.3,
      6.3,
      5.2,
      9.4,
      5.2,
      48.7,
      9.8,
      3.9,
      35.3,
      6.4,
      6.6,
      5.1,
      5.1,
      6.2,
      6.3,
      5.7,
      3.3,
      5.1,
      3.1,
      15.7,
      5.1,
      3.9,
      77.9,
      2.0,
      4.1,
      4.9,
      4.0,
      4.1,
      9.5,
      6.3,
      9.5,
      1.6,
      10.6,
      0.0,
      11.5,
      93.6,
      7.0,
      5.9,
      9.2,
      92.0,
      92.2
    ],
    [
      10.0,
      6.7,
      9.7,
      7.5,
      4.4,
      7.5,
      22.8,
      6.9,
      10.3,
      7.4,
      6.8,
      11.1,
      3.3,
      7.1,
      36.7,
      3.7,
      9.9,
      26.1,
      6.9,
      7.1,
      7.3,
      7.5,
      6.7,
      7.2,
      7.3,
      10.8,
      14.1,
      12.1,
      10.3,
      7.3,
      9.8,
      87.3,
      10.8,
      10.1,
      14.0,
      10.0,
      10.0,
      7.9,
      6.8,
      7.2,
      10.0,
      20.1,
      11.5,
      0.0,
      83.9,
      8.0,
      6.1,
      3.5,
      82.2,
      82.5
    ],
    [
      92.1,
      88.8,
      91.8,
      90.6,
      88.8,
      89.6,
      104.0,
      88.9,
      88.0,
      89.0,
      88.9,
      93.2,
      86.8,
      89.2,
      93.0,
      87.2,
      92.0,
      89.6,
      88.9,
      89.1,
      89.3,
      89.6,
      88.7,
      89.3,
      89.4,
      92.8,
      96.2,
      94.2,
      88.0,
      89.4,
      91.8,
      169.0,
      92.9,
      92.1,
      96.1,
      92.1,
      92.1,
      89.1,
      88.9,
      88.3,
      92.1,
      102.0,
      93.6,
      83.9,
      0.0,
      89.7,
      87.9,
      85.8,
      5.5,
      5.1
    ],
    [
      10.8,
      7.5,
      10.5,
      8.3,
      7.0,
      8.2,
      14.6,
      7.6,
      9.7,
      6.8,
      7.6,
      11.9,
      6.0,
      7.9,
      45.3,
      6.4,
      10.6,
      31.9,
      7.6,
      7.8,
      8.0,
      8.3,
      7.4,
      5.0,
      8.0,
      11.5,
      10.4,
      7.2,
      9.7,
      8.1,
      10.5,
      79.1,
      8.8,
      10.8,
      6.7,
      10.8,
      10.8,
      3.8,
      7.6,
      3.1,
      4.4,
      11.9,
      7.0,
      8.0,
      89.7,
      0.0,
      6.8,
      7.3,
      89.2,
      89.5
    ],
    [
      4.4,
      1.1,
      4.1,
      1.9,
      4.1,
      1.9,
      17.7,
      0.9,
      10.4,
      7.5,
      0.7,
      5.5,
      3.2,
      1.5,
      43.4,
      3.6,
      4.3,
      30.0,
      0.7,
      1.5,
      1.7,
      1.9,
      1.1,
      1.6,
      0.95,
      5.2,
      8.5,
      6.5,
      10.4,
      1.7,
      4.2,
      82.2,
      5.3,
      4.5,
      8.4,
      4.4,
      4.4,
      4.2,
      1.2,
      4.2,
      4.4,
      15.0,
      5.9,
      6.1,
      87.9,
      6.8,
      0.0,
      3.3,
      86.1,
      86.4
    ],
    [
      7.6,
      4.3,
      7.3,
      5.1,
      1.8,
      5.1,
      20.9,
      4.5,
      10.9,
      6.5,
      4.4,
      8.7,
      1.3,
      4.7,
      39.3,
      1.7,
      7.5,
      27.9,
      4.5,
      4.7,
      4.9,
      5.1,
      4.3,
      4.8,
      4.9,
      8.4,
      11.8,
      9.7,
      10.9,
      4.9,
      7.4,
      85.4,
      8.5,
      7.7,
      11.7,
      7.6,
      7.7,
      4.7,
      4.4,
      4.7,
      7.6,
      18.1,
      9.2,
      3.5,
      85.8,
      7.3,
      3.3,
      0.0,
      85.1,
      85.3
    ],
    [
      90.4,
      87.1,
      90.1,
      88.9,
      87.1,
      87.9,
      103.0,
      87.3,
      86.4,
      87.4,
      87.2,
      91.5,
      85.2,
      87.5,
      91.4,
      85.5,
      90.3,
      87.9,
      87.3,
      87.5,
      87.7,
      87.9,
      87.1,
      87.6,
      87.7,
      91.2,
      94.6,
      92.5,
      86.4,
      87.7,
      90.2,
      167.0,
      91.3,
      90.5,
      94.4,
      90.4,
      90.5,
      87.5,
      87.2,
      86.6,
      90.4,
      100.0,
      92.0,
      82.2,
      5.5,
      89.2,
      86.1,
      85.1,
      0.0,
      1.7
    ],
    [
      90.7,
      87.4,
      90.4,
      89.2,
      87.4,
      88.2,
      103.0,
      87.6,
      86.7,
      87.6,
      87.5,
      91.8,
      85.4,
      87.8,
      85.6,
      85.8,
      90.6,
      88.2,
      87.6,
      87.8,
      88.0,
      88.2,
      87.4,
      87.9,
      88.0,
      91.5,
      94.8,
      92.8,
      86.7,
      88.0,
      90.5,
      168.0,
      91.6,
      90.8,
      94.7,
      90.7,
      90.8,
      87.8,
      87.5,
      86.9,
      90.7,
      100.0,
      92.2,
      82.5,
      5.1,
      89.5,
      86.4,
      85.3,
      1.7,
      0.0
    ]
  ],
  "drive_time_matrix": [
    [
      0.0,
      8.0,
      2.0,
      8.0,
      14.0,
      8.0,
      31.0,
      6.0,
      19.0,
      15.0,
      7.0,
      13.0,
      11.0,
      8.0,
      54.0,
      13.0,
      11.0,
      21.0,
      6.0,
      8.0,
      8.0,
      8.0,
      7.0,
      8.0,
      10.0,
      7.0,
      13.0,
      9.0,
      19.0,
      8.0,
      4.0,
      72.0,
      8.0,
      39.0,
      10.0,
      13.0,
      8.0,
      13.0,
      6.0,
      12.0,
      9.0,
      17.0,
      8.0,
      13.0,
      82.0,
      15.0,
      7.0,
      10.0,
      83.0,
      84.0
    ],
    [
      8.0,
      0.0,
      11.0,
      9.0,
      11.0,
      3.0,
      29.0,
      9.0,
      15.0,
      11.0,
      5.0,
      9.0,
      7.0,
      5.0,
      49.0,
      9.0,
      7.0,
      17.0,
      6.0,
      5.0,
      8.0,
      10.0,
      8.0,
      4.0,
      1.0,
      6.0,
      13.0,
      8.0,
      15.0,
      9.0,
      11.0,
      71.0,
      9.0,
      9.0,
      9.0,
      6.0,
      6.0,
      9.0,
      6.0,
      8.0,
      7.0,
      15.0,
      8.0,
      9.0,
      78.0,
      11.0,
      3.0,
      6.0,
      79.0,
      80.0
    ],
    [
      2.0,
      11.0,
      0.0,
      6.0,
      13.0,
      6.0,
      30.0,
      5.0,
      17.0,
      13.0,
      5.0,
      8.0,
      9.0,
      6.0,
      51.0,
      11.0,
      3.0,
      20.0,
      5.0,
      6.0,
      7.0,
      6.0,
      5.0,
      7.0,
      8.0,
      46.0,
      11.0,
      8.0,
      17.0,
      6.0,
      6.0,
      70.0,
      7.0,
      36.0,
      8.0,
      16.0,
      11.0,
      11.0,
      5.0,
      10.0,
      7.0,
      15.0,
      6.0,
      12.0,
      80.0,
      13.0,
      5.0,
      8.0,
      81.0,
      81.0
    ],
    [
      8.0,
      9.0,
      6.0,
      0.0,
      13.0,
      1.0,
      30.0,
      13.0,
      18.0,
      14.0,
      13.0,
      8.0,
      10.0,
      8.0,
      52.0,
      11.0,
      7.0,
      20.0,
      12.0,
      6.0,
      1.0,
      2.0,
      9.0,
      7.0,
      11.0,
      5.0,
      13.0,
      8.0,
      18.0,
      1.0,
      11.0,
      71.0,
      9.0,
      9.0,
      9.0,
      6.0,
      5.0,
      11.0,
      7.0,
      11.0,
      8.0,
      15.0,
      8.0,
      12.0,
      79.0,
      13.0,
      5.0,
      9.0,
      80.0,
      81.0
    ],
    [
      14.0,
      11.0,
      13.0,
      13.0,
      0.0,
      15.0,
      35.0,
      12.0,
      18.0,
      15.0,
      11.0,
      18.0,
      15.0,
      13.0,
      53.0,
      12.0,
      14.0,
      21.0,
      11.0,
      13.0,
      14.0,
      15.0,
      15.0,
      12.0,
      12.0,
      13.0,
      20.0,
      14.0,
      19.0,
      15.0,
      18.0,
      76.0,
      16.0,
      15.0,
      15.0,
      14.0,
      14.0,
      12.0,
      14.0,
      11.0,
      14.0,
      21.0,
      15.0,
      12.0,
      80.0,
      14.0,
      11.0,
      22.0,
      81.0,
      82.0
    ],
    [
      8.0,
      3.0,
      6.0,
      1.0,
      15.0,
      0.0,
      29.0,
      5.0,
      18.0,
      13.0,
      13.0,
      9.0,
      9.0,
      8.0,
      51.0,
      11.0,
      8.0,
      20.0,
      12.0,
      6.0,
      1.0,
      1.0,
      9.0,
      6.0,
      5.0,
      6.0,
      13.0,
      8.0,
      17.0,
      1.0,
      12.0,
      71.0,
      9.0,
      9.0,
      8.0,
      6.0,
      6.0,
      11.0,
      7.0,
      10.0,
      8.0,
      15.0,
      9.0,
      11.0,
      79.0,
      13.0,
      5.0,
      8.0,
      80.0,
      81.0
    ],
    [
      31.0,
      29.0,
      30.0,
      30.0,
      35.0,
      29.0,
      0.0,
      28.0,
      36.0,
      32.0,
      28.0,
      32.0,
      32.0,
      31.0,
      74.0,
      34.0,
      28.0,
      41.0,
      28.0,
      31.0,
      30.0,
      30.0,
      29.0,
      30.0,
      31.0,
      27.0,
      32.0,
      24.0,
      36.0,
      30.0,
      33.0,
      75.0,
      29.0,
      31.0,
      24.0,
      29.0,
      29.0,
      30.0,
      28.0,
      29.0,
      26.0,
      19.0,
      26.0,
      34.0,
      101.0,
      28.0,
      28.0,
      32.0,
      102.0,
      104.0
    ],
    [
      6.0,
      9.0,
      5.0,
      13.0,
      12.0,
      5.0,
      28.0,
      0.0,
      16.0,
      11.0,
      5.0,
      12.0,
      7.0,
      4.0,
      49.0,
      8.0,
      8.0,
      17.0,
      4.0,
      5.0,
      12.0,
      13.0,
      4.0,
      4.0,
      7.0,
      7.0,
      13.0,
      8.0,
      16.0,
      12.0,
      11.0,
      71.0,
      9.0,
      9.0,
      8.0,
      9.0,
      8.0,
      9.0,
      6.0,
      8.0,
      8.0,
      15.0,
      8.0,
      9.0,
      77.0,
      11.0,
      11.0,
      6.0,
      77.0,
      78.0
    ],
    [
      19.0,
      15.0,
      17.0,
      18.0,
      18.0,
      18.0,
      36.0,
      16.0,
      0.0,
      6.0,
      14.0,
      21.0,
      15.0,
      17.0,
      55.0,
      16.0,
      17.0,
      24.0,
      14.0,
      17.0,
      16.0,
      18.0,
      17.0,
      15.0,
      16.0,
      16.0,
      23.0,
      18.0,
      1.0,
      17.0,
      22.0,
      77.0,
      20.0,
      19.0,
      19.0,
      19.0,
      18.0,
      10.0,
      16.0,
      11.0,
      18.0,
      21.0,
      19.0,
      15.0,
      83.0,
      15.0,
      14.0,
      15.0,
      83.0,
      84.0
    ],
    [
      15.0,
      11.0,
      13.0,
      14.0,
      15.0,
      13.0,
      32.0,
      11.0,
      6.0,
      0.0,
      10.0,
      17.0,
      10.0,
      13.0,
      50.0,
      12.0,
      13.0,
      18.0,
      10.0,
      13.0,
      12.0,
      13.0,
      12.0,
      11.0,
      12.0,
      12.0,
      20.0,
      14.0,
      6.0,
      13.0,
      19.0,
      73.0,
      16.0,
      16.0,
      15.0,
      15.0,
      14.0,
      6.0,
      12.0,
      7.0,
      15.0,
      17.0,
      15.0,
      11.0,
      77.0,
      11.0,
      10.0,
      10.0,
      77.0,
      78.0
    ],
    [
      7.0,
      5.0,
      5.0,
      13.0,
      11.0,
      13.0,
      28.0,
      5.0,
      14.0,
      10.0,
      0.0,
      9.0,
      7.0,
      10.0,
      48.0,
      8.0,
      8.0,
      17.0,
      2.0,
      10.0,
      10.0,
      12.0,
      5.0,
      4.0,
      4.0,
      7.0,
      12.0,
      7.0,
      15.0,
      11.0,
      12.0,
      70.0,
      9.0,
      10.0,
      8.0,
      7.0,
      7.0,
      8.0,
      5.0,
      8.0,
      8.0,
      15.0,
      8.0,
      9.0,
      76.0,
      10.0,
      9.0,
      6.0,
      77.0,
      78.0
    ],
    [
      13.0,
      9.0,
      8.0,
      8.0,
      18.0,
      9.0,
      32.0,
      12.0,
      21.0,
      17.0,
      9.0,
      0.0,
      11.0,
      8.0,
      53.0,
      12.0,
      4.0,
      21.0,
      6.0,
      8.0,
      8.0,
      7.0,
      7.0,
      8.0,
      9.0,
      7.0,
      12.0,
      9.0,
      18.0,
      7.0,
      14.0,
      72.0,
      8.0,
      4.0,
      9.0,
      6.0,
      5.0,
      12.0,
      6.0,
      12.0,
      9.0,
      16.0,
      7.0,
      13.0,
      80.0,
      14.0,
      6.0,
      10.0,
      81.0,
      82.0
    ],
    [
      11.0,
      7.0,
      9.0,
      10.0,
      15.0,
      9.0,
      32.0,
      7.0,
      15.0,
      10.0,
      7.0,
      11.0,
      0.0,
      9.0,
      47.0,
      6.0,
      10.0,
      17.0,
      7.0,
      10.0,
      10.0,
      11.0,
      10.0,
      8.0,
      8.0,
      9.0,
      15.0,
      10.0,
      14.0,
      11.0,
      14.0,
      72.0,
      12.0,
      11.0,
      10.0,
      10.0,
      10.0,
      8.0,
      9.0,
      7.0,
      10.0,
      16.0,
      10.0,
      7.0,
      75.0,
      10.0,
      7.0,
      16.0,
      76.0,
      76.0
    ],
    [
      8.0,
      5.0,
      6.0,
      8.0,
      13.0,
      8.0,
      31.0,
      4.0,
      17.0,
      13.0,
      10.0,
      8.0,
      9.0,
      0.0,
      49.0,
      9.0,
      7.0,
      18.0,
      11.0,
      1.0,
      6.0,
      7.0,
      4.0,
      4.0,
      7.0,
      6.0,
      13.0,
      8.0,
      15.0,
      7.0,
      12.0,
      71.0,
      9.0,
      9.0,
      8.0,
      6.0,
      6.0,
      9.0,
      12.0,
      8.0,
      8.0,
      15.0,
      8.0,
      10.0,
      76.0,
      11.0,
      3.0,
      6.0,
      77.0,
      78.0
    ],
    [
      54.0,
      49.0,
      51.0,
      52.0,
      53.0,
      51.0,
      74.0,
      49.0,
      55.0,
      50.0,
      48.0,
      53.0,
      47.0,
      49.0,
      0.0,
      50.0,
      53.0,
      50.0,
      49.0,
      52.0,
      52.0,
      53.0,
      52.0,
      50.0,
      52.0,
      52.0,
      59.0,
      53.0,
      55.0,
      53.0,
      57.0,
      116.0,
      55.0,
      54.0,
      54.0,
      54.0,
      54.0,
      50.0,
      52.0,
      49.0,
      54.0,
      60.0,
      54.0,
      46.0,
      84.0,
      53.0,
      50.0,
      48.0,
      86.0,
      86.0
    ],
    [
      13.0,
      9.0,
      11.0,
      11.0,
      12.0,
      11.0,
      34.0,
      8.0,
      16.0,
      12.0,
      8.0,
      12.0,
      6.0,
      9.0,
      50.0,
      0.0,
      11.0,
      18.0,
      8.0,
      11.0,
      11.0,
      12.0,
      12.0,
      9.0,
      9.0,
      10.0,
      17.0,
      12.0,
      15.0,
      12.0,
      15.0,
      74.0,
      14.0,
      13.0,
      12.0,
      12.0,
      12.0,
      9.0,
      11.0,
      9.0,
      12.0,
      18.0,
      12.0,
      9.0,
      77.0,
      11.0,
      9.0,
      20.0,
      78.0,
      79.0
    ],
    [
      11.0,
      7.0,
      3.0,
      7.0,
      14.0,
      8.0,
      28.0,
      8.0,
      17.0,
      13.0,
      8.0,
      4.0,
      10.0,
      7.0,
      53.0,
      11.0,
      0.0,
      22.0,
      6.0,
      8.0,
      7.0,
      7.0,
      7.0,
      8.0,
      9.0,
      5.0,
      12.0,
      10.0,
      18.0,
      7.0,
      6.0,
      71.0,
      8.0,
      31.0,
      10.0,
      14.0,
      9.0,
      12.0,
      6.0,
      12.0,
      9.0,
      16.0,
      7.0,
      13.0,
      81.0,
      14.0,
      6.0,
      10.0,
      82.0,
      82.0
    ],
    [
      21.0,
      17.0,
      20.0,
      20.0,
      21.0,
      20.0,
      41.0,
      17.0,
      24.0,
      18.0,
      17.0,
      21.0,
      17.0,
      18.0,
      50.0,
      18.0,
      22.0,
      0.0,
      37.0,
      40.0,
      39.0,
      41.0,
      40.0,
      38.0,
      40.0,
      39.0,
      46.0,
      41.0,
      44.0,
      40.0,
      44.0,
      104.0,
      42.0,
      42.0,
      41.0,
      42.0,
      42.0,
      37.0,
      39.0,
      37.0,
      41.0,
      47.0,
      41.0,
      36.0,
      88.0,
      40.0,
      37.0,
      36.0,
      89.0,
      90.0
    ],
    [
      6.0,
