{
  "drive_dist_matrix": [
    [
      0.0,
      10.5,
      10.9,
      8.7,
      10.6,
      11.6,
      11.9,
      1.7,
      11.3,
      11.3,
      8.4,
      8.5,
      13.6,
      13.4,
      7.0,
      11.3,
      11.8,
      10.5,
      15.4,
      11.7,
      10.0,
      3.4,
      12.8,
      18.0,
      11.7,
      9.3,
      63.5,
      16.5,
      11.2,
      16.0,
      60.7,
      15.1,
      10.4,
      5.5,
      19.3,
      9.4,
      26.1,
      5.0,
      11.7,
      17.4,
      19.4,
      8.1,
      12.8,
      7.9,
      11.6,
      14.6,
      12.6,
      27.6,
      11.6,
      14.8,
      10.4,
      8.7,
      1.9,
      1.7,
      14.5,
      9.1,
      14.3,
      8.4,
      21.1,
      9.6
    ],
    [
      10.5,
      0.0,
      3.1,
      3.0,
      0.8,
      7.6,
      7.8,
      12.9,
      7.4,
      7.0,
      12.8,
      3.3,
      10.7,
      9.5,
      11.6,
      7.3,
      0.85,
      18.6,
      11.3,
      2.1,
      19.1,
      12.7,
      8.9,
      25.2,
      2.1,
      18.5,
      35.6,
      13.1,
      5.7,
      12.4,
      32.7,
      12.2,
      10.0,
      12.0,
      23.0,
      12.9,
      16.2,
      7.8,
      5.4,
      7.5,
      7.7,
      15.8,
      4.1,
      8.2,
      0.15,
      5.5,
      19.8,
      22.3,
      0.16,
      11.9,
      18.6,
      16.4,
      11.3,
      12.6,
      23.8,
      10.4,
      6.8,
      8.2,
      4.8,
      18.7
    ],
    [
      10.9,
      3.1,
      0.0,
      4.7,
      1.5,
      6.1,
      6.3,
      13.0,
      5.8,
      5.5,
      11.2,
      5.4,
      9.2,
      7.9,
      10.1,
      5.8,
      3.6,
      19.6,
      9.7,
      1.2,
      18.4,
      13.1,
      7.4,
      25.7,
      1.2,
      19.0,
      33.2,
      11.6,
      4.2,
      10.9,
      30.3,
      10.6,
      8.5,
      10.5,
      27.0,
      11.3,
      13.9,
      8.3,
      3.8,
      5.1,
      7.2,
      14.3,
      2.6,
      6.7,
      3.4,
      3.1,
      20.3,
      20.8,
      3.4,
      10.3,
      18.4,
      14.9,
      11.7,
      12.7,
      24.2,
      8.9,
      4.4,
      6.7,
      7.1,
      17.2
    ],
    [
      8.7,
      3.0,
      4.7,
      0.0,
      4.3,
      9.4,
      9.6,
      10.9,
      9.1,
      8.8,
      14.5,
      1.0,
      12.5,
      11.2,
      11.1,
      9.1,
      3.6,
      18.4,
      13.0,
      5.9,
      17.9,
      10.7,
      10.7,
      24.5,
      5.9,
      16.6,
      38.4,
      14.9,
      7.5,
      14.1,
      35.5,
      13.9,
      9.7,
      11.6,
      20.4,
      14.6,
      19.0,
      4.6,
      7.1,
      10.3,
      12.3,
      15.4,
      6.2,
      7.8,
      3.4,
      8.3,
      19.1,
      24.1,
      3.4,
      13.6,
      24.9,
      16.0,
      9.3,
      10.7,
      21.8,
      10.0,
      9.5,
      7.7,
      5.6,
      17.5
    ],
    [
      10.6,
      0.8,
      1.5,
      4.3,
      0.0,
      6.7,
      6.9,
      12.1,
      6.4,
      6.1,
      11.8,
      4.6,
      9.7,
      8.5,
      10.6,
      6.4,
      0.21,
      20.1,
      10.3,
      1.2,
      19.0,
      12.8,
      7.9,
      25.3,
      1.2,
      18.6,
      34.7,
      12.2,
      4.8,
      11.4,
      31.8,
      11.2,
      9.1,
      11.1,
      24.1,
      11.9,
      15.3,
      8.0,
      4.4,
      6.6,
      6.8,
      14.8,
      3.2,
      7.3,
      1.0,
      4.6,
      19.9,
      21.3,
      0.75,
      10.9,
      19.8,
      15.4,
      11.4,
      11.8,
      23.9,
      9.4,
      5.8,
      7.2,
      6.1,
      17.7
    ],
    [
      11.6,
      7.6,
      6.1,
      9.4,
      6.7,
      0.0,
      1.5,
      10.2,
      0.95,
      1.5,
      6.8,
      10.4,
      3.6,
      3.6,
      6.7,
      2.2,
      9.3,
      16.1,
      5.2,
      7.2,
      13.2,
      13.8,
      3.1,
      26.3,
      7.2,
      19.6,
      37.6,
      7.0,
      2.7,
      6.3,
      34.7,
      5.1,
      4.1,
      7.3,
      27.7,
      6.9,
      18.2,
      9.5,
      3.8,
      9.5,
      11.5,
      10.7,
      3.7,
      3.9,
      9.2,
      5.0,
      20.9,
      16.2,
      9.2,
      4.8,
      19.8,
      11.2,
      10.9,
      9.9,
      24.9,
      4.4,
      4.1,
      3.8,
      12.9,
      13.7
    ],
    [
      11.9,
      7.8,
      6.3,
      9.6,
      6.9,
      1.5,
      0.0,
      12.5,
      0.85,
      4.6,
      11.2,
      12.7,
      5.2,
      2.3,
      9.6,
      4.6,
      11.7,
      20.5,
      3.4,
      8.6,
      17.6,
      16.2,
      2.2,
      28.7,
      8.6,
      22.0,
      39.2,
      5.3,
      5.0,
      4.5,
      36.3,
      6.6,
      8.0,
      10.1,
      30.1,
      10.4,
      19.9,
      11.9,
      5.4,
      11.1,
      13.2,
      15.1,
      5.4,
      6.3,
      11.5,
      6.6,
      23.3,
      14.5,
      11.6,
      6.3,
      24.2,
      15.6,
      13.3,
      12.3,
      27.3,
      8.4,
      5.8,
      6.2,
      15.3,
      18.0
    ],
    [
      1.7,
      12.9,
      13.0,
      10.9,
      12.1,
      10.2,
      12.5,
      0.0,
      10.0,
      10.0,
      7.1,
      11.4,
      12.3,
      12.1,
      5.7,
      10.0,
      15.3,
      9.2,
      14.1,
      13.2,
      8.7,
      5.2,
      11.5,
      19.8,
      13.2,
      11.0,
      44.2,
      15.2,
      9.9,
      14.7,
      41.3,
      13.8,
      9.1,
      4.2,
      21.1,
      8.2,
      24.8,
      8.0,
      10.2,
      16.1,
      18.1,
      6.8,
      11.5,
      6.6,
      15.1,
      13.3,
      14.4,
      25.1,
      15.2,
      13.5,
      9.1,
      7.4,
      2.4,
      0.8,
      16.3,
      7.8,
      13.0,
      7.2,
      22.5,
      8.3
    ],
    [
      11.3,
      7.4,
      5.8,
      9.1,
      6.4,
      0.95,
      0.85,
      10.0,
      0.0,
      1.2,
      7.7,
      9.9,
      4.5,
      3.2,
      7.1,
      1.3,
      8.5,
      17.0,
      4.4,
      6.2,
      14.1,
      13.7,
      3.2,
      26.2,
      6.2,
      19.5,
      36.8,
      6.3,
      2.6,
      5.5,
      33.9,
      6.0,
      5.0,
      7.6,
      27.6,
      7.8,
      17.5,
      9.4,
      3.0,
      8.7,
      10.8,
      11.7,
      3.0,
      3.8,
      8.3,
      4.2,
      20.8,
      15.5,
      8.3,
      5.7,
      20.8,
      12.1,
      10.8,
      9.8,
      24.8,
      5.4,
      3.4,
      3.7,
      11.9,
      14.6
    ],
    [
      11.3,
      7.0,
      5.5,
      8.8,
      6.1,
      1.5,
      4.6,
      10.0,
      1.2,
      0.0,
      7.4,
      9.0,
      4.6,
      4.0,
      6.2,
      0.4,
      8.0,
      15.8,
      5.3,
      5.9,
      13.8,
      12.8,
      3.6,
      25.4,
      5.9,
      18.6,
      36.8,
      7.1,
      1.1,
      6.4,
      34.0,
      6.1,
      4.7,
      6.7,
      26.7,
      7.5,
      17.5,
      8.5,
      2.4,
      8.6,
      10.8,
      10.4,
      2.9,
      2.9,
      7.8,
      4.7,
      19.9,
      16.3,
      7.8,
      5.8,
      20.4,
      11.8,
      9.9,
      8.9,
      23.9,
      5.0,
      3.9,
      2.8,
      11.5,
      13.3
    ],
    [
      8.4,
      12.8,
      11.2,
      14.5,
      11.8,
      6.8,
      11.2,
      7.1,
      7.7,
      7.4,
      0.0,
      15.0,
      10.3,
      12.7,
      2.0,
      10.6,
      15.9,
      9.3,
      12.5,
      13.8,
      6.4,
      14.5,
      12.1,
      27.0,
      13.8,
      17.6,
      44.8,
      10.3,
      10.5,
      9.9,
      41.9,
      11.8,
      5.8,
      4.4,
      36.1,
      4.1,
      25.4,
      11.6,
      10.8,
      16.7,
      18.7,
      3.9,
      11.5,
      7.7,
      15.7,
      13.9,
      21.6,
      21.2,
      15.7,
      11.5,
      13.0,
      4.4,
      8.6,
      6.4,
      21.3,
      4.7,
      12.4,
      7.8,
      26.1,
      6.8
    ],
    [
      8.5,
      3.3,
      5.4,
      1.0,
      4.6,
      10.4,
      12.7,
      11.4,
      9.9,
      9.0,
      15.0,
      0.0,
      11.5,
      10.3,
      10.2,
      8.2,
      3.5,
      17.9,
      12.1,
      5.0,
      17.4,
      11.9,
      9.7,
      24.4,
      5.0,
      17.7,
      37.4,
      13.9,
      6.6,
      13.3,
      34.6,
      13.0,
      8.7,
      10.6,
      21.4,
      13.7,
      18.1,
      7.1,
      6.2,
      9.4,
      11.4,
      14.4,
      5.4,
      6.8,
      3.3,
      7.4,
      19.0,
      23.1,
      3.3,
      12.7,
      17.8,
      15.0,
      10.5,
      11.8,
      23.0,
      9.1,
      8.6,
      6.8,
      6.6,
      17.3
    ],
    [
      13.6,
      10.7,
      9.2,
      12.5,
      9.7,
      3.6,
      5.2,
      12.3,
      4.5,
      4.6,
      10.3,
      11.5,
      0.0,
      6.5,
      8.0,
      4.9,
      12.0,
      17.4,
      5.2,
      9.5,
      14.5,
      16.2,
      5.7,
      28.7,
      9.5,
      22.0,
      40.2,
      9.7,
      5.3,
      8.9,
      37.3,
      1.7,
      5.4,
      8.6,
      30.1,
      8.2,
      20.8,
      11.9,
      6.4,
      12.1,
      14.1,
      12.0,
      6.4,
      6.3,
      11.8,
      7.6,
      23.3,
      18.8,
      11.8,
      1.4,
      21.1,
      12.5,
      13.3,
      12.3,
      27.3,
      5.7,
      6.7,
      6.2,
      15.5,
      14.9
    ],
    [
      13.4,
      9.5,
      7.9,
      11.2,
      8.5,
      3.6,
      2.3,
      12.1,
      3.2,
      4.0,
      12.7,
      10.3,
      6.5,
      0.0,
      7.7,
      2.7,
      9.1,
      17.2,
      5.2,
      6.7,
      16.0,
      14.3,
      1.4,
      26.8,
      6.7,
      20.1,
      37.4,
      7.0,
      3.1,
      6.3,
      34.5,
      6.6,
      5.6,
      8.1,
      28.1,
      8.4,
      18.0,
      9.9,
      3.6,
      9.3,
      11.3,
      11.8,
      3.6,
      4.3,
      8.9,
      4.8,
      21.4,
      16.2,
      8.9,
      6.3,
      21.3,
      12.4,
      11.4,
      10.3,
      25.3,
      5.9,
      3.9,
      4.2,
      13.3,
      14.7
    ],
    [
      7.0,
      11.6,
      10.1,
      11.1,
      10.6,
      6.7,
      9.6,
      5.7,
      7.1,
      6.2,
      2.0,
      10.2,
      8.0,
      7.7,
      0.0,
      6.8,
      12.1,
      11.1,
      9.6,
      10.0,
      9.9,
      14.1,
      8.4,
      26.6,
      10.0,
      19.9,
      41.0,
      10.8,
      6.8,
      10.3,
      38.1,
      9.4,
      4.8,
      0.8,
      27.9,
      5.9,
      21.6,
      9.8,
      7.1,
      12.9,
      14.9,
      5.7,
      7.7,
      4.0,
      12.0,
      10.2,
      21.2,
      21.7,
      12.0,
      9.1,
      14.8,
      6.3,
      9.4,
      7.2,
      23.1,
      3.6,
      9.8,
      4.1,
      24.3,
      8.6
    ],
    [
      11.3,
      7.3,
      5.8,
      9.1,
      6.4,
      2.2,
      4.6,
      10.0,
      1.3,
      0.4,
      10.6,
      8.2,
      4.9,
      2.7,
      6.8,
      0.0,
      7.9,
      15.7,
      5.4,
      5.8,
      13.8,
      12.8,
      3.5,
      25.3,
      5.8,
      18.6,
      36.8,
      7.2,
      1.1,
      6.5,
      33.9,
      6.2,
      4.6,
      6.7,
      26.7,
      7.5,
      17.5,
      8.5,
      1.3,
      8.7,
      10.8,
      10.4,
      2.9,
      2.9,
      7.8,
      4.7,
      19.9,
      16.4,
      7.8,
      5.9,
      20.4,
      11.0,
      9.9,
      8.9,
      23.9,
      5.0,
      4.3,
      2.8,
      11.5,
      13.3
    ],
    [
      11.8,
      0.85,
      3.6,
      3.6,
      0.21,
      9.3,
      11.7,
      15.3,
      8.5,
      8.0,
      15.9,
      3.5,
      12.0,
      9.1,
      12.1,
      7.9,
      0.0,
      18.9,
      11.2,
      2.1,
      19.1,
      12.7,
      8.9,
      25.2,
      2.1,
      18.5,
      35.6,
      13.1,
      5.7,
      12.4,
      32.7,
      12.1,
      10.0,
      12.0,
      23.5,
      12.8,
      16.2,
      7.8,
      5.4,
      7.5,
      7.7,
      15.8,
      4.1,
      8.2,
      1.0,
      5.5,
      19.8,
      22.3,
      0.8,
      11.8,
      21.1,
      16.4,
      11.2,
      12.6,
      23.7,
      10.4,
      6.7,
      8.2,
      5.3,
      18.7
    ],
    [
      10.5,
      18.6,
      19.6,
      18.4,
      20.1,
      16.1,
      20.5,
      9.2,
      17.0,
      15.8,
      9.3,
      17.9,
      17.4,
      17.2,
      11.1,
      15.7,
      18.9,
      0.0,
      19.8,
      20.4,
      4.9,
      12.1,
      18.8,
      23.0,
      20.4,
      12.4,
      67.4,
      17.6,
      17.2,
      17.2,
      64.6,
      21.0,
      13.3,
      10.6,
      29.9,
      11.4,
      32.1,
      15.2,
      17.6,
      23.2,
      25.4,
      9.0,
      18.8,
      13.9,
      20.6,
      20.7,
      17.6,
      19.8,
      20.7,
      20.8,
      4.0,
      6.8,
      12.2,
      10.1,
      12.3,
      12.0,
      20.2,
      14.4,
      29.8,
      4.5
    ],
    [
      15.4,
      11.3,
      9.7,
      13.0,
      10.3,
      5.2,
      3.4,
      14.1,
      4.4,
      5.3,
      12.5,
      12.1,
      5.2,
      5.2,
      9.6,
      5.4,
      11.2,
      19.8,
      0.0,
      9.7,
      15.8,
      17.3,
      3.7,
      29.8,
      9.7,
      23.1,
      40.4,
      4.1,
      6.2,
      2.8,
      37.5,
      3.5,
      7.7,
      11.2,
      30.9,
      8.7,
      21.0,
      13.0,
      6.6,
      12.3,
      14.3,
      13.4,
      6.6,
      7.3,
      12.3,
      7.8,
      24.4,
      13.3,
      12.3,
      0.9,
      22.5,
      13.9,
      14.4,
      13.4,
      28.4,
      8.6,
      6.9,
      7.3,
      16.1,
      16.3
    ],
    [
      11.7,
      2.1,
      1.2,
      5.9,
      1.2,
      7.2,
      8.6,
      13.2,
      6.2,
      5.9,
      13.8,
      5.0,
      9.5,
      6.7,
      10.0,
      5.8,
      2.1,
      20.4,
      9.7,
      0.0,
      19.1,
      13.7,
      8.1,
      26.2,
      NaN,
      19.5,
      33.9,
      12.3,
      4.9,
      11.6,
      31.0,
      11.3,
      9.2,
      11.2,
      27.6,
      12.0,
      14.6,
      8.9,
      4.6,
      5.8,
      6.5,
      15.0,
      3.3,
      7.4,
      2.4,
      3.8,
      20.8,
      21.5,
      2.4,
      11.0,
      20.0,
      15.6,
      14.5,
      13.4,
      24.8,
      9.6,
      5.1,
      7.4,
      6.1,
      17.9
    ],
    [
      10.0,
      19.1,
      18.4,
      17.9,
      19.0,
      13.2,
      17.6,
      8.7,
      14.1,
      13.8,
      6.4,
      17.4,
      14.5,
      16.0,
      9.9,
      13.8,
      19.1,
      4.9,
      15.8,
      19.1,
      0.0,
      13.8,
      17.2,
      24.8,
      18.9,
      13.9,
      69.2,
      16.7,
      15.6,
      16.3,
      66.4,
      18.2,
      12.2,
      9.5,
      31.7,
      9.3,
      30.5,
      14.7,
      15.9,
      21.8,
      23.8,
      5.8,
      16.6,
      12.8,
      20.8,
      19.0,
      19.4,
      16.4,
      20.8,
      17.9,
      9.4,
      3.8,
      11.7,
      9.6,
      18.5,
      11.0,
      18.7,
      13.9,
      29.3,
      3.5
    ],
    [
      3.4,
      12.7,
      13.1,
      10.7,
      12.8,
      13.8,
      16.2,
      5.2,
      13.7,
      12.8,
      14.5,
      11.9,
      16.2,
      14.3,
      14.1,
      12.8,
      12.7,
      12.1,
      17.3,
      13.7,
      13.8,
      0.0,
      15.2,
      16.8,
      14.6,
      6.3,
      62.5,
      18.9,
      13.6,
      18.4,
      59.7,
      17.5,
      12.9,
      10.1,
      20.2,
      12.9,
      28.5,
      7.6,
      13.9,
      19.8,
      21.8,
      11.5,
      15.2,
      10.4,
      14.5,
      17.1,
      11.4,
      28.8,
      14.5,
      17.2,
      8.9,
      12.1,
      5.4,
      5.1,
      11.5,
      13.2,
      16.7,
      10.9,
      20.6,
      14.2
    ],
    [
      12.8,
      8.9,
      7.4,
      10.7,
      7.9,
      3.1,
      2.2,
      11.5,
      3.2,
      3.6,
      12.1,
      9.7,
      5.7,
      1.4,
      8.4,
      3.5,
      8.9,
      18.8,
      3.7,
      8.1,
      17.2,
      15.2,
      0.0,
      27.3,
      7.3,
      20.6,
      37.9,
      5.4,
      3.6,
      4.7,
      35.0,
      6.7,
      6.1,
      8.6,
      28.6,
      8.9,
      18.6,
      10.4,
      4.1,
      9.8,
      11.9,
      12.4,
      4.1,
      4.8,
      10.1,
      4.7,
      21.9,
      14.6,
      10.1,
      6.4,
      21.9,
      13.0,
      11.9,
      10.8,
      25.9,
      6.5,
      3.8,
      4.8,
      13.9,
      15.3
    ],
    [
      18.0,
      25.2,
      25.7,
      24.5,
      25.3,
      26.3,
      28.7,
      19.8,
      26.2,
      25.4,
      27.0,
      24.4,
      28.7,
      26.8,
      26.6,
      25.3,
      25.2,
      23.0,
      29.8,
      26.2,
      24.8,
      16.8,
      27.3,
      0.0,
      27.0,
      12.0,
      64.6,
      31.3,
      26.1,
      30.9,
      61.8,
      30.0,
      25.3,
      22.5,
      22.3,
      31.4,
      38.9,
      23.2,
      26.4,
      32.3,
      34.4,
      26.2,
      27.7,
      22.8,
      27.7,
      29.5,
      6.6,
      41.3,
      27.8,
      29.7,
      19.5,
      26.8,
      19.8,
      19.5,
      17.0,
      25.7,
      29.2,
      23.3,
      28.5,
      24.5
    ],
    [
      11.7,
      2.1,
      1.2,
      5.9,
      1.2,
      7.2,
      8.6,
      13.2,
      6.2,
      5.9,
      13.8,
      5.0,
      9.5,
      6.7,
      10.0,
      5.8,
      2.1,
      20.4,
      9.7,
      NaN,
      18.9,
      14.6,
      7.3,
      27.0,
      0.0,
      19.5,
      33.9,
      12.3,
      4.9,
      11.6,
      31.0,
      11.3,
      9.2,
      11.2,
      27.6,
      12.0,
      14.6,
      8.9,
      4.6,
      5.8,
      6.5,
      15.0,
      3.3,
      7.4,
      2.4,
      3.8,
      20.8,
      21.5,
      2.4,
      11.0,
      18.9,
      15.6,
      12.3,
      13.4,
      24.8,
      9.6,
      5.1,
      7.4,
      6.1,
      17.9
    ],
    [
      9.3,
      18.5,
      19.0,
      16.6,
      18.6,
      19.6,
      22.0,
      11.0,
      19.5,
      18.6,
      17.6,
      17.7,
      22.0,
      20.1,
      19.9,
      18.6,
      18.5,
      12.4,
      23.1,
      19.5,
      13.9,
      6.3,
      20.6,
      12.0,
      19.5,
      0.0,
      62.0,
      24.7,
      19.4,
      24.2,
      59.2,
      23.3,
      18.6,
      15.9,
      19.8,
      18.9,
      34.3,
      13.4,
      19.7,
      25.6,
      27.6,
      15.5,
      21.0,
      16.1,
      20.3,
      22.9,
      6.4,
      30.0,
      20.3,
      23.0,
      7.9,
      16.2,
      11.2,
      10.9,
      6.6,
      19.0,
      22.5,
      16.7,
      26.0,
      14.0
    ],
    [
      63.5,
      35.6,
      33.2,
      38.4,
      34.7,
      37.6,
      39.2,
      44.2,
      36.8,
      36.8,
      44.8,
      37.4,
      40.2,
      37.4,
      41.0,
      36.8,
      35.6,
      67.4,
      40.4,
      33.9,
      69.2,
      62.5,
      37.9,
      64.6,
      33.9,
      62.0,
      0.0,
      41.6,
      36.1,
      41.5,
      4.5,
      42.5,
      40.4,
      42.4,
      50.2,
      43.2,
      21.5,
      45.3,
      35.7,
      29.5,
      26.8,
      72.4,
      34.5,
      38.6,
      35.1,
      33.3,
      59.8,
      69.6,
      35.1,
      42.2,
      65.6,
      73.0,
      66.2,
      65.9,
      70.1,
      40.7,
      34.5,
      38.5,
      34.7,
      70.7
    ],
    [
      16.5,
      13.1,
      11.6,
      14.9,
      12.2,
      7.0,
      5.3,
      15.2,
      6.3,
      7.1,
      10.3,
      13.9,
      9.7,
      7.0,
      10.8,
      7.2,
      13.1,
      17.6,
      4.1,
      12.3,
      16.7,
      18.9,
      5.4,
      31.3,
      12.3,
      24.7,
      41.6,
      0.0,
      8.2,
      2.1,
      38.6,
      7.5,
      7.0,
      10.5,
      33.2,
      8.0,
      22.1,
      15.0,
      8.6,
      14.3,
      16.3,
      12.7,
      8.5,
      9.2,
      14.3,
      9.8,
      26.5,
      10.8,
      14.3,
      7.2,
      21.8,
      13.2,
      17.4,
      15.2,
      30.4,
      7.9,
      8.9,
      9.4,
      18.0,
      15.6
    ],
    [
      11.2,
      5.7,
      4.2,
      7.5,
      4.8,
      2.7,
      5.0,
      9.9,
      2.6,
      1.1,
      10.5,
      6.6,
      5.3,
      3.1,
      6.8,
      1.1,
      5.7,
      17.2,
      6.2,
      4.9,
      15.6,
      13.6,
      3.6,
      26.1,
      4.9,
      19.4,
      36.1,
      8.2,
      0.0,
      7.1,
      33.8,
      6.7,
      4.6,
      6.6,
      26.6,
      7.4,
      17.3,
      8.4,
      0.3,
      8.6,
      10.6,
      10.3,
      2.8,
      2.8,
      7.7,
      4.7,
      19.8,
      17.0,
      7.7,
      6.4,
      20.3,
      11.7,
      9.8,
      8.8,
      23.8,
      4.9,
      5.0,
      2.7,
      11.4,
      13.2
    ],
    [
      16.0,
      12.4,
      10.9,
      14.1,
      11.4,
      6.3,
      4.5,
      14.7,
      5.5,
      6.4,
      9.9,
      13.3,
      8.9,
      6.3,
      10.3,
      6.5,
      12.4,
      17.2,
      2.8,
      11.6,
      16.3,
      18.4,
      4.7,
      30.9,
      11.6,
      24.2,
      41.5,
      2.1,
      7.1,
      0.0,
      39.0,
      7.4,
      4.9,
      8.5,
      31.1,
      5.9,
      22.5,
      12.9,
      8.9,
      15.3,
      17.3,
      10.6,
      9.4,
      7.2,
      14.3,
      11.5,
      24.4,
      12.9,
      14.3,
      7.1,
      19.7,
      11.1,
      15.3,
      13.1,
      28.3,
      5.8,
      10.7,
      7.3,
      18.0,
      13.5
    ],
    [
      60.7,
      32.7,
      30.3,
      35.5,
      31.8,
      34.7,
      36.3,
      41.3,
      33.9,
      34.0,
      41.9,
      34.6,
      37.3,
      34.5,
      38.1,
      33.9,
      32.7,
      64.6,
      37.5,
      31.0,
      66.4,
      59.7,
      35.0,
      61.8,
      31.0,
      59.2,
      4.5,
      38.6,
      33.8,
      39.0,
      0.0,
      39.6,
      37.5,
      39.5,
      47.4,
      40.3,
      18.6,
      60.0,
      32.8,
      26.6,
      23.9,
      69.6,
      31.6,
      35.7,
      32.2,
      30.4,
      57.1,
      66.6,
      32.2,
      39.3,
      62.9,
      70.2,
      63.4,
      63.1,
      67.3,
      37.8,
      31.6,
      35.6,
      31.8,
      67.9
    ],
    [
      15.1,
      12.2,
      10.6,
      13.9,
      11.2,
      5.1,
      6.6,
      13.8,
      6.0,
      6.1,
      11.8,
      13.0,
      1.7,
      6.6,
      9.4,
      6.2,
      12.1,
      21.0,
      3.5,
      11.3,
      18.2,
      17.5,
      6.7,
      30.0,
      11.3,
      23.3,
      42.5,
      7.5,
      6.7,
      7.4,
      39.6,
      0.0,
      3.7,
      6.9,
      28.4,
      6.5,
      19.1,
      10.2,
      4.7,
      10.4,
      12.4,
      10.3,
      4.7,
      4.6,
      10.1,
      5.9,
      21.6,
      17.1,
      10.1,
      3.1,
      19.4,
      10.8,
      11.6,
      10.6,
      25.6,
      4.0,
      5.0,
      4.5,
      13.8,
      13.2
    ],
    [
      10.4,
      10.0,
      8.5,
      9.7,
      9.1,
      4.1,
      8.0,
      9.1,
      5.0,
      4.7,
      5.8,
      8.7,
      5.4,
      5.6,
      4.8,
      4.6,
      10.0,
      13.3,
      7.7,
      9.2,
      12.2,
      12.9,
      6.1,
      25.3,
      9.2,
      18.6,
      40.4,
      7.0,
      4.6,
      4.9,
      37.5,
      3.7,
      0.0,
      5.1,
      27.6,
      3.7,
      21.6,
      9.7,
      7.0,
      12.8,
      14.9,
      7.3,
      7.0,
      3.9,
      11.9,
      8.8,
      21.1,
      17.0,
      11.9,
      7.4,
      16.4,
      7.7,
      12.0,
      9.8,
      25.1,
      1.4,
      8.3,
      4.0,
      24.2,
      10.2
    ],
    [
      5.5,
      12.0,
      10.5,
      11.6,
      11.1,
      7.3,
      10.1,
      4.2,
      7.6,
      6.7,
      4.4,
      10.6,
      8.6,
      8.1,
      0.8,
      6.7,
      12.0,
      10.6,
      11.2,
      11.2,
      9.5,
      10.1,
      8.6,
      22.5,
      11.2,
      15.9,
      42.4,
      10.5,
      6.6,
      8.5,
      39.5,
      6.9,
      5.1,
      0.0,
      25.6,
      5.5,
      22.5,
      7.8,
      7.9,
      13.8,
      15.8,
      4.1,
      8.6,
      4.8,
      12.8,
      11.1,
      17.8,
      21.0,
      12.9,
      10.3,
      13.2,
      4.7,
      7.8,
      5.6,
      23.1,
      3.0,
      10.7,
      5.0,
      22.4,
      7.0
    ],
    [
      19.3,
      23.0,
      27.0,
      20.4,
      24.1,
      27.7,
      30.1,
      21.1,
      27.6,
      26.7,
      36.1,
      21.4,
      30.1,
      28.1,
      27.9,
      26.7,
      23.5,
      29.9,
      30.9,
      27.6,
      31.7,
      20.2,
      28.6,
      22.3,
      27.6,
      19.8,
      50.2,
      33.2,
      26.6,
      31.1,
      47.4,
      28.4,
      27.6,
      25.6,
      0.0,
      29.6,
      29.9,
      18.5,
      27.2,
      24.4,
      25.4,
      28.6,
      21.8,
      24.2,
      18.7,
      23.6,
      16.0,
      43.0,
      18.8,
      30.5,
      21.8,
      29.2,
      22.4,
      22.1,
      26.3,
      26.5,
      30.0,
      24.1,
      19.5,
      26.9
    ],
    [
      9.4,
      12.9,
      11.3,
      14.6,
      11.9,
      6.9,
      10.4,
      8.2,
      7.8,
      7.5,
      4.1,
      13.7,
      8.2,
      8.4,
      5.9,
      7.5,
      12.8,
      11.4,
      8.7,
      12.0,
      9.3,
      12.9,
      8.9,
      31.4,
      12.0,
      18.9,
      43.2,
      8.0,
      7.4,
      5.9,
      40.3,
      6.5,
      3.7,
      5.5,
      29.6,
      0.0,
      23.8,
      11.9,
      9.2,
      15.1,
      17.1,
      6.1,
      9.5,
      6.2,
      14.1,
      11.3,
      23.8,
      15.9,
      14.2,
      9.9,
      15.2,
      6.6,
      10.8,
      8.6,
      25.2,
      4.2,
      10.8,
      6.3,
      17.9,
      9.0
    ],
    [
      26.1,
      16.2,
      13.9,
      19.0,
      15.3,
      18.2,
      19.9,
      24.8,
      17.5,
      17.5,
      25.4,
      18.1,
      20.8,
      18.0,
      21.6,
      17.5,
      16.2,
      32.1,
      21.0,
      14.6,
      30.5,
      28.5,
      18.6,
      38.9,
      14.6,
      34.3,
      21.5,
      22.1,
      17.3,
      22.5,
      18.6,
      19.1,
      21.6,
      22.5,
      29.9,
      23.8,
      0.0,
      26.6,
      17.0,
      10.7,
      8.0,
      27.4,
      15.7,
      19.8,
      16.3,
      14.5,
      33.7,
      32.0,
      16.3,
      23.4,
      39.5,
      28.7,
      26.9,
      25.8,
      43.9,
      22.0,
      15.8,
      19.8,
      15.9,
      30.3
    ],
    [
      5.0,
      7.8,
      8.3,
      4.6,
      8.0,
      9.5,
      11.9,
      8.0,
      9.4,
      8.5,
      11.6,
      7.1,
      11.9,
      9.9,
      9.8,
      8.5,
      7.8,
      15.2,
      13.0,
      8.9,
      14.7,
      7.6,
      10.4,
      23.2,
      8.9,
      13.4,
      45.3,
      15.0,
      8.4,
      12.9,
      60.0,
      10.2,
      9.7,
      7.8,
      18.5,
      11.9,
      26.6,
      0.0,
      8.7,
      13.1,
      15.1,
      10.8,
      10.0,
      5.1,
      8.7,
      11.8,
      13.2,
      23.5,
      8.8,
      11.9,
      14.5,
      11.4,
      4.7,
      6.0,
      17.2,
      7.9,
      11.4,
      5.6,
      15.9,
      12.4
    ],
    [
      11.7,
      5.4,
      3.8,
      7.1,
      4.4,
      3.8,
      5.4,
      10.2,
      3.0,
      2.4,
      10.8,
      6.2,
      6.4,
      3.6,
      7.1,
      1.3,
      5.4,
      17.6,
      6.6,
      4.6,
      15.9,
      13.9,
      4.1,
      26.4,
      4.6,
      19.7,
      35.7,
      8.6,
      0.3,
      8.9,
      32.8,
      4.7,
      7.0,
      7.9,
      27.2,
      9.2,
      17.0,
      8.7,
      0.0,
      7.8,
      9.8,
      11.3,
      1.9,
      2.9,
      6.8,
      3.9,
      19.9,
      16.9,
      6.8,
      6.5,
      20.4,
      11.8,
      9.9,
      8.9,
      23.9,
      5.0,
      4.1,
      2.8,
      10.5,
      14.2
    ],
    [
      17.4,
      7.5,
      5.1,
      10.3,
      6.6,
      9.5,
      11.1,
      16.1,
      8.7,
      8.6,
      16.7,
      9.4,
      12.1,
      9.3,
      12.9,
      8.7,
      7.5,
      23.2,
      12.3,
      5.8,
      21.8,
      19.8,
      9.8,
      32.3,
      5.8,
      25.6,
      29.5,
      14.3,
      8.6,
      15.3,
      26.6,
      10.4,
      12.8,
      13.8,
      24.4,
      15.1,
      10.7,
      13.1,
      7.8,
      0.0,
      3.1,
      17.8,
      6.2,
      10.2,
      7.7,
      4.9,
      25.0,
      23.1,
      7.7,
      13.9,
      21.9,
      19.2,
      17.3,
      14.8,
      29.0,
      12.4,
      6.2,
      10.2,
      9.9,
      20.7
    ],
    [
      19.4,
      7.7,
      7.2,
      12.3,
      6.8,
      11.5,
      13.2,
      18.1,
      10.8,
      10.8,
      18.7,
      11.4,
      14.1,
      11.3,
      14.9,
      10.8,
      7.7,
      25.4,
      14.3,
      6.5,
      23.8,
      21.8,
      11.9,
      34.4,
      6.5,
      27.6,
      26.8,
      16.3,
      10.6,
      17.3,
      23.9,
      12.4,
      14.9,
      15.8,
      25.4,
      17.1,
      8.0,
      15.1,
      9.8,
      3.1,
      0.0,
      19.8,
      8.1,
      12.2,
      9.7,
      6.9,
      27.0,
      25.1,
      9.7,
      15.9,
      23.9,
      21.2,
      19.3,
      16.8,
      31.0,
      14.4,
      8.2,
      12.2,
      10.9,
      22.7
    ],
    [
      8.1,
      15.8,
      14.3,
      15.4,
      14.8,
      10.7,
      15.1,
      6.8,
      11.7,
      10.4,
      3.9,
      14.4,
      12.0,
      11.8,
      5.7,
      10.4,
      15.8,
      9.0,
      13.4,
      15.0,
      5.8,
      11.5,
      12.4,
      26.2,
      15.0,
      15.5,
      72.4,
      12.7,
      10.3,
      10.6,
      69.6,
      10.3,
      7.3,
      4.1,
      28.6,
      6.1,
      27.4,
      10.8,
      11.3,
      17.8,
      19.8,
      0.0,
      12.2,
      8.4,
      16.4,
      14.7,
      22.0,
      23.0,
      16.5,
      13.4,
      11.2,
      1.7,
      9.3,
      7.1,
      21.2,
      6.6,
      14.3,
      8.6,
      26.9,
      5.0
    ],
    [
      12.8,
      4.1,
      2.6,
      6.2,
      3.2,
      3.7,
      5.4,
      11.5,
      3.0,
      2.9,
      11.5,
      5.4,
      6.4,
      3.6,
      7.7,
      2.9,
      4.1,
      18.8,
      6.6,
      3.3,
      16.6,
      15.2,
      4.1,
      27.7,
      3.3,
      21.0,
      34.5,
      8.5,
      2.8,
      9.4,
      31.6,
      4.7,
      7.0,
      8.6,
      21.8,
      9.5,
      15.7,
      10.0,
      1.9,
      6.2,
      8.1,
      12.2,
      0.0,
      4.4,
      5.7,
      2.9,
      21.5,
      18.5,
      5.7,
      8.0,
      21.9,
      13.3,
      11.5,
      10.4,
      25.4,
      6.5,
      3.6,
      4.3,
      9.4,
      14.8
    ],
    [
      7.9,
      8.2,
      6.7,
      7.8,
      7.3,
      3.9,
      6.3,
      6.6,
      3.8,
      2.9,
      7.7,
      6.8,
      6.3,
      4.3,
      4.0,
      2.9,
      8.2,
      13.9,
      7.3,
      7.4,
      12.8,
      10.4,
      4.8,
      22.8,
      7.4,
      16.1,
      38.6,
      9.2,
      2.8,
      7.2,
      35.7,
      4.6,
      3.9,
      4.8,
      24.2,
      6.2,
      19.8,
      5.1,
      2.9,
      10.2,
      12.2,
      8.4,
      4.4,
      0.0,
      9.4,
      7.9,
      18.6,
      19.6,
      9.4,
      8.1,
      17.5,
      9.0,
      8.6,
      7.6,
      22.6,
      3.1,
      7.6,
      0.4,
      21.7,
      11.3
    ],
    [
      11.6,
      0.15,
      3.4,
      3.4,
      1.0,
      9.2,
      11.5,
      15.1,
      8.3,
      7.8,
      15.7,
      3.3,
      11.8,
      8.9,
      12.0,
      7.8,
      1.0,
      20.6,
      12.3,
      2.4,
      20.8,
      14.5,
      10.1,
      27.7,
      2.4,
      20.3,
      35.1,
      14.3,
      7.7,
      14.3,
      32.2,
      10.1,
      11.9,
      12.8,
      18.7,
      14.1,
      16.3,
      8.7,
      6.8,
      7.7,
      9.7,
      16.4,
      5.7,
      9.4,
      0.0,
      6.1,
      20.4,
      22.9,
      0.12,
      12.4,
      21.7,
      17.7,
      11.8,
      13.2,
      24.3,
      11.0,
      7.3,
      8.8,
      5.9,
      19.3
    ],
    [
      14.6,
      5.5,
      3.1,
      8.3,
      4.6,
      5.0,
      6.6,
      13.3,
      4.2,
      4.7,
      13.9,
      7.4,
      7.6,
      4.8,
      10.2,
      4.7,
      5.5,
      20.7,
      7.8,
      3.8,
      19.0,
      17.1,
      4.7,
      29.5,
      3.8,
      22.9,
      33.3,
      9.8,
      4.7,
      11.5,
      30.4,
      5.9,
      8.8,
      11.1,
      23.6,
      11.3,
      14.5,
      11.8,
      3.9,
      4.9,
      6.9,
      14.7,
      2.9,
      7.9,
      6.1,
      0.0,
      23.7,
      19.0,
      6.2,
      9.1,
      24.2,
      15.6,
      13.7,
      12.7,
      27.7,
      8.8,
      1.4,
      6.6,
      9.9,
      17.1
    ],
    [
      12.6,
      19.8,
      20.3,
      19.1,
      19.9,
      20.9,
      23.3,
      14.4,
      20.8,
      19.9,
      21.6,
      19.0,
      23.3,
      21.4,
      21.2,
      19.9,
      19.8,
      17.6,
      24.4,
      20.8,
      19.4,
      11.4,
      21.9,
      6.6,
      20.8,
      6.4,
      59.8,
      26.5,
      19.8,
      24.4,
      57.1,
      21.6,
      21.1,
      17.8,
      16.0,
      23.8,
      33.7,
      13.2,
      19.9,
      25.0,
      27.0,
      22.0,
      21.5,
      18.6,
      20.4,
      23.7,
      0.0,
      34.0,
      21.2,
      23.1,
      12.9,
      20.2,
      13.2,
      13.0,
      11.6,
      19.1,
      22.6,
      16.8,
      21.9,
      18.0
    ],
    [
      27.6,
      22.3,
      20.8,
      24.1,
      21.3,
      16.2,
      14.5,
      25.1,
      15.5,
      16.3,
      21.2,
      23.1,
      18.8,
      16.2,
      21.7,
      16.4,
      22.3,
      19.8,
      13.3,
      21.5,
      16.4,
      28.8,
      14.6,
      41.3,
      21.5,
      30.0,
      69.6,
      10.8,
      17.0,
      12.9,
      66.6,
      17.1,
      17.0,
      21.0,
      43.0,
      15.9,
      32.0,
      23.5,
      16.9,
      23.1,
      25.1,
      23.0,
      18.5,
      19.6,
      22.9,
      19.0,
      34.0,
      0.0,
      23.3,
      16.2,
      24.5,
      21.0,
      26.7,
      23.0,
      60.2,
      18.1,
      17.9,
      18.3,
      27.0,
      18.6
    ],
    [
      11.6,
      0.16,
      3.4,
      3.4,
      0.75,
      9.2,
      11.6,
      15.2,
      8.3,
      7.8,
      15.7,
      3.3,
      11.8,
      8.9,
      12.0,
      7.8,
      0.8,
      20.7,
      12.3,
      2.4,
      20.8,
      14.5,
      10.1,
      27.8,
      2.4,
      20.3,
      35.1,
      14.3,
      7.7,
      14.3,
      32.2,
      10.1,
      11.9,
      12.9,
      18.8,
      14.2,
      16.3,
      8.8,
      6.8,
      7.7,
      9.7,
      16.5,
      5.7,
      9.4,
      0.12,
      6.2,
      21.2,
      23.3,
      0.0,
      12.5,
      21.7,
      17.8,
      11.9,
      13.2,
      24.4,
      11.0,
      7.4,
      8.8,
      5.9,
      19.3
    ],
    [
      14.8,
      11.9,
      10.3,
      13.6,
      10.9,
      4.8,
      6.3,
      13.5,
      5.7,
      5.8,
      11.5,
      12.7,
      1.4,
      6.3,
      9.1,
      5.9,
      11.8,
      20.8,
      0.9,
      11.0,
      17.9,
      17.2,
      6.4,
      29.7,
      11.0,
      23.0,
      42.2,
      7.2,
      6.4,
      7.1,
      39.3,
      3.1,
      7.4,
      10.3,
      30.5,
      9.9,
      23.4,
      11.9,
      6.5,
      13.9,
      15.9,
      13.4,
      8.0,
      8.1,
      12.4,
      9.1,
      23.1,
      16.2,
      12.5,
      0.0,
      19.7,
      11.1,
      11.9,
      10.9,
      25.9,
      4.3,
      5.3,
      4.8,
      14.1,
      13.5
    ],
    [
      10.4,
      18.6,
      18.4,
      24.9,
      19.8,
      19.8,
      24.2,
      9.1,
      20.8,
      20.4,
      13.0,
      17.8,
      21.1,
      21.3,
      14.8,
      20.4,
      21.1,
      4.0,
      22.5,
      20.0,
      9.4,
      8.9,
      21.9,
      19.5,
      18.9,
      7.9,
      65.6,
      21.8,
      20.3,
      19.7,
      62.9,
      19.4,
      16.4,
      13.2,
      21.8,
      15.2,
      39.5,
      14.5,
      20.4,
      21.9,
      23.9,
      11.2,
      21.9,
      17.5,
      21.7,
      24.2,
      12.9,
      24.5,
      21.7,
      19.7,
      0.0,
      10.2,
      14.0,
      9.7,
      9.2,
      12.8,
      19.9,
      14.0,
      29.2,
      8.0
    ],
    [
      8.7,
      16.4,
      14.9,
      16.0,
      15.4,
      11.2,
      15.6,
      7.4,
      12.1,
      11.8,
      4.4,
      15.0,
      12.5,
      12.4,
      6.3,
      11.0,
      16.4,
      6.8,
      13.9,
      15.6,
      3.8,
      12.1,
      13.0,
      26.8,
      15.6,
      16.2,
      73.0,
      13.2,
      11.7,
      11.1,
      70.2,
      10.8,
      7.7,
      4.7,
      29.2,
      6.6,
      28.7,
      11.4,
      11.8,
      19.2,
      21.2,
      1.7,
      13.3,
      9.0,
      17.7,
      15.6,
      20.2,
      21.0,
      17.8,
      11.1,
      10.2,
      0.0,
      9.4,
      7.2,
      22.5,
      6.6,
      14.4,
      8.6,
      26.9,
      5.6
    ],
    [
      1.9,
      11.3,
      11.7,
      9.3,
      11.4,
      10.9,
      13.3,
      2.4,
      10.8,
      9.9,
      8.6,
      10.5,
      13.3,
      11.4,
      9.4,
      9.9,
      11.2,
      12.2,
      14.4,
      14.5,
      11.7,
      5.4,
      11.9,
      19.8,
      12.3,
      11.2,
      66.2,
      17.4,
      9.8,
      15.3,
      63.4,
      11.6,
      12.0,
      7.8,
      22.4,
      10.8,
      26.9,
      4.7,
      9.9,
      17.3,
      19.3,
      9.3,
      11.5,
      8.6,
      11.8,
      13.7,
      13.2,
      26.7,
      11.9,
      11.9,
      14.0,
      9.4,
      0.0,
      2.3,
      16.4,
      9.7,
      13.8,
      8.0,
      22.3,
      10.3
    ],
    [
      1.7,
      12.6,
      12.7,
      10.7,
      11.8,
      9.9,
      12.3,
      0.8,
      9.8,
      8.9,
      6.4,
      11.8,
      12.3,
      10.3,
      7.2,
      8.9,
      12.6,
      10.1,
      13.4,
      13.4,
      9.6,
      5.1,
      10.8,
      19.5,
      13.4,
      10.9,
      65.9,
      15.2,
      8.8,
      13.1,
      63.1,
      10.6,
      9.8,
      5.6,
      22.1,
      8.6,
      25.8,
      6.0,
      8.9,
      14.8,
      16.8,
      7.1,
      10.4,
      7.6,
      13.2,
      12.7,
      13.0,
      23.0,
      13.2,
      10.9,
      9.7,
      7.2,
      2.3,
      0.0,
      16.6,
      7.5,
      12.7,
      6.9,
      22.3,
      8.1
    ],
    [
      14.5,
      23.8,
      24.2,
      21.8,
      23.9,
      24.9,
      27.3,
      16.3,
      24.8,
      23.9,
      21.3,
      23.0,
      27.3,
      25.3,
      23.1,
      23.9,
      23.7,
      12.3,
      28.4,
      24.8,
      18.5,
      11.5,
      25.9,
      17.0,
      24.8,
      6.6,
      70.1,
      30.4,
      23.8,
      28.3,
      67.3,
      25.6,
      25.1,
      23.1,
      26.3,
      25.2,
      43.9,
      17.2,
      23.9,
      29.0,
      31.0,
      21.2,
      25.4,
      22.6,
      24.3,
      27.7,
      11.6,
      60.2,
      24.4,
      25.9,
      9.2,
      22.5,
      16.4,
      16.6,
      0.0,
      21.3,
      24.8,
      19.0,
      31.0,
      16.1
    ],
    [
      9.1,
      10.4,
      8.9,
      10.0,
      9.4,
      4.4,
      8.4,
      7.8,
      5.4,
      5.0,
      4.7,
      9.1,
      5.7,
      5.9,
      3.6,
      5.0,
      10.4,
      12.0,
      8.6,
      9.6,
      11.0,
      13.2,
      6.5,
      25.7,
      9.6,
      19.0,
      40.7,
      7.9,
      4.9,
      5.8,
      37.8,
      4.0,
      1.4,
      3.0,
      26.5,
      4.2,
      22.0,
      7.9,
      5.0,
      12.4,
      14.4,
      6.6,
      6.5,
      3.1,
      11.0,
      8.8,
      19.1,
      18.1,
      11.0,
      4.3,
      12.8,
      6.6,
      9.7,
      7.5,
      21.3,
      0.0,
      8.2,
      2.7,
      22.9,
      11.7
    ],
    [
      14.3,
      6.8,
      4.4,
      9.5,
      5.8,
      4.1,
      5.8,
      13.0,
      3.4,
      3.9,
      12.4,
      8.6,
      6.7,
      3.9,
      9.8,
      4.3,
      6.7,
      20.2,
      6.9,
      5.1,
      18.7,
      16.7,
      3.8,
      29.2,
