{
  "drive_dist_matrix": [
    [
      0.0,
      7.402963999999999,
      5.9545580000000005,
      6.115492,
      5.310822,
      9.977908000000001,
      7.563898,
      7.402963999999999,
      9.173238,
      7.724831999999999,
      14.323126,
      17.380872,
      14.323126,
      14.001257999999998,
      17.541806,
      14.001257999999998,
      9.495106,
      5.149888000000001,
      7.24203,
      18.346476,
      7.24203,
      9.012303999999999,
      28.807185999999998,
      5.793624,
      4.667085999999999,
      20.599552000000003,
      14.966862,
      19.794882,
      9.816974,
      0.0,
      4.82802,
      11.426314,
      14.48406,
      8.690436,
      4.667085999999999,
      18.668343999999998,
      8.690436,
      14.323126,
      13.518456,
      4.667085999999999,
      5.149888000000001,
      10.299776000000001,
      6.115492,
      10.621644,
      14.162192000000001,
      14.323126,
      8.0467,
      11.748182,
      27.197846,
      15.610598,
      8.368568,
      2.41401,
      8.529501999999999,
      5.149888000000001
    ],
    [
      7.402963999999999,
      0.0,
      4.184284,
      11.748182,
      4.02335,
      5.471756,
      3.21868,
      3.057746,
      4.667085999999999,
      3.21868,
      9.816974,
      9.495106,
      9.816974,
      9.495106,
      9.495106,
      9.495106,
      15.28873,
      3.7014819999999995,
      2.896812,
      10.46071,
      13.035654,
      16.415267999999998,
      40.555368,
      4.02335,
      6.43736,
      38.463226,
      10.138842,
      11.426314,
      1.9312079999999998,
      8.0467,
      6.43736,
      18.829278,
      9.816974,
      14.966862,
      6.43736,
      10.621644,
      2.5749440000000003,
      9.816974,
      9.495106,
      12.07005,
      12.552852,
      5.793624,
      3.379614,
      5.9545580000000005,
      9.65604,
      9.816974,
      2.5749440000000003,
      9.816974,
      21.565156,
      10.621644,
      2.2530759999999996,
      9.816974,
      1.1265379999999998,
      4.02335
    ],
    [
      5.9545580000000005,
      4.184284,
      0.0,
      9.977908000000001,
      0.48280199999999995,
      3.8624159999999996,
      1.2874720000000002,
      1.448406,
      2.896812,
      0.48280199999999995,
      8.0467,
      9.012303999999999,
      8.207633999999999,
      7.724831999999999,
      9.173238,
      7.885766,
      13.518456,
      1.60934,
      1.448406,
      10.138842,
      11.26538,
      14.162192000000001,
      39.106962,
      0.16093400000000002,
      5.149888000000001,
      35.888282000000004,
      8.690436,
      16.254334,
      6.276426,
      6.276426,
      5.471756,
      17.059003999999998,
      8.0467,
      13.196587999999998,
      5.471756,
      10.46071,
      5.310822,
      8.0467,
      7.24203,
      10.299776000000001,
      10.782578,
      4.184284,
      0.48280199999999995,
      4.345218,
      7.885766,
      8.0467,
      1.9312079999999998,
      8.368568,
      23.657297999999997,
      9.334171999999999,
      1.9312079999999998,
      8.0467,
      4.506151999999999,
      0.80467
    ],
    [
      6.115492,
      11.748182,
      9.977908000000001,
      0.0,
      8.85137,
      13.518456,
      11.26538,
      10.943512,
      12.713786,
      11.26538,
      17.863674,
      20.92142,
      17.863674,
      17.541806,
      21.082354,
      17.70274,
      3.7014819999999995,
      8.690436,
      10.782578,
      21.887024,
      1.2874720000000002,
      13.518456,
      33.313338,
      9.334171999999999,
      9.334171999999999,
      26.232242,
      18.50741,
      23.33543,
      13.357522000000001,
      6.115492,
      9.495106,
      17.059003999999998,
      17.863674,
      13.357522000000001,
      8.0467,
      22.208892000000002,
      12.230984,
      17.863674,
      17.059003999999998,
      10.138842,
      10.621644,
      14.001257999999998,
      11.26538,
      14.162192000000001,
      17.70274,
      17.863674,
      11.587248,
      15.28873,
      30.738394000000003,
      19.151146,
      11.909116000000001,
      8.0467,
      12.07005,
      8.690436
    ],
    [
      5.310822,
      4.02335,
      0.48280199999999995,
      8.85137,
      0.0,
      4.02335,
      1.60934,
      1.2874720000000002,
      3.21868,
      0.9656039999999999,
      8.368568,
      9.334171999999999,
      8.368568,
      8.0467,
      9.495106,
      8.207633999999999,
      12.552852,
      0.9656039999999999,
      1.2874720000000002,
      10.46071,
      10.138842,
      14.966862,
      39.750698,
      0.48280199999999995,
      4.506151999999999,
      25.105704,
      9.012303999999999,
      17.059003999999998,
      7.24203,
      5.310822,
      4.506151999999999,
      16.0934,
      8.368568,
      12.230984,
      4.506151999999999,
      10.782578,
      5.9545580000000005,
      8.368568,
      7.563898,
      9.334171999999999,
      9.816974,
      4.506151999999999,
      0.9656039999999999,
      4.667085999999999,
      8.207633999999999,
      8.368568,
      2.092142,
      9.173238,
      24.622902,
      9.65604,
      2.2530759999999996,
      7.0810960000000005,
      4.82802,
      0.32186800000000004
    ],
    [
      9.977908000000001,
      5.471756,
      3.8624159999999996,
      13.518456,
      4.02335,
      0.0,
      3.21868,
      3.057746,
      0.80467,
      3.057746,
      6.598293999999999,
      7.563898,
      6.598293999999999,
      6.276426,
      7.563898,
      6.276426,
      16.89807,
      7.0810960000000005,
      2.896812,
      8.690436,
      14.48406,
      15.449663999999999,
      40.394434000000004,
      3.7014819999999995,
      8.690436,
      37.336687999999995,
      7.0810960000000005,
      17.541806,
      7.724831999999999,
      9.65604,
      8.690436,
      20.438617999999998,
      6.759228,
      16.576202000000002,
      8.690436,
      8.85137,
      6.598293999999999,
      6.598293999999999,
      5.793624,
      13.67939,
      14.162192000000001,
      0.32186800000000004,
      3.057746,
      0.48280199999999995,
      6.43736,
      6.598293999999999,
      2.735878,
      9.65604,
      25.105704,
      7.885766,
      2.896812,
      11.426314,
      8.207633999999999,
      4.184284
    ],
    [
      7.563898,
      3.21868,
      1.2874720000000002,
      11.26538,
      1.60934,
      3.21868,
      0.0,
      3.057746,
      2.41401,
      2.092142,
      7.563898,
      8.529501999999999,
      7.563898,
      7.24203,
      8.690436,
      7.402963999999999,
      14.966862,
      2.2530759999999996,
      3.057746,
      9.65604,
      12.713786,
      13.67939,
      38.463226,
      1.60934,
      6.9201619999999995,
      35.40548,
      8.207633999999999,
      15.771532,
      4.345218,
      7.724831999999999,
      6.9201619999999995,
      18.50741,
      7.724831999999999,
      14.805927999999998,
      6.9201619999999995,
      9.816974,
      4.667085999999999,
      7.563898,
      6.759228,
      11.748182,
      12.552852,
      3.7014819999999995,
      2.092142,
      3.8624159999999996,
      7.402963999999999,
      7.563898,
      3.8624159999999996,
      7.885766,
      23.174496,
      8.85137,
      4.02335,
      9.65604,
      3.8624159999999996,
      2.092142
    ],
    [
      7.402963999999999,
      3.057746,
      1.448406,
      10.943512,
      1.2874720000000002,
      3.057746,
      3.057746,
      0.0,
      2.2530759999999996,
      0.9656039999999999,
      7.402963999999999,
      8.368568,
      7.402963999999999,
      7.0810960000000005,
      8.368568,
      7.0810960000000005,
      14.805927999999998,
      1.9312079999999998,
      0.16093400000000002,
      9.495106,
      12.552852,
      13.357522000000001,
      38.302292,
      1.448406,
      6.598293999999999,
      35.244546,
      7.885766,
      15.449663999999999,
      5.63269,
      7.563898,
      6.759228,
      18.346476,
      7.563898,
      14.48406,
      6.598293999999999,
      9.65604,
      4.506151999999999,
      7.402963999999999,
      6.598293999999999,
      10.621644,
      12.230984,
      3.379614,
      0.9656039999999999,
      3.5405480000000003,
      7.24203,
      7.402963999999999,
      1.448406,
      7.563898,
      23.013562,
      8.690436,
      1.2874720000000002,
      8.529501999999999,
      3.7014819999999995,
      1.7702740000000001
    ],
    [
      9.173238,
      4.667085999999999,
      2.896812,
      12.713786,
      3.21868,
      0.80467,
      2.41401,
      2.2530759999999996,
      0.0,
      4.02335,
      5.793624,
      6.759228,
      5.793624,
      5.310822,
      6.759228,
      5.471756,
      17.70274,
      8.0467,
      3.8624159999999996,
      7.724831999999999,
      15.449663999999999,
      16.415267999999998,
      41.360037999999996,
      4.667085999999999,
      9.65604,
      38.141358,
      6.276426,
      18.50741,
      8.529501999999999,
      10.46071,
      9.65604,
      21.404222,
      5.793624,
      17.541806,
      9.65604,
      8.0467,
      7.563898,
      5.793624,
      4.9889540000000006,
      14.644993999999999,
      15.28873,
      1.2874720000000002,
      4.02335,
      1.448406,
      5.63269,
      5.63269,
      3.7014819999999995,
      10.621644,
      25.910374,
      6.9201619999999995,
      3.8624159999999996,
      12.391918,
      9.012303999999999,
      5.149888000000001
    ],
    [
      7.724831999999999,
      3.21868,
      0.48280199999999995,
      11.26538,
      0.9656039999999999,
      3.057746,
      2.092142,
      0.9656039999999999,
      4.02335,
      0.0,
      8.0467,
      9.012303999999999,
      8.0467,
      7.563898,
      9.012303999999999,
      7.724831999999999,
      13.196587999999998,
      1.2874720000000002,
      0.9656039999999999,
      9.977908000000001,
      10.782578,
      13.840323999999999,
      38.785094,
      0.48280199999999995,
      5.149888000000001,
      35.566414,
      8.529501999999999,
      15.932466,
      5.9545580000000005,
      5.9545580000000005,
      5.149888000000001,
      16.737136,
      8.0467,
      12.87472,
      5.149888000000001,
      10.299776000000001,
      4.9889540000000006,
      7.885766,
      7.0810960000000005,
      9.977908000000001,
      10.46071,
      4.02335,
      0.098,
      4.184284,
      7.724831999999999,
      7.885766,
      1.7702740000000001,
      8.0467,
      23.33543,
      9.173238,
      1.9312079999999998,
      7.724831999999999,
      4.345218,
      0.9656039999999999
    ],
    [
      14.323126,
      9.816974,
      8.0467,
      17.863674,
      8.368568,
      6.598293999999999,
      7.563898,
      7.402963999999999,
      5.793624,
      8.0467,
      0.0,
      2.5749440000000003,
      0.299,
      1.60934,
      2.735878,
      0.32186800000000004,
      21.565156,
      11.909116000000001,
      7.724831999999999,
      2.2530759999999996,
      19.31208,
      20.277684,
      43.45218,
      8.529501999999999,
      13.518456,
      40.394434000000004,
      1.7702740000000001,
      22.369826,
      12.391918,
      14.323126,
      13.518456,
      25.266638,
      0.48280199999999995,
      21.404222,
      13.518456,
      2.41401,
      11.426314,
      0.0,
      1.1265379999999998,
      18.829278,
      19.151146,
      5.310822,
      7.885766,
      5.471756,
      0.9656039999999999,
      0.023,
      7.563898,
      14.48406,
      29.77279,
      1.60934,
      7.724831999999999,
      16.576202000000002,
      12.87472,
      9.012303999999999
    ],
    [
      17.380872,
      9.495106,
      9.012303999999999,
      20.92142,
      9.334171999999999,
      7.563898,
      8.529501999999999,
      8.368568,
      6.759228,
      9.012303999999999,
      2.5749440000000003,
      0.0,
      2.2530759999999996,
      4.02335,
      0.16093400000000002,
      2.2530759999999996,
      25.105704,
      14.323126,
      6.276426,
      0.6437360000000001,
      22.852628,
      23.174496,
      46.67086,
      7.0810960000000005,
      16.89807,
      43.45218,
      0.6437360000000001,
      20.599552000000003,
      8.529501999999999,
      17.863674,
      17.059003999999998,
      28.646252,
      1.7702740000000001,
      24.783836,
      16.89807,
      1.448406,
      13.67939,
      2.41401,
      3.5405480000000003,
      22.208892000000002,
      22.53076,
      6.43736,
      6.43736,
      6.43736,
      1.2874720000000002,
      2.41401,
      5.471756,
      17.541806,
      20.760486,
      0.9656039999999999,
      5.63269,
      20.11675,
      10.621644,
      7.563898
    ],
    [
      14.323126,
      9.816974,
      8.207633999999999,
      17.863674,
      8.368568,
      6.598293999999999,
      7.563898,
      7.402963999999999,
      5.793624,
      8.0467,
      0.299,
      2.2530759999999996,
      0.0,
      1.60934,
      2.5749440000000003,
      0.32186800000000004,
      21.565156,
      11.909116000000001,
      7.724831999999999,
      2.092142,
      19.31208,
      20.277684,
      43.45218,
      8.529501999999999,
      13.518456,
      40.394434000000004,
      1.60934,
      22.369826,
      12.552852,
      14.323126,
      13.518456,
      25.266638,
      0.48280199999999995,
      21.404222,
      13.518456,
      2.41401,
      11.426314,
      0.16093400000000002,
      1.2874720000000002,
      18.829278,
      19.151146,
      5.310822,
      7.885766,
      5.471756,
      0.9656039999999999,
      0.322,
      7.563898,
      14.48406,
      29.77279,
      1.60934,
      7.724831999999999,
      16.576202000000002,
      13.035654,
      9.012303999999999
    ],
    [
      14.001257999999998,
      9.495106,
      7.724831999999999,
      17.541806,
      8.0467,
      6.276426,
      7.24203,
      7.0810960000000005,
      5.310822,
      7.563898,
      1.60934,
      4.02335,
      1.60934,
      0.0,
      4.02335,
      1.7702740000000001,
      21.404222,
      11.587248,
      7.402963999999999,
      3.7014819999999995,
      18.990212,
      19.955816000000002,
      43.130312,
      8.207633999999999,
      13.196587999999998,
      40.072565999999995,
      3.5405480000000003,
      22.047957999999998,
      12.230984,
      14.162192000000001,
      13.196587999999998,
      24.94477,
      2.092142,
      21.082354,
      13.196587999999998,
      4.184284,
      11.104446000000001,
      2.092142,
      0.80467,
      18.185542,
      18.829278,
      5.149888000000001,
      7.563898,
      5.149888000000001,
      2.2530759999999996,
      2.092142,
      7.24203,
      14.162192000000001,
      29.611855999999996,
      3.057746,
      7.402963999999999,
      15.932466,
      12.713786,
      8.690436
    ],
    [
      17.541806,
      9.495106,
      9.173238,
      21.082354,
      9.495106,
      7.563898,
      8.690436,
      8.368568,
      6.759228,
      9.012303999999999,
      2.735878,
      0.16093400000000002,
      2.5749440000000003,
      4.02335,
      0.0,
      2.41401,
      25.266638,
      14.48406,
      7.402963999999999,
      0.9656039999999999,
      23.013562,
      23.33543,
      46.831794,
      15.932466,
      17.059003999999998,
      43.613114,
      0.6437360000000001,
      20.760486,
      8.690436,
      18.024607999999997,
      17.219938,
      28.807185999999998,
      2.5749440000000003,
      24.94477,
      17.059003999999998,
      1.2874720000000002,
      13.67939,
      2.41401,
      3.379614,
      22.369826,
      22.691694,
      7.402963999999999,
      14.48406,
      7.563898,
      2.41401,
      2.41401,
      6.598293999999999,
      17.70274,
      19.794882,
      0.9656039999999999,
      6.759228,
      20.11675,
      10.782578,
      15.449663999999999
    ],
    [
      14.001257999999998,
      9.495106,
      7.885766,
      17.70274,
      8.207633999999999,
      6.276426,
      7.402963999999999,
      7.0810960000000005,
      5.471756,
      7.724831999999999,
      0.32186800000000004,
      2.2530759999999996,
      0.32186800000000004,
      1.7702740000000001,
      2.41401,
      0.0,
      21.404222,
      11.587248,
      7.402963999999999,
      1.9312079999999998,
      19.151146,
      20.11675,
      43.291246,
      8.368568,
      13.196587999999998,
      40.072565999999995,
      1.60934,
      22.208892000000002,
      12.230984,
      14.162192000000001,
      13.357522000000001,
      24.94477,
      0.32186800000000004,
      21.082354,
      13.357522000000001,
      2.41401,
      11.104446000000001,
      0.32186800000000004,
      0.9656039999999999,
      18.185542,
      18.990212,
      5.149888000000001,
      7.724831999999999,
      5.149888000000001,
      0.80467,
      0.16093400000000002,
      7.24203,
      14.162192000000001,
      29.611855999999996,
      1.2874720000000002,
      7.402963999999999,
      16.0934,
      12.713786,
      8.690436
    ],
    [
      9.495106,
      15.28873,
      13.518456,
      3.7014819999999995,
      12.552852,
      16.89807,
      14.966862,
      14.805927999999998,
      17.70274,
      13.196587999999998,
      21.565156,
      25.105704,
      21.565156,
      21.404222,
      25.266638,
      21.404222,
      0.0,
      12.230984,
      14.323126,
      25.427572,
      4.345218,
      17.059003999999998,
      47.797398,
      12.713786,
      12.713786,
      29.77279,
      21.887024,
      26.715044000000002,
      16.89807,
      9.495106,
      12.713786,
      20.599552000000003,
      21.404222,
      16.737136,
      12.713786,
      25.588506,
      15.610598,
      21.243288,
      20.438617999999998,
      13.67939,
      14.162192000000001,
      17.380872,
      14.805927999999998,
      17.541806,
      21.082354,
      21.243288,
      15.127796,
      18.668343999999998,
      34.278942,
      22.53076,
      15.449663999999999,
      11.426314,
      15.610598,
      12.230984
    ],
    [
      5.149888000000001,
      3.7014819999999995,
      1.60934,
      8.690436,
      0.9656039999999999,
      7.0810960000000005,
      2.2530759999999996,
      1.9312079999999998,
      8.0467,
      1.2874720000000002,
      11.909116000000001,
      14.323126,
      11.909116000000001,
      11.587248,
      14.48406,
      11.587248,
      12.230984,
      0.0,
      2.2530759999999996,
      14.323126,
      9.65604,
      11.909116000000001,
      37.980424,
      2.092142,
      3.5405480000000003,
      34.922678,
      14.162192000000001,
      15.771532,
      5.793624,
      4.667085999999999,
      3.5405480000000003,
      15.449663999999999,
      9.495106,
      11.587248,
      3.5405480000000003,
      14.644993999999999,
      4.184284,
      11.587248,
      10.782578,
      8.690436,
      9.334171999999999,
      7.563898,
      1.60934,
      7.885766,
      11.426314,
      11.587248,
      3.057746,
      9.012303999999999,
      23.174496,
      14.48406,
      3.21868,
      6.43736,
      4.345218,
      0.9656039999999999
    ],
    [
      7.24203,
      2.896812,
      1.448406,
      10.782578,
      1.2874720000000002,
      2.896812,
      3.057746,
      0.16093400000000002,
      3.8624159999999996,
      0.9656039999999999,
      7.724831999999999,
      6.276426,
      7.724831999999999,
      7.402963999999999,
      7.402963999999999,
      7.402963999999999,
      14.323126,
      2.2530759999999996,
      0.0,
      9.334171999999999,
      12.391918,
      13.357522000000001,
      36.532018,
      1.448406,
      6.598293999999999,
      33.474272,
      7.885766,
      15.449663999999999,
      5.471756,
      7.402963999999999,
      6.598293999999999,
      18.185542,
      7.402963999999999,
      14.48406,
      6.598293999999999,
      9.65604,
      4.345218,
      7.24203,
      6.43736,
      10.621644,
      12.230984,
      3.379614,
      0.9656039999999999,
      3.5405480000000003,
      7.0810960000000005,
      7.24203,
      1.448406,
      7.563898,
      22.852628,
      8.529501999999999,
      1.1265379999999998,
      8.368568,
      4.02335,
      1.7702740000000001
    ],
    [
      18.346476,
      10.46071,
      10.138842,
      21.887024,
      10.46071,
      8.690436,
      9.65604,
      9.495106,
      7.724831999999999,
      9.977908000000001,
      2.2530759999999996,
      0.6437360000000001,
      2.092142,
      3.7014819999999995,
      0.9656039999999999,
      1.9312079999999998,
      25.427572,
      14.323126,
      9.334171999999999,
      0.0,
      23.33543,
      23.657297999999997,
      47.153662000000004,
      7.885766,
      17.380872,
      43.934982,
      1.2874720000000002,
      21.082354,
      9.012303999999999,
      18.346476,
      17.541806,
      29.129054000000004,
      1.9312079999999998,
      25.266638,
      17.380872,
      0.80467,
      14.162192000000001,
      2.41401,
      2.896812,
      22.691694,
      23.013562,
      7.24203,
      7.24203,
      7.24203,
      2.092142,
      2.41401,
      6.276426,
      18.185542,
      19.473014,
      0.80467,
      6.43736,
      20.277684,
      11.104446000000001,
      15.771532
    ],
    [
      7.24203,
      13.035654,
      11.26538,
      1.2874720000000002,
      10.138842,
      14.48406,
      12.713786,
      12.552852,
      15.449663999999999,
      10.782578,
      19.31208,
      22.852628,
      19.31208,
      18.990212,
      23.013562,
      19.151146,
      4.345218,
      9.65604,
      12.391918,
      23.33543,
      0.0,
      14.644993999999999,
      45.383388,
      10.46071,
      10.299776000000001,
      27.197846,
      19.473014,
      24.301033999999998,
      14.48406,
      7.0810960000000005,
      10.46071,
      18.185542,
      18.990212,
      14.323126,
      10.299776000000001,
      23.174496,
      13.196587999999998,
      18.829278,
      18.185542,
      11.26538,
      11.748182,
      14.966862,
      10.782578,
      15.127796,
      18.829278,
      18.829278,
      12.713786,
      16.254334,
      31.864932,
      23.174496,
      13.035654,
      9.012303999999999,
      13.196587999999998,
      9.816974
    ],
    [
      9.012303999999999,
      16.415267999999998,
      14.162192000000001,
      13.518456,
      14.966862,
      15.449663999999999,
      13.67939,
      13.357522000000001,
      16.415267999999998,
      13.840323999999999,
      20.277684,
      23.174496,
      20.277684,
      19.955816000000002,
      23.33543,
      20.11675,
      17.059003999999998,
      11.909116000000001,
      13.357522000000001,
      23.657297999999997,
      14.644993999999999,
      0.0,
      23.174496,
      12.713786,
      7.563898,
      16.737136,
      20.92142,
      26.55411,
      15.28873,
      8.368568,
      7.563898,
      9.012303999999999,
      20.438617999999998,
      3.7014819999999995,
      7.563898,
      24.1401,
      14.48406,
      20.438617999999998,
      19.633948,
      5.310822,
      5.310822,
      16.415267999999998,
      13.840323999999999,
      16.576202000000002,
      20.277684,
      20.438617999999998,
      14.162192000000001,
      6.759228,
      32.99147,
      21.565156,
      14.48406,
      6.43736,
      15.932466,
      12.07005
    ],
    [
      28.807185999999998,
      40.555368,
      39.106962,
      33.313338,
      39.750698,
      40.394434000000004,
      38.463226,
      38.302292,
      41.360037999999996,
      38.785094,
      43.45218,
      46.67086,
      43.45218,
      43.130312,
      46.831794,
      43.291246,
      47.797398,
      37.980424,
      36.532018,
      47.153662000000004,
      45.383388,
      23.174496,
      0.0,
      37.175754000000005,
      34.439876,
      12.07005,
      43.613114,
      48.2802,
      38.302292,
      28.16345,
      34.60081,
      17.70274,
      43.291246,
      20.599552000000003,
      34.439876,
      46.992728,
      35.40548,
      43.130312,
      42.325642,
      23.979166,
      24.1401,
      39.106962,
      36.532018,
      39.267896,
      42.969378,
      43.130312,
      36.853885999999996,
      29.77279,
      56.165966,
      44.417784000000005,
      37.175754000000005,
      26.393175999999997,
      38.62416,
      37.336687999999995
    ],
    [
      5.793624,
      4.02335,
      0.16093400000000002,
      9.334171999999999,
      0.48280199999999995,
      3.7014819999999995,
      1.60934,
      1.448406,
      4.667085999999999,
      0.48280199999999995,
      8.529501999999999,
      7.0810960000000005,
      8.529501999999999,
      8.207633999999999,
      15.932466,
      8.368568,
      12.713786,
      2.092142,
      1.448406,
      7.885766,
      10.46071,
      12.713786,
      37.175754000000005,
      0.0,
      4.9889540000000006,
      34.118007999999996,
      8.690436,
      17.70274,
      7.724831999999999,
      5.793624,
      4.9889540000000006,
      16.576202000000002,
      8.207633999999999,
      12.713786,
      4.9889540000000006,
      10.46071,
      5.149888000000001,
      8.0467,
      7.24203,
      9.816974,
      10.46071,
      4.184284,
      0.6437360000000001,
      4.345218,
      7.885766,
      8.0467,
      1.7702740000000001,
      8.368568,
      25.105704,
      9.334171999999999,
      1.9312079999999998,
      7.724831999999999,
      4.345218,
      0.6437360000000001
    ],
    [
      4.667085999999999,
      6.43736,
      5.149888000000001,
      9.334171999999999,
      4.506151999999999,
      8.690436,
      6.9201619999999995,
      6.598293999999999,
      9.65604,
      5.149888000000001,
      13.518456,
      16.89807,
      13.518456,
      13.196587999999998,
      17.059003999999998,
      13.196587999999998,
      12.713786,
      3.5405480000000003,
      6.598293999999999,
      17.380872,
      10.299776000000001,
      7.563898,
      34.439876,
      4.9889540000000006,
      0.0,
      22.208892000000002,
      17.059003999999998,
      18.668343999999998,
      8.85137,
      3.8624159999999996,
      0.18,
      13.196587999999998,
      13.357522000000001,
      9.334171999999999,
      0.079,
      17.541806,
      4.345218,
      13.196587999999998,
      12.391918,
      6.9201619999999995,
      7.0810960000000005,
      9.334171999999999,
      6.759228,
      9.495106,
      13.035654,
      13.196587999999998,
      7.0810960000000005,
      6.9201619999999995,
      26.232242,
      17.380872,
      7.402963999999999,
      4.667085999999999,
      5.793624,
      4.184284
    ],
    [
      20.599552000000003,
      38.463226,
      35.888282000000004,
      26.232242,
      25.105704,
      37.336687999999995,
      35.40548,
      35.244546,
      38.141358,
      35.566414,
      40.394434000000004,
      43.45218,
      40.394434000000004,
      40.072565999999995,
      43.613114,
      40.072565999999995,
      29.77279,
      34.922678,
      33.474272,
      43.934982,
      27.197846,
      16.737136,
      12.07005,
      34.118007999999996,
      22.208892000000002,
      0.0,
      40.877235999999996,
      45.383388,
      35.244546,
      21.082354,
      21.887024,
      9.334171999999999,
      40.394434000000004,
      13.518456,
      21.887024,
      43.934982,
      32.508668,
      40.072565999999995,
      39.42883,
      15.771532,
      16.254334,
      36.371084,
      33.79614,
      36.532018,
      40.072565999999995,
      40.072565999999995,
      33.957074,
      27.036912,
      53.269154,
      41.520972,
      34.278942,
      17.70274,
      35.727348,
      24.783836
    ],
    [
      14.966862,
      10.138842,
      8.690436,
      18.50741,
      9.012303999999999,
      7.0810960000000005,
      8.207633999999999,
      7.885766,
      6.276426,
      8.529501999999999,
      1.7702740000000001,
      0.6437360000000001,
      1.60934,
      3.5405480000000003,
      0.6437360000000001,
      1.60934,
      21.887024,
      14.162192000000001,
      7.885766,
      1.2874720000000002,
      19.473014,
      20.92142,
      43.613114,
      8.690436,
      17.059003999999998,
      40.877235999999996,
      0.0,
      21.082354,
      9.173238,
      18.346476,
      17.541806,
      29.129054000000004,
      1.2874720000000002,
      25.427572,
      17.541806,
      1.9312079999999998,
      14.162192000000001,
      1.7702740000000001,
      2.41401,
      23.013562,
      23.174496,
      5.9545580000000005,
      8.529501999999999,
      6.115492,
      0.80467,
      1.7702740000000001,
      5.471756,
      15.127796,
      28.646252,
      0.48280199999999995,
      5.63269,
      20.599552000000003,
      11.104446000000001,
      9.65604
    ],
    [
      19.794882,
      11.426314,
      16.254334,
      23.33543,
      17.059003999999998,
      17.541806,
      15.771532,
      15.449663999999999,
      18.50741,
      15.932466,
      22.369826,
      20.599552000000003,
      22.369826,
      22.047957999999998,
      20.760486,
      22.208892000000002,
      26.715044000000002,
      15.771532,
      15.449663999999999,
      21.082354,
      24.301033999999998,
      26.55411,
      48.2802,
      17.70274,
      18.668343999999998,
      45.383388,
      21.082354,
      0.0,
      12.87472,
      19.633948,
      18.829278,
      30.416525999999998,
      22.691694,
      26.715044000000002,
      18.829278,
      21.565156,
      14.966862,
      22.691694,
      21.887024,
      23.657297999999997,
      24.461968,
      18.668343999999998,
      16.0934,
      18.829278,
      21.887024,
      18.668343999999998,
      11.909116000000001,
      19.473014,
      5.793624,
      21.565156,
      11.587248,
      21.887024,
      12.87472,
      17.059003999999998
    ],
    [
      9.816974,
      1.9312079999999998,
      6.276426,
      13.357522000000001,
      7.24203,
      7.724831999999999,
      4.345218,
      5.63269,
      8.529501999999999,
      5.9545580000000005,
      12.391918,
      8.529501999999999,
      12.552852,
      12.230984,
      8.690436,
      12.230984,
      16.89807,
      5.793624,
      5.471756,
      9.012303999999999,
      14.48406,
      15.28873,
      38.302292,
      7.724831999999999,
      8.85137,
      35.244546,
      9.173238,
      12.87472,
      0.0,
      9.65604,
      8.85137,
      20.599552000000003,
      12.713786,
      16.737136,
      8.85137,
      9.495106,
      3.7014819999999995,
      10.782578,
      11.909116000000001,
      14.323126,
      14.48406,
      8.690436,
      6.115492,
      9.012303999999999,
      12.552852,
      10.782578,
      3.379614,
      9.495106,
      19.955816000000002,
      9.334171999999999,
      3.379614,
      11.909116000000001,
      2.41401,
      6.9201619999999995
    ],
    [
      0.0,
      8.0467,
      6.276426,
      6.115492,
      5.310822,
      9.65604,
      7.724831999999999,
      7.563898,
      10.46071,
      5.9545580000000005,
      14.323126,
      17.863674,
      14.323126,
      14.162192000000001,
      18.024607999999997,
      14.162192000000001,
      9.495106,
      4.667085999999999,
      7.402963999999999,
      18.346476,
      7.0810960000000005,
      8.368568,
      28.16345,
      5.793624,
      3.8624159999999996,
      21.082354,
      18.346476,
      19.633948,
      9.65604,
      0.0,
      4.82802,
      10.943512,
      14.48406,
      8.0467,
      4.667085999999999,
      18.668343999999998,
      8.690436,
      14.323126,
      13.518456,
      4.667085999999999,
      5.149888000000001,
      10.299776000000001,
      6.115492,
      10.621644,
      14.162192000000001,
      14.323126,
      8.0467,
      11.748182,
      27.197846,
      18.50741,
      8.368568,
      2.41401,
      8.529501999999999,
      5.149888000000001
    ],
    [
      4.82802,
      6.43736,
      5.471756,
      9.495106,
      4.506151999999999,
      8.690436,
      6.9201619999999995,
      6.759228,
      9.65604,
      5.149888000000001,
      13.518456,
      17.059003999999998,
      13.518456,
      13.196587999999998,
      17.219938,
      13.357522000000001,
      12.713786,
      3.5405480000000003,
      6.598293999999999,
      17.541806,
      10.46071,
      7.563898,
      34.60081,
      4.9889540000000006,
      0.18,
      21.887024,
      17.541806,
      18.829278,
      8.85137,
      4.82802,
      0.0,
      13.035654,
      12.552852,
      9.334171999999999,
      0.102,
      17.541806,
      4.184284,
      13.196587999999998,
      11.587248,
      6.759228,
      7.0810960000000005,
      8.529501999999999,
      6.759228,
      8.690436,
      12.230984,
      13.196587999999998,
      6.9201619999999995,
      6.9201619999999995,
      26.071308,
      17.380872,
      7.402963999999999,
      4.667085999999999,
      5.793624,
      4.02335
    ],
    [
      11.426314,
      18.829278,
      17.059003999999998,
      17.059003999999998,
      16.0934,
      20.438617999999998,
      18.50741,
      18.346476,
      21.404222,
      16.737136,
      25.266638,
      28.646252,
      25.266638,
      24.94477,
      28.807185999999998,
      24.94477,
      20.599552000000003,
      15.449663999999999,
      18.185542,
      29.129054000000004,
      18.185542,
      9.012303999999999,
      17.70274,
      16.576202000000002,
      13.196587999999998,
      9.334171999999999,
      29.129054000000004,
      30.416525999999998,
      20.599552000000003,
      10.943512,
      13.035654,
      0.0,
      25.105704,
      5.310822,
      12.87472,
      29.289987999999997,
      19.31208,
      24.94477,
      24.1401,
      6.598293999999999,
      7.0810960000000005,
      21.082354,
      16.737136,
      21.243288,
      24.783836,
      24.94477,
      18.829278,
      13.518456,
      37.81949,
      29.129054000000004,
      19.151146,
      8.529501999999999,
      19.31208,
      15.771532
    ],
    [
      14.48406,
      9.816974,
      8.0467,
      17.863674,
      8.368568,
      6.759228,
      7.724831999999999,
      7.563898,
      5.793624,
      8.0467,
      0.48280199999999995,
      1.7702740000000001,
      0.48280199999999995,
      2.092142,
      2.5749440000000003,
      0.32186800000000004,
      21.404222,
      9.495106,
      7.402963999999999,
      1.9312079999999998,
      18.990212,
      20.438617999999998,
      43.291246,
      8.207633999999999,
      13.357522000000001,
      40.394434000000004,
      1.2874720000000002,
      22.691694,
      12.713786,
      14.48406,
      12.552852,
      25.105704,
      0.0,
      21.887024,
      14.001257999999998,
      2.092142,
      11.748182,
      0.6437360000000001,
      1.60934,
      18.829278,
      19.633948,
      5.793624,
      8.368568,
      5.9545580000000005,
      0.6437360000000001,
      0.48280199999999995,
      8.0467,
      14.966862,
      30.255592,
      1.1265379999999998,
      8.207633999999999,
      17.059003999999998,
      13.357522000000001,
      9.495106
    ],
    [
      8.690436,
      14.966862,
      13.196587999999998,
      13.357522000000001,
      12.230984,
      16.576202000000002,
      14.805927999999998,
      14.48406,
      17.541806,
      12.87472,
      21.404222,
      24.783836,
      21.404222,
      21.082354,
      24.94477,
      21.082354,
      16.737136,
      11.587248,
      14.48406,
      25.266638,
      14.323126,
      3.7014819999999995,
      20.599552000000003,
      12.713786,
      9.334171999999999,
      13.518456,
      25.427572,
      26.715044000000002,
      16.737136,
      8.0467,
      9.334171999999999,
      5.310822,
      21.887024,
      0.0,
      9.173238,
      25.588506,
      15.610598,
      21.243288,
      20.438617999999998,
      4.184284,
      4.345218,
      17.219938,
      13.035654,
      17.541806,
      21.082354,
      21.243288,
      14.966862,
      9.816974,
      34.118007999999996,
      25.427572,
      15.28873,
      6.598293999999999,
      15.449663999999999,
      12.07005
    ],
    [
      4.667085999999999,
      6.43736,
      5.471756,
      8.0467,
      4.506151999999999,
      8.690436,
      6.9201619999999995,
      6.598293999999999,
      9.65604,
      5.149888000000001,
      13.518456,
      16.89807,
      13.518456,
      13.196587999999998,
      17.059003999999998,
      13.357522000000001,
      12.713786,
      3.5405480000000003,
      6.598293999999999,
      17.380872,
      10.299776000000001,
      7.563898,
      34.439876,
      4.9889540000000006,
      0.079,
      21.887024,
      17.541806,
      18.829278,
      8.85137,
      4.667085999999999,
      0.102,
      12.87472,
      14.001257999999998,
      9.173238,
      0.0,
      17.541806,
      4.345218,
      12.552852,
      11.748182,
      6.43736,
      7.0810960000000005,
      8.529501999999999,
      4.9889540000000006,
      8.690436,
      13.035654,
      12.552852,
      7.0810960000000005,
      6.276426,
      26.071308,
      17.380872,
      7.402963999999999,
      4.184284,
      5.793624,
      4.184284
    ],
    [
      18.668343999999998,
      10.621644,
      10.46071,
      22.208892000000002,
      10.782578,
      8.85137,
      9.816974,
      9.65604,
      8.0467,
      10.299776000000001,
      2.41401,
      1.448406,
      2.41401,
      4.184284,
      1.2874720000000002,
      2.41401,
      25.588506,
      14.644993999999999,
      9.65604,
      0.80467,
      23.174496,
      24.1401,
      46.992728,
      10.46071,
      17.541806,
      43.934982,
      1.9312079999999998,
      21.565156,
      9.495106,
      18.668343999999998,
      17.541806,
      29.289987999999997,
      2.092142,
      25.588506,
      17.541806,
      0.0,
      14.323126,
      2.5749440000000003,
      3.379614,
      22.691694,
      23.33543,
      7.724831999999999,
      7.885766,
      7.724831999999999,
      2.41401,
      2.5749440000000003,
      6.759228,
      18.346476,
      18.990212,
      1.7702740000000001,
      6.9201619999999995,
      20.760486,
      11.426314,
      15.932466
    ],
    [
      8.690436,
      2.5749440000000003,
      5.310822,
      12.230984,
      5.9545580000000005,
      6.598293999999999,
      4.667085999999999,
      4.506151999999999,
      7.563898,
      4.9889540000000006,
      11.426314,
      13.67939,
      11.426314,
      11.104446000000001,
      13.67939,
      11.104446000000001,
      15.610598,
      4.184284,
      4.345218,
      14.162192000000001,
      13.196587999999998,
      14.48406,
      35.40548,
      5.149888000000001,
      4.345218,
      32.508668,
      14.162192000000001,
      14.966862,
      3.7014819999999995,
      8.690436,
      4.184284,
      19.31208,
      11.748182,
      15.610598,
      4.345218,
      14.323126,
      0.0,
      12.391918,
      11.26538,
      13.357522000000001,
      13.67939,
      8.0467,
      4.667085999999999,
      8.368568,
      11.909116000000001,
      12.391918,
      3.8624159999999996,
      5.9545580000000005,
      21.082354,
      13.357522000000001,
      3.5405480000000003,
      11.104446000000001,
      1.7702740000000001,
      5.149888000000001
    ],
    [
      14.323126,
      9.816974,
      8.0467,
      17.863674,
      8.368568,
      6.598293999999999,
      7.563898,
      7.402963999999999,
      5.793624,
      7.885766,
      0.0,
      2.41401,
      0.16093400000000002,
      2.092142,
      2.41401,
      0.32186800000000004,
      21.243288,
      11.587248,
      7.24203,
      2.41401,
      18.829278,
      20.438617999999998,
      43.130312,
      8.0467,
      13.196587999999998,
      40.072565999999995,
      1.7702740000000001,
      22.691694,
      10.782578,
      14.323126,
      13.196587999999998,
      24.94477,
      0.6437360000000001,
      21.243288,
      12.552852,
