{
  "drive_dist_matrix": [
    [
      0.0,
      9.6,
      3.5,
      1.0,
      1.0,
      0.55,
      0.55,
      1.4,
      1.0,
      2.8,
      8.1,
      3.5,
      3.3,
      5.6,
      4.7,
      3.2,
      3.3,
      3.3,
      3.3
    ],
    [
      9.6,
      0.0,
      4.3,
      5.6,
      5.6,
      5.9,
      11.3,
      6.9,
      5.1,
      5.2,
      7.7,
      4.3,
      5.1,
      4.7,
      3.1,
      4.6,
      4.7,
      4.0,
      4.1
    ],
    [
      3.5,
      4.3,
      0.0,
      1.0,
      1.8,
      1.6,
      3.0,
      0.5,
      0.8,
      1.8,
      4.7,
      0.003,
      0.8,
      1.5,
      2.3,
      0.85,
      1.1,
      0.45,
      0.35
    ],
    [
      1.0,
      5.6,
      1.0,
      0.0,
      0.11,
      1.0,
      1.0,
      0.8,
      0.28,
      0.8,
      4.6,
      1.0,
      0.27,
      3.1,
      3.3,
      0.65,
      0.75,
      1.8,
      0.75
    ],
    [
      1.0,
      5.6,
      1.8,
      0.11,
      0.0,
      1.1,
      1.0,
      2.0,
      0.4,
      0.7,
      4.4,
      1.9,
      0.4,
      3.0,
      3.2,
      0.7,
      0.65,
      0.9,
      0.85
    ],
    [
      0.55,
      5.9,
      1.6,
      1.0,
      1.1,
      0.0,
      0.099,
      4.0,
      1.0,
      2.4,
      7.8,
      3.1,
      1.0,
      5.2,
      4.4,
      2.8,
      2.9,
      2.9,
      2.9
    ],
    [
      0.55,
      11.3,
      3.0,
      1.0,
      1.0,
      0.099,
      0.0,
      4.1,
      1.0,
      3.1,
      7.8,
      5.0,
      1.0,
      5.2,
      5.0,
      3.5,
      3.5,
      3.6,
      4.7
    ],
    [
      1.4,
      6.9,
      0.5,
      0.8,
      2.0,
      4.0,
      4.1,
      0.0,
      0.55,
      1.6,
      4.9,
      0.5,
      0.55,
      1.6,
      2.6,
      1.1,
      1.4,
      0.75,
      0.6
    ],
    [
      1.0,
      5.1,
      0.8,
      0.28,
      0.4,
      1.0,
      1.0,
      0.55,
      0.0,
      1.1,
      4.5,
      0.75,
      0.025,
      3.0,
      3.2,
      0.85,
      1.7,
      0.75,
      0.7
    ],
    [
      2.8,
      5.2,
      1.8,
      0.8,
      0.7,
      2.4,
      3.1,
      1.6,
      1.1,
      0.0,
      3.3,
      1.4,
      1.1,
      4.9,
      2.7,
      0.4,
      0.027,
      0.85,
      1.2
    ],
    [
      8.1,
      7.7,
      4.7,
      4.6,
      4.4,
      7.8,
      7.8,
      4.9,
      4.5,
      3.3,
      0.0,
      5.7,
      5.9,
      8.5,
      6.3,
      4.9,
      4.5,
      5.5,
      5.5
    ],
    [
      3.5,
      4.3,
      0.003,
      1.0,
      1.9,
      3.1,
      5.0,
      0.5,
      0.75,
      1.4,
      5.7,
      0.0,
      0.8,
      1.5,
      2.3,
      0.8,
      1.1,
      0.45,
      0.35
    ],
    [
      3.3,
      5.1,
      0.8,
      0.27,
      0.4,
      1.0,
      1.0,
      0.55,
      0.025,
      1.1,
      5.9,
      0.8,
      0.0,
      3.0,
      3.2,
      0.85,
      1.0,
      1.8,
      0.7
    ],
    [
      5.6,
      4.7,
      1.5,
      3.1,
      3.0,
      5.2,
      5.2,
      1.6,
      3.0,
      4.9,
      8.5,
      1.5,
      3.0,
      0.0,
      3.9,
      4.3,
      4.6,
      3.8,
      3.8
    ],
    [
      4.7,
      3.1,
      2.3,
      3.3,
      3.2,
      4.4,
      5.0,
      2.6,
      3.2,
      2.7,
      6.3,
      2.3,
      3.2,
      3.9,
      0.0,
      1.9,
      2.2,
      2.5,
      2.5
    ],
    [
      3.2,
      4.6,
      0.85,
      0.65,
      0.7,
      2.8,
      3.5,
      1.1,
      0.85,
      0.4,
      4.9,
      0.8,
      0.85,
      4.3,
      1.9,
      0.0,
      0.35,
      0.55,
      0.5
    ],
    [
      3.3,
      4.7,
      1.1,
      0.75,
      0.65,
      2.9,
      3.5,
      1.4,
      1.7,
      0.027,
      4.5,
      1.1,
      1.0,
      4.6,
      2.2,
      0.35,
      0.0,
      0.8,
      0.8
    ],
    [
      3.3,
      4.0,
      0.45,
      1.8,
      0.9,
      2.9,
      3.6,
      0.75,
      0.75,
      0.85,
      5.5,
      0.45,
      1.8,
      3.8,
      2.5,
      0.55,
      0.8,
      0.0,
      0.18
    ],
    [
      3.3,
      4.1,
      0.35,
      0.75,
      0.85,
      2.9,
      4.7,
      0.6,
      0.7,
      1.2,
      5.5,
      0.35,
      0.7,
      3.8,
      2.5,
      0.5,
      0.8,
      0.18,
      0.0
    ]
  ],
  "drive_time_matrix": [
    [
      0.0,
      20.0,
      11.0,
      14.0,
      14.0,
      7.0,
      7.0,
      19.0,
      15.0,
      8.0,
      14.0,
      11.0,
      14.0,
      14.0,
      13.0,
      11.0,
      10.0,
      12.0,
      11.0
    ],
    [
      20.0,
      0.0,
      12.0,
      16.0,
      17.0,
      17.0,
      20.0,
      14.0,
      15.0,
      14.0,
      16.0,
      12.0,
      15.0,
      11.0,
      9.0,
      12.0,
      13.0,
      12.0,
      11.0
    ],
    [
      11.0,
      12.0,
      0.0,
      12.0,
      7.0,
      5.0,
      10.0,
      6.0,
      3.0,
      5.0,
      9.0,
      1.0,
      10.0,
      5.0,
      6.0,
      11.0,
      5.0,
      5.0,
      4.0
    ],
    [
      14.0,
      16.0,
      12.0,
      0.0,
      2.0,
      17.0,
      17.0,
      10.0,
      4.0,
      11.0,
      11.0,
      12.0,
      4.0,
      14.0,
      11.0,
      9.0,
      10.0,
      11.0,
      10.0
    ],
    [
      14.0,
      17.0,
      7.0,
      2.0,
      0.0,
      18.0,
      18.0,
      10.0,
      5.0,
      9.0,
      10.0,
      8.0,
      5.0,
      13.0,
      10.0,
      9.0,
      9.0,
      12.0,
      11.0
    ],
    [
      7.0,
      17.0,
      5.0,
      17.0,
      18.0,
      0.0,
      1.0,
      8.0,
      15.0,
      6.0,
      11.0,
      9.0,
      14.0,
      12.0,
      11.0,
      9.0,
      8.0,
      10.0,
      9.0
    ],
    [
      7.0,
      20.0,
      10.0,
      17.0,
      18.0,
      1.0,
      0.0,
      9.0,
      15.0,
      10.0,
      13.0,
      12.0,
      15.0,
      13.0,
      14.0,
      12.0,
      11.0,
      13.0,
      12.0
    ],
    [
      19.0,
      14.0,
      6.0,
      10.0,
      10.0,
      8.0,
      9.0,
      0.0,
      7.0,
      4.0,
      9.0,
      7.0,
      8.0,
      5.0,
      6.0,
      4.0,
      5.0,
      10.0,
      8.0
    ],
    [
      15.0,
      15.0,
      3.0,
      4.0,
      5.0,
      15.0,
      15.0,
      7.0,
      0.0,
      14.0,
      11.0,
      10.0,
      1.0,
      13.0,
      11.0,
      11.0,
      7.0,
      10.0,
      9.0
    ],
    [
      8.0,
      14.0,
      5.0,
      11.0,
      9.0,
      6.0,
      10.0,
      4.0,
      14.0,
      0.0,
      5.0,
      5.0,
      14.0,
      9.0,
      6.0,
      5.0,
      1.0,
      11.0,
      5.0
    ],
    [
      14.0,
      16.0,
      9.0,
      11.0,
      10.0,
      11.0,
      13.0,
      9.0,
      11.0,
      5.0,
      0.0,
      10.0,
      12.0,
      14.0,
      11.0,
      9.0,
      8.0,
      10.0,
      10.0
    ],
    [
      11.0,
      12.0,
      1.0,
      12.0,
      8.0,
      9.0,
      12.0,
      7.0,
      10.0,
      5.0,
      10.0,
      0.0,
      10.0,
      5.0,
      6.0,
      11.0,
      5.0,
      5.0,
      4.0
    ],
    [
      14.0,
      15.0,
      10.0,
      4.0,
      5.0,
      14.0,
      15.0,
      8.0,
      1.0,
      14.0,
      12.0,
      10.0,
      0.0,
      12.0,
      10.0,
      11.0,
      13.0,
      9.0,
      9.0
    ],
    [
      14.0,
      11.0,
      5.0,
      14.0,
      13.0,
      12.0,
      13.0,
      5.0,
      13.0,
      9.0,
      14.0,
      5.0,
      12.0,
      0.0,
      9.0,
      9.0,
      9.0,
      8.0,
      7.0
    ],
    [
      13.0,
      9.0,
      6.0,
      11.0,
      10.0,
      11.0,
      14.0,
      6.0,
      11.0,
      6.0,
      11.0,
      6.0,
      10.0,
      9.0,
      0.0,
      5.0,
      6.0,
      7.0,
      7.0
    ],
    [
      11.0,
      12.0,
      11.0,
      9.0,
      9.0,
      9.0,
      12.0,
      4.0,
      11.0,
      5.0,
      9.0,
      11.0,
      11.0,
      9.0,
      5.0,
      0.0,
      5.0,
      7.0,
      7.0
    ],
    [
      10.0,
      13.0,
      5.0,
      10.0,
      9.0,
      8.0,
      11.0,
      5.0,
      7.0,
      1.0,
      8.0,
      5.0,
      13.0,
      9.0,
      6.0,
      5.0,
      0.0,
      11.0,
      10.0
    ],
    [
      12.0,
      12.0,
      5.0,
      11.0,
      12.0,
      10.0,
      13.0,
      10.0,
      10.0,
      11.0,
      10.0,
      5.0,
      9.0,
      8.0,
      7.0,
      7.0,
      11.0,
      0.0,
      2.0
    ],
    [
      11.0,
      11.0,
      4.0,
      10.0,
      11.0,
      9.0,
      12.0,
      8.0,
      9.0,
      5.0,
      10.0,
      4.0,
      9.0,
      7.0,
      7.0,
      7.0,
      10.0,
      2.0,
      0.0
    ]
  ],
  "transit_dist_walk_matrix": [
    [
      0.0,
      NaN,
      NaN,
      NaN,
      NaN,
      NaN,
      NaN,
      NaN,
      NaN,
      NaN,
      NaN,
      NaN,
      NaN,
      NaN,
      NaN,
      NaN,
      NaN,
      NaN,
      NaN
    ],
    [
      NaN,
      0.0,
      NaN,
      NaN,
      NaN,
      NaN,
      NaN,
      NaN,
      NaN,
      NaN,
      NaN,
      NaN,
      NaN,
      NaN,
      NaN,
      NaN,
      NaN,
      NaN,
      NaN
    ],
    [
      NaN,
      NaN,
      0.0,
      NaN,
      NaN,
      NaN,
      NaN,
      NaN,
      NaN,
      NaN,
      NaN,
      NaN,
      NaN,
      NaN,
      NaN,
      NaN,
      NaN,
      NaN,
      NaN
    ],
    [
      NaN,
      NaN,
      NaN,
      0.0,
      NaN,
      NaN,
      NaN,
      NaN,
      NaN,
      NaN,
      NaN,
      NaN,
      NaN,
      NaN,
      NaN,
      NaN,
      NaN,
      NaN,
      NaN
    ],
    [
      NaN,
      NaN,
      NaN,
      NaN,
      0.0,
      NaN,
      NaN,
      NaN,
      NaN,
      NaN,
      NaN,
      NaN,
      NaN,
      NaN,
      NaN,
      NaN,
      NaN,
      NaN,
      NaN
    ],
    [
      NaN,
      NaN,
      NaN,
      NaN,
      NaN,
      0.0,
      NaN,
      NaN,
      NaN,
      NaN,
      NaN,
      NaN,
      NaN,
      NaN,
      NaN,
      NaN,
      NaN,
      NaN,
      NaN
    ],
    [
      NaN,
      NaN,
      NaN,
      NaN,
      NaN,
      NaN,
      0.0,
      NaN,
      NaN,
      NaN,
      NaN,
      NaN,
      NaN,
      NaN,
      NaN,
      NaN,
      NaN,
      NaN,
      NaN
    ],
    [
      NaN,
      NaN,
      NaN,
      NaN,
      NaN,
      NaN,
      NaN,
      0.0,
      NaN,
      NaN,
      NaN,
      NaN,
      NaN,
      NaN,
      NaN,
      NaN,
      NaN,
      NaN,
      NaN
    ],
    [
      NaN,
      NaN,
      NaN,
      NaN,
      NaN,
      NaN,
      NaN,
      NaN,
      0.0,
      NaN,
      NaN,
      NaN,
      NaN,
      NaN,
      NaN,
      NaN,
      NaN,
      NaN,
      NaN
    ],
    [
      NaN,
      NaN,
      NaN,
      NaN,
      NaN,
      NaN,
      NaN,
      NaN,
      NaN,
      0.0,
      NaN,
      NaN,
      NaN,
      NaN,
      NaN,
      NaN,
      NaN,
      NaN,
      NaN
    ],
    [
      NaN,
      NaN,
      NaN,
      NaN,
      NaN,
      NaN,
      NaN,
      NaN,
      NaN,
      NaN,
      0.0,
      NaN,
      NaN,
      NaN,
      NaN,
      NaN,
      NaN,
      NaN,
      NaN
    ],
    [
      NaN,
      NaN,
      NaN,
      NaN,
      NaN,
      NaN,
      NaN,
      NaN,
      NaN,
      NaN,
      NaN,
      0.0,
      NaN,
      NaN,
      NaN,
      NaN,
      NaN,
      NaN,
      NaN
    ],
    [
      NaN,
      NaN,
      NaN,
      NaN,
      NaN,
      NaN,
      NaN,
      NaN,
      NaN,
      NaN,
      NaN,
      NaN,
      0.0,
      NaN,
      NaN,
      NaN,
      NaN,
      NaN,
      NaN
    ],
    [
      NaN,
      NaN,
      NaN,
      NaN,
      NaN,
      NaN,
      NaN,
      NaN,
      NaN,
      NaN,
      NaN,
      NaN,
      NaN,
      0.0,
      NaN,
      NaN,
      NaN,
      NaN,
      NaN
    ],
    [
      NaN,
      NaN,
      NaN,
      NaN,
      NaN,
      NaN,
      NaN,
      NaN,
      NaN,
      NaN,
      NaN,
      NaN,
      NaN,
      NaN,
      0.0,
      NaN,
      NaN,
      NaN,
      NaN
    ],
    [
      NaN,
      NaN,
      NaN,
      NaN,
      NaN,
      NaN,
      NaN,
      NaN,
      NaN,
      NaN,
      NaN,
      NaN,
      NaN,
      NaN,
      NaN,
      0.0,
      NaN,
      NaN,
      NaN
    ],
    [
      NaN,
      NaN,
      NaN,
      NaN,
      NaN,
      NaN,
      NaN,
      NaN,
      NaN,
      NaN,
      NaN,
      NaN,
      NaN,
      NaN,
      NaN,
      NaN,
      0.0,
      NaN,
      NaN
    ],
    [
      NaN,
      NaN,
      NaN,
      NaN,
      NaN,
      NaN,
      NaN,
      NaN,
      NaN,
      NaN,
      NaN,
      NaN,
      NaN,
      NaN,
      NaN,
      NaN,
      NaN,
      0.0,
      NaN
    ],
    [
      NaN,
      NaN,
      NaN,
      NaN,
      NaN,
      NaN,
      NaN,
      NaN,
      NaN,
      NaN,
      NaN,
      NaN,
      NaN,
      NaN,
      NaN,
      NaN,
      NaN,
      NaN,
      0.0
    ]
  ],
  "transit_time_matrix": [
    [
      0.0,
      NaN,
      NaN,
      NaN,
      NaN,
      NaN,
      NaN,
      NaN,
      NaN,
      NaN,
      NaN,
      NaN,
      NaN,
      NaN,
      NaN,
      NaN,
      NaN,
      NaN,
      NaN
    ],
    [
      NaN,
      0.0,
      NaN,
      NaN,
      NaN,
      NaN,
      NaN,
      NaN,
      NaN,
      NaN,
      NaN,
      NaN,
      NaN,
      NaN,
      NaN,
      NaN,
      NaN,
      NaN,
      NaN
    ],
    [
      NaN,
      NaN,
      0.0,
      NaN,
      NaN,
      NaN,
      NaN,
      NaN,
      NaN,
      NaN,
      NaN,
      NaN,
      NaN,
      NaN,
      NaN,
      NaN,
      NaN,
      NaN,
      NaN
    ],
    [
      NaN,
      NaN,
      NaN,
      0.0,
      NaN,
      NaN,
      NaN,
      NaN,
      NaN,
      NaN,
      NaN,
      NaN,
      NaN,
      NaN,
      NaN,
      NaN,
      NaN,
      NaN,
      NaN
    ],
    [
      NaN,
      NaN,
      NaN,
      NaN,
      0.0,
      NaN,
      NaN,
      NaN,
      NaN,
      NaN,
      NaN,
      NaN,
      NaN,
      NaN,
      NaN,
      NaN,
      NaN,
      NaN,
      NaN
    ],
    [
      NaN,
      NaN,
      NaN,
      NaN,
      NaN,
      0.0,
      NaN,
      NaN,
      NaN,
      NaN,
      NaN,
      NaN,
      NaN,
      NaN,
      NaN,
      NaN,
      NaN,
      NaN,
      NaN
    ],
    [
      NaN,
      NaN,
      NaN,
      NaN,
      NaN,
      NaN,
      0.0,
      NaN,
      NaN,
      NaN,
      NaN,
      NaN,
      NaN,
      NaN,
      NaN,
      NaN,
      NaN,
      NaN,
      NaN
    ],
    [
      NaN,
      NaN,
      NaN,
      NaN,
      NaN,
      NaN,
      NaN,
      0.0,
      NaN,
      NaN,
      NaN,
      NaN,
      NaN,
      NaN,
      NaN,
      NaN,
      NaN,
      NaN,
      NaN
    ],
    [
      NaN,
      NaN,
      NaN,
      NaN,
      NaN,
      NaN,
      NaN,
      NaN,
      0.0,
      NaN,
      NaN,
      NaN,
      NaN,
      NaN,
      NaN,
      NaN,
      NaN,
      NaN,
      NaN
    ],
    [
      NaN,
      NaN,
      NaN,
      NaN,
      NaN,
      NaN,
      NaN,
      NaN,
      NaN,
      0.0,
      NaN,
      NaN,
      NaN,
      NaN,
      NaN,
      NaN,
      NaN,
      NaN,
      NaN
    ],
    [
      NaN,
      NaN,
      NaN,
      NaN,
      NaN,
      NaN,
      NaN,
      NaN,
      NaN,
      NaN,
      0.0,
      NaN,
      NaN,
      NaN,
      NaN,
      NaN,
      NaN,
      NaN,
      NaN
    ],
    [
      NaN,
      NaN,
      NaN,
      NaN,
      NaN,
      NaN,
      NaN,
      NaN,
      NaN,
      NaN,
      NaN,
      0.0,
      NaN,
      NaN,
      NaN,
      NaN,
      NaN,
      NaN,
      NaN
    ],
    [
      NaN,
      NaN,
      NaN,
      NaN,
      NaN,
      NaN,
      NaN,
      NaN,
      NaN,
      NaN,
      NaN,
      NaN,
      0.0,
      NaN,
      NaN,
      NaN,
      NaN,
      NaN,
      NaN
    ],
    [
      NaN,
      NaN,
      NaN,
      NaN,
      NaN,
      NaN,
      NaN,
      NaN,
      NaN,
      NaN,
      NaN,
      NaN,
      NaN,
      0.0,
      NaN,
      NaN,
      NaN,
      NaN,
      NaN
    ],
    [
      NaN,
      NaN,
      NaN,
      NaN,
      NaN,
      NaN,
      NaN,
      NaN,
      NaN,
      NaN,
      NaN,
      NaN,
      NaN,
      NaN,
      0.0,
      NaN,
      NaN,
      NaN,
      NaN
    ],
    [
      NaN,
      NaN,
      NaN,
      NaN,
      NaN,
      NaN,
      NaN,
      NaN,
      NaN,
      NaN,
      NaN,
      NaN,
      NaN,
      NaN,
      NaN,
      0.0,
      NaN,
      NaN,
      NaN
    ],
    [
      NaN,
      NaN,
      NaN,
      NaN,
      NaN,
      NaN,
      NaN,
      NaN,
      NaN,
      NaN,
      NaN,
      NaN,
      NaN,
      NaN,
      NaN,
      NaN,
      0.0,
      NaN,
      NaN
    ],
    [
      NaN,
      NaN,
      NaN,
      NaN,
      NaN,
      NaN,
      NaN,
      NaN,
      NaN,
      NaN,
      NaN,
      NaN,
      NaN,
      NaN,
      NaN,
      NaN,
      NaN,
      0.0,
      NaN
    ],
    [
      NaN,
      NaN,
      NaN,
      NaN,
      NaN,
      NaN,
      NaN,
      NaN,
      NaN,
      NaN,
      NaN,
      NaN,
      NaN,
      NaN,
      NaN,
      NaN,
      NaN,
      NaN,
      0.0
    ]
  ],
  "walk_dist_matrix": [
    [
      0.0,
      4.2,
      1.7,
      1.0,
      1.0,
      0.55,
      0.55,
      1.4,
      1.0,
      1.7,
      4.4,
      1.7,
      1.0,
      2.9,
      2.8,
      1.5,
      1.7,
      1.7,
      1.8
    ],
    [
      4.2,
      0.0,
      2.5,
      3.5,
      3.6,
      4.3,
      4.2,
      2.8,
      3.3,
      3.7,
      6.8,
      2.6,
      3.3,
      2.6,
      2.0,
      3.3,
      3.6,
      2.8,
      2.9
    ],
    [
      1.7,
      2.5,
      0.0,
      1.0,
      1.1,
      1.7,
      1.7,
      0.5,
      0.75,
      1.2,
      4.3,
      0.003,
      0.8,
      1.5,
      1.8,
      0.85,
      1.1,
      0.45,
      0.35
    ],
    [
      1.0,
      3.5,
      1.0,
      0.0,
      0.11,
      1.0,
      1.0,
      0.8,
      0.28,
      0.8,
      3.8,
      1.0,
      0.27,
      2.2,
      1.9,
      0.65,
      0.75,
      0.8,
      0.75
    ],
    [
      1.0,
      3.6,
      1.1,
      0.11,
      0.0,
      1.1,
      1.0,
      0.95,
      0.4,
      0.7,
      3.8,
      1.1,
      0.4,
      2.3,
      2.1,
      0.7,
      0.65,
      0.9,
      0.85
    ],
    [
      0.55,
      4.3,
      1.7,
      1.0,
      1.1,
      0.0,
      0.099,
      1.5,
      1.0,
      1.6,
      4.2,
      1.7,
      1.0,
      2.9,
      2.9,
      1.6,
      1.6,
      1.7,
      1.8
    ],
    [
      0.55,
      4.2,
      1.7,
      1.0,
      1.0,
      0.099,
      0.0,
      1.5,
      1.0,
      1.5,
      4.1,
      1.7,
      1.0,
      2.9,
      3.0,
      1.7,
      1.5,
      1.9,
      1.8
    ],
    [
      1.4,
      2.8,
      0.5,
      0.8,
      0.95,
      1.5,
      1.5,
      0.0,
      0.55,
      1.4,
      4.6,
      0.5,
      0.55,
      1.5,
      2.1,
      1.1,
      1.4,
      0.75,
      0.6
    ],
    [
      1.0,
      3.3,
      0.75,
      0.28,
      0.4,
      1.0,
      1.0,
      0.55,
      0.0,
      1.1,
      4.1,
      0.75,
      0.025,
      2.0,
      1.9,
      0.85,
      1.0,
      0.75,
      0.7
    ],
    [
      1.7,
      3.7,
      1.2,
      0.8,
      0.7,
      1.6,
      1.5,
      1.4,
      1.1,
      0.0,
      3.1,
      1.1,
      1.1,
      2.6,
      1.9,
      0.4,
      0.027,
      0.85,
      0.8
    ],
    [
      4.4,
      6.8,
      4.3,
      3.8,
      3.8,
      4.2,
      4.1,
      4.6,
      4.1,
      3.1,
      0.0,
      4.3,
      4.2,
      5.9,
      5.0,
      3.5,
      3.2,
      4.0,
      3.9
    ],
    [
      1.7,
      2.6,
      0.003,
      1.0,
      1.1,
      1.7,
      1.7,
      0.5,
      0.75,
      1.1,
      4.3,
      0.0,
      0.8,
      1.5,
      1.8,
      0.85,
      1.1,
      0.45,
      0.35
    ],
    [
      1.0,
      3.3,
      0.8,
      0.27,
      0.4,
      1.0,
      1.0,
      0.55,
      0.025,
      1.1,
      4.2,
      0.8,
      0.0,
      2.0,
      1.9,
      0.85,
      1.0,
      0.75,
      0.7
    ],
    [
      2.9,
      2.6,
      1.5,
      2.2,
      2.3,
      2.9,
      2.9,
      1.5,
      2.0,
      2.6,
      5.9,
      1.5,
      2.0,
      0.0,
      3.0,
      2.3,
      2.5,
      1.8,
      1.8
    ],
    [
      2.8,
      2.0,
      1.8,
      1.9,
      2.1,
      2.9,
      3.0,
      2.1,
      1.9,
      1.9,
      5.0,
      1.8,
      1.9,
      3.0,
      0.0,
      1.6,
      1.9,
      1.3,
      1.5
    ],
    [
      1.5,
      3.3,
      0.85,
      0.65,
      0.7,
      1.6,
      1.7,
      1.1,
      0.85,
      0.4,
      3.5,
      0.85,
      0.85,
      2.3,
      1.6,
      0.0,
      0.35,
      0.55,
      0.5
    ],
    [
      1.7,
      3.6,
      1.1,
      0.75,
      0.65,
      1.6,
      1.5,
      1.4,
      1.0,
      0.027,
      3.2,
      1.1,
      1.0,
      2.5,
      1.9,
      0.35,
      0.0,
      0.8,
      0.8
    ],
    [
      1.7,
      2.8,
      0.45,
      0.8,
      0.9,
      1.7,
      1.9,
      0.75,
      0.75,
      0.85,
      4.0,
      0.45,
      0.75,
      1.8,
      1.3,
      0.55,
      0.8,
      0.0,
      0.18
    ],
    [
      1.8,
      2.9,
      0.35,
      0.75,
      0.85,
      1.8,
      1.8,
      0.6,
      0.7,
      0.8,
      3.9,
      0.35,
      0.7,
      1.8,
      1.5,
      0.5,
      0.8,
      0.18,
      0.0
    ]
  ],
  "walk_time_matrix": [
    [
      0.0,
      53.0,
      22.0,
      14.0,
      14.0,
      7.0,
      7.0,
      19.0,
      15.0,
      24.0,
      57.0,
      22.0,
      14.0,
      41.0,
      38.0,
      22.0,
      23.0,
      23.0,
      23.0
    ],
    [
      53.0,
      0.0,
      32.0,
      45.0,
      46.0,
      59.0,
      59.0,
      36.0,
      42.0,
      47.0,
      84.0,
      32.0,
      43.0,
      35.0,
      25.0,
      43.0,
      46.0,
      36.0,
      36.0
    ],
    [
      22.0,
      32.0,
      0.0,
      12.0,
      14.0,
      27.0,
      27.0,
      6.0,
      10.0,
      15.0,
      58.0,
      1.0,
      10.0,
      22.0,
      22.0,
      11.0,
      14.0,
      5.0,
      4.0
    ],
    [
      14.0,
      45.0,
      12.0,
      0.0,
      2.0,
      17.0,
      17.0,
      10.0,
      4.0,
      11.0,
      49.0,
      12.0,
      4.0,
      32.0,
      25.0,
      9.0,
      10.0,
      11.0,
      10.0
    ],
    [
      14.0,
      46.0,
      14.0,
      2.0,
      0.0,
      18.0,
      18.0,
      12.0,
      5.0,
      9.0,
      49.0,
      14.0,
      5.0,
      33.0,
      27.0,
      9.0,
      9.0,
      12.0,
      11.0
    ],
    [
      7.0,
      59.0,
      27.0,
      17.0,
      18.0,
      0.0,
      1.0,
      19.0,
      15.0,
      22.0,
      55.0,
      22.0,
      14.0,
      41.0,
      39.0,
      22.0,
      22.0,
      24.0,
      23.0
    ],
    [
      7.0,
      59.0,
      27.0,
      17.0,
      18.0,
      1.0,
      0.0,
      19.0,
      15.0,
      20.0,
      54.0,
      22.0,
      15.0,
      41.0,
      39.0,
      21.0,
      21.0,
      24.0,
      23.0
    ],
    [
      19.0,
      36.0,
      6.0,
      10.0,
      12.0,
      19.0,
      19.0,
      0.0,
      7.0,
      18.0,
      58.0,
      7.0,
      8.0,
      23.0,
      27.0,
      14.0,
      17.0,
      10.0,
      8.0
    ],
    [
      15.0,
      42.0,
      10.0,
      4.0,
      5.0,
      15.0,
      15.0,
      7.0,
      0.0,
      14.0,
      52.0,
      10.0,
      1.0,
      29.0,
      25.0,
      11.0,
      13.0,
      10.0,
      9.0
    ],
    [
      24.0,
      47.0,
      15.0,
      11.0,
      9.0,
      22.0,
      20.0,
      18.0,
      14.0,
      0.0,
      43.0,
      15.0,
      14.0,
      37.0,
      24.0,
      5.0,
      1.0,
      11.0,
      11.0
    ],
    [
      57.0,
      84.0,
      58.0,
      49.0,
      49.0,
      55.0,
      54.0,
      58.0,
      52.0,
      43.0,
      0.0,
      57.0,
      53.0,
      78.0,
      63.0,
      47.0,
      42.0,
      53.0,
      53.0
    ],
    [
      22.0,
      32.0,
      1.0,
      12.0,
      14.0,
      22.0,
      22.0,
      7.0,
      10.0,
      15.0,
      57.0,
      0.0,
      10.0,
      22.0,
      22.0,
      11.0,
      14.0,
      5.0,
      4.0
    ],
    [
      14.0,
      43.0,
      10.0,
      4.0,
      5.0,
      14.0,
      15.0,
      8.0,
      1.0,
      14.0,
      53.0,
      10.0,
      0.0,
      30.0,
      25.0,
      11.0,
      13.0,
      10.0,
      9.0
    ],
    [
      41.0,
      35.0,
      22.0,
      32.0,
      33.0,
      41.0,
      41.0,
      23.0,
      29.0,
      37.0,
      78.0,
      22.0,
      30.0,
      0.0,
      38.0,
      29.0,
      33.0,
      24.0,
      23.0
    ],
    [
      38.0,
      25.0,
      22.0,
      25.0,
      27.0,
      39.0,
      39.0,
      27.0,
      25.0,
      24.0,
      63.0,
      22.0,
      25.0,
      38.0,
      0.0,
      21.0,
      24.0,
      17.0,
      19.0
    ],
    [
      22.0,
      43.0,
      11.0,
      9.0,
      9.0,
      22.0,
      21.0,
      14.0,
      11.0,
      5.0,
      47.0,
      11.0,
      11.0,
      29.0,
      21.0,
      0.0,
      5.0,
      7.0,
      7.0
    ],
    [
      23.0,
      46.0,
      14.0,
      10.0,
      9.0,
      22.0,
      21.0,
      17.0,
      13.0,
      1.0,
      42.0,
      14.0,
      13.0,
      33.0,
      24.0,
      5.0,
      0.0,
      11.0,
      10.0
    ],
    [
      23.0,
      36.0,
      5.0,
      11.0,
      12.0,
      24.0,
      24.0,
      10.0,
      10.0,
      11.0,
      53.0,
      5.0,
      10.0,
      24.0,
      17.0,
      7.0,
      11.0,
      0.0,
      2.0
    ],
    [
      23.0,
      36.0,
      4.0,
      10.0,
      11.0,
      23.0,
      23.0,
      8.0,
      9.0,
      11.0,
      53.0,
      4.0,
      9.0,
      23.0,
      19.0,
      7.0,
      10.0,
      2.0,
      0.0
    ]
  ],
  "cycle_dist_matrix": [
    [
      0.0,
      5.9,
      3.3,
      1.6,
      1.9,
      0.55,
      0.55,
      4.0,
      1.0,
      1.7,
      6.7,
      3.3,
      1.0,
      6.2,
      4.0,
      3.0,
      2.7,
      3.0,
      3.3
    ],
    [
      5.9,
      0.0,
      2.8,
      5.0,
      4.8,
      4.3,
      6.7,
      3.0,
      3.6,
      4.2,
      6.8,
      2.8,
      5.2,
      3.2,
      2.6,
      3.8,
      4.2,
      3.1,
      3.1
    ],
    [
      3.3,
      2.8,
      0.0,
      1.1,
      1.2,
      1.8,
      1.8,
      0.5,
      0.8,
      1.2,
      5.8,
      0.003,
      0.85,
      3.1,
      1.8,
      0.85,
      1.3,
      0.45,
      0.35
    ],
    [
      1.6,
      5.0,
      1.1,
      0.0,
      0.11,
      1.0,
      1.0,
      0.8,
      0.35,
      0.8,
      5.0,
      1.0,
      0.3,
      5.4,
      2.3,
      0.65,
      0.75,
      1.5,
      1.1
    ],
    [
      1.9,
      4.8,
      1.2,
      0.11,
      0.0,
      2.2,
      1.0,
      2.2,
      0.4,
      0.7,
      5.0,
      1.3,
      0.4,
      5.6,
      2.4,
      0.7,
      0.65,
      1.4,
      0.85
    ],
    [
      0.55,
      4.3,
      1.8,
      1.0,
      2.2,
      0.0,
      0.099,
      3.9,
      2.0,
      2.7,
      6.0,
      4.4,
      1.8,
      6.1,
      2.9,
      3.0,
      2.8,
      3.1,
      4.4
    ],
    [
      0.55,
      6.7,
      1.8,
      1.0,
      1.0,
      0.099,
      0.0,
      3.9,
      2.0,
      2.7,
      6.0,
      4.4,
      1.8,
      2.9,
      4.0,
      3.0,
      2.7,
      3.0,
      4.4
    ],
    [
      4.0,
      3.0,
      0.5,
      0.8,
      2.2,
      3.9,
      3.9,
      0.0,
      0.55,
      1.4,
      6.0,
      0.5,
      0.55,
      3.0,
      2.1,
      1.1,
      1.5,
      0.75,
      0.6
    ],
    [
      1.0,
      3.6,
      0.8,
      0.35,
      0.4,
      2.0,
      2.0,
      0.55,
      0.0,
      1.1,
      5.5,
      0.95,
      0.025,
      5.2,
      2.1,
      1.1,
      1.4,
      0.75,
      0.7
    ],
    [
      1.7,
      4.2,
      1.2,
      0.8,
      0.7,
      2.7,
      2.7,
      1.4,
      1.1,
      0.0,
      4.2,
      1.3,
      1.1,
      3.3,
      2.1,
      0.4,
      0.027,
      1.1,
      1.1
    ],
    [
      6.7,
      6.8,
      5.8,
      5.0,
      5.0,
      6.0,
      6.0,
      6.0,
      5.5,
      4.2,
      0.0,
      6.0,
      5.9,
      8.5,
      5.3,
      5.2,
      5.0,
      5.8,
      5.8
    ],
    [
      3.3,
      2.8,
      0.003,
      1.0,
      1.3,
      4.4,
      4.4,
      0.5,
      0.95,
      1.3,
      6.0,
      0.0,
      0.85,
      3.1,
      1.8,
      0.85,
      1.3,
      0.45,
      0.35
    ],
    [
      1.0,
      5.2,
      0.85,
      0.3,
      0.4,
      1.8,
      1.8,
      0.55,
      0.025,
      1.1,
      5.9,
      0.85,
      0.0,
      5.3,
      2.1,
      1.1,
      1.0,
      1.3,
      0.7
    ],
    [
      6.2,
      3.2,
      3.1,
      5.4,
      5.6,
      6.1,
      2.9,
      3.0,
      5.2,
      3.3,
      8.5,
      3.1,
      5.3,
      0.0,
      3.3,
      2.8,
      3.5,
      2.3,
      2.1
    ],
    [
      4.0,
      2.6,
      1.8,
      2.3,
      2.4,
      2.9,
      4.0,
      2.1,
      2.1,
      2.1,
      5.3,
      1.8,
      2.1,
      3.3,
      0.0,
      2.2,
      2.4,
      1.7,
      2.6
    ],
    [
      3.0,
      3.8,
      0.85,
      0.65,
      0.7,
      3.0,
      3.0,
      1.1,
      1.1,
      0.4,
      5.2,
      0.85,
      1.1,
      2.8,
      2.2,
      0.0,
      0.4,
      0.55,
      0.75
    ],
    [
      2.7,
      4.2,
      1.3,
      0.75,
      0.65,
      2.8,
      2.7,
      1.5,
      1.4,
      0.027,
      5.0,
      1.3,
      1.0,
      3.5,
      2.4,
      0.4,
      0.0,
      0.8,
      0.8
    ],
    [
      3.0,
      3.1,
      0.45,
      1.5,
      1.4,
      3.1,
      3.0,
      0.75,
      0.75,
      1.1,
      5.8,
      0.45,
      1.3,
      2.3,
      1.7,
      0.55,
      0.8,
      0.0,
      0.18
    ],
    [
      3.3,
      3.1,
      0.35,
      1.1,
      0.85,
      4.4,
      4.4,
      0.6,
      0.7,
      1.1,
      5.8,
      0.35,
      0.7,
      2.1,
      2.6,
      0.75,
      0.8,
      0.18,
      0.0
    ]
  ],
  "cycle_time_matrix": [
    [
      0.0,
      23.0,
      13.0,
      9.0,
      8.0,
      7.0,
      7.0,
      14.0,
      15.0,
      24.0,
      24.0,
      13.0,
      14.0,
      27.0,
      18.0,
      13.0,
      12.0,
      13.0,
      23.0
    ],
    [
      23.0,
      0.0,
      10.0,
      18.0,
      18.0,
      59.0,
      33.0,
      13.0,
      15.0,
      16.0,
      84.0,
      11.0,
      20.0,
      17.0,
      10.0,
      15.0,
      16.0,
      11.0,
      11.0
    ],
    [
      13.0,
      10.0,
      0.0,
      5.0,
      6.0,
      18.0,
      18.0,
      6.0,
      5.0,
      15.0,
      19.0,
      1.0,
      5.0,
      16.0,
      7.0,
      4.0,
      5.0,
      5.0,
      4.0
    ],
    [
      9.0,
      18.0,
      5.0,
      0.0,
      2.0,
      17.0,
      17.0,
      10.0,
      2.0,
      11.0,
      19.0,
      12.0,
      3.0,
      25.0,
      13.0,
      9.0,
      10.0,
      8.0,
      6.0
    ],
    [
      8.0,
      18.0,
      6.0,
      2.0,
      0.0,
      16.0,
      18.0,
      11.0,
      5.0,
      9.0,
      19.0,
      9.0,
      5.0,
      33.0,
      13.0,
      9.0,
      9.0,
      8.0,
      11.0
    ],
    [
      7.0,
      59.0,
      18.0,
      17.0,
      16.0,
      0.0,
      1.0,
      14.0,
      15.0,
      10.0,
      21.0,
      22.0,
      10.0,
      26.0,
      39.0,
      12.0,
      11.0,
      12.0,
      15.0
    ],
    [
      7.0,
      33.0,
      18.0,
      17.0,
      18.0,
      1.0,
      0.0,
      14.0,
      9.0,
      10.0,
      21.0,
      16.0,
      10.0,
      41.0,
      17.0,
      13.0,
      11.0,
      12.0,
      15.0
    ],
    [
      14.0,
      13.0,
      6.0,
      10.0,
      11.0,
      14.0,
      14.0,
      0.0,
      7.0,
      18.0,
      19.0,
      7.0,
      8.0,
      16.0,
      27.0,
      5.0,
      7.0,
      10.0,
      8.0
    ],
    [
      15.0,
      15.0,
      5.0,
      2.0,
      5.0,
      15.0,
      9.0,
      7.0,
      0.0,
      14.0,
      20.0,
      5.0,
      1.0,
      23.0,
      11.0,
      7.0,
      13.0,
      10.0,
      9.0
    ],
    [
      24.0,
      16.0,
      15.0,
      11.0,
      9.0,
      10.0,
      10.0,
      18.0,
      14.0,
      0.0,
      15.0,
      6.0,
      14.0,
      18.0,
      10.0,
      5.0,
      1.0,
      5.0,
      5.0
    ],
    [
      24.0,
      84.0,
      19.0,
      19.0,
      19.0,
      21.0,
      21.0,
      19.0,
      20.0,
      15.0,
      0.0,
      20.0,
      21.0,
      33.0,
      17.0,
      17.0,
      17.0,
      19.0,
      19.0
    ],
    [
      13.0,
      11.0,
      1.0,
      12.0,
      9.0,
      22.0,
      16.0,
      7.0,
      5.0,
      6.0,
      20.0,
      0.0,
      5.0,
      16.0,
      7.0,
      4.0,
      5.0,
      5.0,
      4.0
    ],
    [
      14.0,
      20.0,
      5.0,
      3.0,
      5.0,
      10.0,
      10.0,
      8.0,
      1.0,
      14.0,
      21.0,
      5.0,
      0.0,
      24.0,
      12.0,
      8.0,
      13.0,
      10.0,
      9.0
    ],
    [
      27.0,
      17.0,
      16.0,
      25.0,
      33.0,
      26.0,
      41.0,
      16.0,
      23.0,
      18.0,
      33.0,
      16.0,
      24.0,
      0.0,
      13.0,
      10.0,
      12.0,
      7.0,
      8.0
    ],
    [
      18.0,
      10.0,
      7.0,
      13.0,
      13.0,
      39.0,
      17.0,
      27.0,
      11.0,
      10.0,
      17.0,
      7.0,
      12.0,
      13.0,
      0.0,
      11.0,
      12.0,
      9.0,
      12.0
    ],
    [
      13.0,
      15.0,
      4.0,
      9.0,
      9.0,
      12.0,
      13.0,
      5.0,
      7.0,
      5.0,
      17.0,
      4.0,
      8.0,
      10.0,
      11.0,
      0.0,
      2.0,
      7.0,
      4.0
    ],
    [
      12.0,
      16.0,
      5.0,
      10.0,
      9.0,
      11.0,
      11.0,
      7.0,
      13.0,
      1.0,
      17.0,
      5.0,
      13.0,
      12.0,
      12.0,
      2.0,
      0.0,
      11.0,
      10.0
    ],
    [
      13.0,
      11.0,
      5.0,
      8.0,
      8.0,
      12.0,
      12.0,
      10.0,
      10.0,
      5.0,
      19.0,
      5.0,
      10.0,
      7.0,
      9.0,
      7.0,
      11.0,
      0.0,
      2.0
    ],
    [
      23.0,
      11.0,
      4.0,
      6.0,
      11.0,
      15.0,
      15.0,
      8.0,
      9.0,
      5.0,
      19.0,
      4.0,
      9.0,
      8.0,
      12.0,
      4.0,
      10.0,
      2.0,
      0.0
    ]
  ],
  "avg_dd": [
    [
      2.4919335180055397
    ]
  ]
}