{
  "drive_dist_matrix": [
    [
      0.0,
      3.7,
      11.9,
      7.6,
      14.2,
      10.9,
      14.9,
      20.0,
      14.1,
      11.5,
      13.7,
      26.2,
      22.2,
      45.2,
      37.0,
      16.1,
      17.9,
      15.3,
      12.9,
      14.1,
      0.24,
      13.4,
      43.6,
      35.4,
      14.5,
      13.3,
      25.9,
      20.1,
      16.1,
      25.4,
      1.0,
      29.2,
      8.9,
      17.7,
      9.2,
      12.2,
      8.0,
      14.0,
      6.2,
      13.3,
      9.6,
      25.5,
      8.8,
      11.6,
      31.0,
      24.2,
      25.7,
      12.4,
      15.9,
      42.8,
      11.0,
      17.5,
      32.1,
      11.3,
      34.8,
      27.7,
      13.8
    ],
    [
      3.7,
      0.0,
      8.2,
      3.9,
      10.7,
      7.1,
      11.2,
      22.8,
      10.4,
      7.8,
      10.0,
      22.5,
      18.5,
      41.5,
      33.3,
      12.4,
      14.2,
      11.6,
      9.2,
      10.4,
      1.4,
      9.7,
      39.9,
      31.7,
      10.8,
      9.6,
      22.2,
      16.4,
      12.4,
      21.7,
      0.8,
      25.5,
      5.2,
      14.0,
      5.5,
      8.5,
      4.3,
      10.3,
      2.5,
      9.6,
      5.9,
      21.8,
      5.1,
      7.9,
      27.3,
      20.5,
      22.0,
      8.7,
      12.2,
      39.1,
      7.3,
      13.8,
      28.4,
      7.6,
      31.1,
      24.0,
      10.1
    ],
    [
      11.9,
      8.2,
      0.0,
      11.8,
      9.3,
      5.3,
      9.3,
      31.0,
      8.5,
      6.0,
      13.9,
      18.1,
      26.2,
      34.4,
      28.9,
      12.6,
      21.9,
      9.8,
      8.5,
      8.5,
      11.6,
      9.0,
      39.8,
      27.2,
      9.5,
      2.5,
      20.4,
      14.5,
      12.6,
      14.7,
      8.2,
      21.4,
      3.9,
      9.6,
      13.1,
      15.4,
      6.3,
      8.4,
      10.0,
      2.5,
      5.7,
      16.6,
      12.7,
      14.2,
      23.3,
      16.1,
      15.0,
      16.6,
      8.6,
      37.2,
      5.5,
      13.6,
      24.3,
      11.2,
      27.1,
      19.9,
      12.7
    ],
    [
      7.6,
      3.9,
      11.8,
      0.0,
      9.7,
      8.5,
      13.9,
      26.5,
      13.0,
      8.0,
      7.2,
      21.6,
      17.5,
      44.4,
      38.3,
      15.4,
      13.2,
      14.3,
      8.3,
      13.0,
      7.1,
      8.8,
      39.4,
      30.8,
      9.9,
      12.5,
      24.9,
      19.1,
      15.4,
      24.7,
      3.7,
      24.6,
      7.9,
      13.1,
      4.5,
      7.5,
      7.1,
      13.0,
      5.5,
      12.5,
      6.4,
      20.2,
      4.1,
      6.9,
      26.5,
      19.6,
      25.0,
      7.7,
      10.0,
      41.7,
      8.5,
      13.2,
      27.6,
      6.4,
      30.3,
      23.1,
      13.1
    ],
    [
      14.2,
      10.7,
      9.3,
      9.7,
      0.0,
      1.1,
      10.1,
      29.9,
      9.2,
      1.7,
      12.8,
      17.2,
      25.1,
      38.0,
      28.0,
      12.7,
      20.9,
      10.5,
      3.6,
      9.2,
      10.6,
      4.1,
      38.7,
      26.3,
      0.85,
      6.1,
      21.1,
      15.3,
      12.7,
      18.3,
      7.2,
      20.2,
      2.9,
      8.7,
      12.1,
      14.3,
      5.2,
      9.2,
      9.0,
      6.1,
      0.15,
      15.7,
      11.7,
      13.2,
      22.0,
      15.1,
      18.5,
      15.1,
      5.2,
      37.9,
      1.2,
      10.1,
      23.1,
      10.1,
      25.8,
      18.7,
      10.4
    ],
    [
      10.9,
      7.1,
      5.3,
      8.5,
      1.1,
      0.0,
      10.1,
      30.0,
      9.3,
      0.5,
      11.4,
      16.0,
      23.8,
      38.8,
      26.8,
      12.8,
      19.8,
      10.5,
      2.4,
      9.3,
      10.6,
      2.9,
      37.6,
      25.1,
      1.3,
      6.1,
      21.1,
      15.3,
      12.7,
      19.0,
      7.2,
      19.0,
      2.9,
      7.5,
      10.6,
      13.7,
      5.3,
      9.2,
      9.0,
      6.1,
      1.3,
      14.5,
      10.2,
      11.7,
      20.8,
      13.9,
      19.3,
      13.9,
      4.0,
      38.0,
      0.4,
      8.9,
      21.9,
      9.0,
      24.6,
      17.5,
      10.5
    ],
    [
      14.9,
      11.2,
      9.3,
      13.9,
      10.1,
      10.1,
      0.0,
      33.7,
      2.2,
      10.3,
      16.6,
      21.9,
      28.9,
      38.3,
      32.7,
      9.0,
      24.7,
      2.6,
      12.3,
      0.6,
      14.3,
      12.8,
      42.5,
      31.1,
      13.3,
      6.4,
      14.3,
      8.5,
      8.9,
      18.6,
      10.9,
      25.3,
      7.7,
      13.4,
      15.9,
      18.1,
      7.4,
      0.55,
      12.7,
      6.4,
      8.5,
      20.5,
      15.5,
      16.9,
      27.1,
      19.9,
      18.8,
      19.3,
      12.5,
      31.2,
      9.9,
      16.3,
      28.2,
      13.9,
      30.9,
      23.8,
      6.7
    ],
    [
      20.0,
      22.8,
      31.0,
      26.5,
      29.9,
      30.0,
      33.7,
      0.0,
      33.2,
      19.6,
      13.8,
      39.1,
      14.0,
      64.3,
      44.1,
      35.2,
      17.2,
      34.5,
      20.0,
      33.2,
      19.8,
      20.5,
      27.7,
      42.4,
      21.6,
      32.4,
      45.1,
      39.2,
      35.2,
      44.6,
      23.2,
      36.3,
      28.0,
      20.9,
      11.1,
      12.3,
      27.1,
      33.1,
      25.4,
      32.4,
      28.7,
      25.7,
      10.7,
      13.5,
      38.1,
      31.3,
      44.8,
      15.6,
      19.2,
      61.9,
      30.2,
      20.8,
      39.2,
      14.2,
      41.9,
      34.8,
      32.9
    ],
    [
      14.1,
      10.4,
      8.5,
      13.0,
      9.2,
      9.3,
      2.2,
      33.2,
      0.0,
      10.4,
      16.7,
      22.0,
      29.0,
      38.4,
      39.0,
      8.2,
      24.8,
      2.6,
      12.4,
      0.0,
      14.4,
      12.9,
      42.6,
      37.4,
      13.4,
      6.5,
      13.5,
      7.7,
      8.1,
      18.7,
      11.0,
      25.4,
      7.8,
      13.5,
      16.0,
      18.2,
      7.5,
      0.22,
      12.8,
      6.5,
      8.6,
      20.6,
      15.6,
      17.0,
      27.2,
      20.0,
      18.9,
      19.4,
      12.6,
      30.3,
      10.0,
      16.4,
      28.3,
      14.0,
      31.0,
      23.9,
      5.8
    ],
    [
      11.5,
      7.8,
      6.0,
      8.0,
      1.7,
      0.5,
      10.3,
      19.6,
      10.4,
      0.0,
      10.9,
      21.3,
      23.2,
      38.3,
      30.6,
      13.4,
      19.3,
      11.2,
      1.9,
      9.9,
      11.2,
      2.4,
      37.1,
      30.5,
      1.9,
      6.4,
      21.8,
      15.9,
      13.4,
      18.6,
      7.8,
      18.5,
      3.6,
      7.0,
      10.2,
      13.2,
      5.9,
      9.9,
      9.6,
      6.4,
      5.3,
      14.0,
      9.8,
      11.3,
      20.3,
      13.5,
      18.8,
      13.5,
      3.5,
      38.6,
      0.45,
      8.5,
      21.4,
      8.5,
      24.1,
      17.0,
      11.1
    ],
    [
      13.7,
      10.0,
      13.9,
      7.2,
      12.8,
      11.4,
      16.6,
      13.8,
      16.7,
      10.9,
      0.0,
      28.0,
      14.1,
      45.0,
      37.3,
      15.2,
      9.8,
      14.9,
      7.9,
      13.7,
      11.1,
      8.4,
      33.4,
      36.2,
      10.5,
      13.1,
      25.6,
      19.8,
      15.2,
      25.3,
      7.7,
      25.2,
      8.5,
      9.8,
      4.5,
      4.1,
      9.6,
      13.7,
      9.5,
      13.1,
      7.0,
      15.3,
      4.1,
      0.3,
      27.0,
      26.9,
      25.5,
      7.9,
      8.1,
      42.3,
      9.0,
      9.7,
      28.1,
      3.7,
      30.9,
      23.7,
      12.9
    ],
    [
      26.2,
      22.5,
      18.1,
      21.6,
      17.2,
      16.0,
      21.9,
      39.1,
      22.0,
      21.3,
      28.0,
      0.0,
      33.8,
      42.5,
      11.6,
      26.7,
      22.9,
      23.9,
      14.9,
      22.6,
      30.9,
      15.4,
      37.3,
      9.0,
      22.2,
      16.6,
      34.5,
      28.6,
      26.7,
      28.8,
      27.5,
      3.9,
      19.5,
      11.1,
      20.8,
      23.8,
      25.6,
      22.6,
      29.3,
      16.6,
      23.0,
      8.9,
      20.4,
      21.8,
      19.8,
      5.4,
      29.1,
      30.8,
      13.8,
      51.3,
      20.8,
      17.7,
      7.4,
      18.8,
      10.0,
      16.5,
      26.8
    ],
    [
      22.2,
      18.5,
      26.2,
      17.5,
      25.1,
      23.8,
      28.9,
      14.0,
      29.0,
      23.2,
      14.1,
      33.8,
      0.0,
      59.2,
      53.0,
      29.4,
      8.9,
      29.2,
      23.1,
      28.0,
      21.9,
      23.6,
      25.5,
      51.4,
      24.7,
      27.3,
      39.8,
      34.0,
      29.4,
      39.5,
      18.5,
      39.4,
      22.7,
      24.1,
      14.3,
      10.8,
      21.9,
      27.9,
      20.3,
      27.3,
      21.2,
      24.3,
      13.9,
      13.9,
      41.3,
      34.4,
      39.7,
      18.8,
      22.4,
      56.7,
      23.2,
      19.3,
      42.3,
      16.2,
      45.1,
      37.9,
      27.1
    ],
    [
      45.2,
      41.5,
      34.4,
      44.4,
      38.0,
      38.8,
      38.3,
      64.3,
      38.4,
      38.3,
      45.0,
      42.5,
      59.2,
      0.0,
      45.7,
      42.7,
      55.8,
      39.9,
      38.4,
      38.6,
      44.8,
      38.9,
      73.6,
      45.8,
      41.4,
      32.6,
      36.6,
      44.6,
      42.7,
      25.1,
      41.4,
      40.4,
      38.2,
      39.5,
      46.7,
      49.7,
      37.8,
      38.5,
      43.2,
      32.6,
      39.0,
      46.5,
      46.3,
      47.8,
      29.1,
      42.1,
      25.4,
      50.0,
      35.8,
      53.5,
      39.9,
      45.1,
      41.2,
      45.0,
      39.3,
      34.0,
      42.8
    ],
    [
      37.0,
      33.3,
      28.9,
      38.3,
      28.0,
      26.8,
      32.7,
      44.1,
      39.0,
      30.6,
      37.3,
      11.6,
      53.0,
      45.7,
      0.0,
      43.2,
      30.6,
      40.4,
      31.1,
      39.1,
      42.9,
      31.6,
      45.0,
      4.4,
      34.1,
      33.1,
      51.0,
      45.2,
      43.2,
      45.2,
      39.4,
      13.9,
      34.4,
      21.1,
      37.5,
      42.5,
      37.5,
      39.1,
      41.3,
      31.2,
      32.9,
      15.8,
      37.1,
      38.6,
      20.3,
      12.6,
      45.6,
      42.7,
      30.1,
      67.8,
      32.6,
      24.9,
      10.2,
      35.8,
      7.4,
      18.8,
      36.8
    ],
    [
      16.1,
      12.4,
      12.6,
      15.4,
      12.7,
      12.8,
      9.0,
      35.2,
      8.2,
      13.4,
      15.2,
      26.7,
      29.4,
      42.7,
      43.2,
      0.0,
      24.9,
      12.8,
      14.8,
      11.5,
      15.9,
      15.3,
      45.6,
      41.7,
      16.4,
      10.8,
      18.7,
      7.1,
      3.0,
      22.9,
      12.5,
      29.6,
      10.8,
      17.8,
      16.2,
      19.3,
      8.2,
      11.4,
      12.5,
      10.8,
      11.5,
      27.5,
      15.8,
      17.3,
      31.5,
      24.3,
      23.2,
      19.6,
      17.8,
      35.5,
      12.9,
      19.4,
      32.6,
      14.6,
      35.3,
      28.2,
      3.0
    ],
    [
      17.9,
      14.2,
      21.9,
      13.2,
      20.9,
      19.8,
      24.7,
      17.2,
      24.8,
      19.3,
      9.8,
      22.9,
      8.9,
      55.8,
      30.6,
      24.9,
      0.0,
      23.8,
      18.3,
      22.5,
      17.5,
      18.8,
      28.6,
      29.4,
      19.9,
      22.5,
      34.4,
      28.5,
      25.0,
      34.6,
      14.2,
      19.9,
      17.3,
      18.8,
      9.9,
      6.2,
      17.5,
      22.5,
      15.9,
      22.5,
      15.8,
      14.6,
      9.5,
      9.5,
      36.4,
      18.3,
      34.9,
      14.4,
      17.1,
      51.2,
      18.4,
      12.2,
      37.5,
      11.8,
      40.2,
      33.1,
      22.7
    ],
    [
      15.3,
      11.6,
      9.8,
      14.3,
      10.5,
      10.5,
      2.6,
      34.5,
      2.6,
      11.2,
      14.9,
      23.9,
      29.2,
      39.9,
      40.4,
      12.8,
      23.8,
      0.0,
      11.7,
      2.6,
      13.7,
      12.2,
      41.9,
      36.6,
      12.7,
      5.8,
      14.7,
      8.9,
      9.3,
      17.9,
      10.3,
      24.6,
      7.1,
      12.8,
      15.2,
      17.5,
      6.7,
      2.5,
      12.1,
      5.8,
      7.8,
      19.9,
      14.8,
      16.3,
      26.5,
      19.3,
      18.2,
      18.7,
      11.9,
      31.5,
      9.2,
      15.7,
      27.6,
      13.3,
      30.3,
      23.1,
      7.0
    ],
    [
      12.9,
      9.2,
      8.5,
      8.3,
      3.6,
      2.4,
      12.3,
      20.0,
      12.4,
      1.9,
      7.9,
      14.9,
      23.1,
      38.4,
      31.1,
      14.8,
      18.3,
      11.7,
      0.0,
      12.8,
      12.9,
      0.5,
      36.5,
      31.0,
      3.9,
      6.8,
      24.7,
      18.9,
      15.1,
      19.0,
      9.6,
      18.9,
      5.6,
      7.5,
      9.5,
      12.6,
      7.6,
      12.8,
      11.3,
      6.8,
      5.0,
      18.4,
      9.1,
      10.6,
      20.8,
      13.9,
      19.3,
      12.8,
      2.0,
      41.5,
      2.5,
      6.6,
      21.9,
      7.9,
      24.6,
      17.4,
      12.8
    ],
    [
      14.1,
      10.4,
      8.5,
      13.0,
      9.2,
      9.3,
      0.6,
      33.2,
      0.0,
      9.9,
      13.7,
      22.6,
      28.0,
      38.6,
      39.1,
      11.5,
      22.5,
      2.6,
      12.8,
      0.0,
      14.4,
      12.9,
      42.6,
      37.4,
      13.4,
      6.5,
      13.5,
      7.7,
      8.1,
      18.7,
      11.0,
      25.4,
      7.8,
      13.5,
      16.0,
      18.2,
      7.5,
      0.22,
      12.8,
      6.5,
      8.6,
      20.6,
      15.6,
      17.0,
      27.2,
      20.0,
      18.9,
      18.9,
      12.6,
      30.3,
      10.0,
      16.4,
      28.3,
      14.0,
      31.0,
      23.9,
      5.8
    ],
    [
      0.24,
      1.4,
      11.6,
      7.1,
      10.6,
      10.6,
      14.3,
      19.8,
      14.4,
      11.2,
      11.1,
      30.9,
      21.9,
      44.8,
      42.9,
      15.9,
      17.5,
      13.7,
      12.9,
      14.4,
      0.0,
      13.2,
      43.4,
      41.1,
      14.4,
      13.0,
      25.7,
      19.9,
      15.8,
      25.2,
      3.9,
      28.9,
      8.7,
      17.6,
      8.9,
      12.0,
      7.7,
      13.8,
      6.0,
      13.0,
      9.4,
      25.3,
      8.5,
      11.3,
      30.8,
      30.8,
      25.4,
      12.2,
      15.6,
      42.5,
      10.8,
      17.2,
      31.9,
      11.0,
      34.6,
      27.4,
      13.5
    ],
    [
      13.4,
      9.7,
      9.0,
      8.8,
      4.1,
      2.9,
      12.8,
      20.5,
      12.9,
      2.4,
      8.4,
      15.4,
      23.6,
      38.9,
      31.6,
      15.3,
      18.8,
      12.2,
      0.5,
      12.9,
      13.2,
      0.0,
      37.1,
      31.5,
      4.4,
      7.3,
      25.2,
      19.4,
      15.6,
      19.5,
      10.1,
      19.4,
      6.1,
      5.0,
      10.0,
      13.1,
      8.1,
      13.3,
      11.8,
      7.3,
      5.5,
      12.8,
      9.6,
      11.1,
      21.3,
      21.2,
      19.8,
      13.3,
      1.2,
      42.0,
      3.0,
      6.9,
      22.4,
      8.4,
      25.1,
      17.9,
      13.3
    ],
    [
      43.6,
      39.9,
      39.8,
      39.4,
      38.7,
      37.6,
      42.5,
      27.7,
      42.6,
      37.1,
      33.4,
      37.3,
      25.5,
      73.6,
      45.0,
      45.6,
      28.6,
      41.9,
      36.5,
      42.6,
      43.4,
      37.1,
      0.0,
      44.3,
      38.2,
      40.8,
      52.7,
      46.9,
      44.3,
      53.0,
      38.8,
      34.8,
      35.7,
      37.2,
      35.4,
      30.7,
      36.8,
      40.8,
      40.6,
      40.8,
      34.2,
      29.6,
      35.1,
      32.6,
      54.8,
      32.3,
      53.2,
      38.9,
      35.5,
      69.6,
      36.7,
      30.5,
      41.7,
      31.7,
      44.3,
      51.4,
      42.0
    ],
    [
      35.4,
      31.7,
      27.2,
      30.8,
      26.3,
      25.1,
      31.1,
      42.4,
      37.4,
      30.5,
      36.2,
      9.0,
      51.4,
      45.8,
      4.4,
      41.7,
      29.4,
      36.6,
      31.0,
      37.4,
      41.1,
      31.5,
      44.3,
      0.0,
      30.8,
      29.8,
      47.6,
      41.8,
      39.8,
      42.0,
      35.5,
      11.2,
      32.5,
      18.1,
      36.1,
      39.1,
      34.2,
      35.7,
      37.3,
      29.8,
      31.6,
      15.4,
      35.7,
      37.2,
      22.4,
      12.0,
      42.3,
      39.4,
      26.9,
      64.5,
      29.4,
      24.7,
      9.1,
      34.3,
      11.7,
      20.9,
      40.0
    ],
    [
      14.5,
      10.8,
      9.5,
      9.9,
      0.85,
      1.3,
      13.3,
      21.6,
      13.4,
      1.9,
      10.5,
      22.2,
      24.7,
      41.4,
      34.1,
      16.4,
      19.9,
      12.7,
      3.9,
      13.4,
      14.4,
      4.4,
      38.2,
      30.8,
      0.0,
      6.3,
      21.3,
      15.5,
      12.9,
      18.5,
      7.4,
      20.4,
      3.1,
      8.9,
      12.3,
      15.4,
      5.5,
      9.4,
      9.2,
      6.3,
      4.9,
      20.8,
      11.9,
      13.4,
      22.3,
      22.1,
      18.7,
      15.4,
      5.5,
      38.2,
      1.5,
      10.4,
      23.3,
      10.4,
      26.1,
      18.9,
      10.7
    ],
    [
      13.3,
      9.6,
      2.5,
      12.5,
      6.1,
      6.1,
      6.4,
      32.4,
      6.5,
      6.4,
      13.1,
      16.6,
      27.3,
      32.6,
      33.1,
      10.8,
      22.5,
      5.8,
      6.8,
      6.5,
      13.0,
      7.3,
      40.8,
      29.8,
      6.3,
      0.0,
      18.6,
      12.8,
      10.8,
      12.7,
      9.6,
      19.4,
      6.4,
      7.6,
      14.8,
      17.8,
      6.0,
      6.7,
      11.4,
      0.0,
      7.1,
      14.7,
      14.4,
      15.9,
      21.3,
      21.1,
      13.0,
      18.1,
      6.7,
      35.4,
      8.1,
      13.3,
      22.4,
      13.2,
      25.1,
      17.9,
      10.9
    ],
    [
      25.9,
      22.2,
      20.4,
      24.9,
      21.1,
      21.1,
      14.3,
      45.1,
      13.5,
      21.8,
      25.6,
      34.5,
      39.8,
      36.6,
      51.0,
      18.7,
      34.4,
      14.7,
      24.7,
      13.5,
      25.7,
      25.2,
      52.7,
      47.6,
      21.3,
      18.6,
      0.0,
      15.6,
      17.5,
      19.9,
      23.0,
      37.3,
      19.8,
      25.5,
      27.9,
      30.6,
      19.4,
      13.4,
      24.8,
      18.5,
      20.5,
      32.6,
      27.5,
      29.0,
      39.2,
      39.1,
      20.1,
      31.4,
      24.6,
      23.1,
      21.9,
      28.4,
      40.3,
      26.0,
      43.0,
      35.8,
      15.2
    ],
    [
      20.1,
      16.4,
      14.5,
      19.1,
      15.3,
      15.3,
      8.5,
      39.2,
      7.7,
      15.9,
      19.8,
      28.6,
      34.0,
      44.6,
      45.2,
      7.1,
      28.5,
      8.9,
      18.9,
      7.7,
      19.9,
      19.4,
      46.9,
      41.8,
      15.5,
      12.8,
      15.6,
      0.0,
      7.0,
      27.6,
      15.1,
      34.3,
      16.7,
      22.4,
      18.8,
      21.8,
      10.8,
      10.3,
      15.1,
      15.4,
      17.5,
      29.5,
      18.4,
      19.9,
      36.1,
      36.0,
      27.8,
      22.2,
      21.5,
      33.0,
      18.9,
      25.3,
      37.2,
      17.2,
      39.9,
      32.8,
      5.2
    ],
    [
      16.1,
      12.4,
      12.6,
      15.4,
      12.7,
      12.7,
      8.9,
      35.2,
      8.1,
      13.4,
      15.2,
      26.7,
      29.4,
      42.7,
      43.2,
      3.0,
      25.0,
      9.3,
      15.1,
      8.1,
      15.8,
      15.6,
      44.3,
      39.8,
      12.9,
      10.8,
      17.5,
      7.0,
      0.0,
      22.9,
      12.4,
      29.6,
      10.8,
      17.8,
      16.2,
      19.2,
      8.1,
      11.4,
      12.5,
      10.7,
      11.5,
      27.4,
      15.8,
      17.3,
      31.5,
      31.3,
      23.1,
      19.6,
      16.8,
      35.4,
      12.9,
      19.3,
      32.5,
      14.6,
      35.3,
      28.1,
      2.9
    ],
    [
      25.4,
      21.7,
      14.7,
      24.7,
      18.3,
      19.0,
      18.6,
      44.6,
      18.7,
      18.6,
      25.3,
      28.8,
      39.5,
      25.1,
      45.2,
      22.9,
      34.6,
      17.9,
      19.0,
      18.7,
      25.2,
      19.5,
      53.0,
      42.0,
      18.5,
      12.7,
      19.9,
      27.6,
      22.9,
      0.0,
      22.0,
      31.9,
      18.8,
      20.1,
      27.3,
      30.3,
      18.4,
      19.1,
      23.8,
      13.2,
      19.5,
      27.1,
      26.9,
      28.4,
      33.8,
      26.5,
      0.8,
      30.6,
      19.1,
      37.5,
      20.5,
      25.7,
      34.8,
      25.6,
      37.6,
      30.4,
      23.4
    ],
    [
      1.0,
      0.8,
      8.2,
      3.7,
      7.2,
      7.2,
      10.9,
      23.2,
      11.0,
      7.8,
      7.7,
      27.5,
      18.5,
      41.4,
      39.4,
      12.5,
      14.2,
      10.3,
      9.6,
      11.0,
      3.9,
      10.1,
      38.8,
      35.5,
      7.4,
      9.6,
      23.0,
      15.1,
      12.4,
      22.0,
      0.0,
      25.4,
      5.2,
      13.9,
      5.4,
      8.5,
      4.2,
      10.3,
      2.5,
      9.5,
      5.9,
      21.8,
      5.0,
      7.8,
      27.3,
      27.1,
      21.9,
      8.7,
      12.1,
      39.0,
      7.3,
      13.7,
      28.4,
      7.5,
      31.1,
      23.9,
      10.0
    ],
    [
      29.2,
      25.5,
      21.4,
      24.6,
      20.2,
      19.0,
      25.3,
      36.3,
      25.4,
      18.5,
      25.2,
      3.9,
      39.4,
      40.4,
      13.9,
      29.6,
      19.9,
      24.6,
      18.9,
      25.4,
      28.9,
      19.4,
      34.8,
      11.2,
      20.4,
      19.4,
      37.3,
      34.3,
      29.6,
      31.9,
      25.4,
      0.0,
      25.0,
      8.9,
      27.2,
      30.2,
      19.0,
      27.7,
      29.9,
      21.8,
      23.5,
      5.6,
      18.1,
      19.6,
      20.4,
      2.3,
      34.2,
      30.5,
      18.8,
      49.1,
      21.3,
      13.3,
      9.4,
      16.6,
      12.0,
      17.0,
      24.6
    ],
    [
      8.9,
      5.2,
      3.9,
      7.9,
      2.9,
      2.9,
      7.7,
      28.0,
      7.8,
      3.6,
      8.5,
      19.5,
      22.7,
      38.2,
      34.4,
      10.8,
      17.3,
      7.1,
      5.6,
      7.8,
      8.7,
      6.1,
      35.7,
      32.5,
      3.1,
      6.4,
      19.8,
      16.7,
      10.8,
      18.8,
      5.2,
      25.0,
      0.0,
      10.8,
      10.2,
      13.2,
      3.3,
      7.2,
      7.0,
      4.7,
      2.7,
      18.7,
      9.8,
      11.2,
      24.2,
      24.0,
      17.1,
      13.6,
      9.0,
      36.0,
      3.1,
      10.6,
      25.2,
      8.2,
      28.0,
      20.8,
      8.5
    ],
    [
      17.7,
      14.0,
      9.6,
      13.1,
      8.7,
      7.5,
      13.4,
      20.9,
      13.5,
      7.0,
      9.8,
      11.1,
      24.1,
      39.5,
      21.1,
      17.8,
      18.8,
      12.8,
      7.5,
      13.5,
      17.6,
      5.0,
      37.2,
      18.1,
      8.9,
      7.6,
      25.5,
      22.4,
      17.8,
      20.1,
      13.9,
      8.9,
      10.8,
      0.0,
      9.7,
      12.7,
      11.2,
      12.2,
      14.9,
      6.3,
      8.5,
      10.9,
      9.3,
      10.7,
      20.5,
      10.8,
      18.7,
      13.1,
      3.0,
      41.0,
      6.1,
      6.6,
      21.6,
      7.7,
      24.3,
      17.1,
      16.5
    ],
    [
      9.2,
      5.5,
      13.1,
      4.5,
      12.1,
      10.6,
      15.9,
      11.1,
      16.0,
      10.2,
      4.5,
      20.8,
      14.3,
      46.7,
      37.5,
      16.2,
      9.9,
      15.2,
      9.5,
      16.0,
      8.9,
      10.0,
      35.4,
      36.1,
      12.3,
      14.8,
      27.9,
      18.8,
      16.2,
      27.3,
      5.4,
      27.2,
      10.2,
      9.7,
      0.0,
      3.0,
      10.6,
      16.6,
      9.0,
      16.0,
      9.9,
      16.4,
      2.5,
      2.4,
      29.9,
      29.8,
      28.4,
      7.4,
      10.8,
      45.3,
      11.9,
      11.5,
      31.0,
      4.7,
      33.7,
      26.6,
      15.8
    ],
    [
      12.2,
      8.5,
      15.4,
      7.5,
      14.3,
      13.7,
      18.1,
      12.3,
      18.2,
      13.2,
      4.1,
      23.8,
      10.8,
      49.7,
      42.5,
      19.3,
      6.2,
      17.5,
      12.6,
      18.2,
      12.0,
      13.1,
      30.7,
      39.1,
      15.4,
      17.8,
      30.6,
      21.8,
      19.2,
      30.3,
      8.5,
      30.2,
      13.2,
      12.7,
      3.0,
      0.0,
      11.9,
      17.5,
      10.3,
      17.3,
      10.9,
      13.8,
      3.8,
      3.9,
      31.2,
      21.0,
      29.8,
      8.7,
      12.3,
      46.6,
      13.2,
      8.9,
      32.3,
      5.7,
      35.1,
      27.9,
      17.1
    ],
    [
      8.0,
      4.3,
      6.3,
      7.1,
      5.2,
      5.3,
      7.4,
      27.1,
      7.5,
      5.9,
      9.6,
      25.6,
      21.9,
      37.8,
      37.5,
      8.2,
      17.5,
      6.7,
      7.6,
      7.5,
      7.7,
      8.1,
      36.8,
      34.2,
      5.5,
      6.0,
      19.4,
      10.8,
      8.1,
      18.4,
      4.2,
      19.0,
      3.3,
      11.2,
      10.6,
      11.9,
      0.0,
      6.0,
      6.4,
      5.3,
      3.3,
      19.2,
      9.0,
      10.5,
      24.7,
      24.6,
      17.7,
      12.8,
      9.5,
      34.8,
      4.7,
      11.1,
      25.8,
      8.7,
      28.5,
      21.3,
      5.9
    ],
    [
      14.0,
      10.3,
      8.4,
      13.0,
      9.2,
      9.2,
      0.55,
      33.1,
      0.22,
      9.9,
      13.7,
      22.6,
      27.9,
      38.5,
      39.1,
      11.4,
      22.5,
      2.5,
      12.8,
      0.22,
      13.8,
      13.3,
      40.8,
      35.7,
      9.4,
      6.7,
      13.4,
      10.3,
      11.4,
      19.1,
      10.3,
      27.7,
      7.2,
      12.2,
      16.6,
      17.5,
      6.0,
      0.0,
      12.7,
      6.3,
      8.4,
      20.4,
      15.4,
      16.9,
      27.1,
      19.9,
      18.8,
      19.2,
      12.4,
      30.2,
      9.8,
      16.3,
      28.1,
      13.8,
      30.9,
      23.7,
      5.7
    ],
    [
      6.2,
      2.5,
      10.0,
      5.5,
      9.0,
      9.0,
      12.7,
      25.4,
      12.8,
      9.6,
      9.5,
      29.3,
      20.3,
      43.2,
      41.3,
      12.5,
      15.9,
      12.1,
      11.3,
      12.8,
      6.0,
      11.8,
      40.6,
      37.3,
      9.2,
      11.4,
      24.8,
      15.1,
      12.5,
      23.8,
      2.5,
      29.9,
      7.0,
      14.9,
      9.0,
      10.3,
      6.4,
      12.7,
      0.0,
      8.5,
      8.0,
      23.9,
      7.2,
      10.0,
      29.2,
      29.1,
      20.9,
      10.8,
      14.2,
      37.9,
      9.4,
      15.8,
      30.3,
      9.1,
      33.0,
      25.9,
      7.7
    ],
    [
      13.3,
      9.6,
      2.5,
      12.5,
      6.1,
      6.1,
      6.4,
      32.4,
      6.5,
      6.4,
      13.1,
      16.6,
      27.3,
      32.6,
      31.2,
      10.8,
      22.5,
      5.8,
      6.8,
      6.5,
      13.0,
      7.3,
      40.8,
      29.8,
      6.3,
      0.0,
      18.5,
      15.4,
      10.7,
      13.2,
      9.5,
      21.8,
      4.7,
      6.3,
      16.0,
      17.3,
      5.3,
      6.3,
      8.5,
      0.0,
      7.1,
      14.7,
      14.4,
      15.9,
      21.3,
      14.1,
      13.0,
      18.1,
      6.7,
      35.4,
      8.1,
      13.3,
      22.4,
      13.2,
      25.1,
      17.9,
      10.9
    ],
    [
      9.6,
      5.9,
      5.7,
      6.4,
      0.15,
      1.3,
      8.5,
      28.7,
      8.6,
      5.3,
      7.0,
      23.0,
      21.2,
      39.0,
      32.9,
      11.5,
      15.8,
      7.8,
      5.0,
      8.6,
      9.4,
      5.5,
      34.2,
      31.6,
      4.9,
      7.1,
      20.5,
      17.5,
      11.5,
      19.5,
      5.9,
      23.5,
      2.7,
      8.5,
      9.9,
      10.9,
      3.3,
      8.4,
      8.0,
      7.1,
      0.0,
      16.3,
      7.4,
      8.9,
      21.8,
      21.7,
      20.3,
      11.2,
      6.6,
      38.8,
      3.8,
      8.2,
      22.9,
      5.8,
      25.6,
      18.5,
      11.3
    ],
    [
      25.5,
      21.8,
      16.6,
      20.2,
      15.7,
      14.5,
      20.5,
      25.7,
      20.6,
      14.0,
      15.3,
      8.9,
      24.3,
      46.5,
      15.8,
      27.5,
      14.6,
      19.9,
      18.4,
      20.6,
      25.3,
      12.8,
      29.6,
      15.4,
      20.8,
      14.7,
      32.6,
      29.5,
      27.4,
      27.1,
      21.8,
      5.6,
      18.7,
      10.9,
      16.4,
      13.8,
      19.2,
      20.4,
      23.9,
      14.7,
      16.3,
      0.0,
      18.2,
      15.7,
      22.6,
      4.2,
      27.1,
      22.0,
      12.1,
      49.3,
      14.4,
      8.3,
      13.6,
      14.8,
      16.2,
      19.2,
      24.8
    ],
    [
      8.8,
      5.1,
      12.7,
      4.1,
      11.7,
      10.2,
      15.5,
      10.7,
      15.6,
      9.8,
      4.1,
      20.4,
      13.9,
      46.3,
      37.1,
      15.8,
      9.5,
      14.8,
      9.1,
      15.6,
      8.5,
      9.6,
      35.1,
      35.7,
      11.9,
      14.4,
      27.5,
      18.4,
      15.8,
      26.9,
      5.0,
      18.1,
      9.8,
      9.3,
      2.5,
      3.8,
      9.0,
      15.4,
      7.2,
      14.4,
      7.4,
      18.2,
      0.0,
      3.1,
      30.7,
      30.5,
      29.1,
      8.1,
      11.7,
      46.0,
      12.6,
      12.2,
      31.7,
      5.5,
      34.5,
      27.3,
      16.5
    ],
    [
      11.6,
      7.9,
      14.2,
      6.9,
      13.2,
      11.7,
      16.9,
      13.5,
      17.0,
      11.3,
      0.3,
      21.8,
      13.9,
      47.8,
      38.6,
      17.3,
      9.5,
      16.3,
      10.6,
      17.0,
      11.3,
      11.1,
      32.6,
      37.2,
      13.4,
      15.9,
      29.0,
      19.9,
      17.3,
      28.4,
      7.8,
      19.6,
      11.2,
      10.7,
      2.4,
      3.9,
      10.5,
      16.9,
      10.0,
      15.9,
      8.9,
      15.7,
      3.1,
      0.0,
      27.4,
      27.2,
      25.8,
      8.2,
      8.4,
      42.6,
      9.3,
      10.1,
      28.4,
      3.4,
      31.2,
      24.0,
      14.3
    ],
    [
      31.0,
      27.3,
      23.3,
      26.5,
      22.0,
      20.8,
      27.1,
      38.1,
      27.2,
      20.3,
      27.0,
      19.8,
      41.3,
      29.1,
      20.3,
      31.5,
      36.4,
      26.5,
      20.8,
      27.2,
      30.8,
      21.3,
      54.8,
      22.4,
      22.3,
      21.3,
      39.2,
      36.1,
      31.5,
      33.8,
      27.3,
      20.4,
      24.2,
      20.5,
      29.9,
      31.2,
      24.7,
      27.1,
      29.2,
      21.3,
      21.8,
      22.6,
      30.7,
      27.4,
      0.0,
      18.9,
      34.3,
      31.4,
      18.9,
      56.5,
      21.4,
      25.0,
      11.7,
      26.5,
      12.2,
      5.9,
      32.0
    ],
    [
      24.2,
      20.5,
      16.1,
      19.6,
      15.1,
      13.9,
      19.9,
      31.3,
      20.0,
      13.5,
      26.9,
      5.4,
      34.4,
      42.1,
      12.6,
      24.3,
      18.3,
      19.3,
      13.9,
      20.0,
      30.8,
      21.2,
      32.3,
      12.0,
      22.1,
      21.1,
      39.1,
      36.0,
      31.3,
      26.5,
      27.1,
      2.3,
      24.0,
      10.8,
      29.8,
      21.0,
      24.6,
      19.9,
      29.1,
      14.1,
      21.7,
      4.2,
      30.5,
      27.2,
      18.9,
      0.0,
      33.5,
      30.7,
      18.1,
      48.4,
      20.6,
      11.2,
      10.7,
      15.8,
      13.3,
      16.3,
      23.9
    ],
    [
      25.7,
      22.0,
      15.0,
      25.0,
      18.5,
      19.3,
      18.8,
      44.8,
      18.9,
      18.8,
      25.5,
      29.1,
      39.7,
      25.4,
      45.6,
      23.2,
      34.9,
      18.2,
      19.3,
      18.9,
      25.4,
      19.8,
      53.2,
      42.3,
      18.7,
      13.0,
      20.1,
      27.8,
      23.1,
      0.8,
      21.9,
      34.2,
      17.1,
      18.7,
      28.4,
      29.8,
      17.7,
      18.8,
      20.9,
      13.0,
      20.3,
      27.1,
      29.1,
      25.8,
      34.3,
      33.5,
      0.0,
      30.7,
      19.2,
      37.7,
      20.6,
      25.9,
      34.9,
      25.7,
      37.7,
      30.5,
      23.5
    ],
    [
      12.4,
      8.7,
      16.6,
      7.7,
      15.1,
      13.9,
      19.3,
      15.6,
      19.4,
      13.5,
      7.9,
      30.8,
      18.8,
      50.0,
      42.7,
      19.6,
      14.4,
      18.7,
      12.8,
      18.9,
      12.2,
      13.3,
      38.9,
      39.4,
      15.4,
      18.1,
      31.4,
      22.2,
      19.6,
      30.6,
      8.7,
      30.5,
      13.6,
      13.1,
      7.4,
      8.7,
      12.8,
      19.2,
      10.8,
      18.1,
      11.2,
      22.0,
      8.1,
      8.2,
      31.4,
      30.7,
      30.7,
      0.0,
      11.6,
      45.6,
      12.4,
      13.2,
      31.5,
      6.6,
      34.2,
      27.0,
      16.4
    ],
    [
      15.9,
      12.2,
      8.6,
      10.0,
      5.2,
      4.0,
      12.5,
      19.2,
      12.6,
      3.5,
      8.1,
      13.8,
      22.4,
      35.8,
      30.1,
      17.8,
      17.1,
      11.9,
      2.0,
      12.6,
      15.6,
      1.2,
      35.5,
      26.9,
      5.5,
      6.7,
      24.6,
      21.5,
      16.8,
      19.1,
      12.1,
      18.8,
      9.0,
      3.0,
      10.8,
      12.3,
      9.5,
      12.4,
      14.2,
      6.7,
      6.6,
      12.1,
      11.7,
      8.4,
      18.9,
      18.1,
      19.2,
      11.6,
      0.0,
      41.0,
      3.9,
      5.9,
      21.6,
      7.1,
      24.4,
      17.2,
      16.5
    ],
    [
      42.8,
      39.1,
      37.2,
      41.7,
      37.9,
      38.0,
      31.2,
      61.9,
      30.3,
      38.6,
      42.3,
      51.3,
      56.7,
      53.5,
      67.8,
      35.5,
      51.2,
      31.5,
      41.5,
      30.3,
      42.5,
      42.0,
      69.6,
      64.5,
      38.2,
      35.4,
      23.1,
      33.0,
      35.4,
      37.5,
      39.0,
      49.1,
      36.0,
      41.0,
      45.3,
      46.6,
      34.8,
      30.2,
      37.9,
      35.4,
      38.8,
      49.3,
      46.0,
      42.6,
      56.5,
      48.4,
      37.7,
      45.6,
      41.0,
      0.0,
      44.8,
      51.3,
      63.2,
      48.9,
      65.9,
      58.7,
      38.1
    ],
    [
      11.0,
      7.3,
      5.5,
      8.5,
      1.2,
      0.4,
      9.9,
      30.2,
      10.0,
      0.45,
      9.0,
      20.8,
      23.2,
      39.9,
      32.6,
      12.9,
      18.4,
      9.2,
      2.5,
      10.0,
      10.8,
      3.0,
      36.7,
      29.4,
      1.5,
      8.1,
      21.9,
      18.9,
      12.9,
      20.5,
      7.3,
      21.3,
      3.1,
      6.1,
      11.9,
      13.2,
      4.7,
      9.8,
      9.4,
      8.1,
      3.8,
      14.4,
      12.6,
      9.3,
      21.4,
      20.6,
      20.6,
      12.4,
      3.9,
      44.8,
      0.0,
      8.9,
      21.9,
      9.0,
      24.6,
      17.4,
      10.6
    ],
    [
      17.5,
      13.8,
      13.6,
      13.2,
      10.1,
      8.9,
      16.3,
      20.8,
      16.4,
      8.5,
      9.7,
      17.7,
      19.3,
      45.1,
      24.9,
      19.4,
      12.2,
      15.7,
      6.6,
      16.4,
      17.2,
      6.9,
      30.5,
      24.7,
      10.4,
      13.3,
      28.4,
      25.3,
      19.3,
      25.7,
      13.7,
      13.3,
      10.6,
      6.6,
      11.5,
      8.9,
      11.1,
      16.3,
      15.8,
      13.3,
      8.2,
      8.3,
      12.2,
      10.1,
      25.0,
      11.2,
      25.9,
      13.2,
      5.9,
      51.3,
      8.9,
      0.0,
      25.3,
      8.7,
      28.0,
      23.9,
      17.4
    ],
    [
      32.1,
      28.4,
      24.3,
      27.6,
      23.1,
      21.9,
      28.2,
      39.2,
      28.3,
      21.4,
      28.1,
      7.4,
      42.3,
      41.2,
      10.2,
      32.6,
      37.5,
      27.6,
      21.9,
      28.3,
      31.9,
      22.4,
      41.7,
      9.1,
      23.3,
      22.4,
      40.3,
      37.2,
      32.5,
      34.8,
      28.4,
      9.4,
      25.2,
      21.6,
      31.0,
      32.3,
      25.8,
      28.1,
      30.3,
      22.4,
      22.9,
      13.6,
      31.7,
      28.4,
      11.7,
      10.7,
      34.9,
      31.5,
      21.6,
      63.2,
      21.9,
      25.3,
      0.0,
      26.2,
      7.5,
      9.1,
      31.8
    ],
    [
      11.3,
      7.6,
      11.2,
      6.4,
      10.1,
      9.0,
      13.9,
      14.2,
      14.0,
      8.5,
      3.7,
      18.8,
      16.2,
      45.0,
      35.8,
      14.6,
      11.8,
      13.3,
      7.9,
      14.0,
      11.0,
      8.4,
      31.7,
      34.3,
      10.4,
      13.2,
      26.0,
      17.2,
      14.6,
      25.6,
      7.5,
      16.6,
      8.2,
      7.7,
      4.7,
      5.7,
      8.7,
      13.8,
      9.1,
      13.2,
      5.8,
      14.8,
      5.5,
      3.4,
      26.5,
      15.8,
      25.7,
      6.6,
      7.1,
      48.9,
      9.0,
      8.7,
      26.2,
      0.0,
      30.3,
      23.2,
      12.2
    ],
    [
      34.8,
      31.1,
      27.1,
      30.3,
      25.8,
      24.6,
      30.9,
      41.9,
      31.0,
      24.1,
      30.9,
      10.0,
      45.1,
      39.3,
      7.4,
      35.3,
      40.2,
      30.3,
      24.6,
      31.0,
      34.6,
      25.1,
      44.3,
      11.7,
      26.1,
      25.1,
      43.0,
      39.9,
      35.3,
      37.6,
      31.1,
      12.0,
      28.0,
      24.3,
      33.7,
      35.1,
      28.5,
      30.9,
      33.0,
      25.1,
      25.6,
      16.2,
      34.5,
      31.2,
      12.2,
      13.3,
      37.7,
      34.2,
      24.4,
      65.9,
      24.6,
      28.0,
      7.5,
      30.3,
      0.0,
      11.6,
      36.2
    ],
    [
      27.7,
      24.0,
      19.9,
      23.1,
      18.7,
      17.5,
      23.8,
      34.8,
      23.9,
      17.0,
      23.7,
      16.5,
      37.9,
      34.0,
      18.8,
      28.2,
      33.1,
      23.1,
      17.4,
      23.9,
      27.4,
      17.9,
      51.4,
      20.9,
      18.9,
      17.9,
      35.8,
      32.8,
      28.1,
      30.4,
      23.9,
      17.0,
      20.8,
      17.1,
      26.6,
      27.9,
      21.3,
      23.7,
      25.9,
      17.9,
      18.5,
      19.2,
      27.3,
      24.0,
      5.9,
      16.3,
      30.5,
      27.0,
      17.2,
      58.7,
      17.4,
      23.9,
      9.1,
      23.2,
      11.6,
      0.0,
      29.5
    ],
    [
      13.8,
      10.1,
      12.7,
      13.1,
      10.4,
      10.5,
      6.7,
      32.9,
      5.8,
      11.1,
      12.9,
      26.8,
      27.1,
      42.8,
      36.8,
      3.0,
      22.7,
      7.0,
      12.8,
      5.8,
      13.5,
      13.3,
      42.0,
      40.0,
      10.7,
      10.9,
      15.2,
      5.2,
      2.9,
      23.4,
      10.0,
      24.6,
      8.5,
      16.5,
      15.8,
      17.1,
      5.9,
      5.7,
      7.7,
      10.9,
      11.3,
      24.8,
      16.5,
      14.3,
      32.0,
      23.9,
      23.5,
      16.4,
      16.5,
      38.1,
      10.6,
      17.4,
      31.8,
      12.2,
      36.2,
      29.5,
      0.0
    ]
  ],
  "drive_time_matrix": [
    [
      0.0,
      8.0,
      23.0,
      17.0,
      25.0,
      20.0,
      25.0,
      62.0,
      25.0,
      21.0,
      24.0,
      43.0,
      43.0,
      74.0,
      60.0,
      36.0,
      38.0,
      26.0,
      22.0,
      25.0,
      3.0,
      22.0,
      62.0,
      58.0,
      26.0,
      23.0,
      42.0,
      39.0,
      36.0,
      41.0,
      16.0,
      38.0,
      18.0,
      27.0,
      18.0,
      22.0,
      16.0,
      25.0,
      12.0,
      23.0,
      18.0,
      45.0,
      18.0,
      24.0,
      43.0,
      41.0,
      41.0,
      31.0,
      26.0,
      59.0,
      20.0,
      29.0,
      49.0,
      20.0,
      50.0,
      40.0,
      28.0
    ],
    [
      8.0,
      0.0,
      15.0,
      10.0,
      17.0,
      12.0,
      18.0,
      66.0,
      17.0,
      14.0,
      16.0,
      36.0,
      36.0,
      66.0,
      52.0,
      28.0,
      31.0,
      19.0,
      14.0,
      17.0,
      26.0,
      14.0,
      54.0,
      49.0,
      18.0,
      15.0,
      33.0,
      32.0,
