{
  "drive_dist_matrix": [
    [
      0.0,
      8.0467,
      0.80467,
      2.41401,
      4.9889540000000006,
      2.896812,
      5.9545580000000005,
      4.345218,
      4.506151999999999,
      0.80467,
      6.115492,
      2.735878,
      10.943512,
      3.5405480000000003,
      0.9656039999999999,
      0.476,
      3.8624159999999996,
      0.48280199999999995,
      25.105704,
      4.82802,
      0.6437360000000001,
      15.610598,
      7.402963999999999,
      14.162192000000001,
      14.323126,
      3.379614,
      8.368568,
      8.368568,
      3.379614,
      9.334171999999999,
      14.966862,
      6.9201619999999995,
      0.6437360000000001,
      3.379614,
      10.621644,
      2.896812,
      0.9656039999999999,
      2.896812,
      6.43736,
      9.334171999999999,
      4.667085999999999,
      24.94477,
      0.32186800000000004,
      3.057746,
      4.82802,
      7.0810960000000005,
      17.219938,
      5.471756,
      5.63269,
      10.782578,
      24.1401,
      13.196587999999998,
      6.43736,
      6.598293999999999,
      16.254334,
      2.5749440000000003,
      8.368568,
      3.379614
    ],
    [
      8.0467,
      0.0,
      8.85137,
      5.63269,
      4.9889540000000006,
      6.598293999999999,
      9.977908000000001,
      3.7014819999999995,
      3.5405480000000003,
      8.690436,
      11.748182,
      8.368568,
      13.840323999999999,
      9.334171999999999,
      8.85137,
      7.24203,
      8.529501999999999,
      8.529501999999999,
      29.933724,
      3.7014819999999995,
      8.0467,
      10.299776000000001,
      0.6437360000000001,
      15.932466,
      16.0934,
      4.506151999999999,
      6.43736,
      6.759228,
      7.0810960000000005,
      6.759228,
      16.737136,
      3.5405480000000003,
      7.24203,
      8.0467,
      13.518456,
      7.0810960000000005,
      8.85137,
      8.690436,
      9.334171999999999,
      14.966862,
      10.46071,
      30.416525999999998,
      8.529501999999999,
      8.529501999999999,
      3.21868,
      9.977908000000001,
      17.380872,
      5.149888000000001,
      5.149888000000001,
      14.162192000000001,
      18.185542,
      16.0934,
      7.724831999999999,
      9.495106,
      22.047957999999998,
      6.115492,
      2.896812,
      8.207633999999999
    ],
    [
      0.80467,
      8.85137,
      0.0,
      4.667085999999999,
      6.276426,
      0.80467,
      3.057746,
      6.115492,
      5.63269,
      0.48280199999999995,
      4.82802,
      1.7702740000000001,
      9.65604,
      3.8624159999999996,
      0.80467,
      0.9656039999999999,
      0.48280199999999995,
      0.32186800000000004,
      22.852628,
      6.9201619999999995,
      0.80467,
      16.89807,
      8.690436,
      11.909116000000001,
      14.48406,
      5.310822,
      9.334171999999999,
      9.173238,
      0.9656039999999999,
      11.587248,
      15.127796,
      8.0467,
      0.32186800000000004,
      0.80467,
      10.943512,
      0.9656039999999999,
      0.184,
      0.80467,
      3.057746,
      9.495106,
      4.82802,
      22.691694,
      0.6437360000000001,
      0.80467,
      6.598293999999999,
      4.506151999999999,
      17.059003999999998,
      6.759228,
      8.0467,
      10.943512,
      21.887024,
      13.035654,
      7.24203,
      3.21868,
      15.127796,
      4.82802,
      9.495106,
      0.9656039999999999
    ],
    [
      2.41401,
      5.63269,
      4.667085999999999,
      0.0,
      4.667085999999999,
      3.379614,
      7.563898,
      2.5749440000000003,
      4.02335,
      4.184284,
      7.0810960000000005,
      3.5405480000000003,
      11.426314,
      4.506151999999999,
      3.7014819999999995,
      2.41401,
      4.667085999999999,
      3.5405480000000003,
      18.990212,
      2.41401,
      3.379614,
      13.196587999999998,
      5.310822,
      15.127796,
      14.001257999999998,
      3.057746,
      8.207633999999999,
      8.0467,
      4.02335,
      6.43736,
      14.644993999999999,
      6.43736,
      3.5405480000000003,
      4.184284,
      11.104446000000001,
      3.379614,
      4.9889540000000006,
      3.8624159999999996,
      7.0810960000000005,
      10.138842,
      5.63269,
      19.473014,
      3.379614,
      3.8624159999999996,
      2.735878,
      7.563898,
      17.70274,
      5.149888000000001,
      3.379614,
      10.782578,
      15.771532,
      13.67939,
      7.402963999999999,
      7.0810960000000005,
      17.219938,
      3.057746,
      6.759228,
      4.345218
    ],
    [
      4.9889540000000006,
      4.9889540000000006,
      6.276426,
      4.667085999999999,
      0.0,
      3.7014819999999995,
      5.9545580000000005,
      3.5405480000000003,
      1.7702740000000001,
      5.793624,
      8.85137,
      6.276426,
      9.816974,
      7.402963999999999,
      5.9545580000000005,
      4.82802,
      5.63269,
      5.63269,
      17.219938,
      3.5405480000000003,
      4.9889540000000006,
      13.67939,
      4.82802,
      11.909116000000001,
      17.70274,
      1.60934,
      4.667085999999999,
      4.506151999999999,
      4.184284,
      8.85137,
      18.185542,
      2.2530759999999996,
      4.345218,
      5.149888000000001,
      9.334171999999999,
      4.184284,
      5.9545580000000005,
      5.63269,
      5.310822,
      13.196587999999998,
      8.529501999999999,
      17.70274,
      4.9889540000000006,
      5.63269,
      3.21868,
      5.9545580000000005,
      16.0934,
      1.60934,
      6.276426,
      14.001257999999998,
      14.001257999999998,
      12.07005,
      3.8624159999999996,
      5.471756,
      19.151146,
      3.21868,
      4.82802,
      5.149888000000001
    ],
    [
      2.896812,
      6.598293999999999,
      0.80467,
      3.379614,
      3.7014819999999995,
      0.0,
      2.41401,
      3.8624159999999996,
      3.21868,
      4.506151999999999,
      7.563898,
      4.9889540000000006,
      8.690436,
      6.115492,
      4.667085999999999,
      3.379614,
      0.80467,
      4.345218,
      16.0934,
      4.667085999999999,
      3.7014819999999995,
      14.48406,
      6.276426,
      10.782578,
      15.932466,
      2.896812,
      6.9201619999999995,
      6.9201619999999995,
      0.48280199999999995,
      9.816974,
      16.576202000000002,
      5.793624,
      3.057746,
      3.8624159999999996,
      8.207633999999999,
      0.48280199999999995,
      0.80467,
      4.345218,
      4.184284,
      10.46071,
      7.24203,
      16.576202000000002,
      3.7014819999999995,
      4.345218,
      4.184284,
      4.82802,
      14.966862,
      4.345218,
      6.43736,
      12.391918,
      12.87472,
      10.943512,
      4.82802,
      4.345218,
      15.449663999999999,
      1.1265379999999998,
      7.24203,
      3.8624159999999996
    ],
    [
      5.9545580000000005,
      9.977908000000001,
      3.057746,
      7.563898,
      5.9545580000000005,
      2.41401,
      0.0,
      6.759228,
      6.115492,
      2.5749440000000003,
      4.667085999999999,
      3.21868,
      8.85137,
      4.02335,
      2.735878,
      4.345218,
      2.092142,
      3.379614,
      22.369826,
      7.402963999999999,
      4.345218,
      17.380872,
      9.173238,
      9.977908000000001,
      15.932466,
      5.793624,
      8.368568,
      8.207633999999999,
      0.9656039999999999,
      12.713786,
      16.576202000000002,
      8.529501999999999,
      3.7014819999999995,
      2.092142,
      7.402963999999999,
      3.379614,
      2.41401,
      2.5749440000000003,
      0.361,
      9.65604,
      5.149888000000001,
      22.208892000000002,
      4.345218,
      2.41401,
      7.0810960000000005,
      2.5749440000000003,
      15.127796,
      7.24203,
      9.334171999999999,
      12.552852,
      16.737136,
      11.104446000000001,
      5.471756,
      0.108,
      14.644993999999999,
      4.82802,
      9.977908000000001,
      1.448406
    ],
    [
      4.345218,
      3.7014819999999995,
      6.115492,
      2.5749440000000003,
      3.5405480000000003,
      3.8624159999999996,
      6.759228,
      0.0,
      2.092142,
      5.793624,
      8.85137,
      5.63269,
      11.426314,
      6.598293999999999,
      5.9545580000000005,
      4.02335,
      5.63269,
      5.63269,
      26.875978,
      0.9656039999999999,
      4.9889540000000006,
      11.426314,
      3.21868,
      15.932466,
      14.805927999999998,
      2.092142,
      7.402963999999999,
      7.24203,
      4.667085999999999,
      7.24203,
      15.449663999999999,
      3.7014819999999995,
      4.345218,
      5.149888000000001,
      10.943512,
      4.184284,
      5.9545580000000005,
      5.63269,
      6.9201619999999995,
      12.230984,
      7.724831999999999,
      26.715044000000002,
      5.63269,
      5.63269,
      0.48280199999999995,
      7.563898,
      17.541806,
      4.184284,
      3.8624159999999996,
      12.87472,
      15.610598,
      13.67939,
      6.598293999999999,
      6.9201619999999995,
      19.151146,
      3.21868,
      4.667085999999999,
      5.149888000000001
    ],
    [
      4.506151999999999,
      3.5405480000000003,
      5.63269,
      4.02335,
      1.7702740000000001,
      3.21868,
      6.115492,
      2.092142,
      0.0,
      4.9889540000000006,
      8.207633999999999,
      5.63269,
      10.299776000000001,
      6.759228,
      5.310822,
      4.506151999999999,
      4.9889540000000006,
      4.82802,
      17.70274,
      2.092142,
      4.345218,
      12.87472,
      3.057746,
      12.391918,
      16.737136,
      0.9656039999999999,
      5.471756,
      5.310822,
      3.5405480000000003,
      7.402963999999999,
      17.380872,
      2.896812,
      3.7014819999999995,
      4.506151999999999,
      9.977908000000001,
      3.5405480000000003,
      5.310822,
      4.9889540000000006,
      5.793624,
      12.391918,
      7.885766,
      18.346476,
      4.345218,
      4.9889540000000006,
      1.7702740000000001,
      6.43736,
      16.576202000000002,
      2.2530759999999996,
      5.793624,
      14.001257999999998,
      14.644993999999999,
      12.552852,
      4.667085999999999,
      5.9545580000000005,
      18.50741,
      2.5749440000000003,
      4.02335,
      4.506151999999999
    ],
    [
      0.80467,
      8.690436,
      0.48280199999999995,
      4.184284,
      5.793624,
      4.506151999999999,
      2.5749440000000003,
      5.793624,
      4.9889540000000006,
      0.0,
      4.506151999999999,
      1.448406,
      10.46071,
      2.896812,
      0.48280199999999995,
      0.6437360000000001,
      0.80467,
      0.48280199999999995,
      22.53076,
      6.598293999999999,
      0.9656039999999999,
      16.576202000000002,
      8.368568,
      11.587248,
      14.323126,
      4.9889540000000006,
      9.012303999999999,
      8.85137,
      3.057746,
      11.909116000000001,
      14.966862,
      7.724831999999999,
      0.48280199999999995,
      0.6437360000000001,
      10.621644,
      2.5749440000000003,
      0.48280199999999995,
      0.48280199999999995,
      2.735878,
      8.529501999999999,
      4.02335,
      22.369826,
      0.80467,
      0.48280199999999995,
      6.276426,
      4.184284,
      16.737136,
      6.43736,
      7.885766,
      10.782578,
      21.565156,
      12.713786,
      6.9201619999999995,
      2.896812,
      14.805927999999998,
      4.02335,
      9.173238,
      0.9656039999999999
    ],
    [
      6.115492,
      11.748182,
      4.82802,
      7.0810960000000005,
      8.85137,
      7.563898,
      4.667085999999999,
      8.85137,
      8.207633999999999,
      4.506151999999999,
      0.0,
      3.7014819999999995,
      8.690436,
      3.5405480000000003,
      4.506151999999999,
      6.9201619999999995,
      4.506151999999999,
      5.793624,
      19.955816000000002,
      9.977908000000001,
      6.759228,
      19.794882,
      11.587248,
      8.368568,
      16.737136,
      8.207633999999999,
      11.104446000000001,
      11.104446000000001,
      5.63269,
      15.127796,
      17.380872,
      10.943512,
      6.115492,
      4.506151999999999,
      7.24203,
      5.793624,
      4.82802,
      4.9889540000000006,
      4.02335,
      7.724831999999999,
      3.8624159999999996,
      19.794882,
      6.759228,
      4.82802,
      9.495106,
      3.21868,
      17.059003999999998,
      9.65604,
      10.943512,
      12.391918,
      14.966862,
      13.035654,
      8.690436,
      4.02335,
      11.909116000000001,
      7.24203,
      12.391918,
      3.8624159999999996
    ],
    [
      2.735878,
      8.368568,
      1.7702740000000001,
      3.5405480000000003,
      6.276426,
      4.9889540000000006,
      3.21868,
      5.63269,
      5.63269,
      1.448406,
      3.7014819999999995,
      0.0,
      9.173238,
      1.448406,
      0.6437360000000001,
      3.379614,
      1.7702740000000001,
      1.9312079999999998,
      22.852628,
      6.43736,
      4.02335,
      17.059003999999998,
      8.85137,
      12.07005,
      13.840323999999999,
      5.149888000000001,
      9.495106,
      9.334171999999999,
      3.5405480000000003,
      10.943512,
      14.48406,
      8.207633999999999,
      3.379614,
      1.60934,
      9.173238,
      2.896812,
      1.9312079999999998,
      0.80467,
      3.7014819999999995,
      7.0810960000000005,
      2.5749440000000003,
      22.691694,
      4.02335,
      0.80467,
      6.598293999999999,
      4.184284,
      16.576202000000002,
      6.759228,
      7.402963999999999,
      9.977908000000001,
      22.047957999999998,
      12.713786,
      7.402963999999999,
      3.7014819999999995,
      13.840323999999999,
      4.184284,
      9.65604,
      1.2874720000000002
    ],
    [
      10.943512,
      13.840323999999999,
      9.65604,
      11.426314,
      9.816974,
      8.690436,
      8.85137,
      11.426314,
      10.299776000000001,
      10.46071,
      8.690436,
      9.173238,
      0.0,
      11.26538,
      10.782578,
      10.943512,
      9.977908000000001,
      9.977908000000001,
      9.495106,
      12.07005,
      12.391918,
      20.760486,
      13.357522000000001,
      5.63269,
      30.094658,
      10.138842,
      7.724831999999999,
      6.759228,
      7.402963999999999,
      17.863674,
      30.57746,
      11.748182,
      10.138842,
      10.943512,
      2.41401,
      9.977908000000001,
      10.299776000000001,
      10.46071,
      7.724831999999999,
      18.024607999999997,
      12.391918,
      10.138842,
      10.782578,
      10.46071,
      11.748182,
      6.115492,
      8.368568,
      8.529501999999999,
      14.323126,
      21.243288,
      6.276426,
      3.5405480000000003,
      6.9201619999999995,
      6.43736,
      16.737136,
      9.012303999999999,
      12.552852,
      8.0467
    ],
    [
      3.5405480000000003,
      9.334171999999999,
      3.8624159999999996,
      4.506151999999999,
      7.402963999999999,
      6.115492,
      4.02335,
      6.598293999999999,
      6.759228,
      2.896812,
      3.5405480000000003,
      1.448406,
      11.26538,
      0.0,
      2.2530759999999996,
      4.506151999999999,
      2.896812,
      3.21868,
      23.013562,
      7.724831999999999,
      5.149888000000001,
      25.105704,
      9.977908000000001,
      12.230984,
      13.196587999999998,
      6.276426,
      10.621644,
      10.621644,
      4.667085999999999,
      12.07005,
      14.162192000000001,
      9.334171999999999,
      4.506151999999999,
      2.735878,
      9.334171999999999,
      4.184284,
      3.21868,
      2.41401,
      4.345218,
      6.115492,
      1.2874720000000002,
      22.852628,
      5.63269,
      2.2530759999999996,
      7.885766,
      4.82802,
      17.380872,
      8.0467,
      8.529501999999999,
      8.368568,
      22.208892000000002,
      13.357522000000001,
      8.529501999999999,
      4.345218,
      12.713786,
      5.310822,
      10.782578,
      2.41401
    ],
    [
      0.9656039999999999,
      8.85137,
      0.80467,
      3.7014819999999995,
      5.9545580000000005,
      4.667085999999999,
      2.735878,
      5.9545580000000005,
      5.310822,
      0.48280199999999995,
      4.506151999999999,
      0.6437360000000001,
      10.782578,
      2.2530759999999996,
      0.0,
      0.9656039999999999,
      1.9312079999999998,
      0.80467,
      23.174496,
      6.43736,
      1.1265379999999998,
      21.887024,
      9.012303999999999,
      12.230984,
      13.67939,
      4.9889540000000006,
      9.977908000000001,
      9.816974,
      3.7014819999999995,
      10.782578,
      14.323126,
      8.529501999999999,
      0.80467,
      0.80467,
      11.26538,
      3.21868,
      0.80467,
      0.32186800000000004,
      3.5405480000000003,
      7.724831999999999,
      3.21868,
      23.013562,
      0.9656039999999999,
      0.48280199999999995,
      6.276426,
      4.82802,
      17.380872,
      7.0810960000000005,
      7.24203,
      10.138842,
      22.369826,
      13.357522000000001,
      7.885766,
      3.5405480000000003,
      14.48406,
      4.02335,
      9.977908000000001,
      1.60934
    ],
    [
      0.476,
      7.24203,
      0.9656039999999999,
      2.41401,
      4.82802,
      3.379614,
      4.345218,
      4.02335,
      4.506151999999999,
      0.6437360000000001,
      6.9201619999999995,
      3.379614,
      10.943512,
      4.506151999999999,
      0.9656039999999999,
      0.0,
      3.379614,
      0.6437360000000001,
      24.622902,
      4.667085999999999,
      0.32186800000000004,
      21.887024,
      7.24203,
      13.840323999999999,
      13.840323999999999,
      3.21868,
      8.207633999999999,
      8.207633999999999,
      3.21868,
      9.012303999999999,
      14.48406,
      6.759228,
      0.6437360000000001,
      2.896812,
      10.46071,
      2.735878,
      3.7014819999999995,
      2.41401,
      4.9889540000000006,
      8.85137,
      4.345218,
      24.461968,
      0.48280199999999995,
      2.5749440000000003,
      4.506151999999999,
      6.115492,
      17.059003999999998,
      5.310822,
      5.471756,
      10.46071,
      23.818232000000002,
      13.035654,
      6.115492,
      4.9889540000000006,
      15.932466,
      2.2530759999999996,
      8.207633999999999,
      3.057746
    ],
    [
      3.8624159999999996,
      8.529501999999999,
      0.48280199999999995,
      4.667085999999999,
      5.63269,
      0.80467,
      2.092142,
      5.63269,
      4.9889540000000006,
      0.80467,
      4.506151999999999,
      1.7702740000000001,
      9.977908000000001,
      2.896812,
      1.9312079999999998,
      3.379614,
      0.0,
      0.80467,
      22.369826,
      6.759228,
      3.5405480000000003,
      16.576202000000002,
      8.368568,
      11.587248,
      14.48406,
      4.9889540000000006,
      9.012303999999999,
      9.012303999999999,
      0.6437360000000001,
      11.587248,
      15.127796,
      7.885766,
      0.6437360000000001,
      0.6437360000000001,
      10.46071,
      0.6437360000000001,
      0.32186800000000004,
      0.80467,
      2.735878,
      9.495106,
      4.82802,
      22.208892000000002,
      5.149888000000001,
      0.80467,
      6.276426,
      4.184284,
      16.737136,
      6.43736,
      7.885766,
      10.943512,
      21.565156,
      12.713786,
      6.9201619999999995,
      2.896812,
      14.805927999999998,
      4.02335,
      9.334171999999999,
      0.6437360000000001
    ],
    [
      0.48280199999999995,
      8.529501999999999,
      0.32186800000000004,
      3.5405480000000003,
      5.63269,
      4.345218,
      3.379614,
      5.63269,
      4.82802,
      0.48280199999999995,
      5.793624,
      1.9312079999999998,
      9.977908000000001,
      3.21868,
      0.80467,
      0.6437360000000001,
      0.80467,
      0.0,
      24.461968,
      6.43736,
      0.48280199999999995,
      22.047957999999998,
      9.012303999999999,
      13.67939,
      13.67939,
      4.9889540000000006,
      9.977908000000001,
      9.977908000000001,
      4.9889540000000006,
      10.782578,
      14.323126,
      8.529501999999999,
      0.315,
      0.9656039999999999,
      10.46071,
      4.345218,
      0.48280199999999995,
      0.80467,
      4.82802,
      8.690436,
      4.184284,
      24.301033999999998,
      0.32186800000000004,
      0.9656039999999999,
      6.276426,
      5.9545580000000005,
      18.668343999999998,
      7.0810960000000005,
      7.24203,
      10.138842,
      23.657297999999997,
      14.805927999999998,
      7.885766,
      4.82802,
      15.771532,
      4.02335,
      9.977908000000001,
      2.896812
    ],
    [
      25.105704,
      29.933724,
      22.852628,
      18.990212,
      17.219938,
      16.0934,
      22.369826,
      26.875978,
      17.70274,
      22.53076,
      19.955816000000002,
      22.852628,
      9.495106,
      23.013562,
      23.174496,
      24.622902,
      22.369826,
      24.461968,
      0.0,
      26.875978,
      23.657297999999997,
      30.255592,
      30.57746,
      14.162192000000001,
      39.750698,
      25.105704,
      14.323126,
      13.357522000000001,
      14.644993999999999,
      32.1868,
      40.394434000000004,
      28.002515999999996,
      23.013562,
      21.404222,
      15.771532,
      22.691694,
      21.72609,
      21.887024,
      21.082354,
      27.680647999999998,
      22.047957999999998,
      1.60934,
      17.863674,
      21.72609,
      26.393175999999997,
      21.243288,
      6.115492,
      15.127796,
      28.646252,
      30.899327999999997,
      6.759228,
      6.759228,
      14.001257999999998,
      21.243288,
      28.324384000000002,
      24.1401,
      28.807185999999998,
      20.760486
    ],
    [
      4.82802,
      3.7014819999999995,
      6.9201619999999995,
      2.41401,
      3.5405480000000003,
      4.667085999999999,
      7.402963999999999,
      0.9656039999999999,
      2.092142,
      6.598293999999999,
      9.977908000000001,
      6.43736,
      12.07005,
      7.724831999999999,
      6.43736,
      4.667085999999999,
      6.759228,
      6.43736,
      26.875978,
      0.0,
      5.793624,
      11.426314,
      3.21868,
      16.737136,
      14.805927999999998,
      3.057746,
      7.563898,
      7.402963999999999,
      5.310822,
      6.276426,
      15.449663999999999,
      3.7014819999999995,
      5.149888000000001,
      5.9545580000000005,
      11.748182,
      4.9889540000000006,
      6.598293999999999,
      6.43736,
      7.724831999999999,
      12.230984,
      7.563898,
      27.519714,
      5.793624,
      6.43736,
      0.48280199999999995,
      8.207633999999999,
      18.346476,
      4.345218,
      3.8624159999999996,
      12.87472,
      26.715044000000002,
      14.323126,
      6.759228,
      7.724831999999999,
      19.151146,
      4.02335,
      4.667085999999999,
      5.9545580000000005
    ],
    [
      0.6437360000000001,
      8.0467,
      0.80467,
      3.379614,
      4.9889540000000006,
      3.7014819999999995,
      4.345218,
      4.9889540000000006,
      4.345218,
      0.9656039999999999,
      6.759228,
      4.02335,
      12.391918,
      5.149888000000001,
      1.1265379999999998,
      0.32186800000000004,
      3.5405480000000003,
      0.48280199999999995,
      23.657297999999997,
      5.793624,
      0.0,
      15.771532,
      7.563898,
      12.87472,
      14.805927999999998,
      3.21868,
      8.0467,
      8.0467,
      2.2530759999999996,
      9.334171999999999,
      15.449663999999999,
      7.0810960000000005,
      0.6437360000000001,
      1.9312079999999998,
      10.138842,
      1.7702740000000001,
      0.9656039999999999,
      1.9312079999999998,
      4.02335,
      9.816974,
      5.310822,
      23.496364,
      0.32186800000000004,
      2.092142,
      4.184284,
      5.471756,
      16.89807,
      5.63269,
      6.276426,
      11.426314,
      22.852628,
      12.87472,
      5.9545580000000005,
      4.184284,
      15.932466,
      1.60934,
      8.529501999999999,
      2.092142
    ],
    [
      15.610598,
      10.299776000000001,
      16.89807,
      13.196587999999998,
      13.67939,
      14.48406,
      17.380872,
      11.426314,
      12.87472,
      16.576202000000002,
      19.794882,
      17.059003999999998,
      20.760486,
      25.105704,
      21.887024,
      21.887024,
      16.576202000000002,
      22.047957999999998,
      30.255592,
      11.426314,
      15.771532,
      0.0,
      10.299776000000001,
      46.992728,
      23.013562,
      13.840323999999999,
      13.67939,
      14.001257999999998,
      15.127796,
      11.587248,
      23.657297999999997,
      12.07005,
      15.449663999999999,
      16.254334,
      22.691694,
      15.28873,
      17.059003999999998,
      16.89807,
      17.541806,
      28.807185999999998,
      26.232242,
      34.60081,
      16.0934,
      16.737136,
      11.426314,
      18.185542,
      32.830535999999995,
      14.001257999999998,
      12.391918,
      25.588506,
      39.750698,
      35.244546,
      14.966862,
      18.829278,
      37.175754000000005,
      14.323126,
      9.65604,
      16.415267999999998
    ],
    [
      7.402963999999999,
      0.6437360000000001,
      8.690436,
      5.310822,
      4.82802,
      6.276426,
      9.173238,
      3.21868,
      3.057746,
      8.368568,
      11.587248,
      8.85137,
      13.357522000000001,
      9.977908000000001,
      9.012303999999999,
      7.24203,
      8.368568,
      9.012303999999999,
      30.57746,
      3.21868,
      7.563898,
      10.299776000000001,
      0.0,
      17.541806,
      15.932466,
      4.02335,
      6.759228,
      7.0810960000000005,
      6.598293999999999,
      6.598293999999999,
      16.576202000000002,
      3.21868,
      6.759228,
      7.563898,
      13.035654,
      6.598293999999999,
      8.368568,
      8.0467,
      8.85137,
      16.576202000000002,
      10.943512,
      30.416525999999998,
      7.402963999999999,
      8.0467,
      2.735878,
      9.495106,
      17.541806,
      5.310822,
      4.9889540000000006,
      14.001257999999998,
      28.324384000000002,
      15.610598,
      7.724831999999999,
      9.012303999999999,
      21.565156,
      5.63269,
      2.896812,
      7.563898
    ],
    [
      14.162192000000001,
      15.932466,
      11.909116000000001,
      15.127796,
      11.909116000000001,
      10.782578,
      9.977908000000001,
      15.932466,
      12.391918,
      11.587248,
      8.368568,
      12.07005,
      5.63269,
      12.230984,
      12.230984,
      13.840323999999999,
      11.587248,
      13.67939,
      14.162192000000001,
      16.737136,
      12.87472,
      46.992728,
      17.541806,
      0.0,
      29.611855999999996,
      14.966862,
      12.87472,
      11.909116000000001,
      10.46071,
      21.887024,
      30.255592,
      15.449663999999999,
      12.87472,
      11.26538,
      4.02335,
      12.552852,
      11.587248,
      11.748182,
      8.85137,
      17.70274,
      11.426314,
      10.782578,
      13.518456,
      11.587248,
      16.254334,
      7.885766,
      20.599552000000003,
      13.357522000000001,
      18.50741,
      20.760486,
      6.43736,
      7.402963999999999,
      11.104446000000001,
      9.012303999999999,
      14.966862,
      14.001257999999998,
      18.024607999999997,
      10.621644
    ],
    [
      14.323126,
      16.0934,
      14.48406,
      14.001257999999998,
      17.70274,
      15.932466,
      15.932466,
      14.805927999999998,
      16.737136,
      14.323126,
      16.737136,
      13.840323999999999,
      30.094658,
      13.196587999999998,
      13.67939,
      13.840323999999999,
      14.48406,
      13.67939,
      39.750698,
      14.805927999999998,
      14.805927999999998,
      23.013562,
      15.932466,
      29.611855999999996,
      0.0,
      16.415267999999998,
      21.887024,
      21.887024,
      16.89807,
      12.230984,
      2.896812,
      18.185542,
      16.576202000000002,
      14.966862,
      28.646252,
      16.415267999999998,
      15.771532,
      14.644993999999999,
      17.059003999999998,
      12.07005,
      13.67939,
      40.2335,
      16.254334,
      14.644993999999999,
      15.449663999999999,
      27.197846,
      46.188058,
      18.346476,
      11.26538,
      9.495106,
      39.589764,
      26.232242,
      19.794882,
      17.219938,
      20.11675,
      15.932466,
      19.31208,
      15.127796
    ],
    [
      3.379614,
      4.506151999999999,
      5.310822,
      3.057746,
      1.60934,
      2.896812,
      5.793624,
      2.092142,
      0.9656039999999999,
      4.9889540000000006,
      8.207633999999999,
      5.149888000000001,
      10.138842,
      6.276426,
      4.9889540000000006,
      3.21868,
      4.9889540000000006,
      4.9889540000000006,
      25.105704,
      3.057746,
      3.21868,
      13.840323999999999,
      4.02335,
      14.966862,
      16.415267999999998,
      0.0,
      5.149888000000001,
      5.149888000000001,
      3.379614,
      7.724831999999999,
      16.737136,
      3.5405480000000003,
      3.057746,
      3.8624159999999996,
      9.65604,
      2.896812,
      4.667085999999999,
      4.506151999999999,
      5.63269,
      11.909116000000001,
      7.24203,
      25.427572,
      3.7014819999999995,
      4.345218,
      1.9312079999999998,
      6.276426,
      16.254334,
      2.092142,
      4.667085999999999,
      13.518456,
      24.783836,
      12.391918,
      4.506151999999999,
      5.63269,
      17.863674,
      1.9312079999999998,
      4.9889540000000006,
      4.02335
    ],
    [
      8.368568,
      6.43736,
      9.334171999999999,
      8.207633999999999,
      4.667085999999999,
      6.9201619999999995,
      8.368568,
      7.402963999999999,
      5.471756,
      9.012303999999999,
      11.104446000000001,
      9.495106,
      7.724831999999999,
      10.621644,
      9.977908000000001,
      8.207633999999999,
      9.012303999999999,
      9.977908000000001,
      14.323126,
      7.563898,
      8.0467,
      13.67939,
      6.759228,
      12.87472,
      21.887024,
      5.149888000000001,
      0.0,
      0.9656039999999999,
      6.276426,
      12.552852,
      21.887024,
      4.184284,
      7.24203,
      8.0467,
      9.65604,
      7.0810960000000005,
      8.85137,
      8.529501999999999,
      7.402963999999999,
      16.254334,
      11.909116000000001,
      14.966862,
      8.690436,
      8.529501999999999,
      6.759228,
      8.0467,
      12.230984,
      3.057746,
      9.816974,
      17.219938,
      13.357522000000001,
      9.334171999999999,
      2.5749440000000003,
      7.563898,
      21.243288,
      6.115492,
      5.471756,
      8.0467
    ],
    [
      8.368568,
      6.759228,
      9.173238,
      8.0467,
      4.506151999999999,
      6.9201619999999995,
      8.207633999999999,
      7.24203,
      5.310822,
      8.85137,
      11.104446000000001,
      9.334171999999999,
      6.759228,
      10.621644,
      9.816974,
      8.207633999999999,
      9.012303999999999,
      9.977908000000001,
      13.357522000000001,
      7.402963999999999,
      8.0467,
      14.001257999999998,
      7.0810960000000005,
      11.909116000000001,
      21.887024,
      5.149888000000001,
      0.9656039999999999,
      0.0,
      6.115492,
      12.552852,
      21.887024,
      4.506151999999999,
      7.885766,
      8.690436,
      8.690436,
      7.724831999999999,
      9.495106,
      9.334171999999999,
      7.402963999999999,
      15.932466,
      12.07005,
      14.162192000000001,
      8.529501999999999,
      9.173238,
      6.759228,
      8.0467,
      11.26538,
      3.057746,
      9.816974,
      17.380872,
      12.391918,
      8.368568,
      2.5749440000000003,
      7.563898,
      21.565156,
      6.9201619999999995,
      5.793624,
      8.85137
    ],
    [
      3.379614,
      7.0810960000000005,
      0.9656039999999999,
      4.02335,
      4.184284,
      0.48280199999999995,
      0.9656039999999999,
      4.667085999999999,
      3.5405480000000003,
      3.057746,
      5.63269,
      3.5405480000000003,
      7.402963999999999,
      4.667085999999999,
      3.7014819999999995,
      3.21868,
      0.6437360000000001,
      4.9889540000000006,
      14.644993999999999,
      5.310822,
      2.2530759999999996,
      15.127796,
      6.598293999999999,
      10.46071,
      16.89807,
      3.379614,
      6.276426,
      6.115492,
      0.0,
      10.943512,
      16.737136,
      6.276426,
      3.7014819999999995,
      2.2530759999999996,
      7.0810960000000005,
      0.16093400000000002,
      0.9656039999999999,
      2.735878,
      2.2530759999999996,
      9.816974,
      5.310822,
      15.449663999999999,
      4.345218,
      2.5749440000000003,
      5.149888000000001,
      2.896812,
      13.67939,
      4.506151999999999,
      7.402963999999999,
      12.552852,
      11.748182,
      9.65604,
      4.345218,
      0.9656039999999999,
      14.805927999999998,
      2.5749440000000003,
      7.724831999999999,
      1.60934
    ],
    [
      9.334171999999999,
      6.759228,
      11.587248,
      6.43736,
      8.85137,
      9.816974,
      12.713786,
      7.24203,
      7.402963999999999,
      11.909116000000001,
      15.127796,
      10.943512,
      17.863674,
      12.07005,
      10.782578,
      9.012303999999999,
      11.587248,
      10.782578,
      32.1868,
      6.276426,
      9.334171999999999,
      11.587248,
      6.598293999999999,
      21.887024,
      12.230984,
      7.724831999999999,
      12.552852,
      12.552852,
      10.943512,
      0.0,
      12.713786,
      9.012303999999999,
      9.495106,
      10.138842,
      17.059003999999998,
      9.334171999999999,
      10.943512,
      9.65604,
      12.87472,
      22.047957999999998,
      11.587248,
      36.692952,
      9.334171999999999,
      9.816974,
      6.759228,
      13.518456,
      23.657297999999997,
      10.138842,
      4.667085999999999,
      18.829278,
      31.060262,
      19.633948,
      12.552852,
      13.035654,
      30.255592,
      9.012303999999999,
      9.012303999999999,
      10.299776000000001
    ],
    [
      14.966862,
      16.737136,
      15.127796,
      14.644993999999999,
      18.185542,
      16.576202000000002,
      16.576202000000002,
      15.449663999999999,
      17.380872,
      14.966862,
      17.380872,
      14.48406,
      30.57746,
      14.162192000000001,
      14.323126,
      14.48406,
      15.127796,
      14.323126,
      40.394434000000004,
      15.449663999999999,
      15.449663999999999,
      23.657297999999997,
      16.576202000000002,
      30.255592,
      2.896812,
      16.737136,
      21.887024,
      21.887024,
      16.737136,
      12.713786,
      0.0,
      17.380872,
      15.28873,
      14.323126,
      27.841582000000002,
      15.127796,
      14.966862,
      13.840323999999999,
      16.254334,
      11.909116000000001,
      13.357522000000001,
      39.42883,
      14.805927999999998,
      14.001257999999998,
      14.644993999999999,
      26.393175999999997,
      45.383388,
      17.70274,
      10.46071,
      9.334171999999999,
      38.785094,
      25.427572,
      18.668343999999998,
      16.415267999999998,
      19.955816000000002,
      14.805927999999998,
      18.668343999999998,
      14.323126
    ],
    [
      6.9201619999999995,
      3.5405480000000003,
      8.0467,
      6.43736,
      2.2530759999999996,
      5.793624,
      8.529501999999999,
      3.7014819999999995,
      2.896812,
      7.724831999999999,
      10.943512,
      8.207633999999999,
      11.748182,
      9.334171999999999,
      8.529501999999999,
      6.759228,
      7.885766,
      8.529501999999999,
      28.002515999999996,
      3.7014819999999995,
      7.0810960000000005,
      12.07005,
      3.21868,
      15.449663999999999,
      18.185542,
      3.5405480000000003,
      4.184284,
      4.506151999999999,
      6.276426,
      9.012303999999999,
      17.380872,
      0.0,
      6.276426,
      6.9201619999999995,
      11.26538,
      6.115492,
      7.724831999999999,
      7.563898,
      7.24203,
      16.0934,
      10.46071,
      19.633948,
      6.9201619999999995,
      7.563898,
      3.379614,
      7.724831999999999,
      14.966862,
      2.41401,
      7.0810960000000005,
      15.932466,
      15.932466,
      13.840323999999999,
      4.82802,
      7.24203,
      21.082354,
      5.149888000000001,
      3.057746,
      7.0810960000000005
    ],
    [
      0.6437360000000001,
      7.24203,
      0.32186800000000004,
      3.5405480000000003,
      4.345218,
      3.057746,
      3.7014819999999995,
      4.345218,
      3.7014819999999995,
      0.48280199999999995,
      6.115492,
      3.379614,
      10.138842,
      4.506151999999999,
      0.80467,
      0.6437360000000001,
      0.6437360000000001,
      0.315,
      23.013562,
      5.149888000000001,
      0.6437360000000001,
      15.449663999999999,
      6.759228,
      12.87472,
      16.576202000000002,
      3.057746,
      7.24203,
      7.885766,
      3.7014819999999995,
      9.495106,
      15.28873,
      6.276426,
      0.0,
      0.9656039999999999,
      10.782578,
      2.735878,
      0.32186800000000004,
      0.80467,
      3.057746,
      8.85137,
      4.345218,
      22.53076,
      0.32186800000000004,
      0.9656039999999999,
      6.43736,
      4.506151999999999,
      16.89807,
      6.598293999999999,
      7.402963999999999,
      10.299776000000001,
      21.72609,
      13.035654,
      7.0810960000000005,
      3.057746,
      14.966862,
      4.184284,
      9.495106,
      1.1265379999999998
    ],
    [
      3.379614,
      8.0467,
      0.80467,
      4.184284,
      5.149888000000001,
      3.8624159999999996,
      2.092142,
      5.149888000000001,
      4.506151999999999,
      0.6437360000000001,
      4.506151999999999,
      1.60934,
      10.943512,
      2.735878,
      0.80467,
      2.896812,
      0.6437360000000001,
      0.9656039999999999,
      21.404222,
      5.9545580000000005,
      1.9312079999999998,
      16.254334,
      7.563898,
      11.26538,
      14.966862,
      3.8624159999999996,
      8.0467,
      8.690436,
      2.2530759999999996,
      10.138842,
      14.323126,
      6.9201619999999995,
      0.9656039999999999,
      0.0,
      8.85137,
      2.41401,
      0.80467,
      0.48280199999999995,
      3.379614,
      8.0467,
      3.5405480000000003,
      22.53076,
      3.379614,
      0.48280199999999995,
      6.115492,
      3.8624159999999996,
      16.254334,
      6.276426,
      8.207633999999999,
      11.104446000000001,
      21.72609,
      12.391918,
      6.759228,
      3.379614,
      13.840323999999999,
      3.8624159999999996,
      9.173238,
      0.32186800000000004
    ],
    [
      10.621644,
      13.518456,
      10.943512,
      11.104446000000001,
      9.334171999999999,
      8.207633999999999,
      7.402963999999999,
      10.943512,
      9.977908000000001,
      10.621644,
      7.24203,
      9.173238,
      2.41401,
      9.334171999999999,
      11.26538,
      10.46071,
      10.46071,
      10.46071,
      15.771532,
      11.748182,
      10.138842,
      22.691694,
      13.035654,
      4.02335,
      28.646252,
      9.65604,
      9.65604,
      8.690436,
      7.0810960000000005,
      17.059003999999998,
      27.841582000000002,
      11.26538,
      10.782578,
      8.85137,
      0.0,
      11.426314,
      10.46071,
