{
  "drive_dist_matrix": [
    [
      0.0,
      3.5,
      0.5,
      30.2,
      5.7,
      1.5,
      35.5,
      3.5,
      2.8,
      10.4,
      21.0,
      6.1,
      8.1,
      33.9,
      8.0,
      19.9,
      2.9,
      1.1,
      6.9,
      10.0,
      26.1,
      0.45,
      28.9,
      4.6,
      0.85,
      13.7,
      3.6,
      13.4,
      1.7,
      20.8,
      18.2,
      0.26,
      4.4,
      1.1,
      1.6,
      10.7,
      4.3,
      16.1,
      13.3,
      4.0,
      1.7,
      5.3,
      19.8,
      0.5,
      11.5,
      6.2,
      0.0,
      2.2,
      2.5,
      4.4,
      6.9,
      23.0,
      18.1,
      3.6,
      7.4,
      12.3,
      5.0
    ],
    [
      3.5,
      0.0,
      4.3,
      28.4,
      2.9,
      3.5,
      33.7,
      3.7,
      3.7,
      7.6,
      20.6,
      8.6,
      5.3,
      32.1,
      9.0,
      19.5,
      3.4,
      2.8,
      5.1,
      7.2,
      33.2,
      4.3,
      27.1,
      1.8,
      5.7,
      10.9,
      0.09,
      10.5,
      5.7,
      20.4,
      15.3,
      4.8,
      4.0,
      4.8,
      2.5,
      7.9,
      3.9,
      13.2,
      10.4,
      1.9,
      3.0,
      2.5,
      16.9,
      4.3,
      8.6,
      3.4,
      4.4,
      6.2,
      1.9,
      6.5,
      4.1,
      20.2,
      15.2,
      1.0,
      5.0,
      9.4,
      6.0
    ],
    [
      0.5,
      4.3,
      0.0,
      30.1,
      5.6,
      1.9,
      35.4,
      3.9,
      3.1,
      10.3,
      28.0,
      8.2,
      8.0,
      33.8,
      8.3,
      26.9,
      3.3,
      0.75,
      6.8,
      9.9,
      32.8,
      0.3,
      28.8,
      4.5,
      0.65,
      13.6,
      3.5,
      13.3,
      1.0,
      27.8,
      18.1,
      0.7,
      4.8,
      0.9,
      3.2,
      10.6,
      4.7,
      15.9,
      13.2,
      3.9,
      3.7,
      5.2,
      19.6,
      0.45,
      11.4,
      6.0,
      0.5,
      2.5,
      2.4,
      4.7,
      6.8,
      22.8,
      18.0,
      3.4,
      7.3,
      12.2,
      5.3
    ],
    [
      30.2,
      28.4,
      30.1,
      0.0,
      29.4,
      32.7,
      6.3,
      33.2,
      36.2,
      29.1,
      48.7,
      33.6,
      29.0,
      4.7,
      49.7,
      47.6,
      32.7,
      30.8,
      27.1,
      22.7,
      57.2,
      33.7,
      1.1,
      27.8,
      35.2,
      42.3,
      30.2,
      23.1,
      35.2,
      48.5,
      27.8,
      34.2,
      30.4,
      34.2,
      31.8,
      29.0,
      31.7,
      23.1,
      23.3,
      29.3,
      32.2,
      29.3,
      29.6,
      33.7,
      24.3,
      27.5,
      33.9,
      35.6,
      30.9,
      56.6,
      27.2,
      10.4,
      31.3,
      29.7,
      27.0,
      27.6,
      31.4
    ],
    [
      5.7,
      2.9,
      5.6,
      29.4,
      0.0,
      3.6,
      35.1,
      5.9,
      4.0,
      5.5,
      18.5,
      10.8,
      3.2,
      33.5,
      7.7,
      17.4,
      4.1,
      4.9,
      2.5,
      8.5,
      27.0,
      6.5,
      27.7,
      3.2,
      6.1,
      8.7,
      2.3,
      8.7,
      6.0,
      18.2,
      14.4,
      5.0,
      3.2,
      6.9,
      3.6,
      5.8,
      3.1,
      12.2,
      8.6,
      4.1,
      3.1,
      0.55,
      15.9,
      6.5,
      7.7,
      1.0,
      5.4,
      4.6,
      3.5,
      5.7,
      5.4,
      19.3,
      14.3,
      3.2,
      2.9,
      7.6,
      4.7
    ],
    [
      1.5,
      3.5,
      1.9,
      32.7,
      3.6,
      0.0,
      35.9,
      5.2,
      0.3,
      8.6,
      19.6,
      10.1,
      6.8,
      35.0,
      6.6,
      18.5,
      0.29,
      1.9,
      7.0,
      10.5,
      24.7,
      1.8,
      29.4,
      5.1,
      3.4,
      11.7,
      3.1,
      11.8,
      3.4,
      19.4,
      19.4,
      0.8,
      3.0,
      3.7,
      0.7,
      8.6,
      3.0,
      17.2,
      11.8,
      5.2,
      0.5,
      4.5,
      21.0,
      1.8,
      11.1,
      5.0,
      1.4,
      2.0,
      2.3,
      3.0,
      7.3,
      24.3,
      19.3,
      4.7,
      7.4,
      9.8,
      3.6
    ],
    [
      35.5,
      33.7,
      35.4,
      6.3,
      35.1,
      35.9,
      0.0,
      38.0,
      37.8,
      35.1,
      53.9,
      38.5,
      35.0,
      1.8,
      39.3,
      53.5,
      37.5,
      35.7,
      33.1,
      26.7,
      63.1,
      38.6,
      7.4,
      32.7,
      40.1,
      48.2,
      35.0,
      29.8,
      40.0,
      54.3,
      33.7,
      39.1,
      36.4,
      39.1,
      36.6,
      35.4,
      36.6,
      27.5,
      30.0,
      34.2,
      37.1,
      34.2,
      35.5,
      38.6,
      31.1,
      33.5,
      38.7,
      40.5,
      35.7,
      41.6,
      32.0,
      14.4,
      33.5,
      34.5,
      33.0,
      32.5,
      37.4
    ],
    [
      3.5,
      3.7,
      3.9,
      33.2,
      5.9,
      5.2,
      38.0,
      0.0,
      3.5,
      11.0,
      27.7,
      7.7,
      8.7,
      34.4,
      8.7,
      26.6,
      3.7,
      3.0,
      7.5,
      10.6,
      32.5,
      1.5,
      29.4,
      5.2,
      1.5,
      14.2,
      4.1,
      13.9,
      1.3,
      27.4,
      18.8,
      2.2,
      5.2,
      1.0,
      3.9,
      10.7,
      5.1,
      16.6,
      13.9,
      4.6,
      3.9,
      5.9,
      20.3,
      2.0,
      12.0,
      6.7,
      2.1,
      2.9,
      3.0,
      5.1,
      7.4,
      23.5,
      18.6,
      4.1,
      7.9,
      12.9,
      5.7
    ],
    [
      2.8,
      3.7,
      3.1,
      36.2,
      4.0,
      0.3,
      37.8,
      3.5,
      0.0,
      8.1,
      19.1,
      9.6,
      6.3,
      34.8,
      6.1,
      18.0,
      0.072,
      3.0,
      6.4,
      10.9,
      24.2,
      2.5,
      29.8,
      5.5,
      2.9,
      11.1,
      3.5,
      11.3,
      2.8,
      18.9,
      18.9,
      1.8,
      2.5,
      3.2,
      0.85,
      8.0,
      2.4,
      16.7,
      11.2,
      4.9,
      0.45,
      5.1,
      17.4,
      2.5,
      10.6,
      5.5,
      2.2,
      1.4,
      2.7,
      2.5,
      7.7,
      23.7,
      18.7,
      4.4,
      6.9,
      9.3,
      3.1
    ],
    [
      10.4,
      7.6,
      10.3,
      29.1,
      5.5,
      8.6,
      35.1,
      11.0,
      8.1,
      0.0,
      17.9,
      17.3,
      6.6,
      34.0,
      9.1,
      16.8,
      9.6,
      11.6,
      7.0,
      11.8,
      27.2,
      11.2,
      28.3,
      10.3,
      11.5,
      4.8,
      8.8,
      5.6,
      11.5,
      17.7,
      7.9,
      10.4,
      6.3,
      11.8,
      9.1,
      0.3,
      6.5,
      10.9,
      5.5,
      10.6,
      8.6,
      7.4,
      10.9,
      11.2,
      6.1,
      7.4,
      10.8,
      9.9,
      9.4,
      10.3,
      10.1,
      21.0,
      10.0,
      9.7,
      6.7,
      2.2,
      7.3
    ],
    [
      21.0,
      20.6,
      28.0,
      48.7,
      18.5,
      19.6,
      53.9,
      27.7,
      19.1,
      17.9,
      0.0,
      27.8,
      18.2,
      52.3,
      14.9,
      2.8,
      20.1,
      27.2,
      18.6,
      23.4,
      13.4,
      26.2,
      49.5,
      23.3,
      27.7,
      11.9,
      20.4,
      21.4,
      27.6,
      2.6,
      20.0,
      26.7,
      16.9,
      26.7,
      19.6,
      17.2,
      17.0,
      25.9,
      21.4,
      29.4,
      19.1,
      19.1,
      27.9,
      26.2,
      19.8,
      19.0,
      26.3,
      22.3,
      27.3,
      21.1,
      23.1,
      32.9,
      25.3,
      28.3,
      19.7,
      15.6,
      17.8
    ],
    [
      6.1,
      8.6,
      8.2,
      33.6,
      10.8,
      10.1,
      38.5,
      7.7,
      9.6,
      17.3,
      27.8,
      0.0,
      13.1,
      37.1,
      12.4,
      25.4,
      7.4,
      7.4,
      11.9,
      15.0,
      31.3,
      6.4,
      32.1,
      9.6,
      6.2,
      28.8,
      8.5,
      18.4,
      6.1,
      26.2,
      23.2,
      6.8,
      8.8,
      5.2,
      8.3,
      15.7,
      8.7,
      21.0,
      18.3,
      10.0,
      8.8,
      10.3,
      41.5,
      6.4,
      16.4,
      11.1,
      6.5,
      6.6,
      7.4,
      8.0,
      11.8,
      26.2,
      23.0,
      8.5,
      12.4,
      17.3,
      9.4
    ],
    [
      8.1,
      5.3,
      8.0,
      29.0,
      3.2,
      6.8,
      35.0,
      8.7,
      6.3,
      6.6,
      18.2,
      13.1,
      0.0,
      31.7,
      10.1,
      17.8,
      6.4,
      7.7,
      1.7,
      9.2,
      27.4,
      8.0,
      25.9,
      5.7,
      8.4,
      8.7,
      5.1,
      6.8,
      8.3,
      18.6,
      13.8,
      7.3,
      5.2,
      8.7,
      6.4,
      5.7,
      5.1,
      11.6,
      6.8,
      6.9,
      6.3,
      3.6,
      13.8,
      8.0,
      5.5,
      2.7,
      7.7,
      6.9,
      6.2,
      8.8,
      7.0,
      18.6,
      13.6,
      6.0,
      1.7,
      5.7,
      5.8
    ],
    [
      33.9,
      32.1,
      33.8,
      4.7,
      33.5,
      35.0,
      1.8,
      34.4,
      34.8,
      34.0,
      52.3,
      37.1,
      31.7,
      0.0,
      53.8,
      51.7,
      35.7,
      33.7,
      30.8,
      24.9,
      61.3,
      36.6,
      5.6,
      30.7,
      38.1,
      46.4,
      32.8,
      25.3,
      38.0,
      52.6,
      31.9,
      37.1,
      34.1,
      37.1,
      34.7,
      31.6,
      34.3,
      31.4,
      25.5,
      32.2,
      35.1,
      32.1,
      33.7,
      36.6,
      26.6,
      31.2,
      36.8,
      38.5,
      33.8,
      60.7,
      30.1,
      12.6,
      31.7,
      29.7,
      30.7,
      40.5,
      35.1
    ],
    [
      8.0,
      9.0,
      8.3,
      49.7,
      7.7,
      6.6,
      39.3,
      8.7,
      6.1,
      9.1,
      14.9,
      12.4,
      10.1,
      53.8,
      0.0,
      12.1,
      7.1,
      9.2,
      10.4,
      15.2,
      18.1,
      8.7,
      49.9,
      10.9,
      9.1,
      8.3,
      10.0,
      13.1,
      9.0,
      13.0,
      13.9,
      8.0,
      6.5,
      9.4,
      8.5,
      8.9,
      6.7,
      17.6,
      13.1,
      11.3,
      7.4,
      8.4,
      15.8,
      8.7,
      11.5,
      10.8,
      8.3,
      7.5,
      9.0,
      7.9,
      14.8,
      24.6,
      14.9,
      10.9,
      11.4,
      9.5,
      4.8
    ],
    [
      19.9,
      19.5,
      26.9,
      47.6,
      17.4,
      18.5,
      53.5,
      26.6,
      18.0,
      16.8,
      2.8,
      25.4,
      17.8,
      51.7,
      12.1,
      0.0,
      18.7,
      25.8,
      17.2,
      22.1,
      12.0,
      24.8,
      48.1,
      21.9,
      26.3,
      13.8,
      19.0,
      20.0,
      26.2,
      2.1,
      21.9,
      25.3,
      15.4,
      25.3,
      18.2,
      15.8,
      15.6,
      24.5,
      20.0,
      28.0,
      17.7,
      17.6,
      26.5,
      24.8,
      18.3,
      17.6,
      24.9,
      20.9,
      25.9,
      19.7,
      21.7,
      31.5,
      23.0,
      26.9,
      18.2,
      17.6,
      16.4
    ],
    [
      2.9,
      3.4,
      3.3,
      32.7,
      4.1,
      0.29,
      37.5,
      3.7,
      0.072,
      9.6,
      20.1,
      7.4,
      6.4,
      35.7,
      7.1,
      18.7,
      0.0,
      3.1,
      6.5,
      10.7,
      24.3,
      2.6,
      29.6,
      5.4,
      3.0,
      11.2,
      3.3,
      11.4,
      3.0,
      19.0,
      19.0,
      1.6,
      2.6,
      3.3,
      0.75,
      8.2,
      2.5,
      16.8,
      11.3,
      4.7,
      0.4,
      4.1,
      17.5,
      2.6,
      10.7,
      5.6,
      2.3,
      1.6,
      2.5,
      2.6,
      7.6,
      23.8,
      18.8,
      4.3,
      7.0,
      9.4,
      3.2
    ],
    [
      1.1,
      2.8,
      0.75,
      30.8,
      4.9,
      1.9,
      35.7,
      3.0,
      3.0,
      11.6,
      27.2,
      7.4,
      7.7,
      33.7,
      9.2,
      25.8,
      3.1,
      0.0,
      6.5,
      9.6,
      33.3,
      1.0,
      28.4,
      4.2,
      2.6,
      12.3,
      3.1,
      12.9,
      2.5,
      20.8,
      17.8,
      1.2,
      4.4,
      2.9,
      2.1,
      9.3,
      4.3,
      15.6,
      12.9,
      3.6,
      2.6,
      4.9,
      19.3,
      1.1,
      11.0,
      5.7,
      1.1,
      3.0,
      1.2,
      5.2,
      6.4,
      22.5,
      17.6,
      3.1,
      6.9,
      11.9,
      5.8
    ],
    [
      6.9,
      5.1,
      6.8,
      27.1,
      2.5,
      7.0,
      33.1,
      7.5,
      6.4,
      7.0,
      18.6,
      11.9,
      1.7,
      30.8,
      10.4,
      17.2,
      6.5,
      6.5,
      0.0,
      8.7,
      28.1,
      7.3,
      26.6,
      3.5,
      7.2,
      9.4,
      3.1,
      7.6,
      7.1,
      19.4,
      14.5,
      6.1,
      4.8,
      7.8,
      4.3,
      6.5,
      4.7,
      12.3,
      7.5,
      4.9,
      4.8,
      1.4,
      14.5,
      7.3,
      6.2,
      0.65,
      5.2,
      5.7,
      4.0,
      6.7,
      5.6,
      19.4,
      14.4,
      4.0,
      1.8,
      6.5,
      5.7
    ],
    [
      10.0,
      7.2,
      9.9,
      22.7,
      8.5,
      10.5,
      26.7,
      10.6,
      10.9,
      11.8,
      23.4,
      15.0,
      9.2,
      24.9,
      15.2,
      22.1,
      10.7,
      9.6,
      8.7,
      0.0,
      32.5,
      11.1,
      20.6,
      5.3,
      12.5,
      14.8,
      7.3,
      5.8,
      12.4,
      23.2,
      12.4,
      11.5,
      11.8,
      11.5,
      9.6,
      11.3,
      10.5,
      10.2,
      6.1,
      7.8,
      10.1,
      9.3,
      13.9,
      11.1,
      7.1,
      9.7,
      11.2,
      12.9,
      9.1,
      16.3,
      4.6,
      13.3,
      12.2,
      7.1,
      8.1,
      11.4,
      13.3
    ],
    [
      26.1,
      33.2,
      32.8,
      57.2,
      27.0,
      24.7,
      63.1,
      32.5,
      24.2,
      27.2,
      13.4,
      31.3,
      27.4,
      61.3,
      18.1,
      12.0,
      24.3,
      33.3,
      28.1,
      32.5,
      0.0,
      31.0,
      58.1,
      31.9,
      32.5,
      23.7,
      33.2,
      30.0,
      32.4,
      12.0,
      31.9,
      31.5,
      23.7,
      31.5,
      33.0,
      26.8,
      23.9,
      34.4,
      29.9,
      34.2,
      24.6,
      28.5,
      36.5,
      31.0,
      28.3,
      27.6,
      31.1,
      27.1,
      32.1,
      25.9,
      31.6,
      59.2,
      32.9,
      33.1,
      28.2,
      27.5,
      22.1
    ],
    [
      0.45,
      4.3,
      0.3,
      33.7,
      6.5,
      1.8,
      38.6,
      1.5,
      2.5,
      11.2,
      26.2,
      6.4,
      8.0,
      36.6,
      8.7,
      24.8,
      2.6,
      1.0,
      7.3,
      11.1,
      31.0,
      0.0,
      28.8,
      4.5,
      0.55,
      13.6,
      3.5,
      13.3,
      1.0,
      27.8,
      18.1,
      0.65,
      4.8,
      0.8,
      2.0,
      10.6,
      4.7,
      15.9,
      13.2,
      3.9,
      3.7,
      5.2,
      19.6,
      0.16,
      11.4,
      6.0,
      0.5,
      2.5,
      2.4,
      4.7,
      6.8,
      22.8,
      18.0,
      3.4,
      7.3,
      12.2,
      5.3
    ],
    [
      28.9,
      27.1,
      28.8,
      1.1,
      27.7,
      29.4,
      7.4,
      29.4,
      29.8,
      28.3,
      49.5,
      32.1,
      25.9,
      5.6,
      49.9,
      48.1,
      29.6,
      28.4,
      26.6,
      20.6,
      58.1,
      28.8,
      0.0,
      26.5,
      33.8,
      42.1,
      28.8,
      22.0,
      33.8,
      48.2,
      27.6,
      32.8,
      29.3,
      32.9,
      30.4,
      28.4,
      29.5,
      27.1,
      22.2,
      28.0,
      30.9,
      27.3,
      29.4,
      32.4,
      23.2,
      26.4,
      32.5,
      34.3,
      29.5,
      56.4,
      25.8,
      9.3,
      27.4,
      28.3,
      25.9,
      27.4,
      30.3
    ],
    [
      4.6,
      1.8,
      4.5,
      27.8,
      3.2,
      5.1,
      32.7,
      5.2,
      5.5,
      10.3,
      23.3,
      9.6,
      5.7,
      30.7,
      10.9,
      21.9,
      5.4,
      4.2,
      3.5,
      5.3,
      31.9,
      4.5,
      26.5,
      0.0,
      7.2,
      11.0,
      2.0,
      9.2,
      7.1,
      21.0,
      14.0,
      6.2,
      6.3,
      6.2,
      4.3,
      8.1,
      6.2,
      11.8,
      9.1,
      2.5,
      4.8,
      2.8,
      15.6,
      5.8,
      7.3,
      4.2,
      5.9,
      7.6,
      3.8,
      9.8,
      2.2,
      18.9,
      13.9,
      1.8,
      3.7,
      8.1,
      7.2
    ],
    [
      0.85,
      5.7,
      0.65,
      35.2,
      6.1,
      3.4,
      40.1,
      1.5,
      2.9,
      11.5,
      27.7,
      6.2,
      8.4,
      38.1,
      9.1,
      26.3,
      3.0,
      2.6,
      7.2,
      12.5,
      32.5,
      0.55,
      33.8,
      7.2,
      0.0,
      14.0,
      3.9,
      13.7,
      0.65,
      26.2,
      18.6,
      1.1,
      6.5,
      0.55,
      3.7,
      11.1,
      6.4,
      16.4,
      13.7,
      4.3,
      4.1,
      5.6,
      20.1,
      0.7,
      11.8,
      6.5,
      0.85,
      4.2,
      2.8,
      6.4,
      7.2,
      24.1,
      18.4,
      3.9,
      8.2,
      12.6,
      7.0
    ],
    [
      13.7,
      10.9,
      13.6,
      42.3,
      8.7,
      11.7,
      48.2,
      14.2,
      11.1,
      4.8,
      11.9,
      28.8,
      8.7,
      46.4,
      8.3,
      13.8,
      11.2,
      12.3,
      9.4,
      14.8,
      23.7,
      13.6,
      42.1,
      11.0,
      14.0,
      0.0,
      10.7,
      9.7,
      13.4,
      14.1,
      9.0,
      12.4,
      8.3,
      27.8,
      11.8,
      3.9,
      8.4,
      12.9,
      9.6,
      12.5,
      11.3,
      9.3,
      10.9,
      27.4,
      10.0,
      9.3,
      27.5,
      11.9,
      11.6,
      22.2,
      12.5,
      23.1,
      10.0,
      11.6,
      9.1,
      4.6,
      9.3
    ],
    [
      3.6,
      0.09,
      3.5,
      30.2,
      2.3,
      3.1,
      35.0,
      4.1,
      3.5,
      8.8,
      20.4,
      8.5,
      5.1,
      32.8,
      10.0,
      19.0,
      3.3,
      3.1,
      3.1,
      7.3,
      33.2,
      3.5,
      28.8,
      2.0,
      3.9,
      10.7,
      0.0,
      10.4,
      5.6,
      20.3,
      15.3,
      4.7,
      3.9,
      4.7,
      2.4,
      7.9,
      3.8,
      13.1,
      10.4,
      1.8,
      2.9,
      2.4,
      16.8,
      4.2,
      8.5,
      3.3,
      4.3,
      6.1,
      1.8,
      5.6,
      4.0,
      20.1,
      15.1,
      0.95,
      4.9,
      9.3,
      5.9
    ],
    [
      13.4,
      10.5,
      13.3,
      23.1,
      8.7,
      11.8,
      29.8,
      13.9,
      11.3,
      5.6,
      21.4,
      18.4,
      6.8,
      25.3,
      13.1,
      20.0,
      11.4,
      12.9,
      7.6,
      5.8,
      30.0,
      13.3,
      22.0,
      9.2,
      13.7,
      9.7,
      10.4,
      0.0,
      14.3,
      22.1,
      5.6,
      13.3,
      10.7,
      13.9,
      12.5,
      7.4,
      10.8,
      6.5,
      0.24,
      10.1,
      12.3,
      9.5,
      10.2,
      13.5,
      2.3,
      8.6,
      13.7,
      14.2,
      10.5,
      14.7,
      8.0,
      15.2,
      8.5,
      9.6,
      6.8,
      6.6,
      11.6
    ],
    [
      1.7,
      5.7,
      1.0,
      35.2,
      6.0,
      3.4,
      40.0,
      1.3,
      2.8,
      11.5,
      27.6,
      6.1,
      8.3,
      38.0,
      9.0,
      26.2,
      3.0,
      2.5,
      7.1,
      12.4,
      32.4,
      1.0,
      33.8,
      7.1,
      0.65,
      13.4,
      5.6,
      14.3,
      0.0,
      26.2,
      18.6,
      2.3,
      6.5,
      0.45,
      3.7,
      11.1,
      6.4,
      16.4,
      13.7,
      4.4,
      4.2,
      5.7,
      20.1,
      1.1,
      11.9,
      6.5,
      1.9,
      4.3,
      2.8,
      6.5,
      7.3,
      24.1,
      18.4,
      3.9,
      8.2,
      12.7,
      7.0
    ],
    [
      20.8,
      20.4,
      27.8,
      48.5,
      18.2,
      19.4,
      54.3,
      27.4,
      18.9,
      17.7,
      2.6,
      26.2,
      18.6,
      52.6,
      13.0,
      2.1,
      19.0,
      20.8,
      19.4,
      23.2,
      12.0,
      27.8,
      48.2,
      21.0,
      26.2,
      14.1,
      20.3,
      22.1,
      26.2,
      0.0,
      23.1,
      26.4,
      16.6,
      26.4,
      27.9,
      16.9,
      16.8,
      25.6,
      21.1,
      29.2,
      18.9,
      19.7,
      27.7,
      26.0,
      19.5,
      18.8,
      26.1,
      22.0,
      27.0,
      20.8,
      22.8,
      32.6,
      24.1,
      28.1,
      19.4,
      18.7,
      17.6
    ],
    [
      18.2,
      15.3,
      18.1,
      27.8,
      14.4,
      19.4,
      33.7,
      18.8,
      18.9,
      7.9,
      20.0,
      23.2,
      13.8,
      31.9,
      13.9,
      21.9,
      19.0,
      17.8,
      14.5,
      12.4,
      31.9,
      18.1,
      27.6,
      14.0,
      18.6,
      9.0,
      15.3,
      5.6,
      18.6,
      23.1,
      0.0,
      16.6,
      13.9,
      17.9,
      15.8,
      8.3,
      14.1,
      4.4,
      6.6,
      15.5,
      15.6,
      14.3,
      4.6,
      18.9,
      7.5,
      13.4,
      16.9,
      19.7,
      16.6,
      20.1,
      13.5,
      15.8,
      2.6,
      14.9,
      11.6,
      7.2,
      17.1
    ],
    [
      0.26,
      4.8,
      0.7,
      34.2,
      5.0,
      0.8,
      39.1,
      2.2,
      1.8,
      10.4,
      26.7,
      6.8,
      7.3,
      37.1,
      8.0,
      25.3,
      1.6,
      1.2,
      6.1,
      11.5,
      31.5,
      0.65,
      32.8,
      6.2,
      1.1,
      12.4,
      4.7,
      13.3,
      2.3,
      26.4,
      16.6,
      0.0,
      4.1,
      1.7,
      1.6,
      9.6,
      4.0,
      16.4,
      13.7,
      4.4,
      2.8,
      5.7,
      20.1,
      0.8,
      11.8,
      6.5,
      0.26,
      1.8,
      2.8,
      4.0,
      7.3,
      25.5,
      18.4,
      3.9,
      7.7,
      10.8,
      4.6
    ],
    [
      4.4,
      4.0,
      4.8,
      30.4,
      3.2,
      3.0,
      36.4,
      5.2,
      2.5,
      6.3,
      16.9,
      8.8,
      5.2,
      34.1,
      6.5,
      15.4,
      2.6,
      4.4,
      4.8,
      11.8,
      23.7,
      4.8,
      29.3,
      6.3,
      6.5,
      8.3,
      3.9,
      10.7,
      6.5,
      16.6,
      13.9,
      4.1,
      0.0,
      5.4,
      3.6,
      5.6,
      0.04,
      14.3,
      9.8,
      6.1,
      3.1,
      3.4,
      18.0,
      4.8,
      8.2,
      5.3,
      4.4,
      4.9,
      4.1,
      5.3,
      7.4,
      21.3,
      16.3,
      5.2,
      5.3,
      6.9,
      2.3
    ],
    [
      1.1,
      4.8,
      0.9,
      34.2,
      6.9,
      3.7,
      39.1,
      1.0,
      3.2,
      11.8,
      26.7,
      5.2,
      8.7,
      37.1,
      9.4,
      25.3,
      3.3,
      2.9,
      7.8,
      11.5,
      31.5,
      0.8,
      32.9,
      6.2,
      0.55,
      27.8,
      4.7,
      13.9,
      0.45,
      26.4,
      17.9,
      1.7,
      5.4,
      0.0,
      3.4,
      10.8,
      5.9,
      16.1,
      13.4,
      4.0,
      3.8,
      5.3,
      19.8,
      1.0,
      11.5,
      6.2,
      1.1,
      3.7,
      2.5,
      5.9,
      7.0,
      23.0,
      18.1,
      3.6,
      7.4,
      12.3,
      6.5
    ],
    [
      1.6,
      2.5,
      3.2,
      31.8,
      3.6,
      0.7,
      36.6,
      3.9,
      0.85,
      9.1,
      19.6,
      8.3,
      6.4,
      34.7,
      8.5,
      18.2,
      0.75,
      2.1,
      4.3,
      9.6,
      33.0,
      2.0,
      30.4,
      4.3,
      3.7,
      11.8,
      2.4,
      12.5,
      3.7,
      27.9,
      15.8,
      1.6,
      3.6,
      3.4,
      0.0,
      8.3,
      2.4,
      15.7,
      11.0,
      3.6,
      0.45,
      3.4,
      19.4,
      2.0,
      11.1,
      4.2,
      1.6,
      2.4,
      0.85,
      3.8,
      6.6,
      22.6,
      17.7,
      3.2,
      6.0,
      9.3,
      4.0
    ],
    [
      10.7,
      7.9,
      10.6,
      29.0,
      5.8,
      8.6,
      35.4,
      10.7,
      8.0,
      0.3,
      17.2,
      15.7,
      5.7,
      31.6,
      8.9,
      15.8,
      8.2,
      9.3,
      6.5,
      11.3,
      26.8,
      10.6,
      28.4,
      8.1,
      11.1,
      3.9,
      7.9,
      7.4,
      11.1,
      16.9,
      8.3,
      9.6,
      5.6,
      10.8,
      8.3,
      0.0,
      6.0,
      9.4,
      5.5,
      10.3,
      8.0,
      7.1,
      10.5,
      10.6,
      7.8,
      7.1,
      10.3,
      9.4,
      9.4,
      9.8,
      10.1,
      20.9,
      9.6,
      9.4,
      6.7,
      2.2,
      6.8
    ],
    [
      4.3,
      3.9,
      4.7,
      31.7,
      3.1,
      3.0,
      36.6,
      5.1,
      2.4,
      6.5,
      17.0,
      8.7,
      5.1,
      34.3,
      6.7,
      15.6,
      2.5,
      4.3,
      4.7,
      10.5,
      23.9,
      4.7,
      29.5,
      6.2,
      6.4,
      8.4,
      3.8,
      10.8,
      6.4,
      16.8,
      14.1,
      4.0,
      0.04,
      5.9,
      2.4,
      6.0,
      0.0,
      14.3,
      9.8,
      5.9,
      2.9,
      3.4,
      14.9,
      4.6,
      8.2,
      4.2,
      4.2,
      4.9,
      3.9,
      5.4,
      7.2,
      21.3,
      16.3,
      5.0,
      5.3,
      6.9,
      2.3
    ],
    [
      16.1,
      13.2,
      15.9,
      23.1,
      12.2,
      17.2,
      27.5,
      16.6,
      16.7,
      10.9,
      25.9,
      21.0,
      11.6,
      31.4,
      17.6,
      24.5,
      16.8,
      15.6,
      12.3,
      10.2,
      34.4,
      15.9,
      27.1,
      11.8,
      16.4,
      12.9,
      13.1,
      6.5,
      16.4,
      25.6,
      4.4,
      16.4,
      14.3,
      16.1,
      15.7,
      9.4,
      14.3,
      0.0,
      4.4,
      11.1,
      13.1,
      9.5,
      11.3,
      14.5,
      5.4,
      8.8,
      16.1,
      15.3,
      12.1,
      15.7,
      9.1,
      16.2,
      9.6,
      10.4,
      8.3,
      9.6,
      12.7
    ],
    [
      13.3,
      10.4,
      13.2,
      23.3,
      8.6,
      11.8,
      30.0,
      13.9,
      11.2,
      5.5,
      21.4,
      18.3,
      6.8,
      25.5,
      13.1,
      20.0,
      11.3,
      12.9,
      7.5,
      6.1,
      29.9,
      13.2,
      22.2,
      9.1,
      13.7,
      9.6,
      10.4,
      0.24,
      13.7,
      21.1,
      6.6,
      13.7,
      9.8,
      13.4,
      11.0,
      5.5,
      9.8,
      4.4,
      0.0,
      11.3,
      14.2,
      10.1,
      8.8,
      14.7,
      2.9,
      9.2,
      16.3,
      15.4,
      12.3,
      15.9,
      9.2,
      16.4,
      6.4,
      10.6,
      7.4,
      5.2,
      12.8
    ],
    [
      4.0,
      1.9,
      3.9,
      29.3,
      4.1,
      5.2,
      34.2,
      4.6,
      4.9,
      10.6,
      29.4,
      10.0,
      6.9,
      32.2,
      11.3,
      28.0,
      4.7,
      3.6,
      4.9,
      7.8,
      34.2,
      3.9,
      28.0,
      2.5,
      4.3,
      12.5,
      1.8,
      10.1,
      4.4,
      29.2,
      15.5,
      4.4,
      6.1,
      4.0,
      3.6,
      10.3,
      5.9,
      11.1,
      11.3,
      0.0,
      4.7,
      4.2,
      18.0,
      4.9,
      9.7,
      5.2,
      5.0,
      6.7,
      3.4,
      9.0,
      4.7,
      20.1,
      16.3,
      1.0,
      6.1,
      10.6,
      7.6
    ],
    [
      1.7,
      3.0,
      3.7,
      32.2,
      3.1,
      0.5,
      37.1,
      3.9,
      0.45,
      8.6,
      19.1,
      8.8,
      6.3,
      35.1,
      7.4,
      17.7,
      0.4,
      2.6,
      4.8,
      10.1,
      24.6,
      3.7,
      30.9,
      4.8,
      4.1,
      11.3,
      2.9,
      12.3,
      4.2,
      18.9,
      15.6,
      2.8,
      3.1,
      3.8,
      0.45,
      8.0,
      2.9,
      13.1,
      14.2,
      4.7,
      0.0,
      3.9,
      20.8,
      2.9,
      11.0,
      4.7,
      2.6,
      1.8,
      1.9,
      2.9,
      7.1,
      24.1,
      19.1,
      3.7,
      7.2,
      9.7,
      3.4
    ],
    [
      5.3,
      2.5,
      5.2,
      29.3,
      0.55,
      4.5,
      34.2,
      5.9,
      5.1,
      7.4,
      19.1,
      10.3,
      3.6,
      32.1,
      8.4,
      17.6,
      4.1,
      4.9,
      1.4,
      9.3,
      28.5,
      5.2,
      27.3,
      2.8,
      5.6,
      9.3,
      2.4,
      9.5,
      5.7,
      19.7,
      14.3,
      5.7,
      3.4,
      5.3,
      3.4,
      7.1,
      3.4,
      9.5,
      10.1,
      4.2,
      3.9,
      0.0,
      16.2,
      6.2,
      7.9,
      2.3,
      6.3,
      5.4,
      3.1,
      6.5,
      5.1,
      21.0,
      15.3,
      2.9,
      3.5,
      8.1,
      5.4
    ],
    [
      19.8,
      16.9,
      19.6,
      29.6,
      15.9,
      21.0,
      35.5,
      20.3,
      17.4,
      10.9,
      27.9,
      41.5,
      13.8,
      33.7,
      15.8,
      26.5,
      17.5,
      19.3,
      14.5,
      13.9,
      36.5,
      19.6,
      29.4,
      15.6,
      20.1,
      10.9,
      16.8,
      10.2,
      20.1,
      27.7,
      4.6,
      20.1,
      18.0,
      19.8,
      19.4,
      10.5,
      14.9,
      11.3,
      8.8,
      18.0,
      20.8,
      16.2,
      0.0,
      40.2,
      11.9,
      15.3,
      40.3,
      18.2,
      18.6,
      35.1,
      15.5,
      17.7,
      3.7,
      17.1,
      13.5,
      9.1,
      15.6
    ],
    [
      0.5,
      4.3,
      0.45,
      33.7,
      6.5,
      1.8,
      38.6,
      2.0,
      2.5,
      11.2,
      26.2,
      6.4,
      8.0,
      36.6,
      8.7,
      24.8,
      2.6,
      1.1,
      7.3,
      11.1,
      31.0,
      0.16,
      32.4,
      5.8,
      0.7,
      27.4,
      4.2,
      13.5,
      1.1,
      26.0,
      18.9,
      0.8,
      4.8,
      1.0,
      2.0,
      10.6,
      4.6,
      14.5,
      14.7,
      4.9,
      2.9,
      6.2,
      40.2,
      0.0,
      11.4,
      6.0,
      0.5,
      2.5,
      2.4,
      4.7,
      6.8,
      22.8,
      18.0,
      3.4,
      7.3,
      12.2,
      5.3
    ],
    [
      11.5,
      8.6,
      11.4,
      24.3,
      7.7,
      11.1,
      31.1,
      12.0,
      10.6,
      6.1,
      19.8,
      16.4,
      5.5,
      26.6,
      11.5,
      18.3,
      10.7,
      11.0,
      6.2,
      7.1,
      28.3,
      11.4,
      23.2,
      7.3,
      11.8,
      10.0,
      8.5,
      2.3,
      11.9,
      19.5,
      7.5,
      11.8,
      8.2,
      11.5,
      11.1,
      7.8,
      8.2,
      5.4,
      2.9,
      9.7,
      11.0,
      7.9,
      11.9,
      11.4,
      0.0,
      5.6,
      13.0,
      12.1,
      10.4,
      12.5,
      7.9,
      16.9,
      10.2,
      9.4,
      4.1,
      6.1,
      9.5
    ],
    [
      6.2,
      3.4,
      6.0,
      27.5,
      1.0,
      5.0,
      33.5,
      6.7,
      5.5,
      7.4,
      19.0,
      11.1,
      2.7,
      31.2,
      10.8,
      17.6,
      5.6,
      5.7,
      0.65,
      9.7,
      27.6,
      6.0,
      26.4,
      4.2,
      6.5,
      9.3,
      3.3,
      8.6,
      6.5,
      18.8,
      13.4,
      6.5,
      5.3,
      6.2,
      4.2,
      7.1,
      4.2,
      8.8,
      9.2,
      5.2,
      4.7,
      2.3,
      15.3,
      6.0,
      5.6,
      0.0,
      5.2,
      6.7,
      4.1,
      8.6,
      6.0,
      19.3,
      14.2,
      4.1,
      1.7,
      6.4,
      5.6
    ],
    [
      0.0,
      4.4,
      0.5,
      33.9,
      5.4,
      1.4,
      38.7,
      2.1,
      2.2,
      10.8,
      26.3,
      6.5,
      7.7,
      36.8,
      8.3,
      24.9,
      2.3,
      1.1,
      5.2,
      11.2,
      31.1,
      0.5,
      32.5,
      5.9,
      0.85,
      27.5,
      4.3,
      13.7,
      1.9,
      26.1,
      16.9,
      0.26,
      4.4,
      1.1,
      1.6,
      10.3,
      4.2,
      16.1,
      16.3,
      5.0,
      2.6,
      6.3,
      40.3,
      0.5,
      13.0,
      5.2,
      0.0,
      2.2,
      2.5,
      4.4,
      7.0,
      23.0,
      18.1,
      3.6,
      7.4,
      12.3,
      5.0
    ],
    [
      2.2,
      6.2,
      2.5,
      35.6,
      4.6,
      2.0,
      40.5,
      2.9,
      1.4,
      9.9,
      22.3,
      6.6,
      6.9,
      38.5,
      7.5,
      20.9,
      1.6,
      3.0,
      5.7,
      12.9,
      27.1,
      2.5,
      34.3,
      7.6,
      4.2,
      11.9,
      6.1,
      14.2,
      4.3,
      22.0,
      19.7,
      1.8,
      4.9,
      3.7,
      2.4,
      9.4,
      4.9,
      15.3,
      15.4,
      6.7,
      1.8,
      5.4,
      18.2,
      2.5,
      12.1,
      6.7,
      2.2,
      0.0,
      3.7,
      1.6,
      8.5,
      24.5,
      17.2,
      5.5,
      7.6,
      10.0,
      3.6
    ],
    [
      2.5,
      1.9,
      2.4,
      30.9,
      3.5,
      2.3,
      35.7,
      3.0,
      2.7,
      9.4,
      27.3,
      7.4,
      6.2,
      33.8,
      9.0,
      25.9,
      2.5,
      1.2,
      4.0,
      9.1,
      32.1,
      2.4,
      29.5,
      3.8,
      2.8,
      11.6,
      1.8,
      10.5,
      2.8,
      27.0,
      16.6,
      2.8,
      4.1,
      2.5,
      0.85,
      9.4,
      3.9,
      12.1,
      12.3,
      3.4,
      1.9,
      3.1,
      18.6,
      2.4,
      10.4,
      4.1,
      2.5,
      3.7,
      0.0,
      4.3,
      6.1,
      22.1,
      17.2,
      2.7,
      6.0,
      9.3,
      4.8
    ],
    [
      4.4,
      6.5,
      4.7,
      56.6,
      5.7,
      3.0,
      41.6,
      5.1,
      2.5,
      10.3,
      21.1,
      8.0,
      8.8,
      60.7,
      7.9,
      19.7,
      2.6,
      5.2,
      6.7,
      16.3,
      25.9,
      4.7,
      56.4,
      9.8,
      6.4,
      22.2,
      5.6,
      14.7,
      6.5,
      20.8,
      20.1,
      4.0,
      5.3,
      5.9,
      3.8,
      9.8,
      5.4,
      15.7,
      15.9,
      9.0,
      2.9,
      6.5,
      35.1,
      4.7,
      12.5,
      8.6,
      4.4,
      1.6,
      4.3,
      0.0,
      8.9,
      25.0,
      20.0,
      5.9,
      8.0,
      10.6,
      3.5
    ],
    [
      6.9,
      4.1,
      6.8,
      27.2,
      5.4,
      7.3,
      32.0,
      7.4,
      7.7,
      10.1,
      23.1,
      11.8,
      7.0,
      30.1,
      14.8,
      21.7,
      7.6,
      6.4,
      5.6,
      4.6,
      31.6,
      6.8,
      25.8,
      2.2,
      7.2,
      12.5,
      4.0,
      8.0,
      7.3,
      22.8,
      13.5,
      7.3,
      7.4,
      7.0,
      6.6,
      10.1,
      7.2,
      9.1,
      9.2,
      4.7,
      7.1,
      5.1,
      15.5,
      6.8,
      7.9,
      6.0,
      7.0,
      8.5,
      6.1,
      8.9,
      0.0,
      19.1,
      14.2,
      4.2,
      4.0,
      10.5,
      9.7
    ],
    [
      23.0,
      20.2,
      22.8,
      10.4,
      19.3,
      24.3,
      14.4,
      23.5,
      23.7,
      21.0,
      32.9,
      26.2,
      18.6,
      12.6,
      24.6,
      31.5,
      23.8,
      22.5,
      19.4,
      13.3,
      59.2,
      22.8,
      9.3,
      18.9,
      24.1,
      23.1,
      20.1,
      15.2,
      24.1,
      32.6,
      15.8,
      25.5,
      21.3,
      23.0,
      22.6,
      20.9,
      21.3,
      16.2,
      16.4,
      20.1,
      24.1,
      21.0,
      17.7,
      22.8,
      16.9,
      19.3,
      23.0,
      24.5,
      22.1,
      25.0,
      19.1,
      0.0,
      16.7,
      22.4,
      17.6,
      19.1,
      22.0
    ],
    [
      18.1,
      15.2,
      18.0,
      31.3,
      14.3,
      19.3,
      33.5,
      18.6,
      18.7,
      10.0,
      25.3,
      23.0,
      13.6,
      31.7,
      14.9,
      23.0,
      18.8,
      17.6,
      14.4,
      12.2,
      32.9,
      18.0,
      27.4,
      13.9,
      18.4,
      10.0,
      15.1,
      8.5,
      18.4,
      24.1,
      2.6,
      18.4,
      16.3,
      18.1,
      17.7,
      9.6,
      16.3,
      9.6,
      6.4,
      16.3,
      19.1,
      15.3,
      3.7,
      18.0,
      10.2,
      14.2,
      18.1,
      17.2,
      17.2,
      20.0,
      14.2,
      16.7,
      0.0,
      14.2,
      11.9,
      9.4,
      16.2
    ],
    [
      3.6,
      1.0,
      3.4,
      29.7,
      3.2,
      4.7,
      34.5,
      4.1,
      4.4,
      9.7,
      28.3,
      8.5,
      6.0,
      29.7,
      10.9,
      26.9,
      4.3,
      3.1,
      4.0,
      7.1,
      33.1,
      3.4,
      28.3,
      1.8,
      3.9,
      11.6,
      0.95,
      9.6,
      3.9,
      28.1,
      14.9,
      3.9,
      5.2,
      3.6,
      3.2,
      9.4,
      5.0,
      10.4,
      10.6,
      1.0,
      3.7,
      2.9,
      17.1,
      3.4,
      9.4,
      4.1,
      3.6,
      5.5,
      2.7,
      5.9,
      4.2,
      22.4,
      14.2,
      0.0,
      5.5,
      9.6,
      6.7
    ],
    [
      7.4,
      5.0,
      7.3,
      27.0,
      2.9,
      7.4,
      33.0,
      7.9,
      6.9,
      6.7,
      19.7,
      12.4,
      1.7,
      30.7,
      11.4,
      18.2,
      7.0,
      6.9,
      1.8,
      8.1,
      28.2,
      7.3,
      25.9,
      3.7,
      8.2,
      9.1,
      4.9,
      6.8,
      8.2,
      19.4,
      11.6,
      7.7,
      5.3,
      7.4,
      6.0,
      6.7,
      5.3,
      8.3,
      7.4,
      6.1,
      7.2,
      3.5,
      13.5,
      7.3,
      4.1,
      1.7,
      7.4,
      7.6,
      6.0,
      8.0,
      4.0,
      17.6,
      11.9,
      5.5,
      0.0,
      5.7,
      5.9
    ],
    [
      12.3,
      9.4,
      12.2,
      27.6,
      7.6,
      9.8,
      32.5,
      12.9,
      9.3,
      2.2,
      15.6,
      17.3,
      5.7,
      40.5,
      9.5,
      17.6,
      9.4,
      11.9,
      6.5,
      11.4,
      27.5,
      12.2,
      27.4,
      8.1,
      12.6,
      4.6,
      9.3,
      6.6,
      12.7,
      18.7,
      7.2,
      10.8,
      6.9,
      12.3,
      9.3,
      2.2,
      6.9,
      9.6,
      5.2,
      10.6,
      9.7,
      8.1,
      9.1,
      12.2,
      6.1,
      6.4,
      12.3,
      10.0,
      9.3,
      10.6,
      10.5,
      19.1,
      9.4,
      9.6,
      5.7,
      0.0,
      10.4
    ],
    [
      5.0,
      6.0,
      5.3,
      31.4,
      4.7,
      3.6,
      37.4,
      5.7,
      3.1,
      7.3,
      17.8,
      9.4,
      5.8,
      35.1,
      4.8,
      16.4,
      3.2,
      5.8,
      5.7,
      13.3,
      22.1,
      5.3,
      30.3,
      7.2,
      7.0,
      9.3,
      5.9,
      11.6,
      7.0,
      17.6,
      17.1,
      4.6,
      2.3,
      6.5,
      4.0,
      6.8,
      2.3,
      12.7,
      12.8,
      7.6,
      3.4,
      5.4,
      15.6,
      5.3,
      9.5,
      5.6,
      5.0,
      3.6,
      4.8,
      3.5,
      9.7,
      22.0,
      16.2,
      6.7,
      5.9,
      10.4,
      0.0
    ]
  ],
  "drive_time_matrix": [
    [
      0.0,
      7.0,
      6.0,
      44.0,
      12.0,
      8.0,
      46.0,
      7.0,
      7.0,
      20.0,
      34.0,
      19.0,
      18.0,
      43.0,
      15.0,
      31.0,
      8.0,
      15.0,
      15.0,
      19.0,
      43.0,
      5.0,
      40.0,
      10.0,
      10.0,
      25.0,
      7.0,
      21.0,
      4.0,
      35.0,
      27.0,
      3.0,
      10.0,
      14.0,
      7.0,
      21.0,
      10.0,
      24.0,
      22.0,
      11.0,
      9.0,
      12.0,
      29.0,
      6.0,
      21.0,
      15.0,
      1.0,
      7.0,
      6.0,
      13.0,
      14.0,
      33.0,
      28.0,
      8.0,
      15.0,
      21.0,
      11.0
    ],
    [
      7.0,
      0.0,
      9.0,
      39.0,
      6.0,
      11.0,
      41.0,
      7.0,
      11.0,
      14.0,
      32.0,
      18.0,
      12.0,
      38.0,
      17.0,
      27.0,
      10.0,
      8.0,
      9.0,
      13.0,
      43.0,
      9.0,
      36.0,
      4.0,
      11.0,
      20.0,
      1.0,
      15.0,
      11.0,
      31.0,
      22.0,
      11.0,
      8.0,
      8.0,
      7.0,
      16.0,
      8.0,
      18.0,
      16.0,
      6.0,
      9.0,
      6.0,
      23.0,
      9.0,
      15.0,
      9.0,
      9.0,
      13.0,
      6.0,
      17.0,
      9.0,
      26.0,
      22.0,
      13.0,
      10.0,
      16.0,
      12.0
    ],
    [
      6.0,
      9.0,
      0.0,
      44.0,
      13.0,
      9.0,
      46.0,
      8.0,
      9.0,
      20.0,
      36.0,
      18.0,
      19.0,
      43.0,
      17.0,
      32.0,
      9.0,
      10.0,
      15.0,
      19.0,
      43.0,
      4.0,
      41.0,
      10.0,
      7.0,
      26.0,
      7.0,
      21.0,
      12.0,
      36.0,
      27.0,
      9.0,
      12.0,
      11.0,
      8.0,
      21.0,
      12.0,
      24.0,
      21.0,
      12.0,
      9.0,
      12.0,
