{
  "drive_dist_matrix": [
    [
      0.0,
      25.266638,
      19.31208,
      32.347734,
      17.541806,
      29.450922000000002,
      15.932466,
      20.11675,
      16.254334,
      19.31208,
      30.57746,
      41.360037999999996,
      24.301033999999998,
      16.254334,
      30.416525999999998,
      22.208892000000002,
      26.715044000000002,
      16.0934,
      24.94477,
      35.888282000000004,
      20.438617999999998,
      19.473014,
      16.0934,
      43.45218,
      15.771532,
      19.151146,
      32.99147,
      24.94477,
      19.151146,
      16.254334,
      17.380872,
      16.737136,
      23.496364,
      16.0934,
      23.657297999999997,
      23.979166,
      15.449663999999999,
      21.565156,
      46.027124,
      20.277684,
      17.380872,
      15.932466,
      16.737136,
      16.254334,
      15.771532,
      15.127796,
      20.438617999999998,
      10.138842,
      23.818232000000002,
      16.254334,
      47.314595999999995,
      21.887024,
      29.933724,
      30.738394000000003,
      15.28873,
      18.185542,
      24.301033999999998,
      16.576202000000002,
      19.31208
    ],
    [
      25.266638,
      0.0,
      6.276426,
      6.43736,
      11.909116000000001,
      3.5405480000000003,
      9.012303999999999,
      6.759228,
      9.012303999999999,
      6.43736,
      4.667085999999999,
      15.28873,
      6.276426,
      9.334171999999999,
      15.610598,
      24.783836,
      5.471756,
      9.334171999999999,
      16.89807,
      9.816974,
      5.471756,
      6.276426,
      9.495106,
      32.99147,
      9.977908000000001,
      6.115492,
      6.9201619999999995,
      0.32186800000000004,
      14.001257999999998,
      9.334171999999999,
      8.690436,
      8.368568,
      13.035654,
      9.65604,
      25.74944,
      13.357522000000001,
      10.46071,
      3.8624159999999996,
      39.911632000000004,
      6.115492,
      8.690436,
      9.012303999999999,
      16.737136,
      8.690436,
      11.587248,
      10.943512,
      5.471756,
      14.48406,
      9.495106,
      16.254334,
      21.404222,
      5.63269,
      4.02335,
      4.667085999999999,
      12.07005,
      6.43736,
      16.737136,
      11.748182,
      6.115492
    ],
    [
      19.31208,
      6.276426,
      0.0,
      11.426314,
      8.85137,
      10.138842,
      6.115492,
      6.598293999999999,
      6.115492,
      6.759228,
      10.782578,
      21.565156,
      9.977908000000001,
      6.115492,
      22.691694,
      25.427572,
      9.173238,
      6.115492,
      16.415267999999998,
      15.932466,
      5.63269,
      6.276426,
      6.115492,
      35.566414,
      7.402963999999999,
      0.48280199999999995,
      13.035654,
      6.115492,
      10.46071,
      6.276426,
      6.115492,
      5.310822,
      15.610598,
      6.43736,
      25.266638,
      16.0934,
      7.724831999999999,
      4.506151999999999,
      37.81949,
      6.9201619999999995,
      6.115492,
      6.43736,
      13.518456,
      6.276426,
      7.885766,
      5.310822,
      5.63269,
      10.46071,
      12.391918,
      13.035654,
      26.875978,
      8.529501999999999,
      9.977908000000001,
      10.943512,
      6.43736,
      3.379614,
      13.518456,
      6.115492,
      0.48280199999999995
    ],
    [
      32.347734,
      6.43736,
      11.426314,
      0.0,
      16.737136,
      6.9201619999999995,
      13.840323999999999,
      11.587248,
      13.840323999999999,
      10.943512,
      4.184284,
      9.173238,
      12.391918,
      14.162192000000001,
      21.565156,
      29.289987999999997,
      11.748182,
      14.162192000000001,
      21.404222,
      12.87472,
      10.46071,
      11.26538,
      14.323126,
      39.106962,
      14.805927999999998,
      11.104446000000001,
      1.60934,
      6.115492,
      18.990212,
      14.162192000000001,
      13.518456,
      13.357522000000001,
      19.151146,
      14.644993999999999,
      30.094658,
      19.633948,
      15.449663999999999,
      8.690436,
      36.853885999999996,
      10.943512,
      13.518456,
      13.840323999999999,
      16.254334,
      13.518456,
      16.415267999999998,
      15.771532,
      10.46071,
      19.794882,
      15.610598,
      18.990212,
      15.932466,
      11.748182,
      9.977908000000001,
      4.345218,
      14.805927999999998,
      11.26538,
      12.07005,
      16.576202000000002,
      10.943512
    ],
    [
      17.541806,
      11.909116000000001,
      8.85137,
      16.737136,
      0.0,
      15.28873,
      4.184284,
      6.115492,
      4.506151999999999,
      6.115492,
      16.415267999999998,
      27.036912,
      10.943512,
      3.7014819999999995,
      17.219938,
      14.644993999999999,
      12.552852,
      3.5405480000000003,
      6.759228,
      21.565156,
      7.24203,
      5.793624,
      3.5405480000000003,
      26.393175999999997,
      3.21868,
      8.690436,
      18.829278,
      11.748182,
      4.02335,
      3.5405480000000003,
      4.184284,
      4.506151999999999,
      10.299776000000001,
      12.391918,
      15.449663999999999,
      10.621644,
      2.2530759999999996,
      8.207633999999999,
      50.372342,
      6.9201619999999995,
      4.184284,
      3.8624159999999996,
      19.31208,
      3.5405480000000003,
      2.41401,
      4.506151999999999,
      7.24203,
      9.173238,
      8.368568,
      18.829278,
      33.152404000000004,
      7.885766,
      15.771532,
      16.415267999999998,
      3.5405480000000003,
      7.0810960000000005,
      21.082354,
      4.02335,
      8.85137
    ],
    [
      29.450922000000002,
      3.5405480000000003,
      10.138842,
      6.9201619999999995,
      15.28873,
      0.0,
      12.230984,
      9.977908000000001,
      12.230984,
      9.173238,
      2.735878,
      12.230984,
      5.9545580000000005,
      12.713786,
      15.449663999999999,
      27.680647999999998,
      5.149888000000001,
      12.552852,
      19.794882,
      6.759228,
      8.85137,
      9.495106,
      12.713786,
      32.99147,
      13.196587999999998,
      9.495106,
      7.0810960000000005,
      3.5405480000000003,
      17.380872,
      12.552852,
      12.07005,
      12.230984,
      13.67939,
      13.518456,
      28.485318,
      13.035654,
      13.840323999999999,
      7.0810960000000005,
      41.520972,
      9.334171999999999,
      12.07005,
      12.230984,
      19.794882,
      12.552852,
      14.805927999999998,
      14.162192000000001,
      8.85137,
      18.668343999999998,
      9.173238,
      19.31208,
      21.565156,
      7.724831999999999,
      3.5405480000000003,
      2.896812,
      13.196587999999998,
      9.65604,
      17.219938,
      12.713786,
      9.495106
    ],
    [
      15.932466,
      9.012303999999999,
      6.115492,
      13.840323999999999,
      4.184284,
      12.230984,
      0.0,
      2.735878,
      0.32186800000000004,
      2.896812,
      13.196587999999998,
      23.979166,
      7.885766,
      0.80467,
      16.415267999999998,
      17.863674,
      9.334171999999999,
      0.80467,
      9.977908000000001,
      18.50741,
      3.379614,
      2.41401,
      0.80467,
      29.450922000000002,
      0.6437360000000001,
      6.115492,
      15.610598,
      9.334171999999999,
      5.149888000000001,
      0.80467,
      0.32186800000000004,
      0.6437360000000001,
      9.495106,
      10.138842,
      18.668343999999998,
      9.816974,
      1.448406,
      4.9889540000000006,
      49.08487,
      3.8624159999999996,
      0.32186800000000004,
      0.16093400000000002,
      18.024607999999997,
      0.80467,
      2.735878,
      1.7702740000000001,
      4.02335,
      7.885766,
      6.276426,
      17.541806,
      29.933724,
      4.345218,
      12.552852,
      13.357522000000001,
      1.1265379999999998,
      4.345218,
      18.346476,
      0.9656039999999999,
      6.115492
    ],
    [
      20.11675,
      6.759228,
      6.598293999999999,
      11.587248,
      6.115492,
      9.977908000000001,
      2.735878,
      0.0,
      2.896812,
      0.6437360000000001,
      11.104446000000001,
      21.887024,
      5.793624,
      3.21868,
      14.805927999999998,
      19.31208,
      7.24203,
      3.21868,
      11.426314,
      16.254334,
      0.80467,
      0.16093400000000002,
      3.379614,
      30.094658,
      4.02335,
      6.759228,
      13.518456,
      6.43736,
      8.368568,
      3.057746,
      2.735878,
      2.41401,
      10.138842,
      10.782578,
      20.277684,
      10.46071,
      4.667085999999999,
      3.21868,
      44.25685,
      0.48280199999999995,
      2.735878,
      2.896812,
      17.541806,
      2.735878,
      5.793624,
      3.5405480000000003,
      0.80467,
      9.65604,
      7.0810960000000005,
      17.059003999999998,
      27.197846,
      3.21868,
      10.46071,
      11.26538,
      3.8624159999999996,
      3.5405480000000003,
      18.990212,
      3.21868,
      5.793624
    ],
    [
      16.254334,
      9.012303999999999,
      6.115492,
      13.840323999999999,
      4.506151999999999,
      12.230984,
      0.32186800000000004,
      2.896812,
      0.0,
      3.7014819999999995,
      14.001257999999998,
      24.783836,
      8.690436,
      0.9656039999999999,
      15.932466,
      17.70274,
      10.138842,
      0.80467,
      9.816974,
      19.31208,
      4.82802,
      3.21868,
      0.80467,
      28.96812,
      0.48280199999999995,
      6.276426,
      16.415267999999998,
      9.334171999999999,
      4.667085999999999,
      0.80467,
      0.48280199999999995,
      0.80467,
      9.012303999999999,
      10.621644,
      18.50741,
      9.495106,
      0.9656039999999999,
      5.793624,
      48.763002,
      4.667085999999999,
      0.48280199999999995,
      0.16093400000000002,
      17.541806,
      0.80467,
      2.2530759999999996,
      1.9312079999999998,
      4.82802,
      7.402963999999999,
      5.9545580000000005,
      17.059003999999998,
      30.738394000000003,
      5.471756,
      13.357522000000001,
      14.162192000000001,
      1.1265379999999998,
      4.506151999999999,
      18.50741,
      1.448406,
      6.43736
    ],
    [
      19.31208,
      6.43736,
      6.759228,
      10.943512,
      6.115492,
      9.173238,
      2.896812,
      0.6437360000000001,
      3.7014819999999995,
      0.0,
      10.138842,
      20.92142,
      4.82802,
      4.184284,
      14.644993999999999,
      19.151146,
      6.276426,
      4.184284,
      11.426314,
      15.449663999999999,
      1.1265379999999998,
      0.48280199999999995,
      4.345218,
      29.933724,
      4.82802,
      6.598293999999999,
      12.552852,
      5.63269,
      8.85137,
      4.184284,
      3.5405480000000003,
      3.21868,
      9.977908000000001,
      9.977908000000001,
      20.11675,
      10.46071,
      5.310822,
      2.2530759999999996,
      44.417784000000005,
      0.48280199999999995,
      3.5405480000000003,
      3.8624159999999996,
      18.50741,
      3.5405480000000003,
      6.43736,
      4.9889540000000006,
      1.1265379999999998,
      11.909116000000001,
      6.9201619999999995,
      18.024607999999997,
      26.393175999999997,
      3.057746,
      9.495106,
      10.299776000000001,
      4.667085999999999,
      3.5405480000000003,
      19.31208,
      4.02335,
      5.793624
    ],
    [
      30.57746,
      4.667085999999999,
      10.782578,
      4.184284,
      16.415267999999998,
      2.735878,
      13.196587999999998,
      11.104446000000001,
      14.001257999999998,
      10.138842,
      0.0,
      10.943512,
      8.207633999999999,
      13.67939,
      17.380872,
      28.646252,
      7.563898,
      13.518456,
      20.92142,
      8.690436,
      9.816974,
      10.621644,
      16.0934,
      36.853885999999996,
      14.162192000000001,
      10.621644,
      4.506151999999999,
      4.667085999999999,
      18.346476,
      13.518456,
      13.035654,
      12.713786,
      16.89807,
      14.162192000000001,
      29.611855999999996,
      17.380872,
      14.805927999999998,
      8.207633999999999,
      38.946028,
      10.299776000000001,
      13.035654,
      13.196587999999998,
      18.346476,
      13.035654,
      15.932466,
      15.28873,
      9.816974,
      19.151146,
      11.426314,
      21.082354,
      18.829278,
      9.495106,
      7.0810960000000005,
      0.482,
      16.415267999999998,
      10.782578,
      14.162192000000001,
      16.0934,
      10.46071
    ],
    [
      41.360037999999996,
      15.28873,
      21.565156,
      9.173238,
      27.036912,
      12.230984,
      23.979166,
      21.887024,
      24.783836,
      20.92142,
      10.943512,
      0.0,
      15.771532,
      22.852628,
      17.219938,
      38.62416,
      16.0934,
      22.691694,
      30.738394000000003,
      8.368568,
      18.990212,
      19.794882,
      22.852628,
      37.497622,
      23.33543,
      19.633948,
      7.563898,
      14.48406,
      27.519714,
      22.691694,
      22.208892000000002,
      22.369826,
      23.013562,
      23.174496,
      39.42883,
      22.047957999999998,
      23.979166,
      17.70274,
      43.45218,
      19.473014,
      22.208892000000002,
      22.53076,
      22.208892000000002,
      22.691694,
      24.94477,
      24.461968,
      18.990212,
      28.324384000000002,
      18.185542,
      25.105704,
      21.887024,
      18.50741,
      13.357522000000001,
      10.138842,
      23.33543,
      19.794882,
      18.185542,
      23.013562,
      19.633948
    ],
    [
      24.301033999999998,
      6.276426,
      9.977908000000001,
      12.391918,
      10.943512,
      5.9545580000000005,
      7.885766,
      5.793624,
      8.690436,
      4.82802,
      8.207633999999999,
      15.771532,
      0.0,
      7.724831999999999,
      10.943512,
      22.691694,
      2.092142,
      7.724831999999999,
      14.966862,
      10.782578,
      4.667085999999999,
      5.310822,
      7.885766,
      27.841582000000002,
      8.368568,
      9.816974,
      12.713786,
      6.276426,
      12.552852,
      7.724831999999999,
      7.0810960000000005,
      7.402963999999999,
      7.885766,
      13.196587999999998,
      23.657297999999997,
      7.24203,
      9.012303999999999,
      5.471756,
      47.636464000000004,
      4.506151999999999,
      7.0810960000000005,
      7.402963999999999,
      21.72609,
      7.724831999999999,
      9.977908000000001,
      8.529501999999999,
      4.667085999999999,
      15.449663999999999,
      3.21868,
      21.243288,
      27.036912,
      2.735878,
      5.9545580000000005,
      8.368568,
      8.368568,
      6.759228,
      22.53076,
      7.885766,
      9.012303999999999
    ],
    [
      16.254334,
      9.334171999999999,
      6.115492,
      14.162192000000001,
      3.7014819999999995,
      12.713786,
      0.80467,
      3.21868,
      0.9656039999999999,
      4.184284,
      13.67939,
      22.852628,
      7.724831999999999,
      0.0,
      16.576202000000002,
      18.668343999999998,
      9.816974,
      0.16093400000000002,
      10.782578,
      20.92142,
      3.7014819999999995,
      2.735878,
      0.32186800000000004,
      29.611855999999996,
      0.6437360000000001,
      5.63269,
      17.863674,
      10.943512,
      5.310822,
      0.157,
      0.6437360000000001,
      0.6437360000000001,
      9.65604,
      9.65604,
      19.633948,
      9.977908000000001,
      1.60934,
      5.310822,
      43.130312,
      3.5405480000000003,
      0.6437360000000001,
      0.9656039999999999,
      18.185542,
      0.32186800000000004,
      2.41401,
      0.80467,
      3.8624159999999996,
      6.276426,
      6.9201619999999995,
      17.70274,
      31.703998,
      4.9889540000000006,
      12.87472,
      15.771532,
      0.80467,
      3.8624159999999996,
      17.863674,
      0.16093400000000002,
      5.63269
    ],
    [
      30.416525999999998,
      15.610598,
      22.691694,
      21.565156,
      17.219938,
      15.449663999999999,
      16.415267999999998,
      14.805927999999998,
      15.932466,
      14.644993999999999,
      17.380872,
      17.219938,
      10.943512,
      16.576202000000002,
      0.0,
      29.933724,
      11.748182,
      14.644993999999999,
      22.047957999999998,
      9.977908000000001,
      15.127796,
      14.323126,
      14.805927999999998,
      20.92142,
      14.162192000000001,
      20.11675,
      21.72609,
      15.449663999999999,
      19.633948,
      14.644993999999999,
      14.162192000000001,
      14.323126,
      12.07005,
      25.588506,
      30.738394000000003,
      9.495106,
      15.932466,
      15.771532,
      63.729864,
      14.805927999999998,
      14.162192000000001,
      13.67939,
      32.669602,
      14.644993999999999,
      17.219938,
      15.449663999999999,
      15.127796,
      22.369826,
      8.207633999999999,
      32.1868,
      36.049215999999994,
      11.587248,
      12.230984,
      17.541806,
      14.644993999999999,
      17.059003999999998,
      31.864932,
      14.966862,
      19.31208
    ],
    [
      22.208892000000002,
      24.783836,
      25.427572,
      29.289987999999997,
      14.644993999999999,
      27.680647999999998,
      17.863674,
      19.31208,
      17.70274,
      19.151146,
      28.646252,
      38.62416,
      22.691694,
      18.668343999999998,
      29.933724,
      0.0,
      24.783836,
      18.185542,
      7.885766,
      33.957074,
      19.633948,
      18.668343999999998,
      18.024607999999997,
      20.277684,
      18.024607999999997,
      25.266638,
      31.060262,
      24.1401,
      18.50741,
      18.185542,
      18.346476,
      18.50741,
      21.565156,
      22.852628,
      2.092142,
      22.047957999999998,
      16.89807,
      20.760486,
      63.56893,
      19.31208,
      18.346476,
      17.380872,
      32.508668,
      18.185542,
      16.89807,
      20.277684,
      19.633948,
      19.794882,
      20.599552000000003,
      32.025866,
      45.383388,
      19.955816000000002,
      28.002515999999996,
      28.807185999999998,
      18.024607999999997,
      23.174496,
      39.911632000000004,
      18.50741,
      24.301033999999998
    ],
    [
      26.715044000000002,
      5.471756,
      9.173238,
      11.748182,
      12.552852,
      5.149888000000001,
      9.334171999999999,
      7.24203,
      10.138842,
      6.276426,
      7.563898,
      16.0934,
      2.092142,
      9.816974,
      11.748182,
      24.783836,
      0.0,
      9.816974,
      17.059003999999998,
      11.104446000000001,
      5.9545580000000005,
      6.759228,
      9.977908000000001,
      29.289987999999997,
      10.46071,
      9.173238,
      11.909116000000001,
      5.63269,
      14.644993999999999,
      9.816974,
      9.173238,
      9.495106,
      9.334171999999999,
      13.67939,
      25.74944,
      8.690436,
      11.104446000000001,
      4.82802,
      46.348992,
      6.598293999999999,
      9.173238,
      9.495106,
      22.691694,
      9.816974,
      12.07005,
      11.426314,
      5.9545580000000005,
      16.0934,
      4.667085999999999,
      22.208892000000002,
      26.232242,
      4.82802,
      4.02335,
      7.724831999999999,
      10.46071,
      6.9201619999999995,
      22.208892000000002,
      9.816974,
      8.207633999999999
    ],
    [
      16.0934,
      9.334171999999999,
      6.115492,
      14.162192000000001,
      3.5405480000000003,
      12.552852,
      0.80467,
      3.21868,
      0.80467,
      4.184284,
      13.518456,
      22.691694,
      7.724831999999999,
      0.16093400000000002,
      14.644993999999999,
      18.185542,
      9.816974,
      0.0,
      10.782578,
      21.243288,
      4.184284,
      3.21868,
      0.443,
      29.450922000000002,
      0.48280199999999995,
      5.9545580000000005,
      18.346476,
      11.426314,
      5.149888000000001,
      0.16093400000000002,
      0.48280199999999995,
      0.80467,
      9.65604,
      10.138842,
      19.473014,
      9.977908000000001,
      1.60934,
      5.63269,
      49.245804,
      3.8624159999999996,
      0.48280199999999995,
      0.9656039999999999,
      18.185542,
      0.48280199999999995,
      2.2530759999999996,
      0.80467,
      4.184284,
      6.276426,
      6.759228,
      17.70274,
      32.1868,
      5.471756,
      13.357522000000001,
      16.254334,
      0.6437360000000001,
      4.184284,
      18.346476,
      0.32186800000000004,
      6.115492
    ],
    [
      24.94477,
      16.89807,
      16.415267999999998,
      21.404222,
      6.759228,
      19.794882,
      9.977908000000001,
      11.426314,
      9.816974,
      11.426314,
      20.92142,
      30.738394000000003,
      14.966862,
      10.782578,
      22.047957999999998,
      7.885766,
      17.059003999999998,
      10.782578,
      0.0,
      26.071308,
      11.748182,
      10.782578,
      10.299776000000001,
      26.715044000000002,
      9.977908000000001,
      16.415267999999998,
      23.33543,
      16.254334,
      10.621644,
      10.299776000000001,
      10.621644,
      10.782578,
      13.840323999999999,
      19.633948,
      8.690436,
      14.162192000000001,
      9.012303999999999,
      13.035654,
      57.614371999999996,
      11.587248,
      10.138842,
      9.65604,
      26.55411,
      10.299776000000001,
      9.173238,
      12.391918,
      11.748182,
      16.415267999999998,
      12.713786,
      26.071308,
      37.658556,
      12.07005,
      20.277684,
      21.082354,
      10.299776000000001,
      15.449663999999999,
      34.118007999999996,
      10.621644,
      16.576202000000002
    ],
    [
      35.888282000000004,
      9.816974,
      15.932466,
      12.87472,
      21.565156,
      6.759228,
      18.50741,
      16.254334,
      19.31208,
      15.449663999999999,
      8.690436,
      8.368568,
      10.782578,
      20.92142,
      9.977908000000001,
      33.957074,
      11.104446000000001,
      21.243288,
      26.071308,
      0.0,
      15.127796,
      15.771532,
      18.990212,
      30.255592,
      19.473014,
      15.771532,
      13.035654,
      9.816974,
      23.657297999999997,
      18.829278,
      18.185542,
      18.024607999999997,
      17.541806,
      19.473014,
      34.922678,
      16.254334,
      20.11675,
      13.357522000000001,
      47.47553,
      15.610598,
      18.185542,
      18.50741,
      25.74944,
      18.346476,
      21.082354,
      20.599552000000003,
      15.127796,
      24.461968,
      14.162192000000001,
      25.266638,
      27.197846,
      14.001257999999998,
      7.885766,
      8.85137,
      21.72609,
      15.932466,
      23.013562,
      18.829278,
      15.771532
    ],
    [
      20.438617999999998,
      5.471756,
      5.63269,
      10.46071,
      7.24203,
      8.85137,
      3.379614,
      0.80467,
      4.82802,
      1.1265379999999998,
      9.816974,
      18.990212,
      4.667085999999999,
      3.7014819999999995,
      15.127796,
      19.633948,
      5.9545580000000005,
      4.184284,
      11.748182,
      15.127796,
      0.0,
      1.1265379999999998,
      4.184284,
      30.416525999999998,
      4.667085999999999,
      5.63269,
      12.230984,
      5.310822,
      9.012303999999999,
      3.5405480000000003,
      3.379614,
      3.057746,
      10.46071,
      9.173238,
      20.599552000000003,
      10.943512,
      5.310822,
      1.9312079999999998,
      44.095915999999995,
      0.9656039999999999,
      3.379614,
      3.7014819999999995,
      17.70274,
      3.379614,
      6.9201619999999995,
      4.345218,
      0.167,
      11.104446000000001,
      7.402963999999999,
      17.219938,
      26.071308,
      3.5405480000000003,
      9.334171999999999,
      9.977908000000001,
      4.506151999999999,
      2.735878,
      18.50741,
      3.8624159999999996,
      4.667085999999999
    ],
    [
      19.473014,
      6.276426,
      6.276426,
      11.26538,
      5.793624,
      9.495106,
      2.41401,
      0.16093400000000002,
      3.21868,
      0.48280199999999995,
      10.621644,
      19.794882,
      5.310822,
      2.735878,
      14.323126,
      18.668343999999998,
      6.759228,
      3.21868,
      10.782578,
      15.771532,
      1.1265379999999998,
      0.0,
      3.057746,
      29.450922000000002,
      3.7014819999999995,
      6.43736,
      13.035654,
      6.115492,
      8.0467,
      2.735878,
      2.41401,
      2.092142,
      9.495106,
      10.46071,
      19.633948,
      9.977908000000001,
      4.345218,
      2.735878,
      43.934982,
      0.48280199999999995,
      2.41401,
      2.735878,
      17.219938,
      2.41401,
      5.471756,
      3.8624159999999996,
      1.1265379999999998,
      9.334171999999999,
      6.43736,
      16.737136,
      26.875978,
      2.5749440000000003,
      9.977908000000001,
      10.782578,
      3.5405480000000003,
      3.379614,
      18.668343999999998,
      2.896812,
      5.63269
    ],
    [
      16.0934,
      9.495106,
      6.115492,
      14.323126,
      3.5405480000000003,
      12.713786,
      0.80467,
      3.379614,
      0.80467,
      4.345218,
      16.0934,
      22.852628,
      7.885766,
      0.32186800000000004,
      14.805927999999998,
      18.024607999999997,
      9.977908000000001,
      0.443,
      10.299776000000001,
      18.990212,
      4.184284,
      3.057746,
      0.0,
      29.450922000000002,
      0.32186800000000004,
      5.9545580000000005,
      18.346476,
      11.426314,
      4.82802,
      0.32186800000000004,
      0.6437360000000001,
      0.9656039999999999,
      9.495106,
      10.138842,
      19.473014,
      9.977908000000001,
      1.448406,
      5.63269,
      49.245804,
      3.8624159999999996,
      0.6437360000000001,
      0.80467,
      18.185542,
      0.48280199999999995,
      2.092142,
      0.80467,
      4.184284,
      6.276426,
      6.759228,
      17.70274,
      32.025866,
      5.310822,
      13.357522000000001,
      16.0934,
      0.32186800000000004,
      4.184284,
      18.185542,
      0.48280199999999995,
      6.115492
    ],
    [
      43.45218,
      32.99147,
      35.566414,
      39.106962,
      26.393175999999997,
      32.99147,
      29.450922000000002,
      30.094658,
      28.96812,
      29.933724,
      36.853885999999996,
      37.497622,
      27.841582000000002,
      29.611855999999996,
      20.92142,
      20.277684,
      29.289987999999997,
      29.450922000000002,
      26.715044000000002,
      30.255592,
      30.416525999999998,
      29.450922000000002,
      29.450922000000002,
      0.0,
      29.129054000000004,
      35.566414,
      39.267896,
      32.99147,
      32.347734,
      29.450922000000002,
      29.129054000000004,
      29.289987999999997,
      23.496364,
      38.302292,
      19.151146,
      24.1401,
      28.646252,
      31.543064,
      76.282716,
      30.094658,
      29.129054000000004,
      29.289987999999997,
      45.222454,
      29.450922000000002,
      29.77279,
      31.543064,
      30.416525999999998,
      35.083612,
      25.105704,
      44.739652,
      53.591021999999995,
      28.16345,
      30.255592,
      37.01482,
      29.289987999999997,
      32.99147,
      52.786351999999994,
      29.77279,
      35.727348
    ],
    [
      15.771532,
      9.977908000000001,
      7.402963999999999,
      14.805927999999998,
      3.21868,
      13.196587999999998,
      0.6437360000000001,
      4.02335,
      0.48280199999999995,
      4.82802,
      14.162192000000001,
      23.33543,
      8.368568,
      0.6437360000000001,
      14.162192000000001,
      18.024607999999997,
      10.46071,
      0.48280199999999995,
      9.977908000000001,
      19.473014,
      4.667085999999999,
      3.7014819999999995,
      0.32186800000000004,
      29.129054000000004,
      0.0,
      6.276426,
      16.0934,
      9.65604,
      4.667085999999999,
      0.48280199999999995,
      0.6437360000000001,
      0.9656039999999999,
      9.173238,
      10.782578,
      18.990212,
      9.495106,
      1.1265379999999998,
      6.43736,
      48.763002,
      4.9889540000000006,
      0.6437360000000001,
      0.6437360000000001,
      17.70274,
      0.6437360000000001,
      1.9312079999999998,
      1.7702740000000001,
      5.149888000000001,
      7.563898,
      6.276426,
      17.219938,
      30.416525999999998,
      5.793624,
      15.610598,
      16.415267999999998,
      0.6437360000000001,
      4.506151999999999,
      18.668343999999998,
      0.80467,
      6.43736
    ],
    [
      19.151146,
      6.115492,
      0.48280199999999995,
      11.104446000000001,
      8.690436,
      9.495106,
      6.115492,
      6.759228,
      6.276426,
      6.598293999999999,
      10.621644,
      19.633948,
      9.816974,
      5.63269,
      20.11675,
      25.266638,
      9.173238,
      5.9545580000000005,
      16.415267999999998,
      15.771532,
      5.63269,
      6.43736,
      5.9545580000000005,
      35.566414,
      6.276426,
      0.0,
      12.87472,
      5.9545580000000005,
      10.943512,
      5.63269,
      5.9545580000000005,
      5.310822,
      15.610598,
      6.276426,
      26.875978,
      15.932466,
      7.563898,
      4.345218,
      37.658556,
      6.9201619999999995,
      5.9545580000000005,
      6.276426,
      13.518456,
      5.471756,
      7.885766,
      5.310822,
      5.63269,
      10.299776000000001,
      12.230984,
      13.035654,
      26.715044000000002,
      8.529501999999999,
      9.977908000000001,
      10.782578,
      6.276426,
      3.21868,
      13.357522000000001,
      5.9545580000000005,
      0.32186800000000004
    ],
    [
      32.99147,
      6.9201619999999995,
      13.035654,
      1.60934,
      18.829278,
      7.0810960000000005,
      15.610598,
      13.518456,
      16.415267999999998,
      12.552852,
      4.506151999999999,
      7.563898,
      12.713786,
      17.863674,
      21.72609,
      31.060262,
      11.909116000000001,
      18.346476,
      23.33543,
      13.035654,
      12.230984,
      13.035654,
      18.346476,
      39.267896,
      16.0934,
      12.87472,
      0.0,
      7.0810960000000005,
      20.11675,
      15.28873,
      14.644993999999999,
      14.48406,
      19.31208,
      16.415267999999998,
      31.38213,
      19.794882,
      16.576202000000002,
      9.816974,
      36.049215999999994,
      12.07005,
      14.644993999999999,
      14.966862,
      14.805927999999998,
      14.644993999999999,
      20.277684,
      17.541806,
      11.587248,
      21.404222,
      15.771532,
      17.541806,
      14.48406,
      12.07005,
      10.299776000000001,
      4.667085999999999,
      15.932466,
      12.391918,
      10.621644,
      15.127796,
      12.230984
    ],
    [
      24.94477,
      0.32186800000000004,
      6.115492,
      6.115492,
      11.748182,
      3.5405480000000003,
      9.334171999999999,
      6.43736,
      9.334171999999999,
      5.63269,
      4.667085999999999,
      14.48406,
      6.276426,
      10.943512,
      15.449663999999999,
      24.1401,
      5.63269,
      11.426314,
      16.254334,
      9.816974,
      5.310822,
      6.115492,
      11.426314,
      32.99147,
      9.65604,
      5.9545580000000005,
      7.0810960000000005,
      0.0,
      13.840323999999999,
      9.012303999999999,
      8.368568,
      8.207633999999999,
      13.035654,
      9.334171999999999,
      24.94477,
      13.518456,
      10.299776000000001,
      3.5405480000000003,
      41.360037999999996,
      5.793624,
      8.368568,
      8.690436,
      16.576202000000002,
      8.368568,
      13.196587999999998,
      10.621644,
      5.310822,
      14.644993999999999,
      9.495106,
      16.0934,
      21.404222,
      5.63269,
      4.02335,
      4.82802,
      11.748182,
      6.115492,
      16.415267999999998,
      11.426314,
      5.793624
    ],
    [
      19.151146,
      14.001257999999998,
      10.46071,
      18.990212,
      4.02335,
      17.380872,
      5.149888000000001,
      8.368568,
      4.667085999999999,
      8.85137,
      18.346476,
      27.519714,
      12.552852,
      5.310822,
      19.633948,
      18.50741,
      14.644993999999999,
      5.149888000000001,
      10.621644,
      23.657297999999997,
      9.012303999999999,
      8.0467,
      4.82802,
      32.347734,
      4.667085999999999,
      10.943512,
      20.11675,
      13.840323999999999,
      0.0,
      4.667085999999999,
      5.9545580000000005,
      5.310822,
      12.07005,
      13.518456,
      18.990212,
      12.391918,
      3.379614,
      10.138842,
      51.49888,
      8.690436,
      5.9545580000000005,
      4.506151999999999,
      20.438617999999998,
      4.667085999999999,
      3.057746,
      5.63269,
      9.012303999999999,
      10.138842,
      12.230984,
      19.955816000000002,
      35.888282000000004,
      10.299776000000001,
      18.50741,
      19.31208,
      4.184284,
      8.207633999999999,
      22.208892000000002,
      4.9889540000000006,
      9.977908000000001
    ],
    [
      16.254334,
      9.334171999999999,
      6.276426,
      14.162192000000001,
      3.5405480000000003,
      12.552852,
      0.80467,
      3.057746,
      0.80467,
      4.184284,
      13.518456,
      22.691694,
      7.724831999999999,
      0.157,
      14.644993999999999,
      18.185542,
      9.816974,
      0.16093400000000002,
      10.299776000000001,
      18.829278,
      3.5405480000000003,
      2.735878,
      0.32186800000000004,
      29.450922000000002,
      0.48280199999999995,
      5.63269,
      15.28873,
      9.012303999999999,
      4.667085999999999,
      0.0,
      0.6437360000000001,
      0.6437360000000001,
      9.65604,
      9.65604,
      19.473014,
      9.977908000000001,
      1.60934,
      5.149888000000001,
      42.969378,
      3.379614,
      0.6437360000000001,
      0.9656039999999999,
      18.185542,
      0.16093400000000002,
      2.5749440000000003,
      0.80467,
      3.7014819999999995,
      6.276426,
      6.759228,
      17.70274,
      29.450922000000002,
      4.9889540000000006,
      12.87472,
      15.771532,
      0.80467,
      3.8624159999999996,
      17.863674,
      0.16093400000000002,
      5.63269
    ],
    [
      17.380872,
      8.690436,
      6.115492,
      13.518456,
      4.184284,
      12.07005,
      0.32186800000000004,
      2.735878,
      0.48280199999999995,
      3.5405480000000003,
      13.035654,
      22.208892000000002,
      7.0810960000000005,
      0.6437360000000001,
      14.162192000000001,
      18.346476,
      9.173238,
      0.48280199999999995,
      10.621644,
      18.185542,
      3.379614,
      2.41401,
      0.6437360000000001,
      29.129054000000004,
      0.6437360000000001,
      5.9545580000000005,
      14.644993999999999,
      8.368568,
      5.9545580000000005,
      0.6437360000000001,
      0.0,
      0.48280199999999995,
      9.495106,
      9.816974,
      19.31208,
      9.816974,
      1.448406,
      4.9889540000000006,
      49.08487,
      3.21868,
      NaN,
      0.48280199999999995,
      18.024607999999997,
      0.6437360000000001,
      2.5749440000000003,
      1.448406,
      3.5405480000000003,
      7.885766,
      6.598293999999999,
      17.541806,
      31.864932,
      4.82802,
      12.391918,
      13.196587999999998,
      1.1265379999999998,
      4.02335,
      18.024607999999997,
      0.80467,
      5.9545580000000005
    ],
    [
      16.737136,
      8.368568,
      5.310822,
      13.357522000000001,
      4.506151999999999,
      12.230984,
      0.6437360000000001,
      2.41401,
      0.80467,
      3.21868,
      12.713786,
      22.369826,
      7.402963999999999,
      0.6437360000000001,
      14.323126,
      18.50741,
      9.495106,
      0.80467,
      10.782578,
      18.024607999999997,
      3.057746,
      2.092142,
      0.9656039999999999,
      29.289987999999997,
      0.9656039999999999,
      5.310822,
      14.48406,
      8.207633999999999,
      5.310822,
      0.6437360000000001,
      0.48280199999999995,
      0.0,
      9.65604,
      9.495106,
      19.473014,
      10.138842,
      1.7702740000000001,
      4.667085999999999,
      42.969378,
      2.896812,
      0.48280199999999995,
      0.80467,
      18.346476,
      0.32186800000000004,
      2.896812,
      1.2874720000000002,
      3.21868,
      8.0467,
      6.43736,
      17.863674,
      29.450922000000002,
      4.506151999999999,
      12.552852,
      13.357522000000001,
      1.448406,
      3.7014819999999995,
      17.70274,
      0.6437360000000001,
      5.471756
    ],
    [
      23.496364,
      13.035654,
      15.610598,
      19.151146,
      10.299776000000001,
      13.67939,
      9.495106,
      10.138842,
      9.012303999999999,
      9.977908000000001,
      16.89807,
      23.013562,
      7.885766,
      9.65604,
      12.07005,
      21.565156,
      9.334171999999999,
      9.65604,
      13.840323999999999,
      17.541806,
      10.46071,
      9.495106,
      9.495106,
      23.496364,
      9.173238,
      15.610598,
      19.31208,
      13.035654,
      12.07005,
      9.65604,
      9.495106,
      9.65604,
      0.0,
      18.024607999999997,
      21.887024,
      4.02335,
      8.368568,
      11.26538,
      56.00503199999999,
      9.816974,
      8.85137,
      9.012303999999999,
      24.94477,
      9.173238,
      9.495106,
      11.426314,
      10.138842,
      14.805927999999998,
      4.82802,
      24.461968,
      33.474272,
      7.885766,
      12.87472,
      16.737136,
      9.173238,
      12.713786,
      32.508668,
      9.65604,
      15.449663999999999
    ],
    [
      16.0934,
      9.65604,
      6.43736,
      14.644993999999999,
      12.391918,
      13.518456,
      10.138842,
      10.782578,
      10.621644,
      9.977908000000001,
      14.162192000000001,
      23.174496,
      13.196587999999998,
      9.65604,
      25.588506,
      22.852628,
      13.67939,
      10.138842,
      19.633948,
      19.473014,
      9.173238,
      10.46071,
      10.138842,
      38.302292,
      10.782578,
      6.276426,
      16.415267999999998,
      9.334171999999999,
      13.518456,
      9.65604,
      9.816974,
      9.495106,
      18.024607999999997,
      0.0,
      24.301033999999998,
      17.863674,
      9.495106,
      9.334171999999999,
      40.716302,
      10.138842,
      11.426314,
      9.977908000000001,
      9.65604,
      10.138842,
      9.816974,
      7.724831999999999,
      8.85137,
      5.310822,
      17.70274,
      9.173238,
      30.094658,
      15.771532,
      13.357522000000001,
      14.323126,
      10.299776000000001,
      7.24203,
      14.323126,
      10.46071,
      6.43736
    ],
    [
      23.657297999999997,
      25.74944,
      25.266638,
      30.094658,
      15.449663999999999,
      28.485318,
      18.668343999999998,
      20.277684,
      18.50741,
      20.11675,
      29.611855999999996,
      39.42883,
      23.657297999999997,
      19.633948,
      30.738394000000003,
      2.092142,
      25.74944,
      19.473014,
      8.690436,
      34.922678,
      20.599552000000003,
      19.633948,
      19.473014,
      19.151146,
      18.990212,
      26.875978,
      31.38213,
      24.94477,
      18.990212,
      19.473014,
      19.31208,
      19.473014,
      21.887024,
      24.301033999999998,
      0.0,
      22.852628,
      17.863674,
      21.72609,
      65.017336,
      20.277684,
