{
  "drive_dist_matrix": [
    [
      0.0,
      0.8,
      75.8,
      39.7,
      94.1,
      95.2,
      35.9,
      43.6,
      38.8,
      41.7,
      53.4,
      1.1,
      36.0,
      64.3,
      4.0,
      48.0,
      19.4,
      66.9,
      39.4,
      36.5
    ],
    [
      0.8,
      0.0,
      43.5,
      8.7,
      62.8,
      63.8,
      7.5,
      15.6,
      8.6,
      12.4,
      24.7,
      0.45,
      7.6,
      27.1,
      5.1,
      18.7,
      20.4,
      34.6,
      8.4,
      5.8
    ],
    [
      75.8,
      43.5,
      0.0,
      43.4,
      31.2,
      32.3,
      36.8,
      39.5,
      39.1,
      32.4,
      27.7,
      43.0,
      36.8,
      19.5,
      42.9,
      32.2,
      59.3,
      10.4,
      43.1,
      41.3
    ],
    [
      39.7,
      8.7,
      43.4,
      0.0,
      59.7,
      60.7,
      6.4,
      10.1,
      3.2,
      9.0,
      23.2,
      5.4,
      6.5,
      24.9,
      1.9,
      14.6,
      22.3,
      32.4,
      0.12,
      1.9
    ],
    [
      94.1,
      62.8,
      31.2,
      59.7,
      0.0,
      1.1,
      55.8,
      58.5,
      58.1,
      51.4,
      46.5,
      62.0,
      55.8,
      39.5,
      61.8,
      51.2,
      78.3,
      36.6,
      62.1,
      60.3
    ],
    [
      95.2,
      63.8,
      32.3,
      60.7,
      1.1,
      0.0,
      56.8,
      59.6,
      59.1,
      52.4,
      47.5,
      63.1,
      56.9,
      40.5,
      62.9,
      52.2,
      79.4,
      37.6,
      63.1,
      61.3
    ],
    [
      35.9,
      7.5,
      36.8,
      6.4,
      55.8,
      56.8,
      0.0,
      9.5,
      4.4,
      6.8,
      19.1,
      6.4,
      0.052,
      21.9,
      5.4,
      13.2,
      19.8,
      29.5,
      6.9,
      4.3
    ],
    [
      43.6,
      15.6,
      39.5,
      10.1,
      58.5,
      59.6,
      9.5,
      0.0,
      12.3,
      8.4,
      14.0,
      18.7,
      12.8,
      14.8,
      16.1,
      4.4,
      32.3,
      22.3,
      16.3,
      14.5
    ],
    [
      38.8,
      8.6,
      39.1,
      3.2,
      58.1,
      59.1,
      4.4,
      12.3,
      0.0,
      5.8,
      20.9,
      9.6,
      5.6,
      21.8,
      6.2,
      11.4,
      24.3,
      29.3,
      6.4,
      4.6
    ],
    [
      41.7,
      12.4,
      32.4,
      9.0,
      51.4,
      52.4,
      6.8,
      8.4,
      5.8,
      0.0,
      16.3,
      11.1,
      5.0,
      16.8,
      9.7,
      8.7,
      24.8,
      24.3,
      9.9,
      8.1
    ],
    [
      53.4,
      24.7,
      27.7,
      23.2,
      46.5,
      47.5,
      19.1,
      14.0,
      20.9,
      16.3,
      0.0,
      24.6,
      18.4,
      8.7,
      23.6,
      18.0,
      38.1,
      18.7,
      25.1,
      22.5
    ],
    [
      1.1,
      0.45,
      43.0,
      5.4,
      62.0,
      63.1,
      6.4,
      18.7,
      9.6,
      11.1,
      24.6,
      0.0,
      7.9,
      28.4,
      5.1,
      19.2,
      20.7,
      37.9,
      8.4,
      5.8
    ],
    [
      36.0,
      7.6,
      36.8,
      6.5,
      55.8,
      56.9,
      0.052,
      12.8,
      5.6,
      5.0,
      18.4,
      7.9,
      0.0,
      22.0,
      5.5,
      13.2,
      19.8,
      29.5,
      6.9,
      4.3
    ],
    [
      64.3,
      27.1,
      19.5,
      24.9,
      39.5,
      40.5,
      21.9,
      14.8,
      21.8,
      16.8,
      8.7,
      28.4,
      22.0,
      0.0,
      26.8,
      16.1,
      49.1,
      11.0,
      27.0,
      25.2
    ],
    [
      4.0,
      5.1,
      42.9,
      1.9,
      61.8,
      62.9,
      5.4,
      16.1,
      6.2,
      9.7,
      23.6,
      5.1,
      5.5,
      26.8,
      0.0,
      17.8,
      20.5,
      35.7,
      6.2,
      3.6
    ],
    [
      48.0,
      18.7,
      32.2,
      14.6,
      51.2,
      52.2,
      13.2,
      4.4,
      11.4,
      8.7,
      18.0,
      19.2,
      13.2,
      16.1,
      17.8,
      0.0,
      32.2,
      22.8,
      17.2,
      15.4
    ],
    [
      19.4,
      20.4,
      59.3,
      22.3,
      78.3,
      79.4,
      19.8,
      32.3,
      24.3,
      24.8,
      38.1,
      20.7,
      19.8,
      49.1,
      20.5,
      32.2,
      0.0,
      50.9,
      23.3,
      20.5
    ],
    [
      66.9,
      34.6,
      10.4,
      32.4,
      36.6,
      37.6,
      29.5,
      22.3,
      29.3,
      24.3,
      18.7,
      37.9,
      29.5,
      11.0,
      35.7,
      22.8,
      50.9,
      0.0,
      34.0,
      32.3
    ],
    [
      39.4,
      8.4,
      43.1,
      0.12,
      62.1,
      63.1,
      6.9,
      16.3,
      6.4,
      9.9,
      25.1,
      8.4,
      6.9,
      27.0,
      6.2,
      17.2,
      23.3,
      34.0,
      0.0,
      1.8
    ],
    [
      36.5,
      5.8,
      41.3,
      1.9,
      60.3,
      61.3,
      4.3,
      14.5,
      4.6,
      8.1,
      22.5,
      5.8,
      4.3,
      25.2,
      3.6,
      15.4,
      20.5,
      32.3,
      1.8,
      0.0
    ]
  ],
  "drive_time_matrix": [
    [
      0.0,
      11.0,
      190.0,
      63.0,
      205.0,
      227.0,
      130.0,
      144.0,
      137.0,
      141.0,
      150.0,
      15.0,
      130.0,
      163.0,
      51.0,
      89.0,
      66.0,
      147.0,
      139.0,
      40.0
    ],
    [
      11.0,
      0.0,
      68.0,
      16.0,
      98.0,
      103.0,
      14.0,
      23.0,
      14.0,
      20.0,
      33.0,
      6.0,
      14.0,
      40.0,
      9.0,
      31.0,
      70.0,
      51.0,
      15.0,
      11.0
    ],
    [
      190.0,
      68.0,
      0.0,
      70.0,
      71.0,
      76.0,
      59.0,
      59.0,
      60.0,
      53.0,
      53.0,
      67.0,
      59.0,
      38.0,
      66.0,
      54.0,
      130.0,
      36.0,
      68.0,
      64.0
    ],
    [
      63.0,
      16.0,
      70.0,
      0.0,
      93.0,
      97.0,
      13.0,
      15.0,
      6.0,
      15.0,
      35.0,
      10.0,
      14.0,
      35.0,
      5.0,
      24.0,
      75.0,
      46.0,
      1.0,
      26.0
    ],
    [
      205.0,
      98.0,
      71.0,
      93.0,
      0.0,
      14.0,
      87.0,
      87.0,
      87.0,
      80.0,
      83.0,
      96.0,
      87.0,
      68.0,
      94.0,
      82.0,
      158.0,
      69.0,
      96.0,
      92.0
    ],
    [
      227.0,
      103.0,
      76.0,
      97.0,
      14.0,
      0.0,
      92.0,
      92.0,
      92.0,
      85.0,
      88.0,
      101.0,
      92.0,
      73.0,
      99.0,
      87.0,
      163.0,
      74.0,
      101.0,
      97.0
    ],
    [
      130.0,
      14.0,
      59.0,
      13.0,
      87.0,
      92.0,
      0.0,
      16.0,
      9.0,
      12.0,
      25.0,
      10.0,
      1.0,
      32.0,
      13.0,
      23.0,
      71.0,
      43.0,
      15.0,
      10.0
    ],
    [
      144.0,
      23.0,
      59.0,
      15.0,
      87.0,
      92.0,
      16.0,
      0.0,
      17.0,
      14.0,
      24.0,
      28.0,
      20.0,
      21.0,
      24.0,
      233.0,
      90.0,
      31.0,
      26.0,
      22.0
    ],
    [
      137.0,
      14.0,
      60.0,
      6.0,
      87.0,
      92.0,
      9.0,
      17.0,
      0.0,
      9.0,
      29.0,
      15.0,
      11.0,
      29.0,
      10.0,
      17.0,
      79.0,
      39.0,
      12.0,
      8.0
    ],
    [
      141.0,
      20.0,
      53.0,
      15.0,
      80.0,
      85.0,
      12.0,
      14.0,
      9.0,
      0.0,
      23.0,
      17.0,
      9.0,
      27.0,
      14.0,
      17.0,
      79.0,
      38.0,
      16.0,
      13.0
    ],
    [
      150.0,
      33.0,
      53.0,
      35.0,
      83.0,
      88.0,
      25.0,
      24.0,
      29.0,
      23.0,
      0.0,
      32.0,
      24.0,
      16.0,
      35.0,
      27.0,
      89.0,
      35.0,
      37.0,
      32.0
    ],
    [
      15.0,
      6.0,
      67.0,
      10.0,
      96.0,
      101.0,
      10.0,
      28.0,
      15.0,
      17.0,
      32.0,
      0.0,
      14.0,
      42.0,
      9.0,
      32.0,
      71.0,
      53.0,
      14.0,
      10.0
    ],
    [
      130.0,
      14.0,
      59.0,
      14.0,
      87.0,
      92.0,
      1.0,
      20.0,
      11.0,
      9.0,
      24.0,
      14.0,
      0.0,
      33.0,
      13.0,
      23.0,
      71.0,
      43.0,
      15.0,
      10.0
    ],
    [
      163.0,
      40.0,
      38.0,
      35.0,
      68.0,
      73.0,
      32.0,
      21.0,
      29.0,
      27.0,
      16.0,
      42.0,
      33.0,
      0.0,
      37.0,
      25.0,
      100.0,
      21.0,
      39.0,
      36.0
    ],
    [
      51.0,
      9.0,
      66.0,
      5.0,
      94.0,
      99.0,
      13.0,
      24.0,
      10.0,
      14.0,
      35.0,
      9.0,
      13.0,
      37.0,
      0.0,
      28.0,
      71.0,
      48.0,
      11.0,
      6.0
    ],
    [
      89.0,
      31.0,
      54.0,
      24.0,
      82.0,
      87.0,
      23.0,
      233.0,
      17.0,
      17.0,
      27.0,
      32.0,
      23.0,
      25.0,
      28.0,
      0.0,
      93.0,
      36.0,
      30.0,
      27.0
    ],
    [
      66.0,
      70.0,
      130.0,
      75.0,
      158.0,
      163.0,
      71.0,
      90.0,
      79.0,
      79.0,
      89.0,
      71.0,
      71.0,
      100.0,
      71.0,
      93.0,
      0.0,
      113.0,
      81.0,
      76.0
    ],
    [
      147.0,
      51.0,
      36.0,
      46.0,
      69.0,
      74.0,
      43.0,
      31.0,
      39.0,
      38.0,
      35.0,
      53.0,
      43.0,
      21.0,
      48.0,
      36.0,
      113.0,
      0.0,
      50.0,
      47.0
    ],
    [
      139.0,
      15.0,
      68.0,
      1.0,
      96.0,
      101.0,
      15.0,
      26.0,
      12.0,
      16.0,
      37.0,
      14.0,
      15.0,
      39.0,
      11.0,
      30.0,
      81.0,
      50.0,
      0.0,
      24.0
    ],
    [
      40.0,
      11.0,
      64.0,
      26.0,
      92.0,
      97.0,
      10.0,
      22.0,
      8.0,
      13.0,
      32.0,
      10.0,
      10.0,
      36.0,
      6.0,
      27.0,
      76.0,
      47.0,
      24.0,
      0.0
    ]
  ],
  "transit_dist_walk_matrix": [
    [
      0.0,
      NaN,
      1.74993,
      2.99988,
      2.08325,
      2.24991,
      1.2499500000000001,
      NaN,
      1.91659,
      0.9166300000000001,
      1.33328,
      NaN,
      1.2499500000000001,
      1.2499500000000001,
      NaN,
      1.49994,
      NaN,
      2.91655,
      2.91655,
      1.74993
    ],
    [
      NaN,
      0.0,
      1.08329,
      0.9166300000000001,
      1.33328,
      1.49994,
      0.74997,
      NaN,
      1.41661,
      0.41665,
      0.9166300000000001,
      NaN,
      0.74997,
      0.8333,
      NaN,
      0.99996,
      NaN,
      2.4999000000000002,
      0.74997,
      1.58327
    ],
    [
      1.74993,
      1.08329,
      0.0,
      1.41661,
      1.99992,
      3.0832100000000002,
      1.33328,
      NaN,
      1.6666,
      0.9166300000000001,
      1.2499500000000001,
      1.49994,
      1.33328,
      1.2499500000000001,
      1.58327,
      1.33328,
      NaN,
      2.58323,
      1.33328,
      1.41661
    ],
    [
      2.99988,
      0.9166300000000001,
      1.41661,
      0.0,
      2.66656,
      2.83322,
      2.83322,
      NaN,
      2.41657,
      1.8332600000000001,
      2.08325,
      1.91659,
      2.83322,
      2.08325,
      NaN,
      2.33324,
      NaN,
      3.91651,
      NaN,
      NaN
    ],
    [
      2.08325,
      1.33328,
      1.99992,
      2.66656,
      0.0,
      NaN,
      1.41661,
      NaN,
      1.99992,
      1.33328,
      1.58327,
      1.91659,
      1.41661,
      1.74993,
      1.58327,
      1.41661,
      NaN,
      3.16654,
      1.6666,
      1.41661
    ],
    [
      2.24991,
      1.49994,
      3.0832100000000002,
      2.83322,
      NaN,
      0.0,
      2.41657,
      NaN,
      2.99988,
      2.33324,
      2.58323,
      2.91655,
      2.41657,
      2.74989,
      2.58323,
      2.41657,
      NaN,
      4.1665,
      2.66656,
      2.41657
    ],
    [
      1.2499500000000001,
      0.74997,
      1.33328,
      2.83322,
      1.41661,
      2.41657,
      0.0,
      NaN,
      NaN,
      1.6666,
      1.91659,
      0.49998,
      NaN,
      0.8333,
      2.74989,
      1.58327,
      NaN,
      2.99988,
      1.74993,
      0.33332
    ],
    [
      NaN,
      NaN,
      NaN,
      NaN,
      NaN,
      NaN,
      NaN,
      0.0,
      NaN,
      NaN,
      NaN,
      NaN,
      NaN,
      NaN,
      NaN,
      NaN,
      NaN,
      NaN,
      NaN,
      NaN
    ],
    [
      1.91659,
      1.41661,
      1.6666,
      2.41657,
      1.99992,
      2.99988,
      NaN,
      NaN,
      0.0,
      0.99996,
      1.2499500000000001,
      1.41661,
      NaN,
      1.2499500000000001,
      2.41657,
      1.41661,
      NaN,
      3.0832100000000002,
      2.4999000000000002,
      NaN
    ],
    [
      0.9166300000000001,
      0.41665,
      0.9166300000000001,
      1.8332600000000001,
      1.33328,
      2.33324,
      1.6666,
      NaN,
      0.99996,
      0.0,
      0.74997,
      3.58319,
      0.99996,
      0.66664,
      1.41661,
      2.08325,
      NaN,
      2.58323,
      1.74993,
      0.58331
    ],
    [
      1.33328,
      0.9166300000000001,
      1.2499500000000001,
      2.08325,
      1.58327,
      2.58323,
      1.91659,
      NaN,
      1.2499500000000001,
      0.74997,
      0.0,
      1.16662,
      0.8333,
      0.41665,
      1.08329,
      0.8333,
      NaN,
      3.41653,
      1.74993,
      0.58331
    ],
    [
      NaN,
      NaN,
      1.49994,
      1.91659,
      1.91659,
      2.91655,
      0.49998,
      NaN,
      1.41661,
      3.58319,
      1.16662,
      0.0,
      0.8333,
      0.9166300000000001,
      NaN,
      1.08329,
      NaN,
      2.58323,
      0.8333,
      1.74993
    ],
    [
      1.2499500000000001,
      0.74997,
      1.33328,
      2.83322,
      1.41661,
      2.41657,
      NaN,
      NaN,
      NaN,
      0.99996,
      0.8333,
      0.8333,
      0.0,
      0.9166300000000001,
      2.74989,
      1.6666,
      NaN,
      3.0832100000000002,
      1.8332600000000001,
      0.41665
    ],
    [
      1.2499500000000001,
      0.8333,
      1.2499500000000001,
      2.08325,
      1.74993,
      2.74989,
      0.8333,
      NaN,
      1.2499500000000001,
      0.66664,
      0.41665,
      0.9166300000000001,
      0.9166300000000001,
      0.0,
      1.16662,
      1.33328,
      NaN,
      2.24991,
      2.16658,
      0.99996
    ],
    [
      NaN,
      NaN,
      1.58327,
      NaN,
      1.58327,
      2.58323,
      2.74989,
      NaN,
      2.41657,
      1.41661,
      1.08329,
      NaN,
      2.74989,
      1.16662,
      0.0,
      2.08325,
      NaN,
      3.49986,
      NaN,
      NaN
    ],
    [
      1.49994,
      0.99996,
      1.33328,
      2.33324,
      1.41661,
      2.41657,
      1.58327,
      NaN,
      1.41661,
      2.08325,
      0.8333,
      1.08329,
      1.6666,
      1.33328,
      2.08325,
      0.0,
      NaN,
      4.24983,
      3.6665200000000002,
      1.91659
    ],
    [
      NaN,
      NaN,
      NaN,
      NaN,
      NaN,
      NaN,
      NaN,
      NaN,
      NaN,
      NaN,
      NaN,
      NaN,
      NaN,
      NaN,
      NaN,
      NaN,
      0.0,
      NaN,
      NaN,
      NaN
    ],
    [
      2.91655,
      2.4999000000000002,
      2.58323,
      3.91651,
      3.16654,
      4.1665,
      2.99988,
      NaN,
      3.0832100000000002,
      2.58323,
      3.41653,
      2.58323,
      3.0832100000000002,
      2.24991,
      3.49986,
      4.24983,
      NaN,
      0.0,
      3.3332,
      1.99992
    ],
    [
      2.91655,
      0.74997,
      1.33328,
      NaN,
      1.6666,
      2.66656,
      1.74993,
      NaN,
      2.4999000000000002,
      1.74993,
      1.74993,
      0.8333,
      1.8332600000000001,
      2.16658,
      NaN,
      3.6665200000000002,
      NaN,
      3.3332,
      0.0,
      NaN
    ],
    [
      1.74993,
      1.58327,
      1.41661,
      NaN,
      1.41661,
      2.41657,
      0.33332,
      NaN,
      NaN,
      0.58331,
      0.58331,
      1.74993,
      0.41665,
      0.99996,
      NaN,
      1.91659,
      NaN,
      1.99992,
      NaN,
      0.0
    ]
  ],
  "transit_time_matrix": [
    [
      0.0,
      NaN,
      194.0,
      63.0,
      222.0,
      227.0,
      130.0,
      NaN,
      137.0,
      141.0,
      150.0,
      NaN,
      130.0,
      110.0,
      0.0,
      89.0,
      NaN,
      147.0,
      139.0,
      134.0
    ],
    [
      NaN,
      0.0,
      188.0,
      37.0,
      98.0,
      103.0,
      14.0,
      NaN,
      55.0,
      54.0,
      105.0,
      NaN,
      32.0,
      105.0,
      0.0,
      83.0,
      NaN,
      142.0,
      35.0,
      38.0
    ],
    [
      194.0,
      188.0,
      0.0,
      164.0,
      180.0,
      193.0,
      59.0,
      NaN,
      147.0,
      134.0,
      135.0,
      157.0,
      144.0,
      93.0,
      144.0,
      138.0,
      NaN,
      97.0,
      163.0,
      142.0
    ],
    [
      63.0,
      37.0,
      164.0,
      0.0,
      206.0,
      211.0,
      55.0,
      NaN,
      6.0,
      96.0,
      35.0,
      10.0,
      55.0,
      173.0,
      0.0,
      157.0,
      NaN,
      46.0,
      NaN,
      NaN
    ],
    [
      222.0,
      98.0,
      180.0,
      206.0,
      0.0,
      NaN,
      236.0,
      NaN,
      241.0,
      200.0,
      219.0,
      96.0,
      236.0,
      176.0,
      248.0,
      220.0,
      NaN,
      183.0,
      262.0,
      243.0
    ],
    [
      227.0,
      103.0,
      193.0,
      211.0,
      NaN,
      0.0,
      248.0,
      NaN,
      253.0,
      212.0,
      231.0,
      101.0,
      248.0,
      188.0,
      260.0,
      232.0,
      NaN,
      195.0,
      274.0,
      255.0
    ],
    [
      130.0,
      14.0,
      59.0,
      55.0,
      236.0,
      248.0,
      0.0,
      NaN,
      NaN,
      137.0,
      191.0,
      10.0,
      NaN,
      91.0,
      45.0,
      78.0,
      NaN,
      125.0,
      15.0,
      18.0
    ],
    [
      NaN,
      NaN,
      NaN,
      NaN,
      NaN,
      NaN,
      NaN,
      0.0,
      NaN,
      NaN,
      NaN,
      NaN,
      NaN,
      NaN,
      NaN,
      NaN,
      NaN,
      NaN,
      NaN,
      NaN
    ],
    [
      137.0,
      55.0,
      147.0,
      6.0,
      241.0,
      253.0,
      NaN,
      NaN,
      0.0,
      9.0,
      29.0,
      15.0,
      0.0,
      109.0,
      71.0,
      17.0,
      NaN,
      39.0,
      40.0,
      0.0
    ],
    [
      141.0,
      54.0,
      134.0,
      96.0,
      200.0,
      212.0,
      137.0,
      NaN,
      9.0,
      0.0,
      69.0,
      103.0,
      49.0,
      96.0,
      47.0,
      61.0,
      NaN,
      144.0,
      76.0,
      13.0
    ],
    [
      150.0,
      105.0,
      135.0,
      35.0,
      219.0,
      231.0,
      191.0,
      NaN,
      29.0,
      69.0,
      0.0,
      115.0,
      93.0,
      46.0,
      35.0,
      27.0,
      NaN,
      96.0,
      119.0,
      32.0
    ],
    [
      NaN,
      NaN,
      157.0,
      10.0,
      96.0,
      101.0,
      10.0,
      NaN,
      15.0,
      103.0,
      115.0,
      0.0,
      33.0,
      106.0,
      0.0,
      84.0,
      NaN,
      143.0,
      14.0,
      40.0
    ],
    [
      130.0,
      32.0,
      144.0,
      55.0,
      236.0,
      248.0,
      NaN,
      NaN,
      0.0,
      49.0,
      93.0,
      33.0,
      0.0,
      92.0,
      45.0,
      79.0,
      NaN,
      126.0,
      40.0,
      19.0
    ],
    [
      110.0,
      105.0,
      93.0,
      173.0,
      176.0,
      188.0,
      91.0,
      NaN,
      109.0,
      96.0,
      46.0,
      106.0,
      92.0,
      0.0,
      37.0,
      89.0,
      NaN,
      65.0,
      122.0,
      103.0
    ],
    [
      0.0,
      0.0,
      144.0,
      0.0,
      248.0,
      260.0,
      45.0,
      NaN,
      71.0,
      47.0,
      35.0,
      0.0,
      45.0,
      37.0,
      0.0,
      28.0,
      NaN,
      48.0,
      NaN,
      0.0
    ],
    [
      89.0,
      83.0,
      138.0,
      157.0,
      220.0,
      232.0,
      78.0,
      NaN,
      17.0,
      61.0,
      27.0,
      84.0,
      79.0,
      89.0,
      28.0,
      0.0,
      NaN,
      132.0,
      30.0,
      27.0
    ],
    [
      NaN,
      NaN,
      NaN,
      NaN,
      NaN,
      NaN,
      NaN,
      NaN,
      NaN,
      NaN,
      NaN,
      NaN,
      NaN,
      NaN,
      NaN,
      NaN,
      0.0,
      NaN,
      NaN,
      NaN
    ],
    [
      147.0,
      142.0,
      97.0,
      46.0,
      183.0,
      195.0,
      125.0,
      NaN,
      39.0,
      144.0,
      96.0,
      143.0,
      126.0,
      65.0,
      48.0,
      132.0,
      NaN,
      0.0,
      190.0,
      165.0
    ],
    [
      139.0,
      35.0,
      163.0,
      NaN,
      262.0,
      274.0,
      15.0,
      NaN,
      40.0,
      76.0,
      119.0,
      14.0,
      40.0,
      122.0,
      NaN,
      30.0,
      NaN,
      190.0,
      0.0,
      NaN
    ],
    [
      134.0,
      38.0,
      142.0,
      NaN,
      243.0,
      255.0,
      18.0,
      NaN,
      0.0,
      13.0,
      32.0,
      40.0,
      19.0,
      103.0,
      0.0,
      27.0,
      NaN,
      165.0,
      NaN,
      0.0
    ]
  ],
  "walk_dist_matrix": [
    [
      0.0,
      0.8,
      43.3,
      6.7,
      41.8,
      41.0,
      7.5,
      16.9,
      8.1,
      11.6,
      24.5,
      1.1,
      8.0,
      27.1,
      4.0,
      19.1,
      14.8,
      31.1,
      6.6,
      5.5
    ],
    [
      0.8,
      0.0,
      42.7,
      6.1,
      40.7,
      39.9,
      6.8,
      16.8,
      7.4,
      11.0,
      24.0,
      0.45,
      6.9,
      26.5,
      3.4,
      18.0,
      15.6,
      30.5,
      6.0,
      4.8
    ],
    [
      43.3,
      42.7,
      0.0,
      40.6,
      14.6,
      13.8,
      36.0,
      37.6,
      37.1,
      31.3,
      18.0,
      43.1,
      36.1,
      18.1,
      40.2,
      29.5,
      55.0,
      14.2,
      40.5,
      38.7
    ],
    [
      6.7,
      6.1,
      40.6,
      0.0,
      39.1,
      38.3,
      6.2,
      20.2,
      4.6,
      9.4,
      23.2,
      6.2,
      6.3,
      25.1,
      2.8,
      16.4,
      21.5,
      29.7,
      0.12,
      1.9
    ],
    [
      41.8,
      40.7,
      14.6,
      39.1,
      0.0,
      1.1,
      34.5,
      28.1,
      35.7,
      29.8,
      26.6,
      40.9,
      34.6,
      19.4,
      38.7,
      27.6,
      53.5,
      17.1,
      39.0,
      37.3
    ],
    [
      41.0,
      39.9,
      13.8,
      38.3,
      1.1,
      0.0,
      33.8,
      27.6,
      34.9,
      29.0,
      25.8,
      40.1,
      33.8,
      18.6,
      38.0,
      26.8,
      52.8,
      16.3,
      38.2,
      36.5
    ],
    [
      7.5,
      6.8,
      36.0,
      6.2,
      34.5,
      33.8,
      0.0,
      22.7,
      3.9,
      5.1,
      18.0,
      7.3,
      0.052,
      20.7,
      5.2,
      11.9,
      19.4,
      24.5,
      6.3,
      4.5
    ],
    [
      16.9,
      16.8,
      37.6,
      20.2,
      28.1,
      27.6,
      22.7,
      0.0,
      22.3,
      26.8,
      31.5,
      16.9,
      22.5,
      25.9,
      17.7,
      30.9,
      31.8,
      30.3,
      20.2,
      19.3
    ],
    [
      8.1,
      7.4,
      37.1,
      4.6,
      35.7,
      34.9,
      3.9,
      22.3,
      0.0,
      5.9,
      20.6,
      7.5,
      3.9,
      21.7,
      4.5,
      13.0,
      22.8,
      26.8,
      4.5,
      3.0
    ],
    [
      11.6,
      11.0,
      31.3,
      9.4,
      29.8,
      29.0,
      5.1,
      26.8,
      5.9,
      0.0,
      14.7,
      11.2,
      5.2,
      15.8,
      9.0,
      7.1,
      24.4,
      20.9,
      9.3,
      7.5
    ],
    [
      24.5,
      24.0,
      18.0,
      23.2,
      26.6,
      25.8,
      18.0,
      31.5,
      20.6,
      14.7,
      0.0,
      24.3,
      18.0,
      9.0,
      22.4,
      14.4,
      36.3,
      12.9,
      23.1,
      21.3
    ],
    [
      1.1,
      0.45,
      43.1,
      6.2,
      40.9,
      40.1,
      7.3,
      16.9,
      7.5,
      11.2,
      24.3,
      0.0,
      7.1,
      26.9,
      3.5,
      18.2,
      15.9,
      30.8,
      6.2,
      5.0
    ],
    [
      8.0,
      6.9,
      36.1,
      6.3,
      34.6,
      33.8,
      0.052,
      22.5,
      3.9,
      5.2,
      18.0,
      7.1,
      0.0,
      20.7,
      5.2,
      12.0,
      19.5,
      24.6,
      6.4,
      4.6
    ],
    [
      27.1,
      26.5,
      18.1,
      25.1,
      19.4,
      18.6,
      20.7,
      25.9,
      21.7,
      15.8,
      9.0,
      26.9,
      20.7,
      0.0,
      24.8,
      14.1,
      38.8,
      5.9,
      25.0,
      23.3
    ],
    [
      4.0,
      3.4,
      40.2,
      2.8,
      38.7,
      38.0,
      5.2,
      17.7,
      4.5,
      9.0,
      22.4,
      3.5,
      5.2,
      24.8,
      0.0,
      15.8,
      18.8,
      28.8,
      2.7,
      1.8
    ],
    [
      19.1,
      18.0,
      29.5,
      16.4,
      27.6,
      26.8,
      11.9,
      30.9,
      13.0,
      7.1,
      14.4,
      18.2,
      12.0,
      14.1,
      15.8,
      0.0,
      30.9,
      19.1,
      16.3,
      14.6
    ],
    [
      14.8,
      15.6,
      55.0,
      21.5,
      53.5,
      52.8,
      19.4,
      31.8,
      22.8,
      24.4,
      36.3,
      15.9,
      19.5,
      38.8,
      18.8,
      30.9,
      0.0,
      42.8,
      21.4,
      20.3
    ],
    [
      31.1,
      30.5,
      14.2,
      29.7,
      17.1,
      16.3,
      24.5,
      30.3,
      26.8,
      20.9,
      12.9,
      30.8,
      24.6,
      5.9,
      28.8,
      19.1,
      42.8,
      0.0,
      30.0,
      28.2
    ],
    [
      6.6,
      6.0,
      40.5,
      0.12,
      39.0,
      38.2,
      6.3,
      20.2,
      4.5,
      9.3,
      23.1,
      6.2,
      6.4,
      25.0,
      2.7,
      16.3,
      21.4,
      30.0,
      0.0,
      1.8
    ],
    [
      5.5,
      4.8,
      38.7,
      1.9,
      37.3,
      36.5,
      4.5,
      19.3,
      3.0,
      7.5,
      21.3,
      5.0,
      4.6,
      23.3,
      1.8,
      14.6,
      20.3,
      28.2,
      1.8,
      0.0
    ]
  ],
  "walk_time_matrix": [
    [
      0.0,
      11.0,
      544.0,
      88.0,
      525.0,
      502.0,
      99.0,
      66.0,
      105.0,
      153.0,
      306.0,
      15.0,
      102.0,
      339.0,
      52.0,
      240.0,
      59.0,
      387.0,
      87.0,
      72.0
    ],
    [
      11.0,
      0.0,
      536.0,
      37.0,
      516.0,
      493.0,
      89.0,
      66.0,
      96.0,
      143.0,
      298.0,
      6.0,
      90.0,
      331.0,
      43.0,
      231.0,
      69.0,
      380.0,
      35.0,
      63.0
    ],
    [
      544.0,
      536.0,
      0.0,
      518.0,
      179.0,
      156.0,
      458.0,
      318.0,
      469.0,
      396.0,
      225.0,
      533.0,
      459.0,
      226.0,
      511.0,
      373.0,
      560.0,
      97.0,
      517.0,
      494.0
    ],
    [
      88.0,
      37.0,
      518.0,
      0.0,
      206.0,
      472.0,
      82.0,
      107.0,
      61.0,
      121.0,
      295.0,
      78.0,
      82.0,
      322.0,
      36.0,
      210.0,
      143.0,
      377.0,
      1.0,
      26.0
    ],
    [
      525.0,
      516.0,
      179.0,
      206.0,
      0.0,
      14.0,
      236.0,
      160.0,
      241.0,
      200.0,
      219.0,
      516.0,
      435.0,
      242.0,
      487.0,
      342.0,
      547.0,
      212.0,
      493.0,
      243.0
    ],
    [
      502.0,
      493.0,
      156.0,
      472.0,
      14.0,
      0.0,
      411.0,
      154.0,
      422.0,
      349.0,
      310.0,
      493.0,
      412.0,
      219.0,
      464.0,
      319.0,
      524.0,
      189.0,
      470.0,
      447.0
    ],
    [
      99.0,
      89.0,
      458.0,
      82.0,
      236.0,
      411.0,
      0.0,
      140.0,
      50.0,
      66.0,
      227.0,
      93.0,
      1.0,
      260.0,
      66.0,
      150.0,
      124.0,
      308.0,
      86.0,
      61.0
    ],
    [
      66.0,
      66.0,
      318.0,
      107.0,
      160.0,
      154.0,
      140.0,
      0.0,
      132.0,
      191.0,
      247.0,
      66.0,
      136.0,
      177.0,
      74.0,
      233.0,
      125.0,
      232.0,
      106.0,
      94.0
    ],
    [
      105.0,
      96.0,
      469.0,
      61.0,
      241.0,
      422.0,
      50.0,
      132.0,
      0.0,
      75.0,
      258.0,
      100.0,
      51.0,
      275.0,
      61.0,
      163.0,
      165.0,
      338.0,
      62.0,
      41.0
    ],
    [
      153.0,
      143.0,
      396.0,
      121.0,
      200.0,
      349.0,
      66.0,
      191.0,
      75.0,
      0.0,
      183.0,
      103.0,
      67.0,
      201.0,
      115.0,
      89.0,
      184.0,
      144.0,
      76.0,
      99.0
    ],
    [
      306.0,
      298.0,
      225.0,
      295.0,
      219.0,
      310.0,
      227.0,
      247.0,
      258.0,
      183.0,
      0.0,
      301.0,
      226.0,
      46.0,
      282.0,
      179.0,
      329.0,
      162.0,
      296.0,
      271.0
    ],
    [
      15.0,
      6.0,
      533.0,
      78.0,
      516.0,
      493.0,
      93.0,
      66.0,
      100.0,
      103.0,
      301.0,
      0.0,
      92.0,
      335.0,
      45.0,
      233.0,
      72.0,
      143.0,
      80.0,
      65.0
    ],
    [
      102.0,
      90.0,
      459.0,
      82.0,
      435.0,
      412.0,
      1.0,
      136.0,
      51.0,
      67.0,
      226.0,
      92.0,
      0.0,
      260.0,
      67.0,
      151.0,
      124.0,
      309.0,
      87.0,
      62.0
    ],
    [
      339.0,
      331.0,
      226.0,
      322.0,
      242.0,
      219.0,
      260.0,
      177.0,
      275.0,
      201.0,
      46.0,
      335.0,
      260.0,
      0.0,
      312.0,
      174.0,
      360.0,
      73.0,
      318.0,
      296.0
    ],
    [
      52.0,
      43.0,
      511.0,
      36.0,
      487.0,
      464.0,
      66.0,
      74.0,
      61.0,
      115.0,
      282.0,
      45.0,
      67.0,
      312.0,
      0.0,
      207.0,
      111.0,
      368.0,
      37.0,
      24.0
    ],
    [
      240.0,
      231.0,
      373.0,
      210.0,
      342.0,
      319.0,
      150.0,
      233.0,
      163.0,
      89.0,
      179.0,
      233.0,
      151.0,
      174.0,
      207.0,
      0.0,
      265.0,
      241.0,
      211.0,
      189.0
    ],
    [
      59.0,
      69.0,
      560.0,
      143.0,
      547.0,
      524.0,
      124.0,
      125.0,
      165.0,
      184.0,
      329.0,
      72.0,
      124.0,
      360.0,
      111.0,
      265.0,
      0.0,
      409.0,
      143.0,
      128.0
    ],
    [
      387.0,
      380.0,
      97.0,
      377.0,
      212.0,
      189.0,
      308.0,
      232.0,
      338.0,
      144.0,
      162.0,
      143.0,
      309.0,
      73.0,
      368.0,
      241.0,
      409.0,
      0.0,
      378.0,
      353.0
    ],
    [
      87.0,
      35.0,
      517.0,
      1.0,
      493.0,
      470.0,
      86.0,
      106.0,
      62.0,
      76.0,
      296.0,
      80.0,
      87.0,
      318.0,
      37.0,
      211.0,
      143.0,
      378.0,
      0.0,
      24.0
    ],
    [
      72.0,
      63.0,
      494.0,
      26.0,
      243.0,
      447.0,
      61.0,
      94.0,
      41.0,
      99.0,
      271.0,
      65.0,
      62.0,
      296.0,
      24.0,
      189.0,
      128.0,
      353.0,
      24.0,
      0.0
    ]
  ],
  "cycle_dist_matrix": [
    [
      0.0,
      0.8,
      43.3,
      6.7,
      41.8,
      41.0,
      7.5,
      16.9,
      8.1,
      11.6,
      24.5,
      1.1,
      8.0,
      27.1,
      4.0,
      19.1,
      14.8,
      31.1,
      6.6,
      5.5
    ],
    [
      0.8,
      0.0,
      42.7,
      6.1,
      40.7,
      39.9,
      6.8,
      16.8,
      7.4,
      11.0,
      24.0,
      0.45,
      6.9,
      26.5,
      3.4,
      18.0,
      15.6,
      30.5,
      6.0,
      4.8
    ],
    [
      43.3,
      42.7,
      0.0,
      40.6,
      14.6,
      13.8,
      36.0,
      37.6,
      37.1,
      31.3,
      18.0,
      43.1,
      36.1,
      18.1,
      40.2,
      29.5,
      55.0,
      14.2,
      40.5,
      38.7
    ],
    [
      6.7,
      6.1,
      40.6,
      0.0,
      39.1,
      38.3,
      6.2,
      20.2,
      4.6,
      9.4,
      23.2,
      6.2,
      6.3,
      25.1,
      2.8,
      16.4,
      21.5,
      29.7,
      0.12,
      1.9
    ],
    [
      41.8,
      40.7,
      14.6,
      39.1,
      0.0,
      1.1,
      34.5,
      28.1,
      35.7,
      29.8,
      26.6,
      40.9,
      34.6,
      19.4,
      38.7,
      27.6,
      53.5,
      17.1,
      39.0,
      37.3
    ],
    [
      41.0,
      39.9,
      13.8,
      38.3,
      1.1,
      0.0,
      33.8,
      27.6,
      34.9,
      29.0,
      25.8,
      40.1,
      33.8,
      18.6,
      38.0,
      26.8,
      52.8,
      16.3,
      38.2,
      36.5
    ],
    [
      7.5,
      6.8,
      36.0,
      6.2,
      34.5,
      33.8,
      0.0,
      22.7,
      3.9,
      5.1,
      18.0,
      7.3,
      0.052,
      20.7,
      5.2,
      11.9,
      19.4,
      24.5,
      6.3,
      4.5
    ],
    [
      16.9,
      16.8,
      37.6,
      20.2,
      28.1,
      27.6,
      22.7,
      0.0,
      22.3,
      26.8,
      31.5,
      16.9,
      22.5,
      25.9,
      17.7,
      30.9,
      31.8,
      30.3,
      20.2,
      19.3
    ],
    [
      8.1,
      7.4,
      37.1,
      4.6,
      35.7,
      34.9,
      3.9,
      22.3,
      0.0,
      5.9,
      20.6,
      7.5,
      3.9,
      21.7,
      4.5,
      13.0,
      22.8,
      26.8,
      4.5,
      3.0
    ],
    [
      11.6,
      11.0,
      31.3,
      9.4,
      29.8,
      29.0,
      5.1,
      26.8,
      5.9,
      0.0,
      14.7,
      11.2,
      5.2,
      15.8,
      9.0,
      7.1,
      24.4,
      20.9,
      9.3,
      7.5
    ],
    [
      24.5,
      24.0,
      18.0,
      23.2,
      26.6,
      25.8,
      18.0,
      31.5,
      20.6,
      14.7,
      0.0,
      24.3,
      18.0,
      9.0,
      22.4,
      14.4,
      36.3,
      12.9,
      23.1,
      21.3
    ],
    [
      1.1,
      0.45,
      43.1,
      6.2,
      40.9,
      40.1,
      7.3,
      16.9,
      7.5,
      11.2,
      24.3,
      0.0,
      7.1,
      26.9,
      3.5,
      18.2,
      15.9,
      30.8,
      6.2,
      5.0
    ],
    [
      8.0,
      6.9,
      36.1,
      6.3,
      34.6,
      33.8,
      0.052,
      22.5,
      3.9,
      5.2,
      18.0,
      7.1,
      0.0,
      20.7,
      5.2,
      12.0,
      19.5,
      24.6,
      6.4,
      4.6
    ],
    [
      27.1,
      26.5,
      18.1,
      25.1,
      19.4,
      18.6,
      20.7,
      25.9,
      21.7,
      15.8,
      9.0,
      26.9,
      20.7,
      0.0,
      24.8,
      14.1,
      38.8,
      5.9,
      25.0,
      23.3
    ],
    [
      4.0,
      3.4,
      40.2,
      2.8,
      38.7,
      38.0,
      5.2,
      17.7,
      4.5,
      9.0,
      22.4,
      3.5,
      5.2,
      24.8,
      0.0,
      15.8,
      18.8,
      28.8,
      2.7,
      1.8
    ],
    [
      19.1,
      18.0,
      29.5,
      16.4,
      27.6,
      26.8,
      11.9,
      30.9,
      13.0,
      7.1,
      14.4,
      18.2,
      12.0,
      14.1,
      15.8,
      0.0,
      30.9,
      19.1,
      16.3,
      14.6
    ],
    [
      14.8,
      15.6,
      55.0,
      21.5,
      53.5,
      52.8,
      19.4,
      31.8,
      22.8,
      24.4,
      36.3,
      15.9,
      19.5,
      38.8,
      18.8,
      30.9,
      0.0,
      42.8,
      21.4,
      20.3
    ],
    [
      31.1,
      30.5,
      14.2,
      29.7,
      17.1,
      16.3,
      24.5,
      30.3,
      26.8,
      20.9,
      12.9,
      30.8,
      24.6,
      5.9,
      28.8,
      19.1,
      42.8,
      0.0,
      30.0,
      28.2
    ],
    [
      6.6,
      6.0,
      40.5,
      0.12,
      39.0,
      38.2,
      6.3,
      20.2,
      4.5,
      9.3,
      23.1,
      6.2,
      6.4,
      25.0,
      2.7,
      16.3,
      21.4,
      30.0,
      0.0,
      1.8
    ],
    [
      5.5,
      4.8,
      38.7,
      1.9,
      37.3,
      36.5,
      4.5,
      19.3,
      3.0,
      7.5,
      21.3,
      5.0,
      4.6,
      23.3,
      1.8,
      14.6,
      20.3,
      28.2,
      1.8,
      0.0
    ]
  ],
  "cycle_time_matrix": [
    [
      0.0,
      11.0,
      544.0,
      88.0,
      525.0,
      502.0,
      99.0,
      66.0,
      105.0,
      153.0,
      306.0,
      15.0,
      102.0,
      339.0,
      52.0,
      240.0,
      59.0,
      387.0,
      87.0,
      72.0
    ],
    [
      11.0,
      0.0,
      536.0,
      79.0,
      516.0,
      493.0,
      89.0,
      66.0,
      96.0,
      143.0,
      298.0,
      6.0,
      90.0,
      331.0,
      43.0,
      231.0,
      69.0,
      380.0,
      78.0,
      63.0
    ],
    [
      544.0,
      536.0,
      0.0,
      518.0,
      179.0,
      156.0,
      458.0,
      318.0,
      469.0,
      396.0,
      225.0,
      533.0,
      459.0,
      226.0,
      511.0,
      373.0,
      560.0,
      178.0,
      517.0,
      494.0
    ],
    [
      88.0,
      79.0,
      518.0,
      0.0,
      494.0,
      472.0,
      82.0,
      107.0,
      61.0,
      121.0,
      295.0,
      78.0,
      82.0,
      322.0,
      36.0,
      210.0,
      143.0,
      377.0,
      1.0,
      26.0
    ],
    [
      525.0,
      516.0,
      179.0,
      494.0,
      0.0,
      14.0,
      434.0,
      160.0,
      445.0,
      372.0,
      333.0,
      516.0,
      435.0,
      242.0,
      487.0,
      342.0,
      547.0,
      212.0,
      493.0,
      471.0
    ],
    [
      502.0,
      493.0,
      156.0,
      472.0,
      14.0,
      0.0,
      411.0,
      154.0,
      422.0,
      349.0,
      310.0,
      493.0,
      412.0,
      219.0,
      464.0,
      319.0,
      524.0,
      189.0,
      470.0,
      447.0
    ],
    [
      99.0,
      89.0,
      458.0,
      82.0,
      434.0,
      411.0,
      0.0,
      140.0,
      50.0,
      66.0,
      227.0,
      93.0,
      1.0,
      260.0,
      66.0,
      150.0,
      124.0,
      308.0,
      86.0,
      61.0
    ],
    [
      66.0,
      66.0,
      318.0,
      107.0,
      160.0,
      154.0,
      140.0,
      0.0,
      132.0,
      191.0,
      247.0,
      66.0,
      136.0,
      177.0,
      74.0,
      233.0,
      125.0,
      232.0,
      106.0,
      94.0
    ],
    [
      105.0,
      96.0,
      469.0,
      61.0,
      445.0,
      422.0,
      50.0,
      132.0,
      0.0,
      75.0,
      258.0,
      100.0,
      51.0,
      275.0,
      61.0,
      163.0,
      165.0,
      338.0,
      62.0,
      41.0
    ],
    [
      153.0,
      143.0,
      396.0,
      121.0,
      372.0,
      349.0,
      66.0,
      191.0,
      75.0,
      0.0,
      183.0,
      144.0,
      67.0,
      201.0,
      115.0,
      89.0,
      184.0,
      264.0,
      122.0,
      99.0
    ],
    [
      306.0,
      298.0,
      225.0,
      295.0,
      333.0,
      310.0,
      227.0,
      247.0,
      258.0,
      183.0,
      0.0,
      301.0,
      226.0,
      113.0,
      282.0,
      179.0,
      329.0,
      162.0,
      296.0,
      271.0
    ],
    [
      15.0,
      6.0,
      533.0,
      78.0,
      516.0,
      493.0,
      93.0,
      66.0,
      100.0,
      144.0,
      301.0,
      0.0,
      92.0,
      335.0,
      45.0,
      233.0,
      72.0,
      384.0,
      80.0,
      65.0
    ],
    [
      102.0,
      90.0,
      459.0,
      82.0,
      435.0,
      412.0,
      1.0,
      136.0,
      51.0,
      67.0,
      226.0,
      92.0,
      0.0,
      260.0,
      67.0,
      151.0,
      124.0,
      309.0,
      87.0,
      62.0
    ],
    [
      339.0,
      331.0,
      226.0,
