{
  "drive_dist_matrix": [
    [
      0.0,
      1.8,
      1.3,
      1.9,
      2.5,
      2.5,
      1.2,
      0.85,
      2.5,
      2.9,
      3.1,
      0.6,
      2.4,
      2.0,
      1.7,
      24.1,
      1.9,
      3.0,
      3.3,
      3.0,
      2.0,
      1.7,
      2.8,
      2.3,
      2.2,
      0.65,
      3.0,
      1.9,
      1.9,
      15.8,
      1.3,
      7.0,
      0.4,
      2.8,
      3.9,
      56.8,
      16.6,
      31.7,
      35.6,
      0.4,
      1.9,
      36.7,
      1.0,
      64.9,
      56.1,
      2.4,
      1.7,
      0.7,
      2.3,
      58.1,
      35.1,
      53.8,
      30.0,
      56.5,
      30.6,
      1.9,
      56.8,
      30.4
    ],
    [
      1.8,
      0.0,
      0.9,
      0.22,
      3.9,
      0.9,
      0.8,
      3.0,
      3.9,
      0.75,
      0.55,
      3.2,
      1.0,
      0.45,
      0.098,
      16.8,
      0.2,
      0.75,
      0.7,
      0.6,
      0.35,
      0.4,
      5.2,
      0.8,
      0.5,
      3.9,
      0.4,
      3.4,
      0.028,
      16.8,
      0.5,
      8.8,
      3.3,
      0.6,
      1.6,
      58.7,
      24.8,
      28.7,
      32.6,
      3.2,
      0.27,
      33.7,
      3.4,
      63.4,
      57.9,
      3.1,
      3.2,
      3.0,
      0.9,
      59.1,
      34.4,
      52.2,
      28.5,
      58.3,
      29.1,
      0.75,
      58.6,
      28.9
    ],
    [
      1.3,
      0.9,
      0.0,
      0.85,
      4.0,
      4.0,
      0.3,
      3.1,
      4.0,
      2.8,
      2.5,
      3.3,
      4.0,
      0.7,
      0.8,
      17.0,
      1.7,
      1.7,
      2.0,
      1.7,
      0.8,
      0.6,
      4.8,
      0.18,
      0.9,
      4.0,
      1.6,
      6.4,
      0.9,
      16.7,
      0.55,
      9.0,
      3.4,
      2.7,
      2.6,
      58.9,
      25.1,
      28.9,
      32.8,
      3.3,
      1.7,
      33.8,
      3.5,
      63.5,
      58.1,
      4.1,
      3.2,
      3.1,
      3.8,
      59.1,
      34.1,
      52.4,
      28.6,
      58.5,
      29.3,
      3.4,
      58.8,
      29.1
    ],
    [
      1.9,
      0.22,
      0.85,
      0.0,
      3.1,
      3.1,
      0.8,
      2.2,
      3.1,
      2.2,
      1.8,
      2.4,
      3.0,
      0.23,
      0.3,
      16.9,
      0.4,
      0.9,
      0.9,
      0.8,
      0.13,
      0.27,
      4.3,
      0.7,
      0.45,
      3.0,
      0.55,
      3.5,
      0.19,
      16.0,
      0.5,
      7.9,
      2.4,
      0.8,
      1.7,
      57.7,
      24.0,
      28.8,
      32.8,
      2.4,
      0.4,
      33.8,
      2.6,
      63.5,
      57.0,
      3.5,
      2.3,
      2.1,
      2.9,
      58.3,
      34.0,
      52.4,
      28.6,
      57.4,
      29.3,
      0.9,
      57.7,
      29.0
    ],
    [
      2.5,
      3.9,
      4.0,
      3.1,
      0.0,
      0.0,
      1.9,
      0.7,
      0.45,
      0.18,
      1.4,
      2.5,
      0.27,
      2.3,
      0.8,
      18.1,
      1.6,
      2.3,
      1.8,
      1.1,
      2.4,
      2.4,
      4.4,
      3.0,
      2.2,
      1.4,
      1.0,
      1.4,
      1.8,
      16.9,
      1.0,
      5.7,
      1.5,
      0.35,
      2.4,
      55.5,
      21.7,
      30.0,
      34.0,
      2.5,
      0.9,
      35.0,
      1.4,
      64.7,
      54.7,
      1.6,
      0.6,
      1.0,
      0.26,
      59.2,
      42.8,
      53.6,
      29.8,
      55.1,
      30.5,
      0.6,
      55.5,
      30.2
    ],
    [
      2.5,
      0.9,
      4.0,
      3.1,
      0.0,
      0.0,
      1.9,
      0.65,
      0.35,
      0.27,
      1.4,
      2.5,
      0.21,
      2.3,
      0.8,
      18.1,
      0.9,
      2.3,
      1.8,
      1.2,
      2.4,
      2.4,
      4.4,
      3.0,
      2.2,
      1.0,
      1.8,
      1.4,
      1.8,
      16.9,
      1.0,
      5.7,
      1.5,
      0.45,
      2.4,
      55.5,
      21.7,
      30.0,
      34.0,
      2.5,
      1.0,
      35.0,
      1.4,
      66.7,
      54.7,
      1.6,
      0.5,
      0.85,
      0.2,
      59.2,
      42.8,
      53.6,
      29.8,
      55.1,
      30.5,
      0.55,
      55.5,
      30.2
    ],
    [
      1.2,
      0.8,
      0.3,
      0.8,
      1.9,
      1.9,
      0.0,
      1.3,
      2.1,
      2.5,
      2.7,
      1.5,
      2.1,
      0.8,
      0.7,
      17.2,
      0.85,
      2.0,
      1.5,
      1.2,
      1.0,
      0.55,
      3.4,
      0.3,
      1.2,
      2.5,
      1.1,
      2.5,
      0.85,
      15.3,
      0.45,
      7.0,
      0.8,
      2.4,
      2.1,
      56.8,
      23.2,
      29.1,
      33.0,
      1.5,
      0.85,
      34.1,
      1.7,
      65.8,
      56.1,
      2.9,
      1.4,
      0.75,
      2.0,
      57.6,
      33.9,
      52.7,
      28.9,
      56.5,
      29.5,
      1.6,
      56.8,
      29.3
    ],
    [
      0.85,
      3.0,
      3.1,
      2.2,
      0.7,
      0.65,
      1.3,
      0.0,
      0.28,
      0.8,
      1.4,
      2.0,
      0.5,
      2.3,
      1.7,
      18.2,
      1.6,
      2.3,
      1.9,
      1.6,
      2.3,
      1.9,
      3.9,
      2.5,
      2.3,
      0.5,
      1.8,
      1.4,
      1.8,
      16.4,
      1.6,
      5.7,
      0.5,
      1.1,
      2.5,
      55.5,
      21.8,
      30.1,
      34.0,
      2.0,
      1.6,
      35.1,
      0.7,
      64.8,
      54.8,
      1.6,
      0.12,
      0.4,
      0.55,
      58.7,
      42.8,
      53.6,
      29.9,
      55.2,
      30.5,
      0.55,
      55.5,
      30.3
    ],
    [
      2.5,
      3.9,
      4.0,
      3.1,
      0.45,
      0.35,
      2.1,
      0.28,
      0.0,
      0.55,
      1.7,
      2.7,
      0.22,
      2.6,
      2.0,
      18.5,
      1.9,
      2.6,
      2.1,
      1.9,
      2.8,
      2.6,
      4.6,
      3.2,
      2.5,
      0.65,
      2.1,
      1.7,
      2.1,
      17.1,
      2.3,
      6.0,
      0.75,
      0.7,
      2.7,
      55.8,
      22.0,
      30.4,
      34.3,
      2.7,
      1.9,
      35.3,
      0.8,
      65.0,
      55.1,
      1.9,
      0.17,
      0.55,
      0.25,
      59.4,
      43.1,
      53.9,
      30.1,
      55.5,
      30.8,
      0.45,
      55.8,
      30.6
    ],
    [
      2.9,
      0.75,
      2.8,
      2.2,
      0.18,
      0.27,
      2.5,
      0.8,
      0.55,
      0.0,
      0.55,
      3.8,
      0.45,
      1.4,
      0.65,
      17.8,
      0.75,
      1.5,
      1.0,
      1.0,
      1.6,
      2.7,
      5.7,
      2.3,
      1.4,
      3.8,
      0.9,
      3.5,
      1.0,
      17.4,
      2.5,
      9.3,
      3.8,
      0.17,
      1.6,
      59.1,
      25.3,
      29.7,
      33.6,
      3.8,
      0.75,
      34.7,
      3.4,
      64.4,
      58.3,
      3.1,
      3.7,
      0.85,
      0.45,
      59.7,
      42.5,
      53.3,
      29.5,
      58.7,
      30.2,
      0.5,
      59.1,
      29.9
    ],
    [
      3.1,
      0.55,
      2.5,
      1.8,
      1.4,
      1.4,
      2.7,
      1.4,
      1.7,
      0.55,
      0.0,
      3.2,
      3.9,
      0.85,
      0.45,
      17.3,
      0.35,
      0.55,
      0.4,
      0.043,
      0.9,
      2.2,
      5.2,
      1.7,
      0.85,
      3.2,
      0.24,
      2.9,
      0.55,
      16.8,
      0.85,
      8.7,
      3.3,
      0.7,
      1.7,
      58.5,
      24.8,
      29.2,
      33.1,
      3.2,
      0.35,
      34.2,
      2.9,
      63.9,
      57.8,
      2.6,
      3.2,
      3.0,
      3.8,
      59.1,
      41.9,
      52.7,
      29.0,
      58.2,
      29.6,
      3.3,
      58.5,
      29.4
    ],
    [
      0.6,
      3.2,
      3.3,
      2.4,
      2.5,
      2.5,
      1.5,
      2.0,
      2.7,
      3.8,
      3.2,
      0.0,
      2.6,
      2.2,
      1.9,
      18.5,
      2.0,
      3.2,
      3.5,
      3.2,
      2.2,
      1.8,
      2.4,
      2.6,
      2.4,
      1.1,
      3.2,
      2.1,
      2.0,
      16.0,
      1.5,
      7.5,
      0.9,
      2.9,
      4.1,
      57.3,
      16.8,
      30.4,
      34.3,
      0.5,
      2.1,
      35.4,
      1.3,
      65.1,
      56.6,
      2.7,
      1.9,
      1.7,
      2.5,
      58.3,
      35.2,
      54.0,
      30.2,
      57.0,
      30.8,
      2.1,
      57.3,
      30.6
    ],
    [
      2.4,
      1.0,
      4.0,
      3.0,
      0.27,
      0.21,
      2.1,
      0.5,
      0.22,
      0.45,
      3.9,
      2.6,
      0.0,
      2.1,
      1.5,
      18.0,
      1.4,
      2.1,
      1.6,
      1.4,
      2.3,
      2.2,
      4.3,
      2.9,
      2.0,
      0.9,
      1.6,
      1.2,
      1.6,
      16.7,
      1.9,
      5.5,
      1.3,
      0.6,
      2.2,
      55.3,
      21.5,
      29.9,
      33.8,
      2.3,
      1.4,
      34.8,
      1.0,
      64.5,
      54.6,
      1.4,
      0.4,
      0.8,
      0.13,
      59.1,
      42.6,
      53.4,
      29.6,
      55.0,
      30.3,
      0.7,
      55.3,
      30.1
    ],
    [
      2.0,
      0.45,
      0.7,
      0.23,
      2.3,
      2.3,
      0.8,
      2.3,
      2.6,
      1.4,
      0.85,
      2.2,
      2.1,
      0.0,
      0.55,
      17.7,
      0.65,
      0.85,
      1.0,
      0.95,
      1.3,
      0.3,
      4.1,
      0.55,
      0.25,
      2.8,
      1.4,
      3.2,
      0.4,
      15.7,
      0.6,
      7.7,
      2.2,
      1.0,
      2.4,
      57.5,
      23.7,
      29.6,
      33.5,
      2.2,
      1.1,
      34.6,
      2.4,
      64.3,
      56.8,
      3.6,
      2.1,
      1.9,
      2.7,
      58.1,
      34.4,
      53.2,
      29.4,
      57.2,
      30.0,
      2.3,
      57.5,
      29.8
    ],
    [
      1.7,
      0.098,
      0.8,
      0.3,
      0.8,
      0.8,
      0.7,
      1.7,
      2.0,
      0.65,
      0.45,
      1.9,
      1.5,
      0.55,
      0.0,
      16.7,
      0.12,
      0.75,
      0.6,
      0.5,
      0.4,
      0.45,
      5.1,
      1.6,
      0.75,
      3.8,
      0.45,
      3.3,
      0.13,
      16.7,
      0.4,
      8.8,
      3.2,
      0.5,
      1.7,
      58.6,
      24.7,
      28.6,
      32.5,
      3.1,
      0.19,
      33.6,
      3.4,
      63.3,
      57.8,
      3.0,
      3.1,
      1.0,
      0.8,
      59.1,
      34.3,
      52.2,
      28.4,
      58.2,
      29.0,
      0.65,
      58.6,
      28.8
    ],
    [
      24.1,
      16.8,
      17.0,
      16.9,
      18.1,
      18.1,
      17.2,
      18.2,
      18.5,
      17.8,
      17.3,
      18.5,
      18.0,
      17.7,
      16.7,
      0.0,
      16.6,
      16.4,
      16.8,
      16.5,
      16.5,
      17.0,
      23.6,
      16.6,
      16.2,
      18.2,
      16.7,
      18.2,
      16.4,
      30.9,
      16.8,
      20.8,
      18.3,
      17.9,
      16.1,
      70.6,
      38.7,
      25.5,
      29.4,
      19.3,
      16.5,
      30.5,
      18.1,
      60.2,
      69.8,
      18.4,
      17.4,
      18.3,
      18.0,
      70.1,
      38.2,
      49.0,
      25.3,
      70.2,
      25.9,
      18.0,
      70.6,
      25.7
    ],
    [
      1.9,
      0.2,
      1.7,
      0.4,
      1.6,
      0.9,
      0.85,
      1.6,
      1.9,
      0.75,
      0.35,
      2.0,
      1.4,
      0.65,
      0.12,
      16.6,
      0.0,
      0.65,
      0.5,
      0.4,
      0.55,
      0.6,
      5.0,
      0.8,
      0.65,
      3.7,
      0.35,
      3.2,
      0.23,
      16.6,
      0.5,
      8.7,
      3.1,
      0.5,
      1.6,
      58.5,
      24.6,
      28.5,
      32.4,
      3.1,
      0.099,
      33.5,
      3.3,
      63.2,
      57.8,
      2.9,
      3.0,
      2.8,
      0.95,
      59.0,
      34.2,
      52.1,
      28.3,
      58.2,
      28.9,
      0.8,
      58.5,
      28.7
    ],
    [
      3.0,
      0.75,
      1.7,
      0.9,
      2.3,
      2.3,
      2.0,
      2.3,
      2.6,
      1.5,
      0.55,
      3.2,
      2.1,
      0.85,
      0.75,
      16.4,
      0.65,
      0.0,
      0.35,
      0.6,
      0.9,
      1.1,
      5.2,
      1.8,
      0.75,
      3.9,
      0.5,
      4.3,
      0.75,
      16.9,
      2.0,
      8.5,
      3.3,
      1.0,
      3.0,
      58.3,
      24.6,
      28.3,
      32.3,
      3.3,
      0.6,
      33.3,
      3.5,
      63.0,
      57.6,
      4.7,
      3.2,
      3.0,
      3.8,
      59.2,
      34.1,
      51.9,
      28.1,
      58.0,
      28.8,
      3.4,
      58.3,
      28.5
    ],
    [
      3.3,
      0.7,
      2.0,
      0.9,
      1.8,
      1.8,
      1.5,
      1.9,
      2.1,
      1.0,
      0.4,
      3.5,
      1.6,
      1.0,
      0.6,
      16.8,
      0.5,
      0.35,
      0.0,
      0.45,
      1.0,
      3.8,
      6.0,
      3.4,
      1.0,
      3.2,
      0.35,
      2.9,
      0.7,
      18.5,
      3.6,
      9.3,
      3.8,
      0.8,
      1.4,
      59.1,
      25.3,
      29.1,
      33.0,
      3.8,
      0.45,
      34.1,
      2.8,
      63.8,
      58.4,
      2.5,
      3.1,
      4.7,
      3.7,
      60.8,
      41.9,
      52.7,
      28.9,
      58.8,
      29.6,
      3.8,
      59.1,
      29.3
    ],
    [
      3.0,
      0.6,
      1.7,
      0.8,
      1.1,
      1.2,
      1.2,
      1.6,
      1.9,
      1.0,
      0.043,
      3.2,
      1.4,
      0.95,
      0.5,
      16.5,
      0.4,
      0.6,
      0.45,
      0.0,
      0.95,
      1.0,
      5.1,
      1.6,
      0.9,
      3.1,
      0.29,
      2.8,
      0.6,
      16.7,
      0.9,
      8.6,
      3.2,
      0.7,
      1.7,
      58.4,
      24.7,
      28.4,
      32.4,
      3.1,
      0.35,
      33.4,
      2.8,
      63.1,
      57.7,
      2.5,
      3.1,
      2.9,
      1.3,
      59.1,
      34.1,
      52.0,
      28.2,
      58.1,
      28.9,
      3.2,
      58.4,
      28.6
    ],
    [
      2.0,
      0.35,
      0.8,
      0.13,
      2.4,
      2.4,
      1.0,
      2.3,
      2.8,
      1.6,
      0.9,
      2.2,
      2.3,
      1.3,
      0.4,
      16.5,
      0.55,
      0.9,
      1.0,
      0.95,
      0.0,
      0.22,
      4.2,
      0.6,
      0.3,
      2.9,
      0.7,
      3.3,
      0.3,
      15.8,
      0.45,
      7.8,
      2.3,
      0.9,
      1.8,
      57.6,
      23.8,
      28.7,
      32.6,
      2.3,
      0.55,
      33.7,
      2.5,
      63.4,
      56.9,
      3.3,
      2.2,
      2.0,
      2.8,
      58.2,
      33.9,
      52.3,
      28.5,
      57.3,
      29.1,
      2.4,
      57.6,
      28.9
    ],
    [
      1.7,
      0.4,
      0.6,
      0.27,
      2.4,
      2.4,
      0.55,
      1.9,
      2.6,
      2.7,
      2.2,
      1.8,
      2.2,
      0.3,
      0.45,
      17.0,
      0.6,
      1.1,
      3.8,
      1.0,
      0.22,
      0.0,
      4.4,
      0.45,
      0.55,
      3.2,
      0.7,
      3.6,
      0.35,
      16.1,
      0.3,
      8.0,
      2.6,
      0.9,
      2.0,
      57.8,
      24.1,
      29.0,
      32.9,
      2.5,
      0.55,
      33.9,
      2.7,
      63.6,
      57.1,
      3.6,
      2.4,
      0.9,
      3.0,
      58.4,
      34.2,
      52.5,
      28.7,
      57.5,
      29.4,
      0.85,
      57.8,
      29.1
    ],
    [
      2.8,
      5.2,
      4.8,
      4.3,
      4.4,
      4.4,
      3.4,
      3.9,
      4.6,
      5.7,
      5.2,
      2.4,
      4.3,
      4.1,
      5.1,
      23.6,
      5.0,
      5.2,
      6.0,
      5.1,
      4.2,
      4.4,
      0.0,
      4.1,
      4.1,
      4.0,
      4.9,
      4.1,
      3.7,
      13.1,
      3.2,
      9.2,
      3.7,
      4.6,
      6.8,
      57.2,
      18.6,
      36.1,
      40.1,
      2.8,
      3.8,
      41.1,
      3.6,
      70.8,
      56.5,
      5.0,
      3.6,
      3.4,
      4.2,
      58.3,
      48.9,
      59.7,
      35.9,
      56.9,
      36.6,
      3.8,
      57.2,
      36.3
    ],
    [
      2.3,
      0.8,
      0.18,
      0.7,
      3.0,
      3.0,
      0.3,
      2.5,
      3.2,
      2.3,
      1.7,
      2.6,
      2.9,
      0.55,
      1.6,
      16.6,
      0.8,
      1.8,
      3.4,
      1.6,
      0.6,
      0.45,
      4.1,
      0.0,
      0.9,
      2.8,
      1.4,
      3.2,
      1.1,
      15.7,
      0.6,
      7.6,
      2.1,
      3.0,
      2.3,
      57.4,
      23.7,
      29.5,
      33.4,
      2.1,
      0.9,
      34.5,
      2.3,
      64.2,
      56.7,
      3.5,
      2.0,
      0.9,
      2.6,
      58.0,
      34.4,
      53.1,
      29.3,
      57.1,
      30.0,
      2.2,
      57.4,
      29.7
    ],
    [
      2.2,
      0.5,
      0.9,
      0.45,
      2.2,
      2.2,
      1.2,
      2.3,
      2.5,
      1.4,
      0.85,
      2.4,
      2.0,
      0.25,
      0.75,
      16.2,
      0.65,
      0.75,
      1.0,
      0.9,
      0.3,
      0.55,
      4.1,
      0.9,
      0.0,
      3.1,
      1.1,
      3.5,
      0.5,
      16.0,
      0.8,
      8.5,
      2.4,
      3.3,
      2.0,
      58.3,
      24.0,
      28.3,
      32.2,
      2.4,
      0.6,
      33.3,
      2.6,
      63.0,
      57.6,
      3.8,
      2.3,
      2.2,
      2.9,
      58.3,
      33.5,
      51.9,
      28.1,
      58.0,
      28.7,
      2.5,
      58.3,
      28.5
    ],
    [
      0.65,
      3.9,
      4.0,
      3.0,
      1.4,
      1.0,
      2.5,
      0.5,
      0.65,
      3.8,
      3.2,
      1.1,
      0.9,
      2.8,
      3.8,
      18.2,
      3.7,
      3.9,
      3.2,
      3.1,
      2.9,
      3.2,
      4.0,
      2.8,
      3.1,
      0.0,
      2.8,
      3.0,
      1.7,
      15.9,
      1.2,
      7.5,
      0.3,
      2.9,
      3.7,
      57.3,
      23.9,
      30.0,
      33.9,
      1.0,
      1.7,
      34.9,
      2.2,
      64.7,
      56.6,
      3.6,
      0.5,
      0.4,
      0.9,
      58.3,
      34.8,
      53.5,
      29.7,
      57.0,
      30.4,
      0.8,
      57.3,
      30.1
    ],
    [
      3.0,
      0.4,
      1.6,
      0.55,
      1.0,
      1.8,
      1.1,
      1.8,
      2.1,
      0.9,
      0.24,
      3.2,
      1.6,
      1.4,
      0.45,
      16.7,
      0.35,
      0.5,
      0.35,
      0.29,
      0.7,
      0.7,
      4.9,
      1.4,
      1.1,
      2.8,
      0.0,
      3.0,
      0.4,
      16.7,
      0.85,
      8.6,
      3.1,
      0.65,
      1.5,
      58.4,
      24.6,
      28.4,
      32.3,
      3.1,
      0.3,
      33.4,
      3.3,
      63.1,
      57.6,
      2.7,
      3.0,
      2.8,
      3.6,
      59.0,
      34.1,
      51.9,
      28.2,
      58.0,
      28.8,
      1.1,
      58.4,
      28.6
    ],
    [
      1.9,
      3.4,
      6.4,
      3.5,
      1.4,
      1.4,
      2.5,
      1.4,
      1.7,
      3.5,
      2.9,
      2.1,
      1.2,
      3.2,
      3.3,
      18.2,
      3.2,
      4.3,
      2.9,
      2.8,
      3.3,
      3.6,
      4.1,
      3.2,
      3.5,
      3.0,
      3.0,
      0.0,
      2.6,
      17.3,
      2.6,
      6.8,
      2.1,
      1.9,
      3.2,
      56.6,
      14.2,
      31.1,
      35.0,
      2.0,
      2.4,
      36.1,
      0.8,
      65.8,
      55.8,
      1.2,
      1.4,
      2.1,
      2.0,
      59.7,
      43.9,
      54.7,
      30.9,
      56.2,
      31.6,
      2.1,
      56.6,
      31.3
    ],
    [
      1.9,
      0.028,
      0.9,
      0.19,
      1.8,
      1.8,
      0.85,
      1.8,
      2.1,
      1.0,
      0.55,
      2.0,
      1.6,
      0.4,
      0.13,
      16.4,
      0.23,
      0.75,
      0.7,
      0.6,
      0.3,
      0.35,
      3.7,
      1.1,
      0.5,
      1.7,
      0.4,
      2.6,
      0.0,
      16.2,
      0.5,
      8.7,
      2.6,
      1.5,
      1.6,
      58.5,
      24.1,
      28.5,
      32.4,
      2.6,
      0.27,
      33.5,
      2.8,
      63.2,
      57.8,
      3.0,
      2.5,
      2.3,
      3.1,
      58.5,
      41.3,
      52.1,
      28.3,
      58.2,
      29.0,
      0.75,
      58.5,
      28.7
    ],
    [
      15.8,
      16.8,
      16.7,
      16.0,
      16.9,
      16.9,
      15.3,
      16.4,
      17.1,
      17.4,
      16.8,
      16.0,
      16.7,
      15.7,
      16.7,
      30.9,
      16.6,
      16.9,
      18.5,
      16.7,
      15.8,
      16.1,
      13.1,
      15.7,
      16.0,
      15.9,
      16.7,
      17.3,
      16.2,
      0.0,
      16.1,
      30.8,
      16.6,
      17.5,
      20.1,
      66.9,
      28.3,
      42.9,
      46.8,
      16.3,
      16.6,
      47.9,
      16.9,
      77.6,
      66.2,
      18.0,
      16.5,
      16.3,
      17.1,
      49.4,
      36.2,
      66.5,
      42.7,
      66.6,
      43.4,
      16.6,
      66.9,
      43.1
    ],
    [
      1.3,
      0.5,
      0.55,
      0.5,
      1.0,
      1.0,
      0.45,
      1.6,
      2.3,
      2.5,
      0.85,
      1.5,
      1.9,
      0.6,
      0.4,
      16.8,
      0.5,
      2.0,
      3.6,
      0.9,
      0.45,
      0.3,
      3.2,
      0.6,
      0.8,
      1.2,
      0.85,
      2.6,
      0.5,
      16.1,
      0.0,
      7.0,
      0.75,
      0.8,
      1.8,
      56.8,
      23.0,
      31.4,
      35.3,
      1.5,
      0.6,
      36.3,
      1.7,
      66.0,
      56.1,
      2.9,
      1.4,
      0.55,
      1.0,
      57.9,
      44.1,
      54.9,
      31.1,
      56.5,
      31.8,
      0.5,
      56.8,
      31.6
    ],
    [
      7.0,
      8.8,
      9.0,
      7.9,
      5.7,
      5.7,
      7.0,
      5.7,
      6.0,
      9.3,
      8.7,
      7.5,
      5.5,
      7.7,
      8.8,
      20.8,
      8.7,
      8.5,
      9.3,
      8.6,
      7.8,
      8.0,
      9.2,
      7.6,
      8.5,
      7.5,
      8.6,
      6.8,
      8.7,
      30.8,
      7.0,
      0.0,
      6.5,
      6.2,
      8.6,
      52.0,
      18.3,
      34.1,
      38.0,
      7.6,
      6.7,
      39.0,
      6.4,
      68.7,
      51.3,
      6.7,
      5.7,
      6.5,
      6.3,
      64.3,
      46.8,
      57.6,
      33.8,
      51.7,
      34.5,
      6.2,
      52.0,
      34.3
    ],
    [
      0.4,
      3.3,
      3.4,
      2.4,
      1.5,
      1.5,
      0.8,
      0.5,
      0.75,
      3.8,
      3.3,
      0.9,
      1.3,
      2.2,
      3.2,
      18.3,
      3.1,
      3.3,
      3.8,
      3.2,
      2.3,
      2.6,
      3.7,
      2.1,
      2.4,
      0.3,
      3.1,
      2.1,
      2.6,
      16.6,
      0.75,
      6.5,
      0.0,
      3.2,
      4.4,
      57.3,
      17.3,
      30.7,
      34.6,
      1.3,
      2.3,
      35.6,
      0.8,
      65.3,
      56.5,
      2.9,
      0.6,
      2.0,
      1.0,
      58.5,
      43.4,
      54.2,
      30.4,
      56.9,
      31.1,
      0.65,
      57.3,
      30.8
    ],
    [
      2.8,
      0.6,
      2.7,
      0.8,
      0.35,
      0.45,
      2.4,
      1.1,
      0.7,
      0.17,
      0.7,
      2.9,
      0.6,
      1.0,
      0.5,
      17.9,
      0.5,
      1.0,
      0.8,
      0.7,
      0.9,
      0.9,
      4.6,
      3.0,
      3.3,
      2.9,
      0.65,
      1.9,
      1.5,
      17.5,
      0.8,
      6.2,
      3.2,
      0.0,
      2.1,
      57.1,
      23.3,
      29.6,
      33.5,
      3.2,
      0.55,
      34.6,
      2.2,
      64.3,
      56.3,
      1.9,
      0.75,
      3.4,
      0.55,
      59.6,
      42.4,
      53.2,
      29.4,
      56.7,
      30.1,
      0.45,
      57.1,
      29.8
    ],
    [
      3.9,
      1.6,
      2.6,
      1.7,
      2.4,
      2.4,
      2.1,
      2.5,
      2.7,
      1.6,
      1.7,
      4.1,
      2.2,
      2.4,
      1.7,
      16.1,
      1.6,
      3.0,
      1.4,
      1.7,
      1.8,
      2.0,
      6.8,
      2.3,
      2.0,
      3.7,
      1.5,
      3.2,
      1.6,
      20.1,
      1.8,
      8.6,
      4.4,
      2.1,
      0.0,
      58.6,
      24.9,
      28.6,
      32.6,
      4.4,
      1.6,
      33.6,
      2.8,
      63.3,
      57.9,
      2.5,
      5.5,
      4.2,
      6.1,
      60.3,
      41.4,
      52.2,
      28.4,
      58.3,
      29.1,
      4.5,
      58.6,
      28.8
    ],
    [
      56.8,
      58.7,
      58.9,
      57.7,
      55.5,
      55.5,
      56.8,
      55.5,
      55.8,
      59.1,
      58.5,
      57.3,
      55.3,
      57.5,
      58.6,
      70.6,
      58.5,
      58.3,
      59.1,
      58.4,
      57.6,
      57.8,
      57.2,
      57.4,
      58.3,
      57.3,
      58.4,
      56.6,
      58.5,
      66.9,
      56.8,
      52.0,
      57.3,
      57.1,
      58.6,
      0.0,
      39.3,
      83.4,
      87.3,
      56.9,
      56.0,
      88.4,
      55.7,
      118.0,
      0.6,
      56.0,
      55.0,
      55.9,
      55.6,
      112.0,
      96.1,
      107.0,
      83.2,
      0.4,
      83.8,
      55.6,
      0.3,
      83.6
    ],
    [
      16.6,
      24.8,
      25.1,
      24.0,
      21.7,
      21.7,
      23.2,
      21.8,
      22.0,
      25.3,
      24.8,
      16.8,
      21.5,
      23.7,
      24.7,
      38.7,
      24.6,
      24.6,
      25.3,
      24.7,
      23.8,
      24.1,
      18.6,
      23.7,
      24.0,
      23.9,
      24.6,
      14.2,
      24.1,
      28.3,
      23.0,
      18.3,
      17.3,
      23.3,
      24.9,
      39.3,
      0.0,
      50.9,
      54.8,
      16.8,
      22.4,
      55.8,
      14.7,
      85.5,
      38.5,
      22.4,
      21.4,
      22.2,
      22.0,
      73.0,
      63.6,
      74.4,
      50.6,
      38.9,
      51.3,
      21.9,
      39.2,
      51.0
    ],
    [
      31.7,
      28.7,
      28.9,
      28.8,
      30.0,
      30.0,
      29.1,
      30.1,
      30.4,
      29.7,
      29.2,
      30.4,
      29.9,
      29.6,
      28.6,
      25.5,
      28.5,
      28.3,
      29.1,
      28.4,
      28.7,
      29.0,
      36.1,
      29.5,
      28.3,
      30.0,
      28.4,
      31.1,
      28.5,
      42.9,
      31.4,
      34.1,
      30.7,
      29.6,
      28.6,
      83.4,
      50.9,
      0.0,
      12.8,
      32.0,
      29.2,
      4.6,
      30.8,
      36.7,
      82.6,
      31.1,
      30.2,
      31.0,
      30.8,
      96.9,
      18.5,
      25.6,
      1.5,
      83.0,
      0.55,
      30.7,
      83.3,
      0.2
    ],
    [
      35.6,
      32.6,
      32.8,
      32.8,
      34.0,
      34.0,
      33.0,
      34.0,
      34.3,
      33.6,
      33.1,
      34.3,
      33.8,
      33.5,
      32.5,
      29.4,
      32.4,
      32.3,
      33.0,
      32.4,
      32.6,
      32.9,
      40.1,
      33.4,
      32.2,
      33.9,
      32.3,
      35.0,
      32.4,
      46.8,
      35.3,
      38.0,
      34.6,
      33.5,
      32.6,
      87.3,
      54.8,
      12.8,
      0.0,
      35.6,
      32.9,
      13.9,
      34.5,
      40.2,
      86.2,
      34.7,
      33.8,
      34.6,
      34.4,
      100.0,
      31.2,
      29.1,
      11.7,
      86.6,
      12.4,
      34.3,
      86.9,
      13.4
    ],
    [
      0.4,
      3.2,
      3.3,
      2.4,
      2.5,
      2.5,
      1.5,
      2.0,
      2.7,
      3.8,
      3.2,
      0.5,
      2.3,
      2.2,
      3.1,
      19.3,
      3.1,
      3.3,
      3.8,
      3.1,
      2.3,
      2.5,
      2.8,
      2.1,
      2.4,
      1.0,
      3.1,
      2.0,
      2.6,
      16.3,
      1.5,
      7.6,
      1.3,
      3.2,
      4.4,
      56.9,
      16.8,
      32.0,
      35.6,
      0.0,
      2.1,
      35.4,
      1.2,
      65.1,
      56.3,
      2.6,
      1.9,
      1.7,
      2.5,
      58.3,
      44.3,
      54.0,
      31.4,
      56.7,
      32.0,
      2.1,
      57.0,
      30.6
    ],
    [
      1.9,
      0.27,
      1.7,
      0.4,
      0.9,
      1.0,
      0.85,
      1.6,
      1.9,
      0.75,
      0.35,
      2.1,
      1.4,
      1.1,
      0.19,
      16.5,
      0.099,
      0.6,
      0.45,
      0.35,
      0.55,
      0.55,
      3.8,
      0.9,
      0.6,
      1.7,
      0.3,
      2.4,
      0.27,
      16.6,
      0.6,
      6.7,
      2.3,
      0.55,
      1.6,
      56.0,
      22.4,
      29.2,
      32.9,
      2.1,
      0.0,
      33.4,
      3.2,
      63.1,
      57.7,
      2.9,
      2.9,
      2.7,
      1.0,
      58.9,
      41.2,
      52.0,
      28.2,
      58.1,
      28.9,
      0.85,
      58.4,
      28.6
    ],
    [
      36.7,
      33.7,
      33.8,
      33.8,
      35.0,
      35.0,
      34.1,
      35.1,
      35.3,
      34.7,
      34.2,
      35.4,
      34.8,
      34.6,
      33.6,
      30.5,
      33.5,
      33.3,
      34.1,
      33.4,
      33.7,
      33.9,
      41.1,
      34.5,
      33.3,
      34.9,
      33.4,
      36.1,
      33.5,
      47.9,
      36.3,
      39.0,
      35.6,
      34.6,
      33.6,
      88.4,
      55.8,
      4.6,
      13.9,
      35.4,
      33.4,
      0.0,
      36.1,
      35.5,
      87.8,
      36.4,
      35.4,
      36.3,
      36.0,
      95.8,
      25.8,
      24.4,
      5.2,
      88.2,
      4.5,
      36.0,
      88.6,
      4.7
    ],
    [
      1.0,
      3.4,
      3.5,
      2.6,
      1.4,
      1.4,
      1.7,
      0.7,
      0.8,
      3.4,
      2.9,
      1.3,
      1.0,
      2.4,
      3.4,
      18.1,
      3.3,
      3.5,
      2.8,
      2.8,
      2.5,
      2.7,
      3.6,
      2.3,
      2.6,
      2.2,
      3.3,
      0.8,
      2.8,
      16.9,
      1.7,
      6.4,
      0.8,
      2.2,
      2.8,
      55.7,
      14.7,
      30.8,
      34.5,
      1.2,
      3.2,
      36.1,
      0.0,
      65.4,
      55.5,
      1.4,
      0.65,
      1.8,
      1.3,
      58.9,
      43.5,
      54.3,
      30.5,
      55.9,
      31.2,
      1.4,
      56.2,
      30.9
    ],
    [
      64.9,
      63.4,
      63.5,
      63.5,
      64.7,
      66.7,
      65.8,
      64.8,
      65.0,
      64.4,
      63.9,
      65.1,
      64.5,
      64.3,
      63.3,
      60.2,
      63.2,
      63.0,
      63.8,
      63.1,
      63.4,
      63.6,
      70.8,
      64.2,
      63.0,
      64.7,
      63.1,
      65.8,
      63.2,
      77.6,
      66.0,
      68.7,
      65.3,
      64.3,
      63.3,
      118.0,
      85.5,
      36.7,
      40.2,
      65.1,
      63.1,
      35.5,
      65.4,
      0.0,
      121.0,
      69.2,
      68.3,
      69.1,
      68.9,
      93.9,
      61.2,
      15.4,
      39.2,
      121.0,
      39.8,
      68.8,
      121.0,
      40.9
    ],
    [
      56.1,
      57.9,
      58.1,
      57.0,
      54.7,
      54.7,
      56.1,
      54.8,
      55.1,
      58.3,
      57.8,
      56.6,
      54.6,
      56.8,
      57.8,
      69.8,
      57.8,
      57.6,
      58.4,
      57.7,
      56.9,
      57.1,
      56.5,
      56.7,
      57.6,
      56.6,
      57.6,
      55.8,
      57.8,
      66.2,
      56.1,
      51.3,
      56.5,
      56.3,
      57.9,
      0.6,
      38.5,
      82.6,
      86.2,
      56.3,
      57.7,
      87.8,
      55.5,
      121.0,
      0.0,
      56.1,
      55.1,
      56.0,
      55.7,
      112.0,
      96.2,
      107.0,
      83.3,
      0.75,
      83.9,
      55.7,
      0.4,
      83.7
    ],
    [
      2.4,
      3.1,
      4.1,
      3.5,
      1.6,
      1.6,
      2.9,
      1.6,
      1.9,
      3.1,
      2.6,
      2.7,
      1.4,
      3.6,
      3.0,
      18.4,
      2.9,
      4.7,
      2.5,
      2.5,
      3.3,
      3.6,
      5.0,
      3.5,
      3.8,
      3.6,
      2.7,
      1.2,
      3.0,
      18.0,
      2.9,
      6.7,
      2.9,
      1.9,
      2.5,
      56.0,
      22.4,
      31.1,
      34.7,
      2.6,
      2.9,
      36.4,
      1.4,
      69.2,
      56.1,
      0.0,
      1.6,
      2.2,
      2.2,
      59.9,
      43.4,
      54.2,
      30.5,
      55.8,
      31.1,
      2.2,
      56.1,
      30.9
    ],
    [
      1.7,
      3.2,
      3.2,
      2.3,
      0.6,
      0.5,
      1.4,
      0.12,
      0.17,
      3.7,
      3.2,
      1.9,
      0.4,
      2.1,
      3.1,
      17.4,
      3.0,
      3.2,
      3.1,
      3.1,
      2.2,
      2.4,
      3.6,
      2.0,
      2.3,
      0.5,
      3.0,
      1.4,
      2.5,
      16.5,
      1.4,
      5.7,
      0.6,
      0.75,
      5.5,
      55.0,
      21.4,
      30.2,
      33.8,
      1.9,
      2.9,
      35.4,
      0.65,
      68.3,
      55.1,
      1.6,
      0.0,
      0.5,
      0.4,
      58.9,
      43.0,
      53.9,
      30.1,
      55.4,
      30.7,
      0.55,
      55.7,
      30.5
    ],
    [
      0.7,
      3.0,
      3.1,
      2.1,
      1.0,
      0.85,
      0.75,
      0.4,
      0.55,
      0.85,
      3.0,
      1.7,
      0.8,
      1.9,
      1.0,
      18.3,
      2.8,
      3.0,
      4.7,
      2.9,
      2.0,
      0.9,
      3.4,
      0.9,
      2.2,
      0.4,
      2.8,
      2.1,
      2.3,
      16.3,
      0.55,
      6.5,
      2.0,
      3.4,
      4.2,
      55.9,
      22.2,
      31.0,
      34.6,
      1.7,
      2.7,
      36.3,
      1.8,
      69.1,
      56.0,
      2.2,
      0.5,
      0.0,
      1.5,
      58.5,
      43.6,
      54.4,
      30.6,
      56.0,
      31.3,
      0.4,
      56.3,
      31.0
    ],
    [
      2.3,
      0.9,
      3.8,
      2.9,
      0.26,
      0.2,
      2.0,
      0.55,
      0.25,
      0.45,
      3.8,
      2.5,
      0.13,
      2.7,
      0.8,
      18.0,
      0.95,
      3.8,
      3.7,
      1.3,
      2.8,
      3.0,
      4.2,
      2.6,
      2.9,
      0.9,
      3.6,
      2.0,
      3.1,
      17.1,
      1.0,
      6.3,
      1.0,
      0.55,
      6.1,
      55.6,
      22.0,
      30.8,
      34.4,
      2.5,
      1.0,
      36.0,
      1.3,
      68.9,
      55.7,
      2.2,
      0.4,
      1.5,
      0.0,
      59.1,
      42.7,
      53.5,
      29.7,
      55.1,
      30.4,
      0.6,
      55.4,
      30.1
    ],
    [
      58.1,
      59.1,
      59.1,
      58.3,
      59.2,
      59.2,
      57.6,
      58.7,
      59.4,
      59.7,
      59.1,
      58.3,
      59.1,
      58.1,
      59.1,
      70.1,
      59.0,
      59.2,
      60.8,
      59.1,
      58.2,
      58.4,
      58.3,
      58.0,
      58.3,
      58.3,
      59.0,
      59.7,
      58.5,
      49.4,
      57.9,
      64.3,
      58.5,
      59.6,
      60.3,
      112.0,
      73.0,
      96.9,
      100.0,
      58.3,
      58.9,
      95.8,
      58.9,
      93.9,
      112.0,
      59.9,
      58.9,
      58.5,
      59.1,
      0.0,
      50.0,
      76.2,
      81.5,
      111.0,
      82.1,
      58.2,
      111.0,
      81.9
    ],
    [
      35.1,
      34.4,
      34.1,
      34.0,
      42.8,
      42.8,
      33.9,
      42.8,
      43.1,
      42.5,
      41.9,
      35.2,
      42.6,
      34.4,
      34.3,
      38.2,
      34.2,
      34.1,
      41.9,
      34.1,
      33.9,
      34.2,
      48.9,
      34.4,
      33.5,
      34.8,
      34.1,
      43.9,
      41.3,
      36.2,
      44.1,
      46.8,
      43.4,
      42.4,
      41.4,
      96.1,
      63.6,
      18.5,
      31.2,
      44.3,
      41.2,
      25.8,
      43.5,
      61.2,
      96.2,
      43.4,
      43.0,
      43.6,
      42.7,
      50.0,
      0.0,
      43.8,
      20.0,
      96.6,
      20.6,
      44.3,
      96.9,
      19.0
    ],
    [
      53.8,
      52.2,
      52.4,
      52.4,
      53.6,
      53.6,
      52.7,
      53.6,
      53.9,
      53.3,
      52.7,
      54.0,
      53.4,
      53.2,
      52.2,
      49.0,
      52.1,
      51.9,
      52.7,
      52.0,
      52.3,
      52.5,
      59.7,
      53.1,
      51.9,
      53.5,
      51.9,
      54.7,
      52.1,
      66.5,
      54.9,
      57.6,
      54.2,
      53.2,
      52.2,
      107.0,
      74.4,
      25.6,
      29.1,
      54.0,
      52.0,
      24.4,
      54.3,
      15.4,
      107.0,
      54.2,
      53.9,
      54.4,
      53.5,
      76.2,
      43.8,
      0.0,
      24.7,
      107.0,
      25.3,
      54.3,
      107.0,
      26.4
    ],
    [
      30.0,
      28.5,
      28.6,
      28.6,
      29.8,
      29.8,
      28.9,
      29.9,
      30.1,
      29.5,
      29.0,
      30.2,
      29.6,
      29.4,
      28.4,
      25.3,
      28.3,
      28.1,
      28.9,
      28.2,
      28.5,
      28.7,
      35.9,
      29.3,
      28.1,
      29.7,
      28.2,
      30.9,
      28.3,
      42.7,
      31.1,
      33.8,
      30.4,
      29.4,
      28.4,
      83.2,
      50.6,
      1.5,
      11.7,
      31.4,
      28.2,
      5.2,
      30.5,
      39.2,
      83.3,
      30.5,
      30.1,
      30.6,
      29.7,
      81.5,
      20.0,
      24.7,
      0.0,
      86.0,
      3.1,
      33.8,
      86.4,
      4.1
    ],
    [
      56.5,
      58.3,
      58.5,
      57.4,
      55.1,
      55.1,
      56.5,
      55.2,
      55.5,
      58.7,
      58.2,
      57.0,
      55.0,
      57.2,
      58.2,
      70.2,
      58.2,
      58.0,
      58.8,
      58.1,
      57.3,
      57.5,
      56.9,
      57.1,
      58.0,
      57.0,
      58.0,
      56.2,
      58.2,
      66.6,
      56.5,
      51.7,
      56.9,
      56.7,
      58.3,
      0.4,
      38.9,
      83.0,
      86.6,
      56.7,
      58.1,
      88.2,
      55.9,
      121.0,
      0.75,
      55.8,
      55.4,
      56.0,
      55.1,
      111.0,
      96.6,
      107.0,
      86.0,
      0.0,
      83.7,
      55.4,
      0.7,
      83.4
    ],
    [
      30.6,
      29.1,
      29.3,
      29.3,
      30.5,
      30.5,
      29.5,
      30.5,
      30.8,
      30.2,
      29.6,
      30.8,
      30.3,
      30.0,
      29.0,
      25.9,
      28.9,
      28.8,
      29.6,
      28.9,
      29.1,
      29.4,
      36.6,
      30.0,
      28.7,
      30.4,
      28.8,
      31.6,
      29.0,
      43.4,
      31.8,
      34.5,
      31.1,
      30.1,
      29.1,
      83.8,
      51.3,
      0.55,
      12.4,
      32.0,
      28.9,
      4.5,
      31.2,
      39.8,
      83.9,
      31.1,
      30.7,
      31.3,
      30.4,
      82.1,
      20.6,
      25.3,
      3.1,
      83.7,
      0.0,
      30.9,
      83.5,
      0.35
    ],
    [
      1.9,
      0.75,
      3.4,
      0.9,
      0.6,
      0.55,
      1.6,
      0.55,
      0.45,
      0.5,
      3.3,
      2.1,
      0.7,
      2.3,
      0.65,
      18.0,
      0.8,
      3.4,
      3.8,
      3.2,
      2.4,
      0.85,
      3.8,
      2.2,
      2.5,
      0.8,
      1.1,
      2.1,
      0.75,
      16.6,
      0.5,
      6.2,
      0.65,
      0.45,
      4.5,
      55.6,
      21.9,
      30.7,
      34.3,
      2.1,
      0.85,
      36.0,
      1.4,
      68.8,
      55.7,
      2.2,
      0.55,
      0.4,
      0.6,
      58.2,
      44.3,
      54.3,
      33.8,
      55.4,
      30.9,
      0.0,
      56.2,
      31.0
    ],
    [
      56.8,
      58.6,
      58.8,
      57.7,
      55.5,
      55.5,
      56.8,
      55.5,
      55.8,
      59.1,
      58.5,
      57.3,
      55.3,
      57.5,
      58.6,
      70.6,
      58.5,
      58.3,
      59.1,
      58.4,
      57.6,
      57.8,
      57.2,
      57.4,
      58.3,
      57.3,
      58.4,
      56.6,
      58.5,
      66.9,
      56.8,
      52.0,
      57.3,
      57.1,
      58.6,
      0.3,
      39.2,
      83.3,
      86.9,
      57.0,
      58.4,
      88.6,
      56.2,
      121.0,
      0.4,
      56.1,
      55.7,
      56.3,
      55.4,
      111.0,
      96.9,
      107.0,
      86.4,
      0.7,
      83.5,
      56.2,
      0.0,
      83.0
    ],
    [
      30.4,
      28.9,
      29.1,
      29.0,
      30.2,
      30.2,
      29.3,
      30.3,
      30.6,
      29.9,
      29.4,
      30.6,
      30.1,
      29.8,
      28.8,
      25.7,
      28.7,
      28.5,
      29.3,
      28.6,
      28.9,
      29.1,
      36.3,
      29.7,
      28.5,
      30.1,
      28.6,
      31.3,
      28.7,
      43.1,
      31.6,
      34.3,
      30.8,
      29.8,
      28.8,
      83.6,
      51.0,
      0.2,
      13.4,
      30.6,
      28.6,
      4.7,
      30.9,
      40.9,
      83.7,
      30.9,
      30.5,
      31.0,
      30.1,
      81.9,
      19.0,
      26.4,
      4.1,
      83.4,
      0.35,
      31.0,
      83.0,
      0.0
    ]
  ],
  "drive_time_matrix": [
    [
      0.0,
      7.0,
      4.0,
      8.0,
      8.0,
      8.0,
      4.0,
      11.0,
      8.0,
      8.0,
      9.0,
      7.0,
      8.0,
      8.0,
      7.0,
      23.0,
      7.0,
      9.0,
      10.0,
      9.0,
      9.0,
      7.0,
      7.0,
      7.0,
      8.0,
      8.0,
      9.0,
      5.0,
