{
  "drive_dist_matrix": [
    [
      0.0,
      0.35,
      0.19,
      0.8,
      0.11,
      2.0,
      0.3,
      0.022,
      2.4,
      0.8,
      1.0,
      3.1,
      2.0,
      2.0,
      1.8,
      5.7,
      0.7,
      0.11,
      1.0
    ],
    [
      0.35,
      0.0,
      0.018,
      3.3,
      0.21,
      4.4,
      0.09,
      0.3,
      4.1,
      0.6,
      0.8,
      4.5,
      4.3,
      4.4,
      4.2,
      6.5,
      0.7,
      0.24,
      2.7
    ],
    [
      0.19,
      0.018,
      0.0,
      0.65,
      0.083,
      3.5,
      0.11,
      0.17,
      3.2,
      0.6,
      0.8,
      4.1,
      3.4,
      3.5,
      3.3,
      5.5,
      0.7,
      0.26,
      0.6
    ],
    [
      0.8,
      3.3,
      0.65,
      0.0,
      0.85,
      1.0,
      0.5,
      0.8,
      1.8,
      0.041,
      0.6,
      2.5,
      0.7,
      0.9,
      0.6,
      6.7,
      0.065,
      0.7,
      0.45
    ],
    [
      0.11,
      0.21,
      0.083,
      0.85,
      0.0,
      3.4,
      0.3,
      0.085,
      3.1,
      0.8,
      2.5,
      4.0,
      3.3,
      3.4,
      3.2,
      5.4,
      0.9,
      0.18,
      0.8
    ],
    [
      2.0,
      4.4,
      3.5,
      1.0,
      3.4,
      0.0,
      1.5,
      1.1,
      0.5,
      1.0,
      0.4,
      2.4,
      0.27,
      1.3,
      0.45,
      6.9,
      0.85,
      1.1,
      1.0
    ],
    [
      0.3,
      0.09,
      0.11,
      0.5,
      0.3,
      1.5,
      0.0,
      0.27,
      4.1,
      0.5,
      0.75,
      4.5,
      1.2,
      4.4,
      4.2,
      6.5,
      0.6,
      0.19,
      0.55
    ],
    [
      0.022,
      0.3,
      0.17,
      0.8,
      0.085,
      1.1,
      0.27,
      0.0,
      2.4,
      0.8,
      1.0,
      3.1,
      2.0,
      2.1,
      1.9,
      5.7,
      0.85,
      0.087,
      0.75
    ],
    [
      2.4,
      4.1,
      3.2,
      1.8,
      3.1,
      0.5,
      4.1,
      2.4,
      0.0,
      1.6,
      0.8,
      1.0,
      0.6,
      1.6,
      0.6,
      7.1,
      1.6,
      1.5,
      1.0
    ],
    [
      0.8,
      0.6,
      0.6,
      0.041,
      0.8,
      1.0,
      0.5,
      0.8,
      1.6,
      0.0,
      0.6,
      4.7,
      0.75,
      4.6,
      0.6,
      6.7,
      0.11,
      0.7,
      0.45
    ],
    [
      1.0,
      0.8,
      0.8,
      0.6,
      2.5,
      0.4,
      0.75,
      1.0,
      0.8,
      0.6,
      0.0,
      2.0,
      0.65,
      0.9,
      0.55,
      7.8,
      0.6,
      0.85,
      0.65
    ],
    [
      3.1,
      4.5,
      4.1,
      2.5,
      4.0,
      2.4,
      4.5,
      3.1,
      1.0,
      4.7,
      2.0,
      0.0,
      0.9,
      0.35,
      0.75,
      8.0,
      2.3,
      2.2,
      1.7
    ],
    [
      2.0,
      4.3,
      3.4,
      0.7,
      3.3,
      0.27,
      1.2,
      2.0,
      0.6,
      0.75,
      0.65,
      0.9,
      0.0,
      0.75,
      0.18,
      7.2,
      0.65,
      1.3,
      1.2
    ],
    [
      2.0,
      4.4,
      3.5,
      0.9,
      3.4,
      1.3,
      4.4,
      2.1,
      1.6,
      4.6,
      0.9,
      0.35,
      0.75,
      0.0,
      0.6,
      8.1,
      0.85,
      2.3,
      1.8
    ],
    [
      1.8,
      4.2,
      3.3,
      0.6,
      3.2,
      0.45,
      4.2,
      1.9,
      0.6,
      0.6,
      0.55,
      0.75,
      0.18,
      0.6,
      0.0,
      7.3,
      0.5,
      1.5,
      1.0
    ],
    [
      5.7,
      6.5,
      5.5,
      6.7,
      5.4,
      6.9,
      6.5,
      5.7,
      7.1,
      6.7,
      7.8,
      8.0,
      7.2,
      8.1,
      7.3,
      0.0,
      6.2,
      4.8,
      5.5
    ],
    [
      0.7,
      0.7,
      0.7,
      0.065,
      0.9,
      0.85,
      0.6,
      0.85,
      1.6,
      0.11,
      0.6,
      2.3,
      0.65,
      0.85,
      0.5,
      6.2,
      0.0,
      0.75,
      0.5
    ],
    [
      0.11,
      0.24,
      0.26,
      0.7,
      0.18,
      1.1,
      0.19,
      0.087,
      1.5,
      0.7,
      0.85,
      2.2,
      1.3,
      2.3,
      1.5,
      4.8,
      0.75,
      0.0,
      0.65
    ],
    [
      1.0,
      2.7,
      0.6,
      0.45,
      0.8,
      1.0,
      0.55,
      0.75,
      1.0,
      0.45,
      0.65,
      1.7,
      1.2,
      1.8,
      1.0,
      5.5,
      0.5,
      0.65,
      0.0
    ]
  ],
  "drive_time_matrix": [
    [
      0.0,
      4.0,
      2.0,
      10.0,
      1.0,
      6.0,
      3.0,
      1.0,
      7.0,
      10.0,
      8.0,
      8.0,
      6.0,
      6.0,
      6.0,
      12.0,
      3.0,
      1.0,
      4.0
    ],
    [
      4.0,
      0.0,
      1.0,
      7.0,
      3.0,
      9.0,
      1.0,
      4.0,
      10.0,
      7.0,
      9.0,
      9.0,
      9.0,
      8.0,
      9.0,
      13.0,
      8.0,
      3.0,
      6.0
    ],
    [
      2.0,
      1.0,
      0.0,
      8.0,
      1.0,
      6.0,
      1.0,
      2.0,
      7.0,
      8.0,
      9.0,
      7.0,
      7.0,
      6.0,
      6.0,
      10.0,
      8.0,
      3.0,
      7.0
    ],
    [
      10.0,
      7.0,
      8.0,
      0.0,
      10.0,
      12.0,
      6.0,
      10.0,
      5.0,
      1.0,
      7.0,
      5.0,
      9.0,
      7.0,
      7.0,
      14.0,
      1.0,
      8.0,
      5.0
    ],
    [
      1.0,
      3.0,
      1.0,
      10.0,
      0.0,
      6.0,
      4.0,
      1.0,
      7.0,
      10.0,
      5.0,
      7.0,
      7.0,
      6.0,
      6.0,
      10.0,
      11.0,
      2.0,
      9.0
    ],
    [
      6.0,
      9.0,
      6.0,
      12.0,
      6.0,
      0.0,
      5.0,
      4.0,
      6.0,
      12.0,
      5.0,
      5.0,
      3.0,
      3.0,
      6.0,
      12.0,
      9.0,
      4.0,
      12.0
    ],
    [
      3.0,
      1.0,
      1.0,
      6.0,
      4.0,
      5.0,
      0.0,
      3.0,
      10.0,
      6.0,
      9.0,
      9.0,
      15.0,
      9.0,
      9.0,
      13.0,
      7.0,
      2.0,
      6.0
    ],
    [
      1.0,
      4.0,
      2.0,
      10.0,
      1.0,
      4.0,
      3.0,
      0.0,
      8.0,
      9.0,
      8.0,
      8.0,
      6.0,
      6.0,
      6.0,
      12.0,
      10.0,
      1.0,
      9.0
    ],
    [
      7.0,
      10.0,
      7.0,
      5.0,
      7.0,
      6.0,
      10.0,
      8.0,
      0.0,
      6.0,
      5.0,
      11.0,
      7.0,
      4.0,
      7.0,
      14.0,
      6.0,
      5.0,
      3.0
    ],
    [
      10.0,
      7.0,
      8.0,
      1.0,
      10.0,
      12.0,
      6.0,
      9.0,
      6.0,
      0.0,
      8.0,
      10.0,
      9.0,
      7.0,
      8.0,
      14.0,
      1.0,
      8.0,
      5.0
    ],
    [
      8.0,
      9.0,
      9.0,
      7.0,
      5.0,
      5.0,
      9.0,
      8.0,
      5.0,
      8.0,
      0.0,
      4.0,
      8.0,
      1.0,
      7.0,
      14.0,
      7.0,
      11.0,
      7.0
    ],
    [
      8.0,
      9.0,
      7.0,
      5.0,
      7.0,
      5.0,
      9.0,
      8.0,
      11.0,
      10.0,
      4.0,
      0.0,
      11.0,
      4.0,
      9.0,
      14.0,
      5.0,
      5.0,
      4.0
    ],
    [
      6.0,
      9.0,
      7.0,
      9.0,
      7.0,
      3.0,
      15.0,
      6.0,
      7.0,
      9.0,
      8.0,
      11.0,
      0.0,
      6.0,
      2.0,
      13.0,
      8.0,
      4.0,
      15.0
    ],
    [
      6.0,
      8.0,
      6.0,
      7.0,
      6.0,
      3.0,
      9.0,
      6.0,
      4.0,
      7.0,
      1.0,
      4.0,
      6.0,
      0.0,
      8.0,
      14.0,
      10.0,
      6.0,
      4.0
    ],
    [
      6.0,
      9.0,
      6.0,
      7.0,
      6.0,
      6.0,
      9.0,
      6.0,
      7.0,
      8.0,
      7.0,
      9.0,
      2.0,
      8.0,
      0.0,
      13.0,
      6.0,
      4.0,
      3.0
    ],
    [
      12.0,
      13.0,
      10.0,
      14.0,
      10.0,
      12.0,
      13.0,
      12.0,
      14.0,
      14.0,
      14.0,
      14.0,
      13.0,
      14.0,
      13.0,
      0.0,
      11.0,
      9.0,
      10.0
    ],
    [
      3.0,
      8.0,
      8.0,
      1.0,
      11.0,
      9.0,
      7.0,
      10.0,
      6.0,
      1.0,
      7.0,
      5.0,
      8.0,
      10.0,
      6.0,
      11.0,
      0.0,
      9.0,
      6.0
    ],
    [
      1.0,
      3.0,
      3.0,
      8.0,
      2.0,
      4.0,
      2.0,
      1.0,
      5.0,
      8.0,
      11.0,
      5.0,
      4.0,
      6.0,
      4.0,
      9.0,
      9.0,
      0.0,
      8.0
    ],
    [
      4.0,
      6.0,
      7.0,
      5.0,
      9.0,
      12.0,
      6.0,
      9.0,
      3.0,
      5.0,
      7.0,
      4.0,
      15.0,
      4.0,
      3.0,
      10.0,
      6.0,
      8.0,
      0.0
    ]
  ],
  "transit_dist_walk_matrix": [
    [
      0.0,
      NaN,
      NaN,
      NaN,
      NaN,
      0.66664,
      NaN,
      NaN,
      NaN,
      NaN,
      0.41665,
      NaN,
      0.66664,
      0.41665,
      0.49998,
      NaN,
      NaN,
      NaN,
      NaN
    ],
    [
      NaN,
      0.0,
      NaN,
      NaN,
      NaN,
      0.58331,
      NaN,
      NaN,
      0.41665,
      NaN,
      0.33332,
      0.58331,
      0.58331,
      0.33332,
      0.41665,
      NaN,
      NaN,
      NaN,
      NaN
    ],
    [
      NaN,
      NaN,
      0.0,
      NaN,
      NaN,
      0.58331,
      NaN,
      NaN,
      0.41665,
      NaN,
      0.33332,
      0.58331,
      0.58331,
      0.33332,
      0.41665,
      NaN,
      NaN,
      NaN,
      NaN
    ],
    [
      NaN,
      NaN,
      NaN,
      0.0,
      NaN,
      NaN,
      NaN,
      NaN,
      NaN,
      NaN,
      NaN,
      0.74997,
      NaN,
      0.49998,
      NaN,
      NaN,
      NaN,
      NaN,
      NaN
    ],
    [
      NaN,
      NaN,
      NaN,
      NaN,
      0.0,
      NaN,
      NaN,
      NaN,
      NaN,
      NaN,
      NaN,
      1.49994,
      NaN,
      1.2499500000000001,
      NaN,
      NaN,
      NaN,
      NaN,
      NaN
    ],
    [
      0.66664,
      0.58331,
      0.58331,
      NaN,
      NaN,
      0.0,
      NaN,
      NaN,
      NaN,
      0.8333,
      NaN,
      0.74997,
      NaN,
      0.49998,
      NaN,
      NaN,
      NaN,
      NaN,
      NaN
    ],
    [
      NaN,
      NaN,
      NaN,
      NaN,
      NaN,
      NaN,
      0.0,
      NaN,
      NaN,
      NaN,
      NaN,
      1.2499500000000001,
      NaN,
      0.99996,
      NaN,
      NaN,
      NaN,
      NaN,
      NaN
    ],
    [
      NaN,
      NaN,
      NaN,
      NaN,
      NaN,
      NaN,
      NaN,
      0.0,
      NaN,
      NaN,
      NaN,
      1.41661,
      NaN,
      1.16662,
      NaN,
      NaN,
      NaN,
      NaN,
      NaN
    ],
    [
      NaN,
      0.41665,
      0.41665,
      NaN,
      NaN,
      NaN,
      NaN,
      NaN,
      0.0,
      0.58331,
      0.24999,
      NaN,
      NaN,
      0.24999,
      NaN,
      NaN,
      0.49998,
      1.08329,
      0.8333
    ],
    [
      NaN,
      NaN,
      NaN,
      NaN,
      NaN,
      0.8333,
      NaN,
      NaN,
      0.58331,
      0.0,
      NaN,
      0.74997,
      NaN,
      0.49998,
      NaN,
      NaN,
      NaN,
      NaN,
      NaN
    ],
    [
      0.41665,
      0.33332,
      0.33332,
      NaN,
      NaN,
      NaN,
      NaN,
      NaN,
      0.24999,
      NaN,
      0.0,
      0.41665,
      NaN,
      0.16666,
      NaN,
      NaN,
      NaN,
      NaN,
      NaN
    ],
    [
      NaN,
      0.58331,
      0.58331,
      0.74997,
      1.49994,
      0.74997,
      1.2499500000000001,
      1.41661,
      NaN,
      0.74997,
      0.41665,
      0.0,
      NaN,
      NaN,
      NaN,
      NaN,
      NaN,
      NaN,
      NaN
    ],
    [
      0.66664,
      0.58331,
      0.58331,
      NaN,
      NaN,
      NaN,
      NaN,
      NaN,
      NaN,
      NaN,
      NaN,
      NaN,
      0.0,
      0.49998,
      NaN,
      NaN,
      NaN,
      NaN,
      NaN
    ],
    [
      0.41665,
      0.33332,
      0.33332,
      0.49998,
      1.2499500000000001,
      0.49998,
      0.99996,
      1.16662,
      0.24999,
      0.49998,
      0.16666,
      NaN,
      0.49998,
      0.0,
      NaN,
      NaN,
      NaN,
      NaN,
      NaN
    ],
    [
      0.49998,
      0.41665,
      0.41665,
      NaN,
      NaN,
      NaN,
      NaN,
      NaN,
      NaN,
      NaN,
      NaN,
      NaN,
      NaN,
      NaN,
      0.0,
      NaN,
      NaN,
      NaN,
      NaN
    ],
    [
      NaN,
      NaN,
      NaN,
      NaN,
      NaN,
      NaN,
      NaN,
      NaN,
      NaN,
      NaN,
      NaN,
      NaN,
      NaN,
      NaN,
      NaN,
      0.0,
      NaN,
      NaN,
      NaN
    ],
    [
      NaN,
      NaN,
      NaN,
      NaN,
      NaN,
      NaN,
      NaN,
      NaN,
      0.49998,
      NaN,
      NaN,
      NaN,
      NaN,
      NaN,
      NaN,
      NaN,
      0.0,
      NaN,
      NaN
    ],
    [
      NaN,
      NaN,
      NaN,
      NaN,
      NaN,
      NaN,
      NaN,
      NaN,
      1.08329,
      NaN,
      NaN,
      NaN,
      NaN,
      NaN,
      NaN,
      NaN,
      NaN,
      0.0,
      NaN
    ],
    [
      NaN,
      NaN,
      NaN,
      NaN,
      NaN,
      NaN,
      NaN,
      NaN,
      0.8333,
      NaN,
      NaN,
      NaN,
      NaN,
      NaN,
      NaN,
      NaN,
      NaN,
      NaN,
      0.0
    ]
  ],
  "transit_time_matrix": [
    [
      0.0,
      NaN,
      NaN,
      NaN,
      NaN,
      11.0,
      NaN,
      NaN,
      0.0,
      NaN,
      8.0,
      0.0,
      6.0,
      11.0,
      12.0,
      NaN,
      NaN,
      NaN,
      NaN
    ],
    [
      NaN,
      0.0,
      NaN,
      NaN,
      NaN,
      12.0,
      NaN,
      NaN,
      10.0,
      NaN,
      9.0,
      9.0,
      9.0,
      12.0,
      9.0,
      NaN,
      NaN,
      NaN,
      NaN
    ],
    [
      NaN,
      NaN,
      0.0,
      NaN,
      NaN,
      12.0,
      NaN,
      NaN,
      7.0,
      NaN,
      9.0,
      16.0,
      15.0,
      12.0,
      13.0,
      NaN,
      NaN,
      NaN,
      NaN
    ],
    [
      NaN,
      NaN,
      NaN,
      0.0,
      NaN,
      NaN,
      NaN,
      NaN,
      0.0,
      NaN,
      NaN,
      5.0,
      NaN,
      7.0,
      NaN,
      NaN,
      NaN,
      NaN,
      NaN
    ],
    [
      NaN,
      NaN,
      NaN,
      NaN,
      0.0,
      NaN,
      NaN,
      NaN,
      0.0,
      NaN,
      0.0,
      20.0,
      0.0,
      16.0,
      0.0,
      NaN,
      NaN,
      NaN,
      NaN
    ],
    [
      11.0,
      12.0,
      12.0,
      NaN,
      NaN,
      0.0,
      NaN,
      NaN,
      NaN,
      12.0,
      NaN,
      13.0,
      NaN,
      9.0,
      NaN,
      NaN,
      0.0,
      NaN,
      NaN
    ],
    [
      NaN,
      NaN,
      NaN,
      NaN,
      NaN,
      NaN,
      0.0,
      NaN,
      0.0,
      NaN,
      NaN,
      17.0,
      NaN,
      9.0,
      0.0,
      NaN,
      NaN,
      NaN,
      NaN
    ],
    [
      NaN,
      NaN,
      NaN,
      NaN,
      NaN,
      NaN,
      NaN,
      0.0,
      0.0,
      NaN,
      0.0,
      8.0,
      0.0,
      15.0,
      0.0,
      NaN,
      NaN,
      NaN,
      NaN
    ],
    [
      0.0,
      10.0,
      7.0,
      0.0,
      0.0,
      NaN,
      0.0,
      0.0,
      0.0,
      10.0,
      5.0,
      0.0,
      NaN,
      7.0,
      NaN,
      NaN,
      9.0,
      16.0,
      3.0
    ],
    [
      NaN,
      NaN,
      NaN,
      NaN,
      NaN,
      12.0,
      NaN,
      NaN,
      10.0,
      0.0,
      NaN,
      11.0,
      NaN,
      7.0,
      NaN,
      NaN,
      NaN,
      NaN,
      NaN
    ],
    [
      8.0,
      9.0,
      9.0,
      NaN,
      0.0,
      NaN,
      NaN,
      0.0,
      5.0,
      NaN,
      0.0,
      4.0,
      0.0,
      3.0,
      0.0,
      NaN,
      NaN,
      NaN,
      NaN
    ],
    [
      0.0,
      9.0,
      16.0,
      5.0,
      20.0,
      13.0,
      17.0,
      8.0,
      0.0,
      11.0,
      4.0,
      0.0,
      NaN,
      NaN,
      NaN,
      NaN,
      NaN,
      0.0,
      0.0
    ],
    [
      6.0,
      9.0,
      15.0,
      NaN,
      0.0,
      NaN,
      NaN,
      0.0,
      NaN,
      NaN,
      0.0,
      NaN,
      0.0,
      6.0,
      NaN,
      NaN,
      NaN,
      0.0,
      NaN
    ],
    [
      11.0,
      12.0,
      12.0,
      7.0,
      16.0,
      9.0,
      9.0,
      15.0,
      7.0,
      7.0,
      3.0,
      NaN,
      6.0,
      0.0,
      NaN,
      NaN,
      NaN,
      NaN,
      0.0
    ],
    [
      12.0,
      9.0,
      13.0,
      NaN,
      0.0,
      NaN,
      0.0,
      0.0,
      NaN,
      NaN,
      0.0,
      NaN,
      NaN,
      NaN,
      0.0,
      NaN,
      NaN,
      0.0,
      NaN
    ],
    [
      NaN,
      NaN,
      NaN,
      NaN,
      NaN,
      NaN,
      NaN,
      NaN,
      NaN,
      NaN,
      NaN,
      NaN,
      NaN,
      NaN,
      NaN,
      0.0,
      NaN,
      NaN,
      NaN
    ],
    [
      NaN,
      NaN,
      NaN,
      NaN,
      NaN,
      0.0,
      NaN,
      NaN,
      9.0,
      NaN,
      NaN,
      NaN,
      NaN,
      NaN,
      NaN,
      NaN,
      0.0,
      NaN,
      NaN
    ],
    [
      NaN,
      NaN,
      NaN,
      NaN,
      NaN,
      NaN,
      NaN,
      NaN,
      16.0,
      NaN,
      NaN,
      0.0,
      0.0,
      NaN,
      0.0,
      NaN,
      NaN,
      0.0,
      NaN
    ],
    [
      NaN,
      NaN,
      NaN,
      NaN,
      NaN,
      NaN,
      NaN,
      NaN,
      3.0,
      NaN,
      NaN,
      0.0,
      NaN,
      0.0,
      NaN,
      NaN,
      NaN,
      NaN,
      0.0
    ]
  ],
  "walk_dist_matrix": [
    [
      0.0,
      0.35,
      0.19,
      0.8,
      0.11,
      1.2,
      0.3,
      0.022,
      1.6,
      0.8,
      1.0,
      2.1,
      1.5,
      1.8,
      1.4,
      4.8,
      0.9,
      0.11,
      0.75
    ],
    [
      0.35,
      0.0,
      0.018,
      0.6,
      0.21,
      1.1,
      0.09,
      0.3,
      1.5,
      0.6,
      0.8,
      1.9,
      1.4,
      1.5,
      1.3,
      4.9,
      0.7,
      0.24,
      0.6
    ],
    [
      0.19,
      0.018,
      0.0,
      0.65,
      0.083,
      1.1,
      0.11,
      0.17,
      1.5,
      0.6,
      0.8,
      1.9,
      1.4,
      1.5,
      1.3,
      4.9,
      0.7,
      0.26,
      0.6
    ],
    [
      0.8,
      0.6,
      0.65,
      0.0,
      0.85,
      1.0,
      0.5,
      0.8,
      1.2,
      0.041,
      0.6,
      1.3,
      0.7,
      0.9,
      0.6,
      5.4,
      0.065,
      0.7,
      0.45
    ],
    [
      0.11,
      0.21,
      0.083,
      0.85,
      0.0,
      1.3,
      0.3,
      0.085,
      1.7,
      0.8,
      1.0,
      2.1,
      1.5,
      1.7,
      1.5,
      4.8,
      0.9,
      0.18,
      0.8
    ],
    [
      1.2,
      1.1,
      1.1,
      1.0,
      1.3,
      0.0,
      1.1,
      1.2,
      0.5,
      1.0,
      0.4,
      1.1,
      0.27,
      1.0,
      0.45,
      5.7,
      0.85,
      1.1,
      1.0
    ],
    [
      0.3,
      0.09,
      0.11,
      0.5,
      0.3,
      1.1,
      0.0,
      0.27,
      1.5,
      0.5,
      0.75,
      1.8,
      1.2,
      1.4,
      1.1,
      4.9,
      0.6,
      0.19,
      0.55
    ],
    [
      0.022,
      0.3,
      0.17,
      0.8,
      0.085,
      1.2,
      0.27,
      0.0,
      1.6,
      0.8,
      1.0,
      2.1,
      1.4,
      1.7,
      1.4,
      4.7,
      0.85,
      0.087,
      0.75
    ],
    [
      1.6,
      1.5,
      1.5,
      1.2,
      1.7,
      0.5,
      1.5,
      1.6,
      0.0,
      1.2,
      0.8,
      1.0,
      0.6,
      1.2,
      0.6,
      6.1,
      1.1,
      1.5,
      1.4
    ],
    [
      0.8,
      0.6,
      0.6,
      0.041,
      0.8,
      1.0,
      0.5,
      0.8,
      1.2,
      0.0,
      0.6,
      1.3,
      0.75,
      0.95,
      0.6,
      5.4,
      0.11,
      0.7,
      0.45
    ],
    [
      1.0,
      0.8,
      0.8,
      0.6,
      1.0,
      0.4,
      0.75,
      1.0,
      0.8,
      0.6,
      0.0,
      1.2,
      0.65,
      0.9,
      0.55,
      5.6,
      0.6,
      0.85,
      0.65
    ],
    [
      2.1,
      1.9,
      1.9,
      1.3,
      2.1,
      1.1,
      1.8,
      2.1,
      1.0,
      1.3,
      1.2,
      0.0,
      0.9,
      0.35,
      0.75,
      6.7,
      1.2,
      2.0,
      1.8
    ],
    [
      1.5,
      1.4,
      1.4,
      0.7,
      1.5,
      0.27,
      1.2,
      1.4,
      0.6,
      0.75,
      0.65,
      0.9,
      0.0,
      0.75,
      0.18,
      6.0,
      0.65,
      1.4,
      1.2
    ],
    [
      1.8,
      1.5,
      1.5,
      0.9,
      1.7,
      1.0,
      1.4,
      1.7,
      1.2,
      0.95,
      0.9,
      0.35,
      0.75,
      0.0,
      0.6,
      6.3,
      0.85,
      1.7,
      1.4
    ],
    [
      1.4,
      1.3,
      1.3,
      0.6,
      1.5,
      0.45,
      1.1,
      1.4,
      0.6,
      0.6,
      0.55,
      0.75,
      0.18,
      0.6,
      0.0,
      6.0,
      0.5,
      1.4,
      1.1
    ],
    [
      4.8,
      4.9,
      4.9,
      5.4,
      4.8,
      5.7,
      4.9,
      4.7,
      6.1,
      5.4,
      5.6,
      6.7,
      6.0,
      6.3,
      6.0,
      0.0,
      5.5,
      4.7,
      5.3
    ],
    [
      0.9,
      0.7,
      0.7,
      0.065,
      0.9,
      0.85,
      0.6,
      0.85,
      1.1,
      0.11,
      0.6,
      1.2,
      0.65,
      0.85,
      0.5,
      5.5,
      0.0,
      0.75,
      0.5
    ],
    [
      0.11,
      0.24,
      0.26,
      0.7,
      0.18,
      1.1,
      0.19,
      0.087,
      1.5,
      0.7,
      0.85,
      2.0,
      1.4,
      1.7,
      1.4,
      4.7,
      0.75,
      0.0,
      0.65
    ],
    [
      0.75,
      0.6,
      0.6,
      0.45,
      0.8,
      1.0,
      0.55,
      0.75,
      1.4,
      0.45,
      0.65,
      1.8,
      1.2,
      1.4,
      1.1,
      5.3,
      0.5,
      0.65,
      0.0
    ]
  ],
  "walk_time_matrix": [
    [
      0.0,
      4.0,
      2.0,
      10.0,
      1.0,
      11.0,
      3.0,
      1.0,
      20.0,
      10.0,
      8.0,
      26.0,
      14.0,
      11.0,
      12.0,
      59.0,
      11.0,
      1.0,
      9.0
    ],
    [
      4.0,
      0.0,
      1.0,
      7.0,
      3.0,
      14.0,
      1.0,
      4.0,
      18.0,
      7.0,
      9.0,
      23.0,
      17.0,
      18.0,
      16.0,
      61.0,
      8.0,
      3.0,
      7.0
    ],
    [
      2.0,
      1.0,
      0.0,
      8.0,
      1.0,
      12.0,
      1.0,
      2.0,
      19.0,
      8.0,
      9.0,
      24.0,
      17.0,
      18.0,
      16.0,
      60.0,
      8.0,
      3.0,
      7.0
    ],
    [
      10.0,
      7.0,
      8.0,
      0.0,
      10.0,
      12.0,
      6.0,
      10.0,
      14.0,
      1.0,
      7.0,
      11.0,
      9.0,
      7.0,
      7.0,
      66.0,
      1.0,
      8.0,
      5.0
    ],
    [
      1.0,
      3.0,
      1.0,
      10.0,
      0.0,
      16.0,
      4.0,
      1.0,
      20.0,
      10.0,
      12.0,
      26.0,
      19.0,
      16.0,
      18.0,
      59.0,
      11.0,
      2.0,
      9.0
    ],
    [
      11.0,
      14.0,
      12.0,
      12.0,
      16.0,
      0.0,
      13.0,
      15.0,
      6.0,
      12.0,
      5.0,
      13.0,
      3.0,
      9.0,
      6.0,
      71.0,
      10.0,
      14.0,
      12.0
    ],
    [
      3.0,
      1.0,
      1.0,
      6.0,
      4.0,
      13.0,
      0.0,
      3.0,
      18.0,
      6.0,
      9.0,
      17.0,
      15.0,
      17.0,
      13.0,
      60.0,
      7.0,
      2.0,
      6.0
    ],
    [
      1.0,
      4.0,
      2.0,
      10.0,
      1.0,
      15.0,
      3.0,
      0.0,
      19.0,
      9.0,
      11.0,
      19.0,
      17.0,
      21.0,
      17.0,
      58.0,
      10.0,
      1.0,
      9.0
    ],
    [
      20.0,
      18.0,
      19.0,
      14.0,
      20.0,
      6.0,
      18.0,
      19.0,
      0.0,
      10.0,
      5.0,
      12.0,
      7.0,
      15.0,
      7.0,
      75.0,
      9.0,
      19.0,
      13.0
    ],
    [
      10.0,
      7.0,
      8.0,
      1.0,
      10.0,
      12.0,
      6.0,
      9.0,
      10.0,
      0.0,
      8.0,
      16.0,
      9.0,
      11.0,
      8.0,
      66.0,
      1.0,
      8.0,
      5.0
    ],
    [
      8.0,
      9.0,
      9.0,
      7.0,
      12.0,
      5.0,
      9.0,
      11.0,
      5.0,
      8.0,
      0.0,
      7.0,
      8.0,
      3.0,
      7.0,
      68.0,
      7.0,
      11.0,
      7.0
    ],
    [
      26.0,
      23.0,
      24.0,
      11.0,
      26.0,
      13.0,
      17.0,
      19.0,
      12.0,
      16.0,
      7.0,
      0.0,
      11.0,
      4.0,
      9.0,
      82.0,
      15.0,
      24.0,
      22.0
    ],
    [
      14.0,
      17.0,
      17.0,
      9.0,
      19.0,
      3.0,
      15.0,
      17.0,
      7.0,
      9.0,
      8.0,
      11.0,
      0.0,
      6.0,
      2.0,
      74.0,
      8.0,
      16.0,
      15.0
    ],
    [
      11.0,
      18.0,
      18.0,
      7.0,
      16.0,
      9.0,
      17.0,
      21.0,
      15.0,
      11.0,
      3.0,
      4.0,
      6.0,
      0.0,
      8.0,
      77.0,
      10.0,
      20.0,
      17.0
    ],
    [
      12.0,
      16.0,
      16.0,
      7.0,
      18.0,
      6.0,
      13.0,
      17.0,
      7.0,
      8.0,
      7.0,
      9.0,
      2.0,
      8.0,
      0.0,
      74.0,
      6.0,
      17.0,
      14.0
    ],
    [
      59.0,
      61.0,
      60.0,
      66.0,
      59.0,
      71.0,
      60.0,
      58.0,
      75.0,
      66.0,
      68.0,
      82.0,
      74.0,
      77.0,
      74.0,
      0.0,
      67.0,
      58.0,
      66.0
    ],
    [
      11.0,
      8.0,
      8.0,
      1.0,
      11.0,
      10.0,
      7.0,
      10.0,
      9.0,
      1.0,
      7.0,
      15.0,
      8.0,
      10.0,
      6.0,
      67.0,
      0.0,
      9.0,
      6.0
    ],
    [
      1.0,
      3.0,
      3.0,
      8.0,
      2.0,
      14.0,
      2.0,
      1.0,
      19.0,
      8.0,
      11.0,
      24.0,
      16.0,
      20.0,
      17.0,
      58.0,
      9.0,
      0.0,
      8.0
    ],
    [
      9.0,
      7.0,
      7.0,
      5.0,
      9.0,
      12.0,
      6.0,
      9.0,
      13.0,
      5.0,
      7.0,
      22.0,
      15.0,
      17.0,
      14.0,
      66.0,
      6.0,
      8.0,
      0.0
    ]
  ],
  "cycle_dist_matrix": [
    [
      0.0,
      0.35,
      0.19,
      0.8,
      0.11,
      1.2,
      0.3,
      0.022,
      1.6,
      0.8,
      1.0,
      2.1,
      1.5,
      1.8,
      1.4,
      4.8,
      0.9,
      0.11,
      0.75
    ],
    [
      0.35,
      0.0,
      0.018,
      0.6,
      0.21,
      1.1,
      0.09,
      0.3,
      1.5,
      0.6,
      NaN,
      1.9,
      1.4,
      1.5,
      1.3,
      4.9,
      0.7,
      0.24,
      0.6
    ],
    [
      0.19,
      0.018,
      0.0,
      0.65,
      0.083,
      1.1,
      0.11,
      0.17,
      1.5,
      0.6,
      NaN,
      1.9,
      1.4,
      1.5,
      1.3,
      4.9,
      0.7,
      0.26,
      0.6
    ],
    [
      0.8,
      0.6,
      0.65,
      0.0,
      0.85,
      1.0,
      0.5,
      0.8,
      1.2,
      0.041,
      0.6,
      1.3,
      0.7,
      0.9,
      0.6,
      5.4,
      0.065,
      0.7,
      0.45
    ],
    [
      0.11,
      0.21,
      0.083,
      0.85,
      0.0,
      1.3,
      0.3,
      0.085,
      1.7,
      0.8,
      1.0,
      2.1,
      1.5,
      1.7,
      1.5,
      4.8,
      0.9,
      0.18,
      0.8
    ],
    [
      1.2,
      1.1,
      1.1,
      1.0,
      1.3,
      0.0,
      1.1,
      1.2,
      0.5,
      1.0,
      0.4,
      NaN,
      0.27,
      1.0,
      0.45,
      5.7,
      0.85,
      1.1,
      1.0
    ],
    [
      0.3,
      0.09,
      0.11,
      0.5,
      0.3,
      1.1,
      0.0,
      0.27,
      1.5,
      0.5,
      0.75,
      1.8,
      1.2,
      1.4,
      1.1,
      4.9,
      0.6,
      0.19,
      0.55
    ],
    [
      0.022,
      0.3,
      0.17,
      0.8,
      0.085,
      1.2,
      0.27,
      0.0,
      1.6,
      0.8,
      1.0,
      2.1,
      1.4,
      1.7,
      1.4,
      4.7,
      0.85,
      0.087,
      0.75
    ],
    [
      1.6,
      1.5,
      1.5,
      1.2,
      1.7,
      0.5,
      1.5,
      1.6,
      0.0,
      1.2,
      0.8,
      1.0,
      0.6,
      1.2,
      0.6,
      6.1,
      1.1,
      1.5,
      1.4
    ],
    [
      0.8,
      0.6,
      0.6,
      0.041,
      0.8,
      1.0,
      0.5,
      0.8,
      1.2,
      0.0,
      0.6,
      1.3,
      0.75,
      0.95,
      0.6,
      5.4,
      0.11,
      0.7,
      0.45
    ],
    [
      1.0,
      NaN,
      NaN,
      0.6,
      1.0,
      0.4,
      0.75,
      1.0,
      0.8,
      0.6,
      0.0,
      1.2,
      0.65,
      0.9,
      0.55,
      5.6,
      0.6,
      0.85,
      0.65
    ],
    [
      2.1,
      1.9,
      1.9,
      1.3,
      2.1,
      NaN,
      1.8,
      2.1,
      1.0,
      1.3,
      1.2,
      0.0,
      0.9,
      0.35,
      0.75,
      6.7,
      1.2,
      2.0,
      1.8
    ],
    [
      1.5,
      1.4,
      1.4,
      0.7,
      1.5,
      0.27,
      1.2,
      1.4,
      0.6,
      0.75,
      0.65,
      0.9,
      0.0,
      NaN,
      0.18,
      6.0,
      0.65,
      1.4,
      1.2
    ],
    [
      1.8,
      1.5,
      1.5,
      0.9,
      1.7,
      1.0,
      1.4,
      1.7,
      1.2,
      0.95,
      0.9,
      0.35,
      NaN,
      0.0,
      0.6,
      6.3,
      0.85,
      1.7,
      1.4
    ],
    [
      1.4,
      1.3,
      1.3,
      0.6,
      1.5,
      0.45,
      1.1,
      1.4,
      0.6,
      0.6,
      0.55,
      0.75,
      0.18,
      0.6,
      0.0,
      6.0,
      0.5,
      1.4,
      1.1
    ],
    [
      4.8,
      4.9,
      4.9,
      5.4,
      4.8,
      5.7,
      4.9,
      4.7,
      6.1,
      5.4,
      5.6,
      6.7,
      6.0,
      6.3,
      6.0,
      0.0,
      5.5,
      4.7,
      5.3
    ],
    [
      0.9,
      0.7,
      0.7,
      0.065,
      0.9,
      0.85,
      0.6,
      0.85,
      1.1,
      0.11,
      0.6,
      1.2,
      0.65,
      0.85,
      0.5,
      5.5,
      0.0,
      0.75,
      0.5
    ],
    [
      0.11,
      0.24,
      0.26,
      0.7,
      0.18,
      1.1,
      0.19,
      0.087,
      1.5,
      0.7,
      0.85,
      2.0,
      1.4,
      1.7,
      1.4,
      4.7,
      0.75,
      0.0,
      0.65
    ],
    [
      0.75,
      0.6,
      0.6,
      0.45,
      0.8,
      1.0,
      0.55,
      0.75,
      1.4,
      0.45,
      0.65,
      1.8,
      1.2,
      1.4,
      1.1,
      5.3,
      0.5,
      0.65,
      0.0
    ]
  ],
  "cycle_time_matrix": [
    [
      0.0,
      4.0,
      2.0,
      10.0,
      1.0,
      15.0,
      3.0,
      1.0,
      20.0,
      10.0,
      12.0,
      26.0,
      18.0,
      21.0,
      18.0,
      59.0,
      11.0,
      1.0,
      9.0
    ],
    [
      4.0,
      0.0,
      1.0,
      7.0,
      3.0,
      14.0,
      1.0,
      4.0,
      19.0,
      7.0,
      NaN,
      23.0,
      17.0,
      18.0,
      16.0,
      61.0,
      8.0,
      3.0,
      7.0
    ],
    [
      2.0,
      1.0,
      0.0,
      8.0,
      1.0,
      14.0,
      1.0,
      2.0,
      19.0,
      8.0,
      NaN,
      24.0,
      17.0,
      18.0,
      16.0,
      60.0,
      8.0,
      3.0,
      7.0
    ],
    [
      10.0,
      7.0,
      8.0,
      0.0,
      10.0,
      12.0,
      6.0,
      10.0,
      14.0,
      1.0,
      7.0,
      15.0,
      9.0,
      7.0,
      7.0,
      66.0,
      1.0,
      8.0,
      5.0
    ],
    [
      1.0,
      3.0,
      1.0,
      10.0,
      0.0,
      16.0,
      4.0,
      1.0,
      21.0,
      10.0,
      12.0,
      26.0,
      19.0,
      21.0,
      18.0,
      59.0,
      11.0,
      2.0,
      9.0
    ],
    [
      15.0,
      14.0,
      14.0,
      12.0,
      16.0,
      0.0,
      13.0,
      15.0,
      6.0,
      12.0,
      5.0,
      NaN,
      3.0,
      12.0,
      6.0,
      71.0,
      10.0,
      14.0,
      12.0
    ],
    [
      3.0,
      1.0,
      1.0,
      6.0,
      4.0,
      13.0,
      0.0,
      3.0,
      18.0,
      6.0,
      9.0,
      22.0,
      15.0,
      17.0,
      14.0,
      60.0,
      7.0,
      2.0,
      6.0
    ],
    [
      1.0,
      4.0,
      2.0,
      10.0,
      1.0,
      15.0,
      3.0,
      0.0,
      19.0,
      9.0,
      11.0,
      25.0,
      18.0,
      21.0,
      17.0,
      58.0,
      10.0,
      1.0,
      9.0
    ],
    [
      20.0,
      19.0,
      19.0,
      14.0,
      21.0,
      6.0,
      18.0,
      19.0,
      0.0,
      10.0,
      5.0,
      12.0,
      7.0,
      15.0,
      7.0,
      75.0,
      9.0,
      19.0,
      13.0
    ],
    [
      10.0,
      7.0,
      8.0,
      1.0,
      10.0,
      12.0,
      6.0,
      9.0,
      10.0,
      0.0,
      8.0,
      16.0,
      9.0,
      11.0,
      8.0,
      66.0,
      1.0,
      8.0,
      5.0
    ],
    [
      12.0,
      NaN,
      NaN,
      7.0,
      12.0,
      5.0,
      9.0,
      11.0,
      5.0,
      8.0,
      0.0,
      15.0,
      8.0,
      3.0,
      7.0,
      68.0,
      7.0,
      11.0,
      7.0
    ],
    [
      26.0,
      23.0,
      24.0,
      15.0,
      26.0,
      NaN,
      22.0,
      25.0,
      12.0,
      16.0,
      15.0,
      0.0,
      11.0,
      4.0,
      9.0,
      82.0,
      15.0,
      25.0,
      22.0
    ],
    [
      18.0,
      17.0,
      17.0,
      9.0,
      19.0,
      3.0,
      15.0,
      18.0,
      7.0,
      9.0,
      8.0,
      11.0,
      0.0,
      NaN,
      2.0,
      74.0,
      8.0,
      17.0,
      15.0
    ],
    [
      21.0,
      18.0,
      18.0,
      7.0,
      21.0,
      12.0,
      17.0,
      21.0,
      15.0,
      11.0,
      3.0,
      4.0,
      NaN,
      0.0,
      8.0,
      77.0,
      10.0,
      20.0,
      17.0
    ],
    [
      18.0,
      16.0,
      16.0,
      7.0,
      18.0,
      6.0,
      14.0,
      17.0,
      7.0,
      8.0,
      7.0,
      9.0,
      2.0,
      8.0,
      0.0,
      74.0,
      6.0,
      17.0,
      14.0
    ],
    [
      59.0,
      61.0,
      60.0,
      66.0,
      59.0,
      71.0,
      60.0,
      58.0,
      75.0,
      66.0,
      68.0,
      82.0,
      74.0,
      77.0,
      74.0,
      0.0,
      67.0,
      58.0,
      66.0
    ],
    [
      11.0,
      8.0,
      8.0,
      1.0,
      11.0,
      10.0,
      7.0,
      10.0,
      9.0,
      1.0,
      7.0,
      15.0,
      8.0,
      10.0,
      6.0,
      67.0,
      0.0,
      9.0,
      6.0
    ],
    [
      1.0,
      3.0,
      3.0,
      8.0,
      2.0,
      14.0,
      2.0,
      1.0,
      19.0,
      8.0,
      11.0,
      25.0,
      17.0,
      20.0,
      17.0,
      58.0,
      9.0,
      0.0,
      8.0
    ],
    [
      9.0,
      7.0,
      7.0,
      5.0,
      9.0,
      12.0,
      6.0,
      9.0,
      13.0,
      5.0,
      7.0,
      22.0,
      15.0,
      17.0,
      14.0,
      66.0,
      6.0,
      8.0,
      0.0
    ]
  ]
}