{
  "drive_dist_matrix": [
    [
      0.0,
      4.5,
      2.2,
      2.9,
      3.2,
      2.4,
      2.3,
      3.3,
      1.7,
      1.4,
      2.2,
      2.7,
      1.5,
      0.14,
      5.1,
      0.85,
      0.35,
      2.2,
      1.9,
      3.1,
      4.3,
      2.3,
      37.5,
      3.4,
      71.0,
      2.4,
      1.4,
      1.4,
      1.3,
      1.8,
      2.7,
      15.8,
      1.9,
      3.6,
      23.1,
      6.0,
      15.5,
      1.1,
      14.3,
      24.4,
      89.7,
      74.1,
      61.6,
      26.9,
      27.8,
      19.1,
      8.7,
      94.4,
      1.3,
      64.5,
      19.1,
      27.3
    ],
    [
      4.5,
      0.0,
      3.2,
      3.3,
      2.8,
      3.0,
      3.6,
      1.1,
      3.9,
      4.9,
      3.4,
      3.1,
      5.8,
      6.4,
      3.0,
      5.6,
      5.3,
      3.4,
      4.3,
      5.6,
      0.19,
      3.6,
      39.0,
      5.8,
      72.5,
      3.0,
      4.6,
      4.2,
      5.5,
      4.6,
      3.1,
      15.5,
      4.0,
      6.0,
      24.6,
      7.9,
      15.2,
      5.6,
      19.2,
      25.8,
      94.6,
      75.5,
      66.5,
      28.3,
      29.2,
      25.8,
      6.5,
      95.8,
      5.8,
      66.0,
      25.8,
      28.8
    ],
    [
      2.2,
      3.2,
      0.0,
      0.23,
      1.4,
      0.25,
      0.8,
      0.95,
      0.75,
      2.4,
      0.22,
      0.45,
      2.9,
      3.3,
      3.9,
      2.4,
      2.2,
      0.22,
      1.0,
      3.1,
      2.0,
      0.8,
      39.9,
      3.3,
      73.4,
      0.25,
      2.0,
      0.55,
      2.6,
      2.0,
      0.45,
      16.4,
      0.45,
      3.5,
      25.5,
      5.8,
      16.1,
      2.4,
      14.3,
      26.8,
      89.7,
      76.4,
      61.6,
      29.3,
      30.1,
      26.7,
      6.7,
      96.7,
      2.6,
      66.9,
      26.7,
      29.7
    ],
    [
      2.9,
      3.3,
      0.23,
      0.0,
      1.8,
      0.2,
      1.8,
      0.75,
      0.8,
      3.2,
      0.048,
      0.26,
      3.7,
      3.9,
      3.6,
      3.0,
      2.8,
      0.046,
      2.5,
      3.9,
      1.9,
      1.8,
      39.5,
      4.1,
      73.0,
      0.2,
      2.8,
      0.6,
      3.2,
      2.8,
      0.26,
      16.1,
      0.65,
      4.3,
      25.1,
      6.6,
      15.8,
      3.0,
      15.1,
      26.4,
      90.5,
      76.1,
      62.4,
      28.9,
      29.8,
      26.3,
      6.9,
      96.4,
      3.2,
      66.5,
      26.3,
      29.3
    ],
    [
      3.2,
      2.8,
      1.4,
      1.8,
      0.0,
      1.2,
      1.2,
      2.0,
      2.2,
      2.4,
      1.6,
      1.3,
      3.3,
      3.6,
      5.9,
      3.8,
      3.0,
      1.6,
      1.8,
      3.0,
      2.6,
      1.1,
      41.8,
      3.3,
      75.3,
      1.2,
      2.1,
      2.0,
      3.0,
      2.1,
      1.3,
      18.4,
      1.5,
      3.5,
      27.4,
      5.4,
      18.1,
      2.9,
      14.2,
      28.6,
      89.6,
      78.3,
      61.5,
      31.1,
      32.0,
      28.6,
      5.7,
      98.6,
      3.2,
      68.8,
      28.6,
      31.6
    ],
    [
      2.4,
      3.0,
      0.25,
      0.2,
      1.2,
      0.0,
      1.1,
      0.7,
      0.9,
      2.8,
      0.21,
      0.27,
      3.0,
      3.4,
      3.8,
      2.5,
      2.3,
      0.21,
      2.1,
      3.9,
      1.9,
      1.1,
      39.8,
      4.2,
      73.3,
      0.004,
      2.2,
      0.8,
      2.7,
      2.5,
      0.27,
      16.3,
      0.65,
      4.4,
      25.3,
      6.2,
      16.0,
      2.6,
      15.1,
      26.6,
      90.5,
      76.3,
      62.4,
      29.1,
      30.0,
      26.5,
      6.6,
      96.6,
      2.8,
      66.7,
      26.5,
      29.5
    ],
    [
      2.3,
      3.6,
      0.8,
      1.8,
      1.2,
      1.1,
      0.0,
      2.7,
      1.6,
      1.4,
      0.95,
      2.1,
      2.1,
      2.6,
      4.5,
      2.8,
      2.0,
      0.95,
      0.9,
      2.4,
      3.5,
      0.068,
      40.4,
      2.6,
      73.9,
      1.0,
      1.0,
      1.1,
      2.0,
      1.3,
      2.1,
      17.0,
      0.45,
      2.8,
      26.0,
      4.7,
      16.7,
      2.0,
      13.5,
      27.3,
      88.9,
      77.0,
      60.8,
      29.8,
      30.7,
      20.3,
      6.7,
      97.3,
      2.2,
      67.4,
      20.3,
      30.2
    ],
    [
      3.3,
      1.1,
      0.95,
      0.75,
      2.0,
      0.7,
      2.7,
      0.0,
      3.2,
      4.1,
      0.85,
      0.5,
      5.0,
      5.7,
      3.5,
      4.8,
      4.6,
      0.85,
      3.5,
      4.8,
      0.9,
      2.9,
      39.4,
      5.0,
      72.9,
      0.7,
      3.8,
      3.5,
      4.8,
      3.9,
      0.5,
      16.0,
      3.3,
      5.2,
      25.0,
      7.1,
      15.7,
      4.8,
      19.1,
      26.3,
      94.5,
      76.0,
      66.4,
      28.8,
      29.7,
      26.2,
      6.4,
      96.3,
      5.0,
      66.4,
      26.2,
      29.2
    ],
    [
      1.7,
      3.9,
      0.75,
      0.8,
      2.2,
      0.9,
      1.6,
      3.2,
      0.0,
      2.2,
      0.75,
      1.2,
      2.4,
      2.8,
      3.6,
      1.9,
      1.7,
      0.75,
      1.5,
      3.5,
      2.8,
      1.7,
      37.0,
      3.7,
      70.5,
      0.95,
      1.5,
      0.6,
      2.1,
      1.9,
      1.2,
      16.1,
      1.1,
      4.0,
      22.6,
      6.2,
      15.8,
      1.9,
      14.7,
      23.9,
      90.1,
      73.5,
      62.0,
      26.4,
      27.2,
      18.8,
      7.5,
      93.8,
      2.1,
      64.0,
      18.8,
      26.8
    ],
    [
      1.4,
      4.9,
      2.4,
      3.2,
      2.4,
      2.8,
      1.4,
      4.1,
      2.2,
      0.0,
      2.7,
      3.2,
      1.0,
      1.7,
      5.6,
      1.7,
      1.0,
      2.7,
      0.9,
      1.7,
      4.8,
      1.3,
      38.5,
      1.9,
      72.0,
      2.9,
      0.5,
      1.9,
      1.1,
      0.3,
      3.2,
      16.7,
      2.1,
      2.2,
      24.1,
      4.6,
      16.5,
      1.0,
      12.9,
      25.4,
      88.3,
      75.1,
      60.2,
      27.9,
      28.8,
      20.1,
      13.0,
      95.4,
      1.3,
      65.5,
      20.1,
      28.3
    ],
    [
      2.2,
      3.4,
      0.22,
      0.048,
      1.6,
      0.21,
      0.95,
      0.85,
      0.75,
      2.7,
      0.0,
      0.35,
      2.8,
      3.2,
      4.1,
      2.3,
      2.1,
      0.002,
      2.0,
      3.7,
      2.2,
      1.6,
      40.0,
      3.9,
      73.5,
      0.22,
      2.0,
      0.6,
      2.6,
      2.3,
      0.35,
      16.5,
      0.55,
      4.1,
      25.6,
      6.0,
      16.3,
      2.4,
      14.9,
      26.9,
      90.3,
      76.6,
      62.2,
      29.4,
      30.3,
      26.8,
      6.9,
      96.9,
      2.6,
      67.0,
      26.8,
      29.8
    ],
    [
      2.7,
      3.1,
      0.45,
      0.26,
      1.3,
      0.27,
      2.1,
      0.5,
      1.2,
      3.2,
      0.35,
      0.0,
      3.4,
      3.8,
      3.8,
      2.9,
      2.7,
      0.4,
      2.5,
      4.0,
      1.7,
      2.1,
      39.8,
      4.2,
      73.3,
      0.28,
      2.5,
      0.95,
      3.1,
      2.9,
      NaN,
      16.3,
      1.0,
      4.4,
      25.4,
      6.3,
      16.1,
      2.9,
      15.2,
      26.7,
      90.6,
      76.3,
      62.5,
      29.2,
      30.0,
      26.6,
      7.1,
      96.6,
      3.1,
      66.8,
      26.6,
      29.6
    ],
    [
      1.5,
      5.8,
      2.9,
      3.7,
      3.3,
      3.0,
      2.1,
      5.0,
      2.4,
      1.0,
      2.8,
      3.4,
      0.0,
      1.1,
      5.7,
      1.9,
      1.1,
      2.9,
      1.8,
      2.2,
      4.9,
      2.1,
      52.6,
      2.4,
      86.1,
      3.0,
      1.2,
      2.0,
      0.45,
      1.1,
      3.3,
      16.9,
      2.6,
      2.6,
      24.3,
      5.0,
      16.6,
      0.5,
      13.4,
      25.5,
      88.8,
      89.2,
      60.7,
      28.0,
      28.9,
      20.3,
      13.5,
      109.0,
      0.7,
      79.6,
      20.3,
      28.5
    ],
    [
      0.14,
      6.4,
      3.3,
      3.9,
      3.6,
      3.4,
      2.6,
      5.7,
      2.8,
      1.7,
      3.2,
      3.8,
      1.1,
      0.0,
      6.4,
      0.7,
      0.45,
      3.5,
      2.2,
      3.0,
      5.5,
      2.6,
      37.6,
      3.3,
      71.1,
      3.7,
      1.7,
      2.7,
      0.5,
      2.1,
      4.0,
      16.0,
      3.2,
      3.5,
      23.1,
      5.9,
      15.7,
      0.65,
      14.2,
      24.4,
      89.6,
      74.1,
      61.5,
      26.9,
      27.8,
      19.1,
      14.3,
      94.4,
      0.4,
      64.5,
      19.1,
      27.3
    ],
    [
      5.1,
      3.0,
      3.9,
      3.6,
      5.9,
      3.8,
      4.5,
      3.5,
      3.6,
      5.6,
      4.1,
      3.8,
      5.7,
      6.4,
      0.0,
      5.3,
      5.1,
      3.5,
      4.9,
      15.8,
      2.9,
      4.5,
      36.9,
      16.1,
      70.4,
      3.7,
      4.9,
      4.0,
      5.5,
      5.3,
      4.0,
      12.5,
      3.9,
      16.3,
      22.5,
      15.6,
      12.2,
      5.3,
      18.5,
      23.8,
      94.0,
      73.5,
      65.9,
      26.3,
      27.2,
      23.7,
      6.2,
      93.8,
      5.5,
      63.9,
      23.7,
      26.7
    ],
    [
      0.85,
      5.6,
      2.4,
      3.0,
      3.8,
      2.5,
      2.8,
      4.8,
      1.9,
      1.7,
      2.3,
      2.9,
      1.9,
      0.7,
      5.3,
      0.0,
      0.95,
      2.6,
      2.3,
      3.5,
      4.6,
      2.6,
      36.9,
      3.7,
      70.4,
      2.7,
      1.8,
      1.7,
      1.4,
      2.1,
      3.0,
      15.3,
      2.3,
      3.9,
      22.4,
      6.3,
      15.0,
      1.5,
      14.7,
      23.7,
      90.1,
      73.4,
      62.0,
      26.2,
      27.1,
      18.4,
      9.1,
      93.7,
      1.3,
      63.8,
      18.4,
      26.6
    ],
    [
      0.35,
      5.3,
      2.2,
      2.8,
      3.0,
      2.3,
      2.0,
      4.6,
      1.7,
      1.0,
      2.1,
      2.7,
      1.1,
      0.45,
      5.1,
      0.95,
      0.0,
      2.2,
      1.6,
      2.7,
      4.3,
      2.0,
      37.5,
      3.0,
      71.0,
      2.4,
      1.0,
      1.4,
      0.85,
      1.4,
      2.7,
      15.8,
      1.9,
      3.2,
      23.1,
      5.6,
      15.5,
      0.7,
      13.9,
      24.4,
      89.3,
      74.1,
      61.2,
      26.9,
      27.8,
      19.1,
      8.8,
      94.4,
      0.95,
      64.5,
      19.1,
      27.3
    ],
    [
      2.2,
      3.4,
      0.22,
      0.046,
      1.6,
      0.21,
      0.95,
      0.85,
      0.75,
      2.7,
      0.002,
      0.4,
      2.9,
      3.5,
      3.5,
      2.6,
      2.2,
      0.0,
      2.0,
      3.7,
      2.2,
      0.95,
      40.0,
      3.9,
      73.5,
      0.21,
      2.0,
      0.6,
      2.6,
      2.3,
      0.35,
      16.5,
      0.6,
      4.1,
      25.6,
      6.0,
      16.3,
      2.4,
      14.9,
      26.9,
      90.3,
      76.6,
      62.2,
      29.4,
      30.3,
      19.5,
      6.9,
      96.9,
      2.6,
      67.0,
      19.5,
      29.8
    ],
    [
      1.9,
      4.3,
      1.0,
      2.5,
      1.8,
      2.1,
      0.9,
      3.5,
      1.5,
      0.9,
      2.0,
      2.5,
      1.8,
      2.2,
      4.9,
      2.3,
      1.6,
      2.0,
      0.0,
      2.4,
      4.9,
      0.8,
      38.7,
      2.6,
      72.2,
      3.0,
      0.55,
      2.0,
      1.6,
      0.8,
      3.3,
      18.2,
      0.75,
      2.8,
      24.3,
      5.3,
      17.9,
      1.6,
      13.6,
      25.6,
      89.0,
      75.2,
      60.9,
      28.1,
      28.9,
      20.5,
      8.0,
      95.5,
      1.8,
      65.7,
      20.5,
      28.5
    ],
    [
      3.1,
      5.6,
      3.1,
      3.9,
      3.0,
      3.9,
      2.4,
      4.8,
      3.5,
      1.7,
      3.7,
      4.0,
      2.2,
      3.0,
      15.8,
      3.5,
      2.7,
      3.7,
      2.4,
      0.0,
      5.9,
      2.9,
      50.8,
      0.6,
      84.3,
      4.4,
      3.4,
      3.8,
      3.6,
      2.9,
      4.5,
      27.4,
      3.3,
      0.75,
      36.4,
      3.2,
      27.1,
      3.9,
      11.6,
      37.7,
      87.0,
      87.4,
      58.9,
      40.2,
      41.1,
      37.6,
      7.1,
      108.0,
      3.8,
      77.8,
      37.6,
      40.6
    ],
    [
      4.3,
      0.19,
      2.0,
      1.9,
      2.6,
      1.9,
      3.5,
      0.9,
      2.8,
      4.8,
      2.2,
      1.7,
      4.9,
      5.5,
      2.9,
      4.6,
      4.3,
      2.2,
      4.9,
      5.9,
      0.0,
      3.4,
      38.8,
      5.6,
      72.3,
      2.8,
      4.4,
      4.0,
      5.3,
      4.5,
      2.9,
      15.3,
      3.9,
      5.8,
      24.4,
      7.7,
      15.0,
      5.4,
      21.4,
      25.7,
      96.8,
      75.3,
      68.7,
      28.2,
      29.0,
      25.6,
      6.9,
      95.6,
      5.6,
      65.8,
      25.6,
      28.6
    ],
    [
      2.3,
      3.6,
      0.8,
      1.8,
      1.1,
      1.1,
      0.068,
      2.9,
      1.7,
      1.3,
      1.6,
      2.1,
      2.1,
      2.6,
      4.5,
      2.6,
      2.0,
      0.95,
      0.8,
      2.9,
      3.4,
      0.0,
      40.4,
      2.6,
      73.9,
      1.0,
      0.95,
      1.1,
      2.0,
      1.2,
      2.1,
      16.9,
      0.6,
      2.8,
      26.0,
      4.7,
      16.7,
      2.0,
      13.5,
      27.3,
      88.9,
      77.0,
      60.8,
      29.8,
      30.7,
      20.3,
      6.7,
      97.3,
      2.2,
      67.4,
      20.3,
      30.2
    ],
    [
      37.5,
      39.0,
      39.9,
      39.5,
      41.8,
      39.8,
      40.4,
      39.4,
      37.0,
      38.5,
      40.0,
      39.8,
      52.6,
      37.6,
      36.9,
      36.9,
      37.5,
      40.0,
      38.7,
      50.8,
      38.8,
      40.4,
      0.0,
      44.9,
      41.4,
      32.6,
      31.1,
      30.3,
      31.3,
      31.9,
      32.9,
      28.3,
      31.0,
      45.1,
      12.0,
      44.4,
      28.2,
      31.1,
      47.4,
      7.8,
      61.4,
      44.5,
      94.7,
      3.5,
      4.3,
      9.7,
      35.0,
      64.8,
      30.9,
      34.9,
      9.7,
      2.8
    ],
    [
      3.4,
      5.8,
      3.3,
      4.1,
      3.3,
      4.2,
      2.6,
      5.0,
      3.7,
      1.9,
      3.9,
      4.2,
      2.4,
      3.3,
      16.1,
      3.7,
      3.0,
      3.9,
      2.6,
      0.6,
      5.6,
      2.6,
      44.9,
      0.0,
      84.6,
      4.1,
      2.5,
      3.5,
      2.8,
      2.1,
      4.2,
      27.7,
      3.0,
      0.21,
      36.7,
      2.8,
      27.4,
      3.1,
      11.8,
      37.9,
      87.2,
      87.6,
      59.1,
      40.4,
      41.3,
      37.9,
      6.7,
      108.0,
      3.0,
      78.0,
      37.9,
      40.9
    ],
    [
      71.0,
      72.5,
      73.4,
      73.0,
      75.3,
      73.3,
      73.9,
      72.9,
      70.5,
      72.0,
      73.5,
      73.3,
      86.1,
      71.1,
      70.4,
      70.4,
      71.0,
      73.5,
      72.2,
      84.3,
      72.3,
      73.9,
      41.4,
      84.6,
      0.0,
      72.8,
      71.3,
      70.4,
      71.5,
      71.8,
      73.1,
      68.4,
      73.0,
      85.3,
      52.2,
      84.6,
      68.4,
      71.3,
      90.1,
      49.3,
      23.8,
      5.3,
      42.4,
      44.5,
      50.4,
      53.430088000000005,
      75.2,
      97.8,
      71.1,
      6.5,
      53.4,
      43.8
    ],
    [
      2.4,
      3.0,
      0.25,
      0.2,
      1.2,
      0.004,
      1.0,
      0.7,
      0.95,
      2.9,
      0.22,
      0.28,
      3.0,
      3.7,
      3.7,
      2.7,
      2.4,
      0.21,
      3.0,
      4.4,
      2.8,
      1.0,
      32.6,
      4.1,
      72.8,
      0.0,
      2.2,
      0.8,
      2.8,
      2.5,
      0.28,
      16.3,
      0.65,
      4.3,
      25.3,
      6.2,
      16.0,
      2.6,
      15.1,
      26.6,
      90.5,
      76.3,
      62.4,
      29.1,
      30.0,
      26.5,
      6.6,
      96.6,
      2.8,
      66.7,
      26.5,
      29.5
    ],
    [
      1.4,
      4.6,
      2.0,
      2.8,
      2.1,
      2.2,
      1.0,
      3.8,
      1.5,
      0.5,
      2.0,
      2.5,
      1.2,
      1.7,
      4.9,
      1.8,
      1.0,
      2.0,
      0.55,
      3.4,
      4.4,
      0.95,
      31.1,
      2.5,
      71.3,
      2.2,
      0.0,
      1.6,
      1.2,
      0.45,
      2.8,
      17.7,
      0.8,
      2.6,
      23.9,
      5.0,
      17.5,
      1.0,
      13.3,
      25.1,
      88.7,
      74.8,
      60.6,
      27.6,
      28.5,
      20.1,
      7.7,
      95.1,
      1.4,
      65.2,
      20.1,
      28.1
    ],
    [
      1.4,
      4.2,
      0.55,
      0.6,
      2.0,
      0.8,
      1.1,
      3.5,
      0.6,
      1.9,
      0.6,
      0.95,
      2.0,
      2.7,
      4.0,
      1.7,
      1.4,
      0.6,
      2.0,
      3.8,
      4.0,
      1.1,
      30.3,
      3.5,
      70.4,
      0.8,
      1.6,
      0.0,
      1.7,
      1.4,
      0.9,
      14.9,
      0.5,
      3.7,
      23.0,
      5.6,
      14.6,
      1.5,
      14.5,
      24.2,
      89.9,
      73.9,
      61.8,
      26.7,
      27.6,
      19.2,
      7.3,
      94.2,
      1.7,
      64.3,
      19.2,
      27.1
    ],
    [
      1.3,
      5.5,
      2.6,
      3.2,
      3.0,
      2.7,
      2.0,
      4.8,
      2.1,
      1.1,
      2.6,
      3.1,
      0.45,
      0.5,
      5.5,
      1.4,
      0.85,
      2.6,
      1.6,
      3.6,
      5.3,
      2.0,
      31.3,
      2.8,
      71.5,
      2.8,
      1.2,
      1.7,
      0.0,
      1.4,
      3.1,
      16.5,
      2.3,
      3.0,
      23.7,
      5.4,
      16.3,
      0.19,
      13.7,
      25.0,
      89.1,
      74.6,
      61.0,
      27.5,
      28.3,
      19.6,
      8.6,
      94.9,
      0.12,
      65.1,
      19.6,
      27.9
    ],
    [
      1.8,
      4.6,
      2.0,
      2.8,
      2.1,
      2.5,
      1.3,
      3.9,
      1.9,
      0.3,
      2.3,
      2.9,
      1.1,
      2.1,
      5.3,
      2.1,
      1.4,
      2.3,
      0.8,
      2.9,
      4.5,
      1.2,
      31.9,
      2.1,
      71.8,
      2.5,
      0.45,
      1.4,
      1.4,
      0.0,
      3.0,
      17.9,
      1.8,
      2.2,
      24.0,
      4.6,
      17.6,
      1.3,
      13.0,
      25.3,
      88.4,
      75.0,
      60.3,
      27.8,
      28.7,
      20.2,
      7.8,
      95.3,
      1.5,
      65.4,
      20.2,
      28.2
    ],
    [
      2.7,
      3.1,
      0.45,
      0.26,
      1.3,
      0.27,
      2.1,
      0.5,
      1.2,
      3.2,
      0.35,
      NaN,
      3.3,
      4.0,
      4.0,
      3.0,
      2.7,
      0.35,
      3.3,
      4.5,
      2.9,
      2.1,
      32.9,
      4.2,
      73.1,
      0.28,
      2.8,
      0.9,
      3.1,
      3.0,
      0.0,
      16.3,
      1.0,
      4.4,
      25.4,
      6.3,
      16.1,
      2.9,
      15.2,
      26.7,
      90.6,
      76.3,
      62.5,
      29.2,
      30.0,
      26.6,
      6.7,
      96.6,
      3.1,
      66.8,
      26.6,
      29.6
    ],
    [
      15.8,
      15.5,
      16.4,
      16.1,
      18.4,
      16.3,
      17.0,
      16.0,
      16.1,
      16.7,
      16.5,
      16.3,
      16.9,
      16.0,
      12.5,
      15.3,
      15.8,
      16.5,
      18.2,
      27.4,
      15.3,
      16.9,
      28.3,
      27.7,
      68.4,
      16.3,
      17.7,
      14.9,
      16.5,
      17.9,
      16.3,
      0.0,
      16.7,
      29.1,
      21.3,
      28.4,
      0.25,
      18.0,
      31.4,
      22.6,
      89.2,
      72.3,
      78.7,
      25.1,
      26.0,
      22.5,
      18.5,
      92.6,
      17.7,
      62.7,
      22.5,
      25.5
    ],
    [
      1.9,
      4.0,
      0.45,
      0.65,
      1.5,
      0.65,
      0.45,
      3.3,
      1.1,
      2.1,
      0.55,
      1.0,
      2.6,
      3.2,
      3.9,
      2.3,
      1.9,
      0.6,
      0.75,
      3.3,
      3.9,
      0.6,
      31.0,
      3.0,
      73.0,
      0.65,
      0.8,
      0.5,
      2.3,
      1.8,
      1.0,
      16.7,
      0.0,
      3.2,
      25.4,
      5.1,
      16.1,
      2.0,
      13.9,
      26.7,
      89.4,
      76.4,
      61.2,
      29.2,
      30.1,
      19.7,
      7.1,
      96.6,
      2.2,
      66.8,
      19.7,
      29.6
    ],
    [
      3.6,
      6.0,
      3.5,
      4.3,
      3.5,
      4.4,
      2.8,
      5.2,
      4.0,
      2.2,
      4.1,
      4.4,
      2.6,
      3.5,
      16.3,
      3.9,
      3.2,
      4.1,
      2.8,
      0.75,
      5.8,
      2.8,
      45.1,
      0.21,
      85.3,
      4.3,
      2.6,
      3.7,
      3.0,
      2.2,
      4.4,
      29.1,
      3.2,
      0.0,
      36.9,
      3.0,
      27.6,
      3.3,
      12.0,
      38.1,
      87.4,
      87.8,
      59.3,
      40.6,
      41.5,
      38.1,
      7.0,
      108.0,
      3.2,
      78.3,
      38.1,
      41.1
    ],
    [
      23.1,
      24.6,
      25.5,
      25.1,
      27.4,
      25.3,
      26.0,
      25.0,
      22.6,
      24.1,
      25.6,
      25.4,
      24.3,
      23.1,
      22.5,
      22.4,
      23.1,
      25.6,
      24.3,
      36.4,
      24.4,
      26.0,
      12.0,
      36.7,
      52.2,
      25.3,
      23.9,
      23.0,
      23.7,
      24.0,
      25.4,
      21.3,
      25.4,
      36.9,
      0.0,
      37.8,
      17.8,
      24.5,
      40.7,
      5.3,
      72.6,
      55.6,
      88.0,
      8.4,
      9.3,
      3.7,
      28.3,
      75.9,
      19.4,
      46.0,
      3.7,
      8.9
    ],
    [
      6.0,
      7.9,
      5.8,
      6.6,
      5.4,
      6.2,
      4.7,
      7.1,
      6.2,
      4.6,
      6.0,
      6.3,
      5.0,
      5.9,
      15.6,
      6.3,
      5.6,
      6.0,
      5.3,
      3.2,
      7.7,
      4.7,
      44.4,
      2.8,
      84.6,
      6.2,
      5.0,
      5.6,
      5.4,
      4.6,
      6.3,
      28.4,
      5.1,
      3.0,
      37.8,
      0.0,
      28.0,
      6.2,
      6.8,
      38.5,
      87.8,
      88.2,
      59.7,
      41.0,
      41.9,
      38.5,
      9.3,
      109.0,
      6.1,
      78.6,
      38.5,
      41.4
    ],
    [
      15.5,
      15.2,
      16.1,
      15.8,
      18.1,
      16.0,
      16.7,
      15.7,
      15.8,
      16.5,
      16.3,
      16.1,
      16.6,
      15.7,
      12.2,
      15.0,
      15.5,
      16.3,
      17.9,
      27.1,
      15.0,
      16.7,
      28.2,
      27.4,
      68.4,
      16.0,
      17.5,
      14.6,
      16.3,
      17.6,
      16.1,
      0.25,
      16.1,
      27.6,
      17.8,
      28.0,
      0.0,
      15.7,
      30.8,
      22.6,
      89.2,
      72.3,
      78.1,
      25.1,
      26.0,
      22.5,
      17.9,
      92.6,
      15.8,
      62.7,
      22.5,
      25.5
    ],
    [
      1.1,
      5.6,
      2.4,
      3.0,
      2.9,
      2.6,
      2.0,
      4.8,
      1.9,
      1.0,
      2.4,
      2.9,
      0.5,
      0.65,
      5.3,
      1.5,
      0.7,
      2.4,
      1.6,
      3.9,
      5.4,
      2.0,
      31.1,
      3.1,
      71.3,
      2.6,
      1.0,
      1.5,
      0.19,
      1.3,
      2.9,
      18.0,
      2.0,
      3.3,
      24.5,
      6.2,
      15.7,
      0.0,
      13.9,
      25.1,
      89.3,
      74.8,
      61.2,
      27.6,
      28.5,
      19.7,
      8.6,
      95.1,
      0.22,
      65.2,
      19.7,
      28.0
    ],
    [
      14.3,
      19.2,
      14.3,
      15.1,
      14.2,
      15.1,
      13.5,
      19.1,
      14.7,
      12.9,
      14.9,
      15.2,
      13.4,
      14.2,
      18.5,
      14.7,
      13.9,
      14.9,
      13.6,
      11.6,
      21.4,
      13.5,
      47.4,
      11.8,
      90.1,
      15.1,
      13.3,
      14.5,
      13.7,
      13.0,
      15.2,
      31.4,
      13.9,
      12.0,
      40.7,
      6.8,
      30.8,
      13.9,
      0.0,
      41.9,
      76.5,
      89.0,
      48.3,
      44.4,
      45.3,
      41.8,
      15.9,
      112.0,
      14.8,
      82.0,
      41.8,
      44.8
    ],
    [
      24.4,
      25.8,
      26.8,
      26.4,
      28.6,
      26.6,
      27.3,
      26.3,
      23.9,
      25.4,
      26.9,
      26.7,
      25.5,
      24.4,
      23.8,
      23.7,
      24.4,
      26.9,
      25.6,
      37.7,
      25.7,
      27.3,
      7.8,
      37.9,
      49.3,
      26.6,
      25.1,
      24.2,
      25.0,
      25.3,
      26.7,
      22.6,
      26.7,
      38.1,
      5.3,
      38.5,
      22.6,
      25.1,
      41.9,
      0.0,
      70.1,
      53.2,
      88.2,
      5.3,
      4.8,
      5.7,
      28.5,
      73.5,
      24.4,
      43.6,
      5.7,
      5.7
    ],
    [
      89.7,
      94.6,
      89.7,
      90.5,
      89.6,
      90.5,
      88.9,
      94.5,
      90.1,
      88.3,
      90.3,
      90.6,
      88.8,
      89.6,
      94.0,
      90.1,
      89.3,
      90.3,
      89.0,
      87.0,
      96.8,
      88.9,
      61.4,
      87.2,
      23.8,
      90.5,
      88.7,
      89.9,
      89.1,
      88.4,
      90.6,
      89.2,
      89.4,
      87.4,
      72.6,
      87.8,
      89.2,
      89.3,
      76.5,
      70.1,
      0.0,
      23.1,
      28.1,
      71.6,
      71.6,
      74.5,
      90.0,
      115.0,
      88.9,
      27.7,
      74.5,
      64.9
    ],
    [
      74.1,
      75.5,
      76.4,
      76.1,
      78.3,
      76.3,
      77.0,
      76.0,
      73.5,
      75.1,
      76.6,
      76.3,
      89.2,
      74.1,
      73.5,
      73.4,
      74.1,
      76.6,
      75.2,
      87.4,
      75.3,
      77.0,
      44.5,
      87.6,
      5.3,
      76.3,
      74.8,
      73.9,
      74.6,
      75.0,
      76.3,
      72.3,
      76.4,
      87.8,
      55.6,
      88.2,
      72.3,
      74.8,
      89.0,
      53.2,
      23.1,
      0.0,
      41.0,
      48.2,
      54.1,
      57.0,
      78.8,
      101.0,
      74.7,
      10.2,
      57.0,
      47.4
    ],
    [
      61.6,
      66.5,
      61.6,
      62.4,
      61.5,
      62.4,
      60.8,
      66.4,
      62.0,
      60.2,
      62.2,
      62.5,
      60.7,
      61.5,
      65.9,
      62.0,
      61.2,
      62.2,
      60.9,
      58.9,
      68.7,
      60.8,
      94.7,
      59.1,
      42.4,
      62.4,
      60.6,
      61.8,
      61.0,
      60.3,
      62.5,
      78.7,
      61.2,
      59.3,
      88.0,
      59.7,
      78.1,
      61.2,
      48.3,
      88.2,
      28.1,
      41.0,
      0.0,
      90.8,
      91.7,
      88.2,
      62.3,
      103.0,
      61.2,
      45.6,
      88.2,
      91.2
    ],
    [
      26.9,
      28.3,
      29.3,
      28.9,
      31.1,
      29.1,
      29.8,
      28.8,
      26.4,
      27.9,
      29.4,
      29.2,
      28.0,
      26.9,
      26.3,
      26.2,
      26.9,
      29.4,
      28.1,
      40.2,
      28.2,
      29.8,
      3.5,
      40.4,
      44.5,
      29.1,
      27.6,
      26.7,
      27.5,
      27.8,
      29.2,
      25.1,
      29.2,
      40.6,
      8.4,
      41.0,
      25.1,
      27.6,
      44.4,
      5.3,
      71.6,
      48.2,
      90.8,
      0.0,
      4.9,
      6.5,
      32.1,
      68.1,
      28.0,
      38.3,
      6.5,
      0.45
    ],
    [
      27.8,
      29.2,
      30.1,
      29.8,
      32.0,
      30.0,
      30.7,
      29.7,
      27.2,
      28.8,
      30.3,
      30.0,
      28.9,
      27.8,
      27.2,
      27.1,
      27.8,
      30.3,
      28.9,
      41.1,
      29.0,
      30.7,
      4.3,
      41.3,
      50.4,
      30.0,
      28.5,
      27.6,
      28.3,
      28.7,
      30.0,
      26.0,
      30.1,
      41.5,
      9.3,
      41.9,
      26.0,
      28.5,
      45.3,
      4.8,
      71.6,
      54.1,
      91.7,
      4.9,
      0.0,
      9.1,
      32.5,
      74.6,
      28.4,
      44.7,
      9.1,
      4.5
    ],
    [
      19.1,
      25.8,
      26.7,
      26.3,
      28.6,
      26.5,
      20.3,
      26.2,
      18.8,
      20.1,
      26.8,
      26.6,
      20.3,
      19.1,
      23.7,
      18.4,
      19.1,
      19.5,
      20.5,
      37.6,
      25.6,
      20.3,
      9.7,
      37.9,
      53.430088000000005,
      26.5,
      20.1,
      19.2,
      19.6,
      20.2,
      26.6,
      22.5,
      19.7,
      38.1,
      3.7,
      38.5,
      22.5,
      19.7,
      41.8,
      5.7,
      74.5,
      57.0,
      88.2,
      6.5,
      9.1,
      0.0,
      28.9,
      76.5,
      19.1,
      46.6,
      0.02,
      6.6
    ],
    [
      8.7,
      6.5,
      6.7,
      6.9,
      5.7,
      6.6,
      6.7,
      6.4,
      7.5,
      13.0,
      6.9,
      7.1,
      13.5,
      14.3,
      6.2,
      9.1,
      8.8,
      6.9,
      8.0,
      7.1,
      6.9,
      6.7,
      35.0,
      6.7,
      75.2,
      6.6,
      7.7,
      7.3,
      8.6,
      7.8,
      6.7,
      18.5,
      7.1,
      7.0,
      28.3,
      9.3,
      17.9,
      8.6,
      15.9,
      28.5,
      90.0,
      78.8,
      62.3,
      32.1,
      32.5,
      28.9,
      0.0,
      99.1,
      8.7,
      69.3,
      29.1,
      32.1
    ],
    [
      94.4,
      95.8,
      96.7,
      96.4,
      98.6,
      96.6,
      97.3,
      96.3,
      93.8,
      95.4,
      96.9,
      96.6,
      109.0,
      94.4,
      93.8,
      93.7,
      94.4,
      96.9,
      95.5,
      108.0,
      95.6,
      97.3,
      64.8,
      108.0,
      97.8,
      96.6,
      95.1,
      94.2,
      94.9,
      95.3,
      96.6,
      92.6,
      96.6,
      108.0,
      75.9,
      109.0,
      92.6,
      95.1,
      112.0,
      73.5,
      115.0,
      101.0,
      103.0,
      68.1,
      74.6,
      76.5,
      99.1,
      0.0,
      95.1,
      92.0,
      77.4,
      68.2
    ],
    [
      1.3,
      5.8,
      2.6,
      3.2,
      3.2,
      2.8,
      2.2,
      5.0,
      2.1,
      1.3,
      2.6,
      3.1,
      0.7,
      0.4,
      5.5,
      1.3,
      0.95,
      2.6,
      1.8,
      3.8,
      5.6,
      2.2,
      30.9,
      3.0,
      71.1,
      2.8,
      1.4,
      1.7,
      0.12,
      1.5,
      3.1,
      17.7,
      2.2,
      3.2,
      19.4,
      6.1,
      15.8,
      0.22,
      14.8,
      24.4,
      88.9,
      74.7,
      61.2,
      28.0,
      28.4,
      19.1,
      8.7,
      95.1,
      0.0,
      65.0,
      19.5,
      27.8
    ],
    [
      64.5,
      66.0,
      66.9,
      66.5,
      68.8,
      66.7,
      67.4,
      66.4,
      64.0,
      65.5,
      67.0,
      66.8,
      79.6,
      64.5,
      63.9,
      63.8,
      64.5,
      67.0,
      65.7,
      77.8,
      65.8,
      67.4,
      34.9,
      78.0,
      6.5,
      66.7,
      65.2,
      64.3,
      65.1,
      65.4,
      66.8,
      62.7,
      66.8,
      78.3,
      46.0,
      78.6,
      62.7,
      65.2,
      82.0,
      43.6,
      27.7,
      10.2,
      45.6,
      38.3,
      44.7,
      46.6,
      69.3,
      92.0,
      65.0,
      0.0,
      47.2,
      37.5
    ],
    [
      19.1,
      25.8,
      26.7,
      26.3,
      28.6,
      26.5,
      20.3,
      26.2,
      18.8,
      20.1,
      26.8,
      26.6,
      20.3,
      19.1,
      23.7,
      18.4,
      19.1,
      19.5,
      20.5,
      37.6,
      25.6,
      20.3,
      9.7,
      37.9,
      53.4,
      26.5,
      20.1,
      19.2,
      19.6,
      20.2,
      26.6,
      22.5,
      19.7,
      38.1,
      3.7,
      38.5,
      22.5,
      19.7,
      41.8,
      5.7,
      74.5,
      57.0,
      88.2,
      6.5,
      9.1,
      0.02,
      29.1,
      77.4,
      19.5,
      47.2,
      0.0,
      6.6
    ],
    [
      27.3,
      28.8,
      29.7,
      29.3,
      31.6,
      29.5,
      30.2,
      29.2,
      26.8,
      28.3,
      29.8,
      29.6,
      28.5,
      27.3,
      26.7,
      26.6,
      27.3,
      29.8,
      28.5,
      40.6,
      28.6,
      30.2,
      2.8,
      40.9,
      43.8,
      29.5,
      28.1,
      27.1,
      27.9,
      28.2,
      29.6,
      25.5,
      29.6,
      41.1,
      8.9,
      41.4,
      25.5,
      28.0,
      44.8,
      5.7,
      64.9,
      47.4,
      91.2,
      0.45,
      4.5,
      6.6,
      32.1,
      68.2,
      27.8,
      37.5,
      6.6,
      0.0
    ]
  ],
  "drive_time_matrix": [
    [
      0.0,
      11.0,
      5.0,
      8.0,
      9.0,
      5.0,
      6.0,
      8.0,
      4.0,
      3.0,
      6.0,
      6.0,
      5.0,
      3.0,
      10.0,
      9.0,
      6.0,
      6.0,
      5.0,
      7.0,
      10.0,
      6.0,
      34.0,
      7.0,
      71.0,
      6.0,
      4.0,
      4.0,
      3.0,
      4.0,
      6.0,
      22.0,
      5.0,
      7.0,
      24.0,
      10.0,
      21.0,
      9.0,
      18.0,
      26.0,
      78.0,
      73.0,
      43.0,
      28.0,
      29.0,
      28.0,
      15.0,
      76.0,
      3.0,
      53.0,
      28.0,
      29.0
    ],
    [
      11.0,
      0.0,
      7.0,
      8.0,
      7.0,
      7.0,
      9.0,
      11.0,
      9.0,
      12.0,
      9.0,
      7.0,
      13.0,
      15.0,
      6.0,
      13.0,
      13.0,
      9.0,
      11.0,
      12.0,
      2.0,
      9.0,
      33.0,
      13.0,
      70.0,
      7.0,
      12.0,
      10.0,
      13.0,
      11.0,
      7.0,
      20.0,
      10.0,
      13.0,
      22.0,
      15.0,
      19.0,
      13.0,
      23.0,
      25.0,
      82.0,
      72.0,
      47.0,
      27.0,
      27.0,
      26.0,
      10.0,
      74.0,
      14.0,
      61.0,
      26.0,
      28.0
    ],
    [
      5.0,
      7.0,
      0.0,
      4.0,
      5.0,
      4.0,
      10.0,
      10.0,
      2.0,
      6.0,
      4.0,
      7.0,
      7.0,
      8.0,
      8.0,
      5.0,
      5.0,
      4.0,
      10.0,
      7.0,
      5.0,
      8.0,
      33.0,
      7.0,
      70.0,
      4.0,
      5.0,
      7.0,
      7.0,
      5.0,
      7.0,
      21.0,
      6.0,
      8.0,
      23.0,
      9.0,
      20.0,
      6.0,
      19.0,
      26.0,
      78.0,
      73.0,
      43.0,
      28.0,
      28.0,
      27.0,
      10.0,
      75.0,
      6.0,
      62.0,
      27.0,
      29.0
    ],
    [
      8.0,
      8.0,
      4.0,
      0.0,
      6.0,
      3.0,
      5.0,
      10.0,
      10.0,
      8.0,
      1.0,
      4.0,
      9.0,
      9.0,
      7.0,
      7.0,
      7.0,
      1.0,
      6.0,
      9.0,
      5.0,
      5.0,
      32.0,
      9.0,
      69.0,
      3.0,
      7.0,
      8.0,
      8.0,
      7.0,
      4.0,
      20.0,
      9.0,
      9.0,
      22.0,
      12.0,
      19.0,
      8.0,
      20.0,
      25.0,
      80.0,
      72.0,
      45.0,
      27.0,
      27.0,
      26.0,
      11.0,
      74.0,
      8.0,
      61.0,
      26.0,
      28.0
    ],
    [
      9.0,
      7.0,
      5.0,
      6.0,
      0.0,
      3.0,
      9.0,
      5.0,
      6.0,
      6.0,
      5.0,
      4.0,
      7.0,
      8.0,
      8.0,
      8.0,
      7.0,
      5.0,
      5.0,
      6.0,
      6.0,
      8.0,
      32.0,
      7.0,
      70.0,
      3.0,
      5.0,
      5.0,
      7.0,
      5.0,
      4.0,
      21.0,
      4.0,
      7.0,
      22.0,
      9.0,
      20.0,
      7.0,
      17.0,
      25.0,
      77.0,
      73.0,
      43.0,
      27.0,
      27.0,
      27.0,
      8.0,
      74.0,
      7.0,
      62.0,
      26.0,
      28.0
    ],
    [
      5.0,
      7.0,
      4.0,
      3.0,
      3.0,
      0.0,
      13.0,
      9.0,
      2.0,
      7.0,
      3.0,
      4.0,
      8.0,
      8.0,
      8.0,
      6.0,
      5.0,
      3.0,
      6.0,
      9.0,
      4.0,
      13.0,
      33.0,
      9.0,
      70.0,
      1.0,
      6.0,
      8.0,
      7.0,
      6.0,
      4.0,
      20.0,
      7.0,
      10.0,
      23.0,
      12.0,
      20.0,
      6.0,
      20.0,
      25.0,
      81.0,
      74.0,
      46.0,
      27.0,
      28.0,
      27.0,
      10.0,
      74.0,
      7.0,
      63.0,
      27.0,
      28.0
    ],
    [
      6.0,
      9.0,
      10.0,
      5.0,
      9.0,
      13.0,
      0.0,
      7.0,
      5.0,
      16.0,
      14.0,
      6.0,
      5.0,
      6.0,
      9.0,
      6.0,
      5.0,
      14.0,
      10.0,
      5.0,
      9.0,
      1.0,
      35.0,
      5.0,
      72.0,
      15.0,
      12.0,
      3.0,
      5.0,
      15.0,
      6.0,
      22.0,
      6.0,
      6.0,
      24.0,
      8.0,
      22.0,
      5.0,
      16.0,
      27.0,
      77.0,
      76.0,
      42.0,
      29.0,
      30.0,
      30.0,
      12.0,
      76.0,
      5.0,
      64.0,
      30.0,
      30.0
    ],
    [
      8.0,
      11.0,
      10.0,
      10.0,
      5.0,
      9.0,
      7.0,
      0.0,
      7.0,
      9.0,
      11.0,
      7.0,
      11.0,
      13.0,
      6.0,
      10.0,
      10.0,
      11.0,
      8.0,
      10.0,
      9.0,
      7.0,
      31.0,
      10.0,
      69.0,
      10.0,
      9.0,
      8.0,
      11.0,
      9.0,
      7.0,
      19.0,
      7.0,
      11.0,
      21.0,
      13.0,
      18.0,
      11.0,
      20.0,
      24.0,
      80.0,
      72.0,
      45.0,
      26.0,
      26.0,
      26.0,
      9.0,
      73.0,
      11.0,
      61.0,
      26.0,
      27.0
    ],
    [
      4.0,
      9.0,
      2.0,
      10.0,
      6.0,
      2.0,
      5.0,
      7.0,
      0.0,
      5.0,
      10.0,
      3.0,
      6.0,
      6.0,
      7.0,
      4.0,
      4.0,
      10.0,
      5.0,
      8.0,
      6.0,
      5.0,
      31.0,
      8.0,
      69.0,
      2.0,
      5.0,
      7.0,
      5.0,
      5.0,
      3.0,
      20.0,
      3.0,
      9.0,
      21.0,
      11.0,
      19.0,
      5.0,
      19.0,
      24.0,
      80.0,
      72.0,
      44.0,
      25.0,
      26.0,
      26.0,
      12.0,
      73.0,
      5.0,
      61.0,
      26.0,
      26.0
    ],
    [
      3.0,
      12.0,
      6.0,
      8.0,
      6.0,
      7.0,
      16.0,
      9.0,
      5.0,
      0.0,
      8.0,
      8.0,
      11.0,
      3.0,
      11.0,
      4.0,
      2.0,
      8.0,
      11.0,
      4.0,
      11.0,
      14.0,
      35.0,
      4.0,
      74.0,
      7.0,
      7.0,
      4.0,
      2.0,
      4.0,
      8.0,
      24.0,
      5.0,
      4.0,
      25.0,
      7.0,
      23.0,
      9.0,
      15.0,
      27.0,
      75.0,
      77.0,
      40.0,
      29.0,
      30.0,
      29.0,
      13.0,
      77.0,
      3.0,
      58.0,
      29.0,
      30.0
    ],
    [
      6.0,
      9.0,
      4.0,
      1.0,
      5.0,
      3.0,
      14.0,
      11.0,
      10.0,
      8.0,
      0.0,
      5.0,
      7.0,
      8.0,
      8.0,
      6.0,
      5.0,
      1.0,
      6.0,
      8.0,
      5.0,
      5.0,
      34.0,
      8.0,
      72.0,
      3.0,
      6.0,
      8.0,
      7.0,
      6.0,
      5.0,
      21.0,
      8.0,
      9.0,
      23.0,
      11.0,
      21.0,
      6.0,
      19.0,
      26.0,
      79.0,
      75.0,
      44.0,
      28.0,
      29.0,
      27.0,
      11.0,
      75.0,
      6.0,
      64.0,
      27.0,
      29.0
    ],
    [
      6.0,
      7.0,
      7.0,
      4.0,
      4.0,
      4.0,
      6.0,
      7.0,
      3.0,
      8.0,
      5.0,
      0.0,
      8.0,
      9.0,
      8.0,
      7.0,
      6.0,
      5.0,
      7.0,
      10.0,
      4.0,
      5.0,
      33.0,
      10.0,
      72.0,
      4.0,
      7.0,
      11.0,
      8.0,
      7.0,
      NaN,
      21.0,
      10.0,
      10.0,
      23.0,
      13.0,
      20.0,
      7.0,
      20.0,
      25.0,
      81.0,
      75.0,
      46.0,
      27.0,
      28.0,
      27.0,
      10.0,
      75.0,
      7.0,
      64.0,
      27.0,
      28.0
    ],
    [
      5.0,
      13.0,
      7.0,
      9.0,
      7.0,
      8.0,
      5.0,
      11.0,
      6.0,
      11.0,
      7.0,
      8.0,
      0.0,
      4.0,
      12.0,
      5.0,
      3.0,
      9.0,
      5.0,
      4.0,
      12.0,
      5.0,
      37.0,
      4.0,
      77.0,
      8.0,
      3.0,
      6.0,
      5.0,
      16.0,
      9.0,
      25.0,
      6.0,
      5.0,
      26.0,
      8.0,
      24.0,
      7.0,
      15.0,
      28.0,
      75.0,
      80.0,
      40.0,
      30.0,
      31.0,
      30.0,
      14.0,
      80.0,
      7.0,
      69.0,
      30.0,
      31.0
    ],
    [
      3.0,
      15.0,
      8.0,
      9.0,
      8.0,
