{
  "drive_dist_matrix": [
    [
      0.0,
      3.6,
      3.4,
      3.1,
      3.8,
      4.5,
      0.45,
      5.0,
      5.7,
      2.7,
      7.5,
      2.2,
      2.2,
      3.5,
      7.8,
      3.8,
      8.5,
      3.6,
      3.9,
      5.8,
      3.4,
      2.6,
      7.6,
      1.3,
      17.6,
      2.8,
      46.5,
      2.8,
      10.1,
      7.4,
      6.6,
      22.0,
      10.3,
      0.003,
      17.6,
      16.3,
      15.4,
      3.4,
      65.4,
      3.3,
      2.0,
      16.0,
      2.7,
      3.5,
      6.7
    ],
    [
      3.6,
      0.0,
      2.2,
      0.5,
      1.0,
      0.85,
      3.6,
      2.3,
      8.5,
      0.8,
      4.9,
      1.4,
      2.4,
      0.7,
      7.0,
      1.1,
      4.5,
      1.0,
      1.1,
      3.1,
      1.6,
      1.2,
      4.3,
      2.5,
      18.5,
      0.6,
      43.0,
      1.0,
      13.0,
      4.2,
      9.4,
      19.7,
      9.5,
      3.6,
      18.5,
      17.2,
      16.3,
      2.0,
      62.1,
      1.7,
      3.4,
      17.0,
      1.7,
      1.6,
      3.0
    ],
    [
      3.4,
      2.2,
      0.0,
      1.9,
      2.0,
      2.8,
      3.7,
      4.4,
      7.0,
      0.9,
      5.9,
      2.3,
      1.5,
      1.5,
      8.0,
      2.1,
      3.9,
      1.8,
      2.1,
      4.1,
      0.5,
      2.7,
      6.7,
      2.6,
      17.0,
      0.85,
      42.3,
      0.55,
      11.5,
      6.6,
      7.9,
      19.0,
      10.4,
      3.4,
      17.0,
      15.7,
      14.8,
      0.18,
      64.9,
      0.45,
      1.9,
      15.4,
      0.5,
      0.55,
      4.9
    ],
    [
      3.1,
      0.5,
      1.9,
      0.0,
      0.4,
      1.6,
      3.1,
      2.1,
      8.0,
      0.45,
      4.6,
      0.95,
      1.9,
      0.25,
      7.1,
      0.9,
      4.3,
      0.4,
      0.55,
      2.9,
      0.6,
      1.1,
      5.4,
      2.0,
      18.0,
      0.22,
      42.7,
      1.0,
      12.5,
      5.3,
      8.9,
      19.4,
      9.6,
      3.1,
      18.0,
      16.7,
      15.8,
      1.8,
      63.7,
      0.7,
      3.0,
      16.5,
      0.9,
      0.55,
      3.6
    ],
    [
      3.8,
      1.0,
      2.0,
      0.4,
      0.0,
      1.7,
      3.7,
      1.7,
      8.8,
      0.85,
      4.2,
      1.6,
      2.5,
      0.3,
      8.0,
      0.19,
      4.3,
      0.0,
      0.22,
      2.5,
      0.85,
      1.9,
      5.0,
      2.6,
      18.8,
      0.6,
      42.7,
      0.85,
      13.3,
      4.9,
      9.7,
      19.5,
      10.5,
      3.8,
      18.8,
      17.5,
      16.6,
      1.8,
      63.3,
      1.0,
      3.7,
      17.2,
      1.9,
      0.8,
      3.2
    ],
    [
      4.5,
      0.85,
      2.8,
      1.6,
      1.7,
      0.0,
      4.2,
      2.5,
      9.2,
      1.5,
      5.0,
      2.0,
      3.0,
      1.0,
      7.4,
      1.4,
      4.7,
      1.1,
      1.4,
      3.3,
      1.8,
      1.6,
      4.9,
      3.0,
      19.2,
      1.7,
      43.1,
      2.1,
      13.7,
      4.8,
      10.1,
      19.9,
      9.8,
      4.2,
      19.2,
      17.9,
      17.0,
      2.2,
      63.2,
      1.8,
      4.2,
      17.6,
      2.7,
      1.7,
      2.7
    ],
    [
      0.45,
      3.6,
      3.7,
      3.1,
      3.7,
      4.2,
      0.0,
      5.0,
      5.9,
      2.7,
      7.5,
      2.2,
      2.2,
      3.5,
      7.8,
      3.8,
      7.3,
      3.6,
      3.8,
      5.8,
      3.4,
      2.6,
      7.5,
      1.2,
      17.7,
      2.8,
      46.8,
      2.8,
      10.3,
      7.4,
      6.8,
      22.4,
      10.3,
      0.5,
      17.8,
      16.4,
      15.6,
      3.6,
      65.4,
      3.3,
      2.2,
      16.2,
      2.7,
      3.4,
      6.7
    ],
    [
      5.0,
      2.3,
      4.4,
      2.1,
      1.7,
      2.5,
      5.0,
      0.0,
      8.7,
      2.9,
      4.8,
      4.1,
      3.2,
      2.2,
      9.7,
      2.8,
      4.3,
      2.8,
      1.1,
      3.1,
      2.4,
      4.5,
      5.6,
      4.3,
      18.7,
      2.6,
      42.8,
      3.3,
      13.2,
      5.5,
      9.6,
      19.5,
      12.2,
      5.2,
      18.7,
      17.4,
      16.5,
      2.0,
      63.9,
      2.5,
      3.7,
      17.2,
      2.9,
      2.3,
      3.8
    ],
    [
      5.7,
      8.5,
      7.0,
      8.0,
      8.8,
      9.2,
      5.9,
      8.7,
      0.0,
      7.6,
      12.3,
      7.0,
      5.8,
      8.2,
      12.6,
      8.6,
      9.8,
      8.4,
      8.7,
      10.6,
      7.3,
      7.4,
      13.2,
      6.5,
      18.9,
      8.0,
      47.8,
      7.3,
      4.4,
      13.1,
      0.9,
      29.6,
      15.1,
      5.6,
      18.9,
      17.6,
      16.7,
      6.8,
      55.7,
      7.2,
      5.1,
      17.3,
      7.0,
      7.3,
      11.4
    ],
    [
      2.7,
      0.8,
      0.9,
      0.45,
      0.85,
      1.5,
      2.7,
      2.9,
      7.6,
      0.0,
      4.8,
      0.7,
      1.5,
      0.7,
      6.7,
      1.0,
      4.5,
      0.85,
      1.2,
      3.1,
      0.55,
      0.85,
      5.7,
      1.6,
      17.6,
      0.35,
      43.0,
      0.4,
      12.1,
      5.5,
      8.5,
      19.7,
      9.2,
      2.7,
      17.6,
      16.3,
      15.4,
      2.5,
      62.5,
      0.5,
      2.6,
      16.1,
      0.5,
      0.65,
      3.9
    ],
    [
      7.5,
      4.9,
      5.9,
      4.6,
      4.2,
      5.0,
      7.5,
      4.8,
      12.3,
      4.8,
      0.0,
      5.3,
      7.0,
      4.4,
      11.4,
      4.3,
      7.1,
      4.2,
      4.3,
      2.8,
      5.1,
      5.6,
      5.1,
      6.4,
      22.4,
      5.1,
      44.6,
      5.4,
      16.9,
      4.2,
      13.4,
      21.3,
      13.9,
      7.5,
      22.5,
      21.1,
      20.2,
      5.7,
      63.1,
      5.2,
      7.4,
      20.9,
      6.6,
      5.1,
      2.6
    ],
    [
      2.2,
      1.4,
      2.3,
      0.95,
      1.6,
      2.0,
      2.2,
      4.1,
      7.0,
      0.7,
      5.3,
      0.0,
      0.95,
      1.3,
      6.1,
      1.6,
      5.0,
      1.4,
      1.7,
      3.6,
      1.7,
      0.35,
      6.1,
      1.0,
      17.1,
      1.0,
      43.4,
      1.0,
      11.6,
      6.0,
      8.0,
      20.2,
      8.6,
      2.2,
      17.1,
      15.8,
      14.9,
      1.9,
      63.0,
      1.1,
      2.0,
      15.5,
      0.95,
      1.8,
      4.3
    ],
    [
      2.2,
      2.4,
      1.5,
      1.9,
      2.5,
      3.0,
      2.2,
      3.2,
      5.8,
      1.5,
      7.0,
      0.95,
      0.0,
      2.1,
      6.6,
      2.6,
      5.1,
      2.4,
      2.6,
      5.2,
      1.2,
      1.3,
      7.8,
      1.1,
      16.6,
      1.6,
      44.6,
      1.3,
      10.3,
      7.6,
      6.8,
      20.3,
      9.1,
      2.2,
      16.6,
      15.3,
      14.4,
      1.4,
      66.0,
      1.1,
      0.9,
      15.0,
      1.0,
      1.3,
      6.0
    ],
    [
      3.5,
      0.7,
      1.5,
      0.25,
      0.3,
      1.0,
      3.5,
      2.2,
      8.2,
      0.7,
      4.4,
      1.3,
      2.1,
      0.0,
      7.7,
      0.4,
      3.8,
      0.3,
      0.45,
      2.6,
      0.85,
      1.6,
      5.2,
      2.3,
      18.3,
      0.45,
      42.3,
      0.85,
      12.8,
      5.0,
      9.3,
      19.0,
      10.2,
      3.5,
      18.3,
      17.0,
      16.1,
      1.3,
      63.4,
      0.95,
      3.3,
      16.7,
      1.1,
      0.8,
      3.2
    ],
    [
      7.8,
      7.0,
      8.0,
      7.1,
      8.0,
      7.4,
      7.8,
      9.7,
      12.6,
      6.7,
      11.4,
      6.1,
      6.6,
      7.7,
      0.0,
      7.7,
      11.5,
      7.5,
      7.7,
      9.6,
      7.6,
      6.5,
      10.8,
      6.9,
      22.9,
      7.1,
      51.0,
      7.0,
      17.4,
      10.7,
      13.9,
      26.6,
      4.1,
      8.1,
      23.0,
      21.6,
      20.8,
      7.8,
      67.7,
      7.5,
      7.9,
      21.4,
      6.9,
      7.6,
      9.6
    ],
    [
      3.8,
      1.1,
      2.1,
      0.9,
      0.19,
      1.4,
      3.8,
      2.8,
      8.6,
      1.0,
      4.3,
      1.6,
      2.6,
      0.4,
      7.7,
      0.0,
      4.3,
      0.19,
      0.032,
      2.6,
      1.0,
      1.9,
      5.1,
      2.7,
      18.8,
      0.7,
      42.8,
      1.0,
      13.3,
      5.0,
      9.8,
      19.5,
      10.6,
      3.8,
      18.8,
      17.5,
      16.6,
      1.8,
      63.4,
      1.1,
      3.8,
      17.3,
      1.9,
      0.95,
      3.3
    ],
    [
      8.5,
      4.5,
      3.9,
      4.3,
      4.3,
      4.7,
      7.3,
      4.3,
      9.8,
      4.5,
      7.1,
      5.0,
      5.1,
      3.8,
      11.5,
      4.3,
      0.0,
      4.0,
      4.2,
      4.8,
      3.5,
      5.1,
      8.9,
      5.6,
      17.0,
      3.8,
      40.0,
      4.6,
      14.1,
      8.8,
      10.6,
      16.8,
      13.5,
      8.5,
      17.0,
      15.7,
      14.8,
      3.3,
      67.2,
      3.6,
      5.0,
      15.5,
      4.3,
      3.4,
      7.1
    ],
    [
      3.6,
      1.0,
      1.8,
      0.4,
      0.0,
      1.1,
      3.6,
      2.8,
      8.4,
      0.85,
      4.2,
      1.4,
      2.4,
      0.3,
      7.5,
      0.19,
      4.0,
      0.0,
      0.22,
      2.5,
      0.85,
      1.7,
      5.0,
      2.4,
      18.6,
      0.6,
      42.5,
      0.85,
      13.1,
      4.9,
      9.5,
      19.3,
      10.3,
      3.6,
      18.6,
      17.3,
      16.4,
      1.6,
      63.3,
      1.0,
      3.5,
      17.0,
      1.7,
      0.8,
      3.2
    ],
    [
      3.9,
      1.1,
      2.1,
      0.55,
      0.22,
      1.4,
      3.8,
      1.1,
      8.7,
      1.2,
      4.3,
      1.7,
      2.6,
      0.45,
      7.7,
      0.032,
      4.2,
      0.22,
      0.0,
      2.6,
      1.0,
      2.1,
      5.1,
      2.9,
      19.0,
      0.75,
      43.0,
      1.0,
      13.5,
      5.0,
      10.0,
      19.7,
      10.8,
      4.0,
      19.0,
      17.7,
      16.8,
      2.0,
      63.4,
      1.7,
      4.0,
      17.5,
      2.1,
      1.0,
      3.3
    ],
    [
      5.8,
      3.1,
      4.1,
      2.9,
      2.5,
      3.3,
      5.8,
      3.1,
      10.6,
      3.1,
      2.8,
      3.6,
      5.2,
      2.6,
      9.6,
      2.6,
      4.8,
      2.5,
      2.6,
      0.0,
      3.3,
      3.9,
      5.8,
      4.6,
      20.1,
      3.3,
      42.6,
      3.6,
      14.6,
      5.7,
      11.0,
      19.4,
      12.1,
      5.8,
      20.1,
      18.8,
      17.9,
      3.3,
      64.0,
      3.4,
      5.0,
      18.5,
      4.3,
      3.3,
      3.3
    ],
    [
      3.4,
      1.6,
      0.5,
      0.6,
      0.85,
      1.8,
      3.4,
      2.4,
      7.3,
      0.55,
      5.1,
      1.7,
      1.2,
      0.85,
      7.6,
      1.0,
      3.5,
      0.85,
      1.0,
      3.3,
      0.0,
      2.3,
      5.9,
      2.3,
      17.4,
      0.35,
      42.1,
      0.19,
      11.8,
      5.8,
      8.3,
      18.9,
      10.2,
      3.4,
      17.4,
      16.1,
      15.2,
      0.6,
      64.2,
      0.11,
      2.3,
      15.8,
      0.29,
      0.1,
      4.0
    ],
    [
      2.6,
      1.2,
      2.7,
      1.1,
      1.9,
      1.6,
      2.6,
      4.5,
      7.4,
      0.85,
      5.6,
      0.35,
      1.3,
      1.6,
      6.5,
      1.9,
      5.1,
      1.7,
      2.1,
      3.9,
      2.3,
      0.0,
      4.8,
      1.4,
      17.5,
      1.1,
      43.7,
      1.2,
      11.9,
      4.7,
      8.4,
      20.4,
      9.0,
      2.6,
      17.5,
      16.2,
      15.3,
      2.3,
      62.7,
      1.3,
      2.4,
      15.9,
      1.1,
      2.2,
      3.9
    ],
    [
      7.6,
      4.3,
      6.7,
      5.4,
      5.0,
      4.9,
      7.5,
      5.6,
      13.2,
      5.7,
      5.1,
      6.1,
      7.8,
      5.2,
      10.8,
      5.1,
      8.9,
      5.0,
      5.1,
      5.8,
      5.9,
      4.8,
      0.0,
      5.6,
      22.4,
      5.4,
      47.7,
      7.0,
      16.9,
      1.2,
      13.4,
      24.5,
      13.1,
      8.9,
      22.5,
      21.1,
      20.2,
      5.7,
      60.1,
      6.2,
      7.4,
      20.9,
      6.6,
      6.0,
      2.6
    ],
    [
      1.3,
      2.5,
      2.6,
      2.0,
      2.6,
      3.0,
      1.2,
      4.3,
      6.5,
      1.6,
      6.4,
      1.0,
      1.1,
      2.3,
      6.9,
      2.7,
      5.6,
      2.4,
      2.9,
      4.6,
      2.3,
      1.4,
      5.6,
      0.0,
      17.6,
      1.7,
      45.7,
      1.6,
      11.1,
      6.3,
      7.6,
      21.3,
      9.2,
      1.3,
      17.7,
      16.3,
      15.4,
      2.5,
      64.3,
      2.2,
      2.6,
      16.1,
      1.6,
      2.3,
      5.6
    ],
    [
      17.6,
      18.5,
      17.0,
      18.0,
      18.8,
      19.2,
      17.7,
      18.7,
      18.9,
      17.6,
      22.4,
      17.1,
      16.6,
      18.3,
      22.9,
      18.8,
      17.0,
      18.6,
      19.0,
      20.1,
      17.4,
      17.5,
      22.4,
      17.6,
      0.0,
      17.9,
      50.9,
      17.6,
      22.9,
      23.3,
      19.4,
      32.4,
      25.4,
      17.3,
      0.6,
      4.2,
      4.3,
      17.1,
      38.6,
      17.5,
      16.9,
      3.9,
      17.3,
      17.6,
      21.6
    ],
    [
      2.8,
      0.6,
      0.85,
      0.22,
      0.6,
      1.7,
      2.8,
      2.6,
      8.0,
      0.35,
      5.1,
      1.0,
      1.6,
      0.45,
      7.1,
      0.7,
      3.8,
      0.6,
      0.75,
      3.3,
      0.35,
      1.1,
      5.4,
      1.7,
      17.9,
      0.0,
      42.4,
      0.35,
      12.2,
      5.7,
      8.7,
      19.1,
      9.6,
      2.9,
      17.8,
      16.4,
      15.6,
      0.8,
      64.1,
      0.5,
      2.7,
      16.2,
      0.65,
      0.35,
      3.9
    ],
    [
      46.5,
      43.0,
      42.3,
      42.7,
      42.7,
      43.1,
      46.8,
      42.8,
      47.8,
      43.0,
      44.6,
      43.4,
      44.6,
      42.3,
      51.0,
      42.8,
      40.0,
      42.5,
      43.0,
      42.6,
      42.1,
      43.7,
      47.7,
      45.7,
      50.9,
      42.4,
      0.0,
      43.3,
      51.9,
      48.0,
      48.3,
      24.6,
      52.1,
      46.2,
      46.3,
      43.9,
      43.4,
      42.0,
      104.0,
      42.2,
      43.6,
      43.6,
      42.9,
      42.0,
      46.4
    ],
    [
      2.8,
      1.0,
      0.55,
      1.0,
      0.85,
      2.1,
      2.8,
      3.3,
      7.3,
      0.4,
      5.4,
      1.0,
      1.3,
      0.85,
      7.0,
      1.0,
      4.6,
      0.85,
      1.0,
      3.6,
      0.19,
      1.2,
      7.0,
      1.6,
      17.6,
      0.35,
      43.3,
      0.0,
      11.9,
      7.7,
      8.3,
      20.1,
      9.5,
      2.8,
      17.4,
      16.1,
      15.2,
      0.75,
      66.0,
      0.14,
      2.4,
      15.9,
      0.35,
      0.29,
      6.0
    ],
    [
      10.1,
      13.0,
      11.5,
      12.5,
      13.3,
      13.7,
      10.3,
      13.2,
      4.4,
      12.1,
      16.9,
      11.6,
      10.3,
      12.8,
      17.4,
      13.3,
      14.1,
      13.1,
      13.5,
      14.6,
      11.8,
      11.9,
      16.9,
      11.1,
      22.9,
      12.2,
      51.9,
      11.9,
      0.0,
      17.5,
      4.2,
      34.0,
      19.6,
      10.0,
      23.3,
      22.0,
      21.1,
      11.3,
      60.2,
      11.6,
      9.5,
      21.8,
      11.4,
      11.8,
      15.8
    ],
    [
      7.4,
      4.2,
      6.6,
      5.3,
      4.9,
      4.8,
      7.4,
      5.5,
      13.1,
      5.5,
      4.2,
      6.0,
      7.6,
      5.0,
      10.7,
      5.0,
      8.8,
      4.9,
      5.0,
      5.7,
      5.8,
      4.7,
      1.2,
      6.3,
      23.3,
      5.7,
      48.0,
      7.7,
      17.5,
      0.0,
      13.7,
      24.8,
      13.4,
      9.2,
      22.8,
      21.5,
      20.6,
      6.0,
      60.4,
      6.5,
      7.7,
      21.2,
      7.0,
      6.4,
      3.0
    ],
    [
      6.6,
      9.4,
      7.9,
      8.9,
      9.7,
      10.1,
      6.8,
      9.6,
      0.9,
      8.5,
      13.4,
      8.0,
      6.8,
      9.3,
      13.9,
      9.8,
      10.6,
      9.5,
      10.0,
      11.0,
      8.3,
      8.4,
      13.4,
      7.6,
      19.4,
      8.7,
      48.3,
      8.3,
      4.2,
      13.7,
      0.0,
      30.5,
      16.0,
      6.5,
      19.8,
      18.5,
      17.6,
      7.7,
      56.6,
      8.1,
      5.9,
      18.2,
      7.9,
      8.2,
      12.3
    ],
    [
      22.0,
      19.7,
      19.0,
      19.4,
      19.5,
      19.9,
      22.4,
      19.5,
      29.6,
      19.7,
      21.3,
      20.2,
      20.3,
      19.0,
      26.6,
      19.5,
      16.8,
      19.3,
      19.7,
      19.4,
      18.9,
      20.4,
      24.5,
      21.3,
      32.4,
      19.1,
      24.6,
      20.1,
      34.0,
      24.8,
      30.5,
      0.0,
      29.4,
      22.4,
      32.5,
      31.2,
      30.3,
      19.2,
      81.5,
      19.5,
      20.9,
      30.9,
      20.2,
      19.3,
      23.6
    ],
    [
      10.3,
      9.5,
      10.4,
      9.6,
      10.5,
      9.8,
      10.3,
      12.2,
      15.1,
      9.2,
      13.9,
      8.6,
      9.1,
      10.2,
      4.1,
      10.6,
      13.5,
      10.3,
      10.8,
      12.1,
      10.2,
      9.0,
      13.1,
      9.2,
      25.4,
      9.6,
      52.1,
      9.5,
      19.6,
      13.4,
      16.0,
      29.4,
      0.0,
      10.6,
      25.5,
      24.2,
      23.3,
      10.3,
      70.2,
      10.0,
      10.4,
      23.9,
      9.4,
      10.2,
      12.1
    ],
    [
      0.003,
      3.6,
      3.4,
      3.1,
      3.8,
      4.2,
      0.5,
      5.2,
      5.6,
      2.7,
      7.5,
      2.2,
      2.2,
      3.5,
      8.1,
      3.8,
      8.5,
      3.6,
      4.0,
      5.8,
      3.4,
      2.6,
      8.9,
      1.3,
      17.3,
      2.9,
      46.2,
      2.8,
      10.0,
      9.2,
      6.5,
      22.4,
      10.6,
      0.0,
      17.6,
      16.3,
      15.4,
      3.4,
      65.4,
      3.3,
      2.0,
      16.0,
      2.7,
      3.5,
      6.7
    ],
    [
      17.6,
      18.5,
      17.0,
      18.0,
      18.8,
      19.2,
      17.8,
      18.7,
      18.9,
      17.6,
      22.5,
      17.1,
      16.6,
      18.3,
      23.0,
      18.8,
      17.0,
      18.6,
      19.0,
      20.1,
      17.4,
      17.5,
      22.5,
      17.7,
      0.6,
      17.8,
      46.3,
      17.4,
      23.3,
      22.8,
      19.8,
      32.5,
      25.5,
      17.6,
      0.0,
      4.2,
      4.3,
      17.1,
      38.7,
      17.5,
      16.9,
      4.0,
      17.3,
      17.6,
      21.7
    ],
    [
      16.3,
      17.2,
      15.7,
      16.7,
      17.5,
      17.9,
      16.4,
      17.4,
      17.6,
      16.3,
      21.1,
      15.8,
      15.3,
      17.0,
      21.6,
      17.5,
      15.7,
      17.3,
      17.7,
      18.8,
      16.1,
      16.2,
      21.1,
      16.3,
      4.2,
      16.4,
      43.9,
      16.1,
      22.0,
      21.5,
      18.5,
      31.2,
      24.2,
      16.3,
      4.2,
      0.0,
      0.5,
      15.8,
      40.6,
      16.1,
      15.5,
      0.4,
      15.9,
      16.3,
      20.3
    ],
    [
      15.4,
      16.3,
      14.8,
      15.8,
      16.6,
      17.0,
      15.6,
      16.5,
      16.7,
      15.4,
      20.2,
      14.9,
      14.4,
      16.1,
      20.8,
      16.6,
      14.8,
      16.4,
      16.8,
      17.9,
      15.2,
      15.3,
      20.2,
      15.4,
      4.3,
      15.6,
      43.4,
      15.2,
      21.1,
      20.6,
      17.6,
      30.3,
      23.3,
      15.4,
      4.3,
      0.5,
      0.0,
      15.0,
      40.6,
      15.3,
      14.7,
      0.45,
      15.1,
      15.4,
      19.5
    ],
    [
      3.4,
      2.0,
      0.18,
      1.8,
      1.8,
      2.2,
      3.6,
      2.0,
      6.8,
      2.5,
      5.7,
      1.9,
      1.4,
      1.3,
      7.8,
      1.8,
      3.3,
      1.6,
      2.0,
      3.3,
      0.6,
      2.3,
      5.7,
      2.5,
      17.1,
      0.8,
      42.0,
      0.75,
      11.3,
      6.0,
      7.7,
      19.2,
      10.3,
      3.4,
      17.1,
      15.8,
      15.0,
      0.0,
      64.7,
      0.6,
      1.9,
      15.4,
      0.7,
      0.5,
      4.7
    ],
    [
      65.4,
      62.1,
      64.9,
      63.7,
      63.3,
      63.2,
      65.4,
      63.9,
      55.7,
      62.5,
      63.1,
      63.0,
      66.0,
      63.4,
      67.7,
      63.4,
      67.2,
      63.3,
      63.4,
      64.0,
      64.2,
      62.7,
      60.1,
      64.3,
      38.6,
      64.1,
      104.0,
      66.0,
      60.2,
      60.4,
      56.6,
      81.5,
      70.2,
      65.4,
      38.7,
      40.6,
      40.6,
      64.7,
      0.0,
      65.8,
      67.0,
      40.8,
      66.3,
      65.7,
      62.3
    ],
    [
      3.3,
      1.7,
      0.45,
      0.7,
      1.0,
      1.8,
      3.3,
      2.5,
      7.2,
      0.5,
      5.2,
      1.1,
      1.1,
      0.95,
      7.5,
      1.1,
      3.6,
      1.0,
      1.7,
      3.4,
      0.11,
      1.3,
      6.2,
      2.2,
      17.5,
      0.5,
      42.2,
      0.14,
      11.6,
      6.5,
      8.1,
      19.5,
      10.0,
      3.3,
      17.5,
      16.1,
      15.3,
      0.6,
      65.8,
      0.0,
      2.2,
      15.7,
      0.18,
      0.21,
      5.2
    ],
    [
      2.0,
      3.4,
      1.9,
      3.0,
      3.7,
      4.2,
      2.2,
      3.7,
      5.1,
      2.6,
      7.4,
      2.0,
      0.9,
      3.3,
      7.9,
      3.8,
      5.0,
      3.5,
      4.0,
      5.0,
      2.3,
      2.4,
      7.4,
      2.6,
      16.9,
      2.7,
      43.6,
      2.4,
      9.5,
      7.7,
      5.9,
      20.9,
      10.4,
      2.0,
      16.9,
      15.5,
      14.7,
      1.9,
      67.0,
      2.2,
      0.0,
      15.5,
      2.0,
      2.3,
      6.4
    ],
    [
      16.0,
      17.0,
      15.4,
      16.5,
      17.2,
      17.6,
      16.2,
      17.2,
      17.3,
      16.1,
      20.9,
      15.5,
      15.0,
      16.7,
      21.4,
      17.3,
      15.5,
      17.0,
      17.5,
      18.5,
      15.8,
      15.9,
      20.9,
      16.1,
      3.9,
      16.2,
      43.6,
      15.9,
      21.8,
      21.2,
      18.2,
      30.9,
      23.9,
      16.0,
      4.0,
      0.4,
      0.45,
      15.4,
      40.8,
      15.7,
      15.5,
      0.0,
      15.7,
      16.0,
      20.1
    ],
    [
      2.7,
      1.7,
      0.5,
      0.9,
      1.9,
      2.7,
      2.7,
      2.9,
      7.0,
      0.5,
      6.6,
      0.95,
      1.0,
      1.1,
      6.9,
      1.9,
      4.3,
      1.7,
      2.1,
      4.3,
      0.29,
      1.1,
      6.6,
      1.6,
      17.3,
      0.65,
      42.9,
      0.35,
      11.4,
      7.0,
      7.9,
      20.2,
      9.4,
      2.7,
      17.3,
      15.9,
      15.1,
      0.7,
      66.3,
      0.18,
      2.0,
      15.7,
      0.0,
      0.4,
      5.6
    ],
    [
      3.5,
      1.6,
      0.55,
      0.55,
      0.8,
      1.7,
      3.4,
      2.3,
      7.3,
      0.65,
      5.1,
      1.8,
      1.3,
      0.8,
      7.6,
      0.95,
      3.4,
      0.8,
      1.0,
      3.3,
      0.1,
      2.2,
      6.0,
      2.3,
      17.6,
      0.35,
      42.0,
      0.29,
      11.8,
      6.4,
      8.2,
      19.3,
      10.2,
      3.5,
      17.6,
      16.3,
      15.4,
      0.5,
      65.7,
      0.21,
      2.3,
      16.0,
      0.4,
      0.0,
      5.0
    ],
    [
      6.7,
      3.0,
      4.9,
      3.6,
      3.2,
      2.7,
      6.7,
      3.8,
      11.4,
      3.9,
      2.6,
      4.3,
      6.0,
      3.2,
      9.6,
      3.3,
      7.1,
      3.2,
      3.3,
      3.3,
      4.0,
      3.9,
      2.6,
      5.6,
      21.6,
      3.9,
      46.4,
      6.0,
      15.8,
      3.0,
      12.3,
      23.6,
      12.1,
      6.7,
      21.7,
      20.3,
      19.5,
      4.7,
      62.3,
      5.2,
      6.4,
      20.1,
      5.6,
      5.0,
      0.0
    ]
  ],
  "drive_time_matrix": [
    [
      0.0,
      9.0,
      8.0,
      7.0,
      10.0,
      10.0,
      3.0,
      11.0,
      8.0,
      6.0,
      15.0,
      5.0,
      5.0,
      8.0,
      13.0,
      10.0,
      14.0,
      9.0,
      10.0,
      13.0,
      9.0,
      6.0,
      15.0,
      3.0,
      22.0,
      8.0,
      52.0,
      8.0,
      15.0,
      14.0,
      10.0,
      25.0,
      16.0,
      1.0,
      23.0,
      21.0,
      20.0,
      7.0,
      128.0,
      8.0,
      5.0,
      20.0,
      7.0,
      9.0,
      14.0
    ],
    [
      9.0,
      0.0,
      7.0,
      7.0,
      10.0,
      11.0,
      11.0,
      6.0,
      16.0,
      10.0,
      10.0,
      5.0,
      7.0,
      9.0,
      13.0,
      11.0,
      10.0,
      10.0,
      12.0,
      7.0,
      7.0,
      13.0,
      9.0,
      8.0,
      26.0,
      9.0,
      48.0,
      7.0,
      22.0,
      9.0,
      17.0,
      20.0,
      16.0,
      10.0,
      27.0,
      25.0,
      24.0,
      7.0,
      123.0,
      7.0,
      9.0,
      24.0,
      8.0,
      6.0,
      7.0
    ],
    [
      8.0,
      7.0,
      0.0,
      6.0,
      7.0,
      9.0,
      9.0,
      7.0,
      11.0,
      11.0,
      11.0,
      6.0,
      4.0,
      5.0,
      14.0,
      8.0,
      8.0,
      6.0,
      8.0,
      8.0,
      6.0,
      7.0,
      10.0,
      6.0,
      21.0,
      10.0,
      46.0,
      6.0,
      17.0,
      9.0,
      13.0,
      19.0,
      17.0,
      7.0,
      22.0,
      20.0,
      19.0,
      3.0,
      123.0,
      5.0,
      4.0,
      19.0,
      6.0,
      6.0,
      8.0
    ],
    [
      7.0,
      7.0,
      6.0,
      0.0,
      6.0,
      5.0,
      9.0,
      5.0,
      14.0,
      6.0,
      9.0,
      3.0,
      6.0,
      3.0,
      13.0,
      4.0,
      9.0,
      6.0,
      8.0,
      6.0,
      8.0,
      10.0,
      8.0,
      6.0,
      24.0,
      3.0,
      47.0,
      8.0,
      20.0,
      8.0,
      15.0,
      19.0,
      16.0,
      8.0,
      24.0,
      23.0,
      22.0,
      6.0,
      122.0,
      7.0,
      7.0,
      22.0,
      9.0,
      8.0,
      7.0
    ],
    [
      10.0,
      10.0,
      7.0,
      6.0,
      0.0,
      6.0,
      12.0,
      5.0,
      15.0,
      10.0,
      8.0,
      5.0,
      8.0,
      4.0,
      15.0,
      2.0,
      10.0,
      1.0,
      3.0,
      6.0,
      11.0,
      6.0,
      8.0,
      8.0,
      25.0,
      8.0,
      47.0,
      9.0,
      22.0,
      8.0,
      17.0,
      20.0,
      19.0,
      10.0,
      26.0,
      24.0,
      23.0,
      6.0,
      123.0,
      11.0,
      9.0,
      23.0,
      8.0,
      8.0,
      7.0
    ],
    [
      10.0,
      11.0,
      9.0,
      5.0,
      6.0,
      0.0,
      12.0,
      6.0,
      16.0,
      5.0,
      10.0,
      6.0,
      8.0,
      3.0,
      14.0,
      5.0,
      10.0,
      4.0,
      5.0,
      8.0,
      7.0,
      5.0,
      10.0,
      9.0,
      26.0,
      6.0,
      48.0,
      8.0,
      22.0,
      9.0,
      18.0,
      20.0,
      17.0,
      11.0,
      26.0,
      25.0,
      23.0,
      7.0,
      124.0,
      7.0,
      10.0,
      23.0,
      9.0,
      6.0,
      7.0
    ],
    [
      3.0,
      11.0,
      9.0,
      9.0,
      12.0,
      12.0,
      0.0,
      12.0,
      9.0,
      7.0,
      16.0,
      6.0,
      6.0,
      9.0,
      14.0,
      11.0,
      15.0,
      10.0,
      11.0,
      14.0,
      9.0,
      7.0,
      16.0,
      3.0,
      23.0,
      9.0,
      54.0,
      8.0,
      16.0,
      16.0,
      11.0,
      25.0,
      17.0,
      5.0,
      24.0,
      22.0,
      21.0,
      8.0,
      130.0,
      8.0,
      6.0,
      21.0,
      7.0,
      9.0,
      15.0
    ],
    [
      11.0,
      6.0,
      7.0,
      5.0,
      5.0,
      6.0,
      12.0,
      0.0,
      12.0,
      8.0,
      8.0,
      7.0,
      6.0,
      6.0,
      16.0,
      6.0,
      8.0,
      5.0,
      13.0,
      6.0,
      6.0,
      9.0,
      8.0,
      8.0,
      23.0,
      6.0,
      46.0,
      7.0,
      18.0,
      7.0,
      14.0,
      19.0,
      19.0,
      9.0,
      23.0,
      22.0,
      20.0,
      3.0,
      122.0,
      5.0,
      6.0,
      20.0,
      6.0,
      5.0,
      7.0
    ],
    [
      8.0,
      16.0,
      11.0,
      14.0,
      15.0,
      16.0,
      9.0,
      12.0,
      0.0,
      13.0,
      19.0,
      11.0,
      9.0,
      14.0,
      20.0,
      17.0,
      15.0,
      15.0,
      17.0,
      17.0,
      13.0,
      13.0,
      19.0,
      10.0,
      22.0,
      14.0,
      52.0,
      14.0,
      6.0,
      19.0,
      2.0,
      26.0,
      23.0,
      8.0,
      23.0,
      22.0,
      20.0,
      11.0,
      129.0,
      12.0,
      8.0,
      20.0,
      12.0,
      13.0,
      18.0
    ],
    [
      6.0,
      10.0,
      11.0,
      6.0,
      10.0,
      5.0,
      7.0,
      8.0,
      13.0,
      0.0,
      10.0,
      5.0,
      4.0,
      9.0,
      12.0,
      10.0,
      10.0,
      9.0,
      5.0,
      7.0,
      7.0,
      11.0,
      9.0,
      5.0,
      22.0,
      4.0,
      48.0,
      5.0,
      18.0,
      9.0,
      14.0,
      20.0,
      15.0,
      6.0,
      23.0,
      22.0,
      20.0,
      6.0,
      124.0,
      6.0,
      6.0,
      20.0,
      6.0,
      8.0,
      8.0
    ],
    [
      15.0,
      10.0,
      11.0,
      9.0,
      8.0,
      10.0,
      16.0,
      8.0,
      19.0,
      10.0,
      0.0,
      11.0,
      13.0,
      9.0,
      21.0,
      9.0,
      13.0,
      8.0,
      9.0,
      6.0,
      12.0,
      12.0,
      10.0,
      14.0,
      30.0,
      11.0,
      47.0,
      13.0,
      25.0,
      9.0,
      21.0,
      19.0,
      24.0,
      16.0,
      30.0,
      29.0,
      27.0,
      10.0,
      124.0,
      13.0,
      13.0,
      28.0,
      13.0,
      12.0,
      7.0
    ],
    [
      5.0,
      5.0,
      6.0,
      3.0,
      5.0,
      6.0,
      6.0,
      7.0,
      11.0,
      5.0,
      11.0,
      0.0,
      12.0,
      4.0,
      10.0,
      5.0,
      10.0,
      4.0,
      5.0,
      8.0,
      5.0,
      5.0,
      10.0,
      3.0,
      21.0,
      4.0,
      49.0,
      8.0,
      17.0,
      10.0,
      12.0,
      21.0,
      13.0,
      5.0,
      21.0,
      20.0,
      18.0,
      5.0,
      125.0,
      9.0,
      4.0,
      19.0,
      9.0,
      5.0,
      9.0
    ],
    [
      5.0,
      7.0,
      4.0,
      6.0,
      8.0,
      8.0,
      6.0,
      6.0,
      9.0,
      4.0,
      13.0,
      12.0,
      0.0,
      6.0,
      10.0,
      8.0,
      10.0,
      6.0,
      8.0,
      10.0,
      4.0,
      4.0,
      11.0,
      3.0,
      20.0,
      5.0,
      49.0,
      5.0,
      15.0,
      11.0,
      11.0,
      20.0,
      14.0,
      5.0,
      20.0,
      19.0,
      17.0,
      4.0,
      126.0,
      3.0,
      8.0,
      17.0,
      6.0,
      4.0,
      10.0
    ],
    [
      8.0,
      9.0,
      5.0,
      3.0,
      4.0,
      3.0,
      9.0,
      6.0,
      14.0,
      9.0,
      9.0,
      4.0,
      6.0,
      0.0,
      13.0,
      6.0,
      8.0,
      5.0,
      6.0,
      6.0,
      7.0,
      5.0,
      8.0,
      6.0,
      23.0,
      6.0,
      46.0,
      4.0,
      20.0,
      8.0,
      15.0,
      18.0,
      17.0,
      8.0,
      24.0,
      22.0,
      21.0,
      5.0,
      122.0,
      6.0,
      7.0,
      21.0,
      8.0,
      8.0,
      7.0
    ],
    [
      13.0,
      13.0,
      14.0,
      13.0,
      15.0,
      14.0,
      14.0,
      16.0,
      20.0,
      12.0,
      21.0,
      10.0,
      10.0,
      13.0,
      0.0,
      15.0,
      20.0,
      14.0,
      15.0,
      17.0,
      14.0,
      12.0,
      16.0,
      12.0,
      30.0,
      14.0,
      59.0,
      13.0,
      26.0,
      16.0,
      21.0,
      30.0,
      7.0,
      14.0,
      30.0,
      29.0,
      27.0,
      13.0,
      131.0,
      14.0,
      13.0,
      28.0,
      13.0,
      14.0,
      17.0
    ],
    [
      10.0,
      11.0,
      8.0,
      4.0,
      2.0,
      5.0,
      11.0,
      6.0,
      17.0,
      10.0,
      9.0,
      5.0,
      8.0,
      6.0,
      15.0,
      0.0,
      10.0,
      3.0,
      1.0,
      6.0,
      11.0,
      6.0,
      8.0,
      8.0,
      26.0,
      9.0,
      48.0,
      8.0,
      22.0,
      8.0,
      18.0,
      21.0,
      19.0,
      10.0,
      26.0,
      25.0,
      23.0,
      7.0,
      123.0,
      10.0,
      9.0,
      23.0,
      8.0,
      10.0,
      7.0
    ],
    [
      14.0,
      10.0,
      8.0,
      9.0,
      10.0,
      10.0,
      15.0,
      8.0,
      15.0,
      10.0,
      13.0,
      10.0,
      10.0,
      8.0,
      20.0,
      10.0,
      0.0,
      9.0,
      10.0,
      9.0,
      8.0,
      12.0,
      14.0,
      11.0,
      22.0,
      10.0,
      43.0,
      12.0,
      21.0,
      14.0,
      16.0,
      15.0,
      23.0,
      13.0,
      22.0,
      21.0,
      19.0,
      7.0,
      129.0,
      8.0,
      10.0,
      20.0,
      10.0,
      8.0,
      13.0
    ],
    [
      9.0,
      10.0,
      6.0,
      6.0,
      1.0,
      4.0,
      10.0,
      5.0,
      15.0,
      9.0,
      8.0,
      4.0,
      6.0,
      5.0,
      14.0,
      3.0,
      9.0,
      0.0,
      3.0,
      5.0,
      9.0,
      5.0,
      8.0,
      7.0,
      24.0,
      8.0,
      47.0,
      9.0,
      21.0,
      8.0,
      16.0,
      19.0,
      18.0,
      9.0,
      25.0,
      24.0,
      22.0,
      6.0,
      123.0,
      10.0,
      8.0,
      22.0,
      7.0,
      8.0,
      7.0
    ],
    [
      10.0,
      12.0,
      8.0,
      8.0,
      3.0,
      5.0,
      11.0,
      13.0,
      17.0,
      5.0,
      9.0,
      5.0,
      8.0,
      6.0,
      15.0,
      1.0,
      10.0,
      3.0,
      0.0,
      6.0,
      11.0,
      7.0,
      8.0,
      8.0,
      26.0,
      9.0,
      48.0,
      9.0,
      22.0,
      8.0,
      18.0,
      21.0,
      19.0,
      10.0,
      26.0,
      25.0,
      23.0,
      7.0,
      123.0,
      7.0,
      10.0,
      24.0,
      8.0,
      11.0,
      7.0
    ],
    [
      13.0,
      7.0,
      8.0,
      6.0,
      6.0,
      8.0,
      14.0,
      6.0,
      17.0,
      7.0,
      6.0,
      8.0,
      10.0,
      6.0,
      17.0,
      6.0,
      9.0,
      5.0,
      6.0,
      0.0,
      9.0,
      9.0,
      8.0,
      11.0,
      26.0,
      8.0,
      45.0,
      10.0,
      23.0,
      8.0,
      18.0,
      18.0,
      21.0,
      13.0,
      27.0,
      26.0,
      24.0,
      7.0,
      123.0,
      9.0,
      10.0,
      25.0,
      10.0,
      9.0,
      7.0
    ],
    [
      9.0,
      7.0,
      6.0,
      8.0,
      11.0,
      7.0,
      9.0,
      6.0,
      13.0,
      7.0,
      12.0,
      5.0,
      4.0,
      7.0,
      14.0,
      11.0,
      8.0,
      9.0,
      11.0,
      9.0,
      0.0,
      8.0,
      11.0,
      7.0,
      23.0,
      5.0,
      47.0,
      2.0,
      19.0,
      11.0,
      15.0,
      19.0,
      18.0,
      9.0,
      23.0,
      23.0,
      21.0,
      8.0,
      127.0,
      1.0,
      7.0,
      21.0,
      4.0,
      1.0,
      10.0
    ],
    [
      6.0,
      13.0,
      7.0,
      10.0,
      6.0,
      5.0,
      7.0,
      9.0,
      13.0,
      11.0,
      12.0,
      5.0,
      4.0,
      5.0,
      12.0,
      6.0,
      12.0,
      5.0,
      7.0,
      9.0,
      8.0,
      0.0,
      9.0,
      5.0,
      22.0,
      10.0,
      50.0,
      11.0,
      19.0,
      9.0,
      14.0,
      22.0,
      15.0,
      6.0,
      23.0,
      22.0,
      20.0,
      6.0,
      125.0,
      13.0,
      6.0,
      21.0,
      11.0,
      7.0,
      9.0
    ],
    [
      15.0,
      9.0,
      10.0,
      8.0,
      8.0,
      10.0,
      16.0,
      8.0,
      19.0,
      9.0,
      10.0,
      10.0,
      11.0,
      8.0,
      16.0,
      8.0,
      14.0,
      8.0,
      8.0,
      8.0,
      11.0,
      9.0,
      0.0,
      13.0,
      27.0,
      10.0,
      51.0,
      12.0,
      24.0,
      3.0,
      19.0,
      23.0,
      19.0,
      14.0,
      28.0,
      27.0,
      25.0,
      8.0,
      120.0,
      10.0,
      11.0,
      26.0,
      11.0,
      10.0,
      5.0
    ],
    [
      3.0,
      8.0,
      6.0,
      6.0,
      8.0,
      9.0,
      3.0,
      8.0,
      10.0,
      5.0,
      14.0,
      3.0,
      3.0,
      6.0,
      12.0,
      8.0,
      11.0,
      7.0,
      8.0,
      11.0,
      7.0,
      5.0,
      13.0,
      0.0,
      22.0,
      6.0,
      52.0,
      5.0,
      17.0,
      12.0,
      12.0,
      23.0,
      14.0,
      3.0,
      23.0,
      22.0,
      20.0,
      6.0,
      129.0,
      6.0,
      6.0,
      21.0,
      5.0,
      6.0,
      12.0
    ],
    [
      22.0,
      26.0,
      21.0,
      24.0,
      25.0,
      26.0,
      23.0,
      23.0,
      22.0,
      22.0,
      30.0,
      21.0,
      20.0,
      23.0,
      30.0,
      26.0,
      22.0,
      24.0,
      26.0,
      26.0,
      23.0,
      22.0,
      27.0,
      22.0,
      0.0,
      25.0,
      59.0,
      24.0,
      30.0,
      29.0,
      24.0,
      32.0,
      34.0,
      22.0,
      37.0,
      11.0,
      11.0,
      21.0,
      116.0,
      23.0,
      21.0,
      10.0,
      23.0,
      24.0,
      28.0
    ],
    [
      8.0,
      9.0,
      10.0,
      3.0,
      8.0,
      6.0,
      9.0,
      6.0,
      14.0,
      4.0,
      11.0,
      4.0,
      5.0,
      6.0,
      14.0,
      9.0,
      10.0,
      8.0,
      9.0,
      8.0,
      5.0,
      10.0,
      10.0,
      6.0,
      25.0,
      0.0,
      47.0,
      4.0,
      20.0,
      10.0,
      15.0,
      19.0,
      17.0,
      7.0,
      24.0,
      23.0,
      21.0,
      9.0,
      127.0,
      6.0,
      7.0,
      22.0,
      8.0,
      4.0,
      9.0
    ],
    [
      52.0,
      48.0,
      46.0,
      47.0,
      47.0,
      48.0,
      54.0,
      46.0,
      52.0,
      48.0,
      47.0,
      49.0,
      49.0,
      46.0,
      59.0,
      48.0,
      43.0,
      47.0,
      48.0,
      45.0,
      47.0,
      50.0,
      51.0,
      52.0,
      59.0,
      47.0,
      0.0,
      50.0,
      60.0,
      53.0,
      54.0,
      31.0,
      62.0,
      52.0,
      58.0,
      57.0,
      55.0,
      46.0,
      163.0,
      47.0,
      49.0,
      56.0,
      49.0,
      47.0,
      51.0
    ],
    [
      8.0,
      7.0,
      6.0,
      8.0,
      9.0,
      8.0,
      8.0,
      7.0,
      14.0,
      5.0,
      13.0,
      8.0,
      5.0,
      4.0,
      13.0,
      8.0,
      12.0,
      9.0,
      9.0,
      10.0,
      2.0,
      11.0,
      12.0,
      5.0,
      24.0,
      4.0,
      50.0,
      0.0,
      19.0,
      13.0,
      15.0,
      21.0,
      17.0,
      7.0,
      23.0,
      23.0,
      21.0,
      10.0,
      129.0,
      2.0,
      6.0,
      21.0,
      4.0,
      4.0,
      12.0
    ],
    [
      15.0,
      22.0,
      17.0,
      20.0,
      22.0,
      22.0,
      16.0,
      18.0,
      6.0,
      18.0,
      25.0,
      17.0,
      15.0,
      20.0,
      26.0,
      22.0,
      21.0,
      21.0,
      22.0,
      23.0,
      19.0,
      19.0,
      24.0,
      17.0,
      30.0,
      20.0,
      60.0,
      19.0,
      0.0,
      26.0,
      8.0,
      33.0,
      30.0,
      15.0,
      30.0,
      30.0,
      28.0,
      18.0,
      137.0,
      19.0,
      15.0,
      28.0,
      19.0,
      20.0,
      25.0
    ],
    [
      14.0,
      9.0,
      9.0,
      8.0,
      8.0,
      9.0,
      16.0,
      7.0,
      19.0,
      9.0,
      9.0,
      10.0,
      11.0,
      8.0,
      16.0,
      8.0,
      14.0,
      8.0,
      8.0,
      8.0,
      11.0,
      9.0,
      3.0,
      12.0,
      29.0,
      10.0,
      53.0,
      13.0,
      26.0,
      0.0,
      20.0,
      24.0,
      21.0,
      15.0,
      29.0,
      28.0,
      26.0,
      9.0,
      122.0,
      12.0,
      12.0,
      27.0,
      12.0,
      11.0,
      7.0
    ],
    [
      10.0,
      17.0,
      13.0,
      15.0,
      17.0,
      18.0,
      11.0,
      14.0,
      2.0,
      14.0,
      21.0,
      12.0,
      11.0,
      15.0,
      21.0,
      18.0,
      16.0,
      16.0,
      18.0,
      18.0,
