{
  "drive_dist_matrix": [
    [
      0.0,
      2.092142,
      3.8624159999999996,
      3.057746,
      7.402963999999999,
      4.506151999999999,
      4.345218,
      6.759228,
      8.529501999999999,
      7.885766,
      4.506151999999999,
      15.932466,
      8.85137,
      4.82802,
      11.748182,
      17.380872,
      23.013562,
      23.818232000000002,
      11.104446000000001,
      3.5405480000000003,
      1.1265379999999998,
      0.433,
      26.393175999999997,
      6.598293999999999,
      0.315,
      3.5405480000000003,
      5.310822,
      13.196587999999998,
      4.506151999999999,
      3.5405480000000003,
      29.289987999999997,
      0.6437360000000001,
      9.977908000000001,
      22.852628,
      9.65604,
      7.24203,
      12.552852,
      27.197846,
      6.276426,
      11.104446000000001,
      10.943512,
      15.932466,
      13.357522000000001,
      17.219938,
      24.94477,
      9.65604,
      10.782578,
      13.840323999999999,
      0.48280199999999995,
      13.518456,
      23.33543,
      9.495106,
      13.035654,
      22.208892000000002,
      12.87472,
      14.001257999999998,
      27.036912
    ],
    [
      2.092142,
      0.0,
      3.8624159999999996,
      3.057746,
      5.63269,
      4.506151999999999,
      4.345218,
      6.759228,
      9.173238,
      7.885766,
      4.506151999999999,
      16.415267999999998,
      0.32186800000000004,
      4.82802,
      12.391918,
      17.863674,
      23.657297999999997,
      24.301033999999998,
      11.587248,
      5.471756,
      1.7702740000000001,
      3.21868,
      27.036912,
      8.0467,
      3.057746,
      3.5405480000000003,
      5.310822,
      13.840323999999999,
      4.506151999999999,
      3.5405480000000003,
      29.933724,
      1.60934,
      10.46071,
      23.33543,
      10.138842,
      7.724831999999999,
      13.196587999999998,
      27.680647999999998,
      6.759228,
      12.552852,
      11.426314,
      16.576202000000002,
      13.840323999999999,
      17.863674,
      25.427572,
      10.299776000000001,
      12.230984,
      14.48406,
      3.21868,
      14.001257999999998,
      23.979166,
      9.977908000000001,
      13.518456,
      22.852628,
      13.518456,
      14.48406,
      27.519714
    ],
    [
      3.8624159999999996,
      3.8624159999999996,
      0.0,
      1.1265379999999998,
      2.2530759999999996,
      1.9312079999999998,
      0.9656039999999999,
      3.379614,
      4.345218,
      4.506151999999999,
      1.2874720000000002,
      11.587248,
      6.9201619999999995,
      6.759228,
      7.563898,
      13.035654,
      14.805927999999998,
      17.70274,
      14.644993999999999,
      9.173238,
      4.184284,
      4.9889540000000006,
      29.933724,
      9.977908000000001,
      4.9889540000000006,
      0.80467,
      1.9312079999999998,
      8.85137,
      1.1265379999999998,
      0.80467,
      21.243288,
      3.5405480000000003,
      13.518456,
      26.393175999999997,
      4.506151999999999,
      3.057746,
      8.207633999999999,
      18.990212,
      2.896812,
      7.402963999999999,
      7.402963999999999,
      11.587248,
      9.012303999999999,
      12.87472,
      18.50741,
      5.471756,
      7.563898,
      9.495106,
      5.149888000000001,
      17.059003999999998,
      20.438617999999998,
      4.345218,
      16.576202000000002,
      18.024607999999997,
      16.415267999999998,
      17.541806,
      20.438617999999998
    ],
    [
      3.057746,
      3.057746,
      1.1265379999999998,
      0.0,
      2.5749440000000003,
      1.60934,
      1.2874720000000002,
      3.7014819999999995,
      4.667085999999999,
      4.82802,
      1.60934,
      11.909116000000001,
      7.24203,
      4.82802,
      7.885766,
      13.357522000000001,
      15.610598,
      25.266638,
      12.552852,
      6.276426,
      3.21868,
      4.02335,
      27.841582000000002,
      9.012303999999999,
      4.02335,
      0.6437360000000001,
      2.2530759999999996,
      9.334171999999999,
      1.448406,
      0.48280199999999995,
      30.738394000000003,
      2.5749440000000003,
      11.426314,
      24.301033999999998,
      4.82802,
      3.379614,
      8.529501999999999,
      28.646252,
      2.5749440000000003,
      7.724831999999999,
      6.9201619999999995,
      12.07005,
      9.334171999999999,
      13.196587999999998,
      26.393175999999997,
      5.793624,
      7.885766,
      9.816974,
      4.02335,
      14.966862,
      24.783836,
      4.667085999999999,
      14.48406,
      18.346476,
      14.323126,
      15.449663999999999,
      28.485318
    ],
    [
      7.402963999999999,
      5.63269,
      2.2530759999999996,
      2.5749440000000003,
      0.0,
      1.2874720000000002,
      2.5749440000000003,
      4.184284,
      2.41401,
      5.149888000000001,
      1.60934,
      9.816974,
      9.334171999999999,
      3.057746,
      5.63269,
      11.26538,
      13.035654,
      15.932466,
      12.230984,
      6.759228,
      5.9545580000000005,
      7.724831999999999,
      27.519714,
      12.07005,
      7.563898,
      2.2530759999999996,
      2.092142,
      7.0810960000000005,
      3.057746,
      2.41401,
      21.404222,
      5.310822,
      7.724831999999999,
      23.979166,
      2.41401,
      1.60934,
      6.43736,
      19.31208,
      1.60934,
      9.816974,
      5.9545580000000005,
      9.816974,
      7.24203,
      11.104446000000001,
      16.576202000000002,
      3.21868,
      10.138842,
      7.724831999999999,
      7.724831999999999,
      14.48406,
      18.668343999999998,
      2.2530759999999996,
      14.162192000000001,
      16.0934,
      14.001257999999998,
      14.966862,
      18.668343999999998
    ],
    [
      4.506151999999999,
      4.506151999999999,
      1.9312079999999998,
      1.60934,
      1.2874720000000002,
      0.0,
      3.057746,
      5.310822,
      3.379614,
      6.43736,
      2.092142,
      10.621644,
      10.299776000000001,
      2.41401,
      6.598293999999999,
      12.07005,
      14.001257999999998,
      17.059003999999998,
      11.587248,
      6.115492,
      5.471756,
      7.0810960000000005,
      26.875978,
      11.587248,
      7.0810960000000005,
      2.092142,
      3.21868,
      8.0467,
      2.5749440000000003,
      2.41401,
      29.933724,
      4.667085999999999,
      7.24203,
      23.33543,
      4.345218,
      2.092142,
      7.24203,
      27.680647999999998,
      0.80467,
      10.782578,
      5.63269,
      10.782578,
      8.0467,
      12.07005,
      17.541806,
      4.184284,
      10.943512,
      8.690436,
      7.24203,
      14.001257999999998,
      23.979166,
      3.379614,
      13.518456,
      17.059003999999998,
      13.357522000000001,
      14.48406,
      19.473014
    ],
    [
      4.345218,
      4.345218,
      0.9656039999999999,
      1.2874720000000002,
      2.5749440000000003,
      3.057746,
      0.0,
      3.379614,
      4.82802,
      4.345218,
      1.1265379999999998,
      11.426314,
      7.24203,
      6.759228,
      8.0467,
      13.035654,
      14.644993999999999,
      18.346476,
      14.644993999999999,
      9.012303999999999,
      4.82802,
      5.63269,
      29.933724,
      14.48406,
      5.63269,
      1.2874720000000002,
      1.9312079999999998,
      8.85137,
      0.9656039999999999,
      1.2874720000000002,
      21.082354,
      4.184284,
      13.357522000000001,
      26.393175999999997,
      4.506151999999999,
      4.02335,
      8.207633999999999,
      18.990212,
      3.5405480000000003,
      7.724831999999999,
      8.368568,
      11.587248,
      9.012303999999999,
      12.87472,
      28.485318,
      5.310822,
      7.885766,
      9.495106,
      5.63269,
      16.89807,
      26.875978,
      4.184284,
      16.415267999999998,
      17.863674,
      16.415267999999998,
      17.380872,
      21.082354
    ],
    [
      6.759228,
      6.759228,
      3.379614,
      3.7014819999999995,
      4.184284,
      5.310822,
      3.379614,
      0.0,
      6.276426,
      3.379614,
      3.057746,
      11.909116000000001,
      9.816974,
      8.207633999999999,
      8.368568,
      13.035654,
      15.127796,
      17.70274,
      16.0934,
      10.46071,
      6.9201619999999995,
      7.885766,
      31.38213,
      15.932466,
      7.724831999999999,
      3.5405480000000003,
      2.2530759999999996,
      9.173238,
      2.735878,
      3.379614,
      21.565156,
      6.276426,
      11.748182,
      27.841582000000002,
      4.82802,
      5.471756,
      8.529501999999999,
      19.31208,
      5.471756,
      10.299776000000001,
      9.334171999999999,
      12.87472,
      9.334171999999999,
      12.552852,
      20.92142,
      5.63269,
      10.46071,
      9.65604,
      7.885766,
      18.346476,
      28.324384000000002,
      4.667085999999999,
      17.863674,
      18.185542,
      17.863674,
      18.829278,
      22.852628
    ],
    [
      8.529501999999999,
      9.173238,
      4.345218,
      4.667085999999999,
      2.41401,
      3.379614,
      4.82802,
      6.276426,
      0.0,
      7.402963999999999,
      3.5405480000000003,
      11.104446000000001,
      11.587248,
      2.735878,
      3.5405480000000003,
      12.552852,
      11.26538,
      13.67939,
      9.495106,
      7.402963999999999,
      7.724831999999999,
      8.368568,
      28.16345,
      12.713786,
      8.207633999999999,
      4.02335,
      4.345218,
      8.368568,
      4.02335,
      4.184284,
      16.89807,
      8.368568,
      5.471756,
      20.438617999999998,
      4.506151999999999,
      1.448406,
      7.724831999999999,
      14.805927999999998,
      2.735878,
      12.07005,
      3.7014819999999995,
      11.104446000000001,
      8.529501999999999,
      8.0467,
      14.48406,
      0.6437360000000001,
      12.230984,
      4.9889540000000006,
      8.368568,
      12.713786,
      16.576202000000002,
      4.345218,
      9.173238,
      17.380872,
      11.26538,
      12.391918,
      16.576202000000002
    ],
    [
      7.885766,
      7.885766,
      4.506151999999999,
      4.82802,
      5.149888000000001,
      6.43736,
      4.345218,
      3.379614,
      7.402963999999999,
      0.0,
      4.184284,
      13.357522000000001,
      10.943512,
      9.334171999999999,
      9.495106,
      13.518456,
      16.0934,
      18.829278,
      17.059003999999998,
      11.587248,
      8.0467,
      8.85137,
      32.347734,
      17.059003999999998,
      8.85137,
      4.506151999999999,
      3.379614,
      10.299776000000001,
      3.8624159999999996,
      4.506151999999999,
      22.53076,
      7.402963999999999,
      12.713786,
      28.807185999999998,
      5.9545580000000005,
      6.598293999999999,
      9.65604,
      20.438617999999998,
      6.598293999999999,
      11.426314,
      10.299776000000001,
      13.196587999999998,
      10.46071,
      13.67939,
      21.887024,
      6.759228,
      11.587248,
      10.782578,
      8.85137,
      19.473014,
      29.450922000000002,
      5.63269,
      18.990212,
      18.668343999999998,
      18.829278,
      19.955816000000002,
      23.979166
    ],
    [
      4.506151999999999,
      4.506151999999999,
      1.2874720000000002,
      1.60934,
      1.60934,
      2.092142,
      1.1265379999999998,
      3.057746,
      3.5405480000000003,
      4.184284,
      0.0,
      10.299776000000001,
      7.563898,
      5.63269,
      6.598293999999999,
      11.748182,
      14.162192000000001,
      16.737136,
      13.357522000000001,
      7.885766,
      4.667085999999999,
      4.9889540000000006,
      28.646252,
      13.357522000000001,
      4.82802,
      0.9656039999999999,
      1.2874720000000002,
      7.724831999999999,
      0.48280199999999995,
      0.9656039999999999,
      19.955816000000002,
      4.02335,
      12.230984,
      25.105704,
      3.379614,
      2.41401,
      6.9201619999999995,
      17.863674,
      2.41401,
      8.0467,
      6.759228,
      10.46071,
      7.724831999999999,
      11.587248,
      17.70274,
      4.184284,
      8.207633999999999,
      8.207633999999999,
      4.9889540000000006,
      15.771532,
      25.74944,
      3.057746,
      15.28873,
      16.737136,
      15.127796,
      16.254334,
      19.633948
    ],
    [
      15.932466,
      16.415267999999998,
      11.587248,
      11.909116000000001,
      9.816974,
      10.621644,
      11.426314,
      11.909116000000001,
      11.104446000000001,
      13.357522000000001,
      10.299776000000001,
      0.0,
      17.380872,
      12.713786,
      10.138842,
      1.9312079999999998,
      17.059003999999998,
      16.576202000000002,
      20.599552000000003,
      15.127796,
      17.380872,
      16.0934,
      34.439876,
      20.438617999999998,
      15.932466,
      11.587248,
      10.138842,
      3.8624159999999996,
      11.104446000000001,
      11.748182,
      16.0934,
      16.0934,
      19.31208,
      28.485318,
      7.402963999999999,
      9.977908000000001,
      4.02335,
      16.0934,
      11.104446000000001,
      17.863674,
      11.104446000000001,
      0.16093400000000002,
      3.5405480000000003,
      8.207633999999999,
      23.013562,
      10.299776000000001,
      18.024607999999997,
      4.9889540000000006,
      16.0934,
      23.013562,
      25.105704,
      7.563898,
      23.979166,
      7.402963999999999,
      22.369826,
      23.496364,
      25.105704
    ],
    [
      8.85137,
      0.32186800000000004,
      6.9201619999999995,
      7.24203,
      9.334171999999999,
      10.299776000000001,
      7.24203,
      9.816974,
      11.587248,
      10.943512,
      7.563898,
      17.380872,
      0.0,
      5.793624,
      11.748182,
      17.380872,
      23.174496,
      23.818232000000002,
      11.104446000000001,
      4.82802,
      3.5405480000000003,
      2.735878,
      26.393175999999997,
      7.724831999999999,
      2.735878,
      4.345218,
      9.334171999999999,
      13.196587999999998,
      9.173238,
      4.506151999999999,
      29.289987999999997,
      1.9312079999999998,
      9.977908000000001,
      22.852628,
      9.65604,
      7.24203,
      12.552852,
      27.197846,
      6.276426,
      11.909116000000001,
      10.943512,
      15.932466,
      13.357522000000001,
      17.219938,
      24.94477,
      9.65604,
      11.748182,
      13.840323999999999,
      2.735878,
      13.518456,
      23.33543,
      9.495106,
      13.035654,
      22.369826,
      12.87472,
      14.001257999999998,
      27.036912
    ],
    [
      4.82802,
      4.82802,
      6.759228,
      4.82802,
      3.057746,
      2.41401,
      6.759228,
      8.207633999999999,
      2.735878,
      9.334171999999999,
      5.63269,
      12.713786,
      5.793624,
      0.0,
      5.9545580000000005,
      14.162192000000001,
      13.357522000000001,
      22.852628,
      9.334171999999999,
      4.667085999999999,
      4.9889540000000006,
      5.63269,
      25.427572,
      9.977908000000001,
      5.471756,
      3.7014819999999995,
      6.115492,
      10.138842,
      6.115492,
      3.7014819999999995,
      28.324384000000002,
      4.345218,
      5.310822,
      21.887024,
      6.43736,
      2.2530759999999996,
      9.334171999999999,
      26.232242,
      1.60934,
      12.87472,
      4.82802,
      12.87472,
      10.138842,
      14.001257999999998,
      16.89807,
      3.379614,
      14.644993999999999,
      10.621644,
      5.63269,
      12.552852,
      22.369826,
      6.276426,
      8.85137,
      19.151146,
      11.909116000000001,
      13.035654,
      18.990212
    ],
    [
      11.748182,
      12.391918,
      7.563898,
      7.885766,
      5.63269,
      6.598293999999999,
      8.0467,
      8.368568,
      3.5405480000000003,
      9.495106,
      6.598293999999999,
      10.138842,
      11.748182,
      5.9545580000000005,
      0.0,
      12.07005,
      8.690436,
      11.426314,
      9.173238,
      11.26538,
      10.943512,
      12.391918,
      23.818232000000002,
      16.737136,
      12.230984,
      7.0810960000000005,
      6.276426,
      10.138842,
      7.24203,
      7.402963999999999,
      17.059003999999998,
      12.391918,
      4.667085999999999,
      18.346476,
      6.598293999999999,
      4.506151999999999,
      9.65604,
      14.966862,
      5.793624,
      14.162192000000001,
      2.2530759999999996,
      10.782578,
      10.138842,
      6.759228,
      12.230984,
      2.896812,
      14.323126,
      5.310822,
      12.391918,
      11.104446000000001,
      14.323126,
      6.43736,
      8.85137,
      17.70274,
      11.426314,
      10.621644,
      14.323126
    ],
    [
      17.380872,
      17.863674,
      13.035654,
      13.357522000000001,
      11.26538,
      12.07005,
      13.035654,
      13.035654,
      12.552852,
      13.518456,
      11.748182,
      1.9312079999999998,
      17.380872,
      14.162192000000001,
      12.07005,
      0.0,
      15.771532,
      15.127796,
      20.92142,
      15.449663999999999,
      17.863674,
      16.415267999999998,
      32.99147,
      20.760486,
      16.254334,
      11.909116000000001,
      10.46071,
      4.184284,
      11.426314,
      12.07005,
      14.805927999999998,
      16.415267999999998,
      19.633948,
      27.197846,
      7.724831999999999,
      10.299776000000001,
      4.345218,
      14.805927999999998,
      11.426314,
      18.185542,
      12.391918,
      1.448406,
      3.8624159999999996,
      9.012303999999999,
      21.72609,
      10.621644,
      18.346476,
      6.276426,
      16.415267999999998,
      23.33543,
      23.657297999999997,
      7.885766,
      22.691694,
      6.115492,
      22.691694,
      27.680647999999998,
      23.818232000000002
    ],
    [
      23.013562,
      23.657297999999997,
      14.805927999999998,
      15.610598,
      13.035654,
      14.001257999999998,
      14.644993999999999,
      15.127796,
      11.26538,
      16.0934,
      14.162192000000001,
      17.059003999999998,
      23.174496,
      13.357522000000001,
      8.690436,
      15.771532,
      0.0,
      3.5405480000000003,
      16.737136,
      22.208892000000002,
      24.622902,
      23.174496,
      20.92142,
      27.680647999999998,
      23.013562,
      14.48406,
      13.035654,
      19.473014,
      14.001257999999998,
      14.805927999999998,
      8.0467,
      23.174496,
      9.816974,
      13.035654,
      11.587248,
      11.909116000000001,
      14.001257999999998,
      5.471756,
      23.013562,
      20.92142,
      9.173238,
      16.737136,
      19.151146,
      7.724831999999999,
      7.0810960000000005,
      9.977908000000001,
      32.1868,
      11.104446000000001,
      23.174496,
      16.737136,
      10.138842,
      13.035654,
      7.724831999999999,
      21.404222,
      18.668343999999998,
      15.610598,
      7.0810960000000005
    ],
    [
      23.818232000000002,
      24.301033999999998,
      17.70274,
      25.266638,
      15.932466,
      17.059003999999998,
      18.346476,
      17.70274,
      13.67939,
      18.829278,
      16.737136,
      16.576202000000002,
      23.818232000000002,
      22.852628,
      11.426314,
      15.127796,
      3.5405480000000003,
      0.0,
      17.059003999999998,
      22.53076,
      24.94477,
      23.496364,
      21.243288,
      28.002515999999996,
      23.496364,
      26.875978,
      15.771532,
      19.151146,
      26.393175999999997,
      18.024607999999997,
      4.82802,
      23.657297999999997,
      17.059003999999998,
      13.035654,
      13.518456,
      15.127796,
      15.610598,
      2.735878,
      23.33543,
      32.669602,
      12.391918,
      16.415267999999998,
      18.829278,
      8.85137,
      7.0810960000000005,
      12.713786,
      32.508668,
      12.07005,
      23.496364,
      17.059003999999998,
      10.138842,
      13.67939,
      10.782578,
      21.082354,
      19.151146,
      15.932466,
      7.0810960000000005
    ],
    [
      11.104446000000001,
      11.587248,
      14.644993999999999,
      12.552852,
      12.230984,
      11.587248,
      14.644993999999999,
      16.0934,
      9.495106,
      17.059003999999998,
      13.357522000000001,
      20.599552000000003,
      11.104446000000001,
      9.334171999999999,
      9.173238,
      20.92142,
      16.737136,
      17.059003999999998,
      0.0,
      6.9201619999999995,
      12.07005,
      10.621644,
      15.28873,
      10.943512,
      10.46071,
      13.035654,
      13.67939,
      17.541806,
      13.518456,
      14.162192000000001,
      23.33543,
      10.621644,
      4.82802,
      14.001257999999998,
      13.840323999999999,
      11.426314,
      16.89807,
      21.082354,
      10.46071,
      19.794882,
      6.9201619999999995,
      20.277684,
      17.541806,
      11.748182,
      18.829278,
      10.299776000000001,
      19.633948,
      18.185542,
      10.621644,
      2.092142,
      17.380872,
      13.67939,
      6.759228,
      26.55411,
      2.735878,
      1.9312079999999998,
      20.92142
    ],
    [
      3.5405480000000003,
      5.471756,
      9.173238,
      6.276426,
      6.759228,
      6.115492,
      9.012303999999999,
      10.46071,
      7.402963999999999,
      11.587248,
      7.885766,
      15.127796,
      4.82802,
      4.667085999999999,
      11.26538,
      15.449663999999999,
      22.208892000000002,
      22.53076,
      6.9201619999999995,
      0.0,
      5.471756,
      3.379614,
      25.74944,
      5.793624,
      3.057746,
      6.43736,
      8.529501999999999,
      12.391918,
      8.368568,
      6.598293999999999,
      28.646252,
      3.5405480000000003,
      9.334171999999999,
      22.208892000000002,
      8.85137,
      6.43736,
      11.748182,
      26.55411,
      5.471756,
      13.840323999999999,
      10.299776000000001,
      15.127796,
      12.552852,
      16.415267999999998,
      24.301033999999998,
      8.85137,
      13.67939,
      13.035654,
      3.379614,
      9.495106,
      22.691694,
      8.690436,
      12.391918,
      21.404222,
      8.529501999999999,
      9.012303999999999,
      26.393175999999997
    ],
    [
      1.1265379999999998,
      1.7702740000000001,
      4.184284,
      3.21868,
      5.9545580000000005,
      5.471756,
      4.82802,
      6.9201619999999995,
      7.724831999999999,
      8.0467,
      4.667085999999999,
      17.380872,
      3.5405480000000003,
      4.9889540000000006,
      10.943512,
      17.863674,
      24.622902,
      24.94477,
      12.07005,
      5.471756,
      0.0,
      1.1265379999999998,
      27.197846,
      8.368568,
      1.1265379999999998,
      3.8624159999999996,
      5.471756,
      14.001257999999998,
      4.667085999999999,
      3.7014819999999995,
      30.094658,
      0.6437360000000001,
      10.621644,
      23.657297999999997,
      10.46071,
      8.0467,
      13.357522000000001,
      28.002515999999996,
      6.9201619999999995,
      12.713786,
      11.587248,
      16.737136,
      14.162192000000001,
      18.024607999999997,
      25.74944,
      10.46071,
      12.552852,
      14.644993999999999,
      0.80467,
      14.323126,
      24.1401,
      10.138842,
      13.840323999999999,
      23.013562,
      13.67939,
      14.644993999999999,
      27.841582000000002
    ],
    [
      0.433,
      3.21868,
      4.9889540000000006,
      4.02335,
      7.724831999999999,
      7.0810960000000005,
      5.63269,
      7.885766,
      8.368568,
      8.85137,
      4.9889540000000006,
      16.0934,
      2.735878,
      5.63269,
      12.391918,
      16.415267999999998,
      23.174496,
      23.496364,
      10.621644,
      3.379614,
      1.1265379999999998,
      0.0,
      26.55411,
      6.9201619999999995,
      0.16093400000000002,
      3.7014819999999995,
      5.471756,
      13.357522000000001,
      4.82802,
      3.7014819999999995,
      29.450922000000002,
      0.48280199999999995,
      10.138842,
      23.013562,
      9.816974,
      7.402963999999999,
      12.713786,
      27.35878,
      6.43736,
      11.26538,
      11.104446000000001,
      16.0934,
      13.518456,
      17.380872,
      25.105704,
      9.816974,
      11.104446000000001,
      14.001257999999998,
      0.32186800000000004,
      13.67939,
      23.496364,
      9.65604,
      13.196587999999998,
      22.369826,
      13.035654,
      14.162192000000001,
      27.197846
    ],
    [
      26.393175999999997,
      27.036912,
      29.933724,
      27.841582000000002,
      27.519714,
      26.875978,
      29.933724,
      31.38213,
      28.16345,
      32.347734,
      28.646252,
      34.439876,
      26.393175999999997,
      25.427572,
      23.818232000000002,
      32.99147,
      20.92142,
      21.243288,
      15.28873,
      25.74944,
      27.197846,
      26.55411,
      0.0,
      31.38213,
      26.875978,
      28.807185999999998,
      29.933724,
      33.79614,
      29.77279,
      30.57746,
      19.633948,
      27.036912,
      20.438617999999998,
      6.276426,
      30.255592,
      27.841582000000002,
      33.152404000000004,
      25.588506,
      26.875978,
      36.21015,
      23.33543,
      34.922678,
      33.957074,
      27.35878,
      12.391918,
      30.255592,
      35.888282000000004,
      34.439876,
      27.036912,
      13.840323999999999,
      10.782578,
      30.094658,
      16.0934,
      39.589764,
      14.48406,
      13.67939,
      13.196587999999998
    ],
    [
      6.598293999999999,
      8.0467,
      9.977908000000001,
      9.012303999999999,
      12.07005,
      11.587248,
      14.48406,
      15.932466,
      12.713786,
      17.059003999999998,
      13.357522000000001,
      20.438617999999998,
      7.724831999999999,
      9.977908000000001,
      16.737136,
      20.760486,
      27.680647999999998,
      28.002515999999996,
      10.943512,
      5.793624,
      8.368568,
      6.9201619999999995,
      31.38213,
      0.0,
      6.115492,
      9.495106,
      13.357522000000001,
      17.380872,
      13.357522000000001,
      9.495106,
      33.635206,
      6.43736,
      14.162192000000001,
      27.036912,
      13.67939,
      11.26538,
      16.576202000000002,
      31.38213,
      10.299776000000001,
      16.576202000000002,
      15.127796,
      20.11675,
      17.380872,
      21.243288,
      29.129054000000004,
      13.840323999999999,
      16.254334,
      17.863674,
      6.276426,
      11.909116000000001,
      27.680647999999998,
      13.518456,
      17.219938,
      26.393175999999997,
      9.816974,
      13.196587999999998,
      31.221196
    ],
    [
      0.315,
      3.057746,
      4.9889540000000006,
      4.02335,
      7.563898,
      7.0810960000000005,
      5.63269,
      7.724831999999999,
      8.207633999999999,
      8.85137,
      4.82802,
      15.932466,
      2.735878,
      5.471756,
      12.230984,
      16.254334,
      23.013562,
      23.496364,
      10.46071,
      3.057746,
      1.1265379999999998,
      0.16093400000000002,
      26.875978,
      6.115492,
      0.0,
      4.345218,
      5.793624,
      13.67939,
      4.9889540000000006,
      4.506151999999999,
      29.77279,
      0.80467,
      10.299776000000001,
      23.174496,
      9.977908000000001,
      7.563898,
      12.87472,
      27.519714,
      6.598293999999999,
      11.426314,
      11.26538,
      16.415267999999998,
      13.67939,
      17.70274,
      25.266638,
      10.138842,
      11.26538,
      14.323126,
      0.48280199999999995,
      13.840323999999999,
      23.818232000000002,
      9.816974,
      13.357522000000001,
      22.691694,
      13.196587999999998,
      14.323126,
      27.35878
    ],
    [
      3.5405480000000003,
      3.5405480000000003,
      0.80467,
      0.6437360000000001,
      2.2530759999999996,
      2.092142,
      1.2874720000000002,
      3.5405480000000003,
      4.02335,
      4.506151999999999,
      0.9656039999999999,
      11.587248,
      4.345218,
      3.7014819999999995,
      7.0810960000000005,
      11.909116000000001,
      14.48406,
      26.875978,
      13.035654,
      6.43736,
      3.8624159999999996,
      3.7014819999999995,
      28.807185999999998,
      9.495106,
      4.345218,
      0.0,
      1.9312079999999998,
      8.690436,
      0.9656039999999999,
      0.223,
      22.852628,
      3.057746,
      11.748182,
      24.622902,
      4.506151999999999,
      2.735878,
      8.0467,
      20.92142,
      2.092142,
      7.402963999999999,
      6.598293999999999,
      11.426314,
      8.85137,
      12.713786,
      18.185542,
      4.82802,
      7.563898,
      9.334171999999999,
      4.667085999999999,
      15.28873,
      25.105704,
      4.345218,
      14.805927999999998,
      17.70274,
      14.644993999999999,
      15.771532,
      20.277684
    ],
    [
      5.310822,
      5.310822,
      1.9312079999999998,
      2.2530759999999996,
      2.092142,
      3.21868,
      1.9312079999999998,
      2.2530759999999996,
      4.345218,
      3.379614,
      1.2874720000000002,
      10.138842,
      9.334171999999999,
      6.115492,
      6.276426,
      10.46071,
      13.035654,
      15.771532,
      13.67939,
      8.529501999999999,
      5.471756,
      5.471756,
      29.933724,
      13.357522000000001,
      5.793624,
      1.9312079999999998,
      0.0,
      7.24203,
      1.2874720000000002,
      1.9312079999999998,
      19.473014,
      4.82802,
      9.65604,
      25.910374,
      2.735878,
      3.5405480000000003,
      6.43736,
      17.380872,
      3.5405480000000003,
      8.207633999999999,
      7.24203,
      9.977908000000001,
      7.24203,
      10.621644,
      18.829278,
      3.7014819999999995,
      8.368568,
      7.563898,
      5.9545580000000005,
      16.415267999999998,
      26.393175999999997,
      2.5749440000000003,
      16.0934,
      16.254334,
      15.932466,
      16.89807,
      20.599552000000003
    ],
    [
      13.196587999999998,
      13.840323999999999,
      8.85137,
      9.334171999999999,
      7.0810960000000005,
      8.0467,
      8.85137,
      9.173238,
      8.368568,
      10.299776000000001,
      7.724831999999999,
      3.8624159999999996,
      13.196587999999998,
      10.138842,
      10.138842,
      4.184284,
      19.473014,
      19.151146,
      17.541806,
      12.391918,
      14.001257999999998,
      13.357522000000001,
      33.79614,
      17.380872,
      13.67939,
      8.690436,
      7.24203,
      0.0,
      8.207633999999999,
      8.85137,
      15.610598,
      13.357522000000001,
      16.576202000000002,
      29.450922000000002,
      4.506151999999999,
      7.24203,
      0.80467,
      14.966862,
      8.368568,
      15.127796,
      9.173238,
      3.7014819999999995,
      1.1265379999999998,
      6.43736,
      25.588506,
      7.402963999999999,
      15.28873,
      3.057746,
      13.196587999999998,
      20.11675,
      27.680647999999998,
      4.82802,
      19.633948,
      9.977908000000001,
      19.473014,
      20.599552000000003,
      27.680647999999998
    ],
    [
      4.506151999999999,
      4.506151999999999,
      1.1265379999999998,
      1.448406,
      3.057746,
      2.5749440000000003,
      0.9656039999999999,
      2.735878,
      4.02335,
      3.8624159999999996,
      0.48280199999999995,
      11.104446000000001,
      9.173238,
      6.115492,
      7.24203,
      11.426314,
      14.001257999999998,
      26.393175999999997,
      13.518456,
      8.368568,
      4.667085999999999,
      4.82802,
      29.77279,
      13.357522000000001,
      4.9889540000000006,
      0.9656039999999999,
      1.2874720000000002,
      8.207633999999999,
      0.0,
      0.9656039999999999,
      22.208892000000002,
      3.8624159999999996,
      12.552852,
      25.427572,
      4.345218,
      3.21868,
      7.24203,
      21.565156,
      2.896812,
      7.402963999999999,
      7.402963999999999,
      10.782578,
      8.0467,
      11.909116000000001,
      17.863674,
      4.506151999999999,
      7.563898,
      8.529501999999999,
      5.310822,
      16.0934,
      26.071308,
      3.379614,
      15.610598,
      17.059003999999998,
      15.449663999999999,
      16.576202000000002,
      19.955816000000002
    ],
    [
      3.5405480000000003,
      3.5405480000000003,
      0.80467,
      0.48280199999999995,
      2.41401,
      2.41401,
      1.2874720000000002,
      3.379614,
      4.184284,
      4.506151999999999,
      0.9656039999999999,
      11.748182,
      4.506151999999999,
      3.7014819999999995,
      7.402963999999999,
      12.07005,
      14.805927999999998,
      18.024607999999997,
      14.162192000000001,
      6.598293999999999,
      3.7014819999999995,
      3.7014819999999995,
      30.57746,
      9.495106,
      4.506151999999999,
      0.223,
      1.9312079999999998,
      8.85137,
      0.9656039999999999,
      0.0,
      21.243288,
      3.057746,
      11.909116000000001,
      24.783836,
      4.506151999999999,
      2.896812,
      8.207633999999999,
      18.990212,
      2.092142,
      7.402963999999999,
      6.598293999999999,
      11.587248,
      9.012303999999999,
      12.87472,
      18.346476,
      5.310822,
      7.563898,
      9.495106,
      4.667085999999999,
      15.449663999999999,
      25.427572,
      4.345218,
      14.966862,
      18.024607999999997,
      14.805927999999998,
      15.932466,
      20.438617999999998
    ],
    [
      29.289987999999997,
      29.933724,
      21.243288,
      30.738394000000003,
      21.404222,
      29.933724,
      21.082354,
      21.565156,
      16.89807,
      22.53076,
      19.955816000000002,
      16.0934,
      29.289987999999997,
      28.324384000000002,
      17.059003999999998,
      14.805927999999998,
      8.0467,
      4.82802,
      23.33543,
      28.646252,
      30.094658,
      29.450922000000002,
      19.633948,
      33.635206,
      29.77279,
      22.852628,
      19.473014,
      15.610598,
      22.208892000000002,
      21.243288,
      0.0,
      29.129054000000004,
      17.219938,
      14.001257999999998,
      19.31208,
      18.50741,
      16.576202000000002,
      2.5749440000000003,
      28.96812,
      32.830535999999995,
      17.863674,
      16.254334,
      18.668343999999998,
      10.621644,
      7.885766,
      16.415267999999998,
      32.99147,
      14.001257999999998,
      29.129054000000004,
      22.53076,
      11.26538,
      19.633948,
      16.415267999999998,
      20.92142,
      24.622902,
      21.404222,
      8.207633999999999
    ],
    [
      0.6437360000000001,
      1.60934,
      3.5405480000000003,
      2.5749440000000003,
      5.310822,
      4.667085999999999,
      4.184284,
      6.276426,
      8.368568,
      7.402963999999999,
      4.02335,
      16.0934,
      1.9312079999999998,
      4.345218,
      12.391918,
      16.415267999999998,
      23.174496,
      23.657297999999997,
      10.621644,
      3.5405480000000003,
      0.6437360000000001,
      0.48280199999999995,
      27.036912,
      6.43736,
      0.80467,
      3.057746,
      4.82802,
      13.357522000000001,
      3.8624159999999996,
      3.057746,
      29.129054000000004,
      0.0,
      9.334171999999999,
      22.208892000000002,
      9.012303999999999,
      6.598293999999999,
      11.909116000000001,
      26.55411,
      5.63269,
      10.782578,
      10.299776000000001,
      15.449663999999999,
      12.713786,
      16.737136,
      24.301033999999998,
      9.173238,
      10.621644,
      13.357522000000001,
      0.16093400000000002,
      12.87472,
      22.852628,
      8.85137,
      12.391918,
      21.72609,
      12.391918,
      13.357522000000001,
      26.393175999999997
    ],
    [
      9.977908000000001,
      10.46071,
      13.518456,
      11.426314,
      7.724831999999999,
      7.24203,
      13.357522000000001,
      11.748182,
      5.471756,
      12.713786,
      12.230984,
      19.31208,
      9.977908000000001,
      5.310822,
      4.667085999999999,
      19.633948,
      9.816974,
      17.059003999999998,
      4.82802,
      9.334171999999999,
      10.621644,
      10.138842,
      20.438617999999998,
      14.162192000000001,
      10.299776000000001,
      11.748182,
      9.65604,
      16.576202000000002,
      12.552852,
      11.909116000000001,
      17.219938,
      9.334171999999999,
      0.0,
      15.932466,
      14.966862,
      6.598293999999999,
      17.863674,
      20.277684,
      6.598293999999999,
      20.760486,
      2.41401,
      15.932466,
      18.668343999999998,
      8.207633999999999,
      13.357522000000001,
      5.9545580000000005,
      20.599552000000003,
      9.012303999999999,
      11.587248,
      6.598293999999999,
      13.357522000000001,
      14.644993999999999,
      4.02335,
      27.519714,
      6.9201619999999995,
      6.115492,
      15.449663999999999
    ],
    [
      22.852628,
      23.33543,
      26.393175999999997,
      24.301033999999998,
      23.979166,
      23.33543,
      26.393175999999997,
      27.841582000000002,
      20.438617999999998,
      28.807185999999998,
      25.105704,
      28.485318,
      22.852628,
      21.887024,
      18.346476,
      27.197846,
      13.035654,
      13.035654,
      14.001257999999998,
      22.208892000000002,
      23.657297999999997,
      23.013562,
      6.276426,
      27.036912,
      23.174496,
      24.622902,
      25.910374,
      29.450922000000002,
      25.427572,
      24.783836,
      14.001257999999998,
      22.208892000000002,
      15.932466,
      0.0,
      26.232242,
      23.818232000000002,
      29.129054000000004,
      13.840323999999999,
      22.852628,
      32.025866,
      19.31208,
      29.450922000000002,
      29.933724,
      21.887024,
      6.759228,
      21.082354,
      31.864932,
      30.416525999999998,
      23.013562,
      13.840323999999999,
      4.506151999999999,
      26.071308,
      9.816974,
      34.118007999999996,
      16.254334,
      12.713786,
      6.9201619999999995
    ],
    [
      9.65604,
      10.138842,
      4.506151999999999,
      4.82802,
      2.41401,
      4.345218,
      4.506151999999999,
      4.82802,
      4.506151999999999,
      5.9545580000000005,
      3.379614,
      7.402963999999999,
      9.65604,
      6.43736,
      6.598293999999999,
      7.724831999999999,
      11.587248,
      13.518456,
      13.840323999999999,
      8.85137,
      10.46071,
      9.816974,
      30.255592,
      13.67939,
      9.977908000000001,
      4.506151999999999,
      2.735878,
      4.506151999999999,
      4.345218,
      4.506151999999999,
      19.31208,
      9.012303999999999,
      14.966862,
      26.232242,
      0.0,
      3.7014819999999995,
      3.8624159999999996,
      15.127796,
      3.8624159999999996,
      11.587248,
      7.563898,
      7.24203,
      4.506151999999999,
      8.529501999999999,
      18.668343999999998,
      4.02335,
      11.748182,
      5.149888000000001,
      9.816974,
      16.576202000000002,
      26.55411,
      0.32186800000000004,
      16.254334,
      13.518456,
      16.0934,
      17.059003999999998,
      20.760486
    ],
    [
      7.24203,
      7.724831999999999,
      3.057746,
      3.379614,
      1.60934,
      2.092142,
      4.02335,
      5.471756,
      1.448406,
      6.598293999999999,
      2.41401,
      9.977908000000001,
      7.24203,
      2.2530759999999996,
      4.506151999999999,
      10.299776000000001,
