{
  "drive_dist_matrix": [
    [
      0.0,
      13.8,
      3.3,
      2.1,
      2.5,
      1.8,
      5.7,
      3.0,
      1.4,
      2.5,
      3.1,
      1.0,
      2.0,
      7.5,
      15.4,
      8.7,
      0.45,
      15.1,
      1.9,
      10.6,
      0.14,
      2.7,
      0.6,
      33.5,
      5.0,
      2.7,
      7.5,
      35.9,
      26.4,
      1.6,
      139.0,
      0.55,
      77.6,
      40.1,
      8.0,
      17.2,
      23.3,
      3.4,
      7.9,
      58.2,
      1.8,
      46.9,
      3.7,
      6.2,
      85.1,
      35.1,
      52.4,
      52.3,
      12.1
    ],
    [
      13.8,
      0.0,
      16.5,
      15.7,
      16.1,
      15.4,
      9.1,
      13.5,
      15.0,
      16.1,
      12.5,
      14.6,
      15.6,
      7.6,
      4.5,
      20.2,
      13.9,
      4.2,
      15.5,
      26.6,
      14.2,
      16.3,
      14.7,
      22.6,
      18.6,
      16.3,
      7.6,
      25.1,
      15.6,
      14.3,
      155.0,
      13.7,
      65.5,
      56.1,
      19.5,
      6.3,
      34.8,
      17.1,
      19.4,
      69.7,
      15.4,
      63.0,
      17.1,
      17.7,
      73.0,
      24.3,
      49.4,
      49.9,
      23.6
    ],
    [
      3.3,
      16.5,
      0.0,
      2.2,
      3.3,
      2.6,
      9.2,
      6.4,
      3.0,
      3.2,
      6.5,
      3.3,
      5.1,
      10.9,
      18.8,
      3.9,
      6.9,
      18.5,
      5.1,
      10.3,
      3.9,
      5.0,
      3.4,
      40.1,
      4.7,
      5.4,
      10.9,
      42.5,
      33.0,
      3.5,
      139.0,
      6.7,
      79.0,
      39.8,
      3.1,
      20.6,
      18.4,
      3.1,
      3.1,
      53.4,
      3.0,
      46.6,
      0.4,
      1.4,
      86.5,
      41.7,
      49.2,
      49.1,
      7.3
    ],
    [
      2.1,
      15.7,
      2.2,
      0.0,
      1.8,
      1.1,
      8.3,
      5.5,
      1.1,
      1.0,
      5.6,
      1.8,
      2.1,
      10.0,
      17.9,
      5.0,
      3.5,
      17.6,
      2.1,
      8.4,
      2.7,
      2.0,
      2.2,
      39.5,
      2.9,
      2.4,
      10.0,
      42.0,
      32.5,
      4.8,
      137.0,
      3.7,
      79.7,
      38.0,
      4.2,
      19.7,
      19.4,
      0.7,
      4.2,
      55.4,
      0.95,
      44.8,
      2.3,
      3.6,
      87.2,
      41.2,
      51.3,
      51.1,
      9.3
    ],
    [
      2.5,
      16.1,
      3.3,
      1.8,
      0.0,
      1.3,
      7.8,
      5.1,
      1.0,
      1.0,
      5.1,
      1.4,
      0.35,
      9.6,
      17.4,
      6.1,
      3.0,
      17.1,
      0.5,
      9.9,
      2.2,
      0.27,
      1.7,
      40.7,
      4.3,
      0.7,
      9.5,
      43.2,
      33.7,
      3.3,
      138.0,
      3.3,
      79.7,
      39.4,
      5.4,
      19.2,
      20.6,
      0.65,
      5.3,
      56.6,
      0.7,
      46.3,
      5.1,
      4.8,
      87.2,
      42.4,
      52.4,
      52.3,
      10.4
    ],
    [
      1.8,
      15.4,
      2.6,
      1.1,
      1.3,
      0.0,
      8.2,
      5.5,
      0.45,
      0.9,
      5.6,
      0.65,
      2.4,
      10.0,
      17.9,
      5.4,
      3.4,
      17.6,
      2.3,
      9.0,
      2.6,
      2.0,
      2.1,
      39.5,
      3.4,
      3.0,
      10.0,
      41.9,
      32.4,
      4.9,
      137.0,
      3.7,
      80.3,
      38.6,
      4.7,
      19.7,
      20.0,
      1.0,
      4.7,
      54.9,
      0.65,
      45.4,
      2.3,
      2.9,
      85.9,
      41.1,
      50.8,
      50.7,
      8.8
    ],
    [
      5.7,
      9.1,
      9.2,
      8.3,
      7.8,
      8.2,
      0.0,
      6.1,
      7.6,
      8.8,
      5.2,
      7.2,
      8.3,
      2.7,
      10.6,
      12.8,
      6.5,
      10.3,
      8.2,
      16.8,
      6.8,
      8.9,
      7.3,
      28.7,
      11.2,
      8.9,
      2.7,
      31.1,
      21.6,
      6.9,
      148.0,
      6.3,
      75.9,
      48.8,
      12.1,
      12.4,
      27.4,
      9.7,
      12.1,
      62.3,
      8.1,
      55.6,
      9.7,
      10.3,
      83.3,
      30.3,
      60.5,
      60.4,
      16.2
    ],
    [
      3.0,
      13.5,
      6.4,
      5.5,
      5.1,
      5.5,
      6.1,
      0.0,
      5.0,
      6.2,
      2.2,
      4.6,
      5.7,
      6.7,
      14.6,
      9.7,
      0.8,
      14.3,
      5.6,
      14.2,
      4.2,
      6.4,
      4.8,
      32.7,
      10.5,
      6.4,
      6.7,
      35.1,
      25.6,
      3.8,
      145.0,
      3.7,
      76.8,
      45.6,
      8.9,
      16.4,
      24.1,
      7.1,
      8.9,
      59.2,
      5.5,
      52.5,
      6.6,
      7.2,
      84.3,
      34.3,
      54.9,
      54.8,
      13.1
    ],
    [
      1.4,
      15.0,
      3.0,
      1.1,
      1.0,
      0.45,
      7.6,
      5.0,
      0.0,
      1.5,
      4.5,
      0.75,
      1.9,
      8.9,
      16.7,
      6.0,
      2.3,
      16.4,
      1.8,
      9.5,
      1.5,
      1.8,
      0.75,
      38.4,
      4.0,
      0.6,
      8.9,
      40.8,
      31.3,
      2.0,
      138.0,
      2.6,
      77.3,
      39.1,
      5.3,
      18.6,
      20.5,
      2.0,
      5.3,
      55.8,
      0.3,
      45.9,
      3.2,
      3.8,
      84.8,
      40.0,
      51.8,
      51.7,
      9.7
    ],
    [
      2.5,
      16.1,
      3.2,
      1.0,
      1.0,
      0.9,
      8.8,
      6.2,
      1.5,
      0.0,
      6.3,
      2.8,
      1.6,
      10.7,
      18.6,
      5.7,
      4.2,
      18.3,
      1.6,
      9.2,
      3.4,
      1.5,
      2.9,
      36.7,
      3.7,
      0.9,
      10.7,
      39.2,
      29.7,
      7.2,
      138.0,
      4.4,
      80.9,
      38.8,
      4.9,
      20.4,
      20.1,
      0.18,
      4.9,
      56.1,
      0.7,
      45.6,
      3.9,
      4.3,
      88.4,
      38.4,
      52.0,
      51.9,
      10.0
    ],
    [
      3.1,
      12.5,
      6.5,
      5.6,
      5.1,
      5.6,
      5.2,
      2.2,
      4.5,
      6.3,
      0.0,
      3.7,
      4.7,
      7.4,
      15.3,
      9.0,
      3.0,
      15.0,
      4.7,
      13.3,
      3.3,
      5.4,
      3.8,
      35.8,
      9.8,
      5.4,
      7.4,
      38.2,
      28.7,
      3.0,
      144.0,
      2.8,
      74.8,
      44.9,
      8.2,
      17.1,
      23.4,
      6.2,
      8.2,
      58.5,
      4.6,
      51.7,
      5.9,
      6.5,
      82.2,
      37.4,
      54.2,
      54.1,
      12.4
    ],
    [
      1.0,
      14.6,
      3.3,
      1.8,
      1.4,
      0.65,
      7.2,
      4.6,
      0.75,
      2.8,
      3.7,
      0.0,
      1.3,
      8.3,
      16.1,
      6.1,
      1.7,
      15.8,
      1.2,
      9.6,
      0.9,
      2.0,
      0.4,
      39.4,
      4.0,
      2.0,
      8.3,
      36.7,
      27.2,
      2.0,
      138.0,
      2.0,
      78.4,
      39.2,
      5.4,
      17.9,
      20.9,
      2.1,
      5.3,
      55.9,
      0.45,
      46.0,
      3.1,
      3.8,
      85.9,
      35.9,
      51.7,
      51.6,
      10.4
    ],
    [
      2.0,
      15.6,
      5.1,
      2.1,
      0.35,
      2.4,
      8.3,
      5.7,
      1.9,
      1.6,
      4.7,
      1.3,
      0.0,
      9.5,
      17.4,
      6.2,
      2.9,
      17.1,
      0.45,
      9.9,
      2.1,
      0.4,
      1.6,
      35.5,
      4.4,
      0.45,
      9.5,
      37.9,
      28.4,
      3.2,
      138.0,
      3.2,
      79.6,
      39.5,
      5.4,
      19.2,
      20.6,
      1.5,
      5.4,
      56.6,
      0.6,
      46.3,
      5.2,
      4.8,
      87.1,
      37.1,
      52.5,
      52.4,
      10.5
    ],
    [
      7.5,
      7.6,
      10.9,
      10.0,
      9.6,
      10.0,
      2.7,
      6.7,
      8.9,
      10.7,
      7.4,
      8.3,
      9.5,
      0.0,
      9.0,
      14.2,
      7.8,
      8.7,
      9.5,
      18.1,
      8.1,
      10.3,
      8.7,
      27.1,
      12.6,
      10.2,
      0.011,
      29.5,
      20.0,
      8.2,
      149.0,
      7.6,
      70.0,
      47.7,
      13.4,
      10.8,
      28.6,
      11.0,
      13.4,
      63.7,
      9.4,
      54.5,
      11.0,
      11.7,
      77.5,
      28.7,
      61.8,
      61.7,
      17.6
    ],
    [
      15.4,
      4.5,
      18.8,
      17.9,
      17.4,
      17.9,
      10.6,
      14.6,
      16.7,
      18.6,
      15.3,
      16.1,
      17.4,
      9.0,
      0.0,
      21.8,
      15.5,
      1.9,
      17.1,
      28.2,
      15.8,
      17.9,
      16.3,
      18.2,
      22.6,
      17.9,
      9.2,
      20.7,
      11.2,
      15.9,
      157.0,
      15.2,
      61.1,
      57.7,
      21.0,
      1.9,
      36.2,
      18.6,
      21.0,
      71.3,
      17.0,
      64.5,
      18.7,
      19.3,
      68.6,
      19.9,
      45.0,
      45.5,
      25.2
    ],
    [
      8.7,
      20.2,
      3.9,
      5.0,
      6.1,
      5.4,
      12.8,
      9.7,
      6.0,
      5.7,
      9.0,
      6.1,
      6.2,
      14.2,
      21.8,
      0.0,
      9.9,
      21.5,
      5.8,
      11.0,
      6.9,
      5.7,
      6.4,
      43.1,
      5.4,
      6.1,
      13.9,
      45.5,
      36.0,
      6.6,
      179.0,
      9.7,
      82.1,
      40.5,
      2.6,
      23.6,
      15.4,
      5.3,
      2.6,
      52.1,
      5.7,
      47.4,
      4.0,
      2.3,
      89.5,
      44.7,
      47.9,
      47.8,
      5.9
    ],
    [
      0.45,
      13.9,
      6.9,
      3.5,
      3.0,
      3.4,
      6.5,
      0.8,
      2.3,
      4.2,
      3.0,
      1.7,
      2.9,
      7.8,
      15.5,
      9.9,
      0.0,
      14.9,
      2.9,
      11.5,
      0.27,
      3.7,
      2.1,
      33.3,
      6.0,
      3.6,
      7.3,
      35.7,
      26.2,
      5.0,
      140.0,
      1.0,
      77.4,
      41.1,
      10.2,
      17.0,
      25.5,
      4.4,
      10.2,
      60.4,
      2.8,
      47.9,
      7.8,
      8.4,
      84.9,
      34.9,
      56.1,
      56.0,
      14.3
    ],
    [
      15.1,
      4.2,
      18.5,
      17.6,
      17.1,
      17.6,
      10.3,
      14.3,
      16.4,
      18.3,
      15.0,
      15.8,
      17.1,
      8.7,
      1.9,
      21.5,
      14.9,
      0.0,
      16.9,
      25.5,
      15.5,
      17.6,
      16.0,
      20.0,
      19.9,
      17.6,
      8.9,
      22.5,
      13.0,
      15.6,
      156.0,
      15.0,
      62.9,
      55.0,
      20.8,
      3.7,
      36.0,
      18.4,
      20.8,
      71.0,
      16.8,
      61.9,
      18.4,
      19.0,
      70.4,
      21.7,
      46.8,
      47.3,
      24.9
    ],
    [
      1.9,
      15.5,
      5.1,
      2.1,
      0.5,
      2.3,
      8.2,
      5.6,
      1.8,
      1.6,
      4.7,
      1.2,
      0.45,
      9.5,
      17.1,
      5.8,
      2.9,
      16.9,
      0.0,
      9.9,
      1.8,
      0.5,
      1.3,
      35.1,
      4.4,
      0.45,
      9.2,
      37.6,
      28.1,
      2.9,
      138.0,
      2.9,
      79.3,
      39.5,
      5.4,
      18.9,
      20.6,
      1.5,
      5.4,
      56.6,
      0.75,
      46.3,
      4.0,
      4.8,
      86.8,
      36.8,
      52.4,
      52.3,
      10.5
    ],
    [
      10.6,
      26.6,
      10.3,
      8.4,
      9.9,
      9.0,
      16.8,
      14.2,
      9.5,
      9.2,
      13.3,
      9.6,
      9.9,
      18.1,
      28.2,
      11.0,
      11.5,
      25.5,
      9.9,
      0.0,
      9.4,
      8.6,
      8.9,
      42.7,
      8.2,
      9.0,
      16.7,
      45.2,
      35.7,
      12.3,
      138.0,
      10.5,
      87.8,
      38.9,
      10.0,
      26.4,
      25.2,
      8.0,
      10.0,
      50.7,
      8.3,
      45.7,
      9.8,
      9.4,
      95.3,
      44.4,
      57.0,
      56.9,
      15.1
    ],
    [
      0.14,
      14.2,
      3.9,
      2.7,
      2.2,
      2.6,
      6.8,
      4.2,
      1.5,
      3.4,
      3.3,
      0.9,
      2.1,
      8.1,
      15.8,
      6.9,
      0.27,
      15.5,
      1.8,
      9.4,
      0.0,
      3.7,
      2.1,
      33.3,
      6.0,
      3.7,
      7.4,
      35.8,
      26.3,
      5.1,
      140.0,
      0.5,
      77.5,
      41.1,
      10.2,
      17.1,
      25.5,
      4.5,
      10.2,
      60.5,
      2.8,
      47.9,
      7.9,
      8.5,
      85.0,
      35.0,
      56.2,
      56.1,
      14.4
    ],
    [
      2.7,
      16.3,
      5.0,
      2.0,
      0.27,
      2.0,
      8.9,
      6.4,
      1.8,
      1.5,
      5.4,
      2.0,
      0.4,
      10.3,
      17.9,
      5.7,
      3.7,
      17.6,
      0.5,
      8.6,
      3.7,
      0.0,
      1.7,
      35.5,
      4.3,
      0.7,
      9.5,
      38.0,
      28.5,
      3.3,
      138.0,
      3.3,
      79.7,
      39.4,
      5.4,
      19.2,
      20.6,
      0.75,
      5.3,
      56.6,
      0.75,
      46.3,
      3.6,
      4.8,
      87.2,
      37.2,
      52.4,
      52.3,
      10.4
    ],
    [
      0.6,
      14.7,
      3.4,
      2.2,
      1.7,
      2.1,
      7.3,
      4.8,
      0.75,
      2.9,
      3.8,
      0.4,
      1.6,
      8.7,
      16.3,
      6.4,
      2.1,
      16.0,
      1.3,
      8.9,
      2.1,
      1.7,
      0.0,
      33.8,
      6.5,
      4.2,
      7.9,
      36.3,
      26.8,
      5.6,
      141.0,
      0.6,
      78.0,
      41.6,
      10.7,
      17.6,
      26.0,
      4.9,
      10.7,
      61.0,
      0.95,
      48.4,
      8.4,
      9.0,
      85.5,
      35.5,
      56.7,
      56.6,
      14.9
    ],
    [
      33.5,
      22.6,
      40.1,
      39.5,
      40.7,
      39.5,
      28.7,
      32.7,
      38.4,
      36.7,
      35.8,
      39.4,
      35.5,
      27.1,
      18.2,
      43.1,
      33.3,
      20.0,
      35.1,
      42.7,
      33.3,
      35.5,
      33.8,
      0.0,
      44.9,
      42.1,
      28.3,
      0.27,
      11.4,
      38.1,
      221.0,
      39.4,
      42.6,
      80.0,
      43.3,
      18.7,
      59.2,
      40.9,
      43.3,
      94.2,
      41.2,
      86.8,
      41.0,
      41.6,
      50.1,
      1.4,
      37.9,
      38.7,
      48.0
    ],
    [
      5.0,
      18.6,
      4.7,
      2.9,
      4.3,
      3.4,
      11.2,
      10.5,
      4.0,
      3.7,
      9.8,
      4.0,
      4.4,
      12.6,
      22.6,
      5.4,
      6.0,
      19.9,
      4.4,
      8.2,
      6.0,
      4.3,
      6.5,
      44.9,
      0.0,
      7.2,
      15.0,
      43.4,
      33.9,
      10.5,
      134.0,
      8.7,
      83.5,
      35.1,
      8.2,
      24.7,
      23.4,
      6.2,
      8.2,
      47.6,
      6.5,
      41.9,
      8.0,
      7.6,
      91.0,
      46.1,
      55.3,
      55.2,
      13.3
    ],
    [
      2.7,
      16.3,
      5.4,
      2.4,
      0.7,
      3.0,
      8.9,
      6.4,
      0.6,
      0.9,
      5.4,
      2.0,
      0.45,
      10.2,
      17.9,
      6.1,
      3.6,
      17.6,
      0.45,
      9.0,
      3.7,
      0.7,
      4.2,
      42.1,
      7.2,
      0.0,
      9.9,
      38.4,
      28.9,
      3.7,
      139.0,
      3.6,
      80.1,
      39.8,
      5.7,
      19.6,
      20.9,
      1.8,
      5.7,
      56.9,
      0.55,
      46.6,
      5.5,
      5.1,
      87.6,
      37.6,
      52.7,
      52.6,
      10.8
    ],
    [
      7.5,
      7.6,
      10.9,
      10.0,
      9.5,
      10.0,
      2.7,
      6.7,
      8.9,
      10.7,
      7.4,
      8.3,
      9.5,
      0.011,
      9.2,
      13.9,
      7.3,
      8.9,
      9.2,
      16.7,
      7.4,
      9.5,
      7.9,
      28.3,
      15.0,
      9.9,
      0.0,
      29.5,
      20.0,
      8.2,
      149.0,
      7.6,
      70.0,
      50.1,
      13.4,
      10.8,
      28.6,
      11.0,
      13.4,
      63.7,
      9.4,
      56.9,
      11.0,
      11.7,
      77.5,
      28.7,
      61.8,
      61.7,
      17.5
    ],
    [
      35.9,
      25.1,
      42.5,
      42.0,
      43.2,
      41.9,
      31.1,
      35.1,
      40.8,
      39.2,
      38.2,
      36.7,
      37.9,
      29.5,
      20.7,
      45.5,
      35.7,
      22.5,
      37.6,
      45.2,
      35.8,
      38.0,
      36.3,
      0.27,
      43.4,
      38.4,
      29.5,
      0.0,
      11.7,
      38.4,
      179.0,
      39.7,
      36.1,
      80.3,
      43.6,
      19.0,
      59.5,
      41.2,
      43.6,
      94.4,
      41.5,
      87.1,
      41.2,
      41.8,
      43.6,
      1.6,
      38.2,
      39.0,
      48.2
    ],
    [
      26.4,
      15.6,
      33.0,
      32.5,
      33.7,
      32.4,
      21.6,
      25.6,
      31.3,
      29.7,
      28.7,
      27.2,
      28.4,
      20.0,
      11.2,
      36.0,
      26.2,
      13.0,
      28.1,
      35.7,
      26.3,
      28.5,
      26.8,
      11.4,
      33.9,
      28.9,
      20.0,
      11.7,
      0.0,
      30.1,
      213.0,
      31.4,
      52.9,
      72.0,
      35.3,
      10.7,
      51.2,
      32.9,
      35.3,
      86.2,
      33.2,
      78.8,
      32.9,
      33.6,
      60.4,
      11.6,
      36.7,
      37.3,
      39.9
    ],
    [
      1.6,
      14.3,
      3.5,
      4.8,
      3.3,
      4.9,
      6.9,
      3.8,
      2.0,
      7.2,
      3.0,
      2.0,
      3.2,
      8.2,
      15.9,
      6.6,
      5.0,
      15.6,
      2.9,
      12.3,
      5.1,
      3.3,
      5.6,
      38.1,
      10.5,
      3.7,
      8.2,
      38.4,
      30.1,
      0.0,
      142.0,
      3.3,
      75.7,
      43.4,
      6.7,
      17.3,
      22.0,
      3.8,
      6.7,
      57.0,
      2.7,
      50.2,
      4.3,
      5.0,
      83.2,
      38.3,
      52.7,
      52.6,
      10.9
    ],
    [
      139.0,
      155.0,
      139.0,
      137.0,
      138.0,
      137.0,
      148.0,
      145.0,
      138.0,
      138.0,
      144.0,
      138.0,
      138.0,
      149.0,
      157.0,
      179.0,
      140.0,
      156.0,
      138.0,
      138.0,
      140.0,
      138.0,
      141.0,
      221.0,
      134.0,
      139.0,
      149.0,
      179.0,
      213.0,
      142.0,
      0.0,
      140.0,
      258.0,
      111.0,
      179.0,
      156.0,
      164.0,
      138.0,
      179.0,
      147.0,
      138.0,
      99.4,
      179.0,
      177.0,
      265.0,
      220.0,
      216.0,
      216.0,
      173.0
    ],
    [
      0.55,
      13.7,
      6.7,
      3.7,
      3.3,
      3.7,
      6.3,
      3.7,
      2.6,
      4.4,
      2.8,
      2.0,
      3.2,
      7.6,
      15.2,
      9.7,
      1.0,
      15.0,
      2.9,
      10.5,
      0.5,
      3.3,
      0.6,
      39.4,
      8.7,
      3.6,
      7.6,
      39.7,
      31.4,
      3.3,
      140.0,
      0.0,
      79.0,
      40.1,
      6.2,
      18.6,
      21.5,
      3.4,
      6.2,
      56.5,
      1.8,
      46.9,
      3.7,
      4.5,
      86.5,
      36.5,
      52.3,
      52.2,
      10.4
    ],
    [
      77.6,
      65.5,
      79.0,
      79.7,
      79.7,
      80.3,
      75.9,
      76.8,
      77.3,
      80.9,
      74.8,
      78.4,
      79.6,
      70.0,
      61.1,
      82.1,
      77.4,
      62.9,
      79.3,
      87.8,
      77.5,
      79.7,
      78.0,
      42.6,
      83.5,
      80.1,
      70.0,
      36.1,
      52.9,
      75.7,
      258.0,
      79.0,
      0.0,
      118.0,
      81.2,
      60.4,
      97.1,
      78.8,
      81.2,
      132.0,
      79.1,
      125.0,
      78.9,
      79.5,
      20.6,
      34.8,
      65.9,
      66.6,
      85.9
    ],
    [
      40.1,
      56.1,
      39.8,
      38.0,
      39.4,
      38.6,
      48.8,
      45.6,
      39.1,
      38.8,
      44.9,
      39.2,
      39.5,
      47.7,
      57.7,
      40.5,
      41.1,
      55.0,
      39.5,
      38.9,
      41.1,
      39.4,
      41.6,
      80.0,
      35.1,
      39.8,
      50.1,
      80.3,
      72.0,
      43.4,
      111.0,
      40.1,
      118.0,
      0.0,
      40.7,
      57.1,
      55.9,
      38.7,
      40.7,
      51.2,
      39.0,
      19.7,
      40.5,
      40.1,
      123.0,
      75.1,
      87.7,
      87.6,
      45.8
    ],
    [
      8.0,
      19.5,
      3.1,
      4.2,
      5.4,
      4.7,
      12.1,
      8.9,
      5.3,
      4.9,
      8.2,
      5.4,
      5.4,
      13.4,
      21.0,
      2.6,
      10.2,
      20.8,
      5.4,
      10.0,
      10.2,
      5.4,
      10.7,
      43.3,
      8.2,
      5.7,
      13.4,
      43.6,
      35.3,
      6.7,
      179.0,
      6.2,
      81.2,
      40.7,
      0.0,
      22.6,
      18.2,
      4.3,
      0.013,
      53.2,
      4.7,
      46.3,
      3.0,
      2.6,
      88.5,
      43.7,
      49.0,
      48.9,
      7.0
    ],
    [
      17.2,
      6.3,
      20.6,
      19.7,
      19.2,
      19.7,
      12.4,
      16.4,
      18.6,
      20.4,
      17.1,
      17.9,
      19.2,
      10.8,
      1.9,
      23.6,
      17.0,
      3.7,
      18.9,
      26.4,
      17.1,
      19.2,
      17.6,
      18.7,
      24.7,
      19.6,
      10.8,
      19.0,
      10.7,
      17.3,
      156.0,
      18.6,
      60.4,
      57.1,
      22.6,
      0.0,
      38.1,
      20.4,
      22.8,
      73.1,
      18.8,
      66.4,
      20.5,
      21.1,
      68.1,
      19.3,
      44.4,
      45.0,
      27.0
    ],
    [
      23.3,
      34.8,
      18.4,
      19.4,
      20.6,
      20.0,
      27.4,
      24.1,
      20.5,
      20.1,
      23.4,
      20.9,
      20.6,
      28.6,
      36.2,
      15.4,
      25.5,
      36.0,
      20.6,
      25.2,
      25.5,
      20.6,
      26.0,
      59.2,
      23.4,
      20.9,
      28.6,
      59.5,
      51.2,
      22.0,
      164.0,
      21.5,
      97.1,
      55.9,
      18.2,
      38.1,
      0.0,
      19.7,
      16.2,
      39.2,
      20.5,
      61.8,
      18.5,
      17.2,
      105.0,
      60.1,
      55.4,
      55.3,
      12.6
    ],
    [
      3.4,
      17.1,
      3.1,
      0.7,
      0.65,
      1.0,
      9.7,
      7.1,
      2.0,
      0.18,
      6.2,
      2.1,
      1.5,
      11.0,
      18.6,
      5.3,
      4.4,
      18.4,
      1.5,
      8.0,
      4.5,
      0.75,
      4.9,
      40.9,
      6.2,
      1.8,
      11.0,
      41.2,
      32.9,
      3.8,
      138.0,
      3.4,
      78.8,
      38.7,
      4.3,
      20.4,
      19.7,
      0.0,
      4.6,
      55.9,
      2.3,
      45.3,
      3.6,
      4.1,
      88.1,
      38.1,
      51.7,
      51.6,
      9.8
    ],
    [
      7.9,
      19.4,
      3.1,
      4.2,
      5.3,
      4.7,
      12.1,
      8.9,
      5.3,
      4.9,
      8.2,
      5.3,
      5.4,
      13.4,
      21.0,
      2.6,
      10.2,
      20.8,
      5.4,
      10.0,
      10.2,
      5.3,
      10.7,
      43.3,
      8.2,
      5.7,
      13.4,
      43.6,
      35.3,
      6.7,
      179.0,
      6.2,
      81.2,
      40.7,
      0.013,
      22.8,
      16.2,
      4.6,
      0.0,
      53.1,
      4.7,
      46.3,
      3.0,
      2.6,
      88.5,
      43.7,
      49.0,
      48.9,
      7.0
    ],
    [
      58.2,
      69.7,
      53.4,
      55.4,
      56.6,
      54.9,
      62.3,
      59.2,
      55.8,
      56.1,
      58.5,
      55.9,
      56.6,
      63.7,
      71.3,
      52.1,
      60.4,
      71.0,
      56.6,
      50.7,
      60.5,
      56.6,
      61.0,
      94.2,
      47.6,
      56.9,
      63.7,
      94.4,
      86.2,
      57.0,
      147.0,
      56.5,
      132.0,
      51.2,
      53.2,
      73.1,
      39.2,
      55.9,
      53.1,
      0.0,
      55.8,
      56.7,
      53.8,
      52.5,
      140.0,
      95.4,
      90.7,
      90.6,
      47.9
    ],
    [
      1.8,
      15.4,
      3.0,
      0.95,
      0.7,
      0.65,
      8.1,
      5.5,
      0.3,
      0.7,
      4.6,
      0.45,
      0.6,
      9.4,
      17.0,
      5.7,
      2.8,
      16.8,
      0.75,
      8.3,
      2.8,
      0.75,
      0.95,
      41.2,
      6.5,
      0.55,
      9.4,
      41.5,
      33.2,
      2.7,
      138.0,
      1.8,
      79.1,
      39.0,
      4.7,
      18.8,
      20.5,
      2.3,
      4.7,
      55.8,
      0.0,
      45.7,
      3.0,
      3.6,
      86.5,
      36.5,
      51.4,
      51.3,
      9.5
    ],
    [
      46.9,
      63.0,
      46.6,
      44.8,
      46.3,
      45.4,
      55.6,
      52.5,
      45.9,
      45.6,
      51.7,
      46.0,
      46.3,
      54.5,
      64.5,
      47.4,
      47.9,
      61.9,
      46.3,
      45.7,
      47.9,
      46.3,
      48.4,
      86.8,
      41.9,
      46.6,
      56.9,
      87.1,
      78.8,
      50.2,
      99.4,
      46.9,
      125.0,
      19.7,
      46.3,
      66.4,
      61.8,
      45.3,
      46.3,
      56.7,
      45.7,
      0.0,
      47.2,
      46.8,
      130.0,
      81.8,
      94.6,
      94.5,
      52.7
    ],
    [
      3.7,
      17.1,
      0.4,
      2.3,
      5.1,
      2.3,
      9.7,
      6.6,
      3.2,
      3.9,
      5.9,
      3.1,
      5.2,
      11.0,
      18.7,
      4.0,
      7.8,
      18.4,
      4.0,
      9.8,
      7.9,
      3.6,
      8.4,
      41.0,
      8.0,
      5.5,
      11.0,
      41.2,
      32.9,
      4.3,
      179.0,
      3.7,
      78.9,
      40.5,
      3.0,
      20.5,
      18.5,
      3.6,
      3.0,
      53.8,
      3.0,
      47.2,
      0.0,
      0.7,
      86.7,
      41.9,
      48.9,
      48.8,
      7.0
    ],
    [
      6.2,
      17.7,
      1.4,
      3.6,
      4.8,
      2.9,
      10.3,
      7.2,
      3.8,
      4.3,
      6.5,
      3.8,
      4.8,
      11.7,
      19.3,
      2.3,
      8.4,
      19.0,
      4.8,
      9.4,
      8.5,
      4.8,
      9.0,
      41.6,
      7.6,
      5.1,
      11.7,
      41.8,
      33.6,
      5.0,
      177.0,
      4.5,
      79.5,
      40.1,
      2.6,
      21.1,
      17.2,
      4.1,
      2.6,
      52.5,
      3.6,
      46.8,
      0.7,
      0.0,
      86.3,
      41.5,
      48.5,
      48.4,
      6.5
    ],
    [
      85.1,
      73.0,
      86.5,
      87.2,
      87.2,
      85.9,
      83.3,
      84.3,
      84.8,
      88.4,
      82.2,
      85.9,
      87.1,
      77.5,
      68.6,
      89.5,
      84.9,
      70.4,
      86.8,
      95.3,
      85.0,
      87.2,
      85.5,
      50.1,
      91.0,
      87.6,
      77.5,
      43.6,
      60.4,
      83.2,
      265.0,
      86.5,
      20.6,
      123.0,
      88.5,
      68.1,
      105.0,
      88.1,
      88.5,
      140.0,
      86.5,
      130.0,
      86.7,
      86.3,
      0.0,
      42.3,
      73.3,
      74.1,
      93.4
    ],
    [
      35.1,
      24.3,
      41.7,
      41.2,
      42.4,
      41.1,
      30.3,
      34.3,
      40.0,
      38.4,
      37.4,
      35.9,
      37.1,
      28.7,
      19.9,
      44.7,
      34.9,
      21.7,
      36.8,
      44.4,
      35.0,
      37.2,
      35.5,
      1.4,
      46.1,
      37.6,
      28.7,
      1.6,
      11.6,
      38.3,
      220.0,
      36.5,
      34.8,
      75.1,
      43.7,
      19.3,
      60.1,
      38.1,
      43.7,
      95.4,
      36.5,
      81.8,
      41.9,
      41.5,
      42.3,
      0.0,
      37.7,
      38.5,
      49.8
    ],
    [
      52.4,
      49.4,
      49.2,
      51.3,
      52.4,
      50.8,
      60.5,
      54.9,
      51.8,
      52.0,
      54.2,
      51.7,
      52.5,
      61.8,
      45.0,
      47.9,
      56.1,
      46.8,
      52.4,
      57.0,
      56.2,
      52.4,
      56.7,
      37.9,
      55.3,
      52.7,
      61.8,
      38.2,
      36.7,
      52.7,
      216.0,
      52.3,
      65.9,
      87.7,
      49.0,
      44.4,
      55.4,
      51.7,
      49.0,
      90.7,
      51.4,
      94.6,
      48.9,
      48.5,
      73.3,
      37.7,
      0.0,
      2.2,
      43.6
    ],
    [
      52.3,
      49.9,
      49.1,
      51.1,
      52.3,
      50.7,
      60.4,
      54.8,
      51.7,
      51.9,
      54.1,
      51.6,
      52.4,
      61.7,
      45.5,
      47.8,
      56.0,
      47.3,
      52.3,
      56.9,
      56.1,
      52.3,
      56.6,
      38.7,
      55.2,
      52.6,
      61.7,
      39.0,
      37.3,
      52.6,
      216.0,
      52.2,
      66.6,
      87.6,
      48.9,
      45.0,
      55.3,
      51.6,
      48.9,
      90.6,
      51.3,
      94.5,
      48.8,
      48.4,
      74.1,
      38.5,
      2.2,
      0.0,
      43.5
    ],
    [
      12.1,
      23.6,
      7.3,
      9.3,
      10.4,
      8.8,
      16.2,
      13.1,
      9.7,
      10.0,
      12.4,
      10.4,
      10.5,
      17.6,
      25.2,
      5.9,
      14.3,
      24.9,
      10.5,
      15.1,
      14.4,
      10.4,
      14.9,
      48.0,
      13.3,
      10.8,
      17.5,
      48.2,
      39.9,
      10.9,
      173.0,
      10.4,
      85.9,
      45.8,
      7.0,
      27.0,
      12.6,
      9.8,
      7.0,
      47.9,
      9.5,
      52.7,
      7.0,
      6.5,
      93.4,
      49.8,
      43.6,
      43.5,
      0.0
    ]
  ],
  "drive_time_matrix": [
    [
      0.0,
      15.0,
      9.0,
      7.0,
      7.0,
      6.0,
      8.0,
      8.0,
      4.0,
      8.0,
      5.0,
      3.0,
      5.0,
      9.0,
      17.0,
      15.0,
      6.0,
      17.0,
      4.0,
      21.0,
      2.0,
      7.0,
      8.0,
      37.0,
      11.0,
      8.0,
      9.0,
      42.0,
      31.0,
      5.0,
      149.0,
      7.0,
      71.0,
      52.0,
      13.0,
      20.0,
      27.0,
      10.0,
      13.0,
      49.0,
      6.0,
      43.0,
      11.0,
      11.0,
      75.0,
      38.0,
      51.0,
      51.0,
      19.0
    ],
    [
      15.0,
      0.0,
      22.0,
      22.0,
      22.0,
      22.0,
      13.0,
      21.0,
      20.0,
      24.0,
      16.0,
      18.0,
      20.0,
      10.0,
      8.0,
      27.0,
      18.0,
      7.0,
      20.0,
      37.0,
      18.0,
      23.0,
      18.0,
      28.0,
      26.0,
      23.0,
      10.0,
      32.0,
      22.0,
      20.0,
      164.0,
      16.0,
      65.0,
      68.0,
      25.0,
      10.0,
      39.0,
      25.0,
      25.0,
      61.0,
      22.0,
      58.0,
      22.0,
      23.0,
      68.0,
      29.0,
      52.0,
      54.0,
      32.0
    ],
    [
      9.0,
      22.0,
      0.0,
      6.0,
      10.0,
      8.0,
      15.0,
      14.0,
      9.0,
      10.0,
      11.0,
      10.0,
      11.0,
      16.0,
      23.0,
      8.0,
      12.0,
      23.0,
      10.0,
      19.0,
      11.0,
      10.0,
      10.0,
      42.0,
      8.0,
      12.0,
      15.0,
      46.0,
      36.0,
      6.0,
      147.0,
      10.0,
      76.0,
      49.0,
      7.0,
      26.0,
      20.0,
      10.0,
      7.0,
      43.0,
      11.0,
      40.0,
      5.0,
      4.0,
      79.0,
      43.0,
      45.0,
      46.0,
      13.0
    ],
    [
      7.0,
      22.0,
      6.0,
      0.0,
      6.0,
      6.0,
      18.0,
      17.0,
      13.0,
      5.0,
      14.0,
      8.0,
      8.0,
      18.0,
      27.0,
      10.0,
      12.0,
      26.0,
      7.0,
      15.0,
      9.0,
      7.0,
      9.0,
      46.0,
      5.0,
      9.0,
      18.0,
      50.0,
      40.0,
      11.0,
      143.0,
      11.0,
      81.0,
      46.0,
      9.0,
      30.0,
      25.0,
      9.0,
      9.0,
      45.0,
      12.0,
      37.0,
      8.0,
      8.0,
      84.0,
      47.0,
      48.0,
      49.0,
      16.0
    ],
    [
      7.0,
      22.0,
      10.0,
      6.0,
      0.0,
      5.0,
      13.0,
      13.0,
      12.0,
      7.0,
      10.0,
      5.0,
      4.0,
      14.0,
      22.0,
      13.0,
      8.0,
      22.0,
      2.0,
      19.0,
      5.0,
      3.0,
      5.0,
      43.0,
      8.0,
      9.0,
      14.0,
      47.0,
      37.0,
      11.0,
      146.0,
      7.0,
      77.0,
      49.0,
      12.0,
      25.0,
      27.0,
      8.0,
      12.0,
      48.0,
      9.0,
      41.0,
      11.0,
      11.0,
      79.0,
      44.0,
      50.0,
      51.0,
      18.0
    ],
    [
      6.0,
      22.0,
      8.0,
      6.0,
      5.0,
      0.0,
      16.0,
      16.0,
      6.0,
      11.0,
      13.0,
      9.0,
      9.0,
      17.0,
      26.0,
      12.0,
      11.0,
      25.0,
      8.0,
      17.0,
      8.0,
      7.0,
      8.0,
      45.0,
      7.0,
      11.0,
      17.0,
      49.0,
      39.0,
      9.0,
      144.0,
      9.0,
      78.0,
      48.0,
      11.0,
      28.0,
      24.0,
      12.0,
      10.0,
      46.0,
      8.0,
      39.0,
      6.0,
      8.0,
      81.0,
      46.0,
      48.0,
      49.0,
      17.0
    ],
    [
      8.0,
      13.0,
      15.0,
      18.0,
      13.0,
      16.0,
      0.0,
      14.0,
      13.0,
      17.0,
      10.0,
      12.0,
      14.0,
      6.0,
      14.0,
      20.0,
      12.0,
      13.0,
      13.0,
      30.0,
      11.0,
      16.0,
      12.0,
      38.0,
      19.0,
      17.0,
      6.0,
      42.0,
      31.0,
      13.0,
      157.0,
      10.0,
      72.0,
      62.0,
      19.0,
      17.0,
      33.0,
      18.0,
      19.0,
      55.0,
      16.0,
      52.0,
      15.0,
      17.0,
      75.0,
      38.0,
      53.0,
      53.0,
      25.0
    ],
    [
      8.0,
      21.0,
      14.0,
      17.0,
      13.0,
      16.0,
      14.0,
      0.0,
      13.0,
      16.0,
      8.0,
      11.0,
      13.0,
      14.0,
      22.0,
      19.0,
      9.0,
      21.0,
      13.0,
      29.0,
      11.0,
      16.0,
      11.0,
      43.0,
      19.0,
      16.0,
      14.0,
      48.0,
      37.0,
      12.0,
      157.0,
      9.0,
      76.0,
      61.0,
      17.0,
      24.0,
      33.0,
      17.0,
      17.0,
      55.0,
      15.0,
      51.0,
      14.0,
      15.0,
      79.0,
      44.0,
      54.0,
      55.0,
      24.0
    ],
    [
      4.0,
      20.0,
      9.0,
      13.0,
      12.0,
      6.0,
      13.0,
      13.0,
      0.0,
      6.0,
      9.0,
      3.0,
      6.0,
      13.0,
      21.0,
      14.0,
      7.0,
      21.0,
      5.0,
      18.0,
      4.0,
      6.0,
      9.0,
      42.0,
      8.0,
      7.0,
      13.0,
      46.0,
      36.0,
      7.0,
      146.0,
      6.0,
      75.0,
      50.0,
      12.0,
      24.0,
      28.0,
      8.0,
      12.0,
      50.0,
      4.0,
      41.0,
      10.0,
      11.0,
      78.0,
      43.0,
      49.0,
      49.0,
      20.0
    ],
    [
      8.0,
      24.0,
      10.0,
      5.0,
      7.0,
      11.0,
      17.0,
      16.0,
      6.0,
      0.0,
      13.0,
      8.0,
      6.0,
      18.0,
      26.0,
      12.0,
      12.0,
      25.0,
      6.0,
      16.0,
      9.0,
      6.0,
      8.0,
      47.0,
      6.0,
      11.0,
      17.0,
      51.0,
      41.0,
      13.0,
      144.0,
      10.0,
      79.0,
      48.0,
      11.0,
      28.0,
      27.0,
      2.0,
      11.0,
      48.0,
      9.0,
      40.0,
      10.0,
      10.0,
      82.0,
      48.0,
      49.0,
      50.0,
      18.0
    ],
    [
      5.0,
      16.0,
      11.0,
      14.0,
      10.0,
      13.0,
      10.0,
      8.0,
      9.0,
      13.0,
      0.0,
      7.0,
      9.0,
      11.0,
      19.0,
      14.0,
      7.0,
      18.0,
      8.0,
      24.0,
      6.0,
      11.0,
      7.0,
      38.0,
      15.0,
      12.0,
      11.0,
      43.0,
      32.0,
      8.0,
      152.0,
      5.0,
      71.0,
      57.0,
      13.0,
      21.0,
      29.0,
      13.0,
      13.0,
      50.0,
      10.0,
      48.0,
      10.0,
      11.0,
      74.0,
      39.0,
      49.0,
      50.0,
      20.0
    ],
    [
      3.0,
      18.0,
      10.0,
      8.0,
      5.0,
      9.0,
      12.0,
      11.0,
      3.0,
      8.0,
      7.0,
      0.0,
      4.0,
      11.0,
      19.0,
      13.0,
      4.0,
      18.0,
      3.0,
      18.0,
      2.0,
      6.0,
      1.0,
      40.0,
      8.0,
      7.0,
      11.0,
      44.0,
      33.0,
      7.0,
      145.0,
      3.0,
      72.0,
      49.0,
      12.0,
      21.0,
      28.0,
      8.0,
      12.0,
      51.0,
      5.0,
      41.0,
      10.0,
      11.0,
      75.0,
      40.0,
      49.0,
      49.0,
      19.0
    ],
    [
      5.0,
      20.0,
      11.0,
      8.0,
      4.0,
      9.0,
      14.0,
      13.0,
      6.0,
      6.0,
      9.0,
      4.0,
      0.0,
      15.0,
      23.0,
      14.0,
      8.0,
      22.0,
      5.0,
      19.0,
      6.0,
      3.0,
      5.0,
      43.0,
      9.0,
      6.0,
      15.0,
      47.0,
      37.0,
      11.0,
      146.0,
      7.0,
      76.0,
      51.0,
      13.0,
      25.0,
      29.0,
      6.0,
      13.0,
      50.0,
      8.0,
      42.0,
      12.0,
      12.0,
      78.0,
      44.0,
      51.0,
      52.0,
      20.0
    ],
    [
      9.0,
      10.0,
      16.0,
      18.0,
      14.0,
      17.0,
      6.0,
      14.0,
      13.0,
      18.0,
      11.0,
      11.0,
      15.0,
      0.0,
      12.0,
      21.0,
      12.0,
      11.0,
      14.0,
      30.0,
      12.0,
      17.0,
      12.0,
      32.0,
      20.0,
      17.0,
      1.0,
      36.0,
      26.0,
      14.0,
      157.0,
      10.0,
      68.0,
      62.0,
      19.0,
      14.0,
      35.0,
      19.0,
      19.0,
      56.0,
      16.0,
      52.0,
      16.0,
      17.0,
      71.0,
      33.0,
      53.0,
      54.0,
      26.0
    ],
    [
      17.0,
      8.0,
      23.0,
      27.0,
      22.0,
      26.0,
      14.0,
      22.0,
      21.0,
      26.0,
      19.0,
      19.0,
      23.0,
      12.0,
      0.0,
      28.0,
      20.0,
      3.0,
      21.0,
      38.0,
      19.0,
      24.0,
      19.0,
      23.0,
      28.0,
      25.0,
      11.0,
      27.0,
      16.0,
      21.0,
      165.0,
      18.0,
      59.0,
      69.0,
      26.0,
      5.0,
      42.0,
      26.0,
      26.0,
      63.0,
      23.0,
      60.0,
      23.0,
      24.0,
      62.0,
      24.0,
      47.0,
      48.0,
      33.0
    ],
    [
      15.0,
      27.0,
      8.0,
      10.0,
      13.0,
      12.0,
      20.0,
      19.0,
      14.0,
      12.0,
      14.0,
      13.0,
      14.0,
      21.0,
      28.0,
      0.0,
      16.0,
      28.0,
      12.0,
      20.0,
      15.0,
      12.0,
      15.0,
      47.0,
      10.0,
      13.0,
      20.0,
      51.0,
      41.0,
      11.0,
      151.0,
      14.0,
      79.0,
      52.0,
      32.0,
      31.0,
      19.0,
      11.0,
      32.0,
      42.0,
      13.0,
      42.0,
      9.0,
      7.0,
      82.0,
      48.0,
      43.0,
      44.0,
      11.0
    ],
    [
      6.0,
      18.0,
      12.0,
      12.0,
      8.0,
      11.0,
      12.0,
      9.0,
      7.0,
      12.0,
      7.0,
      4.0,
      8.0,
      12.0,
      20.0,
      16.0,
      0.0,
      18.0,
      7.0,
      23.0,
      3.0,
      9.0,
      5.0,
      39.0,
      13.0,
      10.0,
      11.0,
      43.0,
      33.0,
      10.0,
      149.0,
      10.0,
      71.0,
      54.0,
      16.0,
      21.0,
      30.0,
      12.0,
      16.0,
      52.0,
      9.0,
      45.0,
      12.0,
      14.0,
      74.0,
      40.0,
      52.0,
      53.0,
      22.0
    ],
    [
      17.0,
      7.0,
      23.0,
      26.0,
      22.0,
      25.0,
      13.0,
      21.0,
      21.0,
      25.0,
      18.0,
      18.0,
      22.0,
      11.0,
      3.0,
      28.0,
      18.0,
      0.0,
      21.0,
      38.0,
      19.0,
      24.0,
      20.0,
      25.0,
      27.0,
      25.0,
      12.0,
      29.0,
      18.0,
      21.0,
      166.0,
      18.0,
      60.0,
      69.0,
      26.0,
      6.0,
      43.0,
      26.0,
      26.0,
      62.0,
      23.0,
      59.0,
      23.0,
      24.0,
      63.0,
      26.0,
      48.0,
      50.0,
      33.0
    ],
    [
      4.0,
      20.0,
      10.0,
      7.0,
      2.0,
      8.0,
      13.0,
      13.0,
      5.0,
      6.0,
      8.0,
      3.0,
      5.0,
      14.0,
      21.0,
      12.0,
      7.0,
      21.0,
      0.0,
      18.0,
      3.0,
      6.0,
      3.0,
      40.0,
      8.0,
      6.0,
      12.0,
      45.0,
      34.0,
      8.0,
      145.0,
      4.0,
      73.0,
      49.0,
      11.0,
      22.0,
      27.0,
      15.0,
      11.0,
      48.0,
      10.0,
      40.0,
      11.0,
      10.0,
      75.0,
      41.0,
      50.0,
      50.0,
      18.0
    ],
    [
      21.0,
      37.0,
      19.0,
      15.0,
      19.0,
      17.0,
      30.0,
      29.0,
      18.0,
      16.0,
