{
  "drive_dist_matrix": [
    [
      0.0,
      12.1,
      7.2,
      6.7,
      8.3,
      7.6,
      5.2,
      39.4,
      9.6,
      15.0,
      7.5,
      14.3,
      6.8,
      3.9,
      8.8,
      5.6,
      5.4,
      10.0,
      6.1,
      4.7,
      0.95,
      12.7,
      12.4,
      5.2,
      7.0,
      10.2,
      4.3,
      0.75,
      6.6,
      3.1,
      3.0,
      0.55,
      10.5,
      5.4,
      5.7,
      8.9,
      6.8,
      8.2,
      9.0,
      10.2,
      13.1,
      6.0,
      43.8,
      1.2,
      7.3,
      3.1,
      12.5,
      6.2,
      7.7,
      24.3
    ],
    [
      12.1,
      0.0,
      8.6,
      10.0,
      11.0,
      9.0,
      10.5,
      40.2,
      10.9,
      7.7,
      13.8,
      15.1,
      8.1,
      12.2,
      22.4,
      9.4,
      10.3,
      14.4,
      19.7,
      11.4,
      14.9,
      9.9,
      7.4,
      18.8,
      10.3,
      11.1,
      13.5,
      14.4,
      11.2,
      13.1,
      13.8,
      14.4,
      14.9,
      9.7,
      11.0,
      7.1,
      8.1,
      14.6,
      22.7,
      15.4,
      14.0,
      9.4,
      44.6,
      14.4,
      8.6,
      13.1,
      9.8,
      11.5,
      13.9,
      14.3
    ],
    [
      7.2,
      8.6,
      0.0,
      1.2,
      3.9,
      0.4,
      2.6,
      34.1,
      4.8,
      9.8,
      5.8,
      9.0,
      0.021,
      6.6,
      11.2,
      0.55,
      2.4,
      6.3,
      10.5,
      3.5,
      6.3,
      6.5,
      10.3,
      9.6,
      1.0,
      5.0,
      7.1,
      5.1,
      3.3,
      4.4,
      3.8,
      5.1,
      6.7,
      0.9,
      3.1,
      4.6,
      0.016,
      3.8,
      13.4,
      7.4,
      7.9,
      0.9,
      38.5,
      5.1,
      3.0,
      4.4,
      6.3,
      3.3,
      6.0,
      22.8
    ],
    [
      6.7,
      10.0,
      1.2,
      0.0,
      4.6,
      1.6,
      1.2,
      33.9,
      2.3,
      9.5,
      6.4,
      8.8,
      1.2,
      9.8,
      10.0,
      0.7,
      1.2,
      6.3,
      9.3,
      2.3,
      8.0,
      5.6,
      10.0,
      8.1,
      0.35,
      4.7,
      8.8,
      7.5,
      1.3,
      5.6,
      5.0,
      7.6,
      6.7,
      3.4,
      1.9,
      5.8,
      1.2,
      4.5,
      11.9,
      9.1,
      7.6,
      0.75,
      38.3,
      5.7,
      4.2,
      5.6,
      5.4,
      2.1,
      6.5,
      24.0
    ],
    [
      8.3,
      11.0,
      3.9,
      4.6,
      0.0,
      5.8,
      6.6,
      33.8,
      0.6,
      9.4,
      2.3,
      8.7,
      4.9,
      11.8,
      13.7,
      4.5,
      4.6,
      4.5,
      11.4,
      5.0,
      8.8,
      7.1,
      9.9,
      10.2,
      4.7,
      4.6,
      13.4,
      9.6,
      5.6,
      7.1,
      6.5,
      9.6,
      4.9,
      3.7,
      7.0,
      8.0,
      4.9,
      0.039,
      14.0,
      3.9,
      7.6,
      3.7,
      38.2,
      7.8,
      3.1,
      7.1,
      6.9,
      4.2,
      2.5,
      22.3
    ],
    [
      7.6,
      9.0,
      0.4,
      1.6,
      5.8,
      0.0,
      3.7,
      35.8,
      4.3,
      8.7,
      7.2,
      9.7,
      0.35,
      8.1,
      12.3,
      0.9,
      0.9,
      7.0,
      11.6,
      4.6,
      7.8,
      5.5,
      6.3,
      10.4,
      1.4,
      6.6,
      7.8,
      6.6,
      4.4,
      5.4,
      4.8,
      6.6,
      7.5,
      2.9,
      4.2,
      3.5,
      0.35,
      4.4,
      14.2,
      10.0,
      9.5,
      2.6,
      40.2,
      6.6,
      1.9,
      5.4,
      5.3,
      4.9,
      7.4,
      21.7
    ],
    [
      5.2,
      10.5,
      2.6,
      1.2,
      6.6,
      3.7,
      0.0,
      37.0,
      4.2,
      12.6,
      5.1,
      11.9,
      3.2,
      8.5,
      8.8,
      2.1,
      3.1,
      7.7,
      8.1,
      1.1,
      7.4,
      7.2,
      13.1,
      6.8,
      1.3,
      7.8,
      10.1,
      6.3,
      0.35,
      5.0,
      4.4,
      6.3,
      8.1,
      0.8,
      0.7,
      5.2,
      3.2,
      3.3,
      10.7,
      7.8,
      10.7,
      0.8,
      41.4,
      4.5,
      3.6,
      5.0,
      7.0,
      0.95,
      5.3,
      23.4
    ],
    [
      39.4,
      40.2,
      34.1,
      33.9,
      33.8,
      35.8,
      37.0,
      0.0,
      35.1,
      35.2,
      33.0,
      25.4,
      35.2,
      42.5,
      44.4,
      35.0,
      35.0,
      32.6,
      42.0,
      36.2,
      42.5,
      32.9,
      35.7,
      40.8,
      35.2,
      30.3,
      44.0,
      40.3,
      36.2,
      42.8,
      42.7,
      40.3,
      30.7,
      34.1,
      37.7,
      34.9,
      35.2,
      33.7,
      44.6,
      34.2,
      28.8,
      34.1,
      4.4,
      39.0,
      33.2,
      42.8,
      32.7,
      34.7,
      33.1,
      41.6
    ],
    [
      9.6,
      10.9,
      4.8,
      2.3,
      0.6,
      4.3,
      4.2,
      35.1,
      0.0,
      9.9,
      2.8,
      9.1,
      5.4,
      12.3,
      14.2,
      5.0,
      5.0,
      4.9,
      11.8,
      5.4,
      9.3,
      7.6,
      10.4,
      10.6,
      5.1,
      5.0,
      13.8,
      10.1,
      6.0,
      7.5,
      6.9,
      10.1,
      5.7,
      4.1,
      7.5,
      8.4,
      5.4,
      0.7,
      14.4,
      4.4,
      8.0,
      4.1,
      38.7,
      8.3,
      3.6,
      7.5,
      7.4,
      4.6,
      2.9,
      22.7
    ],
    [
      15.0,
      7.7,
      9.8,
      9.5,
      9.4,
      8.7,
      12.6,
      35.2,
      9.9,
      0.0,
      6.1,
      6.5,
      7.1,
      15.6,
      17.5,
      8.1,
      9.5,
      6.3,
      15.2,
      9.3,
      15.7,
      2.3,
      5.7,
      13.9,
      8.5,
      3.4,
      16.6,
      13.4,
      9.3,
      15.9,
      15.8,
      13.4,
      6.7,
      7.2,
      10.8,
      6.4,
      7.1,
      6.9,
      17.8,
      7.7,
      6.3,
      7.3,
      37.0,
      12.1,
      5.0,
      14.4,
      2.1,
      8.0,
      6.3,
      18.1
    ],
    [
      7.5,
      13.8,
      5.8,
      6.4,
      2.3,
      7.2,
      5.1,
      33.0,
      2.8,
      6.1,
      0.0,
      7.9,
      7.3,
      10.6,
      12.5,
      6.5,
      7.2,
      3.2,
      10.2,
      4.3,
      10.7,
      6.4,
      9.2,
      9.0,
      6.1,
      3.8,
      12.2,
      8.4,
      4.3,
      11.0,
      10.8,
      8.4,
      4.0,
      5.6,
      5.8,
      9.8,
      7.3,
      1.9,
      12.8,
      2.7,
      6.8,
      5.7,
      37.5,
      7.1,
      6.6,
      11.0,
      6.2,
      5.6,
      0.24,
      21.5
    ],
    [
      14.3,
      15.1,
      9.0,
      8.8,
      8.7,
      9.7,
      11.9,
      25.4,
      9.1,
      6.5,
      7.9,
      0.0,
      11.0,
      18.3,
      20.2,
      10.8,
      10.8,
      8.4,
      17.8,
      12.0,
      18.4,
      8.8,
      11.5,
      16.6,
      11.0,
      6.1,
      19.8,
      16.1,
      12.0,
      18.6,
      12.7,
      16.1,
      6.5,
      9.9,
      13.5,
      10.7,
      11.0,
      9.5,
      20.5,
      10.4,
      4.6,
      10.0,
      29.8,
      14.8,
      9.0,
      18.6,
      8.6,
      10.5,
      8.9,
      19.7
    ],
    [
      6.8,
      8.1,
      0.021,
      1.2,
      4.9,
      0.35,
      3.2,
      35.2,
      5.4,
      7.1,
      7.3,
      11.0,
      0.0,
      6.9,
      11.0,
      0.55,
      0.85,
      6.6,
      10.3,
      3.3,
      6.6,
      6.4,
      7.2,
      9.1,
      1.0,
      5.8,
      7.4,
      5.4,
      3.2,
      4.2,
      3.6,
      5.4,
      7.1,
      1.6,
      2.9,
      4.4,
      0.005,
      4.1,
      13.7,
      7.8,
      8.6,
      0.9,
      39.3,
      5.4,
      1.5,
      4.2,
      6.2,
      3.1,
      6.3,
      22.6
    ],
    [
      3.9,
      12.2,
      6.6,
      9.8,
      11.8,
      8.1,
      8.5,
      42.5,
      12.3,
      15.6,
      10.6,
      18.3,
      6.9,
      0.0,
      13.1,
      7.1,
      6.9,
      14.0,
      10.3,
      8.7,
      3.8,
      15.4,
      12.8,
      9.6,
      11.0,
      14.2,
      3.1,
      5.2,
      10.7,
      4.6,
      4.5,
      5.2,
      14.9,
      6.9,
      9.7,
      13.4,
      8.3,
      12.2,
      13.4,
      14.3,
      17.2,
      7.6,
      47.9,
      5.6,
      8.8,
      4.6,
      15.2,
      10.2,
      11.7,
      24.9
    ],
    [
      8.8,
      22.4,
      11.2,
      10.0,
      13.7,
      12.3,
      8.8,
      44.4,
      14.2,
      17.5,
      12.5,
      20.2,
      11.0,
      13.1,
      0.0,
      15.5,
      15.3,
      17.3,
      8.8,
      8.6,
      11.7,
      20.0,
      22.8,
      8.1,
      11.0,
      17.5,
      14.2,
      10.5,
      10.6,
      13.0,
      12.9,
      10.5,
      17.8,
      15.3,
      9.6,
      14.2,
      12.1,
      15.5,
      1.3,
      17.6,
      20.5,
      15.9,
      51.1,
      11.9,
      12.6,
      13.0,
      19.8,
      10.1,
      15.0,
      34.2
    ],
    [
      5.6,
      9.4,
      0.55,
      0.7,
      4.5,
      0.9,
      2.1,
      35.0,
      5.0,
      8.1,
      6.5,
      10.8,
      0.55,
      7.1,
      15.5,
      0.0,
      5.2,
      5.3,
      13.9,
      5.0,
      9.2,
      4.7,
      8.4,
      12.7,
      0.55,
      4.0,
      9.9,
      8.0,
      5.6,
      7.1,
      6.5,
      8.0,
      5.8,
      0.8,
      5.9,
      5.5,
      0.55,
      2.8,
      16.5,
      6.5,
      6.9,
      0.75,
      37.6,
      8.0,
      1.0,
      7.1,
      4.5,
      4.1,
      5.0,
      23.3
    ],
    [
      5.4,
      10.3,
      2.4,
      1.2,
      4.6,
      0.9,
      3.1,
      35.0,
      5.0,
      9.5,
      7.2,
      10.8,
      0.85,
      6.9,
      15.3,
      5.2,
      0.0,
      6.2,
      10.3,
      3.4,
      6.4,
      6.1,
      7.0,
      9.6,
      1.4,
      4.9,
      7.1,
      5.1,
      3.2,
      4.0,
      3.4,
      5.2,
      6.7,
      0.6,
      2.9,
      4.2,
      0.85,
      3.7,
      13.4,
      7.4,
      7.8,
      1.4,
      38.5,
      5.2,
      2.6,
      4.0,
      5.9,
      0.7,
      5.9,
      22.4
    ],
    [
      10.0,
      14.4,
      6.3,
      6.3,
      4.5,
      7.0,
      7.7,
      32.6,
      4.9,
      6.3,
      3.2,
      8.4,
      6.6,
      14.0,
      17.3,
      5.3,
      6.2,
      0.0,
      12.6,
      6.7,
      13.1,
      7.0,
      9.7,
      11.4,
      7.4,
      4.4,
      14.6,
      10.9,
      6.8,
      13.4,
      9.1,
      10.9,
      1.4,
      6.3,
      8.3,
      10.4,
      8.3,
      3.9,
      15.2,
      2.5,
      5.2,
      6.4,
      36.8,
      9.5,
      7.2,
      13.4,
      6.8,
      6.9,
      2.5,
      22.1
    ],
    [
      6.1,
      19.7,
      10.5,
      9.3,
      11.4,
      11.6,
      8.1,
      42.0,
      11.8,
      15.2,
      10.2,
      17.8,
      10.3,
      10.3,
      8.8,
      13.9,
      10.3,
      12.6,
      0.0,
      9.0,
      5.1,
      18.9,
      16.3,
      3.2,
      11.4,
      14.5,
      6.6,
      5.6,
      11.0,
      8.1,
      8.0,
      5.6,
      14.8,
      10.4,
      10.0,
      16.9,
      12.5,
      12.6,
      9.4,
      14.6,
      17.5,
      11.1,
      48.2,
      7.4,
      13.0,
      8.2,
      18.7,
      10.5,
      12.0,
      28.5
    ],
    [
      4.7,
      11.4,
      3.5,
      2.3,
      5.0,
      4.6,
      1.1,
      36.2,
      5.4,
      9.3,
      4.3,
      12.0,
      3.3,
      8.7,
      8.6,
      5.0,
      3.4,
      6.7,
      9.0,
      0.0,
      7.6,
      9.3,
      12.1,
      5.8,
      4.0,
      6.7,
      9.0,
      5.3,
      1.4,
      7.8,
      7.7,
      5.3,
      7.4,
      6.2,
      2.7,
      7.3,
      5.2,
      3.1,
      9.7,
      6.8,
      9.7,
      6.4,
      40.4,
      4.6,
      5.7,
      7.8,
      9.1,
      3.2,
      4.3,
      24.4
    ],
    [
      0.95,
      14.9,
      6.3,
      8.0,
      8.8,
      7.8,
      7.4,
      42.5,
      9.3,
      15.7,
      10.7,
      18.4,
      6.6,
      3.8,
      11.7,
      9.2,
      6.4,
      13.1,
      5.1,
      7.6,
      0.0,
      14.0,
      14.5,
      6.5,
      8.2,
      11.4,
      2.4,
      1.6,
      7.9,
      3.9,
      3.8,
      1.1,
      12.1,
      6.2,
      6.9,
      9.7,
      7.6,
      9.5,
      10.3,
      11.5,
      14.4,
      6.9,
      45.1,
      3.4,
      8.1,
      4.0,
      13.8,
      7.4,
      8.9,
      25.6
    ],
    [
      12.7,
      9.9,
      6.5,
      5.6,
      7.1,
      5.5,
      7.2,
      32.9,
      7.6,
      2.3,
      6.4,
      8.8,
      6.4,
      15.4,
      20.0,
      4.7,
      6.1,
      7.0,
      18.9,
      9.3,
      14.0,
      0.0,
      7.4,
      13.5,
      7.4,
      3.0,
      16.7,
      13.0,
      8.9,
      10.4,
      9.8,
      13.0,
      5.5,
      6.8,
      7.4,
      5.9,
      6.0,
      6.5,
      17.4,
      7.3,
      3.9,
      6.8,
      34.0,
      11.7,
      4.0,
      10.4,
      0.45,
      6.9,
      5.8,
      19.8
    ],
    [
      12.4,
      7.4,
      10.3,
      10.0,
      9.9,
      6.3,
      13.1,
      35.7,
      10.4,
      5.7,
      9.2,
      11.5,
      7.2,
      12.8,
      22.8,
      8.4,
      7.0,
      9.7,
      16.3,
      12.1,
      14.5,
      7.4,
      0.0,
      17.4,
      11.6,
      6.8,
      13.8,
      12.8,
      12.7,
      11.5,
      12.2,
      12.8,
      10.1,
      10.8,
      14.2,
      5.0,
      9.3,
      10.3,
      21.2,
      11.1,
      9.7,
      10.5,
      40.4,
      12.8,
      6.4,
      11.5,
      5.5,
      9.3,
      9.7,
      12.9
    ],
    [
      5.2,
      18.8,
      9.6,
      8.1,
      10.2,
      10.4,
      6.8,
      40.8,
      10.6,
      13.9,
      9.0,
      16.6,
      9.1,
      9.6,
      8.1,
      12.7,
      9.6,
      11.4,
      3.2,
      5.8,
      6.5,
      13.5,
      17.4,
      0.0,
      8.7,
      12.5,
      9.2,
      5.5,
      8.3,
      8.0,
      7.9,
      5.5,
      13.2,
      10.3,
      7.3,
      11.9,
      9.9,
      10.5,
      7.0,
      12.6,
      15.5,
      10.9,
      46.1,
      6.9,
      10.3,
      8.0,
      14.8,
      7.8,
      10.0,
      29.2
    ],
    [
      7.0,
      10.3,
      1.0,
      0.35,
      4.7,
      1.4,
      1.3,
      35.2,
      5.1,
      8.5,
      6.1,
      11.0,
      1.0,
      11.0,
      11.0,
      0.55,
      1.4,
      7.4,
      11.4,
      4.0,
      8.2,
      7.4,
      11.6,
      8.7,
      0.0,
      4.4,
      8.9,
      7.6,
      1.2,
      5.7,
      5.0,
      7.6,
      6.4,
      1.0,
      1.9,
      6.1,
      1.0,
      2.0,
      12.0,
      5.7,
      7.3,
      0.9,
      37.9,
      5.8,
      2.6,
      5.6,
      5.1,
      2.1,
      4.2,
      24.1
    ],
    [
      10.2,
      11.1,
      5.0,
      4.7,
      4.6,
      6.6,
      7.8,
      30.3,
      5.0,
      3.4,
      3.8,
      6.1,
      5.8,
      14.2,
      17.5,
      4.0,
      4.9,
      4.4,
      14.5,
      6.7,
      11.4,
      3.0,
      6.8,
      12.5,
      4.4,
      0.0,
      14.4,
      10.6,
      6.6,
      13.2,
      13.1,
      10.6,
      2.5,
      6.0,
      8.0,
      6.8,
      9.5,
      4.1,
      15.0,
      5.0,
      4.4,
      6.0,
      35.7,
      9.3,
      5.0,
      13.2,
      4.6,
      7.8,
      3.5,
      19.9
    ],
    [
      4.3,
      13.5,
      7.1,
      8.8,
      13.4,
      7.8,
      10.1,
      44.0,
      13.8,
      16.6,
      12.2,
      19.8,
      7.4,
      3.1,
      14.2,
      9.9,
      7.1,
      14.6,
      6.6,
      9.0,
      2.4,
      16.7,
      13.8,
      9.2,
      8.9,
      14.4,
      0.0,
      5.0,
      9.4,
      3.7,
      4.4,
      5.0,
      14.8,
      6.8,
      9.9,
      8.7,
      6.6,
      12.5,
      13.3,
      14.5,
      17.4,
      7.5,
      48.1,
      5.0,
      7.1,
      3.7,
      13.8,
      8.3,
      11.9,
      23.4
    ],
    [
      0.75,
      14.4,
      5.1,
      7.5,
      9.6,
      6.6,
      6.3,
      40.3,
      10.1,
      13.4,
      8.4,
      16.1,
      5.4,
      5.2,
      10.5,
      8.0,
      5.1,
      10.9,
      5.6,
      5.3,
      1.6,
      13.0,
      12.8,
      5.5,
      7.6,
      10.6,
      5.0,
      0.0,
      7.9,
      3.6,
      3.4,
      0.15,
      14.0,
      5.8,
      6.9,
      9.3,
      7.3,
      11.4,
      10.3,
      13.4,
      16.3,
      6.5,
      47.0,
      3.4,
      7.7,
      3.6,
      15.7,
      7.4,
      10.9,
      24.8
    ],
    [
      6.6,
      11.2,
      3.3,
      1.3,
      5.6,
      4.4,
      0.35,
      36.2,
      6.0,
      9.3,
      4.3,
      12.0,
      3.2,
      10.7,
      10.6,
      5.6,
      3.2,
      6.8,
      11.0,
      1.4,
      7.9,
      8.9,
      12.7,
      8.3,
      1.2,
      6.6,
      9.4,
      7.9,
      0.0,
      5.2,
      4.6,
      6.5,
      8.6,
      1.0,
      0.8,
      5.4,
      3.4,
      3.4,
      10.9,
      8.0,
      10.9,
      1.0,
      41.6,
      4.7,
      3.8,
      5.2,
      7.2,
      1.3,
      5.5,
      23.6
    ],
    [
      3.1,
      13.1,
      4.4,
      5.6,
      7.1,
      5.4,
      5.0,
      42.8,
      7.5,
      15.9,
      11.0,
      18.6,
      4.2,
      4.6,
      13.0,
      7.1,
      4.0,
      13.4,
      8.1,
      7.8,
      3.9,
      10.4,
      11.5,
      8.0,
      5.7,
      13.2,
      3.7,
      3.6,
      5.2,
      0.0,
      0.8,
      3.4,
      9.6,
      3.7,
      5.8,
      6.3,
      4.3,
      7.3,
      11.7,
      12.9,
      10.7,
      4.3,
      41.4,
      3.5,
      4.7,
      0.019,
      8.1,
      5.1,
      10.4,
      25.9
    ],
    [
      3.0,
      13.8,
      3.8,
      5.0,
      6.5,
      4.8,
      4.4,
      42.7,
      6.9,
      15.8,
      10.8,
      12.7,
      3.6,
      4.5,
      12.9,
      6.5,
      3.4,
      9.1,
      8.0,
      7.7,
      3.8,
      9.8,
      12.2,
      7.9,
      5.0,
      13.1,
      4.4,
      3.4,
      4.6,
      0.8,
      0.0,
      2.7,
      8.7,
      2.7,
      5.0,
      6.2,
      4.1,
      5.7,
      11.0,
      12.2,
      9.8,
      3.4,
      40.5,
      2.7,
      4.6,
      0.8,
      7.9,
      4.4,
      9.6,
      25.2
    ],
    [
      0.55,
      14.4,
      5.1,
      7.6,
      9.6,
      6.6,
      6.3,
      40.3,
      10.1,
      13.4,
      8.4,
      16.1,
      5.4,
      5.2,
      10.5,
      8.0,
      5.2,
      10.9,
      5.6,
      5.3,
      1.1,
      13.0,
      12.8,
      5.5,
      7.6,
      10.6,
      5.0,
      0.15,
      6.5,
      3.4,
      2.7,
      0.0,
      13.8,
      5.9,
      6.8,
      9.4,
      7.3,
      11.2,
      10.2,
      13.2,
      16.1,
      6.6,
      46.8,
      3.3,
      7.8,
      3.7,
      15.5,
      7.3,
      10.7,
      24.9
    ],
    [
      10.5,
      14.9,
      6.7,
      6.7,
      4.9,
      7.5,
      8.1,
      30.7,
      5.7,
      6.7,
      4.0,
      6.5,
      7.1,
      14.9,
      17.8,
      5.8,
      6.7,
      1.4,
      14.8,
      7.4,
      12.1,
      5.5,
      10.1,
      13.2,
      6.4,
      2.5,
      14.8,
      14.0,
      8.6,
      9.6,
      8.7,
      13.8,
      0.0,
      7.1,
      9.0,
      10.2,
      9.0,
      5.1,
      16.0,
      3.4,
      4.1,
      7.1,
      35.8,
      10.3,
      8.5,
      14.2,
      8.1,
      7.6,
      3.5,
      22.8
    ],
    [
      5.4,
      9.7,
      0.9,
      3.4,
      3.7,
      2.9,
      0.8,
      34.1,
      4.1,
      7.2,
      5.6,
      9.9,
      1.6,
      6.9,
      15.3,
      0.8,
      0.6,
      6.3,
      10.4,
      6.2,
      6.2,
      6.8,
      10.8,
      10.3,
      1.0,
      6.0,
      6.8,
      5.8,
      1.0,
      3.7,
      2.7,
      5.9,
      7.1,
      0.0,
      3.5,
      4.8,
      2.7,
      4.3,
      12.8,
      7.9,
      8.3,
      0.044,
      39.0,
      4.5,
      3.2,
      4.0,
      6.5,
      0.5,
      6.5,
      22.9
    ],
    [
      5.7,
      11.0,
      3.1,
      1.9,
      7.0,
      4.2,
      0.7,
      37.7,
      7.5,
      10.8,
      5.8,
      13.5,
      2.9,
      9.7,
      9.6,
      5.9,
      2.9,
      8.3,
      10.0,
      2.7,
      6.9,
      7.4,
      14.2,
      7.3,
      1.9,
      8.0,
      9.9,
      6.9,
      0.8,
      5.8,
      5.0,
      6.8,
      9.0,
      3.5,
      0.0,
      7.1,
      5.0,
      3.2,
      10.6,
      7.8,
      10.7,
      1.4,
      41.4,
      4.4,
      5.5,
      6.8,
      10.1,
      3.0,
      5.2,
      25.2
    ],
    [
      8.9,
      7.1,
      4.6,
      5.8,
      8.0,
      3.5,
      5.2,
      34.9,
      8.4,
      6.4,
      9.8,
      10.7,
      4.4,
      13.4,
      14.2,
      5.5,
      4.2,
      10.4,
      16.9,
      7.3,
      9.7,
      5.9,
      5.0,
      11.9,
      6.1,
      6.8,
      8.7,
      9.3,
      5.4,
      6.3,
      6.2,
      9.4,
      10.2,
      4.8,
      7.1,
      0.0,
      4.1,
      5.5,
      19.3,
      11.8,
      8.3,
      6.0,
      39.0,
      8.5,
      3.0,
      7.2,
      4.7,
      6.0,
      10.3,
      16.0
    ],
    [
      6.8,
      8.1,
      0.016,
      1.2,
      4.9,
      0.35,
      3.2,
      35.2,
      5.4,
      7.1,
      7.3,
      11.0,
      0.005,
      8.3,
      12.1,
      0.55,
      0.85,
      8.3,
      12.5,
      5.2,
      7.6,
      6.0,
      9.3,
      9.9,
      1.0,
      9.5,
      6.6,
      7.3,
      3.4,
      4.3,
      4.1,
      7.3,
      9.0,
      2.7,
      5.0,
      4.1,
      0.0,
      3.4,
      13.7,
      7.8,
      8.6,
      0.9,
      39.3,
      5.4,
      1.5,
      4.2,
      6.2,
      3.1,
      6.3,
      22.6
    ],
    [
      8.2,
      14.6,
      3.8,
      4.5,
      0.039,
      4.4,
      3.3,
      33.7,
      0.7,
      6.9,
      1.9,
      9.5,
      4.1,
      12.2,
      15.5,
      2.8,
      3.7,
      3.9,
      12.6,
      3.1,
      9.5,
      6.5,
      10.3,
      10.5,
      2.0,
      4.1,
      12.5,
      11.4,
      3.4,
      7.3,
      5.7,
      11.2,
      5.1,
      4.3,
      3.2,
      5.5,
      3.4,
      0.0,
      14.1,
      4.0,
      7.6,
      3.7,
      38.3,
      7.9,
      3.2,
      7.1,
      7.0,
      4.3,
      2.5,
      22.3
    ],
    [
      9.0,
      22.7,
      13.4,
      11.9,
      14.0,
      14.2,
      10.7,
      44.6,
      14.4,
      17.8,
      12.8,
      20.5,
      13.7,
      13.4,
      1.3,
      16.5,
      13.4,
      15.2,
      9.4,
      9.7,
      10.3,
      17.4,
      21.2,
      7.0,
      12.0,
      15.0,
      13.3,
      10.3,
      10.9,
      11.7,
      11.0,
      10.2,
      16.0,
      12.8,
      10.6,
      19.3,
      13.7,
      14.1,
      0.0,
      12.1,
      17.2,
      13.4,
      46.4,
      11.6,
      12.7,
      14.7,
      16.6,
      10.2,
      11.7,
      35.9
    ],
    [
      10.2,
      15.4,
      7.4,
      9.1,
      3.9,
      10.0,
      7.8,
      34.2,
      4.4,
      7.7,
      2.7,
      10.4,
      7.8,
      14.3,
      17.6,
      6.5,
      7.4,
      2.5,
      14.6,
      6.8,
      11.5,
      7.3,
      11.1,
      12.6,
      5.7,
      5.0,
      14.5,
      13.4,
      8.0,
      12.9,
      12.2,
      13.2,
      3.4,
      7.9,
      7.8,
      11.8,
      7.8,
      4.0,
      12.1,
      0.0,
      8.3,
      7.1,
      38.6,
      8.6,
      8.1,
      12.4,
      7.6,
      7.0,
      1.5,
      23.0
    ],
    [
      13.1,
      14.0,
      7.9,
      7.6,
      7.6,
      9.5,
      10.7,
      28.8,
      8.0,
      6.3,
      6.8,
      4.6,
      8.6,
      17.2,
      20.5,
      6.9,
      7.8,
      5.2,
      17.5,
      9.7,
      14.4,
      3.9,
      9.7,
      15.5,
      7.3,
      4.4,
      17.4,
      16.3,
      10.9,
      10.7,
      9.8,
      16.1,
      4.1,
      8.3,
      10.7,
      8.3,
      8.6,
      7.6,
      17.2,
      8.3,
      0.0,
      7.6,
      34.9,
      12.4,
      6.7,
      16.3,
      6.2,
      8.1,
      6.6,
      21.5
    ],
    [
      6.0,
      9.4,
      0.9,
      0.75,
      3.7,
      2.6,
      0.8,
      34.1,
      4.1,
      7.3,
      5.7,
      10.0,
      0.9,
      7.6,
      15.9,
      0.75,
      1.4,
      6.4,
      11.1,
      6.4,
      6.9,
      6.8,
      10.5,
      10.9,
      0.9,
      6.0,
      7.5,
      6.5,
      1.0,
      4.3,
      3.4,
      6.6,
      7.1,
      0.044,
      1.4,
      6.0,
      0.9,
      3.7,
      13.4,
      7.1,
      7.6,
      0.0,
      39.0,
      4.5,
      3.2,
      4.0,
      6.5,
      0.5,
      6.5,
      22.9
    ],
    [
      43.8,
      44.6,
      38.5,
      38.3,
      38.2,
      40.2,
      41.4,
      4.4,
      38.7,
      37.0,
      37.5,
      29.8,
      39.3,
      47.9,
      51.1,
      37.6,
      38.5,
      36.8,
      48.2,
      40.4,
      45.1,
      34.0,
      40.4,
      46.1,
      37.9,
      35.7,
      48.1,
      47.0,
      41.6,
      41.4,
      40.5,
      46.8,
      35.8,
      39.0,
      41.4,
      39.0,
      39.3,
      38.3,
      46.4,
      38.6,
      34.9,
      39.0,
      0.0,
      43.8,
      38.0,
      47.6,
      37.6,
      39.5,
      37.9,
      46.4
    ],
    [
      1.2,
      14.4,
      5.1,
      5.7,
      7.8,
      6.6,
      4.5,
      39.0,
      8.3,
      12.1,
      7.1,
      14.8,
      5.4,
      5.6,
      11.9,
      8.0,
      5.2,
      9.5,
      7.4,
      4.6,
      3.4,
      11.7,
      12.8,
      6.9,
      5.8,
      9.3,
      5.0,
      3.4,
      4.7,
      3.5,
      2.7,
      3.3,
      10.3,
      4.5,
      4.4,
      8.5,
      5.4,
      7.9,
      11.6,
      8.6,
      12.4,
      4.5,
      43.8,
      0.0,
      7.4,
      4.2,
      10.7,
      3.7,
      9.8,
      25.4
    ],
    [
      7.3,
      8.6,
      3.0,
      4.2,
      3.1,
      1.9,
      3.6,
      33.2,
      3.6,
      5.0,
      6.6,
      9.0,
      1.5,
      8.8,
      12.6,
      1.0,
      2.6,
      7.2,
      13.0,
      5.7,
      8.1,
      4.0,
      6.4,
      10.3,
      2.6,
      5.0,
      7.1,
      7.7,
      3.8,
      4.7,
      4.6,
      7.8,
      8.5,
      3.2,
      5.5,
      3.0,
      1.5,
      3.2,
      12.7,
      8.1,
      6.7,
      3.2,
      38.0,
      7.4,
      0.0,
      6.4,
      4.3,
      2.9,
      5.5,
      22.4
    ],
    [
      3.1,
      13.1,
      4.4,
      5.6,
      7.1,
      5.4,
      5.0,
      42.8,
      7.5,
      14.4,
      11.0,
      18.6,
      4.2,
      4.6,
      13.0,
      7.1,
      4.0,
      13.4,
      8.2,
      7.8,
      4.0,
      10.4,
      11.5,
      8.0,
      5.6,
      13.2,
      3.7,
      3.6,
      5.2,
      0.019,
      0.8,
      3.7,
      14.2,
      4.0,
      6.8,
      7.2,
      4.2,
      7.1,
      14.7,
      12.4,
      16.3,
      4.0,
      47.6,
      4.2,
      6.4,
      0.0,
      8.1,
      5.1,
      10.4,
      25.9
    ],
    [
      12.5,
      9.8,
      6.3,
      5.4,
      6.9,
      5.3,
      7.0,
      32.7,
      7.4,
      2.1,
      6.2,
      8.6,
      6.2,
      15.2,
      19.8,
      4.5,
      5.9,
      6.8,
      18.7,
      9.1,
      13.8,
      0.45,
      5.5,
      14.8,
      5.1,
      4.6,
      13.8,
      15.7,
      7.2,
      8.1,
      7.9,
      15.5,
      8.1,
      6.5,
      10.1,
      4.7,
      6.2,
      7.0,
      16.6,
      7.6,
      6.2,
      6.5,
      37.6,
      10.7,
      4.3,
      8.1,
      0.0,
      7.3,
      6.3,
      19.1
    ],
    [
      6.2,
      11.5,
      3.3,
      2.1,
      4.2,
      4.9,
      0.95,
      34.7,
      4.6,
      8.0,
      5.6,
      10.5,
      3.1,
      10.2,
      10.1,
      4.1,
      0.7,
      6.9,
      10.5,
      3.2,
      7.4,
      6.9,
      9.3,
      7.8,
      2.1,
      7.8,
      8.3,
      7.4,
      1.3,
      5.1,
      4.4,
      7.3,
      7.6,
      0.5,
      3.0,
      6.0,
      3.1,
      4.3,
      10.2,
      7.0,
      8.1,
      0.5,
      39.5,
      3.7,
      2.9,
      5.1,
      7.3,
      0.0,
      6.5,
      24.2
    ],
    [
      7.7,
      13.9,
      6.0,
      6.5,
      2.5,
      7.4,
      5.3,
      33.1,
      2.9,
      6.3,
      0.24,
      8.9,
      6.3,
      11.7,
      15.0,
      5.0,
      5.9,
      2.5,
      12.0,
      4.3,
      8.9,
      5.8,
      9.7,
      10.0,
      4.2,
      3.5,
      11.9,
      10.9,
      5.5,
      10.4,
      9.6,
      10.7,
      3.5,
      6.5,
      5.2,
      10.3,
      6.3,
      2.5,
      11.7,
      1.5,
      6.6,
      6.5,
      37.9,
      9.8,
      5.5,
      10.4,
      6.3,
      6.5,
      0.0,
      21.5
    ],
    [
      24.3,
      14.3,
      22.8,
      24.0,
      22.3,
      21.7,
      23.4,
      41.6,
      22.7,
      18.1,
      21.5,
      19.7,
      22.6,
      24.9,
      34.2,
      23.3,
      22.4,
      22.1,
      28.5,
      24.4,
      25.6,
      19.8,
      12.9,
      29.2,
      24.1,
      19.9,
      23.4,
      24.8,
      23.6,
      25.9,
      25.2,
      24.9,
      22.8,
      22.9,
      25.2,
      16.0,
      22.6,
      22.3,
      35.9,
      23.0,
      21.5,
      22.9,
      46.4,
      25.4,
      22.4,
      25.9,
      19.1,
      24.2,
      21.5,
      0.0
    ]
  ],
  "drive_time_matrix": [
    [
      0.0,
      14.0,
      9.0,
      10.0,
      10.0,
      10.0,
      7.0,
      35.0,
      12.0,
      13.0,
      10.0,
      15.0,
      9.0,
      7.0,
      10.0,
      7.0,
      8.0,
      14.0,
      10.0,
      8.0,
      12.0,
      14.0,
      12.0,
      8.0,
      11.0,
      11.0,
      6.0,
      3.0,
      11.0,
      5.0,
      4.0,
      7.0,
      14.0,
      9.0,
      8.0,
      13.0,
      9.0,
      10.0,
      9.0,
      12.0,
      14.0,
      8.0,
      39.0,
      15.0,
      8.0,
      5.0,
      14.0,
      9.0,
      10.0,
      21.0
    ],
    [
      14.0,
      0.0,
      9.0,
      11.0,
      12.0,
      10.0,
      10.0,
      33.0,
      12.0,
      6.0,
      11.0,
      13.0,
      8.0,
      11.0,
      18.0,
      10.0,
      12.0,
      13.0,
      18.0,
      12.0,
      13.0,
      9.0,
      6.0,
      16.0,
      12.0,
      10.0,
      12.0,
      12.0,
      13.0,
      11.0,
      11.0,
      12.0,
      13.0,
      11.0,
      12.0,
      8.0,
      8.0,
      12.0,
      17.0,
      13.0,
      11.0,
      10.0,
      36.0,
      12.0,
      8.0,
      11.0,
      8.0,
      12.0,
      12.0,
      14.0
    ],
    [
      9.0,
      9.0,
      0.0,
      17.0,
      6.0,
      5.0,
      4.0,
      32.0,
      7.0,
      10.0,
      9.0,
      12.0,
      1.0,
      10.0,
      14.0,
      6.0,
      5.0,
      11.0,
      13.0,
      5.0,
      9.0,
      9.0,
      11.0,
      11.0,
      15.0,
      8.0,
      10.0,
      8.0,
      6.0,
      7.0,
      6.0,
      8.0,
      11.0,
      12.0,
      5.0,
      8.0,
      1.0,
      6.0,
      12.0,
      10.0,
      10.0,
      11.0,
      35.0,
      7.0,
      23.0,
      7.0,
      9.0,
      6.0,
      10.0,
      22.0
    ],
    [
      10.0,
      11.0,
      17.0,
      0.0,
      8.0,
      22.0,
      18.0,
      33.0,
      6.0,
      12.0,
      10.0,
      13.0,
      18.0,
      11.0,
      13.0,
      3.0,
      18.0,
      12.0,
      13.0,
      5.0,
      12.0,
      11.0,
      13.0,
      12.0,
      7.0,
      10.0,
      13.0,
      10.0,
      19.0,
      9.0,
      8.0,
      10.0,
      13.0,
      7.0,
      5.0,
      10.0,
      18.0,
      7.0,
      12.0,
      12.0,
      12.0,
      11.0,
      36.0,
      9.0,
      6.0,
      9.0,
      11.0,
      5.0,
      10.0,
      24.0
    ],
    [
      10.0,
      12.0,
      6.0,
      8.0,
      0.0,
      9.0,
      8.0,
      30.0,
      8.0,
      8.0,
      5.0,
      11.0,
      8.0,
      11.0,
      13.0,
      7.0,
      9.0,
      9.0,
      12.0,
      7.0,
      12.0,
      9.0,
      9.0,
      11.0,
      8.0,
      6.0,
      13.0,
      10.0,
      8.0,
      11.0,
      9.0,
      10.0,
      9.0,
      7.0,
      9.0,
      12.0,
      8.0,
      1.0,
      12.0,
      6.0,
      10.0,
      6.0,
      34.0,
      10.0,
      7.0,
      11.0,
      9.0,
      7.0,
      6.0,
      23.0
    ],
    [
      10.0,
      10.0,
      5.0,
      22.0,
      9.0,
      0.0,
      5.0,
      33.0,
      7.0,
      10.0,
      10.0,
      13.0,
      4.0,
      13.0,
      15.0,
      11.0,
      12.0,
      12.0,
      15.0,
      6.0,
      11.0,
      9.0,
      11.0,
      13.0,
      20.0,
      10.0,
      13.0,
      11.0,
      7.0,
      9.0,
      7.0,
      11.0,
      12.0,
      6.0,
      7.0,
      7.0,
      5.0,
      7.0,
      14.0,
      12.0,
      12.0,
      5.0,
      36.0,
      10.0,
      4.0,
      9.0,
      8.0,
      8.0,
      11.0,
      21.0
    ],
    [
      7.0,
      10.0,
      4.0,
      18.0,
      8.0,
      5.0,
      0.0,
      31.0,
      6.0,
      10.0,
      6.0,
      12.0,
      5.0,
      8.0,
      10.0,
      4.0,
      5.0,
      10.0,
      10.0,
      1.0,
      10.0,
      9.0,
      11.0,
      9.0,
      20.0,
      8.0,
      11.0,
      8.0,
      4.0,
      7.0,
      5.0,
      8.0,
      10.0,
      10.0,
      9.0,
      8.0,
      5.0,
      4.0,
      9.0,
      9.0,
      11.0,
      10.0,
      35.0,
      6.0,
      4.0,
      7.0,
      8.0,
      12.0,
      7.0,
      21.0
    ],
    [
      35.0,
      33.0,
      32.0,
      33.0,
      30.0,
      33.0,
      31.0,
      0.0,
      31.0,
      29.0,
      28.0,
      21.0,
      34.0,
      34.0,
      36.0,
      32.0,
      34.0,
      29.0,
      35.0,
      31.0,
      35.0,
      29.0,
      30.0,
      34.0,
      33.0,
      25.0,
      36.0,
      33.0,
      31.0,
      35.0,
      34.0,
      33.0,
      28.0,
      31.0,
      32.0,
      35.0,
      34.0,
      29.0,
      34.0,
      30.0,
      23.0,
      31.0,
      4.0,
      35.0,
      30.0,
      35.0,
      29.0,
      32.0,
      29.0,
      40.0
    ],
    [
      12.0,
      12.0,
      7.0,
      6.0,
      8.0,
      7.0,
      6.0,
      31.0,
      0.0,
      10.0,
      6.0,
      12.0,
      9.0,
      12.0,
      15.0,
      8.0,
      10.0,
      10.0,
      13.0,
      8.0,
      13.0,
      10.0,
      10.0,
      12.0,
      10.0,
      7.0,
      15.0,
      11.0,
      9.0,
      12.0,
      11.0,
      11.0,
      11.0,
      8.0,
      11.0,
      13.0,
      9.0,
      9.0,
      13.0,
      7.0,
      11.0,
      8.0,
      35.0,
      12.0,
      8.0,
      12.0,
      10.0,
      9.0,
      7.0,
      24.0
    ],
    [
      13.0,
      6.0,
      10.0,
      12.0,
      8.0,
      10.0,
      10.0,
      29.0,
      10.0,
      0.0,
      6.0,
      8.0,
      11.0,
      11.0,
      13.0,
      10.0,
      13.0,
      7.0,
      13.0,
      8.0,
      13.0,
      3.0,
      6.0,
      11.0,
      12.0,
      4.0,
      13.0,
      11.0,
      8.0,
      13.0,
      12.0,
      11.0,
      7.0,
      10.0,
      10.0,
      10.0,
      11.0,
      7.0,
      12.0,
      7.0,
      6.0,
      9.0,
      30.0,
      12.0,
      7.0,
      12.0,
      3.0,
      11.0,
      7.0,
      20.0
    ],
    [
      10.0,
      11.0,
      9.0,
      10.0,
      5.0,
      10.0,
      6.0,
      28.0,
      6.0,
      6.0,
      0.0,
      10.0,
      10.0,
      9.0,
      12.0,
      9.0,
      10.0,
      7.0,
      11.0,
      6.0,
      11.0,
      8.0,
      8.0,
      9.0,
      9.0,
      5.0,
      12.0,
      9.0,
      7.0,
      11.0,
      9.0,
      9.0,
      8.0,
      9.0,
      8.0,
      12.0,
      10.0,
      4.0,
      10.0,
      5.0,
      9.0,
      9.0,
      33.0,
      10.0,
      8.0,
      11.0,
      8.0,
      8.0,
      3.0,
      22.0
    ],
    [
      15.0,
      13.0,
      12.0,
      13.0,
      11.0,
      13.0,
      12.0,
      21.0,
      12.0,
      8.0,
      10.0,
      0.0,
      15.0,
      15.0,
      17.0,
      13.0,
      14.0,
      10.0,
      16.0,
      12.0,
      16.0,
      11.0,
      12.0,
      15.0,
      14.0,
      6.0,
      17.0,
      14.0,
      12.0,
      16.0,
      15.0,
      14.0,
      8.0,
      12.0,
      13.0,
      16.0,
      15.0,
      10.0,
      15.0,
      10.0,
      4.0,
      12.0,
      24.0,
      16.0,
      11.0,
      16.0,
      10.0,
      13.0,
      10.0,
      22.0
    ],
    [
      9.0,
      8.0,
      1.0,
      18.0,
      8.0,
      4.0,
      5.0,
      34.0,
      9.0,
      11.0,
      10.0,
      15.0,
      0.0,
      12.0,
      14.0,
      7.0,
      11.0,
      12.0,
      13.0,
      5.0,
      10.0,
      9.0,
      12.0,
      13.0,
      16.0,
      10.0,
      11.0,
      9.0,
      6.0,
      7.0,
      5.0,
      9.0,
      13.0,
      5.0,
      5.0,
      9.0,
      1.0,
      7.0,
      13.0,
      11.0,
      13.0,
      11.0,
      36.0,
      8.0,
      23.0,
      7.0,
      9.0,
      6.0,
      11.0,
      21.0
    ],
    [
      7.0,
      11.0,
      10.0,
      11.0,
      11.0,
      13.0,
      8.0,
      34.0,
      12.0,
      11.0,
      9.0,
      15.0,
      12.0,
      0.0,
      14.0,
      10.0,
      11.0,
      16.0,
      13.0,
      11.0,
      7.0,
      13.0,
      11.0,
      11.0,
      14.0,
      13.0,
      6.0,
      9.0,
      13.0,
      8.0,
      7.0,
      8.0,
      17.0,
      13.0,
      11.0,
      14.0,
      13.0,
      12.0,
      12.0,
      15.0,
      17.0,
      12.0,
      40.0,
      8.0,
      12.0,
      9.0,
      13.0,
      13.0,
      13.0,
      22.0
    ],
    [
      10.0,
      18.0,
      14.0,
      13.0,
      13.0,
      15.0,
      10.0,
      36.0,
      15.0,
      13.0,
      12.0,
      17.0,
      14.0,
      14.0,
      0.0,
      13.0,
      14.0,
      16.0,
      10.0,
      12.0,
      11.0,
      17.0,
      16.0,
      8.0,
      15.0,
      14.0,
      12.0,
      9.0,
      14.0,
      11.0,
      10.0,
      9.0,
      17.0,
      15.0,
      12.0,
      19.0,
      15.0,
      13.0,
      16.0,
      15.0,
      17.0,
      15.0,
      40.0,
      12.0,
      14.0,
      11.0,
      16.0,
      14.0,
      13.0,
      26.0
    ],
    [
      7.0,
      10.0,
      6.0,
      3.0,
      7.0,
      11.0,
      4.0,
      32.0,
      8.0,
      10.0,
      9.0,
      13.0,
      7.0,
      10.0,
      13.0,
      0.0,
      8.0,
      10.0,
      15.0,
      7.0,
      12.0,
      8.0,
      10.0,
      14.0,
      10.0,
      7.0,
      13.0,
      11.0,
      9.0,
      9.0,
      8.0,
      12.0,
      11.0,
      10.0,
      7.0,
      9.0,
      7.0,
      5.0,
      15.0,
      9.0,
      9.0,
      9.0,
      33.0,
      11.0,
      16.0,
      9.0,
      7.0,
      7.0,
      8.0,
      22.0
    ],
    [
      8.0,
      12.0,
      5.0,
      18.0,
      9.0,
      12.0,
      5.0,
      34.0,
      10.0,
      13.0,
      10.0,
      14.0,
      11.0,
      11.0,
      14.0,
      8.0,
      0.0,
      11.0,
      13.0,
      5.0,
      9.0,
      9.0,
      11.0,
      12.0,
      22.0,
      8.0,
      10.0,
      9.0,
      7.0,
      6.0,
      5.0,
      9.0,
      12.0,
      8.0,
      5.0,
      9.0,
      12.0,
      6.0,
      12.0,
      10.0,
      10.0,
      3.0,
      35.0,
      8.0,
      3.0,
      6.0,
      8.0,
      10.0,
      9.0,
      21.0
    ],
    [
      14.0,
      13.0,
      11.0,
      12.0,
      9.0,
      12.0,
      10.0,
      29.0,
      10.0,
      7.0,
      7.0,
      10.0,
      12.0,
      16.0,
      16.0,
      10.0,
      11.0,
      0.0,
      15.0,
      11.0,
      15.0,
      11.0,
      10.0,
      14.0,
      13.0,
      7.0,
      16.0,
      13.0,
      13.0,
      15.0,
      14.0,
      13.0,
      4.0,
      11.0,
      12.0,
      14.0,
      14.0,
      7.0,
      14.0,
      5.0,
      8.0,
      11.0,
      34.0,
      14.0,
      11.0,
      15.0,
      10.0,
      13.0,
      5.0,
      24.0
    ],
    [
      10.0,
      18.0,
      13.0,
      13.0,
      12.0,
      15.0,
      10.0,
      35.0,
      13.0,
      13.0,
      11.0,
      16.0,
      13.0,
      13.0,
      10.0,
