{
  "drive_dist_matrix": [
    [
      0.0,
      3.0,
      5.9,
      6.3,
      4.1,
      3.1,
      27.3,
      26.8,
      6.7,
      4.6,
      23.3,
      1.4,
      4.7,
      6.7,
      5.0,
      6.3,
      4.1,
      6.7,
      19.8,
      5.0,
      4.7,
      26.7,
      48.2,
      2.7,
      15.5,
      2.8,
      15.9,
      18.0,
      19.0,
      17.7,
      27.8,
      0.35,
      19.4,
      15.1,
      37.2,
      84.6,
      26.4,
      9.5,
      5.7,
      22.4,
      102.0,
      21.4,
      5.9,
      84.8,
      96.2,
      75.7,
      5.1,
      91.7,
      80.5
    ],
    [
      3.0,
      0.0,
      7.6,
      3.5,
      6.4,
      4.7,
      24.5,
      26.5,
      4.3,
      6.2,
      23.3,
      1.7,
      7.0,
      4.3,
      6.7,
      3.5,
      5.8,
      3.9,
      18.6,
      6.6,
      6.4,
      26.4,
      45.4,
      2.4,
      14.5,
      3.2,
      13.1,
      16.8,
      17.6,
      17.6,
      27.5,
      3.0,
      18.2,
      15.1,
      36.9,
      84.3,
      25.4,
      9.2,
      7.3,
      22.1,
      101.0,
      21.1,
      5.4,
      84.5,
      95.1,
      74.6,
      4.5,
      90.6,
      80.2
    ],
    [
      5.9,
      7.6,
      0.0,
      10.3,
      3.3,
      2.9,
      31.4,
      23.9,
      10.7,
      1.9,
      22.0,
      8.5,
      1.3,
      10.7,
      0.7,
      10.3,
      2.4,
      10.8,
      16.0,
      0.75,
      1.4,
      23.8,
      74.4,
      7.8,
      20.5,
      7.5,
      19.9,
      14.2,
      24.9,
      16.4,
      28.4,
      5.7,
      15.6,
      13.8,
      37.8,
      85.3,
      31.4,
      6.7,
      0.9,
      19.5,
      107.0,
      22.1,
      11.8,
      85.5,
      101.0,
      80.7,
      10.2,
      96.7,
      81.1
    ],
    [
      6.3,
      3.5,
      10.3,
      0.0,
      9.2,
      7.3,
      21.1,
      28.1,
      1.3,
      8.8,
      26.8,
      5.2,
      9.0,
      1.1,
      9.3,
      0.047,
      8.4,
      1.1,
      20.2,
      9.2,
      8.9,
      28.0,
      41.9,
      5.9,
      16.8,
      6.8,
      9.7,
      18.4,
      14.2,
      21.2,
      31.0,
      6.2,
      19.8,
      18.6,
      40.4,
      87.9,
      27.7,
      10.8,
      9.9,
      23.7,
      103.0,
      24.7,
      7.7,
      88.1,
      97.5,
      77.0,
      7.3,
      92.9,
      83.7
    ],
    [
      4.1,
      6.4,
      3.3,
      9.2,
      0.0,
      2.5,
      29.9,
      27.3,
      9.2,
      2.6,
      22.1,
      4.4,
      1.8,
      9.3,
      3.9,
      8.9,
      3.3,
      9.3,
      19.3,
      3.9,
      3.6,
      27.1,
      71.4,
      4.7,
      17.5,
      4.4,
      18.5,
      17.5,
      21.8,
      16.5,
      25.5,
      3.9,
      19.0,
      13.9,
      34.9,
      82.3,
      28.4,
      10.0,
      4.1,
      22.8,
      104.0,
      19.1,
      8.7,
      82.5,
      98.1,
      77.6,
      7.2,
      93.6,
      78.2
    ],
    [
      3.1,
      4.7,
      2.9,
      7.3,
      2.5,
      0.0,
      28.7,
      25.7,
      8.1,
      1.5,
      23.5,
      3.7,
      2.3,
      8.1,
      2.4,
      7.7,
      2.0,
      8.1,
      17.8,
      2.3,
      2.1,
      25.6,
      49.6,
      4.5,
      17.3,
      4.2,
      17.3,
      16.0,
      21.9,
      17.9,
      27.9,
      3.1,
      17.4,
      15.3,
      37.3,
      84.8,
      28.2,
      8.5,
      3.0,
      21.3,
      104.0,
      21.6,
      8.1,
      85.0,
      97.9,
      77.4,
      7.0,
      93.4,
      80.6
    ],
    [
      27.3,
      24.5,
      31.4,
      21.1,
      29.9,
      28.7,
      0.0,
      49.2,
      21.0,
      29.8,
      47.9,
      26.3,
      30.6,
      20.9,
      30.3,
      21.0,
      29.4,
      20.8,
      41.2,
      30.2,
      30.0,
      49.0,
      21.3,
      27.0,
      37.4,
      27.8,
      11.4,
      39.4,
      2.6,
      42.2,
      52.1,
      27.3,
      40.8,
      39.7,
      61.4,
      109.0,
      48.3,
      31.9,
      30.9,
      44.7,
      72.9,
      45.7,
      28.3,
      109.0,
      67.0,
      46.5,
      27.9,
      62.5,
      101.0
    ],
    [
      26.8,
      26.5,
      23.9,
      28.1,
      27.3,
      25.7,
      49.2,
      0.0,
      28.5,
      24.9,
      45.7,
      26.9,
      24.9,
      28.6,
      23.8,
      28.1,
      24.0,
      28.6,
      10.4,
      23.8,
      24.4,
      0.6,
      70.0,
      28.1,
      40.4,
      28.6,
      37.8,
      19.9,
      42.2,
      40.1,
      52.1,
      26.5,
      21.3,
      37.5,
      61.5,
      109.0,
      51.3,
      18.0,
      23.9,
      4.4,
      117.0,
      45.7,
      31.3,
      109.0,
      121.0,
      101.0,
      30.4,
      116.0,
      105.0
    ],
    [
      6.7,
      4.3,
      10.7,
      1.3,
      9.2,
      8.1,
      21.0,
      28.5,
      0.0,
      9.6,
      27.2,
      5.6,
      10.3,
      0.11,
      10.0,
      1.2,
      9.1,
      0.25,
      20.9,
      10.0,
      9.7,
      28.8,
      41.9,
      6.3,
      16.5,
      7.1,
      9.6,
      19.2,
      14.1,
      21.5,
      31.3,
      7.0,
      20.6,
      18.9,
      40.7,
      88.1,
      27.4,
      11.6,
      10.7,
      24.5,
      103.0,
      24.9,
      7.4,
      88.3,
      97.1,
      76.6,
      6.9,
      92.6,
      84.0
    ],
    [
      4.6,
      6.2,
      1.9,
      8.8,
      2.6,
      1.5,
      29.8,
      24.9,
      9.6,
      0.0,
      23.1,
      5.5,
      0.85,
      9.9,
      1.1,
      9.5,
      1.6,
      10.0,
      16.5,
      1.0,
      0.3,
      24.3,
      51.4,
      6.0,
      18.8,
      5.7,
      19.2,
      14.7,
      23.6,
      17.5,
      29.5,
      4.9,
      16.1,
      14.9,
      38.9,
      86.3,
      29.7,
      7.2,
      1.3,
      20.0,
      105.0,
      23.1,
      10.0,
      86.5,
      99.5,
      79.0,
      8.5,
      95.0,
      82.2
    ],
    [
      23.3,
      23.3,
      22.0,
      26.8,
      22.1,
      23.5,
      47.9,
      45.7,
      27.2,
      23.1,
      0.0,
      22.4,
      22.6,
      27.9,
      22.8,
      27.1,
      24.4,
      27.5,
      38.0,
      22.8,
      23.4,
      45.8,
      90.0,
      21.7,
      36.1,
      21.4,
      36.7,
      36.2,
      40.7,
      12.6,
      20.0,
      24.8,
      37.6,
      8.4,
      27.1,
      84.0,
      47.0,
      28.6,
      22.7,
      41.5,
      123.0,
      14.4,
      25.8,
      84.2,
      117.0,
      96.3,
      25.8,
      112.0,
      79.9
    ],
    [
      1.4,
      1.7,
      8.5,
      5.2,
      4.4,
      3.7,
      26.3,
      26.9,
      5.6,
      5.5,
      22.4,
      0.0,
      5.3,
      6.0,
      6.2,
      5.2,
      5.4,
      5.6,
      18.7,
      6.2,
      5.9,
      26.5,
      68.0,
      1.2,
      14.1,
      2.1,
      14.8,
      16.9,
      17.5,
      16.5,
      26.6,
      1.3,
      18.3,
      13.9,
      36.0,
      83.4,
      25.0,
      9.4,
      6.9,
      22.2,
      101.0,
      20.2,
      4.5,
      83.6,
      94.7,
      74.2,
      3.6,
      90.2,
      79.3
    ],
    [
      4.7,
      7.0,
      1.3,
      9.0,
      1.8,
      2.3,
      30.6,
      24.9,
      10.3,
      0.85,
      22.6,
      5.3,
      0.0,
      9.4,
      1.8,
      9.0,
      2.0,
      9.5,
      16.9,
      1.7,
      1.5,
      24.7,
      72.6,
      5.9,
      18.7,
      5.6,
      18.7,
      15.1,
      23.0,
      16.3,
      26.7,
      5.2,
      16.5,
      13.7,
      36.1,
      83.5,
      29.6,
      7.6,
      1.6,
      20.4,
      105.0,
      20.3,
      9.9,
      83.7,
      99.3,
      78.8,
      8.4,
      94.8,
      79.4
    ],
    [
      6.7,
      4.3,
      10.7,
      1.1,
      9.3,
      8.1,
      20.9,
      28.6,
      0.11,
      9.9,
      27.9,
      6.0,
      9.4,
      0.0,
      10.1,
      1.1,
      9.2,
      0.14,
      21.0,
      10.0,
      9.7,
      28.8,
      41.8,
      6.3,
      16.5,
      7.1,
      9.5,
      19.2,
      14.0,
      21.6,
      31.3,
      7.1,
      20.6,
      19.0,
      40.7,
      88.1,
      27.4,
      11.6,
      10.7,
      24.5,
      103.0,
      25.0,
      7.4,
      88.4,
      97.2,
      76.7,
      7.0,
      92.6,
      84.0
    ],
    [
      5.0,
      6.7,
      0.7,
      9.3,
      3.9,
      2.4,
      30.3,
      23.8,
      10.0,
      1.1,
      22.8,
      6.2,
      1.8,
      10.1,
      0.0,
      10.1,
      1.9,
      10.6,
      15.4,
      0.067,
      1.0,
      23.2,
      52.1,
      8.2,
      21.0,
      7.9,
      19.8,
      13.6,
      24.3,
      16.9,
      28.9,
      5.8,
      15.1,
      14.3,
      38.3,
      85.7,
      31.9,
      6.1,
      0.65,
      19.0,
      108.0,
      22.5,
      12.3,
      85.9,
      102.0,
      81.2,
      10.7,
      97.1,
      81.6
    ],
    [
      6.3,
      3.5,
      10.3,
      0.047,
      8.9,
      7.7,
      21.0,
      28.1,
      1.2,
      9.5,
      27.1,
      5.2,
      9.0,
      1.1,
      10.1,
      0.0,
      8.4,
      1.0,
      20.2,
      9.2,
      8.9,
      28.0,
      41.9,
      5.9,
      16.8,
      6.8,
      9.6,
      18.4,
      14.1,
      21.2,
      31.0,
      6.2,
      19.8,
      18.6,
      40.4,
      87.9,
      27.7,
      10.8,
      9.9,
      23.7,
      103.0,
      24.7,
      7.7,
      88.1,
      97.5,
      77.0,
      7.3,
      92.9,
      83.7
    ],
    [
      4.1,
      5.8,
      2.4,
      8.4,
      3.3,
      2.0,
      29.4,
      24.0,
      9.1,
      1.6,
      24.4,
      5.4,
      2.0,
      9.2,
      1.9,
      8.4,
      0.0,
      9.0,
      16.0,
      1.6,
      1.0,
      23.8,
      50.4,
      6.6,
      19.3,
      6.3,
      18.2,
      14.2,
      22.6,
      18.5,
      30.5,
      4.2,
      15.6,
      15.9,
      39.9,
      87.4,
      30.2,
      6.6,
      2.3,
      19.5,
      106.0,
      24.2,
      9.8,
      87.6,
      100.0,
      79.5,
      9.0,
      95.4,
      80.9
    ],
    [
      6.7,
      3.9,
      10.8,
      1.1,
      9.3,
      8.1,
      20.8,
      28.6,
      0.25,
      10.0,
      27.5,
      5.6,
      9.5,
      0.14,
      10.6,
      1.0,
      9.0,
      0.0,
      21.2,
      10.2,
      10.0,
      29.0,
      41.7,
      6.9,
      16.6,
      7.8,
      9.5,
      19.4,
      13.9,
      21.6,
      31.5,
      7.3,
      20.8,
      19.6,
      40.8,
      88.3,
      27.5,
      11.9,
      10.9,
      24.7,
      103.0,
      25.1,
      7.6,
      88.5,
      97.3,
      76.8,
      7.1,
      92.8,
      84.2
    ],
    [
      19.8,
      18.6,
      16.0,
      20.2,
      19.3,
      17.8,
      41.2,
      10.4,
      20.9,
      16.5,
      38.0,
      18.7,
      16.9,
      21.0,
      15.4,
      20.2,
      16.0,
      21.2,
      0.0,
      16.0,
      16.6,
      10.7,
      62.3,
      20.3,
      32.6,
      20.9,
      30.0,
      12.1,
      34.5,
      32.3,
      44.3,
      18.8,
      13.6,
      29.7,
      53.7,
      101.0,
      43.5,
      10.2,
      16.1,
      6.4,
      109.0,
      38.0,
      23.5,
      101.0,
      113.0,
      92.8,
      22.6,
      109.0,
      97.0
    ],
    [
      5.0,
      6.6,
      0.75,
      9.2,
      3.9,
      2.3,
      30.2,
      23.8,
      10.0,
      1.0,
      22.8,
      6.2,
      1.7,
      10.0,
      0.067,
      9.2,
      1.6,
      10.2,
      16.0,
      0.0,
      0.85,
      23.3,
      52.1,
      8.3,
      21.1,
      8.0,
      19.6,
      13.7,
      24.4,
      16.9,
      28.9,
      5.9,
      15.1,
      14.4,
      38.3,
      85.8,
      32.0,
      6.2,
      0.7,
      19.0,
      108.0,
      22.6,
      10.4,
      86.0,
      102.0,
      81.2,
      10.8,
      97.2,
      81.6
    ],
    [
      4.7,
      6.4,
      1.4,
      8.9,
      3.6,
      2.1,
      30.0,
      24.4,
      9.7,
      0.3,
      23.4,
      5.9,
      1.5,
      9.7,
      1.0,
      8.9,
      1.0,
      10.0,
      16.6,
      0.85,
      0.0,
      24.2,
      50.8,
      5.7,
      18.5,
      5.4,
      18.6,
      14.6,
      23.0,
      17.8,
      27.5,
      4.3,
      16.0,
      15.2,
      36.9,
      86.6,
      29.4,
      7.0,
      1.6,
      19.9,
      105.0,
      23.5,
      9.4,
      86.9,
      99.1,
      78.6,
      8.2,
      94.6,
      80.2
    ],
    [
      26.7,
      26.4,
      23.8,
      28.0,
      27.1,
      25.6,
      49.0,
      0.6,
      28.8,
      24.3,
      45.8,
      26.5,
      24.7,
      28.8,
      23.2,
      28.0,
      23.8,
      29.0,
      10.7,
      23.3,
      24.2,
      0.0,
      69.9,
      28.0,
      40.2,
      28.5,
      37.6,
      19.7,
      42.1,
      39.9,
      51.9,
      26.4,
      21.2,
      37.4,
      61.3,
      109.0,
      51.1,
      17.8,
      23.7,
      4.3,
      117.0,
      45.6,
      31.1,
      109.0,
      121.0,
      100.0,
      30.2,
      116.0,
      105.0
    ],
    [
      48.2,
      45.4,
      74.4,
      41.9,
      71.4,
      49.6,
      21.3,
      70.0,
      41.9,
      51.4,
      90.0,
      68.0,
      72.6,
      41.8,
      52.1,
      41.9,
      50.4,
      41.7,
      62.3,
      52.1,
      50.8,
      69.9,
      0.0,
      67.5,
      62.3,
      67.2,
      32.2,
      60.3,
      23.7,
      79.7,
      89.5,
      48.1,
      61.7,
      80.2,
      98.9,
      84.2,
      42.9,
      52.7,
      51.8,
      65.6,
      51.6,
      83.2,
      64.0,
      84.0,
      45.7,
      25.2,
      64.9,
      41.2,
      79.4
    ],
    [
      2.7,
      2.4,
      7.8,
      5.9,
      4.7,
      4.5,
      27.0,
      28.1,
      6.3,
      6.0,
      21.7,
      1.2,
      5.9,
      6.3,
      8.2,
      5.9,
      6.6,
      6.9,
      20.3,
      8.3,
      5.7,
      28.0,
      67.5,
      0.0,
      15.2,
      0.35,
      15.9,
      17.9,
      18.6,
      16.8,
      26.9,
      1.5,
      19.3,
      14.2,
      36.3,
      83.8,
      26.1,
      10.4,
      6.5,
      23.2,
      102.0,
      20.6,
      5.6,
      84.0,
      95.9,
      75.4,
      4.7,
      91.3,
      79.6
    ],
    [
      15.5,
      14.5,
      20.5,
      16.8,
      17.5,
      17.3,
      37.4,
      40.4,
      16.5,
      18.8,
      36.1,
      14.1,
      18.7,
      16.5,
      21.0,
      16.8,
      19.3,
      16.6,
      32.6,
      21.1,
      18.5,
      40.2,
      62.3,
      15.2,
      0.0,
      13.3,
      26.0,
      30.6,
      21.6,
      25.9,
      35.7,
      15.2,
      32.1,
      26.3,
      45.1,
      92.5,
      19.3,
      23.1,
      20.7,
      36.0,
      95.0,
      29.4,
      10.1,
      92.8,
      89.1,
      68.6,
      11.1,
      84.5,
      88.4
    ],
    [
      2.8,
      3.2,
      7.5,
      6.8,
      4.4,
      4.2,
      27.8,
      28.6,
      7.1,
      5.7,
      21.4,
      2.1,
      5.6,
      7.1,
      7.9,
      6.8,
      6.3,
      7.8,
      20.9,
      8.0,
      5.4,
      28.5,
      67.2,
      0.35,
      13.3,
      0.0,
      16.3,
      18.2,
      18.2,
      15.6,
      26.1,
      1.9,
      19.7,
      13.0,
      35.5,
      82.9,
      24.7,
      10.7,
      6.8,
      23.6,
      100.0,
      19.7,
      5.1,
      83.1,
      94.5,
      74.0,
      3.5,
      90.0,
      78.8
    ],
    [
      15.9,
      13.1,
      19.9,
      9.7,
      18.5,
      17.3,
      11.4,
      37.8,
      9.6,
      19.2,
      36.7,
      14.8,
      18.7,
      9.5,
      19.8,
      9.6,
      18.2,
      9.5,
      30.0,
      19.6,
      18.6,
      37.6,
      32.2,
      15.9,
      26.0,
      16.3,
      0.0,
      28.0,
      16.5,
      30.9,
      40.7,
      15.9,
      29.5,
      28.3,
      50.1,
      97.5,
      36.9,
      20.5,
      19.5,
      33.4,
      83.8,
      34.3,
      17.0,
      97.7,
      77.9,
      57.4,
      16.5,
      73.4,
      93.4
    ],
    [
      18.0,
      16.8,
      14.2,
      18.4,
      17.5,
      16.0,
      39.4,
      19.9,
      19.2,
      14.7,
      36.2,
      16.9,
      15.1,
      19.2,
      13.6,
      18.4,
      14.2,
      19.4,
      12.1,
      13.7,
      14.6,
      19.7,
      60.3,
      17.9,
      30.6,
      18.2,
      28.0,
      0.0,
      32.5,
      30.3,
      42.3,
      16.7,
      2.0,
      27.7,
      51.7,
      99.1,
      41.5,
      8.2,
      14.1,
      15.3,
      97.7,
      36.0,
      21.5,
      99.3,
      111.0,
      90.7,
      20.6,
      107.0,
      95.0
    ],
    [
      19.0,
      17.6,
      24.9,
      14.2,
      21.8,
      21.9,
      2.6,
      42.2,
      14.1,
      23.6,
      40.7,
      17.5,
      23.0,
      14.0,
      24.3,
      14.1,
      22.6,
      13.9,
      34.5,
      24.4,
      23.0,
      42.1,
      23.7,
      18.6,
      21.6,
      18.2,
      16.5,
      32.5,
      0.0,
      30.5,
      40.3,
      20.3,
      33.9,
      32.7,
      49.7,
      97.1,
      32.8,
      24.9,
      24.0,
      37.8,
      75.3,
      34.0,
      14.7,
      97.4,
      69.4,
      48.9,
      15.7,
      64.9,
      93.0
    ],
    [
      17.7,
      17.6,
      16.4,
      21.2,
      16.5,
      17.9,
      42.2,
      40.1,
      21.5,
      17.5,
      12.6,
      16.5,
      16.3,
      21.6,
      16.9,
      21.2,
      18.5,
      21.6,
      32.3,
      16.9,
      17.8,
      39.9,
      79.7,
      16.8,
      25.9,
      15.6,
      30.9,
      30.3,
      30.5,
      0.0,
      15.6,
      18.9,
      31.7,
      5.6,
      25.0,
      73.9,
      36.9,
      22.7,
      16.8,
      35.6,
      113.0,
      10.2,
      18.3,
      74.1,
      107.0,
      86.2,
      15.7,
      102.0,
      69.8
    ],
    [
      27.8,
      27.5,
      28.4,
      31.0,
      25.5,
      27.9,
      52.1,
      52.1,
      31.3,
      29.5,
      20.0,
      26.6,
      26.7,
      31.3,
      28.9,
      31.0,
      30.5,
      31.5,
      44.3,
      28.9,
      27.5,
      51.9,
      89.5,
      26.9,
      35.7,
      26.1,
      40.7,
      42.3,
      40.3,
      15.6,
      0.0,
      29.1,
      45.5,
      14.8,
      15.9,
      72.3,
      46.5,
      36.5,
      30.6,
      49.4,
      122.0,
      5.9,
      27.9,
      72.5,
      116.0,
      95.8,
      25.3,
      112.0,
      68.1
    ],
    [
      0.35,
      3.0,
      5.7,
      6.2,
      3.9,
      3.1,
      27.3,
      26.5,
      7.0,
      4.9,
      24.8,
      1.3,
      5.2,
      7.1,
      5.8,
      6.2,
      4.2,
      7.3,
      18.8,
      5.9,
      4.3,
      26.4,
      48.1,
      1.5,
      15.2,
      1.9,
      15.9,
      16.7,
      20.3,
      18.9,
      29.1,
      0.0,
      18.5,
      15.1,
      37.2,
      84.6,
      26.2,
      9.5,
      5.7,
      22.4,
      102.0,
      21.4,
      5.7,
      84.8,
      96.0,
      75.5,
      4.9,
      91.5,
      80.5
    ],
    [
      19.4,
      18.2,
      15.6,
      19.8,
      19.0,
      17.4,
      40.8,
      21.3,
      20.6,
      16.1,
      37.6,
      18.3,
      16.5,
      20.6,
      15.1,
      19.8,
      15.6,
      20.8,
      13.6,
      15.1,
      16.0,
      21.2,
      61.7,
      19.3,
      32.1,
      19.7,
      29.5,
      2.0,
      33.9,
      31.7,
      45.5,
      18.5,
      0.0,
      29.3,
      53.2,
      101.0,
      43.0,
      9.7,
      15.6,
      16.8,
      96.3,
      37.5,
      23.0,
      101.0,
      113.0,
      92.3,
      22.1,
      108.0,
      96.6
    ],
    [
      15.1,
      15.1,
      13.8,
      18.6,
      13.9,
      15.3,
      39.7,
      37.5,
      18.9,
      14.9,
      8.4,
      13.9,
      13.7,
      19.0,
      14.3,
      18.6,
      15.9,
      19.6,
      29.7,
      14.4,
      15.2,
      37.4,
      80.2,
      14.2,
      26.3,
      13.0,
      28.3,
      27.7,
      32.7,
      5.6,
      14.8,
      15.1,
      29.3,
      0.0,
      22.0,
      78.0,
      37.0,
      20.2,
      14.3,
      33.1,
      113.0,
      9.9,
      17.4,
      78.2,
      107.0,
      86.3,
      15.8,
      102.0,
      73.9
    ],
    [
      37.2,
      36.9,
      37.8,
      40.4,
      34.9,
      37.3,
      61.4,
      61.5,
      40.7,
      38.9,
      27.1,
      36.0,
      36.1,
      40.7,
      38.3,
      40.4,
      39.9,
      40.8,
      53.7,
      38.3,
      36.9,
      61.3,
      98.9,
      36.3,
      45.1,
      35.5,
      50.1,
      51.7,
      49.7,
      25.0,
      15.9,
      37.2,
      53.2,
      22.0,
      0.0,
      74.0,
      57.2,
      46.6,
      40.7,
      59.4,
      133.0,
      13.2,
      38.0,
      74.2,
      127.0,
      106.0,
      35.4,
      121.0,
      70.2
    ],
    [
      84.6,
      84.3,
      85.3,
      87.9,
      82.3,
      84.8,
      109.0,
      109.0,
      88.1,
      86.3,
      84.0,
      83.4,
      83.5,
      88.1,
      85.7,
      87.9,
      87.4,
      88.3,
      101.0,
      85.8,
      86.6,
      109.0,
      84.2,
      83.8,
      92.5,
      82.9,
      97.5,
      99.1,
      97.1,
      73.9,
      72.3,
      84.6,
      101.0,
      78.0,
      74.0,
      0.0,
      72.2,
      91.4,
      85.5,
      104.0,
      117.0,
      68.0,
      84.6,
      0.26,
      111.0,
      90.4,
      82.0,
      106.0,
      13.2
    ],
    [
      26.4,
      25.4,
      31.4,
      27.7,
      28.4,
      28.2,
      48.3,
      51.3,
      27.4,
      29.7,
      47.0,
      25.0,
      29.6,
      27.4,
      31.9,
      27.7,
      30.2,
      27.5,
      43.5,
      32.0,
      29.4,
      51.1,
      42.9,
      26.1,
      19.3,
      24.7,
      36.9,
      41.5,
      32.8,
      36.9,
      46.5,
      26.2,
      43.0,
      37.0,
      57.2,
      72.2,
      0.0,
      34.0,
      31.4,
      46.9,
      75.7,
      40.3,
      21.0,
      71.9,
      69.8,
      49.3,
      22.0,
      65.2,
      67.3
    ],
    [
      9.5,
      9.2,
      6.7,
      10.8,
      10.0,
      8.5,
      31.9,
      18.0,
      11.6,
      7.2,
      28.6,
      9.4,
      7.6,
      11.6,
      6.1,
      10.8,
      6.6,
      11.9,
      10.2,
      6.2,
      7.0,
      17.8,
      52.7,
      10.4,
      23.1,
      10.7,
      20.5,
      8.2,
      24.9,
      22.7,
      36.5,
      9.5,
      9.7,
      20.2,
      46.6,
      91.4,
      34.0,
      0.0,
      12.0,
      13.2,
      105.0,
      33.9,
      19.4,
      97.3,
      109.0,
      88.7,
      18.5,
      105.0,
      93.0
    ],
    [
      5.7,
      7.3,
      0.9,
      9.9,
      4.1,
      3.0,
      30.9,
      23.9,
      10.7,
      1.3,
      22.7,
      6.9,
      1.6,
      10.7,
      0.65,
      9.9,
      2.3,
      10.9,
      16.1,
      0.7,
      1.6,
      23.7,
      51.8,
      6.5,
      20.7,
      6.8,
      19.5,
      14.1,
      24.0,
      16.8,
      30.6,
      5.7,
      15.6,
      14.3,
      40.7,
      85.5,
      31.4,
      12.0,
      0.0,
      19.5,
      107.0,
      22.3,
      12.0,
      85.7,
      101.0,
      80.9,
      10.5,
      96.9,
      81.3
    ],
    [
      22.4,
      22.1,
      19.5,
      23.7,
      22.8,
      21.3,
      44.7,
      4.4,
      24.5,
      20.0,
      41.5,
      22.2,
      20.4,
      24.5,
      19.0,
      23.7,
      19.5,
      24.7,
      6.4,
      19.0,
      19.9,
      4.3,
      65.6,
      23.2,
      36.0,
      23.6,
      33.4,
      15.3,
      37.8,
      35.6,
      49.4,
      22.4,
      16.8,
      33.1,
      59.4,
      104.0,
      46.9,
      13.2,
      19.5,
      0.0,
      113.0,
      41.3,
      26.9,
      105.0,
      117.0,
      96.1,
      26.0,
      112.0,
      100.0
    ],
    [
      102.0,
      101.0,
      107.0,
      103.0,
      104.0,
      104.0,
      72.9,
      117.0,
      103.0,
      105.0,
      123.0,
      101.0,
      105.0,
      103.0,
      108.0,
      103.0,
      106.0,
      103.0,
      109.0,
      108.0,
      105.0,
      117.0,
      51.6,
      102.0,
      95.0,
      100.0,
      83.8,
      97.7,
      75.3,
      113.0,
      122.0,
      102.0,
      96.3,
      113.0,
      133.0,
      117.0,
      75.7,
      105.0,
      107.0,
      113.0,
      0.0,
      116.0,
      96.6,
      117.0,
      18.0,
      26.4,
      97.6,
      10.5,
      112.0
    ],
    [
      21.4,
      21.1,
      22.1,
      24.7,
      19.1,
      21.6,
      45.7,
      45.7,
      24.9,
      23.1,
      14.4,
      20.2,
      20.3,
      25.0,
      22.5,
      24.7,
      24.2,
      25.1,
      38.0,
      22.6,
      23.5,
      45.6,
      83.2,
      20.6,
      29.4,
      19.7,
      34.3,
      36.0,
      34.0,
      10.2,
      5.9,
      21.4,
      37.5,
      9.9,
      13.2,
      68.0,
      40.3,
      33.9,
      22.3,
      41.3,
      116.0,
      0.0,
      21.5,
      68.1,
      110.0,
      89.4,
      18.9,
      105.0,
      63.7
    ],
    [
      5.9,
      5.4,
      11.8,
      7.7,
      8.7,
      8.1,
      28.3,
      31.3,
      7.4,
      10.0,
      25.8,
      4.5,
      9.9,
      7.4,
      12.3,
      7.7,
      9.8,
      7.6,
      23.5,
      10.4,
      9.4,
      31.1,
      64.0,
      5.6,
      10.1,
      5.1,
      17.0,
      21.5,
      14.7,
      18.3,
      27.9,
      5.7,
      23.0,
      17.4,
      38.0,
      84.6,
      21.0,
      19.4,
      12.0,
      26.9,
      96.6,
      21.5,
      0.0,
      82.6,
      91.9,
      71.4,
      0.35,
      87.4,
      78.3
    ],
    [
      84.8,
      84.5,
      85.5,
      88.1,
      82.5,
      85.0,
      109.0,
      109.0,
      88.3,
      86.5,
      84.2,
      83.6,
      83.7,
      88.4,
      85.9,
      88.1,
      87.6,
      88.5,
      101.0,
      86.0,
      86.9,
      109.0,
      84.0,
      84.0,
      92.8,
      83.1,
      97.7,
      99.3,
      97.4,
      74.1,
      72.5,
      84.8,
      101.0,
      78.2,
      74.2,
      0.26,
      71.9,
      97.3,
      85.7,
      105.0,
      117.0,
      68.1,
      82.6,
      0.0,
      111.0,
      90.2,
      82.2,
      106.0,
      13.0
    ],
    [
      96.2,
      95.1,
      101.0,
      97.5,
      98.1,
      97.9,
      67.0,
      121.0,
      97.1,
      99.5,
      117.0,
      94.7,
      99.3,
      97.2,
      102.0,
      97.5,
      100.0,
      97.3,
      113.0,
      102.0,
      99.1,
      121.0,
      45.7,
      95.9,
      89.1,
      94.5,
      77.9,
      111.0,
      69.4,
      107.0,
      116.0,
      96.0,
      113.0,
      107.0,
      127.0,
      111.0,
      69.8,
      109.0,
      101.0,
      117.0,
      18.0,
      110.0,
      91.9,
      111.0,
      0.0,
      20.6,
      91.8,
      7.5,
      106.0
    ],
    [
      75.7,
      74.6,
      80.7,
      77.0,
      77.6,
      77.4,
      46.5,
      101.0,
      76.6,
      79.0,
      96.3,
      74.2,
      78.8,
      76.7,
      81.2,
      77.0,
      79.5,
      76.8,
      92.8,
      81.2,
      78.6,
      100.0,
      25.2,
      75.4,
      68.6,
      74.0,
      57.4,
      90.7,
      48.9,
      86.2,
      95.8,
      75.5,
      92.3,
      86.3,
      106.0,
      90.4,
      49.3,
      88.7,
      80.9,
      96.1,
      26.4,
      89.4,
      71.4,
      90.2,
      20.6,
      0.0,
      71.2,
      16.0,
      85.7
    ],
    [
      5.1,
      4.5,
      10.2,
      7.3,
      7.2,
      7.0,
      27.9,
      30.4,
      6.9,
      8.5,
      25.8,
      3.6,
      8.4,
      7.0,
      10.7,
      7.3,
      9.0,
      7.1,
      22.6,
      10.8,
      8.2,
      30.2,
      64.9,
      4.7,
      11.1,
      3.5,
      16.5,
      20.6,
      15.7,
      15.7,
      25.3,
      4.9,
      22.1,
      15.8,
      35.4,
      82.0,
      22.0,
      18.5,
      10.5,
      26.0,
      97.6,
      18.9,
      0.35,
      82.2,
      91.8,
      71.2,
      0.0,
      86.5,
      78.7
    ],
    [
      91.7,
      90.6,
      96.7,
      92.9,
      93.6,
      93.4,
      62.5,
      116.0,
      92.6,
      95.0,
      112.0,
      90.2,
      94.8,
      92.6,
      97.1,
      92.9,
      95.4,
      92.8,
      109.0,
      97.2,
      94.6,
      116.0,
      41.2,
      91.3,
      84.5,
      90.0,
      73.4,
      107.0,
      64.9,
      102.0,
      112.0,
      91.5,
      108.0,
      102.0,
      121.0,
      106.0,
      65.2,
      105.0,
      96.9,
      112.0,
      10.5,
      105.0,
      87.4,
      106.0,
      7.5,
      16.0,
      86.5,
      0.0,
      102.0
    ],
    [
      80.5,
      80.2,
      81.1,
      83.7,
      78.2,
      80.6,
      101.0,
      105.0,
      84.0,
      82.2,
      79.9,
      79.3,
      79.4,
      84.0,
      81.6,
      83.7,
      80.9,
      84.2,
      97.0,
      81.6,
      80.2,
      105.0,
      79.4,
      79.6,
      88.4,
      78.8,
      93.4,
      95.0,
      93.0,
      69.8,
      68.1,
      80.5,
      96.6,
      73.9,
      70.2,
      13.2,
      67.3,
      93.0,
      81.3,
      100.0,
      112.0,
      63.7,
      78.3,
      13.0,
      106.0,
      85.7,
      78.7,
      102.0,
      0.0
    ]
  ],
  "drive_time_matrix": [
    [
      0.0,
      6.0,
      11.0,
      12.0,
      9.0,
      6.0,
      60.0,
      31.0,
      13.0,
      8.0,
      30.0,
      3.0,
      10.0,
      13.0,
      9.0,
      12.0,
      7.0,
      14.0,
      24.0,
      9.0,
      9.0,
      32.0,
      104.0,
      7.0,
      32.0,
      7.0,
      33.0,
      25.0,
      47.0,
      25.0,
      32.0,
      4.0,
      27.0,
      20.0,
      45.0,
      69.0,
      41.0,
      14.0,
      10.0,
      26.0,
      142.0,
      29.0,
      12.0,
      69.0,
      136.0,
      104.0,
      11.0,
      126.0,
      92.0
    ],
    [
      6.0,
      0.0,
      13.0,
      6.0,
      13.0,
      8.0,
      55.0,
      30.0,
      8.0,
      10.0,
      30.0,
      3.0,
      14.0,
      8.0,
      11.0,
      5.0,
      9.0,
      8.0,
      24.0,
      11.0,
      11.0,
      31.0,
      99.0,
      5.0,
      30.0,
      7.0,
      28.0,
      24.0,
      42.0,
      25.0,
      31.0,
      6.0,
      26.0,
      20.0,
      45.0,
      68.0,
      39.0,
      13.0,
      12.0,
      25.0,
      140.0,
      28.0,
      10.0,
      68.0,
      134.0,
      102.0,
      9.0,
      124.0,
      91.0
    ],
    [
      11.0,
      13.0,
      0.0,
      19.0,
      6.0,
      7.0,
      67.0,
      27.0,
      21.0,
      6.0,
      26.0,
      14.0,
      5.0,
      21.0,
      9.0,
      19.0,
      6.0,
      21.0,
      20.0,
      10.0,
      4.0,
      27.0,
      109.0,
      13.0,
      39.0,
      13.0,
      40.0,
      20.0,
      58.0,
      21.0,
      31.0,
      12.0,
      22.0,
      16.0,
      45.0,
      67.0,
      48.0,
      10.0,
      3.0,
      22.0,
      149.0,
      27.0,
      20.0,
      67.0,
      143.0,
      110.0,
      17.0,
      133.0,
      90.0
    ],
    [
      12.0,
      6.0,
      19.0,
      0.0,
      16.0,
      11.0,
      46.0,
      31.0,
      4.0,
      14.0,
      35.0,
      9.0,
      17.0,
      3.0,
      14.0,
      1.0,
      12.0,
      13.0,
      25.0,
      14.0,
      14.0,
      32.0,
      94.0,
      11.0,
      34.0,
      13.0,
      22.0,
      26.0,
      37.0,
      30.0,
      37.0,
      11.0,
      28.0,
      26.0,
      50.0,
      74.0,
      43.0,
      15.0,
      15.0,
      27.0,
      144.0,
      34.0,
      14.0,
      74.0,
      138.0,
      105.0,
      14.0,
      128.0,
      97.0
    ],
    [
      9.0,
      13.0,
      6.0,
      16.0,
      0.0,
      6.0,
      66.0,
      31.0,
      19.0,
      6.0,
      26.0,
      9.0,
      7.0,
      19.0,
      8.0,
      17.0,
      7.0,
      19.0,
      24.0,
      8.0,
      8.0,
      31.0,
      106.0,
      10.0,
      36.0,
      10.0,
      38.0,
      26.0,
      56.0,
      21.0,
      29.0,
      8.0,
      28.0,
      17.0,
      43.0,
      66.0,
      45.0,
      15.0,
      8.0,
      26.0,
      147.0,
      26.0,
      17.0,
      66.0,
      140.0,
      108.0,
      14.0,
      130.0,
      90.0
    ],
    [
      6.0,
      8.0,
      7.0,
      11.0,
      6.0,
      0.0,
      62.0,
      28.0,
      15.0,
      3.0,
      30.0,
      8.0,
      6.0,
      15.0,
      4.0,
      14.0,
      3.0,
      16.0,
      21.0,
      4.0,
      4.0,
      28.0,
      107.0,
      10.0,
      35.0,
      10.0,
      35.0,
      22.0,
      50.0,
      25.0,
      34.0,
      6.0,
      23.0,
      20.0,
      47.0,
      70.0,
      45.0,
      11.0,
      5.0,
      22.0,
      147.0,
      30.0,
      16.0,
      70.0,
      141.0,
      108.0,
      14.0,
      130.0,
      93.0
    ],
    [
      60.0,
      55.0,
      67.0,
      46.0,
      66.0,
      62.0,
      0.0,
      79.0,
      44.0,
      61.0,
      83.0,
      56.0,
      64.0,
      44.0,
      61.0,
      45.0,
      59.0,
      44.0,
      72.0,
      61.0,
      61.0,
      79.0,
      44.0,
      59.0,
      82.0,
      61.0,
      26.0,
      74.0,
      16.0,
      78.0,
      85.0,
      58.0,
      76.0,
      74.0,
      99.0,
      121.0,
      92.0,
      63.0,
      64.0,
      74.0,
      120.0,
      81.0,
      62.0,
      121.0,
      113.0,
      81.0,
      62.0,
      103.0,
      147.0
    ],
    [
      31.0,
      30.0,
      27.0,
      31.0,
      31.0,
      28.0,
      79.0,
      0.0,
      37.0,
      29.0,
      49.0,
      33.0,
      30.0,
      37.0,
      26.0,
      35.0,
      26.0,
      37.0,
      13.0,
      26.0,
      27.0,
      7.0,
      128.0,
      36.0,
      62.0,
      37.0,
      57.0,
      24.0,
      73.0,
      44.0,
      54.0,
      32.0,
      27.0,
      40.0,
      68.0,
      89.0,
      71.0,
      19.0,
      25.0,
      6.0,
      174.0,
      50.0,
      42.0,
      90.0,
      168.0,
      134.0,
      40.0,
      158.0,
      113.0
    ],
    [
      13.0,
      8.0,
      21.0,
      4.0,
      19.0,
      15.0,
      44.0,
      37.0,
      0.0,
      16.0,
      39.0,
      12.0,
      19.0,
      1.0,
      16.0,
      3.0,
      14.0,
      3.0,
      26.0,
      16.0,
      16.0,
      34.0,
      93.0,
      15.0,
      34.0,
      16.0,
      22.0,
      28.0,
      37.0,
      34.0,
      40.0,
      13.0,
      30.0,
      30.0,
      55.0,
      76.0,
      43.0,
      17.0,
      17.0,
      28.0,
      147.0,
      36.0,
      14.0,
      76.0,
      139.0,
      106.0,
      15.0,
      129.0,
      100.0
    ],
    [
      8.0,
      10.0,
      6.0,
      14.0,
      6.0,
      3.0,
      61.0,
      29.0,
      16.0,
      0.0,
      28.0,
      12.0,
      10.0,
      19.0,
      4.0,
      18.0,
      5.0,
      20.0,
      20.0,
      9.0,
      4.0,
      27.0,
      111.0,
      15.0,
      41.0,
      14.0,
      39.0,
      21.0,
      56.0,
      23.0,
      33.0,
      10.0,
      24.0,
      18.0,
      47.0,
      69.0,
      50.0,
      10.0,
      4.0,
      22.0,
      154.0,
      30.0,
      20.0,
      69.0,
      146.0,
      112.0,
      18.0,
      136.0,
      93.0
    ],
    [
      30.0,
      30.0,
      26.0,
      35.0,
      26.0,
      30.0,
      83.0,
      49.0,
      39.0,
      28.0,
      0.0,
      30.0,
      28.0,
      40.0,
      28.0,
      38.0,
      30.0,
      40.0,
      44.0,
      28.0,
      28.0,
      51.0,
      125.0,
      29.0,
      55.0,
      28.0,
      60.0,
      45.0,
      74.0,
      18.0,
      28.0,
      31.0,
      46.0,
      11.0,
      41.0,
      66.0,
      65.0,
      34.0,
      27.0,
      45.0,
      168.0,
      21.0,
      36.0,
      66.0,
      162.0,
      128.0,
      33.0,
      152.0,
      90.0
    ],
    [
      3.0,
      3.0,
      14.0,
      9.0,
      9.0,
      8.0,
      56.0,
      33.0,
      12.0,
      12.0,
      30.0,
      0.0,
      12.0,
      11.0,
      11.0,
      10.0,
      9.0,
      12.0,
      23.0,
      11.0,
      10.0,
      30.0,
      100.0,
      4.0,
      30.0,
      5.0,
      32.0,
      25.0,
      44.0,
      24.0,
      30.0,
      3.0,
      28.0,
      19.0,
      45.0,
      66.0,
      39.0,
      14.0,
      12.0,
      25.0,
      143.0,
      27.0,
      9.0,
      66.0,
      136.0,
      102.0,
      8.0,
      126.0,
      90.0
    ],
    [
      10.0,
      14.0,
      5.0,
      17.0,
      7.0,
      6.0,
      64.0,
      30.0,
      19.0,
      10.0,
      28.0,
      12.0,
      0.0,
      22.0,
      6.0,
      20.0,
      7.0,
      22.0,
      22.0,
      6.0,
      6.0,
      29.0,
      109.0,
      12.0,
      39.0,
      12.0,
      41.0,
      24.0,
      57.0,
      22.0,
      32.0,
      12.0,
      26.0,
      17.0,
      46.0,
      68.0,
      48.0,
      12.0,
      5.0,
      23.0,
      152.0,
      29.0,
      20.0,
      68.0,
      145.0,
      111.0,
      17.0,
      136.0,
      91.0
    ],
    [
      13.0,
      8.0,
      21.0,
      3.0,
      19.0,
      15.0,
      44.0,
      37.0,
      1.0,
      19.0,
      40.0,
      11.0,
      22.0,
      0.0,
      17.0,
      3.0,
      15.0,
      2.0,
      27.0,
      16.0,
      16.0,
      34.0,
      93.0,
      14.0,
      34.0,
      16.0,
      22.0,
      29.0,
      37.0,
      34.0,
      40.0,
      13.0,
      31.0,
      29.0,
      54.0,
      76.0,
      43.0,
      17.0,
      18.0,
      29.0,
      148.0,
      36.0,
      14.0,
      76.0,
      140.0,
      106.0,
      14.0,
      131.0,
      99.0
    ],
    [
      9.0,
      11.0,
      9.0,
      14.0,
      8.0,
      4.0,
      61.0,
      26.0,
      16.0,
      4.0,
      28.0,
      11.0,
      6.0,
      17.0,
      0.0,
      18.0,
      4.0,
      20.0,
      17.0,
      1.0,
      3.0,
      24.0,
      111.0,
      14.0,
      41.0,
      14.0,
      40.0,
      18.0,
      57.0,
      21.0,
      31.0,
      10.0,
      21.0,
      17.0,
      45.0,
      66.0,
      50.0,
      7.0,
      8.0,
      18.0,
      154.0,
      27.0,
      22.0,
      66.0,
      147.0,
      113.0,
      18.0,
      137.0,
      90.0
    ],
    [
      12.0,
      5.0,
      19.0,
      1.0,
      17.0,
      14.0,
      45.0,
      35.0,
      3.0,
      18.0,
      38.0,
      10.0,
      20.0,
      3.0,
      18.0,
      0.0,
      12.0,
      12.0,
      24.0,
      14.0,
      14.0,
      32.0,
      94.0,
      12.0,
      35.0,
      14.0,
      22.0,
      26.0,
      37.0,
      32.0,
      38.0,
      11.0,
      29.0,
      27.0,
      53.0,
      74.0,
      44.0,
      15.0,
      16.0,
      26.0,
      148.0,
      35.0,
      14.0,
      74.0,
      142.0,
      108.0,
      14.0,
      132.0,
      98.0
    ],
    [
      7.0,
      9.0,
      6.0,
      12.0,
      7.0,
      3.0,
      59.0,
      26.0,
      14.0,
      5.0,
      30.0,
      9.0,
      7.0,
      15.0,
      4.0,
      12.0,
      0.0,
      17.0,
      18.0,
      4.0,
      5.0,
      25.0,
      109.0,
      13.0,
      40.0,
      13.0,
      37.0,
      19.0,
      54.0,
      25.0,
      34.0,
      7.0,
      22.0,
      20.0,
      49.0,
      70.0,
      49.0,
      9.0,
      5.0,
      20.0,
      154.0,
      32.0,
      18.0,
      71.0,
      146.0,
      113.0,
      17.0,
      137.0,
      96.0
    ],
    [
      14.0,
      8.0,
      21.0,
      13.0,
      19.0,
      16.0,
      44.0,
      37.0,
      3.0,
      20.0,
      40.0,
      12.0,
      22.0,
      2.0,
      20.0,
      12.0,
      17.0,
      0.0,
      27.0,
      17.0,
      17.0,
      34.0,
      93.0,
      15.0,
      35.0,
      17.0,
      22.0,
      29.0,
      37.0,
      36.0,
      41.0,
      13.0,
      32.0,
      31.0,
      55.0,
      77.0,
      44.0,
      18.0,
      19.0,
      29.0,
      149.0,
      38.0,
      15.0,
      77.0,
      142.0,
      109.0,
      14.0,
      132.0,
      100.0
    ],
    [
      24.0,
      24.0,
      20.0,
      25.0,
      24.0,
      21.0,
      72.0,
      13.0,
      26.0,
      20.0,
      44.0,
      23.0,
