{
  "drive_dist_matrix": [
    [
      0.0,
      3.2,
      4.9,
      2.0,
      5.4,
      5.6,
      3.7,
      5.0,
      13.8,
      3.1,
      9.0,
      3.2,
      5.8,
      2.7,
      2.7,
      14.8,
      5.9,
      4.7,
      5.7
    ],
    [
      3.2,
      0.0,
      0.55,
      0.55,
      7.1,
      7.3,
      4.9,
      10.0,
      14.3,
      4.4,
      9.5,
      4.4,
      9.0,
      4.5,
      4.5,
      14.1,
      6.5,
      6.4,
      7.4
    ],
    [
      4.9,
      0.55,
      0.0,
      0.8,
      10.2,
      10.5,
      7.2,
      11.4,
      15.0,
      6.7,
      10.9,
      6.8,
      13.7,
      5.0,
      5.0,
      13.8,
      11.6,
      9.5,
      12.3
    ],
    [
      2.0,
      0.55,
      0.8,
      0.0,
      6.2,
      6.4,
      4.3,
      5.9,
      15.4,
      3.8,
      11.3,
      3.9,
      6.8,
      3.5,
      3.6,
      14.2,
      5.9,
      9.9,
      6.8
    ],
    [
      5.4,
      7.1,
      10.2,
      6.2,
      0.0,
      1.0,
      2.4,
      1.0,
      14.7,
      2.7,
      4.1,
      2.6,
      5.4,
      3.3,
      3.2,
      19.5,
      1.1,
      0.65,
      5.5
    ],
    [
      5.6,
      7.3,
      10.5,
      6.4,
      1.0,
      0.0,
      5.2,
      1.0,
      14.3,
      3.1,
      3.7,
      5.0,
      6.5,
      5.7,
      5.6,
      19.1,
      1.1,
      0.85,
      1.1
    ],
    [
      3.7,
      4.9,
      7.2,
      4.3,
      2.4,
      5.2,
      0.0,
      4.1,
      13.2,
      0.6,
      4.9,
      0.5,
      3.9,
      0.55,
      0.65,
      14.6,
      1.5,
      2.3,
      3.7
    ],
    [
      5.0,
      10.0,
      11.4,
      5.9,
      1.0,
      1.0,
      4.1,
      0.0,
      13.9,
      2.3,
      3.4,
      2.3,
      4.2,
      2.9,
      2.8,
      18.8,
      1.1,
      2.4,
      4.7
    ],
    [
      13.8,
      14.3,
      15.0,
      15.4,
      14.7,
      14.3,
      13.2,
      13.9,
      0.0,
      13.5,
      17.1,
      14.8,
      20.2,
      15.0,
      15.8,
      10.8,
      18.1,
      16.0,
      18.8
    ],
    [
      3.1,
      4.4,
      6.7,
      3.8,
      2.7,
      3.1,
      0.6,
      2.3,
      13.5,
      0.0,
      4.1,
      0.059,
      3.8,
      1.7,
      0.45,
      14.6,
      1.3,
      1.8,
      2.9
    ],
    [
      9.0,
      9.5,
      10.9,
      11.3,
      4.1,
      3.7,
      4.9,
      3.4,
      17.1,
      4.1,
      0.0,
      5.3,
      6.9,
      6.0,
      5.9,
      20.1,
      4.8,
      3.7,
      5.2
    ],
    [
      3.2,
      4.4,
      6.8,
      3.9,
      2.6,
      5.0,
      0.5,
      2.3,
      14.8,
      0.059,
      5.3,
      0.0,
      3.8,
      0.95,
      0.5,
      14.7,
      1.3,
      1.8,
      3.0
    ],
    [
      5.8,
      9.0,
      13.7,
      6.8,
      5.4,
      6.5,
      3.9,
      4.2,
      20.2,
      3.8,
      6.9,
      3.8,
      0.0,
      4.6,
      6.0,
      20.9,
      4.2,
      4.9,
      9.1
    ],
    [
      2.7,
      4.5,
      5.0,
      3.5,
      3.3,
      5.7,
      0.55,
      2.9,
      15.0,
      1.7,
      6.0,
      0.95,
      4.6,
      0.0,
      1.1,
      17.4,
      1.8,
      3.4,
      4.4
    ],
    [
      2.7,
      4.5,
      5.0,
      3.6,
      3.2,
      5.6,
      0.65,
      2.8,
      15.8,
      0.45,
      5.9,
      0.5,
      6.0,
      1.1,
      0.0,
      15.7,
      2.0,
      1.9,
      3.0
    ],
    [
      14.8,
      14.1,
      13.8,
      14.2,
      19.5,
      19.1,
      14.6,
      18.8,
      10.8,
      14.6,
      20.1,
      14.7,
      20.9,
      17.4,
      15.7,
      0.0,
      19.0,
      19.7,
      24.1
    ],
    [
      5.9,
      6.5,
      11.6,
      5.9,
      1.1,
      1.1,
      1.5,
      1.1,
      18.1,
      1.3,
      4.8,
      1.3,
      4.2,
      1.8,
      2.0,
      19.0,
      0.0,
      0.9,
      3.9
    ],
    [
      4.7,
      6.4,
      9.5,
      9.9,
      0.65,
      0.85,
      2.3,
      2.4,
      16.0,
      1.8,
      3.7,
      1.8,
      4.9,
      3.4,
      1.9,
      19.7,
      0.9,
      0.0,
      0.85
    ],
    [
      5.7,
      7.4,
      12.3,
      6.8,
      5.5,
      1.1,
      3.7,
      4.7,
      18.8,
      2.9,
      5.2,
      3.0,
      9.1,
      4.4,
      3.0,
      24.1,
      3.9,
      0.85,
      0.0
    ]
  ],
  "drive_time_matrix": [
    [
      0.0,
      12.0,
      10.0,
      7.0,
      17.0,
      18.0,
      12.0,
      15.0,
      22.0,
      10.0,
      14.0,
      10.0,
      17.0,
      10.0,
      8.0,
      20.0,
      14.0,
      13.0,
      16.0
    ],
    [
      12.0,
      0.0,
      7.0,
      7.0,
      20.0,
      20.0,
      15.0,
      16.0,
      23.0,
      13.0,
      15.0,
      13.0,
      20.0,
      14.0,
      13.0,
      19.0,
      16.0,
      16.0,
      18.0
    ],
    [
      10.0,
      7.0,
      0.0,
      10.0,
      18.0,
      19.0,
      18.0,
      15.0,
      20.0,
      14.0,
      14.0,
      14.0,
      21.0,
      15.0,
      14.0,
      17.0,
      16.0,
      14.0,
      17.0
    ],
    [
      7.0,
      7.0,
      10.0,
      0.0,
      19.0,
      19.0,
      14.0,
      12.0,
      20.0,
      11.0,
      14.0,
      11.0,
      15.0,
      11.0,
      10.0,
      17.0,
      14.0,
      14.0,
      16.0
    ],
    [
      17.0,
      20.0,
      18.0,
      19.0,
      0.0,
      11.0,
      29.0,
      13.0,
      20.0,
      7.0,
      7.0,
      7.0,
      13.0,
      11.0,
      11.0,
      24.0,
      13.0,
      8.0,
      11.0
    ],
    [
      18.0,
      20.0,
      19.0,
      19.0,
      11.0,
      0.0,
      12.0,
      14.0,
      21.0,
      12.0,
      8.0,
      10.0,
      15.0,
      15.0,
      14.0,
      24.0,
      14.0,
      11.0,
      15.0
    ],
    [
      12.0,
      15.0,
      18.0,
      14.0,
      29.0,
      12.0,
      0.0,
      8.0,
      22.0,
      7.0,
      10.0,
      6.0,
      14.0,
      7.0,
      8.0,
      23.0,
      19.0,
      29.0,
      11.0
    ],
    [
      15.0,
      16.0,
      15.0,
      12.0,
      13.0,
      14.0,
      8.0,
      0.0,
      17.0,
      3.0,
      4.0,
      3.0,
      7.0,
      7.0,
      6.0,
      20.0,
      15.0,
      4.0,
      7.0
    ],
    [
      22.0,
      23.0,
      20.0,
      20.0,
      20.0,
      21.0,
      22.0,
      17.0,
      0.0,
      23.0,
      16.0,
      21.0,
      25.0,
      27.0,
      25.0,
      11.0,
      21.0,
      19.0,
      23.0
    ],
    [
      10.0,
      13.0,
      14.0,
      11.0,
      7.0,
      12.0,
      7.0,
      3.0,
      23.0,
      0.0,
      6.0,
      1.0,
      7.0,
      5.0,
      6.0,
      20.0,
      3.0,
      23.0,
      7.0
    ],
    [
      14.0,
      15.0,
      14.0,
      14.0,
      7.0,
      8.0,
      10.0,
      4.0,
      16.0,
      6.0,
      0.0,
      7.0,
      10.0,
      11.0,
      10.0,
      18.0,
      6.0,
      5.0,
      8.0
    ],
    [
      10.0,
      13.0,
      14.0,
      11.0,
      7.0,
      10.0,
      6.0,
      3.0,
      21.0,
      1.0,
      7.0,
      0.0,
      7.0,
      12.0,
      7.0,
      20.0,
      17.0,
      24.0,
      6.0
    ],
    [
      17.0,
      20.0,
      21.0,
      15.0,
      13.0,
      15.0,
      14.0,
      7.0,
      25.0,
      7.0,
      10.0,
      7.0,
      0.0,
      12.0,
      13.0,
      27.0,
      12.0,
      13.0,
      15.0
    ],
    [
      10.0,
      14.0,
      15.0,
      11.0,
      11.0,
      15.0,
      7.0,
      7.0,
      27.0,
      5.0,
      11.0,
      12.0,
      12.0,
      0.0,
      13.0,
      22.0,
      24.0,
      8.0,
      10.0
    ],
    [
      8.0,
      13.0,
      14.0,
      10.0,
      11.0,
      14.0,
      8.0,
      6.0,
      25.0,
      6.0,
      10.0,
      7.0,
      13.0,
      13.0,
      0.0,
      22.0,
      5.0,
      5.0,
      7.0
    ],
    [
      20.0,
      19.0,
      17.0,
      17.0,
      24.0,
      24.0,
      23.0,
      20.0,
      11.0,
      20.0,
      18.0,
      20.0,
      27.0,
      22.0,
      22.0,
      0.0,
      22.0,
      23.0,
      23.0
    ],
    [
      14.0,
      16.0,
      16.0,
      14.0,
      13.0,
      14.0,
      19.0,
      15.0,
      21.0,
      3.0,
      6.0,
      17.0,
      12.0,
      24.0,
      5.0,
      22.0,
      0.0,
      12.0,
      10.0
    ],
    [
      13.0,
      16.0,
      14.0,
      14.0,
      8.0,
      11.0,
      29.0,
      4.0,
      19.0,
      23.0,
      5.0,
      24.0,
      13.0,
      8.0,
      5.0,
      23.0,
      12.0,
      0.0,
      11.0
    ],
    [
      16.0,
      18.0,
      17.0,
      16.0,
      11.0,
      15.0,
      11.0,
      7.0,
      23.0,
      7.0,
      8.0,
      6.0,
      15.0,
      10.0,
      7.0,
      23.0,
      10.0,
      11.0,
      0.0
    ]
  ],
  "transit_dist_walk_matrix": [
    [
      0.0,
      NaN,
      NaN,
      1.99992,
      2.91655,
      2.16658,
      1.41661,
      1.2499500000000001,
      1.8332600000000001,
      1.74993,
      1.74993,
      1.8332600000000001,
      2.58323,
      1.6666,
      1.49994,
      2.08325,
      1.8332600000000001,
      1.99992,
      1.6666
    ],
    [
      NaN,
      0.0,
      NaN,
      NaN,
      3.0832100000000002,
      2.74989,
      0.9166300000000001,
      0.58331,
      1.08329,
      NaN,
      0.99996,
      NaN,
      NaN,
      0.9166300000000001,
      0.66664,
      1.99992,
      2.33324,
      2.66656,
      2.41657
    ],
    [
      NaN,
      NaN,
      0.0,
      NaN,
      2.58323,
      2.41657,
      0.49998,
      NaN,
      0.58331,
      0.49998,
      0.58331,
      0.58331,
      1.99992,
      0.49998,
      0.24999,
      1.58327,
      1.74993,
      NaN,
      1.8332600000000001
    ],
    [
      1.99992,
      NaN,
      NaN,
      0.0,
      3.41653,
      3.0832100000000002,
      1.2499500000000001,
      NaN,
      1.33328,
      NaN,
      2.16658,
      1.2499500000000001,
      2.66656,
      1.16662,
      NaN,
      2.16658,
      1.33328,
      2.83322,
      2.58323
    ],
    [
      2.91655,
      3.0832100000000002,
      2.58323,
      3.41653,
      0.0,
      NaN,
      NaN,
      NaN,
      1.91659,
      NaN,
      1.91659,
      NaN,
      2.66656,
      1.74993,
      NaN,
      2.91655,
      NaN,
      NaN,
      NaN
    ],
    [
      2.16658,
      2.74989,
      2.41657,
      3.0832100000000002,
      NaN,
      0.0,
      NaN,
      NaN,
      1.99992,
      NaN,
      1.8332600000000001,
      NaN,
      2.66656,
      2.33324,
      NaN,
      3.83318,
      NaN,
      NaN,
      NaN
    ],
    [
      1.41661,
      0.9166300000000001,
      0.49998,
      1.2499500000000001,
      NaN,
      NaN,
      0.0,
      0.49998,
      1.2499500000000001,
      NaN,
      0.9166300000000001,
      NaN,
      1.16662,
      NaN,
      NaN,
      1.8332600000000001,
      1.2499500000000001,
      NaN,
      NaN
    ],
    [
      1.2499500000000001,
      0.58331,
      NaN,
      NaN,
      NaN,
      NaN,
      0.49998,
      0.0,
      1.2499500000000001,
      1.16662,
      0.58331,
      1.08329,
      1.16662,
      0.49998,
      0.24999,
      1.58327,
      NaN,
      NaN,
      NaN
    ],
    [
      1.8332600000000001,
      1.08329,
      0.58331,
      1.33328,
      1.91659,
      1.99992,
      1.2499500000000001,
      1.2499500000000001,
      0.0,
      1.41661,
      1.08329,
      1.49994,
      1.8332600000000001,
      1.49994,
      1.49994,
      1.99992,
      1.08329,
      1.91659,
      2.58323
    ],
    [
      1.74993,
      NaN,
      0.49998,
      NaN,
      NaN,
      NaN,
      NaN,
      1.16662,
      1.41661,
      0.0,
      NaN,
      NaN,
      1.2499500000000001,
      NaN,
      NaN,
      1.8332600000000001,
      0.66664,
      1.08329,
      NaN
    ],
    [
      1.74993,
      0.99996,
      0.58331,
      2.16658,
      1.91659,
      1.8332600000000001,
      0.9166300000000001,
      0.58331,
      1.08329,
      NaN,
      0.0,
      1.41661,
      1.49994,
      0.8333,
      0.58331,
      1.91659,
      1.2499500000000001,
      1.6666,
      NaN
    ],
    [
      1.8332600000000001,
      NaN,
      0.58331,
      1.2499500000000001,
      NaN,
      NaN,
      NaN,
      1.08329,
      1.49994,
      NaN,
      1.41661,
      0.0,
      NaN,
      NaN,
      NaN,
      1.91659,
      0.66664,
      1.49994,
      NaN
    ],
    [
      2.58323,
      NaN,
      1.99992,
      2.66656,
      2.66656,
      2.66656,
      1.16662,
      1.16662,
      1.8332600000000001,
      1.2499500000000001,
      1.49994,
      NaN,
      0.0,
      2.16658,
      1.99992,
      3.3332,
      2.16658,
      3.49986,
      3.58319
    ],
    [
      1.6666,
      0.9166300000000001,
      0.49998,
      1.16662,
      1.74993,
      2.33324,
      NaN,
      0.49998,
      1.49994,
      NaN,
      0.8333,
      NaN,
      2.16658,
      0.0,
      NaN,
      1.74993,
      1.41661,
      2.24991,
      2.08325
    ],
    [
      1.49994,
      0.66664,
      0.24999,
      NaN,
      NaN,
      NaN,
      NaN,
      0.24999,
      1.49994,
      NaN,
      0.58331,
      NaN,
      1.99992,
      NaN,
      0.0,
      1.58327,
      1.08329,
      NaN,
      NaN
    ],
    [
      2.08325,
      1.99992,
      1.58327,
      2.16658,
      2.91655,
      3.83318,
      1.8332600000000001,
      1.58327,
      1.99992,
      1.8332600000000001,
      1.91659,
      1.91659,
      3.3332,
      1.74993,
      1.58327,
      0.0,
      0.8333,
      2.16658,
      1.91659
    ],
    [
      1.8332600000000001,
      2.33324,
      1.74993,
      1.33328,
      NaN,
      NaN,
      1.2499500000000001,
      NaN,
      1.08329,
      0.66664,
      1.2499500000000001,
      0.66664,
      2.16658,
      1.41661,
      1.08329,
      0.8333,
      0.0,
      NaN,
      NaN
    ],
    [
      1.99992,
      2.66656,
      NaN,
      2.83322,
      NaN,
      NaN,
      NaN,
      NaN,
      1.91659,
      1.08329,
      1.6666,
      1.49994,
      3.49986,
      2.24991,
      NaN,
      2.16658,
      NaN,
      0.0,
      NaN
    ],
    [
      1.6666,
      2.41657,
      1.8332600000000001,
      2.58323,
      NaN,
      NaN,
      NaN,
      NaN,
      2.58323,
      NaN,
      NaN,
      NaN,
      3.58319,
      2.08325,
      NaN,
      1.91659,
      NaN,
      NaN,
      0.0
    ]
  ],
  "transit_time_matrix": [
    [
      0.0,
      0.0,
      0.0,
      7.0,
      17.0,
      57.0,
      12.0,
      15.0,
      86.0,
      24.0,
      14.0,
      10.0,
      62.0,
      26.0,
      8.0,
      109.0,
      42.0,
      13.0,
      51.0
    ],
    [
      0.0,
      0.0,
      NaN,
      NaN,
      20.0,
      20.0,
      24.0,
      26.0,
      67.0,
      0.0,
      79.0,
      0.0,
      0.0,
      25.0,
      20.0,
      82.0,
      39.0,
      43.0,
      40.0
    ],
    [
      0.0,
      NaN,
      0.0,
      NaN,
      18.0,
      19.0,
      18.0,
      0.0,
      62.0,
      18.0,
      14.0,
      18.0,
      43.0,
      19.0,
      14.0,
      48.0,
      16.0,
      0.0,
      34.0
    ],
    [
      7.0,
      NaN,
      NaN,
      0.0,
      19.0,
      19.0,
      27.0,
      0.0,
      20.0,
      0.0,
      80.0,
      11.0,
      15.0,
      11.0,
      0.0,
      84.0,
      14.0,
      46.0,
      42.0
    ],
    [
      17.0,
      20.0,
      18.0,
      19.0,
      0.0,
      NaN,
      0.0,
      NaN,
      53.0,
      0.0,
      82.0,
      0.0,
      54.0,
      36.0,
      0.0,
      110.0,
      NaN,
      NaN,
      NaN
    ],
    [
      57.0,
      20.0,
      19.0,
      19.0,
      NaN,
      0.0,
      0.0,
      NaN,
      54.0,
      0.0,
      60.0,
      0.0,
      55.0,
      15.0,
      0.0,
      109.0,
      NaN,
      NaN,
      NaN
    ],
    [
      12.0,
      24.0,
      18.0,
      27.0,
      0.0,
      0.0,
      0.0,
      8.0,
      45.0,
      NaN,
      61.0,
      NaN,
      14.0,
      NaN,
      NaN,
      87.0,
      16.0,
      0.0,
      0.0
    ],
    [
      15.0,
      26.0,
      0.0,
      0.0,
      NaN,
      NaN,
      8.0,
      0.0,
      52.0,
      15.0,
      54.0,
      14.0,
      40.0,
      7.0,
      13.0,
      20.0,
      NaN,
      0.0,
      0.0
    ],
    [
      86.0,
      67.0,
      62.0,
      20.0,
      53.0,
      54.0,
      45.0,
      52.0,
      0.0,
      38.0,
      98.0,
      39.0,
      72.0,
      43.0,
      39.0,
      119.0,
      38.0,
      48.0,
      52.0
    ],
    [
      24.0,
      0.0,
      18.0,
      0.0,
      0.0,
      0.0,
      NaN,
      15.0,
      38.0,
      0.0,
      0.0,
      NaN,
      40.0,
      0.0,
      NaN,
      20.0,
      10.0,
      15.0,
      0.0
    ],
    [
      14.0,
      79.0,
      14.0,
      80.0,
      82.0,
      60.0,
      61.0,
      54.0,
      98.0,
      0.0,
      0.0,
      31.0,
      10.0,
      24.0,
      10.0,
      104.0,
      6.0,
      43.0,
      0.0
    ],
    [
      10.0,
      0.0,
      18.0,
      11.0,
      0.0,
      0.0,
      NaN,
      14.0,
      39.0,
      NaN,
      31.0,
      0.0,
      0.0,
      NaN,
      NaN,
      20.0,
      21.0,
      21.0,
      NaN
    ],
    [
      62.0,
      0.0,
      43.0,
      15.0,
      54.0,
      55.0,
      14.0,
      40.0,
      72.0,
      40.0,
      10.0,
      0.0,
      0.0,
      36.0,
      36.0,
      110.0,
      33.0,
      48.0,
      15.0
    ],
    [
      26.0,
      25.0,
      19.0,
      11.0,
      36.0,
      15.0,
      NaN,
      7.0,
      43.0,
      0.0,
      24.0,
      NaN,
      36.0,
      0.0,
      0.0,
      22.0,
      30.0,
      40.0,
      10.0
    ],
    [
      8.0,
      20.0,
      14.0,
      0.0,
      0.0,
      0.0,
      NaN,
      13.0,
      39.0,
      NaN,
      10.0,
      NaN,
      36.0,
      0.0,
      0.0,
      22.0,
      5.0,
      0.0,
      NaN
    ],
    [
      109.0,
      82.0,
      48.0,
      84.0,
      110.0,
      109.0,
      87.0,
      20.0,
      119.0,
      20.0,
      104.0,
      20.0,
      110.0,
      22.0,
      22.0,
      0.0,
      22.0,
      23.0,
      105.0
    ],
    [
      42.0,
      39.0,
      16.0,
      14.0,
      NaN,
      NaN,
      16.0,
      NaN,
      38.0,
      10.0,
      6.0,
      21.0,
      33.0,
      30.0,
      5.0,
      22.0,
      0.0,
      NaN,
      0.0
    ],
    [
      13.0,
      43.0,
      0.0,
      46.0,
      NaN,
      NaN,
      0.0,
      0.0,
      48.0,
      15.0,
      43.0,
      21.0,
      48.0,
      40.0,
      0.0,
      23.0,
      NaN,
      0.0,
      NaN
    ],
    [
      51.0,
      40.0,
      34.0,
      42.0,
      NaN,
      NaN,
      0.0,
      0.0,
      52.0,
      0.0,
      0.0,
      NaN,
      15.0,
      10.0,
      NaN,
      105.0,
      0.0,
      NaN,
      0.0
    ]
  ],
  "walk_dist_matrix": [
    [
      0.0,
      2.5,
      2.0,
      2.4,
      4.4,
      4.4,
      2.3,
      4.2,
      11.9,
      2.6,
      6.8,
      2.6,
      6.4,
      2.6,
      2.4,
      11.8,
      3.5,
      4.1,
      3.8
    ],
    [
      2.5,
      0.0,
      0.55,
      0.55,
      5.2,
      5.0,
      3.2,
      5.1,
      11.4,
      3.3,
      7.4,
      3.3,
      7.3,
      3.5,
      3.1,
      10.5,
      4.4,
      4.7,
      4.4
    ],
    [
      2.0,
      0.55,
      0.0,
      0.8,
      4.7,
      4.6,
      2.7,
      4.5,
      11.0,
      2.8,
      7.0,
      2.9,
      6.7,
      3.0,
      2.7,
      10.2,
      3.9,
      4.3,
      3.9
    ],
    [
      2.4,
      0.55,
      0.8,
      0.0,
      5.1,
      5.0,
      3.0,
      4.9,
      11.7,
      3.3,
      7.4,
      3.2,
      7.0,
      3.3,
      3.0,
      10.7,
      4.2,
      4.8,
      4.4
    ],
    [
      4.4,
      5.2,
      4.7,
      5.1,
      0.0,
      1.0,
      2.4,
      1.0,
      12.3,
      2.2,
      5.4,
      2.2,
      4.8,
      2.8,
      2.4,
      14.0,
      1.1,
      0.65,
      1.3
    ],
    [
      4.4,
      5.0,
      4.6,
      5.0,
      1.0,
      0.0,
      2.4,
      1.0,
      12.2,
      2.0,
      5.3,
      2.1,
      4.8,
      2.8,
      2.2,
      13.9,
      1.1,
      0.85,
      1.1
    ],
    [
      2.3,
      3.2,
      2.7,
      3.0,
      2.4,
      2.4,
      0.0,
      4.1,
      11.0,
      0.6,
      5.1,
      0.5,
      4.1,
      0.55,
      0.65,
      12.4,
      1.5,
      2.3,
      2.0
    ],
    [
      4.2,
      5.1,
      4.5,
      4.9,
      1.0,
      1.0,
      4.1,
      0.0,
      12.5,
      2.0,
      6.3,
      1.9,
      4.1,
      2.0,
      2.5,
      14.2,
      1.1,
      1.6,
      2.1
    ],
    [
      11.9,
      11.4,
      11.0,
      11.7,
      12.3,
      12.2,
      11.0,
      12.5,
      0.0,
      10.5,
      12.7,
      10.6,
      15.0,
      11.4,
      10.6,
      10.6,
      11.8,
      11.9,
      11.5
    ],
    [
      2.6,
      3.3,
      2.8,
      3.3,
      2.2,
      2.0,
      0.6,
      2.0,
      10.5,
      0.0,
      4.5,
      0.059,
      4.6,
      1.0,
      0.45,
      12.1,
      1.3,
      1.8,
      1.4
    ],
    [
      6.8,
      7.4,
      7.0,
      7.4,
      5.4,
      5.3,
      5.1,
      6.3,
      12.7,
      4.5,
      0.0,
      4.6,
      9.1,
      5.5,
      4.6,
      15.2,
      5.7,
      5.0,
      4.1
    ],
    [
      2.6,
      3.3,
      2.9,
      3.2,
      2.2,
      2.1,
      0.5,
      1.9,
      10.6,
      0.059,
      4.6,
      0.0,
      4.6,
      0.95,
      0.5,
      12.2,
      1.3,
      1.8,
      1.5
    ],
    [
      6.4,
      7.3,
      6.7,
      7.0,
      4.8,
      4.8,
      4.1,
      4.1,
      15.0,
      4.6,
      9.1,
      4.6,
      0.0,
      4.1,
      4.7,
      16.4,
      3.9,
      4.7,
      5.3
    ],
    [
      2.6,
      3.5,
      3.0,
      3.3,
      2.8,
      2.8,
      0.55,
      2.0,
      11.4,
      1.0,
      5.5,
      0.95,
      4.1,
      0.0,
      1.1,
      12.7,
      1.8,
      2.6,
      2.4
    ],
    [
      2.4,
      3.1,
      2.7,
      3.0,
      2.4,
      2.2,
      0.65,
      2.5,
      10.6,
      0.45,
      4.6,
      0.5,
      4.7,
      1.1,
      0.0,
      12.3,
      1.8,
      2.0,
      1.6
    ],
    [
      11.8,
      10.5,
      10.2,
      10.7,
      14.0,
      13.9,
      12.4,
      14.2,
      10.6,
      12.1,
      15.2,
      12.2,
      16.4,
      12.7,
      12.3,
      0.0,
      13.5,
      13.6,
      13.3
    ],
    [
      3.5,
      4.4,
      3.9,
      4.2,
      1.1,
      1.1,
      1.5,
      1.1,
      11.8,
      1.3,
      5.7,
      1.3,
      3.9,
      1.8,
      1.8,
      13.5,
      0.0,
      0.9,
      1.5
    ],
    [
      4.1,
      4.7,
      4.3,
      4.8,
      0.65,
      0.85,
      2.3,
      1.6,
      11.9,
      1.8,
      5.0,
      1.8,
      4.7,
      2.6,
      2.0,
      13.6,
      0.9,
      0.0,
      0.85
    ],
    [
      3.8,
      4.4,
      3.9,
      4.4,
      1.3,
      1.1,
      2.0,
      2.1,
      11.5,
      1.4,
      4.1,
      1.5,
      5.3,
      2.4,
      1.6,
      13.3,
      1.5,
      0.85,
      0.0
    ]
  ],
  "walk_time_matrix": [
    [
      0.0,
      31.0,
      24.0,
      31.0,
      56.0,
      55.0,
      29.0,
      53.0,
      148.0,
      32.0,
      87.0,
      32.0,
      62.0,
      33.0,
      29.0,
      149.0,
      44.0,
      52.0,
      48.0
    ],
    [
      31.0,
      0.0,
      7.0,
      7.0,
      49.0,
      63.0,
      24.0,
      26.0,
      144.0,
      41.0,
      79.0,
      42.0,
      92.0,
      44.0,
      39.0,
      82.0,
      56.0,
      43.0,
      57.0
    ],
    [
      24.0,
      7.0,
      0.0,
      10.0,
      60.0,
      58.0,
      34.0,
      58.0,
      62.0,
      35.0,
      90.0,
      36.0,
      43.0,
      38.0,
      33.0,
      129.0,
      49.0,
      55.0,
      34.0
    ],
    [
      31.0,
      7.0,
      10.0,
      0.0,
      66.0,
      64.0,
      38.0,
      62.0,
      147.0,
      42.0,
      97.0,
      41.0,
      90.0,
      42.0,
      10.0,
      84.0,
      54.0,
      61.0,
      57.0
    ],
    [
      56.0,
      49.0,
      60.0,
      66.0,
      0.0,
      11.0,
      29.0,
      13.0,
      53.0,
      25.0,
      69.0,
      26.0,
      54.0,
      34.0,
      28.0,
      177.0,
      13.0,
      8.0,
      16.0
    ],
    [
      55.0,
      63.0,
      58.0,
      64.0,
      11.0,
      0.0,
      30.0,
      14.0,
      54.0,
      24.0,
      60.0,
      26.0,
      63.0,
      36.0,
      27.0,
      176.0,
      14.0,
      11.0,
      15.0
    ],
    [
      29.0,
      24.0,
      34.0,
      38.0,
      29.0,
      30.0,
      0.0,
      8.0,
      45.0,
      7.0,
      61.0,
      6.0,
      52.0,
      7.0,
      8.0,
      87.0,
      19.0,
      29.0,
      26.0
    ],
    [
      53.0,
      26.0,
      58.0,
      62.0,
      13.0,
      14.0,
      8.0,
      0.0,
      52.0,
      15.0,
      81.0,
      14.0,
      40.0,
      7.0,
      30.0,
      87.0,
      15.0,
      21.0,
      28.0
    ],
    [
      148.0,
      144.0,
      62.0,
      147.0,
      53.0,
      54.0,
      45.0,
      52.0,
      0.0,
      38.0,
      159.0,
      39.0,
      72.0,
      43.0,
      39.0,
      119.0,
      38.0,
      148.0,
      145.0
    ],
    [
      32.0,
      41.0,
      35.0,
      42.0,
      25.0,
      24.0,
      7.0,
      15.0,
      38.0,
      0.0,
      60.0,
      1.0,
      59.0,
      12.0,
      6.0,
      86.0,
      10.0,
      15.0,
      20.0
    ],
    [
      87.0,
      79.0,
      90.0,
      97.0,
      69.0,
      60.0,
      61.0,
      81.0,
      159.0,
      60.0,
      0.0,
      31.0,
      116.0,
      70.0,
      58.0,
      191.0,
      37.0,
      63.0,
      52.0
    ],
    [
      32.0,
      42.0,
      36.0,
      41.0,
      26.0,
      26.0,
      6.0,
      14.0,
      39.0,
      1.0,
      31.0,
      0.0,
      58.0,
      12.0,
      7.0,
      156.0,
      17.0,
      24.0,
      20.0
    ],
    [
      62.0,
      92.0,
      43.0,
      90.0,
      54.0,
      63.0,
      52.0,
      40.0,
      72.0,
      59.0,
      116.0,
      58.0,
      0.0,
      53.0,
      58.0,
      110.0,
      50.0,
      61.0,
      56.0
    ],
    [
      33.0,
      44.0,
      38.0,
      42.0,
      34.0,
      36.0,
      7.0,
      7.0,
      43.0,
      12.0,
      70.0,
      12.0,
      53.0,
      0.0,
      13.0,
      88.0,
      24.0,
      40.0,
      32.0
    ],
    [
      29.0,
      39.0,
      33.0,
      10.0,
      28.0,
      27.0,
      8.0,
      30.0,
      39.0,
      6.0,
      58.0,
      7.0,
      58.0,
      13.0,
      0.0,
      156.0,
      23.0,
      25.0,
      22.0
    ],
    [
      149.0,
      82.0,
      129.0,
      84.0,
      177.0,
      176.0,
      87.0,
      87.0,
      119.0,
      86.0,
      191.0,
      156.0,
      110.0,
      88.0,
      156.0,
      0.0,
      170.0,
      172.0,
      168.0
    ],
    [
      44.0,
      56.0,
      49.0,
      54.0,
      13.0,
      14.0,
      19.0,
      15.0,
      38.0,
      10.0,
      37.0,
      17.0,
      50.0,
      24.0,
      23.0,
      170.0,
      0.0,
      12.0,
      20.0
    ],
    [
      52.0,
      43.0,
      55.0,
      61.0,
      8.0,
      11.0,
      29.0,
      21.0,
      148.0,
      15.0,
      63.0,
      24.0,
      61.0,
      40.0,
      25.0,
      172.0,
      12.0,
      0.0,
      11.0
    ],
    [
      48.0,
      57.0,
      34.0,
      57.0,
      16.0,
      15.0,
      26.0,
      28.0,
      145.0,
      20.0,
      52.0,
      20.0,
      56.0,
      32.0,
      22.0,
      168.0,
      20.0,
      11.0,
      0.0
    ]
  ],
  "cycle_dist_matrix": [
    [
      0.0,
      2.5,
      2.0,
      2.4,
      4.4,
      4.4,
      2.3,
      4.2,
      11.9,
      2.6,
      6.8,
      2.6,
      NaN,
      2.6,
      2.4,
      11.8,
      3.5,
      4.1,
      3.8
    ],
    [
      2.5,
      0.0,
      0.55,
      0.55,
      NaN,
      5.0,
      NaN,
      NaN,
      11.4,
      3.3,
      7.4,
      3.3,
      7.3,
      3.5,
      3.1,
      10.5,
      4.4,
      NaN,
      4.4
    ],
    [
      2.0,
      0.55,
      0.0,
      0.8,
      4.7,
      4.6,
      2.7,
      4.5,
      11.0,
      2.8,
      7.0,
      2.9,
      6.7,
      3.0,
      2.7,
      10.2,
      3.9,
      4.3,
      NaN
    ],
    [
      2.4,
      0.55,
      0.8,
      0.0,
      5.1,
      5.0,
      3.0,
      4.9,
      11.7,
      3.3,
      7.4,
      3.2,
      7.0,
      3.3,
      3.0,
      10.7,
      4.2,
      4.8,
      4.4
    ],
    [
      4.4,
      NaN,
      4.7,
      5.1,
      0.0,
      1.0,
      2.4,
      1.0,
      12.3,
      2.2,
      5.4,
      2.2,
      4.8,
      2.8,
      2.4,
      14.0,
      1.1,
      0.65,
      1.3
    ],
    [
      4.4,
      5.0,
      4.6,
      5.0,
      1.0,
      0.0,
      2.4,
      1.0,
      12.2,
      2.0,
      5.3,
      2.1,
      4.8,
      2.8,
      2.2,
      13.9,
      1.1,
      0.85,
      1.1
    ],
    [
      2.3,
      NaN,
      2.7,
      3.0,
      2.4,
      2.4,
      0.0,
      1.9,
      11.0,
      0.6,
      5.1,
      0.5,
      4.1,
      0.55,
      0.65,
      12.4,
      1.5,
      2.3,
      2.0
    ],
    [
      4.2,
      NaN,
      4.5,
      4.9,
      1.0,
      1.0,
      1.9,
      0.0,
      12.5,
      NaN,
      6.3,
      NaN,
      4.1,
      2.0,
      2.5,
      14.2,
      1.1,
      1.6,
      2.1
    ],
    [
      11.9,
      11.4,
      11.0,
      11.7,
      12.3,
      12.2,
      11.0,
      12.5,
      0.0,
      10.5,
      12.7,
      NaN,
      15.0,
      11.4,
      10.6,
      NaN,
      11.8,
      11.9,
      11.5
    ],
    [
      2.6,
      3.3,
      2.8,
      3.3,
      2.2,
      2.0,
      0.6,
      NaN,
      10.5,
      0.0,
      4.5,
      0.059,
      4.6,
      1.0,
      0.45,
      12.1,
      1.3,
      1.8,
      1.4
    ],
    [
      6.8,
      7.4,
      7.0,
      7.4,
      5.4,
      5.3,
      5.1,
      6.3,
      12.7,
      4.5,
      0.0,
      4.6,
      9.1,
      5.5,
      4.6,
      15.2,
      5.7,
      5.0,
      4.1
    ],
    [
      2.6,
      3.3,
      2.9,
      3.2,
      2.2,
      2.1,
      0.5,
      NaN,
      NaN,
      0.059,
      4.6,
      0.0,
      4.6,
      0.95,
      0.5,
      12.2,
      1.3,
      1.8,
      1.5
    ],
    [
      NaN,
      7.3,
      6.7,
      7.0,
      4.8,
      4.8,
      4.1,
      4.1,
      15.0,
      4.6,
      9.1,
      4.6,
      0.0,
      4.1,
      4.7,
      16.4,
      3.9,
      4.7,
      5.3
    ],
    [
      2.6,
      3.5,
      3.0,
      3.3,
      2.8,
      2.8,
      0.55,
      2.0,
      11.4,
      1.0,
      5.5,
      0.95,
      4.1,
      0.0,
      1.1,
      NaN,
      1.8,
      2.6,
      2.4
    ],
    [
      2.4,
      3.1,
      2.7,
      3.0,
      2.4,
      2.2,
      0.65,
      2.5,
      10.6,
      0.45,
      4.6,
      0.5,
      4.7,
      1.1,
      0.0,
      12.3,
      1.8,
      2.0,
      1.6
    ],
    [
      11.8,
      10.5,
      10.2,
      10.7,
      14.0,
      13.9,
      12.4,
      14.2,
      NaN,
      12.1,
      15.2,
      12.2,
      16.4,
      NaN,
      12.3,
      0.0,
      13.5,
      13.6,
      13.3
    ],
    [
      3.5,
      4.4,
      3.9,
      4.2,
      1.1,
      1.1,
      1.5,
      1.1,
      11.8,
      1.3,
      5.7,
      1.3,
      3.9,
      1.8,
      1.8,
      13.5,
      0.0,
      0.9,
      1.5
    ],
    [
      4.1,
      NaN,
      4.3,
      4.8,
      0.65,
      0.85,
      2.3,
      1.6,
      11.9,
      1.8,
      5.0,
      1.8,
      4.7,
      2.6,
      2.0,
      13.6,
      0.9,
      0.0,
      0.85
    ],
    [
      3.8,
      4.4,
      NaN,
      4.4,
      1.3,
      1.1,
      2.0,
      2.1,
      11.5,
      1.4,
      4.1,
      1.5,
      5.3,
      2.4,
      1.6,
      13.3,
      1.5,
      0.85,
      0.0
    ]
  ],
  "cycle_time_matrix": [
    [
      0.0,
      31.0,
      24.0,
      31.0,
      56.0,
      55.0,
      29.0,
      53.0,
      148.0,
      32.0,
      87.0,
      32.0,
      NaN,
      33.0,
      29.0,
      149.0,
      44.0,
      52.0,
      48.0
    ],
    [
      31.0,
      0.0,
      7.0,
      7.0,
      NaN,
      63.0,
      NaN,
      NaN,
      144.0,
      41.0,
      96.0,
      42.0,
      92.0,
      44.0,
      39.0,
      132.0,
      56.0,
      NaN,
      57.0
    ],
    [
      24.0,
      7.0,
      0.0,
      10.0,
      60.0,
      58.0,
      34.0,
      58.0,
      138.0,
      35.0,
      90.0,
      36.0,
      85.0,
      38.0,
      33.0,
      129.0,
      49.0,
      55.0,
      NaN
    ],
    [
      31.0,
      7.0,
      10.0,
      0.0,
      66.0,
      64.0,
      38.0,
      62.0,
      147.0,
      42.0,
      97.0,
      41.0,
      90.0,
      42.0,
      38.0,
      135.0,
      54.0,
      61.0,
      57.0
    ],
    [
      56.0,
      NaN,
      60.0,
      66.0,
      0.0,
      11.0,
      29.0,
      13.0,
      153.0,
      25.0,
      69.0,
      26.0,
      62.0,
      34.0,
      28.0,
      177.0,
      13.0,
      8.0,
      16.0
    ],
    [
      55.0,
      63.0,
      58.0,
      64.0,
      11.0,
      0.0,
      30.0,
      14.0,
      152.0,
      24.0,
      68.0,
      26.0,
      63.0,
      36.0,
      27.0,
      176.0,
      14.0,
      11.0,
      15.0
    ],
    [
      29.0,
      NaN,
      34.0,
      38.0,
      29.0,
      30.0,
      0.0,
      24.0,
      138.0,
      7.0,
      66.0,
      6.0,
      52.0,
      7.0,
      8.0,
      157.0,
      19.0,
      29.0,
      26.0
    ],
    [
      53.0,
      NaN,
      58.0,
      62.0,
      13.0,
      14.0,
      24.0,
      0.0,
      157.0,
      NaN,
      81.0,
      NaN,
      53.0,
      26.0,
      30.0,
      180.0,
      15.0,
      21.0,
      28.0
    ],
    [
      148.0,
      144.0,
      138.0,
      147.0,
      153.0,
      152.0,
      138.0,
      157.0,
      0.0,
      130.0,
      159.0,
      NaN,
      188.0,
      142.0,
      131.0,
      NaN,
      148.0,
      148.0,
      145.0
    ],
    [
      32.0,
      41.0,
      35.0,
      42.0,
      25.0,
      24.0,
      7.0,
      NaN,
      130.0,
      0.0,
      60.0,
      1.0,
      59.0,
      13.0,
      6.0,
      155.0,
      17.0,
      15.0,
      20.0
    ],
    [
      87.0,
      96.0,
      90.0,
      97.0,
      69.0,
      68.0,
      66.0,
      81.0,
      159.0,
      60.0,
      0.0,
      57.0,
      116.0,
      70.0,
      58.0,
      191.0,
      71.0,
      63.0,
      52.0
    ],
    [
      32.0,
      42.0,
      36.0,
      41.0,
      26.0,
      26.0,
      6.0,
      NaN,
      NaN,
      1.0,
      57.0,
      0.0,
      58.0,
      12.0,
      7.0,
      156.0,
      17.0,
      24.0,
      20.0
    ],
    [
      NaN,
      92.0,
      85.0,
      90.0,
      62.0,
      63.0,
      52.0,
      53.0,
      188.0,
      59.0,
      116.0,
      58.0,
      0.0,
      53.0,
      58.0,
      208.0,
      50.0,
      61.0,
      69.0
    ],
    [
      33.0,
      44.0,
      38.0,
      42.0,
      34.0,
      36.0,
      7.0,
      26.0,
      142.0,
      13.0,
      70.0,
      12.0,
      53.0,
      0.0,
      13.0,
      NaN,
      24.0,
      40.0,
      32.0
    ],
    [
      29.0,
      39.0,
      33.0,
      38.0,
      28.0,
      27.0,
      8.0,
      30.0,
      131.0,
      6.0,
      58.0,
      7.0,
      58.0,
      13.0,
      0.0,
      156.0,
      23.0,
      25.0,
      22.0
    ],
    [
      149.0,
      132.0,
      129.0,
      135.0,
      177.0,
      176.0,
      157.0,
      180.0,
      NaN,
      155.0,
      191.0,
      156.0,
      208.0,
      NaN,
      156.0,
      0.0,
      170.0,
      172.0,
      168.0
    ],
    [
      44.0,
      56.0,
      49.0,
      54.0,
      13.0,
      14.0,
      19.0,
      15.0,
      148.0,
      17.0,
      71.0,
      17.0,
      50.0,
      24.0,
      23.0,
      170.0,
      0.0,
      12.0,
      20.0
    ],
    [
      52.0,
      NaN,
      55.0,
      61.0,
      8.0,
      11.0,
      29.0,
      21.0,
      148.0,
      15.0,
      63.0,
      24.0,
      61.0,
      40.0,
      25.0,
      172.0,
      12.0,
      0.0,
      11.0
    ],
    [
      48.0,
      57.0,
      NaN,
      57.0,
      16.0,
      15.0,
      26.0,
      28.0,
      145.0,
      20.0,
      52.0,
      20.0,
      69.0,
      32.0,
      22.0,
      168.0,
      20.0,
      11.0,
      0.0
    ]
  ]
}