{
  "drive_dist_matrix": [
    [
      0.0,
      26.2,
      25.7,
      23.2,
      39.3,
      26.6,
      47.8,
      24.2,
      26.1,
      25.9,
      26.3,
      23.7,
      24.5,
      19.7,
      21.7,
      23.1,
      24.1,
      23.0,
      19.8,
      26.0,
      21.1,
      27.2,
      21.2,
      25.1,
      24.5,
      25.1,
      25.9,
      24.9,
      41.3,
      168.0,
      16.0,
      25.7,
      29.6
    ],
    [
      26.2,
      0.0,
      1.1,
      2.6,
      19.0,
      2.0,
      27.5,
      2.4,
      0.093,
      1.4,
      1.8,
      3.2,
      2.3,
      9.7,
      5.3,
      3.0,
      2.3,
      2.8,
      6.5,
      1.0,
      4.6,
      4.4,
      4.7,
      2.7,
      2.2,
      2.6,
      1.4,
      4.8,
      18.9,
      148.0,
      35.8,
      2.2,
      9.5
    ],
    [
      25.7,
      1.1,
      0.0,
      2.5,
      18.9,
      2.4,
      27.4,
      2.3,
      1.0,
      0.28,
      0.7,
      3.1,
      2.2,
      9.6,
      5.2,
      2.9,
      2.2,
      2.7,
      6.4,
      0.55,
      4.4,
      4.2,
      4.6,
      1.0,
      2.1,
      0.85,
      0.28,
      4.7,
      19.4,
      148.0,
      35.7,
      0.85,
      9.4
    ],
    [
      23.2,
      2.6,
      2.5,
      0.0,
      17.3,
      2.5,
      25.8,
      1.0,
      2.9,
      2.7,
      3.1,
      0.55,
      1.0,
      7.1,
      4.0,
      0.4,
      1.0,
      0.16,
      5.2,
      2.8,
      3.2,
      3.8,
      3.4,
      1.9,
      0.95,
      1.8,
      2.7,
      2.1,
      18.1,
      146.0,
      34.5,
      2.2,
      7.8
    ],
    [
      39.3,
      19.0,
      18.9,
      17.3,
      0.0,
      27.6,
      8.5,
      28.9,
      29.0,
      28.8,
      29.2,
      28.9,
      27.4,
      32.1,
      29.9,
      29.0,
      28.8,
      28.8,
      31.2,
      28.9,
      29.2,
      28.2,
      29.3,
      29.3,
      27.5,
      29.2,
      28.8,
      29.0,
      45.5,
      136.0,
      61.7,
      28.5,
      21.3
    ],
    [
      26.6,
      2.0,
      2.4,
      2.5,
      27.6,
      0.0,
      25.3,
      2.4,
      1.8,
      1.6,
      2.0,
      3.5,
      2.1,
      10.0,
      5.1,
      3.3,
      2.3,
      3.1,
      6.3,
      1.7,
      4.3,
      2.5,
      4.5,
      2.1,
      2.0,
      2.0,
      1.6,
      4.3,
      18.3,
      145.0,
      35.6,
      1.4,
      7.3
    ],
    [
      47.8,
      27.5,
      27.4,
      25.8,
      8.5,
      25.3,
      0.0,
      26.2,
      26.2,
      26.1,
      26.5,
      26.2,
      24.8,
      29.4,
      27.3,
      26.3,
      26.1,
      26.2,
      28.5,
      26.2,
      26.5,
      25.5,
      26.6,
      26.6,
      24.8,
      26.5,
      26.1,
      26.3,
      42.8,
      134.0,
      59.0,
      25.8,
      18.7
    ],
    [
      24.2,
      2.4,
      2.3,
      1.0,
      28.9,
      2.4,
      26.2,
      0.0,
      2.8,
      2.6,
      3.0,
      1.5,
      0.85,
      8.1,
      3.9,
      1.4,
      0.049,
      1.1,
      5.1,
      2.7,
      3.1,
      3.6,
      3.3,
      1.2,
      0.85,
      1.1,
      2.6,
      3.1,
      17.4,
      146.0,
      34.4,
      2.1,
      8.1
    ],
    [
      26.1,
      0.093,
      1.0,
      2.9,
      29.0,
      1.8,
      26.2,
      2.8,
      0.0,
      1.2,
      1.6,
      3.1,
      2.2,
      9.6,
      5.2,
      2.9,
      2.2,
      2.7,
      6.4,
      0.8,
      4.4,
      4.2,
      4.6,
      2.6,
      2.1,
      2.5,
      1.2,
      4.6,
      18.8,
      148.0,
      35.7,
      2.1,
      9.4
    ],
    [
      25.9,
      1.4,
      0.28,
      2.7,
      28.8,
      1.6,
      26.1,
      2.6,
      1.2,
      0.0,
      0.4,
      2.3,
      1.5,
      8.9,
      4.5,
      2.2,
      1.5,
      1.9,
      5.7,
      0.9,
      3.7,
      3.5,
      3.8,
      0.7,
      1.4,
      0.6,
      0.13,
      3.9,
      18.6,
      147.0,
      35.0,
      1.4,
      8.7
    ],
    [
      26.3,
      1.8,
      0.7,
      3.1,
      29.2,
      2.0,
      26.5,
      3.0,
      1.6,
      0.4,
      0.0,
      2.8,
      1.9,
      9.3,
      4.9,
      2.6,
      1.9,
      2.3,
      6.1,
      1.6,
      4.1,
      3.9,
      4.2,
      0.6,
      1.8,
      0.5,
      0.45,
      4.3,
      19.0,
      147.0,
      35.4,
      1.8,
      9.1
    ],
    [
      23.7,
      3.2,
      3.1,
      0.55,
      28.9,
      3.5,
      26.2,
      1.5,
      3.1,
      2.3,
      2.8,
      0.0,
      1.6,
      6.7,
      4.5,
      0.9,
      1.5,
      0.65,
      6.0,
      3.4,
      3.8,
      4.1,
      3.9,
      2.5,
      1.5,
      2.4,
      3.3,
      1.7,
      18.7,
      146.0,
      35.1,
      2.8,
      8.3
    ],
    [
      24.5,
      2.3,
      2.2,
      1.0,
      27.4,
      2.1,
      24.8,
      0.85,
      2.2,
      1.5,
      1.9,
      1.6,
      0.0,
      7.8,
      3.0,
      0.8,
      0.8,
      0.75,
      4.2,
      2.0,
      2.3,
      2.6,
      2.4,
      2.4,
      0.11,
      2.4,
      2.0,
      2.5,
      18.6,
      145.0,
      33.5,
      1.3,
      7.2
    ],
    [
      19.7,
      9.7,
      9.6,
      7.1,
      32.1,
      10.0,
      29.4,
      8.1,
      9.6,
      8.9,
      9.3,
      6.7,
      7.8,
      0.0,
      10.8,
      6.6,
      7.3,
      6.5,
      5.3,
      9.2,
      6.2,
      9.8,
      6.4,
      8.3,
      7.2,
      8.2,
      9.1,
      5.2,
      24.5,
      149.0,
      30.7,
      8.6,
      13.6
    ],
    [
      21.7,
      5.3,
      5.2,
      4.0,
      29.9,
      5.1,
      27.3,
      3.9,
      5.2,
      4.5,
      4.9,
      4.5,
      3.0,
      10.8,
      0.0,
      1.4,
      2.4,
      1.4,
      6.5,
      4.3,
      1.4,
      5.5,
      4.6,
      3.4,
      2.9,
      3.4,
      4.2,
      3.2,
      19.6,
      146.0,
      35.8,
      4.0,
      7.9
    ],
    [
      23.1,
      3.0,
      2.9,
      0.4,
      29.0,
      3.3,
      26.3,
      1.4,
      2.9,
      2.2,
      2.6,
      0.9,
      0.8,
      6.6,
      1.4,
      0.0,
      1.0,
      0.23,
      5.2,
      2.8,
      3.3,
      3.5,
      3.4,
      2.0,
      0.9,
      1.9,
      2.7,
      2.1,
      18.1,
      146.0,
      34.5,
      2.0,
      7.7
    ],
    [
      24.1,
      2.3,
      2.2,
      1.0,
      28.8,
      2.3,
      26.1,
      0.049,
      2.2,
      1.5,
      1.9,
      1.5,
      0.8,
      7.3,
      2.4,
      1.0,
      0.0,
      1.1,
      5.0,
      2.6,
      3.1,
      3.5,
      3.2,
      1.1,
      0.8,
      1.2,
      2.6,
      3.1,
      17.3,
      146.0,
      34.3,
      2.0,
      8.1
    ],
    [
      23.0,
      2.8,
      2.7,
      0.16,
      28.8,
      3.1,
      26.2,
      1.1,
      2.7,
      1.9,
      2.3,
      0.65,
      0.75,
      6.5,
      1.4,
      0.23,
      1.1,
      0.0,
      5.4,
      3.0,
      3.4,
      3.4,
      3.5,
      2.1,
      0.85,
      2.0,
      2.9,
      2.0,
      18.3,
      146.0,
      34.7,
      2.3,
      7.7
    ],
    [
      19.8,
      6.5,
      6.4,
      5.2,
      31.2,
      6.3,
      28.5,
      5.1,
      6.4,
      5.7,
      6.1,
      6.0,
      4.2,
      5.3,
      6.5,
      5.2,
      5.0,
      5.4,
      0.0,
      7.1,
      2.0,
      8.2,
      2.2,
      6.2,
      5.6,
      6.1,
      7.0,
      5.4,
      22.4,
      149.0,
      31.5,
      6.8,
      10.7
    ],
    [
      26.0,
      1.0,
      0.55,
      2.8,
      28.9,
      1.7,
      26.2,
      2.7,
      0.8,
      0.9,
      1.6,
      3.4,
      2.0,
      9.2,
      4.3,
      2.8,
      2.6,
      3.0,
      7.1,
      0.0,
      4.3,
      4.1,
      4.4,
      1.6,
      2.0,
      1.5,
      0.9,
      4.5,
      19.2,
      147.0,
      35.6,
      1.1,
      9.3
    ],
    [
      21.1,
      4.6,
      4.4,
      3.2,
      29.2,
      4.3,
      26.5,
      3.1,
      4.4,
      3.7,
      4.1,
      3.8,
      2.3,
      6.2,
      1.4,
      3.3,
      3.1,
      3.4,
      2.0,
      4.3,
      0.0,
      6.7,
      0.8,
      4.7,
      4.1,
      4.6,
      5.5,
      4.5,
      20.9,
      147.0,
      32.4,
      5.3,
      9.2
    ],
    [
      27.2,
      4.4,
      4.2,
      3.8,
      28.2,
      2.5,
      25.5,
      3.6,
      4.2,
      3.5,
      3.9,
      4.1,
      2.6,
      9.8,
      5.5,
      3.5,
      3.5,
      3.4,
      8.2,
      4.1,
      6.7,
      0.0,
      6.0,
      4.4,
      2.6,
      4.3,
      3.9,
      5.1,
      20.6,
      146.0,
      37.1,
      3.0,
      8.1
    ],
    [
      21.2,
      4.7,
      4.6,
      3.4,
      29.3,
      4.5,
      26.6,
      3.3,
      4.6,
      3.8,
      4.2,
      3.9,
      2.4,
      6.4,
      4.6,
      3.4,
      3.2,
      3.5,
      2.2,
      4.4,
      0.8,
      6.0,
      0.0,
      4.7,
      4.1,
      4.6,
      5.5,
      4.5,
      20.9,
      147.0,
      32.3,
      5.3,
      9.2
    ],
    [
      25.1,
      2.7,
      1.0,
      1.9,
      29.3,
      2.1,
      26.6,
      1.2,
      2.6,
      0.7,
      0.6,
      2.5,
      2.4,
      8.3,
      3.4,
      2.0,
      1.1,
      2.1,
      6.2,
      1.6,
      4.7,
      4.4,
      4.7,
      0.0,
      1.8,
      0.35,
      0.75,
      4.0,
      16.9,
      147.0,
      35.3,
      1.8,
      9.1
    ],
    [
      24.5,
      2.2,
      2.1,
      0.95,
      27.5,
      2.0,
      24.8,
      0.85,
      2.1,
      1.4,
      1.8,
      1.5,
      0.11,
      7.2,
      2.9,
      0.9,
      0.8,
      0.85,
      5.6,
      2.0,
      4.1,
      2.6,
      4.1,
      1.8,
      0.0,
      2.3,
      1.8,
      2.6,
      18.5,
      145.0,
      33.6,
      1.2,
      7.3
    ],
    [
      25.1,
      2.6,
      0.85,
      1.8,
      29.2,
      2.0,
      26.5,
      1.1,
      2.5,
      0.6,
      0.5,
      2.4,
      2.4,
      8.2,
      3.4,
      1.9,
      1.2,
      2.0,
      6.1,
      1.5,
      4.6,
      4.3,
      4.6,
      0.35,
      2.3,
      0.0,
      0.65,
      4.0,
      16.8,
      147.0,
      35.3,
      1.7,
      9.0
    ],
    [
      25.9,
      1.4,
      0.28,
      2.7,
      28.8,
      1.6,
      26.1,
      2.6,
      1.2,
      0.13,
      0.45,
      3.3,
      2.0,
      9.1,
      4.2,
      2.7,
      2.6,
      2.9,
      7.0,
      0.9,
      5.5,
      3.9,
      5.5,
      0.75,
      1.8,
      0.65,
      0.0,
      3.9,
      18.6,
      147.0,
      35.0,
      1.4,
      8.7
    ],
    [
      24.9,
      4.8,
      4.7,
      2.1,
      29.0,
      4.3,
      26.3,
      3.1,
      4.6,
      3.9,
      4.3,
      1.7,
      2.5,
      5.2,
      3.2,
      2.1,
      3.1,
      2.0,
      5.4,
      4.5,
      4.5,
      5.1,
      4.5,
      4.0,
      2.6,
      4.0,
      3.9,
      0.0,
      20.1,
      147.0,
      37.0,
      4.4,
      8.4
    ],
    [
      41.3,
      18.9,
      19.4,
      18.1,
      45.5,
      18.3,
      42.8,
      17.4,
      18.8,
      18.6,
      19.0,
      18.7,
      18.6,
      24.5,
      19.6,
      18.1,
      17.3,
      18.3,
      22.4,
      19.2,
      20.9,
      20.6,
      20.9,
      16.9,
      18.5,
      16.8,
      18.6,
      20.1,
      0.0,
      98.3,
      51.5,
      18.0,
      25.2
    ],
    [
      168.0,
      148.0,
      148.0,
      146.0,
      136.0,
      145.0,
      134.0,
      146.0,
      148.0,
      147.0,
      147.0,
      146.0,
      145.0,
      149.0,
      146.0,
      146.0,
      146.0,
      146.0,
      149.0,
      147.0,
      147.0,
      146.0,
      147.0,
      147.0,
      145.0,
      147.0,
      147.0,
      147.0,
      98.3,
      0.0,
      178.0,
      145.0,
      138.0
    ],
    [
      16.0,
      35.8,
      35.7,
      34.5,
      61.7,
      35.6,
      59.0,
      34.4,
      35.7,
      35.0,
      35.4,
      35.1,
      33.5,
      30.7,
      35.8,
      34.5,
      34.3,
      34.7,
      31.5,
      35.6,
      32.4,
      37.1,
      32.3,
      35.3,
      33.6,
      35.3,
      35.0,
      37.0,
      51.5,
      178.0,
      0.0,
      37.3,
      41.2
    ],
    [
      25.7,
      2.2,
      0.85,
      2.2,
      28.5,
      1.4,
      25.8,
      2.1,
      2.1,
      1.4,
      1.8,
      2.8,
      1.3,
      8.6,
      4.0,
      2.0,
      2.0,
      2.3,
      6.8,
      1.1,
      5.3,
      3.0,
      5.3,
      1.8,
      1.2,
      1.7,
      1.4,
      4.4,
      18.0,
      145.0,
      37.3,
      0.0,
      8.2
    ],
    [
      29.6,
      9.5,
      9.4,
      7.8,
      21.3,
      7.3,
      18.7,
      8.1,
      9.4,
      8.7,
      9.1,
      8.3,
      7.2,
      13.6,
      7.9,
      7.7,
      8.1,
      7.7,
      10.7,
      9.3,
      9.2,
      8.1,
      9.2,
      9.1,
      7.3,
      9.0,
      8.7,
      8.4,
      25.2,
      138.0,
      41.2,
      8.2,
      0.0
    ]
  ],
  "drive_time_matrix": [
    [
      0.0,
      34.0,
      32.0,
      27.0,
      40.0,
      32.0,
      52.0,
      30.0,
      33.0,
      32.0,
      34.0,
      28.0,
      29.0,
      25.0,
      25.0,
      27.0,
      30.0,
      27.0,
      25.0,
      34.0,
      27.0,
      40.0,
      26.0,
      31.0,
      29.0,
      31.0,
      33.0,
      31.0,
      101.0,
      148.0,
      35.0,
      31.0,
      34.0
    ],
    [
      34.0,
      0.0,
      5.0,
      6.0,
      22.0,
      7.0,
      35.0,
      7.0,
      1.0,
      5.0,
      7.0,
      7.0,
      6.0,
      17.0,
      10.0,
      7.0,
      7.0,
      7.0,
      14.0,
      5.0,
      9.0,
      16.0,
      10.0,
      7.0,
      6.0,
      7.0,
      5.0,
      11.0,
      78.0,
      132.0,
      55.0,
      6.0,
      15.0
    ],
    [
      32.0,
      5.0,
      0.0,
      6.0,
      22.0,
      7.0,
      35.0,
      7.0,
      11.0,
      4.0,
      8.0,
      7.0,
      6.0,
      17.0,
      10.0,
      7.0,
      7.0,
      6.0,
      14.0,
      8.0,
      9.0,
      16.0,
      10.0,
      13.0,
      6.0,
      11.0,
      4.0,
      11.0,
      78.0,
      131.0,
      55.0,
      11.0,
      14.0
    ],
    [
      27.0,
      6.0,
      6.0,
      0.0,
      17.0,
      4.0,
      30.0,
      3.0,
      6.0,
      5.0,
      7.0,
      8.0,
      2.0,
      11.0,
      5.0,
      6.0,
      12.0,
      2.0,
      10.0,
      7.0,
      5.0,
      13.0,
      6.0,
      4.0,
      14.0,
      3.0,
      6.0,
      5.0,
      74.0,
      126.0,
      51.0,
      4.0,
      10.0
    ],
    [
      40.0,
      22.0,
      22.0,
      17.0,
      0.0,
      24.0,
      13.0,
      28.0,
      27.0,
      26.0,
      28.0,
      27.0,
      25.0,
      28.0,
      26.0,
      27.0,
      28.0,
      27.0,
      31.0,
      28.0,
      26.0,
      33.0,
      27.0,
      27.0,
      24.0,
      27.0,
      27.0,
      28.0,
      98.0,
      115.0,
      70.0,
      26.0,
      18.0
    ],
    [
      32.0,
      7.0,
      7.0,
      4.0,
      24.0,
      0.0,
      30.0,
      5.0,
      4.0,
      3.0,
      5.0,
      5.0,
      5.0,
      15.0,
      8.0,
      6.0,
      4.0,
      5.0,
      12.0,
      5.0,
      7.0,
      35.0,
      8.0,
      4.0,
      4.0,
      4.0,
      4.0,
      9.0,
      74.0,
      126.0,
      53.0,
      3.0,
      10.0
    ],
    [
      52.0,
      35.0,
      35.0,
      30.0,
      13.0,
      30.0,
      0.0,
      29.0,
      29.0,
      27.0,
      29.0,
      28.0,
      26.0,
      29.0,
      27.0,
      28.0,
      29.0,
      28.0,
      32.0,
      29.0,
      26.0,
      34.0,
      27.0,
      28.0,
      25.0,
      28.0,
      28.0,
      28.0,
      99.0,
      118.0,
      71.0,
      28.0,
      19.0
    ],
    [
      30.0,
      7.0,
      7.0,
      3.0,
      28.0,
      5.0,
      29.0,
      0.0,
      8.0,
      7.0,
      9.0,
      4.0,
      14.0,
      14.0,
      67.0,
      4.0,
      1.0,
      4.0,
      12.0,
      8.0,
      6.0,
      14.0,
      7.0,
      3.0,
      13.0,
      3.0,
      7.0,
      8.0,
      73.0,
      128.0,
      52.0,
      5.0,
      12.0
    ],
    [
      33.0,
      1.0,
      11.0,
      6.0,
      27.0,
      4.0,
      29.0,
      8.0,
      0.0,
      4.0,
      6.0,
      6.0,
      6.0,
      16.0,
      9.0,
      7.0,
      6.0,
      6.0,
      13.0,
      4.0,
      8.0,
      16.0,
      9.0,
      6.0,
      5.0,
      6.0,
      4.0,
      10.0,
      77.0,
      130.0,
      54.0,
      16.0,
      14.0
    ],
    [
      32.0,
      5.0,
      4.0,
      5.0,
      26.0,
      3.0,
      27.0,
      7.0,
      4.0,
      0.0,
      5.0,
      3.0,
      3.0,
      13.0,
      6.0,
      4.0,
      3.0,
      3.0,
      11.0,
      11.0,
      5.0,
      13.0,
      6.0,
      9.0,
      3.0,
      8.0,
      2.0,
      7.0,
      75.0,
      127.0,
      52.0,
      3.0,
      11.0
    ],
    [
      34.0,
      7.0,
      8.0,
      7.0,
      28.0,
      5.0,
      29.0,
      9.0,
      6.0,
      5.0,
      0.0,
      5.0,
      5.0,
      16.0,
      8.0,
      6.0,
      5.0,
      5.0,
      13.0,
      6.0,
      7.0,
      15.0,
      8.0,
      8.0,
      5.0,
      7.0,
      6.0,
      9.0,
      77.0,
      129.0,
      54.0,
      5.0,
      13.0
    ],
    [
      28.0,
      7.0,
      7.0,
      8.0,
      27.0,
      5.0,
      28.0,
      4.0,
      6.0,
      3.0,
      5.0,
      0.0,
      3.0,
      11.0,
      6.0,
      11.0,
      3.0,
      8.0,
      11.0,
      8.0,
      5.0,
      14.0,
      7.0,
      4.0,
      3.0,
      4.0,
      7.0,
      4.0,
      75.0,
      127.0,
      52.0,
      5.0,
      10.0
    ],
    [
      29.0,
      6.0,
      6.0,
      2.0,
      25.0,
      5.0,
      26.0,
      14.0,
      6.0,
      3.0,
      5.0,
      3.0,
      0.0,
      13.0,
      4.0,
      11.0,
      10.0,
      10.0,
      8.0,
      6.0,
      3.0,
      39.0,
      4.0,
      5.0,
      1.0,
      5.0,
      5.0,
      5.0,
      76.0,
      124.0,
      49.0,
      3.0,
      9.0
    ],
    [
      25.0,
      17.0,
      17.0,
      11.0,
      28.0,
      15.0,
      29.0,
      14.0,
      16.0,
      13.0,
      16.0,
      11.0,
      13.0,
      0.0,
      12.0,
      11.0,
      12.0,
      10.0,
      12.0,
      17.0,
      13.0,
      23.0,
      14.0,
      13.0,
      12.0,
      13.0,
      16.0,
      9.0,
      84.0,
      127.0,
      47.0,
      14.0,
      18.0
    ],
    [
      25.0,
      10.0,
      10.0,
      5.0,
      26.0,
      8.0,
      27.0,
      67.0,
      9.0,
      6.0,
      8.0,
      6.0,
      4.0,
      12.0,
      0.0,
      2.0,
      31.0,
      2.0,
      10.0,
      9.0,
      20.0,
      15.0,
      6.0,
      6.0,
      3.0,
      6.0,
      8.0,
      6.0,
      76.0,
      125.0,
      51.0,
      6.0,
      9.0
    ],
    [
      27.0,
      7.0,
      7.0,
      6.0,
      27.0,
      6.0,
      28.0,
      4.0,
      7.0,
      4.0,
      6.0,
      11.0,
      11.0,
      11.0,
      2.0,
      0.0,
      12.0,
      3.0,
      11.0,
      8.0,
      6.0,
      13.0,
      7.0,
      5.0,
      13.0,
      5.0,
      6.0,
      5.0,
      75.0,
      125.0,
      52.0,
      4.0,
      9.0
    ],
    [
      30.0,
      7.0,
      7.0,
      12.0,
      28.0,
      4.0,
      29.0,
      1.0,
      6.0,
      3.0,
      5.0,
      3.0,
      10.0,
      12.0,
      31.0,
      12.0,
      0.0,
      3.0,
      11.0,
      8.0,
      6.0,
      14.0,
      7.0,
      3.0,
      13.0,
      15.0,
      7.0,
      8.0,
      73.0,
      128.0,
      52.0,
      5.0,
      12.0
    ],
    [
      27.0,
      7.0,
      6.0,
      2.0,
      27.0,
      5.0,
      28.0,
      4.0,
      6.0,
      3.0,
      5.0,
      8.0,
      10.0,
      10.0,
      2.0,
      3.0,
      3.0,
      0.0,
      10.0,
      7.0,
      5.0,
      44.0,
      6.0,
      4.0,
      12.0,
      4.0,
      6.0,
      4.0,
      74.0,
      125.0,
      51.0,
      4.0,
      9.0
    ],
    [
      25.0,
      14.0,
      14.0,
      10.0,
      31.0,
      12.0,
      32.0,
      12.0,
      13.0,
      11.0,
      13.0,
      11.0,
      8.0,
      12.0,
      10.0,
      11.0,
      11.0,
      10.0,
      0.0,
      15.0,
      6.0,
      21.0,
      7.0,
      12.0,
      10.0,
      12.0,
      14.0,
      12.0,
      82.0,
      131.0,
      50.0,
      12.0,
      15.0
    ],
    [
      34.0,
      5.0,
      8.0,
      7.0,
      28.0,
      5.0,
      29.0,
      8.0,
      4.0,
      11.0,
      6.0,
      8.0,
      6.0,
      17.0,
      9.0,
      8.0,
      8.0,
      7.0,
      15.0,
      0.0,
      8.0,
      15.0,
      9.0,
      20.0,
      5.0,
      19.0,
      11.0,
      10.0,
      78.0,
      129.0,
      54.0,
      15.0,
      13.0
    ],
    [
      27.0,
      9.0,
      9.0,
      5.0,
      26.0,
      7.0,
      26.0,
      6.0,
      8.0,
      5.0,
      7.0,
      5.0,
      3.0,
      13.0,
      20.0,
      6.0,
      6.0,
      5.0,
      6.0,
      8.0,
      0.0,
      17.0,
      12.0,
      8.0,
      7.0,
      8.0,
      11.0,
      9.0,
      79.0,
      127.0,
      50.0,
      9.0,
      11.0
    ],
    [
      40.0,
      16.0,
      16.0,
      13.0,
      33.0,
      35.0,
      34.0,
      14.0,
      16.0,
      13.0,
      15.0,
      14.0,
      39.0,
      23.0,
      15.0,
      13.0,
      14.0,
      44.0,
      21.0,
      15.0,
      17.0,
      0.0,
      16.0,
      14.0,
      33.0,
      14.0,
      14.0,
      17.0,
      85.0,
      134.0,
      61.0,
      12.0,
      17.0
    ],
    [
      26.0,
      10.0,
      10.0,
      6.0,
      27.0,
      8.0,
      27.0,
      7.0,
      9.0,
      6.0,
      8.0,
      7.0,
      4.0,
      14.0,
      6.0,
      7.0,
      7.0,
      6.0,
      7.0,
      9.0,
      12.0,
      16.0,
      0.0,
      8.0,
      6.0,
      8.0,
      10.0,
      8.0,
      79.0,
      127.0,
      50.0,
      8.0,
      11.0
    ],
    [
      31.0,
      7.0,
      13.0,
      4.0,
      27.0,
      4.0,
      28.0,
      3.0,
      6.0,
      9.0,
      8.0,
      4.0,
      5.0,
      13.0,
      6.0,
      5.0,
      3.0,
      4.0,
      12.0,
      20.0,
      8.0,
      14.0,
      8.0,
      0.0,
      4.0,
      5.0,
      11.0,
      8.0,
      72.0,
      128.0,
      53.0,
      4.0,
      12.0
    ],
    [
      29.0,
      6.0,
      6.0,
      14.0,
      24.0,
      4.0,
      25.0,
      13.0,
      5.0,
      3.0,
      5.0,
      3.0,
      1.0,
      12.0,
      3.0,
      13.0,
      13.0,
      12.0,
      10.0,
      5.0,
      7.0,
      33.0,
      6.0,
      4.0,
      0.0,
      4.0,
      5.0,
      5.0,
      75.0,
      124.0,
      49.0,
      2.0,
      8.0
    ],
    [
      31.0,
      7.0,
      11.0,
      3.0,
      27.0,
      4.0,
      28.0,
      3.0,
      6.0,
      8.0,
      7.0,
      4.0,
      5.0,
      13.0,
      6.0,
      5.0,
      15.0,
      4.0,
      12.0,
      19.0,
      8.0,
      14.0,
      8.0,
      5.0,
      4.0,
      0.0,
      9.0,
      8.0,
      72.0,
      129.0,
      53.0,
      4.0,
      12.0
    ],
    [
      33.0,
      5.0,
      4.0,
      6.0,
      27.0,
      4.0,
      28.0,
      7.0,
      4.0,
      2.0,
      6.0,
      7.0,
      5.0,
      16.0,
      8.0,
      6.0,
      7.0,
      6.0,
      14.0,
      11.0,
      11.0,
      14.0,
      10.0,
      11.0,
      5.0,
      9.0,
      0.0,
      8.0,
      75.0,
      128.0,
      52.0,
      3.0,
      11.0
    ],
    [
      31.0,
      11.0,
      11.0,
      5.0,
      28.0,
      9.0,
      28.0,
      8.0,
      10.0,
      7.0,
      9.0,
      4.0,
      5.0,
      9.0,
      6.0,
      5.0,
      8.0,
      4.0,
      12.0,
      10.0,
      9.0,
      17.0,
      8.0,
      8.0,
      5.0,
      8.0,
      8.0,
      0.0,
      78.0,
      128.0,
      54.0,
      8.0,
      11.0
    ],
    [
      101.0,
      78.0,
      78.0,
      74.0,
      98.0,
      74.0,
      99.0,
      73.0,
      77.0,
      75.0,
      77.0,
      75.0,
      76.0,
      84.0,
      76.0,
      75.0,
      73.0,
      74.0,
      82.0,
      78.0,
      79.0,
      85.0,
      79.0,
      72.0,
      75.0,
      72.0,
      75.0,
      78.0,
      0.0,
      163.0,
      103.0,
      55.0,
      63.0
    ],
    [
      148.0,
      132.0,
      131.0,
      126.0,
      115.0,
      126.0,
      118.0,
      128.0,
      130.0,
      127.0,
      129.0,
      127.0,
      124.0,
      127.0,
      125.0,
      125.0,
      128.0,
      125.0,
      131.0,
      129.0,
      127.0,
      134.0,
      127.0,
      128.0,
      124.0,
      129.0,
      128.0,
      128.0,
      163.0,
      0.0,
      170.0,
      129.0,
      119.0
    ],
    [
      35.0,
      55.0,
      55.0,
      51.0,
      70.0,
      53.0,
      71.0,
      52.0,
      54.0,
      52.0,
      54.0,
      52.0,
      49.0,
      47.0,
      51.0,
      52.0,
      52.0,
      51.0,
      50.0,
      54.0,
      50.0,
      61.0,
      50.0,
      53.0,
      49.0,
      53.0,
      52.0,
      54.0,
      103.0,
      170.0,
      0.0,
      56.0,
      59.0
    ],
    [
      31.0,
      6.0,
      11.0,
      4.0,
      26.0,
      3.0,
      28.0,
      5.0,
      16.0,
      3.0,
      5.0,
      5.0,
      3.0,
      14.0,
      6.0,
      4.0,
      5.0,
      4.0,
      12.0,
      15.0,
      9.0,
      12.0,
      8.0,
      4.0,
      2.0,
      4.0,
      3.0,
      8.0,
      55.0,
      129.0,
      56.0,
      0.0,
      10.0
    ],
    [
      34.0,
      15.0,
      14.0,
      10.0,
      18.0,
      10.0,
      19.0,
      12.0,
      14.0,
      11.0,
      13.0,
      10.0,
      9.0,
      18.0,
      9.0,
      9.0,
      12.0,
      9.0,
      15.0,
      13.0,
      11.0,
      17.0,
      11.0,
      12.0,
      8.0,
      12.0,
      11.0,
      11.0,
      63.0,
      119.0,
      59.0,
      10.0,
      0.0
    ]
  ],
  "transit_dist_walk_matrix": [
    [
      0.0,
      2.24991,
      1.74993,
      1.16662,
      1.33328,
      1.58327,
      4.49982,
      2.4999000000000002,
      2.16658,
      1.16662,
      1.16662,
      1.33328,
      1.6666,
      1.58327,
      2.08325,
      2.08325,
      2.41657,
      2.08325,
      2.16658,
      2.16658,
      1.8332600000000001,
      2.83322,
      1.58327,
      1.74993,
      1.74993,
      1.58327,
      1.91659,
      1.91659,
      NaN,
      NaN,
      NaN,
      1.2499500000000001,
      1.91659
    ],
    [
      2.24991,
      0.0,
      NaN,
      1.2499500000000001,
      1.16662,
      1.33328,
      1.49994,
      1.6666,
      NaN,
      NaN,
      1.2499500000000001,
      1.41661,
      1.2499500000000001,
      1.49994,
      3.74985,
      1.58327,
      1.58327,
      1.33328,
      1.91659,
      NaN,
      1.41661,
      2.58323,
      1.74993,
      1.74993,
      0.99996,
      1.58327,
      NaN,
      1.6666,
      NaN,
      NaN,
      NaN,
      NaN,
      1.91659
    ],
    [
      1.74993,
      NaN,
      0.0,
      0.33332,
      0.49998,
      0.58331,
      0.9166300000000001,
      0.66664,
      NaN,
      NaN,
      NaN,
      0.33332,
      0.41665,
      0.41665,
      1.6666,
      0.74997,
      0.74997,
      0.49998,
      1.58327,
      NaN,
      0.8333,
      1.91659,
      0.74997,
      0.8333,
      0.24999,
      0.66664,
      NaN,
      1.16662,
      NaN,
      NaN,
      NaN,
      NaN,
      1.16662
    ],
    [
      1.16662,
      1.2499500000000001,
      0.33332,
      0.0,
      0.41665,
      0.41665,
      0.49998,
      0.58331,
      1.08329,
      0.24999,
      0.24999,
      0.33332,
      0.9166300000000001,
      0.16666,
      1.8332600000000001,
      NaN,
      0.49998,
      NaN,
      1.2499500000000001,
      0.8333,
      0.16666,
      1.99992,
      0.74997,
      0.74997,
      0.8333,
      0.58331,
      0.33332,
      1.08329,
      NaN,
      NaN,
      NaN,
      0.58331,
      0.9166300000000001
    ],
    [
      1.33328,
      1.16662,
      0.49998,
      0.41665,
      0.0,
      0.58331,
      0.58331,
      1.49994,
      0.8333,
      0.24999,
      0.24999,
      0.33332,
      0.74997,
      0.33332,
      2.4999000000000002,
      1.2499500000000001,
      1.49994,
      1.16662,
      0.74997,
      0.74997,
      0.16666,
      1.91659,
      1.91659,
      0.74997,
      0.74997,
      0.58331,
      0.33332,
      1.16662,
      NaN,
      NaN,
      NaN,
      0.24999,
      0.41665
    ],
    [
      1.58327,
      1.33328,
      0.58331,
      0.41665,
      0.58331,
      0.0,
      0.8333,
      0.8333,
      1.08329,
      0.49998,
      0.49998,
      0.49998,
      0.99996,
      0.41665,
      2.66656,
      0.74997,
      0.74997,
      0.58331,
      0.99996,
      0.99996,
      0.49998,
      2.08325,
      1.99992,
      0.9166300000000001,
      1.08329,
      0.74997,
      0.49998,
      1.33328,
      NaN,
      NaN,
      NaN,
      NaN,
      1.08329
    ],
    [
      4.49982,
      1.49994,
      0.9166300000000001,
      0.49998,
      0.58331,
      0.8333,
      0.0,
      1.16662,
      1.58327,
      0.58331,
      0.74997,
      0.8333,
      3.16654,
      0.74997,
      2.66656,
      3.49986,
      1.08329,
      3.49986,
      3.0832100000000002,
      1.2499500000000001,
      2.41657,
      2.08325,
      2.24991,
      1.16662,
      3.0832100000000002,
      1.08329,
      0.58331,
      3.41653,
      NaN,
      NaN,
      NaN,
      0.49998,
      1.2499500000000001
    ],
    [
      2.4999000000000002,
      1.6666,
      0.66664,
      0.58331,
      1.49994,
      0.8333,
      1.16662,
      0.0,
      1.58327,
      0.74997,
      0.66664,
      0.74997,
      NaN,
      0.66664,
      2.41657,
      NaN,
      NaN,
      0.8333,
      1.74993,
      1.41661,
      0.58331,
      3.0832100000000002,
      1.6666,
      NaN,
      NaN,
      NaN,
      0.66664,
      1.6666,
      NaN,
      NaN,
      NaN,
      1.08329,
      1.49994
    ],
    [
      2.16658,
      NaN,
      NaN,
      1.08329,
      0.8333,
      1.08329,
      1.58327,
      1.58327,
      0.0,
      NaN,
      1.2499500000000001,
      1.33328,
      1.08329,
      1.49994,
      3.58319,
      1.6666,
      1.6666,
      1.49994,
      1.8332600000000001,
      NaN,
      1.33328,
      2.58323,
      1.58327,
      1.74993,
      0.9166300000000001,
      1.6666,
      NaN,
      1.58327,
      NaN,
      NaN,
      NaN,
      NaN,
      1.6666
    ],
    [
      1.16662,
      NaN,
      NaN,
      0.24999,
      0.24999,
      0.49998,
      0.58331,
      0.74997,
      NaN,
      0.0,
      NaN,
      0.49998,
      0.58331,
      0.41665,
      1.8332600000000001,
      0.74997,
      0.74997,
      0.49998,
      1.58327,
      NaN,
      0.99996,
      1.99992,
      0.99996,
      NaN,
      0.49998,
      NaN,
      NaN,
      1.33328,
      NaN,
      NaN,
      NaN,
      0.58331,
      1.33328
    ],
    [
      1.16662,
      1.2499500000000001,
      NaN,
      0.24999,
      0.24999,
      0.49998,
      0.74997,
      0.66664,
      1.2499500000000001,
      NaN,
      0.0,
      0.24999,
      0.8333,
      0.24999,
      2.41657,
      0.66664,
      0.58331,
      0.33332,
      1.33328,
      NaN,
      0.16666,
      1.74993,
      1.91659,
      NaN,
      0.74997,
      NaN,
      NaN,
      1.16662,
      NaN,
      NaN,
      NaN,
      0.41665,
      0.9166300000000001
    ],
    [
      1.33328,
      1.41661,
      0.33332,
      0.33332,
      0.33332,
      0.49998,
      0.8333,
      0.74997,
      1.33328,
      0.49998,
      0.24999,
      0.0,
      0.8333,
      0.33332,
      1.91659,
      0.66664,
      0.58331,
      0.41665,
      1.33328,
      0.9166300000000001,
      0.24999,
      1.99992,
      0.8333,
      0.66664,
      0.66664,
      0.58331,
      0.24999,
      1.08329,
      NaN,
      NaN,
      NaN,
      0.58331,
      0.99996
    ],
    [
      1.6666,
      1.2499500000000001,
      0.41665,
      0.9166300000000001,
      0.74997,
      0.99996,
      3.16654,
      NaN,
      1.08329,
      0.58331,
      0.8333,
      0.8333,
      0.0,
      0.66664,
      1.49994,
      NaN,
      NaN,
      NaN,
      1.74993,
      0.8333,
      0.74997,
      2.4999000000000002,
      0.74997,
      1.08329,
      NaN,
      0.99996,
      0.66664,
      0.9166300000000001,
      NaN,
      NaN,
      NaN,
      0.74997,
      1.6666
    ],
    [
      1.58327,
      1.49994,
      0.41665,
      0.16666,
      0.33332,
      0.41665,
      0.74997,
      0.66664,
      1.49994,
      0.41665,
      0.24999,
      0.33332,
      0.66664,
      0.0,
      1.8332600000000001,
      0.58331,
      0.49998,
      0.33332,
      0.8333,
      0.8333,
      0.16666,
      1.99992,
      0.74997,
      0.66664,
      0.66664,
      0.66664,
      0.33332,
      0.99996,
      NaN,
      NaN,
      NaN,
      0.58331,
      0.9166300000000001
    ],
    [
      2.08325,
      3.74985,
      1.6666,
      1.8332600000000001,
      2.4999000000000002,
      2.66656,
      2.66656,
      2.41657,
      3.58319,
      1.8332600000000001,
      2.41657,
      1.91659,
      1.49994,
      1.8332600000000001,
      0.0,
      1.91659,
      1.8332600000000001,
      1.8332600000000001,
      2.66656,
      1.91659,
      NaN,
      2.74989,
      NaN,
      1.8332600000000001,
      0.99996,
      1.6666,
      1.74993,
      1.8332600000000001,
      NaN,
      NaN,
      NaN,
      1.58327,
      1.8332600000000001
    ],
    [
      2.08325,
      1.58327,
      0.74997,
      NaN,
      1.2499500000000001,
      0.74997,
      3.49986,
      NaN,
      1.6666,
      0.74997,
      0.66664,
      0.66664,
      NaN,
      0.58331,
      1.91659,
      0.0,
      NaN,
      NaN,
      1.6666,
      1.2499500000000001,
      0.41665,
      2.33324,
      1.6666,
      1.08329,
      NaN,
      0.8333,
      0.49998,
      1.41661,
      NaN,
      NaN,
      NaN,
      0.99996,
      1.33328
    ],
    [
      2.41657,
      1.58327,
      0.74997,
      0.49998,
      1.49994,
      0.74997,
      1.08329,
      NaN,
      1.6666,
      0.74997,
      0.58331,
      0.58331,
      NaN,
      0.49998,
      1.8332600000000001,
      NaN,
      0.0,
      0.74997,
      1.6666,
      1.2499500000000001,
      0.58331,
      3.0832100000000002,
      1.58327,
      NaN,
      NaN,
      NaN,
      0.66664,
      1.49994,
      NaN,
      NaN,
      NaN,
      1.08329,
      1.33328
    ],
    [
      2.08325,
      1.33328,
      0.49998,
      NaN,
      1.16662,
      0.58331,
      3.49986,
      0.8333,
      1.49994,
      0.49998,
      0.33332,
      0.41665,
      NaN,
      0.33332,
      1.8332600000000001,
      NaN,
      0.74997,
      0.0,
      1.41661,
      0.9166300000000001,
      0.24999,
      2.08325,
      0.8333,
      0.8333,
      NaN,
      0.58331,
      0.33332,
      1.2499500000000001,
      NaN,
      NaN,
      NaN,
      0.74997,
      1.16662
    ],
    [
      2.16658,
      1.91659,
      1.58327,
      1.2499500000000001,
      0.74997,
      0.99996,
      3.0832100000000002,
      1.74993,
      1.8332600000000001,
      1.58327,
      1.33328,
      1.33328,
      1.74993,
      0.8333,
      2.66656,
      1.6666,
      1.6666,
      1.41661,
      0.0,
      1.2499500000000001,
      0.66664,
      2.41657,
      1.2499500000000001,
      1.08329,
      0.8333,
      0.9166300000000001,
      0.66664,
      1.33328,
      NaN,
      NaN,
      NaN,
      0.99996,
      1.6666
    ],
    [
      2.16658,
      NaN,
      NaN,
      0.8333,
      0.74997,
      0.99996,
      1.2499500000000001,
      1.41661,
      NaN,
      NaN,
      NaN,
      0.9166300000000001,
      0.8333,
      0.8333,
      1.91659,
      1.2499500000000001,
      1.2499500000000001,
      0.9166300000000001,
      1.2499500000000001,
      0.0,
      1.16662,
      2.33324,
      2.83322,
      1.33328,
      0.74997,
      1.33328,
      NaN,
      1.33328,
      NaN,
      NaN,
      NaN,
      NaN,
      1.49994
    ],
    [
      1.8332600000000001,
      1.41661,
      0.8333,
      0.16666,
      0.16666,
      0.49998,
      2.41657,
      0.58331,
      1.33328,
      0.99996,
      0.16666,
      0.24999,
      0.74997,
      0.16666,
      NaN,
      0.41665,
      0.58331,
      0.24999,
      0.66664,
      1.16662,
      0.0,
      2.41657,
      NaN,
      1.58327,
      0.8333,
      1.33328,
      0.58331,
      0.9166300000000001,
      NaN,
      NaN,
      NaN,
      0.99996,
      1.6666
    ],
    [
      2.83322,
      2.58323,
      1.91659,
      1.99992,
      1.91659,
      2.08325,
      2.08325,
      3.0832100000000002,
      2.58323,
      1.99992,
      1.74993,
      1.99992,
      2.4999000000000002,
      1.99992,
      2.74989,
      2.33324,
      3.0832100000000002,
      2.08325,
      2.41657,
      2.33324,
      2.41657,
      0.0,
      3.3332,
      2.16658,
      1.58327,
      1.99992,
      1.49994,
      3.24987,
      NaN,
      NaN,
      NaN,
      1.49994,
      2.24991
    ],
    [
      1.58327,
      1.74993,
      0.74997,
      0.74997,
      1.91659,
      1.99992,
      2.24991,
      1.6666,
      1.58327,
      0.99996,
      1.91659,
      0.8333,
      0.74997,
      0.74997,
      NaN,
      1.6666,
      1.58327,
      0.8333,
      1.2499500000000001,
      2.83322,
      NaN,
      3.3332,
      0.0,
      1.2499500000000001,
      0.41665,
      1.08329,
      1.16662,
      1.2499500000000001,
      NaN,
      NaN,
      NaN,
      0.99996,
      1.2499500000000001
    ],
    [
      1.74993,
      1.74993,
      0.8333,
      0.74997,
      0.74997,
      0.9166300000000001,
      1.16662,
      NaN,
      1.74993,
      NaN,
      NaN,
      0.66664,
      1.08329,
      0.66664,
      1.8332600000000001,
      1.08329,
      NaN,
      0.8333,
      1.08329,
      1.33328,
      1.58327,
      2.16658,
      1.2499500000000001,
      0.0,
      1.2499500000000001,
      NaN,
      NaN,
      1.58327,
      NaN,
      NaN,
      NaN,
      0.8333,
      1.49994
    ],
    [
      1.74993,
      0.99996,
      0.24999,
      0.8333,
      0.74997,
      1.08329,
      3.0832100000000002,
      NaN,
      0.9166300000000001,
      0.49998,
      0.74997,
      0.66664,
      NaN,
      0.66664,
      0.99996,
      NaN,
      NaN,
      NaN,
      0.8333,
      0.74997,
      0.8333,
      1.58327,
      0.41665,
      1.2499500000000001,
      0.0,
      0.99996,
      0.58331,
      0.9166300000000001,
      NaN,
      NaN,
      NaN,
      0.49998,
      1.58327
    ],
    [
      1.58327,
      1.58327,
      0.66664,
      0.58331,
      0.58331,
      0.74997,
      1.08329,
      NaN,
      1.6666,
      NaN,
      NaN,
      0.58331,
      0.99996,
      0.66664,
      1.6666,
      0.8333,
      NaN,
      0.58331,
      0.9166300000000001,
      1.33328,
      1.33328,
      1.99992,
      1.08329,
      NaN,
      0.99996,
      0.0,
      NaN,
      1.49994,
      NaN,
      NaN,
      NaN,
      0.74997,
      1.33328
    ],
    [
      1.91659,
      NaN,
      NaN,
      0.33332,
      0.33332,
      0.49998,
      0.58331,
      0.66664,
      NaN,
      NaN,
      NaN,
      0.24999,
      0.66664,
      0.33332,
      1.74993,
      0.49998,
      0.66664,
      0.33332,
      0.66664,
      NaN,
      0.58331,
      1.49994,
      1.16662,
      NaN,
      0.58331,
      NaN,
      0.0,
      1.33328,
      NaN,
      NaN,
      NaN,
      0.66664,
      1.41661
    ],
    [
      1.91659,
      1.6666,
      1.16662,
      1.08329,
      1.16662,
      1.33328,
      3.41653,
      1.6666,
      1.58327,
      1.33328,
      1.16662,
      1.08329,
      0.9166300000000001,
      0.99996,
      1.8332600000000001,
      1.41661,
      1.49994,
      1.2499500000000001,
