{
  "drive_dist_matrix": [
    [
      0.0,
      1.60934,
      2.2530759999999996,
      2.092142,
      2.41401,
      5.63269,
      6.9201619999999995,
      3.5405480000000003,
      2.5749440000000003,
      3.8624159999999996,
      1.9312079999999998,
      11.104446000000001,
      1.2874720000000002,
      2.2530759999999996,
      13.196587999999998,
      1.9312079999999998,
      1.448406,
      10.621644,
      1.9312079999999998,
      1.7702740000000001,
      5.9545580000000005,
      3.8624159999999996,
      1.1265379999999998,
      1.7702740000000001,
      8.368568,
      6.759228,
      14.48406,
      12.391918,
      0.9656039999999999,
      1.448406,
      2.2530759999999996,
      1.448406,
      0.6437360000000001,
      0.32186800000000004,
      1.60934,
      14.644993999999999,
      28.485318,
      0.9656039999999999,
      1.60934,
      14.323126,
      1.448406,
      14.001257999999998,
      2.735878,
      1.60934,
      1.60934,
      0.48280199999999995,
      1.7702740000000001,
      2.5749440000000003,
      1.1265379999999998,
      13.518456,
      28.485318,
      1.448406,
      5.310822,
      5.793624,
      15.932466,
      13.196587999999998,
      2.5749440000000003,
      3.21868
    ],
    [
      1.60934,
      0.0,
      2.5749440000000003,
      1.60934,
      1.9312079999999998,
      5.471756,
      6.9201619999999995,
      3.057746,
      1.7702740000000001,
      3.379614,
      0.0,
      11.26538,
      0.48280199999999995,
      2.092142,
      13.035654,
      2.092142,
      0.48280199999999995,
      11.909116000000001,
      2.2530759999999996,
      1.9312079999999998,
      5.9545580000000005,
      5.471756,
      1.60934,
      0.32186800000000004,
      8.368568,
      6.759228,
      14.323126,
      12.07005,
      1.60934,
      0.16093400000000002,
      0.9656039999999999,
      0.48280199999999995,
      0.9656039999999999,
      0.80467,
      0.32186800000000004,
      14.48406,
      29.129054000000004,
      1.448406,
      1.9312079999999998,
      14.323126,
      0.9656039999999999,
      13.840323999999999,
      1.448406,
      1.448406,
      1.7702740000000001,
      1.448406,
      1.9312079999999998,
      1.7702740000000001,
      0.6437360000000001,
      13.357522000000001,
      27.680647999999998,
      0.32186800000000004,
      4.184284,
      5.793624,
      12.391918,
      12.87472,
      1.7702740000000001,
      2.896812
    ],
    [
      2.2530759999999996,
      2.5749440000000003,
      0.0,
      3.057746,
      3.057746,
      5.9545580000000005,
      5.63269,
      4.345218,
      4.345218,
      5.793624,
      3.057746,
      9.977908000000001,
      2.41401,
      2.735878,
      13.67939,
      1.9312079999999998,
      2.5749440000000003,
      12.713786,
      0.32186800000000004,
      1.7702740000000001,
      6.43736,
      4.345218,
      2.092142,
      2.896812,
      7.0810960000000005,
      5.63269,
      14.966862,
      13.035654,
      2.092142,
      2.5749440000000003,
      3.21868,
      2.41401,
      1.7702740000000001,
      2.41401,
      2.5749440000000003,
      14.966862,
      29.611855999999996,
      1.9312079999999998,
      2.5749440000000003,
      14.805927999999998,
      2.2530759999999996,
      14.48406,
      3.7014819999999995,
      3.057746,
      2.41401,
      1.7702740000000001,
      2.41401,
      4.345218,
      2.2530759999999996,
      13.840323999999999,
      28.16345,
      2.5749440000000003,
      5.9545580000000005,
      4.506151999999999,
      13.035654,
      13.840323999999999,
      4.506151999999999,
      4.9889540000000006
    ],
    [
      2.092142,
      1.60934,
      3.057746,
      0.0,
      1.448406,
      4.506151999999999,
      7.0810960000000005,
      2.5749440000000003,
      0.9656039999999999,
      2.896812,
      0.48280199999999995,
      11.26538,
      0.6437360000000001,
      0.80467,
      12.230984,
      3.379614,
      0.6437360000000001,
      9.173238,
      2.41401,
      2.092142,
      4.9889540000000006,
      5.63269,
      1.7702740000000001,
      0.16093400000000002,
      8.529501999999999,
      6.9201619999999995,
      13.518456,
      13.035654,
      2.2530759999999996,
      0.32186800000000004,
      0.9656039999999999,
      0.6437360000000001,
      1.2874720000000002,
      1.1265379999999998,
      0.48280199999999995,
      13.67939,
      28.324384000000002,
      1.7702740000000001,
      2.092142,
      13.357522000000001,
      1.2874720000000002,
      13.035654,
      0.6437360000000001,
      1.60934,
      2.092142,
      1.7702740000000001,
      2.2530759999999996,
      0.9656039999999999,
      0.6437360000000001,
      12.391918,
      26.715044000000002,
      0.32186800000000004,
      3.21868,
      5.9545580000000005,
      11.587248,
      14.001257999999998,
      0.80467,
      2.735878
    ],
    [
      2.41401,
      1.9312079999999998,
      3.057746,
      1.448406,
      0.0,
      0.9656039999999999,
      7.402963999999999,
      0.80467,
      2.092142,
      1.7702740000000001,
      1.448406,
      11.587248,
      1.2874720000000002,
      0.9656039999999999,
      10.782578,
      3.5405480000000003,
      1.9312079999999998,
      9.65604,
      2.735878,
      3.379614,
      3.5405480000000003,
      5.9545580000000005,
      3.057746,
      1.2874720000000002,
      8.690436,
      7.24203,
      12.07005,
      13.357522000000001,
      2.896812,
      1.1265379999999998,
      2.092142,
      2.092142,
      2.41401,
      2.2530759999999996,
      1.60934,
      12.230984,
      26.875978,
      2.896812,
      4.184284,
      11.909116000000001,
      2.5749440000000003,
      11.587248,
      1.7702740000000001,
      2.896812,
      3.21868,
      2.2530759999999996,
      4.02335,
      2.092142,
      1.60934,
      10.943512,
      25.266638,
      1.1265379999999998,
      3.057746,
      6.115492,
      10.138842,
      14.323126,
      2.092142,
      3.379614
    ],
    [
      5.63269,
      5.471756,
      5.9545580000000005,
      4.506151999999999,
      0.9656039999999999,
      0.0,
      8.85137,
      0.32186800000000004,
      3.8624159999999996,
      0.6437360000000001,
      3.21868,
      13.035654,
      2.5749440000000003,
      2.41401,
      10.138842,
      4.9889540000000006,
      3.379614,
      11.104446000000001,
      4.184284,
      4.82802,
      0.80467,
      7.402963999999999,
      4.506151999999999,
      3.057746,
      10.138842,
      8.690436,
      11.426314,
      14.805927999999998,
      4.9889540000000006,
      2.735878,
      3.7014819999999995,
      3.5405480000000003,
      4.506151999999999,
      3.7014819999999995,
      3.379614,
      11.426314,
      26.232242,
      4.9889540000000006,
      5.793624,
      11.26538,
      3.8624159999999996,
      10.943512,
      3.5405480000000003,
      4.345218,
      4.667085999999999,
      4.345218,
      5.471756,
      3.8624159999999996,
      3.057746,
      10.299776000000001,
      24.622902,
      2.896812,
      3.21868,
      7.563898,
      9.495106,
      15.610598,
      3.8624159999999996,
      4.82802
    ],
    [
      6.9201619999999995,
      6.9201619999999995,
      5.63269,
      7.0810960000000005,
      7.402963999999999,
      8.85137,
      0.0,
      8.529501999999999,
      8.207633999999999,
      9.816974,
      6.9201619999999995,
      5.793624,
      6.43736,
      6.759228,
      17.70274,
      4.506151999999999,
      6.759228,
      16.254334,
      5.471756,
      4.506151999999999,
      10.46071,
      2.896812,
      4.506151999999999,
      6.759228,
      2.896812,
      0.48280199999999995,
      18.990212,
      8.85137,
      6.115492,
      6.598293999999999,
      7.24203,
      6.759228,
      4.667085999999999,
      7.0810960000000005,
      7.0810960000000005,
      19.151146,
      33.79614,
      4.506151999999999,
      4.02335,
      18.829278,
      4.9889540000000006,
      18.50741,
      7.885766,
      5.793624,
      4.9889540000000006,
      6.43736,
      3.7014819999999995,
      8.207633999999999,
      6.43736,
      18.024607999999997,
      32.1868,
      6.598293999999999,
      10.138842,
      0.48280199999999995,
      17.059003999999998,
      9.977908000000001,
      8.207633999999999,
      9.173238
    ],
    [
      3.5405480000000003,
      3.057746,
      4.345218,
      2.5749440000000003,
      0.80467,
      0.32186800000000004,
      8.529501999999999,
      0.0,
      3.379614,
      0.6437360000000001,
      2.735878,
      12.552852,
      2.2530759999999996,
      2.092142,
      9.977908000000001,
      4.667085999999999,
      2.896812,
      10.621644,
      3.7014819999999995,
      4.345218,
      1.448406,
      6.9201619999999995,
      4.02335,
      2.5749440000000003,
      9.816974,
      8.207633999999999,
      11.26538,
      14.48406,
      3.8624159999999996,
      2.41401,
      3.379614,
      3.21868,
      3.5405480000000003,
      3.21868,
      2.896812,
      11.26538,
      26.071308,
      3.8624159999999996,
      5.310822,
      11.104446000000001,
      3.5405480000000003,
      10.782578,
      3.057746,
      3.8624159999999996,
      4.184284,
      3.379614,
      5.149888000000001,
      3.379614,
      2.5749440000000003,
      10.138842,
      24.461968,
      2.41401,
      2.735878,
      7.24203,
      9.334171999999999,
      15.28873,
      3.379614,
      4.506151999999999
    ],
    [
      2.5749440000000003,
      1.7702740000000001,
      4.345218,
      0.9656039999999999,
      2.092142,
      3.8624159999999996,
      8.207633999999999,
      3.379614,
      0.0,
      3.8624159999999996,
      1.448406,
      12.552852,
      1.7702740000000001,
      2.092142,
      13.035654,
      3.379614,
      1.7702740000000001,
      9.173238,
      3.7014819999999995,
      3.057746,
      4.667085999999999,
      4.345218,
      2.5749440000000003,
      1.2874720000000002,
      9.816974,
      5.471756,
      14.162192000000001,
      11.426314,
      2.41401,
      1.448406,
      0.9656039999999999,
      1.7702740000000001,
      2.41401,
      2.092142,
      1.60934,
      14.323126,
      23.657297999999997,
      2.735878,
      3.057746,
      14.001257999999998,
      2.2530759999999996,
      14.48406,
      0.80467,
      1.448406,
      3.057746,
      2.092142,
      3.21868,
      0.0,
      2.092142,
      13.035654,
      26.393175999999997,
      1.448406,
      3.057746,
      4.667085999999999,
      13.840323999999999,
      12.230984,
      0.32186800000000004,
      1.7702740000000001
    ],
    [
      3.8624159999999996,
      3.379614,
      5.793624,
      2.896812,
      1.7702740000000001,
      0.6437360000000001,
      9.816974,
      0.6437360000000001,
      3.8624159999999996,
      0.0,
      4.02335,
      13.840323999999999,
      3.7014819999999995,
      3.21868,
      9.816974,
      5.793624,
      4.345218,
      11.909116000000001,
      4.82802,
      5.63269,
      0.9656039999999999,
      8.207633999999999,
      5.471756,
      3.8624159999999996,
      10.943512,
      9.334171999999999,
      11.104446000000001,
      15.610598,
      5.310822,
      3.5405480000000003,
      4.506151999999999,
      4.345218,
      4.9889540000000006,
      4.667085999999999,
      4.184284,
      11.26538,
      25.910374,
      5.310822,
      6.43736,
      10.943512,
      4.9889540000000006,
      10.621644,
      4.184284,
      5.310822,
      6.115492,
      4.82802,
      6.276426,
      4.667085999999999,
      4.02335,
      10.138842,
      24.301033999999998,
      3.5405480000000003,
      4.82802,
      8.368568,
      9.173238,
      19.473014,
      4.667085999999999,
      6.276426
    ],
    [
      1.9312079999999998,
      0.0,
      3.057746,
      0.48280199999999995,
      1.448406,
      3.21868,
      6.9201619999999995,
      2.735878,
      1.448406,
      4.02335,
      0.0,
      11.104446000000001,
      0.48280199999999995,
      2.092142,
      13.035654,
      2.092142,
      0.32186800000000004,
      11.909116000000001,
      2.2530759999999996,
      1.7702740000000001,
      4.184284,
      5.471756,
      1.448406,
      0.32186800000000004,
      8.207633999999999,
      6.759228,
      14.323126,
      12.07005,
      0.80467,
      0.32186800000000004,
      0.9656039999999999,
      0.48280199999999995,
      0.9656039999999999,
      0.9656039999999999,
      0.32186800000000004,
      14.48406,
      29.129054000000004,
      1.448406,
      1.7702740000000001,
      14.162192000000001,
      0.9656039999999999,
      13.840323999999999,
      0.80467,
      1.2874720000000002,
      1.7702740000000001,
      1.448406,
      1.9312079999999998,
      1.7702740000000001,
      0.16093400000000002,
      13.357522000000001,
      27.519714,
      0.48280199999999995,
      4.02335,
      5.63269,
      12.391918,
      12.87472,
      1.7702740000000001,
      2.896812
    ],
    [
      11.104446000000001,
      11.26538,
      9.977908000000001,
      11.26538,
      11.587248,
      13.035654,
      5.793624,
      12.552852,
      12.552852,
      13.840323999999999,
      11.104446000000001,
      0.0,
      10.782578,
      11.104446000000001,
      22.047957999999998,
      8.690436,
      10.943512,
      12.07005,
      9.816974,
      8.85137,
      14.805927999999998,
      7.24203,
      8.690436,
      11.104446000000001,
      2.735878,
      5.471756,
      23.33543,
      9.334171999999999,
      10.46071,
      10.943512,
      11.587248,
      10.943512,
      9.012303999999999,
      11.426314,
      11.426314,
      23.496364,
      38.141358,
      8.85137,
      8.207633999999999,
      23.174496,
      9.173238,
      22.852628,
      12.07005,
      10.138842,
      9.334171999999999,
      10.782578,
      8.0467,
      12.391918,
      10.621644,
      22.208892000000002,
      36.532018,
      10.943512,
      14.48406,
      7.402963999999999,
      21.404222,
      9.012303999999999,
      12.552852,
      13.518456
    ],
    [
      1.2874720000000002,
      0.48280199999999995,
      2.41401,
      0.6437360000000001,
      1.2874720000000002,
      2.5749440000000003,
      6.43736,
      2.2530759999999996,
      1.7702740000000001,
      3.7014819999999995,
      0.48280199999999995,
      10.782578,
      0.0,
      0.80467,
      12.07005,
      1.9312079999999998,
      0.6437360000000001,
      9.977908000000001,
      1.9312079999999998,
      1.7702740000000001,
      4.82802,
      5.149888000000001,
      1.7702740000000001,
      0.48280199999999995,
      8.0467,
      6.43736,
      13.357522000000001,
      13.035654,
      1.60934,
      0.32186800000000004,
      1.2874720000000002,
      0.9656039999999999,
      1.2874720000000002,
      1.1265379999999998,
      0.80467,
      13.518456,
      28.16345,
      1.7702740000000001,
      2.092142,
      13.196587999999998,
      1.2874720000000002,
      12.87472,
      1.60934,
      1.60934,
      2.092142,
      1.1265379999999998,
      2.2530759999999996,
      2.092142,
      0.48280199999999995,
      12.230984,
      26.55411,
      0.32186800000000004,
      4.02335,
      5.471756,
      11.426314,
      13.840323999999999,
      2.092142,
      3.8624159999999996
    ],
    [
      2.2530759999999996,
      2.092142,
      2.735878,
      0.80467,
      0.9656039999999999,
      2.41401,
      6.759228,
      2.092142,
      2.092142,
      3.21868,
      2.092142,
      11.104446000000001,
      0.80467,
      0.0,
      10.943512,
      3.7014819999999995,
      2.2530759999999996,
      10.138842,
      2.896812,
      3.5405480000000003,
      3.7014819999999995,
      6.115492,
      3.379614,
      0.9656039999999999,
      8.85137,
      7.402963999999999,
      12.230984,
      13.840323999999999,
      3.21868,
      0.6437360000000001,
      2.41401,
      2.5749440000000003,
      2.896812,
      2.735878,
      2.092142,
      12.391918,
      27.036912,
      3.21868,
      4.506151999999999,
      12.07005,
      2.896812,
      11.748182,
      2.092142,
      3.21868,
      3.7014819999999995,
      2.735878,
      4.184284,
      2.5749440000000003,
      1.9312079999999998,
      11.104446000000001,
      25.427572,
      0.6437360000000001,
      3.379614,
      6.276426,
      10.299776000000001,
      14.644993999999999,
      2.5749440000000003,
      4.184284
    ],
    [
      13.196587999999998,
      13.035654,
      13.67939,
      12.230984,
      10.782578,
      10.138842,
      17.70274,
      9.977908000000001,
      13.035654,
      9.816974,
      13.035654,
      22.047957999999998,
      12.07005,
      10.943512,
      0.0,
      14.162192000000001,
      12.713786,
      20.277684,
      13.196587999999998,
      14.001257999999998,
      10.621644,
      16.576202000000002,
      13.840323999999999,
      12.230984,
      19.31208,
      17.70274,
      1.60934,
      24.461968,
      13.67939,
      11.909116000000001,
      12.87472,
      13.035654,
      13.357522000000001,
      13.035654,
      12.391918,
      1.7702740000000001,
      31.864932,
      13.67939,
      14.805927999999998,
      1.60934,
      13.357522000000001,
      2.5749440000000003,
      12.552852,
      13.67939,
      14.001257999999998,
      13.196587999999998,
      14.644993999999999,
      12.87472,
      12.391918,
      1.1265379999999998,
      12.552852,
      11.909116000000001,
      10.782578,
      16.737136,
      3.057746,
      25.266638,
      13.035654,
      14.644993999999999
    ],
    [
      1.9312079999999998,
      2.092142,
      1.9312079999999998,
      3.379614,
      3.5405480000000003,
      4.9889540000000006,
      4.506151999999999,
      4.667085999999999,
      3.379614,
      5.793624,
      2.092142,
      8.690436,
      1.9312079999999998,
      3.7014819999999995,
      14.162192000000001,
      0.0,
      1.7702740000000001,
      12.07005,
      2.2530759999999996,
      0.32186800000000004,
      6.9201619999999995,
      2.5749440000000003,
      0.80467,
      2.735878,
      5.471756,
      3.8624159999999996,
      15.449663999999999,
      11.909116000000001,
      1.60934,
      2.2530759999999996,
      2.2530759999999996,
      1.60934,
      0.9656039999999999,
      1.9312079999999998,
      1.7702740000000001,
      15.610598,
      26.715044000000002,
      0.80467,
      0.32186800000000004,
      15.28873,
      1.1265379999999998,
      14.966862,
      2.735878,
      2.092142,
      0.16093400000000002,
      1.2874720000000002,
      0.315,
      3.057746,
      2.092142,
      14.323126,
      30.255592,
      2.2530759999999996,
      5.471756,
      2.896812,
      13.518456,
      12.713786,
      3.057746,
      4.184284
    ],
    [
      1.448406,
      0.48280199999999995,
      2.5749440000000003,
      0.6437360000000001,
      1.9312079999999998,
      3.379614,
      6.759228,
      2.896812,
      1.7702740000000001,
      4.345218,
      0.32186800000000004,
      10.943512,
      0.6437360000000001,
      2.2530759999999996,
      12.713786,
      1.7702740000000001,
      0.0,
      9.816974,
      2.2530759999999996,
      1.9312079999999998,
      4.184284,
      5.63269,
      1.60934,
      0.48280199999999995,
      8.368568,
      6.759228,
      13.67939,
      12.391918,
      0.6437360000000001,
      0.6437360000000001,
      0.6437360000000001,
      0.16093400000000002,
      1.1265379999999998,
      0.6437360000000001,
      0.16093400000000002,
      13.840323999999999,
      24.461968,
      1.448406,
      1.9312079999999998,
      13.67939,
      0.48280199999999995,
      13.357522000000001,
      0.80467,
      1.448406,
      1.7702740000000001,
      0.80467,
      1.9312079999999998,
      1.448406,
      0.48280199999999995,
      12.713786,
      27.036912,
      0.6437360000000001,
      3.8624159999999996,
      5.793624,
      11.748182,
      13.196587999999998,
      1.448406,
      2.5749440000000003
    ],
    [
      10.621644,
      11.909116000000001,
      12.713786,
      9.173238,
      9.65604,
      11.104446000000001,
      16.254334,
      10.621644,
      9.173238,
      11.909116000000001,
      11.909116000000001,
      12.07005,
      9.977908000000001,
      10.138842,
      20.277684,
      12.07005,
      9.816974,
      0.0,
      11.909116000000001,
      12.230984,
      12.07005,
      9.65604,
      11.748182,
      9.816974,
      18.50741,
      17.059003999999998,
      21.887024,
      3.8624159999999996,
      10.782578,
      9.977908000000001,
      9.816974,
      11.426314,
      11.104446000000001,
      11.587248,
      10.138842,
      21.565156,
      17.219938,
      11.587248,
      12.391918,
      21.404222,
      11.748182,
      19.794882,
      9.334171999999999,
      10.138842,
      12.07005,
      10.943512,
      12.230984,
      9.012303999999999,
      11.426314,
      20.92142,
      31.703998,
      9.977908000000001,
      9.977908000000001,
      10.299776000000001,
      19.151146,
      6.9201619999999995,
      8.85137,
      7.402963999999999
    ],
    [
      1.9312079999999998,
      2.2530759999999996,
      0.32186800000000004,
      2.41401,
      2.735878,
      4.184284,
      5.471756,
      3.7014819999999995,
      3.7014819999999995,
      4.82802,
      2.2530759999999996,
      9.816974,
      1.9312079999999998,
      2.896812,
      13.196587999999998,
      2.2530759999999996,
      2.2530759999999996,
      11.909116000000001,
      0.0,
      1.448406,
      6.115492,
      4.02335,
      1.7702740000000001,
      2.41401,
      6.759228,
      5.149888000000001,
      14.48406,
      12.713786,
      1.7702740000000001,
      2.092142,
      2.896812,
      1.9312079999999998,
      1.448406,
      2.092142,
      2.2530759999999996,
      14.644993999999999,
      29.289987999999997,
      1.60934,
      2.2530759999999996,
      14.48406,
      1.9312079999999998,
      14.001257999999998,
      3.379614,
      2.5749440000000003,
      2.092142,
      1.448406,
      2.092142,
      4.02335,
      1.9312079999999998,
      13.518456,
      27.680647999999998,
      2.092142,
      5.63269,
      4.184284,
      12.552852,
      13.518456,
      4.02335,
      4.667085999999999
    ],
    [
      1.7702740000000001,
      1.9312079999999998,
      1.7702740000000001,
      2.092142,
      3.379614,
      4.82802,
      4.506151999999999,
      4.345218,
      3.057746,
      5.63269,
      1.7702740000000001,
      8.85137,
      1.7702740000000001,
      3.5405480000000003,
      14.001257999999998,
      0.32186800000000004,
      1.9312079999999998,
      12.230984,
      1.448406,
      0.0,
      6.9201619999999995,
      2.896812,
      0.6437360000000001,
      2.2530759999999996,
      5.63269,
      4.184284,
      15.28873,
      11.909116000000001,
      1.60934,
      2.092142,
      2.2530759999999996,
      1.448406,
      0.9656039999999999,
      1.7702740000000001,
      1.7702740000000001,
      15.449663999999999,
      30.094658,
      0.80467,
      0.32186800000000004,
      15.28873,
      1.1265379999999998,
      14.805927999999998,
      2.5749440000000003,
      2.092142,
      0.32186800000000004,
      1.2874720000000002,
      0.32186800000000004,
      3.057746,
      1.60934,
      14.323126,
      28.646252,
      2.092142,
      5.63269,
      3.057746,
      13.357522000000001,
      12.713786,
      3.21868,
      4.345218
    ],
    [
      5.9545580000000005,
      5.9545580000000005,
      6.43736,
      4.9889540000000006,
      3.5405480000000003,
      0.80467,
      10.46071,
      1.448406,
      4.667085999999999,
      0.9656039999999999,
      4.184284,
      14.805927999999998,
      4.82802,
      3.7014819999999995,
      10.621644,
      6.9201619999999995,
      4.184284,
      12.07005,
      6.115492,
      6.9201619999999995,
      0.0,
      7.885766,
      4.9889540000000006,
      3.5405480000000003,
      10.621644,
      9.173238,
      11.909116000000001,
      15.449663999999999,
      5.471756,
      3.379614,
      4.345218,
      4.02335,
      5.149888000000001,
      4.184284,
      3.8624159999999996,
      12.07005,
      26.715044000000002,
      4.82802,
      6.276426,
      11.748182,
      4.506151999999999,
      11.426314,
      4.02335,
      4.82802,
      5.793624,
      4.9889540000000006,
      6.115492,
      4.345218,
      3.5405480000000003,
      10.782578,
      25.105704,
      3.379614,
      3.7014819999999995,
      8.0467,
      9.977908000000001,
      16.254334,
      4.345218,
      5.310822
    ],
    [
      3.8624159999999996,
      5.471756,
      4.345218,
      5.63269,
      5.9545580000000005,
      7.402963999999999,
      2.896812,
      6.9201619999999995,
      4.345218,
      8.207633999999999,
      5.471756,
      7.24203,
      5.149888000000001,
      6.115492,
      16.576202000000002,
      2.5749440000000003,
      5.63269,
      9.65604,
      4.02335,
      2.896812,
      7.885766,
      0.0,
      2.41401,
      5.310822,
      4.506151999999999,
      1.60934,
      17.541806,
      8.207633999999999,
      4.667085999999999,
      4.9889540000000006,
      3.5405480000000003,
      5.149888000000001,
      3.21868,
      5.63269,
      5.63269,
      17.70274,
      32.347734,
      3.057746,
      2.092142,
      17.380872,
      3.057746,
      17.059003999999998,
      3.8624159999999996,
      3.057746,
      3.5405480000000003,
      4.82802,
      1.9312079999999998,
      4.02335,
      4.82802,
      16.415267999999998,
      30.738394000000003,
      5.149888000000001,
      8.690436,
      0.80467,
      15.610598,
      10.138842,
      4.02335,
      6.43736
    ],
    [
      1.1265379999999998,
      1.60934,
      2.092142,
      1.7702740000000001,
      3.057746,
      4.506151999999999,
      4.506151999999999,
      4.02335,
      2.5749440000000003,
      5.471756,
      1.448406,
      8.690436,
      1.7702740000000001,
      3.379614,
      13.840323999999999,
      0.80467,
      1.60934,
      11.748182,
      1.7702740000000001,
      0.6437360000000001,
      4.9889540000000006,
      2.41401,
      0.0,
      2.41401,
      6.115492,
      4.506151999999999,
      15.449663999999999,
      11.104446000000001,
      0.9656039999999999,
      2.092142,
      1.7702740000000001,
      1.1265379999999998,
      0.6437360000000001,
      1.1265379999999998,
      1.448406,
      15.610598,
      26.071308,
      0.449,
      0.48280199999999995,
      15.28873,
      0.80467,
      14.966862,
      2.092142,
      1.448406,
      0.6437360000000001,
      0.80467,
      0.80467,
      2.41401,
      1.7702740000000001,
      14.323126,
      29.450922000000002,
      2.092142,
      4.82802,
      3.5405480000000003,
      16.89807,
      12.07005,
      2.41401,
      4.82802
    ],
    [
      1.7702740000000001,
      0.32186800000000004,
      2.896812,
      0.16093400000000002,
      1.2874720000000002,
      3.057746,
      6.759228,
      2.5749440000000003,
      1.2874720000000002,
      3.8624159999999996,
      0.32186800000000004,
      11.104446000000001,
      0.48280199999999995,
      0.9656039999999999,
      12.230984,
      2.735878,
      0.48280199999999995,
      9.816974,
      2.41401,
      2.2530759999999996,
      3.5405480000000003,
      5.310822,
      2.41401,
      0.0,
      8.368568,
      6.9201619999999995,
      14.48406,
      12.230984,
      1.7702740000000001,
      0.16093400000000002,
      0.80467,
      0.48280199999999995,
      1.1265379999999998,
      0.80467,
      0.32186800000000004,
      14.644993999999999,
      27.036912,
      1.60934,
      1.9312079999999998,
      14.323126,
      1.1265379999999998,
      14.001257999999998,
      0.6437360000000001,
      1.448406,
      1.9312079999999998,
      1.60934,
      2.092142,
      1.2874720000000002,
      0.80467,
      13.357522000000001,
      27.036912,
      0.32186800000000004,
      3.7014819999999995,
      5.793624,
      14.644993999999999,
      13.035654,
      1.448406,
      2.5749440000000003
    ],
    [
      8.368568,
      8.368568,
      7.0810960000000005,
      8.529501999999999,
      8.690436,
      10.138842,
      2.896812,
      9.816974,
      9.816974,
      10.943512,
      8.207633999999999,
      2.735878,
      8.0467,
      8.85137,
      19.31208,
      5.471756,
      8.368568,
      18.50741,
      6.759228,
      5.63269,
      10.621644,
      4.506151999999999,
      6.115492,
      8.368568,
      0.0,
      2.735878,
      20.599552000000003,
      10.138842,
      7.724831999999999,
      8.207633999999999,
      8.85137,
      8.368568,
      6.276426,
      8.690436,
      8.690436,
      20.760486,
      35.40548,
      6.115492,
      5.471756,
      20.438617999999998,
      6.43736,
      20.11675,
      9.334171999999999,
      7.402963999999999,
      6.598293999999999,
      8.0467,
      5.310822,
      9.816974,
      7.885766,
      19.473014,
      33.79614,
      8.207633999999999,
      11.748182,
      4.667085999999999,
      18.668343999999998,
      9.816974,
      9.816974,
      10.782578
    ],
    [
      6.759228,
      6.759228,
      5.63269,
      6.9201619999999995,
      7.24203,
      8.690436,
      0.48280199999999995,
      8.207633999999999,
      5.471756,
      9.334171999999999,
      6.759228,
      5.471756,
      6.43736,
      7.402963999999999,
      17.70274,
      3.8624159999999996,
      6.759228,
      17.059003999999998,
      5.149888000000001,
      4.184284,
      9.173238,
      1.60934,
      4.506151999999999,
      6.9201619999999995,
      2.735878,
      0.0,
      18.829278,
      8.0467,
      6.115492,
      6.43736,
      7.24203,
      6.598293999999999,
      4.506151999999999,
      6.9201619999999995,
      6.9201619999999995,
      18.990212,
      33.635206,
      4.345218,
      3.8624159999999996,
      18.829278,
      4.82802,
      18.346476,
      7.724831999999999,
      4.506151999999999,
      4.82802,
      6.276426,
      3.7014819999999995,
      8.0467,
      6.276426,
      17.863674,
      32.1868,
      6.43736,
      9.977908000000001,
      0.80467,
      16.89807,
      11.26538,
      8.0467,
      9.012303999999999
    ],
    [
      14.48406,
      14.323126,
      14.966862,
      13.518456,
      12.07005,
      11.426314,
      18.990212,
      11.26538,
      14.162192000000001,
      11.104446000000001,
      14.323126,
      23.33543,
      13.357522000000001,
      12.230984,
      1.60934,
      15.449663999999999,
      13.67939,
      21.887024,
      14.48406,
      15.28873,
      11.909116000000001,
      17.541806,
      15.449663999999999,
      14.48406,
      20.599552000000003,
      18.829278,
      0.0,
      22.852628,
      14.48406,
      12.87472,
      15.127796,
      13.840323999999999,
      14.162192000000001,
      14.001257999999998,
      13.357522000000001,
      0.16093400000000002,
      32.669602,
      14.644993999999999,
      15.771532,
      2.2530759999999996,
      14.162192000000001,
      0.80467,
      13.518456,
      15.449663999999999,
      15.28873,
      14.001257999999998,
      15.449663999999999,
      13.840323999999999,
      13.196587999999998,
      2.092142,
      18.185542,
      12.87472,
      10.621644,
      17.541806,
      1.1265379999999998,
      24.783836,
      14.48406,
      14.001257999999998
    ],
    [
      12.391918,
      12.07005,
      13.035654,
      13.035654,
      13.357522000000001,
      14.805927999999998,
      8.85137,
      14.48406,
      11.426314,
      15.610598,
      12.07005,
      9.334171999999999,
      13.035654,
      13.840323999999999,
      24.461968,
      11.909116000000001,
      12.391918,
      3.8624159999999996,
      12.713786,
      11.909116000000001,
      15.449663999999999,
      8.207633999999999,
      11.104446000000001,
      12.230984,
      10.138842,
      8.0467,
      22.852628,
      0.0,
      11.909116000000001,
      13.035654,
      11.426314,
      12.07005,
      11.587248,
      12.230984,
      12.07005,
      25.910374,
      20.277684,
      11.426314,
      12.07005,
      25.588506,
      11.748182,
      23.657297999999997,
      11.909116000000001,
      11.26538,
      12.07005,
      11.748182,
      12.230984,
      11.748182,
      12.713786,
      24.783836,
      35.566414,
      12.391918,
      13.840323999999999,
      8.85137,
      23.013562,
      3.5405480000000003,
      11.748182,
      10.943512
    ],
    [
      0.9656039999999999,
      1.60934,
      2.092142,
      2.2530759999999996,
      2.896812,
      4.9889540000000006,
      6.115492,
      3.8624159999999996,
      2.41401,
      5.310822,
      0.80467,
      10.46071,
      1.60934,
      3.21868,
      13.67939,
      1.60934,
      0.6437360000000001,
      10.782578,
      1.7702740000000001,
      1.60934,
      5.471756,
      4.667085999999999,
      0.9656039999999999,
      1.7702740000000001,
      7.724831999999999,
      6.115492,
      14.48406,
      11.909116000000001,
      0.0,
      1.1265379999999998,
      1.60934,
      0.48280199999999995,
      0.9656039999999999,
      0.48280199999999995,
      0.80467,
      14.48406,
      29.129054000000004,
      1.2874720000000002,
      1.7702740000000001,
      14.323126,
      0.48280199999999995,
      14.001257999999998,
      2.092142,
      1.2874720000000002,
      1.60934,
      0.6437360000000001,
      1.7702740000000001,
      2.41401,
      0.80467,
      13.357522000000001,
      27.680647999999998,
      1.1265379999999998,
      4.667085999999999,
      5.149888000000001,
      12.552852,
      13.518456,
      2.896812,
      3.5405480000000003
    ],
    [
      1.448406,
      0.16093400000000002,
      2.5749440000000003,
      0.32186800000000004,
      1.1265379999999998,
      2.735878,
      6.598293999999999,
      2.41401,
      1.448406,
      3.5405480000000003,
      0.32186800000000004,
      10.943512,
      0.32186800000000004,
      0.6437360000000001,
      11.909116000000001,
      2.2530759999999996,
      0.6437360000000001,
      9.977908000000001,
      2.092142,
      2.092142,
      3.379614,
      4.9889540000000006,
      2.092142,
      0.16093400000000002,
      8.207633999999999,
      6.43736,
      12.87472,
      13.035654,
      1.1265379999999998,
      0.0,
      0.9656039999999999,
      0.80467,
      1.60934,
      1.1265379999999998,
      0.48280199999999995,
      13.357522000000001,
      28.002515999999996,
      1.9312079999999998,
      3.7014819999999995,
      13.035654,
      1.448406,
      12.713786,
      0.80467,
      1.7702740000000001,
      2.092142,
      1.448406,
      3.5405480000000003,
      1.60934,
      0.32186800000000004,
      12.07005,
      26.393175999999997,
      0.046,
      3.8624159999999996,
      5.471756,
      11.26538,
      14.48406,
      1.60934,
      2.735878
    ],
    [
      2.2530759999999996,
      0.9656039999999999,
      3.21868,
      0.9656039999999999,
      2.092142,
      3.7014819999999995,
      7.24203,
      3.379614,
      0.9656039999999999,
      4.506151999999999,
      0.9656039999999999,
      11.587248,
      1.2874720000000002,
      2.41401,
      12.87472,
      2.2530759999999996,
      0.6437360000000001,
      9.816974,
      2.896812,
      2.2530759999999996,
      4.345218,
      3.5405480000000003,
      1.7702740000000001,
      0.80467,
      8.85137,
      7.24203,
      15.127796,
      11.426314,
      1.60934,
      0.9656039999999999,
      0.0,
      0.6437360000000001,
      1.2874720000000002,
      0.9656039999999999,
      0.6437360000000001,
      14.162192000000001,
      27.036912,
      1.448406,
      2.092142,
      14.001257999999998,
      0.9656039999999999,
      13.67939,
      0.80467,
      0.80467,
      1.9312079999999998,
      0.9656039999999999,
      2.092142,
      0.9656039999999999,
      0.9656039999999999,
      13.035654,
      26.875978,
      0.9656039999999999,
      3.5405480000000003,
      6.115492,
      14.48406,
      12.391918,
      0.80467,
      2.41401
    ],
    [
      1.448406,
      0.48280199999999995,
      2.41401,
      0.6437360000000001,
      2.092142,
      3.5405480000000003,
      6.759228,
      3.21868,
      1.7702740000000001,
      4.345218,
      0.48280199999999995,
      10.943512,
      0.9656039999999999,
      2.5749440000000003,
      13.035654,
      1.60934,
      0.16093400000000002,
      11.426314,
      1.9312079999999998,
      1.448406,
      4.02335,
      5.149888000000001,
      1.1265379999999998,
      0.48280199999999995,
      8.368568,
      6.598293999999999,
      13.840323999999999,
      12.07005,
      0.48280199999999995,
      0.80467,
      0.6437360000000001,
      0.0,
      0.6437360000000001,
      0.48280199999999995,
      0.16093400000000002,
      14.48406,
      29.129054000000004,
      1.1265379999999998,
      1.448406,
      14.162192000000001,
      0.32186800000000004,
      13.840323999999999,
      1.2874720000000002,
      0.9656039999999999,
      1.448406,
      0.48280199999999995,
      1.60934,
      1.60934,
      0.48280199999999995,
      13.196587999999998,
      27.519714,
      0.80467,
      4.02335,
      5.63269,
      12.391918,
      12.713786,
      1.60934,
      2.735878
    ],
    [
      0.6437360000000001,
      0.9656039999999999,
      1.7702740000000001,
      1.2874720000000002,
      2.41401,
      4.506151999999999,
      4.667085999999999,
      3.5405480000000003,
      2.41401,
      4.9889540000000006,
      0.9656039999999999,
      9.012303999999999,
      1.2874720000000002,
      2.896812,
      13.357522000000001,
      0.9656039999999999,
      1.1265379999999998,
      11.104446000000001,
      1.448406,
      0.9656039999999999,
      5.149888000000001,
      3.21868,
      0.6437360000000001,
      1.1265379999999998,
      6.276426,
      4.506151999999999,
      14.162192000000001,
      11.587248,
      0.9656039999999999,
      1.60934,
      1.2874720000000002,
      0.6437360000000001,
      0.0,
      0.16093400000000002,
      0.80467,
      14.966862,
      29.611855999999996,
      0.48280199999999995,
      0.80467,
      14.644993999999999,
      0.32186800000000004,
      14.323126,
      1.7702740000000001,
      1.2874720000000002,
      0.80467,
      0.489,
      0.9656039999999999,
      2.2530759999999996,
      1.1265379999999998,
      13.67939,
      28.807185999999998,
      1.448406,
      5.63269,
      3.7014819999999995,
      12.87472,
      13.518456,
      2.896812,
      3.5405480000000003
    ],
    [
      0.32186800000000004,
      0.80467,
      2.41401,
      1.1265379999999998,
      2.2530759999999996,
      3.7014819999999995,
      7.0810960000000005,
      3.21868,
      2.092142,
      4.667085999999999,
      0.9656039999999999,
      11.426314,
      1.1265379999999998,
      2.735878,
      13.035654,
      1.9312079999999998,
      0.6437360000000001,
      11.587248,
      2.092142,
      1.7702740000000001,
      4.184284,
      5.63269,
      1.1265379999999998,
      0.80467,
      8.690436,
      6.9201619999999995,
      14.001257999999998,
      12.230984,
      0.48280199999999995,
      1.1265379999999998,
      0.9656039999999999,
      0.48280199999999995,
      0.16093400000000002,
      0.0,
      0.80467,
      15.127796,
      29.77279,
      0.6437360000000001,
      1.1265379999999998,
      14.966862,
      0.16093400000000002,
      14.48406,
      1.7702740000000001,
      1.1265379999999998,
