{
  "drive_dist_matrix": [
    [
      0.0,
      8.3,
      0.7,
      1.4,
      2.9,
      2.3,
      0.85,
      1.1,
      1.3,
      1.7,
      13.1,
      3.4,
      1.8,
      2.6,
      1.7,
      1.4,
      4.0,
      11.2,
      1.6,
      9.3,
      1.8,
      8.5,
      8.9,
      0.057,
      1.5,
      10.2,
      0.7,
      2.6,
      2.8,
      8.5,
      1.3,
      28.7,
      9.2,
      1.7,
      2.4,
      16.9,
      1.6,
      7.3,
      3.0,
      5.3,
      1.9,
      9.9,
      1.4,
      2.4,
      2.7,
      8.1,
      8.2,
      0.22,
      0.65,
      1.8,
      5.9,
      0.26,
      9.0,
      4.2,
      10.1,
      9.3,
      0.55,
      22.2,
      2.1,
      10.4
    ],
    [
      8.3,
      0.0,
      8.8,
      7.2,
      6.3,
      8.2,
      9.6,
      8.7,
      8.8,
      8.2,
      10.9,
      8.4,
      10.2,
      7.4,
      6.9,
      8.9,
      7.7,
      10.0,
      9.2,
      3.6,
      7.8,
      6.9,
      22.0,
      8.3,
      7.7,
      8.7,
      8.8,
      6.9,
      6.7,
      0.6,
      7.5,
      36.4,
      9.3,
      8.0,
      7.8,
      17.4,
      9.7,
      15.0,
      7.4,
      6.1,
      7.2,
      17.6,
      8.8,
      6.6,
      7.2,
      3.6,
      6.8,
      8.5,
      8.5,
      7.8,
      14.4,
      8.4,
      17.3,
      5.5,
      6.0,
      9.3,
      8.8,
      25.3,
      6.8,
      6.5
    ],
    [
      0.7,
      8.8,
      0.0,
      1.9,
      2.4,
      2.7,
      1.5,
      1.8,
      1.9,
      2.1,
      12.8,
      3.0,
      2.1,
      2.4,
      2.2,
      1.9,
      3.7,
      11.6,
      2.1,
      9.4,
      2.4,
      8.8,
      8.9,
      0.65,
      1.2,
      9.9,
      0.0,
      2.5,
      2.4,
      8.7,
      1.6,
      27.9,
      9.0,
      1.1,
      2.8,
      16.9,
      1.6,
      6.5,
      3.4,
      4.8,
      2.3,
      9.1,
      1.9,
      2.2,
      3.1,
      8.3,
      8.4,
      0.5,
      1.6,
      2.4,
      5.9,
      0.55,
      9.1,
      4.6,
      10.5,
      9.0,
      0.19,
      21.4,
      2.6,
      10.8
    ],
    [
      1.4,
      7.2,
      1.9,
      0.0,
      1.8,
      2.9,
      2.6,
      1.7,
      1.0,
      2.3,
      12.6,
      4.0,
      3.2,
      2.3,
      0.55,
      1.9,
      3.6,
      11.9,
      2.2,
      8.1,
      0.21,
      9.1,
      1.6,
      1.3,
      1.6,
      9.7,
      1.9,
      1.5,
      1.7,
      7.4,
      1.4,
      29.4,
      8.7,
      1.8,
      3.1,
      18.0,
      2.7,
      8.0,
      3.6,
      4.2,
      1.9,
      10.6,
      1.8,
      2.1,
      3.0,
      7.0,
      7.1,
      1.5,
      1.5,
      0.21,
      7.0,
      1.4,
      10.2,
      3.6,
      7.8,
      8.8,
      1.9,
      22.9,
      0.35,
      9.3
    ],
    [
      2.9,
      6.3,
      2.4,
      1.8,
      0.0,
      3.1,
      5.0,
      4.2,
      4.3,
      3.8,
      13.8,
      4.0,
      5.6,
      3.5,
      2.1,
      4.3,
      4.8,
      9.8,
      4.7,
      7.4,
      3.2,
      6.2,
      12.5,
      3.7,
      2.8,
      10.9,
      4.3,
      2.8,
      NaN,
      5.9,
      2.7,
      31.8,
      9.9,
      3.0,
      3.4,
      20.6,
      5.1,
      10.4,
      3.1,
      2.4,
      0.85,
      13.0,
      4.2,
      3.3,
      2.9,
      5.1,
      7.5,
      3.9,
      3.9,
      3.2,
      9.4,
      3.9,
      12.6,
      2.4,
      5.9,
      10.0,
      4.3,
      25.3,
      2.0,
      7.4
    ],
    [
      2.3,
      8.2,
      2.7,
      2.9,
      3.1,
      0.0,
      2.3,
      1.5,
      2.5,
      1.8,
      15.0,
      0.9,
      2.9,
      4.7,
      2.7,
      0.95,
      6.0,
      8.9,
      2.0,
      8.9,
      3.8,
      6.1,
      10.2,
      3.0,
      4.0,
      12.0,
      3.3,
      3.9,
      4.1,
      7.5,
      1.0,
      28.9,
      11.1,
      4.2,
      0.85,
      18.2,
      3.2,
      7.5,
      0.7,
      3.4,
      1.8,
      10.1,
      1.7,
      4.5,
      0.85,
      6.3,
      9.1,
      2.9,
      2.5,
      3.8,
      7.2,
      2.9,
      10.3,
      2.2,
      7.9,
      11.2,
      3.3,
      22.4,
      2.7,
      8.1
    ],
    [
      0.85,
      9.6,
      1.5,
      2.6,
      5.0,
      2.3,
      0.0,
      1.6,
      1.1,
      0.9,
      14.0,
      2.0,
      0.75,
      3.6,
      2.6,
      0.95,
      4.9,
      10.6,
      0.65,
      10.5,
      2.8,
      7.8,
      8.0,
      0.8,
      2.4,
      11.1,
      1.6,
      3.6,
      3.6,
      9.8,
      2.2,
      27.0,
      10.1,
      2.7,
      1.8,
      16.1,
      0.23,
      5.6,
      2.3,
      4.9,
      3.1,
      8.2,
      1.4,
      3.4,
      2.1,
      7.7,
      9.2,
      1.2,
      0.65,
      2.8,
      5.0,
      1.1,
      8.2,
      3.6,
      9.5,
      10.2,
      1.6,
      20.5,
      3.0,
      9.8
    ],
    [
      1.1,
      8.7,
      1.8,
      1.7,
      4.2,
      1.5,
      1.6,
      0.0,
      0.5,
      0.85,
      14.1,
      1.9,
      1.9,
      3.4,
      2.1,
      0.75,
      4.8,
      10.5,
      1.0,
      9.7,
      2.2,
      7.8,
      9.1,
      1.1,
      2.3,
      11.2,
      1.9,
      3.0,
      3.2,
      8.9,
      1.7,
      28.5,
      10.2,
      2.5,
      1.8,
      17.1,
      1.8,
      7.1,
      2.3,
      5.7,
      0.95,
      9.7,
      0.6,
      3.2,
      2.0,
      7.7,
      8.6,
      1.5,
      0.75,
      2.2,
      6.1,
      1.5,
      9.3,
      3.6,
      9.0,
      10.3,
      1.9,
      22.0,
      2.4,
      9.8
    ],
    [
      1.3,
      8.8,
      1.9,
      1.0,
      4.3,
      2.5,
      1.1,
      0.5,
      0.0,
      0.85,
      13.3,
      3.7,
      2.9,
      2.7,
      1.3,
      1.6,
      4.0,
      11.8,
      1.0,
      8.9,
      0.8,
      8.8,
      9.7,
      0.55,
      1.5,
      10.4,
      1.5,
      2.3,
      2.4,
      8.2,
      1.0,
      29.1,
      9.5,
      1.8,
      0.7,
      18.2,
      2.4,
      7.7,
      4.1,
      5.0,
      1.6,
      10.3,
      0.85,
      2.5,
      3.7,
      7.7,
      7.9,
      1.3,
      0.55,
      0.85,
      6.7,
      0.75,
      9.9,
      2.9,
      7.2,
      9.5,
      1.2,
      22.6,
      1.7,
      7.8
    ],
    [
      1.7,
      8.2,
      2.1,
      2.3,
      3.8,
      1.8,
      0.9,
      0.85,
      0.85,
      0.0,
      14.1,
      0.75,
      0.45,
      3.5,
      2.1,
      0.25,
      4.8,
      10.4,
      0.28,
      9.7,
      2.3,
      7.6,
      8.9,
      1.1,
      2.3,
      11.2,
      1.7,
      3.1,
      3.2,
      9.0,
      1.8,
      27.9,
      10.3,
      2.6,
      0.7,
      17.0,
      1.6,
      6.5,
      2.1,
      4.7,
      2.4,
      9.1,
      0.5,
      3.3,
      1.9,
      7.1,
      8.7,
      1.4,
      0.6,
      2.3,
      5.9,
      1.3,
      9.1,
      3.4,
      8.4,
      10.3,
      1.7,
      21.4,
      2.5,
      9.6
    ],
    [
      13.1,
      10.9,
      12.8,
      12.6,
      13.8,
      15.0,
      14.0,
      14.1,
      13.3,
      14.1,
      0.0,
      18.5,
      16.6,
      13.4,
      14.4,
      16.3,
      12.2,
      22.4,
      16.7,
      11.1,
      15.2,
      19.2,
      25.2,
      15.0,
      13.7,
      6.5,
      14.8,
      13.7,
      13.5,
      13.1,
      15.9,
      43.8,
      6.9,
      14.0,
      17.4,
      20.6,
      16.3,
      22.4,
      17.2,
      15.8,
      15.8,
      25.0,
      16.2,
      12.7,
      16.8,
      16.0,
      9.8,
      15.2,
      15.9,
      15.2,
      24.7,
      15.2,
      25.4,
      16.7,
      18.3,
      7.0,
      14.8,
      28.5,
      14.8,
      18.8
    ],
    [
      3.4,
      8.4,
      3.0,
      4.0,
      4.0,
      0.9,
      2.0,
      1.9,
      3.7,
      0.75,
      18.5,
      0.0,
      0.7,
      4.1,
      2.7,
      0.7,
      5.4,
      9.8,
      1.0,
      9.6,
      2.9,
      7.0,
      9.2,
      2.0,
      2.9,
      11.8,
      2.3,
      3.7,
      3.9,
      8.2,
      2.4,
      28.0,
      10.9,
      3.2,
      1.0,
      17.2,
      2.2,
      6.6,
      1.6,
      4.1,
      2.3,
      9.2,
      0.7,
      3.9,
      1.3,
      7.0,
      9.3,
      2.0,
      1.5,
      2.9,
      6.2,
      1.9,
      9.4,
      2.8,
      8.7,
      11.0,
      2.3,
      21.5,
      3.1,
      9.0
    ],
    [
      1.8,
      10.2,
      2.1,
      3.2,
      5.6,
      2.9,
      0.75,
      1.9,
      2.9,
      0.45,
      16.6,
      0.7,
      0.0,
      4.1,
      3.1,
      1.7,
      5.4,
      11.1,
      1.8,
      11.1,
      3.3,
      8.3,
      8.6,
      1.7,
      2.9,
      11.6,
      2.1,
      4.1,
      4.3,
      10.4,
      2.8,
      27.6,
      10.7,
      3.2,
      1.1,
      16.6,
      0.65,
      6.2,
      2.9,
      5.4,
      3.6,
      8.7,
      0.8,
      3.9,
      2.6,
      8.2,
      9.7,
      1.7,
      1.7,
      3.3,
      5.6,
      1.7,
      8.7,
      4.1,
      10.0,
      10.7,
      2.1,
      21.0,
      3.5,
      10.3
    ],
    [
      2.6,
      7.4,
      2.4,
      2.3,
      3.5,
      4.7,
      3.6,
      3.4,
      2.7,
      3.5,
      13.4,
      4.1,
      4.1,
      0.0,
      1.9,
      3.8,
      2.3,
      13.0,
      4.2,
      8.3,
      2.8,
      9.6,
      11.2,
      2.5,
      1.3,
      8.5,
      2.3,
      0.85,
      2.2,
      7.6,
      3.4,
      31.4,
      7.5,
      1.5,
      4.9,
      17.0,
      3.9,
      10.0,
      4.7,
      5.0,
      3.3,
      12.6,
      3.8,
      0.3,
      4.4,
      7.7,
      7.3,
      2.8,
      3.5,
      2.8,
      8.2,
      2.7,
      11.3,
      4.9,
      9.2,
      7.6,
      2.3,
      24.9,
      2.3,
      10.6
    ],
    [
      1.7,
      6.9,
      2.2,
      0.55,
      2.1,
      2.7,
      2.6,
      2.1,
      1.3,
      2.1,
      14.4,
      2.7,
      3.1,
      1.9,
      0.0,
      2.2,
      3.3,
      11.1,
      2.6,
      7.8,
      0.85,
      8.3,
      10.4,
      1.6,
      1.2,
      9.4,
      2.2,
      1.2,
      0.65,
      7.1,
      1.9,
      29.8,
      8.4,
      1.5,
      3.0,
      19.6,
      3.1,
      8.3,
      2.8,
      3.7,
      1.4,
      10.9,
      2.1,
      1.8,
      2.4,
      6.4,
      6.8,
      1.9,
      1.8,
      0.85,
      7.4,
      1.8,
      10.5,
      3.0,
      7.3,
      8.5,
      2.2,
      23.2,
      0.35,
      8.7
    ],
    [
      1.4,
      8.9,
      1.9,
      1.9,
      4.3,
      0.95,
      0.95,
      0.75,
      1.6,
      0.25,
      16.3,
      0.7,
      1.7,
      3.8,
      2.2,
      0.0,
      5.0,
      10.2,
      0.29,
      9.9,
      2.5,
      7.4,
      8.9,
      1.3,
      2.5,
      11.4,
      2.0,
      3.3,
      3.4,
      9.2,
      0.95,
      27.7,
      10.5,
      2.8,
      1.3,
      16.9,
      0.8,
      6.3,
      2.0,
      4.5,
      2.7,
      8.8,
      0.35,
      3.5,
      1.7,
      6.9,
      8.9,
      1.6,
      0.7,
      2.5,
      5.9,
      1.6,
      9.0,
      3.2,
      9.1,
      10.5,
      2.0,
      21.1,
      2.7,
      9.4
    ],
    [
      4.0,
      7.7,
      3.7,
      3.6,
      4.8,
      6.0,
      4.9,
      4.8,
      4.0,
      4.8,
      12.2,
      5.4,
      5.4,
      2.3,
      3.3,
      5.0,
      0.0,
      14.3,
      5.6,
      9.6,
      4.1,
      10.4,
      12.5,
      3.9,
      2.6,
      7.3,
      3.7,
      2.8,
      2.5,
      10.9,
      4.7,
      32.7,
      6.4,
      2.9,
      6.2,
      1.5,
      5.2,
      11.3,
      6.1,
      5.8,
      4.6,
      13.9,
      5.1,
      1.5,
      5.7,
      8.0,
      6.8,
      4.1,
      4.8,
      4.1,
      9.5,
      4.0,
      12.7,
      6.3,
      9.5,
      6.4,
      3.7,
      23.8,
      3.6,
      10.9
    ],
    [
      11.2,
      10.0,
      11.6,
      11.9,
      9.8,
      8.9,
      10.6,
      10.5,
      11.8,
      10.4,
      22.4,
      9.8,
      11.1,
      13.0,
      11.1,
      10.2,
      14.3,
      0.0,
      10.1,
      11.2,
      11.2,
      3.6,
      17.0,
      11.1,
      11.3,
      24.2,
      11.5,
      11.3,
      11.8,
      7.9,
      10.7,
      35.2,
      24.8,
      11.6,
      9.5,
      25.0,
      12.9,
      13.8,
      8.1,
      8.3,
      9.8,
      16.4,
      9.8,
      11.8,
      9.0,
      5.7,
      13.6,
      11.4,
      10.6,
      11.2,
      14.0,
      11.3,
      17.2,
      7.8,
      3.7,
      24.8,
      11.7,
      28.7,
      10.0,
      3.2
    ],
    [
      1.6,
      9.2,
      2.1,
      2.2,
      4.7,
      2.0,
      0.65,
      1.0,
      1.0,
      0.28,
      16.7,
      1.0,
      1.8,
      4.2,
      2.6,
      0.29,
      5.6,
      10.1,
      0.0,
      10.1,
      2.7,
      8.4,
      8.7,
      1.1,
      2.3,
      11.0,
      1.5,
      3.5,
      3.7,
      9.4,
      2.2,
      28.7,
      10.1,
      2.6,
      0.85,
      16.7,
      0.5,
      7.3,
      2.9,
      6.2,
      2.8,
      9.9,
      0.6,
      3.3,
      2.7,
      8.3,
      9.1,
      1.1,
      0.6,
      2.7,
      5.7,
      1.1,
      8.9,
      4.2,
      9.2,
      10.1,
      1.5,
      22.2,
      2.9,
      10.4
    ],
    [
      9.3,
      3.6,
      9.4,
      8.1,
      7.4,
      8.9,
      10.5,
      9.7,
      8.9,
      9.7,
      11.1,
      9.6,
      11.1,
      8.3,
      7.8,
      9.9,
      9.6,
      11.2,
      10.1,
      0.0,
      8.7,
      9.8,
      20.4,
      9.2,
      8.6,
      7.0,
      9.7,
      7.8,
      7.5,
      3.8,
      9.1,
      37.3,
      7.6,
      8.9,
      9.4,
      15.8,
      10.6,
      15.9,
      9.1,
      7.2,
      8.9,
      18.5,
      9.7,
      7.5,
      8.9,
      6.7,
      5.1,
      9.4,
      9.4,
      8.7,
      19.9,
      9.4,
      20.6,
      8.1,
      9.0,
      7.5,
      9.7,
      23.8,
      8.4,
      9.5
    ],
    [
      1.8,
      7.8,
      2.4,
      0.21,
      3.2,
      3.8,
      2.8,
      2.2,
      0.8,
      2.3,
      15.2,
      2.9,
      3.3,
      2.8,
      0.85,
      2.5,
      4.1,
      11.2,
      2.7,
      8.7,
      0.0,
      9.3,
      1.7,
      1.5,
      0.9,
      9.9,
      2.1,
      1.7,
      1.9,
      7.6,
      1.3,
      29.6,
      8.9,
      0.9,
      3.2,
      18.3,
      2.9,
      8.2,
      3.8,
      4.4,
      2.1,
      10.8,
      2.0,
      2.3,
      3.2,
      7.2,
      7.3,
      1.1,
      1.7,
      0.003,
      7.2,
      1.1,
      10.4,
      3.8,
      8.0,
      9.0,
      2.1,
      23.1,
      0.5,
      9.5
    ],
    [
      8.5,
      6.9,
      8.8,
      9.1,
      6.2,
      6.1,
      7.8,
      7.8,
      8.8,
      7.6,
      19.2,
      7.0,
      8.3,
      9.6,
      8.3,
      7.4,
      10.4,
      3.6,
      8.4,
      9.8,
      9.3,
      0.0,
      14.2,
      8.2,
      8.5,
      15.1,
      8.6,
      8.4,
      8.6,
      6.7,
      7.8,
      32.4,
      15.7,
      8.7,
      6.7,
      22.2,
      10.0,
      11.0,
      5.2,
      5.6,
      7.1,
      13.5,
      7.0,
      9.0,
      6.1,
      4.3,
      11.7,
      8.2,
      7.7,
      8.3,
      11.2,
      8.2,
      14.3,
      5.0,
      0.9,
      15.7,
      8.6,
      25.8,
      7.2,
      1.5
    ],
    [
      8.9,
      22.0,
      8.9,
      1.6,
      12.5,
      10.2,
      8.0,
      9.1,
      9.7,
      8.9,
      25.2,
      9.2,
      8.6,
      11.2,
      10.4,
      8.9,
      12.5,
      17.0,
      8.7,
      20.4,
      1.7,
      14.2,
      0.0,
      8.9,
      0.9,
      18.1,
      9.0,
      11.4,
      1.8,
      20.3,
      10.0,
      29.7,
      16.9,
      1.6,
      9.7,
      11.9,
      7.9,
      8.3,
      10.2,
      12.7,
      10.9,
      9.0,
      9.2,
      11.2,
      9.9,
      23.2,
      16.4,
      8.9,
      9.0,
      1.7,
      3.9,
      8.9,
      0.17,
      11.5,
      15.2,
      16.8,
      8.9,
      21.1,
      10.8,
      16.6
    ],
    [
      0.057,
      8.3,
      0.65,
      1.3,
      3.7,
      3.0,
      0.8,
      1.1,
      0.55,
      1.1,
      15.0,
      2.0,
      1.7,
      2.5,
      1.6,
      1.3,
      3.9,
      11.1,
      1.1,
      9.2,
      1.5,
      8.2,
      8.9,
      0.0,
      1.4,
      10.1,
      0.65,
      2.6,
      2.7,
      8.5,
      1.3,
      28.7,
      9.2,
      1.7,
      2.4,
      16.8,
      1.5,
      7.3,
      2.9,
      5.3,
      1.9,
      9.9,
      1.3,
      2.4,
      2.6,
      8.0,
      8.2,
      0.27,
      1.0,
      1.0,
      5.8,
      0.25,
      9.0,
      4.2,
      9.2,
      9.2,
      0.6,
      22.2,
      2.0,
      10.4
    ],
    [
      1.5,
      7.7,
      1.2,
      1.6,
      2.8,
      4.0,
      2.4,
      2.3,
      1.5,
      2.3,
      13.7,
      2.9,
      2.9,
      1.3,
      1.2,
      2.5,
      2.6,
      11.3,
      2.3,
      8.6,
      0.9,
      8.5,
      0.9,
      1.4,
      0.0,
      10.1,
      1.1,
      2.7,
      0.95,
      8.9,
      1.9,
      29.8,
      9.2,
      0.8,
      3.5,
      17.9,
      2.6,
      8.4,
      4.1,
      5.0,
      2.5,
      11.0,
      2.2,
      2.4,
      3.8,
      7.8,
      8.6,
      1.5,
      1.9,
      0.9,
      6.9,
      1.5,
      1.0,
      3.8,
      10.4,
      9.3,
      1.1,
      23.3,
      2.9,
      11.5
    ],
    [
      10.2,
      8.7,
      9.9,
      9.7,
      10.9,
      12.0,
      11.1,
      11.2,
      10.4,
      11.2,
      6.5,
      11.8,
      11.6,
      8.5,
      9.4,
      11.4,
      7.3,
      24.2,
      11.0,
      7.0,
      9.9,
      15.1,
      18.1,
      10.1,
      10.1,
      0.0,
      10.1,
      9.0,
      8.8,
      8.6,
      11.1,
      39.1,
      1.1,
      9.3,
      12.6,
      14.4,
      11.6,
      17.7,
      12.5,
      9.6,
      11.0,
      20.3,
      11.5,
      7.9,
      12.1,
      11.5,
      4.8,
      10.5,
      11.2,
      10.5,
      18.6,
      10.5,
      19.2,
      10.5,
      13.8,
      0.9,
      10.1,
      22.4,
      10.0,
      14.3
    ],
    [
      0.7,
      8.8,
      0.0,
      1.9,
      4.3,
      3.3,
      1.6,
      1.9,
      1.5,
      1.7,
      14.8,
      2.3,
      2.1,
      2.3,
      2.2,
      2.0,
      3.7,
      11.5,
      1.5,
      9.7,
      2.1,
      8.6,
      9.0,
      0.65,
      1.1,
      10.1,
      0.0,
      2.5,
      2.4,
      8.7,
      1.6,
      27.9,
      9.0,
      1.5,
      2.8,
      16.9,
      1.6,
      6.5,
      3.4,
      4.8,
      2.3,
      9.1,
      1.9,
      2.2,
      3.1,
      8.3,
      8.4,
      0.5,
      1.6,
      2.4,
      5.9,
      0.55,
      9.1,
      4.6,
      9.6,
      9.0,
      0.059,
      21.4,
      2.6,
      10.8
    ],
    [
      2.6,
      6.9,
      2.5,
      1.5,
      2.8,
      3.9,
      3.6,
      3.0,
      2.3,
      3.1,
      13.7,
      3.7,
      4.1,
      0.85,
      1.2,
      3.3,
      2.8,
      11.3,
      3.5,
      7.8,
      1.7,
      8.4,
      11.4,
      2.6,
      2.7,
      9.0,
      2.5,
      0.0,
      0.65,
      6.2,
      3.1,
      31.0,
      7.4,
      2.7,
      4.6,
      17.6,
      4.4,
      9.6,
      4.4,
      4.1,
      2.9,
      12.2,
      3.4,
      0.55,
      4.0,
      6.4,
      5.9,
      3.1,
      3.1,
      2.4,
      8.7,
      3.1,
      11.8,
      5.0,
      7.8,
      7.5,
      3.5,
      25.6,
      2.0,
      9.2
    ],
    [
      2.8,
      6.7,
      2.4,
      1.7,
      NaN,
      4.1,
      3.6,
      3.2,
      2.4,
      3.2,
      13.5,
      3.9,
      4.3,
      2.2,
      0.65,
      3.4,
      2.5,
      11.8,
      3.7,
      7.5,
      1.9,
      8.6,
      1.8,
      2.7,
      0.95,
      8.8,
      2.4,
      0.65,
      0.0,
      7.1,
      2.1,
      30.1,
      8.3,
      1.3,
      3.6,
      18.5,
      3.4,
      8.7,
      3.5,
      3.7,
      2.0,
      11.3,
      2.5,
      0.9,
      3.1,
      6.5,
      6.8,
      2.2,
      2.2,
      1.5,
      7.7,
      2.2,
      10.9,
      3.7,
      8.1,
      8.4,
      2.1,
      23.6,
      0.9,
      8.8
    ],
    [
      8.5,
      0.6,
      8.7,
      7.4,
      5.9,
      7.5,
      9.8,
      8.9,
      8.2,
      9.0,
      13.1,
      8.2,
      10.4,
      7.6,
      7.1,
      9.2,
      10.9,
      7.9,
      9.4,
      3.8,
      7.6,
      6.7,
      20.3,
      8.5,
      8.9,
      8.6,
      8.7,
      6.2,
      7.1,
      0.0,
      7.7,
      36.1,
      9.5,
      8.2,
      8.6,
      17.5,
      9.9,
      15.2,
      8.2,
      5.8,
      8.0,
      17.8,
      9.0,
      6.8,
      8.0,
      3.4,
      7.2,
      8.7,
      8.6,
      7.9,
      21.7,
      8.6,
      22.3,
      6.6,
      5.7,
      9.4,
      9.0,
      25.5,
      7.0,
      6.2
    ],
    [
      1.3,
      7.5,
      1.6,
      1.4,
      2.7,
      1.0,
      2.2,
      1.7,
      1.0,
      1.8,
      15.9,
      2.4,
      2.8,
      3.4,
      1.9,
      0.95,
      4.7,
      10.7,
      2.2,
      9.1,
      1.3,
      7.8,
      10.0,
      1.3,
      1.9,
      11.1,
      1.6,
      3.1,
      2.1,
      7.7,
      0.0,
      29.9,
      9.9,
      2.5,
      0.4,
      18.5,
      3.2,
      8.5,
      2.9,
      3.8,
      0.75,
      11.1,
      0.75,
      3.2,
      0.95,
      6.6,
      8.3,
      2.0,
      1.0,
      1.3,
      7.5,
      1.9,
      10.7,
      2.6,
      6.9,
      10.0,
      2.2,
      23.4,
      2.1,
      7.5
    ],
    [
      28.7,
      36.4,
      27.9,
      29.4,
      31.8,
      28.9,
      27.0,
      28.5,
      29.1,
      27.9,
      43.8,
      28.0,
      27.6,
      31.4,
      29.8,
      27.7,
      32.7,
      35.2,
      28.7,
      37.3,
      29.6,
      32.4,
      29.7,
      28.7,
      29.8,
      39.1,
      27.9,
      31.0,
      30.1,
      36.1,
      29.9,
      0.0,
      37.0,
      29.3,
      27.5,
      36.0,
      26.1,
      23.0,
      28.1,
      30.6,
      28.8,
      25.6,
      27.6,
      30.0,
      27.8,
      33.4,
      35.4,
      28.1,
      27.3,
      29.0,
      25.8,
      28.0,
      28.8,
      29.3,
      32.3,
      37.1,
      27.1,
      44.9,
      29.2,
      32.6
    ],
    [
      9.2,
      9.3,
      9.0,
      8.7,
      9.9,
      11.1,
      10.1,
      10.2,
      9.5,
      10.3,
      6.9,
      10.9,
      10.7,
      7.5,
      8.4,
      10.5,
      6.4,
      24.8,
      10.1,
      7.6,
      8.9,
      15.7,
      16.9,
      9.2,
      9.2,
      1.1,
      9.0,
      7.4,
      8.3,
      9.5,
      9.9,
      37.0,
      0.0,
      8.1,
      11.5,
      13.8,
      10.4,
      16.5,
      11.3,
      9.9,
      9.9,
      19.1,
      10.3,
      6.8,
      10.9,
      12.3,
      5.2,
      9.3,
      10.0,
      9.3,
      18.0,
      9.3,
      18.6,
      10.8,
      14.6,
      0.4,
      8.9,
      21.8,
      8.9,
      15.1
    ],
    [
      1.7,
      8.0,
      1.1,
      1.8,
      3.0,
      4.2,
      2.7,
      2.5,
      1.8,
      2.6,
      14.0,
      3.2,
      3.2,
      1.5,
      1.5,
      2.8,
      2.9,
      11.6,
      2.6,
      8.9,
      0.9,
      8.7,
      1.6,
      1.7,
      0.8,
      9.3,
      1.5,
      2.7,
      1.3,
      8.2,
      2.5,
      29.3,
      8.1,
      0.0,
      3.2,
      17.7,
      2.3,
      8.2,
      3.8,
      4.7,
      2.2,
      10.7,
      2.0,
      2.2,
      3.5,
      7.5,
      8.3,
      1.2,
      1.6,
      0.9,
      6.6,
      1.0,
      9.8,
      3.6,
      10.1,
      9.0,
      1.0,
      23.0,
      2.6,
      11.3
    ],
    [
      2.4,
      7.8,
      2.8,
      3.1,
      3.4,
      0.85,
      1.8,
      1.8,
      0.7,
      0.7,
      17.4,
      1.0,
      1.1,
      4.9,
      3.0,
      1.3,
      6.2,
      9.5,
      0.85,
      9.4,
      3.2,
      6.7,
      9.7,
      2.4,
      3.5,
      12.6,
      2.8,
      4.6,
      3.6,
      8.6,
      0.4,
      27.5,
      11.5,
      3.2,
      0.0,
      17.1,
      1.7,
      7.0,
      1.5,
      3.9,
      2.1,
      9.6,
      0.4,
      3.2,
      1.1,
      6.4,
      8.6,
      1.5,
      0.65,
      2.2,
      6.0,
      1.4,
      9.2,
      2.7,
      7.7,
      10.2,
      1.8,
      21.9,
      2.4,
      8.9
    ],
    [
      16.9,
      17.4,
      16.9,
      18.0,
      20.6,
      18.2,
      16.1,
      17.1,
      18.2,
      17.0,
      20.6,
      17.2,
      16.6,
      17.0,
      19.6,
      16.9,
      1.5,
      25.0,
      16.7,
      15.8,
      18.3,
      22.2,
      11.9,
      16.8,
      17.9,
      14.4,
      16.9,
      17.6,
      18.5,
      17.5,
      18.5,
      36.0,
      13.8,
      17.7,
      17.1,
      0.0,
      11.5,
      16.7,
      11.3,
      9.4,
      9.2,
      19.3,
      10.5,
      8.4,
      10.3,
      11.3,
      4.5,
      10.2,
      10.2,
      9.5,
      19.0,
      10.2,
      19.6,
      10.3,
      13.7,
      6.8,
      10.5,
      22.8,
      9.1,
      14.2
    ],
    [
      1.6,
      9.7,
      1.6,
      2.7,
      5.1,
      3.2,
      0.23,
      1.8,
      2.4,
      1.6,
      16.3,
      2.2,
      0.65,
      3.9,
      3.1,
      0.8,
      5.2,
      12.9,
      0.5,
      10.6,
      2.9,
      10.0,
      7.9,
      1.5,
      2.6,
      11.6,
      1.6,
      4.4,
      3.4,
      9.9,
      3.2,
      26.1,
      10.4,
      2.3,
      1.7,
      11.5,
      0.0,
      6.6,
      2.3,
      4.8,
      3.0,
      9.2,
      1.3,
      3.3,
      2.0,
      7.3,
      9.1,
      1.2,
      0.9,
      2.7,
      5.7,
      1.1,
      8.9,
      3.6,
      8.6,
      10.2,
      1.5,
      21.5,
      2.9,
      9.7
    ],
    [
      7.3,
      15.0,
      6.5,
      8.0,
      10.4,
      7.5,
      5.6,
      7.1,
      7.7,
      6.5,
      22.4,
      6.6,
      6.2,
      10.0,
      8.3,
      6.3,
      11.3,
      13.8,
      7.3,
      15.9,
      8.2,
      11.0,
      8.3,
      7.3,
      8.4,
      17.7,
      6.5,
      9.6,
      8.7,
      15.2,
      8.5,
      23.0,
      16.5,
      8.2,
      7.0,
      16.7,
      6.6,
      0.0,
      6.5,
      9.1,
      7.3,
      4.3,
      6.1,
      8.5,
      6.3,
      11.9,
      17.6,
      5.7,
      5.8,
      7.5,
      5.5,
      5.7,
      5.8,
      7.8,
      10.8,
      18.1,
      5.7,
      16.6,
      7.7,
      12.2
    ],
    [
      3.0,
      7.4,
      3.4,
      3.6,
      3.1,
      0.7,
      2.3,
      2.3,
      4.1,
      2.1,
      17.2,
      1.6,
      2.9,
      4.7,
      2.8,
      2.0,
      6.1,
      8.1,
      2.9,
      9.1,
      3.8,
      5.2,
      10.2,
      2.9,
      4.1,
      12.5,
      3.4,
      4.4,
      3.5,
      8.2,
      2.9,
      28.1,
      11.3,
      3.8,
      1.5,
      11.3,
      2.3,
      6.5,
      0.0,
      3.5,
      1.9,
      10.1,
      1.8,
      4.6,
      1.0,
      6.0,
      9.2,
      3.0,
      2.6,
      3.9,
      7.3,
      3.0,
      10.4,
      2.3,
      6.3,
      11.3,
      3.4,
      22.4,
      2.8,
      7.5
    ],
    [
      5.3,
      6.1,
      4.8,
      4.2,
      2.4,
      3.4,
      4.9,
      5.7,
      5.0,
      4.7,
      15.8,
      4.1,
      5.4,
      5.0,
      3.7,
      4.5,
      5.8,
      8.3,
      6.2,
      7.2,
      4.4,
      5.6,
      12.7,
      5.3,
      5.0,
      9.6,
      4.8,
      4.1,
      3.7,
      5.8,
      3.8,
      30.6,
      9.9,
      4.7,
      3.9,
      9.4,
      4.8,
      9.1,
      3.5,
      0.0,
      2.4,
      11.7,
      3.3,
      3.7,
      2.4,
      4.8,
      7.4,
      4.5,
      4.1,
      3.6,
      8.8,
      4.5,
      11.9,
      1.0,
      6.1,
      10.4,
      4.9,
      24.0,
      2.4,
      7.1
    ],
    [
      1.9,
      7.2,
      2.3,
      1.9,
      0.85,
      1.8,
      3.1,
      0.95,
      1.6,
      2.4,
      15.8,
      2.3,
      3.6,
      3.3,
      1.4,
      2.7,
      4.6,
      9.8,
      2.8,
      8.9,
      2.1,
      7.1,
      10.9,
      1.9,
      2.5,
      11.0,
      2.3,
      2.9,
      2.0,
      8.0,
      0.75,
      28.8,
      9.9,
      2.2,
      2.1,
      9.2,
      3.0,
      7.3,
      1.9,
      2.4,
      0.0,
      10.5,
      2.1,
      3.9,
      0.75,
      5.5,
      8.3,
      3.3,
      2.9,
      3.2,
      7.6,
      3.3,
      10.7,
      1.4,
      5.9,
      10.6,
      3.7,
      22.8,
      2.1,
      7.3
    ],
    [
      9.9,
      17.6,
      9.1,
      10.6,
      13.0,
      10.1,
      8.2,
      9.7,
      10.3,
      9.1,
      25.0,
      9.2,
      8.7,
      12.6,
      10.9,
      8.8,
      13.9,
      16.4,
      9.9,
      18.5,
      10.8,
      13.5,
      9.0,
      9.9,
      11.0,
      20.3,
      9.1,
      12.2,
      11.3,
      17.8,
      11.1,
      25.6,
      19.1,
      10.7,
      9.6,
      19.3,
      9.2,
      4.3,
      10.1,
      11.7,
      10.5,
      0.0,
      17.1,
      19.5,
      17.3,
      22.9,
      22.2,
      17.6,
      16.8,
      18.5,
      15.3,
      17.5,
      16.7,
      18.8,
      21.8,
      22.6,
      16.6,
      12.3,
      18.7,
      23.1
    ],
    [
      1.4,
      8.8,
      1.9,
      1.8,
      4.2,
      1.7,
      1.4,
      0.6,
      0.85,
      0.5,
      16.2,
      0.7,
      0.8,
      3.8,
      2.1,
      0.35,
      5.1,
      9.8,
      0.6,
      9.7,
      2.0,
      7.0,
      9.2,
      1.3,
      2.2,
      11.5,
      1.9,
      3.4,
      2.5,
      9.0,
      0.75,
      27.6,
      10.3,
      2.0,
      0.4,
      10.5,
      1.3,
      6.1,
      1.8,
      3.3,
      2.1,
      17.1,
      0.0,
      3.3,
      1.2,
      7.2,
      8.7,
      1.6,
      0.8,
      2.3,
      6.3,
      1.5,
      9.4,
      3.1,
      8.1,
      10.3,
      1.9,
      21.5,
      2.5,
      9.3
    ],
    [
      2.4,
      6.6,
      2.2,
      2.1,
      3.3,
      4.5,
      3.4,
      3.2,
      2.5,
      3.3,
      12.7,
      3.9,
      3.9,
      0.3,
      1.8,
      3.5,
      1.5,
      11.8,
      3.3,
      7.5,
      2.3,
      9.0,
      11.2,
      2.4,
      2.4,
      7.9,
      2.2,
      0.55,
      0.9,
      6.8,
      3.2,
      30.0,
      6.8,
      2.2,
      3.2,
      8.4,
      3.3,
      8.5,
      4.6,
      3.7,
      3.9,
      19.5,
      3.3,
      0.0,
      4.2,
      6.9,
      6.5,
      2.6,
      3.3,
      2.6,
      8.0,
      2.5,
      11.2,
      4.8,
      8.4,
      6.8,
      2.2,
      24.9,
      2.1,
      9.8
    ],
    [
      2.7,
      7.2,
      3.1,
      3.0,
      2.9,
      0.85,
      2.1,
      2.0,
      3.7,
      1.9,
      16.8,
      1.3,
      2.6,
      4.4,
      2.4,
      1.7,
      5.7,
      9.0,
      2.7,
      8.9,
      3.2,
      6.1,
      9.9,
      2.6,
      3.8,
      12.1,
      3.1,
      4.0,
      3.1,
      8.0,
      0.95,
      27.8,
      10.9,
      3.5,
      1.1,
      10.3,
      2.0,
      6.3,
      1.0,
      2.4,
      0.75,
      17.3,
      1.2,
      4.2,
      0.0,
      6.8,
      9.0,
      1.9,
      1.1,
      2.6,
      6.5,
      1.8,
      9.6,
      2.7,
      7.7,
      10.7,
      2.3,
      22.3,
      2.8,
      8.9
    ],
    [
      8.1,
      3.6,
      8.3,
      7.0,
      5.1,
      6.3,
      7.7,
      7.7,
      7.7,
      7.1,
      16.0,
      7.0,
      8.2,
      7.7,
      6.4,
      6.9,
      8.0,
      5.7,
      8.3,
      6.7,
      7.2,
      4.3,
      23.2,
      8.0,
      7.8,
      11.5,
      8.3,
      6.4,
      6.5,
      3.4,
      6.6,
      33.4,
      12.3,
      7.5,
      6.4,
      11.3,
      7.3,
      11.9,
      6.0,
      4.8,
      5.5,
      22.9,
      7.2,
      6.9,
      6.8,
      0.0,
      8.8,
      7.6,
      7.2,
      7.1,
      11.9,
      7.6,
      15.0,
      3.6,
      3.3,
      11.8,
      8.0,
      29.9,
      5.9,
      3.8
    ],
    [
      8.2,
      6.8,
      8.4,
      7.1,
      7.5,
      9.1,
      9.2,
      8.6,
      7.9,
      8.7,
      9.8,
      9.3,
      9.7,
      7.3,
      6.8,
      8.9,
      6.8,
      13.6,
      9.1,
      5.1,
      7.3,
      11.7,
      16.4,
      8.2,
      8.6,
      4.8,
      8.4,
      5.9,
      6.8,
      7.2,
      8.3,
      35.4,
      5.2,
      8.3,
      8.6,
      4.5,
      9.1,
      17.6,
      9.2,
      7.4,
      8.3,
      22.2,
      8.7,
      6.5,
      9.0,
      8.8,
      0.0,
      8.4,
      8.4,
      7.7,
      17.5,
      8.4,
      18.2,
      8.5,
      10.5,
      4.6,
      8.7,
      21.3,
      7.3,
      11.9
    ],
    [
      0.22,
      8.5,
      0.5,
      1.5,
      3.9,
      2.9,
      1.2,
      1.5,
      1.3,
      1.4,
      15.2,
      2.0,
      1.7,
      2.8,
      1.9,
      1.6,
      4.1,
      11.4,
      1.1,
      9.4,
      1.1,
      8.2,
      8.9,
      0.27,
      1.5,
      10.5,
      0.5,
      3.1,
      2.2,
      8.7,
      2.0,
      28.1,
      9.3,
      1.2,
      1.5,
      10.2,
      1.2,
      5.7,
      3.0,
      4.5,
      3.3,
      17.6,
      1.6,
      2.6,
      1.9,
      7.6,
      8.4,
      0.0,
      0.85,
      1.1,
      6.6,
      0.046,
      9.7,
      3.6,
      10.1,
      9.0,
      0.35,
      22.0,
      2.6,
      11.2
    ],
    [
      0.65,
      8.5,
      1.6,
      1.5,
      3.9,
      2.5,
      0.65,
      0.75,
      0.55,
      0.6,
      15.9,
      1.5,
      1.7,
      3.5,
      1.8,
      0.7,
      4.8,
      10.6,
      0.6,
      9.4,
      1.7,
      7.7,
      9.0,
      1.0,
      1.9,
      11.2,
      1.6,
      3.1,
      2.2,
      8.6,
      1.0,
      27.3,
      10.0,
      1.6,
      0.65,
      10.2,
      0.9,
      5.8,
      2.6,
      4.1,
      2.9,
      16.8,
      0.8,
      3.3,
      1.1,
      7.2,
      8.4,
      0.85,
      0.0,
      2.0,
      6.3,
      0.8,
      9.4,
      4.7,
      9.7,
      9.5,
      1.1,
      22.7,
      2.3,
      10.9
    ],
    [
      1.8,
      7.8,
      2.4,
      0.21,
      3.2,
      3.8,
      2.8,
      2.2,
      0.85,
      2.3,
      15.2,
      2.9,
      3.3,
      2.8,
      0.85,
      2.5,
      4.1,
      11.2,
      2.7,
      8.7,
      0.003,
      8.3,
      1.7,
      1.0,
      0.9,
      10.5,
      2.4,
      2.4,
      1.5,
      7.9,
      1.3,
      29.0,
      9.3,
      0.9,
      2.2,
      9.5,
      2.7,
      7.5,
      3.9,
      3.6,
      3.2,
      18.5,
      2.3,
      2.6,
      2.6,
      7.1,
      7.7,
      1.1,
      2.0,
      0.0,
      7.2,
      1.1,
      1.8,
      3.8,
      8.3,
      9.0,
      2.1,
      23.1,
      0.5,
      9.5
    ],
    [
      5.9,
      14.4,
      5.9,
      7.0,
      9.4,
      7.2,
      5.0,
      6.1,
      6.7,
      5.9,
      24.7,
      6.2,
      5.6,
      8.2,
      7.4,
      5.9,
      9.5,
      14.0,
      5.7,
      19.9,
      7.2,
      11.2,
      3.9,
      5.8,
      6.9,
      18.6,
      5.9,
      8.7,
      7.7,
      21.7,
      7.5,
      25.8,
      18.0,
      6.6,
      6.0,
      19.0,
      5.7,
      5.5,
      7.3,
      8.8,
      7.6,
      15.3,
      6.3,
      8.0,
      6.5,
      11.9,
      17.5,
      6.6,
      6.3,
      7.2,
      0.0,
      5.8,
      4.0,
      8.5,
      12.2,
      16.9,
      5.9,
      20.2,
      7.8,
      13.6
    ],
    [
      0.26,
      8.4,
      0.55,
      1.4,
      3.9,
      2.9,
      1.1,
      1.5,
      0.75,
      1.3,
      15.2,
      1.9,
      1.7,
      2.7,
      1.8,
      1.6,
      4.0,
      11.3,
      1.1,
      9.4,
      1.1,
      8.2,
      8.9,
      0.25,
      1.5,
      10.5,
      0.55,
      3.1,
      2.2,
      8.6,
      1.9,
      28.0,
      9.3,
      1.0,
      1.4,
      10.2,
      1.1,
      5.7,
      3.0,
      4.5,
      3.3,
      17.5,
      1.5,
      2.5,
      1.8,
      7.6,
      8.4,
      0.046,
      0.8,
      1.1,
      5.8,
      0.0,
      9.8,
      3.6,
      10.2,
      9.1,
      0.4,
      22.1,
      2.7,
      11.2
    ],
    [
      9.0,
      17.3,
      9.1,
      10.2,
      12.6,
      10.3,
      8.2,
      9.3,
      9.9,
      9.1,
      25.4,
      9.4,
      8.7,
      11.3,
      10.5,
      9.0,
      12.7,
      17.2,
      8.9,
      20.6,
      10.4,
      14.3,
      0.17,
      9.0,
      1.0,
      19.2,
      9.1,
      11.8,
      10.9,
      22.3,
      10.7,
      28.8,
      18.6,
      9.8,
      9.2,
      19.6,
      8.9,
      5.8,
      10.4,
      11.9,
      10.7,
      16.7,
      9.4,
      11.2,
      9.6,
      15.0,
      18.2,
      9.7,
      9.4,
      1.8,
      4.0,
      9.8,
      0.0,
      11.6,
      15.4,
      17.0,
      9.1,
      21.3,
      10.9,
      16.8
    ],
    [
      4.2,
      5.5,
      4.6,
      3.6,
      2.4,
      2.2,
      3.6,
      3.6,
      2.9,
      3.4,
      16.7,
      2.8,
      4.1,
      4.9,
      3.0,
      3.2,
      6.3,
      7.8,
      4.2,
      8.1,
      3.8,
      5.0,
      11.5,
      4.2,
      3.8,
      10.5,
      4.6,
      5.0,
      3.7,
      6.6,
      2.6,
      29.3,
      10.8,
      3.6,
      2.7,
      10.3,
      3.6,
      7.8,
      2.3,
      1.0,
      1.4,
      18.8,
      3.1,
      4.8,
      2.7,
      3.6,
      8.5,
      3.6,
      4.7,
      3.8,
      8.5,
      3.6,
      11.6,
      0.0,
      4.5,
      11.0,
      4.6,
      23.7,
      2.5,
      5.1
    ],
    [
      10.1,
      6.0,
      10.5,
      7.8,
      5.9,
      7.9,
      9.5,
      9.0,
      7.2,
      8.4,
      18.3,
      8.7,
      10.0,
      9.2,
      7.3,
      9.1,
      9.5,
      3.7,
      9.2,
      9.0,
      8.0,
      0.9,
      15.2,
      9.2,
      10.4,
      13.8,
      9.6,
      7.8,
      8.1,
      5.7,
      6.9,
      32.3,
      14.6,
      10.1,
      7.7,
      13.7,
      8.6,
      10.8,
      6.3,
      6.1,
      5.9,
      21.8,
      8.1,
      8.4,
      7.7,
      3.3,
      10.5,
      10.1,
      9.7,
      8.3,
      12.2,
      10.2,
      15.4,
      4.5,
      0.0,
      15.2,
      9.1,
      26.4,
      7.7,
      1.3
    ],
    [
      9.3,
      9.3,
      9.0,
      8.8,
      10.0,
      11.2,
      10.2,
      10.3,
      9.5,
      10.3,
      7.0,
      11.0,
      10.7,
      7.6,
      8.5,
      10.5,
      6.4,
      24.8,
      10.1,
      7.5,
      9.0,
      15.7,
      16.8,
      9.2,
      9.3,
      0.9,
      9.0,
      7.5,
      8.4,
      9.4,
      10.0,
      37.1,
      0.4,
      9.0,
      10.2,
      6.8,
      10.2,
      18.1,
      11.3,
      10.4,
      10.6,
      22.6,
      10.3,
      6.8,
      10.7,
      11.8,
      4.6,
      9.0,
      9.5,
      9.0,
      16.9,
      9.1,
      17.0,
      11.0,
      15.2,
      0.0,
      9.0,
      21.8,
      9.0,
      15.1
    ],
    [
      0.55,
      8.8,
      0.19,
      1.9,
      4.3,
      3.3,
      1.6,
      1.9,
      1.2,
      1.7,
      14.8,
      2.3,
      2.1,
      2.3,
      2.2,
      2.0,
      3.7,
      11.7,
      1.5,
      9.7,
      2.1,
      8.6,
      8.9,
      0.6,
      1.1,
      10.1,
      0.059,
      3.5,
      2.1,
      9.0,
      2.2,
      27.1,
      8.9,
      1.0,
      1.8,
      10.5,
      1.5,
      5.7,
      3.4,
      4.9,
      3.7,
      16.6,
      1.9,
      2.2,
      2.3,
      8.0,
      8.7,
      0.35,
      1.1,
      2.1,
      5.9,
      0.4,
      9.1,
      4.6,
      9.1,
      9.0,
      0.0,
      21.3,
      2.6,
      10.8
    ],
    [
      22.2,
      25.3,
      21.4,
      22.9,
      25.3,
      22.4,
      20.5,
      22.0,
      22.6,
      21.4,
      28.5,
      21.5,
      21.0,
      24.9,
      23.2,
      21.1,
      23.8,
      28.7,
      22.2,
      23.8,
      23.1,
      25.8,
      21.1,
      22.2,
      23.3,
      22.4,
      21.4,
      25.6,
      23.6,
      25.5,
      23.4,
      44.9,
      21.8,
      23.0,
      21.9,
      22.8,
      21.5,
      16.6,
      22.4,
      24.0,
      22.8,
      12.3,
      21.5,
      24.9,
      22.3,
      29.9,
      21.3,
      22.0,
      22.7,
      23.1,
      20.2,
      22.1,
      21.3,
      23.7,
      26.4,
