{
  "drive_dist_matrix": [
    [
      0.0,
      4.345218,
      4.02335,
      5.63269,
      10.299776000000001,
      0.48280199999999995,
      0.48280199999999995,
      5.149888000000001,
      19.473014,
      1.2874720000000002,
      5.63269,
      5.9545580000000005,
      7.0810960000000005,
      11.426314,
      2.2530759999999996,
      12.713786,
      0.9656039999999999,
      6.598293999999999,
      10.299776000000001,
      17.70274,
      0.32186800000000004,
      5.149888000000001,
      4.506151999999999,
      5.471756,
      18.990212,
      5.149888000000001,
      5.63269,
      0.48280199999999995,
      7.402963999999999,
      5.310822,
      3.5405480000000003,
      5.63269,
      4.9889540000000006,
      7.402963999999999,
      2.41401,
      5.9545580000000005,
      3.8624159999999996,
      10.138842,
      8.529501999999999,
      3.7014819999999995,
      5.471756,
      12.391918,
      9.977908000000001,
      3.057746,
      2.5749440000000003,
      3.057746,
      9.334171999999999,
      10.138842,
      5.471756,
      3.21868,
      11.104446000000001,
      13.518456,
      6.115492,
      9.65604
    ],
    [
      4.345218,
      0.0,
      5.471756,
      1.2874720000000002,
      8.0467,
      4.184284,
      3.21868,
      1.448406,
      23.33543,
      5.149888000000001,
      1.1265379999999998,
      2.5749440000000003,
      1.448406,
      7.24203,
      7.0810960000000005,
      7.402963999999999,
      2.41401,
      3.21868,
      8.0467,
      21.565156,
      3.057746,
      1.60934,
      0.48280199999999995,
      2.735878,
      21.082354,
      2.41401,
      1.2874720000000002,
      3.379614,
      9.495106,
      1.448406,
      0.80467,
      2.092142,
      4.02335,
      5.310822,
      7.24203,
      2.5749440000000003,
      1.1265379999999998,
      7.885766,
      4.184284,
      1.60934,
      6.9201619999999995,
      10.138842,
      7.724831999999999,
      0.32186800000000004,
      1.7702740000000001,
      4.82802,
      7.24203,
      7.563898,
      1.7702740000000001,
      0.80467,
      6.759228,
      9.173238,
      1.7702740000000001,
      7.402963999999999
    ],
    [
      4.02335,
      5.471756,
      0.0,
      6.598293999999999,
      13.035654,
      3.379614,
      2.735878,
      7.24203,
      18.829278,
      2.41401,
      6.9201619999999995,
      8.0467,
      6.598293999999999,
      12.87472,
      1.1265379999999998,
      11.909116000000001,
      3.5405480000000003,
      5.793624,
      13.196587999999998,
      17.059003999999998,
      3.21868,
      7.24203,
      8.85137,
      8.368568,
      19.473014,
      8.207633999999999,
      6.598293999999999,
      2.735878,
      11.104446000000001,
      6.598293999999999,
      4.9889540000000006,
      7.885766,
      9.65604,
      10.299776000000001,
      1.1265379999999998,
      8.0467,
      6.276426,
      13.035654,
      9.816974,
      4.9889540000000006,
      2.41401,
      15.127796,
      12.87472,
      5.63269,
      4.506151999999999,
      0.80467,
      12.230984,
      13.196587999999998,
      7.563898,
      5.149888000000001,
      12.391918,
      14.805927999999998,
      7.402963999999999,
      12.552852
    ],
    [
      5.63269,
      1.2874720000000002,
      6.598293999999999,
      0.0,
      6.759228,
      6.759228,
      6.598293999999999,
      0.6437360000000001,
      22.369826,
      6.598293999999999,
      0.32186800000000004,
      1.7702740000000001,
      0.32186800000000004,
      6.759228,
      6.276426,
      6.43736,
      5.149888000000001,
      3.057746,
      6.759228,
      20.438617999999998,
      6.598293999999999,
      1.1265379999999998,
      0.80467,
      1.9312079999999998,
      22.369826,
      4.02335,
      0.16093400000000002,
      6.598293999999999,
      10.782578,
      0.16093400000000002,
      1.1265379999999998,
      1.448406,
      5.63269,
      4.02335,
      6.43736,
      1.7702740000000001,
      0.32186800000000004,
      6.598293999999999,
      3.379614,
      1.9312079999999998,
      7.885766,
      8.85137,
      6.43736,
      0.9656039999999999,
      2.2530759999999996,
      6.598293999999999,
      5.9545580000000005,
      6.759228,
      1.1265379999999998,
      1.2874720000000002,
      5.9545580000000005,
      8.368568,
      0.48280199999999995,
      6.115492
    ],
    [
      10.299776000000001,
      8.0467,
      13.035654,
      6.759228,
      0.0,
      9.816974,
      10.46071,
      6.115492,
      27.680647999999998,
      10.782578,
      6.598293999999999,
      5.63269,
      7.0810960000000005,
      4.506151999999999,
      12.552852,
      12.87472,
      9.495106,
      10.782578,
      0.318,
      27.197846,
      10.299776000000001,
      6.115492,
      7.402963999999999,
      5.471756,
      26.715044000000002,
      6.276426,
      6.598293999999999,
      10.621644,
      11.104446000000001,
      6.276426,
      9.334171999999999,
      5.9545580000000005,
      4.9889540000000006,
      3.379614,
      12.713786,
      5.63269,
      7.0810960000000005,
      0.80467,
      9.495106,
      9.65604,
      14.48406,
      2.735878,
      2.2530759999999996,
      7.885766,
      9.65604,
      12.87472,
      1.9312079999999998,
      4.667085999999999,
      6.115492,
      9.012303999999999,
      12.07005,
      14.48406,
      7.0810960000000005,
      2.2530759999999996
    ],
    [
      0.48280199999999995,
      4.184284,
      3.379614,
      6.759228,
      9.816974,
      0.0,
      0.80467,
      4.9889540000000006,
      18.024607999999997,
      1.1265379999999998,
      5.471756,
      5.793624,
      7.0810960000000005,
      11.426314,
      2.2530759999999996,
      12.552852,
      1.1265379999999998,
      6.276426,
      10.299776000000001,
      17.541806,
      0.32186800000000004,
      4.9889540000000006,
      4.345218,
      5.471756,
      18.829278,
      5.149888000000001,
      7.0810960000000005,
      0.80467,
      7.24203,
      5.310822,
      5.471756,
      5.63269,
      4.82802,
      7.402963999999999,
      2.2530759999999996,
      5.793624,
      3.8624159999999996,
      9.977908000000001,
      10.138842,
      5.310822,
      5.471756,
      12.230984,
      9.816974,
      3.21868,
      2.735878,
      3.379614,
      9.334171999999999,
      10.943512,
      5.310822,
      4.667085999999999,
      12.552852,
      15.127796,
      7.885766,
      9.495106
    ],
    [
      0.48280199999999995,
      3.21868,
      2.735878,
      6.598293999999999,
      10.46071,
      0.80467,
      0.0,
      5.310822,
      18.185542,
      1.448406,
      3.8624159999999996,
      6.276426,
      5.63269,
      11.587248,
      1.60934,
      10.138842,
      0.80467,
      4.9889540000000006,
      10.621644,
      17.541806,
      0.48280199999999995,
      5.471756,
      4.82802,
      5.793624,
      19.151146,
      5.471756,
      5.63269,
      0.148,
      7.563898,
      5.63269,
      3.379614,
      5.9545580000000005,
      5.149888000000001,
      7.724831999999999,
      1.60934,
      6.276426,
      3.7014819999999995,
      10.46071,
      8.85137,
      3.7014819999999995,
      4.506151999999999,
      12.713786,
      10.299776000000001,
      2.896812,
      2.5749440000000003,
      3.057746,
      9.65604,
      10.46071,
      5.63269,
      3.057746,
      11.104446000000001,
      13.840323999999999,
      6.43736,
      9.977908000000001
    ],
    [
      5.149888000000001,
      1.448406,
      7.24203,
      0.6437360000000001,
      6.115492,
      4.9889540000000006,
      5.310822,
      0.0,
      22.852628,
      5.793624,
      0.6437360000000001,
      0.9656039999999999,
      0.32186800000000004,
      6.115492,
      6.9201619999999995,
      7.24203,
      4.667085999999999,
      5.793624,
      6.115492,
      22.208892000000002,
      5.310822,
      0.48280199999999995,
      1.448406,
      1.448406,
      21.72609,
      3.379614,
      0.48280199999999995,
      5.63269,
      10.138842,
      0.32186800000000004,
      4.345218,
      0.9656039999999999,
      4.9889540000000006,
      3.379614,
      7.0810960000000005,
      0.9656039999999999,
      0.6437360000000001,
      5.9545580000000005,
      3.7014819999999995,
      4.667085999999999,
      8.368568,
      8.207633999999999,
      5.793624,
      1.448406,
      4.667085999999999,
      7.0810960000000005,
      5.310822,
      6.115492,
      0.48280199999999995,
      4.02335,
      6.276426,
      8.690436,
      0.16093400000000002,
      5.471756
    ],
    [
      19.473014,
      23.33543,
      18.829278,
      22.369826,
      27.680647999999998,
      18.024607999999997,
      18.185542,
      22.852628,
      0.0,
      18.024607999999997,
      21.565156,
      22.691694,
      21.243288,
      28.324384000000002,
      17.70274,
      14.644993999999999,
      18.829278,
      18.024607999999997,
      28.16345,
      4.667085999999999,
      18.185542,
      22.852628,
      22.369826,
      23.33543,
      29.933724,
      21.887024,
      21.243288,
      18.024607999999997,
      25.910374,
      21.243288,
      19.151146,
      22.53076,
      23.33543,
      25.266638,
      17.863674,
      22.691694,
      20.92142,
      28.002515999999996,
      24.461968,
      18.990212,
      15.610598,
      30.094658,
      27.841582000000002,
      19.794882,
      19.151146,
      16.737136,
      27.197846,
      26.875978,
      23.174496,
      19.151146,
      22.208892000000002,
      29.450922000000002,
      22.047957999999998,
      27.519714
    ],
    [
      1.2874720000000002,
      5.149888000000001,
      2.41401,
      6.598293999999999,
      10.782578,
      1.1265379999999998,
      1.448406,
      5.793624,
      18.024607999999997,
      0.0,
      6.9201619999999995,
      6.276426,
      6.598293999999999,
      10.943512,
      1.2874720000000002,
      12.07005,
      2.2530759999999996,
      5.9545580000000005,
      10.621644,
      17.219938,
      1.448406,
      5.471756,
      4.82802,
      5.9545580000000005,
      17.380872,
      5.63269,
      6.598293999999999,
      1.448406,
      5.793624,
      6.598293999999999,
      4.9889540000000006,
      6.115492,
      5.471756,
      7.885766,
      1.448406,
      6.276426,
      6.276426,
      10.46071,
      9.816974,
      4.9889540000000006,
      4.9889540000000006,
      12.713786,
      10.299776000000001,
      4.345218,
      4.667085999999999,
      3.057746,
      9.816974,
      10.46071,
      5.793624,
      5.149888000000001,
      12.07005,
      14.805927999999998,
      7.402963999999999,
      9.977908000000001
    ],
    [
      5.63269,
      1.1265379999999998,
      6.9201619999999995,
      0.32186800000000004,
      6.598293999999999,
      5.471756,
      3.8624159999999996,
      0.6437360000000001,
      21.565156,
      6.9201619999999995,
      0.0,
      2.092142,
      0.48280199999999995,
      7.563898,
      6.759228,
      6.598293999999999,
      2.896812,
      3.057746,
      7.0810960000000005,
      20.92142,
      3.5405480000000003,
      1.1265379999999998,
      0.48280199999999995,
      2.2530759999999996,
      21.565156,
      2.2530759999999996,
      0.32186800000000004,
      3.8624159999999996,
      9.816974,
      0.48280199999999995,
      0.9656039999999999,
      1.7702740000000001,
      4.345218,
      4.345218,
      6.9201619999999995,
      2.092142,
      0.394,
      6.9201619999999995,
      3.8624159999999996,
      1.9312079999999998,
      8.207633999999999,
      9.173238,
      6.759228,
      0.6437360000000001,
      2.2530759999999996,
      7.0810960000000005,
      6.276426,
      7.0810960000000005,
      1.60934,
      1.1265379999999998,
      6.43736,
      8.690436,
      0.6437360000000001,
      6.43736
    ],
    [
      5.9545580000000005,
      2.5749440000000003,
      8.0467,
      1.7702740000000001,
      5.63269,
      5.793624,
      6.276426,
      0.9656039999999999,
      22.691694,
      6.276426,
      2.092142,
      0.0,
      2.2530759999999996,
      5.793624,
      7.724831999999999,
      8.0467,
      5.471756,
      6.598293999999999,
      5.793624,
      23.174496,
      6.115492,
      0.6437360000000001,
      2.5749440000000003,
      0.48280199999999995,
      22.691694,
      2.2530759999999996,
      1.7702740000000001,
      6.43736,
      11.104446000000001,
      1.448406,
      5.149888000000001,
      0.125,
      4.82802,
      3.057746,
      7.885766,
      NaN,
      2.2530759999999996,
      5.63269,
      4.506151999999999,
      5.63269,
      9.173238,
      7.885766,
      5.471756,
      2.41401,
      5.63269,
      8.0467,
      4.9889540000000006,
      5.793624,
      0.6437360000000001,
      4.9889540000000006,
      7.0810960000000005,
      9.334171999999999,
      2.092142,
      5.149888000000001
    ],
    [
      7.0810960000000005,
      1.448406,
      6.598293999999999,
      0.32186800000000004,
      7.0810960000000005,
      7.0810960000000005,
      5.63269,
      0.32186800000000004,
      21.243288,
      6.598293999999999,
      0.48280199999999995,
      2.2530759999999996,
      0.0,
      6.43736,
      7.24203,
      7.402963999999999,
      4.9889540000000006,
      6.115492,
      6.598293999999999,
      21.243288,
      5.63269,
      0.6437360000000001,
      0.80467,
      1.7702740000000001,
      22.208892000000002,
      3.7014819999999995,
      0.315,
      5.9545580000000005,
      10.621644,
      0.082,
      4.667085999999999,
      1.2874720000000002,
      5.310822,
      3.7014819999999995,
      7.24203,
      1.448406,
      0.32186800000000004,
      6.43736,
      3.21868,
      4.9889540000000006,
      8.690436,
      8.529501999999999,
      6.276426,
      1.7702740000000001,
      4.9889540000000006,
      7.402963999999999,
      5.63269,
      6.598293999999999,
      0.9656039999999999,
      4.345218,
      5.793624,
      8.207633999999999,
      0.16093400000000002,
      5.9545580000000005
    ],
    [
      11.426314,
      7.24203,
      12.87472,
      6.759228,
      4.506151999999999,
      11.426314,
      11.587248,
      6.115492,
      28.324384000000002,
      10.943512,
      7.563898,
      5.793624,
      6.43736,
      0.0,
      12.713786,
      13.035654,
      8.85137,
      9.816974,
      5.149888000000001,
      27.197846,
      11.426314,
      6.115492,
      7.402963999999999,
      5.471756,
      26.55411,
      5.793624,
      6.759228,
      11.426314,
      10.46071,
      6.43736,
      8.368568,
      6.115492,
      4.506151999999999,
      3.5405480000000003,
      12.87472,
      5.793624,
      7.24203,
      4.9889540000000006,
      9.65604,
      8.85137,
      14.966862,
      7.0810960000000005,
      4.82802,
      8.690436,
      8.85137,
      13.035654,
      4.184284,
      0.9656039999999999,
      6.276426,
      8.207633999999999,
      12.230984,
      14.48406,
      7.24203,
      4.506151999999999
    ],
    [
      2.2530759999999996,
      7.0810960000000005,
      1.1265379999999998,
      6.276426,
      12.552852,
      2.2530759999999996,
      1.60934,
      6.9201619999999995,
      17.70274,
      1.2874720000000002,
      6.759228,
      7.724831999999999,
      7.24203,
      12.713786,
      0.0,
      11.909116000000001,
      2.41401,
      5.793624,
      13.035654,
      16.89807,
      2.092142,
      7.0810960000000005,
      8.690436,
      8.207633999999999,
      17.863674,
      8.0467,
      6.43736,
      1.60934,
      6.598293999999999,
      6.43736,
      4.82802,
      7.724831999999999,
      6.9201619999999995,
      10.138842,
      0.384,
      7.885766,
      6.115492,
      12.87472,
      9.65604,
      4.82802,
      3.21868,
      15.127796,
      12.713786,
      4.506151999999999,
      4.506151999999999,
      1.2874720000000002,
      12.07005,
      13.035654,
      7.402963999999999,
      4.9889540000000006,
      12.230984,
      14.644993999999999,
      7.24203,
      12.391918
    ],
    [
      12.713786,
      7.402963999999999,
      11.909116000000001,
      6.43736,
      12.87472,
      12.552852,
      10.138842,
      7.24203,
      14.644993999999999,
      12.07005,
      6.598293999999999,
      8.0467,
      7.402963999999999,
      13.035654,
      11.909116000000001,
      0.0,
      9.816974,
      4.667085999999999,
      15.610598,
      16.0934,
      10.782578,
      10.299776000000001,
      10.782578,
      10.621644,
      28.485318,
      10.138842,
      8.690436,
      10.782578,
      16.89807,
      8.690436,
      7.402963999999999,
      10.782578,
      11.587248,
      12.552852,
      11.104446000000001,
      10.943512,
      6.598293999999999,
      15.449663999999999,
      11.748182,
      7.24203,
      8.529501999999999,
      17.70274,
      15.28873,
      8.0467,
      8.0467,
      9.495106,
      14.805927999999998,
      15.127796,
      10.46071,
      7.402963999999999,
      7.885766,
      16.737136,
      9.495106,
      14.966862
    ],
    [
      0.9656039999999999,
      2.41401,
      3.5405480000000003,
      5.149888000000001,
      9.495106,
      1.1265379999999998,
      0.80467,
      4.667085999999999,
      18.829278,
      2.2530759999999996,
      2.896812,
      5.471756,
      4.9889540000000006,
      8.85137,
      2.41401,
      9.816974,
      0.0,
      4.184284,
      10.621644,
      17.219938,
      0.80467,
      5.310822,
      2.896812,
      5.793624,
      19.151146,
      4.184284,
      3.21868,
      0.9656039999999999,
      7.563898,
      5.63269,
      2.5749440000000003,
      5.9545580000000005,
      4.506151999999999,
      7.724831999999999,
      2.41401,
      6.115492,
      2.896812,
      10.46071,
      8.85137,
      2.896812,
      4.506151999999999,
      12.552852,
      10.299776000000001,
      2.092142,
      1.7702740000000001,
      3.057746,
      9.65604,
      9.334171999999999,
      5.63269,
      2.2530759999999996,
      10.46071,
      13.67939,
      6.43736,
      9.977908000000001
    ],
    [
      6.598293999999999,
      3.21868,
      5.793624,
      3.057746,
      10.782578,
      6.276426,
      4.9889540000000006,
      5.793624,
      18.024607999999997,
      5.9545580000000005,
      3.057746,
      6.598293999999999,
      6.115492,
      9.816974,
      5.793624,
      4.667085999999999,
      4.184284,
      0.0,
      10.621644,
      17.541806,
      6.276426,
      5.149888000000001,
      5.63269,
      5.471756,
      23.496364,
      4.9889540000000006,
      3.5405480000000003,
      6.115492,
      11.748182,
      3.5405480000000003,
      2.2530759999999996,
      4.667085999999999,
      6.598293999999999,
      7.402963999999999,
      5.9545580000000005,
      4.9889540000000006,
      2.896812,
      10.299776000000001,
      6.759228,
      2.092142,
      5.471756,
      12.552852,
      10.138842,
      2.896812,
      2.5749440000000003,
      6.115492,
      9.65604,
      9.977908000000001,
      4.345218,
      2.41401,
      7.724831999999999,
      11.587248,
      4.345218,
      9.977908000000001
    ],
    [
      10.299776000000001,
      8.0467,
      13.196587999999998,
      6.759228,
      0.318,
      10.299776000000001,
      10.621644,
      6.115492,
      28.16345,
      10.621644,
      7.0810960000000005,
      5.793624,
      6.598293999999999,
      5.149888000000001,
      13.035654,
      15.610598,
      10.621644,
      10.621644,
      0.0,
      27.036912,
      10.138842,
      5.9545580000000005,
      7.24203,
      5.310822,
      26.55411,
      6.115492,
      6.43736,
      10.46071,
      14.966862,
      6.276426,
      9.173238,
      5.793624,
      4.82802,
      3.379614,
      12.552852,
      5.471756,
      6.9201619999999995,
      0.6437360000000001,
      9.334171999999999,
      9.495106,
      14.323126,
      2.735878,
      2.092142,
      7.0810960000000005,
      9.495106,
      12.713786,
      1.7702740000000001,
      4.506151999999999,
      5.9545580000000005,
      8.85137,
      11.909116000000001,
      14.323126,
      6.9201619999999995,
      2.092142
    ],
    [
      17.70274,
      21.565156,
      17.059003999999998,
      20.438617999999998,
      27.197846,
      17.541806,
      17.541806,
      22.208892000000002,
      4.667085999999999,
      17.219938,
      20.92142,
      23.174496,
      21.243288,
      27.197846,
      16.89807,
      16.0934,
      17.219938,
      17.541806,
      27.036912,
      0.0,
      16.415267999999998,
      21.243288,
      20.599552000000003,
      21.565156,
      29.450922000000002,
      20.11675,
      19.633948,
      16.415267999999998,
      22.047957999999998,
      19.633948,
      17.541806,
      20.760486,
      21.72609,
      23.657297999999997,
      16.0934,
      21.082354,
      19.151146,
      26.232242,
      22.852628,
      17.380872,
      13.840323999999999,
      28.485318,
      26.071308,
      18.185542,
      17.541806,
      15.127796,
      25.588506,
      25.266638,
      21.565156,
      17.541806,
      20.599552000000003,
      27.680647999999998,
      20.438617999999998,
      25.74944
    ],
    [
      0.32186800000000004,
      3.057746,
      3.21868,
      6.598293999999999,
      10.299776000000001,
      0.32186800000000004,
      0.48280199999999995,
      5.310822,
      18.185542,
      1.448406,
      3.5405480000000003,
      6.115492,
      5.63269,
      11.426314,
      2.092142,
      10.782578,
      0.80467,
      6.276426,
      10.138842,
      16.415267999999998,
      0.0,
      4.82802,
      4.184284,
      5.310822,
      18.668343999999998,
      4.9889540000000006,
      5.471756,
      0.48280199999999995,
      7.0810960000000005,
      5.149888000000001,
      3.21868,
      5.471756,
      4.667085999999999,
      7.24203,
      2.2530759999999996,
      5.63269,
      3.5405480000000003,
      9.816974,
      8.368568,
      3.5405480000000003,
      4.345218,
      12.07005,
      9.65604,
      2.735878,
      2.41401,
      2.896812,
      9.173238,
      9.977908000000001,
      5.149888000000001,
      2.896812,
      10.943512,
      13.196587999999998,
      5.9545580000000005,
      9.334171999999999
    ],
    [
      5.149888000000001,
      1.60934,
      7.24203,
      1.1265379999999998,
      6.115492,
      4.9889540000000006,
      5.471756,
      0.48280199999999995,
      22.852628,
      5.471756,
      1.1265379999999998,
      0.6437360000000001,
      0.6437360000000001,
      6.115492,
      7.0810960000000005,
      10.299776000000001,
      5.310822,
      5.149888000000001,
      5.9545580000000005,
      21.243288,
      4.82802,
      0.0,
      1.7702740000000001,
      0.9656039999999999,
      21.72609,
      2.41401,
      0.9656039999999999,
      5.471756,
      10.138842,
      0.80467,
      4.184284,
      0.80467,
      4.82802,
      3.21868,
      7.24203,
      0.6437360000000001,
      1.1265379999999998,
      5.793624,
      4.02335,
      4.667085999999999,
      9.495106,
      8.0467,
      5.63269,
      1.7702740000000001,
      4.506151999999999,
      7.402963999999999,
      5.149888000000001,
      5.9545580000000005,
      0.32186800000000004,
      4.02335,
      6.598293999999999,
      9.012303999999999,
      0.6437360000000001,
      5.310822
    ],
    [
      4.506151999999999,
      0.48280199999999995,
      8.85137,
      0.80467,
      7.402963999999999,
      4.345218,
      4.82802,
      1.448406,
      22.369826,
      4.82802,
      0.48280199999999995,
      2.5749440000000003,
      0.80467,
      7.402963999999999,
      8.690436,
      10.782578,
      2.896812,
      5.63269,
      7.24203,
      20.599552000000003,
      4.184284,
      1.7702740000000001,
      0.0,
      2.735878,
      21.72609,
      2.735878,
      0.80467,
      3.8624159999999996,
      10.138842,
      0.80467,
      0.80467,
      2.2530759999999996,
      5.149888000000001,
      4.667085999999999,
      7.24203,
      2.41401,
      0.6437360000000001,
      7.402963999999999,
      4.184284,
      1.9312079999999998,
      8.529501999999999,
      9.495106,
      7.24203,
      0.48280199999999995,
      2.2530759999999996,
      7.24203,
      6.598293999999999,
      7.563898,
      1.9312079999999998,
      0.9656039999999999,
      6.759228,
      9.173238,
      0.80467,
      6.9201619999999995
    ],
    [
      5.471756,
      2.735878,
      8.368568,
      1.9312079999999998,
      5.471756,
      5.471756,
      5.793624,
      1.448406,
      23.33543,
      5.9545580000000005,
      2.2530759999999996,
      0.48280199999999995,
      1.7702740000000001,
      5.471756,
      8.207633999999999,
      10.621644,
      5.793624,
      5.471756,
      5.310822,
      21.565156,
      5.310822,
      0.9656039999999999,
      2.735878,
      0.0,
      22.208892000000002,
      1.7702740000000001,
      1.9312079999999998,
      5.9545580000000005,
      10.46071,
      1.7702740000000001,
      4.667085999999999,
      0.48280199999999995,
      4.184284,
      2.5749440000000003,
      8.0467,
      0.48280199999999995,
      2.41401,
      5.310822,
      4.82802,
      4.9889540000000006,
      9.977908000000001,
      7.402963999999999,
      5.149888000000001,
      2.5749440000000003,
      4.9889540000000006,
      8.207633999999999,
      4.506151999999999,
      5.471756,
      0.9656039999999999,
      4.345218,
      7.402963999999999,
      9.816974,
      2.41401,
      4.82802
    ],
    [
      18.990212,
      21.082354,
      19.473014,
      22.369826,
      26.715044000000002,
      18.829278,
      19.151146,
      21.72609,
      29.933724,
      17.380872,
      21.565156,
      22.691694,
      22.208892000000002,
      26.55411,
      17.863674,
      28.485318,
      19.151146,
      23.496364,
      26.55411,
      29.450922000000002,
      18.668343999999998,
      21.72609,
      21.72609,
      22.208892000000002,
      0.0,
      21.72609,
      22.208892000000002,
      18.990212,
      15.449663999999999,
      21.887024,
      21.72609,
      22.208892000000002,
      21.565156,
      23.979166,
      17.380872,
      22.369826,
      21.404222,
      26.715044000000002,
      25.105704,
      21.72609,
      21.72609,
      28.807185999999998,
      26.55411,
      21.082354,
      21.404222,
      19.151146,
      25.910374,
      26.715044000000002,
      21.887024,
      21.404222,
      29.129054000000004,
      30.094658,
      22.691694,
      26.232242
    ],
    [
      5.149888000000001,
      2.41401,
      8.207633999999999,
      4.02335,
      6.276426,
      5.149888000000001,
      5.471756,
      3.379614,
      21.887024,
      5.63269,
      2.2530759999999996,
      2.2530759999999996,
      3.7014819999999995,
      5.793624,
      8.0467,
      10.138842,
      4.184284,
      4.9889540000000006,
      6.115492,
      20.11675,
      4.9889540000000006,
      2.41401,
      2.735878,
      1.7702740000000001,
      21.72609,
      0.0,
      2.896812,
      5.9545580000000005,
      10.621644,
      2.5749440000000003,
      3.8624159999999996,
      2.2530759999999996,
      2.735878,
      3.057746,
      8.368568,
      1.9312079999999998,
      2.5749440000000003,
      5.793624,
      5.793624,
      4.184284,
      9.012303999999999,
      7.885766,
      5.63269,
      2.735878,
      4.184284,
      7.885766,
      4.9889540000000006,
      5.63269,
      2.41401,
      3.5405480000000003,
      8.368568,
      10.621644,
      3.379614,
      5.310822
    ],
    [
      5.63269,
      1.2874720000000002,
      6.598293999999999,
      0.16093400000000002,
      6.598293999999999,
      7.0810960000000005,
      5.63269,
      0.48280199999999995,
      21.243288,
      6.598293999999999,
      0.32186800000000004,
      1.7702740000000001,
      0.315,
      6.759228,
      6.43736,
      8.690436,
      3.21868,
      3.5405480000000003,
      6.43736,
      19.633948,
      5.471756,
      0.9656039999999999,
      0.80467,
      1.9312079999999998,
      22.208892000000002,
      2.896812,
      0.0,
      7.0810960000000005,
      10.621644,
      0.203,
      1.60934,
      1.2874720000000002,
      5.471756,
      3.7014819999999995,
      6.9201619999999995,
      1.60934,
      0.32186800000000004,
      6.43736,
      3.21868,
      2.5749440000000003,
      8.207633999999999,
      8.690436,
      6.276426,
      1.2874720000000002,
      5.149888000000001,
      7.0810960000000005,
      5.793624,
      6.598293999999999,
      0.9656039999999999,
      1.9312079999999998,
      5.793624,
      8.207633999999999,
      0.32186800000000004,
      5.9545580000000005
    ],
    [
      0.48280199999999995,
      3.379614,
      2.735878,
      6.598293999999999,
      10.621644,
      0.80467,
      0.148,
      5.63269,
      18.024607999999997,
      1.448406,
      3.8624159999999996,
      6.43736,
      5.9545580000000005,
      11.426314,
      1.60934,
      10.782578,
      0.9656039999999999,
      6.115492,
      10.46071,
      16.415267999999998,
      0.48280199999999995,
      5.471756,
      3.8624159999999996,
      5.9545580000000005,
      18.990212,
      5.9545580000000005,
      7.0810960000000005,
      0.0,
      7.724831999999999,
      5.793624,
      3.5405480000000003,
      6.115492,
      5.471756,
      7.885766,
      1.60934,
      6.43736,
      3.8624159999999996,
      10.621644,
      9.012303999999999,
      3.8624159999999996,
      5.471756,
      12.87472,
      10.46071,
      3.057746,
      2.735878,
      3.21868,
      9.816974,
      10.621644,
      5.793624,
      3.21868,
      12.552852,
      14.001257999999998,
      6.759228,
      10.138842
    ],
    [
      7.402963999999999,
      9.495106,
      11.104446000000001,
      10.782578,
      11.104446000000001,
      7.24203,
      7.563898,
      10.138842,
      25.910374,
      5.793624,
      9.816974,
      11.104446000000001,
      10.621644,
      10.46071,
      6.598293999999999,
      16.89807,
      7.563898,
      11.748182,
      14.966862,
      22.047957999999998,
      7.0810960000000005,
      10.138842,
      10.138842,
      10.46071,
      15.449663999999999,
      10.621644,
      10.621644,
      7.724831999999999,
      0.0,
      10.782578,
      14.162192000000001,
      11.104446000000001,
      7.724831999999999,
      12.87472,
      6.276426,
      11.26538,
      12.552852,
      11.587248,
      16.254334,
      14.001257999999998,
      13.035654,
      13.67939,
      11.426314,
      12.230984,
      13.67939,
      10.46071,
      10.782578,
      10.782578,
      13.196587999999998,
      12.552852,
      20.277684,
      21.243288,
      13.840323999999999,
      11.104446000000001
    ],
    [
      5.310822,
      1.448406,
      6.598293999999999,
      0.16093400000000002,
      6.276426,
      5.310822,
      5.63269,
      0.32186800000000004,
      21.243288,
      6.598293999999999,
      0.48280199999999995,
      1.448406,
      0.082,
      6.43736,
      6.43736,
      8.690436,
      5.63269,
      3.5405480000000003,
      6.276426,
      19.633948,
      5.149888000000001,
      0.80467,
      0.80467,
      1.7702740000000001,
      21.887024,
      2.5749440000000003,
      0.203,
      5.793624,
      10.782578,
      0.0,
      1.2874720000000002,
      1.2874720000000002,
      5.310822,
      3.7014819999999995,
      6.43736,
      1.448406,
      0.32186800000000004,
      6.43736,
      3.21868,
      2.2530759999999996,
      7.724831999999999,
      8.529501999999999,
      6.276426,
      1.2874720000000002,
      4.9889540000000006,
      6.43736,
      5.63269,
      6.598293999999999,
      0.9656039999999999,
      1.448406,
      5.793624,
      8.207633999999999,
      0.16093400000000002,
      5.9545580000000005
    ],
    [
      3.5405480000000003,
      0.80467,
      4.9889540000000006,
      1.1265379999999998,
      9.334171999999999,
      5.471756,
      3.379614,
      4.345218,
      19.151146,
      4.9889540000000006,
      0.9656039999999999,
      5.149888000000001,
      4.667085999999999,
      8.368568,
      4.82802,
      7.402963999999999,
      2.5749440000000003,
      2.2530759999999996,
      9.173238,
      17.541806,
      3.21868,
      4.184284,
      0.80467,
      4.667085999999999,
      21.72609,
      3.8624159999999996,
      1.60934,
      3.5405480000000003,
      14.162192000000001,
      1.2874720000000002,
      0.0,
      4.184284,
      4.9889540000000006,
      6.276426,
      4.82802,
      4.345218,
      0.9656039999999999,
      8.85137,
      4.506151999999999,
      0.80467,
      6.276426,
      11.104446000000001,
      8.690436,
      0.48280199999999995,
      1.448406,
      4.9889540000000006,
      8.0467,
      8.529501999999999,
      3.8624159999999996,
      0.32186800000000004,
      8.529501999999999,
      9.495106,
      2.092142,
      8.368568
    ],
    [
      5.63269,
      2.092142,
      7.885766,
      1.448406,
      5.9545580000000005,
      5.63269,
      5.9545580000000005,
      0.9656039999999999,
      22.53076,
      6.115492,
      1.7702740000000001,
      0.125,
      1.2874720000000002,
      6.115492,
      7.724831999999999,
      10.782578,
      5.9545580000000005,
      4.667085999999999,
      5.793624,
      20.760486,
      5.471756,
      0.80467,
      2.2530759999999996,
      0.48280199999999995,
      22.208892000000002,
      2.2530759999999996,
      1.2874720000000002,
      6.115492,
      11.104446000000001,
      1.2874720000000002,
      4.184284,
      0.0,
      5.63269,
      3.21868,
      7.724831999999999,
      0.125,
      2.092142,
      5.9545580000000005,
      4.184284,
      5.471756,
      9.012303999999999,
      8.207633999999999,
      5.793624,
      2.2530759999999996,
      5.310822,
      7.885766,
      5.149888000000001,
      6.115492,
      0.6437360000000001,
      4.667085999999999,
      6.759228,
      9.173238,
      1.9312079999999998,
      5.471756
    ],
    [
      4.9889540000000006,
      4.02335,
      9.65604,
      5.63269,
      4.9889540000000006,
      4.82802,
      5.149888000000001,
      4.9889540000000006,
      23.33543,
      5.471756,
      4.345218,
      4.82802,
      5.310822,
      4.506151999999999,
      6.9201619999999995,
      11.587248,
      4.506151999999999,
      6.598293999999999,
      4.82802,
      21.72609,
      4.667085999999999,
      4.82802,
      5.149888000000001,
      4.184284,
      21.565156,
      2.735878,
      5.471756,
      5.471756,
      7.724831999999999,
      5.310822,
      4.9889540000000006,
      5.63269,
      0.0,
      2.41401,
      9.173238,
      4.506151999999999,
      4.506151999999999,
      4.9889540000000006,
      8.690436,
      5.63269,
      10.46071,
      7.24203,
      4.82802,
      5.471756,
      5.63269,
      9.334171999999999,
      4.345218,
      4.667085999999999,
      5.63269,
      4.9889540000000006,
      12.713786,
      13.67939,
      6.276426,
      4.506151999999999
    ],
    [
      7.402963999999999,
      5.310822,
      10.299776000000001,
      4.02335,
      3.379614,
      7.402963999999999,
      7.724831999999999,
      3.379614,
      25.266638,
      7.885766,
      4.345218,
      3.057746,
      3.7014819999999995,
      3.5405480000000003,
      10.138842,
      12.552852,
      7.724831999999999,
      7.402963999999999,
      3.379614,
      23.657297999999997,
      7.24203,
      3.21868,
      4.667085999999999,
      2.5749440000000003,
      23.979166,
      3.057746,
      3.7014819999999995,
      7.885766,
      12.87472,
      3.7014819999999995,
      6.276426,
      3.21868,
      2.41401,
      0.0,
      10.138842,
      3.057746,
      4.506151999999999,
      3.379614,
      6.9201619999999995,
      6.9201619999999995,
      11.909116000000001,
      5.63269,
      3.21868,
      4.667085999999999,
      6.759228,
      10.138842,
      2.735878,
      3.5405480000000003,
      3.5405480000000003,
      6.115492,
      9.495106,
      11.748182,
      4.506151999999999,
      2.896812
    ],
    [
      2.41401,
      7.24203,
      1.1265379999999998,
      6.43736,
      12.713786,
      2.2530759999999996,
      1.60934,
      7.0810960000000005,
      17.863674,
      1.448406,
      6.9201619999999995,
      7.885766,
      7.24203,
      12.87472,
      0.384,
      11.104446000000001,
      2.41401,
      5.9545580000000005,
      12.552852,
      16.0934,
      2.2530759999999996,
      7.24203,
      7.24203,
      8.0467,
      17.380872,
      8.368568,
      6.9201619999999995,
      1.60934,
      6.276426,
      6.43736,
      4.82802,
      7.724831999999999,
      9.173238,
      10.138842,
      0.0,
      7.885766,
      6.115492,
      12.87472,
      9.65604,
      4.82802,
      3.057746,
      15.127796,
      12.713786,
      4.506151999999999,
      4.506151999999999,
      1.2874720000000002,
      12.230984,
      13.035654,
      7.402963999999999,
      4.9889540000000006,
      11.909116000000001,
      14.644993999999999,
      7.402963999999999,
      12.391918
    ],
    [
      5.9545580000000005,
      2.5749440000000003,
      8.0467,
      1.7702740000000001,
      5.63269,
      5.793624,
      6.276426,
      0.9656039999999999,
      22.691694,
      6.276426,
      2.092142,
      NaN,
      1.448406,
      5.793624,
      7.885766,
      10.943512,
      6.115492,
      4.9889540000000006,
      5.471756,
      21.082354,
      5.63269,
      0.6437360000000001,
      2.41401,
      0.48280199999999995,
      22.369826,
      1.9312079999999998,
      1.60934,
      6.43736,
      11.26538,
      1.448406,
      4.345218,
      0.125,
      4.506151999999999,
      3.057746,
      7.885766,
      0.0,
      2.2530759999999996,
      5.63269,
      4.506151999999999,
      5.63269,
      9.173238,
      7.885766,
      5.471756,
      2.41401,
      5.63269,
      8.0467,
      4.9889540000000006,
      5.793624,
      0.6437360000000001,
      4.9889540000000006,
      7.0810960000000005,
      9.334171999999999,
      2.092142,
      5.149888000000001
    ],
    [
      3.8624159999999996,
      1.1265379999999998,
      6.276426,
      0.32186800000000004,
      7.0810960000000005,
      3.8624159999999996,
      3.7014819999999995,
      0.6437360000000001,
      20.92142,
      6.276426,
      0.394,
      2.2530759999999996,
      0.32186800000000004,
      7.24203,
      6.115492,
      6.598293999999999,
      2.896812,
      2.896812,
      6.9201619999999995,
      19.151146,
      3.5405480000000003,
      1.1265379999999998,
      0.6437360000000001,
      2.41401,
      21.404222,
      2.5749440000000003,
      0.32186800000000004,
      3.8624159999999996,
      12.552852,
      0.32186800000000004,
      0.9656039999999999,
      2.092142,
      4.506151999999999,
      4.506151999999999,
      6.115492,
      2.2530759999999996,
      0.0,
      6.598293999999999,
      3.5405480000000003,
      1.9312079999999998,
      8.368568,
      8.85137,
      6.43736,
      0.80467,
      2.2530759999999996,
      7.0810960000000005,
      5.9545580000000005,
      6.759228,
      1.2874720000000002,
      1.1265379999999998,
      6.115492,
      8.368568,
      0.48280199999999995,
      6.115492
    ],
    [
      10.138842,
      7.885766,
      13.035654,
      6.598293999999999,
      0.80467,
      9.977908000000001,
      10.46071,
      5.9545580000000005,
      28.002515999999996,
      10.46071,
      6.9201619999999995,
      5.63269,
