{
  "drive_dist_matrix": [
    [
      0.0,
      4.4,
      21.1,
      9.4,
      5.0,
      6.1,
      9.5,
      6.9,
      4.2,
      9.6,
      9.0,
      4.9,
      32.9,
      9.0,
      14.0,
      13.9,
      14.5,
      23.0,
      31.6,
      15.5,
      6.2,
      13.3,
      3.2,
      23.4,
      3.1,
      5.4,
      32.0,
      5.2,
      2.5,
      21.5,
      40.7,
      4.2,
      30.2,
      28.9,
      12.4,
      22.6,
      2.0,
      4.6,
      5.7,
      2.9,
      31.8,
      4.5,
      5.3,
      4.2,
      9.4,
      21.5,
      7.6,
      14.2,
      16.7,
      30.9,
      21.5,
      6.6,
      7.4,
      9.0,
      6.9,
      8.7,
      13.8,
      5.2,
      25.8
    ],
    [
      4.4,
      0.0,
      17.2,
      9.7,
      4.5,
      4.2,
      5.6,
      5.0,
      3.3,
      5.7,
      5.0,
      6.1,
      29.0,
      5.1,
      10.5,
      10.0,
      10.5,
      19.1,
      27.6,
      11.6,
      2.8,
      9.4,
      0.75,
      19.5,
      4.2,
      6.6,
      28.0,
      6.4,
      5.2,
      17.5,
      36.8,
      5.5,
      32.2,
      25.0,
      8.5,
      24.3,
      4.8,
      6.4,
      3.8,
      3.2,
      33.8,
      3.1,
      7.0,
      5.4,
      5.5,
      17.5,
      5.8,
      10.3,
      12.8,
      26.9,
      17.6,
      2.6,
      7.6,
      10.7,
      2.4,
      4.8,
      9.9,
      1.3,
      21.9
    ],
    [
      21.1,
      17.2,
      0.0,
      28.1,
      19.2,
      18.3,
      14.5,
      17.4,
      20.2,
      14.6,
      24.1,
      22.7,
      25.8,
      15.0,
      14.3,
      12.2,
      20.0,
      1.9,
      10.4,
      21.0,
      17.9,
      10.2,
      21.3,
      2.3,
      25.1,
      23.1,
      10.8,
      22.9,
      25.3,
      1.0,
      19.6,
      22.7,
      41.6,
      7.7,
      14.4,
      41.5,
      24.8,
      24.2,
      18.5,
      21.8,
      43.2,
      21.9,
      24.6,
      21.9,
      18.1,
      1.0,
      14.8,
      12.4,
      19.4,
      24.8,
      2.1,
      18.6,
      26.0,
      27.9,
      18.8,
      18.7,
      12.4,
      19.1,
      13.9
    ],
    [
      9.4,
      9.7,
      28.1,
      0.0,
      12.5,
      13.7,
      15.2,
      14.4,
      11.7,
      15.3,
      8.5,
      11.8,
      33.9,
      14.7,
      20.1,
      19.7,
      15.7,
      32.1,
      37.3,
      16.7,
      11.9,
      22.3,
      10.8,
      32.5,
      6.3,
      12.2,
      37.7,
      12.1,
      9.0,
      27.2,
      46.4,
      11.1,
      27.7,
      34.6,
      18.1,
      27.5,
      8.6,
      11.1,
      13.3,
      10.5,
      29.4,
      7.6,
      11.8,
      11.3,
      12.6,
      27.2,
      14.6,
      19.9,
      17.5,
      32.1,
      30.6,
      10.8,
      3.2,
      15.5,
      10.4,
      12.3,
      19.5,
      10.9,
      27.7
    ],
    [
      5.0,
      4.5,
      19.2,
      12.5,
      0.0,
      1.1,
      8.3,
      1.9,
      1.0,
      8.4,
      9.0,
      3.5,
      32.3,
      8.8,
      9.0,
      9.1,
      13.9,
      18.8,
      27.3,
      14.9,
      3.3,
      9.0,
      3.5,
      19.1,
      7.4,
      3.9,
      27.7,
      3.7,
      5.2,
      17.2,
      36.4,
      3.5,
      34.4,
      24.6,
      6.6,
      22.3,
      6.0,
      5.0,
      0.75,
      2.6,
      36.0,
      7.1,
      5.4,
      2.7,
      12.0,
      17.2,
      5.0,
      9.3,
      15.9,
      30.3,
      17.2,
      6.2,
      11.7,
      8.7,
      6.8,
      9.2,
      8.8,
      4.2,
      24.0
    ],
    [
      6.1,
      4.2,
      18.3,
      13.7,
      1.1,
      0.0,
      7.2,
      0.8,
      2.2,
      7.3,
      8.8,
      4.7,
      31.2,
      7.7,
      7.9,
      8.0,
      12.7,
      17.6,
      26.2,
      13.8,
      2.7,
      7.9,
      5.0,
      18.0,
      8.0,
      5.1,
      26.6,
      4.9,
      6.4,
      16.0,
      35.3,
      4.7,
      34.4,
      23.5,
      5.5,
      23.5,
      7.2,
      6.2,
      0.45,
      3.8,
      36.0,
      6.9,
      6.6,
      3.9,
      10.9,
      16.0,
      3.9,
      8.2,
      14.8,
      29.1,
      16.1,
      5.5,
      11.4,
      9.9,
      6.5,
      7.9,
      7.7,
      4.0,
      22.9
    ],
    [
      9.5,
      5.6,
      14.5,
      15.2,
      8.3,
      7.2,
      0.0,
      10.5,
      11.5,
      0.091,
      10.3,
      14.3,
      24.6,
      3.8,
      8.3,
      7.9,
      6.2,
      16.9,
      29.5,
      7.2,
      9.3,
      7.2,
      9.4,
      17.3,
      13.2,
      14.7,
      29.9,
      14.6,
      13.4,
      15.4,
      39.5,
      13.6,
      27.8,
      26.8,
      6.3,
      32.5,
      12.9,
      14.5,
      10.9,
      11.4,
      29.4,
      9.2,
      15.2,
      13.6,
      4.3,
      15.4,
      6.8,
      8.1,
      8.2,
      22.6,
      15.4,
      6.7,
      13.3,
      18.9,
      6.8,
      4.9,
      7.7,
      9.1,
      17.5
    ],
    [
      6.9,
      5.0,
      17.4,
      14.4,
      1.9,
      0.8,
      10.5,
      0.0,
      2.9,
      6.6,
      9.4,
      5.4,
      30.5,
      7.0,
      7.2,
      7.3,
      12.1,
      17.0,
      25.5,
      13.1,
      2.0,
      7.2,
      4.9,
      17.3,
      8.6,
      5.8,
      25.9,
      5.6,
      7.1,
      15.4,
      34.6,
      5.4,
      33.7,
      22.8,
      4.8,
      24.2,
      7.9,
      6.9,
      1.2,
      4.5,
      35.3,
      7.6,
      7.3,
      4.6,
      10.2,
      15.4,
      3.2,
      7.5,
      14.1,
      28.5,
      15.4,
      4.8,
      12.1,
      10.6,
      5.2,
      7.2,
      7.0,
      3.6,
      22.2
    ],
    [
      4.2,
      3.3,
      20.2,
      11.7,
      1.0,
      2.2,
      11.5,
      2.9,
      0.0,
      8.9,
      8.3,
      3.7,
      32.2,
      8.3,
      10.1,
      10.2,
      13.8,
      19.8,
      28.4,
      14.8,
      3.3,
      10.1,
      3.2,
      20.2,
      6.8,
      4.1,
      28.8,
      3.9,
      5.4,
      18.2,
      37.5,
      3.7,
      35.4,
      25.7,
      7.6,
      22.5,
      6.2,
      5.2,
      1.8,
      1.8,
      37.0,
      6.4,
      5.6,
      2.9,
      8.7,
      18.2,
      6.1,
      10.4,
      16.8,
      31.2,
      18.3,
      5.9,
      10.9,
      8.9,
      6.2,
      8.0,
      9.9,
      4.5,
      25.1
    ],
    [
      9.6,
      5.7,
      14.6,
      15.3,
      8.4,
      7.3,
      0.091,
      6.6,
      8.9,
      0.0,
      10.7,
      14.4,
      25.8,
      3.9,
      8.4,
      7.9,
      6.3,
      17.0,
      25.6,
      7.3,
      9.3,
      7.3,
      9.5,
      17.4,
      13.2,
      14.8,
      26.0,
      14.7,
      13.5,
      15.4,
      34.7,
      13.7,
      27.9,
      22.9,
      6.4,
      32.6,
      13.0,
      14.6,
      11.0,
      11.5,
      29.5,
      9.3,
      15.3,
      13.7,
      4.4,
      15.4,
      6.9,
      8.2,
      9.3,
      23.7,
      15.5,
      6.8,
      13.4,
      19.0,
      6.9,
      5.0,
      7.8,
      9.2,
      17.6
    ],
    [
      9.0,
      5.0,
      24.1,
      8.5,
      9.0,
      8.8,
      10.3,
      9.4,
      8.3,
      10.7,
      0.0,
      10.3,
      26.0,
      11.1,
      15.6,
      15.1,
      7.8,
      24.2,
      32.8,
      8.9,
      6.9,
      14.5,
      5.4,
      24.6,
      7.0,
      10.7,
      33.2,
      10.6,
      9.7,
      22.6,
      41.9,
      9.6,
      26.3,
      30.1,
      13.6,
      28.5,
      8.9,
      10.5,
      7.9,
      7.4,
      27.9,
      4.1,
      11.2,
      9.6,
      4.7,
      22.6,
      9.5,
      15.4,
      9.6,
      24.0,
      22.7,
      5.1,
      5.5,
      14.9,
      4.1,
      4.4,
      15.0,
      5.9,
      19.8
    ],
    [
      4.9,
      6.1,
      22.7,
      11.8,
      3.5,
      4.7,
      14.3,
      5.4,
      3.7,
      14.4,
      10.3,
      0.0,
      35.9,
      11.1,
      13.3,
      13.4,
      16.5,
      23.0,
      31.6,
      17.5,
      7.5,
      13.3,
      5.2,
      23.4,
      6.1,
      2.6,
      32.0,
      2.4,
      3.0,
      21.4,
      40.7,
      0.15,
      33.2,
      28.9,
      10.8,
      18.9,
      3.8,
      1.9,
      5.0,
      3.8,
      35.7,
      9.1,
      1.9,
      0.8,
      11.4,
      21.4,
      9.3,
      13.6,
      19.5,
      33.9,
      21.5,
      8.6,
      10.4,
      5.3,
      8.5,
      10.8,
      13.2,
      7.3,
      27.8
    ],
    [
      32.9,
      29.0,
      25.8,
      33.9,
      32.3,
      31.2,
      24.6,
      30.5,
      32.2,
      25.8,
      26.0,
      35.9,
      0.0,
      26.4,
      30.9,
      30.4,
      21.1,
      23.8,
      32.8,
      21.5,
      29.8,
      29.8,
      29.9,
      24.6,
      34.6,
      35.2,
      33.2,
      35.1,
      33.9,
      27.1,
      27.4,
      34.1,
      29.2,
      30.7,
      28.9,
      53.0,
      33.4,
      35.0,
      31.4,
      31.9,
      30.8,
      29.3,
      35.7,
      34.2,
      23.5,
      27.1,
      29.4,
      30.7,
      20.2,
      8.9,
      27.1,
      27.2,
      32.1,
      39.4,
      27.3,
      25.4,
      30.3,
      29.6,
      12.9
    ],
    [
      9.0,
      5.1,
      15.0,
      14.7,
      8.8,
      7.7,
      3.8,
      7.0,
      8.3,
      3.9,
      11.1,
      11.1,
      26.4,
      0.0,
      6.1,
      5.7,
      6.8,
      14.8,
      23.3,
      7.8,
      5.9,
      5.0,
      7.2,
      15.2,
      10.9,
      12.5,
      23.7,
      12.3,
      11.2,
      13.2,
      32.5,
      11.4,
      28.4,
      20.6,
      4.2,
      30.3,
      10.7,
      12.3,
      7.5,
      9.1,
      30.0,
      7.8,
      12.9,
      11.4,
      4.9,
      13.2,
      4.7,
      5.9,
      9.9,
      24.2,
      13.3,
      4.5,
      11.8,
      16.7,
      4.6,
      5.5,
      5.5,
      5.7,
      19.5
    ],
    [
      14.0,
      10.5,
      14.3,
      20.1,
      9.0,
      7.9,
      8.3,
      7.2,
      10.1,
      8.4,
      15.6,
      13.3,
      30.9,
      6.1,
      0.0,
      2.3,
      11.1,
      14.3,
      22.9,
      12.2,
      8.1,
      4.3,
      11.7,
      14.7,
      13.9,
      13.2,
      23.3,
      13.1,
      14.5,
      12.8,
      32.0,
      12.9,
      32.8,
      20.2,
      2.7,
      31.6,
      15.3,
      14.4,
      8.7,
      12.0,
      34.4,
      12.3,
      14.7,
      12.1,
      9.3,
      12.8,
      5.0,
      3.4,
      14.2,
      28.6,
      12.8,
      8.9,
      16.3,
      18.0,
      9.1,
      9.9,
      2.0,
      9.2,
      20.5
    ],
    [
      13.9,
      10.0,
      12.2,
      19.7,
      9.1,
      8.0,
      7.9,
      7.3,
      10.2,
      7.9,
      15.1,
      13.4,
      30.4,
      5.7,
      2.3,
      0.0,
      10.7,
      12.0,
      20.5,
      11.8,
      8.2,
      1.9,
      12.0,
      12.3,
      15.8,
      13.3,
      20.9,
      13.2,
      14.5,
      10.4,
      29.6,
      13.0,
      32.3,
      17.8,
      2.8,
      31.8,
      15.6,
      14.5,
      8.8,
      12.1,
      33.9,
      12.6,
      14.8,
      12.2,
      8.8,
      10.4,
      5.1,
      0.55,
      13.8,
      28.1,
      10.4,
      9.3,
      16.7,
      18.2,
      9.5,
      9.5,
      0.3,
      9.4,
      18.7
    ],
    [
      14.5,
      10.5,
      20.0,
      15.7,
      13.9,
      12.7,
      6.2,
      12.1,
      13.8,
      6.3,
      7.8,
      16.5,
      21.1,
      6.8,
      11.1,
      10.7,
      0.0,
      20.1,
      28.6,
      3.3,
      10.3,
      10.3,
      10.5,
      20.5,
      14.2,
      15.8,
      29.0,
      15.7,
      14.5,
      18.5,
      37.8,
      14.7,
      23.9,
      25.9,
      9.5,
      33.6,
      14.0,
      15.6,
      11.9,
      12.5,
      25.5,
      10.3,
      16.3,
      14.7,
      4.0,
      18.5,
      10.0,
      11.2,
      5.7,
      20.1,
      18.6,
      7.8,
      11.7,
      20.0,
      7.8,
      6.0,
      10.8,
      10.1,
      15.9
    ],
    [
      23.0,
      19.1,
      1.9,
      32.1,
      18.8,
      17.6,
      16.9,
      17.0,
      19.8,
      17.0,
      24.2,
      23.0,
      23.8,
      14.8,
      14.3,
      12.0,
      20.1,
      0.0,
      10.3,
      20.9,
      17.7,
      10.0,
      21.2,
      2.1,
      24.9,
      22.9,
      10.7,
      22.7,
      25.1,
      3.5,
      19.4,
      22.5,
      41.4,
      7.6,
      14.2,
      41.3,
      24.6,
      24.0,
      18.3,
      23.1,
      43.0,
      21.8,
      24.4,
      21.7,
      18.0,
      3.5,
      14.7,
      12.2,
      20.3,
      24.6,
      3.6,
      18.4,
      25.8,
      27.7,
      18.6,
      18.6,
      12.2,
      19.6,
      13.8
    ],
    [
      31.6,
      27.6,
      10.4,
      37.3,
      27.3,
      26.2,
      29.5,
      25.5,
      28.4,
      25.6,
      32.8,
      31.6,
      32.8,
      23.3,
      22.9,
      20.5,
      28.6,
      10.3,
      0.0,
      29.7,
      28.7,
      18.9,
      30.0,
      11.0,
      33.7,
      31.8,
      0.55,
      31.6,
      34.0,
      12.4,
      9.5,
      31.4,
      50.3,
      4.3,
      23.0,
      50.2,
      33.5,
      32.9,
      27.2,
      32.0,
      51.9,
      30.6,
      33.3,
      30.6,
      26.8,
      12.4,
      23.5,
      21.1,
      27.3,
      36.3,
      12.4,
      27.3,
      34.7,
      36.6,
      27.4,
      27.4,
      21.1,
      28.5,
      20.9
    ],
    [
      15.5,
      11.6,
      21.0,
      16.7,
      14.9,
      13.8,
      7.2,
      13.1,
      14.8,
      7.3,
      8.9,
      17.5,
      21.5,
      7.8,
      12.2,
      11.8,
      3.3,
      20.9,
      29.7,
      0.0,
      12.3,
      12.4,
      12.5,
      22.5,
      14.9,
      17.8,
      30.5,
      17.7,
      16.5,
      20.5,
      39.8,
      16.7,
      24.3,
      28.0,
      11.5,
      35.6,
      16.0,
      17.6,
      14.0,
      14.5,
      25.9,
      11.9,
      18.3,
      16.7,
      6.1,
      20.5,
      12.0,
      13.3,
      6.6,
      21.0,
      20.6,
      9.8,
      13.5,
      22.0,
      9.9,
      8.0,
      12.9,
      12.2,
      16.8
    ],
    [
      6.2,
      2.8,
      17.9,
      11.9,
      3.3,
      2.7,
      9.3,
      2.0,
      3.3,
      9.3,
      6.9,
      7.5,
      29.8,
      5.9,
      8.1,
      8.2,
      10.3,
      17.7,
      28.7,
      12.3,
      0.0,
      7.6,
      3.2,
      17.7,
      6.5,
      6.4,
      26.2,
      6.2,
      5.8,
      15.7,
      35.0,
      6.0,
      32.7,
      23.2,
      5.1,
      24.8,
      5.3,
      7.6,
      1.8,
      3.3,
      34.3,
      5.4,
      7.9,
      5.2,
      8.1,
      15.7,
      3.0,
      7.9,
      15.4,
      30.6,
      15.8,
      4.4,
      9.9,
      11.2,
      5.0,
      7.4,
      7.3,
      2.5,
      22.4
    ],
    [
      13.3,
      9.4,
      10.2,
      22.3,
      9.0,
      7.9,
      7.2,
      7.2,
      10.1,
      7.3,
      14.5,
      13.3,
      29.8,
      5.0,
      4.3,
      1.9,
      10.3,
      10.0,
      18.9,
      12.4,
      7.6,
      0.0,
      11.8,
      10.3,
      15.5,
      13.6,
      18.9,
      13.4,
      15.8,
      8.4,
      27.7,
      13.2,
      32.1,
      15.8,
      4.1,
      32.0,
      15.3,
      14.7,
      9.0,
      12.3,
      33.7,
      12.4,
      15.1,
      12.4,
      8.6,
      8.4,
      5.3,
      2.2,
      10.9,
      25.6,
      8.5,
      9.1,
      16.5,
      18.4,
      9.2,
      9.2,
      2.2,
      10.3,
      16.2
    ],
    [
      3.2,
      0.75,
      21.3,
      10.8,
      3.5,
      5.0,
      9.4,
      4.9,
      3.2,
      9.5,
      5.4,
      5.2,
      29.9,
      7.2,
      11.7,
      12.0,
      10.5,
      21.2,
      30.0,
      12.5,
      3.2,
      11.8,
      0.0,
      20.2,
      4.9,
      6.8,
      28.8,
      6.7,
      5.5,
      18.2,
      37.5,
      5.7,
      32.9,
      25.7,
      9.2,
      24.6,
      5.0,
      6.6,
      4.0,
      2.9,
      34.5,
      3.8,
      7.3,
      5.7,
      6.2,
      18.2,
      5.6,
      11.0,
      14.3,
      28.6,
      18.3,
      3.3,
      8.4,
      8.3,
      3.2,
      5.5,
      10.6,
      2.0,
      22.6
    ],
    [
      23.4,
      19.5,
      2.3,
      32.5,
      19.1,
      18.0,
      17.3,
      17.3,
      20.2,
      17.4,
      24.6,
      23.4,
      24.6,
      15.2,
      14.7,
      12.3,
      20.5,
      2.1,
      11.0,
      22.5,
      17.7,
      10.3,
      20.2,
      0.0,
      27.2,
      26.8,
      9.8,
      26.9,
      27.4,
      7.7,
      18.6,
      26.7,
      43.7,
      6.8,
      18.3,
      45.5,
      27.0,
      28.5,
      22.5,
      25.4,
      45.4,
      24.1,
      28.6,
      25.9,
      20.3,
      7.7,
      18.8,
      16.4,
      19.3,
      23.8,
      7.7,
      20.7,
      28.1,
      31.9,
      20.9,
      20.9,
      16.4,
      22.0,
      12.9
    ],
    [
      3.1,
      4.2,
      25.1,
      6.3,
      7.4,
      8.0,
      13.2,
      8.6,
      6.8,
      13.2,
      7.0,
      6.1,
      34.6,
      10.9,
      13.9,
      15.8,
      14.2,
      24.9,
      33.7,
      14.9,
      6.5,
      15.5,
      4.9,
      27.2,
      0.0,
      6.9,
      32.1,
      6.7,
      3.6,
      21.6,
      40.8,
      5.8,
      27.2,
      29.0,
      12.5,
      23.8,
      3.2,
      5.8,
      7.3,
      5.1,
      28.8,
      2.7,
      6.4,
      5.9,
      9.5,
      21.6,
      9.1,
      14.3,
      15.8,
      31.6,
      21.6,
      5.9,
      4.4,
      10.2,
      5.5,
      8.9,
      13.9,
      5.3,
      25.9
    ],
    [
      5.4,
      6.6,
      23.1,
      12.2,
      3.9,
      5.1,
      14.7,
      5.8,
      4.1,
      14.8,
      10.7,
      2.6,
      35.2,
      12.5,
      13.2,
      13.3,
      15.8,
      22.9,
      31.8,
      17.8,
      6.4,
      13.6,
      6.8,
      26.8,
      6.9,
      0.0,
      33.9,
      0.5,
      3.6,
      22.0,
      38.1,
      2.0,
      32.9,
      30.8,
      8.3,
      20.7,
      4.1,
      3.5,
      2.4,
      1.9,
      34.5,
      7.6,
      3.8,
      1.1,
      10.0,
      22.0,
      6.7,
      14.8,
      17.1,
      37.3,
      22.1,
      7.1,
      10.1,
      7.1,
      7.0,
      9.3,
      10.5,
      5.9,
      25.7
    ],
    [
      32.0,
      28.0,
      10.8,
      37.7,
      27.7,
      26.6,
      29.9,
      25.9,
      28.8,
      26.0,
      33.2,
      32.0,
      33.2,
      23.7,
      23.3,
      20.9,
      29.0,
      10.7,
      0.55,
      30.5,
      26.2,
      18.9,
      28.8,
      9.8,
      32.1,
      33.9,
      0.0,
      32.2,
      34.7,
      12.9,
      10.1,
      32.0,
      50.9,
      4.9,
      23.6,
      50.7,
      34.2,
      33.5,
      27.8,
      32.5,
      52.5,
      31.2,
      33.8,
      31.2,
      27.4,
      12.9,
      24.1,
      21.6,
      29.6,
      36.8,
      13.0,
      27.9,
      35.2,
      34.7,
      28.0,
      28.0,
      21.6,
      29.1,
      21.5
    ],
    [
      5.2,
      6.4,
      22.9,
      12.1,
      3.7,
      4.9,
      14.6,
      5.6,
      3.9,
      14.7,
      10.6,
      2.4,
      35.1,
      12.3,
      13.1,
      13.2,
      15.7,
      22.7,
      31.6,
      17.7,
      6.2,
      13.4,
      6.7,
      26.9,
      6.7,
      0.5,
      32.2,
      0.0,
      4.0,
      19.4,
      38.6,
      2.3,
      33.3,
      26.8,
      8.7,
      21.1,
      4.2,
      3.9,
      2.8,
      2.3,
      34.9,
      8.0,
      4.2,
      1.5,
      10.4,
      19.4,
      7.1,
      11.5,
      18.5,
      32.9,
      19.4,
      7.5,
      10.5,
      7.5,
      8.0,
      9.7,
      10.9,
      6.3,
      26.9
    ],
    [
      2.5,
      5.2,
      25.3,
      9.0,
      5.2,
      6.4,
      13.4,
      7.1,
      5.4,
      13.5,
      9.7,
      3.0,
      33.9,
      11.2,
      14.5,
      14.5,
      14.5,
      25.1,
      34.0,
      16.5,
      5.8,
      15.8,
      5.5,
      27.4,
      3.6,
      3.6,
      34.7,
      4.0,
      0.0,
      23.8,
      43.1,
      2.3,
      30.9,
      31.3,
      11.7,
      20.2,
      1.6,
      2.3,
      5.8,
      4.2,
      32.5,
      6.2,
      2.9,
      2.4,
      11.9,
      23.8,
      10.1,
      14.5,
      18.9,
      35.3,
      23.9,
      8.9,
      8.2,
      3.9,
      9.3,
      11.1,
      13.9,
      7.6,
      28.4
    ],
    [
      21.5,
      17.5,
      1.0,
      27.2,
      17.2,
      16.0,
      15.4,
      15.4,
      18.2,
      15.4,
      22.6,
      21.4,
      27.1,
      13.2,
      12.8,
      10.4,
      18.5,
      3.5,
      12.4,
      20.5,
      15.7,
      8.4,
      18.2,
      7.7,
      21.6,
      22.0,
      12.9,
      19.4,
      23.8,
      0.0,
      19.5,
      22.6,
      41.6,
      7.7,
      14.3,
      41.4,
      24.8,
      26.3,
      18.5,
      23.2,
      43.2,
      21.9,
      24.5,
      21.8,
      18.1,
      0.0,
      14.8,
      12.3,
      22.0,
      24.7,
      1.1,
      18.6,
      25.9,
      27.8,
      18.7,
      18.7,
      12.3,
      19.8,
      13.9
    ],
    [
      40.7,
      36.8,
      19.6,
      46.4,
      36.4,
      35.3,
      39.5,
      34.6,
      37.5,
      34.7,
      41.9,
      40.7,
      27.4,
      32.5,
      32.0,
      29.6,
      37.8,
      19.4,
      9.5,
      39.8,
      35.0,
      27.7,
      37.5,
      18.6,
      40.8,
      38.1,
      10.1,
      38.6,
      43.1,
      19.5,
      0.0,
      46.9,
      63.5,
      19.9,
      38.6,
      65.7,
      49.2,
      48.4,
      42.7,
      46.1,
      65.1,
      46.2,
      48.8,
      46.1,
      42.4,
      27.9,
      39.1,
      36.6,
      46.3,
      43.2,
      28.0,
      42.8,
      50.2,
      52.1,
      43.0,
      43.0,
      36.6,
      44.1,
      36.5
    ],
    [
      4.2,
      5.5,
      22.7,
      11.1,
      3.5,
      4.7,
      13.6,
      5.4,
      3.7,
      13.7,
      9.6,
      0.15,
      34.1,
      11.4,
      12.9,
      13.0,
      14.7,
      22.5,
      31.4,
      16.7,
      6.0,
      13.2,
      5.7,
      26.7,
      5.8,
      2.0,
      32.0,
      2.3,
      2.3,
      22.6,
      46.9,
      0.0,
      33.1,
      28.7,
      10.6,
      19.0,
      3.7,
      2.0,
      4.8,
      3.7,
      34.7,
      9.0,
      2.1,
      0.8,
      11.3,
      21.3,
      9.0,
      13.4,
      18.4,
      33.8,
      21.3,
      8.4,
      10.3,
      5.4,
      8.3,
      10.6,
      12.9,
      7.1,
      27.7
    ],
    [
      30.2,
      32.2,
      41.6,
      27.7,
      34.4,
      34.4,
      27.8,
      33.7,
      35.4,
      27.9,
      26.3,
      33.2,
      29.2,
      28.4,
      32.8,
      32.3,
      23.9,
      41.4,
      50.3,
      24.3,
      32.7,
      32.1,
      32.9,
      43.7,
      27.2,
      32.9,
      50.9,
      33.3,
      30.9,
      41.6,
      63.5,
      33.1,
      0.0,
      45.9,
      29.4,
      48.8,
      28.3,
      30.8,
      31.9,
      32.4,
      5.1,
      25.6,
      31.5,
      34.6,
      24.0,
      38.4,
      29.9,
      31.2,
      25.7,
      20.8,
      38.5,
      27.7,
      23.5,
      35.2,
      27.9,
      25.9,
      30.8,
      30.1,
      30.3
    ],
    [
      28.9,
      25.0,
      7.7,
      34.6,
      24.6,
      23.5,
      26.8,
      22.8,
      25.7,
      22.9,
      30.1,
      28.9,
      30.7,
      20.6,
      20.2,
      17.8,
      25.9,
      7.6,
      4.3,
      28.0,
      23.2,
      15.8,
      25.7,
      6.8,
      29.0,
      30.8,
      4.9,
      26.8,
      31.3,
      7.7,
      19.9,
      28.7,
      45.9,
      0.0,
      20.1,
      47.3,
      30.6,
      30.0,
      24.3,
      27.6,
      49.0,
      27.7,
      30.3,
      27.7,
      23.9,
      9.5,
      20.6,
      18.2,
      27.8,
      28.9,
      9.5,
      24.4,
      31.8,
      33.7,
      24.5,
      24.5,
      18.2,
      25.6,
      18.0
    ],
    [
      12.4,
      8.5,
      14.4,
      18.1,
      6.6,
      5.5,
      6.3,
      4.8,
      7.6,
      6.4,
      13.6,
      10.8,
      28.9,
      4.2,
      2.7,
      2.8,
      9.5,
      14.2,
      23.0,
      11.5,
      5.1,
      4.1,
      9.2,
      18.3,
      12.5,
      8.3,
      23.6,
      8.7,
      11.7,
      14.3,
      38.6,
      10.6,
      29.4,
      20.1,
      0.0,
      29.7,
      13.4,
      12.4,
      6.7,
      10.0,
      32.4,
      10.3,
      12.7,
      10.1,
      7.3,
      12.4,
      3.0,
      3.1,
      11.2,
      25.5,
      12.5,
      7.0,
      14.3,
      16.1,
      7.1,
      7.9,
      2.5,
      7.3,
      19.3
    ],
    [
      22.6,
      24.3,
      41.5,
      27.5,
      22.3,
      23.5,
      32.5,
      24.2,
      22.5,
      32.6,
      28.5,
      18.9,
      53.0,
      30.3,
      31.6,
      31.8,
      33.6,
      41.3,
      50.2,
      35.6,
      24.8,
      32.0,
      24.6,
      45.5,
      23.8,
      20.7,
      50.7,
      21.1,
      20.2,
      41.4,
      65.7,
      19.0,
      48.8,
      47.3,
      29.7,
      0.0,
      21.4,
      19.4,
      23.1,
      22.3,
      52.4,
      26.0,
      17.7,
      19.7,
      29.9,
      41.9,
      27.4,
      31.7,
      36.9,
      55.2,
      42.0,
      27.0,
      28.0,
      17.4,
      26.9,
      29.2,
      31.3,
      25.7,
      46.3
    ],
    [
      2.0,
      4.8,
      24.8,
      8.6,
      6.0,
      7.2,
      12.9,
      7.9,
      6.2,
      13.0,
      8.9,
      3.8,
      33.4,
      10.7,
      15.3,
      15.6,
      14.0,
      24.6,
      33.5,
      16.0,
      5.3,
      15.3,
      5.0,
      27.0,
      3.2,
      4.1,
      34.2,
      4.2,
      1.6,
      24.8,
      49.2,
      3.7,
      28.3,
      30.6,
      13.4,
      21.4,
      0.0,
      4.3,
      6.8,
      4.1,
      31.3,
      4.9,
      4.9,
      4.4,
      10.5,
      22.6,
      8.7,
      15.3,
      17.6,
      34.0,
      22.6,
      7.7,
      6.9,
      8.7,
      7.6,
      9.9,
      14.9,
      6.4,
      27.0
    ],
    [
      4.6,
      6.4,
      24.2,
      11.1,
      5.0,
      6.2,
      14.5,
      6.9,
      5.2,
      14.6,
      10.5,
      1.9,
      35.0,
      12.3,
      14.4,
      14.5,
      15.6,
      24.0,
      32.9,
      17.6,
      7.6,
      14.7,
      6.6,
      28.5,
      5.8,
      3.5,
      33.5,
      3.9,
      2.3,
      26.3,
      48.4,
      2.0,
      30.8,
      30.0,
      12.4,
      19.4,
      4.3,
      0.0,
      5.6,
      4.8,
      34.9,
      8.5,
      0.7,
      2.2,
      12.4,
      22.1,
      9.9,
      14.2,
      19.4,
      33.8,
      22.1,
      9.5,
      10.5,
      0.8,
      9.4,
      11.7,
      13.7,
      8.2,
      28.8
    ],
    [
      5.7,
      3.8,
      18.5,
      13.3,
      0.75,
      0.45,
      10.9,
      1.2,
      1.8,
      11.0,
      7.9,
      5.0,
      31.4,
      7.5,
      8.7,
      8.8,
      11.9,
      18.3,
      27.2,
      14.0,
      1.8,
      9.0,
      4.0,
      22.5,
      7.3,
      2.4,
      27.8,
      2.8,
      5.8,
      18.5,
      42.7,
      4.8,
      31.9,
      24.3,
      6.7,
      23.1,
      6.8,
      5.6,
      0.0,
      3.4,
      35.3,
      6.4,
      6.1,
      3.5,
      9.1,
      16.5,
      4.3,
      8.7,
      15.2,
      29.6,
      16.6,
      6.3,
      10.9,
      9.4,
      6.1,
      8.5,
      8.1,
      3.5,
      23.9
    ],
    [
      2.9,
      3.2,
      21.8,
      10.5,
      2.6,
      3.8,
      11.4,
      4.5,
      1.8,
      11.5,
      7.4,
      3.8,
      31.9,
      9.1,
      12.0,
      12.1,
      12.5,
      23.1,
      32.0,
      14.5,
      3.3,
      12.3,
      2.9,
      25.4,
      5.1,
      1.9,
      32.5,
      2.3,
      4.2,
      23.2,
      46.1,
      3.7,
      32.4,
      27.6,
      10.0,
      22.3,
      4.1,
      4.8,
      3.4,
      0.0,
      33.7,
      6.4,
      4.7,
      2.8,
      8.8,
      20.8,
      6.0,
      13.6,
      15.9,
      30.6,
      20.9,
      5.9,
      9.3,
      5.7,
      5.8,
      8.1,
      13.1,
      4.6,
      25.2
    ],
    [
      31.8,
      33.8,
      43.2,
      29.4,
      36.0,
      36.0,
      29.4,
      35.3,
      37.0,
      29.5,
      27.9,
      35.7,
      30.8,
      30.0,
      34.4,
      33.9,
      25.5,
      43.0,
      51.9,
      25.9,
      34.3,
      33.7,
      34.5,
      45.4,
      28.8,
      34.5,
      52.5,
      34.9,
      32.5,
      43.2,
      65.1,
      34.7,
      5.1,
      49.0,
      32.4,
      52.4,
      31.3,
      34.9,
      35.3,
      33.7,
      0.0,
      32.6,
      38.4,
      41.6,
      30.9,
      45.4,
      36.8,
      38.1,
      32.6,
      27.8,
      45.5,
      34.7,
      30.5,
      42.2,
      34.8,
      32.9,
      37.7,
      37.2,
      37.3
    ],
    [
      4.5,
      3.1,
      21.9,
      7.6,
      7.1,
      6.9,
      9.2,
      7.6,
      6.4,
      9.3,
      4.1,
      9.1,
      29.3,
      7.8,
      12.3,
      12.6,
      10.3,
      21.8,
      30.6,
      11.9,
      5.4,
      12.4,
      3.8,
      24.1,
      2.7,
      7.6,
      31.2,
      8.0,
      6.2,
      21.9,
      46.2,
      9.0,
      25.6,
      27.7,
      10.3,
      26.0,
      4.9,
      8.5,
      6.4,
      6.4,
      32.6,
      0.0,
      8.6,
      8.3,
      6.8,
      20.4,
      8.8,
      13.1,
      13.1,
      28.3,
      20.5,
      4.1,
      4.5,
      9.8,
      3.7,
      6.1,
      12.7,
      5.2,
      23.6
    ],
    [
      5.3,
      7.0,
      24.6,
      11.8,
      5.4,
      6.6,
      15.2,
      7.3,
      5.6,
      15.3,
      11.2,
      1.9,
      35.7,
      12.9,
      14.7,
      14.8,
      16.3,
      24.4,
      33.3,
      18.3,
      7.9,
      15.1,
      7.3,
      28.6,
      6.4,
      3.8,
      33.8,
      4.2,
      2.9,
      24.5,
      48.8,
      2.1,
      31.5,
      30.3,
      12.7,
      17.7,
      4.9,
      0.7,
      6.1,
      4.7,
      38.4,
      8.6,
      0.0,
      2.7,
      12.9,
      22.5,
      10.4,
      14.7,
      20.0,
      34.0,
      22.6,
      10.0,
      11.0,
      0.9,
      9.9,
      12.2,
      14.3,
      8.7,
      29.3
    ],
    [
      4.2,
      5.4,
      21.9,
      11.3,
      2.7,
      3.9,
      13.6,
      4.6,
      2.9,
      13.7,
      9.6,
      0.8,
      34.2,
      11.4,
      12.1,
      12.2,
      14.7,
      21.7,
      30.6,
      16.7,
      5.2,
      12.4,
      5.7,
      25.9,
      5.9,
      1.1,
      31.2,
      1.5,
      2.4,
      21.8,
      46.1,
      0.8,
      34.6,
      27.7,
      10.1,
      19.7,
      4.4,
      2.2,
      3.5,
      2.8,
      41.6,
      8.3,
      2.7,
      0.0,
      10.9,
      19.9,
      7.7,
      12.0,
      18.0,
      32.3,
      19.9,
      8.0,
      9.9,
      6.0,
      7.9,
      10.2,
      11.6,
      6.7,
      27.3
    ],
    [
      9.4,
      5.5,
      18.1,
      12.6,
      12.0,
      10.9,
      4.3,
      10.2,
      8.7,
      4.4,
      4.7,
      11.4,
      23.5,
      4.9,
      9.3,
      8.8,
      4.0,
      18.0,
      26.8,
      6.1,
      8.1,
      8.6,
      6.2,
      20.3,
      9.5,
      10.0,
      27.4,
      10.4,
      11.9,
      18.1,
      42.4,
      11.3,
      24.0,
      23.9,
      7.3,
      29.9,
      10.5,
      12.4,
      9.1,
      8.8,
      30.9,
      6.8,
      12.9,
      10.9,
      0.0,
      16.8,
      6.6,
      9.5,
      6.9,
      21.3,
      16.9,
      3.8,
      10.3,
      15.9,
      3.8,
      0.65,
      9.1,
      6.1,
      17.1
    ],
    [
      21.5,
      17.5,
      1.0,
      27.2,
      17.2,
      16.0,
      15.4,
      15.4,
      18.2,
      15.4,
      22.6,
      21.4,
      27.1,
      13.2,
      12.8,
      10.4,
      18.5,
      3.5,
      12.4,
      20.5,
      15.7,
      8.4,
      18.2,
      7.7,
      21.6,
      22.0,
      12.9,
      19.4,
      23.8,
      0.0,
      27.9,
      21.3,
      38.4,
      9.5,
      12.4,
      41.9,
      22.6,
      22.1,
      16.5,
      20.8,
      45.4,
      20.4,
      22.5,
      19.9,
      16.8,
      0.0,
      14.8,
      12.3,
      22.0,
      24.7,
      1.1,
      18.6,
      25.9,
      27.8,
      18.7,
      18.7,
      12.3,
      19.8,
      13.9
    ],
    [
      7.6,
      5.8,
      14.8,
      14.6,
      5.0,
      3.9,
      6.8,
      3.2,
      6.1,
      6.9,
      9.5,
      9.3,
      29.4,
      4.7,
      5.0,
      5.1,
      10.0,
      14.7,
      23.5,
      12.0,
      3.0,
      5.3,
      5.6,
      18.8,
      9.1,
      6.7,
      24.1,
      7.1,
      10.1,
      14.8,
      39.1,
      9.0,
      29.9,
      20.6,
      3.0,
      27.4,
      8.7,
      9.9,
      4.3,
      6.0,
      36.8,
      8.8,
      10.4,
      7.7,
      6.6,
      14.8,
      0.0,
      5.9,
      12.5,
      26.8,
      13.8,
      6.3,
      14.5,
      13.0,
      6.5,
      7.3,
      5.5,
      7.1,
      20.6
    ],
    [
      14.2,
      10.3,
      12.4,
      19.9,
      9.3,
      8.2,
      8.1,
      7.5,
      10.4,
      8.2,
      15.4,
      13.6,
      30.7,
      5.9,
      3.4,
      0.55,
      11.2,
      12.2,
      21.1,
      13.3,
      7.9,
      2.2,
      11.0,
      16.4,
      14.3,
      14.8,
      21.6,
      11.5,
      14.5,
      12.3,
      36.6,
      13.4,
      31.2,
      18.2,
      3.1,
      31.7,
      15.3,
      14.2,
      8.7,
      13.6,
      38.1,
      13.1,
      14.7,
      12.0,
      9.5,
      12.3,
      5.9,
      0.0,
      13.0,
      27.3,
      10.7,
      9.6,
      16.9,
      18.4,
      9.7,
      9.7,
      0.8,
      9.6,
      18.4
    ],
    [
      16.7,
      12.8,
      19.4,
      17.5,
      15.9,
      14.8,
      8.2,
      14.1,
      16.8,
      9.3,
      9.6,
      19.5,
      20.2,
      9.9,
      14.2,
      13.8,
      5.7,
      20.3,
      27.3,
      6.6,
      15.4,
      10.9,
      14.3,
      19.3,
      15.8,
      17.1,
      29.6,
      18.5,
      18.9,
      22.0,
      46.3,
      18.4,
      25.7,
      27.8,
      11.2,
      36.9,
      17.6,
      19.4,
      15.2,
      15.9,
      32.6,
      13.1,
      20.0,
      18.0,
      6.9,
      22.0,
      12.5,
      13.0,
      0.0,
      18.5,
      19.1,
      11.1,
      14.8,
      23.3,
      11.2,
      9.3,
      14.2,
      13.5,
      10.5
    ],
    [
      30.9,
      26.9,
      24.8,
      32.1,
      30.3,
      29.1,
      22.6,
      28.5,
      31.2,
      23.7,
      24.0,
      33.9,
      8.9,
      24.2,
      28.6,
      28.1,
      20.1,
      24.6,
      36.3,
      21.0,
      30.6,
      25.6,
      28.6,
      23.8,
      31.6,
      37.3,
      36.8,
      32.9,
      35.3,
      24.7,
      43.2,
      33.8,
      20.8,
      28.9,
      25.5,
      55.2,
      34.0,
      33.8,
      29.6,
      30.6,
      27.8,
      28.3,
      34.0,
      32.3,
      21.3,
      24.7,
      26.8,
      27.3,
      18.5,
      0.0,
      25.5,
      24.9,
      30.4,
      34.3,
      25.0,
      23.1,
      27.9,
      27.4,
      11.3
    ],
    [
      21.5,
      17.6,
      2.1,
      30.6,
      17.2,
      16.1,
      15.4,
      15.4,
      18.3,
      15.5,
      22.7,
      21.5,
      27.1,
      13.3,
      12.8,
      10.4,
      18.6,
      3.6,
      12.4,
      20.6,
      15.8,
      8.5,
      18.3,
      7.7,
      21.6,
      22.1,
      13.0,
      19.4,
      23.9,
      1.1,
      28.0,
      21.3,
      38.5,
      9.5,
      12.5,
      42.0,
      22.6,
      22.1,
      16.6,
      20.9,
      45.5,
      20.5,
      22.6,
      19.9,
      16.9,
      1.1,
      13.8,
      10.7,
      19.1,
      25.5,
      0.0,
      19.4,
      26.8,
      28.7,
      19.6,
      19.6,
      13.2,
      20.6,
      14.8
    ],
    [
      6.6,
      2.6,
      18.6,
      10.8,
      6.2,
      5.5,
      6.7,
      4.8,
      5.9,
      6.8,
      5.1,
      8.6,
      27.2,
      4.5,
      8.9,
      9.3,
      7.8,
      18.4,
      27.3,
      9.8,
      4.4,
      9.1,
      3.3,
      20.7,
      5.9,
      7.1,
      27.9,
      7.5,
      8.9,
      18.6,
      42.8,
      8.4,
      27.7,
      24.4,
      7.0,
      27.0,
      7.7,
      9.5,
      6.3,
      5.9,
      34.7,
      4.1,
      10.0,
      8.0,
      3.8,
      18.6,
      6.3,
      9.6,
      11.1,
      24.9,
      19.4,
      0.0,
      8.0,
      12.7,
      1.6,
      3.4,
      9.1,
      3.6,
      20.5
    ],
    [
      7.4,
      7.6,
      26.0,
      3.2,
      11.7,
      11.4,
      13.3,
      12.1,
      10.9,
      13.4,
      5.5,
      10.4,
      32.1,
      11.8,
      16.3,
      16.7,
      11.7,
      25.8,
      34.7,
      13.5,
      9.9,
      16.5,
      8.4,
      28.1,
      4.4,
      10.1,
      35.2,
      10.5,
      8.2,
      25.9,
      50.2,
      10.3,
      23.5,
      31.8,
      14.3,
      28.0,
      6.9,
      10.5,
      10.9,
      9.3,
      30.5,
      4.5,
      11.0,
      9.9,
      10.3,
      25.9,
      14.5,
      16.9,
      14.8,
      30.4,
      26.8,
      8.0,
      0.0,
      14.3,
      8.4,
      10.0,
      17.9,
      9.3,
      29.0
    ],
    [
      9.0,
      10.7,
      27.9,
      15.5,
      8.7,
      9.9,
      18.9,
      10.6,
      8.9,
      19.0,
      14.9,
      5.3,
      39.4,
      16.7,
      18.0,
      18.2,
      20.0,
      27.7,
      36.6,
      22.0,
      11.2,
      18.4,
      8.3,
      31.9,
      10.2,
      7.1,
      34.7,
      7.5,
      3.9,
      27.8,
      52.1,
      5.4,
      35.2,
      33.7,
      16.1,
      17.4,
      8.7,
      0.8,
      9.4,
      5.7,
      42.2,
      9.8,
      0.9,
      6.0,
      15.9,
      27.8,
      13.0,
      18.4,
      23.3,
      34.3,
      28.7,
      12.7,
      14.3,
      0.0,
      9.5,
      11.8,
      13.9,
      8.3,
      28.9
    ],
    [
      6.9,
      2.4,
      18.8,
      10.4,
      6.8,
      6.5,
      6.8,
      5.2,
      6.2,
      6.9,
      4.1,
      8.5,
      27.3,
      4.6,
      9.1,
      9.5,
      7.8,
      18.6,
      27.4,
      9.9,
      5.0,
      9.2,
      3.2,
      20.9,
      5.5,
      7.0,
      28.0,
      8.0,
      9.3,
      18.7,
      43.0,
      8.3,
      27.9,
      24.5,
      7.1,
      26.9,
      7.6,
      9.4,
      6.1,
      5.8,
      34.8,
      3.7,
      9.9,
      7.9,
      3.8,
      18.7,
      6.5,
      9.7,
      11.2,
      25.0,
      19.6,
      1.6,
      8.4,
      9.5,
      0.0,
      2.8,
      10.5,
      4.2,
      20.3
    ],
    [
      8.7,
      4.8,
      18.7,
      12.3,
      9.2,
      7.9,
      4.9,
      7.2,
      8.0,
      5.0,
      4.4,
      10.8,
      25.4,
      5.5,
      9.9,
      9.5,
      6.0,
      18.6,
      27.4,
      8.0,
      7.4,
      9.2,
      5.5,
      20.9,
      8.9,
      9.3,
      28.0,
      9.7,
      11.1,
      18.7,
      43.0,
      10.6,
      25.9,
      24.5,
      7.9,
      29.2,
      9.9,
      11.7,
      8.5,
      8.1,
      32.9,
      6.1,
      12.2,
      10.2,
      0.65,
      18.7,
      7.3,
      9.7,
      9.3,
      23.1,
      19.6,
      3.4,
      10.0,
      11.8,
      2.8,
      0.0,
      9.7,
      5.8,
      19.6
    ],
    [
      13.8,
      9.9,
      12.4,
      19.5,
      8.8,
      7.7,
      7.7,
      7.0,
      9.9,
      7.8,
      15.0,
      13.2,
      30.3,
      5.5,
      2.0,
      0.3,
      10.8,
      12.2,
      21.1,
      12.9,
      7.3,
      2.2,
      10.6,
      16.4,
      13.9,
      10.5,
      21.6,
      10.9,
      13.9,
      12.3,
      36.6,
      12.9,
      30.8,
      18.2,
      2.5,
      31.3,
      14.9,
      13.7,
      8.1,
      13.1,
      37.7,
      12.7,
      14.3,
      11.6,
      9.1,
      12.3,
      5.5,
      0.8,
      14.2,
      27.9,
      13.2,
      9.1,
      17.9,
      13.9,
      10.5,
      9.7,
      0.0,
      9.0,
      18.5
    ],
    [
      5.2,
      1.3,
      19.1,
      10.9,
      4.2,
      4.0,
      9.1,
      3.6,
      4.5,
      9.2,
      5.9,
      7.3,
