{
  "drive_dist_matrix": [
    [
      0.0,
      4.9889540000000006,
      4.82802,
      5.310822,
      10.46071,
      1.1265379999999998,
      4.667085999999999,
      1.60934,
      8.0467,
      4.9889540000000006,
      9.012303999999999,
      2.735878,
      2.735878,
      8.207633999999999,
      5.63269,
      7.563898,
      6.115492,
      7.885766,
      4.667085999999999,
      8.0467,
      4.667085999999999,
      6.43736,
      1.448406,
      19.955816000000002,
      4.82802,
      7.24203,
      1.7702740000000001,
      4.184284,
      29.933724,
      4.667085999999999,
      5.793624,
      4.506151999999999,
      7.24203,
      4.9889540000000006,
      11.26538,
      10.621644,
      7.563898,
      3.21868,
      1.448406,
      18.024607999999997,
      23.818232000000002,
      5.63269,
      5.149888000000001,
      4.345218,
      0.32186800000000004,
      6.115492,
      18.185542,
      5.310822,
      1.7702740000000001,
      8.368568,
      3.21868,
      4.345218,
      6.115492,
      7.724831999999999,
      6.759228,
      5.149888000000001,
      2.41401,
      11.587248
    ],
    [
      4.9889540000000006,
      0.0,
      0.16093400000000002,
      3.057746,
      7.24203,
      4.667085999999999,
      0.6437360000000001,
      4.506151999999999,
      14.323126,
      0.32186800000000004,
      13.357522000000001,
      4.345218,
      2.092142,
      4.9889540000000006,
      0.48280199999999995,
      14.805927999999998,
      4.82802,
      4.667085999999999,
      0.233,
      8.690436,
      0.48280199999999995,
      9.977908000000001,
      4.345218,
      16.737136,
      3.21868,
      4.02335,
      3.057746,
      4.184284,
      36.049215999999994,
      2.5749440000000003,
      1.60934,
      3.8624159999999996,
      4.02335,
      1.2874720000000002,
      4.9889540000000006,
      7.402963999999999,
      14.48406,
      4.506151999999999,
      4.506151999999999,
      11.587248,
      20.599552000000003,
      1.7702740000000001,
      2.896812,
      4.02335,
      4.506151999999999,
      5.471756,
      19.473014,
      0.48280199999999995,
      3.5405480000000003,
      5.149888000000001,
      4.506151999999999,
      2.2530759999999996,
      15.610598,
      10.299776000000001,
      3.5405480000000003,
      2.41401,
      4.9889540000000006,
      8.368568
    ],
    [
      4.82802,
      0.16093400000000002,
      0.0,
      2.5749440000000003,
      4.82802,
      4.667085999999999,
      0.48280199999999995,
      4.506151999999999,
      14.323126,
      0.32186800000000004,
      13.518456,
      4.506151999999999,
      2.092142,
      3.379614,
      0.48280199999999995,
      14.805927999999998,
      4.82802,
      4.02335,
      0.16093400000000002,
      8.85137,
      0.48280199999999995,
      9.977908000000001,
      4.506151999999999,
      16.737136,
      2.092142,
      4.02335,
      3.21868,
      4.667085999999999,
      36.21015,
      1.60934,
      1.2874720000000002,
      3.8624159999999996,
      2.5749440000000003,
      0.9656039999999999,
      5.471756,
      4.9889540000000006,
      14.644993999999999,
      4.506151999999999,
      4.506151999999999,
      12.07005,
      20.599552000000003,
      1.9312079999999998,
      2.092142,
      3.8624159999999996,
      4.667085999999999,
      5.63269,
      19.473014,
      0.48280199999999995,
      3.5405480000000003,
      4.506151999999999,
      4.667085999999999,
      0.80467,
      15.610598,
      10.46071,
      3.5405480000000003,
      2.896812,
      4.9889540000000006,
      8.529501999999999
    ],
    [
      5.310822,
      3.057746,
      2.5749440000000003,
      0.0,
      3.21868,
      3.5405480000000003,
      1.9312079999999998,
      5.471756,
      15.28873,
      3.5405480000000003,
      14.48406,
      5.471756,
      2.735878,
      1.9312079999999998,
      3.21868,
      15.771532,
      2.41401,
      1.7702740000000001,
      3.21868,
      6.43736,
      3.5405480000000003,
      7.563898,
      5.471756,
      14.644993999999999,
      0.48280199999999995,
      1.1265379999999998,
      4.184284,
      6.598293999999999,
      31.060262,
      1.1265379999999998,
      2.092142,
      2.2530759999999996,
      2.41401,
      1.60934,
      5.9545580000000005,
      3.21868,
      15.610598,
      5.471756,
      5.63269,
      12.713786,
      18.668343999999998,
      2.41401,
      0.48280199999999995,
      2.735878,
      4.506151999999999,
      3.21868,
      20.438617999999998,
      3.8624159999999996,
      4.506151999999999,
      2.2530759999999996,
      5.63269,
      1.60934,
      8.529501999999999,
      8.0467,
      0.16093400000000002,
      5.63269,
      5.9545580000000005,
      4.02335
    ],
    [
      10.46071,
      7.24203,
      4.82802,
      3.21868,
      0.0,
      6.43736,
      4.667085999999999,
      9.65604,
      19.633948,
      4.82802,
      18.668343999999998,
      9.65604,
      6.9201619999999995,
      1.448406,
      4.667085999999999,
      19.955816000000002,
      5.310822,
      3.379614,
      7.402963999999999,
      8.529501999999999,
      7.724831999999999,
      11.426314,
      9.65604,
      13.518456,
      3.5405480000000003,
      3.7014819999999995,
      8.368568,
      10.782578,
      44.578718,
      4.02335,
      3.7014819999999995,
      5.149888000000001,
      2.896812,
      4.02335,
      5.149888000000001,
      0.32186800000000004,
      19.794882,
      9.816974,
      9.816974,
      14.48406,
      20.438617999999998,
      3.7014819999999995,
      3.21868,
      6.276426,
      9.816974,
      7.402963999999999,
      24.783836,
      4.82802,
      8.85137,
      2.896812,
      9.816974,
      5.793624,
      12.391918,
      9.977908000000001,
      3.057746,
      7.563898,
      10.138842,
      0.32186800000000004
    ],
    [
      1.1265379999999998,
      4.667085999999999,
      4.667085999999999,
      3.5405480000000003,
      6.43736,
      0.0,
      4.667085999999999,
      2.896812,
      8.690436,
      4.506151999999999,
      10.138842,
      5.310822,
      2.735878,
      4.82802,
      4.9889540000000006,
      9.173238,
      3.8624159999999996,
      4.667085999999999,
      4.184284,
      5.793624,
      4.506151999999999,
      6.276426,
      2.896812,
      18.024607999999997,
      3.057746,
      3.8624159999999996,
      1.9312079999999998,
      6.759228,
      30.416525999999998,
      4.506151999999999,
      5.9545580000000005,
      2.41401,
      5.310822,
      4.82802,
      9.334171999999999,
      6.43736,
      8.529501999999999,
      4.345218,
      2.735878,
      16.0934,
      21.887024,
      5.793624,
      3.8624159999999996,
      1.9312079999999998,
      1.1265379999999998,
      3.8624159999999996,
      19.31208,
      4.82802,
      0.80467,
      4.9889540000000006,
      4.506151999999999,
      4.184284,
      6.9201619999999995,
      7.402963999999999,
      3.379614,
      5.149888000000001,
      4.9889540000000006,
      6.9201619999999995
    ],
    [
      4.667085999999999,
      0.6437360000000001,
      0.48280199999999995,
      1.9312079999999998,
      4.667085999999999,
      4.667085999999999,
      0.0,
      4.82802,
      14.644993999999999,
      0.48280199999999995,
      13.67939,
      4.667085999999999,
      2.092142,
      2.896812,
      0.48280199999999995,
      15.127796,
      3.7014819999999995,
      3.5405480000000003,
      0.6437360000000001,
      7.724831999999999,
      0.16093400000000002,
      9.012303999999999,
      4.667085999999999,
      15.610598,
      2.092142,
      2.896812,
      3.5405480000000003,
      4.9889540000000006,
      46.831794,
      0.9656039999999999,
      0.9656039999999999,
      3.8624159999999996,
      1.9312079999999998,
      0.6437360000000001,
      4.345218,
      4.345218,
      14.805927999999998,
      4.82802,
      4.82802,
      11.104446000000001,
      17.70274,
      0.9656039999999999,
      1.448406,
      3.8624159999999996,
      4.345218,
      4.506151999999999,
      19.794882,
      0.6437360000000001,
      3.8624159999999996,
      3.8624159999999996,
      4.9889540000000006,
      0.48280199999999995,
      15.932466,
      9.334171999999999,
      1.9312079999999998,
      3.21868,
      5.310822,
      7.402963999999999
    ],
    [
      1.60934,
      4.506151999999999,
      4.506151999999999,
      5.471756,
      9.65604,
      2.896812,
      4.82802,
      0.0,
      6.9201619999999995,
      4.506151999999999,
      9.977908000000001,
      0.80467,
      2.2530759999999996,
      7.563898,
      4.82802,
      6.43736,
      7.24203,
      7.24203,
      4.02335,
      7.885766,
      4.506151999999999,
      6.9201619999999995,
      0.16093400000000002,
      19.151146,
      5.793624,
      6.598293999999999,
      1.2874720000000002,
      2.896812,
      43.45218,
      4.184284,
      7.0810960000000005,
      4.184284,
      6.598293999999999,
      4.667085999999999,
      10.46071,
      9.816974,
      6.43736,
      1.448406,
      0.16093400000000002,
      17.219938,
      23.174496,
      7.0810960000000005,
      5.310822,
      4.02335,
      1.448406,
      8.0467,
      16.737136,
      4.667085999999999,
      1.2874720000000002,
      7.563898,
      1.448406,
      4.82802,
      6.759228,
      9.495106,
      6.115492,
      4.506151999999999,
      1.1265379999999998,
      10.943512
    ],
    [
      8.0467,
      14.323126,
      14.323126,
      15.28873,
      19.633948,
      8.690436,
      14.644993999999999,
      6.9201619999999995,
      0.0,
      14.48406,
      4.667085999999999,
      6.43736,
      8.85137,
      17.541806,
      14.966862,
      0.6437360000000001,
      17.380872,
      17.219938,
      14.162192000000001,
      12.552852,
      14.48406,
      10.943512,
      6.759228,
      29.289987999999997,
      15.932466,
      16.576202000000002,
      7.885766,
      7.0810960000000005,
      34.439876,
      15.127796,
      17.219938,
      10.782578,
      16.576202000000002,
      15.610598,
      20.599552000000003,
      19.955816000000002,
      0.6437360000000001,
      7.24203,
      6.759228,
      32.99147,
      31.543064,
      17.059003999999998,
      15.449663999999999,
      9.334171999999999,
      8.0467,
      18.024607999999997,
      12.230984,
      14.805927999999998,
      8.0467,
      17.70274,
      7.885766,
      14.805927999999998,
      9.65604,
      12.230984,
      16.0934,
      9.816974,
      5.9545580000000005,
      21.082354
    ],
    [
      4.9889540000000006,
      0.32186800000000004,
      0.32186800000000004,
      3.5405480000000003,
      4.82802,
      4.506151999999999,
      0.48280199999999995,
      4.506151999999999,
      14.48406,
      0.0,
      13.67939,
      4.667085999999999,
      2.41401,
      3.057746,
      0.32186800000000004,
      14.966862,
      4.9889540000000006,
      3.7014819999999995,
      0.32186800000000004,
      9.012303999999999,
      0.32186800000000004,
      10.138842,
      4.667085999999999,
      16.89807,
      3.5405480000000003,
      4.184284,
      3.379614,
      4.506151999999999,
      46.831794,
      1.9312079999999998,
      1.448406,
      4.02335,
      2.2530759999999996,
      1.2874720000000002,
      5.149888000000001,
      4.667085999999999,
      14.805927999999998,
      4.667085999999999,
      4.82802,
      11.909116000000001,
      18.50741,
      1.60934,
      3.057746,
      4.184284,
      4.82802,
      5.793624,
      19.633948,
      0.16093400000000002,
      3.7014819999999995,
      4.184284,
      4.82802,
      0.80467,
      15.771532,
      10.621644,
      3.7014819999999995,
      2.735878,
      5.149888000000001,
      5.149888000000001
    ],
    [
      9.012303999999999,
      13.357522000000001,
      13.518456,
      14.48406,
      18.668343999999998,
      10.138842,
      13.67939,
      9.977908000000001,
      4.667085999999999,
      13.67939,
      0.0,
      9.334171999999999,
      13.035654,
      16.576202000000002,
      13.840323999999999,
      3.5405480000000003,
      16.254334,
      16.254334,
      13.035654,
      12.391918,
      13.518456,
      10.138842,
      10.621644,
      28.16345,
      14.805927999999998,
      15.610598,
      11.587248,
      11.426314,
      42.64751,
      14.162192000000001,
      16.0934,
      14.48406,
      15.610598,
      14.48406,
      19.473014,
      18.829278,
      3.379614,
      10.299776000000001,
      10.782578,
      26.232242,
      32.1868,
      16.0934,
      14.323126,
      14.644993999999999,
      12.07005,
      17.059003999999998,
      20.92142,
      13.67939,
      11.909116000000001,
      16.576202000000002,
      10.46071,
      13.840323999999999,
      7.885766,
      15.771532,
      15.127796,
      13.840323999999999,
      9.816974,
      19.955816000000002
    ],
    [
      2.735878,
      4.345218,
      4.506151999999999,
      5.471756,
      9.65604,
      5.310822,
      4.667085999999999,
      0.80467,
      6.43736,
      4.667085999999999,
      9.334171999999999,
      0.0,
      2.896812,
      7.402963999999999,
      4.667085999999999,
      6.598293999999999,
      7.0810960000000005,
      7.0810960000000005,
      3.8624159999999996,
      11.104446000000001,
      4.345218,
      8.0467,
      0.80467,
      18.990212,
      5.63269,
      6.43736,
      1.9312079999999998,
      2.2530759999999996,
      43.45218,
      4.9889540000000006,
      6.9201619999999995,
      4.9889540000000006,
      6.43736,
      5.310822,
      10.299776000000001,
      9.65604,
      6.598293999999999,
      0.9656039999999999,
      0.9656039999999999,
      17.059003999999998,
      23.013562,
      6.9201619999999995,
      5.149888000000001,
      4.82802,
      2.41401,
      7.885766,
      16.576202000000002,
      4.506151999999999,
      2.2530759999999996,
      7.402963999999999,
      1.2874720000000002,
      4.667085999999999,
      7.885766,
      10.299776000000001,
      5.9545580000000005,
      4.184284,
      0.80467,
      10.782578
    ],
    [
      2.735878,
      2.092142,
      2.092142,
      2.735878,
      6.9201619999999995,
      2.735878,
      2.092142,
      2.2530759999999996,
      8.85137,
      2.41401,
      13.035654,
      2.896812,
      0.0,
      4.667085999999999,
      2.5749440000000003,
      14.323126,
      3.7014819999999995,
      4.506151999999999,
      1.7702740000000001,
      5.9545580000000005,
      1.9312079999999998,
      7.0810960000000005,
      2.092142,
      17.219938,
      2.41401,
      3.7014819999999995,
      0.9656039999999999,
      4.667085999999999,
      30.57746,
      2.2530759999999996,
      2.41401,
      2.2530759999999996,
      4.506151999999999,
      2.092142,
      8.529501999999999,
      7.885766,
      14.162192000000001,
      4.02335,
      1.9312079999999998,
      15.28873,
      21.082354,
      3.379614,
      2.735878,
      2.092142,
      2.41401,
      4.506151999999999,
      18.990212,
      2.41401,
      1.448406,
      4.82802,
      4.184284,
      1.9312079999999998,
      8.0467,
      7.563898,
      3.057746,
      2.735878,
      3.21868,
      9.012303999999999
    ],
    [
      8.207633999999999,
      4.9889540000000006,
      3.379614,
      1.9312079999999998,
      1.448406,
      4.82802,
      2.896812,
      7.563898,
      17.541806,
      3.057746,
      16.576202000000002,
      7.402963999999999,
      4.667085999999999,
      0.0,
      2.896812,
      17.541806,
      3.8624159999999996,
      1.60934,
      4.9889540000000006,
      7.0810960000000005,
      5.310822,
      8.690436,
      7.24203,
      14.162192000000001,
      2.092142,
      2.2530759999999996,
      5.9545580000000005,
      8.368568,
      42.969378,
      2.2530759999999996,
      2.2530759999999996,
      3.7014819999999995,
      1.60934,
      2.5749440000000003,
      6.598293999999999,
      1.60934,
      17.380872,
      7.402963999999999,
      7.402963999999999,
      13.357522000000001,
      19.151146,
      2.2530759999999996,
      1.7702740000000001,
      4.82802,
      7.402963999999999,
      4.667085999999999,
      22.369826,
      3.21868,
      6.43736,
      1.448406,
      7.402963999999999,
      3.379614,
      9.65604,
      8.529501999999999,
      1.7702740000000001,
      7.563898,
      7.724831999999999,
      2.092142
    ],
    [
      5.63269,
      0.48280199999999995,
      0.48280199999999995,
      3.21868,
      4.667085999999999,
      4.9889540000000006,
      0.48280199999999995,
      4.82802,
      14.966862,
      0.32186800000000004,
      13.840323999999999,
      4.667085999999999,
      2.5749440000000003,
      2.896812,
      0.0,
      15.28873,
      5.310822,
      3.5405480000000003,
      0.48280199999999995,
      9.173238,
      0.32186800000000004,
      10.46071,
      4.82802,
      17.219938,
      3.7014819999999995,
      3.8624159999999996,
      3.7014819999999995,
      4.506151999999999,
      46.992728,
      1.60934,
      1.1265379999999998,
      4.345218,
      1.9312079999999998,
      1.1265379999999998,
      4.345218,
      4.345218,
      14.966862,
      4.9889540000000006,
      4.9889540000000006,
      11.104446000000001,
      17.70274,
      1.448406,
      2.092142,
      4.506151999999999,
      4.9889540000000006,
      5.9545580000000005,
      19.955816000000002,
      0.16093400000000002,
      4.02335,
      3.8624159999999996,
      4.506151999999999,
      0.80467,
      16.0934,
      10.782578,
      4.02335,
      2.735878,
      5.471756,
      4.9889540000000006
    ],
    [
      7.563898,
      14.805927999999998,
      14.805927999999998,
      15.771532,
      19.955816000000002,
      9.173238,
      15.127796,
      6.43736,
      0.6437360000000001,
      14.966862,
      3.5405480000000003,
      6.598293999999999,
      14.323126,
      17.541806,
      15.28873,
      0.0,
      17.70274,
      17.70274,
      12.07005,
      13.67939,
      12.552852,
      11.587248,
      6.276426,
      29.611855999999996,
      13.840323999999999,
      12.07005,
      7.402963999999999,
      6.598293999999999,
      32.508668,
      13.196587999999998,
      15.127796,
      10.299776000000001,
      14.644993999999999,
      13.518456,
      18.50741,
      17.863674,
      0.32186800000000004,
      6.9201619999999995,
      6.43736,
      33.474272,
      32.025866,
      15.127796,
      13.357522000000001,
      10.138842,
      7.724831999999999,
      18.50741,
      12.552852,
      10.782578,
      7.563898,
      18.024607999999997,
      7.402963999999999,
      12.87472,
      9.173238,
      13.035654,
      16.576202000000002,
      9.334171999999999,
      5.471756,
      21.404222
    ],
    [
      6.115492,
      4.82802,
      4.82802,
      2.41401,
      5.310822,
      3.8624159999999996,
      3.7014819999999995,
      7.24203,
      17.380872,
      4.9889540000000006,
      16.254334,
      7.0810960000000005,
      3.7014819999999995,
      3.8624159999999996,
      5.310822,
      17.70274,
      0.0,
      3.5405480000000003,
      5.471756,
      3.7014819999999995,
      5.793624,
      4.82802,
      7.724831999999999,
      17.70274,
      2.735878,
      2.41401,
      6.43736,
      8.85137,
      28.324384000000002,
      4.184284,
      5.63269,
      1.9312079999999998,
      4.9889540000000006,
      4.506151999999999,
      9.012303999999999,
      6.115492,
      17.863674,
      7.885766,
      7.885766,
      15.771532,
      21.565156,
      5.471756,
      3.5405480000000003,
      1.7702740000000001,
      5.471756,
      0.80467,
      22.852628,
      6.115492,
      4.345218,
      4.02335,
      7.885766,
      3.8624159999999996,
      5.793624,
      5.310822,
      3.057746,
      5.9545580000000005,
      8.207633999999999,
      6.598293999999999
    ],
    [
      7.885766,
      4.667085999999999,
      4.02335,
      1.7702740000000001,
      3.379614,
      4.667085999999999,
      3.5405480000000003,
      7.24203,
      17.219938,
      3.7014819999999995,
      16.254334,
      7.0810960000000005,
      4.506151999999999,
      1.60934,
      3.5405480000000003,
      17.70274,
      3.5405480000000003,
      0.0,
      4.667085999999999,
      5.149888000000001,
      3.7014819999999995,
      6.759228,
      7.0810960000000005,
      15.771532,
      1.9312079999999998,
      0.48280199999999995,
      5.793624,
      8.207633999999999,
      29.77279,
      2.896812,
      2.896812,
      2.41401,
      2.5749440000000003,
      3.057746,
      7.402963999999999,
      3.21868,
      17.059003999999998,
      7.0810960000000005,
      7.0810960000000005,
      14.162192000000001,
      19.955816000000002,
      3.057746,
      1.7702740000000001,
      3.057746,
      7.0810960000000005,
      2.735878,
      22.047957999999998,
      3.7014819999999995,
      6.115492,
      0.32186800000000004,
      7.24203,
      3.21868,
      7.724831999999999,
      6.759228,
      1.1265379999999998,
      6.276426,
      7.563898,
      3.5405480000000003
    ],
    [
      4.667085999999999,
      0.233,
      0.16093400000000002,
      3.21868,
      7.402963999999999,
      4.184284,
      0.6437360000000001,
      4.02335,
      14.162192000000001,
      0.32186800000000004,
      13.035654,
      3.8624159999999996,
      1.7702740000000001,
      4.9889540000000006,
      0.48280199999999995,
      12.07005,
      5.471756,
      4.667085999999999,
      0.0,
      8.368568,
      0.48280199999999995,
      9.65604,
      4.02335,
      16.415267999999998,
      2.896812,
      3.7014819999999995,
      2.735878,
      4.345218,
      46.188058,
      2.2530759999999996,
      4.184284,
      3.5405480000000003,
      3.7014819999999995,
      1.448406,
      5.149888000000001,
      7.0810960000000005,
      14.162192000000001,
      4.184284,
      4.184284,
      14.48406,
      20.277684,
      4.184284,
      2.5749440000000003,
      3.5405480000000003,
      4.184284,
      5.149888000000001,
      19.151146,
      0.48280199999999995,
      3.21868,
      4.82802,
      4.184284,
      1.1265379999999998,
      15.28873,
      9.977908000000001,
      3.21868,
      2.5749440000000003,
      4.667085999999999,
      8.0467
    ],
    [
      8.0467,
      8.690436,
      8.85137,
      6.43736,
      8.529501999999999,
      5.793624,
      7.724831999999999,
      7.885766,
      12.552852,
      9.012303999999999,
      12.391918,
      11.104446000000001,
      5.9545580000000005,
      7.0810960000000005,
      9.173238,
      13.67939,
      3.7014819999999995,
      5.149888000000001,
      8.368568,
      0.0,
      8.85137,
      2.5749440000000003,
      10.782578,
      20.760486,
      5.793624,
      5.310822,
      6.759228,
      11.909116000000001,
      25.74944,
      7.24203,
      8.690436,
      4.345218,
      8.0467,
      7.563898,
      12.07005,
      8.368568,
      12.87472,
      10.943512,
      7.724831999999999,
      18.829278,
      24.622902,
      8.529501999999999,
      6.598293999999999,
      3.5405480000000003,
      7.402963999999999,
      2.5749440000000003,
      25.910374,
      9.173238,
      6.276426,
      5.471756,
      10.943512,
      6.9201619999999995,
      4.506151999999999,
      2.092142,
      6.115492,
      8.207633999999999,
      11.26538,
      9.173238
    ],
    [
      4.667085999999999,
      0.48280199999999995,
      0.48280199999999995,
      3.5405480000000003,
      7.724831999999999,
      4.506151999999999,
      0.16093400000000002,
      4.506151999999999,
      14.48406,
      0.32186800000000004,
      13.518456,
      4.345218,
      1.9312079999999998,
      5.310822,
      0.32186800000000004,
      12.552852,
      5.793624,
      3.7014819999999995,
      0.48280199999999995,
      8.85137,
      0.0,
      9.012303999999999,
      4.82802,
      15.610598,
      2.092142,
      3.7014819999999995,
      3.5405480000000003,
      4.9889540000000006,
      46.992728,
      0.9656039999999999,
      0.80467,
      3.8624159999999996,
      1.9312079999999998,
      0.80467,
      4.345218,
      4.345218,
      14.966862,
      4.82802,
      4.9889540000000006,
      11.104446000000001,
      17.70274,
      0.9656039999999999,
      1.448406,
      4.02335,
      4.345218,
      5.9545580000000005,
      19.794882,
      0.6437360000000001,
      3.8624159999999996,
      3.8624159999999996,
      4.9889540000000006,
      0.6437360000000001,
      15.932466,
      9.977908000000001,
      1.9312079999999998,
      3.21868,
      5.310822,
      4.9889540000000006
    ],
    [
      6.43736,
      9.977908000000001,
      9.977908000000001,
      7.563898,
      11.426314,
      6.276426,
      9.012303999999999,
      6.9201619999999995,
      10.943512,
      10.138842,
      10.138842,
      8.0467,
      7.0810960000000005,
      8.690436,
      10.46071,
      11.587248,
      4.82802,
      6.759228,
      9.65604,
      2.5749440000000003,
      9.012303999999999,
      0.0,
      7.563898,
      22.852628,
      7.885766,
      6.9201619999999995,
      7.402963999999999,
      9.977908000000001,
      23.979166,
      9.334171999999999,
      10.782578,
      6.43736,
      10.138842,
      9.65604,
      14.966862,
      11.748182,
      10.943512,
      9.173238,
      7.885766,
      21.72609,
      27.519714,
      10.621644,
      8.690436,
      5.63269,
      6.759228,
      4.667085999999999,
      28.002515999999996,
      11.26538,
      7.0810960000000005,
      7.885766,
      9.334171999999999,
      9.012303999999999,
      2.092142,
      2.41401,
      8.207633999999999,
      10.138842,
      8.207633999999999,
      11.26538
    ],
    [
      1.448406,
      4.345218,
      4.506151999999999,
      5.471756,
      9.65604,
      2.896812,
      4.667085999999999,
      0.16093400000000002,
      6.759228,
      4.667085999999999,
      10.621644,
      0.80467,
      2.092142,
      7.24203,
      4.82802,
      6.276426,
      7.724831999999999,
      7.0810960000000005,
      4.02335,
      10.782578,
      4.82802,
      7.563898,
      0.0,
      19.151146,
      4.345218,
      6.598293999999999,
      1.2874720000000002,
      2.896812,
      42.969378,
      4.184284,
      7.0810960000000005,
      4.184284,
      6.598293999999999,
      4.667085999999999,
      10.46071,
      9.816974,
      6.276426,
      1.448406,
      0.32186800000000004,
      17.219938,
      23.013562,
      7.0810960000000005,
      5.310822,
      4.02335,
      1.60934,
      8.0467,
      16.89807,
      4.667085999999999,
      1.2874720000000002,
      7.563898,
      1.60934,
      4.667085999999999,
      6.598293999999999,
      8.207633999999999,
      5.9545580000000005,
      4.506151999999999,
      1.1265379999999998,
      10.943512
    ],
    [
      19.955816000000002,
      16.737136,
      16.737136,
      14.644993999999999,
      13.518456,
      18.024607999999997,
      15.610598,
      19.151146,
      29.289987999999997,
      16.89807,
      28.16345,
      18.990212,
      17.219938,
      14.162192000000001,
      17.219938,
      29.611855999999996,
      17.70274,
      15.771532,
      16.415267999999998,
      20.760486,
      15.610598,
      22.852628,
      19.151146,
      0.0,
      14.805927999999998,
      15.610598,
      17.541806,
      19.955816000000002,
      51.659814000000004,
      14.001257999999998,
      13.035654,
      17.380872,
      12.552852,
      13.357522000000001,
      15.771532,
      13.035654,
      28.807185999999998,
      18.829278,
      18.829278,
      16.0934,
      28.324384000000002,
      13.035654,
      13.67939,
      17.380872,
      18.829278,
      17.059003999999998,
      33.79614,
      17.059003999999998,
      17.863674,
      15.127796,
      18.990212,
      14.805927999999998,
      22.53076,
      21.887024,
      14.001257999999998,
      18.990212,
      19.31208,
      12.552852
    ],
    [
      4.82802,
      3.21868,
      2.092142,
      0.48280199999999995,
      3.5405480000000003,
      3.057746,
      2.092142,
      5.793624,
      15.932466,
      3.5405480000000003,
      14.805927999999998,
      5.63269,
      2.41401,
      2.092142,
      3.7014819999999995,
      13.840323999999999,
      2.735878,
      1.9312079999999998,
      2.896812,
      5.793624,
      2.092142,
      7.885766,
      4.345218,
      14.805927999999998,
      0.0,
      1.2874720000000002,
      3.7014819999999995,
      6.276426,
      30.899327999999997,
      1.448406,
      2.896812,
      1.7702740000000001,
      2.41401,
      1.7702740000000001,
      6.276426,
      3.8624159999999996,
      15.127796,
      5.149888000000001,
      5.149888000000001,
      13.035654,
      18.829278,
      2.735878,
      0.80467,
      2.41401,
      5.149888000000001,
      3.057746,
      20.11675,
      3.379614,
      4.184284,
      2.41401,
      5.149888000000001,
      1.1265379999999998,
      8.368568,
      7.885766,
      0.6437360000000001,
      5.310822,
      5.63269,
      6.759228
    ],
    [
      7.24203,
      4.02335,
      4.02335,
      1.1265379999999998,
      3.7014819999999995,
      3.8624159999999996,
      2.896812,
      6.598293999999999,
      16.576202000000002,
      4.184284,
      15.610598,
      6.43736,
      3.7014819999999995,
      2.2530759999999996,
      3.8624159999999996,
      12.07005,
      2.41401,
      0.48280199999999995,
      3.7014819999999995,
      5.310822,
      3.7014819999999995,
      6.9201619999999995,
      6.598293999999999,
      15.610598,
      1.2874720000000002,
      0.0,
      4.9889540000000006,
      7.402963999999999,
      30.094658,
      2.2530759999999996,
      3.21868,
      1.9312079999999998,
      2.896812,
      2.5749440000000003,
      7.563898,
      4.02335,
      16.415267999999998,
      6.43736,
      6.43736,
      14.323126,
      20.11675,
      3.379614,
      1.60934,
      2.41401,
      6.43736,
      2.2530759999999996,
      21.404222,
      4.02335,
      5.310822,
      0.80467,
      6.43736,
      2.41401,
      7.24203,
      7.0810960000000005,
      0.9656039999999999,
      6.598293999999999,
      6.759228,
      4.02335
    ],
    [
      1.7702740000000001,
      3.057746,
      3.21868,
      4.184284,
      8.368568,
      1.9312079999999998,
      3.5405480000000003,
      1.2874720000000002,
      7.885766,
      3.379614,
      11.587248,
      1.9312079999999998,
      0.9656039999999999,
      5.9545580000000005,
      3.7014819999999995,
      7.402963999999999,
      6.43736,
      5.793624,
      2.735878,
      6.759228,
      3.5405480000000003,
      7.402963999999999,
      1.2874720000000002,
      17.541806,
      3.7014819999999995,
      4.9889540000000006,
      0.0,
      3.5405480000000003,
      31.543064,
      3.8624159999999996,
      5.9545580000000005,
      3.21868,
      5.310822,
      4.345218,
      9.334171999999999,
      8.690436,
      7.402963999999999,
      2.41401,
      0.9656039999999999,
      16.0934,
      21.887024,
      5.793624,
      4.184284,
      3.057746,
      1.448406,
      6.9201619999999995,
      17.541806,
      3.5405480000000003,
      0.32186800000000004,
      6.43736,
      2.5749440000000003,
      3.5405480000000003,
      7.24203,
      8.529501999999999,
      4.82802,
      3.379614,
      2.2530759999999996,
      9.816974
    ],
    [
      4.184284,
      4.184284,
      4.667085999999999,
      6.598293999999999,
      10.782578,
      6.759228,
      4.9889540000000006,
      2.896812,
      7.0810960000000005,
      4.506151999999999,
      11.426314,
      2.2530759999999996,
      4.667085999999999,
      8.368568,
      4.506151999999999,
      6.598293999999999,
      8.85137,
      8.207633999999999,
      4.345218,
      11.909116000000001,
      4.9889540000000006,
      9.977908000000001,
      2.896812,
      19.955816000000002,
      6.276426,
      7.402963999999999,
      3.5405480000000003,
      0.0,
      43.774048,
      8.0467,
      10.138842,
      8.529501999999999,
      9.495106,
      8.529501999999999,
      8.0467,
      12.87472,
      6.598293999999999,
      1.7702740000000001,
      3.057746,
      20.277684,
      26.071308,
      9.977908000000001,
      8.368568,
      8.529501999999999,
      4.345218,
      10.943512,
      15.610598,
      4.184284,
      3.7014819999999995,
      10.621644,
      0.9656039999999999,
      7.724831999999999,
      9.012303999999999,
      15.932466,
      9.012303999999999,
      2.735878,
      2.092142,
      14.001257999999998
    ],
    [
      29.933724,
      36.049215999999994,
      36.21015,
      31.060262,
      44.578718,
      30.416525999999998,
      46.831794,
      43.45218,
      34.439876,
      46.831794,
      42.64751,
      43.45218,
      30.57746,
      42.969378,
      46.992728,
      32.508668,
      28.324384000000002,
      29.77279,
      46.188058,
      25.74944,
      46.992728,
      23.979166,
      42.969378,
      51.659814000000004,
      30.899327999999997,
      30.094658,
      31.543064,
      43.774048,
      0.0,
      43.934982,
      42.64751,
      26.875978,
      41.84284,
      42.969378,
      45.383388,
      42.325642,
      42.969378,
      40.2335,
      40.716302,
      52.142616,
      58.097174,
      42.64751,
      43.130312,
      26.232242,
      27.519714,
      25.266638,
      44.900586,
      43.613114,
      28.96812,
      28.16345,
      40.2335,
      43.613114,
      22.53076,
      21.565156,
      28.807185999999998,
      43.774048,
      40.2335,
      41.681906
    ],
    [
      4.667085999999999,
      2.5749440000000003,
      1.60934,
      1.1265379999999998,
      4.02335,
      4.506151999999999,
      0.9656039999999999,
      4.184284,
      15.127796,
      1.9312079999999998,
      14.162192000000001,
      4.9889540000000006,
      2.2530759999999996,
      2.2530759999999996,
      1.60934,
      13.196587999999998,
      4.184284,
      2.896812,
      2.2530759999999996,
      7.24203,
      0.9656039999999999,
      9.334171999999999,
      4.184284,
      14.001257999999998,
      1.448406,
      2.2530759999999996,
      3.8624159999999996,
      8.0467,
      43.934982,
      0.0,
      0.9656039999999999,
      3.5405480000000003,
      1.60934,
      0.48280199999999995,
      5.63269,
      4.184284,
      15.771532,
      5.63269,
      5.793624,
      12.391918,
      18.346476,
      1.2874720000000002,
      0.48280199999999995,
      3.5405480000000003,
      4.02335,
      3.8624159999999996,
      20.599552000000003,
      1.7702740000000001,
      3.057746,
      2.735878,
      5.793624,
      0.80467,
      9.334171999999999,
      8.85137,
      0.9656039999999999,
      4.184284,
      6.115492,
      4.82802
    ],
    [
      5.793624,
      1.60934,
      1.2874720000000002,
      2.092142,
      3.7014819999999995,
      5.9545580000000005,
      0.9656039999999999,
      7.0810960000000005,
      17.219938,
      1.448406,
      16.0934,
      6.9201619999999995,
      2.41401,
      2.2530759999999996,
      1.1265379999999998,
      15.127796,
      5.63269,
      2.896812,
      4.184284,
      8.690436,
      0.80467,
      10.782578,
      7.0810960000000005,
      13.035654,
      2.896812,
      3.21868,
      5.9545580000000005,
      10.138842,
      42.64751,
      0.9656039999999999,
      0.0,
      4.184284,
      0.80467,
      0.48280199999999995,
      4.02335,
      3.8624159999999996,
      16.576202000000002,
      6.43736,
      6.43736,
      10.782578,
      16.737136,
      0.328,
      1.448406,
      4.345218,
      4.82802,
      4.82802,
      21.404222,
      1.448406,
      3.8624159999999996,
      3.379614,
      6.598293999999999,
      1.1265379999999998,
      10.138842,
      9.495106,
      1.9312079999999998,
      4.184284,
      6.9201619999999995,
      4.506151999999999
    ],
    [
      4.506151999999999,
      3.8624159999999996,
      3.8624159999999996,
      2.2530759999999996,
      5.149888000000001,
      2.41401,
      3.8624159999999996,
      4.184284,
      10.782578,
      4.02335,
      14.48406,
      4.9889540000000006,
      2.2530759999999996,
      3.7014819999999995,
      4.345218,
      10.299776000000001,
      1.9312079999999998,
      2.41401,
      3.5405480000000003,
      4.345218,
      3.8624159999999996,
      6.43736,
      4.184284,
      17.380872,
      1.7702740000000001,
      1.9312079999999998,
      3.21868,
      8.529501999999999,
      26.875978,
      3.5405480000000003,
      4.184284,
      0.0,
      4.184284,
      4.02335,
      8.368568,
      5.310822,
      17.380872,
      7.24203,
      4.184284,
      15.127796,
      21.082354,
      4.9889540000000006,
      2.735878,
      0.6437360000000001,
      3.8624159999999996,
      2.735878,
      22.208892000000002,
      4.02335,
      2.896812,
      2.896812,
      5.793624,
      3.379614,
      6.598293999999999,
      6.115492,
      2.2530759999999996,
      4.345218,
      6.276426,
      5.9545580000000005
    ],
    [
      7.24203,
      4.02335,
      2.5749440000000003,
      2.41401,
      2.896812,
      5.310822,
      1.9312079999999998,
      6.598293999999999,
      16.576202000000002,
      2.2530759999999996,
      15.610598,
      6.43736,
      4.506151999999999,
      1.60934,
      1.9312079999999998,
      14.644993999999999,
      4.9889540000000006,
      2.5749440000000003,
      3.7014819999999995,
      8.0467,
      1.9312079999999998,
      10.138842,
      6.598293999999999,
      12.552852,
      2.41401,
      2.896812,
      5.310822,
      9.495106,
      41.84284,
      1.60934,
      0.80467,
      4.184284,
      0.0,
      0.9656039999999999,
      4.345218,
      2.896812,
      16.737136,
      6.598293999999999,
      6.598293999999999,
      11.104446000000001,
      17.059003999999998,
      0.6437360000000001,
      1.448406,
      5.149888000000001,
      6.759228,
      4.9889540000000006,
      21.565156,
      1.9312079999999998,
      5.63269,
      2.896812,
      6.759228,
      1.448406,
      10.299776000000001,
      9.816974,
      1.9312079999999998,
      4.506151999999999,
      7.0810960000000005,
      3.5405480000000003
    ],
    [
      4.9889540000000006,
      1.2874720000000002,
      0.9656039999999999,
      1.60934,
      4.02335,
      4.82802,
      0.6437360000000001,
      4.667085999999999,
      15.610598,
      1.2874720000000002,
      14.48406,
      5.310822,
      2.092142,
      2.5749440000000003,
      1.1265379999999998,
      13.518456,
      4.506151999999999,
      3.057746,
      1.448406,
      7.563898,
      0.80467,
      9.65604,
      4.667085999999999,
      13.357522000000001,
      1.7702740000000001,
      2.5749440000000003,
      4.345218,
      8.529501999999999,
      42.969378,
      0.48280199999999995,
      0.48280199999999995,
      4.02335,
      0.9656039999999999,
      0.0,
      4.506151999999999,
      4.667085999999999,
      16.0934,
      6.115492,
      6.115492,
      11.26538,
      17.219938,
      0.48280199999999995,
      1.1265379999999998,
      4.184284,
      4.506151999999999,
      4.345218,
      21.082354,
      1.1265379999999998,
      3.5405480000000003,
      3.379614,
      6.276426,
      0.6437360000000001,
      9.816974,
      9.334171999999999,
      1.60934,
      3.7014819999999995,
      6.598293999999999,
      5.310822
    ],
    [
      11.26538,
      4.9889540000000006,
      5.471756,
