{
  "drive_dist_matrix": [
    [
      0.0,
      0.9,
      1.4,
      4.5,
      0.9,
      1.7,
      1.6,
      1.3,
      2.0,
      2.7,
      1.4,
      1.2,
      3.8,
      0.8,
      0.45,
      0.45,
      4.2,
      4.1,
      0.35,
      0.5
    ],
    [
      0.9,
      0.0,
      0.55,
      3.5,
      2.0,
      2.6,
      0.75,
      0.8,
      2.3,
      1.8,
      1.7,
      0.4,
      2.9,
      0.8,
      1.9,
      0.65,
      3.3,
      3.2,
      2.0,
      2.1
    ],
    [
      1.4,
      0.55,
      0.0,
      3.3,
      1.7,
      2.4,
      0.21,
      0.85,
      2.0,
      0.6,
      1.4,
      0.9,
      2.6,
      1.1,
      1.7,
      1.2,
      3.0,
      2.9,
      1.9,
      2.0
    ],
    [
      4.5,
      3.5,
      3.3,
      0.0,
      3.3,
      2.4,
      5.4,
      3.5,
      2.8,
      5.5,
      3.1,
      4.3,
      0.95,
      4.1,
      3.9,
      6.6,
      0.5,
      2.0,
      3.7,
      3.6
    ],
    [
      0.9,
      2.0,
      1.7,
      3.3,
      0.0,
      0.15,
      2.5,
      0.85,
      1.0,
      2.5,
      0.8,
      2.0,
      2.1,
      0.7,
      0.95,
      1.0,
      2.5,
      0.75,
      0.7,
      0.55
    ],
    [
      1.7,
      2.6,
      2.4,
      2.4,
      0.15,
      0.0,
      2.7,
      0.95,
      0.7,
      2.8,
      0.8,
      2.2,
      0.9,
      0.75,
      1.8,
      2.5,
      2.1,
      0.55,
      0.95,
      0.7
    ],
    [
      1.6,
      0.75,
      0.21,
      5.4,
      2.5,
      2.7,
      0.0,
      1.3,
      2.2,
      0.6,
      1.6,
      1.0,
      2.8,
      1.3,
      1.9,
      1.4,
      3.2,
      3.1,
      2.1,
      2.2
    ],
    [
      1.3,
      0.8,
      0.85,
      3.5,
      0.85,
      0.95,
      1.3,
      0.0,
      0.5,
      2.1,
      0.24,
      1.5,
      2.2,
      0.45,
      2.4,
      0.8,
      2.6,
      1.8,
      2.0,
      1.9
    ],
    [
      2.0,
      2.3,
      2.0,
      2.8,
      1.0,
      0.7,
      2.2,
      0.5,
      0.0,
      2.3,
      0.3,
      1.6,
      1.7,
      0.95,
      2.5,
      2.0,
      0.9,
      0.75,
      2.6,
      2.1
    ],
    [
      2.7,
      1.8,
      0.6,
      5.5,
      2.5,
      2.8,
      0.6,
      2.1,
      2.3,
      0.0,
      1.8,
      2.4,
      3.1,
      2.7,
      3.2,
      2.7,
      3.5,
      3.4,
      3.4,
      3.1
    ],
    [
      1.4,
      1.7,
      1.4,
      3.1,
      0.8,
      0.8,
      1.6,
      0.24,
      0.3,
      1.8,
      0.0,
      1.3,
      1.9,
      0.65,
      2.2,
      1.7,
      2.3,
      2.2,
      2.3,
      1.8
    ],
    [
      1.2,
      0.4,
      0.9,
      4.3,
      2.0,
      2.2,
      1.0,
      1.5,
      1.6,
      2.4,
      1.3,
      0.0,
      3.0,
      1.5,
      2.1,
      1.6,
      3.4,
      3.3,
      2.2,
      2.3
    ],
    [
      3.8,
      2.9,
      2.6,
      0.95,
      2.1,
      0.9,
      2.8,
      2.2,
      1.7,
      3.1,
      1.9,
      3.0,
      0.0,
      3.3,
      3.2,
      3.8,
      0.6,
      0.3,
      2.9,
      2.8
    ],
    [
      0.8,
      0.8,
      1.1,
      4.1,
      0.7,
      0.75,
      1.3,
      0.45,
      0.95,
      2.7,
      0.65,
      1.5,
      3.3,
      0.0,
      0.85,
      0.5,
      3.1,
      2.0,
      0.6,
      0.6
    ],
    [
      0.45,
      1.9,
      1.7,
      3.9,
      0.95,
      1.8,
      1.9,
      2.4,
      2.5,
      3.2,
      2.2,
      2.1,
      3.2,
      0.85,
      0.0,
      0.75,
      3.5,
      2.0,
      0.28,
      0.4
    ],
    [
      0.45,
      0.65,
      1.2,
      6.6,
      1.0,
      2.5,
      1.4,
      0.8,
      2.0,
      2.7,
      1.7,
      1.6,
      3.8,
      0.5,
      0.75,
      0.0,
      4.0,
      3.9,
      0.65,
      0.85
    ],
    [
      4.2,
      3.3,
      3.0,
      0.5,
      2.5,
      2.1,
      3.2,
      2.6,
      0.9,
      3.5,
      2.3,
      3.4,
      0.6,
      3.1,
      3.5,
      4.0,
      0.0,
      0.8,
      3.4,
      3.3
    ],
    [
      4.1,
      3.2,
      2.9,
      2.0,
      0.75,
      0.55,
      3.1,
      1.8,
      0.75,
      3.4,
      2.2,
      3.3,
      0.3,
      2.0,
      2.0,
      3.9,
      0.8,
      0.0,
      2.2,
      2.0
    ],
    [
      0.35,
      2.0,
      1.9,
      3.7,
      0.7,
      0.95,
      2.1,
      2.0,
      2.6,
      3.4,
      2.3,
      2.2,
      2.9,
      0.6,
      0.28,
      0.65,
      3.4,
      2.2,
      0.0,
      0.21
    ],
    [
      0.5,
      2.1,
      2.0,
      3.6,
      0.55,
      0.7,
      2.2,
      1.9,
      2.1,
      3.1,
      1.8,
      2.3,
      2.8,
      0.6,
      0.4,
      0.85,
      3.3,
      2.0,
      0.21,
      0.0
    ]
  ],
  "drive_time_matrix": [
    [
      0.0,
      1.0,
      2.0,
      10.0,
      12.0,
      5.0,
      3.0,
      5.0,
      7.0,
      5.0,
      5.0,
      2.0,
      8.0,
      10.0,
      6.0,
      5.0,
      9.0,
      9.0,
      5.0,
      7.0
    ],
    [
      1.0,
      0.0,
      7.0,
      9.0,
      5.0,
      6.0,
      10.0,
      11.0,
      6.0,
      4.0,
      5.0,
      5.0,
      6.0,
      11.0,
      4.0,
      8.0,
      8.0,
      8.0,
      4.0,
      5.0
    ],
    [
      2.0,
      7.0,
      0.0,
      8.0,
      4.0,
      6.0,
      3.0,
      12.0,
      6.0,
      9.0,
      4.0,
      2.0,
      6.0,
      3.0,
      4.0,
      3.0,
      7.0,
      7.0,
      4.0,
      4.0
    ],
    [
      10.0,
      9.0,
      8.0,
      0.0,
      10.0,
      7.0,
      9.0,
      11.0,
      9.0,
      9.0,
      9.0,
      12.0,
      4.0,
      11.0,
      12.0,
      12.0,
      6.0,
      6.0,
      11.0,
      11.0
    ],
    [
      12.0,
      5.0,
      4.0,
      10.0,
      0.0,
      2.0,
      5.0,
      11.0,
      11.0,
      5.0,
      10.0,
      5.0,
      6.0,
      8.0,
      11.0,
      11.0,
      7.0,
      13.0,
      8.0,
      7.0
    ],
    [
      5.0,
      6.0,
      6.0,
      7.0,
      2.0,
      0.0,
      5.0,
      3.0,
      9.0,
      5.0,
      10.0,
      5.0,
      17.0,
      9.0,
      6.0,
      6.0,
      5.0,
      10.0,
      11.0,
      8.0
    ],
    [
      3.0,
      10.0,
      3.0,
      9.0,
      5.0,
      5.0,
      0.0,
      4.0,
      6.0,
      8.0,
      4.0,
      13.0,
      6.0,
      3.0,
      4.0,
      4.0,
      7.0,
      7.0,
      5.0,
      5.0
    ],
    [
      5.0,
      11.0,
      12.0,
      11.0,
      11.0,
      3.0,
      4.0,
      0.0,
      7.0,
      5.0,
      3.0,
      5.0,
      6.0,
      6.0,
      6.0,
      10.0,
      7.0,
      7.0,
      6.0,
      5.0
    ],
    [
      7.0,
      6.0,
      6.0,
      9.0,
      11.0,
      9.0,
      6.0,
      7.0,
      0.0,
      5.0,
      3.0,
      5.0,
      4.0,
      11.0,
      6.0,
      6.0,
      15.0,
      12.0,
      7.0,
      6.0
    ],
    [
      5.0,
      4.0,
      9.0,
      9.0,
      5.0,
      5.0,
      8.0,
      5.0,
      5.0,
      0.0,
      5.0,
      6.0,
      7.0,
      6.0,
      7.0,
      7.0,
      8.0,
      8.0,
      8.0,
      8.0
    ],
    [
      5.0,
      5.0,
      4.0,
      9.0,
      10.0,
      10.0,
      4.0,
      3.0,
      3.0,
      5.0,
      0.0,
      4.0,
      5.0,
      7.0,
      5.0,
      5.0,
      6.0,
      6.0,
      6.0,
      6.0
    ],
    [
      2.0,
      5.0,
      2.0,
      12.0,
      5.0,
      5.0,
      13.0,
      5.0,
      5.0,
      6.0,
      4.0,
      0.0,
      7.0,
      4.0,
      5.0,
      4.0,
      8.0,
      8.0,
      5.0,
      5.0
    ],
    [
      8.0,
      6.0,
      6.0,
      4.0,
      6.0,
      17.0,
      6.0,
      6.0,
      4.0,
      7.0,
      5.0,
      7.0,
      0.0,
      8.0,
      9.0,
      10.0,
      8.0,
      4.0,
      8.0,
      7.0
    ],
    [
      10.0,
      11.0,
      3.0,
      11.0,
      8.0,
      9.0,
      3.0,
      6.0,
      11.0,
      6.0,
      7.0,
      4.0,
      8.0,
      0.0,
      10.0,
      6.0,
      8.0,
      7.0,
      7.0,
      8.0
    ],
    [
      6.0,
      4.0,
      4.0,
      12.0,
      11.0,
      6.0,
      4.0,
      6.0,
      6.0,
      7.0,
      5.0,
      5.0,
      9.0,
      10.0,
      0.0,
      10.0,
      11.0,
      10.0,
      4.0,
      5.0
    ],
    [
      5.0,
      8.0,
      3.0,
      12.0,
      11.0,
      6.0,
      4.0,
      10.0,
      6.0,
      7.0,
      5.0,
      4.0,
      10.0,
      6.0,
      10.0,
      0.0,
      9.0,
      9.0,
      8.0,
      11.0
    ],
    [
      9.0,
      8.0,
      7.0,
      6.0,
      7.0,
      5.0,
      7.0,
      7.0,
      15.0,
      8.0,
      6.0,
      8.0,
      8.0,
      8.0,
      11.0,
      9.0,
      0.0,
      11.0,
      10.0,
      10.0
    ],
    [
      9.0,
      8.0,
      7.0,
      6.0,
      13.0,
      10.0,
      7.0,
      7.0,
      12.0,
      8.0,
      6.0,
      8.0,
      4.0,
      7.0,
      10.0,
      9.0,
      11.0,
      0.0,
      8.0,
      7.0
    ],
    [
      5.0,
      4.0,
      4.0,
      11.0,
      8.0,
      11.0,
      5.0,
      6.0,
      7.0,
      8.0,
      6.0,
      5.0,
      8.0,
      7.0,
      4.0,
      8.0,
      10.0,
      8.0,
      0.0,
      3.0
    ],
    [
      7.0,
      5.0,
      4.0,
      11.0,
      7.0,
      8.0,
      5.0,
      5.0,
      6.0,
      8.0,
      6.0,
      5.0,
      7.0,
      8.0,
      5.0,
      11.0,
      10.0,
      7.0,
      3.0,
      0.0
    ]
  ],
  "transit_dist_walk_matrix": [
    [
      0.0,
      NaN,
      NaN,
      NaN,
      NaN,
      NaN,
      NaN,
      NaN,
      NaN,
      NaN,
      NaN,
      NaN,
      NaN,
      NaN,
      NaN,
      NaN,
      NaN,
      NaN,
      NaN,
      NaN
    ],
    [
      NaN,
      0.0,
      NaN,
      NaN,
      NaN,
      NaN,
      NaN,
      NaN,
      NaN,
      NaN,
      NaN,
      NaN,
      NaN,
      NaN,
      NaN,
      NaN,
      NaN,
      NaN,
      NaN,
      NaN
    ],
    [
      NaN,
      NaN,
      0.0,
      NaN,
      NaN,
      NaN,
      NaN,
      NaN,
      NaN,
      NaN,
      NaN,
      NaN,
      NaN,
      NaN,
      NaN,
      NaN,
      NaN,
      NaN,
      NaN,
      NaN
    ],
    [
      NaN,
      NaN,
      NaN,
      0.0,
      NaN,
      NaN,
      NaN,
      NaN,
      NaN,
      NaN,
      NaN,
      NaN,
      NaN,
      NaN,
      NaN,
      NaN,
      NaN,
      NaN,
      NaN,
      NaN
    ],
    [
      NaN,
      NaN,
      NaN,
      NaN,
      0.0,
      NaN,
      NaN,
      NaN,
      NaN,
      NaN,
      NaN,
      NaN,
      NaN,
      NaN,
      NaN,
      NaN,
      NaN,
      NaN,
      NaN,
      NaN
    ],
    [
      NaN,
      NaN,
      NaN,
      NaN,
      NaN,
      0.0,
      NaN,
      NaN,
      NaN,
      NaN,
      NaN,
      NaN,
      NaN,
      NaN,
      NaN,
      NaN,
      NaN,
      NaN,
      NaN,
      NaN
    ],
    [
      NaN,
      NaN,
      NaN,
      NaN,
      NaN,
      NaN,
      0.0,
      NaN,
      NaN,
      NaN,
      NaN,
      NaN,
      NaN,
      NaN,
      NaN,
      NaN,
      NaN,
      NaN,
      NaN,
      NaN
    ],
    [
      NaN,
      NaN,
      NaN,
      NaN,
      NaN,
      NaN,
      NaN,
      0.0,
      NaN,
      NaN,
      NaN,
      NaN,
      NaN,
      NaN,
      NaN,
      NaN,
      NaN,
      NaN,
      NaN,
      NaN
    ],
    [
      NaN,
      NaN,
      NaN,
      NaN,
      NaN,
      NaN,
      NaN,
      NaN,
      0.0,
      NaN,
      NaN,
      NaN,
      NaN,
      NaN,
      NaN,
      NaN,
      NaN,
      NaN,
      NaN,
      NaN
    ],
    [
      NaN,
      NaN,
      NaN,
      NaN,
      NaN,
      NaN,
      NaN,
      NaN,
      NaN,
      0.0,
      NaN,
      NaN,
      NaN,
      NaN,
      NaN,
      NaN,
      NaN,
      NaN,
      NaN,
      NaN
    ],
    [
      NaN,
      NaN,
      NaN,
      NaN,
      NaN,
      NaN,
      NaN,
      NaN,
      NaN,
      NaN,
      0.0,
      NaN,
      NaN,
      NaN,
      NaN,
      NaN,
      NaN,
      NaN,
      NaN,
      NaN
    ],
    [
      NaN,
      NaN,
      NaN,
      NaN,
      NaN,
      NaN,
      NaN,
      NaN,
      NaN,
      NaN,
      NaN,
      0.0,
      NaN,
      NaN,
      NaN,
      NaN,
      NaN,
      NaN,
      NaN,
      NaN
    ],
    [
      NaN,
      NaN,
      NaN,
      NaN,
      NaN,
      NaN,
      NaN,
      NaN,
      NaN,
      NaN,
      NaN,
      NaN,
      0.0,
      NaN,
      NaN,
      NaN,
      NaN,
      NaN,
      NaN,
      NaN
    ],
    [
      NaN,
      NaN,
      NaN,
      NaN,
      NaN,
      NaN,
      NaN,
      NaN,
      NaN,
      NaN,
      NaN,
      NaN,
      NaN,
      0.0,
      NaN,
      NaN,
      NaN,
      NaN,
      NaN,
      NaN
    ],
    [
      NaN,
      NaN,
      NaN,
      NaN,
      NaN,
      NaN,
      NaN,
      NaN,
      NaN,
      NaN,
      NaN,
      NaN,
      NaN,
      NaN,
      0.0,
      NaN,
      NaN,
      NaN,
      NaN,
      NaN
    ],
    [
      NaN,
      NaN,
      NaN,
      NaN,
      NaN,
      NaN,
      NaN,
      NaN,
      NaN,
      NaN,
      NaN,
      NaN,
      NaN,
      NaN,
      NaN,
      0.0,
      NaN,
      NaN,
      NaN,
      NaN
    ],
    [
      NaN,
      NaN,
      NaN,
      NaN,
      NaN,
      NaN,
      NaN,
      NaN,
      NaN,
      NaN,
      NaN,
      NaN,
      NaN,
      NaN,
      NaN,
      NaN,
      0.0,
      NaN,
      NaN,
      NaN
    ],
    [
      NaN,
      NaN,
      NaN,
      NaN,
      NaN,
      NaN,
      NaN,
      NaN,
      NaN,
      NaN,
      NaN,
      NaN,
      NaN,
      NaN,
      NaN,
      NaN,
      NaN,
      0.0,
      NaN,
      NaN
    ],
    [
      NaN,
      NaN,
      NaN,
      NaN,
      NaN,
      NaN,
      NaN,
      NaN,
      NaN,
      NaN,
      NaN,
      NaN,
      NaN,
      NaN,
      NaN,
      NaN,
      NaN,
      NaN,
      0.0,
      NaN
    ],
    [
      NaN,
      NaN,
      NaN,
      NaN,
      NaN,
      NaN,
      NaN,
      NaN,
      NaN,
      NaN,
      NaN,
      NaN,
      NaN,
      NaN,
      NaN,
      NaN,
      NaN,
      NaN,
      NaN,
      0.0
    ]
  ],
  "transit_time_matrix": [
    [
      0.0,
      NaN,
      NaN,
      NaN,
      NaN,
      NaN,
      NaN,
      NaN,
      NaN,
      NaN,
      NaN,
      NaN,
      NaN,
      NaN,
      NaN,
      NaN,
      NaN,
      NaN,
      NaN,
      NaN
    ],
    [
      NaN,
      0.0,
      NaN,
      NaN,
      NaN,
      NaN,
      NaN,
      NaN,
      NaN,
      NaN,
      NaN,
      NaN,
      NaN,
      NaN,
      NaN,
      NaN,
      NaN,
      NaN,
      NaN,
      NaN
    ],
    [
      NaN,
      NaN,
      0.0,
      NaN,
      NaN,
      NaN,
      NaN,
      NaN,
      NaN,
      NaN,
      NaN,
      NaN,
      NaN,
      NaN,
      NaN,
      NaN,
      NaN,
      NaN,
      NaN,
      NaN
    ],
    [
      NaN,
      NaN,
      NaN,
      0.0,
      NaN,
      NaN,
      NaN,
      NaN,
      NaN,
      NaN,
      NaN,
      NaN,
      NaN,
      NaN,
      NaN,
      NaN,
      NaN,
      NaN,
      NaN,
      NaN
    ],
    [
      NaN,
      NaN,
      NaN,
      NaN,
      0.0,
      NaN,
      NaN,
      NaN,
      NaN,
      NaN,
      NaN,
      NaN,
      NaN,
      NaN,
      NaN,
      NaN,
      NaN,
      NaN,
      NaN,
      NaN
    ],
    [
      NaN,
      NaN,
      NaN,
      NaN,
      NaN,
      0.0,
      NaN,
      NaN,
      NaN,
      NaN,
      NaN,
      NaN,
      NaN,
      NaN,
      NaN,
      NaN,
      NaN,
      NaN,
      NaN,
      NaN
    ],
    [
      NaN,
      NaN,
      NaN,
      NaN,
      NaN,
      NaN,
      0.0,
      NaN,
      NaN,
      NaN,
      NaN,
      NaN,
      NaN,
      NaN,
      NaN,
      NaN,
      NaN,
      NaN,
      NaN,
      NaN
    ],
    [
      NaN,
      NaN,
      NaN,
      NaN,
      NaN,
      NaN,
      NaN,
      0.0,
      NaN,
      NaN,
      NaN,
      NaN,
      NaN,
      NaN,
      NaN,
      NaN,
      NaN,
      NaN,
      NaN,
      NaN
    ],
    [
      NaN,
      NaN,
      NaN,
      NaN,
      NaN,
      NaN,
      NaN,
      NaN,
      0.0,
      NaN,
      NaN,
      NaN,
      NaN,
      NaN,
      NaN,
      NaN,
      NaN,
      NaN,
      NaN,
      NaN
    ],
    [
      NaN,
      NaN,
      NaN,
      NaN,
      NaN,
      NaN,
      NaN,
      NaN,
      NaN,
      0.0,
      NaN,
      NaN,
      NaN,
      NaN,
      NaN,
      NaN,
      NaN,
      NaN,
      NaN,
      NaN
    ],
    [
      NaN,
      NaN,
      NaN,
      NaN,
      NaN,
      NaN,
      NaN,
      NaN,
      NaN,
      NaN,
      0.0,
      NaN,
      NaN,
      NaN,
      NaN,
      NaN,
      NaN,
      NaN,
      NaN,
      NaN
    ],
    [
      NaN,
      NaN,
      NaN,
      NaN,
      NaN,
      NaN,
      NaN,
      NaN,
      NaN,
      NaN,
      NaN,
      0.0,
      NaN,
      NaN,
      NaN,
      NaN,
      NaN,
      NaN,
      NaN,
      NaN
    ],
    [
      NaN,
      NaN,
      NaN,
      NaN,
      NaN,
      NaN,
      NaN,
      NaN,
      NaN,
      NaN,
      NaN,
      NaN,
      0.0,
      NaN,
      NaN,
      NaN,
      NaN,
      NaN,
      NaN,
      NaN
    ],
    [
      NaN,
      NaN,
      NaN,
      NaN,
      NaN,
      NaN,
      NaN,
      NaN,
      NaN,
      NaN,
      NaN,
      NaN,
      NaN,
      0.0,
      NaN,
      NaN,
      NaN,
      NaN,
      NaN,
      NaN
    ],
    [
      NaN,
      NaN,
      NaN,
      NaN,
      NaN,
      NaN,
      NaN,
      NaN,
      NaN,
      NaN,
      NaN,
      NaN,
      NaN,
      NaN,
      0.0,
      NaN,
      NaN,
      NaN,
      NaN,
      NaN
    ],
    [
      NaN,
      NaN,
      NaN,
      NaN,
      NaN,
      NaN,
      NaN,
      NaN,
      NaN,
      NaN,
      NaN,
      NaN,
      NaN,
      NaN,
      NaN,
      0.0,
      NaN,
      NaN,
      NaN,
      NaN
    ],
    [
      NaN,
      NaN,
      NaN,
      NaN,
      NaN,
      NaN,
      NaN,
      NaN,
      NaN,
      NaN,
      NaN,
      NaN,
      NaN,
      NaN,
      NaN,
      NaN,
      0.0,
      NaN,
      NaN,
      NaN
    ],
    [
      NaN,
      NaN,
      NaN,
      NaN,
      NaN,
      NaN,
      NaN,
      NaN,
      NaN,
      NaN,
      NaN,
      NaN,
      NaN,
      NaN,
      NaN,
      NaN,
      NaN,
      0.0,
      NaN,
      NaN
    ],
    [
      NaN,
      NaN,
      NaN,
      NaN,
      NaN,
      NaN,
      NaN,
      NaN,
      NaN,
      NaN,
      NaN,
      NaN,
      NaN,
      NaN,
      NaN,
      NaN,
      NaN,
      NaN,
      0.0,
      NaN
    ],
    [
      NaN,
      NaN,
      NaN,
      NaN,
      NaN,
      NaN,
      NaN,
      NaN,
      NaN,
      NaN,
      NaN,
      NaN,
      NaN,
      NaN,
      NaN,
      NaN,
      NaN,
      NaN,
      NaN,
      0.0
    ]
  ],
  "walk_dist_matrix": [
    [
      0.0,
      1.0,
      1.5,
      2.8,
      0.9,
      1.1,
      1.7,
      1.1,
      1.5,
      2.1,
      1.3,
      1.3,
      2.2,
      0.8,
      0.45,
      0.45,
      2.4,
      1.8,
      0.35,
      0.5
    ],
    [
      1.0,
      0.0,
      0.55,
      2.6,
      1.5,
      1.5,
      0.75,
      0.8,
      1.3,
      1.1,
      1.1,
      0.4,
      2.3,
      0.8,
      1.4,
      0.65,
      2.1,
      2.0,
      1.2,
      1.4
    ],
    [
      1.5,
      0.55,
      0.0,
      2.5,
      1.7,
      1.7,
      0.21,
      0.85,
      1.3,
      0.6,
      1.1,
      0.85,
      2.2,
      1.1,
      1.7,
      1.2,
      2.1,
      2.0,
      1.5,
      1.7
    ],
    [
      2.8,
      2.6,
      2.5,
      0.0,
      1.9,
      1.7,
      2.8,
      1.9,
      1.4,
      2.9,
      1.7,
      2.9,
      0.8,
      2.2,
      2.7,
      2.5,
      0.5,
      1.1,
      2.6,
      2.5
    ],
    [
      0.9,
      1.5,
      1.7,
      1.9,
      0.0,
      0.15,
      1.9,
      0.85,
      0.8,
      2.1,
      0.8,
      1.8,
      1.1,
      0.7,
      0.95,
      1.0,
      1.4,
      0.75,
      0.7,
      0.55
    ],
    [
      1.1,
      1.5,
      1.7,
      1.7,
      0.15,
      0.0,
      1.9,
      0.9,
      0.7,
      2.1,
      0.8,
      1.9,
      0.9,
      0.75,
      1.0,
      1.1,
      1.3,
      0.55,
      0.95,
      0.7
    ],
    [
      1.7,
      0.75,
      0.21,
      2.8,
      1.9,
      1.9,
      0.0,
      1.1,
      1.5,
      0.6,
      1.3,
      1.0,
      2.5,
      1.3,
      1.9,
      1.4,
      2.3,
      2.2,
      1.8,
      1.9
    ],
    [
      1.1,
      0.8,
      0.85,
      1.9,
      0.85,
      0.9,
      1.1,
      0.0,
      0.5,
      1.3,
      0.24,
      1.1,
      1.5,
      0.45,
      1.3,
      0.8,
      1.4,
      1.2,
      1.1,
      1.0
    ],
    [
      1.5,
      1.3,
      1.3,
      1.4,
      0.8,
      0.7,
      1.5,
      0.5,
      0.0,
      1.7,
      0.3,
      1.6,
      1.0,
      0.95,
      1.7,
      1.2,
      0.9,
      0.75,
      1.5,
      1.4
    ],
    [
      2.1,
      1.1,
      0.6,
      2.9,
      2.1,
      2.1,
      0.6,
      1.3,
      1.7,
      0.0,
      1.5,
      1.5,
      2.6,
      1.7,
      2.3,
      1.8,
      2.4,
      2.4,
      2.2,
      2.2
    ],
    [
      1.3,
      1.1,
      1.1,
      1.7,
      0.8,
      0.8,
      1.3,
      0.24,
      0.3,
      1.5,
      0.0,
      1.4,
      1.3,
      0.65,
      1.5,
      1.0,
      1.2,
      1.1,
      1.3,
      1.2
    ],
    [
      1.3,
      0.4,
      0.85,
      2.9,
      1.8,
      1.9,
      1.0,
      1.1,
      1.6,
      1.5,
      1.4,
      0.0,
      2.6,
      1.2,
      1.8,
      1.0,
      2.4,
      2.3,
      1.6,
      1.7
    ],
    [
      2.2,
      2.3,
      2.2,
      0.8,
      1.1,
      0.9,
      2.5,
      1.5,
      1.0,
      2.6,
      1.3,
      2.6,
      0.0,
      1.5,
      1.9,
      1.9,
      0.6,
      0.3,
      1.9,
      1.7
    ],
    [
      0.8,
      0.8,
      1.1,
      2.2,
      0.7,
      0.75,
      1.3,
      0.45,
      0.95,
      1.7,
      0.65,
      1.2,
      1.5,
      0.0,
      0.85,
      0.5,
      1.8,
      1.2,
      0.6,
      0.6
    ],
    [
      0.45,
      1.4,
      1.7,
      2.7,
      0.95,
      1.0,
      1.9,
      1.3,
      1.7,
      2.3,
      1.5,
      1.8,
      1.9,
      0.85,
      0.0,
      0.75,
      2.3,
      1.6,
      0.28,
      0.4
    ],
    [
      0.45,
      0.65,
      1.2,
      2.5,
      1.0,
      1.1,
      1.4,
      0.8,
      1.2,
      1.8,
      1.0,
      1.0,
      1.9,
      0.5,
      0.75,
      0.0,
      2.1,
      1.5,
      0.65,
      0.85
    ],
    [
      2.4,
      2.1,
      2.1,
      0.5,
      1.4,
      1.3,
      2.3,
      1.4,
      0.9,
      2.4,
      1.2,
      2.4,
      0.6,
      1.8,
      2.3,
      2.1,
      0.0,
      0.8,
      2.1,
      2.0
    ],
    [
      1.8,
      2.0,
      2.0,
      1.1,
      0.75,
      0.55,
      2.2,
      1.2,
      0.75,
      2.4,
      1.1,
      2.3,
      0.3,
      1.2,
      1.6,
      1.5,
      0.8,
      0.0,
      1.6,
      1.3
    ],
    [
      0.35,
      1.2,
      1.5,
      2.6,
      0.7,
      0.95,
      1.8,
      1.1,
      1.5,
      2.2,
      1.3,
      1.6,
      1.9,
      0.6,
      0.28,
      0.65,
      2.1,
      1.6,
      0.0,
      0.21
    ],
    [
      0.5,
      1.4,
      1.7,
      2.5,
      0.55,
      0.7,
      1.9,
      1.0,
      1.4,
      2.2,
      1.2,
      1.7,
      1.7,
      0.6,
      0.4,
      0.85,
      2.0,
      1.3,
      0.21,
      0.0
    ]
  ],
  "walk_time_matrix": [
    [
      0.0,
      12.0,
      19.0,
      45.0,
      12.0,
      15.0,
      22.0,
      15.0,
      21.0,
      28.0,
      17.0,
      16.0,
      35.0,
      10.0,
      6.0,
      5.0,
      36.0,
      27.0,
      5.0,
      7.0
    ],
    [
      12.0,
      0.0,
      7.0,
      42.0,
      20.0,
      21.0,
      10.0,
      11.0,
      19.0,
      16.0,
      14.0,
      5.0,
      36.0,
      11.0,
      17.0,
      8.0,
      33.0,
      30.0,
      15.0,
      17.0
    ],
    [
      19.0,
      7.0,
      0.0,
      41.0,
      22.0,
      23.0,
      3.0,
      12.0,
      18.0,
      9.0,
      15.0,
      10.0,
      35.0,
      15.0,
      21.0,
      15.0,
      32.0,
      30.0,
      20.0,
      22.0
    ],
    [
      45.0,
      42.0,
      41.0,
      0.0,
      24.0,
      22.0,
      35.0,
      24.0,
      18.0,
      37.0,
      22.0,
      36.0,
      10.0,
      28.0,
      33.0,
      32.0,
      6.0,
      14.0,
      32.0,
      31.0
    ],
    [
      12.0,
      20.0,
      22.0,
      24.0,
      0.0,
      2.0,
      24.0,
      11.0,
      11.0,
      26.0,
      10.0,
      22.0,
      20.0,
      8.0,
      11.0,
      11.0,
      24.0,
      13.0,
      8.0,
      7.0
    ],
    [
      15.0,
      21.0,
      23.0,
      22.0,
      2.0,
      0.0,
      24.0,
      11.0,
      9.0,
      27.0,
      10.0,
      23.0,
      17.0,
      9.0,
      12.0,
      12.0,
      21.0,
      10.0,
      11.0,
      8.0
    ],
    [
      22.0,
      10.0,
      3.0,
      35.0,
      24.0,
      24.0,
      0.0,
      15.0,
      21.0,
      8.0,
      18.0,
      13.0,
      38.0,
      18.0,
      24.0,
      18.0,
      35.0,
      33.0,
      23.0,
      24.0
    ],
    [
      15.0,
      11.0,
      12.0,
      24.0,
      11.0,
      11.0,
      15.0,
      0.0,
      7.0,
      17.0,
      3.0,
      14.0,
      24.0,
      6.0,
      16.0,
      10.0,
      23.0,
      19.0,
      13.0,
      12.0
    ],
    [
      21.0,
      19.0,
      18.0,
      18.0,
      11.0,
      9.0,
      21.0,
      7.0,
      0.0,
      21.0,
      3.0,
      19.0,
      17.0,
      11.0,
      20.0,
      14.0,
      15.0,
      12.0,
      18.0,
      16.0
    ],
    [
      28.0,
      16.0,
      9.0,
      37.0,
      26.0,
      27.0,
      8.0,
      17.0,
      21.0,
      0.0,
      19.0,
      18.0,
      39.0,
      21.0,
      29.0,
      23.0,
      36.0,
      34.0,
      27.0,
      27.0
    ],
    [
      17.0,
      14.0,
      15.0,
      22.0,
      10.0,
      10.0,
      18.0,
      3.0,
      3.0,
      19.0,
      0.0,
      17.0,
      22.0,
      7.0,
      18.0,
      11.0,
      20.0,
      17.0,
      15.0,
      14.0
    ],
    [
      16.0,
      5.0,
      10.0,
      36.0,
      22.0,
      23.0,
      13.0,
      14.0,
      19.0,
      18.0,
      17.0,
      0.0,
      40.0,
      15.0,
      22.0,
      12.0,
      37.0,
      34.0,
      20.0,
      22.0
    ],
    [
      35.0,
      36.0,
      35.0,
      10.0,
      20.0,
      17.0,
      38.0,
      24.0,
      17.0,
      39.0,
      22.0,
      40.0,
      0.0,
      20.0,
      24.0,
      24.0,
      8.0,
      4.0,
      24.0,
      22.0
    ],
    [
      10.0,
      11.0,
      15.0,
      28.0,
      8.0,
      9.0,
      18.0,
      6.0,
      11.0,
      21.0,
      7.0,
      15.0,
      20.0,
      0.0,
      10.0,
      6.0,
      28.0,
      19.0,
      7.0,
      8.0
    ],
    [
      6.0,
      17.0,
      21.0,
      33.0,
      11.0,
      12.0,
      24.0,
      16.0,
      20.0,
      29.0,
      18.0,
      22.0,
      24.0,
      10.0,
      0.0,
      10.0,
      36.0,
      24.0,
      4.0,
      5.0
    ],
    [
      5.0,
      8.0,
      15.0,
      32.0,
      11.0,
      12.0,
      18.0,
      10.0,
      14.0,
      23.0,
      11.0,
      12.0,
      24.0,
      6.0,
      10.0,
      0.0,
      33.0,
      24.0,
      8.0,
      11.0
    ],
    [
      36.0,
      33.0,
      32.0,
      6.0,
      24.0,
      21.0,
      35.0,
      23.0,
      15.0,
      36.0,
      20.0,
      37.0,
      8.0,
      28.0,
      36.0,
      33.0,
      0.0,
      11.0,
      26.0,
      25.0
    ],
    [
      27.0,
      30.0,
      30.0,
      14.0,
      13.0,
      10.0,
      33.0,
      19.0,
      12.0,
      34.0,
      17.0,
      34.0,
      4.0,
      19.0,
      24.0,
      24.0,
      11.0,
      0.0,
      19.0,
      16.0
    ],
    [
      5.0,
      15.0,
      20.0,
      32.0,
      8.0,
      11.0,
      23.0,
      13.0,
      18.0,
      27.0,
      15.0,
      20.0,
      24.0,
      7.0,
      4.0,
      8.0,
      26.0,
      19.0,
      0.0,
      3.0
    ],
    [
      7.0,
      17.0,
      22.0,
      31.0,
      7.0,
      8.0,
      24.0,
      12.0,
      16.0,
      27.0,
      14.0,
      22.0,
      22.0,
      8.0,
      5.0,
      11.0,
      25.0,
      16.0,
      3.0,
      0.0
    ]
  ],
  "cycle_dist_matrix": [
    [
      0.0,
      1.0,
      1.5,
      2.8,
      0.9,
      1.1,
      1.7,
      1.1,
      1.5,
      2.1,
      1.3,
      1.3,
      2.2,
      0.8,
      0.45,
      0.45,
      2.4,
      1.8,
      0.35,
      0.5
    ],
    [
      1.0,
      0.0,
      0.55,
      2.6,
      1.5,
      1.5,
      0.75,
      0.8,
      1.3,
      1.1,
      1.1,
      0.4,
      2.3,
      0.8,
      1.4,
      0.65,
      2.1,
      2.0,
      1.2,
      1.4
    ],
    [
      1.5,
      0.55,
      0.0,
      2.5,
      1.7,
      1.7,
      0.21,
      0.85,
      1.3,
      0.6,
      1.1,
      0.85,
      2.2,
      1.1,
      1.7,
      1.2,
      2.1,
      2.0,
      1.5,
      1.7
    ],
    [
      2.8,
      2.6,
      2.5,
      0.0,
      1.9,
      1.7,
      2.8,
      1.9,
      1.4,
      2.9,
      1.7,
      2.9,
      0.8,
      2.2,
      2.7,
      2.5,
      0.5,
      1.1,
      2.6,
      2.5
    ],
    [
      0.9,
      1.5,
      1.7,
      1.9,
      0.0,
      0.15,
      1.9,
      0.85,
      0.8,
      2.1,
      0.8,
      1.8,
      1.1,
      0.7,
      0.95,
      1.0,
      1.4,
      0.75,
      0.7,
      0.55
    ],
    [
      1.1,
      1.5,
      1.7,
      1.7,
      0.15,
      0.0,
      1.9,
      0.9,
      0.7,
      2.1,
      0.8,
      1.9,
      0.9,
      0.75,
      1.0,
      1.1,
      1.3,
      0.55,
      0.95,
      0.7
    ],
    [
      1.7,
      0.75,
      0.21,
      2.8,
      1.9,
      1.9,
      0.0,
      1.1,
      1.5,
      0.6,
      1.3,
      1.0,
      2.5,
      1.3,
      1.9,
      1.4,
      2.3,
      2.2,
      1.8,
      1.9
    ],
    [
      1.1,
      0.8,
      0.85,
      1.9,
      0.85,
      0.9,
      1.1,
      0.0,
      0.5,
      1.3,
      0.24,
      1.1,
      1.5,
      0.45,
      1.3,
      0.8,
      1.4,
      1.2,
      1.1,
      1.0
    ],
    [
      1.5,
      1.3,
      1.3,
      1.4,
      0.8,
      0.7,
      1.5,
      0.5,
      0.0,
      1.7,
      0.3,
      1.6,
      1.0,
      0.95,
      1.7,
      1.2,
      0.9,
      0.75,
      1.5,
      1.4
    ],
    [
      2.1,
      1.1,
      0.6,
      2.9,
      2.1,
      2.1,
      0.6,
      1.3,
      1.7,
      0.0,
      1.5,
      1.5,
      2.6,
      1.7,
      2.3,
      1.8,
      2.4,
      2.4,
      2.2,
      2.2
    ],
    [
      1.3,
      1.1,
      1.1,
      1.7,
      0.8,
      0.8,
      1.3,
      0.24,
      0.3,
      1.5,
      0.0,
      1.4,
      1.3,
      0.65,
      1.5,
      1.0,
      1.2,
      1.1,
      1.3,
      1.2
    ],
    [
      1.3,
      0.4,
      0.85,
      2.9,
      1.8,
      1.9,
      1.0,
      1.1,
      1.6,
      1.5,
      1.4,
      0.0,
      2.6,
      1.2,
      1.8,
      1.0,
      2.4,
      2.3,
      1.6,
      1.7
    ],
    [
      2.2,
      2.3,
      2.2,
      0.8,
      1.1,
      0.9,
      2.5,
      1.5,
      1.0,
      2.6,
      1.3,
      2.6,
      0.0,
      1.5,
      1.9,
      1.9,
      0.6,
      0.3,
      1.9,
      1.7
    ],
    [
      0.8,
      0.8,
      1.1,
      2.2,
      0.7,
      0.75,
      1.3,
      0.45,
      0.95,
      1.7,
      0.65,
      1.2,
      1.5,
      0.0,
      0.85,
      0.5,
      1.8,
      1.2,
      0.6,
      0.6
    ],
    [
      0.45,
      1.4,
      1.7,
      2.7,
      0.95,
      1.0,
      1.9,
      1.3,
      1.7,
      2.3,
      1.5,
      1.8,
      1.9,
      0.85,
      0.0,
      0.75,
      2.3,
      1.6,
      0.28,
      0.4
    ],
    [
      0.45,
      0.65,
      1.2,
      2.5,
      1.0,
      1.1,
      1.4,
      0.8,
      1.2,
      1.8,
      1.0,
      1.0,
      1.9,
      0.5,
      0.75,
      0.0,
      2.1,
      1.5,
      0.65,
      0.85
    ],
    [
      2.4,
      2.1,
      2.1,
      0.5,
      1.4,
      1.3,
      2.3,
      1.4,
      0.9,
      2.4,
      1.2,
      2.4,
      0.6,
      1.8,
      2.3,
      2.1,
      0.0,
      0.8,
      2.1,
      2.0
    ],
    [
      1.8,
      2.0,
      2.0,
      1.1,
      0.75,
      0.55,
      2.2,
      1.2,
      0.75,
      2.4,
      1.1,
      2.3,
      0.3,
      1.2,
      1.6,
      1.5,
      0.8,
      0.0,
      1.6,
      1.3
    ],
    [
      0.35,
      1.2,
      1.5,
      2.6,
      0.7,
      0.95,
      1.8,
      1.1,
      1.5,
      2.2,
      1.3,
      1.6,
      1.9,
      0.6,
      0.28,
      0.65,
      2.1,
      1.6,
      0.0,
      0.21
    ],
    [
      0.5,
      1.4,
      1.7,
      2.5,
      0.55,
      0.7,
      1.9,
      1.0,
      1.4,
      2.2,
      1.2,
      1.7,
      1.7,
      0.6,
      0.4,
      0.85,
      2.0,
      1.3,
      0.21,
      0.0
    ]
  ],
  "cycle_time_matrix": [
    [
      0.0,
      12.0,
      19.0,
      45.0,
      12.0,
      15.0,
      22.0,
      15.0,
      21.0,
      28.0,
      17.0,
      16.0,
      35.0,
      10.0,
      6.0,
      5.0,
      36.0,
      27.0,
      5.0,
      7.0
    ],
    [
      12.0,
      0.0,
      7.0,
      42.0,
      20.0,
      21.0,
      10.0,
      11.0,
      19.0,
      16.0,
      14.0,
      5.0,
      36.0,
      11.0,
      17.0,
      8.0,
      33.0,
      30.0,
      15.0,
      17.0
    ],
    [
      19.0,
      7.0,
      0.0,
      41.0,
      22.0,
      23.0,
      3.0,
      12.0,
      18.0,
      9.0,
      15.0,
      10.0,
      35.0,
      15.0,
      21.0,
      15.0,
      32.0,
      30.0,
      20.0,
      22.0
    ],
    [
      45.0,
      42.0,
      41.0,
      0.0,
      24.0,
      22.0,
      35.0,
      24.0,
      18.0,
      37.0,
      22.0,
      36.0,
      10.0,
      28.0,
      33.0,
      32.0,
      6.0,
      14.0,
      32.0,
      31.0
    ],
    [
      12.0,
      20.0,
      22.0,
      24.0,
      0.0,
      2.0,
      24.0,
      11.0,
      11.0,
      26.0,
      10.0,
      22.0,
      20.0,
      8.0,
      11.0,
      11.0,
      24.0,
      13.0,
      8.0,
      7.0
    ],
    [
      15.0,
      21.0,
      23.0,
      22.0,
      2.0,
      0.0,
      24.0,
      11.0,
      9.0,
      27.0,
      10.0,
      23.0,
      17.0,
      9.0,
      12.0,
      12.0,
      21.0,
      10.0,
      11.0,
      8.0
    ],
    [
      22.0,
      10.0,
      3.0,
      35.0,
      24.0,
      24.0,
      0.0,
      15.0,
      21.0,
      8.0,
      18.0,
      13.0,
      38.0,
      18.0,
      24.0,
      18.0,
      35.0,
      33.0,
      23.0,
      24.0
    ],
    [
      15.0,
      11.0,
      12.0,
      24.0,
      11.0,
      11.0,
      15.0,
      0.0,
      7.0,
      17.0,
      3.0,
      14.0,
      24.0,
      6.0,
      16.0,
      10.0,
      23.0,
      19.0,
      13.0,
      12.0
    ],
    [
      21.0,
      19.0,
      18.0,
      18.0,
      11.0,
      9.0,
      21.0,
      7.0,
      0.0,
      21.0,
      3.0,
      19.0,
      17.0,
      11.0,
      20.0,
      14.0,
      15.0,
      12.0,
      18.0,
      16.0
    ],
    [
      28.0,
      16.0,
      9.0,
      37.0,
      26.0,
      27.0,
      8.0,
      17.0,
      21.0,
      0.0,
      19.0,
      18.0,
      39.0,
      21.0,
      29.0,
      23.0,
      36.0,
      34.0,
      27.0,
      27.0
    ],
    [
      17.0,
      14.0,
      15.0,
      22.0,
      10.0,
      10.0,
      18.0,
      3.0,
      3.0,
      19.0,
      0.0,
      17.0,
      22.0,
      7.0,
      18.0,
      11.0,
      20.0,
      17.0,
      15.0,
      14.0
    ],
    [
      16.0,
      5.0,
      10.0,
      36.0,
      22.0,
      23.0,
      13.0,
      14.0,
      19.0,
      18.0,
      17.0,
      0.0,
      40.0,
      15.0,
      22.0,
      12.0,
      37.0,
      34.0,
      20.0,
      22.0
    ],
    [
      35.0,
      36.0,
      35.0,
      10.0,
      20.0,
      17.0,
      38.0,
      24.0,
      17.0,
      39.0,
      22.0,
      40.0,
      0.0,
      20.0,
      24.0,
      24.0,
      8.0,
      4.0,
      24.0,
      22.0
    ],
    [
      10.0,
      11.0,
      15.0,
      28.0,
      8.0,
      9.0,
      18.0,
      6.0,
      11.0,
      21.0,
      7.0,
      15.0,
      20.0,
      0.0,
      10.0,
      6.0,
      28.0,
      19.0,
      7.0,
      8.0
    ],
    [
      6.0,
      17.0,
      21.0,
      33.0,
      11.0,
      12.0,
      24.0,
      16.0,
      20.0,
      29.0,
      18.0,
      22.0,
      24.0,
      10.0,
      0.0,
      10.0,
      36.0,
      24.0,
      4.0,
      5.0
    ],
    [
      5.0,
      8.0,
      15.0,
      32.0,
      11.0,
      12.0,
      18.0,
      10.0,
      14.0,
      23.0,
      11.0,
      12.0,
      24.0,
      6.0,
      10.0,
      0.0,
      33.0,
      24.0,
      8.0,
      11.0
    ],
    [
      36.0,
      33.0,
      32.0,
      6.0,
      24.0,
      21.0,
      35.0,
      23.0,
      15.0,
      36.0,
      20.0,
      37.0,
      8.0,
      28.0,
      36.0,
      33.0,
      0.0,
      11.0,
      26.0,
      25.0
    ],
    [
      27.0,
      30.0,
      30.0,
      14.0,
      13.0,
      10.0,
      33.0,
      19.0,
      12.0,
      34.0,
      17.0,
      34.0,
      4.0,
      19.0,
      24.0,
      24.0,
      11.0,
      0.0,
      19.0,
      16.0
    ],
    [
      5.0,
      15.0,
      20.0,
      32.0,
      8.0,
      11.0,
      23.0,
      13.0,
      18.0,
      27.0,
      15.0,
      20.0,
      24.0,
      7.0,
      4.0,
      8.0,
      26.0,
      19.0,
      0.0,
      3.0
    ],
    [
      7.0,
      17.0,
      22.0,
      31.0,
      7.0,
      8.0,
      24.0,
      12.0,
      16.0,
      27.0,
      14.0,
      22.0,
      22.0,
      8.0,
      5.0,
      11.0,
      25.0,
      16.0,
      3.0,
      0.0
    ]
  ],
  "avg_dd": [
    [
      1.855450000000001
    ]
  ]
}