{
  "drive_dist_matrix": [
    [
      0.0,
      41.1,
      8.7,
      2.3,
      7.0,
      4.0,
      10.8,
      5.6,
      24.8,
      3.5,
      4.0,
      5.9,
      32.4,
      2.0,
      8.8,
      14.4,
      27.1,
      7.0,
      8.6,
      22.5,
      5.5,
      4.4,
      2.9,
      7.3,
      6.5,
      3.1,
      8.6,
      5.6,
      40.8,
      3.0,
      12.2,
      85.6,
      10.5,
      5.7
    ],
    [
      41.1,
      0.0,
      48.1,
      41.8,
      47.9,
      44.5,
      46.0,
      47.0,
      55.8,
      43.7,
      44.5,
      47.2,
      9.3,
      41.4,
      43.6,
      32.6,
      50.4,
      47.0,
      48.0,
      63.4,
      45.0,
      38.8,
      44.5,
      51.2,
      46.5,
      39.9,
      47.4,
      40.0,
      0.3,
      42.4,
      45.3,
      115.0,
      42.6,
      41.1
    ],
    [
      8.7,
      48.1,
      0.0,
      8.8,
      1.8,
      7.0,
      2.1,
      6.1,
      54.6,
      5.6,
      7.0,
      6.3,
      39.1,
      7.8,
      21.7,
      16.8,
      49.2,
      3.4,
      0.12,
      21.0,
      4.1,
      7.0,
      7.0,
      3.2,
      5.6,
      6.4,
      0.55,
      5.5,
      47.4,
      8.6,
      3.3,
      72.7,
      5.3,
      7.2
    ],
    [
      2.3,
      41.8,
      8.8,
      0.0,
      6.1,
      3.0,
      10.2,
      3.5,
      25.6,
      2.5,
      3.0,
      3.7,
      34.2,
      1.4,
      12.5,
      12.8,
      27.8,
      4.7,
      7.6,
      20.1,
      4.6,
      3.4,
      2.0,
      6.3,
      4.1,
      2.5,
      7.7,
      3.3,
      42.6,
      0.2,
      11.6,
      76.4,
      9.9,
      4.8
    ],
    [
      7.0,
      47.9,
      1.8,
      6.1,
      0.0,
      4.3,
      3.6,
      3.4,
      35.8,
      4.6,
      4.3,
      3.6,
      44.0,
      5.1,
      22.7,
      18.9,
      38.0,
      1.7,
      1.9,
      16.6,
      3.3,
      6.8,
      4.3,
      2.0,
      2.9,
      6.2,
      1.9,
      5.2,
      52.3,
      6.1,
      4.8,
      72.0,
      5.5,
      7.0
    ],
    [
      4.0,
      44.5,
      7.0,
      3.0,
      4.3,
      0.0,
      9.2,
      3.4,
      28.5,
      0.3,
      0.27,
      3.7,
      35.9,
      1.4,
      11.6,
      22.3,
      30.8,
      4.8,
      6.4,
      19.7,
      3.3,
      3.4,
      0.5,
      5.1,
      4.3,
      2.5,
      6.4,
      2.6,
      44.2,
      2.4,
      10.6,
      75.1,
      8.9,
      4.0
    ],
    [
      10.8,
      46.0,
      2.1,
      10.2,
      3.6,
      9.2,
      0.0,
      7.0,
      53.0,
      6.6,
      7.9,
      7.3,
      37.5,
      8.7,
      40.8,
      15.2,
      47.7,
      4.7,
      2.2,
      21.2,
      5.0,
      7.4,
      8.0,
      4.3,
      6.5,
      7.4,
      2.0,
      6.4,
      45.9,
      9.5,
      1.9,
      72.8,
      5.7,
      7.6
    ],
    [
      5.6,
      47.0,
      6.1,
      3.5,
      3.4,
      3.4,
      7.0,
      0.0,
      28.8,
      3.0,
      2.7,
      0.4,
      39.0,
      3.4,
      15.7,
      21.5,
      31.1,
      4.1,
      5.7,
      18.9,
      2.6,
      6.4,
      2.3,
      4.4,
      2.1,
      5.3,
      5.7,
      4.9,
      47.4,
      2.8,
      9.8,
      74.4,
      8.2,
      6.7
    ],
    [
      24.8,
      55.8,
      54.6,
      25.6,
      35.8,
      28.5,
      53.0,
      28.8,
      0.0,
      34.9,
      34.6,
      40.6,
      50.5,
      33.2,
      21.3,
      41.8,
      7.8,
      40.1,
      57.0,
      65.9,
      41.9,
      35.1,
      34.1,
      63.4,
      39.5,
      34.3,
      65.2,
      36.4,
      58.8,
      32.1,
      54.4,
      104.0,
      58.2,
      36.4
    ],
    [
      3.5,
      43.7,
      5.6,
      2.5,
      4.6,
      0.3,
      6.6,
      3.0,
      34.9,
      0.0,
      0.4,
      3.8,
      34.3,
      1.5,
      15.5,
      20.2,
      30.9,
      4.9,
      5.5,
      19.8,
      2.9,
      3.3,
      0.8,
      5.2,
      4.4,
      2.4,
      5.7,
      1.9,
      42.6,
      2.5,
      8.5,
      75.2,
      6.0,
      4.0
    ],
    [
      4.0,
      44.5,
      7.0,
      3.0,
      4.3,
      0.27,
      7.9,
      2.7,
      34.6,
      0.4,
      0.0,
      3.3,
      35.6,
      1.0,
      11.3,
      21.9,
      30.4,
      4.5,
      6.1,
      19.3,
      3.0,
      3.8,
      0.4,
      4.8,
      3.9,
      2.9,
      6.1,
      3.5,
      43.9,
      2.1,
      10.3,
      74.8,
      8.6,
      5.2
    ],
    [
      5.9,
      47.2,
      6.3,
      3.7,
      3.6,
      3.7,
      7.3,
      0.4,
      40.6,
      3.8,
      3.3,
      0.0,
      39.0,
      3.4,
      15.7,
      21.5,
      31.0,
      4.0,
      5.6,
      18.9,
      2.5,
      6.4,
      2.3,
      4.3,
      2.1,
      5.3,
      5.7,
      4.9,
      47.4,
      2.8,
      9.8,
      74.4,
      8.2,
      6.6
    ],
    [
      32.4,
      9.3,
      39.1,
      34.2,
      44.0,
      35.9,
      37.5,
      39.0,
      50.5,
      34.3,
      35.6,
      39.0,
      0.0,
      32.0,
      34.2,
      23.2,
      41.0,
      37.6,
      38.5,
      53.9,
      35.5,
      29.3,
      35.1,
      41.7,
      37.0,
      30.5,
      37.9,
      30.6,
      9.0,
      33.0,
      35.9,
      106.0,
      33.1,
      31.6
    ],
    [
      2.0,
      41.4,
      7.8,
      1.4,
      5.1,
      1.4,
      8.7,
      3.4,
      33.2,
      1.5,
      1.0,
      3.4,
      32.0,
      0.0,
      10.5,
      12.6,
      29.0,
      5.0,
      6.6,
      19.9,
      3.5,
      3.0,
      0.9,
      5.3,
      4.5,
      2.1,
      6.6,
      2.2,
      42.4,
      0.95,
      10.8,
      75.3,
      9.1,
      3.6
    ],
    [
      8.8,
      43.6,
      21.7,
      12.5,
      22.7,
      11.6,
      40.8,
      15.7,
      21.3,
      15.5,
      11.3,
      15.7,
      34.2,
      10.5,
      0.0,
      26.9,
      14.4,
      20.1,
      23.3,
      32.8,
      21.3,
      12.4,
      11.4,
      21.7,
      19.4,
      13.5,
      23.6,
      13.7,
      44.0,
      12.4,
      39.5,
      91.2,
      18.9,
      13.7
    ],
    [
      14.4,
      32.6,
      16.8,
      12.8,
      18.9,
      22.3,
      15.2,
      21.5,
      41.8,
      20.2,
      21.9,
      21.5,
      23.2,
      12.6,
      26.9,
      0.0,
      33.6,
      16.4,
      18.7,
      34.3,
      14.3,
      9.8,
      13.8,
      22.1,
      15.9,
      10.6,
      18.1,
      11.1,
      31.5,
      13.4,
      16.1,
      85.9,
      19.9,
      9.3
    ],
    [
      27.1,
      50.4,
      49.2,
      27.8,
      38.0,
      30.8,
      47.7,
      31.1,
      7.8,
      30.9,
      30.4,
      31.0,
      41.0,
      29.0,
      14.4,
      33.6,
      0.0,
      37.7,
      49.5,
      59.9,
      51.2,
      24.5,
      23.3,
      52.7,
      37.0,
      23.5,
      48.9,
      25.8,
      51.3,
      29.6,
      46.9,
      97.6,
      50.7,
      25.8
    ],
    [
      7.0,
      47.0,
      3.4,
      4.7,
      1.7,
      4.8,
      4.7,
      4.1,
      40.1,
      4.9,
      4.5,
      4.0,
      37.6,
      5.0,
      20.1,
      16.4,
      37.7,
      0.0,
      3.1,
      16.3,
      3.1,
      7.6,
      4.1,
      1.8,
      2.6,
      6.6,
      3.1,
      6.1,
      52.0,
      5.8,
      5.9,
      71.8,
      6.7,
      8.1
    ],
    [
      8.6,
      48.0,
      0.12,
      7.6,
      1.9,
      6.4,
      2.2,
      5.7,
      57.0,
      5.5,
      6.1,
      5.6,
      38.5,
      6.6,
      23.3,
      18.7,
      49.5,
      3.1,
      0.0,
      20.9,
      4.0,
      6.9,
      6.9,
      3.1,
      5.5,
      6.3,
      0.45,
      5.4,
      47.3,
      8.5,
      3.1,
      72.5,
      5.2,
      7.1
    ],
    [
      22.5,
      63.4,
      21.0,
      20.1,
      16.6,
      19.7,
      21.2,
      18.9,
      65.9,
      19.8,
      19.3,
      18.9,
      53.9,
      19.9,
      32.8,
      34.3,
      59.9,
      16.3,
      20.9,
      0.0,
      18.3,
      30.4,
      19.3,
      15.7,
      17.3,
      31.4,
      16.7,
      29.8,
      62.1,
      20.7,
      16.9,
      64.2,
      28.7,
      30.6
    ],
    [
      5.5,
      45.0,
      4.1,
      4.6,
      3.3,
      3.3,
      5.0,
      2.6,
      41.9,
      2.9,
      3.0,
      2.5,
      35.5,
      3.5,
      21.3,
      14.3,
      51.2,
      3.1,
      4.0,
      18.3,
      0.0,
      6.5,
      3.0,
      2.7,
      1.5,
      5.5,
      4.0,
      5.0,
      45.7,
      4.5,
      8.1,
      72.7,
      6.5,
      6.7
    ],
    [
      4.4,
      38.8,
      7.0,
      3.4,
      6.8,
      3.4,
      7.4,
      6.4,
      35.1,
      3.3,
      3.8,
      6.4,
      29.3,
      3.0,
      12.4,
      9.8,
      24.5,
      7.6,
      6.9,
      30.4,
      6.5,
      0.0,
      4.5,
      8.5,
      7.4,
      1.1,
      7.5,
      1.3,
      40.4,
      3.7,
      8.3,
      81.9,
      6.6,
      1.6
    ],
    [
      2.9,
      44.5,
      7.0,
      2.0,
      4.3,
      0.5,
      8.0,
      2.3,
      34.1,
      0.8,
      0.4,
      2.3,
      35.1,
      0.9,
      11.4,
      13.8,
      23.3,
      4.1,
      6.9,
      19.3,
      3.0,
      4.5,
      0.0,
      4.4,
      3.6,
      3.6,
      5.7,
      3.1,
      43.5,
      1.7,
      9.9,
      74.4,
      8.2,
      4.9
    ],
    [
      7.3,
      51.2,
      3.2,
      6.3,
      2.0,
      5.1,
      4.3,
      4.4,
      63.4,
      5.2,
      4.8,
      4.3,
      41.7,
      5.3,
      21.7,
      22.1,
      52.7,
      1.8,
      3.1,
      15.7,
      2.7,
      8.5,
      4.4,
      0.0,
      3.2,
      7.2,
      2.6,
      6.7,
      50.7,
      6.4,
      4.6,
      70.5,
      7.3,
      8.7
    ],
    [
      6.5,
      46.5,
      5.6,
      4.1,
      2.9,
      4.3,
      6.5,
      2.1,
      39.5,
      4.4,
      3.9,
      2.1,
      37.0,
      4.5,
      19.4,
      15.9,
      37.0,
      2.6,
      5.5,
      17.3,
      1.5,
      7.4,
      3.6,
      3.2,
      0.0,
      7.0,
      4.8,
      6.6,
      46.2,
      4.5,
      8.7,
      70.2,
      7.0,
      8.5
    ],
    [
      3.1,
      39.9,
      6.4,
      2.5,
      6.2,
      2.5,
      7.4,
      5.3,
      34.3,
      2.4,
      2.9,
      5.3,
      30.5,
      2.1,
      13.5,
      10.6,
      23.5,
      6.6,
      6.3,
      31.4,
      5.5,
      1.1,
      3.6,
      7.2,
      7.0,
      0.0,
      6.7,
      1.8,
      40.3,
      3.7,
      9.5,
      83.2,
      7.8,
      3.0
    ],
    [
      8.6,
      47.4,
      0.55,
      7.7,
      1.9,
      6.4,
      2.0,
      5.7,
      65.2,
      5.7,
      6.1,
      5.7,
      37.9,
      6.6,
      23.6,
      18.1,
      48.9,
      3.1,
      0.45,
      16.7,
      4.0,
      7.5,
      5.7,
      2.6,
      4.8,
      6.7,
      0.0,
      6.8,
      46.9,
      8.4,
      2.8,
      72.1,
      6.0,
      7.9
    ],
    [
      5.6,
      40.0,
      5.5,
      3.3,
      5.2,
      2.6,
      6.4,
      4.9,
      36.4,
      1.9,
      3.5,
      4.9,
      30.6,
      2.2,
      13.7,
      11.1,
      25.8,
      6.1,
      5.4,
      29.8,
      5.0,
      1.3,
      3.1,
      6.7,
      6.6,
      1.8,
      6.8,
      0.0,
      40.8,
      3.1,
      7.8,
      81.4,
      5.2,
      1.9
    ],
    [
      40.8,
      0.3,
      47.4,
      42.6,
      52.3,
      44.2,
      45.9,
      47.4,
      58.8,
      42.6,
      43.9,
      47.4,
      9.0,
      42.4,
      44.0,
      31.5,
      51.3,
      52.0,
      47.3,
      62.1,
      45.7,
      40.4,
      43.5,
      50.7,
      46.2,
      40.3,
      46.9,
      40.8,
      0.0,
      42.1,
      45.0,
      115.0,
      42.3,
      40.7
    ],
    [
      3.0,
      42.4,
      8.6,
      0.2,
      6.1,
      2.4,
      9.5,
      2.8,
      32.1,
      2.5,
      2.1,
      2.8,
      33.0,
      0.95,
      12.4,
      13.4,
      29.6,
      5.8,
      8.5,
      20.7,
      4.5,
      3.7,
      1.7,
      6.4,
      4.5,
      3.7,
      8.4,
      3.1,
      42.1,
      0.0,
      11.4,
      76.2,
      9.8,
      4.5
    ],
    [
      12.2,
      45.3,
      3.3,
      11.6,
      4.8,
      10.6,
      1.9,
      9.8,
      54.4,
      8.5,
      10.3,
      9.8,
      35.9,
      10.8,
      39.5,
      16.1,
      46.9,
      5.9,
      3.1,
      16.9,
      8.1,
      8.3,
      9.9,
      4.6,
      8.7,
      9.5,
      2.8,
      7.8,
      45.0,
      11.4,
      0.0,
      72.3,
      9.0,
      10.8
    ],
    [
      85.6,
      115.0,
      72.7,
      76.4,
      72.0,
      75.1,
      72.8,
      74.4,
      104.0,
      75.2,
      74.8,
      74.4,
      106.0,
      75.3,
      91.2,
      85.9,
      97.6,
      71.8,
      72.5,
      64.2,
      72.7,
      81.9,
      74.4,
      70.5,
      70.2,
      83.2,
      72.1,
      81.4,
      115.0,
      76.2,
      72.3,
      0.0,
      80.5,
      82.4
    ],
    [
      10.5,
      42.6,
      5.3,
      9.9,
      5.5,
      8.9,
      5.7,
      8.2,
      58.2,
      6.0,
      8.6,
      8.2,
      33.1,
      9.1,
      18.9,
      19.9,
      50.7,
      6.7,
      5.2,
      28.7,
      6.5,
      6.6,
      8.2,
      7.3,
      7.0,
      7.8,
      6.0,
      5.2,
      42.3,
      9.8,
      9.0,
      80.5,
      0.0,
      6.7
    ],
    [
      5.7,
      41.1,
      7.2,
      4.8,
      7.0,
      4.0,
      7.6,
      6.7,
      36.4,
      4.0,
      5.2,
      6.6,
      31.6,
      3.6,
      13.7,
      9.3,
      25.8,
      8.1,
      7.1,
      30.6,
      6.7,
      1.6,
      4.9,
      8.7,
      8.5,
      3.0,
      7.9,
      1.9,
      40.7,
      4.5,
      10.8,
      82.4,
      6.7,
      0.0
    ]
  ],
  "drive_time_matrix": [
    [
      0.0,
      51.0,
      26.0,
      9.0,
      21.0,
      12.0,
      27.0,
      18.0,
      36.0,
      13.0,
      12.0,
      18.0,
      49.0,
      6.0,
      24.0,
      27.0,
      38.0,
      20.0,
      26.0,
      52.0,
      18.0,
      10.0,
      9.0,
      22.0,
      19.0,
      10.0,
      25.0,
      13.0,
      47.0,
      10.0,
      30.0,
      81.0,
      25.0,
      13.0
    ],
    [
      51.0,
      0.0,
      54.0,
      61.0,
      54.0,
      59.0,
      53.0,
      57.0,
      49.0,
      60.0,
      59.0,
      58.0,
      22.0,
      59.0,
      44.0,
      38.0,
      49.0,
      58.0,
      54.0,
      71.0,
      53.0,
      51.0,
      59.0,
      54.0,
      56.0,
      55.0,
      54.0,
      54.0,
      3.0,
      62.0,
      49.0,
      101.0,
      54.0,
      52.0
    ],
    [
      26.0,
      54.0,
      0.0,
      24.0,
      8.0,
      19.0,
      8.0,
      16.0,
      50.0,
      19.0,
      19.0,
      16.0,
      50.0,
      21.0,
      42.0,
      26.0,
      49.0,
      13.0,
      1.0,
      38.0,
      12.0,
      22.0,
      19.0,
      12.0,
      15.0,
      21.0,
      8.0,
      17.0,
      48.0,
      24.0,
      11.0,
      69.0,
      15.0,
      21.0
    ],
    [
      9.0,
      61.0,
      24.0,
      0.0,
      19.0,
      10.0,
      26.0,
      11.0,
      42.0,
      11.0,
      10.0,
      12.0,
      58.0,
      5.0,
      32.0,
      36.0,
      44.0,
      15.0,
      23.0,
      49.0,
      16.0,
      14.0,
      7.0,
      19.0,
      13.0,
      10.0,
      23.0,
      13.0,
      56.0,
      2.0,
      29.0,
      84.0,
      24.0,
      17.0
    ],
    [
      21.0,
      54.0,
      8.0,
      19.0,
      0.0,
      13.0,
      12.0,
      11.0,
      49.0,
      15.0,
      13.0,
      12.0,
      54.0,
      15.0,
      39.0,
      29.0,
      51.0,
      6.0,
      7.0,
      39.0,
      11.0,
      22.0,
      13.0,
      7.0,
      10.0,
      21.0,
      6.0,
      17.0,
      52.0,
      18.0,
      15.0,
      71.0,
      15.0,
      19.0
    ],
    [
      12.0,
      59.0,
      19.0,
      10.0,
      13.0,
      0.0,
      23.0,
      11.0,
      44.0,
      4.0,
      3.0,
      12.0,
      61.0,
      5.0,
      35.0,
      36.0,
      46.0,
      14.0,
      20.0,
      47.0,
      12.0,
      14.0,
      7.0,
      16.0,
      13.0,
      11.0,
      19.0,
      11.0,
      59.0,
      8.0,
      26.0,
      80.0,
      22.0,
      16.0
    ],
    [
      27.0,
      53.0,
      8.0,
      26.0,
      12.0,
      23.0,
      0.0,
      19.0,
      47.0,
      22.0,
      22.0,
      19.0,
      47.0,
      24.0,
      42.0,
      23.0,
      46.0,
      17.0,
      8.0,
      39.0,
      15.0,
      24.0,
      22.0,
      14.0,
      17.0,
      24.0,
      7.0,
      20.0,
      45.0,
      27.0,
      8.0,
      70.0,
      16.0,
      22.0
    ],
    [
      18.0,
      57.0,
      16.0,
      11.0,
      11.0,
      11.0,
      19.0,
      0.0,
      48.0,
      10.0,
      9.0,
      5.0,
      58.0,
      11.0,
      38.0,
      33.0,
      51.0,
      11.0,
      17.0,
      44.0,
      9.0,
      20.0,
      7.0,
      13.0,
      9.0,
      18.0,
      16.0,
      14.0,
      56.0,
      9.0,
      24.0,
      77.0,
      19.0,
      19.0
    ],
    [
      36.0,
      49.0,
      50.0,
      42.0,
      49.0,
      44.0,
      47.0,
      48.0,
      0.0,
      54.0,
      53.0,
      53.0,
      54.0,
      48.0,
      26.0,
      43.0,
      9.0,
      53.0,
      57.0,
      65.0,
      57.0,
      49.0,
      52.0,
      56.0,
      51.0,
      51.0,
      58.0,
      53.0,
      52.0,
      48.0,
      53.0,
      84.0,
      58.0,
      53.0
    ],
    [
      13.0,
      60.0,
      19.0,
      11.0,
      15.0,
      4.0,
      22.0,
      10.0,
      54.0,
      0.0,
      6.0,
      13.0,
      60.0,
      5.0,
      34.0,
      36.0,
      46.0,
      14.0,
      19.0,
      48.0,
      11.0,
      13.0,
      4.0,
      16.0,
      13.0,
      11.0,
      19.0,
      8.0,
      58.0,
      9.0,
      26.0,
      81.0,
      20.0,
      14.0
    ],
    [
      12.0,
      59.0,
      19.0,
      10.0,
      13.0,
      3.0,
      22.0,
      9.0,
      53.0,
      6.0,
      0.0,
      11.0,
      60.0,
      14.0,
      34.0,
      35.0,
      45.0,
      12.0,
      18.0,
      46.0,
      11.0,
      14.0,
      5.0,
      14.0,
      12.0,
      11.0,
      17.0,
      10.0,
      58.0,
      7.0,
      25.0,
      79.0,
      20.0,
      15.0
    ],
    [
      18.0,
      58.0,
      16.0,
      12.0,
      12.0,
      12.0,
      19.0,
      5.0,
      53.0,
      13.0,
      11.0,
      0.0,
      58.0,
      11.0,
      38.0,
      33.0,
      51.0,
      11.0,
      17.0,
      44.0,
      9.0,
      19.0,
      7.0,
      13.0,
      9.0,
      18.0,
      16.0,
      14.0,
      56.0,
      9.0,
      24.0,
      77.0,
      19.0,
      19.0
    ],
    [
      49.0,
      22.0,
      50.0,
      58.0,
      54.0,
      61.0,
      47.0,
      58.0,
      54.0,
      60.0,
      60.0,
      58.0,
      0.0,
      54.0,
      40.0,
      34.0,
      44.0,
      54.0,
      49.0,
      67.0,
      49.0,
      46.0,
      55.0,
      50.0,
      52.0,
      50.0,
      50.0,
      50.0,
      19.0,
      58.0,
      45.0,
      97.0,
      49.0,
      48.0
    ],
    [
      6.0,
      59.0,
      21.0,
      5.0,
      15.0,
      5.0,
      24.0,
      11.0,
      48.0,
      5.0,
      14.0,
      11.0,
      54.0,
      0.0,
      31.0,
      35.0,
      45.0,
      13.0,
      20.0,
      47.0,
      12.0,
      11.0,
      3.0,
      15.0,
      13.0,
      8.0,
      19.0,
      8.0,
      55.0,
      13.0,
      26.0,
      80.0,
      21.0,
      14.0
    ],
    [
      24.0,
      44.0,
      42.0,
      32.0,
      39.0,
      35.0,
      42.0,
      38.0,
      26.0,
      34.0,
      34.0,
      38.0,
      40.0,
      31.0,
      0.0,
      34.0,
      21.0,
      34.0,
      41.0,
      62.0,
      37.0,
      29.0,
      31.0,
      38.0,
      32.0,
      32.0,
      40.0,
      32.0,
      43.0,
      32.0,
      43.0,
      79.0,
      37.0,
      32.0
    ],
    [
      27.0,
      38.0,
      26.0,
      36.0,
      29.0,
      36.0,
      23.0,
      33.0,
      43.0,
      36.0,
      35.0,
      33.0,
      34.0,
      35.0,
      34.0,
      0.0,
      34.0,
      33.0,
      28.0,
      48.0,
      29.0,
      27.0,
      34.0,
      31.0,
      31.0,
      28.0,
      28.0,
      30.0,
      32.0,
      36.0,
      24.0,
      78.0,
      28.0,
      25.0
    ],
    [
      38.0,
      49.0,
      49.0,
      44.0,
      51.0,
      46.0,
      46.0,
      51.0,
      9.0,
      46.0,
      45.0,
      51.0,
      44.0,
      45.0,
      21.0,
      34.0,
      0.0,
      50.0,
      50.0,
      61.0,
      51.0,
      44.0,
      47.0,
      50.0,
      47.0,
      48.0,
      50.0,
      48.0,
      45.0,
      45.0,
      45.0,
      80.0,
      50.0,
      48.0
    ],
    [
      20.0,
      58.0,
      13.0,
      15.0,
      6.0,
      14.0,
      17.0,
      11.0,
      53.0,
      14.0,
      12.0,
      11.0,
      54.0,
      13.0,
      34.0,
      33.0,
      50.0,
      0.0,
      11.0,
      39.0,
      10.0,
      24.0,
      12.0,
      6.0,
      9.0,
      22.0,
      10.0,
      19.0,
      52.0,
      18.0,
      19.0,
      71.0,
      17.0,
      21.0
    ],
    [
      26.0,
      54.0,
      1.0,
      23.0,
      7.0,
      20.0,
      8.0,
      17.0,
      57.0,
      19.0,
      18.0,
      17.0,
      49.0,
      20.0,
      41.0,
      28.0,
      50.0,
      11.0,
      0.0,
      38.0,
      12.0,
      22.0,
      19.0,
      11.0,
      14.0,
      21.0,
      6.0,
      17.0,
      48.0,
      23.0,
      11.0,
      69.0,
      15.0,
      20.0
    ],
    [
      52.0,
      71.0,
      38.0,
      49.0,
      39.0,
      47.0,
      39.0,
      44.0,
      65.0,
      48.0,
      46.0,
      44.0,
      67.0,
      47.0,
      62.0,
      48.0,
      61.0,
      39.0,
      38.0,
      0.0,
      46.0,
      57.0,
      49.0,
      38.0,
      42.0,
      59.0,
      39.0,
      54.0,
      66.0,
      55.0,
      40.0,
      64.0,
      47.0,
      54.0
    ],
    [
      18.0,
      53.0,
      12.0,
      16.0,
      11.0,
      12.0,
      15.0,
      9.0,
      57.0,
      11.0,
      11.0,
      9.0,
      49.0,
      12.0,
      37.0,
      29.0,
      51.0,
      10.0,
      12.0,
      46.0,
      0.0,
      20.0,
      8.0,
      7.0,
      4.0,
      18.0,
      11.0,
      14.0,
      51.0,
      13.0,
      19.0,
      72.0,
      14.0,
      19.0
    ],
    [
      10.0,
      51.0,
      22.0,
      14.0,
      22.0,
      14.0,
      24.0,
      20.0,
      49.0,
      13.0,
      14.0,
      19.0,
      46.0,
      11.0,
      29.0,
      27.0,
      44.0,
      24.0,
      22.0,
      57.0,
      20.0,
      0.0,
      10.0,
      21.0,
      17.0,
      4.0,
      20.0,
      4.0,
      48.0,
      13.0,
      22.0,
      82.0,
      18.0,
      22.0
    ],
    [
      9.0,
      59.0,
      19.0,
      7.0,
      13.0,
      7.0,
      22.0,
      7.0,
      52.0,
      4.0,
      5.0,
      7.0,
      55.0,
      3.0,
      31.0,
      34.0,
      47.0,
      12.0,
      19.0,
      49.0,
      8.0,
      10.0,
      0.0,
      12.0,
      10.0,
      12.0,
      16.0,
      8.0,
      56.0,
      6.0,
      23.0,
      77.0,
      19.0,
      13.0
    ],
    [
      22.0,
      54.0,
      12.0,
      19.0,
      7.0,
      16.0,
      14.0,
      13.0,
      56.0,
      16.0,
      14.0,
      13.0,
      50.0,
      15.0,
      38.0,
      31.0,
      50.0,
      6.0,
      11.0,
      38.0,
      7.0,
      21.0,
      12.0,
      0.0,
      12.0,
      24.0,
      8.0,
      21.0,
      47.0,
      20.0,
      16.0,
      66.0,
      19.0,
      23.0
    ],
    [
      19.0,
      56.0,
      15.0,
      13.0,
      10.0,
      13.0,
      17.0,
      9.0,
      51.0,
      13.0,
      12.0,
      9.0,
      52.0,
      13.0,
      32.0,
      31.0,
      47.0,
      9.0,
      14.0,
      42.0,
      4.0,
      17.0,
      10.0,
      12.0,
      0.0,
      23.0,
      14.0,
      19.0,
      52.0,
      14.0,
      20.0,
      72.0,
      15.0,
      20.0
    ],
    [
      10.0,
      55.0,
      21.0,
      10.0,
      21.0,
      11.0,
      24.0,
      18.0,
      51.0,
      11.0,
      11.0,
      18.0,
      50.0,
      8.0,
      32.0,
      28.0,
      48.0,
      22.0,
      21.0,
      59.0,
      18.0,
      4.0,
      12.0,
      24.0,
      23.0,
      0.0,
      22.0,
      7.0,
      49.0,
      12.0,
      27.0,
      87.0,
      23.0,
      10.0
    ],
    [
      25.0,
      54.0,
      8.0,
      23.0,
      6.0,
      19.0,
      7.0,
      16.0,
      58.0,
      19.0,
      17.0,
      16.0,
      50.0,
      19.0,
      40.0,
      28.0,
      50.0,
      10.0,
      6.0,
      39.0,
      11.0,
      20.0,
      16.0,
      8.0,
      14.0,
      22.0,
      0.0,
      20.0,
      47.0,
      25.0,
      10.0,
      67.0,
      16.0,
      22.0
    ],
    [
      13.0,
      54.0,
      17.0,
      13.0,
      17.0,
      11.0,
      20.0,
      14.0,
      53.0,
      8.0,
      10.0,
      14.0,
      50.0,
      8.0,
      32.0,
      30.0,
      48.0,
      19.0,
      17.0,
      54.0,
      14.0,
      4.0,
      8.0,
      21.0,
      19.0,
      7.0,
      20.0,
      0.0,
      50.0,
      11.0,
      23.0,
      83.0,
      17.0,
      7.0
    ],
    [
      47.0,
      3.0,
      48.0,
      56.0,
      52.0,
      59.0,
      45.0,
      56.0,
      52.0,
      58.0,
      58.0,
      56.0,
      19.0,
      55.0,
      43.0,
      32.0,
      45.0,
      52.0,
      48.0,
      66.0,
      51.0,
      48.0,
      56.0,
      47.0,
      52.0,
      49.0,
      47.0,
      50.0,
      0.0,
      59.0,
      46.0,
      98.0,
      50.0,
      48.0
    ],
    [
      10.0,
      62.0,
      24.0,
      2.0,
      18.0,
      8.0,
      27.0,
      9.0,
      48.0,
      9.0,
      7.0,
      9.0,
      58.0,
      13.0,
      32.0,
      36.0,
      45.0,
      18.0,
      23.0,
      55.0,
      13.0,
      13.0,
      6.0,
      20.0,
      14.0,
      12.0,
      25.0,
      11.0,
      59.0,
      0.0,
      28.0,
      83.0,
      24.0,
      18.0
    ],
    [
      30.0,
      49.0,
      11.0,
      29.0,
      15.0,
      26.0,
      8.0,
      24.0,
      53.0,
      26.0,
      25.0,
      24.0,
      45.0,
      26.0,
      43.0,
      24.0,
      45.0,
      19.0,
      11.0,
      40.0,
      19.0,
      22.0,
      23.0,
      16.0,
      20.0,
      27.0,
      10.0,
      23.0,
      46.0,
      28.0,
      0.0,
      68.0,
      20.0,
      25.0
    ],
    [
      81.0,
      101.0,
      69.0,
      84.0,
      71.0,
      80.0,
      70.0,
      77.0,
      84.0,
      81.0,
      79.0,
      77.0,
      97.0,
      80.0,
      79.0,
      78.0,
      80.0,
      71.0,
      69.0,
      64.0,
      72.0,
      82.0,
      77.0,
      66.0,
      72.0,
      87.0,
      67.0,
      83.0,
      98.0,
      83.0,
      68.0,
      0.0,
      76.0,
      82.0
    ],
    [
      25.0,
      54.0,
      15.0,
      24.0,
      15.0,
      22.0,
      16.0,
      19.0,
      58.0,
      20.0,
      20.0,
      19.0,
      49.0,
      21.0,
      37.0,
      28.0,
      50.0,
      17.0,
      15.0,
      47.0,
      14.0,
      18.0,
      19.0,
      19.0,
      15.0,
      23.0,
      16.0,
      17.0,
      50.0,
      24.0,
      20.0,
      76.0,
      0.0,
      18.0
    ],
    [
      13.0,
      52.0,
      21.0,
      17.0,
      19.0,
      16.0,
      22.0,
      19.0,
      53.0,
      14.0,
      15.0,
      19.0,
      48.0,
      14.0,
      32.0,
      25.0,
      48.0,
      21.0,
      20.0,
      54.0,
      19.0,
      22.0,
      13.0,
      23.0,
      20.0,
      10.0,
      22.0,
      7.0,
      48.0,
      18.0,
      25.0,
      82.0,
      18.0,
      0.0
    ]
  ],
  "transit_dist_walk_matrix": [
    [
      0.0,
      NaN,
      NaN,
      NaN,
      NaN,
      NaN,
      NaN,
      NaN,
      NaN,
      NaN,
      NaN,
      NaN,
      NaN,
      NaN,
      NaN,
      NaN,
      NaN,
      NaN,
      NaN,
      NaN,
      NaN,
      NaN,
      NaN,
      NaN,
      NaN,
      NaN,
      NaN,
      NaN,
      NaN,
      NaN,
      NaN,
      NaN,
      NaN,
      NaN
    ],
    [
      NaN,
      0.0,
      NaN,
      NaN,
      NaN,
      NaN,
      NaN,
      NaN,
      NaN,
      NaN,
      NaN,
      NaN,
      NaN,
      NaN,
      NaN,
      NaN,
      NaN,
      NaN,
      NaN,
      NaN,
      NaN,
      NaN,
      NaN,
      NaN,
      NaN,
      NaN,
      NaN,
      NaN,
      NaN,
      NaN,
      NaN,
      NaN,
      NaN,
      NaN
    ],
    [
      NaN,
      NaN,
      0.0,
      NaN,
      NaN,
      NaN,
      NaN,
      NaN,
      NaN,
      NaN,
      NaN,
      NaN,
      NaN,
      NaN,
      NaN,
      NaN,
      NaN,
      NaN,
      NaN,
      NaN,
      NaN,
      NaN,
      NaN,
      NaN,
      NaN,
      NaN,
      NaN,
      NaN,
      NaN,
      NaN,
      NaN,
      NaN,
      NaN,
      NaN
    ],
    [
      NaN,
      NaN,
      NaN,
      0.0,
      NaN,
      NaN,
      NaN,
      NaN,
      NaN,
      NaN,
      NaN,
      NaN,
      NaN,
      NaN,
      NaN,
      NaN,
      NaN,
      NaN,
      NaN,
      NaN,
      NaN,
      NaN,
      NaN,
      NaN,
      NaN,
      NaN,
      NaN,
      NaN,
      NaN,
      NaN,
      NaN,
      NaN,
      NaN,
      NaN
    ],
    [
      NaN,
      NaN,
      NaN,
      NaN,
      0.0,
      NaN,
      NaN,
      NaN,
      NaN,
      NaN,
      NaN,
      NaN,
      NaN,
      NaN,
      NaN,
      NaN,
      NaN,
      NaN,
      NaN,
      NaN,
      NaN,
      NaN,
      NaN,
      NaN,
      NaN,
      NaN,
      NaN,
      NaN,
      NaN,
      NaN,
      NaN,
      NaN,
      NaN,
      NaN
    ],
    [
      NaN,
      NaN,
      NaN,
      NaN,
      NaN,
      0.0,
      NaN,
      NaN,
      NaN,
      NaN,
      NaN,
      NaN,
      NaN,
      NaN,
      NaN,
      NaN,
      NaN,
      NaN,
      NaN,
      NaN,
      NaN,
      NaN,
      NaN,
      NaN,
      NaN,
      NaN,
      NaN,
      NaN,
      NaN,
      NaN,
      NaN,
      NaN,
      NaN,
      NaN
    ],
    [
      NaN,
      NaN,
      NaN,
      NaN,
      NaN,
      NaN,
      0.0,
      NaN,
      NaN,
      NaN,
      NaN,
      NaN,
      NaN,
      NaN,
      NaN,
      NaN,
      NaN,
      NaN,
      NaN,
      NaN,
      NaN,
      NaN,
      NaN,
      NaN,
      NaN,
      NaN,
      NaN,
      NaN,
      NaN,
      NaN,
      NaN,
      NaN,
      NaN,
      NaN
    ],
    [
      NaN,
      NaN,
      NaN,
      NaN,
      NaN,
      NaN,
      NaN,
      0.0,
      NaN,
      NaN,
      NaN,
      NaN,
      NaN,
      NaN,
      NaN,
      NaN,
      NaN,
      NaN,
      NaN,
      NaN,
      NaN,
      NaN,
      NaN,
      NaN,
      NaN,
      NaN,
      NaN,
      NaN,
      NaN,
      NaN,
      NaN,
      NaN,
      NaN,
      NaN
    ],
    [
      NaN,
      NaN,
      NaN,
      NaN,
      NaN,
      NaN,
      NaN,
      NaN,
      0.0,
      NaN,
      NaN,
      NaN,
      NaN,
      NaN,
      NaN,
      NaN,
      NaN,
      NaN,
      NaN,
      NaN,
      NaN,
      NaN,
      NaN,
      NaN,
      NaN,
      NaN,
      NaN,
      NaN,
      NaN,
      NaN,
      NaN,
      NaN,
      NaN,
      NaN
    ],
    [
      NaN,
      NaN,
      NaN,
      NaN,
      NaN,
      NaN,
      NaN,
      NaN,
      NaN,
      0.0,
      NaN,
      NaN,
      NaN,
      NaN,
      NaN,
      NaN,
      NaN,
      NaN,
      NaN,
      NaN,
      NaN,
      NaN,
      NaN,
      NaN,
      NaN,
      NaN,
      NaN,
      NaN,
      NaN,
      NaN,
      NaN,
      NaN,
      NaN,
      NaN
    ],
    [
      NaN,
      NaN,
      NaN,
      NaN,
      NaN,
      NaN,
      NaN,
      NaN,
      NaN,
      NaN,
      0.0,
      NaN,
      NaN,
      NaN,
      NaN,
      NaN,
      NaN,
      NaN,
      NaN,
      NaN,
      NaN,
      NaN,
      NaN,
      NaN,
      NaN,
      NaN,
      NaN,
      NaN,
      NaN,
      NaN,
      NaN,
      NaN,
      NaN,
      NaN
    ],
    [
      NaN,
      NaN,
      NaN,
      NaN,
      NaN,
      NaN,
      NaN,
      NaN,
      NaN,
      NaN,
      NaN,
      0.0,
      NaN,
      NaN,
      NaN,
      NaN,
      NaN,
      NaN,
      NaN,
      NaN,
      NaN,
      NaN,
      NaN,
      NaN,
      NaN,
      NaN,
      NaN,
      NaN,
      NaN,
      NaN,
      NaN,
      NaN,
      NaN,
      NaN
    ],
    [
      NaN,
      NaN,
      NaN,
      NaN,
      NaN,
      NaN,
      NaN,
      NaN,
      NaN,
      NaN,
      NaN,
      NaN,
      0.0,
      NaN,
      NaN,
      NaN,
      NaN,
      NaN,
      NaN,
      NaN,
      NaN,
      NaN,
      NaN,
      NaN,
      NaN,
      NaN,
      NaN,
      NaN,
      NaN,
      NaN,
      NaN,
      NaN,
      NaN,
      NaN
    ],
    [
      NaN,
      NaN,
      NaN,
      NaN,
      NaN,
      NaN,
      NaN,
      NaN,
      NaN,
      NaN,
      NaN,
      NaN,
      NaN,
      0.0,
      NaN,
      NaN,
      NaN,
      NaN,
      NaN,
      NaN,
      NaN,
      NaN,
      NaN,
      NaN,
      NaN,
      NaN,
      NaN,
      NaN,
      NaN,
      NaN,
      NaN,
      NaN,
      NaN,
      NaN
    ],
    [
      NaN,
      NaN,
      NaN,
      NaN,
      NaN,
      NaN,
      NaN,
      NaN,
      NaN,
      NaN,
      NaN,
      NaN,
      NaN,
      NaN,
      0.0,
      NaN,
      NaN,
      NaN,
      NaN,
      NaN,
      NaN,
      NaN,
      NaN,
      NaN,
      NaN,
      NaN,
      NaN,
      NaN,
      NaN,
      NaN,
      NaN,
      NaN,
      NaN,
      NaN
    ],
    [
      NaN,
      NaN,
      NaN,
      NaN,
      NaN,
      NaN,
      NaN,
      NaN,
      NaN,
      NaN,
      NaN,
      NaN,
      NaN,
      NaN,
      NaN,
      0.0,
      NaN,
      NaN,
      NaN,
      NaN,
      NaN,
      NaN,
      NaN,
      NaN,
      NaN,
      NaN,
      NaN,
      NaN,
      NaN,
      NaN,
      NaN,
      NaN,
      NaN,
      NaN
    ],
    [
      NaN,
      NaN,
      NaN,
      NaN,
      NaN,
      NaN,
      NaN,
      NaN,
      NaN,
      NaN,
      NaN,
      NaN,
      NaN,
      NaN,
      NaN,
      NaN,
      0.0,
      NaN,
      NaN,
      NaN,
      NaN,
      NaN,
      NaN,
      NaN,
      NaN,
      NaN,
      NaN,
      NaN,
      NaN,
      NaN,
      NaN,
      NaN,
      NaN,
      NaN
    ],
    [
      NaN,
      NaN,
      NaN,
      NaN,
      NaN,
      NaN,
      NaN,
      NaN,
      NaN,
      NaN,
      NaN,
      NaN,
      NaN,
      NaN,
      NaN,
      NaN,
      NaN,
      0.0,
      NaN,
      NaN,
      NaN,
      NaN,
      NaN,
      NaN,
      NaN,
      NaN,
      NaN,
      NaN,
      NaN,
      NaN,
      NaN,
      NaN,
      NaN,
      NaN
    ],
    [
      NaN,
      NaN,
      NaN,
      NaN,
      NaN,
      NaN,
      NaN,
      NaN,
      NaN,
      NaN,
      NaN,
      NaN,
      NaN,
      NaN,
      NaN,
      NaN,
      NaN,
      NaN,
      0.0,
      NaN,
      NaN,
      NaN,
      NaN,
      NaN,
      NaN,
      NaN,
      NaN,
      NaN,
      NaN,
      NaN,
      NaN,
      NaN,
      NaN,
      NaN
    ],
    [
      NaN,
      NaN,
      NaN,
      NaN,
      NaN,
      NaN,
      NaN,
      NaN,
      NaN,
      NaN,
      NaN,
      NaN,
      NaN,
      NaN,
      NaN,
      NaN,
      NaN,
      NaN,
      NaN,
      0.0,
      NaN,
      NaN,
      NaN,
      NaN,
      NaN,
      NaN,
      NaN,
      NaN,
      NaN,
      NaN,
      NaN,
      NaN,
      NaN,
      NaN
    ],
    [
      NaN,
      NaN,
      NaN,
      NaN,
      NaN,
      NaN,
      NaN,
      NaN,
      NaN,
      NaN,
      NaN,
      NaN,
      NaN,
      NaN,
      NaN,
      NaN,
      NaN,
      NaN,
      NaN,
      NaN,
      0.0,
      NaN,
      NaN,
      NaN,
      NaN,
      NaN,
      NaN,
      NaN,
      NaN,
      NaN,
      NaN,
      NaN,
      NaN,
      NaN
    ],
    [
      NaN,
      NaN,
      NaN,
      NaN,
      NaN,
      NaN,
      NaN,
      NaN,
      NaN,
      NaN,
      NaN,
      NaN,
      NaN,
      NaN,
      NaN,
      NaN,
      NaN,
      NaN,
      NaN,
      NaN,
      NaN,
      0.0,
      NaN,
      NaN,
      NaN,
      NaN,
      NaN,
      NaN,
      NaN,
      NaN,
      NaN,
      NaN,
      NaN,
      NaN
    ],
    [
      NaN,
      NaN,
      NaN,
      NaN,
      NaN,
      NaN,
      NaN,
      NaN,
      NaN,
      NaN,
      NaN,
      NaN,
      NaN,
      NaN,
      NaN,
      NaN,
      NaN,
      NaN,
      NaN,
      NaN,
      NaN,
      NaN,
      0.0,
      NaN,
      NaN,
      NaN,
      NaN,
      NaN,
      NaN,
      NaN,
      NaN,
      NaN,
      NaN,
      NaN
    ],
    [
      NaN,
      NaN,
      NaN,
      NaN,
      NaN,
      NaN,
      NaN,
      NaN,
      NaN,
      NaN,
      NaN,
      NaN,
      NaN,
      NaN,
      NaN,
      NaN,
      NaN,
      NaN,
      NaN,
      NaN,
      NaN,
      NaN,
      NaN,
      0.0,
      NaN,
      NaN,
      NaN,
      NaN,
      NaN,
      NaN,
      NaN,
      NaN,
      NaN,
      NaN
    ],
    [
      NaN,
      NaN,
      NaN,
      NaN,
      NaN,
      NaN,
      NaN,
      NaN,
      NaN,
      NaN,
      NaN,
      NaN,
      NaN,
      NaN,
      NaN,
      NaN,
      NaN,
      NaN,
      NaN,
      NaN,
      NaN,
      NaN,
      NaN,
      NaN,
      0.0,
      NaN,
      NaN,
      NaN,
      NaN,
      NaN,
      NaN,
      NaN,
      NaN,
      NaN
    ],
    [
      NaN,
      NaN,
      NaN,
      NaN,
      NaN,
      NaN,
      NaN,
      NaN,
      NaN,
      NaN,
      NaN,
      NaN,
      NaN,
      NaN,
      NaN,
      NaN,
      NaN,
      NaN,
      NaN,
      NaN,
      NaN,
      NaN,
      NaN,
      NaN,
      NaN,
      0.0,
      NaN,
      NaN,
      NaN,
      NaN,
      NaN,
      NaN,
      NaN,
      NaN
    ],
    [
      NaN,
      NaN,
      NaN,
      NaN,
      NaN,
      NaN,
      NaN,
      NaN,
      NaN,
      NaN,
      NaN,
      NaN,
      NaN,
      NaN,
      NaN,
      NaN,
      NaN,
      NaN,
      NaN,
      NaN,
      NaN,
      NaN,
      NaN,
      NaN,
      NaN,
      NaN,
      0.0,
      NaN,
      NaN,
      NaN,
      NaN,
      NaN,
      NaN,
      NaN
    ],
    [
      NaN,
      NaN,
      NaN,
      NaN,
      NaN,
      NaN,
      NaN,
      NaN,
      NaN,
      NaN,
      NaN,
      NaN,
      NaN,
      NaN,
      NaN,
      NaN,
      NaN,
      NaN,
      NaN,
      NaN,
      NaN,
      NaN,
      NaN,
      NaN,
      NaN,
      NaN,
      NaN,
      0.0,
      NaN,
      NaN,
      NaN,
      NaN,
      NaN,
      NaN
    ],
    [
      NaN,
      NaN,
      NaN,
      NaN,
      NaN,
      NaN,
      NaN,
      NaN,
      NaN,
      NaN,
      NaN,
      NaN,
      NaN,
      NaN,
      NaN,
      NaN,
      NaN,
      NaN,
      NaN,
      NaN,
      NaN,
      NaN,
      NaN,
      NaN,
      NaN,
      NaN,
      NaN,
      NaN,
      0.0,
      NaN,
      NaN,
      NaN,
      NaN,
      NaN
    ],
    [
      NaN,
      NaN,
      NaN,
      NaN,
      NaN,
      NaN,
      NaN,
      NaN,
      NaN,
      NaN,
      NaN,
      NaN,
      NaN,
      NaN,
      NaN,
      NaN,
      NaN,
      NaN,
      NaN,
      NaN,
      NaN,
      NaN,
      NaN,
      NaN,
      NaN,
      NaN,
      NaN,
      NaN,
      NaN,
      0.0,
      NaN,
      NaN,
      NaN,
      NaN
    ],
    [
      NaN,
      NaN,
      NaN,
      NaN,
      NaN,
      NaN,
      NaN,
      NaN,
      NaN,
      NaN,
      NaN,
      NaN,
      NaN,
      NaN,
      NaN,
      NaN,
      NaN,
      NaN,
      NaN,
      NaN,
      NaN,
      NaN,
      NaN,
      NaN,
      NaN,
      NaN,
      NaN,
      NaN,
      NaN,
      NaN,
      0.0,
      NaN,
      NaN,
      NaN
    ],
    [
      NaN,
      NaN,
      NaN,
      NaN,
      NaN,
      NaN,
      NaN,
      NaN,
      NaN,
      NaN,
      NaN,
      NaN,
