{
  "drive_dist_matrix": [
    [
      0.0,
      2.6,
      3.0,
      0.8,
      2.9,
      2.7,
      2.7,
      1.9,
      5.4,
      0.35,
      2.3,
      0.1,
      0.18,
      4.2,
      12.5,
      1.9,
      2.4,
      1.0,
      0.3,
      1.6
    ],
    [
      2.6,
      0.0,
      1.0,
      2.9,
      0.85,
      0.9,
      5.8,
      3.6,
      3.0,
      2.9,
      0.8,
      3.5,
      3.5,
      2.2,
      14.3,
      1.9,
      1.1,
      6.7,
      3.8,
      4.0
    ],
    [
      3.0,
      1.0,
      0.0,
      3.3,
      0.65,
      0.55,
      6.1,
      4.0,
      2.9,
      3.2,
      0.3,
      3.9,
      3.9,
      2.1,
      14.6,
      2.2,
      0.85,
      7.0,
      4.2,
      1.2
    ],
    [
      0.8,
      2.9,
      3.3,
      0.0,
      2.8,
      2.6,
      3.3,
      1.4,
      5.3,
      0.5,
      2.2,
      0.85,
      0.9,
      4.1,
      12.0,
      1.0,
      2.2,
      4.2,
      1.1,
      1.4
    ],
    [
      2.9,
      0.85,
      0.65,
      2.8,
      0.0,
      0.28,
      6.1,
      3.9,
      2.5,
      3.2,
      1.1,
      3.8,
      3.9,
      1.7,
      14.6,
      2.2,
      1.5,
      7.0,
      4.1,
      0.8
    ],
    [
      2.7,
      0.9,
      0.55,
      2.6,
      0.28,
      0.0,
      7.9,
      5.8,
      2.4,
      5.0,
      0.75,
      5.7,
      5.7,
      1.5,
      16.4,
      4.0,
      3.3,
      8.8,
      6.0,
      0.8
    ],
    [
      2.7,
      5.8,
      6.1,
      3.3,
      6.1,
      7.9,
      0.0,
      3.4,
      8.1,
      3.0,
      5.0,
      3.7,
      3.7,
      6.9,
      13.6,
      4.8,
      5.0,
      0.85,
      3.6,
      4.2
    ],
    [
      1.9,
      3.6,
      4.0,
      1.4,
      3.9,
      5.8,
      3.4,
      0.0,
      6.6,
      1.5,
      3.5,
      2.2,
      2.2,
      5.4,
      10.8,
      3.3,
      3.5,
      4.7,
      1.6,
      2.7
    ],
    [
      5.4,
      3.0,
      2.9,
      5.3,
      2.5,
      2.4,
      8.1,
      6.6,
      0.0,
      5.6,
      3.2,
      6.2,
      6.3,
      1.7,
      21.3,
      4.4,
      3.7,
      9.4,
      6.5,
      6.8
    ],
    [
      0.35,
      2.9,
      3.2,
      0.5,
      3.2,
      5.0,
      3.0,
      1.5,
      5.6,
      0.0,
      2.2,
      0.4,
      0.5,
      4.1,
      12.0,
      1.8,
      2.2,
      4.2,
      1.0,
      1.4
    ],
    [
      2.3,
      0.8,
      0.3,
      2.2,
      1.1,
      0.75,
      5.0,
      3.5,
      3.2,
      2.2,
      0.0,
      3.1,
      3.2,
      2.4,
      13.9,
      1.4,
      0.8,
      6.3,
      3.5,
      1.5
    ],
    [
      0.1,
      3.5,
      3.9,
      0.85,
      3.8,
      5.7,
      3.7,
      2.2,
      6.2,
      0.4,
      3.1,
      0.0,
      0.15,
      4.4,
      12.7,
      2.0,
      2.5,
      1.0,
      0.3,
      1.7
    ],
    [
      0.18,
      3.5,
      3.9,
      0.9,
      3.9,
      5.7,
      3.7,
      2.2,
      6.3,
      0.5,
      3.2,
      0.15,
      0.0,
      4.5,
      12.8,
      2.2,
      2.6,
      0.9,
      0.17,
      1.7
    ],
    [
      4.2,
      2.2,
      2.1,
      4.1,
      1.7,
      1.5,
      6.9,
      5.4,
      1.7,
      4.1,
      2.4,
      4.4,
      4.5,
      0.0,
      16.0,
      3.6,
      2.9,
      8.4,
      5.5,
      5.8
    ],
    [
      12.5,
      14.3,
      14.6,
      12.0,
      14.6,
      16.4,
      13.6,
      10.8,
      21.3,
      12.0,
      13.9,
      12.7,
      12.8,
      16.0,
      0.0,
      13.7,
      18.3,
      13.1,
      12.1,
      13.2
    ],
    [
      1.9,
      1.9,
      2.2,
      1.0,
      2.2,
      4.0,
      4.8,
      3.3,
      4.4,
      1.8,
      1.4,
      2.0,
      2.2,
      3.6,
      13.7,
      0.0,
      0.75,
      5.4,
      2.6,
      2.8
    ],
    [
      2.4,
      1.1,
      0.85,
      2.2,
      1.5,
      3.3,
      5.0,
      3.5,
      3.7,
      2.2,
      0.8,
      2.5,
      2.6,
      2.9,
      18.3,
      0.75,
      0.0,
      6.2,
      3.4,
      3.6
    ],
    [
      1.0,
      6.7,
      7.0,
      4.2,
      7.0,
      8.8,
      0.85,
      4.7,
      9.4,
      4.2,
      6.3,
      1.0,
      0.9,
      8.4,
      13.1,
      5.4,
      6.2,
      0.0,
      0.75,
      4.0
    ],
    [
      0.3,
      3.8,
      4.2,
      1.1,
      4.1,
      6.0,
      3.6,
      1.6,
      6.5,
      1.0,
      3.5,
      0.3,
      0.17,
      5.5,
      12.1,
      2.6,
      3.4,
      0.75,
      0.0,
      1.9
    ],
    [
      1.6,
      4.0,
      1.2,
      1.4,
      0.8,
      0.8,
      4.2,
      2.7,
      6.8,
      1.4,
      1.5,
      1.7,
      1.7,
      5.8,
      13.2,
      2.8,
      3.6,
      4.0,
      1.9,
      0.0
    ]
  ],
  "drive_time_matrix": [
    [
      0.0,
      7.0,
      8.0,
      10.0,
      8.0,
      7.0,
      9.0,
      6.0,
      11.0,
      5.0,
      7.0,
      1.0,
      2.0,
      11.0,
      21.0,
      6.0,
      6.0,
      11.0,
      4.0,
      20.0
    ],
    [
      7.0,
      0.0,
      13.0,
      9.0,
      4.0,
      11.0,
      11.0,
      10.0,
      8.0,
      8.0,
      4.0,
      10.0,
      10.0,
      7.0,
      25.0,
      5.0,
      3.0,
      14.0,
      12.0,
      11.0
    ],
    [
      8.0,
      13.0,
      0.0,
      10.0,
      4.0,
      7.0,
      13.0,
      12.0,
      8.0,
      9.0,
      4.0,
      11.0,
      12.0,
      7.0,
      27.0,
      7.0,
      8.0,
      16.0,
      14.0,
      14.0
    ],
    [
      10.0,
      9.0,
      10.0,
      0.0,
      8.0,
      7.0,
      7.0,
      5.0,
      11.0,
      7.0,
      7.0,
      10.0,
      9.0,
      11.0,
      20.0,
      11.0,
      6.0,
      10.0,
      9.0,
      5.0
    ],
    [
      8.0,
      4.0,
      4.0,
      8.0,
      0.0,
      3.0,
      11.0,
      11.0,
      6.0,
      8.0,
      4.0,
      10.0,
      11.0,
      5.0,
      26.0,
      6.0,
      4.0,
      14.0,
      13.0,
      9.0
    ],
    [
      7.0,
      11.0,
      7.0,
      7.0,
      3.0,
      0.0,
      14.0,
      14.0,
      5.0,
      11.0,
      9.0,
      13.0,
      14.0,
      4.0,
      29.0,
      9.0,
      5.0,
      18.0,
      16.0,
      9.0
    ],
    [
      9.0,
      11.0,
      13.0,
      7.0,
      11.0,
      14.0,
      0.0,
      6.0,
      17.0,
      6.0,
      12.0,
      8.0,
      8.0,
      16.0,
      21.0,
      10.0,
      11.0,
      11.0,
      10.0,
      10.0
    ],
    [
      6.0,
      10.0,
      12.0,
      5.0,
      11.0,
      14.0,
      6.0,
      0.0,
      15.0,
      5.0,
      10.0,
      7.0,
      7.0,
      14.0,
      16.0,
      9.0,
      10.0,
      11.0,
      6.0,
      8.0
    ],
    [
      11.0,
      8.0,
      8.0,
      11.0,
      6.0,
      5.0,
      17.0,
      15.0,
      0.0,
      12.0,
      9.0,
      14.0,
      14.0,
      6.0,
      29.0,
      9.0,
      7.0,
      18.0,
      17.0,
      15.0
    ],
    [
      5.0,
      8.0,
      9.0,
      7.0,
      8.0,
      11.0,
      6.0,
      5.0,
      12.0,
      0.0,
      6.0,
      6.0,
      7.0,
      10.0,
      19.0,
      5.0,
      5.0,
      9.0,
      5.0,
      4.0
    ],
    [
      7.0,
      4.0,
      4.0,
      7.0,
      4.0,
      9.0,
      12.0,
      10.0,
      9.0,
      6.0,
      0.0,
      10.0,
      10.0,
      7.0,
      25.0,
      16.0,
      3.0,
      14.0,
      12.0,
      17.0
    ],
    [
      1.0,
      10.0,
      11.0,
      10.0,
      10.0,
      13.0,
      8.0,
      7.0,
      14.0,
      6.0,
      10.0,
      0.0,
      2.0,
      11.0,
      22.0,
      7.0,
      7.0,
      9.0,
      4.0,
      6.0
    ],
    [
      2.0,
      10.0,
      12.0,
      9.0,
      11.0,
      14.0,
      8.0,
      7.0,
      14.0,
      7.0,
      10.0,
      2.0,
      0.0,
      13.0,
      23.0,
      8.0,
      8.0,
      10.0,
      2.0,
      18.0
    ],
    [
      11.0,
      7.0,
      7.0,
      11.0,
      5.0,
      4.0,
      16.0,
      14.0,
      6.0,
      10.0,
      7.0,
      11.0,
      13.0,
      0.0,
      29.0,
      9.0,
      7.0,
      18.0,
      17.0,
      15.0
    ],
    [
      21.0,
      25.0,
      27.0,
      20.0,
      26.0,
      29.0,
      21.0,
      16.0,
      29.0,
      19.0,
      25.0,
      22.0,
      23.0,
      29.0,
      0.0,
      25.0,
      27.0,
      23.0,
      22.0,
      24.0
    ],
    [
      6.0,
      5.0,
      7.0,
      11.0,
      6.0,
      9.0,
      10.0,
      9.0,
      9.0,
      5.0,
      16.0,
      7.0,
      8.0,
      9.0,
      25.0,
      0.0,
      9.0,
      11.0,
      9.0,
      8.0
    ],
    [
      6.0,
      3.0,
      8.0,
      6.0,
      4.0,
      5.0,
      11.0,
      10.0,
      7.0,
      5.0,
      3.0,
      7.0,
      8.0,
      7.0,
      27.0,
      9.0,
      0.0,
      12.0,
      11.0,
      10.0
    ],
    [
      11.0,
      14.0,
      16.0,
      10.0,
      14.0,
      18.0,
      11.0,
      11.0,
      18.0,
      9.0,
      14.0,
      9.0,
      10.0,
      18.0,
      23.0,
      11.0,
      12.0,
      0.0,
      10.0,
      10.0
    ],
    [
      4.0,
      12.0,
      14.0,
      9.0,
      13.0,
      16.0,
      10.0,
      6.0,
      17.0,
      5.0,
      12.0,
      4.0,
      2.0,
      17.0,
      22.0,
      9.0,
      11.0,
      10.0,
      0.0,
      21.0
    ],
    [
      20.0,
      11.0,
      14.0,
      5.0,
      9.0,
      9.0,
      10.0,
      8.0,
      15.0,
      4.0,
      17.0,
      6.0,
      18.0,
      15.0,
      24.0,
      8.0,
      10.0,
      10.0,
      21.0,
      0.0
    ]
  ],
  "transit_dist_walk_matrix": [
    [
      0.0,
      1.91659,
      1.49994,
      0.58331,
      1.41661,
      1.16662,
      1.2499500000000001,
      0.58331,
      2.58323,
      NaN,
      1.58327,
      NaN,
      NaN,
      1.58327,
      1.16662,
      1.08329,
      1.08329,
      0.49998,
      NaN,
      NaN
    ],
    [
      1.91659,
      0.0,
      NaN,
      0.8333,
      NaN,
      NaN,
      1.49994,
      1.74993,
      1.2499500000000001,
      1.33328,
      NaN,
      1.08329,
      0.99996,
      NaN,
      1.16662,
      1.16662,
      0.74997,
      0.74997,
      0.99996,
      2.08325
    ],
    [
      1.49994,
      NaN,
      0.0,
      0.66664,
      NaN,
      NaN,
      1.33328,
      1.58327,
      1.08329,
      1.16662,
      NaN,
      0.9166300000000001,
      0.8333,
      0.99996,
      0.99996,
      0.99996,
      0.58331,
      0.58331,
      0.8333,
      1.91659
    ],
    [
      0.58331,
      0.8333,
      0.66664,
      0.0,
      0.74997,
      0.33332,
      0.99996,
      0.66664,
      1.49994,
      NaN,
      0.74997,
      NaN,
      NaN,
      0.74997,
      0.66664,
      0.74997,
      0.66664,
      0.24999,
      NaN,
      NaN
    ],
    [
      1.41661,
      NaN,
      NaN,
      0.74997,
      0.0,
      NaN,
      1.2499500000000001,
      1.49994,
      0.99996,
      1.08329,
      NaN,
      0.8333,
      0.74997,
      0.9166300000000001,
      0.9166300000000001,
      0.9166300000000001,
      0.49998,
      0.49998,
      0.74997,
      NaN
    ],
    [
      1.16662,
      NaN,
      NaN,
      0.33332,
      NaN,
      0.0,
      0.99996,
      1.2499500000000001,
      0.74997,
      0.8333,
      NaN,
      0.58331,
      0.49998,
      0.66664,
      0.66664,
      0.66664,
      0.24999,
      0.24999,
      0.49998,
      1.58327
    ],
    [
      1.2499500000000001,
      1.49994,
      1.33328,
      0.99996,
      1.2499500000000001,
      0.99996,
      0.0,
      1.16662,
      1.58327,
      1.49994,
      2.16658,
      1.33328,
      1.41661,
      1.74993,
      1.49994,
      1.6666,
      1.41661,
      NaN,
      1.2499500000000001,
      2.24991
    ],
    [
      0.58331,
      1.74993,
      1.58327,
      0.66664,
      1.49994,
      1.2499500000000001,
      1.16662,
      0.0,
      0.8333,
      NaN,
      1.74993,
      0.58331,
      0.66664,
      1.74993,
      1.33328,
      1.49994,
      1.2499500000000001,
      0.33332,
      0.66664,
      1.8332600000000001
    ],
    [
      2.58323,
      1.2499500000000001,
      1.08329,
      1.49994,
      0.99996,
      0.74997,
      1.58327,
      0.8333,
      0.0,
      1.91659,
      1.74993,
      2.33324,
      1.58327,
      NaN,
      1.8332600000000001,
      1.74993,
      0.74997,
      1.33328,
      1.58327,
      2.66656
    ],
    [
      NaN,
      1.33328,
      1.16662,
      NaN,
      1.08329,
      0.8333,
      1.49994,
      NaN,
      1.91659,
      0.0,
      1.2499500000000001,
      NaN,
      NaN,
      1.2499500000000001,
      1.33328,
      NaN,
      1.16662,
      0.9166300000000001,
      NaN,
      NaN
    ],
    [
      1.58327,
      NaN,
      NaN,
      0.74997,
      NaN,
      NaN,
      2.16658,
      1.74993,
      1.74993,
      1.2499500000000001,
      0.0,
      0.99996,
      0.9166300000000001,
      1.08329,
      1.8332600000000001,
      1.08329,
      NaN,
      1.41661,
      1.8332600000000001,
      1.99992
    ],
    [
      NaN,
      1.08329,
      0.9166300000000001,
      NaN,
      0.8333,
      0.58331,
      1.33328,
      0.58331,
      2.33324,
      NaN,
      0.99996,
      0.0,
      NaN,
      1.58327,
      1.08329,
      1.08329,
      0.99996,
      0.66664,
      NaN,
      NaN
    ],
    [
      NaN,
      0.99996,
      0.8333,
      NaN,
      0.74997,
      0.49998,
      1.41661,
      0.66664,
      1.58327,
      NaN,
      0.9166300000000001,
      NaN,
      0.0,
      1.6666,
      1.16662,
      0.99996,
      1.08329,
      0.74997,
      NaN,
      1.41661
    ],
    [
      1.58327,
      NaN,
      0.99996,
      0.74997,
      0.9166300000000001,
      0.66664,
      1.74993,
      1.74993,
      NaN,
      1.2499500000000001,
      1.08329,
      1.58327,
      1.6666,
      0.0,
      1.49994,
      1.08329,
      0.99996,
      1.08329,
      1.91659,
      1.99992
    ],
    [
      1.16662,
      1.16662,
      0.99996,
      0.66664,
      0.9166300000000001,
      0.66664,
      1.49994,
      1.33328,
      1.8332600000000001,
      1.33328,
      1.8332600000000001,
      1.08329,
      1.16662,
      1.49994,
      0.0,
      1.16662,
      0.58331,
      0.58331,
      0.8333,
      1.74993
    ],
    [
      1.08329,
      1.16662,
      0.99996,
      0.74997,
      0.9166300000000001,
      0.66664,
      1.6666,
      1.49994,
      1.74993,
      NaN,
      1.08329,
      1.08329,
      0.99996,
      1.08329,
      1.16662,
      0.0,
      NaN,
      0.74997,
      0.99996,
      NaN
    ],
    [
      1.08329,
      0.74997,
      0.58331,
      0.66664,
      0.49998,
      0.24999,
      1.41661,
      1.2499500000000001,
      0.74997,
      1.16662,
      NaN,
      0.99996,
      1.08329,
      0.99996,
      0.58331,
      NaN,
      0.0,
      0.58331,
      0.99996,
      1.8332600000000001
    ],
    [
      0.49998,
      0.74997,
      0.58331,
      0.24999,
      0.49998,
      0.24999,
      NaN,
      0.33332,
      1.33328,
      0.9166300000000001,
      1.41661,
      0.66664,
      0.74997,
      1.08329,
      0.58331,
      0.74997,
      0.58331,
      0.0,
      0.41665,
      1.41661
    ],
    [
      NaN,
      0.99996,
      0.8333,
      NaN,
      0.74997,
      0.49998,
      1.2499500000000001,
      0.66664,
      1.58327,
      NaN,
      1.8332600000000001,
      NaN,
      NaN,
      1.91659,
      0.8333,
      0.99996,
      0.99996,
      0.41665,
      0.0,
      1.6666
    ],
    [
      NaN,
      2.08325,
      1.91659,
      NaN,
      NaN,
      1.58327,
      2.24991,
      1.8332600000000001,
      2.66656,
      NaN,
      1.99992,
      NaN,
      1.41661,
      1.99992,
      1.74993,
      NaN,
      1.8332600000000001,
      1.41661,
      1.6666,
      0.0
    ]
  ],
  "transit_time_matrix": [
    [
      0.0,
      29.0,
      24.0,
      8.0,
      26.0,
      23.0,
      9.0,
      6.0,
      43.0,
      NaN,
      23.0,
      NaN,
      NaN,
      11.0,
      43.0,
      17.0,
      19.0,
      11.0,
      NaN,
      NaN
    ],
    [
      29.0,
      0.0,
      NaN,
      19.0,
      NaN,
      NaN,
      37.0,
      10.0,
      20.0,
      25.0,
      NaN,
      28.0,
      27.0,
      NaN,
      64.0,
      5.0,
      3.0,
      28.0,
      27.0,
      32.0
    ],
    [
      24.0,
      NaN,
      0.0,
      14.0,
      NaN,
      NaN,
      32.0,
      29.0,
      21.0,
      20.0,
      NaN,
      23.0,
      22.0,
      18.0,
      27.0,
      16.0,
      8.0,
      16.0,
      22.0,
      27.0
    ],
    [
      8.0,
      19.0,
      14.0,
      0.0,
      8.0,
      13.0,
      21.0,
      11.0,
      27.0,
      NaN,
      15.0,
      0.0,
      0.0,
      11.0,
      20.0,
      11.0,
      14.0,
      12.0,
      NaN,
      NaN
    ],
    [
      26.0,
      NaN,
      NaN,
      8.0,
      0.0,
      NaN,
      33.0,
      30.0,
      19.0,
      21.0,
      NaN,
      24.0,
      23.0,
      14.0,
      26.0,
      17.0,
      8.0,
      24.0,
      23.0,
      0.0
    ],
    [
      23.0,
      NaN,
      NaN,
      13.0,
      NaN,
      0.0,
      30.0,
      27.0,
      16.0,
      18.0,
      NaN,
      21.0,
      20.0,
      11.0,
      58.0,
      14.0,
      5.0,
      21.0,
      20.0,
      25.0
    ],
    [
      9.0,
      37.0,
      32.0,
      21.0,
      33.0,
      30.0,
      0.0,
      18.0,
      48.0,
      20.0,
      33.0,
      18.0,
      17.0,
      41.0,
      49.0,
      26.0,
      24.0,
      NaN,
      15.0,
      30.0
    ],
    [
      6.0,
      10.0,
      29.0,
      11.0,
      30.0,
      27.0,
      18.0,
      0.0,
      15.0,
      0.0,
      28.0,
      10.0,
      11.0,
      35.0,
      43.0,
      20.0,
      19.0,
      11.0,
      11.0,
      26.0
    ],
    [
      43.0,
      20.0,
      21.0,
      27.0,
      19.0,
      16.0,
      48.0,
      15.0,
      0.0,
      31.0,
      24.0,
      34.0,
      37.0,
      0.0,
      69.0,
      27.0,
      17.0,
      37.0,
      37.0,
      38.0
    ],
    [
      NaN,
      25.0,
      20.0,
      NaN,
      21.0,
      18.0,
      20.0,
      0.0,
      31.0,
      0.0,
      19.0,
      NaN,
      NaN,
      26.0,
      45.0,
      NaN,
      5.0,
      12.0,
      NaN,
      NaN
    ],
    [
      23.0,
      NaN,
      NaN,
      15.0,
      NaN,
      NaN,
      33.0,
      28.0,
      24.0,
      19.0,
      0.0,
      23.0,
      22.0,
      21.0,
      59.0,
      16.0,
      NaN,
      25.0,
      12.0,
      27.0
    ],
    [
      NaN,
      28.0,
      23.0,
      0.0,
      24.0,
      21.0,
      18.0,
      10.0,
      34.0,
      NaN,
      23.0,
      0.0,
      NaN,
      11.0,
      42.0,
      17.0,
      18.0,
      9.0,
      NaN,
      NaN
    ],
    [
      NaN,
      27.0,
      22.0,
      0.0,
      23.0,
      20.0,
      17.0,
      11.0,
      37.0,
      NaN,
      22.0,
      NaN,
      0.0,
      31.0,
      43.0,
      16.0,
      19.0,
      10.0,
      NaN,
      18.0
    ],
    [
      11.0,
      NaN,
      18.0,
      11.0,
      14.0,
      11.0,
      41.0,
      35.0,
      0.0,
      26.0,
      21.0,
      11.0,
      31.0,
      0.0,
      73.0,
      23.0,
      19.0,
      35.0,
      33.0,
      34.0
    ],
    [
      43.0,
      64.0,
      27.0,
      20.0,
      26.0,
      58.0,
      49.0,
      43.0,
      69.0,
      45.0,
      59.0,
      42.0,
      43.0,
      73.0,
      0.0,
      58.0,
      66.0,
      53.0,
      56.0,
      24.0
    ],
    [
      17.0,
      5.0,
      16.0,
      11.0,
      17.0,
      14.0,
      26.0,
      20.0,
      27.0,
      NaN,
      16.0,
      17.0,
      16.0,
      23.0,
      58.0,
      0.0,
      NaN,
      15.0,
      18.0,
      NaN
    ],
    [
      19.0,
      3.0,
      8.0,
      14.0,
      8.0,
      5.0,
      24.0,
      19.0,
      17.0,
      5.0,
      NaN,
      18.0,
      19.0,
      19.0,
      66.0,
      NaN,
      0.0,
      15.0,
      18.0,
      25.0
    ],
    [
      11.0,
      28.0,
      16.0,
      12.0,
      24.0,
      21.0,
      NaN,
      11.0,
      37.0,
      12.0,
      25.0,
      9.0,
      10.0,
      35.0,
      53.0,
      15.0,
      15.0,
      0.0,
      5.0,
      20.0
    ],
    [
      NaN,
      27.0,
      22.0,
      NaN,
      23.0,
      20.0,
      15.0,
      11.0,
      37.0,
      NaN,
      12.0,
      NaN,
      NaN,
      33.0,
      56.0,
      18.0,
      18.0,
      5.0,
      0.0,
      21.0
    ],
    [
      NaN,
      32.0,
      27.0,
      NaN,
      0.0,
      25.0,
      30.0,
      26.0,
      38.0,
      NaN,
      27.0,
      NaN,
      18.0,
      34.0,
      24.0,
      NaN,
      25.0,
      20.0,
      21.0,
      0.0
    ]
  ],
  "walk_dist_matrix": [
    [
      0.0,
      3.0,
      2.4,
      0.8,
      2.2,
      2.2,
      1.8,
      1.3,
      4.3,
      0.35,
      2.4,
      0.1,
      0.18,
      3.6,
      11.9,
      1.5,
      2.2,
      1.0,
      0.3,
      1.6
    ],
    [
      3.0,
      0.0,
      1.0,
      2.5,
      1.0,
      0.9,
      4.6,
      3.8,
      2.1,
      2.9,
      1.2,
      3.0,
      3.1,
      1.4,
      14.4,
      2.0,
      1.4,
      3.8,
      3.3,
      1.6
    ],
    [
      2.4,
      1.0,
      0.0,
      2.0,
      0.65,
      0.55,
      4.1,
      3.2,
      2.4,
      2.3,
      0.3,
      2.5,
      2.5,
      2.0,
      13.8,
      1.4,
      0.85,
      3.3,
      2.7,
      1.2
    ],
    [
      0.8,
      2.5,
      2.0,
      0.0,
      1.9,
      1.9,
      2.4,
      1.3,
      3.8,
      0.5,
      2.0,
      0.85,
      0.9,
      3.3,
      12.0,
      1.0,
      1.7,
      1.6,
      1.1,
      1.3
    ],
    [
      2.2,
      1.0,
      0.65,
      1.9,
      0.0,
      0.28,
      2.9,
      3.0,
      2.5,
      2.1,
      0.95,
      2.2,
      2.3,
      1.6,
      13.6,
      2.0,
      1.5,
      3.0,
      2.5,
      0.8
    ],
    [
      2.2,
      0.9,
      0.55,
      1.9,
      0.28,
      0.0,
      2.9,
      3.0,
      2.3,
      2.1,
      0.75,
      2.3,
      2.3,
      1.4,
      13.6,
      1.8,
      1.2,
      3.1,
      2.5,
      0.8
    ],
    [
      1.8,
      4.6,
      4.1,
      2.4,
      2.9,
      2.9,
      0.0,
      2.9,
      5.9,
      2.1,
      4.0,
      1.8,
      1.7,
      4.3,
      13.5,
      3.1,
      3.8,
      0.85,
      1.5,
      3.2
    ],
    [
      1.3,
      3.8,
      3.2,
      1.3,
      3.0,
      3.0,
      2.9,
      0.0,
      5.0,
      1.2,
      3.2,
      1.2,
      1.3,
      4.4,
      10.7,
      2.2,
      2.9,
      2.0,
      1.4,
      2.4
    ],
    [
      4.3,
      2.1,
      2.4,
      3.8,
      2.5,
      2.3,
      5.9,
      5.0,
      0.0,
      4.1,
      2.5,
      4.3,
      4.4,
      1.7,
      15.6,
      3.2,
      2.7,
      5.1,
      4.5,
      3.1
    ],
    [
      0.35,
      2.9,
      2.3,
      0.5,
      2.1,
      2.1,
      2.1,
      1.2,
      4.1,
      0.0,
      2.3,
      0.4,
      0.5,
      3.4,
      11.8,
      1.3,
      2.0,
      1.3,
      0.65,
      1.4
    ],
    [
      2.4,
      1.2,
      0.3,
      2.0,
      0.95,
      0.75,
      4.0,
      3.2,
      2.5,
      2.3,
      0.0,
      2.5,
      2.5,
      2.2,
      13.8,
      1.4,
      0.8,
      3.2,
      2.7,
      2.8
    ],
    [
      0.1,
      3.0,
      2.5,
      0.85,
      2.2,
      2.3,
      1.8,
      1.2,
      4.3,
      0.4,
      2.5,
      0.0,
      0.15,
      3.7,
      11.9,
      1.5,
      2.3,
      1.0,
      0.3,
      1.7
    ],
    [
      0.18,
      3.1,
      2.5,
      0.9,
      2.3,
      2.3,
      1.7,
      1.3,
      4.4,
      0.5,
      2.5,
      0.15,
      0.0,
      4.3,
      12.0,
      1.6,
      2.3,
      0.9,
      0.17,
      1.7
    ],
    [
      3.6,
      1.4,
      2.0,
      3.3,
      1.6,
      1.4,
      4.3,
      4.4,
      1.7,
      3.4,
      2.2,
      3.7,
      4.3,
      0.0,
      15.0,
      3.2,
      2.6,
      4.4,
      3.9,
      2.2
    ],
    [
      11.9,
      14.4,
      13.8,
      12.0,
      13.6,
      13.6,
      13.5,
      10.7,
      15.6,
      11.8,
      13.8,
      11.9,
      12.0,
      15.0,
      0.0,
      12.7,
      13.3,
      12.6,
      12.0,
      13.0
    ],
    [
      1.5,
      2.0,
      1.4,
      1.0,
      2.0,
      1.8,
      3.1,
      2.2,
      3.2,
      1.3,
      1.4,
      1.5,
      1.6,
      3.2,
      12.7,
      0.0,
      0.75,
      2.3,
      1.7,
      1.8
    ],
    [
      2.2,
      1.4,
      0.85,
      1.7,
      1.5,
      1.2,
      3.8,
      2.9,
      2.7,
      2.0,
      0.8,
      2.3,
      2.3,
      2.6,
      13.3,
      0.75,
      0.0,
      3.0,
      2.5,
      2.0
    ],
    [
      1.0,
      3.8,
      3.3,
      1.6,
      3.0,
      3.1,
      0.85,
      2.0,
      5.1,
      1.3,
      3.2,
      1.0,
      0.9,
      4.4,
      12.6,
      2.3,
      3.0,
      0.0,
      0.75,
      2.4
    ],
    [
      0.3,
      3.3,
      2.7,
      1.1,
      2.5,
      2.5,
      1.5,
      1.4,
      4.5,
      0.65,
      2.7,
      0.3,
      0.17,
      3.9,
      12.0,
      1.7,
      2.5,
      0.75,
      0.0,
      1.9
    ],
    [
      1.6,
      1.6,
      1.2,
      1.3,
      0.8,
      0.8,
      3.2,
      2.4,
      3.1,
      1.4,
      2.8,
      1.7,
      1.7,
      2.2,
      13.0,
      1.8,
      2.0,
      2.4,
      1.9,
      0.0
    ]
  ],
  "walk_time_matrix": [
    [
      0.0,
      39.0,
      30.0,
      8.0,
      26.0,
      23.0,
      23.0,
      16.0,
      43.0,
      5.0,
      23.0,
      1.0,
      2.0,
      31.0,
      43.0,
      19.0,
      19.0,
      11.0,
      4.0,
      20.0
    ],
    [
      39.0,
      0.0,
      13.0,
      19.0,
      13.0,
      11.0,
      37.0,
      34.0,
      20.0,
      25.0,
      14.0,
      28.0,
      39.0,
      17.0,
      179.0,
      21.0,
      18.0,
      49.0,
      41.0,
      32.0
    ],
    [
      30.0,
      13.0,
      0.0,
      14.0,
      8.0,
      7.0,
      32.0,
      40.0,
      21.0,
      20.0,
      4.0,
      23.0,
      32.0,
      25.0,
      172.0,
      16.0,
      8.0,
      23.0,
      22.0,
      14.0
    ],
    [
      8.0,
      19.0,
      14.0,
      0.0,
      22.0,
      13.0,
      21.0,
      17.0,
      27.0,
      7.0,
      24.0,
      11.0,
      12.0,
      40.0,
      149.0,
      11.0,
      21.0,
      12.0,
      13.0,
      16.0
    ],
    [
      26.0,
      13.0,
      8.0,
      22.0,
      0.0,
      3.0,
      31.0,
      36.0,
      32.0,
      21.0,
      11.0,
      24.0,
      23.0,
      14.0,
      168.0,
      17.0,
      18.0,
      38.0,
      23.0,
      9.0
    ],
    [
      23.0,
      11.0,
      7.0,
      13.0,
      3.0,
      0.0,
      30.0,
      27.0,
      16.0,
      25.0,
      9.0,
      21.0,
      20.0,
      11.0,
      58.0,
      22.0,
      5.0,
      21.0,
      30.0,
      25.0
    ],
    [
      23.0,
      37.0,
      32.0,
      21.0,
      31.0,
      30.0,
      0.0,
      18.0,
      48.0,
      28.0,
      33.0,
      24.0,
      22.0,
      48.0,
      49.0,
      26.0,
      24.0,
      11.0,
      15.0,
      30.0
    ],
    [
      16.0,
      34.0,
      40.0,
      17.0,
      36.0,
      27.0,
      18.0,
      0.0,
      63.0,
      16.0,
      28.0,
      10.0,
      11.0,
      35.0,
      133.0,
      20.0,
      19.0,
      11.0,
      11.0,
      26.0
    ],
    [
      43.0,
      20.0,
      21.0,
      27.0,
      32.0,
      16.0,
      48.0,
      63.0,
      0.0,
      31.0,
      24.0,
      34.0,
      37.0,
      22.0,
      194.0,
      27.0,
      17.0,
      37.0,
      37.0,
      38.0
    ],
    [
      5.0,
      25.0,
      20.0,
      7.0,
      21.0,
      25.0,
      28.0,
      16.0,
      31.0,
      0.0,
      19.0,
      6.0,
      7.0,
      26.0,
      45.0,
      17.0,
      18.0,
      12.0,
      9.0,
      18.0
    ],
    [
      23.0,
      14.0,
      4.0,
      24.0,
      11.0,
      9.0,
      33.0,
      28.0,
      24.0,
      19.0,
      0.0,
      23.0,
      22.0,
      21.0,
      172.0,
      18.0,
      11.0,
      25.0,
      28.0,
      27.0
    ],
    [
      1.0,
      28.0,
      23.0,
      11.0,
      24.0,
      21.0,
      24.0,
      10.0,
      34.0,
      6.0,
      23.0,
      0.0,
      2.0,
      45.0,
      42.0,
      17.0,
      18.0,
      9.0,
      4.0,
      21.0
    ],
    [
      2.0,
      39.0,
      32.0,
      12.0,
      23.0,
      20.0,
      22.0,
      11.0,
      37.0,
      7.0,
      22.0,
      2.0,
      0.0,
      31.0,
      43.0,
      20.0,
      19.0,
      10.0,
      2.0,
      21.0
    ],
    [
      31.0,
      17.0,
      25.0,
      40.0,
      14.0,
      11.0,
      48.0,
      35.0,
      22.0,
      26.0,
      21.0,
      45.0,
      31.0,
      0.0,
      73.0,
      23.0,
      32.0,
      35.0,
      33.0,
      34.0
    ],
    [
      43.0,
      179.0,
      172.0,
      149.0,
      168.0,
      58.0,
      49.0,
      133.0,
      194.0,
      45.0,
      172.0,
      42.0,
      43.0,
      73.0,
      0.0,
      159.0,
      66.0,
      158.0,
      149.0,
      65.0
    ],
    [
      19.0,
      21.0,
      16.0,
      11.0,
      17.0,
      22.0,
      26.0,
      20.0,
      27.0,
      17.0,
      18.0,
      17.0,
      20.0,
      23.0,
      159.0,
      0.0,
      9.0,
      30.0,
      18.0,
      23.0
    ],
    [
      19.0,
      18.0,
      8.0,
      21.0,
      18.0,
      5.0,
      24.0,
      19.0,
      17.0,
      18.0,
      11.0,
      18.0,
      19.0,
      32.0,
      66.0,
      9.0,
      0.0,
      15.0,
      18.0,
      24.0
    ],
    [
      11.0,
      49.0,
      23.0,
      12.0,
      38.0,
      21.0,
      11.0,
      11.0,
      37.0,
      12.0,
      25.0,
      9.0,
      10.0,
      35.0,
      158.0,
      30.0,
      15.0,
      0.0,
      10.0,
      20.0
    ],
    [
      4.0,
      41.0,
      22.0,
      13.0,
      23.0,
      30.0,
      15.0,
      11.0,
      37.0,
      9.0,
      28.0,
      4.0,
      2.0,
      33.0,
      149.0,
      18.0,
      18.0,
      10.0,
      0.0,
      21.0
    ],
    [
      20.0,
      32.0,
      14.0,
      16.0,
      9.0,
      25.0,
      30.0,
      26.0,
      38.0,
      18.0,
      27.0,
      21.0,
      21.0,
      34.0,
      65.0,
      23.0,
      24.0,
      20.0,
      21.0,
      0.0
    ]
  ],
  "cycle_dist_matrix": [
    [
      0.0,
      3.1,
      2.4,
      0.9,
      3.2,
      2.9,
      2.4,
      1.4,
      4.6,
      0.35,
      2.6,
      0.1,
      0.18,
      4.3,
      12.2,
      1.5,
      2.5,
      1.7,
      0.3,
      1.7
    ],
    [
      3.1,
      0.0,
      1.1,
      2.6,
      1.0,
      0.9,
      4.5,
      4.1,
      2.5,
      3.1,
      1.4,
      3.2,
      3.3,
      1.4,
      14.4,
      2.0,
      1.5,
      4.4,
      3.5,
      1.8
    ],
    [
      2.4,
      1.1,
      0.0,
      2.2,
      0.75,
      0.55,
      4.0,
      3.6,
      2.6,
      2.6,
      0.3,
      2.8,
      2.8,
      2.0,
      14.3,
      1.4,
      1.0,
      4.0,
      3.0,
      1.3
    ],
    [
      0.9,
      2.6,
      2.2,
      0.0,
      2.6,
      2.3,
      3.0,
      1.6,
      4.1,
      0.5,
      2.0,
      0.85,
      0.9,
      3.8,
      12.3,
      1.0,
      2.0,
      2.1,
      1.1,
      1.3
    ],
    [
      3.2,
      1.0,
      0.75,
      2.6,
      0.0,
      0.5,
      2.9,
      4.2,
      2.8,
      2.1,
      1.2,
      2.3,
      2.3,
      1.6,
      14.9,
      2.3,
      1.6,
      3.5,
      2.5,
      0.8
    ],
    [
      2.9,
      0.9,
      0.55,
      2.3,
      0.5,
      0.0,
      3.7,
      4.0,
      2.4,
      2.2,
      0.75,
      2.4,
      2.4,
      1.4,
      14.7,
      2.2,
      1.4,
      3.6,
      2.6,
      0.95
    ],
    [
      2.4,
      4.5,
      4.0,
      3.0,
      2.9,
      3.7,
      0.0,
      6.8,
      6.7,
      2.9,
      4.7,
      2.6,
      2.2,
      6.4,
      13.4,
      3.8,
      4.7,
      2.4,
      2.1,
      3.8
    ],
    [
      1.4,
      4.1,
      3.6,
      1.6,
      4.2,
      4.0,
      6.8,
      0.0,
      5.6,
      1.3,
      3.5,
      1.4,
      1.5,
      5.3,
      10.9,
      2.6,
      3.5,
      2.0,
      1.5,
      2.5
    ],
    [
      4.6,
      2.5,
      2.6,
      4.1,
      2.8,
      2.4,
      6.7,
      5.6,
      0.0,
      4.7,
      2.8,
      4.3,
      4.9,
      1.7,
      16.4,
      3.6,
      2.8,
      6.0,
      5.0,
      3.4
    ],
    [
      0.35,
      3.1,
      2.6,
      0.5,
      2.1,
      2.2,
      2.9,
      1.3,
      4.7,
      0.0,
      2.5,
      0.4,
      0.8,
      4.3,
      12.4,
      1.3,
      2.5,
      2.0,
      1.0,
      1.4
    ],
    [
      2.6,
      1.4,
      0.3,
      2.0,
      1.2,
      0.75,
      4.7,
      3.5,
      2.8,
      2.5,
      0.0,
      2.7,
      2.5,
      2.3,
      14.2,
      1.4,
      0.9,
      3.9,
      2.9,
      1.6
    ],
    [
      0.1,
      3.2,
      2.8,
      0.85,
      2.3,
      2.4,
      2.6,
      1.4,
      4.3,
      0.4,
      2.7,
      0.0,
      0.16,
      4.3,
      12.2,
      1.5,
      2.5,
      1.8,
      0.3,
      1.7
    ],
    [
      0.18,
      3.3,
      2.8,
      0.9,
      2.3,
      2.4,
      2.2,
      1.5,
      4.9,
      0.8,
      2.5,
      0.16,
      0.0,
      4.4,
      14.0,
      1.7,
      2.6,
      0.9,
      0.19,
      1.7
    ],
    [
      4.3,
      1.4,
      2.0,
      3.8,
      1.6,
      1.4,
      6.4,
      5.3,
      1.7,
      4.3,
      2.3,
      4.3,
      4.4,
      0.0,
      15.0,
      3.5,
      2.8,
      5.8,
      4.8,
      2.7
    ],
    [
      12.2,
      14.4,
      14.3,
      12.3,
      14.9,
      14.7,
      13.4,
      10.9,
      16.4,
      12.4,
      14.2,
      12.2,
      14.0,
      15.0,
      0.0,
      13.3,
      14.2,
      12.6,
      12.2,
      13.2
    ],
    [
      1.5,
      2.0,
      1.4,
      1.0,
      2.3,
      2.2,
      3.8,
      2.6,
      3.6,
      1.3,
      1.4,
      1.5,
      1.7,
      3.5,
      13.3,
      0.0,
      0.75,
      2.9,
      1.9,
      1.8
    ],
    [
      2.5,
      1.5,
      1.0,
      2.0,
      1.6,
      1.4,
      4.7,
      3.5,
      2.8,
      2.5,
      0.9,
      2.5,
      2.6,
      2.8,
      14.2,
      0.75,
      0.0,
      3.6,
      2.6,
      2.7
    ],
    [
      1.7,
      4.4,
      4.0,
      2.1,
      3.5,
      3.6,
      2.4,
      2.0,
      6.0,
      2.0,
      3.9,
      1.8,
      0.9,
      5.8,
      12.6,
      2.9,
      3.6,
      0.0,
      0.8,
      3.0
    ],
    [
      0.3,
      3.5,
      3.0,
      1.1,
      2.5,
      2.6,
      2.1,
      1.5,
      5.0,
      1.0,
      2.9,
      0.3,
      0.19,
      4.8,
      12.2,
      1.9,
      2.6,
      0.8,
      0.0,
      1.8
    ],
    [
      1.7,
      1.8,
      1.3,
      1.3,
      0.8,
      0.95,
      3.8,
      2.5,
      3.4,
      1.4,
      1.6,
      1.7,
      1.7,
      2.7,
      13.2,
      1.8,
      2.7,
      3.0,
      1.8,
      0.0
    ]
  ],
  "cycle_time_matrix": [
    [
      0.0,
      14.0,
      30.0,
      3.0,
      12.0,
      10.0,
      11.0,
      7.0,
      16.0,
      5.0,
      9.0,
      1.0,
      2.0,
      15.0,
      46.0,
      19.0,
      10.0,
      9.0,
      4.0,
      6.0
    ],
    [
      14.0,
      0.0,
      4.0,
      10.0,
      13.0,
      3.0,
      15.0,
      16.0,
      8.0,
      14.0,
      5.0,
      14.0,
      14.0,
      17.0,
      179.0,
      21.0,
      6.0,
      19.0,
      15.0,
      9.0
    ],
    [
      30.0,
      4.0,
      0.0,
      9.0,
      3.0,
      2.0,
      13.0,
      16.0,
      21.0,
      13.0,
      4.0,
      13.0,
      32.0,
      7.0,
      54.0,
      16.0,
      5.0,
      18.0,
      14.0,
      7.0
    ],
    [
      3.0,
      10.0,
      9.0,
      0.0,
      10.0,
      8.0,
      14.0,
      8.0,
      14.0,
      7.0,
      7.0,
      4.0,
      5.0,
      13.0,
      47.0,
      11.0,
      8.0,
      10.0,
      5.0,
      5.0
    ],
    [
      12.0,
      13.0,
      3.0,
      10.0,
      0.0,
      4.0,
      31.0,
      18.0,
      11.0,
      13.0,
      11.0,
      13.0,
      13.0,
      14.0,
      57.0,
      10.0,
      8.0,
      38.0,
      30.0,
      9.0
    ],
    [
      10.0,
      3.0,
      2.0,
      8.0,
      4.0,
      0.0,
      12.0,
      16.0,
      9.0,
      11.0,
      9.0,
      11.0,
      11.0,
      5.0,
      55.0,
      22.0,
      6.0,
      17.0,
      12.0,
      5.0
    ],
    [
      11.0,
      15.0,
      13.0,
      14.0,
      31.0,
      12.0,
      0.0,
      22.0,
      25.0,
      14.0,
      18.0,
      12.0,
      10.0,
      48.0,
      49.0,
      17.0,
      19.0,
      11.0,
      10.0,
      15.0
    ],
    [
      7.0,
      16.0,
      16.0,
      8.0,
      18.0,
      16.0,
      22.0,
      0.0,
      20.0,
      8.0,
      13.0,
      6.0,
      7.0,
      19.0,
      39.0,
      12.0,
      14.0,
      26.0,
      7.0,
      26.0
    ],
    [
      16.0,
      8.0,
      21.0,
      14.0,
      11.0,
      9.0,
      25.0,
      20.0,
      0.0,
      18.0,
      8.0,
      54.0,
      18.0,
      22.0,
      59.0,
      13.0,
      10.0,
      23.0,
      18.0,
      13.0
    ],
    [
      5.0,
      14.0,
      13.0,
      7.0,
      13.0,
      11.0,
      14.0,
      8.0,
      18.0,
      0.0,
      10.0,
      6.0,
      6.0,
      17.0,
      48.0,
      17.0,
      12.0,
      11.0,
      6.0,
      7.0
    ],
    [
      9.0,
      5.0,
      4.0,
      7.0,
      11.0,
      9.0,
      18.0,
      13.0,
      8.0,
      10.0,
      0.0,
      13.0,
      32.0,
      8.0,
      54.0,
      18.0,
      5.0,
      18.0,
      13.0,
      8.0
    ],
    [
      1.0,
      14.0,
      13.0,
      4.0,
      13.0,
      11.0,
      12.0,
      6.0,
      54.0,
      6.0,
      13.0,
      0.0,
      1.0,
      15.0,
      48.0,
      17.0,
      10.0,
      8.0,
      4.0,
      21.0
    ],
    [
      2.0,
      14.0,
      32.0,
      5.0,
      13.0,
      11.0,
      10.0,
      7.0,
      18.0,
      6.0,
      32.0,
      1.0,
      0.0,
      15.0,
      50.0,
      20.0,
      10.0,
      10.0,
      1.0,
      21.0
    ],
    [
      15.0,
      17.0,
      7.0,
      13.0,
      14.0,
      5.0,
      48.0,
      19.0,
      22.0,
      17.0,
      8.0,
      15.0,
      15.0,
      0.0,
      185.0,
      14.0,
      12.0,
      24.0,
      20.0,
      13.0
    ],
    [
      46.0,
      179.0,
      54.0,
      47.0,
      57.0,
      55.0,
      49.0,
      39.0,
      59.0,
      48.0,
      54.0,
      48.0,
      50.0,
      185.0,
      0.0,
      49.0,
      51.0,
      158.0,
      43.0,
      46.0
    ],
    [
      19.0,
      21.0,
      16.0,
      11.0,
      10.0,
      22.0,
      17.0,
      12.0,
      13.0,
      17.0,
      18.0,
      17.0,
      20.0,
      14.0,
      49.0,
      0.0,
      9.0,
      13.0,
      8.0,
      23.0
    ],
    [
      10.0,
      6.0,
      5.0,
      8.0,
      8.0,
      6.0,
      19.0,
      14.0,
      10.0,
      12.0,
      5.0,
      10.0,
      10.0,
      12.0,
      51.0,
      9.0,
      0.0,
      15.0,
      10.0,
      9.0
    ],
    [
      9.0,
      19.0,
      18.0,
      10.0,
      38.0,
      17.0,
      11.0,
      26.0,
      23.0,
      11.0,
      18.0,
      8.0,
      10.0,
      24.0,
      158.0,
      13.0,
      15.0,
      0.0,
      5.0,
      10.0
    ],
    [
      4.0,
      15.0,
      14.0,
      5.0,
      30.0,
      12.0,
      10.0,
      7.0,
      18.0,
      6.0,
      13.0,
      4.0,
      1.0,
      20.0,
      43.0,
      8.0,
      10.0,
