{
  "drive_dist_matrix": [
    [
      0.0,
      12.0,
      3.1,
      7.4,
      10.5,
      3.3,
      10.9,
      7.4,
      1.8,
      1.8,
      3.4,
      6.1,
      3.3,
      8.6,
      3.1,
      1.9,
      1.8,
      1.6,
      3.6,
      20.9,
      5.4,
      2.9,
      4.0,
      0.65,
      0.6,
      3.3,
      11.5,
      2.5,
      3.8,
      1.8,
      3.5,
      4.0,
      1.1,
      3.9,
      16.0,
      1.7,
      3.5,
      2.8,
      3.1,
      3.2,
      7.9,
      10.0,
      17.0,
      1.4,
      0.6,
      6.5,
      1.6,
      3.6,
      3.4,
      3.4,
      22.4,
      33.7,
      45.1,
      26.4
    ],
    [
      12.0,
      0.0,
      15.0,
      19.4,
      27.2,
      15.2,
      22.8,
      19.4,
      13.7,
      13.7,
      15.4,
      18.0,
      11.9,
      6.6,
      15.0,
      13.8,
      13.7,
      11.3,
      11.8,
      16.8,
      17.3,
      14.9,
      13.7,
      14.5,
      12.9,
      12.7,
      23.5,
      14.4,
      15.7,
      13.7,
      12.6,
      15.9,
      13.5,
      10.7,
      12.0,
      13.6,
      12.6,
      14.7,
      15.0,
      15.1,
      7.4,
      15.4,
      41.0,
      13.3,
      12.9,
      18.4,
      11.4,
      15.6,
      12.1,
      12.8,
      34.3,
      45.4,
      56.2,
      41.6
    ],
    [
      3.1,
      15.0,
      0.0,
      6.5,
      7.8,
      0.75,
      9.9,
      6.5,
      0.75,
      0.8,
      0.85,
      5.2,
      0.5,
      5.5,
      0.4,
      0.75,
      0.8,
      2.4,
      0.7,
      19.3,
      3.9,
      1.0,
      0.9,
      2.9,
      2.4,
      0.75,
      10.6,
      0.9,
      2.9,
      2.9,
      0.7,
      3.6,
      2.1,
      2.2,
      14.5,
      2.9,
      0.7,
      0.24,
      0.5,
      1.0,
      6.3,
      7.3,
      16.1,
      2.5,
      3.4,
      7.9,
      2.4,
      0.85,
      0.26,
      0.85,
      21.5,
      32.0,
      44.2,
      27.8
    ],
    [
      7.4,
      19.4,
      6.5,
      0.0,
      8.0,
      4.7,
      8.2,
      0.23,
      7.0,
      7.1,
      4.9,
      0.75,
      4.8,
      9.5,
      4.5,
      7.2,
      7.1,
      6.0,
      5.1,
      24.0,
      6.5,
      3.3,
      4.1,
      4.9,
      6.2,
      4.7,
      8.8,
      3.9,
      2.1,
      6.6,
      4.9,
      6.2,
      5.9,
      5.5,
      14.3,
      6.6,
      4.9,
      4.1,
      4.5,
      4.6,
      10.3,
      7.5,
      14.3,
      6.2,
      6.1,
      8.7,
      6.0,
      4.5,
      5.6,
      4.9,
      19.7,
      31.1,
      41.7,
      20.2
    ],
    [
      10.5,
      27.2,
      7.8,
      8.0,
      0.0,
      9.3,
      11.9,
      8.5,
      11.7,
      11.7,
      9.5,
      8.3,
      6.7,
      9.5,
      9.1,
      11.8,
      11.7,
      10.6,
      6.4,
      13.9,
      9.7,
      8.0,
      8.8,
      9.6,
      10.8,
      9.4,
      12.6,
      8.5,
      7.5,
      11.3,
      5.7,
      9.9,
      10.6,
      4.8,
      8.4,
      11.2,
      5.7,
      6.2,
      9.2,
      9.2,
      9.0,
      1.0,
      12.8,
      10.9,
      10.8,
      11.5,
      10.6,
      6.6,
      6.7,
      9.5,
      23.4,
      30.8,
      41.4,
      25.7
    ],
    [
      3.3,
      15.2,
      0.75,
      4.7,
      9.3,
      0.0,
      9.6,
      6.2,
      0.12,
      0.06,
      0.24,
      4.8,
      0.75,
      6.5,
      0.4,
      0.079,
      0.059,
      2.1,
      1.0,
      20.3,
      3.5,
      1.7,
      0.24,
      2.6,
      2.2,
      0.018,
      10.3,
      1.2,
      2.5,
      0.5,
      1.3,
      3.2,
      0.8,
      2.9,
      15.4,
      0.45,
      1.3,
      0.6,
      0.3,
      0.14,
      7.3,
      8.7,
      15.7,
      0.75,
      3.8,
      5.8,
      2.1,
      1.5,
      0.85,
      0.21,
      21.1,
      32.4,
      43.9,
      23.4
    ],
    [
      10.9,
      22.8,
      9.9,
      8.2,
      11.9,
      9.6,
      0.0,
      5.3,
      11.9,
      12.0,
      9.8,
      5.8,
      9.7,
      14.4,
      9.4,
      12.1,
      12.0,
      10.9,
      9.9,
      25.3,
      10.0,
      8.2,
      9.0,
      9.8,
      11.1,
      9.6,
      0.15,
      8.8,
      7.7,
      11.5,
      9.8,
      10.1,
      10.8,
      11.0,
      18.2,
      11.5,
      9.8,
      9.0,
      9.4,
      9.5,
      18.0,
      11.4,
      7.9,
      11.1,
      11.0,
      11.8,
      10.9,
      9.4,
      10.5,
      9.8,
      10.6,
      21.2,
      41.4,
      20.3
    ],
    [
      7.4,
      19.4,
      6.5,
      0.23,
      8.5,
      6.2,
      5.3,
      0.0,
      7.0,
      7.1,
      4.9,
      1.0,
      4.8,
      9.5,
      4.5,
      7.2,
      7.1,
      6.0,
      5.1,
      24.0,
      6.0,
      3.3,
      4.1,
      4.9,
      6.2,
      4.7,
      8.8,
      3.9,
      2.1,
      6.6,
      4.9,
      6.1,
      5.9,
      5.5,
      14.3,
      6.6,
      4.9,
      4.1,
      4.5,
      4.6,
      10.3,
      7.5,
      14.3,
      6.2,
      6.1,
      8.7,
      6.0,
      4.5,
      5.6,
      4.9,
      19.7,
      29.3,
      41.7,
      20.2
    ],
    [
      1.8,
      13.7,
      0.75,
      7.0,
      11.7,
      0.12,
      11.9,
      7.0,
      0.0,
      0.13,
      0.2,
      4.3,
      0.7,
      6.9,
      0.45,
      0.2,
      0.13,
      2.9,
      1.0,
      20.7,
      3.6,
      1.2,
      0.18,
      0.8,
      4.5,
      0.13,
      9.8,
      0.85,
      2.0,
      3.5,
      1.7,
      3.3,
      0.8,
      3.3,
      15.9,
      0.35,
      1.7,
      0.65,
      0.29,
      0.18,
      7.7,
      8.2,
      15.2,
      0.6,
      4.2,
      5.8,
      3.0,
      1.9,
      0.95,
      0.17,
      20.6,
      30.3,
      43.4,
      22.9
    ],
    [
      1.8,
      13.7,
      0.8,
      7.1,
      11.7,
      0.06,
      12.0,
      7.1,
      0.13,
      0.0,
      0.24,
      4.3,
      0.75,
      6.9,
      0.45,
      0.14,
      0.0,
      2.9,
      1.8,
      20.6,
      3.6,
      1.1,
      0.18,
      2.9,
      4.4,
      0.042,
      9.7,
      0.7,
      2.0,
      0.5,
      1.6,
      3.2,
      2.6,
      3.2,
      15.8,
      0.45,
      1.6,
      0.6,
      0.35,
      1.3,
      7.7,
      8.2,
      15.2,
      0.75,
      4.1,
      5.8,
      2.9,
      1.8,
      0.85,
      0.21,
      20.6,
      30.2,
      43.3,
      22.8
    ],
    [
      3.4,
      15.4,
      0.85,
      4.9,
      9.5,
      0.24,
      9.8,
      4.9,
      0.2,
      0.24,
      0.0,
      4.9,
      0.6,
      6.6,
      0.55,
      0.3,
      0.24,
      2.2,
      0.8,
      20.4,
      3.7,
      1.8,
      0.35,
      0.85,
      0.85,
      0.24,
      10.4,
      1.3,
      2.7,
      0.35,
      1.4,
      3.4,
      0.65,
      3.0,
      15.6,
      0.35,
      1.4,
      0.8,
      0.35,
      0.29,
      7.4,
      8.8,
      15.9,
      0.6,
      3.9,
      5.9,
      2.2,
      1.0,
      1.1,
      0.051,
      21.2,
      30.9,
      44.0,
      23.5
    ],
    [
      6.1,
      18.0,
      5.2,
      0.75,
      8.3,
      4.8,
      5.8,
      1.0,
      4.3,
      4.3,
      4.9,
      0.0,
      4.9,
      11.2,
      4.7,
      7.4,
      7.3,
      6.1,
      5.2,
      25.9,
      6.7,
      3.5,
      4.3,
      5.1,
      6.4,
      4.9,
      8.0,
      4.1,
      2.3,
      6.8,
      5.1,
      6.8,
      6.1,
      7.7,
      14.9,
      6.8,
      5.1,
      4.4,
      4.7,
      4.8,
      13.3,
      8.1,
      13.5,
      6.4,
      6.3,
      8.9,
      6.2,
      6.1,
      7.2,
      5.0,
      18.8,
      28.5,
      42.0,
      18.3
    ],
    [
      3.3,
      11.9,
      0.5,
      4.8,
      6.7,
      0.75,
      9.7,
      4.8,
      0.7,
      0.75,
      0.6,
      4.9,
      0.0,
      5.3,
      0.5,
      0.8,
      0.75,
      1.7,
      0.25,
      19.1,
      3.6,
      1.7,
      1.8,
      2.6,
      1.8,
      0.75,
      10.3,
      1.2,
      2.6,
      0.7,
      1.3,
      3.3,
      1.0,
      2.1,
      14.2,
      0.75,
      1.3,
      0.6,
      0.45,
      0.65,
      6.1,
      8.7,
      15.8,
      0.9,
      3.8,
      5.8,
      1.7,
      0.4,
      0.65,
      0.6,
      21.2,
      30.8,
      43.9,
      23.4
    ],
    [
      8.6,
      6.6,
      5.5,
      9.5,
      9.5,
      6.5,
      14.4,
      9.5,
      6.9,
      6.9,
      6.6,
      11.2,
      5.3,
      0.0,
      6.0,
      9.7,
      9.6,
      5.0,
      5.3,
      15.5,
      8.4,
      10.7,
      7.2,
      8.0,
      8.7,
      6.2,
      15.2,
      10.2,
      11.6,
      6.2,
      6.1,
      7.9,
      5.5,
      4.7,
      7.1,
      6.2,
      6.1,
      6.0,
      6.0,
      6.1,
      2.3,
      10.9,
      16.3,
      5.8,
      8.8,
      10.5,
      5.0,
      6.9,
      5.6,
      6.3,
      26.0,
      44.0,
      54.9,
      37.4
    ],
    [
      3.1,
      15.0,
      0.4,
      4.5,
      9.1,
      0.4,
      9.4,
      4.5,
      0.45,
      0.45,
      0.55,
      4.7,
      0.5,
      6.0,
      0.0,
      0.5,
      0.45,
      1.9,
      0.8,
      20.0,
      3.3,
      0.85,
      0.6,
      2.3,
      2.0,
      0.4,
      10.0,
      0.7,
      2.3,
      0.8,
      1.0,
      3.0,
      1.7,
      2.6,
      15.2,
      2.4,
      1.0,
      0.25,
      0.18,
      0.24,
      7.0,
      8.4,
      15.5,
      2.1,
      3.5,
      5.5,
      1.9,
      0.95,
      0.55,
      0.55,
      20.9,
      30.5,
      43.6,
      23.1
    ],
    [
      1.9,
      13.8,
      0.75,
      7.2,
      11.8,
      0.079,
      12.1,
      7.2,
      0.2,
      0.14,
      0.3,
      7.4,
      0.8,
      9.7,
      0.5,
      0.0,
      0.14,
      2.8,
      1.7,
      20.6,
      3.5,
      0.85,
      0.21,
      3.7,
      4.3,
      0.1,
      9.6,
      0.65,
      1.9,
      0.55,
      1.6,
      3.2,
      2.6,
      3.1,
      15.7,
      0.55,
      1.6,
      0.5,
      0.4,
      0.23,
      7.6,
      8.1,
      15.1,
      0.8,
      4.0,
      5.7,
      2.8,
      1.7,
      0.8,
      0.29,
      20.5,
      30.1,
      43.2,
      22.7
    ],
    [
      1.8,
      13.7,
      0.8,
      7.1,
      11.7,
      0.059,
      12.0,
      7.1,
      0.13,
      0.0,
      0.24,
      7.3,
      0.75,
      9.6,
      0.45,
      0.14,
      0.0,
      2.9,
      1.8,
      20.6,
      3.6,
      1.1,
      0.18,
      2.9,
      4.4,
      0.041,
      9.7,
      0.7,
      2.0,
      0.5,
      1.6,
      3.2,
      0.8,
      3.2,
      15.8,
      0.45,
      1.6,
      0.6,
      0.35,
      0.2,
      7.7,
      8.2,
      15.2,
      3.0,
      4.1,
      5.8,
      2.9,
      1.8,
      0.85,
      0.21,
      20.6,
      30.2,
      43.3,
      22.8
    ],
    [
      1.6,
      11.3,
      2.4,
      6.0,
      10.6,
      2.1,
      10.9,
      6.0,
      2.9,
      2.9,
      2.2,
      6.1,
      1.7,
      5.0,
      1.9,
      2.8,
      2.9,
      0.0,
      2.2,
      20.1,
      4.1,
      3.1,
      3.4,
      0.85,
      0.8,
      2.4,
      11.7,
      2.6,
      4.0,
      1.5,
      3.1,
      3.6,
      0.6,
      3.2,
      15.2,
      1.5,
      3.1,
      2.9,
      2.2,
      2.2,
      6.0,
      10.1,
      17.2,
      0.9,
      2.1,
      6.2,
      0.05,
      3.1,
      2.6,
      2.5,
      22.5,
      32.2,
      45.3,
      26.1
    ],
    [
      3.6,
      11.8,
      0.7,
      5.1,
      6.4,
      1.0,
      9.9,
      5.1,
      1.0,
      1.8,
      0.8,
      5.2,
      0.25,
      5.3,
      0.8,
      1.7,
      1.8,
      2.2,
      0.0,
      19.3,
      3.9,
      2.0,
      2.1,
      2.9,
      1.8,
      1.0,
      10.6,
      1.5,
      2.9,
      0.8,
      1.6,
      3.6,
      1.5,
      2.4,
      14.5,
      0.85,
      1.6,
      0.85,
      0.7,
      0.9,
      6.3,
      9.0,
      16.1,
      1.9,
      2.8,
      7.2,
      1.7,
      0.2,
      0.85,
      0.8,
      21.5,
      31.1,
      44.2,
      27.1
    ],
    [
      20.9,
      16.8,
      19.3,
      24.0,
      13.9,
      20.3,
      25.3,
      24.0,
      20.7,
      20.6,
      20.4,
      25.9,
      19.1,
      15.5,
      20.0,
      20.6,
      20.6,
      20.1,
      19.3,
      0.0,
      25.2,
      22.8,
      20.7,
      21.5,
      20.8,
      19.6,
      28.7,
      22.3,
      23.7,
      21.6,
      13.3,
      21.3,
      21.4,
      11.9,
      7.6,
      21.6,
      13.3,
      22.6,
      19.5,
      19.5,
      14.4,
      12.7,
      27.9,
      21.2,
      20.8,
      20.2,
      18.3,
      23.5,
      19.1,
      19.8,
      32.3,
      32.3,
      43.1,
      41.9
    ],
    [
      5.4,
      17.3,
      3.9,
      6.5,
      9.7,
      3.5,
      10.0,
      6.0,
      3.6,
      3.6,
      3.7,
      6.7,
      3.6,
      8.4,
      3.3,
      3.5,
      3.6,
      4.1,
      3.9,
      25.2,
      0.0,
      4.6,
      5.3,
      6.1,
      4.6,
      3.9,
      9.4,
      5.1,
      4.0,
      5.4,
      4.1,
      1.8,
      4.7,
      7.4,
      14.6,
      5.4,
      4.1,
      3.4,
      3.7,
      3.8,
      10.0,
      7.8,
      14.8,
      5.0,
      7.3,
      3.5,
      4.8,
      5.7,
      6.8,
      4.1,
      20.2,
      29.8,
      42.1,
      23.4
    ],
    [
      2.9,
      14.9,
      1.0,
      3.3,
      8.0,
      1.7,
      8.2,
      3.3,
      1.2,
      1.1,
      1.8,
      3.5,
      1.7,
      10.7,
      0.85,
      0.85,
      1.1,
      3.1,
      2.0,
      22.8,
      4.6,
      0.0,
      1.4,
      2.2,
      3.4,
      1.9,
      9.0,
      0.19,
      1.3,
      3.9,
      2.1,
      3.4,
      3.1,
      3.2,
      18.5,
      3.8,
      2.1,
      1.1,
      1.8,
      1.8,
      10.4,
      7.4,
      14.5,
      3.5,
      3.4,
      8.1,
      3.2,
      1.5,
      2.6,
      2.1,
      19.8,
      29.5,
      42.6,
      22.1
    ],
    [
      4.0,
      13.7,
      0.9,
      4.1,
      8.8,
      0.24,
      9.0,
      4.1,
      0.18,
      0.18,
      0.35,
      4.3,
      1.8,
      7.2,
      0.6,
      0.21,
      0.18,
      3.4,
      2.1,
      20.7,
      5.3,
      1.4,
      0.0,
      0.8,
      2.1,
      0.23,
      12.7,
      0.8,
      5.0,
      0.4,
      4.6,
      4.2,
      1.8,
      4.1,
      17.1,
      0.4,
      4.6,
      3.9,
      0.45,
      0.35,
      9.0,
      13.5,
      18.2,
      0.65,
      2.0,
      6.7,
      1.9,
      4.8,
      3.6,
      4.6,
      23.5,
      33.2,
      47.8,
      26.6
    ],
    [
      0.65,
      14.5,
      2.9,
      4.9,
      9.6,
      2.6,
      9.8,
      4.9,
      0.8,
      2.9,
      0.85,
      5.1,
      2.6,
      8.0,
      2.3,
      3.7,
      2.9,
      0.85,
      2.9,
      21.5,
      6.1,
      2.2,
      0.8,
      0.0,
      0.13,
      3.6,
      11.9,
      2.8,
      4.2,
      0.75,
      3.8,
      4.3,
      0.7,
      4.3,
      16.3,
      2.1,
      3.8,
      3.1,
      3.5,
      3.5,
      8.2,
      10.3,
      17.4,
      0.6,
      1.2,
      6.9,
      0.9,
      4.0,
      3.7,
      0.85,
      22.7,
      32.4,
      45.5,
      26.8
    ],
    [
      0.6,
      12.9,
      2.4,
      6.2,
      10.8,
      2.2,
      11.1,
      6.2,
      4.5,
      4.4,
      0.85,
      6.4,
      1.8,
      8.7,
      2.0,
      4.3,
      4.4,
      0.8,
      1.8,
      20.8,
      4.6,
      3.4,
      2.1,
      0.13,
      0.0,
      2.4,
      10.6,
      1.6,
      2.9,
      0.6,
      2.5,
      4.1,
      0.6,
      4.1,
      16.7,
      0.6,
      2.5,
      1.8,
      2.2,
      2.2,
      8.5,
      9.0,
      16.1,
      0.5,
      5.0,
      6.6,
      0.85,
      2.7,
      3.8,
      0.9,
      21.5,
      31.1,
      44.2,
      23.7
    ],
    [
      3.3,
      12.7,
      0.75,
      4.7,
      9.4,
      0.018,
      9.6,
      4.7,
      0.13,
      0.042,
      0.24,
      4.9,
      0.75,
      6.2,
      0.4,
      0.1,
      0.041,
      2.4,
      1.0,
      19.6,
      3.9,
      1.9,
      0.23,
      3.6,
      2.4,
      0.0,
      10.3,
      0.75,
      2.6,
      0.5,
      1.3,
      3.3,
      0.85,
      2.9,
      15.5,
      0.45,
      1.3,
      0.6,
      0.3,
      0.16,
      7.3,
      8.8,
      15.8,
      0.75,
      3.8,
      5.8,
      2.2,
      1.5,
      0.9,
      0.22,
      21.2,
      30.8,
      43.9,
      23.4
    ],
    [
      11.5,
      23.5,
      10.6,
      8.8,
      12.6,
      10.3,
      0.15,
      8.8,
      9.8,
      9.7,
      10.4,
      8.0,
      10.3,
      15.2,
      10.0,
      9.6,
      9.7,
      11.7,
      10.6,
      28.7,
      9.4,
      9.0,
      12.7,
      11.9,
      10.6,
      10.3,
      0.0,
      9.0,
      8.0,
      11.8,
      10.0,
      10.3,
      11.0,
      11.2,
      18.5,
      11.7,
      10.0,
      9.2,
      9.7,
      9.7,
      18.2,
      11.7,
      8.1,
      11.4,
      11.2,
      12.0,
      11.1,
      9.6,
      10.7,
      10.0,
      10.8,
      24.9,
      41.6,
      20.5
    ],
    [
      2.5,
      14.4,
      0.9,
      3.9,
      8.5,
      1.2,
      8.8,
      3.9,
      0.85,
      0.7,
      1.3,
      4.1,
      1.2,
      10.2,
      0.7,
      0.65,
      0.7,
      2.6,
      1.5,
      22.3,
      5.1,
      0.19,
      0.8,
      2.8,
      1.6,
      0.75,
      9.0,
      0.0,
      1.3,
      4.8,
      2.4,
      4.4,
      4.1,
      3.6,
      16.7,
      4.8,
      2.4,
      0.6,
      0.9,
      2.8,
      8.5,
      7.5,
      14.5,
      4.4,
      4.3,
      8.0,
      4.2,
      2.7,
      0.8,
      3.0,
      19.9,
      29.5,
      42.6,
      22.2
    ],
    [
      3.8,
      15.7,
      2.9,
      2.1,
      7.5,
      2.5,
      7.7,
      2.1,
      2.0,
      2.0,
      2.7,
      2.3,
      2.6,
      11.6,
      2.3,
      1.9,
      2.0,
      4.0,
      2.9,
      23.7,
      4.0,
      1.3,
      5.0,
      4.2,
      2.9,
      2.6,
      8.0,
      1.3,
      0.0,
      4.5,
      2.8,
      4.1,
      3.8,
      4.4,
      19.2,
      4.5,
      2.8,
      2.1,
      2.5,
      2.5,
      11.0,
      6.7,
      13.7,
      4.1,
      4.0,
      6.6,
      3.9,
      2.7,
      3.7,
      2.8,
      19.1,
      28.7,
      41.0,
      21.4
    ],
    [
      1.8,
      13.7,
      2.9,
      6.6,
      11.3,
      0.5,
      11.5,
      6.6,
      3.5,
      0.5,
      0.35,
      6.8,
      0.7,
      6.2,
      0.8,
      0.55,
      0.5,
      1.5,
      0.8,
      21.6,
      5.4,
      3.9,
      0.4,
      0.75,
      0.6,
      0.5,
      11.8,
      4.8,
      4.5,
      0.0,
      2.0,
      3.8,
      0.4,
      2.7,
      15.8,
      0.025,
      2.0,
      1.0,
      1.2,
      0.55,
      6.5,
      8.1,
      16.4,
      0.26,
      2.3,
      6.4,
      1.6,
      2.1,
      2.0,
      0.4,
      21.8,
      31.4,
      45.5,
      26.3
    ],
    [
      3.5,
      12.6,
      0.7,
      4.9,
      5.7,
      1.3,
      9.8,
      4.9,
      1.7,
      1.6,
      1.4,
      5.1,
      1.3,
      6.1,
      1.0,
      1.6,
      1.6,
      3.1,
      1.6,
      13.3,
      4.1,
      2.1,
      4.6,
      3.8,
      2.5,
      1.3,
      10.0,
      2.4,
      2.8,
      2.0,
      0.0,
      3.4,
      2.7,
      1.6,
      15.1,
      3.4,
      0.0,
      0.7,
      1.1,
      1.2,
      6.9,
      6.2,
      15.4,
      3.1,
      3.9,
      5.9,
      3.0,
      1.1,
      0.45,
      1.4,
      20.8,
      30.4,
      41.6,
      23.0
    ],
    [
      4.0,
      15.9,
      3.6,
      6.2,
      9.9,
      3.2,
      10.1,
      6.1,
      3.3,
      3.2,
      3.4,
      6.8,
      3.3,
      7.9,
      3.0,
      3.2,
      3.2,
      3.6,
      3.6,
      21.3,
      1.8,
      3.4,
      4.2,
      4.3,
      4.1,
      3.3,
      10.3,
      4.4,
      4.1,
      3.8,
      3.4,
      0.0,
      3.5,
      4.9,
      17.9,
      4.1,
      3.4,
      2.7,
      3.0,
      3.1,
      8.7,
      10.5,
      17.5,
      3.8,
      4.4,
      2.7,
      3.5,
      3.5,
      4.6,
      3.3,
      22.8,
      32.5,
      44.7,
      23.4
    ],
    [
      1.1,
      13.5,
      2.1,
      5.9,
      10.6,
      0.8,
      10.8,
      5.9,
      0.8,
      2.6,
      0.65,
      6.1,
      1.0,
      5.5,
      1.7,
      2.6,
      0.8,
      0.6,
      1.5,
      21.4,
      4.7,
      3.1,
      1.8,
      0.7,
      0.6,
      0.85,
      11.0,
      4.1,
      3.8,
      0.4,
      2.7,
      3.5,
      0.0,
      2.8,
      15.9,
      0.45,
      2.1,
      1.4,
      0.9,
      1.0,
      6.6,
      9.5,
      16.5,
      0.45,
      2.4,
      6.5,
      0.65,
      2.2,
      2.1,
      0.65,
      22.9,
      31.5,
      45.6,
      26.4
    ],
    [
      3.9,
      10.7,
      2.2,
      5.5,
      4.8,
      2.9,
      11.0,
      5.5,
      3.3,
      3.2,
      3.0,
      7.7,
      2.1,
      4.7,
      2.6,
      3.1,
      3.2,
      3.2,
      2.4,
      11.9,
      7.4,
      3.2,
      4.1,
      4.3,
      4.1,
      2.9,
      11.2,
      3.6,
      4.4,
      2.7,
      1.6,
      4.9,
      2.8,
      0.0,
      8.8,
      3.6,
      1.7,
      2.3,
      2.6,
      2.7,
      5.5,
      5.6,
      12.3,
      3.2,
      4.1,
      10.3,
      3.2,
      2.7,
      2.3,
      3.0,
      22.6,
      30.4,
      40.9,
      24.9
    ],
    [
      16.0,
      12.0,
      14.5,
      14.3,
      8.4,
      15.4,
      18.2,
      14.3,
      15.9,
      15.8,
      15.6,
      14.9,
      14.2,
      7.1,
      15.2,
      15.7,
      15.8,
      15.2,
      14.5,
      7.6,
      14.6,
      18.5,
      17.1,
      16.3,
      16.7,
      15.5,
      18.5,
      16.7,
      19.2,
      15.8,
      15.1,
      17.9,
      15.9,
      8.8,
      0.0,
      16.7,
      14.7,
      17.8,
      14.6,
      14.7,
      9.5,
      10.4,
      33.3,
      16.3,
      16.0,
      19.0,
      13.5,
      18.7,
      14.2,
      14.9,
      36.9,
      37.7,
      48.5,
      44.6
    ],
    [
      1.7,
      13.6,
      2.9,
      6.6,
      11.2,
      0.45,
      11.5,
      6.6,
      0.35,
      0.45,
      0.35,
      6.8,
      0.75,
      6.2,
      2.4,
      0.55,
      0.45,
      1.5,
      0.85,
      21.6,
      5.4,
      3.8,
      0.4,
      2.1,
      0.6,
      0.45,
      11.7,
      4.8,
      4.5,
      0.025,
      3.4,
      4.1,
      0.45,
      3.6,
      16.7,
      0.0,
      2.0,
      1.3,
      0.65,
      0.5,
      6.5,
      8.2,
      16.4,
      0.28,
      2.4,
      6.4,
      1.6,
      2.2,
      2.0,
      0.4,
      21.8,
      31.5,
      45.5,
      26.3
    ],
    [
      3.5,
      12.6,
      0.7,
      4.9,
      5.7,
      1.3,
      9.8,
      4.9,
      1.7,
      1.6,
      1.4,
      5.1,
      1.3,
      6.1,
      1.0,
      1.6,
      1.6,
      3.1,
      1.6,
      13.3,
      4.1,
      2.1,
      4.6,
      3.8,
      2.5,
      1.3,
      10.0,
      2.4,
      2.8,
      2.0,
      0.0,
      3.4,
      2.1,
      1.7,
      14.7,
      2.0,
      0.0,
      0.7,
      1.1,
      1.2,
      6.9,
      6.2,
      15.4,
      3.1,
      3.9,
      5.9,
      3.0,
      1.1,
      0.45,
      1.4,
      20.8,
      30.4,
      41.6,
      23.0
    ],
    [
      2.8,
      14.7,
      0.24,
      4.1,
      6.2,
      0.6,
      9.0,
      4.1,
      0.65,
      0.6,
      0.8,
      4.4,
      0.6,
      6.0,
      0.25,
      0.5,
      0.6,
      2.9,
      0.85,
      22.6,
      3.4,
      1.1,
      3.9,
      3.1,
      1.8,
      0.6,
      9.2,
      0.6,
      2.1,
      1.0,
      0.7,
      2.7,
      1.4,
      2.3,
      17.8,
      1.3,
      0.7,
      0.0,
      0.4,
      0.45,
      6.7,
      8.1,
      15.2,
      2.2,
      3.2,
      5.2,
      2.0,
      1.0,
      0.28,
      0.75,
      20.6,
      30.2,
      43.3,
      22.8
    ],
    [
      3.1,
      15.0,
      0.5,
      4.5,
      9.2,
      0.3,
      9.4,
      4.5,
      0.29,
      0.35,
      0.35,
      4.7,
      0.45,
      6.0,
      0.18,
      0.4,
      0.35,
      2.2,
      0.7,
      19.5,
      3.7,
      1.8,
      0.45,
      3.5,
      2.2,
      0.3,
      9.7,
      0.9,
      2.5,
      1.2,
      1.1,
      3.0,
      0.9,
      2.6,
      14.6,
      0.65,
      1.1,
      0.4,
      0.0,
      0.19,
      7.1,
      8.6,
      15.6,
      0.9,
      3.6,
      5.6,
      2.0,
      0.85,
      0.7,
      0.35,
      21.0,
      30.6,
      43.7,
      23.2
    ],
    [
      3.2,
      15.1,
      1.0,
      4.6,
      9.2,
      0.14,
      9.5,
      4.6,
      0.18,
      1.3,
      0.29,
      4.8,
      0.65,
      6.1,
      0.24,
      0.23,
      0.2,
      2.2,
      0.9,
      19.5,
      3.8,
      1.8,
      0.35,
      3.5,
      2.2,
      0.16,
      9.7,
      2.8,
      2.5,
      0.55,
      1.2,
      3.1,
      1.0,
      2.7,
      14.7,
      0.5,
      1.2,
      0.45,
      0.19,
      0.0,
      7.2,
      8.6,
      15.6,
      0.8,
      3.7,
      5.6,
      2.0,
      1.0,
      0.75,
      0.27,
      21.0,
      30.6,
      43.7,
      23.3
    ],
    [
      7.9,
      7.4,
      6.3,
      10.3,
      9.0,
      7.3,
      18.0,
      10.3,
      7.7,
      7.7,
      7.4,
      13.3,
      6.1,
      2.3,
      7.0,
      7.6,
      7.7,
      6.0,
      6.3,
      14.4,
      10.0,
      10.4,
      9.0,
      8.2,
      8.5,
      7.3,
      18.2,
      8.5,
      11.0,
      6.5,
      6.9,
      8.7,
      6.6,
      5.5,
      9.5,
      6.5,
      6.9,
      6.7,
      7.1,
      7.2,
      0.0,
      10.0,
      19.7,
      4.7,
      6.2,
      9.5,
      4.0,
      6.0,
      4.7,
      5.4,
      25.1,
      43.8,
      54.6,
      29.3
    ],
    [
      10.0,
      15.4,
      7.3,
      7.5,
      1.0,
      8.7,
      11.4,
      7.5,
      8.2,
      8.2,
      8.8,
      8.1,
      8.7,
      10.9,
      8.4,
      8.1,
      8.2,
      10.1,
      9.0,
      12.7,
      7.8,
      7.4,
      13.5,
      10.3,
      9.0,
      8.8,
      11.7,
      7.5,
      6.7,
      8.1,
      6.2,
      10.5,
      9.5,
      5.6,
      10.4,
      8.2,
      6.2,
      8.1,
      8.6,
      8.6,
      10.0,
      0.0,
      12.2,
      10.3,
      10.2,
      11.0,
      10.1,
      8.6,
      7.2,
      9.0,
      22.9,
      30.3,
      40.9,
      25.2
    ],
    [
      17.0,
      41.0,
      16.1,
      14.3,
      12.8,
      15.7,
      7.9,
      14.3,
      15.2,
      15.2,
      15.9,
      13.5,
      15.8,
      16.3,
      15.5,
      15.1,
      15.2,
      17.2,
      16.1,
      27.9,
      14.8,
      14.5,
      18.2,
      17.4,
      16.1,
      15.8,
      8.1,
      14.5,
      13.7,
      16.4,
      15.4,
      17.5,
      16.5,
      12.3,
      33.3,
      16.4,
      15.4,
      15.2,
      15.6,
      15.6,
      19.7,
      12.2,
      0.0,
      17.4,
      17.3,
      16.6,
      17.2,
      15.7,
      16.8,
      16.1,
      13.7,
      23.4,
      35.5,
      26.1
    ],
    [
      1.4,
      13.3,
      2.5,
      6.2,
      10.9,
      0.75,
      11.1,
      6.2,
      0.6,
      0.75,
      0.6,
      6.4,
      0.9,
      5.8,
      2.1,
      0.8,
      3.0,
      0.9,
      1.9,
      21.2,
      5.0,
      3.5,
      0.65,
      0.6,
      0.5,
      0.75,
      11.4,
      4.4,
      4.1,
      0.26,
      3.1,
      3.8,
      0.45,
      3.2,
      16.3,
      0.28,
      3.1,
      2.2,
      0.9,
      0.8,
      4.7,
      10.3,
      17.4,
      0.0,
      1.6,
      6.2,
      1.0,
      3.8,
      2.6,
      0.65,
      22.5,
      32.2,
      45.3,
      26.1
    ],
    [
      0.6,
      12.9,
      3.4,
      6.1,
      10.8,
      3.8,
      11.0,
      6.1,
      4.2,
      4.1,
      3.9,
      6.3,
      3.8,
      8.8,
      3.5,
      4.0,
      4.1,
      2.1,
      2.8,
      20.8,
      7.3,
      3.4,
      2.0,
      1.2,
      5.0,
      3.8,
      11.2,
      4.3,
      4.0,
      2.3,
      3.9,
      4.4,
      2.4,
      4.1,
      16.0,
      2.4,
      3.9,
      3.2,
      3.6,
      3.7,
      6.2,
      10.2,
      17.3,
      1.6,
      0.0,
      7.3,
      2.4,
      4.4,
      4.1,
      4.2,
      23.1,
      32.8,
      45.9,
      27.2
    ],
    [
      6.5,
      18.4,
      7.9,
      8.7,
      11.5,
      5.8,
      11.8,
      8.7,
      5.8,
      5.8,
      5.9,
      8.9,
      5.8,
      10.5,
      5.5,
      5.7,
      5.8,
      6.2,
      7.2,
      20.2,
      3.5,
      8.1,
      6.7,
      6.9,
      6.6,
      5.8,
      12.0,
      8.0,
      6.6,
      6.4,
      5.9,
      2.7,
      6.5,
      10.3,
      19.0,
      6.4,
      5.9,
      5.2,
      5.6,
      5.6,
      9.5,
      11.0,
      16.6,
      6.2,
      7.3,
      0.0,
      7.3,
      10.2,
      9.4,
      9.6,
      24.7,
      34.4,
      46.6,
      21.5
    ],
    [
      1.6,
      11.4,
      2.4,
      6.0,
      10.6,
      2.1,
      10.9,
      6.0,
      3.0,
      2.9,
      2.2,
      6.2,
      1.7,
      5.0,
      1.9,
      2.8,
      2.9,
      0.05,
      1.7,
      18.3,
      4.8,
      3.2,
      1.9,
      0.9,
      0.85,
      2.2,
      11.1,
      4.2,
      3.9,
      1.6,
      3.0,
      3.5,
      0.65,
      3.2,
      13.5,
      1.6,
      3.0,
      2.0,
      2.0,
      2.0,
      4.0,
      10.1,
      17.2,
      1.0,
      2.4,
      7.3,
      0.0,
      3.1,
      2.6,
      2.6,
      22.6,
      32.2,
      45.3,
      26.1
    ],
    [
      3.6,
      15.6,
      0.85,
      4.5,
      6.6,
      1.5,
      9.4,
      4.5,
      1.9,
      1.8,
      1.0,
      6.1,
      0.4,
      6.9,
      0.95,
      1.7,
      1.8,
      3.1,
      0.2,
      23.5,
      5.7,
      1.5,
      4.8,
      4.0,
      2.7,
      1.5,
      9.6,
      2.7,
      2.7,
      2.1,
      1.1,
      3.5,
      2.2,
      2.7,
      18.7,
      2.2,
      1.1,
      1.0,
      0.85,
      1.0,
      6.0,
      8.6,
      15.7,
      3.8,
      4.4,
      10.2,
      3.1,
      0.0,
      1.0,
      1.0,
      21.8,
      31.4,
      44.5,
      27.3
    ],
    [
      3.4,
      12.1,
      0.26,
      5.6,
      6.7,
      0.85,
      10.5,
      5.6,
      0.95,
      0.85,
      1.1,
      7.2,
      0.65,
      5.6,
      0.55,
      0.8,
      0.85,
      2.6,
      0.85,
      19.1,
      6.8,
      2.6,
      3.6,
      3.7,
      3.8,
      0.9,
      10.7,
      0.8,
      3.7,
      2.0,
      0.45,
      4.6,
      2.1,
      2.3,
      14.2,
      2.0,
      0.45,
      0.28,
      0.7,
      0.75,
      4.7,
      7.2,
      16.8,
      2.6,
      4.1,
      9.4,
      2.6,
      1.0,
      0.0,
      1.0,
      20.4,
      30.0,
      43.1,
      22.6
    ],
    [
      3.4,
      12.8,
      0.85,
      4.9,
      9.5,
      0.21,
      9.8,
      4.9,
      0.17,
      0.21,
      0.051,
      5.0,
      0.6,
      6.3,
      0.55,
      0.29,
      0.21,
      2.5,
      0.8,
      19.8,
      4.1,
      2.1,
      4.6,
      0.85,
      0.9,
      0.22,
      10.0,
      3.0,
      2.8,
      0.4,
      1.4,
      3.3,
      0.65,
      3.0,
      14.9,
      0.4,
      1.4,
      0.75,
      0.35,
      0.27,
      5.4,
      9.0,
      16.1,
      0.65,
      4.2,
      9.6,
      2.6,
      1.0,
      1.0,
      0.0,
      21.2,
      30.9,
      44.0,
      23.5
    ],
    [
      22.4,
      34.3,
      21.5,
      19.7,
      23.4,
      21.1,
      10.6,
      19.7,
      20.6,
      20.6,
      21.2,
      18.8,
      21.2,
      26.0,
      20.9,
      20.5,
      20.6,
      22.5,
      21.5,
      32.3,
      20.2,
      19.8,
      23.5,
      22.7,
      21.5,
      21.2,
      10.8,
      19.9,
      19.1,
      21.8,
      20.8,
      22.8,
      22.9,
      22.6,
      36.9,
      21.8,
      20.8,
      20.6,
      21.0,
      21.0,
      25.1,
      22.9,
      13.7,
      22.5,
      23.1,
      24.7,
      22.6,
      21.8,
      20.4,
      21.2,
      0.0,
      13.5,
      39.3,
      12.5
    ],
    [
      33.7,
      45.4,
      32.0,
      31.1,
      30.8,
      32.4,
      21.2,
      29.3,
      30.3,
      30.2,
      30.9,
      28.5,
      30.8,
      44.0,
      30.5,
      30.1,
      30.2,
      32.2,
      31.1,
      32.3,
      29.8,
      29.5,
      33.2,
      32.4,
      31.1,
      30.8,
      24.9,
      29.5,
      28.7,
      31.4,
      30.4,
      32.5,
      31.5,
      30.4,
      37.7,
      31.5,
      30.4,
      30.2,
      30.6,
      30.6,
      43.8,
      30.3,
      23.4,
      32.2,
      32.8,
      34.4,
      32.2,
      31.4,
      30.0,
      30.9,
      13.5,
      0.0,
      36.9,
      30.4
    ],
    [
      45.1,
      56.2,
      44.2,
      41.7,
      41.4,
      43.9,
      41.4,
      41.7,
      43.4,
      43.3,
      44.0,
      42.0,
      43.9,
      54.9,
      43.6,
      43.2,
      43.3,
      45.3,
      44.2,
      43.1,
      42.1,
      42.6,
      47.8,
      45.5,
      44.2,
      43.9,
      41.6,
      42.6,
      41.0,
      45.5,
      41.6,
      44.7,
      45.6,
      40.9,
      48.5,
      45.5,
      41.6,
      43.3,
      43.7,
      43.7,
      54.6,
      40.9,
      35.5,
      45.3,
      45.9,
      46.6,
      45.3,
      44.5,
      43.1,
      44.0,
      39.3,
      36.9,
      0.0,
      43.2
    ],
    [
      26.4,
      41.6,
      27.8,
      20.2,
      25.7,
      23.4,
      20.3,
      20.2,
      22.9,
      22.8,
      23.5,
      18.3,
      23.4,
      37.4,
      23.1,
      22.7,
      22.8,
      26.1,
      27.1,
      41.9,
      23.4,
      22.1,
      26.6,
      26.8,
      23.7,
      23.4,
      20.5,
      22.2,
      21.4,
      26.3,
      23.0,
      23.4,
      26.4,
      24.9,
      44.6,
      26.3,
      23.0,
      22.8,
      23.2,
      23.3,
      29.3,
      25.2,
      26.1,
      26.1,
      27.2,
      21.5,
      26.1,
      27.3,
      22.6,
      23.5,
      12.5,
      30.4,
      43.2,
      0.0
    ]
  ],
  "drive_time_matrix": [
    [
      0.0,
      17.0,
      7.0,
      12.0,
      18.0,
      7.0,
      16.0,
      12.0,
      3.0,
      3.0,
      8.0,
      10.0,
      7.0,
      13.0,
      6.0,
      3.0,
      3.0,
      5.0,
      8.0,
      22.0,
      9.0,
      6.0,
      8.0,
      8.0,
      7.0,
      7.0,
      19.0,
      5.0,
      7.0,
      7.0,
      7.0,
      8.0,
      10.0,
      11.0,
      18.0,
      6.0,
      7.0,
      6.0,
      7.0,
      6.0,
      11.0,
      19.0,
      23.0,
      5.0,
      7.0,
      11.0,
      5.0,
      7.0,
      8.0,
      8.0,
      26.0,
      29.0,
      42.0,
      22.0
    ],
    [
      17.0,
      0.0,
      21.0,
      27.0,
      26.0,
      22.0,
      30.0,
      27.0,
      18.0,
      18.0,
      23.0,
      24.0,
      19.0,
      12.0,
      21.0,
      18.0,
      18.0,
      18.0,
      19.0,
      17.0,
      24.0,
      20.0,
      22.0,
      23.0,
      17.0,
      21.0,
      33.0,
      19.0,
      21.0,
      22.0,
      20.0,
      23.0,
      19.0,
      21.0,
      13.0,
      22.0,
      20.0,
      20.0,
      21.0,
      21.0,
      10.0,
      30.0,
      34.0,
      20.0,
      18.0,
      26.0,
      18.0,
      22.0,
      18.0,
      21.0,
      41.0,
      31.0,
      46.0,
      33.0
    ],
    [
      7.0,
      21.0,
      0.0,
      12.0,
      16.0,
      9.0,
      15.0,
      12.0,
      10.0,
      10.0,
      11.0,
      10.0,
      6.0,
      11.0,
      5.0,
      10.0,
      10.0,
      5.0,
      9.0,
      21.0,
      7.0,
      11.0,
      12.0,
      5.0,
      5.0,
      10.0,
      17.0,
      9.0,
      6.0,
      8.0,
      9.0,
      8.0,
      5.0,
      6.0,
      17.0,
      8.0,
      9.0,
      3.0,
      7.0,
      3.0,
      10.0,
      17.0,
      22.0,
      6.0,
      7.0,
      13.0,
      6.0,
      11.0,
      3.0,
      11.0,
      25.0,
      28.0,
      41.0,
      24.0
    ],
    [
      12.0,
      27.0,
      12.0,
      0.0,
      16.0,
      11.0,
      14.0,
      3.0,
      12.0,
      12.0,
      12.0,
      9.0,
      11.0,
      20.0,
      11.0,
      12.0,
      12.0,
      12.0,
      12.0,
      30.0,
      13.0,
      8.0,
      8.0,
      9.0,
      11.0,
      11.0,
      16.0,
      8.0,
      5.0,
      14.0,
      11.0,
      13.0,
      11.0,
      15.0,
      27.0,
      14.0,
      11.0,
      9.0,
      11.0,
      10.0,
      19.0,
      17.0,
      21.0,
      13.0,
      11.0,
      20.0,
      12.0,
      9.0,
      12.0,
      12.0,
      24.0,
      27.0,
      40.0,
      22.0
    ],
    [
      18.0,
      26.0,
      16.0,
      16.0,
      0.0,
      18.0,
      18.0,
      16.0,
      19.0,
      19.0,
      19.0,
      15.0,
      19.0,
      20.0,
      17.0,
      19.0,
      19.0,
      19.0,
      17.0,
      19.0,
      16.0,
      15.0,
      15.0,
      16.0,
      18.0,
      18.0,
      21.0,
      15.0,
      13.0,
      21.0,
      15.0,
      17.0,
      19.0,
      12.0,
      16.0,
      21.0,
      15.0,
      16.0,
      18.0,
      17.0,
      20.0,
      12.0,
      21.0,
      20.0,
      18.0,
      19.0,
      19.0,
      16.0,
      17.0,
      18.0,
      29.0,
      26.0,
      39.0,
      28.0
    ],
    [
      7.0,
      22.0,
      9.0,
      11.0,
      18.0,
      0.0,
      15.0,
      12.0,
      2.0,
      1.0,
      3.0,
      10.0,
      10.0,
      15.0,
      5.0,
      1.0,
      1.0,
      7.0,
      10.0,
      25.0,
      8.0,
      5.0,
      3.0,
      6.0,
      6.0,
      1.0,
      17.0,
      4.0,
      6.0,
      6.0,
      5.0,
      8.0,
      10.0,
      9.0,
      21.0,
      6.0,
      5.0,
      7.0,
      4.0,
      2.0,
      14.0,
      18.0,
      22.0,
      9.0,
      8.0,
      15.0,
      7.0,
      5.0,
      11.0,
      3.0,
      25.0,
      29.0,
      41.0,
      25.0
    ],
    [
      16.0,
      30.0,
      15.0,
      14.0,
      18.0,
      15.0,
      0.0,
      11.0,
      15.0,
      15.0,
      15.0,
      10.0,
      14.0,
      24.0,
      13.0,
      15.0,
      15.0,
      15.0,
      15.0,
      27.0,
      14.0,
      11.0,
      11.0,
      12.0,
      14.0,
      14.0,
      2.0,
      12.0,
      10.0,
      18.0,
      14.0,
      15.0,
      15.0,
      18.0,
      29.0,
      18.0,
      14.0,
      13.0,
      14.0,
      14.0,
      23.0,
      18.0,
      16.0,
      16.0,
      14.0,
      16.0,
      15.0,
      13.0,
      15.0,
      15.0,
      17.0,
      26.0,
      39.0,
      20.0
    ],
    [
      12.0,
      27.0,
      12.0,
      3.0,
      16.0,
      12.0,
      11.0,
      0.0,
      12.0,
      12.0,
      12.0,
      12.0,
      11.0,
      20.0,
      10.0,
      12.0,
      12.0,
      12.0,
      12.0,
      29.0,
      12.0,
      8.0,
      8.0,
      9.0,
      11.0,
      11.0,
      16.0,
      9.0,
      5.0,
      15.0,
      11.0,
      13.0,
      12.0,
      15.0,
      27.0,
      15.0,
      11.0,
      9.0,
      11.0,
      11.0,
      19.0,
      17.0,
      21.0,
      13.0,
      11.0,
      21.0,
      12.0,
      9.0,
      12.0,
      12.0,
      24.0,
      24.0,
      41.0,
      22.0
    ],
    [
      3.0,
      18.0,
      10.0,
      12.0,
      19.0,
      2.0,
      15.0,
      12.0,
      0.0,
      2.0,
      3.0,
      7.0,
      9.0,
      15.0,
      5.0,
      3.0,
      2.0,
      8.0,
      10.0,
      26.0,
      6.0,
      3.0,
      2.0,
      10.0,
      7.0,
      2.0,
      14.0,
      10.0,
      3.0,
      10.0,
      4.0,
      7.0,
      10.0,
      9.0,
      20.0,
      4.0,
      4.0,
      8.0,
      3.0,
      2.0,
      14.0,
      15.0,
      19.0,
      7.0,
      8.0,
      13.0,
      8.0,
      4.0,
      12.0,
      2.0,
      22.0,
      22.0,
      38.0,
      22.0
    ],
    [
      3.0,
      18.0,
      10.0,
      12.0,
      19.0,
      1.0,
      15.0,
      12.0,
      2.0,
      0.0,
      3.0,
      6.0,
      10.0,
      14.0,
      5.0,
      2.0,
