{
  "drive_dist_matrix": [
    [
      0.0,
      4.0,
      12.0,
      12.4,
      8.9,
      12.3,
      7.0,
      10.7,
      9.1,
      4.7,
      7.8,
      9.3,
      9.5,
      29.5,
      8.1,
      7.0,
      9.0,
      16.4,
      10.7,
      8.8,
      33.1,
      8.9,
      11.1,
      8.5,
      10.5,
      15.9,
      7.9,
      9.7,
      17.5,
      51.5,
      8.1,
      0.17,
      29.9,
      6.0,
      9.1,
      31.6,
      16.9,
      7.2,
      14.5
    ],
    [
      4.0,
      0.0,
      10.8,
      8.1,
      4.5,
      8.1,
      2.6,
      6.2,
      4.8,
      3.5,
      3.2,
      5.0,
      5.2,
      26.3,
      3.7,
      3.8,
      4.7,
      9.8,
      6.2,
      4.4,
      29.9,
      4.5,
      6.5,
      4.1,
      6.2,
      14.7,
      4.5,
      5.3,
      11.8,
      48.1,
      4.4,
      4.1,
      28.7,
      2.6,
      4.9,
      28.4,
      10.1,
      3.8,
      13.3
    ],
    [
      12.0,
      10.8,
      0.0,
      15.4,
      9.6,
      15.3,
      10.1,
      13.1,
      9.7,
      9.3,
      10.5,
      10.1,
      10.2,
      39.3,
      9.2,
      13.7,
      9.5,
      5.1,
      13.1,
      9.5,
      32.2,
      9.6,
      13.8,
      9.3,
      11.2,
      6.0,
      8.7,
      10.3,
      14.1,
      48.0,
      8.9,
      11.9,
      20.0,
      8.5,
      10.0,
      30.7,
      5.6,
      8.4,
      4.7
    ],
    [
      12.4,
      8.1,
      15.4,
      0.0,
      3.8,
      0.04,
      6.3,
      7.3,
      3.8,
      11.1,
      5.8,
      3.2,
      3.3,
      26.2,
      4.6,
      8.1,
      4.0,
      10.9,
      7.2,
      3.9,
      32.6,
      3.6,
      7.6,
      4.1,
      2.5,
      17.8,
      4.4,
      3.4,
      5.9,
      34.7,
      4.2,
      12.2,
      29.8,
      6.6,
      3.3,
      31.1,
      10.5,
      5.2,
      18.4
    ],
    [
      8.9,
      4.5,
      9.6,
      3.8,
      0.0,
      3.7,
      2.8,
      4.1,
      0.23,
      7.5,
      2.2,
      0.7,
      0.65,
      23.4,
      0.7,
      4.5,
      0.35,
      8.5,
      4.0,
      0.097,
      29.4,
      0.35,
      4.4,
      0.9,
      1.6,
      12.3,
      1.4,
      0.8,
      8.2,
      42.2,
      1.2,
      8.6,
      26.2,
      3.0,
      0.8,
      27.9,
      8.7,
      1.6,
      10.2
    ],
    [
      12.3,
      8.1,
      15.3,
      0.04,
      3.7,
      0.0,
      6.3,
      7.2,
      3.7,
      11.0,
      5.8,
      3.2,
      3.3,
      26.1,
      4.5,
      8.1,
      4.0,
      10.9,
      7.2,
      3.8,
      32.1,
      3.6,
      7.6,
      4.0,
      2.5,
      15.8,
      4.4,
      3.4,
      5.9,
      34.6,
      4.1,
      12.2,
      29.8,
      6.5,
      3.2,
      31.1,
      10.5,
      5.1,
      13.7
    ],
    [
      7.0,
      2.6,
      10.1,
      6.3,
      2.8,
      6.3,
      0.0,
      3.9,
      2.5,
      6.8,
      1.0,
      3.0,
      2.9,
      24.8,
      2.2,
      3.3,
      2.4,
      9.2,
      3.9,
      2.4,
      29.3,
      2.6,
      4.3,
      2.3,
      3.9,
      12.9,
      2.9,
      3.1,
      10.1,
      44.1,
      2.7,
      7.9,
      26.9,
      2.3,
      3.1,
      27.9,
      9.5,
      2.2,
      10.8
    ],
    [
      10.7,
      6.2,
      13.1,
      7.3,
      4.1,
      7.2,
      3.9,
      0.0,
      5.0,
      10.2,
      3.2,
      5.5,
      5.4,
      26.1,
      4.7,
      5.9,
      4.9,
      12.5,
      1.7,
      4.9,
      32.0,
      5.2,
      2.1,
      5.7,
      6.4,
      16.2,
      6.2,
      4.2,
      12.8,
      46.8,
      6.0,
      10.6,
      30.2,
      5.7,
      5.6,
      30.5,
      13.0,
      5.5,
      14.1
    ],
    [
      9.1,
      4.8,
      9.7,
      3.8,
      0.23,
      3.7,
      2.5,
      5.0,
      0.0,
      7.5,
      2.2,
      0.6,
      0.55,
      23.6,
      0.95,
      4.5,
      0.35,
      8.6,
      4.3,
      0.26,
      29.7,
      0.14,
      4.7,
      0.7,
      1.6,
      12.3,
      1.4,
      0.75,
      7.9,
      42.0,
      1.2,
      8.7,
      26.2,
      3.0,
      0.6,
      28.2,
      8.5,
      1.7,
      10.2
    ],
    [
      4.7,
      3.5,
      9.3,
      11.1,
      7.5,
      11.0,
      6.8,
      10.2,
      7.5,
      0.0,
      6.5,
      8.0,
      8.4,
      28.9,
      6.7,
      6.4,
      7.3,
      13.8,
      9.4,
      7.4,
      32.5,
      7.5,
      9.8,
      7.3,
      9.1,
      13.3,
      6.7,
      8.2,
      14.8,
      50.3,
      6.9,
      4.6,
      27.2,
      4.8,
      7.9,
      31.1,
      14.3,
      6.0,
      11.9
    ],
    [
      7.8,
      3.2,
      10.5,
      5.8,
      2.2,
      5.8,
      1.0,
      3.2,
      2.2,
      6.5,
      0.0,
      2.5,
      2.4,
      23.8,
      1.8,
      2.9,
      1.9,
      9.5,
      2.9,
      1.9,
      29.0,
      2.2,
      3.3,
      2.7,
      3.4,
      13.3,
      3.2,
      1.9,
      9.9,
      43.9,
      3.0,
      7.6,
      27.2,
      2.7,
      2.6,
      27.5,
      10.0,
      2.5,
      11.2
    ],
    [
      9.3,
      5.0,
      10.1,
      3.2,
      0.7,
      3.2,
      3.0,
      5.5,
      0.6,
      8.0,
      2.5,
      0.0,
      0.7,
      24.1,
      1.5,
      5.0,
      0.85,
      8.5,
      4.6,
      0.7,
      30.2,
      0.45,
      5.0,
      1.1,
      1.1,
      12.7,
      1.4,
      1.1,
      7.5,
      41.5,
      1.1,
      9.1,
      26.7,
      3.5,
      0.13,
      28.7,
      8.1,
      2.1,
      10.6
    ],
    [
      9.5,
      5.2,
      10.2,
      3.3,
      0.65,
      3.3,
      2.9,
      5.4,
      0.55,
      8.4,
      2.4,
      0.7,
      0.0,
      23.4,
      1.7,
      4.9,
      0.95,
      9.3,
      4.3,
      0.65,
      29.5,
      0.55,
      4.7,
      1.8,
      1.0,
      13.5,
      2.1,
      0.35,
      8.4,
      42.4,
      1.9,
      9.9,
      27.5,
      4.2,
      0.85,
      28.1,
      8.9,
      2.8,
      11.4
    ],
    [
      29.5,
      26.3,
      39.3,
      26.2,
      23.4,
      26.1,
      24.8,
      26.1,
      23.6,
      28.9,
      23.8,
      24.1,
      23.4,
      0.0,
      23.9,
      23.7,
      23.5,
      38.6,
      26.3,
      23.4,
      7.1,
      23.7,
      26.7,
      24.2,
      24.2,
      42.3,
      24.8,
      22.9,
      31.6,
      66.3,
      24.6,
      30.3,
      56.3,
      26.0,
      24.1,
      20.3,
      39.0,
      24.7,
      40.2
    ],
    [
      8.1,
      3.7,
      9.2,
      4.6,
      0.7,
      4.5,
      2.2,
      4.7,
      0.95,
      6.7,
      1.8,
      1.5,
      1.7,
      23.9,
      0.0,
      4.1,
      0.7,
      8.3,
      3.9,
      0.8,
      30.2,
      0.95,
      4.2,
      0.9,
      2.6,
      12.0,
      1.5,
      1.7,
      8.2,
      42.3,
      1.3,
      8.0,
      26.0,
      2.3,
      1.4,
      28.8,
      8.2,
      0.8,
      9.9
    ],
    [
      7.0,
      3.8,
      13.7,
      8.1,
      4.5,
      8.1,
      3.3,
      5.9,
      4.5,
      6.4,
      2.9,
      5.0,
      4.9,
      23.7,
      4.1,
      0.0,
      4.3,
      11.9,
      5.8,
      4.3,
      26.4,
      4.6,
      6.2,
      5.0,
      5.8,
      15.6,
      5.6,
      4.8,
      12.3,
      46.3,
      5.3,
      7.0,
      29.6,
      5.0,
      5.0,
      25.0,
      12.2,
      4.8,
      13.5
    ],
    [
      9.0,
      4.7,
      9.5,
      4.0,
      0.35,
      4.0,
      2.4,
      4.9,
      0.35,
      7.3,
      1.9,
      0.85,
      0.95,
      23.5,
      0.7,
      4.3,
      0.0,
      8.4,
      4.1,
      0.27,
      29.5,
      0.4,
      4.4,
      0.85,
      1.9,
      12.1,
      1.5,
      1.1,
      8.2,
      42.2,
      1.2,
      8.9,
      26.1,
      2.8,
      0.8,
      28.0,
      8.3,
      1.5,
      10.0
    ],
    [
      16.4,
      9.8,
      5.1,
      10.9,
      8.5,
      10.9,
      9.2,
      12.5,
      8.6,
      13.8,
      9.5,
      8.5,
      9.3,
      38.6,
      8.3,
      11.9,
      8.4,
      0.0,
      12.6,
      8.6,
      31.3,
      8.7,
      12.9,
      8.3,
      9.4,
      7.8,
      7.8,
      9.4,
      13.2,
      47.1,
      8.0,
      12.7,
      21.8,
      7.5,
      8.3,
      29.8,
      0.4,
      7.5,
      4.5
    ],
    [
      10.7,
      6.2,
      13.1,
      7.2,
      4.0,
      7.2,
      3.9,
      1.7,
      4.3,
      9.4,
      2.9,
      4.6,
      4.3,
      26.3,
      3.9,
      5.8,
      4.1,
      12.6,
      0.0,
      4.8,
      31.9,
      5.1,
      1.5,
      5.6,
      6.4,
      16.2,
      6.2,
      4.2,
      12.8,
      46.8,
      5.9,
      10.5,
      30.2,
      5.6,
      5.6,
      30.5,
      12.9,
      5.5,
      14.1
    ],
    [
      8.8,
      4.4,
      9.5,
      3.9,
      0.097,
      3.8,
      2.4,
      4.9,
      0.26,
      7.4,
      1.9,
      0.7,
      0.65,
      23.4,
      0.8,
      4.3,
      0.27,
      8.6,
      4.8,
      0.0,
      29.6,
      0.26,
      4.4,
      0.75,
      1.7,
      12.2,
      1.3,
      0.85,
      8.1,
      42.1,
      1.1,
      8.6,
      26.1,
      2.9,
      0.7,
      28.1,
      8.4,
      1.5,
      10.1
    ],
    [
      33.1,
      29.9,
      32.2,
      32.6,
      29.4,
      32.1,
      29.3,
      32.0,
      29.7,
      32.5,
      29.0,
      30.2,
      29.5,
      7.1,
      30.2,
      26.4,
      29.5,
      31.3,
      31.9,
      29.6,
      0.0,
      29.6,
      31.2,
      33.7,
      30.9,
      35.2,
      33.1,
      28.8,
      38.3,
      72.3,
      33.3,
      31.7,
      49.2,
      32.8,
      30.1,
      13.3,
      31.9,
      32.7,
      33.2
    ],
    [
      8.9,
      4.5,
      9.6,
      3.6,
      0.35,
      3.6,
      2.6,
      5.2,
      0.14,
      7.5,
      2.2,
      0.45,
      0.55,
      23.7,
      0.95,
      4.6,
      0.4,
      8.7,
      5.1,
      0.26,
      29.6,
      0.0,
      4.7,
      0.7,
      1.5,
      12.3,
      1.1,
      1.1,
      7.8,
      41.8,
      0.85,
      8.7,
      26.3,
      3.0,
      0.45,
      28.2,
      8.5,
      1.7,
      10.2
    ],
    [
      11.1,
      6.5,
      13.8,
      7.6,
      4.4,
      7.6,
      4.3,
      2.1,
      4.7,
      9.8,
      3.3,
      5.0,
      4.7,
      26.7,
      4.2,
      6.2,
      4.4,
      12.9,
      1.5,
      4.4,
      31.2,
      4.7,
      0.0,
      6.0,
      6.8,
      16.6,
      6.5,
      4.6,
      13.2,
      47.2,
      6.3,
      10.9,
      30.5,
      6.0,
      5.9,
      30.8,
      13.3,
      5.9,
      14.5
    ],
    [
      8.5,
      4.1,
      9.3,
      4.1,
      0.9,
      4.0,
      2.3,
      5.7,
      0.7,
      7.3,
      2.7,
      1.1,
      1.8,
      24.2,
      0.9,
      5.0,
      0.85,
      8.3,
      5.6,
      0.75,
      33.7,
      0.7,
      6.0,
      0.0,
      2.5,
      11.7,
      0.75,
      1.6,
      8.1,
      42.1,
      0.35,
      8.1,
      25.7,
      2.4,
      0.85,
      32.3,
      7.9,
      1.0,
      9.6
    ],
    [
      10.5,
      6.2,
      11.2,
      2.5,
      1.6,
      2.5,
      3.9,
      6.4,
      1.6,
      9.1,
      3.4,
      1.1,
      1.0,
      24.2,
      2.6,
      5.8,
      1.9,
      9.4,
      6.4,
      1.7,
      30.9,
      1.5,
      6.8,
      2.5,
      0.0,
      14.1,
      2.7,
      1.3,
      7.8,
      41.8,
      2.4,
      10.5,
      28.1,
      4.8,
      1.2,
      29.4,
      9.0,
      3.4,
      12.0
    ],
    [
      15.9,
      14.7,
      6.0,
      17.8,
      12.3,
      15.8,
      12.9,
      16.2,
      12.3,
      13.3,
      13.3,
      12.7,
      13.5,
      42.3,
      12.0,
      15.6,
      12.1,
      7.8,
      16.2,
      12.2,
      35.2,
      12.3,
      16.6,
      11.7,
      14.1,
      0.0,
      11.5,
      13.0,
      16.8,
      50.8,
      11.7,
      15.8,
      18.6,
      11.2,
      12.7,
      33.5,
      8.3,
      11.1,
      3.0
    ],
    [
      7.9,
      4.5,
      8.7,
      4.4,
      1.4,
      4.4,
      2.9,
      6.2,
      1.4,
      6.7,
      3.2,
      1.4,
      2.1,
      24.8,
      1.5,
      5.6,
      1.5,
      7.8,
      6.2,
      1.3,
      33.1,
      1.1,
      6.5,
      0.75,
      2.7,
      11.5,
      0.0,
      1.8,
      8.2,
      44.7,
      0.4,
      7.8,
      25.4,
      2.2,
      1.3,
      32.1,
      7.3,
      1.7,
      9.3
    ],
    [
      9.7,
      5.3,
      10.3,
      3.4,
      0.8,
      3.4,
      3.1,
      4.2,
      0.75,
      8.2,
      1.9,
      1.1,
      0.35,
      22.9,
      1.7,
      4.8,
      1.1,
      9.4,
      4.2,
      0.85,
      28.8,
      1.1,
      4.6,
      1.6,
      1.3,
      13.0,
      1.8,
      0.0,
      8.7,
      42.7,
      1.9,
      9.6,
      27.0,
      3.7,
      1.2,
      27.7,
      9.2,
      2.3,
      10.9
    ],
    [
      17.5,
      11.8,
      14.1,
      5.9,
      8.2,
      5.9,
      10.1,
      12.8,
      7.9,
      14.8,
      9.9,
      7.5,
      8.4,
      31.6,
      8.2,
      12.3,
      8.2,
      13.2,
      12.8,
      8.1,
      38.3,
      7.8,
      13.2,
      8.1,
      7.8,
      16.8,
      8.2,
      8.7,
      0.0,
      36.5,
      7.9,
      20.0,
      30.5,
      10.5,
      7.5,
      37.0,
      10.4,
      8.9,
      14.4
    ],
    [
      51.5,
      48.1,
      48.0,
      34.7,
      42.2,
      34.6,
      44.1,
      46.8,
      42.0,
      50.3,
      43.9,
      41.5,
      42.4,
      66.3,
      42.3,
      46.3,
      42.2,
      47.1,
      46.8,
      42.1,
      72.3,
      41.8,
      47.2,
      42.1,
      41.8,
      50.8,
      44.7,
      42.7,
      36.5,
      0.0,
      45.0,
      53.9,
      64.3,
      48.7,
      41.4,
      70.9,
      44.3,
      45.5,
      48.3
    ],
    [
      8.1,
      4.4,
      8.9,
      4.2,
      1.2,
      4.1,
      2.7,
      6.0,
      1.2,
      6.9,
      3.0,
      1.1,
      1.9,
      24.6,
      1.3,
      5.3,
      1.2,
      8.0,
      5.9,
      1.1,
      33.3,
      0.85,
      6.3,
      0.35,
      2.4,
      11.7,
      0.4,
      1.9,
      7.9,
      45.0,
      0.0,
      8.0,
      25.6,
      2.4,
      1.0,
      32.3,
      7.5,
      1.4,
      9.6
    ],
    [
      0.17,
      4.1,
      11.9,
      12.2,
      8.6,
      12.2,
      7.9,
      10.6,
      8.7,
      4.6,
      7.6,
      9.1,
      9.9,
      30.3,
      8.0,
      7.0,
      8.9,
      12.7,
      10.5,
      8.6,
      31.7,
      8.7,
      10.9,
      8.1,
      10.5,
      15.8,
      7.8,
      9.6,
      20.0,
      53.9,
      8.0,
      0.0,
      29.8,
      5.9,
      9.0,
      31.5,
      13.4,
      7.1,
      14.4
    ],
    [
      29.9,
      28.7,
      20.0,
      29.8,
      26.2,
      29.8,
      26.9,
      30.2,
      26.2,
      27.2,
      27.2,
      26.7,
      27.5,
      56.3,
      26.0,
      29.6,
      26.1,
      21.8,
      30.2,
      26.1,
      49.2,
      26.3,
      30.5,
      25.7,
      28.1,
      18.6,
      25.4,
      27.0,
      30.5,
      64.3,
      25.6,
      29.8,
      0.0,
      25.2,
      26.7,
      47.4,
      22.3,
      25.1,
      17.2
    ],
    [
      6.0,
      2.6,
      8.5,
      6.6,
      3.0,
      6.5,
      2.3,
      5.7,
      3.0,
      4.8,
      2.7,
      3.5,
      4.2,
      26.0,
      2.3,
      5.0,
      2.8,
      7.5,
      5.6,
      2.9,
      32.8,
      3.0,
      6.0,
      2.4,
      4.8,
      11.2,
      2.2,
      3.7,
      10.5,
      48.7,
      2.4,
      5.9,
      25.2,
      0.0,
      3.4,
      31.8,
      7.5,
      1.5,
      9.1
    ],
    [
      9.1,
      4.9,
      10.0,
      3.3,
      0.8,
      3.2,
      3.1,
      5.6,
      0.6,
      7.9,
      2.6,
      0.13,
      0.85,
      24.1,
      1.4,
      5.0,
      0.8,
      8.3,
      5.6,
      0.7,
      30.1,
      0.45,
      5.9,
      0.85,
      1.2,
      12.7,
      1.3,
      1.2,
      7.5,
      41.4,
      1.0,
      9.0,
      26.7,
      3.4,
      0.0,
      28.7,
      8.0,
      1.9,
      10.5
    ],
    [
      31.6,
      28.4,
      30.7,
      31.1,
      27.9,
      31.1,
      27.9,
      30.5,
      28.2,
      31.1,
      27.5,
      28.7,
      28.1,
      20.3,
      28.8,
      25.0,
      28.0,
      29.8,
      30.5,
      28.1,
      13.3,
      28.2,
      30.8,
      32.3,
      29.4,
      33.5,
      32.1,
      27.7,
      37.0,
      70.9,
      32.3,
      31.5,
      47.4,
      31.8,
      28.7,
      0.0,
      30.7,
      31.5,
      31.9
    ],
    [
      16.9,
      10.1,
      5.6,
      10.5,
      8.7,
      10.5,
      9.5,
      13.0,
      8.5,
      14.3,
      10.0,
      8.1,
      8.9,
      39.0,
      8.2,
      12.2,
      8.3,
      0.4,
      12.9,
      8.4,
      31.9,
      8.5,
      13.3,
      7.9,
      9.0,
      8.3,
      7.3,
      9.2,
      10.4,
      44.3,
      7.5,
      13.4,
      22.3,
      7.5,
      8.0,
      30.7,
      0.0,
      7.3,
      5.2
    ],
    [
      7.2,
      3.8,
      8.4,
      5.2,
      1.6,
      5.1,
      2.2,
      5.5,
      1.7,
      6.0,
      2.5,
      2.1,
      2.8,
      24.7,
      0.8,
      4.8,
      1.5,
      7.5,
      5.5,
      1.5,
      32.7,
      1.7,
      5.9,
      1.0,
      3.4,
      11.1,
      1.7,
      2.3,
      8.9,
      45.5,
      1.4,
      7.1,
      25.1,
      1.5,
      1.9,
      31.5,
      7.3,
      0.0,
      9.0
    ],
    [
      14.5,
      13.3,
      4.7,
      18.4,
      10.2,
      13.7,
      10.8,
      14.1,
      10.2,
      11.9,
      11.2,
      10.6,
      11.4,
      40.2,
      9.9,
      13.5,
      10.0,
      4.5,
      14.1,
      10.1,
      33.2,
      10.2,
      14.5,
      9.6,
      12.0,
      3.0,
      9.3,
      10.9,
      14.4,
      48.3,
      9.6,
      14.4,
      17.2,
      9.1,
      10.5,
      31.9,
      5.2,
      9.0,
      0.0
    ]
  ],
  "drive_time_matrix": [
    [
      0.0,
      6.0,
      14.0,
      18.0,
      12.0,
      17.0,
      9.0,
      18.0,
      12.0,
      7.0,
      10.0,
      13.0,
      13.0,
      28.0,
      11.0,
      10.0,
      12.0,
      18.0,
      19.0,
      12.0,
      29.0,
      12.0,
      21.0,
      12.0,
      15.0,
      16.0,
      10.0,
      14.0,
      22.0,
      43.0,
      11.0,
      1.0,
      27.0,
      8.0,
      12.0,
      27.0,
      18.0,
      10.0,
      16.0
    ],
    [
      6.0,
      0.0,
      12.0,
      12.0,
      6.0,
      12.0,
      4.0,
      12.0,
      7.0,
      5.0,
      5.0,
      7.0,
      8.0,
      24.0,
      5.0,
      6.0,
      6.0,
      13.0,
      13.0,
      6.0,
      25.0,
      7.0,
      16.0,
      6.0,
      10.0,
      15.0,
      6.0,
      8.0,
      18.0,
      39.0,
      6.0,
      6.0,
      26.0,
      4.0,
      7.0,
      23.0,
      13.0,
      5.0,
      15.0
    ],
    [
      14.0,
      12.0,
      0.0,
      19.0,
      14.0,
      19.0,
      15.0,
      24.0,
      15.0,
      10.0,
      15.0,
      14.0,
      16.0,
      33.0,
      14.0,
      17.0,
      14.0,
      8.0,
      25.0,
      14.0,
      26.0,
      14.0,
      27.0,
      13.0,
      17.0,
      7.0,
      12.0,
      16.0,
      17.0,
      38.0,
      13.0,
      14.0,
      18.0,
      12.0,
      14.0,
      24.0,
      8.0,
      12.0,
      7.0
    ],
    [
      18.0,
      12.0,
      19.0,
      0.0,
      8.0,
      1.0,
      11.0,
      17.0,
      7.0,
      16.0,
      10.0,
      5.0,
      6.0,
      27.0,
      7.0,
      13.0,
      7.0,
      14.0,
      18.0,
      7.0,
      31.0,
      6.0,
      20.0,
      6.0,
      5.0,
      19.0,
      7.0,
      7.0,
      11.0,
      33.0,
      7.0,
      17.0,
      31.0,
      10.0,
      5.0,
      30.0,
      13.0,
      8.0,
      19.0
    ],
    [
      12.0,
      6.0,
      14.0,
      8.0,
      0.0,
      7.0,
      5.0,
      11.0,
      3.0,
      11.0,
      4.0,
      2.0,
      7.0,
      23.0,
      10.0,
      7.0,
      4.0,
      13.0,
      12.0,
      1.0,
      25.0,
      4.0,
      14.0,
      2.0,
      4.0,
      15.0,
      3.0,
      10.0,
      12.0,
      35.0,
      3.0,
      12.0,
      26.0,
      5.0,
      10.0,
      24.0,
      11.0,
      4.0,
      14.0
    ],
    [
      17.0,
      12.0,
      19.0,
      1.0,
      7.0,
      0.0,
      10.0,
      17.0,
      7.0,
      16.0,
      10.0,
      5.0,
      6.0,
      27.0,
      7.0,
      13.0,
      7.0,
      14.0,
      18.0,
      7.0,
      31.0,
      6.0,
      20.0,
      6.0,
      5.0,
      19.0,
      7.0,
      7.0,
      11.0,
      33.0,
      7.0,
      17.0,
      30.0,
      10.0,
      5.0,
      30.0,
      13.0,
      8.0,
      19.0
    ],
    [
      9.0,
      4.0,
      15.0,
      11.0,
      5.0,
      10.0,
      0.0,
      10.0,
      5.0,
      10.0,
      11.0,
      5.0,
      5.0,
      24.0,
      4.0,
      5.0,
      4.0,
      13.0,
      11.0,
      4.0,
      23.0,
      5.0,
      13.0,
      5.0,
      7.0,
      15.0,
      5.0,
      6.0,
      16.0,
      39.0,
      5.0,
      11.0,
      26.0,
      5.0,
      6.0,
      22.0,
      13.0,
      4.0,
      15.0
    ],
    [
      18.0,
      12.0,
      24.0,
      17.0,
      11.0,
      17.0,
      10.0,
      0.0,
      12.0,
      18.0,
      9.0,
      13.0,
      13.0,
      31.0,
      11.0,
      13.0,
      12.0,
      22.0,
      9.0,
      12.0,
      32.0,
      12.0,
      25.0,
      13.0,
      15.0,
      24.0,
      14.0,
      12.0,
      24.0,
      46.0,
      14.0,
      19.0,
      35.0,
      13.0,
      13.0,
      31.0,
      22.0,
      13.0,
      24.0
    ],
    [
      12.0,
      7.0,
      15.0,
      7.0,
      3.0,
      7.0,
      5.0,
      12.0,
      0.0,
      11.0,
      4.0,
      8.0,
      7.0,
      24.0,
      13.0,
      7.0,
      5.0,
      12.0,
      12.0,
      3.0,
      25.0,
      2.0,
      15.0,
      9.0,
      4.0,
      15.0,
      4.0,
      9.0,
      13.0,
      36.0,
      3.0,
      12.0,
      26.0,
      5.0,
      7.0,
      25.0,
      12.0,
      4.0,
      15.0
    ],
    [
      7.0,
      5.0,
      10.0,
      16.0,
      11.0,
      16.0,
      10.0,
      18.0,
      11.0,
      0.0,
      9.0,
      12.0,
      12.0,
      29.0,
      10.0,
      9.0,
      11.0,
      15.0,
      18.0,
      11.0,
      28.0,
      11.0,
      20.0,
      11.0,
      14.0,
      13.0,
      10.0,
      13.0,
      21.0,
      43.0,
      10.0,
      6.0,
      24.0,
      7.0,
      11.0,
      27.0,
      15.0,
      8.0,
      12.0
    ],
    [
      10.0,
      5.0,
      15.0,
      10.0,
      4.0,
      10.0,
      11.0,
      9.0,
      4.0,
      9.0,
      0.0,
      5.0,
      5.0,
      22.0,
      3.0,
      5.0,
      3.0,
      13.0,
      34.0,
      3.0,
      23.0,
      4.0,
      11.0,
      5.0,
      6.0,
      16.0,
      6.0,
      5.0,
      15.0,
      37.0,
      5.0,
      10.0,
      27.0,
      5.0,
      5.0,
      22.0,
      14.0,
      4.0,
      15.0
    ],
    [
      13.0,
      7.0,
      14.0,
      5.0,
      2.0,
      5.0,
      5.0,
      13.0,
      8.0,
      12.0,
      5.0,
      0.0,
      9.0,
      25.0,
      3.0,
      8.0,
      11.0,
      11.0,
      13.0,
      9.0,
      27.0,
      6.0,
      16.0,
      2.0,
      14.0,
      16.0,
      3.0,
      13.0,
      12.0,
      34.0,
      3.0,
      13.0,
      27.0,
      6.0,
      2.0,
      26.0,
      11.0,
      4.0,
      15.0
    ],
    [
      13.0,
      8.0,
      16.0,
      6.0,
      7.0,
      6.0,
      5.0,
      13.0,
      7.0,
      12.0,
      5.0,
      9.0,
      0.0,
      24.0,
      5.0,
      9.0,
      12.0,
      14.0,
      13.0,
      8.0,
      26.0,
      7.0,
      15.0,
      4.0,
      14.0,
      18.0,
      5.0,
      5.0,
      13.0,
      35.0,
      5.0,
      14.0,
      29.0,
      8.0,
      10.0,
      25.0,
      13.0,
      6.0,
      17.0
    ],
    [
      28.0,
      24.0,
      33.0,
      27.0,
      23.0,
      27.0,
      24.0,
      31.0,
      24.0,
      29.0,
      22.0,
      25.0,
      24.0,
      0.0,
      23.0,
      24.0,
      22.0,
      32.0,
      32.0,
      23.0,
      8.0,
      23.0,
      34.0,
      24.0,
      24.0,
      34.0,
      25.0,
      21.0,
      35.0,
      56.0,
      25.0,
      32.0,
      45.0,
      27.0,
      24.0,
      21.0,
      32.0,
      24.0,
      33.0
    ],
    [
      11.0,
      5.0,
      14.0,
      7.0,
      10.0,
      7.0,
      4.0,
      11.0,
      13.0,
      10.0,
      3.0,
      3.0,
      5.0,
      23.0,
      0.0,
      6.0,
      8.0,
      12.0,
      11.0,
      10.0,
      25.0,
      11.0,
      14.0,
      11.0,
      5.0,
      15.0,
      4.0,
      5.0,
      13.0,
      35.0,
      3.0,
      11.0,
      26.0,
      4.0,
      2.0,
      23.0,
      11.0,
      9.0,
      14.0
    ],
    [
      10.0,
      6.0,
      17.0,
      13.0,
      7.0,
      13.0,
      5.0,
      13.0,
      7.0,
      9.0,
      5.0,
      8.0,
      9.0,
      24.0,
      6.0,
      0.0,
      8.0,
      18.0,
      14.0,
      8.0,
      21.0,
      8.0,
      16.0,
      9.0,
      11.0,
      20.0,
      10.0,
      9.0,
      19.0,
      41.0,
      10.0,
      11.0,
      33.0,
      9.0,
      10.0,
      20.0,
      17.0,
      8.0,
      20.0
    ],
    [
      12.0,
      6.0,
      14.0,
      7.0,
      4.0,
      7.0,
      4.0,
      12.0,
      5.0,
      11.0,
      3.0,
      11.0,
      12.0,
      22.0,
      8.0,
      8.0,
      0.0,
      12.0,
      12.0,
      3.0,
      25.0,
      4.0,
      14.0,
      11.0,
      5.0,
      14.0,
      3.0,
      3.0,
      13.0,
      34.0,
      3.0,
      12.0,
      26.0,
      5.0,
      10.0,
      24.0,
      11.0,
      3.0,
      13.0
    ],
    [
      18.0,
      13.0,
      8.0,
      14.0,
      13.0,
      14.0,
      13.0,
      22.0,
      12.0,
      15.0,
      13.0,
      11.0,
      14.0,
      32.0,
      12.0,
      18.0,
      12.0,
      0.0,
      23.0,
      12.0,
      23.0,
      13.0,
      25.0,
      10.0,
      13.0,
      10.0,
      11.0,
      15.0,
      14.0,
      35.0,
      11.0,
      17.0,
      22.0,
      10.0,
      11.0,
      21.0,
      5.0,
      10.0,
      7.0
    ],
    [
      19.0,
      13.0,
      25.0,
      18.0,
      12.0,
      18.0,
      11.0,
      9.0,
      12.0,
      18.0,
      34.0,
      13.0,
      13.0,
      32.0,
      11.0,
      14.0,
      12.0,
      23.0,
      0.0,
      13.0,
      32.0,
      13.0,
      9.0,
      14.0,
      16.0,
      25.0,
      15.0,
      13.0,
      25.0,
      45.0,
      14.0,
      20.0,
      38.0,
      14.0,
      14.0,
      31.0,
      23.0,
      14.0,
      25.0
    ],
    [
      12.0,
      6.0,
      14.0,
      7.0,
      1.0,
      7.0,
      4.0,
      12.0,
      3.0,
      11.0,
      3.0,
      9.0,
      8.0,
      23.0,
      10.0,
      8.0,
      3.0,
      12.0,
      13.0,
      0.0,
      25.0,
      3.0,
      14.0,
      10.0,
      4.0,
      14.0,
      3.0,
      3.0,
      12.0,
      34.0,
      2.0,
      13.0,
      27.0,
      5.0,
      9.0,
      24.0,
      10.0,
      3.0,
      13.0
    ],
    [
      29.0,
      25.0,
      26.0,
      31.0,
      25.0,
      31.0,
      23.0,
      32.0,
      25.0,
      28.0,
      23.0,
      27.0,
      26.0,
      8.0,
      25.0,
      21.0,
      25.0,
      23.0,
      32.0,
      25.0,
      0.0,
      27.0,
      35.0,
      27.0,
      30.0,
      27.0,
      26.0,
      26.0,
      29.0,
      49.0,
      26.0,
      30.0,
      40.0,
      26.0,
      28.0,
      13.0,
      25.0,
      26.0,
      26.0
    ],
    [
      12.0,
      7.0,
      14.0,
      6.0,
      4.0,
      6.0,
      5.0,
      12.0,
      2.0,
      11.0,
      4.0,
      6.0,
      7.0,
      23.0,
      11.0,
      8.0,
      4.0,
      13.0,
      13.0,
      3.0,
      27.0,
      0.0,
      15.0,
      9.0,
      4.0,
      15.0,
      3.0,
      3.0,
      12.0,
      34.0,
      11.0,
      13.0,
      28.0,
      5.0,
      5.0,
      24.0,
      12.0,
      4.0,
      14.0
    ],
    [
      21.0,
      16.0,
      27.0,
      20.0,
      14.0,
      20.0,
      13.0,
      25.0,
      15.0,
      20.0,
      11.0,
      16.0,
      15.0,
      34.0,
      14.0,
      16.0,
      14.0,
      25.0,
      9.0,
      14.0,
      35.0,
      15.0,
      0.0,
      16.0,
      18.0,
      28.0,
      17.0,
      15.0,
      27.0,
      47.0,
      16.0,
      22.0,
      40.0,
      16.0,
      16.0,
      33.0,
      25.0,
      15.0,
      27.0
    ],
    [
      12.0,
      6.0,
      13.0,
      6.0,
      2.0,
      6.0,
      5.0,
      13.0,
      9.0,
      11.0,
      5.0,
      2.0,
      4.0,
      24.0,
      11.0,
      9.0,
      11.0,
      10.0,
      14.0,
      10.0,
      27.0,
      9.0,
      16.0,
      0.0,
      5.0,
      14.0,
      9.0,
      4.0,
      13.0,
      34.0,
      5.0,
      11.0,
      26.0,
      5.0,
      11.0,
      24.0,
      11.0,
      13.0,
      13.0
    ],
    [
      15.0,
      10.0,
      17.0,
      5.0,
      4.0,
      5.0,
      7.0,
      15.0,
      4.0,
      14.0,
      6.0,
      14.0,
      14.0,
      24.0,
      5.0,
      11.0,
      5.0,
      13.0,
      16.0,
      4.0,
      30.0,
      4.0,
      18.0,
      5.0,
      0.0,
      18.0,
      5.0,
      5.0,
      12.0,
      33.0,
      5.0,
      15.0,
      30.0,
      8.0,
      14.0,
      27.0,
      13.0,
      7.0,
      17.0
    ],
    [
      16.0,
      15.0,
      7.0,
      19.0,
      15.0,
      19.0,
      15.0,
      24.0,
      15.0,
      13.0,
      16.0,
      16.0,
      18.0,
      34.0,
      15.0,
      20.0,
      14.0,
      10.0,
      25.0,
      14.0,
      27.0,
      15.0,
      28.0,
      14.0,
      18.0,
      0.0,
      13.0,
      17.0,
      17.0,
      37.0,
      13.0,
      16.0,
      18.0,
      13.0,
      15.0,
      24.0,
      9.0,
      13.0,
      5.0
    ],
    [
      10.0,
      6.0,
      12.0,
      7.0,
      3.0,
      7.0,
      5.0,
      14.0,
      4.0,
      10.0,
      6.0,
      3.0,
      5.0,
      25.0,
      4.0,
      10.0,
      3.0,
      11.0,
      15.0,
      3.0,
      26.0,
      3.0,
      17.0,
      9.0,
      5.0,
      13.0,
      0.0,
      5.0,
      13.0,
      35.0,
      5.0,
      11.0,
      26.0,
      4.0,
      3.0,
      24.0,
      10.0,
      22.0,
      12.0
    ],
    [
      14.0,
      8.0,
      16.0,
      7.0,
      10.0,
      7.0,
      6.0,
      12.0,
      9.0,
      13.0,
      5.0,
      13.0,
      5.0,
      21.0,
      5.0,
      9.0,
      3.0,
      15.0,
      13.0,
      3.0,
      26.0,
      3.0,
      15.0,
      4.0,
      5.0,
      17.0,
      5.0,
      0.0,
      15.0,
      36.0,
      5.0,
      15.0,
      30.0,
      7.0,
      4.0,
      23.0,
      14.0,
      5.0,
      16.0
    ],
    [
      22.0,
      18.0,
      17.0,
      11.0,
      12.0,
      11.0,
      16.0,
      24.0,
      13.0,
      21.0,
      15.0,
      12.0,
      13.0,
      35.0,
      13.0,
      19.0,
      13.0,
      14.0,
      25.0,
      12.0,
      29.0,
      12.0,
      27.0,
      13.0,
      12.0,
      17.0,
      13.0,
      15.0,
      0.0,
      29.0,
      13.0,
      23.0,
      29.0,
      16.0,
      12.0,
      26.0,
      13.0,
      15.0,
      16.0
    ],
    [
      43.0,
      39.0,
      38.0,
      33.0,
      35.0,
      33.0,
      39.0,
      46.0,
      36.0,
      43.0,
      37.0,
      34.0,
      35.0,
      56.0,
      35.0,
      41.0,
      34.0,
      35.0,
      45.0,
      34.0,
      49.0,
      34.0,
      47.0,
      34.0,
      33.0,
      37.0,
      35.0,
      36.0,
      29.0,
      0.0,
      36.0,
      45.0,
      51.0,
      39.0,
      35.0,
      48.0,
      35.0,
      38.0,
      37.0
    ],
    [
      11.0,
      6.0,
      13.0,
      7.0,
      3.0,
      7.0,
      5.0,
      14.0,
      3.0,
      10.0,
      5.0,
      3.0,
      5.0,
      25.0,
      3.0,
      10.0,
      3.0,
      11.0,
      14.0,
      2.0,
      26.0,
      11.0,
      16.0,
      5.0,
      5.0,
      13.0,
      5.0,
      5.0,
      13.0,
      36.0,
      0.0,
      12.0,
      26.0,
      5.0,
      12.0,
      24.0,
      10.0,
      3.0,
      13.0
    ],
    [
      1.0,
      6.0,
      14.0,
      17.0,
      12.0,
      17.0,
      11.0,
      19.0,
      12.0,
      6.0,
      10.0,
      13.0,
      14.0,
      32.0,
      11.0,
      11.0,
      12.0,
      17.0,
      20.0,
      13.0,
      30.0,
      13.0,
      22.0,
      11.0,
      15.0,
      16.0,
      11.0,
      15.0,
      23.0,
      45.0,
      12.0,
      0.0,
      31.0,
      8.0,
      13.0,
      26.0,
      18.0,
      10.0,
      17.0
    ],
    [
      27.0,
      26.0,
      18.0,
      31.0,
      26.0,
      30.0,
      26.0,
      35.0,
      26.0,
      24.0,
      27.0,
      27.0,
      29.0,
      45.0,
      26.0,
      33.0,
      26.0,
      22.0,
      38.0,
      27.0,
      40.0,
      28.0,
      40.0,
      26.0,
      30.0,
      18.0,
      26.0,
      30.0,
      29.0,
      51.0,
      26.0,
      31.0,
      0.0,
      24.0,
      26.0,
      34.0,
      20.0,
      24.0,
      16.0
    ],
    [
      8.0,
      4.0,
      12.0,
      10.0,
      5.0,
      10.0,
      5.0,
      13.0,
      5.0,
      7.0,
      5.0,
      6.0,
      8.0,
      27.0,
      4.0,
      9.0,
      5.0,
      10.0,
      14.0,
      5.0,
      26.0,
      5.0,
      16.0,
      5.0,
      8.0,
      13.0,
      4.0,
      7.0,
      16.0,
      39.0,
      5.0,
      8.0,
      24.0,
      0.0,
      7.0,
      24.0,
      11.0,
      4.0,
      13.0
    ],
    [
      12.0,
      7.0,
      14.0,
      5.0,
      10.0,
      5.0,
      6.0,
      13.0,
      7.0,
      11.0,
      5.0,
      2.0,
      10.0,
      24.0,
      2.0,
      10.0,
      10.0,
      11.0,
      14.0,
      9.0,
      28.0,
      5.0,
      16.0,
      11.0,
      14.0,
      15.0,
      3.0,
      4.0,
      12.0,
      35.0,
      12.0,
      13.0,
      26.0,
      7.0,
      0.0,
      25.0,
      10.0,
      4.0,
      14.0
    ],
    [
      27.0,
      23.0,
      24.0,
      30.0,
      24.0,
      30.0,
      22.0,
      31.0,
      25.0,
      27.0,
      22.0,
      26.0,
      25.0,
      21.0,
      23.0,
      20.0,
      24.0,
      21.0,
      31.0,
      24.0,
      13.0,
      24.0,
      33.0,
      24.0,
      27.0,
      24.0,
      24.0,
      23.0,
      26.0,
      48.0,
      24.0,
      26.0,
      34.0,
      24.0,
      25.0,
      0.0,
      22.0,
      23.0,
      23.0
    ],
    [
      18.0,
      13.0,
      8.0,
      13.0,
      11.0,
      13.0,
      13.0,
      22.0,
      12.0,
      15.0,
      14.0,
      11.0,
      13.0,
      32.0,
      11.0,
      17.0,
      11.0,
      5.0,
      23.0,
      10.0,
      25.0,
      12.0,
      25.0,
      11.0,
      13.0,
      9.0,
      10.0,
      14.0,
      13.0,
      35.0,
      10.0,
      18.0,
      20.0,
      11.0,
      10.0,
      22.0,
      0.0,
      10.0,
      7.0
    ],
    [
      10.0,
      5.0,
      12.0,
      8.0,
      4.0,
      8.0,
      4.0,
      13.0,
      4.0,
      8.0,
      4.0,
      4.0,
      6.0,
      24.0,
      9.0,
      8.0,
      3.0,
      10.0,
      14.0,
      3.0,
      26.0,
      4.0,
      15.0,
      13.0,
      7.0,
      13.0,
      22.0,
      5.0,
      15.0,
      38.0,
      3.0,
      10.0,
      24.0,
      4.0,
      4.0,
      23.0,
      10.0,
      0.0,
      12.0
    ],
    [
      16.0,
      15.0,
      7.0,
      19.0,
      14.0,
      19.0,
      15.0,
      24.0,
      15.0,
      12.0,
      15.0,
      15.0,
      17.0,
      33.0,
      14.0,
      20.0,
      13.0,
      7.0,
      25.0,
      13.0,
      26.0,
      14.0,
      27.0,
      13.0,
      17.0,
      5.0,
      12.0,
      16.0,
      16.0,
      37.0,
      13.0,
      17.0,
      16.0,
      13.0,
      14.0,
      23.0,
      7.0,
      12.0,
      0.0
    ]
  ],
  "transit_dist_walk_matrix": [
    [
      0.0,
      NaN,
      NaN,
      NaN,
      NaN,
      NaN,
      NaN,
      NaN,
      NaN,
      NaN,
      NaN,
      NaN,
      NaN,
      NaN,
      NaN,
      NaN,
      NaN,
      NaN,
      NaN,
      NaN,
      NaN,
      NaN,
      NaN,
      NaN,
      NaN,
      NaN,
      NaN,
      NaN,
      NaN,
      NaN,
      NaN,
      NaN,
      NaN,
      NaN,
      NaN,
      NaN,
      NaN,
      NaN,
      NaN
    ],
    [
      NaN,
      0.0,
      NaN,
      NaN,
      NaN,
      NaN,
      NaN,
      NaN,
      NaN,
      NaN,
      NaN,
      NaN,
      NaN,
      NaN,
      NaN,
      NaN,
      NaN,
      NaN,
      NaN,
      NaN,
      NaN,
      NaN,
      NaN,
      NaN,
      NaN,
      NaN,
      NaN,
      NaN,
      NaN,
      NaN,
      NaN,
      NaN,
      NaN,
      NaN,
      NaN,
      NaN,
      NaN,
      NaN,
      NaN
    ],
    [
      NaN,
      NaN,
      0.0,
      NaN,
      NaN,
      NaN,
      NaN,
      NaN,
      NaN,
      NaN,
      NaN,
      NaN,
      NaN,
      NaN,
      NaN,
      NaN,
      NaN,
      NaN,
      NaN,
      NaN,
      NaN,
      NaN,
      NaN,
      NaN,
      NaN,
      NaN,
      NaN,
      NaN,
      NaN,
      NaN,
      NaN,
      NaN,
      NaN,
      NaN,
      NaN,
      NaN,
      NaN,
      NaN,
      NaN
    ],
    [
      NaN,
      NaN,
      NaN,
      0.0,
      NaN,
      NaN,
      NaN,
      NaN,
      NaN,
      NaN,
      NaN,
      NaN,
      NaN,
      NaN,
      NaN,
      NaN,
      NaN,
      NaN,
      NaN,
      NaN,
      NaN,
      NaN,
      NaN,
      NaN,
      NaN,
      NaN,
      NaN,
      NaN,
      NaN,
      NaN,
      NaN,
      NaN,
      NaN,
      NaN,
      NaN,
      NaN,
      NaN,
      NaN,
      NaN
    ],
    [
      NaN,
      NaN,
      NaN,
      NaN,
      0.0,
      NaN,
      NaN,
      NaN,
      NaN,
      NaN,
      NaN,
      NaN,
      NaN,
      NaN,
      NaN,
      NaN,
      NaN,
      NaN,
      NaN,
      NaN,
      NaN,
      NaN,
      NaN,
      NaN,
      NaN,
      NaN,
      NaN,
      NaN,
      NaN,
      NaN,
      NaN,
      NaN,
      NaN,
      NaN,
      NaN,
      NaN,
      NaN,
      NaN,
      NaN
    ],
    [
      NaN,
      NaN,
      NaN,
      NaN,
      NaN,
      0.0,
      NaN,
      NaN,
      NaN,
      NaN,
      NaN,
      NaN,
      NaN,
      NaN,
      NaN,
      NaN,
      NaN,
      NaN,
      NaN,
      NaN,
      NaN,
      NaN,
      NaN,
      NaN,
      NaN,
      NaN,
      NaN,
      NaN,
      NaN,
      NaN,
      NaN,
      NaN,
      NaN,
      NaN,
      NaN,
      NaN,
      NaN,
      NaN,
      NaN
    ],
    [
      NaN,
      NaN,
      NaN,
      NaN,
      NaN,
      NaN,
      0.0,
      NaN,
      NaN,
      NaN,
      NaN,
      NaN,
      NaN,
      NaN,
      NaN,
      NaN,
      NaN,
      NaN,
      NaN,
      NaN,
      NaN,
      NaN,
      NaN,
      NaN,
      NaN,
      NaN,
      NaN,
      NaN,
      NaN,
      NaN,
      NaN,
      NaN,
      NaN,
      NaN,
      NaN,
      NaN,
      NaN,
      NaN,
      NaN
    ],
    [
      NaN,
      NaN,
      NaN,
      NaN,
      NaN,
      NaN,
      NaN,
      0.0,
      NaN,
      NaN,
      NaN,
      NaN,
      NaN,
      NaN,
      NaN,
      NaN,
      NaN,
      NaN,
      NaN,
      NaN,
      NaN,
      NaN,
      NaN,
      NaN,
      NaN,
      NaN,
      NaN,
      NaN,
      NaN,
      NaN,
      NaN,
      NaN,
      NaN,
      NaN,
      NaN,
      NaN,
      NaN,
      NaN,
      NaN
    ],
    [
      NaN,
      NaN,
      NaN,
      NaN,
      NaN,
      NaN,
      NaN,
      NaN,
      0.0,
      NaN,
      NaN,
      NaN,
      NaN,
      NaN,
      NaN,
      NaN,
      NaN,
      NaN,
      NaN,
      NaN,
      NaN,
      NaN,
      NaN,
      NaN,
      NaN,
