{
  "drive_dist_matrix": [
    [
      0.0,
      0.85,
      54.9,
      0.55,
      1.6,
      0.65,
      1.6,
      1.7,
      1.3,
      1.5,
      1.1,
      1.6,
      1.2,
      0.8,
      4.2,
      5.9,
      17.4,
      8.1,
      0.65,
      0.85,
      1.0,
      5.9,
      3.0,
      42.2,
      5.7,
      5.6,
      1.9,
      5.7,
      0.95,
      54.9,
      1.5,
      1.8,
      55.6,
      42.2,
      2.0,
      1.2,
      2.5,
      1.1,
      7.9,
      1.6,
      1.7,
      5.4,
      9.1,
      13.0,
      2.3,
      0.9,
      2.1,
      0.9,
      2.1,
      38.3,
      1.9
    ],
    [
      0.85,
      0.0,
      54.3,
      1.0,
      2.6,
      1.6,
      2.6,
      2.7,
      2.2,
      2.4,
      2.1,
      2.6,
      0.85,
      1.8,
      3.1,
      5.2,
      17.8,
      7.0,
      1.1,
      0.55,
      2.2,
      6.2,
      4.0,
      41.6,
      5.0,
      5.9,
      1.9,
      5.1,
      2.1,
      54.2,
      2.5,
      0.75,
      55.0,
      41.6,
      0.9,
      2.2,
      2.1,
      2.1,
      6.8,
      2.6,
      2.6,
      4.2,
      9.5,
      13.4,
      1.0,
      0.65,
      1.8,
      0.55,
      1.2,
      37.9,
      1.5
    ],
    [
      54.9,
      54.3,
      0.0,
      54.7,
      55.8,
      54.8,
      55.8,
      55.9,
      55.4,
      55.6,
      55.3,
      55.8,
      55.3,
      55.0,
      53.0,
      53.6,
      62.1,
      51.0,
      55.0,
      54.3,
      55.4,
      59.0,
      57.2,
      12.7,
      54.0,
      59.2,
      55.5,
      53.6,
      55.3,
      0.21,
      55.7,
      53.4,
      0.75,
      12.7,
      54.3,
      55.4,
      54.3,
      55.4,
      51.8,
      55.8,
      55.8,
      55.4,
      62.8,
      57.9,
      53.8,
      54.4,
      55.1,
      54.7,
      54.5,
      29.8,
      53.6
    ],
    [
      0.55,
      1.0,
      54.7,
      0.0,
      1.5,
      0.55,
      1.3,
      1.3,
      0.7,
      1.5,
      1.2,
      1.5,
      1.2,
      0.13,
      4.1,
      5.9,
      17.2,
      7.3,
      0.21,
      0.5,
      0.6,
      6.5,
      2.7,
      42.1,
      5.7,
      6.3,
      1.9,
      5.7,
      0.55,
      54.8,
      1.0,
      1.7,
      55.5,
      42.1,
      1.9,
      0.65,
      2.4,
      1.3,
      7.7,
      1.3,
      0.9,
      5.4,
      9.0,
      12.9,
      2.4,
      0.5,
      2.0,
      1.5,
      2.1,
      38.2,
      1.8
    ],
    [
      1.6,
      2.6,
      55.8,
      1.5,
      0.0,
      1.8,
      2.5,
      2.6,
      1.9,
      3.4,
      2.4,
      0.13,
      2.4,
      1.4,
      5.2,
      9.1,
      15.9,
      8.4,
      1.4,
      1.6,
      1.9,
      7.4,
      3.6,
      43.2,
      6.9,
      7.2,
      3.2,
      6.9,
      1.8,
      55.8,
      2.0,
      2.8,
      56.6,
      43.2,
      2.9,
      1.9,
      1.6,
      2.5,
      8.9,
      2.5,
      1.3,
      6.7,
      7.6,
      11.5,
      3.7,
      1.5,
      3.2,
      2.7,
      3.1,
      36.8,
      2.3
    ],
    [
      0.65,
      1.6,
      54.8,
      0.55,
      1.8,
      0.0,
      1.0,
      1.1,
      0.6,
      0.85,
      0.55,
      1.8,
      1.1,
      0.5,
      4.0,
      5.8,
      17.5,
      8.2,
      0.6,
      1.2,
      0.4,
      6.5,
      2.6,
      42.4,
      5.7,
      6.2,
      1.9,
      5.7,
      0.35,
      55.0,
      0.7,
      1.9,
      55.8,
      42.4,
      2.1,
      0.6,
      2.6,
      0.6,
      7.7,
      1.0,
      0.85,
      5.8,
      7.7,
      12.4,
      2.4,
      1.1,
      2.0,
      1.1,
      2.1,
      38.5,
      2.1
    ],
    [
      1.6,
      2.6,
      55.8,
      1.3,
      2.5,
      1.0,
      0.0,
      0.12,
      0.7,
      0.75,
      0.75,
      2.5,
      1.6,
      1.6,
      4.3,
      7.3,
      17.3,
      8.0,
      1.7,
      2.1,
      0.65,
      5.6,
      1.1,
      43.2,
      5.8,
      5.3,
      1.5,
      5.8,
      0.75,
      55.9,
      0.35,
      2.8,
      56.7,
      43.2,
      2.5,
      0.65,
      3.5,
      1.2,
      7.8,
      0.002,
      1.5,
      4.9,
      9.1,
      13.0,
      2.7,
      1.9,
      1.9,
      1.9,
      2.3,
      39.4,
      2.9
    ],
    [
      1.7,
      2.7,
      55.9,
      1.3,
      2.6,
      1.1,
      0.12,
      0.0,
      0.75,
      0.8,
      0.8,
      2.4,
      1.6,
      1.7,
      4.3,
      7.2,
      17.2,
      8.0,
      1.7,
      2.1,
      0.7,
      5.5,
      1.1,
      43.3,
      5.8,
      5.2,
      1.5,
      7.1,
      0.8,
      55.9,
      0.4,
      2.8,
      56.7,
      43.3,
      2.5,
      0.7,
      3.3,
      1.2,
      7.9,
      0.12,
      1.4,
      4.8,
      9.0,
      12.9,
      2.7,
      1.9,
      1.9,
      1.9,
      2.4,
      39.1,
      3.0
    ],
    [
      1.3,
      2.2,
      55.4,
      0.7,
      1.9,
      0.6,
      0.7,
      0.75,
      0.0,
      2.1,
      0.8,
      1.8,
      1.9,
      0.6,
      4.7,
      7.8,
      17.2,
      8.5,
      0.7,
      1.5,
      0.26,
      6.2,
      2.3,
      42.5,
      6.3,
      5.9,
      2.1,
      7.8,
      0.35,
      55.7,
      0.35,
      2.6,
      56.5,
      42.5,
      2.8,
      0.082,
      2.6,
      1.4,
      8.3,
      0.75,
      0.45,
      5.5,
      8.9,
      12.8,
      3.1,
      1.3,
      2.3,
      2.2,
      2.7,
      38.4,
      2.1
    ],
    [
      1.5,
      2.4,
      55.6,
      1.5,
      3.4,
      0.85,
      0.75,
      0.8,
      2.1,
      0.0,
      0.3,
      2.8,
      1.1,
      1.8,
      3.8,
      6.5,
      18.2,
      7.5,
      1.9,
      2.3,
      0.85,
      4.6,
      2.0,
      43.2,
      5.3,
      4.3,
      1.0,
      6.5,
      0.9,
      55.5,
      0.85,
      3.0,
      56.3,
      43.2,
      2.0,
      1.0,
      3.7,
      0.7,
      7.4,
      0.75,
      2.3,
      4.1,
      9.9,
      13.8,
      2.3,
      2.1,
      1.4,
      1.4,
      1.9,
      40.0,
      3.1
    ],
    [
      1.1,
      2.1,
      55.3,
      1.2,
      2.4,
      0.55,
      0.75,
      0.8,
      0.8,
      0.3,
      0.0,
      2.8,
      0.85,
      1.8,
      3.5,
      5.2,
      17.8,
      7.2,
      1.8,
      2.2,
      0.6,
      5.3,
      3.4,
      43.1,
      5.0,
      5.0,
      0.85,
      5.0,
      0.65,
      55.2,
      0.7,
      2.3,
      56.0,
      42.8,
      1.7,
      0.75,
      3.6,
      0.4,
      7.1,
      0.75,
      2.1,
      3.7,
      11.0,
      13.4,
      2.0,
      2.0,
      1.1,
      1.1,
      1.6,
      39.4,
      3.0
    ],
    [
      1.6,
      2.6,
      55.8,
      1.5,
      0.13,
      1.8,
      2.5,
      2.4,
      1.8,
      2.8,
      2.8,
      0.0,
      2.7,
      1.6,
      5.1,
      7.0,
      16.5,
      8.3,
      1.7,
      1.5,
      2.2,
      7.8,
      3.9,
      42.3,
      6.8,
      7.5,
      3.5,
      6.9,
      2.1,
      55.7,
      2.4,
      2.6,
      56.5,
      42.3,
      2.8,
      2.2,
      1.5,
      2.8,
      8.8,
      2.9,
      1.6,
      7.1,
      8.2,
      12.1,
      3.5,
      1.3,
      3.5,
      2.9,
      3.0,
      36.7,
      2.2
    ],
    [
      1.2,
      0.85,
      55.3,
      1.2,
      2.4,
      1.1,
      1.6,
      1.6,
      1.9,
      1.1,
      0.85,
      2.7,
      0.0,
      1.5,
      3.1,
      5.1,
      18.4,
      6.3,
      1.6,
      1.4,
      2.0,
      6.0,
      3.8,
      42.3,
      4.9,
      5.8,
      1.1,
      4.9,
      1.9,
      54.4,
      2.3,
      1.5,
      55.2,
      42.3,
      0.85,
      2.0,
      2.8,
      0.45,
      6.9,
      2.4,
      2.4,
      4.1,
      10.2,
      14.1,
      1.0,
      1.2,
      1.0,
      0.35,
      1.0,
      38.6,
      2.2
    ],
    [
      0.8,
      1.8,
      55.0,
      0.13,
      1.4,
      0.5,
      1.6,
      1.7,
      0.6,
      1.8,
      1.8,
      1.6,
      1.5,
      0.0,
      4.2,
      6.1,
      17.0,
      8.1,
      0.078,
      0.55,
      0.55,
      6.8,
      3.0,
      42.2,
      6.0,
      6.6,
      2.2,
      6.0,
      0.5,
      54.9,
      0.85,
      1.8,
      55.7,
      42.2,
      2.0,
      0.6,
      2.1,
      1.6,
      8.0,
      1.6,
      0.8,
      5.2,
      8.7,
      12.6,
      2.3,
      0.55,
      2.3,
      1.7,
      2.2,
      37.9,
      1.6
    ],
    [
      4.2,
      3.1,
      53.0,
      4.1,
      5.2,
      4.0,
      4.3,
      4.3,
      4.7,
      3.8,
      3.5,
      5.1,
      3.1,
      4.2,
      0.0,
      3.6,
      19.9,
      4.7,
      4.3,
      3.6,
      4.6,
      6.0,
      6.5,
      41.1,
      3.4,
      6.2,
      3.3,
      3.4,
      4.5,
      53.9,
      4.9,
      2.7,
      54.5,
      41.1,
      2.6,
      4.6,
      4.2,
      3.5,
      4.6,
      5.3,
      5.1,
      2.9,
      11.6,
      15.5,
      2.2,
      3.7,
      3.1,
      2.9,
      2.1,
      38.4,
      3.6
    ],
    [
      5.9,
      5.2,
      53.6,
      5.9,
      9.1,
      5.8,
      7.3,
      7.2,
      7.8,
      6.5,
      5.2,
      7.0,
      5.1,
      6.1,
      3.6,
      0.0,
      22.1,
      3.7,
      5.9,
      5.8,
      6.2,
      6.0,
      6.4,
      41.0,
      0.5,
      6.2,
      4.8,
      0.28,
      6.1,
      53.7,
      6.5,
      5.1,
      54.5,
      41.0,
      4.8,
      6.2,
      6.4,
      5.0,
      3.5,
      6.4,
      6.7,
      1.8,
      13.8,
      17.7,
      4.4,
      5.4,
      3.9,
      4.5,
      3.8,
      38.3,
      5.9
    ],
    [
      17.4,
      17.8,
      62.1,
      17.2,
      15.9,
      17.5,
      17.3,
      17.2,
      17.2,
      18.2,
      17.8,
      16.5,
      18.4,
      17.0,
      19.9,
      22.1,
      0.0,
      24.8,
      20.2,
      19.7,
      20.8,
      24.2,
      21.7,
      49.4,
      25.1,
      24.0,
      21.1,
      25.1,
      20.7,
      62.0,
      20.1,
      19.9,
      62.8,
      49.4,
      20.8,
      20.8,
      18.7,
      21.4,
      26.0,
      20.6,
      19.3,
      23.2,
      13.0,
      7.9,
      20.8,
      19.6,
      21.8,
      21.1,
      21.2,
      33.0,
      19.4
    ],
    [
      8.1,
      7.0,
      51.0,
      7.3,
      8.4,
      8.2,
      8.0,
      8.0,
      8.5,
      7.5,
      7.2,
      8.3,
      6.3,
      8.1,
      4.7,
      3.7,
      24.8,
      0.0,
      8.1,
      7.5,
      8.3,
      9.2,
      9.7,
      38.2,
      3.6,
      9.4,
      7.3,
      3.4,
      8.2,
      51.0,
      8.6,
      6.9,
      51.8,
      38.2,
      6.6,
      8.3,
      7.7,
      7.4,
      1.8,
      8.6,
      9.0,
      5.6,
      14.8,
      17.8,
      6.1,
      7.8,
      6.3,
      6.8,
      6.1,
      35.3,
      7.1
    ],
    [
      0.65,
      1.1,
      55.0,
      0.21,
      1.4,
      0.6,
      1.7,
      1.7,
      0.7,
      1.9,
      1.8,
      1.7,
      1.6,
      0.078,
      4.3,
      5.9,
      20.2,
      8.1,
      0.0,
      0.5,
      0.6,
      6.7,
      2.9,
      42.2,
      5.9,
      6.5,
      2.1,
      5.9,
      0.55,
      55.0,
      1.2,
      1.7,
      55.7,
      42.2,
      1.9,
      0.65,
      2.0,
      1.5,
      7.9,
      1.5,
      0.85,
      5.1,
      8.6,
      12.5,
      2.2,
      0.5,
      2.2,
      1.7,
      2.1,
      37.9,
      1.5
    ],
    [
      0.85,
      0.55,
      54.3,
      0.5,
      1.6,
      1.2,
      2.1,
      2.1,
      1.5,
      2.3,
      2.2,
      1.5,
      1.4,
      0.55,
      3.6,
      5.8,
      19.7,
      7.5,
      0.5,
      0.0,
      1.1,
      7.0,
      3.2,
      41.9,
      5.6,
      6.8,
      2.4,
      5.6,
      1.0,
      54.5,
      1.4,
      1.5,
      55.3,
      41.9,
      1.5,
      1.1,
      1.9,
      1.8,
      7.6,
      1.8,
      1.5,
      4.8,
      9.3,
      13.2,
      2.0,
      0.098,
      2.4,
      0.95,
      1.8,
      37.8,
      1.2
    ],
    [
      1.0,
      2.2,
      55.4,
      0.6,
      1.9,
      0.4,
      0.65,
      0.7,
      0.26,
      0.85,
      0.6,
      2.2,
      2.0,
      0.55,
      4.6,
      6.2,
      20.8,
      8.3,
      0.6,
      1.1,
      0.0,
      5.9,
      2.1,
      42.6,
      5.7,
      5.7,
      1.5,
      5.8,
      0.088,
      57.8,
      0.3,
      2.2,
      58.5,
      42.6,
      2.2,
      0.23,
      2.9,
      0.85,
      7.8,
      0.65,
      1.3,
      5.2,
      9.5,
      13.4,
      2.5,
      1.3,
      1.7,
      1.6,
      2.2,
      38.8,
      2.3
    ],
    [
      5.9,
      6.2,
      59.0,
      6.5,
      7.4,
      6.5,
      5.6,
      5.5,
      6.2,
      4.6,
      5.3,
      7.8,
      6.0,
      6.8,
      6.0,
      6.0,
      24.2,
      9.2,
      6.7,
      7.0,
      5.9,
      0.0,
      5.3,
      46.8,
      6.3,
      0.19,
      5.3,
      6.4,
      6.5,
      59.5,
      5.7,
      7.4,
      60.3,
      46.8,
      6.3,
      5.9,
      7.8,
      5.6,
      8.9,
      5.6,
      5.9,
      4.1,
      12.7,
      17.6,
      6.7,
      6.5,
      4.4,
      5.6,
      5.0,
      45.2,
      8.2
    ],
    [
      3.0,
      4.0,
      57.2,
      2.7,
      3.6,
      2.6,
      1.1,
      1.1,
      2.3,
      2.0,
      3.4,
      3.9,
      3.8,
      3.0,
      6.5,
      6.4,
      21.7,
      9.7,
      2.9,
      3.2,
      2.1,
      5.3,
      0.0,
      43.9,
      6.9,
      4.6,
      2.8,
      7.6,
      2.0,
      57.1,
      1.3,
      4.0,
      57.9,
      43.9,
      3.7,
      1.9,
      3.7,
      2.4,
      9.5,
      1.1,
      1.8,
      4.8,
      9.4,
      13.3,
      4.0,
      2.7,
      3.1,
      3.1,
      3.6,
      39.5,
      3.5
    ],
    [
      42.2,
      41.6,
      12.7,
      42.1,
      43.2,
      42.4,
      43.2,
      43.3,
      42.5,
      43.2,
      43.1,
      42.3,
      42.3,
      42.2,
      41.1,
      41.0,
      49.4,
      38.2,
      42.2,
      41.9,
      42.6,
      46.8,
      43.9,
      0.0,
      41.4,
      46.6,
      42.9,
      41.0,
      42.6,
      12.7,
      43.0,
      40.8,
      13.5,
      0.0,
      41.7,
      42.8,
      41.6,
      43.1,
      39.2,
      43.4,
      43.2,
      42.8,
      47.6,
      43.9,
      41.2,
      41.8,
      42.5,
      42.0,
      41.9,
      28.0,
      41.0
    ],
    [
      5.7,
      5.0,
      54.0,
      5.7,
      6.9,
      5.7,
      5.8,
      5.8,
      6.3,
      5.3,
      5.0,
      6.8,
      4.9,
      6.0,
      3.4,
      0.5,
      25.1,
      3.6,
      5.9,
      5.6,
      5.7,
      6.3,
      6.9,
      41.4,
      0.0,
      6.8,
      5.2,
      0.26,
      6.4,
      53.0,
      6.8,
      5.3,
      53.8,
      40.4,
      5.0,
      6.5,
      6.6,
      5.3,
      2.9,
      7.0,
      6.9,
      2.4,
      14.1,
      18.0,
      4.5,
      5.7,
      4.3,
      4.8,
      4.5,
      37.8,
      6.0
    ],
    [
      5.6,
      5.9,
      59.2,
      6.3,
      7.2,
      6.2,
      5.3,
      5.2,
      5.9,
      4.3,
      5.0,
      7.5,
      5.8,
      6.6,
      6.2,
      6.2,
      24.0,
      9.4,
      6.5,
      6.8,
      5.7,
      0.19,
      4.6,
      46.6,
      6.8,
      0.0,
      4.5,
      6.5,
      6.0,
      59.6,
      5.5,
      7.0,
      60.4,
      47.0,
      6.0,
      5.8,
      7.6,
      4.9,
      9.0,
      5.8,
      5.8,
      4.3,
      12.8,
      17.7,
      6.9,
      6.3,
      4.6,
      5.4,
      5.1,
      43.5,
      7.3
    ],
    [
      1.9,
      1.9,
      55.5,
      1.9,
      3.2,
      1.9,
      1.5,
      1.5,
      2.1,
      1.0,
      0.85,
      3.5,
      1.1,
      2.2,
      3.3,
      4.8,
      21.1,
      7.3,
      2.1,
      2.4,
      1.5,
      5.3,
      2.8,
      42.9,
      5.2,
      4.5,
      0.0,
      4.3,
      2.1,
      57.9,
      2.5,
      2.9,
      58.6,
      42.7,
      2.3,
      2.2,
      4.2,
      0.8,
      6.3,
      2.5,
      2.7,
      3.0,
      9.4,
      14.1,
      2.1,
      2.6,
      0.65,
      1.5,
      1.2,
      40.1,
      3.7
    ],
    [
      5.7,
      5.1,
      53.6,
      5.7,
      6.9,
      5.7,
      5.8,
      7.1,
      7.8,
      6.5,
      5.0,
      6.9,
      4.9,
      6.0,
      3.4,
      0.28,
      25.1,
      3.4,
      5.9,
      5.6,
      5.8,
      6.4,
      7.6,
      41.0,
      0.26,
      6.5,
      4.3,
      0.0,
      6.4,
      55.7,
      6.8,
      5.3,
      56.5,
      40.6,
      5.1,
      6.5,
      6.6,
      5.5,
      3.1,
      7.0,
      6.9,
      2.1,
      14.1,
      18.0,
      4.6,
      5.7,
      4.3,
      4.8,
      4.2,
      37.9,
      6.1
    ],
    [
      0.95,
      2.1,
      55.3,
      0.55,
      1.8,
      0.35,
      0.75,
      0.8,
      0.35,
      0.9,
      0.65,
      2.1,
      1.9,
      0.5,
      4.5,
      6.1,
      20.7,
      8.2,
      0.55,
      1.0,
      0.088,
      6.5,
      2.0,
      42.6,
      6.4,
      6.0,
      2.1,
      6.4,
      0.0,
      57.7,
      0.4,
      2.1,
      58.5,
      43.3,
      2.1,
      0.35,
      2.8,
      0.8,
      7.7,
      0.75,
      0.6,
      5.3,
      9.4,
      12.6,
      2.5,
      1.2,
      1.6,
      1.5,
      2.1,
      38.6,
      2.2
    ],
    [
      54.9,
      54.2,
      0.21,
      54.8,
      55.8,
      55.0,
      55.9,
      55.9,
      55.7,
      55.5,
      55.2,
      55.7,
      54.4,
      54.9,
      53.9,
      53.7,
      62.0,
      51.0,
      55.0,
      54.5,
      57.8,
      59.5,
      57.1,
      12.7,
      53.0,
      59.6,
      57.9,
      55.7,
      57.7,
      0.0,
      57.5,
      55.3,
      0.95,
      12.7,
      56.1,
      57.2,
      56.1,
      57.9,
      53.7,
      58.2,
      57.7,
      57.3,
      64.6,
      58.8,
      55.7,
      56.3,
      57.0,
      56.5,
      56.4,
      29.8,
      55.5
    ],
    [
      1.5,
      2.5,
      55.7,
      1.0,
      2.0,
      0.7,
      0.35,
      0.4,
      0.35,
      0.85,
      0.7,
      2.4,
      2.3,
      0.85,
      4.9,
      6.5,
      20.1,
      8.6,
      1.2,
      1.4,
      0.3,
      5.7,
      1.3,
      43.0,
      6.8,
      5.5,
      2.5,
      6.8,
      0.4,
      57.5,
      0.0,
      2.5,
      58.9,
      42.9,
      2.7,
      0.26,
      3.0,
      1.2,
      8.1,
      0.35,
      0.8,
      4.9,
      8.7,
      12.6,
      3.3,
      1.7,
      2.0,
      1.9,
      2.5,
      38.9,
      2.4
    ],
    [
      1.8,
      0.75,
      53.4,
      1.7,
      2.8,
      1.9,
      2.8,
      2.8,
      2.6,
      3.0,
      2.3,
      2.6,
      1.5,
      1.8,
      2.7,
      5.1,
      19.9,
      6.9,
      1.7,
      1.5,
      2.2,
      7.4,
      4.0,
      40.8,
      5.3,
      7.0,
      2.9,
      5.3,
      2.1,
      55.3,
      2.5,
      0.0,
      54.0,
      41.3,
      1.4,
      2.6,
      2.2,
      2.8,
      6.2,
      3.3,
      3.0,
      4.5,
      9.6,
      13.5,
      0.9,
      1.7,
      2.5,
      1.8,
      1.9,
      38.1,
      0.85
    ],
    [
      55.6,
      55.0,
      0.75,
      55.5,
      56.6,
      55.8,
      56.7,
      56.7,
      56.5,
      56.3,
      56.0,
      56.5,
      55.2,
      55.7,
      54.5,
      54.5,
      62.8,
      51.8,
      55.7,
      55.3,
      58.5,
      60.3,
      57.9,
      13.5,
      53.8,
      60.4,
      58.6,
      56.5,
      58.5,
      0.95,
      58.9,
      54.0,
      0.0,
      13.5,
      56.9,
      58.0,
      56.9,
      58.7,
      54.4,
      59.0,
      58.4,
      58.1,
      65.4,
      59.6,
      56.4,
      57.1,
      57.8,
      57.3,
      57.2,
      30.5,
      56.2
    ],
    [
      42.2,
      41.6,
      12.7,
      42.1,
      43.2,
      42.4,
      43.2,
      43.3,
      42.5,
      43.2,
      42.8,
      42.3,
      42.3,
      42.2,
      41.1,
      41.0,
      49.4,
      38.2,
      42.2,
      41.9,
      42.6,
      46.8,
      43.9,
      0.0,
      40.4,
      47.0,
      42.7,
      40.6,
      43.3,
      12.7,
      42.9,
      41.3,
      13.5,
      0.0,
      41.7,
      42.7,
      41.6,
      43.1,
      39.2,
      43.4,
      43.2,
      42.8,
      47.6,
      43.9,
      41.2,
      41.8,
      42.5,
      42.0,
      41.9,
      28.0,
      41.0
    ],
    [
      2.0,
      0.9,
      54.3,
      1.9,
      2.9,
      2.1,
      2.5,
      2.5,
      2.8,
      2.0,
      1.7,
      2.8,
      0.85,
      2.0,
      2.6,
      4.8,
      20.8,
      6.6,
      1.9,
      1.5,
      2.2,
      6.3,
      3.7,
      41.7,
      5.0,
      6.0,
      2.3,
      5.1,
      2.1,
      56.1,
      2.7,
      1.4,
      56.9,
      41.7,
      0.0,
      2.5,
      2.9,
      1.4,
      5.9,
      2.7,
      3.0,
      3.5,
      10.4,
      14.3,
      0.55,
      1.7,
      1.0,
      0.8,
      0.5,
      38.8,
      2.4
    ],
    [
      1.2,
      2.2,
      55.4,
      0.65,
      1.9,
      0.6,
      0.65,
      0.7,
      0.082,
      1.0,
      0.75,
      2.2,
      2.0,
      0.6,
      4.6,
      6.2,
      20.8,
      8.3,
      0.65,
      1.1,
      0.23,
      5.9,
      1.9,
      42.8,
      6.5,
      5.8,
      2.2,
      6.5,
      0.35,
      57.2,
      0.26,
      2.6,
      58.0,
      42.7,
      2.5,
      0.0,
      3.2,
      1.2,
      8.1,
      0.65,
      0.5,
      5.2,
      8.9,
      12.8,
      2.9,
      1.8,
      2.7,
      1.9,
      3.2,
      39.0,
      2.5
    ],
    [
      2.5,
      2.1,
      54.3,
      2.4,
      1.6,
      2.6,
      3.5,
      3.3,
      2.6,
      3.7,
      3.6,
      1.5,
      2.8,
      2.1,
      4.2,
      6.4,
      18.7,
      7.7,
      2.0,
      1.9,
      2.9,
      7.8,
      3.7,
      41.6,
      6.6,
      7.6,
      4.2,
      6.6,
      2.8,
      56.1,
      3.0,
      2.2,
      56.9,
      41.6,
      2.9,
      3.2,
      0.0,
      3.8,
      7.9,
      4.0,
      3.2,
      6.3,
      8.7,
      12.6,
      2.7,
      2.0,
      4.2,
      3.5,
      3.5,
      37.1,
      1.3
    ],
    [
      1.1,
      2.1,
      55.4,
      1.3,
      2.5,
      0.6,
      1.2,
      1.2,
      1.4,
      0.7,
      0.4,
      2.8,
      0.45,
      1.6,
      3.5,
      5.0,
      21.4,
      7.4,
      1.5,
      1.8,
      0.85,
      5.6,
      2.4,
      43.1,
      5.3,
      4.9,
      0.8,
      5.5,
      0.8,
      57.9,
      1.2,
      2.8,
      58.7,
      43.1,
      1.4,
      1.2,
      3.8,
      0.0,
      7.0,
      1.6,
      1.7,
      4.1,
      10.6,
      13.0,
      1.7,
      1.6,
      1.2,
      0.7,
      1.3,
      39.0,
      2.6
    ],
    [
      7.9,
      6.8,
      51.8,
      7.7,
      8.9,
      7.7,
      7.8,
      7.9,
      8.3,
      7.4,
      7.1,
      8.8,
      6.9,
      8.0,
      4.6,
      3.5,
      26.0,
      1.8,
      7.9,
      7.6,
      7.8,
      8.9,
      9.5,
      39.2,
      2.9,
      9.0,
      6.3,
      3.1,
      7.7,
      53.7,
      8.1,
      6.2,
      54.4,
      39.2,
      5.9,
      8.1,
      7.9,
      7.0,
      0.0,
      8.5,
      9.0,
      5.3,
      15.7,
      19.5,
      6.2,
      7.8,
      6.3,
      6.9,
      6.2,
      36.5,
      7.7
    ],
    [
      1.6,
      2.6,
      55.8,
      1.3,
      2.5,
      1.0,
      0.002,
      0.12,
      0.75,
      0.75,
      0.75,
      2.9,
      2.4,
      1.6,
      5.3,
      6.4,
      20.6,
      8.6,
      1.5,
      1.8,
      0.65,
      5.6,
      1.1,
      43.4,
      7.0,
      5.8,
      2.5,
      7.0,
      0.75,
      58.2,
      0.35,
      3.3,
      59.0,
      43.4,
      2.7,
      0.65,
      4.0,
      1.6,
      8.5,
      0.0,
      1.5,
      4.9,
      9.1,
      13.0,
      2.7,
      1.9,
      1.9,
      1.8,
      2.3,
      39.2,
      2.9
    ],
    [
      1.7,
      2.6,
      55.8,
      0.9,
      1.3,
      0.85,
      1.5,
      1.4,
      0.45,
      2.3,
      2.1,
      1.6,
      2.4,
      0.8,
      5.1,
      6.7,
      19.3,
      9.0,
      0.85,
      1.5,
      1.3,
      5.9,
      1.8,
      43.2,
      6.9,
      5.8,
      2.7,
      6.9,
      0.6,
      57.7,
      0.8,
      3.0,
      58.4,
      43.2,
      3.0,
      0.5,
      3.2,
      1.7,
      9.0,
      1.5,
      0.0,
      5.7,
      7.3,
      12.0,
      3.0,
      1.3,
      2.2,
      2.1,
      2.7,
      38.0,
      2.0
    ],
    [
      5.4,
      4.2,
      55.4,
      5.4,
      6.7,
      5.8,
      4.9,
      4.8,
      5.5,
      4.1,
      3.7,
      7.1,
      4.1,
      5.2,
      2.9,
      1.8,
      23.2,
      5.6,
      5.1,
      4.8,
      5.2,
      4.1,
      4.8,
      42.8,
      2.4,
      4.3,
      3.0,
      2.1,
      5.3,
      57.3,
      4.9,
      4.5,
      58.1,
      42.8,
      3.5,
      5.2,
      6.3,
      4.1,
      5.3,
      4.9,
      5.7,
      0.0,
      11.9,
      16.8,
      3.8,
      4.5,
      2.8,
      3.6,
      2.9,
      41.8,
      5.3
    ],
    [
      9.1,
      9.5,
      62.8,
      9.0,
      7.6,
      7.7,
      9.1,
      9.0,
      8.9,
      9.9,
      11.0,
      8.2,
      10.2,
      8.7,
      11.6,
      13.8,
      13.0,
      14.8,
      8.6,
      9.3,
      9.5,
      12.7,
      9.4,
      47.6,
      14.1,
      12.8,
      9.4,
      14.1,
      9.4,
      64.6,
      8.7,
      9.6,
      65.4,
      47.6,
      10.4,
      8.9,
      8.7,
      10.6,
      15.7,
      9.1,
      7.3,
      11.9,
      0.0,
      6.8,
      8.4,
      7.2,
      9.4,
      8.7,
      8.9,
      38.2,
      7.0
    ],
    [
      13.0,
      13.4,
      57.9,
      12.9,
      11.5,
      12.4,
      13.0,
      12.9,
      12.8,
      13.8,
      13.4,
      12.1,
      14.1,
      12.6,
      15.5,
      17.7,
      7.9,
      17.8,
      12.5,
      13.2,
      13.4,
      17.6,
      13.3,
      43.9,
      18.0,
      17.7,
      14.1,
      18.0,
      12.6,
      58.8,
      12.6,
      13.5,
      59.6,
      43.9,
      14.3,
      12.8,
      12.6,
      13.0,
      19.5,
      13.0,
      12.0,
      16.8,
      6.8,
      0.0,
      14.1,
      12.9,
      15.1,
      14.4,
      14.5,
      32.0,
      12.7
    ],
    [
      2.3,
      1.0,
      53.8,
      2.4,
      3.7,
      2.4,
      2.7,
      2.7,
      3.1,
      2.3,
      2.0,
      3.5,
      1.0,
      2.3,
      2.2,
      4.4,
      20.8,
      6.1,
      2.2,
      2.0,
      2.5,
      6.7,
      4.0,
      41.2,
      4.5,
      6.9,
      2.1,
      4.6,
      2.5,
      55.7,
      3.3,
      0.9,
      56.4,
      41.2,
      0.55,
      2.9,
      2.7,
      1.7,
      6.2,
      2.7,
      3.0,
      3.8,
      8.4,
      14.1,
      0.0,
      1.8,
      1.6,
      0.95,
      1.0,
      38.4,
      2.0
    ],
    [
      0.9,
      0.65,
      54.4,
      0.5,
      1.5,
      1.1,
      1.9,
      1.9,
      1.3,
      2.1,
      2.0,
      1.3,
      1.2,
      0.55,
      3.7,
      5.4,
      19.6,
      7.8,
      0.5,
      0.098,
      1.3,
      6.5,
      2.7,
      41.8,
      5.7,
      6.3,
      2.6,
      5.7,
      1.2,
      56.3,
      1.7,
      1.7,
      57.1,
      41.8,
      1.7,
      1.8,
      2.0,
      1.6,
      7.8,
      1.9,
      1.3,
      4.5,
      7.2,
      12.9,
      1.8,
      0.0,
      2.5,
      1.6,
      1.7,
      37.5,
      1.0
    ],
    [
      2.1,
      1.8,
      55.1,
      2.0,
      3.2,
      2.0,
      1.9,
      1.9,
      2.3,
      1.4,
      1.1,
      3.5,
      1.0,
      2.3,
      3.1,
      3.9,
      21.8,
      6.3,
      2.2,
      2.4,
      1.7,
      4.4,
      3.1,
      42.5,
      4.3,
      4.6,
      0.65,
      4.3,
      1.6,
      57.0,
      2.0,
      2.5,
      57.8,
      42.5,
      1.0,
      2.7,
      4.2,
      1.2,
      6.3,
      1.9,
      2.2,
      2.8,
      9.4,
      15.1,
      1.6,
      2.5,
      0.0,
      1.5,
      0.65,
      39.8,
      3.4
    ],
    [
      0.9,
      0.55,
      54.7,
      1.5,
      2.7,
      1.1,
      1.9,
      1.9,
      2.2,
      1.4,
      1.1,
      2.9,
      0.35,
      1.7,
      2.9,
      4.5,
      21.1,
      6.8,
      1.7,
      0.95,
      1.6,
      5.6,
      3.1,
      42.0,
      4.8,
      5.4,
      1.5,
      4.8,
      1.5,
      56.5,
      1.9,
      1.8,
      57.3,
      42.0,
      0.8,
      1.9,
      3.5,
      0.7,
      6.9,
      1.8,
      2.1,
      3.6,
      8.7,
      14.4,
      0.95,
      1.6,
      1.5,
      0.0,
      1.6,
      38.4,
      2.0
    ],
    [
      2.1,
      1.2,
      54.5,
      2.1,
      3.1,
      2.1,
      2.3,
      2.4,
      2.7,
      1.9,
      1.6,
      3.0,
      1.0,
      2.2,
      2.1,
      3.8,
      21.2,
      6.1,
      2.1,
      1.8,
      2.2,
      5.0,
      3.6,
      41.9,
      4.5,
      5.1,
      1.2,
      4.2,
      2.1,
      56.4,
      2.5,
      1.9,
      57.2,
      41.9,
      0.5,
      3.2,
      3.5,
      1.3,
      6.2,
      2.3,
      2.7,
      2.9,
      8.9,
      14.5,
      1.0,
      1.7,
      0.65,
      1.6,
      0.0,
      39.2,
      2.8
    ],
    [
      38.3,
      37.9,
      29.8,
      38.2,
      36.8,
      38.5,
      39.4,
      39.1,
      38.4,
      40.0,
      39.4,
      36.7,
      38.6,
      37.9,
      38.4,
      38.3,
      33.0,
      35.3,
      37.9,
      37.8,
      38.8,
      45.2,
      39.5,
      28.0,
      37.8,
      43.5,
      40.1,
      37.9,
      38.6,
      29.8,
      38.9,
      38.1,
      30.5,
      28.0,
      38.8,
      39.0,
      37.1,
      39.0,
      36.5,
      39.2,
      38.0,
      41.8,
      38.2,
      32.0,
      38.4,
      37.5,
      39.8,
      38.4,
      39.2,
      0.0,
      37.2
    ],
    [
      1.9,
      1.5,
      53.6,
      1.8,
      2.3,
      2.1,
      2.9,
      3.0,
      2.1,
      3.1,
      3.0,
      2.2,
      2.2,
      1.6,
      3.6,
      5.9,
      19.4,
      7.1,
      1.5,
      1.2,
      2.3,
      8.2,
      3.5,
      41.0,
      6.0,
      7.3,
      3.7,
      6.1,
      2.2,
      55.5,
      2.4,
      0.85,
      56.2,
      41.0,
      2.4,
      2.5,
      1.3,
      2.6,
      7.7,
      2.9,
      2.0,
      5.3,
      7.0,
      12.7,
      2.0,
      1.0,
      3.4,
      2.0,
      2.8,
      37.2,
      0.0
    ]
  ],
  "drive_time_matrix": [
    [
      0.0,
      10.0,
      90.0,
      7.0,
      5.0,
      8.0,
      6.0,
      7.0,
      4.0,
      5.0,
      14.0,
      5.0,
      15.0,
      3.0,
      12.0,
      14.0,
      28.0,
      19.0,
      8.0,
      11.0,
      12.0,
      15.0,
      8.0,
      70.0,
      13.0,
      14.0,
      5.0,
      14.0,
      12.0,
      89.0,
      5.0,
      5.0,
      92.0,
      70.0,
      6.0,
      4.0,
      7.0,
      14.0,
      19.0,
      5.0,
      6.0,
      13.0,
      17.0,
      22.0,
      8.0,
      11.0,
      6.0,
      11.0,
      6.0,
      63.0,
      5.0
    ],
    [
      10.0,
      0.0,
      89.0,
      12.0,
      7.0,
      5.0,
      9.0,
      10.0,
      7.0,
      8.0,
      7.0,
      8.0,
      10.0,
      6.0,
      9.0,
      13.0,
      27.0,
      16.0,
      13.0,
      7.0,
      7.0,
      15.0,
      12.0,
      69.0,
      12.0,
      14.0,
      6.0,
      13.0,
      7.0,
      89.0,
      8.0,
      9.0,
      92.0,
      69.0,
      11.0,
      7.0,
      6.0,
      7.0,
      17.0,
      9.0,
      9.0,
      12.0,
      16.0,
      21.0,
      12.0,
      8.0,
      5.0,
      7.0,
      4.0,
      62.0,
      5.0
    ],
    [
      90.0,
      89.0,
      0.0,
      83.0,
      85.0,
      83.0,
      86.0,
      87.0,
      85.0,
      86.0,
      85.0,
      85.0,
      84.0,
      84.0,
      82.0,
      84.0,
      90.0,
      77.0,
      84.0,
      82.0,
      85.0,
      93.0,
      90.0,
      19.0,
      83.0,
      93.0,
      87.0,
      83.0,
      85.0,
      3.0,
      86.0,
      80.0,
      9.0,
      19.0,
      85.0,
      85.0,
      83.0,
      85.0,
      78.0,
      87.0,
      87.0,
      88.0,
      95.0,
      86.0,
      84.0,
      83.0,
      86.0,
      86.0,
      85.0,
      40.0,
      80.0
    ],
    [
      7.0,
      12.0,
      83.0,
      0.0,
      4.0,
      7.0,
      5.0,
      5.0,
      8.0,
      5.0,
      4.0,
      4.0,
      3.0,
      2.0,
      11.0,
      15.0,
      27.0,
      18.0,
      3.0,
      6.0,
      7.0,
      15.0,
      7.0,
      69.0,
      13.0,
      14.0,
      5.0,
      14.0,
      7.0,
      89.0,
      3.0,
      5.0,
      91.0,
      69.0,
      6.0,
      8.0,
      7.0,
      4.0,
      18.0,
      4.0,
      11.0,
      13.0,
      17.0,
      21.0,
      8.0,
      6.0,
      6.0,
      4.0,
      6.0,
      62.0,
      5.0
    ],
    [
      5.0,
      7.0,
      85.0,
      4.0,
      0.0,
      6.0,
      6.0,
      7.0,
      6.0,
      8.0,
      7.0,
      2.0,
      7.0,
      5.0,
      13.0,
      18.0,
      23.0,
      20.0,
      5.0,
      5.0,
      6.0,
      16.0,
      8.0,
      71.0,
      17.0,
      15.0,
      9.0,
      17.0,
      5.0,
      91.0,
      6.0,
      7.0,
      93.0,
      71.0,
      9.0,
      6.0,
      5.0,
      8.0,
      21.0,
      6.0,
      5.0,
      14.0,
      13.0,
      18.0,
      10.0,
      5.0,
      11.0,
      8.0,
      10.0,
      59.0,
      6.0
    ],
    [
      8.0,
      5.0,
      83.0,
      7.0,
      6.0,
      0.0,
      12.0,
      13.0,
      8.0,
      10.0,
      7.0,
      5.0,
      4.0,
      7.0,
      11.0,
      14.0,
      27.0,
      18.0,
      7.0,
      4.0,
      5.0,
      15.0,
      7.0,
      69.0,
      13.0,
      14.0,
      5.0,
      14.0,
      4.0,
      89.0,
      8.0,
      5.0,
      91.0,
      69.0,
      6.0,
      7.0,
      7.0,
      7.0,
      18.0,
      12.0,
      11.0,
      12.0,
      16.0,
      20.0,
      8.0,
      3.0,
      7.0,
      14.0,
      6.0,
      62.0,
      6.0
    ],
    [
      6.0,
      9.0,
      86.0,
      5.0,
      6.0,
      12.0,
      0.0,
      1.0,
      9.0,
      10.0,
      10.0,
      6.0,
      5.0,
      6.0,
      12.0,
      15.0,
      26.0,
      18.0,
      6.0,
      7.0,
      8.0,
      12.0,
      13.0,
      72.0,
      14.0,
      12.0,
      4.0,
      14.0,
      9.0,
      91.0,
      4.0,
      8.0,
      94.0,
      71.0,
      8.0,
      8.0,
      10.0,
      4.0,
      18.0,
      1.0,
      6.0,
      11.0,
      17.0,
      21.0,
      8.0,
      6.0,
      5.0,
      5.0,
      7.0,
      64.0,
      9.0
    ],
    [
      7.0,
      10.0,
      87.0,
      5.0,
      7.0,
      13.0,
      1.0,
      0.0,
      10.0,
      10.0,
      10.0,
      7.0,
      5.0,
      6.0,
      13.0,
      16.0,
      26.0,
      19.0,
      7.0,
      7.0,
      9.0,
      12.0,
      14.0,
      72.0,
      14.0,
      12.0,
      5.0,
      16.0,
      10.0,
      92.0,
      5.0,
      9.0,
      94.0,
      72.0,
      8.0,
      9.0,
      10.0,
      4.0,
      19.0,
      1.0,
      6.0,
      11.0,
      17.0,
      21.0,
      9.0,
      7.0,
      6.0,
      6.0,
      7.0,
      64.0,
      9.0
    ],
    [
      4.0,
      7.0,
      85.0,
      8.0,
      6.0,
      8.0,
      9.0,
      10.0,
      0.0,
      6.0,
      10.0,
      5.0,
      6.0,
      8.0,
      14.0,
      17.0,
      25.0,
      20.0,
      9.0,
      5.0,
      3.0,
      14.0,
      6.0,
      72.0,
      16.0,
      13.0,
      6.0,
      17.0,
      4.0,
      91.0,
      4.0,
      7.0,
      93.0,
      72.0,
      8.0,
      1.0,
      7.0,
      5.0,
      20.0,
      9.0,
      6.0,
      13.0,
      16.0,
      20.0,
      10.0,
      5.0,
      7.0,
      7.0,
      8.0,
      62.0,
      7.0
    ],
    [
      5.0,
      8.0,
      86.0,
      5.0,
      8.0,
      10.0,
      10.0,
      10.0,
      6.0,
      0.0,
      4.0,
      8.0,
      4.0,
      6.0,
      11.0,
      14.0,
      27.0,
      17.0,
      6.0,
      7.0,
      11.0,
      10.0,
      6.0,
      73.0,
      13.0,
      10.0,
      13.0,
      14.0,
      12.0,
      92.0,
      11.0,
      8.0,
      95.0,
      73.0,
      6.0,
      12.0,
      10.0,
      9.0,
      17.0,
      10.0,
      7.0,
      10.0,
      18.0,
      22.0,
      7.0,
      6.0,
      4.0,
      5.0,
      5.0,
      65.0,
      9.0
    ],
    [
      14.0,
      7.0,
      85.0,
      4.0,
      7.0,
      7.0,
      10.0,
      10.0,
      10.0,
      4.0,
      0.0,
      8.0,
      11.0,
      6.0,
      9.0,
      12.0,
      28.0,
      15.0,
      6.0,
      6.0,
      8.0,
      11.0,
      10.0,
      71.0,
      11.0,
      11.0,
      11.0,
      12.0,
      8.0,
      90.0,
      9.0,
      7.0,
      93.0,
      71.0,
      5.0,
      10.0,
      9.0,
      5.0,
      16.0,
      10.0,
      7.0,
      11.0,
      19.0,
      24.0,
      6.0,
      5.0,
      3.0,
      14.0,
      4.0,
      64.0,
      8.0
    ],
    [
      5.0,
      8.0,
      85.0,
      4.0,
      2.0,
      5.0,
      6.0,
      7.0,
      5.0,
      8.0,
      8.0,
      0.0,
      7.0,
      5.0,
      12.0,
      17.0,
      23.0,
      19.0,
      5.0,
      4.0,
      6.0,
      16.0,
      9.0,
      69.0,
      16.0,
      16.0,
      9.0,
      17.0,
      6.0,
      88.0,
      6.0,
      6.0,
      91.0,
      69.0,
      8.0,
      6.0,
      4.0,
      8.0,
      19.0,
      7.0,
      5.0,
      15.0,
      12.0,
      17.0,
      9.0,
      4.0,
      10.0,
      8.0,
      8.0,
      58.0,
      5.0
    ],
    [
      15.0,
      10.0,
      84.0,
      3.0,
      7.0,
      4.0,
      5.0,
      5.0,
      6.0,
      4.0,
      11.0,
      7.0,
      0.0,
      4.0,
      8.0,
      12.0,
      27.0,
      15.0,
      4.0,
      4.0,
      5.0,
      14.0,
      10.0,
      68.0,
      12.0,
      13.0,
      14.0,
      12.0,
      4.0,
      87.0,
      5.0,
      5.0,
      90.0,
      68.0,
      10.0,
      4.0,
      7.0,
      6.0,
      15.0,
      7.0,
      6.0,
      11.0,
      17.0,
      21.0,
      12.0,
      3.0,
      12.0,
      4.0,
      13.0,
      62.0,
      6.0
    ],
    [
      3.0,
      6.0,
      84.0,
      2.0,
      5.0,
      7.0,
      6.0,
      6.0,
      8.0,
      6.0,
      6.0,
      5.0,
      4.0,
      0.0,
      11.0,
      15.0,
      25.0,
      17.0,
      1.0,
      7.0,
      7.0,
      14.0,
      7.0,
      67.0,
      14.0,
      14.0,
      6.0,
      14.0,
      6.0,
      87.0,
      10.0,
      5.0,
      89.0,
      67.0,
      6.0,
      7.0,
      5.0,
      5.0,
      16.0,
      5.0,
      10.0,
      13.0,
      15.0,
      20.0,
      7.0,
      7.0,
      7.0,
      5.0,
      6.0,
      61.0,
      5.0
    ],
    [
      12.0,
      9.0,
      82.0,
      11.0,
      13.0,
      11.0,
      12.0,
      13.0,
      14.0,
      11.0,
      9.0,
      12.0,
      8.0,
      11.0,
      0.0,
      10.0,
      31.0,
      11.0,
      12.0,
      10.0,
      13.0,
      13.0,
      15.0,
      67.0,
      9.0,
      13.0,
      9.0,
      9.0,
      12.0,
      86.0,
      14.0,
      8.0,
      90.0,
      67.0,
      8.0,
      13.0,
      11.0,
      10.0,
      10.0,
      15.0,
      15.0,
      9.0,
      21.0,
      26.0,
      7.0,
      11.0,
      8.0,
      9.0,
      7.0,
      68.0,
      11.0
    ],
    [
      14.0,
      13.0,
      84.0,
      15.0,
      18.0,
      14.0,
      15.0,
      16.0,
      17.0,
      14.0,
      12.0,
      17.0,
      12.0,
      15.0,
      10.0,
      0.0,
      35.0,
      9.0,
      14.0,
      13.0,
      15.0,
      13.0,
      15.0,
      67.0,
      6.0,
      13.0,
      12.0,
      3.0,
      14.0,
      85.0,
      15.0,
      12.0,
      88.0,
      66.0,
      11.0,
      15.0,
      14.0,
      13.0,
      8.0,
      15.0,
      16.0,
      5.0,
      25.0,
      29.0,
      10.0,
      13.0,
      9.0,
      11.0,
      9.0,
      68.0,
      13.0
    ],
    [
      28.0,
      27.0,
      90.0,
      27.0,
      23.0,
      27.0,
      26.0,
      26.0,
      25.0,
      27.0,
      28.0,
      23.0,
      27.0,
      25.0,
      31.0,
