{
  "drive_dist_matrix": [
    [
      0.0,
      22.0,
      287.0,
      23.9,
      37.6,
      26.5,
      39.2,
      27.2,
      32.2,
      31.2,
      24.4,
      22.6,
      41.4,
      13.8,
      24.2,
      32.1,
      24.2,
      38.6,
      22.6,
      18.4,
      21.8,
      38.8,
      33.2,
      25.1,
      16.9,
      27.8,
      37.5,
      16.8,
      39.2,
      42.5,
      23.7,
      34.2,
      27.5,
      21.2,
      1.9,
      286.0,
      281.0,
      13.8,
      23.4,
      21.9,
      12.7,
      17.5,
      275.0,
      22.6,
      278.0,
      31.3,
      32.6,
      279.0,
      23.4
    ],
    [
      22.0,
      0.0,
      0.65,
      0.75,
      25.5,
      22.5,
      27.0,
      20.2,
      13.2,
      12.2,
      18.6,
      0.45,
      21.7,
      25.4,
      0.4,
      20.0,
      16.6,
      26.5,
      0.4,
      30.1,
      3.3,
      26.6,
      21.1,
      27.7,
      28.6,
      8.8,
      25.3,
      28.5,
      27.0,
      22.8,
      2.3,
      17.1,
      8.5,
      0.65,
      23.9,
      267.0,
      261.0,
      20.5,
      19.4,
      4.8,
      24.3,
      29.2,
      256.0,
      25.2,
      259.0,
      12.3,
      13.5,
      260.0,
      3.3
    ],
    [
      287.0,
      0.65,
      0.0,
      1.0,
      291.0,
      288.0,
      293.0,
      285.0,
      279.0,
      278.0,
      284.0,
      1.1,
      287.0,
      290.0,
      0.75,
      286.0,
      282.0,
      292.0,
      1.1,
      295.0,
      2.8,
      292.0,
      287.0,
      293.0,
      294.0,
      4.6,
      291.0,
      293.0,
      293.0,
      289.0,
      1.8,
      283.0,
      4.7,
      0.5,
      289.0,
      41.0,
      35.8,
      285.0,
      285.0,
      4.6,
      289.0,
      294.0,
      29.9,
      290.0,
      33.3,
      278.0,
      279.0,
      34.3,
      2.1
    ],
    [
      23.9,
      0.75,
      1.0,
      0.0,
      25.3,
      22.3,
      26.9,
      20.9,
      13.0,
      12.1,
      18.5,
      0.7,
      21.6,
      26.2,
      0.35,
      19.8,
      16.4,
      26.3,
      0.65,
      30.8,
      4.2,
      26.5,
      21.0,
      28.5,
      29.3,
      8.6,
      25.2,
      29.2,
      26.9,
      22.7,
      1.0,
      17.0,
      8.4,
      1.0,
      24.6,
      267.0,
      262.0,
      21.0,
      19.3,
      4.7,
      25.0,
      29.9,
      256.0,
      25.9,
      260.0,
      12.1,
      13.4,
      261.0,
      3.1
    ],
    [
      37.6,
      25.5,
      291.0,
      25.3,
      0.0,
      18.8,
      7.9,
      37.5,
      28.5,
      27.5,
      14.9,
      26.7,
      19.4,
      42.6,
      24.1,
      3.4,
      12.0,
      7.3,
      26.7,
      47.3,
      26.9,
      7.5,
      3.6,
      45.0,
      45.8,
      23.2,
      0.13,
      45.7,
      7.9,
      19.4,
      23.6,
      8.8,
      23.8,
      25.3,
      39.6,
      290.0,
      285.0,
      28.1,
      15.7,
      20.6,
      41.5,
      46.4,
      279.0,
      42.5,
      282.0,
      27.6,
      18.8,
      284.0,
      23.3
    ],
    [
      26.5,
      22.5,
      288.0,
      22.3,
      18.8,
      0.0,
      20.4,
      34.8,
      31.6,
      30.7,
      7.7,
      23.9,
      26.1,
      34.8,
      23.7,
      13.0,
      8.1,
      19.8,
      23.9,
      39.5,
      24.1,
      20.0,
      14.1,
      42.3,
      38.0,
      27.2,
      18.7,
      37.9,
      20.4,
      26.1,
      23.1,
      15.4,
      27.0,
      22.6,
      30.6,
      287.0,
      282.0,
      17.7,
      5.6,
      17.9,
      33.7,
      38.6,
      276.0,
      39.7,
      280.0,
      30.8,
      25.5,
      281.0,
      22.8
    ],
    [
      39.2,
      27.0,
      293.0,
      26.9,
      7.9,
      20.4,
      0.0,
      39.1,
      30.0,
      29.1,
      16.4,
      28.2,
      18.7,
      44.2,
      25.7,
      6.3,
      13.6,
      3.2,
      28.2,
      48.8,
      28.4,
      3.4,
      6.9,
      46.6,
      47.4,
      24.8,
      7.8,
      47.2,
      0.04,
      18.7,
      25.2,
      10.3,
      25.4,
      26.9,
      41.1,
      292.0,
      286.0,
      29.6,
      17.3,
      22.2,
      43.1,
      47.9,
      281.0,
      44.1,
      284.0,
      29.2,
      20.4,
      285.0,
      24.9
    ],
    [
      27.2,
      20.2,
      285.0,
      20.9,
      37.5,
      34.8,
      39.1,
      0.0,
      30.5,
      29.5,
      30.6,
      20.9,
      39.7,
      20.6,
      22.5,
      32.0,
      28.5,
      38.4,
      20.8,
      13.0,
      19.3,
      38.6,
      33.1,
      12.0,
      23.8,
      26.0,
      37.3,
      23.7,
      39.0,
      40.8,
      22.0,
      35.1,
      25.8,
      19.5,
      21.3,
      284.0,
      279.0,
      27.4,
      31.4,
      22.1,
      19.5,
      24.4,
      273.0,
      9.5,
      277.0,
      29.6,
      30.8,
      278.0,
      21.7
    ],
    [
      32.2,
      13.2,
      279.0,
      13.0,
      28.5,
      31.6,
      30.0,
      30.5,
      0.0,
      0.9,
      27.7,
      14.4,
      24.0,
      35.6,
      10.8,
      25.6,
      25.7,
      29.0,
      14.3,
      40.3,
      14.5,
      29.2,
      26.5,
      37.9,
      38.8,
      7.7,
      27.9,
      38.7,
      29.6,
      25.1,
      10.3,
      19.4,
      7.4,
      13.0,
      34.1,
      278.0,
      273.0,
      30.3,
      28.5,
      13.9,
      34.5,
      39.4,
      267.0,
      35.4,
      270.0,
      3.2,
      12.7,
      271.0,
      10.0
    ],
    [
      31.2,
      12.2,
      278.0,
      12.1,
      27.5,
      30.7,
      29.1,
      29.5,
      0.9,
      0.0,
      26.8,
      13.4,
      23.1,
      34.7,
      9.9,
      24.6,
      24.7,
      28.0,
      13.4,
      39.3,
      13.6,
      28.2,
      25.6,
      37.0,
      37.9,
      6.7,
      26.9,
      37.7,
      28.6,
      24.2,
      9.3,
      18.5,
      6.5,
      12.0,
      33.1,
      277.0,
      272.0,
      29.3,
      27.6,
      13.0,
      33.6,
      38.4,
      266.0,
      34.5,
      269.0,
      2.2,
      11.7,
      270.0,
      9.0
    ],
    [
      24.4,
      18.6,
      284.0,
      18.5,
      14.9,
      7.7,
      16.4,
      30.6,
      27.7,
      26.8,
      0.0,
      20.0,
      22.2,
      36.0,
      19.8,
      9.1,
      4.2,
      15.9,
      20.0,
      40.6,
      20.2,
      16.1,
      10.2,
      38.4,
      39.2,
      23.3,
      14.8,
      39.0,
      16.5,
      22.2,
      19.3,
      11.5,
      23.1,
      18.7,
      28.4,
      284.0,
      278.0,
      15.6,
      4.6,
      14.0,
      34.9,
      39.7,
      272.0,
      35.9,
      276.0,
      26.9,
      21.6,
      277.0,
      19.0
    ],
    [
      22.6,
      0.45,
      1.1,
      0.7,
      26.7,
      23.9,
      28.2,
      20.9,
      14.4,
      13.4,
      20.0,
      0.0,
      23.2,
      26.1,
      0.4,
      20.6,
      18.0,
      27.9,
      0.039,
      30.7,
      4.0,
      28.1,
      21.8,
      28.4,
      29.3,
      10.2,
      26.8,
      29.1,
      28.5,
      23.5,
      3.0,
      18.6,
      9.9,
      1.1,
      24.5,
      267.0,
      262.0,
      21.2,
      20.9,
      5.5,
      25.0,
      29.8,
      256.0,
      25.8,
      260.0,
      13.7,
      15.0,
      261.0,
      3.9
    ],
    [
      41.4,
      21.7,
      287.0,
      21.6,
      19.4,
      26.1,
      18.7,
      39.7,
      24.0,
      23.1,
      22.2,
      23.2,
      0.0,
      45.0,
      20.2,
      17.0,
      19.3,
      16.3,
      23.7,
      49.7,
      23.9,
      18.4,
      17.9,
      47.3,
      48.2,
      19.3,
      19.3,
      48.1,
      18.8,
      2.0,
      19.6,
      11.7,
      19.9,
      21.7,
      43.4,
      287.0,
      282.0,
      35.4,
      23.0,
      23.3,
      43.9,
      48.8,
      276.0,
      44.8,
      279.0,
      23.6,
      14.9,
      281.0,
      19.3
    ],
    [
      13.8,
      25.4,
      290.0,
      26.2,
      42.6,
      34.8,
      44.2,
      20.6,
      35.6,
      34.7,
      36.0,
      26.1,
      45.0,
      0.0,
      27.7,
      37.0,
      33.6,
      43.5,
      26.0,
      12.2,
      25.3,
      43.7,
      38.2,
      23.4,
      5.3,
      31.2,
      42.4,
      3.3,
      44.1,
      46.0,
      27.1,
      40.3,
      31.0,
      24.7,
      12.7,
      290.0,
      284.0,
      19.9,
      29.5,
      27.3,
      6.5,
      5.9,
      278.0,
      20.9,
      282.0,
      34.7,
      36.0,
      283.0,
      26.8
    ],
    [
      24.2,
      0.4,
      0.75,
      0.35,
      24.1,
      23.7,
      25.7,
      22.5,
      10.8,
      9.9,
      19.8,
      0.4,
      20.2,
      27.7,
      0.0,
      19.6,
      16.1,
      26.0,
      0.35,
      30.5,
      3.9,
      26.2,
      20.7,
      28.2,
      29.1,
      8.3,
      24.9,
      28.9,
      26.6,
      22.4,
      1.9,
      16.7,
      8.1,
      0.75,
      24.3,
      267.0,
      262.0,
      20.8,
      19.0,
      4.4,
      24.8,
      29.6,
      256.0,
      25.7,
      260.0,
      11.9,
      13.1,
      261.0,
      2.9
    ],
    [
      32.1,
      20.0,
      286.0,
      19.8,
      3.4,
      13.0,
      6.3,
      32.0,
      25.6,
      24.6,
      9.1,
      20.6,
      17.0,
      37.0,
      19.6,
      0.0,
      6.3,
      5.7,
      21.2,
      41.9,
      21.5,
      5.9,
      1.4,
      39.6,
      40.4,
      20.8,
      3.2,
      40.3,
      6.3,
      17.0,
      21.2,
      6.4,
      21.5,
      19.9,
      34.1,
      285.0,
      280.0,
      22.7,
      10.0,
      15.2,
      36.1,
      41.0,
      274.0,
      37.1,
      277.0,
      25.2,
      16.5,
      278.0,
      20.9
    ],
    [
      24.2,
      16.6,
      282.0,
      16.4,
      12.0,
      8.1,
      13.6,
      28.5,
      25.7,
      24.7,
      4.2,
      18.0,
      19.3,
      33.6,
      16.1,
      6.3,
      0.0,
      13.2,
      18.1,
      38.7,
      18.3,
      13.4,
      7.5,
      36.5,
      37.3,
      21.4,
      12.1,
      37.1,
      13.8,
      19.5,
      17.4,
      8.8,
      21.2,
      16.8,
      31.0,
      282.0,
      276.0,
      16.2,
      5.2,
      12.1,
      33.0,
      37.8,
      271.0,
      34.0,
      274.0,
      25.0,
      18.9,
      275.0,
      17.1
    ],
    [
      38.6,
      26.5,
      292.0,
      26.3,
      7.3,
      19.8,
      3.2,
      38.4,
      29.0,
      28.0,
      15.9,
      27.9,
      16.3,
      43.5,
      26.0,
      5.7,
      13.2,
      0.0,
      27.6,
      48.2,
      27.9,
      1.1,
      6.3,
      46.0,
      46.8,
      24.2,
      7.2,
      46.7,
      3.2,
      16.2,
      24.6,
      9.7,
      24.8,
      26.3,
      40.5,
      291.0,
      286.0,
      27.8,
      16.7,
      21.6,
      42.5,
      47.4,
      280.0,
      43.5,
      283.0,
      28.6,
      19.8,
      284.0,
      24.3
    ],
    [
      22.6,
      0.4,
      1.1,
      0.65,
      26.7,
      23.9,
      28.2,
      20.8,
      14.3,
      13.4,
      20.0,
      0.039,
      23.7,
      26.0,
      0.35,
      21.2,
      18.1,
      27.6,
      0.0,
      30.7,
      3.9,
      27.2,
      21.7,
      28.3,
      29.2,
      9.4,
      25.9,
      29.1,
      27.6,
      23.4,
      2.9,
      17.7,
      9.1,
      1.1,
      24.5,
      267.0,
      262.0,
      21.1,
      20.0,
      5.4,
      24.9,
      29.8,
      256.0,
      25.8,
      260.0,
      12.9,
      14.1,
      261.0,
      3.9
    ],
    [
      18.4,
      30.1,
      295.0,
      30.8,
      47.3,
      39.5,
      48.8,
      13.0,
      40.3,
      39.3,
      40.6,
      30.7,
      49.7,
      12.2,
      30.5,
      41.9,
      38.7,
      48.2,
      30.7,
      0.0,
      28.6,
      48.3,
      42.8,
      12.0,
      13.6,
      34.5,
      47.0,
      15.2,
      48.7,
      50.6,
      30.5,
      43.6,
      34.3,
      29.3,
      17.3,
      294.0,
      289.0,
      24.5,
      34.1,
      30.6,
      9.3,
      14.2,
      283.0,
      9.4,
      286.0,
      39.4,
      40.7,
      288.0,
      31.5
    ],
    [
      21.8,
      3.3,
      2.8,
      4.2,
      26.9,
      24.1,
      28.4,
      19.3,
      14.5,
      13.6,
      20.2,
      4.0,
      23.9,
      25.3,
      3.9,
      21.5,
      18.3,
      27.9,
      3.9,
      28.6,
      0.0,
      27.6,
      22.1,
      27.5,
      28.4,
      9.7,
      26.3,
      28.3,
      28.0,
      23.8,
      4.6,
      18.1,
      9.5,
      2.1,
      23.7,
      267.0,
      262.0,
      20.3,
      20.4,
      5.8,
      24.1,
      29.0,
      256.0,
      25.0,
      259.0,
      13.3,
      14.5,
      260.0,
      4.3
    ],
    [
      38.8,
      26.6,
      292.0,
      26.5,
      7.5,
      20.0,
      3.4,
      38.6,
      29.2,
      28.2,
      16.1,
      28.1,
      18.4,
      43.7,
      26.2,
      5.9,
      13.4,
      1.1,
      27.2,
      48.3,
      27.6,
      0.0,
      6.5,
      46.2,
      47.0,
      24.4,
      7.4,
      46.9,
      3.4,
      18.3,
      24.8,
      9.9,
      25.0,
      26.5,
      40.7,
      291.0,
      286.0,
      28.0,
      16.9,
      21.8,
      42.7,
      47.6,
      280.0,
      43.7,
      284.0,
      28.8,
      20.0,
      285.0,
      24.5
    ],
    [
      33.2,
      21.1,
      287.0,
      21.0,
      3.6,
      14.1,
      6.9,
      33.1,
      26.5,
      25.6,
      10.2,
      21.8,
      17.9,
      38.2,
      20.7,
      1.4,
      7.5,
      6.3,
      21.7,
      42.8,
      22.1,
      6.5,
      0.0,
      40.8,
      41.5,
      21.7,
      3.4,
      41.4,
      6.9,
      17.9,
      22.1,
      7.3,
      22.4,
      21.0,
      35.3,
      286.0,
      281.0,
      22.2,
      11.1,
      16.4,
      37.2,
      42.1,
      275.0,
      38.2,
      278.0,
      26.1,
      17.4,
      279.0,
      21.8
    ],
    [
      25.1,
      27.7,
      293.0,
      28.5,
      45.0,
      42.3,
      46.6,
      12.0,
      37.9,
      37.0,
      38.4,
      28.4,
      47.3,
      23.4,
      28.2,
      39.6,
      36.5,
      46.0,
      28.3,
      12.0,
      27.5,
      46.2,
      40.8,
      0.0,
      26.6,
      33.5,
      44.8,
      26.5,
      46.5,
      48.3,
      29.5,
      42.6,
      33.3,
      27.0,
      24.1,
      292.0,
      287.0,
      31.2,
      38.9,
      29.6,
      22.3,
      27.2,
      281.0,
      5.7,
      284.0,
      37.1,
      38.3,
      285.0,
      29.2
    ],
    [
      16.9,
      28.6,
      294.0,
      29.3,
      45.8,
      38.0,
      47.4,
      23.8,
      38.8,
      37.9,
      39.2,
      29.3,
      48.2,
      5.3,
      29.1,
      40.4,
      37.3,
      46.8,
      29.2,
      13.6,
      28.4,
      47.0,
      41.5,
      26.6,
      0.0,
      36.3,
      47.5,
      4.4,
      49.2,
      49.2,
      30.3,
      45.4,
      36.1,
      27.9,
      17.8,
      293.0,
      287.0,
      23.1,
      34.6,
      32.4,
      5.5,
      0.55,
      282.0,
      26.0,
      285.0,
      39.9,
      41.1,
      286.0,
      30.0
    ],
    [
      27.8,
      8.8,
      4.6,
      8.6,
      23.2,
      27.2,
      24.8,
      26.0,
      7.7,
      6.7,
      23.3,
      10.2,
      19.3,
      31.2,
      8.3,
      20.8,
      21.4,
      24.2,
      9.4,
      34.5,
      9.7,
      24.4,
      21.7,
      33.5,
      36.3,
      0.0,
      22.9,
      33.7,
      24.6,
      20.1,
      5.3,
      14.4,
      0.35,
      8.0,
      29.1,
      273.0,
      268.0,
      25.3,
      23.5,
      8.9,
      29.5,
      34.4,
      262.0,
      30.4,
      265.0,
      6.4,
      7.7,
      266.0,
      3.0
    ],
    [
      37.5,
      25.3,
      291.0,
      25.2,
      0.13,
      18.7,
      7.8,
      37.3,
      27.9,
      26.9,
      14.8,
      26.8,
      19.3,
      42.4,
      24.9,
      3.2,
      12.1,
      7.2,
      25.9,
      47.0,
      26.3,
      7.4,
      3.4,
      44.8,
      47.5,
      22.9,
      0.0,
      45.6,
      7.8,
      19.3,
      23.5,
      8.6,
      23.7,
      25.2,
      39.4,
      290.0,
      285.0,
      26.6,
      15.6,
      20.5,
      41.4,
      46.3,
      279.0,
      42.4,
      282.0,
      27.5,
      18.7,
      283.0,
      23.2
    ],
    [
      16.8,
      28.5,
      293.0,
      29.2,
      45.7,
      37.9,
      47.2,
      23.7,
      38.7,
      37.7,
      39.0,
      29.1,
      48.1,
      3.3,
      28.9,
      40.3,
      37.1,
      46.7,
      29.1,
      15.2,
      28.3,
      46.9,
      41.4,
      26.5,
      4.4,
      33.7,
      45.6,
      0.0,
      47.1,
      49.0,
      30.2,
      43.3,
      34.0,
      27.7,
      15.7,
      293.0,
      287.0,
      22.9,
      32.5,
      30.3,
      9.5,
      4.9,
      281.0,
      23.9,
      285.0,
      37.8,
      39.0,
      286.0,
      29.9
    ],
    [
      39.2,
      27.0,
      293.0,
      26.9,
      7.9,
      20.4,
      0.04,
      39.0,
      29.6,
      28.6,
      16.5,
      28.5,
      18.8,
      44.1,
      26.6,
      6.3,
      13.8,
      3.2,
      27.6,
      48.7,
      28.0,
      3.4,
      6.9,
      46.5,
      49.2,
      24.6,
      7.8,
      47.1,
      0.0,
      18.7,
      25.2,
      10.3,
      25.4,
      26.9,
      41.1,
      292.0,
      286.0,
      28.3,
      17.3,
      22.2,
      43.1,
      47.9,
      281.0,
      44.1,
      284.0,
      29.2,
      20.4,
      285.0,
      24.9
    ],
    [
      42.5,
      22.8,
      289.0,
      22.7,
      19.4,
      26.1,
      18.7,
      40.8,
      25.1,
      24.2,
      22.2,
      23.5,
      2.0,
      46.0,
      22.4,
      17.0,
      19.5,
      16.2,
      23.4,
      50.6,
      23.8,
      18.3,
      17.9,
      48.3,
      49.2,
      20.1,
      19.3,
      49.0,
      18.7,
      0.0,
      20.7,
      13.6,
      21.0,
      22.8,
      44.5,
      288.0,
      283.0,
      35.3,
      22.9,
      24.4,
      45.0,
      49.9,
      277.0,
      45.9,
      281.0,
      24.7,
      16.0,
      282.0,
      20.4
    ],
    [
      23.7,
      2.3,
      1.8,
      1.0,
      23.6,
      23.1,
      25.2,
      22.0,
      10.3,
      9.3,
      19.3,
      3.0,
      19.6,
      27.1,
      1.9,
      21.2,
      17.4,
      24.6,
      2.9,
      30.5,
      4.6,
      24.8,
      22.1,
      29.5,
      30.3,
      5.3,
      23.5,
      30.2,
      25.2,
      20.7,
      0.0,
      14.7,
      5.4,
      3.0,
      24.9,
      268.0,
      263.0,
      21.3,
      19.6,
      5.0,
      25.3,
      30.2,
      257.0,
      26.2,
      260.0,
      9.2,
      10.4,
      261.0,
      0.35
    ],
    [
      34.2,
      17.1,
      283.0,
      17.0,
      8.8,
      15.4,
      10.3,
      35.1,
      19.4,
      18.5,
      11.5,
      18.6,
      11.7,
      40.3,
      16.7,
      6.4,
      8.8,
      9.7,
      17.7,
      43.6,
      18.1,
      9.9,
      7.3,
      42.6,
      45.4,
      14.4,
      8.6,
      43.3,
      10.3,
      13.6,
      14.7,
      0.0,
      15.3,
      17.8,
      36.2,
      283.0,
      277.0,
      24.3,
      12.3,
      17.3,
      38.1,
      43.0,
      272.0,
      39.1,
      275.0,
      19.0,
      10.3,
      276.0,
      14.8
    ],
    [
      27.5,
      8.5,
      4.7,
      8.4,
      23.8,
      27.0,
      25.4,
      25.8,
      7.4,
      6.5,
      23.1,
      9.9,
      19.9,
      31.0,
      8.1,
      21.5,
      21.2,
      24.8,
      9.1,
      34.3,
      9.5,
      25.0,
      22.4,
      33.3,
      36.1,
      0.35,
      23.7,
      34.0,
      25.4,
      21.0,
      5.4,
      15.3,
      0.0,
      7.2,
      28.3,
      272.0,
      267.0,
      24.5,
      22.8,
      8.2,
      28.8,
      33.6,
      261.0,
      29.7,
      264.0,
      6.7,
      8.0,
      265.0,
      2.6
    ],
    [
      21.2,
      0.65,
      0.5,
      1.0,
      25.3,
      22.6,
      26.9,
      19.5,
      13.0,
      12.0,
      18.7,
      1.1,
      21.7,
      24.7,
      0.75,
      19.9,
      16.8,
      26.3,
      1.1,
      29.3,
      2.1,
      26.5,
      21.0,
      27.0,
      27.9,
      8.0,
      25.2,
      27.7,
      26.9,
      22.8,
      3.0,
      17.8,
      7.2,
      0.0,
      23.1,
      266.0,
      261.0,
      19.8,
      19.5,
      4.9,
      23.6,
      28.4,
      255.0,
      24.5,
      258.0,
      12.3,
      13.6,
      259.0,
      3.3
    ],
    [
      1.9,
      23.9,
      289.0,
      24.6,
      39.6,
      30.6,
      41.1,
      21.3,
      34.1,
      33.1,
      28.4,
      24.5,
      43.4,
      12.7,
      24.3,
      34.1,
      31.0,
      40.5,
      24.5,
      17.3,
      23.7,
      40.7,
      35.3,
      24.1,
      17.8,
      29.1,
      39.4,
      15.7,
      41.1,
      44.5,
      24.9,
      36.2,
      28.3,
      23.1,
      0.0,
      288.0,
      283.0,
      15.7,
      25.3,
      23.8,
      11.6,
      16.4,
      277.0,
      21.5,
      280.0,
      33.2,
      34.4,
      281.0,
      25.3
    ],
    [
      286.0,
      267.0,
      41.0,
      267.0,
      290.0,
      287.0,
      292.0,
      284.0,
      278.0,
      277.0,
      284.0,
      267.0,
      287.0,
      290.0,
      267.0,
      285.0,
      282.0,
      291.0,
      267.0,
      294.0,
      267.0,
      291.0,
      286.0,
      292.0,
      293.0,
      273.0,
      290.0,
      293.0,
      292.0,
      288.0,
      268.0,
      283.0,
      272.0,
      266.0,
      288.0,
      0.0,
      7.9,
      284.0,
      284.0,
      270.0,
      288.0,
      293.0,
      21.1,
      289.0,
      24.5,
      277.0,
      278.0,
      7.3,
      268.0
    ],
    [
      281.0,
      261.0,
      35.8,
      262.0,
      285.0,
      282.0,
      286.0,
      279.0,
      273.0,
      272.0,
      278.0,
      262.0,
      282.0,
      284.0,
      262.0,
      280.0,
      276.0,
      286.0,
      262.0,
      289.0,
      262.0,
      286.0,
      281.0,
      287.0,
      287.0,
      268.0,
      285.0,
      287.0,
      286.0,
      283.0,
      263.0,
      277.0,
      267.0,
      261.0,
      283.0,
      7.9,
      0.0,
      279.0,
      279.0,
      264.0,
      283.0,
      288.0,
      15.8,
      284.0,
      19.2,
      272.0,
      273.0,
      2.0,
      263.0
    ],
    [
      13.8,
      20.5,
      285.0,
      21.0,
      28.1,
      17.7,
      29.6,
      27.4,
      30.3,
      29.3,
      15.6,
      21.2,
      35.4,
      19.9,
      20.8,
      22.7,
      16.2,
      27.8,
      21.1,
      24.5,
      20.3,
      28.0,
      22.2,
      31.2,
      23.1,
      25.3,
      26.6,
      22.9,
      28.3,
      35.3,
      21.3,
      24.3,
      24.5,
      19.8,
      15.7,
      284.0,
      279.0,
      0.0,
      14.644993999999999,
      16.5,
      21.0,
      25.910374,
      274.0,
      30.899327999999997,
      277.0,
      29.4,
      30.57746,
      278.0,
      21.5
    ],
    [
      23.4,
      19.4,
      285.0,
      19.3,
      15.7,
      5.6,
      17.3,
      31.4,
      28.5,
      27.6,
      4.6,
      20.9,
      23.0,
      29.5,
      19.0,
      10.0,
      5.2,
      16.7,
      20.0,
      34.1,
      20.4,
      16.9,
      11.1,
      38.9,
      34.6,
      23.5,
      15.6,
      32.5,
      17.3,
      22.9,
      19.6,
      12.3,
      22.8,
      19.5,
      25.3,
      284.0,
      279.0,
      14.644993999999999,
      0.0,
      14.8,
      35.7,
      40.555368,
      273.0,
      36.692952,
      277.0,
      27.7,
      22.369826,
      278.0,
      19.8
    ],
    [
      21.9,
      4.8,
      4.6,
      4.7,
      20.6,
      17.9,
      22.2,
      22.1,
      13.9,
      13.0,
      14.0,
      5.5,
      23.3,
      27.3,
      4.4,
      15.2,
      12.1,
      21.6,
      5.4,
      30.6,
      5.8,
      21.8,
      16.4,
      29.6,
      32.4,
      8.9,
      20.5,
      30.3,
      22.2,
      24.4,
      5.0,
      17.3,
      8.2,
      4.9,
      23.8,
      270.0,
      264.0,
      16.5,
      14.8,
      0.0,
      25.8,
      30.7,
      259.0,
      26.8,
      262.0,
      13.3,
      14.5,
      263.0,
      5.4
    ],
    [
      12.7,
      24.3,
      289.0,
      25.0,
      41.5,
      33.7,
      43.1,
      19.5,
      34.5,
      33.6,
      34.9,
      25.0,
      43.9,
      6.5,
      24.8,
      36.1,
      33.0,
      42.5,
      24.9,
      9.3,
      24.1,
      42.7,
      37.2,
      22.3,
      5.5,
      29.5,
      41.4,
      9.5,
      43.1,
      45.0,
      25.3,
      38.1,
      28.8,
      23.6,
      11.6,
      288.0,
      283.0,
      21.0,
      35.7,
      25.8,
      0.0,
      6.1,
      277.0,
      18.7,
      281.0,
      33.6,
      34.9,
      282.0,
      25.8
    ],
    [
      17.5,
      29.2,
      294.0,
      29.9,
      46.4,
      38.6,
      47.9,
      24.4,
      39.4,
      38.4,
      39.7,
      29.8,
      48.8,
      5.9,
      29.6,
      41.0,
      37.8,
      47.4,
      29.8,
      14.2,
      29.0,
      47.6,
      42.1,
      27.2,
      0.55,
      34.4,
      46.3,
      4.9,
      47.9,
      49.9,
      30.2,
      43.0,
      33.6,
      28.4,
      16.4,
      293.0,
      288.0,
      25.910374,
      40.555368,
      30.7,
      6.1,
      0.0,
      282.0,
      26.55411,
      286.0,
      40.4,
      41.681906,
      287.0,
      30.6
    ],
    [
      275.0,
      256.0,
      29.9,
      256.0,
      279.0,
      276.0,
      281.0,
      273.0,
      267.0,
      266.0,
      272.0,
      256.0,
      276.0,
      278.0,
      256.0,
      274.0,
      271.0,
      280.0,
      256.0,
      283.0,
      256.0,
      280.0,
      275.0,
      281.0,
      282.0,
      262.0,
      279.0,
      281.0,
      281.0,
      277.0,
      257.0,
      272.0,
      261.0,
      255.0,
      277.0,
      21.1,
      15.8,
      274.0,
      273.0,
      259.0,
      277.0,
      282.0,
      0.0,
      278.0,
      8.7,
      266.0,
      268.0,
      14.4,
      257.0
    ],
    [
      22.6,
      25.2,
      290.0,
      25.9,
      42.5,
      39.7,
      44.1,
      9.5,
      35.4,
      34.5,
      35.9,
      25.8,
      44.8,
      20.9,
      25.7,
      37.1,
      34.0,
      43.5,
      25.8,
      9.4,
      25.0,
      43.7,
      38.2,
      5.7,
      26.0,
      30.4,
      42.4,
      23.9,
      44.1,
      45.9,
      26.2,
      39.1,
      29.7,
      24.5,
      21.5,
      289.0,
      284.0,
      30.899327999999997,
      36.692952,
      26.8,
      18.7,
      26.55411,
      278.0,
      0.0,
      282.0,
      34.5,
      35.727348,
      283.0,
      26.6
    ],
    [
      278.0,
      259.0,
      33.3,
      260.0,
      282.0,
      280.0,
      284.0,
      277.0,
      270.0,
      269.0,
      276.0,
      260.0,
      279.0,
      282.0,
      260.0,
      277.0,
      274.0,
      283.0,
      260.0,
      286.0,
      259.0,
      284.0,
      278.0,
      284.0,
      285.0,
      265.0,
      282.0,
      285.0,
      284.0,
      281.0,
      260.0,
      275.0,
      264.0,
      258.0,
      280.0,
      24.5,
      19.2,
      277.0,
      277.0,
      262.0,
      281.0,
      286.0,
      8.7,
      282.0,
      0.0,
      270.0,
      271.0,
      17.8,
      261.0
    ],
    [
      31.3,
      12.3,
      278.0,
      12.1,
      27.6,
      30.8,
      29.2,
      29.6,
      3.2,
      2.2,
      26.9,
      13.7,
      23.6,
      34.7,
      11.9,
      25.2,
      25.0,
      28.6,
      12.9,
      39.4,
      13.3,
      28.8,
      26.1,
      37.1,
      39.9,
      6.4,
      27.5,
      37.8,
      29.2,
      24.7,
      9.2,
      19.0,
      6.7,
      12.3,
      33.2,
      277.0,
      272.0,
      29.4,
      27.7,
      13.3,
      33.6,
      40.4,
      266.0,
      34.5,
      270.0,
      0.0,
      11.8,
      270.0,
      9.1
    ],
    [
      32.6,
      13.5,
      279.0,
      13.4,
      18.8,
      25.5,
      20.4,
      30.8,
      12.7,
      11.7,
      21.6,
      15.0,
      14.9,
      36.0,
      13.1,
      16.5,
      18.9,
      19.8,
      14.1,
      40.7,
      14.5,
      20.0,
      17.4,
      38.3,
      41.1,
      7.7,
      18.7,
      39.0,
      20.4,
      16.0,
      10.4,
      10.3,
      8.0,
      13.6,
      34.4,
      278.0,
      273.0,
      30.57746,
      22.369826,
      14.5,
      34.9,
      41.681906,
      268.0,
      35.727348,
      271.0,
      11.8,
      0.0,
      272.0,
      10.5
    ],
    [
      279.0,
      260.0,
      34.3,
      261.0,
      284.0,
      281.0,
      285.0,
      278.0,
      271.0,
      270.0,
      277.0,
      261.0,
      281.0,
      283.0,
      261.0,
      278.0,
      275.0,
      284.0,
      261.0,
      288.0,
      260.0,
      285.0,
      279.0,
      285.0,
      286.0,
      266.0,
      283.0,
      286.0,
      285.0,
      282.0,
      261.0,
      276.0,
      265.0,
      259.0,
      281.0,
      7.3,
      2.0,
      278.0,
      278.0,
      263.0,
      282.0,
      287.0,
      14.4,
      283.0,
      17.8,
      270.0,
      272.0,
      0.0,
      261.0
    ],
    [
      23.4,
      3.3,
      2.1,
      3.1,
      23.3,
      22.8,
      24.9,
      21.7,
      10.0,
      9.0,
      19.0,
      3.9,
      19.3,
      26.8,
      2.9,
      20.9,
      17.1,
      24.3,
      3.9,
      31.5,
      4.3,
      24.5,
      21.8,
      29.2,
      30.0,
      3.0,
      23.2,
      29.9,
      24.9,
      20.4,
      0.35,
      14.8,
      2.6,
      3.3,
      25.3,
      268.0,
      263.0,
      21.5,
      19.8,
      5.4,
      25.8,
      30.6,
      257.0,
      26.6,
      261.0,
      9.1,
      10.5,
      261.0,
      0.0
    ]
  ],
  "drive_time_matrix": [
    [
      0.0,
      28.0,
      396.0,
      29.0,
      41.0,
      42.0,
      42.0,
      32.0,
      36.0,
      32.0,
      36.0,
      31.0,
      47.0,
      20.0,
      29.0,
      38.0,
      33.0,
      43.0,
      31.0,
      25.0,
      27.0,
      43.0,
      42.0,
      36.0,
      26.0,
      30.0,
      40.0,
      24.0,
      42.0,
      46.0,
      28.0,
      39.0,
      30.0,
      24.0,
      4.0,
      371.0,
      368.0,
      22.0,
      35.0,
      25.0,
      20.0,
      28.0,
      360.0,
      30.0,
      366.0,
      33.0,
      36.0,
      364.0,
      27.0
    ],
    [
      28.0,
      0.0,
      8.0,
      10.0,
      31.0,
      34.0,
      32.0,
      29.0,
      20.0,
      16.0,
      26.0,
      8.0,
      32.0,
      31.0,
      6.0,
      28.0,
      23.0,
      33.0,
      8.0,
      37.0,
      9.0,
      33.0,
      31.0,
      40.0,
      38.0,
      14.0,
      30.0,
      35.0,
      32.0,
      31.0,
      9.0,
      24.0,
      13.0,
      8.0,
      33.0,
      354.0,
      350.0,
      32.0,
      27.0,
      10.0,
      31.0,
      40.0,
      342.0,
      33.0,
      348.0,
      16.0,
      19.0,
      346.0,
      9.0
    ],
    [
      396.0,
      8.0,
      0.0,
      12.0,
      377.0,
      382.0,
      379.0,
      106.0,
      367.0,
      362.0,
      373.0,
      17.0,
      377.0,
      73.0,
      10.0,
      374.0,
      59.0,
      380.0,
      16.0,
      383.0,
      33.0,
      380.0,
      378.0,
      385.0,
      99.0,
      40.0,
      376.0,
      89.0,
      379.0,
      377.0,
      21.0,
      107.0,
      40.0,
      6.0,
      381.0,
      58.0,
      55.0,
      380.0,
      374.0,
      59.0,
      92.0,
      387.0,
      43.0,
      378.0,
      49.0,
      363.0,
      365.0,
      49.0,
      18.0
    ],
    [
      29.0,
      10.0,
      12.0,
      0.0,
      29.0,
      32.0,
      30.0,
      28.0,
      18.0,
      14.0,
      23.0,
      11.0,
      30.0,
      31.0,
      4.0,
      25.0,
      20.0,
      31.0,
      11.0,
      36.0,
      9.0,
      31.0,
      29.0,
      39.0,
      37.0,
      12.0,
      28.0,
      35.0,
      30.0,
      29.0,
      12.0,
      21.0,
      11.0,
      12.0,
      33.0,
      353.0,
      350.0,
      29.0,
      24.0,
      8.0,
      31.0,
      39.0,
      342.0,
      33.0,
      348.0,
      14.0,
      17.0,
      346.0,
      7.0
    ],
    [
      41.0,
      31.0,
      377.0,
      29.0,
      0.0,
      31.0,
      10.0,
      41.0,
      35.0,
      31.0,
      22.0,
      33.0,
      27.0,
      44.0,
      29.0,
      13.0,
      17.0,
      11.0,
      33.0,
      50.0,
      30.0,
      12.0,
      14.0,
      54.0,
      51.0,
      29.0,
      1.0,
      49.0,
      10.0,
      25.0,
      28.0,
      13.0,
      29.0,
      26.0,
      44.0,
      375.0,
      371.0,
      37.0,
      23.0,
      23.0,
      45.0,
      53.0,
      362.0,
      47.0,
      368.0,
      32.0,
      23.0,
      367.0,
      27.0
    ],
    [
      42.0,
      34.0,
      382.0,
      32.0,
      31.0,
      0.0,
      31.0,
      44.0,
      41.0,
      37.0,
      19.0,
      36.0,
      40.0,
      49.0,
      33.0,
      26.0,
      18.0,
      32.0,
      35.0,
      55.0,
      32.0,
      32.0,
      30.0,
      57.0,
      56.0,
      35.0,
      29.0,
      53.0,
      31.0,
      39.0,
      32.0,
      27.0,
      35.0,
      29.0,
      47.0,
      378.0,
      374.0,
      33.0,
      16.0,
      26.0,
      50.0,
      58.0,
      366.0,
      49.0,
      372.0,
      37.0,
      37.0,
      370.0,
      30.0
    ],
    [
      42.0,
      32.0,
      379.0,
      30.0,
      10.0,
      31.0,
      0.0,
      43.0,
      38.0,
      34.0,
      25.0,
      35.0,
      27.0,
      47.0,
      32.0,
      11.0,
      20.0,
      8.0,
      35.0,
      52.0,
      33.0,
      8.0,
      14.0,
      57.0,
      54.0,
      32.0,
      11.0,
      53.0,
      1.0,
      26.0,
      32.0,
      16.0,
      32.0,
      30.0,
      47.0,
      377.0,
      374.0,
      40.0,
      26.0,
      26.0,
      49.0,
      56.0,
      365.0,
      51.0,
      371.0,
      35.0,
      26.0,
      370.0,
      30.0
    ],
    [
      32.0,
      29.0,
      106.0,
      28.0,
      41.0,
      44.0,
      43.0,
      0.0,
      34.0,
      30.0,
      35.0,
      30.0,
      46.0,
      25.0,
      28.0,
      37.0,
      32.0,
      42.0,
      30.0,
      19.0,
      25.0,
      42.0,
      41.0,
      21.0,
      31.0,
      28.0,
      39.0,
      29.0,
      41.0,
      45.0,
      27.0,
      37.0,
      28.0,
      23.0,
      29.0,
      371.0,
      368.0,
      35.0,
      36.0,
      25.0,
      25.0,
      33.0,
      359.0,
      15.0,
      365.0,
      31.0,
      34.0,
      364.0,
      25.0
    ],
    [
      36.0,
      20.0,
      367.0,
      18.0,
      35.0,
      41.0,
      38.0,
      34.0,
      0.0,
      5.0,
      34.0,
      22.0,
      33.0,
      39.0,
      17.0,
      33.0,
      29.0,
      37.0,
      22.0,
      44.0,
      19.0,
      37.0,
      36.0,
      48.0,
      45.0,
      13.0,
      34.0,
      43.0,
      36.0,
      32.0,
      16.0,
      25.0,
      12.0,
      16.0,
      41.0,
      364.0,
      360.0,
      38.0,
      35.0,
      18.0,
      39.0,
      48.0,
      352.0,
      41.0,
      357.0,
      8.0,
      19.0,
      356.0,
      14.0
    ],
    [
      32.0,
      16.0,
      362.0,
      14.0,
      31.0,
      37.0,
      34.0,
      30.0,
      5.0,
      0.0,
      30.0,
      18.0,
      29.0,
      35.0,
      13.0,
      28.0,
      25.0,
      33.0,
      18.0,
      40.0,
      15.0,
      33.0,
      32.0,
      43.0,
      41.0,
      9.0,
      30.0,
      39.0,
      32.0,
      29.0,
      12.0,
      21.0,
      8.0,
      11.0,
      36.0,
      359.0,
      356.0,
      34.0,
      31.0,
      14.0,
      35.0,
      43.0,
      347.0,
      36.0,
      353.0,
      4.0,
      15.0,
      352.0,
      10.0
    ],
    [
      36.0,
      26.0,
      373.0,
      23.0,
      22.0,
      19.0,
      25.0,
      35.0,
      34.0,
      30.0,
      0.0,
      28.0,
      33.0,
      40.0,
      25.0,
      19.0,
      10.0,
      25.0,
      28.0,
      45.0,
      24.0,
      25.0,
      22.0,
      49.0,
      46.0,
      27.0,
      21.0,
      44.0,
      23.0,
      31.0,
      24.0,
      19.0,
      26.0,
      21.0,
      40.0,
      370.0,
      367.0,
      28.0,
      12.0,
      18.0,
      40.0,
      48.0,
      357.0,
      42.0,
      363.0,
      29.0,
      29.0,
      363.0,
      22.0
    ],
    [
      31.0,
      8.0,
      17.0,
      11.0,
      33.0,
      36.0,
      35.0,
      30.0,
      22.0,
      18.0,
      28.0,
      0.0,
      35.0,
      33.0,
      6.0,
      32.0,
      26.0,
      36.0,
      1.0,
      39.0,
      12.0,
      36.0,
      35.0,
      42.0,
      40.0,
      17.0,
      33.0,
      38.0,
      35.0,
      35.0,
      13.0,
      26.0,
      17.0,
      15.0,
      36.0,
      358.0,
      354.0,
      35.0,
      30.0,
      15.0,
      34.0,
      42.0,
      345.0,
      35.0,
      351.0,
      20.0,
      22.0,
      350.0,
      13.0
    ],
    [
      47.0,
      32.0,
      377.0,
      30.0,
      27.0,
      40.0,
      27.0,
      46.0,
      33.0,
      29.0,
      33.0,
      35.0,
      0.0,
      51.0,
      28.0,
      24.0,
      27.0,
      25.0,
      33.0,
      57.0,
      31.0,
      26.0,
      26.0,
      60.0,
      58.0,
      27.0,
      25.0,
      55.0,
      25.0,
      7.0,
      27.0,
      19.0,
      26.0,
      27.0,
      54.0,
      375.0,
      372.0,
      46.0,
      32.0,
      30.0,
      51.0,
      60.0,
      364.0,
      53.0,
      370.0,
      29.0,
      21.0,
      368.0,
      25.0
    ],
    [
      20.0,
      31.0,
      73.0,
      31.0,
      44.0,
      49.0,
      47.0,
      25.0,
      39.0,
      35.0,
      40.0,
      33.0,
      51.0,
      0.0,
      30.0,
      39.0,
      34.0,
      44.0,
      32.0,
      15.0,
      28.0,
      45.0,
      42.0,
      29.0,
      8.0,
      30.0,
      42.0,
      6.0,
      43.0,
      47.0,
      29.0,
      40.0,
      30.0,
      25.0,
      17.0,
      373.0,
      369.0,
      26.0,
      37.0,
      27.0,
      11.0,
      10.0,
      361.0,
      23.0,
      367.0,
      33.0,
      35.0,
      365.0,
      27.0
    ],
    [
      29.0,
      6.0,
      10.0,
      4.0,
      29.0,
      33.0,
      32.0,
      28.0,
      17.0,
      13.0,
      25.0,
      6.0,
      28.0,
      30.0,
      0.0,
      25.0,
      20.0,
      30.0,
      6.0,
      35.0,
      8.0,
      30.0,
      28.0,
      37.0,
      35.0,
      11.0,
      27.0,
      33.0,
      29.0,
      28.0,
      7.0,
      20.0,
      10.0,
      9.0,
      32.0,
      353.0,
      350.0,
      28.0,
      23.0,
      8.0,
      29.0,
      38.0,
      341.0,
      31.0,
      347.0,
      13.0,
      16.0,
      346.0,
      6.0
    ],
    [
      38.0,
      28.0,
      374.0,
      25.0,
      13.0,
      26.0,
      11.0,
      37.0,
      33.0,
      28.0,
      19.0,
      32.0,
      24.0,
      39.0,
      25.0,
      0.0,
      13.0,
      10.0,
      29.0,
      47.0,
      25.0,
      11.0,
      17.0,
      49.0,
      47.0,
      26.0,
      12.0,
      45.0,
      9.0,
      23.0,
      26.0,
      11.0,
      25.0,
      22.0,
      40.0,
      370.0,
      367.0,
      33.0,
      19.0,
      19.0,
      41.0,
      50.0,
      359.0,
      44.0,
      365.0,
      29.0,
      21.0,
      363.0,
      24.0
    ],
    [
      33.0,
      23.0,
      59.0,
      20.0,
      17.0,
      18.0,
      20.0,
      32.0,
      29.0,
      25.0,
      10.0,
      26.0,
      27.0,
      34.0,
      20.0,
      13.0,
      0.0,
      19.0,
      24.0,
      40.0,
      21.0,
      19.0,
      17.0,
      43.0,
      41.0,
      22.0,
      16.0,
      38.0,
      18.0,
      25.0,
      20.0,
      14.0,
      22.0,
      18.0,
      36.0,
      366.0,
      362.0,
      27.0,
      11.0,
      14.0,
      35.0,
      43.0,
      354.0,
      37.0,
      360.0,
      24.0,
      23.0,
      358.0,
      19.0
