{
  "drive_dist_matrix": [
    [
      0.0,
      24.3,
      79.2,
      32.8,
      11.5,
      24.9,
      15.1,
      16.4,
      15.8,
      16.3,
      16.3,
      17.4,
      84.7,
      82.6,
      12.7,
      48.5,
      19.9,
      17.5,
      46.5,
      18.6,
      15.7,
      17.6,
      24.6,
      17.3,
      25.7,
      7.4,
      75.5,
      12.4,
      9.2,
      73.4,
      86.0,
      14.6,
      49.4,
      16.7,
      42.8,
      6.1,
      18.8,
      66.0,
      193.0,
      14.9,
      11.5,
      151.0,
      1.8
    ],
    [
      24.3,
      0.0,
      69.4,
      42.6,
      8.5,
      1.8,
      6.2,
      4.2,
      7.2,
      4.4,
      29.9,
      5.3,
      60.2,
      47.6,
      9.1,
      63.8,
      2.5,
      5.4,
      61.7,
      5.0,
      5.2,
      5.5,
      3.2,
      5.2,
      2.9,
      16.1,
      65.7,
      12.8,
      21.3,
      61.1,
      76.3,
      7.6,
      64.7,
      7.3,
      45.6,
      15.2,
      10.5,
      39.9,
      155.0,
      5.8,
      8.4,
      134.0,
      24.8
    ],
    [
      79.2,
      69.4,
      0.0,
      103.0,
      78.5,
      68.9,
      71.7,
      69.6,
      74.0,
      70.3,
      78.9,
      72.2,
      25.7,
      108.0,
      80.0,
      82.4,
      69.2,
      72.2,
      80.3,
      69.9,
      70.7,
      72.4,
      68.6,
      72.0,
      69.7,
      76.2,
      16.5,
      70.8,
      71.6,
      85.2,
      16.7,
      73.1,
      83.3,
      72.5,
      51.1,
      78.1,
      78.3,
      24.8,
      215.0,
      71.3,
      78.5,
      163.0,
      77.8
    ],
    [
      32.8,
      42.6,
      103.0,
      0.0,
      33.4,
      40.3,
      35.2,
      36.5,
      34.4,
      36.4,
      40.5,
      41.5,
      102.0,
      85.8,
      28.8,
      61.7,
      39.7,
      41.6,
      59.7,
      38.4,
      35.8,
      41.3,
      39.1,
      37.0,
      40.1,
      30.7,
      97.6,
      38.4,
      34.1,
      96.6,
      108.0,
      32.8,
      62.6,
      35.1,
      65.5,
      29.8,
      33.9,
      82.9,
      196.0,
      35.0,
      33.2,
      166.0,
      31.3
    ],
    [
      11.5,
      8.5,
      78.5,
      33.4,
      0.0,
      7.7,
      2.0,
      3.3,
      5.3,
      3.7,
      22.5,
      4.8,
      84.9,
      48.7,
      3.5,
      55.8,
      7.1,
      4.9,
      53.8,
      3.3,
      2.7,
      5.0,
      4.3,
      4.6,
      7.5,
      5.8,
      75.6,
      12.6,
      13.8,
      65.3,
      86.1,
      4.2,
      56.8,
      1.6,
      42.9,
      5.8,
      7.8,
      66.1,
      156.0,
      2.8,
      0.35,
      135.0,
      17.3
    ],
    [
      24.9,
      1.8,
      68.9,
      40.3,
      7.7,
      0.0,
      4.8,
      2.8,
      5.8,
      3.0,
      30.8,
      3.9,
      59.6,
      47.0,
      7.7,
      61.2,
      1.0,
      4.0,
      59.2,
      3.6,
      3.8,
      2.9,
      1.8,
      3.7,
      1.5,
      11.4,
      65.2,
      10.3,
      22.2,
      60.6,
      75.7,
      6.2,
      62.1,
      5.9,
      43.0,
      16.2,
      9.1,
      39.3,
      155.0,
      4.4,
      7.0,
      133.0,
      25.7
    ],
    [
      15.1,
      6.2,
      71.7,
      35.2,
      2.0,
      4.8,
      0.0,
      1.8,
      3.8,
      1.8,
      24.1,
      2.9,
      61.5,
      46.7,
      4.4,
      55.9,
      3.8,
      2.9,
      53.9,
      2.7,
      0.75,
      3.1,
      2.7,
      2.7,
      3.4,
      7.5,
      67.0,
      10.3,
      15.5,
      62.4,
      77.6,
      2.9,
      56.9,
      2.1,
      44.6,
      8.8,
      5.8,
      41.2,
      154.0,
      0.8,
      2.1,
      133.0,
      19.0
    ],
    [
      16.4,
      4.2,
      69.6,
      36.5,
      3.3,
      2.8,
      1.8,
      0.0,
      5.3,
      1.2,
      28.3,
      3.4,
      60.0,
      48.1,
      5.5,
      60.4,
      2.1,
      3.4,
      58.4,
      1.3,
      1.6,
      3.6,
      1.0,
      3.2,
      2.0,
      8.6,
      65.6,
      9.5,
      19.7,
      61.0,
      76.1,
      4.1,
      61.3,
      2.5,
      42.2,
      9.9,
      8.6,
      39.7,
      156.0,
      2.3,
      3.2,
      134.0,
      18.8
    ],
    [
      15.8,
      7.2,
      74.0,
      34.4,
      5.3,
      5.8,
      3.8,
      5.3,
      0.0,
      4.6,
      31.3,
      4.2,
      64.9,
      47.4,
      4.0,
      56.4,
      5.4,
      4.3,
      54.3,
      6.6,
      4.3,
      4.4,
      6.1,
      4.1,
      5.0,
      10.1,
      70.5,
      21.1,
      22.4,
      64.1,
      81.0,
      1.2,
      57.3,
      5.9,
      51.5,
      9.2,
      3.3,
      44.6,
      155.0,
      3.6,
      5.1,
      133.0,
      18.1
    ],
    [
      16.3,
      4.4,
      70.3,
      36.4,
      3.7,
      3.0,
      1.8,
      1.2,
      4.6,
      0.0,
      31.2,
      2.3,
      60.7,
      46.3,
      4.7,
      56.3,
      3.0,
      2.3,
      54.2,
      2.4,
      0.9,
      2.5,
      1.9,
      2.1,
      2.7,
      10.0,
      66.3,
      10.3,
      17.0,
      61.7,
      76.8,
      3.1,
      57.2,
      2.7,
      43.1,
      9.1,
      6.0,
      40.4,
      154.0,
      1.3,
      3.6,
      132.0,
      18.0
    ],
    [
      16.3,
      29.9,
      78.9,
      40.5,
      22.5,
      30.8,
      24.1,
      28.3,
      31.3,
      31.2,
      0.0,
      26.8,
      77.3,
      91.1,
      28.0,
      34.1,
      26.9,
      26.8,
      32.1,
      25.5,
      24.6,
      27.0,
      26.3,
      26.6,
      27.3,
      21.1,
      73.3,
      21.5,
      10.2,
      82.4,
      83.8,
      29.9,
      35.0,
      23.6,
      41.2,
      21.4,
      31.0,
      58.5,
      202.0,
      24.5,
      22.6,
      160.0,
      15.3
    ],
    [
      17.4,
      5.3,
      72.2,
      41.5,
      4.8,
      3.9,
      2.9,
      3.4,
      4.2,
      2.3,
      26.8,
      0.0,
      62.3,
      44.9,
      6.4,
      57.8,
      3.1,
      0.093,
      55.8,
      5.6,
      2.3,
      0.27,
      4.1,
      0.24,
      3.4,
      11.6,
      67.8,
      15.0,
      24.4,
      61.6,
      78.4,
      4.4,
      58.8,
      4.3,
      47.8,
      10.7,
      7.3,
      42.0,
      152.0,
      2.9,
      5.1,
      131.0,
      19.6
    ],
    [
      84.7,
      60.2,
      25.7,
      102.0,
      84.9,
      59.6,
      61.5,
      60.0,
      64.9,
      60.7,
      77.3,
      62.3,
      0.0,
      91.4,
      85.3,
      81.8,
      60.1,
      63.2,
      79.8,
      60.8,
      61.6,
      63.3,
      59.6,
      62.9,
      60.7,
      81.4,
      12.0,
      76.1,
      71.1,
      45.3,
      30.1,
      64.0,
      82.7,
      63.4,
      50.6,
      83.3,
      69.3,
      22.1,
      199.0,
      62.2,
      83.8,
      115.0,
      77.3
    ],
    [
      82.6,
      47.6,
      108.0,
      85.8,
      48.7,
      47.0,
      46.7,
      48.1,
      47.4,
      46.3,
      91.1,
      44.9,
      91.4,
      0.0,
      53.0,
      119.0,
      46.5,
      44.9,
      117.0,
      51.7,
      46.3,
      44.9,
      54.7,
      45.1,
      46.8,
      58.7,
      104.0,
      57.5,
      84.1,
      53.1,
      115.0,
      51.3,
      120.0,
      48.2,
      88.0,
      57.2,
      47.8,
      73.5,
      120.0,
      46.3,
      48.6,
      116.0,
      66.8
    ],
    [
      12.7,
      9.1,
      80.0,
      28.8,
      3.5,
      7.7,
      4.4,
      5.5,
      4.0,
      4.7,
      28.0,
      6.4,
      85.3,
      53.0,
      0.0,
      53.5,
      7.5,
      6.4,
      51.5,
      5.4,
      4.9,
      6.5,
      6.1,
      6.1,
      7.1,
      7.3,
      85.8,
      15.3,
      13.5,
      65.9,
      96.4,
      2.0,
      54.5,
      4.2,
      53.7,
      6.4,
      5.5,
      71.0,
      161.0,
      3.9,
      3.1,
      140.0,
      15.3
    ],
    [
      48.5,
      63.8,
      82.4,
      61.7,
      55.8,
      61.2,
      55.9,
      60.4,
      56.4,
      56.3,
      34.1,
      57.8,
      81.8,
      119.0,
      53.5,
      0.0,
      60.2,
      58.0,
      2.6,
      58.8,
      56.2,
      58.2,
      65.0,
      57.8,
      66.1,
      49.7,
      77.2,
      52.9,
      44.1,
      96.0,
      87.8,
      55.1,
      1.3,
      55.9,
      39.1,
      52.9,
      59.3,
      62.3,
      226.0,
      55.4,
      54.3,
      174.0,
      50.8
    ],
    [
      19.9,
      2.5,
      69.2,
      39.7,
      7.1,
      1.0,
      3.8,
      2.1,
      5.4,
      3.0,
      26.9,
      3.1,
      60.1,
      46.5,
      7.5,
      60.2,
      0.0,
      3.4,
      58.3,
      2.7,
      3.0,
      3.5,
      1.1,
      3.2,
      0.65,
      10.5,
      64.9,
      9.4,
      19.6,
      60.3,
      75.5,
      5.6,
      61.2,
      5.1,
      42.1,
      13.6,
      8.5,
      39.1,
      154.0,
      3.6,
      6.2,
      133.0,
      23.1
    ],
    [
      17.5,
      5.4,
      72.2,
      41.6,
      4.9,
      4.0,
      2.9,
      3.4,
      4.3,
      2.3,
      26.8,
      0.093,
      63.2,
      44.9,
      6.4,
      58.0,
      3.4,
      0.0,
      55.9,
      5.7,
      2.4,
      0.4,
      4.2,
      0.22,
      3.5,
      11.7,
      67.9,
      15.1,
      24.5,
      61.7,
      78.5,
      4.5,
      58.9,
      4.4,
      47.9,
      10.8,
      7.4,
      42.1,
      152.0,
      2.9,
      5.2,
      131.0,
      19.7
    ],
    [
      46.5,
      61.7,
      80.3,
      59.7,
      53.8,
      59.2,
      53.9,
      58.4,
      54.3,
      54.2,
      32.1,
      55.8,
      79.8,
      117.0,
      51.5,
      2.6,
      58.3,
      55.9,
      0.0,
      56.8,
      54.2,
      56.1,
      63.0,
      55.8,
      64.1,
      47.7,
      75.2,
      50.9,
      42.1,
      94.0,
      85.8,
      53.1,
      3.4,
      53.9,
      37.1,
      50.9,
      57.3,
      60.2,
      224.0,
      53.4,
      52.3,
      171.0,
      48.7
    ],
    [
      18.6,
      5.0,
      69.9,
      38.4,
      3.3,
      3.6,
      2.7,
      1.3,
      6.6,
      2.4,
      25.5,
      5.6,
      60.8,
      51.7,
      5.4,
      58.8,
      2.7,
      5.7,
      56.8,
      0.0,
      3.0,
      5.0,
      1.7,
      4.6,
      2.3,
      9.3,
      65.6,
      8.4,
      18.4,
      61.0,
      76.2,
      5.4,
      60.3,
      2.2,
      41.2,
      12.3,
      8.5,
      39.8,
      156.0,
      3.8,
      3.3,
      135.0,
      21.9
    ],
    [
      15.7,
      5.2,
      70.7,
      35.8,
      2.7,
      3.8,
      0.75,
      1.6,
      4.3,
      0.9,
      24.6,
      2.3,
      61.6,
      46.3,
      4.9,
      56.2,
      3.0,
      2.4,
      54.2,
      3.0,
      0.0,
      2.5,
      2.4,
      2.1,
      3.0,
      8.4,
      66.8,
      10.6,
      16.5,
      62.2,
      77.3,
      2.5,
      57.2,
      2.5,
      41.3,
      9.1,
      5.4,
      40.9,
      154.0,
      0.65,
      3.0,
      132.0,
      18.0
    ],
    [
      17.6,
      5.5,
      72.4,
      41.3,
      5.0,
      2.9,
      3.1,
      3.6,
      4.4,
      2.5,
      27.0,
      0.27,
      63.3,
      44.9,
      6.5,
      58.2,
      3.5,
      0.4,
      56.1,
      5.0,
      2.5,
      0.0,
      3.9,
      0.35,
      3.2,
      11.7,
      67.6,
      14.8,
      24.2,
      61.7,
      78.2,
      4.5,
      58.9,
      4.4,
      47.6,
      10.8,
      7.4,
      41.8,
      152.0,
      3.0,
      5.2,
      131.0,
      19.7
    ],
    [
      24.6,
      3.2,
      68.6,
      39.1,
      4.3,
      1.8,
      2.7,
      1.0,
      6.1,
      1.9,
      26.3,
      4.1,
      59.6,
      54.7,
      6.1,
      65.0,
      1.1,
      4.2,
      63.0,
      1.7,
      2.4,
      3.9,
      0.0,
      3.4,
      0.65,
      11.2,
      64.8,
      9.4,
      19.9,
      60.2,
      75.4,
      4.5,
      61.3,
      3.5,
      42.2,
      10.3,
      8.8,
      39.0,
      155.0,
      2.7,
      4.2,
      134.0,
      19.2
    ],
    [
      17.3,
      5.2,
      72.0,
      37.0,
      4.6,
      3.7,
      2.7,
      3.2,
      4.1,
      2.1,
      26.6,
      0.24,
      62.9,
      45.1,
      6.1,
      57.8,
      3.2,
      0.22,
      55.8,
      4.6,
      2.1,
      0.35,
      3.4,
      0.0,
      3.3,
      11.5,
      67.8,
      14.9,
      24.3,
      61.5,
      78.3,
      4.3,
      58.7,
      4.2,
      47.7,
      10.6,
      7.2,
      41.9,
      152.0,
      2.8,
      5.0,
      131.0,
      19.5
    ],
    [
      25.7,
      2.9,
      69.7,
      40.1,
      7.5,
      1.5,
      3.4,
      2.0,
      5.0,
      2.7,
      27.3,
      3.4,
      60.7,
      46.8,
      7.1,
      66.1,
      0.65,
      3.5,
      64.1,
      2.3,
      3.0,
      3.2,
      0.65,
      3.3,
      0.0,
      11.2,
      65.8,
      10.6,
      20.8,
      61.2,
      76.3,
      4.5,
      58.4,
      3.5,
      43.3,
      10.4,
      8.7,
      39.9,
      155.0,
      2.7,
      4.2,
      134.0,
      19.2
    ],
    [
      7.4,
      16.1,
      76.2,
      30.7,
      5.8,
      11.4,
      7.5,
      8.6,
      10.1,
      10.0,
      21.1,
      11.6,
      81.4,
      58.7,
      7.3,
      49.7,
      10.5,
      11.7,
      47.7,
      9.3,
      8.4,
      11.7,
      11.2,
      11.5,
      11.2,
      0.0,
      71.6,
      8.5,
      6.6,
      69.5,
      82.1,
      9.1,
      49.5,
      7.7,
      38.9,
      3.3,
      13.3,
      62.1,
      166.0,
      8.0,
      6.1,
      147.0,
      10.0
    ],
    [
      75.5,
      65.7,
      16.5,
      97.6,
      75.6,
      65.2,
      67.0,
      65.6,
      70.5,
      66.3,
      73.3,
      67.8,
      12.0,
      104.0,
      85.8,
      77.2,
      64.9,
      67.9,
      75.2,
      65.6,
      66.8,
      67.6,
      64.8,
      67.8,
      65.8,
      71.6,
      0.0,
      66.0,
      66.8,
      56.6,
      19.2,
      68.3,
      78.5,
      67.7,
      46.4,
      73.3,
      73.6,
      22.2,
      201.0,
      66.5,
      73.7,
      126.0,
      73.0
    ],
    [
      12.4,
      12.8,
      70.8,
      38.4,
      12.6,
      10.3,
      10.3,
      9.5,
      21.1,
      10.3,
      21.5,
      15.0,
      76.1,
      57.5,
      15.3,
      52.9,
      9.4,
      15.1,
      50.9,
      8.4,
      10.6,
      14.8,
      9.4,
      14.9,
      10.6,
      8.5,
      66.0,
      0.0,
      16.2,
      62.9,
      78.1,
      18.6,
      56.4,
      9.3,
      24.4,
      13.7,
      23.9,
      41.7,
      165.0,
      16.8,
      14.1,
      140.0,
      19.4
    ],
    [
      9.2,
      21.3,
      71.6,
      34.1,
      13.8,
      22.2,
      15.5,
      19.7,
      22.4,
      17.0,
      10.2,
      24.4,
      71.1,
      84.1,
      13.5,
      44.1,
      19.6,
      24.5,
      42.1,
      18.4,
      16.5,
      24.2,
      19.9,
      24.3,
      20.8,
      6.6,
      66.8,
      16.2,
      0.0,
      76.4,
      77.9,
      22.8,
      45.5,
      15.1,
      35.3,
      8.2,
      22.6,
      52.6,
      195.0,
      16.0,
      14.1,
      154.0,
      7.4
    ],
    [
      73.4,
      61.1,
      85.2,
      96.6,
      65.3,
      60.6,
      62.4,
      61.0,
      64.1,
      61.7,
      82.4,
      61.6,
      45.3,
      53.1,
      65.9,
      96.0,
      60.3,
      61.7,
      94.0,
      61.0,
      62.2,
      61.7,
      60.2,
      61.5,
      61.2,
      69.5,
      56.6,
      62.9,
      76.4,
      0.0,
      91.4,
      63.5,
      96.6,
      62.9,
      64.4,
      71.1,
      62.6,
      50.0,
      144.0,
      61.7,
      64.0,
      90.4,
      81.8
    ],
    [
      86.0,
      76.3,
      16.7,
      108.0,
      86.1,
      75.7,
      77.6,
      76.1,
      81.0,
      76.8,
      83.8,
      78.4,
      30.1,
      115.0,
      96.4,
      87.8,
      75.5,
      78.5,
      85.8,
      76.2,
      77.3,
      78.2,
      75.4,
      78.3,
      76.3,
      82.1,
      19.2,
      78.1,
      77.9,
      91.4,
      0.0,
      79.9,
      90.1,
      79.3,
      57.9,
      84.9,
      85.1,
      41.4,
      222.0,
      78.1,
      85.3,
      169.0,
      84.6
    ],
    [
      14.6,
      7.6,
      73.1,
      32.8,
      4.2,
      6.2,
      2.9,
      4.1,
      1.2,
      3.1,
      29.9,
      4.4,
      64.0,
      51.3,
      2.0,
      55.1,
      5.6,
      4.5,
      53.1,
      5.4,
      2.5,
      4.5,
      4.5,
      4.3,
      4.5,
      9.1,
      68.3,
      18.6,
      22.8,
      63.5,
      79.9,
      0.0,
      56.6,
      5.3,
      50.1,
      8.5,
      3.6,
      44.4,
      156.0,
      3.1,
      4.6,
      135.0,
      17.4
    ],
    [
      49.4,
      64.7,
      83.3,
      62.6,
      56.8,
      62.1,
      56.9,
      61.3,
      57.3,
      57.2,
      35.0,
      58.8,
      82.7,
      120.0,
      54.5,
      1.3,
      61.2,
      58.9,
      3.4,
      60.3,
      57.2,
      58.9,
      61.3,
      58.7,
      58.4,
      49.5,
      78.5,
      56.4,
      45.5,
      96.6,
      90.1,
      56.6,
      0.0,
      56.8,
      40.0,
      53.8,
      60.2,
      63.2,
      227.0,
      56.3,
      55.3,
      174.0,
      51.7
    ],
    [
      16.7,
      7.3,
      72.5,
      35.1,
      1.6,
      5.9,
      2.1,
      2.5,
      5.9,
      2.7,
      23.6,
      4.3,
      63.4,
      48.2,
      4.2,
      55.9,
      5.1,
      4.4,
      53.9,
      2.2,
      2.5,
      4.4,
      3.5,
      4.2,
      3.5,
      7.7,
      67.7,
      9.3,
      15.1,
      62.9,
      79.3,
      5.3,
      56.8,
      0.0,
      39.4,
      8.2,
      7.8,
      42.4,
      156.0,
      3.0,
      1.2,
      135.0,
      18.2
    ],
    [
      42.8,
      45.6,
      51.1,
      65.5,
      42.9,
      43.0,
      44.6,
      42.2,
      51.5,
      43.1,
      41.2,
      47.8,
      50.6,
      88.0,
      53.7,
      39.1,
      42.1,
      47.9,
      37.1,
      41.2,
      41.3,
      47.6,
      42.2,
      47.7,
      43.3,
      38.9,
      46.4,
      24.4,
      35.3,
      64.4,
      57.9,
      50.1,
      40.0,
      39.4,
      0.0,
      40.1,
      49.0,
      31.4,
      195.0,
      42.4,
      40.6,
      143.0,
      40.4
    ],
    [
      6.1,
      15.2,
      78.1,
      29.8,
      5.8,
      16.2,
      8.8,
      9.9,
      9.2,
      9.1,
      21.4,
      10.7,
      83.3,
      57.2,
      6.4,
      52.9,
      13.6,
      10.8,
      50.9,
      12.3,
      9.1,
      10.8,
      10.3,
      10.6,
      10.4,
      3.3,
      73.3,
      13.7,
      8.2,
      71.1,
      84.9,
      8.5,
      53.8,
      8.2,
      40.1,
      0.0,
      12.3,
      65.9,
      165.0,
      8.4,
      7.3,
      144.0,
      10.1
    ],
    [
      18.8,
      10.5,
      78.3,
      33.9,
      7.8,
      9.1,
      5.8,
      8.6,
      3.3,
      6.0,
      31.0,
      7.3,
      69.3,
      47.8,
      5.5,
      59.3,
      8.5,
      7.4,
      57.3,
      8.5,
      5.4,
      7.4,
      8.8,
      7.2,
      8.7,
      13.3,
      73.6,
      23.9,
      22.6,
      62.6,
      85.1,
      3.6,
      60.2,
      7.8,
      49.0,
      12.3,
      0.0,
      46.2,
      156.0,
      5.2,
      6.7,
      135.0,
      20.9
    ],
    [
      66.0,
      39.9,
      24.8,
      82.9,
      66.1,
      39.3,
      41.2,
      39.7,
      44.6,
      40.4,
      58.5,
      42.0,
      22.1,
      73.5,
      71.0,
      62.3,
      39.1,
      42.1,
      60.2,
      39.8,
      40.9,
      41.8,
      39.0,
      41.9,
      39.9,
      62.1,
      22.2,
      41.7,
      52.6,
      50.0,
      41.4,
      44.4,
      63.2,
      42.4,
      31.4,
      65.9,
      46.2,
      0.0,
      180.0,
      43.4,
      64.9,
      128.0,
      58.5
    ],
    [
      193.0,
      155.0,
      215.0,
      196.0,
      156.0,
      155.0,
      154.0,
      156.0,
      155.0,
      154.0,
      202.0,
      152.0,
      199.0,
      120.0,
      161.0,
      226.0,
      154.0,
      152.0,
      224.0,
      156.0,
      154.0,
      152.0,
      155.0,
      152.0,
      155.0,
      166.0,
      201.0,
      165.0,
      195.0,
      144.0,
      222.0,
      156.0,
      227.0,
      156.0,
      195.0,
      165.0,
      156.0,
      180.0,
      0.0,
      154.0,
      156.0,
      129.0,
      175.0
    ],
    [
      14.9,
      5.8,
      71.3,
      35.0,
      2.8,
      4.4,
      0.8,
      2.3,
      3.6,
      1.3,
      24.5,
      2.9,
      62.2,
      46.3,
      3.9,
      55.4,
      3.6,
      2.9,
      53.4,
      3.8,
      0.65,
      3.0,
      2.7,
      2.8,
      2.7,
      8.0,
      66.5,
      16.8,
      16.0,
      61.7,
      78.1,
      3.1,
      56.3,
      3.0,
      42.4,
      8.4,
      5.2,
      43.4,
      154.0,
      0.0,
      2.5,
      133.0,
      17.0
    ],
    [
      11.5,
      8.4,
      78.5,
      33.2,
      0.35,
      7.0,
      2.1,
      3.2,
      5.1,
      3.6,
      22.6,
      5.1,
      83.8,
      48.6,
      3.1,
      54.3,
      6.2,
      5.2,
      52.3,
      3.3,
      3.0,
      5.2,
      4.2,
      5.0,
      4.2,
      6.1,
      73.7,
      14.1,
      14.1,
      64.0,
      85.3,
      4.6,
      55.3,
      1.2,
      40.6,
      7.3,
      6.7,
      64.9,
      156.0,
      2.5,
      0.0,
      135.0,
      17.8
    ],
    [
      151.0,
      134.0,
      163.0,
      166.0,
      135.0,
      133.0,
      133.0,
      134.0,
      133.0,
      132.0,
      160.0,
      131.0,
      115.0,
      116.0,
      140.0,
      174.0,
      133.0,
      131.0,
      171.0,
      135.0,
      132.0,
      131.0,
      134.0,
      131.0,
      134.0,
      147.0,
      126.0,
      140.0,
      154.0,
      90.4,
      169.0,
      135.0,
      174.0,
      135.0,
      143.0,
      144.0,
      135.0,
      128.0,
      129.0,
      133.0,
      135.0,
      0.0,
      153.0
    ],
    [
      1.8,
      24.8,
      77.8,
      31.3,
      17.3,
      25.7,
      19.0,
      18.8,
      18.1,
      18.0,
      15.3,
      19.6,
      77.3,
      66.8,
      15.3,
      50.8,
      23.1,
      19.7,
      48.7,
      21.9,
      18.0,
      19.7,
      19.2,
      19.5,
      19.2,
      10.0,
      73.0,
      19.4,
      7.4,
      81.8,
      84.6,
      17.4,
      51.7,
      18.2,
      40.4,
      10.1,
      20.9,
      58.5,
      175.0,
      17.0,
      17.8,
      153.0,
      0.0
    ]
  ],
  "drive_time_matrix": [
    [
      0.0,
      33.0,
      72.0,
      37.0,
      27.0,
      32.0,
      31.0,
      33.0,
      31.0,
      33.0,
      33.0,
      35.0,
      80.0,
      67.0,
      25.0,
      50.0,
      32.0,
      36.0,
      46.0,
      30.0,
      31.0,
      36.0,
      31.0,
      34.0,
      34.0,
      18.0,
      75.0,
      20.0,
      17.0,
      78.0,
      104.0,
      28.0,
      51.0,
      28.0,
      44.0,
      16.0,
      35.0,
      58.0,
      132.0,
      31.0,
      27.0,
      126.0,
      22.0
    ],
    [
      33.0,
      0.0,
      69.0,
      51.0,
      20.0,
      5.0,
      18.0,
      13.0,
      18.0,
      13.0,
      48.0,
      16.0,
      76.0,
      54.0,
      26.0,
      63.0,
      8.0,
      16.0,
      59.0,
      13.0,
      15.0,
      16.0,
      9.0,
      15.0,
      8.0,
      27.0,
      71.0,
      24.0,
      30.0,
      67.0,
      100.0,
      20.0,
      64.0,
      18.0,
      51.0,
      25.0,
      26.0,
      55.0,
      120.0,
      17.0,
      21.0,
      115.0,
      34.0
    ],
    [
      72.0,
      69.0,
      0.0,
      86.0,
      74.0,
      67.0,
      75.0,
      70.0,
      78.0,
      71.0,
      77.0,
      76.0,
      44.0,
      81.0,
      79.0,
      68.0,
      69.0,
      76.0,
      65.0,
      70.0,
      72.0,
      76.0,
      66.0,
      75.0,
      68.0,
      73.0,
      32.0,
      65.0,
      62.0,
      78.0,
      54.0,
      79.0,
      69.0,
      76.0,
      47.0,
      73.0,
      80.0,
      39.0,
      148.0,
      75.0,
      74.0,
      126.0,
      72.0
    ],
    [
      37.0,
      51.0,
      86.0,
      0.0,
      41.0,
      49.0,
      46.0,
      48.0,
      42.0,
      47.0,
      45.0,
      51.0,
      90.0,
      66.0,
      36.0,
      56.0,
      48.0,
      52.0,
      53.0,
      46.0,
      46.0,
      51.0,
      49.0,
      50.0,
      49.0,
      35.0,
      84.0,
      39.0,
      32.0,
      92.0,
      113.0,
      40.0,
      57.0,
      46.0,
      54.0,
      33.0,
      43.0,
      68.0,
      130.0,
      46.0,
      43.0,
      127.0,
      34.0
    ],
    [
      27.0,
      20.0,
      74.0,
      41.0,
      0.0,
      17.0,
      8.0,
      11.0,
      16.0,
      12.0,
      39.0,
      17.0,
      81.0,
      54.0,
      11.0,
      55.0,
      16.0,
      17.0,
      51.0,
      11.0,
      9.0,
      18.0,
      14.0,
      16.0,
      16.0,
      15.0,
      75.0,
      20.0,
      21.0,
      75.0,
      104.0,
      13.0,
      56.0,
      5.0,
      44.0,
      17.0,
      23.0,
      59.0,
      120.0,
      10.0,
      1.0,
      116.0,
      25.0
    ],
    [
      32.0,
      5.0,
      67.0,
      49.0,
      17.0,
      0.0,
      15.0,
      9.0,
      14.0,
      9.0,
      50.0,
      12.0,
      76.0,
      49.0,
      23.0,
      62.0,
      13.0,
      12.0,
      59.0,
      9.0,
      11.0,
      12.0,
      5.0,
      11.0,
      5.0,
      26.0,
      71.0,
      23.0,
      32.0,
      67.0,
      100.0,
      16.0,
      63.0,
      14.0,
      50.0,
      26.0,
      22.0,
      54.0,
      115.0,
      14.0,
      17.0,
      111.0,
      36.0
    ],
    [
      31.0,
      18.0,
      75.0,
      46.0,
      8.0,
      15.0,
      0.0,
      8.0,
      11.0,
      7.0,
      45.0,
      11.0,
      81.0,
      48.0,
      14.0,
      61.0,
      13.0,
      12.0,
      57.0,
      9.0,
      4.0,
      12.0,
      11.0,
      10.0,
      11.0,
      20.0,
      76.0,
      26.0,
      28.0,
      73.0,
      105.0,
      9.0,
      62.0,
      8.0,
      51.0,
      20.0,
      19.0,
      60.0,
      114.0,
      11.0,
      8.0,
      110.0,
      32.0
    ],
    [
      33.0,
      13.0,
      70.0,
      48.0,
      11.0,
      9.0,
      8.0,
      0.0,
      14.0,
      5.0,
      49.0,
      12.0,
      75.0,
      51.0,
      18.0,
      61.0,
      8.0,
      12.0,
      58.0,
      4.0,
      6.0,
      12.0,
      14.0,
      11.0,
      6.0,
      24.0,
      70.0,
      22.0,
      31.0,
      66.0,
      99.0,
      13.0,
      62.0,
      9.0,
      49.0,
      23.0,
      22.0,
      54.0,
      117.0,
      9.0,
      12.0,
      112.0,
      35.0
    ],
    [
      31.0,
      18.0,
      78.0,
      42.0,
      16.0,
      14.0,
      11.0,
      14.0,
      0.0,
      11.0,
      44.0,
      11.0,
      86.0,
      51.0,
      12.0,
      58.0,
      13.0,
      12.0,
      54.0,
      18.0,
      11.0,
      12.0,
      16.0,
      10.0,
      12.0,
      20.0,
      81.0,
      30.0,
      31.0,
      78.0,
      110.0,
      4.0,
      59.0,
      16.0,
      54.0,
      18.0,
      8.0,
      65.0,
      116.0,
      10.0,
      15.0,
      112.0,
      29.0
    ],
    [
      33.0,
      13.0,
      71.0,
      47.0,
      12.0,
      9.0,
      7.0,
      5.0,
      11.0,
      0.0,
      47.0,
      8.0,
      77.0,
      47.0,
      15.0,
      61.0,
      9.0,
      8.0,
      58.0,
      9.0,
      13.0,
      9.0,
      7.0,
      7.0,
      7.0,
      23.0,
      72.0,
      26.0,
      32.0,
      68.0,
      101.0,
      9.0,
      62.0,
      10.0,
      53.0,
      21.0,
      19.0,
      56.0,
      113.0,
      5.0,
      12.0,
      108.0,
      32.0
    ],
    [
      33.0,
      48.0,
      77.0,
      45.0,
      39.0,
      50.0,
      45.0,
      49.0,
      44.0,
      47.0,
      0.0,
      52.0,
      84.0,
      78.0,
      41.0,
      40.0,
      43.0,
      53.0,
      37.0,
      41.0,
      42.0,
      53.0,
      43.0,
      50.0,
      43.0,
      36.0,
      78.0,
      34.0,
      24.0,
      87.0,
      107.0,
      44.0,
      41.0,
      39.0,
      48.0,
      36.0,
      49.0,
      62.0,
      142.0,
      43.0,
      37.0,
      135.0,
      33.0
    ],
    [
      35.0,
      16.0,
      76.0,
      51.0,
      17.0,
      12.0,
      11.0,
      12.0,
      11.0,
      8.0,
      52.0,
      0.0,
      84.0,
      44.0,
      19.0,
      65.0,
      11.0,
      1.0,
      61.0,
      15.0,
      9.0,
      3.0,
      14.0,
      3.0,
      10.0,
      27.0,
      79.0,
      27.0,
      34.0,
      72.0,
      108.0,
      13.0,
      66.0,
      15.0,
      54.0,
      24.0,
      19.0,
      63.0,
      110.0,
      12.0,
      18.0,
      106.0,
      36.0
    ],
    [
      80.0,
      76.0,
      44.0,
      90.0,
      81.0,
      76.0,
      81.0,
      75.0,
      86.0,
      77.0,
      84.0,
      84.0,
      0.0,
      78.0,
      85.0,
      74.0,
      77.0,
      84.0,
      71.0,
      78.0,
      80.0,
      84.0,
      73.0,
      83.0,
      76.0,
      79.0,
      22.0,
      70.0,
      68.0,
      65.0,
      71.0,
      87.0,
      75.0,
      84.0,
      54.0,
      79.0,
      87.0,
      29.0,
      145.0,
      82.0,
      80.0,
      109.0,
      78.0
    ],
    [
      67.0,
      54.0,
      81.0,
      66.0,
      54.0,
      49.0,
      48.0,
      51.0,
      51.0,
      47.0,
      78.0,
      44.0,
      78.0,
      0.0,
      55.0,
      85.0,
      50.0,
      47.0,
      82.0,
      53.0,
      50.0,
      48.0,
      52.0,
      49.0,
      49.0,
      57.0,
      84.0,
      55.0,
      64.0,
      61.0,
      112.0,
      52.0,
      86.0,
      55.0,
      64.0,
      55.0,
      49.0,
      58.0,
      93.0,
      50.0,
      56.0,
      94.0,
      63.0
    ],
    [
      25.0,
      26.0,
      79.0,
      36.0,
      11.0,
      23.0,
      14.0,
      18.0,
      12.0,
      15.0,
      41.0,
      19.0,
      85.0,
      55.0,
      0.0,
      52.0,
      21.0,
      19.0,
      49.0,
      17.0,
      15.0,
      20.0,
      20.0,
      18.0,
      19.0,
      15.0,
      80.0,
      25.0,
      27.0,
      81.0,
      109.0,
      9.0,
      53.0,
      13.0,
      50.0,
      13.0,
      16.0,
      64.0,
      121.0,
      14.0,
      9.0,
      116.0,
      24.0
    ],
    [
      50.0,
      63.0,
      68.0,
      56.0,
      55.0,
      62.0,
      61.0,
      61.0,
      58.0,
      61.0,
      40.0,
      65.0,
      74.0,
      85.0,
      52.0,
      0.0,
      62.0,
      66.0,
      5.0,
      60.0,
      61.0,
      66.0,
      59.0,
      64.0,
      62.0,
      51.0,
      70.0,
      48.0,
      44.0,
      83.0,
      99.0,
      58.0,
      3.0,
      61.0,
      39.0,
      51.0,
      65.0,
      53.0,
      152.0,
      61.0,
      56.0,
      131.0,
      51.0
    ],
    [
      32.0,
      8.0,
      69.0,
      48.0,
      16.0,
      13.0,
      13.0,
      8.0,
      13.0,
      9.0,
      43.0,
      11.0,
      77.0,
      50.0,
      21.0,
      62.0,
      0.0,
      11.0,
      56.0,
      6.0,
      10.0,
      11.0,
      15.0,
      10.0,
      8.0,
      23.0,
      69.0,
      20.0,
      29.0,
      66.0,
      98.0,
      16.0,
      60.0,
      11.0,
      47.0,
      23.0,
      21.0,
      53.0,
      115.0,
      13.0,
      14.0,
      110.0,
      33.0
    ],
    [
      36.0,
      16.0,
      76.0,
      52.0,
      17.0,
      12.0,
      12.0,
      12.0,
      12.0,
      8.0,
      53.0,
      1.0,
      84.0,
      47.0,
      19.0,
      66.0,
      11.0,
      0.0,
      62.0,
      16.0,
      10.0,
      5.0,
      14.0,
      3.0,
      11.0,
      27.0,
      80.0,
      28.0,
      35.0,
      72.0,
      109.0,
      14.0,
      66.0,
      15.0,
      54.0,
      25.0,
      20.0,
      63.0,
      111.0,
      12.0,
      19.0,
      106.0,
      36.0
    ],
    [
      46.0,
      59.0,
      65.0,
      53.0,
      51.0,
      59.0,
      57.0,
      58.0,
      54.0,
      58.0,
      37.0,
      61.0,
      71.0,
      82.0,
      49.0,
      5.0,
      56.0,
      62.0,
      0.0,
      56.0,
      57.0,
      62.0,
      55.0,
      61.0,
      58.0,
      47.0,
      66.0,
      44.0,
      41.0,
      79.0,
      95.0,
      54.0,
      6.0,
      57.0,
      35.0,
      47.0,
      61.0,
      50.0,
      148.0,
      57.0,
      52.0,
      127.0,
      47.0
    ],
    [
      30.0,
      13.0,
      70.0,
      46.0,
      11.0,
      9.0,
      9.0,
      4.0,
      18.0,
      9.0,
      41.0,
      15.0,
      78.0,
      53.0,
      17.0,
      60.0,
      6.0,
      16.0,
      56.0,
      0.0,
      9.0,
      15.0,
      6.0,
      14.0,
      7.0,
      23.0,
      71.0,
      19.0,
      27.0,
      67.0,
      100.0,
      16.0,
      59.0,
      8.0,
      45.0,
      21.0,
      25.0,
      55.0,
      118.0,
      12.0,
      12.0,
      114.0,
      31.0
    ],
    [
      31.0,
      15.0,
      72.0,
      46.0,
      9.0,
      11.0,
      4.0,
      6.0,
      11.0,
      13.0,
      42.0,
      9.0,
      80.0,
      50.0,
      15.0,
      61.0,
      10.0,
      10.0,
      57.0,
      9.0,
      0.0,
      9.0,
      10.0,
      8.0,
      9.0,
      21.0,
      75.0,
      26.0,
      29.0,
      71.0,
      103.0,
      7.0,
      62.0,
      8.0,
      52.0,
      21.0,
      17.0,
      58.0,
      112.0,
      9.0,
      9.0,
      108.0,
      32.0
    ],
    [
      36.0,
      16.0,
      76.0,
      51.0,
      18.0,
      12.0,
      12.0,
      12.0,
      12.0,
      9.0,
      53.0,
      3.0,
      84.0,
      48.0,
      20.0,
      66.0,
      11.0,
      5.0,
      62.0,
      15.0,
      9.0,
      0.0,
      13.0,
      5.0,
      10.0,
      27.0,
      79.0,
      27.0,
      34.0,
      72.0,
      107.0,
      14.0,
      66.0,
      16.0,
      53.0,
      25.0,
      20.0,
      62.0,
      111.0,
      12.0,
      19.0,
      107.0,
      37.0
    ],
    [
      31.0,
      9.0,
      66.0,
      49.0,
      14.0,
      5.0,
      11.0,
      14.0,
      16.0,
      7.0,
      43.0,
      14.0,
      73.0,
      52.0,
      20.0,
      59.0,
      15.0,
      14.0,
      55.0,
      6.0,
      10.0,
      13.0,
      0.0,
      9.0,
      9.0,
      26.0,
      68.0,
      23.0,
      32.0,
      64.0,
      97.0,
      13.0,
      63.0,
      12.0,
      50.0,
      24.0,
      21.0,
      52.0,
      117.0,
      9.0,
      14.0,
      112.0,
      35.0
    ],
    [
      34.0,
      15.0,
      75.0,
      50.0,
      16.0,
      11.0,
      10.0,
      11.0,
      10.0,
      7.0,
      50.0,
      3.0,
      83.0,
      49.0,
      18.0,
      64.0,
      10.0,
      3.0,
      61.0,
      14.0,
      8.0,
      5.0,
      9.0,
      0.0,
      10.0,
      26.0,
      78.0,
      27.0,
      34.0,
      71.0,
      107.0,
      13.0,
      65.0,
      14.0,
      53.0,
      24.0,
      19.0,
      62.0,
      110.0,
      11.0,
      18.0,
      105.0,
      36.0
    ],
    [
      34.0,
      8.0,
      68.0,
      49.0,
      16.0,
      5.0,
      11.0,
      6.0,
      12.0,
      7.0,
      43.0,
      10.0,
      76.0,
      49.0,
      19.0,
      62.0,
      8.0,
      11.0,
      58.0,
      7.0,
      9.0,
      10.0,
      9.0,
      10.0,
      0.0,
      26.0,
      71.0,
      24.0,
      33.0,
      67.0,
      100.0,
      14.0,
      65.0,
      12.0,
      51.0,
      24.0,
      20.0,
      54.0,
      116.0,
      9.0,
      15.0,
      112.0,
      36.0
    ],
    [
      18.0,
      27.0,
      73.0,
      35.0,
      15.0,
      26.0,
      20.0,
      24.0,
      20.0,
      23.0,
      36.0,
      27.0,
      79.0,
      57.0,
      15.0,
      51.0,
      23.0,
      27.0,
      47.0,
      23.0,
      21.0,
      27.0,
      26.0,
      26.0,
      26.0,
      0.0,
      71.0,
      17.0,
      14.0,
      75.0,
      100.0,
      23.0,
      48.0,
      22.0,
      41.0,
      25.0,
      30.0,
      55.0,
      129.0,
      24.0,
      17.0,
      123.0,
      18.0
    ],
    [
      75.0,
      71.0,
      32.0,
      84.0,
      75.0,
      71.0,
      76.0,
      70.0,
      81.0,
      72.0,
      78.0,
      79.0,
      22.0,
      84.0,
      80.0,
      70.0,
      69.0,
      80.0,
      66.0,
      71.0,
      75.0,
      79.0,
      68.0,
      78.0,
      71.0,
      71.0,
      0.0,
      67.0,
      64.0,
      80.0,
      57.0,
      81.0,
      71.0,
      78.0,
      50.0,
      75.0,
      82.0,
      31.0,
      151.0,
      77.0,
      76.0,
      124.0,
      74.0
    ],
    [
      20.0,
      24.0,
      65.0,
      39.0,
      20.0,
      23.0,
      26.0,
      22.0,
      30.0,
      26.0,
      34.0,
      27.0,
      70.0,
      55.0,
      25.0,
      48.0,
      20.0,
      28.0,
      44.0,
      19.0,
      26.0,
      27.0,
      23.0,
      27.0,
      24.0,
      17.0,
      67.0,
      0.0,
      25.0,
      67.0,
      99.0,
      33.0,
      53.0,
      24.0,
      41.0,
      23.0,
      34.0,
      54.0,
      125.0,
      29.0,
      24.0,
      115.0,
      28.0
    ],
    [
      17.0,
      30.0,
      62.0,
      32.0,
      21.0,
      32.0,
      28.0,
      31.0,
      31.0,
      32.0,
      24.0,
      34.0,
      68.0,
      64.0,
      27.0,
      44.0,
      29.0,
      35.0,
      41.0,
      27.0,
      29.0,
      34.0,
      32.0,
      34.0,
      33.0,
      14.0,
      64.0,
      25.0,
      0.0,
      72.0,
      92.0,
      32.0,
      45.0,
      26.0,
      34.0,
      21.0,
      35.0,
      47.0,
      128.0,
      30.0,
      23.0,
      120.0,
      16.0
    ],
    [
      78.0,
      67.0,
      78.0,
      92.0,
      75.0,
      67.0,
      73.0,
      66.0,
      78.0,
      68.0,
      87.0,
      72.0,
      65.0,
      61.0,
      81.0,
      83.0,
      66.0,
      72.0,
      79.0,
      67.0,
      71.0,
      72.0,
      64.0,
      71.0,
      67.0,
      75.0,
      80.0,
      67.0,
      72.0,
      0.0,
      110.0,
      78.0,
      84.0,
      75.0,
      62.0,
      78.0,
      74.0,
      55.0,
      124.0,
      73.0,
      78.0,
      89.0,
      83.0
    ],
    [
      104.0,
      100.0,
      54.0,
      113.0,
      104.0,
      100.0,
      105.0,
      99.0,
      110.0,
      101.0,
      107.0,
      108.0,
      71.0,
      112.0,
      109.0,
      99.0,
      98.0,
      109.0,
      95.0,
      100.0,
      103.0,
      107.0,
      97.0,
      107.0,
      100.0,
      100.0,
      57.0,
      99.0,
      92.0,
      110.0,
      0.0,
      110.0,
      100.0,
      107.0,
      79.0,
      104.0,
      111.0,
      71.0,
      179.0,
      106.0,
      105.0,
      158.0,
      103.0
    ],
    [
      28.0,
      20.0,
      79.0,
      40.0,
      13.0,
      16.0,
      9.0,
      13.0,
      4.0,
      9.0,
      44.0,
      13.0,
      87.0,
      52.0,
      9.0,
      58.0,
      16.0,
      14.0,
      54.0,
      16.0,
      7.0,
      14.0,
      13.0,
      13.0,
      14.0,
      23.0,
      81.0,
      33.0,
      32.0,
      78.0,
      110.0,
      0.0,
      59.0,
      16.0,
      55.0,
      18.0,
      10.0,
      67.0,
      118.0,
      11.0,
      14.0,
      113.0,
      30.0
    ],
    [
      51.0,
      64.0,
      69.0,
      57.0,
      56.0,
      63.0,
      62.0,
      62.0,
      59.0,
      62.0,
      41.0,
      66.0,
      75.0,
      86.0,
      53.0,
      3.0,
      60.0,
      66.0,
      6.0,
      59.0,
      62.0,
      66.0,
      63.0,
      65.0,
      65.0,
      48.0,
      71.0,
      53.0,
      45.0,
      84.0,
      100.0,
      59.0,
      0.0,
      62.0,
      40.0,
      53.0,
      66.0,
      54.0,
      153.0,
      62.0,
      57.0,
      132.0,
      53.0
    ],
    [
      28.0,
      18.0,
      76.0,
      46.0,
      5.0,
      14.0,
      8.0,
      9.0,
      16.0,
      10.0,
      39.0,
      15.0,
      84.0,
      55.0,
      13.0,
      61.0,
      11.0,
      15.0,
      57.0,
