{
  "drive_dist_matrix": [
    [
      0.0,
      0.55,
      0.4,
      1.6,
      0.5,
      0.95,
      0.23,
      2.5,
      0.7,
      5.5,
      0.85,
      2.6,
      0.6,
      0.16,
      0.7,
      0.7,
      1.9,
      0.85,
      0.15,
      2.3,
      0.55,
      0.65,
      1.3,
      1.1,
      15.4,
      0.8,
      0.074,
      1.2,
      4.1,
      1.7,
      0.4,
      2.9,
      0.85,
      0.65,
      0.35,
      2.2,
      0.85,
      1.6,
      0.65,
      2.4,
      1.7,
      50.5,
      1.2,
      0.65,
      3.6,
      2.0,
      49.6,
      2.1,
      0.75,
      2.3,
      0.4,
      0.6,
      34.2,
      0.75,
      29.2,
      29.2,
      26.2
    ],
    [
      0.55,
      0.0,
      0.28,
      0.6,
      0.29,
      0.45,
      0.4,
      2.5,
      0.23,
      6.5,
      0.4,
      2.1,
      0.45,
      0.5,
      0.6,
      0.95,
      2.9,
      0.4,
      0.4,
      0.8,
      0.3,
      0.5,
      1.0,
      1.2,
      14.9,
      0.65,
      0.65,
      0.8,
      3.6,
      0.7,
      0.85,
      2.5,
      0.35,
      0.5,
      0.35,
      0.75,
      3.0,
      1.6,
      0.8,
      2.3,
      2.9,
      50.4,
      0.65,
      0.6,
      3.1,
      1.0,
      49.6,
      0.75,
      0.45,
      0.8,
      0.16,
      0.45,
      34.1,
      2.3,
      38.2,
      28.8,
      26.2
    ],
    [
      0.4,
      0.28,
      0.0,
      0.75,
      0.098,
      0.65,
      0.23,
      2.4,
      0.4,
      6.6,
      0.55,
      2.4,
      0.45,
      0.4,
      0.7,
      0.7,
      1.8,
      0.55,
      0.26,
      2.2,
      0.23,
      0.65,
      0.8,
      1.0,
      15.2,
      0.8,
      0.5,
      0.9,
      4.0,
      1.6,
      0.7,
      2.8,
      0.55,
      0.4,
      0.29,
      0.95,
      0.85,
      1.4,
      2.3,
      2.3,
      1.8,
      50.3,
      0.9,
      3.2,
      3.5,
      1.1,
      49.5,
      0.9,
      0.5,
      0.8,
      0.11,
      0.35,
      34.0,
      1.1,
      42.0,
      29.1,
      26.1
    ],
    [
      1.6,
      0.6,
      0.75,
      0.0,
      0.65,
      0.8,
      0.9,
      3.9,
      0.45,
      5.4,
      0.55,
      2.5,
      1.0,
      1.0,
      1.1,
      2.9,
      4.5,
      0.55,
      0.9,
      0.6,
      0.55,
      1.1,
      0.7,
      1.0,
      13.8,
      1.2,
      2.6,
      0.19,
      2.8,
      0.14,
      1.4,
      1.4,
      0.9,
      0.55,
      1.0,
      0.55,
      4.3,
      3.0,
      3.8,
      3.7,
      4.5,
      52.3,
      0.9,
      1.2,
      2.3,
      0.4,
      51.5,
      0.18,
      0.45,
      0.5,
      0.8,
      0.55,
      35.5,
      3.9,
      37.5,
      28.0,
      27.6
    ],
    [
      0.5,
      0.29,
      0.098,
      0.65,
      0.0,
      0.7,
      0.3,
      2.4,
      0.29,
      6.4,
      0.5,
      2.4,
      0.55,
      0.45,
      0.75,
      2.1,
      2.8,
      0.5,
      0.35,
      1.1,
      0.13,
      0.7,
      0.8,
      1.0,
      15.2,
      0.85,
      0.55,
      0.8,
      3.9,
      0.75,
      0.8,
      2.7,
      0.6,
      0.27,
      0.4,
      2.0,
      0.95,
      1.4,
      1.0,
      2.2,
      2.8,
      50.3,
      0.9,
      0.8,
      3.4,
      1.0,
      49.4,
      0.8,
      0.35,
      2.1,
      0.21,
      0.25,
      34.0,
      1.1,
      38.7,
      29.0,
      26.1
    ],
    [
      0.95,
      0.45,
      0.65,
      0.8,
      0.7,
      0.0,
      0.8,
      3.0,
      0.6,
      6.4,
      0.8,
      2.0,
      0.55,
      0.8,
      0.7,
      3.8,
      3.6,
      0.8,
      0.8,
      0.35,
      0.7,
      0.55,
      1.8,
      1.5,
      14.8,
      0.8,
      1.0,
      0.6,
      3.5,
      0.7,
      1.1,
      0.8,
      0.22,
      0.85,
      0.6,
      0.28,
      3.5,
      2.1,
      0.95,
      2.9,
      3.6,
      50.9,
      0.7,
      0.75,
      3.0,
      0.6,
      46.1,
      0.6,
      0.8,
      1.7,
      0.55,
      0.85,
      34.6,
      1.1,
      38.3,
      28.6,
      26.7
    ],
    [
      0.23,
      0.4,
      0.23,
      0.9,
      0.3,
      0.8,
      0.0,
      2.6,
      0.5,
      5.7,
      0.7,
      2.6,
      0.35,
      0.21,
      0.6,
      0.55,
      1.7,
      0.7,
      0.078,
      2.3,
      0.4,
      0.5,
      0.85,
      1.1,
      15.4,
      0.65,
      0.3,
      1.0,
      4.1,
      1.0,
      0.5,
      2.9,
      0.7,
      0.45,
      0.21,
      2.2,
      0.7,
      1.4,
      0.75,
      2.4,
      1.6,
      50.5,
      1.0,
      0.6,
      3.6,
      2.0,
      49.7,
      1.0,
      0.6,
      2.3,
      0.23,
      0.4,
      34.2,
      0.85,
      29.4,
      29.3,
      26.3
    ],
    [
      2.5,
      2.5,
      2.4,
      3.9,
      2.4,
      3.0,
      2.6,
      0.0,
      2.6,
      7.5,
      2.4,
      3.2,
      2.7,
      1.9,
      4.2,
      1.3,
      0.3,
      2.4,
      1.9,
      3.2,
      2.6,
      3.9,
      2.2,
      1.5,
      15.1,
      4.3,
      1.7,
      3.0,
      4.9,
      2.6,
      1.7,
      3.8,
      3.0,
      2.8,
      4.2,
      3.1,
      1.3,
      0.95,
      2.1,
      0.21,
      0.24,
      50.4,
      4.5,
      4.2,
      4.4,
      2.8,
      49.5,
      3.0,
      2.4,
      2.7,
      2.9,
      2.8,
      34.4,
      2.0,
      31.2,
      30.0,
      26.5
    ],
    [
      0.7,
      0.23,
      0.4,
      0.45,
      0.29,
      0.6,
      0.5,
      2.6,
      0.0,
      5.9,
      0.3,
      1.5,
      0.6,
      0.65,
      0.7,
      1.0,
      4.1,
      0.3,
      0.55,
      1.0,
      0.2,
      0.65,
      0.75,
      1.0,
      14.3,
      0.8,
      0.75,
      0.55,
      3.0,
      0.5,
      1.0,
      1.9,
      0.5,
      0.35,
      0.65,
      0.9,
      4.0,
      2.5,
      1.0,
      3.2,
      4.1,
      51.4,
      0.8,
      0.75,
      2.6,
      0.75,
      50.6,
      0.55,
      0.22,
      0.6,
      0.45,
      0.3,
      35.1,
      3.5,
      37.9,
      28.2,
      27.2
    ],
    [
      5.5,
      6.5,
      6.6,
      5.4,
      6.4,
      6.4,
      5.7,
      7.5,
      5.9,
      0.0,
      7.6,
      8.8,
      7.8,
      8.3,
      7.9,
      8.5,
      8.7,
      7.6,
      8.2,
      7.1,
      7.6,
      7.6,
      8.7,
      8.4,
      19.8,
      8.0,
      8.0,
      7.3,
      15.3,
      7.4,
      8.9,
      7.1,
      7.1,
      7.7,
      7.9,
      7.0,
      8.5,
      9.6,
      6.4,
      9.0,
      8.7,
      50.7,
      8.2,
      7.9,
      13.2,
      7.4,
      49.9,
      7.3,
      7.6,
      8.5,
      7.8,
      7.8,
      34.7,
      6.2,
      24.4,
      36.6,
      26.8
    ],
    [
      0.85,
      0.4,
      0.55,
      0.55,
      0.5,
      0.8,
      0.7,
      2.4,
      0.3,
      7.6,
      0.0,
      1.3,
      0.75,
      0.85,
      0.9,
      1.3,
      4.0,
      NaN,
      0.7,
      1.1,
      0.45,
      0.85,
      0.8,
      1.1,
      14.1,
      1.0,
      0.95,
      0.7,
      2.8,
      0.65,
      1.2,
      1.6,
      0.7,
      0.6,
      0.8,
      1.1,
      3.8,
      2.2,
      1.1,
      3.0,
      4.0,
      51.3,
      0.65,
      0.95,
      2.3,
      0.9,
      50.4,
      0.7,
      0.063,
      0.6,
      0.6,
      0.55,
      34.9,
      3.4,
      37.6,
      27.9,
      27.0
    ],
    [
      2.6,
      2.1,
      2.4,
      2.5,
      2.4,
      2.0,
      2.6,
      3.2,
      1.5,
      8.8,
      1.3,
      0.0,
      2.9,
      3.1,
      3.0,
      4.2,
      5.2,
      1.3,
      3.3,
      2.0,
      1.5,
      2.7,
      1.5,
      1.9,
      16.0,
      3.1,
      3.4,
      1.8,
      1.5,
      1.4,
      3.6,
      2.6,
      1.8,
      1.7,
      3.0,
      1.9,
      5.1,
      2.2,
      4.5,
      2.9,
      5.2,
      53.6,
      3.3,
      3.0,
      1.7,
      1.7,
      52.7,
      1.8,
      1.2,
      0.9,
      1.7,
      1.7,
      36.2,
      4.7,
      39.7,
      26.9,
      28.3
    ],
    [
      0.6,
      0.45,
      0.45,
      1.0,
      0.55,
      0.55,
      0.35,
      2.7,
      0.6,
      7.8,
      0.75,
      2.9,
      0.0,
      0.35,
      0.24,
      1.3,
      1.5,
      0.75,
      0.4,
      0.9,
      1.8,
      0.17,
      2.2,
      2.0,
      14.1,
      0.3,
      0.55,
      1.1,
      4.2,
      1.1,
      0.55,
      1.6,
      0.45,
      0.8,
      0.15,
      0.85,
      1.3,
      2.6,
      0.45,
      3.3,
      1.5,
      51.0,
      1.0,
      0.27,
      3.7,
      1.1,
      50.1,
      1.1,
      0.75,
      2.8,
      0.45,
      0.8,
      34.7,
      0.6,
      37.8,
      29.3,
      26.8
    ],
    [
      0.16,
      0.5,
      0.4,
      1.0,
      0.45,
      0.8,
      0.21,
      1.9,
      0.65,
      8.3,
      0.85,
      3.1,
      0.35,
      0.0,
      0.55,
      0.65,
      1.8,
      0.85,
      0.13,
      1.4,
      0.55,
      0.5,
      2.0,
      1.7,
      14.3,
      0.65,
      0.23,
      1.2,
      4.4,
      1.1,
      0.45,
      1.9,
      0.65,
      0.6,
      0.2,
      1.1,
      0.85,
      1.6,
      0.65,
      3.1,
      1.7,
      50.7,
      1.0,
      0.6,
      3.9,
      1.8,
      49.9,
      1.2,
      0.75,
      3.0,
      0.35,
      0.6,
      34.4,
      0.8,
      38.1,
      29.6,
      26.5
    ],
    [
      0.7,
      0.6,
      0.7,
      1.1,
      0.75,
      0.7,
      0.6,
      4.2,
      0.7,
      7.9,
      0.9,
      3.0,
      0.24,
      0.55,
      0.0,
      1.2,
      2.2,
      0.9,
      0.6,
      1.1,
      0.8,
      0.3,
      1.9,
      1.6,
      14.2,
      0.079,
      0.8,
      1.3,
      4.3,
      1.2,
      0.8,
      1.8,
      0.6,
      2.1,
      0.35,
      1.0,
      2.5,
      2.2,
      0.4,
      2.9,
      2.2,
      52.7,
      1.2,
      0.17,
      3.8,
      1.3,
      51.9,
      1.3,
      0.9,
      2.9,
      0.6,
      0.95,
      34.7,
      0.5,
      37.9,
      29.5,
      26.8
    ],
    [
      0.7,
      0.95,
      0.7,
      2.9,
      2.1,
      3.8,
      0.55,
      1.3,
      1.0,
      8.5,
      1.3,
      4.2,
      1.3,
      0.65,
      1.2,
      0.0,
      1.2,
      1.3,
      0.65,
      2.1,
      1.0,
      1.1,
      1.4,
      0.65,
      15.0,
      1.3,
      0.75,
      2.3,
      4.2,
      1.8,
      0.4,
      2.6,
      2.3,
      0.7,
      0.9,
      2.0,
      0.24,
      0.9,
      1.8,
      2.5,
      1.1,
      49.9,
      2.0,
      1.0,
      3.7,
      2.1,
      49.1,
      2.3,
      0.85,
      2.4,
      1.0,
      0.7,
      33.6,
      2.0,
      38.8,
      29.3,
      25.7
    ],
    [
      1.9,
      2.9,
      1.8,
      4.5,
      2.8,
      3.6,
      1.7,
      0.3,
      4.1,
      8.7,
      4.0,
      5.2,
      1.5,
      1.8,
      2.2,
      1.2,
      0.0,
      4.0,
      1.8,
      4.7,
      4.2,
      5.4,
      3.7,
      3.5,
      17.3,
      2.3,
      1.6,
      4.5,
      6.5,
      4.1,
      1.5,
      5.3,
      4.5,
      4.3,
      5.7,
      4.6,
      0.65,
      1.2,
      2.0,
      0.5,
      0.047,
      50.3,
      6.1,
      2.0,
      6.0,
      4.4,
      49.5,
      4.6,
      3.9,
      4.7,
      4.4,
      4.4,
      34.0,
      2.2,
      29.9,
      31.7,
      26.1
    ],
    [
      0.85,
      0.4,
      0.55,
      0.55,
      0.5,
      0.8,
      0.7,
      2.4,
      0.3,
      7.6,
      NaN,
      1.3,
      0.75,
      0.85,
      0.9,
      1.3,
      4.0,
      0.0,
      0.7,
      1.1,
      0.45,
      0.85,
      0.8,
      1.1,
      14.1,
      1.0,
      0.95,
      0.7,
      2.8,
      0.65,
      1.2,
      1.6,
      0.65,
      0.6,
      0.8,
      1.1,
      3.8,
      2.2,
      1.1,
      3.0,
      4.0,
      51.3,
      0.65,
      0.95,
      2.3,
      0.9,
      50.4,
      0.7,
      0.55,
      1.0,
      0.45,
      0.55,
      34.9,
      3.4,
      37.4,
      27.9,
      27.0
    ],
    [
      0.15,
      0.4,
      0.26,
      0.9,
      0.35,
      0.8,
      0.078,
      1.9,
      0.55,
      8.2,
      0.7,
      3.3,
      0.4,
      0.13,
      0.6,
      0.65,
      1.8,
      0.7,
      0.0,
      2.3,
      0.4,
      2.9,
      1.3,
      1.0,
      18.3,
      0.65,
      0.23,
      1.1,
      4.0,
      1.0,
      0.45,
      2.9,
      0.7,
      0.5,
      0.23,
      1.1,
      0.8,
      1.5,
      0.65,
      2.4,
      1.7,
      50.4,
      1.0,
      0.65,
      3.5,
      1.9,
      49.6,
      1.0,
      0.6,
      2.2,
      0.25,
      0.45,
      34.1,
      0.75,
      29.3,
      29.2,
      26.2
    ],
    [
      2.3,
      0.8,
      2.2,
      0.6,
      1.1,
      0.35,
      2.3,
      3.2,
      1.0,
      7.1,
      1.1,
      2.0,
      0.9,
      1.4,
      1.1,
      2.1,
      4.7,
      1.1,
      2.3,
      0.0,
      1.0,
      0.75,
      2.3,
      2.1,
      13.1,
      1.6,
      2.3,
      0.5,
      3.1,
      0.65,
      2.6,
      0.7,
      0.6,
      1.4,
      1.0,
      0.17,
      4.0,
      2.6,
      3.4,
      3.4,
      4.2,
      52.0,
      1.0,
      1.1,
      2.3,
      0.5,
      51.1,
      0.5,
      1.2,
      2.2,
      0.9,
      1.4,
      35.1,
      3.6,
      36.8,
      28.2,
      27.2
    ],
    [
      0.55,
      0.3,
      0.23,
      0.55,
      0.13,
      0.7,
      0.4,
      2.6,
      0.2,
      7.6,
      0.45,
      1.5,
      1.8,
      0.55,
      0.8,
      1.0,
      4.2,
      0.45,
      0.4,
      1.0,
      0.0,
      0.75,
      0.75,
      1.0,
      17.3,
      0.9,
      0.65,
      0.7,
      3.0,
      0.65,
      0.85,
      1.9,
      0.6,
      0.28,
      0.45,
      1.0,
      1.1,
      1.7,
      1.0,
      2.4,
      3.0,
      50.5,
      0.85,
      0.85,
      2.5,
      0.9,
      49.6,
      0.7,
      0.28,
      0.65,
      0.27,
      0.25,
      34.2,
      2.4,
      29.6,
      28.2,
      26.3
    ],
    [
      0.65,
      0.5,
      0.65,
      1.1,
      0.7,
      0.55,
      0.5,
      3.9,
      0.65,
      7.6,
      0.85,
      2.7,
      0.17,
      0.5,
      0.3,
      1.1,
      5.4,
      0.85,
      2.9,
      0.75,
      0.75,
      0.0,
      2.7,
      2.4,
      13.9,
      0.4,
      0.75,
      1.0,
      4.0,
      1.1,
      0.75,
      1.0,
      0.55,
      0.9,
      0.3,
      0.65,
      2.4,
      3.0,
      0.55,
      3.8,
      2.6,
      52.4,
      0.85,
      0.35,
      3.5,
      1.0,
      51.5,
      1.0,
      0.85,
      2.6,
      0.5,
      0.9,
      35.5,
      0.65,
      37.6,
      29.1,
      27.6
    ],
    [
      1.3,
      1.0,
      0.8,
      0.7,
      0.8,
      1.8,
      0.85,
      2.2,
      0.75,
      8.7,
      0.8,
      1.5,
      2.2,
      2.0,
      1.9,
      1.4,
      3.7,
      0.8,
      1.3,
      2.3,
      0.75,
      2.7,
      0.0,
      0.45,
      17.4,
      3.5,
      3.2,
      0.85,
      3.1,
      0.8,
      1.2,
      3.1,
      2.3,
      0.5,
      3.5,
      2.3,
      3.8,
      1.2,
      4.7,
      2.0,
      4.4,
      51.7,
      1.2,
      3.5,
      2.7,
      2.1,
      50.8,
      0.85,
      0.55,
      0.35,
      2.2,
      0.55,
      34.9,
      4.8,
      41.2,
      28.3,
      27.0
    ],
    [
      1.1,
      1.2,
      1.0,
      1.0,
      1.0,
      1.5,
      1.1,
      1.5,
      1.0,
      8.4,
      1.1,
      1.9,
      2.0,
      1.7,
      1.6,
      0.65,
      3.5,
      1.1,
      1.0,
      2.1,
      1.0,
      2.4,
      0.45,
      0.0,
      14.7,
      2.7,
      2.6,
      1.5,
      3.4,
      1.1,
      1.1,
      2.3,
      1.5,
      0.75,
      2.6,
      1.5,
      0.9,
      0.6,
      3.7,
      1.3,
      3.8,
      51.1,
      3.0,
      2.7,
      3.0,
      1.3,
      50.2,
      1.5,
      0.75,
      1.6,
      1.4,
      0.75,
      34.3,
      3.9,
      31.9,
      28.6,
      26.4
    ],
    [
      15.4,
      14.9,
      15.2,
      13.8,
      15.2,
      14.8,
      15.4,
      15.1,
      14.3,
      19.8,
      14.1,
      16.0,
      14.1,
      14.3,
      14.2,
      15.0,
      17.3,
      14.1,
      18.3,
      13.1,
      17.3,
      13.9,
      17.4,
      14.7,
      0.0,
      14.4,
      15.1,
      13.7,
      15.2,
      13.8,
      15.3,
      12.6,
      13.5,
      14.1,
      14.3,
      13.4,
      16.8,
      15.4,
      19.5,
      16.2,
      16.9,
      63.7,
      14.6,
      14.3,
      11.1,
      13.8,
      62.9,
      13.7,
      14.0,
      12.8,
      14.2,
      14.2,
      47.7,
      19.3,
      24.5,
      26.1,
      39.8
    ],
    [
      0.8,
      0.65,
      0.8,
      1.2,
      0.85,
      0.8,
      0.65,
      4.3,
      0.8,
      8.0,
      1.0,
      3.1,
      0.3,
      0.65,
      0.079,
      1.3,
      2.3,
      1.0,
      0.65,
      1.6,
      0.9,
      0.4,
      3.5,
      2.7,
      14.4,
      0.0,
      0.9,
      1.3,
      4.4,
      1.3,
      0.9,
      1.8,
      0.7,
      1.0,
      0.45,
      1.1,
      1.5,
      2.3,
      0.45,
      3.0,
      2.2,
      52.8,
      1.2,
      0.25,
      3.9,
      1.7,
      51.9,
      1.3,
      1.0,
      3.0,
      0.65,
      1.0,
      34.8,
      0.6,
      38.0,
      29.5,
      26.9
    ],
    [
      0.074,
      0.65,
      0.5,
      2.6,
      0.55,
      1.0,
      0.3,
      1.7,
      0.75,
      8.0,
      0.95,
      3.4,
      0.55,
      0.23,
      0.8,
      0.75,
      1.6,
      0.95,
      0.23,
      2.3,
      0.65,
      0.75,
      3.2,
      2.6,
      15.1,
      0.9,
      0.0,
      2.2,
      4.1,
      1.8,
      0.3,
      3.0,
      0.9,
      0.7,
      0.45,
      2.2,
      0.9,
      1.7,
      0.6,
      2.5,
      1.5,
      50.5,
      1.3,
      0.6,
      3.7,
      2.0,
      49.7,
      2.2,
      0.85,
      2.3,
      0.45,
      0.7,
      34.2,
      0.7,
      29.1,
      29.3,
      26.3
    ],
    [
      1.2,
      0.8,
      0.9,
      0.19,
      0.8,
      0.6,
      1.0,
      3.0,
      0.55,
      7.3,
      0.7,
      1.8,
      1.1,
      1.2,
      1.3,
      2.3,
      4.5,
      0.7,
      1.1,
      0.5,
      0.7,
      1.0,
      0.85,
      1.5,
      13.7,
      1.3,
      2.2,
      0.0,
      2.8,
      0.14,
      1.6,
      1.4,
      0.8,
      0.75,
      1.2,
      0.35,
      4.3,
      3.0,
      3.8,
      3.7,
      4.5,
      52.3,
      1.1,
      1.4,
      2.3,
      0.35,
      51.5,
      0.014,
      0.6,
      0.7,
      1.0,
      0.75,
      35.5,
      3.9,
      37.5,
      28.0,
      27.6
    ],
    [
      4.1,
      3.6,
      4.0,
      2.8,
      3.9,
      3.5,
      4.1,
      4.9,
      3.0,
      15.3,
      2.8,
      1.5,
      4.2,
      4.4,
      4.3,
      4.2,
      6.5,
      2.8,
      4.0,
      3.1,
      3.0,
      4.0,
      3.1,
      3.4,
      15.2,
      4.4,
      4.1,
      2.8,
      0.0,
      2.6,
      4.9,
      3.1,
      3.1,
      2.9,
      4.2,
      3.1,
      6.3,
      3.7,
      5.8,
      4.5,
      6.5,
      60.2,
      4.6,
      4.3,
      1.5,
      2.9,
      59.4,
      3.1,
      2.5,
      2.4,
      3.0,
      2.9,
      44.2,
      5.9,
      38.6,
      25.7,
      36.3
    ],
    [
      1.7,
      0.7,
      1.6,
      0.14,
      0.75,
      0.7,
      1.0,
      2.6,
      0.5,
      7.4,
      0.65,
      1.4,
      1.1,
      1.1,
      1.2,
      1.8,
      4.1,
      0.65,
      1.0,
      0.65,
      0.65,
      1.1,
      0.8,
      1.1,
      13.8,
      1.3,
      1.8,
      0.14,
      2.6,
      0.0,
      1.5,
      1.2,
      0.9,
      0.7,
      1.2,
      0.5,
      4.2,
      2.8,
      3.6,
      3.6,
      4.3,
      52.2,
      1.1,
      1.3,
      2.8,
      0.27,
      51.3,
      0.12,
      0.55,
      0.6,
      0.9,
      0.7,
      35.3,
      3.8,
      37.4,
      28.4,
      27.4
    ],
    [
      0.4,
      0.85,
      0.7,
      1.4,
      0.8,
      1.1,
      0.5,
      1.7,
      1.0,
      8.9,
      1.2,
      3.6,
      0.55,
      0.45,
      0.8,
      0.4,
      1.5,
      1.2,
      0.45,
      2.6,
      0.85,
      0.75,
      1.2,
      1.1,
      15.3,
      0.9,
      0.3,
      1.6,
      4.9,
      1.5,
      0.0,
      2.2,
      1.0,
      0.9,
      0.5,
      1.6,
      0.55,
      1.3,
      0.6,
      3.1,
      1.5,
      50.7,
      1.6,
      0.6,
      4.3,
      2.1,
      49.9,
      1.7,
      1.1,
      2.9,
      0.7,
      0.8,
      34.4,
      0.7,
      38.4,
      29.9,
      26.5
    ],
    [
      2.9,
      2.5,
      2.8,
      1.4,
      2.7,
      0.8,
      2.9,
      3.8,
      1.9,
      7.1,
      1.6,
      2.6,
      1.6,
      1.9,
      1.8,
      2.6,
      5.3,
      1.6,
      2.9,
      0.7,
      1.9,
      1.0,
      3.1,
      2.3,
      12.6,
      1.8,
      3.0,
      1.4,
      3.1,
      1.2,
      2.2,
      0.0,
      1.0,
      1.6,
      1.7,
      0.8,
      4.2,
      2.8,
      3.6,
      3.6,
      4.4,
      51.8,
      2.1,
      1.8,
      4.0,
      1.0,
      46.9,
      1.1,
      1.5,
      2.4,
      1.7,
      1.6,
      34.8,
      5.1,
      36.2,
      29.6,
      27.9
    ],
    [
      0.85,
      0.35,
      0.55,
      0.9,
      0.6,
      0.22,
      0.7,
      3.0,
      0.5,
      7.1,
      0.7,
      1.8,
      0.45,
      0.65,
      0.6,
      2.3,
      4.5,
      0.65,
      0.7,
      0.6,
      0.6,
      0.55,
      2.3,
      1.5,
      13.5,
      0.7,
      0.9,
      0.8,
      3.1,
      0.9,
      1.0,
      1.0,
      0.0,
      0.75,
      0.5,
      0.5,
      3.3,
      2.0,
      0.85,
      2.7,
      3.5,
      50.8,
      0.6,
      0.65,
      2.9,
      0.8,
      49.9,
      0.8,
      0.7,
      1.5,
      0.45,
      0.7,
      34.5,
      1.0,
      41.4,
      28.5,
      26.6
    ],
    [
      0.65,
      0.5,
      0.4,
      0.55,
      0.27,
      0.85,
      0.45,
      2.8,
      0.35,
      7.7,
      0.6,
      1.7,
      0.8,
      0.6,
      2.1,
      0.7,
      4.3,
      0.6,
      0.5,
      1.4,
      0.28,
      0.9,
      0.5,
      0.75,
      14.1,
      1.0,
      0.7,
      0.75,
      2.9,
      0.7,
      0.9,
      1.6,
      0.75,
      0.0,
      0.6,
      1.1,
      1.0,
      1.1,
      1.1,
      2.6,
      3.2,
      50.7,
      1.0,
      1.0,
      2.6,
      0.9,
      49.8,
      0.7,
      0.27,
      0.5,
      0.5,
      0.023,
      34.4,
      2.6,
      41.1,
      28.2,
      26.4
    ],
    [
      0.35,
      0.35,
      0.29,
      1.0,
      0.4,
      0.6,
      0.21,
      4.2,
      0.65,
      7.9,
      0.8,
      3.0,
      0.15,
      0.2,
      0.35,
      0.9,
      5.7,
      0.8,
      0.23,
      1.0,
      0.45,
      0.3,
      3.5,
      2.6,
      14.3,
      0.45,
      0.45,
      1.2,
      4.2,
      1.2,
      0.5,
      1.7,
      0.5,
      0.6,
      0.0,
      0.9,
      1.1,
      1.8,
      0.6,
      2.6,
      2.3,
      50.6,
      0.85,
      0.4,
      3.8,
      1.2,
      49.8,
      1.1,
      0.65,
      2.4,
      0.2,
      0.6,
      34.3,
      1.7,
      29.6,
      29.4,
      26.4
    ],
    [
      2.2,
      0.75,
      0.95,
      0.55,
      2.0,
      0.28,
      2.2,
      3.1,
      0.9,
      7.0,
      1.1,
      1.9,
      0.85,
      1.1,
      1.0,
      2.0,
      4.6,
      1.1,
      1.1,
      0.17,
      1.0,
      0.65,
      2.3,
      1.5,
      13.4,
      1.1,
      2.2,
      0.35,
      3.1,
      0.5,
      1.6,
      0.8,
      0.5,
      1.1,
      0.9,
      0.0,
      4.1,
      2.7,
      1.2,
      3.5,
      4.2,
      52.1,
      1.0,
      1.0,
      2.1,
      0.35,
      51.2,
      0.4,
      1.0,
      2.3,
      0.85,
      1.1,
      35.2,
      3.7,
      37.0,
      27.8,
      27.3
    ],
    [
      0.85,
      3.0,
      0.85,
      4.3,
      0.95,
      3.5,
      0.7,
      1.3,
      4.0,
      8.5,
      3.8,
      5.1,
      1.3,
      0.85,
      2.5,
      0.24,
      0.65,
      3.8,
      0.8,
      4.0,
      1.1,
      2.4,
      3.8,
      0.9,
      16.8,
      1.5,
      0.9,
      4.3,
      6.3,
      4.2,
      0.55,
      4.2,
      3.3,
      1.0,
      1.1,
      4.1,
      0.0,
      1.2,
      1.7,
      1.5,
      1.1,
      49.6,
      5.4,
      1.2,
      5.3,
      3.7,
      48.8,
      3.9,
      3.2,
      4.0,
      0.95,
      3.7,
      33.3,
      1.9,
      29.7,
      31.0,
      25.4
    ],
    [
      1.6,
      1.6,
      1.4,
      3.0,
      1.4,
      2.1,
      1.4,
      0.95,
      2.5,
      9.6,
      2.2,
      2.2,
      2.6,
      1.6,
      2.2,
      0.9,
      1.2,
      2.2,
      1.5,
      2.6,
      1.7,
      3.0,
      1.2,
      0.6,
      15.4,
      2.3,
      1.7,
      3.0,
      3.7,
      2.8,
      1.3,
      2.8,
      2.0,
      1.1,
      1.8,
      2.7,
      1.2,
      0.0,
      3.5,
      0.75,
      1.2,
      50.5,
      3.6,
      3.3,
      3.5,
      1.9,
      49.6,
      2.1,
      1.4,
      1.8,
      2.0,
      1.2,
      34.5,
      3.6,
      42.0,
      29.1,
      26.6
    ],
    [
      0.65,
      0.8,
      2.3,
      3.8,
      1.0,
      0.95,
      0.75,
      2.1,
      1.0,
      6.4,
      1.1,
      4.5,
      0.45,
      0.65,
      0.4,
      1.8,
      2.0,
      1.1,
      0.65,
      3.4,
      1.0,
      0.55,
      4.7,
      3.7,
      19.5,
      0.45,
      0.6,
      3.8,
      5.8,
      3.6,
      0.6,
      3.6,
      0.85,
      1.1,
      0.6,
      1.2,
      1.7,
      3.5,
      0.0,
      3.6,
      2.0,
      51.2,
      1.4,
      0.2,
      4.8,
      3.1,
      50.4,
      5.5,
      2.7,
      3.4,
      0.8,
      1.2,
      35.2,
      0.21,
      28.0,
      30.4,
      27.3
    ],
    [
      2.4,
      2.3,
      2.3,
      3.7,
      2.2,
      2.9,
      2.4,
      0.21,
      3.2,
      9.0,
      3.0,
      2.9,
      3.3,
      3.1,
      2.9,
      2.5,
      0.5,
      3.0,
      2.4,
      3.4,
      2.4,
      3.8,
      2.0,
      1.3,
      16.2,
      3.0,
      2.5,
      3.7,
      4.5,
      3.6,
      3.1,
      3.6,
      2.7,
      2.6,
      2.6,
      3.5,
      1.5,
      0.75,
      3.6,
      0.0,
      0.45,
      50.1,
      4.4,
      4.1,
      4.3,
      2.7,
      49.3,
      2.9,
      2.2,
      2.5,
      2.8,
      2.7,
      34.1,
      2.8,
      42.8,
      29.9,
      26.2
    ],
    [
      1.7,
      2.9,
      1.8,
      4.5,
      2.8,
      3.6,
      1.6,
      0.24,
      4.1,
      8.7,
      4.0,
      5.2,
      1.5,
      1.7,
      2.2,
      1.1,
      0.047,
      4.0,
      1.7,
      4.2,
      3.0,
      2.6,
      4.4,
      3.8,
      16.9,
      2.2,
      1.5,
      4.5,
      6.5,
      4.3,
      1.5,
      4.4,
      3.5,
      3.2,
      2.3,
      4.2,
      1.1,
      1.2,
      2.0,
      0.45,
      0.0,
      50.3,
      6.1,
      2.0,
      6.0,
      4.4,
      49.5,
      4.5,
      3.9,
      4.7,
      4.4,
      4.4,
      34.0,
      2.2,
      29.9,
      31.6,
      26.1
    ],
    [
      50.5,
      50.4,
      50.3,
      52.3,
      50.3,
      50.9,
      50.5,
      50.4,
      51.4,
      50.7,
      51.3,
      53.6,
      51.0,
      50.7,
      52.7,
      49.9,
      50.3,
      51.3,
      50.4,
      52.0,
      50.5,
      52.4,
      51.7,
      51.1,
      63.7,
      52.8,
      50.5,
      52.3,
      60.2,
      52.2,
      50.7,
      51.8,
      50.8,
      50.7,
      50.6,
      52.1,
      49.6,
      50.5,
      51.2,
      50.1,
      50.3,
      0.0,
      55.1,
      54.8,
      60.0,
      54.3,
      22.9,
      54.2,
      54.5,
      53.8,
      54.7,
      54.7,
      17.6,
      53.1,
      74.8,
      83.5,
      26.2
    ],
    [
      1.2,
      0.65,
      0.9,
      0.9,
      0.9,
      0.7,
      1.0,
      4.5,
      0.8,
      8.2,
      0.65,
      3.3,
      1.0,
      1.0,
      1.2,
      2.0,
      6.1,
      0.65,
      1.0,
      1.0,
      0.85,
      0.85,
      1.2,
      3.0,
      14.6,
      1.2,
      1.3,
      1.1,
      4.6,
      1.1,
      1.6,
      2.1,
      0.6,
      1.0,
      0.85,
      1.0,
      5.4,
      3.6,
      1.4,
      4.4,
      6.1,
      55.1,
      0.0,
      1.0,
      2.4,
      1.3,
      48.2,
      1.1,
      1.6,
      1.6,
      0.8,
      1.0,
      36.2,
      2.9,
      40.9,
      28.0,
      28.3
    ],
    [
      0.65,
      0.6,
      3.2,
      1.2,
      0.8,
      0.75,
      0.6,
      4.2,
      0.75,
      7.9,
      0.95,
      3.0,
      0.27,
      0.6,
      0.17,
      1.0,
      2.0,
      0.95,
      0.65,
      1.1,
      0.85,
      0.35,
      3.5,
      2.7,
      14.3,
      0.25,
      0.6,
      1.4,
      4.3,
      1.3,
      0.6,
      1.8,
      0.65,
      1.0,
      0.4,
      1.0,
      1.2,
      3.3,
      0.2,
      4.1,
      2.0,
      54.8,
      1.0,
      0.0,
      4.3,
      1.7,
      51.9,
      1.3,
      1.0,
      2.9,
      0.6,
      1.0,
      34.7,
      0.35,
      38.0,
      29.5,
      26.8
    ],
    [
      3.6,
      3.1,
      3.5,
      2.3,
      3.4,
      3.0,
      3.6,
      4.4,
      2.6,
      13.2,
      2.3,
      1.7,
      3.7,
      3.9,
      3.8,
      3.7,
      6.0,
      2.3,
      3.5,
      2.3,
      2.5,
      3.5,
      2.7,
      3.0,
      11.1,
      3.9,
      3.7,
      2.3,
      1.5,
      2.8,
      4.3,
      4.0,
      2.9,
      2.6,
      3.8,
      2.1,
      5.3,
      3.5,
      4.8,
      4.3,
      6.0,
      60.0,
      2.4,
      4.3,
      0.0,
      2.5,
      57.0,
      2.7,
      2.1,
      2.1,
      2.6,
      2.6,
      37.1,
      5.5,
      35.8,
      27.1,
      29.2
    ],
    [
      2.0,
      1.0,
      1.1,
      0.4,
      1.0,
      0.6,
      2.0,
      2.8,
      0.75,
      7.4,
      0.9,
      1.7,
      1.1,
      1.8,
      1.3,
      2.1,
      4.4,
      0.9,
      1.9,
      0.5,
      0.9,
      1.0,
      2.1,
      1.3,
      13.8,
      1.7,
      2.0,
      0.35,
      2.9,
      0.27,
      2.1,
      1.0,
      0.8,
      0.9,
      1.2,
      0.35,
      3.7,
      1.9,
      3.1,
      2.7,
      4.4,
      54.3,
      1.3,
      1.7,
      2.5,
      0.0,
      51.2,
      0.35,
      0.8,
      2.3,
      1.1,
      0.95,
      35.2,
      3.7,
      37.3,
      27.9,
      27.3
    ],
    [
      49.6,
      49.6,
      49.5,
      51.5,
      49.4,
      46.1,
      49.7,
      49.5,
      50.6,
      49.9,
      50.4,
      52.7,
      50.1,
      49.9,
      51.9,
      49.1,
      49.5,
      50.4,
      49.6,
      51.1,
      49.6,
      51.5,
      50.8,
      50.2,
      62.9,
      51.9,
      49.7,
      51.5,
      59.4,
      51.3,
      49.9,
      46.9,
      49.9,
      49.8,
      49.8,
      51.2,
      48.8,
      49.6,
      50.4,
      49.3,
      49.5,
      22.9,
      48.2,
      51.9,
      57.0,
      51.2,
      0.0,
      46.2,
      46.6,
      45.8,
      46.7,
      46.7,
      27.4,
      45.2,
      66.9,
      75.5,
      32.6
    ],
    [
      2.1,
      0.75,
      0.9,
      0.18,
      0.8,
      0.6,
      1.0,
      3.0,
      0.55,
      7.3,
      0.7,
      1.8,
      1.1,
      1.2,
      1.3,
      2.3,
      4.6,
      0.7,
      1.0,
      0.5,
      0.7,
      1.0,
      0.85,
      1.5,
      13.7,
      1.3,
      2.2,
      0.014,
      3.1,
      0.12,
      1.7,
      1.1,
      0.8,
      0.7,
      1.1,
      0.4,
      3.9,
      2.1,
      5.5,
      2.9,
      4.5,
      54.2,
      1.1,
      1.3,
      2.7,
      0.35,
      46.2,
      0.0,
      0.6,
      0.65,
      1.0,
      0.75,
      35.4,
      3.9,
      37.5,
      28.0,
      27.5
    ],
    [
      0.75,
      0.45,
      0.5,
      0.45,
      0.35,
      0.8,
      0.6,
      2.4,
      0.22,
      7.6,
      0.063,
      1.2,
      0.75,
      0.75,
      0.9,
      0.85,
      3.9,
      0.55,
      0.6,
      1.2,
      0.28,
      0.85,
      0.55,
      0.75,
      14.0,
      1.0,
      0.85,
      0.6,
      2.5,
      0.55,
      1.1,
      1.5,
      0.7,
      0.27,
      0.65,
      1.0,
      3.2,
      1.4,
      2.7,
      2.2,
      3.9,
      54.5,
      1.6,
      1.0,
      2.1,
      0.8,
      46.6,
      0.6,
      0.0,
      0.4,
      0.6,
      1.2,
      35.0,
      4.2,
      41.3,
      28.5,
      27.1
    ],
    [
      2.3,
      0.8,
      0.8,
      0.5,
      2.1,
      1.7,
      2.3,
      2.7,
      0.6,
      8.5,
      0.6,
      0.9,
      2.8,
      3.0,
      2.9,
      2.4,
      4.7,
      1.0,
      2.2,
      2.2,
      0.65,
      2.6,
      0.35,
      1.6,
      12.8,
      3.0,
      2.3,
      0.7,
      2.4,
      0.6,
      2.9,
      2.4,
      1.5,
      0.5,
      2.4,
      2.3,
      4.0,
      1.8,
      3.4,
      2.5,
      4.7,
      53.8,
      1.6,
      2.9,
      2.1,
      2.3,
      45.8,
      0.65,
      0.4,
      0.0,
      0.9,
      0.5,
      35.1,
      4.7,
      41.6,
      28.7,
      27.2
    ],
    [
      0.4,
      0.16,
      0.11,
      0.8,
      0.21,
      0.55,
      0.23,
      2.9,
      0.45,
      7.8,
      0.6,
      1.7,
      0.45,
      0.35,
      0.6,
      1.0,
      4.4,
      0.45,
      0.25,
      0.9,
      0.27,
      0.5,
      2.2,
      1.4,
      14.2,
      0.65,
      0.45,
      1.0,
      3.0,
      0.9,
      0.7,
      1.7,
      0.45,
      0.5,
      0.2,
      0.85,
      0.95,
      2.0,
      0.8,
      2.8,
      4.4,
      54.7,
      0.8,
      0.6,
      2.6,
      1.1,
      46.7,
      1.0,
      0.6,
      0.9,
      0.0,
      0.45,
      34.9,
      0.95,
      41.5,
      28.6,
      27.0
    ],
    [
      0.6,
      0.45,
      0.35,
      0.55,
      0.25,
      0.85,
      0.4,
      2.8,
      0.3,
      7.8,
      0.55,
      1.7,
      0.8,
      0.6,
      0.95,
      0.7,
      4.4,
      0.55,
      0.45,
      1.4,
      0.25,
      0.9,
      0.55,
      0.75,
      14.2,
      1.0,
      0.7,
      0.75,
      2.9,
      0.7,
      0.8,
      1.6,
      0.7,
      0.023,
      0.6,
      1.1,
      3.7,
      1.2,
      1.2,
      2.7,
      4.4,
      54.7,
      1.0,
      1.0,
      2.6,
      0.95,
      46.7,
      0.75,
      1.2,
      0.5,
      0.45,
      0.0,
      34.4,
      2.6,
      41.1,
      28.2,
      26.4
    ],
    [
      34.2,
      34.1,
      34.0,
      35.5,
      34.0,
      34.6,
      34.2,
      34.4,
      35.1,
      34.7,
      34.9,
      36.2,
      34.7,
      34.4,
      34.7,
      33.6,
      34.0,
      34.9,
      34.1,
      35.1,
      34.2,
      35.5,
      34.9,
      34.3,
      47.7,
      34.8,
      34.2,
      35.5,
      44.2,
      35.3,
      34.4,
      34.8,
      34.5,
      34.4,
      34.3,
      35.2,
      33.3,
      34.5,
      35.2,
      34.1,
      34.0,
      17.6,
      36.2,
      34.7,
      37.1,
      35.2,
      27.4,
      35.4,
      35.0,
      35.1,
      34.9,
      34.4,
      0.0,
      35.0,
      56.7,
      65.3,
      10.2
    ],
    [
      0.75,
      2.3,
      1.1,
      3.9,
      1.1,
      1.1,
      0.85,
      2.0,
      3.5,
      6.2,
      3.4,
      4.7,
      0.6,
      0.8,
      0.5,
      2.0,
      2.2,
      3.4,
      0.75,
      3.6,
      2.4,
      0.65,
      4.8,
      3.9,
      19.3,
      0.6,
      0.7,
      3.9,
      5.9,
      3.8,
      0.7,
      5.1,
      1.0,
      2.6,
      1.7,
      3.7,
      1.9,
      3.6,
      0.21,
      2.8,
      2.2,
      53.1,
      2.9,
      0.35,
      5.5,
      3.7,
      45.2,
      3.9,
      4.2,
      4.7,
      0.95,
      2.6,
      35.0,
      0.0,
      27.9,
      36.5,
      27.2
    ],
    [
      29.2,
      38.2,
      42.0,
      37.5,
      38.7,
      38.3,
      29.4,
      31.2,
      37.9,
      24.4,
      37.6,
      39.7,
      37.8,
      38.1,
      37.9,
      38.8,
      29.9,
      37.4,
      29.3,
      36.8,
      29.6,
      37.6,
      41.2,
      31.9,
      24.5,
      38.0,
      29.1,
      37.5,
      38.6,
      37.4,
      38.4,
      36.2,
      41.4,
      41.1,
      29.6,
      37.0,
      29.7,
      42.0,
      28.0,
      42.8,
      29.9,
      74.8,
      40.9,
      38.0,
      35.8,
      37.3,
      66.9,
      37.5,
      41.3,
      41.6,
      41.5,
      41.1,
      56.7,
      27.9,
      0.0,
      46.4,
      47.4
    ],
    [
      29.2,
      28.8,
      29.1,
      28.0,
      29.0,
      28.6,
      29.3,
      30.0,
      28.2,
      36.6,
      27.9,
      26.9,
      29.3,
      29.6,
      29.5,
      29.3,
      31.7,
      27.9,
      29.2,
      28.2,
      28.2,
      29.1,
      28.3,
      28.6,
      26.1,
      29.5,
      29.3,
      28.0,
      25.7,
      28.4,
      29.9,
      29.6,
      28.5,
      28.2,
      29.4,
      27.8,
      31.0,
      29.1,
      30.4,
      29.9,
      31.6,
      83.5,
      28.0,
      29.5,
      27.1,
      27.9,
      75.5,
      28.0,
      28.5,
      28.7,
      28.6,
      28.2,
      65.3,
      36.5,
      46.4,
      0.0,
      56.6
    ],
    [
      26.2,
      26.2,
      26.1,
      27.6,
      26.1,
      26.7,
      26.3,
      26.5,
      27.2,
      26.8,
      27.0,
      28.3,
      26.8,
      26.5,
      26.8,
      25.7,
      26.1,
      27.0,
      26.2,
      27.2,
      26.3,
      27.6,
      27.0,
      26.4,
      39.8,
      26.9,
      26.3,
      27.6,
      36.3,
      27.4,
      26.5,
      27.9,
      26.6,
      26.4,
      26.4,
      27.3,
      25.4,
      26.6,
      27.3,
      26.2,
      26.1,
      26.2,
      28.3,
      26.8,
      29.2,
      27.3,
      32.6,
      27.5,
      27.1,
      27.2,
      27.0,
      26.4,
      10.2,
      27.2,
      47.4,
      56.6,
      0.0
    ]
  ],
  "drive_time_matrix": [
    [
      0.0,
      8.0,
      6.0,
      3.0,
      7.0,
      13.0,
      4.0,
      5.0,
      9.0,
      8.0,
      12.0,
      5.0,
      8.0,
      2.0,
      10.0,
      9.0,
      4.0,
      12.0,
      2.0,
      5.0,
      8.0,
      9.0,
      3.0,
      2.0,
      19.0,
      11.0,
      1.0,
      16.0,
      7.0,
      3.0,
      5.0,
      6.0,
      11.0,
      8.0,
      5.0,
      4.0,
      11.0,
      21.0,
      11.0,
      4.0,
      25.0,
      44.0,
      16.0,
      10.0,
      7.0,
      4.0,
      40.0,
      5.0,
      9.0,
      5.0,
      6.0,
      7.0,
      35.0,
      12.0,
      32.0,
      27.0,
      25.0
    ],
    [
      8.0,
      0.0,
      4.0,
      7.0,
      4.0,
      6.0,
      5.0,
      5.0,
      3.0,
      10.0,
      6.0,
      5.0,
      6.0,
      7.0,
      8.0,
      11.0,
      6.0,
      6.0,
      5.0,
      10.0,
      4.0,
      7.0,
      8.0,
      10.0,
      19.0,
      8.0,
      8.0,
      10.0,
      7.0,
      9.0,
      11.0,
      6.0,
      5.0,
      7.0,
      5.0,
      10.0,
      5.0,
      4.0,
      12.0,
      5.0,
      6.0,
      45.0,
      9.0,
      8.0,
      7.0,
      12.0,
      41.0,
      9.0,
      5.0,
      9.0,
      2.0,
      6.0,
      35.0,
      5.0,
      33.0,
      27.0,
      26.0
    ],
    [
      6.0,
      4.0,
      0.0,
      9.0,
      1.0,
      8.0,
      3.0,
      4.0,
      5.0,
      10.0,
      8.0,
      5.0,
      6.0,
      5.0,
      8.0,
      9.0,
      23.0,
      8.0,
      3.0,
      5.0,
      3.0,
      8.0,
      10.0,
      13.0,
      18.0,
      9.0,
      5.0,
      11.0,
      7.0,
      3.0,
      8.0,
      5.0,
      7.0,
      5.0,
      4.0,
      12.0,
      11.0,
      15.0,
      13.0,
      3.0,
      24.0,
      44.0,
      12.0,
      7.0,
      6.0,
      14.0,
      40.0,
      11.0,
      6.0,
      9.0,
      1.0,
      5.0,
      34.0,
      14.0,
      32.0,
      26.0,
      25.0
    ],
    [
      3.0,
      7.0,
      9.0,
      0.0,
      9.0,
      10.0,
      12.0,
      6.0,
      6.0,
      7.0,
      6.0,
      5.0,
      13.0,
      11.0,
      15.0,
      7.0,
      8.0,
      6.0,
      11.0,
      8.0,
      8.0,
      14.0,
      9.0,
      11.0,
