{
  "drive_dist_matrix": [
    [
      0.0,
      21.6,
      27.2,
      20.6,
      18.5,
      60.5,
      17.7,
      11.7,
      24.3,
      7.5,
      22.1,
      18.4,
      21.1,
      13.4,
      24.0,
      36.5,
      13.9,
      0.6,
      16.1,
      21.6,
      18.8,
      74.0,
      13.4,
      25.2,
      20.9,
      49.3,
      22.5,
      20.6,
      16.3,
      30.5,
      21.1,
      17.2,
      20.6,
      23.6,
      25.4,
      16.0,
      19.0,
      141.0,
      20.9,
      24.2,
      90.3,
      21.2,
      61.9,
      7.8,
      22.0,
      13.2,
      98.0,
      12.5,
      17.4,
      21.7,
      21.1,
      22.0,
      14.7,
      18.2,
      31.8,
      24.2,
      33.0,
      27.4
    ],
    [
      21.6,
      0.0,
      5.5,
      2.1,
      5.4,
      66.7,
      2.0,
      9.8,
      17.7,
      21.1,
      3.6,
      1.2,
      0.95,
      9.6,
      5.8,
      43.6,
      9.7,
      20.4,
      5.8,
      3.2,
      5.4,
      76.0,
      9.8,
      4.2,
      2.4,
      55.6,
      21.0,
      2.1,
      5.2,
      10.7,
      5.9,
      3.5,
      0.85,
      5.4,
      5.5,
      5.0,
      5.5,
      143.0,
      6.9,
      14.0,
      99.5,
      0.28,
      56.0,
      30.9,
      3.5,
      8.4,
      100.0,
      10.5,
      3.6,
      3.2,
      0.8,
      1.9,
      14.1,
      0.8,
      33.0,
      20.8,
      14.8,
      27.2
    ],
    [
      27.2,
      5.5,
      0.0,
      3.7,
      12.4,
      79.5,
      6.7,
      17.5,
      19.1,
      28.1,
      3.7,
      7.1,
      5.6,
      18.8,
      7.0,
      56.4,
      22.5,
      28.0,
      12.8,
      3.3,
      12.7,
      77.4,
      23.9,
      5.4,
      3.4,
      68.4,
      19.2,
      4.3,
      10.0,
      6.3,
      3.6,
      8.4,
      5.2,
      9.0,
      4.7,
      9.7,
      12.9,
      145.0,
      4.3,
      14.7,
      104.0,
      5.7,
      54.9,
      35.4,
      3.6,
      18.0,
      101.0,
      18.3,
      9.7,
      3.7,
      5.1,
      3.7,
      24.2,
      6.9,
      37.5,
      19.8,
      10.1,
      27.8
    ],
    [
      20.6,
      2.1,
      3.7,
      0.0,
      10.1,
      71.1,
      3.0,
      9.2,
      16.8,
      20.5,
      0.13,
      3.3,
      1.9,
      16.2,
      4.9,
      48.0,
      17.1,
      19.8,
      5.2,
      0.7,
      10.4,
      75.1,
      15.5,
      3.3,
      0.3,
      60.0,
      20.4,
      1.0,
      6.3,
      9.8,
      4.6,
      5.1,
      1.2,
      6.7,
      4.6,
      6.0,
      10.6,
      142.0,
      5.4,
      13.1,
      98.8,
      2.0,
      55.3,
      30.2,
      0.098,
      7.8,
      99.1,
      9.9,
      6.0,
      1.1,
      1.4,
      1.6,
      18.5,
      3.2,
      32.3,
      20.2,
      13.9,
      26.3
    ],
    [
      18.5,
      5.4,
      12.4,
      10.1,
      0.0,
      64.7,
      4.9,
      7.4,
      10.4,
      18.8,
      10.8,
      4.7,
      5.6,
      7.2,
      6.2,
      41.5,
      7.3,
      18.1,
      10.9,
      10.4,
      0.6,
      68.6,
      7.5,
      7.4,
      10.2,
      53.5,
      25.8,
      10.5,
      5.3,
      12.0,
      15.0,
      2.6,
      9.6,
      5.8,
      7.6,
      5.0,
      0.75,
      136.0,
      14.8,
      11.3,
      97.0,
      5.5,
      60.8,
      26.4,
      10.7,
      12.1,
      92.7,
      8.1,
      4.4,
      11.0,
      9.8,
      8.6,
      12.0,
      4.5,
      37.8,
      25.7,
      17.2,
      18.2
    ],
    [
      60.5,
      66.7,
      79.5,
      71.1,
      64.7,
      0.0,
      70.4,
      70.0,
      73.5,
      72.2,
      74.5,
      71.0,
      71.3,
      63.9,
      75.5,
      36.4,
      65.3,
      66.3,
      73.6,
      74.0,
      70.3,
      99.8,
      63.6,
      76.6,
      73.3,
      11.2,
      89.4,
      73.0,
      67.6,
      81.4,
      77.7,
      68.6,
      72.7,
      75.0,
      76.8,
      67.3,
      70.4,
      167.0,
      77.4,
      75.6,
      96.0,
      72.1,
      113.0,
      68.6,
      74.4,
      74.1,
      124.0,
      70.8,
      68.7,
      77.2,
      72.6,
      77.8,
      63.8,
      71.2,
      83.7,
      85.0,
      84.5,
      76.6
    ],
    [
      17.7,
      2.0,
      6.7,
      3.0,
      4.9,
      70.4,
      0.0,
      6.9,
      15.4,
      18.3,
      4.7,
      0.85,
      1.5,
      8.7,
      5.9,
      42.6,
      8.8,
      17.8,
      6.3,
      4.2,
      5.0,
      70.9,
      8.9,
      6.4,
      3.5,
      54.6,
      21.6,
      3.2,
      3.9,
      11.7,
      6.5,
      2.5,
      2.9,
      5.5,
      7.3,
      3.7,
      5.1,
      138.0,
      7.4,
      9.7,
      92.6,
      2.3,
      56.5,
      25.1,
      4.6,
      7.7,
      95.0,
      7.6,
      2.7,
      4.3,
      2.9,
      3.6,
      13.1,
      1.1,
      33.5,
      21.4,
      16.9,
      23.2
    ],
    [
      11.7,
      9.8,
      17.5,
      9.2,
      7.4,
      70.0,
      6.9,
      0.0,
      19.2,
      11.5,
      11.9,
      9.4,
      9.2,
      12.2,
      15.1,
      45.1,
      13.2,
      10.7,
      5.9,
      11.4,
      9.9,
      77.5,
      11.5,
      16.2,
      10.7,
      56.0,
      20.0,
      10.4,
      7.2,
      20.8,
      12.5,
      8.2,
      10.4,
      14.7,
      16.4,
      7.0,
      10.0,
      145.0,
      12.2,
      20.2,
      89.5,
      10.0,
      53.9,
      19.9,
      11.8,
      4.8,
      102.0,
      0.75,
      8.3,
      11.5,
      10.5,
      17.4,
      14.5,
      9.3,
      31.2,
      18.8,
      26.0,
      27.1
    ],
    [
      24.3,
      17.7,
      19.1,
      16.8,
      10.4,
      73.5,
      15.4,
      19.2,
      0.0,
      23.2,
      18.0,
      15.1,
      18.1,
      12.1,
      13.4,
      45.7,
      11.6,
      28.0,
      20.7,
      17.5,
      10.9,
      63.8,
      12.4,
      14.6,
      17.3,
      57.7,
      36.6,
      17.7,
      15.0,
      16.9,
      24.7,
      13.1,
      16.7,
      12.5,
      14.7,
      14.8,
      11.0,
      131.0,
      24.5,
      7.3,
      113.0,
      17.3,
      70.5,
      30.3,
      17.9,
      21.8,
      87.9,
      17.9,
      15.0,
      18.1,
      16.9,
      15.7,
      13.3,
      14.9,
      54.3,
      35.4,
      16.2,
      4.2
    ],
    [
      7.5,
      21.1,
      28.1,
      20.5,
      18.8,
      72.2,
      18.3,
      11.5,
      23.2,
      0.0,
      23.9,
      20.1,
      22.9,
      15.2,
      25.8,
      37.1,
      15.6,
      3.8,
      17.8,
      23.4,
      20.6,
      74.6,
      15.2,
      27.0,
      22.7,
      49.9,
      24.8,
      22.3,
      18.0,
      32.3,
      22.9,
      19.0,
      22.4,
      25.4,
      27.1,
      17.8,
      20.8,
      142.0,
      22.6,
      25.9,
      93.7,
      23.0,
      58.6,
      9.8,
      23.7,
      14.6,
      98.6,
      14.2,
      19.1,
      23.5,
      22.9,
      23.8,
      15.3,
      20.0,
      33.8,
      23.5,
      34.8,
      28.0
    ],
    [
      22.1,
      3.6,
      3.7,
      0.13,
      10.8,
      74.5,
      4.7,
      11.9,
      18.0,
      23.9,
      0.0,
      3.5,
      2.1,
      16.3,
      5.1,
      48.1,
      17.3,
      19.9,
      5.3,
      0.75,
      10.5,
      75.2,
      15.6,
      3.5,
      0.35,
      60.1,
      20.5,
      1.6,
      6.4,
      10.0,
      5.4,
      5.3,
      1.3,
      6.8,
      4.7,
      6.2,
      10.7,
      142.0,
      6.4,
      13.2,
      99.0,
      2.2,
      55.5,
      30.4,
      0.12,
      7.9,
      99.2,
      10.0,
      6.2,
      2.1,
      1.5,
      1.7,
      18.6,
      3.3,
      32.5,
      20.3,
      14.0,
      26.4
    ],
    [
      18.4,
      1.2,
      7.1,
      3.3,
      4.7,
      71.0,
      0.85,
      9.4,
      15.1,
      20.1,
      3.5,
      0.0,
      1.4,
      8.6,
      5.2,
      42.6,
      8.7,
      19.1,
      6.8,
      4.1,
      4.9,
      70.9,
      8.9,
      5.3,
      3.4,
      54.6,
      22.0,
      3.1,
      4.5,
      11.0,
      6.9,
      2.5,
      2.2,
      4.8,
      6.5,
      4.3,
      5.1,
      138.0,
      7.8,
      9.6,
      93.1,
      1.6,
      56.9,
      25.7,
      4.5,
      8.2,
      94.9,
      9.2,
      2.6,
      4.2,
      2.1,
      2.9,
      13.1,
      0.35,
      34.0,
      21.8,
      15.9,
      23.2
    ],
    [
      21.1,
      0.95,
      5.6,
      1.9,
      5.6,
      71.3,
      1.5,
      9.2,
      18.1,
      22.9,
      2.1,
      1.4,
      0.0,
      9.4,
      6.4,
      48.2,
      9.5,
      20.0,
      5.3,
      2.7,
      5.6,
      76.6,
      9.6,
      4.8,
      2.0,
      60.2,
      20.6,
      1.6,
      4.3,
      11.3,
      5.5,
      3.2,
      1.4,
      5.6,
      6.1,
      4.0,
      5.7,
      144.0,
      6.4,
      14.6,
      99.0,
      0.8,
      55.5,
      30.4,
      3.0,
      8.0,
      101.0,
      10.1,
      3.4,
      2.8,
      1.4,
      3.1,
      18.6,
      1.3,
      32.5,
      20.4,
      15.4,
      27.8
    ],
    [
      13.4,
      9.6,
      18.8,
      16.2,
      7.2,
      63.9,
      8.7,
      12.2,
      12.1,
      15.2,
      16.3,
      8.6,
      9.4,
      0.0,
      12.8,
      34.6,
      0.6,
      12.5,
      13.9,
      17.0,
      7.6,
      65.4,
      0.4,
      14.0,
      16.8,
      46.6,
      29.8,
      16.8,
      8.2,
      19.0,
      17.9,
      6.3,
      16.1,
      12.4,
      14.1,
      7.9,
      7.8,
      133.0,
      17.7,
      13.4,
      98.7,
      10.8,
      63.6,
      19.5,
      17.3,
      16.8,
      89.5,
      11.1,
      9.3,
      17.5,
      11.2,
      15.2,
      2.1,
      8.8,
      39.6,
      28.5,
      22.3,
      15.4
    ],
    [
      24.0,
      5.8,
      7.0,
      4.9,
      6.2,
      75.5,
      5.9,
      15.1,
      13.4,
      25.8,
      5.1,
      5.2,
      6.4,
      12.8,
      0.0,
      47.1,
      16.4,
      23.6,
      9.5,
      5.6,
      6.7,
      71.3,
      17.2,
      3.0,
      5.5,
      59.1,
      26.3,
      5.8,
      10.8,
      6.6,
      9.7,
      8.9,
      4.9,
      1.4,
      3.2,
      10.6,
      6.8,
      138.0,
      15.0,
      6.1,
      102.0,
      5.4,
      62.0,
      31.9,
      5.5,
      17.6,
      95.4,
      13.7,
      7.2,
      6.3,
      5.1,
      3.9,
      18.1,
      5.2,
      43.3,
      26.9,
      10.7,
      20.9
    ],
    [
      36.5,
      43.6,
      56.4,
      48.0,
      41.5,
      36.4,
      42.6,
      45.1,
      45.7,
      37.1,
      48.1,
      42.6,
      48.2,
      34.6,
      47.1,
      0.0,
      40.0,
      39.1,
      50.1,
      48.7,
      44.9,
      47.0,
      38.3,
      51.3,
      48.0,
      19.7,
      58.5,
      47.6,
      42.2,
      56.0,
      52.3,
      43.3,
      47.4,
      49.7,
      51.4,
      42.0,
      45.1,
      142.0,
      52.1,
      50.3,
      85.6,
      46.8,
      85.9,
      41.3,
      49.0,
      46.9,
      98.6,
      45.4,
      43.3,
      51.8,
      47.3,
      52.5,
      38.4,
      45.9,
      56.5,
      57.8,
      59.1,
      51.2
    ],
    [
      13.9,
      9.7,
      22.5,
      17.1,
      7.3,
      65.3,
      8.8,
      13.2,
      11.6,
      15.6,
      17.3,
      8.7,
      9.5,
      0.6,
      16.4,
      40.0,
      0.0,
      13.1,
      15.0,
      17.1,
      7.8,
      64.9,
      0.85,
      14.2,
      18.3,
      48.4,
      30.3,
      17.9,
      8.7,
      19.1,
      19.0,
      6.5,
      16.3,
      12.6,
      14.3,
      8.5,
      7.9,
      132.0,
      18.8,
      12.9,
      99.3,
      11.0,
      64.2,
      21.2,
      17.5,
      18.8,
      89.0,
      12.2,
      9.8,
      18.6,
      11.3,
      15.3,
      1.8,
      9.0,
      40.2,
      29.0,
      21.8,
      14.9
    ],
    [
      0.6,
      20.4,
      28.0,
      19.8,
      18.1,
      66.3,
      17.8,
      10.7,
      28.0,
      3.8,
      19.9,
      19.1,
      20.0,
      12.5,
      23.6,
      39.1,
      13.1,
      0.0,
      16.2,
      21.8,
      19.0,
      77.1,
      13.6,
      25.4,
      21.0,
      52.4,
      22.7,
      20.7,
      16.4,
      32.4,
      22.9,
      17.4,
      20.8,
      23.8,
      25.5,
      16.2,
      19.1,
      144.0,
      22.7,
      24.3,
      90.2,
      21.3,
      61.8,
      7.7,
      22.1,
      13.4,
      101.0,
      12.6,
      17.5,
      21.8,
      21.3,
      22.2,
      17.7,
      18.4,
      31.7,
      24.1,
      33.2,
      30.5
    ],
    [
      16.1,
      5.8,
      12.8,
      5.2,
      10.9,
      73.6,
      6.3,
      5.9,
      20.7,
      17.8,
      5.3,
      6.8,
      5.3,
      13.9,
      9.5,
      50.1,
      15.0,
      16.2,
      0.0,
      6.8,
      12.5,
      77.1,
      14.2,
      8.9,
      6.0,
      58.7,
      17.5,
      5.7,
      9.8,
      14.9,
      5.4,
      10.9,
      5.8,
      12.2,
      17.3,
      9.6,
      12.6,
      144.0,
      5.2,
      22.8,
      93.6,
      6.3,
      50.1,
      25.0,
      7.1,
      3.8,
      101.0,
      8.6,
      8.7,
      6.8,
      6.3,
      7.2,
      17.1,
      7.6,
      27.1,
      15.0,
      18.6,
      29.7
    ],
    [
      21.6,
      3.2,
      3.3,
      0.7,
      10.4,
      74.0,
      4.2,
      11.4,
      17.5,
      23.4,
      0.75,
      4.1,
      2.7,
      17.0,
      5.6,
      48.7,
      17.1,
      21.8,
      6.8,
      0.0,
      11.5,
      76.1,
      15.8,
      4.4,
      0.4,
      60.3,
      21.1,
      1.0,
      6.6,
      8.5,
      4.1,
      5.6,
      1.9,
      7.7,
      3.6,
      6.4,
      11.6,
      143.0,
      5.0,
      14.2,
      97.2,
      2.5,
      53.7,
      28.6,
      0.65,
      8.1,
      100.0,
      10.2,
      6.4,
      0.7,
      2.4,
      2.6,
      18.8,
      3.6,
      30.7,
      18.6,
      15.0,
      27.4
    ],
    [
      18.8,
      5.4,
      12.7,
      10.4,
      0.6,
      70.3,
      5.0,
      9.9,
      10.9,
      20.6,
      10.5,
      4.9,
      5.6,
      7.6,
      6.7,
      44.9,
      7.8,
      19.0,
      12.5,
      11.5,
      0.0,
      67.4,
      8.0,
      8.8,
      6.6,
      54.6,
      27.0,
      6.9,
      4.3,
      13.4,
      16.1,
      2.3,
      5.9,
      7.2,
      8.9,
      4.0,
      0.4,
      135.0,
      15.9,
      12.7,
      98.1,
      5.1,
      61.9,
      27.5,
      6.6,
      13.2,
      91.4,
      9.3,
      4.1,
      7.4,
      5.5,
      5.1,
      8.9,
      4.2,
      38.9,
      26.8,
      18.6,
      19.6
    ],
    [
      74.0,
      76.0,
      77.4,
      75.1,
      68.6,
      99.8,
      70.9,
      77.5,
      63.8,
      74.6,
      75.2,
      70.9,
      76.6,
      65.4,
      71.3,
      47.0,
      64.9,
      77.1,
      77.1,
      76.1,
      67.4,
      0.0,
      65.6,
      76.9,
      79.6,
      83.5,
      93.6,
      80.0,
      72.0,
      75.9,
      81.8,
      69.7,
      79.0,
      71.4,
      77.0,
      71.7,
      67.2,
      116.0,
      81.6,
      68.6,
      143.0,
      79.6,
      140.0,
      79.6,
      80.2,
      79.9,
      52.9,
      74.9,
      73.1,
      80.4,
      79.2,
      78.0,
      64.5,
      72.2,
      111.0,
      96.0,
      77.4,
      67.8
    ],
    [
      13.4,
      9.8,
      23.9,
      15.5,
      7.5,
      63.6,
      8.9,
      11.5,
      12.4,
      15.2,
      15.6,
      8.9,
      9.6,
      0.4,
      17.2,
      38.3,
      0.85,
      13.6,
      14.2,
      15.8,
      8.0,
      65.6,
      0.0,
      13.9,
      13.1,
      46.6,
      29.5,
      12.8,
      7.4,
      18.9,
      18.2,
      6.2,
      16.0,
      12.3,
      14.1,
      7.1,
      7.7,
      133.0,
      18.0,
      13.4,
      98.4,
      11.9,
      63.3,
      20.9,
      17.2,
      16.7,
      89.5,
      10.6,
      8.5,
      17.7,
      11.1,
      15.1,
      2.4,
      8.7,
      39.3,
      28.2,
      22.3,
      20.1
    ],
    [
      25.2,
      4.2,
      5.4,
      3.3,
      7.4,
      76.6,
      6.4,
      16.2,
      14.6,
      27.0,
      3.5,
      5.3,
      4.8,
      14.0,
      3.0,
      51.3,
      14.2,
      25.4,
      8.9,
      4.4,
      8.8,
      76.9,
      13.9,
      0.0,
      3.7,
      60.3,
      24.8,
      4.9,
      12.0,
      6.1,
      7.7,
      10.1,
      3.9,
      3.9,
      3.2,
      11.8,
      8.0,
      140.0,
      13.6,
      10.6,
      110.0,
      4.5,
      60.5,
      33.1,
      3.9,
      11.2,
      96.6,
      14.9,
      8.4,
      4.3,
      4.1,
      2.9,
      19.4,
      5.5,
      43.2,
      25.4,
      11.4,
      23.8
    ],
    [
      20.9,
      2.4,
      3.4,
      0.3,
      10.2,
      73.3,
      3.5,
      10.7,
      17.3,
      22.7,
      0.35,
      3.4,
      2.0,
      16.8,
      5.5,
      48.0,
      18.3,
      21.0,
      6.0,
      0.4,
      6.6,
      79.6,
      13.1,
      3.7,
      0.0,
      60.3,
      20.7,
      0.75,
      6.6,
      10.1,
      4.3,
      5.5,
      1.8,
      7.0,
      3.8,
      6.4,
      10.9,
      143.0,
      5.0,
      13.4,
      97.3,
      2.4,
      53.8,
      28.7,
      0.23,
      8.1,
      99.4,
      10.2,
      6.3,
      0.8,
      1.7,
      1.9,
      18.8,
      3.5,
      30.8,
      18.7,
      14.2,
      26.6
    ],
    [
      49.3,
      55.6,
      68.4,
      60.0,
      53.5,
      11.2,
      54.6,
      56.0,
      57.7,
      49.9,
      60.1,
      54.6,
      60.2,
      46.6,
      59.1,
      19.7,
      48.4,
      52.4,
      58.7,
      60.3,
      54.6,
      83.5,
      46.6,
      60.3,
      60.3,
      0.0,
      72.8,
      56.3,
      50.9,
      64.7,
      61.0,
      52.0,
      56.1,
      58.4,
      60.2,
      50.7,
      53.8,
      150.0,
      60.8,
      59.0,
      82.6,
      55.5,
      96.6,
      52.0,
      57.8,
      57.5,
      107.0,
      54.2,
      52.0,
      60.6,
      56.0,
      61.2,
      47.2,
      54.6,
      67.1,
      68.4,
      67.9,
      60.0
    ],
    [
      22.5,
      21.0,
      19.2,
      20.4,
      25.8,
      89.4,
      21.6,
      20.0,
      36.6,
      24.8,
      20.5,
      22.0,
      20.6,
      29.8,
      26.3,
      58.5,
      30.3,
      22.7,
      17.5,
      21.1,
      27.0,
      93.6,
      29.5,
      24.8,
      20.7,
      72.8,
      0.0,
      21.3,
      25.1,
      22.9,
      16.5,
      26.2,
      21.3,
      28.6,
      25.4,
      24.9,
      28.0,
      161.0,
      16.1,
      31.9,
      104.0,
      21.9,
      43.2,
      35.4,
      21.1,
      17.5,
      118.0,
      23.9,
      24.0,
      20.8,
      21.8,
      22.7,
      33.2,
      23.2,
      37.7,
      19.8,
      24.9,
      50.3
    ],
    [
      20.6,
      2.1,
      4.3,
      1.0,
      10.5,
      73.0,
      3.2,
      10.4,
      17.7,
      22.3,
      1.6,
      3.1,
      1.6,
      16.8,
      5.8,
      47.6,
      17.9,
      20.7,
      5.7,
      1.0,
      6.9,
      80.0,
      12.8,
      4.9,
      0.75,
      56.3,
      21.3,
      0.0,
      5.7,
      11.1,
      3.8,
      5.0,
      1.1,
      7.9,
      5.8,
      5.5,
      11.8,
      143.0,
      4.7,
      14.4,
      96.9,
      1.9,
      53.4,
      28.3,
      1.5,
      7.2,
      100.0,
      9.3,
      5.5,
      1.6,
      1.9,
      2.8,
      17.9,
      3.1,
      30.4,
      18.3,
      15.1,
      27.5
    ],
    [
      16.3,
      5.2,
      10.0,
      6.3,
      5.3,
      67.6,
      3.9,
      7.2,
      15.0,
      18.0,
      6.4,
      4.5,
      4.3,
      8.2,
      10.8,
      42.2,
      8.7,
      16.4,
      9.8,
      6.6,
      4.3,
      72.0,
      7.4,
      12.0,
      6.6,
      50.9,
      25.1,
      5.7,
      0.0,
      15.7,
      7.7,
      2.8,
      6.0,
      9.5,
      11.3,
      0.35,
      4.9,
      139.0,
      12.7,
      15.0,
      93.3,
      5.4,
      58.7,
      24.0,
      7.7,
      8.4,
      96.4,
      4.7,
      0.9,
      7.4,
      5.9,
      6.5,
      9.6,
      4.5,
      35.7,
      23.6,
      20.9,
      21.9
    ],
    [
      30.5,
      10.7,
      6.3,
      9.8,
      12.0,
      81.4,
      11.7,
      20.8,
      16.9,
      32.3,
      10.0,
      11.0,
      11.3,
      19.0,
      6.6,
      56.0,
      19.1,
      32.4,
      14.9,
      8.5,
      13.4,
      75.9,
      18.9,
      6.1,
      10.1,
      64.7,
      22.9,
      11.1,
      15.7,
      0.0,
      12.6,
      15.4,
      10.2,
      7.7,
      6.1,
      17.0,
      13.3,
      142.0,
      12.8,
      10.0,
      109.0,
      10.7,
      59.9,
      40.0,
      9.3,
      22.4,
      98.8,
      20.1,
      13.7,
      9.6,
      10.4,
      9.2,
      21.1,
      11.7,
      42.2,
      24.7,
      4.6,
      24.8
    ],
    [
      21.1,
      5.9,
      3.6,
      4.6,
      15.0,
      77.7,
      6.5,
      12.5,
      24.7,
      22.9,
      5.4,
      6.9,
      5.5,
      17.9,
      9.7,
      52.3,
      19.0,
      22.9,
      5.4,
      4.1,
      16.1,
      81.8,
      18.2,
      7.7,
      4.3,
      61.0,
      16.5,
      3.8,
      7.7,
      12.6,
      0.0,
      13.3,
      5.0,
      15.5,
      12.3,
      12.0,
      15.1,
      147.0,
      0.75,
      20.2,
      96.8,
      5.6,
      50.5,
      28.2,
      4.7,
      10.8,
      104.0,
      11.0,
      8.1,
      4.5,
      5.6,
      6.4,
      19.6,
      6.9,
      30.3,
      15.4,
      13.6,
      32.1
    ],
    [
      17.2,
      3.5,
      8.4,
      5.1,
      2.6,
      68.6,
      2.5,
      8.2,
      13.1,
      19.0,
      5.3,
      2.5,
      3.2,
      6.3,
      8.9,
      43.3,
      6.5,
      17.4,
      10.9,
      5.6,
      2.3,
      69.7,
      6.2,
      10.1,
      5.5,
      52.0,
      26.2,
      5.0,
      2.8,
      15.4,
      13.3,
      0.0,
      5.4,
      8.5,
      10.3,
      1.7,
      3.9,
      136.0,
      13.6,
      14.0,
      95.8,
      4.7,
      59.6,
      25.2,
      6.1,
      10.9,
      92.7,
      6.9,
      2.0,
      6.0,
      5.0,
      4.6,
      10.8,
      2.6,
      36.6,
      24.5,
      19.9,
      20.9
    ],
    [
      20.6,
      0.85,
      5.2,
      1.2,
      9.6,
      72.7,
      2.9,
      10.4,
      16.7,
      22.4,
      1.3,
      2.2,
      1.4,
      16.1,
      4.9,
      47.4,
      16.3,
      20.8,
      5.8,
      1.9,
      5.9,
      79.0,
      16.0,
      3.9,
      1.8,
      56.1,
      21.3,
      1.1,
      6.0,
      10.2,
      5.0,
      5.4,
      0.0,
      6.7,
      4.7,
      5.7,
      10.6,
      142.0,
      5.9,
      13.2,
      98.5,
      0.55,
      55.0,
      29.9,
      1.3,
      7.5,
      99.2,
      9.6,
      5.0,
      2.3,
      0.7,
      1.6,
      18.2,
      1.8,
      32.0,
      19.9,
      14.0,
      26.4
    ],
    [
      23.6,
      5.4,
      9.0,
      6.7,
      5.8,
      75.0,
      5.5,
      14.7,
      12.5,
      25.4,
      6.8,
      4.8,
      5.6,
      12.4,
      1.4,
      49.7,
      12.6,
      23.8,
      12.2,
      7.7,
      7.2,
      71.4,
      12.3,
      3.9,
      7.0,
      58.4,
      28.6,
      7.9,
      9.5,
      7.7,
      15.5,
      8.5,
      6.7,
      0.0,
      4.0,
      9.6,
      5.9,
      138.0,
      15.9,
      5.6,
      102.0,
      5.1,
      62.8,
      30.9,
      7.2,
      16.7,
      94.4,
      12.7,
      6.2,
      7.4,
      6.2,
      5.0,
      17.2,
      4.2,
      42.4,
      27.7,
      12.2,
      20.0
    ],
    [
      25.4,
      5.5,
      4.7,
      4.6,
      7.6,
      76.8,
      7.3,
      16.4,
      14.7,
      27.1,
      4.7,
      6.5,
      6.1,
      14.1,
      3.2,
      51.4,
      14.3,
      25.5,
      17.3,
      3.6,
      8.9,
      77.0,
      14.1,
      3.2,
      3.8,
      60.2,
      25.4,
      5.8,
      11.3,
      6.1,
      12.3,
      10.3,
      4.7,
      4.0,
      0.0,
      13.5,
      9.8,
      141.0,
      13.8,
      11.6,
      110.0,
      4.7,
      60.8,
      34.9,
      3.6,
      11.5,
      98.3,
      16.6,
      10.2,
      4.0,
      4.4,
      3.2,
      21.1,
      5.7,
      43.4,
      25.6,
      13.4,
      24.8
    ],
    [
      16.0,
      5.0,
      9.7,
      6.0,
      5.0,
      67.3,
      3.7,
      7.0,
      14.8,
      17.8,
      6.2,
      4.3,
      4.0,
      7.9,
      10.6,
      42.0,
      8.5,
      16.2,
      9.6,
      6.4,
      4.0,
      71.7,
      7.1,
      11.8,
      6.4,
      50.7,
      24.9,
      5.5,
      0.35,
      17.0,
      12.0,
      1.7,
      5.7,
      9.6,
      13.5,
      0.0,
      4.6,
      139.0,
      12.5,
      14.8,
      94.6,
      6.2,
      58.4,
      23.7,
      8.5,
      9.8,
      96.1,
      5.8,
      2.8,
      8.2,
      6.8,
      12.0,
      9.4,
      4.7,
      35.5,
      23.3,
      20.7,
      21.7
    ],
    [
      19.0,
      5.5,
      12.9,
      10.6,
      0.75,
      70.4,
      5.1,
      10.0,
      11.0,
      20.8,
      10.7,
      5.1,
      5.7,
      7.8,
      6.8,
      45.1,
      7.9,
      19.1,
      12.6,
      11.6,
      0.4,
      67.2,
      7.7,
      8.0,
      10.9,
      53.8,
      28.0,
      11.8,
      4.9,
      13.3,
      15.1,
      3.9,
      10.6,
      5.9,
      9.8,
      4.6,
      0.0,
      134.0,
      15.8,
      12.6,
      98.0,
      5.1,
      61.8,
      27.4,
      6.5,
      13.1,
      91.4,
      9.2,
      4.0,
      7.3,
      5.4,
      5.1,
      8.8,
      4.1,
      38.8,
      26.7,
      18.5,
      19.5
    ],
    [
      141.0,
      143.0,
      145.0,
      142.0,
      136.0,
      167.0,
      138.0,
      145.0,
      131.0,
      142.0,
      142.0,
      138.0,
      144.0,
      133.0,
      138.0,
      142.0,
      132.0,
      144.0,
      144.0,
      143.0,
      135.0,
      116.0,
      133.0,
      140.0,
      143.0,
      150.0,
      161.0,
      143.0,
      139.0,
      142.0,
      147.0,
      136.0,
      142.0,
      138.0,
      141.0,
      139.0,
      134.0,
      0.0,
      148.0,
      135.0,
      209.0,
      146.0,
      206.0,
      146.0,
      147.0,
      146.0,
      130.0,
      141.0,
      140.0,
      147.0,
      146.0,
      144.0,
      131.0,
      139.0,
      177.0,
      162.0,
      144.0,
      134.0
    ],
    [
      20.9,
      6.9,
      4.3,
      5.4,
      14.8,
      77.4,
      7.4,
      12.2,
      24.5,
      22.6,
      6.4,
      7.8,
      6.4,
      17.7,
      15.0,
      52.1,
      18.8,
      22.7,
      5.2,
      5.0,
      15.9,
      81.6,
      18.0,
      13.6,
      5.0,
      60.8,
      16.1,
      4.7,
      12.7,
      12.8,
      0.75,
      13.6,
      5.9,
      15.9,
      13.8,
      12.5,
      15.8,
      148.0,
      0.0,
      24.7,
      95.9,
      6.0,
      49.6,
      27.3,
      5.1,
      9.9,
      103.0,
      10.1,
      10.3,
      4.9,
      5.9,
      6.8,
      18.7,
      7.3,
      29.4,
      14.5,
      18.1,
      31.2
    ],
    [
      24.2,
      14.0,
      14.7,
      13.1,
      11.3,
      75.6,
      9.7,
      20.2,
      7.3,
      25.9,
      13.2,
      9.6,
      14.6,
      13.4,
      6.1,
      50.3,
      12.9,
      24.3,
      22.8,
      14.2,
      12.7,
      68.6,
      13.4,
      10.6,
      13.4,
      59.0,
      31.9,
      14.4,
      15.0,
      10.0,
      20.2,
      14.0,
      13.2,
      5.6,
      11.6,
      14.8,
      12.6,
      135.0,
      24.7,
      0.0,
      111.0,
      12.8,
      67.5,
      33.2,
      12.9,
      23.9,
      92.8,
      16.0,
      9.3,
      13.6,
      12.4,
      11.2,
      15.3,
      9.3,
      52.2,
      32.4,
      10.5,
      12.7
    ],
    [
      90.3,
      99.5,
      104.0,
      98.8,
      97.0,
      96.0,
      92.6,
      89.5,
      113.0,
      93.7,
      99.0,
      93.1,
      99.0,
      98.7,
      102.0,
      85.6,
      99.3,
      90.2,
      93.6,
      97.2,
      98.1,
      143.0,
      98.4,
      110.0,
      97.3,
      82.6,
      104.0,
      96.9,
      93.3,
      109.0,
      96.8,
      95.8,
      98.5,
      102.0,
      110.0,
      94.6,
      98.0,
      209.0,
      95.9,
      111.0,
      0.0,
      98.7,
      113.0,
      86.1,
      97.5,
      87.2,
      166.0,
      91.5,
      93.4,
      97.3,
      98.6,
      99.5,
      103.0,
      100.0,
      83.2,
      87.5,
      115.0,
      115.0
    ],
    [
      21.2,
      0.28,
      5.7,
      2.0,
      5.5,
      72.1,
      2.3,
      10.0,
      17.3,
      23.0,
      2.2,
      1.6,
      0.8,
      10.8,
      5.4,
      46.8,
      11.0,
      21.3,
      6.3,
      2.5,
      5.1,
      79.6,
      11.9,
      4.5,
      2.4,
      55.5,
      21.9,
      1.9,
      5.4,
      10.7,
      5.6,
      4.7,
      0.55,
      5.1,
      4.7,
      6.2,
      5.1,
      146.0,
      6.0,
      12.8,
      98.7,
      0.0,
      55.6,
      30.5,
      3.1,
      8.1,
      99.7,
      10.2,
      4.2,
      2.9,
      0.5,
      1.8,
      18.8,
      1.2,
      32.6,
      20.5,
      14.5,
      26.9
    ],
    [
      61.9,
      56.0,
      54.9,
      55.3,
      60.8,
      113.0,
      56.5,
      53.9,
      70.5,
      58.6,
      55.5,
      56.9,
      55.5,
      63.6,
      62.0,
      85.9,
      64.2,
      61.8,
      50.1,
      53.7,
      61.9,
      140.0,
      63.3,
      60.5,
      53.8,
      96.6,
      43.2,
      53.4,
      58.7,
      59.9,
      50.5,
      59.6,
      55.0,
      62.8,
      60.8,
      58.4,
      61.8,
      206.0,
      49.6,
      67.5,
      113.0,
      55.6,
      0.0,
      55.4,
      54.7,
      50.4,
      163.0,
      55.4,
      58.0,
      54.4,
      55.8,
      56.7,
      66.4,
      57.1,
      39.3,
      36.5,
      67.3,
      84.6
    ],
    [
      7.8,
      30.9,
      35.4,
      30.2,
      26.4,
      68.6,
      25.1,
      19.9,
      30.3,
      9.8,
      30.4,
      25.7,
      30.4,
      19.5,
      31.9,
      41.3,
      21.2,
      7.7,
      25.0,
      28.6,
      27.5,
      79.6,
      20.9,
      33.1,
      28.7,
      52.0,
      35.4,
      28.3,
      24.0,
      40.0,
      28.2,
      25.2,
      29.9,
      30.9,
      34.9,
      23.7,
      27.4,
      146.0,
      27.3,
      33.2,
      86.1,
      30.5,
      55.4,
      0.0,
      29.9,
      20.6,
      104.0,
      17.3,
      25.2,
      29.6,
      31.0,
      31.9,
      20.3,
      26.0,
      27.3,
      19.7,
      42.9,
      33.1
    ],
    [
      22.0,
      3.5,
      3.6,
      0.098,
      10.7,
      74.4,
      4.6,
      11.8,
      17.9,
      23.7,
      0.12,
      4.5,
      3.0,
      17.3,
      5.5,
      49.0,
      17.5,
      22.1,
      7.1,
      0.65,
      6.6,
      80.2,
      17.2,
      3.9,
      0.23,
      57.8,
      21.1,
      1.5,
      7.7,
      9.3,
      4.7,
      6.1,
      1.3,
      7.2,
      3.6,
      8.5,
      6.5,
      147.0,
      5.1,
      12.9,
      97.5,
      3.1,
      54.7,
      29.9,
      0.0,
      7.9,
      99.2,
      10.0,
      6.1,
      2.0,
      1.5,
      1.7,
      18.6,
      3.3,
      32.4,
      20.3,
      14.0,
      26.4
    ],
    [
      13.2,
      8.4,
      18.0,
      7.8,
      12.1,
      74.1,
      7.7,
      4.8,
      21.8,
      14.6,
      7.9,
      8.2,
      8.0,
      16.8,
      17.6,
      46.9,
      18.8,
      13.4,
      3.8,
      8.1,
      13.2,
      79.9,
      16.7,
      11.2,
      8.1,
      57.5,
      17.5,
      7.2,
      8.4,
      22.4,
      10.8,
      10.9,
      7.5,
      16.7,
      11.5,
      9.8,
      13.1,
      146.0,
      9.9,
      23.9,
      87.2,
      8.1,
      50.4,
      20.6,
      7.9,
      0.0,
      103.0,
      6.0,
      9.2,
      8.5,
      7.9,
      8.8,
      19.2,
      9.3,
      27.0,
      14.6,
      26.0,
      30.1
    ],
    [
      98.0,
      100.0,
      101.0,
      99.1,
      92.7,
      124.0,
      95.0,
      102.0,
      87.9,
      98.6,
      99.2,
      94.9,
      101.0,
      89.5,
      95.4,
      98.6,
      89.0,
      101.0,
      101.0,
      100.0,
      91.4,
      52.9,
      89.5,
      96.6,
      99.4,
      107.0,
      118.0,
      100.0,
      96.4,
      98.8,
      104.0,
      92.7,
      99.2,
      94.4,
      98.3,
      96.1,
      91.4,
      130.0,
      103.0,
      92.8,
      166.0,
      99.7,
      163.0,
      104.0,
      99.2,
      103.0,
      0.0,
      97.7,
      95.9,
      103.0,
      102.0,
      101.0,
      87.3,
      95.0,
      133.0,
      119.0,
      100.0,
      90.6
    ],
    [
      12.5,
      10.5,
      18.3,
      9.9,
      8.1,
      70.8,
      7.6,
      0.75,
      17.9,
      14.2,
      10.0,
      9.2,
      10.1,
      11.1,
      13.7,
      45.4,
      12.2,
      12.6,
      8.6,
      10.2,
      9.3,
      74.9,
      10.6,
      14.9,
      10.2,
      54.2,
      23.9,
      9.3,
      4.7,
      20.1,
      11.0,
      6.9,
      9.6,
      12.7,
      16.6,
      5.8,
      9.2,
      141.0,
      10.1,
      16.0,
      91.5,
      10.2,
      55.4,
      17.3,
      10.0,
      6.0,
      97.7,
      0.0,
      6.4,
      10.6,
      9.0,
      18.1,
      13.3,
      7.8,
      31.9,
      19.5,
      26.7,
      27.8
    ],
    [
      17.4,
      3.6,
      9.7,
      6.0,
      4.4,
      68.7,
      2.7,
      8.3,
      15.0,
      19.1,
      6.2,
      2.6,
      3.4,
      9.3,
      7.2,
      43.3,
      9.8,
      17.5,
      8.7,
      6.4,
      4.1,
      73.1,
      8.5,
      8.4,
      6.3,
      52.0,
      24.0,
      5.5,
      0.9,
      13.7,
      8.1,
      2.0,
      5.0,
      6.2,
      10.2,
      2.8,
      4.0,
      140.0,
      10.3,
      9.3,
      93.4,
      4.2,
      58.0,
      25.2,
      6.1,
      9.2,
      95.9,
      6.4,
      0.0,
      6.8,
      5.4,
      5.9,
      10.8,
      3.9,
      33.8,
      21.7,
      22.0,
      23.1
    ],
    [
      21.7,
      3.2,
      3.7,
      1.1,
      11.0,
      77.2,
      4.3,
      11.5,
      18.1,
      23.5,
      2.1,
      4.2,
      2.8,
      17.5,
      6.3,
      51.8,
      18.6,
      21.8,
      6.8,
      0.7,
      7.4,
      80.4,
      17.7,
      4.3,
      0.8,
      60.6,
      20.8,
      1.6,
      7.4,
      9.6,
      4.5,
      6.0,
      2.3,
      7.4,
      4.0,
      8.2,
      7.3,
      147.0,
      4.9,
      13.6,
      97.3,
      2.9,
      54.4,
      29.6,
      2.0,
      8.5,
      103.0,
      10.6,
      6.8,
      0.0,
      2.9,
      3.1,
      20.0,
      4.7,
      32.3,
      17.4,
      15.4,
      27.8
    ],
    [
      21.1,
      0.8,
      5.1,
      1.4,
      9.8,
      72.6,
      2.9,
      10.5,
      16.9,
      22.9,
      1.5,
      2.1,
      1.4,
      11.2,
      5.1,
      47.3,
      11.3,
      21.3,
      6.3,
      2.4,
      5.5,
      79.2,
      11.1,
      4.1,
      1.7,
      56.0,
      21.8,
      1.9,
      5.9,
      10.4,
      5.6,
      5.0,
      0.7,
      6.2,
      4.4,
      6.8,
      5.4,
      146.0,
      5.9,
      12.4,
      98.6,
      0.5,
      55.8,
      31.0,
      1.5,
      7.9,
      102.0,
      9.0,
      5.4,
      2.9,
      0.0,
      1.8,
      18.7,
      2.1,
      32.6,
      20.4,
      14.2,
      26.5
    ],
    [
      22.0,
      1.9,
      3.7,
      1.6,
      8.6,
      77.8,
      3.6,
      17.4,
      15.7,
      23.8,
      1.7,
      2.9,
      3.1,
      15.2,
      3.9,
      52.5,
      15.3,
      22.2,
      7.2,
      2.6,
      5.1,
      78.0,
      15.1,
      2.9,
      1.9,
      61.2,
      22.7,
      2.8,
      6.5,
      9.2,
      6.4,
      4.6,
      1.6,
      5.0,
      3.2,
      12.0,
      5.1,
      144.0,
      6.8,
      11.2,
      99.5,
      1.8,
      56.7,
      31.9,
      1.7,
      8.8,
      101.0,
      18.1,
      5.9,
      3.1,
      1.8,
      0.0,
      21.0,
      2.8,
      33.5,
      21.4,
      13.0,
      25.4
    ],
    [
      14.7,
      14.1,
      24.2,
      18.5,
      12.0,
      63.8,
      13.1,
      14.5,
      13.3,
      15.3,
      18.6,
      13.1,
      18.6,
      2.1,
      18.1,
      38.4,
      1.8,
      17.7,
      17.1,
      18.8,
      8.9,
      64.5,
      2.4,
      19.4,
      18.8,
      47.2,
      33.2,
      17.9,
      9.6,
      21.1,
      19.6,
      10.8,
      18.2,
      17.2,
      21.1,
      9.4,
      8.8,
      131.0,
      18.7,
      15.3,
      103.0,
      18.8,
      66.4,
      20.3,
      18.6,
      19.2,
      87.3,
      13.3,
      10.8,
      20.0,
      18.7,
      21.0,
      0.0,
      13.9,
      44.8,
      30.5,
      22.9,
      17.2
    ],
    [
      18.2,
      0.8,
      6.9,
      3.2,
      4.5,
      71.2,
      1.1,
      9.3,
      14.9,
      20.0,
      3.3,
      0.35,
      1.3,
      8.8,
      5.2,
      45.9,
      9.0,
      18.4,
      7.6,
      3.6,
      4.2,
      72.2,
      8.7,
      5.5,
      3.5,
      54.6,
      23.2,
      3.1,
      4.5,
      11.7,
      6.9,
      2.6,
      1.8,
      4.2,
      5.7,
      4.7,
      4.1,
      139.0,
      7.3,
      9.3,
      100.0,
      1.2,
      57.1,
      26.0,
      3.3,
      9.3,
      95.0,
      7.8,
      3.9,
      4.7,
      2.1,
      2.8,
      13.9,
      0.0,
      33.8,
      21.6,
      15.5,
      22.6
    ],
    [
      31.8,
      33.0,
      37.5,
      32.3,
      37.8,
      83.7,
      33.5,
      31.2,
      54.3,
      33.8,
      32.5,
      34.0,
      32.5,
      39.6,
      43.3,
      56.5,
      40.2,
      31.7,
      27.1,
      30.7,
      38.9,
      111.0,
      39.3,
      43.2,
      30.8,
      67.1,
      37.7,
      30.4,
      35.7,
      42.2,
      30.3,
      36.6,
      32.0,
      42.4,
      43.4,
      35.5,
      38.8,
      177.0,
      29.4,
      52.2,
      83.2,
      32.6,
      39.3,
      27.3,
      32.4,
      27.0,
      133.0,
      31.9,
      33.8,
      32.3,
      32.6,
      33.5,
      44.8,
      33.8,
      0.0,
      21.6,
      49.2,
      57.3
    ],
    [
      24.2,
      20.8,
      19.8,
      20.2,
      25.7,
      85.0,
      21.4,
      18.8,
      35.4,
      23.5,
      20.3,
      21.8,
      20.4,
      28.5,
      26.9,
      57.8,
      29.0,
      24.1,
      15.0,
      18.6,
      26.8,
      96.0,
      28.2,
      25.4,
      18.7,
      68.4,
      19.8,
      18.3,
      23.6,
      24.7,
      15.4,
      24.5,
      19.9,
      27.7,
      25.6,
      23.3,
      26.7,
      162.0,
      14.5,
      32.4,
      87.5,
      20.5,
      36.5,
      19.7,
      20.3,
      14.6,
      119.0,
      19.5,
      21.7,
      17.4,
      20.4,
      21.4,
      30.5,
      21.6,
      21.6,
      0.0,
      32.2,
      47.6
    ],
    [
      33.0,
      14.8,
      10.1,
      13.9,
      17.2,
      84.5,
      16.9,
      26.0,
      16.2,
      34.8,
      14.0,
      15.9,
      15.4,
      22.3,
      10.7,
      59.1,
      21.8,
      33.2,
      18.6,
      15.0,
      18.6,
      77.4,
      22.3,
      11.4,
      14.2,
      67.9,
      24.9,
      15.1,
      20.9,
      4.6,
      13.6,
      19.9,
      14.0,
      12.2,
      13.4,
      20.7,
      18.5,
      144.0,
      18.1,
      10.5,
      115.0,
      14.5,
      67.3,
      42.9,
      14.0,
      26.0,
      100.0,
      26.7,
      22.0,
      15.4,
      14.2,
      13.0,
      22.9,
      15.5,
      49.2,
      32.2,
      0.0,
      22.7
    ],
    [
      27.4,
      27.2,
      27.8,
      26.3,
      18.2,
      76.6,
      23.2,
      27.1,
      4.2,
      28.0,
      26.4,
      23.2,
      27.8,
      15.4,
      20.9,
      51.2,
      14.9,
      30.5,
      29.7,
      27.4,
      19.6,
      67.8,
      20.1,
      23.8,
      26.6,
      60.0,
      50.3,
      27.5,
      21.9,
      24.8,
      32.1,
      20.9,
      26.4,
      20.0,
      24.8,
      21.7,
      19.5,
      134.0,
      31.2,
      12.7,
      115.0,
