{
  "drive_dist_matrix": [
    [
      0.0,
      3.3,
      3.9,
      3.2,
      4.6,
      1.8,
      10.6,
      9.5,
      10.4,
      3.1,
      2.8,
      4.2,
      4.0,
      3.5,
      3.7,
      14.1,
      4.3,
      6.2,
      3.4,
      3.7
    ],
    [
      3.3,
      0.0,
      0.8,
      3.2,
      1.3,
      2.5,
      11.7,
      8.8,
      9.3,
      1.4,
      0.75,
      4.5,
      0.55,
      0.21,
      1.8,
      15.2,
      1.4,
      1.8,
      0.45,
      6.3
    ],
    [
      3.9,
      0.8,
      0.0,
      2.7,
      0.8,
      3.9,
      12.6,
      7.8,
      8.3,
      0.35,
      0.16,
      3.9,
      0.45,
      0.65,
      0.55,
      16.1,
      0.7,
      0.8,
      0.4,
      7.2
    ],
    [
      3.2,
      3.2,
      2.7,
      0.0,
      3.6,
      5.9,
      14.3,
      7.6,
      8.1,
      2.2,
      2.2,
      3.7,
      2.9,
      2.6,
      2.6,
      18.1,
      3.0,
      3.4,
      4.0,
      7.2
    ],
    [
      4.6,
      1.3,
      0.8,
      3.6,
      0.0,
      4.6,
      12.8,
      9.1,
      9.6,
      0.5,
      0.85,
      4.8,
      0.6,
      1.0,
      0.5,
      16.4,
      0.13,
      0.2,
      0.8,
      7.5
    ],
    [
      1.8,
      2.5,
      3.9,
      5.9,
      4.6,
      0.0,
      10.8,
      10.9,
      11.8,
      3.6,
      3.0,
      5.6,
      3.3,
      2.2,
      4.0,
      14.3,
      3.6,
      4.9,
      2.7,
      5.1
    ],
    [
      10.6,
      11.7,
      12.6,
      14.3,
      12.8,
      10.8,
      0.0,
      11.6,
      12.4,
      13.1,
      12.5,
      10.9,
      12.8,
      12.3,
      13.5,
      10.9,
      13.1,
      13.9,
      12.2,
      8.2
    ],
    [
      9.5,
      8.8,
      7.8,
      7.6,
      9.1,
      10.9,
      11.6,
      0.0,
      3.3,
      8.8,
      8.4,
      7.2,
      9.1,
      8.8,
      8.9,
      19.1,
      9.8,
      9.6,
      9.1,
      10.8
    ],
    [
      10.4,
      9.3,
      8.3,
      8.1,
      9.6,
      11.8,
      12.4,
      3.3,
      0.0,
      8.8,
      8.5,
      7.3,
      9.1,
      8.8,
      9.0,
      19.4,
      9.9,
      10.7,
      9.1,
      11.2
    ],
    [
      3.1,
      1.4,
      0.35,
      2.2,
      0.5,
      3.6,
      13.1,
      8.8,
      8.8,
      0.0,
      0.5,
      3.9,
      0.55,
      0.8,
      0.26,
      16.1,
      0.35,
      0.4,
      0.6,
      7.2
    ],
    [
      2.8,
      0.75,
      0.16,
      2.2,
      0.85,
      3.0,
      12.5,
      8.4,
      8.5,
      0.5,
      0.0,
      3.8,
      0.45,
      0.6,
      0.7,
      15.9,
      0.85,
      1.0,
      1.0,
      7.0
    ],
    [
      4.2,
      4.5,
      3.9,
      3.7,
      4.8,
      5.6,
      10.9,
      7.2,
      7.3,
      3.9,
      3.8,
      0.0,
      4.5,
      4.2,
      4.7,
      17.8,
      5.1,
      5.4,
      4.6,
      6.0
    ],
    [
      4.0,
      0.55,
      0.45,
      2.9,
      0.6,
      3.3,
      12.8,
      9.1,
      9.1,
      0.55,
      0.45,
      4.5,
      0.0,
      0.4,
      0.75,
      16.0,
      0.8,
      0.75,
      0.3,
      7.1
    ],
    [
      3.5,
      0.21,
      0.65,
      2.6,
      1.0,
      2.2,
      12.3,
      8.8,
      8.8,
      0.8,
      0.6,
      4.2,
      0.4,
      0.0,
      1.7,
      15.4,
      1.2,
      1.7,
      0.28,
      6.5
    ],
    [
      3.7,
      1.8,
      0.55,
      2.6,
      0.5,
      4.0,
      13.5,
      8.9,
      9.0,
      0.26,
      0.7,
      4.7,
      0.75,
      1.7,
      0.0,
      16.0,
      0.35,
      0.4,
      0.85,
      7.9
    ],
    [
      14.1,
      15.2,
      16.1,
      18.1,
      16.4,
      14.3,
      10.9,
      19.1,
      19.4,
      16.1,
      15.9,
      17.8,
      16.0,
      15.4,
      16.0,
      0.0,
      13.9,
      14.7,
      13.1,
      11.7
    ],
    [
      4.3,
      1.4,
      0.7,
      3.0,
      0.13,
      3.6,
      13.1,
      9.8,
      9.9,
      0.35,
      0.85,
      5.1,
      0.8,
      1.2,
      0.35,
      13.9,
      0.0,
      0.15,
      0.85,
      9.5
    ],
    [
      6.2,
      1.8,
      0.8,
      3.4,
      0.2,
      4.9,
      13.9,
      9.6,
      10.7,
      0.4,
      1.0,
      5.4,
      0.75,
      1.7,
      0.4,
      14.7,
      0.15,
      0.0,
      0.95,
      8.0
    ],
    [
      3.4,
      0.45,
      0.4,
      4.0,
      0.8,
      2.7,
      12.2,
      9.1,
      9.1,
      0.6,
      1.0,
      4.6,
      0.3,
      0.28,
      0.85,
      13.1,
      0.85,
      0.95,
      0.0,
      7.2
    ],
    [
      3.7,
      6.3,
      7.2,
      7.2,
      7.5,
      5.1,
      8.2,
      10.8,
      11.2,
      7.2,
      7.0,
      6.0,
      7.1,
      6.5,
      7.9,
      11.7,
      9.5,
      8.0,
      7.2,
      0.0
    ]
  ],
  "drive_time_matrix": [
    [
      0.0,
      5.0,
      6.0,
      7.0,
      9.0,
      3.0,
      14.0,
      12.0,
      15.0,
      8.0,
      7.0,
      8.0,
      7.0,
      5.0,
      10.0,
      17.0,
      7.0,
      10.0,
      5.0,
      8.0
    ],
    [
      5.0,
      0.0,
      10.0,
      9.0,
      5.0,
      5.0,
      15.0,
      15.0,
      17.0,
      4.0,
      9.0,
      12.0,
      8.0,
      3.0,
      5.0,
      19.0,
      3.0,
      5.0,
      6.0,
      11.0
    ],
    [
      6.0,
      10.0,
      0.0,
      9.0,
      10.0,
      8.0,
      18.0,
      15.0,
      16.0,
      4.0,
      2.0,
      12.0,
      7.0,
      9.0,
      7.0,
      21.0,
      9.0,
      10.0,
      5.0,
      14.0
    ],
    [
      7.0,
      9.0,
      9.0,
      0.0,
      11.0,
      12.0,
      22.0,
      14.0,
      16.0,
      9.0,
      8.0,
      11.0,
      10.0,
      9.0,
      8.0,
      26.0,
      9.0,
      10.0,
      10.0,
      17.0
    ],
    [
      9.0,
      5.0,
      10.0,
      11.0,
      0.0,
      9.0,
      20.0,
      18.0,
      19.0,
      6.0,
      12.0,
      14.0,
      7.0,
      13.0,
      7.0,
      23.0,
      2.0,
      3.0,
      11.0,
      15.0
    ],
    [
      3.0,
      5.0,
      8.0,
      12.0,
      9.0,
      0.0,
      15.0,
      14.0,
      17.0,
      8.0,
      7.0,
      10.0,
      7.0,
      6.0,
      9.0,
      18.0,
      7.0,
      8.0,
      5.0,
      10.0
    ],
    [
      14.0,
      15.0,
      18.0,
      22.0,
      20.0,
      15.0,
      0.0,
      13.0,
      16.0,
      21.0,
      19.0,
      17.0,
      20.0,
      18.0,
      22.0,
      19.0,
      20.0,
      22.0,
      17.0,
      16.0
    ],
    [
      12.0,
      15.0,
      15.0,
      14.0,
      18.0,
      14.0,
      13.0,
      0.0,
      6.0,
      16.0,
      15.0,
      12.0,
      17.0,
      16.0,
      15.0,
      22.0,
      16.0,
      17.0,
      14.0,
      15.0
    ],
    [
      15.0,
      17.0,
      16.0,
      16.0,
      19.0,
      17.0,
      16.0,
      6.0,
      0.0,
      17.0,
      16.0,
      13.0,
      18.0,
      16.0,
      16.0,
      25.0,
      17.0,
      19.0,
      15.0,
      17.0
    ],
    [
      8.0,
      4.0,
      4.0,
      9.0,
      6.0,
      8.0,
      21.0,
      16.0,
      17.0,
      0.0,
      6.0,
      12.0,
      7.0,
      10.0,
      3.0,
      23.0,
      4.0,
      5.0,
      7.0,
      15.0
    ],
    [
      7.0,
      9.0,
      2.0,
      8.0,
      12.0,
      7.0,
      19.0,
      15.0,
      16.0,
      6.0,
      0.0,
      11.0,
      7.0,
      8.0,
      9.0,
      22.0,
      11.0,
      12.0,
      4.0,
      14.0
    ],
    [
      8.0,
      12.0,
      12.0,
      11.0,
      14.0,
      10.0,
      17.0,
      12.0,
      13.0,
      12.0,
      11.0,
      0.0,
      14.0,
      13.0,
      13.0,
      25.0,
      14.0,
      15.0,
      12.0,
      14.0
    ],
    [
      7.0,
      8.0,
      7.0,
      10.0,
      7.0,
      7.0,
      20.0,
      17.0,
      18.0,
      7.0,
      7.0,
      14.0,
      0.0,
      6.0,
      10.0,
      22.0,
      8.0,
      9.0,
      5.0,
      15.0
    ],
    [
      5.0,
      3.0,
      9.0,
      9.0,
      13.0,
      6.0,
      18.0,
      16.0,
      16.0,
      10.0,
      8.0,
      13.0,
      6.0,
      0.0,
      6.0,
      20.0,
      4.0,
      4.0,
      4.0,
      13.0
    ],
    [
      10.0,
      5.0,
      7.0,
      8.0,
      7.0,
      9.0,
      22.0,
      15.0,
      16.0,
      3.0,
      9.0,
      13.0,
      10.0,
      6.0,
      0.0,
      21.0,
      4.0,
      5.0,
      10.0,
      14.0
    ],
    [
      17.0,
      19.0,
      21.0,
      26.0,
      23.0,
      18.0,
      19.0,
      22.0,
      25.0,
      23.0,
      22.0,
      25.0,
      22.0,
      20.0,
      21.0,
      0.0,
      19.0,
      21.0,
      17.0,
      19.0
    ],
    [
      7.0,
      3.0,
      9.0,
      9.0,
      2.0,
      7.0,
      20.0,
      16.0,
      17.0,
      4.0,
      11.0,
      14.0,
      8.0,
      4.0,
      4.0,
      19.0,
      0.0,
      2.0,
      11.0,
      16.0
    ],
    [
      10.0,
      5.0,
      10.0,
      10.0,
      3.0,
      8.0,
      22.0,
      17.0,
      19.0,
      5.0,
      12.0,
      15.0,
      9.0,
      4.0,
      5.0,
      21.0,
      2.0,
      0.0,
      12.0,
      14.0
    ],
    [
      5.0,
      6.0,
      5.0,
      10.0,
      11.0,
      5.0,
      17.0,
      14.0,
      15.0,
      7.0,
      4.0,
      12.0,
      5.0,
      4.0,
      10.0,
      17.0,
      11.0,
      12.0,
      0.0,
      13.0
    ],
    [
      8.0,
      11.0,
      14.0,
      17.0,
      15.0,
      10.0,
      16.0,
      15.0,
      17.0,
      15.0,
      14.0,
      14.0,
      15.0,
      13.0,
      14.0,
      19.0,
      16.0,
      14.0,
      13.0,
      0.0
    ]
  ],
  "transit_dist_walk_matrix": [
    [
      0.0,
      1.91659,
      1.41661,
      1.49994,
      1.2499500000000001,
      NaN,
      2.16658,
      2.24991,
      1.74993,
      1.33328,
      1.58327,
      1.6666,
      1.91659,
      1.99992,
      1.08329,
      3.3332,
      1.16662,
      1.16662,
      1.74993,
      1.74993
    ],
    [
      1.91659,
      0.0,
      NaN,
      0.8333,
      0.58331,
      NaN,
      2.16658,
      1.08329,
      0.49998,
      NaN,
      NaN,
      1.41661,
      NaN,
      NaN,
      NaN,
      2.74989,
      0.66664,
      0.58331,
      NaN,
      1.08329
    ],
    [
      1.41661,
      NaN,
      0.0,
      NaN,
      NaN,
      NaN,
      2.41657,
      1.8332600000000001,
      0.9166300000000001,
      NaN,
      NaN,
      1.08329,
      NaN,
      NaN,
      NaN,
      3.0832100000000002,
      NaN,
      NaN,
      NaN,
      1.6666
    ],
    [
      1.49994,
      0.8333,
      NaN,
      0.0,
      0.8333,
      NaN,
      2.16658,
      1.58327,
      0.66664,
      0.74997,
      0.58331,
      0.99996,
      0.49998,
      0.33332,
      0.8333,
      2.66656,
      0.74997,
      0.74997,
      0.41665,
      1.33328
    ],
    [
      1.2499500000000001,
      0.58331,
      NaN,
      0.8333,
      0.0,
      NaN,
      1.99992,
      1.41661,
      0.74997,
      NaN,
      NaN,
      1.91659,
      NaN,
      NaN,
      NaN,
      2.74989,
      NaN,
      NaN,
      NaN,
      1.33328
    ],
    [
      NaN,
      NaN,
      NaN,
      NaN,
      NaN,
      0.0,
      NaN,
      NaN,
      NaN,
      NaN,
      NaN,
      NaN,
      NaN,
      NaN,
      NaN,
      NaN,
      NaN,
      NaN,
      NaN,
      NaN
    ],
    [
      2.16658,
      2.16658,
      2.41657,
      2.16658,
      1.99992,
      NaN,
      0.0,
      1.99992,
      1.6666,
      1.91659,
      2.41657,
      2.33324,
      2.24991,
      2.24991,
      1.91659,
      4.24983,
      1.8332600000000001,
      1.91659,
      2.33324,
      1.58327
    ],
    [
      2.24991,
      1.08329,
      1.8332600000000001,
      1.58327,
      1.41661,
      NaN,
      1.99992,
      0.0,
      NaN,
      2.08325,
      1.74993,
      2.16658,
      1.6666,
      1.41661,
      1.91659,
      4.58315,
      2.24991,
      1.74993,
      1.58327,
      1.41661
    ],
    [
      1.74993,
      0.49998,
      0.9166300000000001,
      0.66664,
      0.74997,
      NaN,
      1.6666,
      NaN,
      0.0,
      0.74997,
      0.58331,
      1.74993,
      0.66664,
      0.49998,
      1.16662,
      4.1665,
      0.74997,
      0.66664,
      0.41665,
      0.9166300000000001
    ],
    [
      1.33328,
      NaN,
      NaN,
      0.74997,
      NaN,
      NaN,
      1.91659,
      2.08325,
      0.74997,
      0.0,
      NaN,
      1.91659,
      NaN,
      NaN,
      NaN,
      2.66656,
      NaN,
      NaN,
      NaN,
      1.2499500000000001
    ],
    [
      1.58327,
      NaN,
      NaN,
      0.58331,
      NaN,
      NaN,
      2.41657,
      1.74993,
      0.58331,
      NaN,
      0.0,
      1.6666,
      NaN,
      NaN,
      NaN,
      3.41653,
      NaN,
      NaN,
      NaN,
      1.6666
    ],
    [
      1.6666,
      1.41661,
      1.08329,
      0.99996,
      1.91659,
      NaN,
      2.33324,
      2.16658,
      1.74993,
      1.91659,
      1.6666,
      0.0,
      0.9166300000000001,
      0.74997,
      1.58327,
      2.91655,
      0.9166300000000001,
      0.74997,
      0.66664,
      1.8332600000000001
    ],
    [
      1.91659,
      NaN,
      NaN,
      0.49998,
      NaN,
      NaN,
      2.24991,
      1.6666,
      0.66664,
      NaN,
      NaN,
      0.9166300000000001,
      0.0,
      NaN,
      NaN,
      3.24987,
      NaN,
      NaN,
      NaN,
      1.58327
    ],
    [
      1.99992,
      NaN,
      NaN,
      0.33332,
      NaN,
      NaN,
      2.24991,
      1.41661,
      0.49998,
      NaN,
      NaN,
      0.74997,
      NaN,
      0.0,
      NaN,
      3.0832100000000002,
      NaN,
      0.49998,
      NaN,
      1.2499500000000001
    ],
    [
      1.08329,
      NaN,
      NaN,
      0.8333,
      NaN,
      NaN,
      1.91659,
      1.91659,
      1.16662,
      NaN,
      NaN,
      1.58327,
      NaN,
      NaN,
      0.0,
      2.91655,
      NaN,
      NaN,
      NaN,
      1.2499500000000001
    ],
    [
      3.3332,
      2.74989,
      3.0832100000000002,
      2.66656,
      2.74989,
      NaN,
      4.24983,
      4.58315,
      4.1665,
      2.66656,
      3.41653,
      2.91655,
      3.24987,
      3.0832100000000002,
      2.91655,
      0.0,
      1.99992,
      2.08325,
      2.4999000000000002,
      2.66656
    ],
    [
      1.16662,
      0.66664,
      NaN,
      0.74997,
      NaN,
      NaN,
      1.8332600000000001,
      2.24991,
      0.74997,
      NaN,
      NaN,
      0.9166300000000001,
      NaN,
      NaN,
      NaN,
      1.99992,
      0.0,
      NaN,
      NaN,
      1.16662
    ],
    [
      1.16662,
      0.58331,
      NaN,
      0.74997,
      NaN,
      NaN,
      1.91659,
      1.74993,
      0.66664,
      NaN,
      NaN,
      0.74997,
      NaN,
      0.49998,
      NaN,
      2.08325,
      NaN,
      0.0,
      NaN,
      1.33328
    ],
    [
      1.74993,
      NaN,
      NaN,
      0.41665,
      NaN,
      NaN,
      2.33324,
      1.58327,
      0.41665,
      NaN,
      NaN,
      0.66664,
      NaN,
      NaN,
      NaN,
      2.4999000000000002,
      NaN,
      NaN,
      0.0,
      1.41661
    ],
    [
      1.74993,
      1.08329,
      1.6666,
      1.33328,
      1.33328,
      NaN,
      1.58327,
      1.41661,
      0.9166300000000001,
      1.2499500000000001,
      1.6666,
      1.8332600000000001,
      1.58327,
      1.2499500000000001,
      1.2499500000000001,
      2.66656,
      1.16662,
      1.33328,
      1.41661,
      0.0
    ]
  ],
  "transit_time_matrix": [
    [
      0.0,
      32.0,
      35.0,
      35.0,
      35.0,
      NaN,
      69.0,
      73.0,
      73.0,
      34.0,
      35.0,
      47.0,
      41.0,
      33.0,
      10.0,
      95.0,
      35.0,
      34.0,
      37.0,
      41.0
    ],
    [
      32.0,
      0.0,
      NaN,
      24.0,
      22.0,
      NaN,
      53.0,
      56.0,
      65.0,
      NaN,
      NaN,
      43.0,
      NaN,
      NaN,
      0.0,
      93.0,
      3.0,
      5.0,
      NaN,
      34.0
    ],
    [
      35.0,
      NaN,
      0.0,
      NaN,
      NaN,
      NaN,
      58.0,
      62.0,
      64.0,
      NaN,
      NaN,
      12.0,
      NaN,
      NaN,
      NaN,
      21.0,
      NaN,
      NaN,
      NaN,
      39.0
    ],
    [
      35.0,
      24.0,
      NaN,
      0.0,
      11.0,
      NaN,
      22.0,
      54.0,
      59.0,
      9.0,
      21.0,
      34.0,
      10.0,
      21.0,
      8.0,
      95.0,
      9.0,
      10.0,
      10.0,
      35.0
    ],
    [
      35.0,
      22.0,
      NaN,
      11.0,
      0.0,
      NaN,
      54.0,
      18.0,
      19.0,
      NaN,
      0.0,
      14.0,
      NaN,
      NaN,
      NaN,
      94.0,
      NaN,
      NaN,
      NaN,
      35.0
    ],
    [
      NaN,
      NaN,
      NaN,
      NaN,
      NaN,
      0.0,
      NaN,
      NaN,
      NaN,
      NaN,
      NaN,
      NaN,
      NaN,
      NaN,
      NaN,
      NaN,
      NaN,
      NaN,
      NaN,
      NaN
    ],
    [
      69.0,
      53.0,
      58.0,
      22.0,
      54.0,
      NaN,
      0.0,
      58.0,
      80.0,
      21.0,
      61.0,
      74.0,
      60.0,
      57.0,
      56.0,
      112.0,
      20.0,
      56.0,
      58.0,
      55.0
    ],
    [
      73.0,
      56.0,
      62.0,
      54.0,
      18.0,
      NaN,
      58.0,
      0.0,
      NaN,
      56.0,
      62.0,
      12.0,
      63.0,
      59.0,
      15.0,
      22.0,
      16.0,
      66.0,
      61.0,
      79.0
    ],
    [
      73.0,
      65.0,
      64.0,
      59.0,
      19.0,
      NaN,
      80.0,
      NaN,
      0.0,
      67.0,
      16.0,
      51.0,
      65.0,
      63.0,
      65.0,
      126.0,
      17.0,
      19.0,
      62.0,
      79.0
    ],
    [
      34.0,
      NaN,
      NaN,
      9.0,
      NaN,
      NaN,
      21.0,
      56.0,
      67.0,
      0.0,
      NaN,
      39.0,
      NaN,
      NaN,
      NaN,
      93.0,
      NaN,
      NaN,
      NaN,
      35.0
    ],
    [
      35.0,
      NaN,
      NaN,
      21.0,
      0.0,
      NaN,
      61.0,
      62.0,
      16.0,
      NaN,
      0.0,
      11.0,
      NaN,
      NaN,
      NaN,
      99.0,
      NaN,
      0.0,
      NaN,
      41.0
    ],
    [
      47.0,
      43.0,
      12.0,
      34.0,
      14.0,
      NaN,
      74.0,
      12.0,
      51.0,
      39.0,
      11.0,
      0.0,
      50.0,
      48.0,
      13.0,
      107.0,
      14.0,
      47.0,
      47.0,
      50.0
    ],
    [
      41.0,
      NaN,
      NaN,
      10.0,
      NaN,
      NaN,
      60.0,
      63.0,
      65.0,
      NaN,
      NaN,
      50.0,
      0.0,
      NaN,
      NaN,
      99.0,
      NaN,
      0.0,
      NaN,
      39.0
    ],
    [
      33.0,
      NaN,
      NaN,
      21.0,
      NaN,
      NaN,
      57.0,
      59.0,
      63.0,
      NaN,
      NaN,
      48.0,
      NaN,
      0.0,
      NaN,
      95.0,
      NaN,
      22.0,
      NaN,
      36.0
    ],
    [
      10.0,
      0.0,
      NaN,
      8.0,
      NaN,
      NaN,
      56.0,
      15.0,
      65.0,
      NaN,
      NaN,
      13.0,
      NaN,
      NaN,
      0.0,
      95.0,
      NaN,
      0.0,
      NaN,
      35.0
    ],
    [
      95.0,
      93.0,
      21.0,
      95.0,
      94.0,
      NaN,
      112.0,
      22.0,
      126.0,
      93.0,
      99.0,
      107.0,
      99.0,
      95.0,
      95.0,
      0.0,
      89.0,
      90.0,
      88.0,
      87.0
    ],
    [
      35.0,
      3.0,
      NaN,
      9.0,
      NaN,
      NaN,
      20.0,
      16.0,
      17.0,
      NaN,
      NaN,
      14.0,
      NaN,
      NaN,
      NaN,
      89.0,
      0.0,
      NaN,
      NaN,
      34.0
    ],
    [
      34.0,
      5.0,
      NaN,
      10.0,
      NaN,
      NaN,
      56.0,
      66.0,
      19.0,
      NaN,
      0.0,
      47.0,
      0.0,
      22.0,
      0.0,
      90.0,
      NaN,
      0.0,
      0.0,
      36.0
    ],
    [
      37.0,
      NaN,
      NaN,
      10.0,
      NaN,
      NaN,
      58.0,
      61.0,
      62.0,
      NaN,
      NaN,
      47.0,
      NaN,
      NaN,
      NaN,
      88.0,
      NaN,
      0.0,
      0.0,
      38.0
    ],
    [
      41.0,
      34.0,
      39.0,
      35.0,
      35.0,
      NaN,
      55.0,
      79.0,
      79.0,
      35.0,
      41.0,
      50.0,
      39.0,
      36.0,
      35.0,
      87.0,
      34.0,
      36.0,
      38.0,
      0.0
    ]
  ],
  "walk_dist_matrix": [
    [
      0.0,
      2.3,
      2.6,
      2.4,
      3.2,
      2.3,
      8.8,
      8.6,
      9.1,
      2.8,
      2.5,
      3.7,
      2.8,
      2.5,
      2.8,
      11.6,
      3.1,
      3.2,
      2.5,
      3.3
    ],
    [
      2.3,
      0.0,
      0.8,
      1.8,
      1.2,
      2.1,
      10.8,
      8.0,
      8.8,
      0.95,
      0.75,
      4.1,
      0.55,
      0.21,
      1.2,
      12.8,
      1.2,
      1.3,
      0.45,
      5.3
    ],
    [
      2.6,
      0.8,
      0.0,
      1.4,
      0.8,
      2.9,
      10.9,
      7.2,
      8.2,
      0.35,
      0.16,
      3.5,
      0.45,
      0.65,
      0.55,
      13.3,
      0.7,
      0.8,
      0.4,
      5.3
    ],
    [
      2.4,
      1.8,
      1.4,
      0.0,
      1.8,
      3.6,
      10.7,
      6.2,
      6.9,
      1.4,
      1.5,
      2.2,
      1.8,
      1.8,
      1.4,
      13.8,
      1.7,
      1.8,
      1.6,
      5.1
    ],
    [
      3.2,
      1.2,
      0.8,
      1.8,
      0.0,
      3.3,
      11.5,
      7.4,
      8.5,
      0.5,
      0.85,
      3.8,
      0.6,
      1.0,
      0.5,
      13.7,
      0.13,
      0.2,
      0.8,
      5.9
    ],
    [
      2.3,
      2.1,
      2.9,
      3.6,
      3.3,
      0.0,
      9.9,
      9.6,
      10.3,
      3.1,
      2.8,
      5.3,
      2.7,
      2.3,
      3.3,
      12.0,
      3.3,
      3.4,
      2.5,
      4.6
    ],
    [
      8.8,
      10.8,
      10.9,
      10.7,
      11.5,
      9.9,
      0.0,
      10.8,
      11.3,
      11.0,
      10.8,
      10.2,
      11.2,
      11.0,
      11.1,
      7.8,
      11.4,
      11.5,
      10.9,
      6.7
    ],
    [
      8.6,
      8.0,
      7.2,
      6.2,
      7.4,
      9.6,
      10.8,
      0.0,
      2.2,
      7.1,
      7.4,
      5.1,
      7.6,
      7.9,
      7.0,
      17.4,
      7.3,
      7.3,
      7.6,
      9.2
    ],
    [
      9.1,
      8.8,
      8.2,
      6.9,
      8.5,
      10.3,
      11.3,
      2.2,
      0.0,
      8.2,
      8.4,
      5.4,
      8.6,
      8.7,
      8.1,
      17.9,
      8.4,
      8.5,
      8.5,
      9.9
    ],
    [
      2.8,
      0.95,
      0.35,
      1.4,
      0.5,
      3.1,
      11.0,
      7.1,
      8.2,
      0.0,
      0.5,
      3.5,
      0.55,
      0.8,
      0.26,
      13.5,
      0.35,
      0.4,
      0.6,
      5.5
    ],
    [
      2.5,
      0.75,
      0.16,
      1.5,
      0.85,
      2.8,
      10.8,
      7.4,
      8.4,
      0.5,
      0.0,
      3.6,
      0.45,
      0.6,
      0.7,
      13.2,
      0.85,
      1.0,
      0.3,
      5.2
    ],
    [
      3.7,
      4.1,
      3.5,
      2.2,
      3.8,
      5.3,
      10.2,
      5.1,
      5.4,
      3.5,
      3.6,
      0.0,
      3.9,
      4.0,
      3.4,
      14.8,
      3.7,
      3.8,
      3.8,
      5.6
    ],
    [
      2.8,
      0.55,
      0.45,
      1.8,
      0.6,
      2.7,
      11.2,
      7.6,
      8.6,
      0.55,
      0.45,
      3.9,
      0.0,
      0.4,
      0.75,
      13.3,
      0.65,
      0.75,
      0.3,
      5.6
    ],
    [
      2.5,
      0.21,
      0.65,
      1.8,
      1.0,
      2.3,
      11.0,
      7.9,
      8.7,
      0.8,
      0.6,
      4.0,
      0.4,
      0.0,
      1.1,
      12.9,
      1.1,
      1.2,
      0.28,
      5.4
    ],
    [
      2.8,
      1.2,
      0.55,
      1.4,
      0.5,
      3.3,
      11.1,
      7.0,
      8.1,
      0.26,
      0.7,
      3.4,
      0.75,
      1.1,
      0.0,
      13.8,
      0.35,
      0.4,
      0.85,
      5.5
    ],
    [
      11.6,
      12.8,
      13.3,
      13.8,
      13.7,
      12.0,
      7.8,
      17.4,
      17.9,
      13.5,
      13.2,
      14.8,
      13.3,
      12.9,
      13.8,
      0.0,
      13.8,
      13.9,
      13.0,
      10.2
    ],
    [
      3.1,
      1.2,
      0.7,
      1.7,
      0.13,
      3.3,
      11.4,
      7.3,
      8.4,
      0.35,
      0.85,
      3.7,
      0.65,
      1.1,
      0.35,
      13.8,
      0.0,
      0.15,
      0.85,
      5.8
    ],
    [
      3.2,
      1.3,
      0.8,
      1.8,
      0.2,
      3.4,
      11.5,
      7.3,
      8.5,
      0.4,
      1.0,
      3.8,
      0.75,
      1.2,
      0.4,
      13.9,
      0.15,
      0.0,
      0.95,
      5.9
    ],
    [
      2.5,
      0.45,
      0.4,
      1.6,
      0.8,
      2.5,
      10.9,
      7.6,
      8.5,
      0.6,
      0.3,
      3.8,
      0.3,
      0.28,
      0.85,
      13.0,
      0.85,
      0.95,
      0.0,
      5.4
    ],
    [
      3.3,
      5.3,
      5.3,
      5.1,
      5.9,
      4.6,
      6.7,
      9.2,
      9.9,
      5.5,
      5.2,
      5.6,
      5.6,
      5.4,
      5.5,
      10.2,
      5.8,
      5.9,
      5.4,
      0.0
    ]
  ],
  "walk_time_matrix": [
    [
      0.0,
      28.0,
      31.0,
      30.0,
      39.0,
      28.0,
      113.0,
      110.0,
      73.0,
      33.0,
      30.0,
      47.0,
      35.0,
      30.0,
      34.0,
      95.0,
      38.0,
      39.0,
      31.0,
      41.0
    ],
    [
      28.0,
      0.0,
      10.0,
      24.0,
      22.0,
      26.0,
      53.0,
      56.0,
      65.0,
      12.0,
      9.0,
      43.0,
      8.0,
      3.0,
      15.0,
      156.0,
      21.0,
      16.0,
      6.0,
      34.0
    ],
    [
      31.0,
      10.0,
      0.0,
      17.0,
      10.0,
      37.0,
      58.0,
      94.0,
      64.0,
      4.0,
      2.0,
      49.0,
      7.0,
      9.0,
      7.0,
      163.0,
      9.0,
      9.0,
      5.0,
      39.0
    ],
    [
      30.0,
      24.0,
      17.0,
      0.0,
      22.0,
      45.0,
      65.0,
      54.0,
      59.0,
      17.0,
      21.0,
      34.0,
      23.0,
      21.0,
      22.0,
      95.0,
      21.0,
      22.0,
      22.0,
      35.0
    ],
    [
      39.0,
      22.0,
      10.0,
      22.0,
      0.0,
      41.0,
      148.0,
      66.0,
      117.0,
      6.0,
      12.0,
      49.0,
      7.0,
      13.0,
      7.0,
      169.0,
      2.0,
      3.0,
      11.0,
      35.0
    ],
    [
      28.0,
      26.0,
      37.0,
      45.0,
      41.0,
      0.0,
      128.0,
      124.0,
      137.0,
      39.0,
      35.0,
      69.0,
      35.0,
      30.0,
      42.0,
      148.0,
      42.0,
      43.0,
      32.0,
      59.0
    ],
    [
      113.0,
      53.0,
      58.0,
      65.0,
      148.0,
      128.0,
      0.0,
      58.0,
      80.0,
      134.0,
      61.0,
      123.0,
      137.0,
      133.0,
      135.0,
      92.0,
      138.0,
      56.0,
      58.0,
      55.0
    ],
    [
      110.0,
      56.0,
      94.0,
      54.0,
      66.0,
      124.0,
      58.0,
      0.0,
      32.0,
      84.0,
      62.0,
      60.0,
      63.0,
      59.0,
      82.0,
      209.0,
      87.0,
      66.0,
      90.0,
      79.0
    ],
    [
      73.0,
      65.0,
      64.0,
      59.0,
      117.0,
      137.0,
      80.0,
      32.0,
      0.0,
      97.0,
      62.0,
      63.0,
      65.0,
      63.0,
      95.0,
      215.0,
      99.0,
      100.0,
      62.0,
      118.0
    ],
    [
      33.0,
      12.0,
      4.0,
      17.0,
      6.0,
      39.0,
      134.0,
      84.0,
      97.0,
      0.0,
      6.0,
      45.0,
      7.0,
      10.0,
      3.0,
      165.0,
      4.0,
      5.0,
      7.0,
      35.0
    ],
    [
      30.0,
      9.0,
      2.0,
      21.0,
      12.0,
      35.0,
      61.0,
      62.0,
      62.0,
      6.0,
      0.0,
      47.0,
      7.0,
      8.0,
      9.0,
      99.0,
      11.0,
      12.0,
      4.0,
      41.0
    ],
    [
      47.0,
      43.0,
      49.0,
      34.0,
      49.0,
      69.0,
      123.0,
      60.0,
      63.0,
      45.0,
      47.0,
      0.0,
      50.0,
      48.0,
      40.0,
      107.0,
      45.0,
      47.0,
      46.0,
      70.0
    ],
    [
      35.0,
      8.0,
      7.0,
      23.0,
      7.0,
      35.0,
      137.0,
      63.0,
      65.0,
      7.0,
      7.0,
      50.0,
      0.0,
      6.0,
      10.0,
      163.0,
      8.0,
      9.0,
      5.0,
      39.0
    ],
    [
      30.0,
      3.0,
      9.0,
      21.0,
      13.0,
      30.0,
      133.0,
      59.0,
      63.0,
      10.0,
      8.0,
      48.0,
      6.0,
      0.0,
      13.0,
      158.0,
      13.0,
      22.0,
      4.0,
      36.0
    ],
    [
      34.0,
      15.0,
      7.0,
      22.0,
      7.0,
      42.0,
      135.0,
      82.0,
      95.0,
      3.0,
      9.0,
      40.0,
      10.0,
      13.0,
      0.0,
      168.0,
      4.0,
      5.0,
      10.0,
      35.0
    ],
    [
      95.0,
      156.0,
      163.0,
      95.0,
      169.0,
      148.0,
      92.0,
      209.0,
      215.0,
      165.0,
      99.0,
      107.0,
      163.0,
      158.0,
      168.0,
      0.0,
      89.0,
      90.0,
      88.0,
      87.0
    ],
    [
      38.0,
      21.0,
      9.0,
      21.0,
      2.0,
      42.0,
      138.0,
      87.0,
      99.0,
      4.0,
      11.0,
      45.0,
      8.0,
      13.0,
      4.0,
      89.0,
      0.0,
      2.0,
      11.0,
      34.0
    ],
    [
      39.0,
      16.0,
      9.0,
      22.0,
      3.0,
      43.0,
      56.0,
      66.0,
      100.0,
      5.0,
      12.0,
      47.0,
      9.0,
      22.0,
      5.0,
      90.0,
      2.0,
      0.0,
      12.0,
      36.0
    ],
    [
      31.0,
      6.0,
      5.0,
      22.0,
      11.0,
      32.0,
      58.0,
      90.0,
      62.0,
      7.0,
      4.0,
      46.0,
      5.0,
      4.0,
      10.0,
      88.0,
      11.0,
      12.0,
      0.0,
      38.0
    ],
    [
      41.0,
      34.0,
      39.0,
      35.0,
      35.0,
      59.0,
      55.0,
      79.0,
      118.0,
      35.0,
      41.0,
      70.0,
      39.0,
      36.0,
      35.0,
      87.0,
      34.0,
      36.0,
      38.0,
      0.0
    ]
  ],
  "cycle_dist_matrix": [
    [
      0.0,
      2.3,
      2.6,
      2.4,
      3.2,
      2.3,
      8.8,
      8.6,
      9.1,
      2.8,
      2.5,
      3.7,
      2.8,
      2.5,
      2.8,
      11.6,
      3.1,
      3.2,
      2.5,
      NaN
    ],
    [
      2.3,
      0.0,
      0.8,
      1.8,
      1.2,
      2.1,
      10.8,
      NaN,
      8.8,
      0.95,
      0.75,
      NaN,
      0.55,
      0.21,
      1.2,
      12.8,
      1.2,
      1.3,
      0.45,
      NaN
    ],
    [
      2.6,
      0.8,
      0.0,
      1.4,
      0.8,
      2.9,
      10.9,
      7.2,
      8.2,
      0.35,
      0.16,
      NaN,
      0.45,
      0.65,
      0.55,
      13.3,
      0.7,
      0.8,
      0.4,
      5.3
    ],
    [
      2.4,
      1.8,
      1.4,
      0.0,
      1.8,
      3.6,
      10.7,
      6.2,
      6.9,
      1.4,
      1.5,
      2.2,
      1.8,
      1.8,
      1.4,
      13.8,
      1.7,
      1.8,
      1.6,
      5.1
    ],
    [
      3.2,
      1.2,
      0.8,
      1.8,
      0.0,
      3.3,
      11.5,
      NaN,
      8.5,
      0.5,
      0.85,
      3.8,
      0.6,
      1.0,
      0.5,
      13.7,
      0.13,
      0.2,
      0.8,
      5.9
    ],
    [
      2.3,
      2.1,
      2.9,
      3.6,
      3.3,
      0.0,
      9.9,
      9.6,
      10.3,
      3.1,
      2.8,
      5.3,
      2.7,
      2.3,
      3.3,
      12.0,
      3.3,
      3.4,
      2.5,
      4.6
    ],
    [
      8.8,
      10.8,
      10.9,
      10.7,
      11.5,
      9.9,
      0.0,
      10.8,
      11.3,
      11.0,
      10.8,
      10.2,
      11.2,
      11.0,
      11.1,
      7.8,
      11.4,
      NaN,
      10.9,
      6.7
    ],
    [
      8.6,
      NaN,
      7.2,
      6.2,
      NaN,
      9.6,
      10.8,
      0.0,
      2.2,
      7.1,
      7.4,
      5.1,
      NaN,
      7.9,
      7.0,
      17.4,
      7.3,
      NaN,
      7.6,
      9.2
    ],
    [
      9.1,
      8.8,
      8.2,
      6.9,
      8.5,
      10.3,
      11.3,
      2.2,
      0.0,
      8.2,
      8.4,
      5.4,
      8.6,
      8.7,
      8.1,
      17.9,
      8.4,
      8.5,
      8.5,
      9.9
    ],
    [
      2.8,
      0.95,
      0.35,
      1.4,
      0.5,
      3.1,
      11.0,
      7.1,
      8.2,
      0.0,
      0.5,
      3.5,
      0.55,
      0.8,
      0.26,
      13.5,
      0.35,
      0.4,
      0.6,
      5.5
    ],
    [
      2.5,
      0.75,
      0.16,
      1.5,
      0.85,
      2.8,
      10.8,
      7.4,
      8.4,
      0.5,
      0.0,
      3.6,
      0.45,
      0.6,
      0.7,
      NaN,
      0.85,
      1.0,
      0.3,
      5.2
    ],
    [
      3.7,
      NaN,
      NaN,
      2.2,
      3.8,
      5.3,
      10.2,
      5.1,
      5.4,
      3.5,
      3.6,
      0.0,
      3.9,
      NaN,
      NaN,
      14.8,
      3.7,
      NaN,
      3.8,
      5.6
    ],
    [
      2.8,
      0.55,
      0.45,
      1.8,
      0.6,
      2.7,
      11.2,
      NaN,
      8.6,
      0.55,
      0.45,
      3.9,
      0.0,
      0.4,
      0.75,
      13.3,
      0.65,
      0.75,
      0.3,
      5.6
    ],
    [
      2.5,
      0.21,
      0.65,
      1.8,
      1.0,
      2.3,
      11.0,
      7.9,
      8.7,
      0.8,
      0.6,
      NaN,
      0.4,
      0.0,
      1.1,
      12.9,
      1.1,
      1.1,
      0.28,
      5.4
    ],
    [
      2.8,
      1.2,
      0.55,
      1.4,
      0.5,
      3.3,
      11.1,
      7.0,
      8.1,
      0.26,
      0.7,
      NaN,
      0.75,
      1.1,
      0.0,
      13.8,
      0.35,
      0.4,
      0.85,
      5.5
    ],
    [
      11.6,
      12.8,
      13.3,
      13.8,
      13.7,
      12.0,
      7.8,
      17.4,
      17.9,
      13.5,
      NaN,
      14.8,
      13.3,
      12.9,
      13.8,
      0.0,
      13.8,
      13.9,
      NaN,
      10.2
    ],
    [
      3.1,
      1.2,
      0.7,
      1.7,
      0.13,
      3.3,
      11.4,
      7.3,
      8.4,
      0.35,
      0.85,
      3.7,
      0.65,
      1.1,
      0.35,
      13.8,
      0.0,
      0.15,
      0.85,
      5.8
    ],
    [
      3.2,
      1.3,
      0.8,
      1.8,
      0.2,
      3.4,
      NaN,
      NaN,
      8.5,
      0.4,
      1.0,
      NaN,
      0.75,
      1.1,
      0.4,
      13.9,
      0.15,
      0.0,
      0.95,
      5.9
    ],
    [
      2.5,
      0.45,
      0.4,
      1.6,
      0.8,
      2.5,
      10.9,
      7.6,
      8.5,
      0.6,
      0.3,
      3.8,
      0.3,
      0.28,
      0.85,
      NaN,
      0.85,
      0.95,
      0.0,
      NaN
    ],
    [
      NaN,
      NaN,
      5.3,
      5.1,
      5.9,
      4.6,
      6.7,
      9.2,
      9.9,
      5.5,
      5.2,
      5.6,
      5.6,
      5.4,
      5.5,
      10.2,
      5.8,
      5.9,
      NaN,
      0.0
    ]
  ],
  "cycle_time_matrix": [
    [
      0.0,
      28.0,
      31.0,
      30.0,
      39.0,
      28.0,
      113.0,
      110.0,
      121.0,
      33.0,
      30.0,
      47.0,
      35.0,
      30.0,
      34.0,
      140.0,
      38.0,
      39.0,
      31.0,
      NaN
    ],
    [
      28.0,
      0.0,
      10.0,
      23.0,
      22.0,
      26.0,
      138.0,
      NaN,
      120.0,
      12.0,
      9.0,
      NaN,
      8.0,
      3.0,
      15.0,
      156.0,
      15.0,
      16.0,
      6.0,
      NaN
    ],
    [
      31.0,
      10.0,
      0.0,
      17.0,
      10.0,
      37.0,
      139.0,
      94.0,
      113.0,
      4.0,
      2.0,
      NaN,
      7.0,
      9.0,
      7.0,
      163.0,
      9.0,
      10.0,
      5.0,
      68.0
    ],
    [
      30.0,
      23.0,
      17.0,
      0.0,
      22.0,
      45.0,
      137.0,
      82.0,
      95.0,
      17.0,
      21.0,
      34.0,
      23.0,
      21.0,
      17.0,
      168.0,
      21.0,
      22.0,
      22.0,
      65.0
    ],
    [
      39.0,
      22.0,
      10.0,
      22.0,
      0.0,
      41.0,
      148.0,
      NaN,
      117.0,
      6.0,
      12.0,
      49.0,
      7.0,
      13.0,
      7.0,
      169.0,
      2.0,
      3.0,
      11.0,
      76.0
    ],
    [
      28.0,
      26.0,
      37.0,
      45.0,
      41.0,
      0.0,
      128.0,
      124.0,
      137.0,
      39.0,
      35.0,
      69.0,
      35.0,
      30.0,
      42.0,
      148.0,
      42.0,
      43.0,
      32.0,
      59.0
    ],
    [
      113.0,
      138.0,
      139.0,
      137.0,
      148.0,
      128.0,
      0.0,
      134.0,
      144.0,
      134.0,
      131.0,
      123.0,
      137.0,
      133.0,
      135.0,
      92.0,
      138.0,
      NaN,
      133.0,
      81.0
    ],
    [
      110.0,
      NaN,
      94.0,
      82.0,
      NaN,
      124.0,
      134.0,
      0.0,
      32.0,
      84.0,
      87.0,
      60.0,
      NaN,
      94.0,
      82.0,
      209.0,
      87.0,
      NaN,
      90.0,
      111.0
    ],
    [
      121.0,
      120.0,
      113.0,
      95.0,
      117.0,
      137.0,
      144.0,
      32.0,
      0.0,
      97.0,
      99.0,
      63.0,
      103.0,
      103.0,
      95.0,
      215.0,
      99.0,
      100.0,
      101.0,
      118.0
    ],
    [
      33.0,
      12.0,
      4.0,
      17.0,
      6.0,
      39.0,
      134.0,
      84.0,
      97.0,
      0.0,
      6.0,
      45.0,
      7.0,
      10.0,
      3.0,
      165.0,
      4.0,
      5.0,
      7.0,
      70.0
    ],
    [
      30.0,
      9.0,
      2.0,
      21.0,
      12.0,
      35.0,
      131.0,
      87.0,
      99.0,
      6.0,
      0.0,
      47.0,
      7.0,
      8.0,
      9.0,
      NaN,
      11.0,
      12.0,
      4.0,
      67.0
    ],
    [
      47.0,
      NaN,
      NaN,
      34.0,
      49.0,
      69.0,
      123.0,
      60.0,
      63.0,
      45.0,
      47.0,
      0.0,
      49.0,
      NaN,
      NaN,
      182.0,
      45.0,
      NaN,
      46.0,
      70.0
    ],
    [
      35.0,
      8.0,
      7.0,
      23.0,
      7.0,
      35.0,
      137.0,
      NaN,
      103.0,
      7.0,
      7.0,
      49.0,
      0.0,
      6.0,
      10.0,
      163.0,
      8.0,
      9.0,
      5.0,
      73.0
    ],
    [
      30.0,
      3.0,
      9.0,
      21.0,
      13.0,
      30.0,
      133.0,
      94.0,
      103.0,
      10.0,
      8.0,
      NaN,
      6.0,
      0.0,
      13.0,
      158.0,
      13.0,
      22.0,
      4.0,
      69.0
    ],
    [
      34.0,
      15.0,
      7.0,
      17.0,
      7.0,
      42.0,
      135.0,
      82.0,
      95.0,
      3.0,
      9.0,
      NaN,
      10.0,
      13.0,
      0.0,
      168.0,
      4.0,
      5.0,
      10.0,
      71.0
    ],
    [
      140.0,
      156.0,
      163.0,
      168.0,
      169.0,
      148.0,
      92.0,
      209.0,
      215.0,
      165.0,
      NaN,
      182.0,
      163.0,
      158.0,
      168.0,
      0.0,
      168.0,
      169.0,
      NaN,
      127.0
    ],
    [
      38.0,
      15.0,
      9.0,
      21.0,
      2.0,
      42.0,
      138.0,
      87.0,
      99.0,
      4.0,
      11.0,
      45.0,
      8.0,
      13.0,
      4.0,
      168.0,
      0.0,
      2.0,
      11.0,
      75.0
    ],
    [
      39.0,
      16.0,
      10.0,
      22.0,
      3.0,
      43.0,
      NaN,
      NaN,
      100.0,
      5.0,
      12.0,
      NaN,
      9.0,
      22.0,
      5.0,
      169.0,
      2.0,
      0.0,
      12.0,
      76.0
    ],
    [
      31.0,
      6.0,
      5.0,
      22.0,
      11.0,
      32.0,
      133.0,
      90.0,
      101.0,
      7.0,
      4.0,
      46.0,
      5.0,
      4.0,
      10.0,
      NaN,
      11.0,
      12.0,
      0.0,
      NaN
    ],
    [
      NaN,
      NaN,
      68.0,
      65.0,
      76.0,
      59.0,
      81.0,
