{
  "drive_dist_matrix": [
    [
      0.0,
      10.46071,
      4.02335,
      4.184284,
      6.9201619999999995,
      4.184284,
      4.184284,
      3.21868,
      3.5405480000000003,
      4.02335,
      4.184284,
      10.621644,
      4.345218,
      4.345218,
      4.184284,
      4.667085999999999,
      9.977908000000001,
      10.782578,
      9.334171999999999,
      1.7702740000000001,
      22.53076,
      8.207633999999999,
      12.07005,
      0.48280199999999995,
      7.885766,
      8.85137,
      4.02335,
      2.735878,
      10.299776000000001,
      9.977908000000001,
      4.667085999999999,
      22.369826,
      3.7014819999999995,
      8.529501999999999,
      11.909116000000001,
      16.415267999999998,
      23.818232000000002,
      2.735878,
      4.9889540000000006,
      8.0467,
      12.552852,
      9.65604,
      21.887024,
      15.28873,
      3.21868,
      22.691694,
      3.8624159999999996,
      19.31208,
      7.885766,
      35.40548,
      8.690436,
      17.059003999999998,
      20.277684,
      2.896812,
      8.529501999999999,
      21.565156
    ],
    [
      10.46071,
      0.0,
      20.438617999999998,
      20.11675,
      14.001257999999998,
      20.11675,
      20.11675,
      11.909116000000001,
      20.599552000000003,
      19.473014,
      19.633948,
      13.67939,
      19.794882,
      20.11675,
      20.11675,
      19.31208,
      11.104446000000001,
      13.840323999999999,
      23.33543,
      10.46071,
      25.588506,
      22.369826,
      8.690436,
      9.977908000000001,
      22.047957999999998,
      9.495106,
      19.31208,
      11.26538,
      10.46071,
      24.1401,
      13.357522000000001,
      25.427572,
      19.955816000000002,
      22.691694,
      14.805927999999998,
      16.254334,
      27.036912,
      11.587248,
      19.31208,
      22.208892000000002,
      26.715044000000002,
      23.818232000000002,
      24.94477,
      29.450922000000002,
      11.909116000000001,
      25.910374,
      7.402963999999999,
      19.151146,
      22.047957999999998,
      35.244546,
      22.852628,
      16.89807,
      29.611855999999996,
      11.26538,
      13.035654,
      11.26538
    ],
    [
      4.02335,
      20.438617999999998,
      0.0,
      0.16093400000000002,
      8.85137,
      0.32186800000000004,
      0.328,
      1.1265379999999998,
      0.80467,
      0.6437360000000001,
      0.9656039999999999,
      16.415267999999998,
      0.48280199999999995,
      0.6437360000000001,
      0.32186800000000004,
      0.6437360000000001,
      15.771532,
      16.576202000000002,
      5.793624,
      2.735878,
      28.324384000000002,
      4.667085999999999,
      9.977908000000001,
      3.8624159999999996,
      4.506151999999999,
      12.07005,
      1.1265379999999998,
      2.5749440000000003,
      26.393175999999997,
      6.598293999999999,
      2.092142,
      38.62416,
      0.6437360000000001,
      5.149888000000001,
      11.587248,
      14.323126,
      40.072565999999995,
      1.2874720000000002,
      0.80467,
      4.667085999999999,
      9.012303999999999,
      6.115492,
      38.141358,
      11.909116000000001,
      0.9656039999999999,
      38.946028,
      7.724831999999999,
      17.219938,
      4.506151999999999,
      33.313338,
      5.310822,
      14.966862,
      16.737136,
      3.7014819999999995,
      11.748182,
      21.565156
    ],
    [
      4.184284,
      20.11675,
      0.16093400000000002,
      0.0,
      9.816974,
      0.32186800000000004,
      0.16093400000000002,
      1.60934,
      0.80467,
      0.6437360000000001,
      0.9656039999999999,
      16.0934,
      0.48280199999999995,
      0.32186800000000004,
      0.32186800000000004,
      0.6437360000000001,
      15.449663999999999,
      26.715044000000002,
      5.9545580000000005,
      2.896812,
      38.463226,
      4.9889540000000006,
      9.65604,
      4.02335,
      4.667085999999999,
      11.748182,
      1.2874720000000002,
      2.735878,
      26.071308,
      6.759228,
      2.092142,
      27.841582000000002,
      0.6437360000000001,
      5.310822,
      12.391918,
      14.001257999999998,
      29.450922000000002,
      1.448406,
      0.80467,
      4.82802,
      9.334171999999999,
      6.43736,
      27.35878,
      12.07005,
      1.2874720000000002,
      28.324384000000002,
      7.402963999999999,
      16.89807,
      4.667085999999999,
      32.99147,
      5.471756,
      14.644993999999999,
      17.059003999999998,
      4.506151999999999,
      12.552852,
      21.243288
    ],
    [
      6.9201619999999995,
      14.001257999999998,
      8.85137,
      9.816974,
      0.0,
      9.816974,
      9.977908000000001,
      7.724831999999999,
      9.012303999999999,
      9.977908000000001,
      9.65604,
      5.63269,
      9.977908000000001,
      9.977908000000001,
      9.977908000000001,
      10.299776000000001,
      9.334171999999999,
      10.138842,
      14.966862,
      6.759228,
      21.887024,
      14.162192000000001,
      18.990212,
      6.43736,
      15.127796,
      9.977908000000001,
      9.977908000000001,
      6.598293999999999,
      9.65604,
      15.771532,
      8.368568,
      21.72609,
      9.816974,
      14.162192000000001,
      4.02335,
      21.887024,
      23.33543,
      8.0467,
      10.46071,
      15.610598,
      18.990212,
      15.449663999999999,
      21.243288,
      15.610598,
      7.885766,
      22.208892000000002,
      9.495106,
      24.783836,
      13.67939,
      40.716302,
      14.644993999999999,
      22.53076,
      35.244546,
      5.63269,
      4.02335,
      22.53076
    ],
    [
      4.184284,
      20.11675,
      0.32186800000000004,
      0.32186800000000004,
      9.816974,
      0.0,
      0.32186800000000004,
      1.9312079999999998,
      0.80467,
      0.6437360000000001,
      0.9656039999999999,
      15.771532,
      0.48280199999999995,
      0.32186800000000004,
      0.6437360000000001,
      0.6437360000000001,
      15.28873,
      16.0934,
      5.793624,
      3.21868,
      27.841582000000002,
      4.82802,
      9.334171999999999,
      5.471756,
      4.506151999999999,
      11.587248,
      1.448406,
      3.21868,
      15.610598,
      6.598293999999999,
      2.896812,
      27.680647999999998,
      0.6437360000000001,
      5.149888000000001,
      17.059003999999998,
      13.840323999999999,
      39.589764,
      1.7702740000000001,
      0.80467,
      4.667085999999999,
      9.012303999999999,
      6.115492,
      27.197846,
      11.909116000000001,
      1.60934,
      38.463226,
      7.0810960000000005,
      16.737136,
      4.506151999999999,
      32.830535999999995,
      5.310822,
      14.48406,
      16.737136,
      4.82802,
      15.28873,
      20.92142
    ],
    [
      4.184284,
      20.11675,
      0.328,
      0.16093400000000002,
      9.977908000000001,
      0.32186800000000004,
      0.0,
      1.60934,
      0.6437360000000001,
      0.80467,
      0.9656039999999999,
      16.0934,
      0.32186800000000004,
      0.48280199999999995,
      0.32186800000000004,
      0.6437360000000001,
      25.910374,
      26.715044000000002,
      6.115492,
      2.896812,
      38.463226,
      4.9889540000000006,
      9.65604,
      4.02335,
      4.667085999999999,
      11.909116000000001,
      1.2874720000000002,
      2.896812,
      26.232242,
      6.759228,
      2.5749440000000003,
      38.302292,
      0.48280199999999995,
      5.471756,
      12.552852,
      14.001257999999998,
      39.911632000000004,
      1.60934,
      0.6437360000000001,
      4.9889540000000006,
      9.334171999999999,
      6.43736,
      27.519714,
      12.230984,
      1.448406,
      28.324384000000002,
      7.402963999999999,
      17.059003999999998,
      4.667085999999999,
      33.152404000000004,
      5.63269,
      14.644993999999999,
      17.059003999999998,
      4.506151999999999,
      12.552852,
      21.243288
    ],
    [
      3.21868,
      11.909116000000001,
      1.1265379999999998,
      1.60934,
      7.724831999999999,
      1.9312079999999998,
      1.60934,
      0.0,
      0.80467,
      1.60934,
      1.1265379999999998,
      12.87472,
      1.60934,
      1.60934,
      1.60934,
      1.9312079999999998,
      12.230984,
      12.87472,
      6.759228,
      1.7702740000000001,
      24.622902,
      5.63269,
      10.943512,
      2.896812,
      5.310822,
      10.621644,
      1.60934,
      1.448406,
      12.391918,
      7.402963999999999,
      1.7702740000000001,
      24.461968,
      1.448406,
      5.9545580000000005,
      10.299776000000001,
      15.28873,
      26.071308,
      0.48280199999999995,
      2.092142,
      5.471756,
      9.977908000000001,
      7.0810960000000005,
      23.979166,
      10.782578,
      0.32186800000000004,
      24.94477,
      5.9545580000000005,
      18.185542,
      5.310822,
      34.439876,
      6.115492,
      15.932466,
      17.70274,
      2.2530759999999996,
      10.46071,
      22.53076
    ],
    [
      3.5405480000000003,
      20.599552000000003,
      0.80467,
      0.80467,
      9.012303999999999,
      0.80467,
      0.6437360000000001,
      0.80467,
      0.0,
      0.9656039999999999,
      0.48280199999999995,
      13.357522000000001,
      0.80467,
      0.9656039999999999,
      0.9656039999999999,
      0.9656039999999999,
      12.713786,
      13.518456,
      5.9545580000000005,
      2.2530759999999996,
      25.105704,
      4.82802,
      10.138842,
      3.379614,
      4.506151999999999,
      11.104446000000001,
      0.6437360000000001,
      2.092142,
      12.87472,
      6.598293999999999,
      1.60934,
      25.105704,
      0.6437360000000001,
      5.310822,
      11.587248,
      14.644993999999999,
      26.55411,
      0.80467,
      0.9656039999999999,
      4.82802,
      9.173238,
      6.276426,
      24.622902,
      12.07005,
      0.48280199999999995,
      25.427572,
      6.43736,
      17.541806,
      4.506151999999999,
      32.830535999999995,
      5.471756,
      15.28873,
      16.89807,
      3.7014819999999995,
      11.748182,
      21.72609
    ],
    [
      4.02335,
      19.473014,
      0.6437360000000001,
      0.6437360000000001,
      9.977908000000001,
      0.6437360000000001,
      0.80467,
      1.60934,
      0.9656039999999999,
      0.0,
      0.80467,
      15.449663999999999,
      0.32186800000000004,
      0.80467,
      1.60934,
      0.075,
      14.805927999999998,
      15.610598,
      5.149888000000001,
      3.21868,
      27.35878,
      4.02335,
      9.012303999999999,
      4.9889540000000006,
      3.7014819999999995,
      11.104446000000001,
      0.6437360000000001,
      3.21868,
      15.127796,
      5.793624,
      3.057746,
      27.197846,
      0.32186800000000004,
      4.506151999999999,
      16.576202000000002,
      13.357522000000001,
      28.807185999999998,
      1.60934,
      0.16093400000000002,
      4.02335,
      8.368568,
      5.471756,
      26.715044000000002,
      11.26538,
      1.9312079999999998,
      27.680647999999998,
      6.759228,
      16.254334,
      3.7014819999999995,
      32.347734,
      4.667085999999999,
      14.001257999999998,
      16.0934,
      4.9889540000000006,
      14.805927999999998,
      20.599552000000003
    ],
    [
      4.184284,
      19.633948,
      0.9656039999999999,
      0.9656039999999999,
      9.65604,
      0.9656039999999999,
      0.9656039999999999,
      1.1265379999999998,
      0.48280199999999995,
      0.80467,
      0.0,
      13.357522000000001,
      0.80467,
      1.1265379999999998,
      1.1265379999999998,
      0.9656039999999999,
      12.713786,
      15.932466,
      5.471756,
      2.5749440000000003,
      27.680647999999998,
      4.345218,
      9.334171999999999,
      3.5405480000000003,
      4.02335,
      11.426314,
      0.16093400000000002,
      2.41401,
      13.035654,
      6.115492,
      2.41401,
      27.519714,
      0.32186800000000004,
      4.82802,
      12.230984,
      13.67939,
      29.129054000000004,
      0.80467,
      0.6437360000000001,
      4.345218,
      8.690436,
      5.793624,
      27.036912,
      11.587248,
      0.80467,
      28.002515999999996,
      6.598293999999999,
      16.576202000000002,
      4.02335,
      32.669602,
      4.9889540000000006,
      14.323126,
      16.415267999999998,
      4.345218,
      12.391918,
      20.92142
    ],
    [
      10.621644,
      13.67939,
      16.415267999999998,
      16.0934,
      5.63269,
      15.771532,
      16.0934,
      12.87472,
      13.357522000000001,
      15.449663999999999,
      13.357522000000001,
      0.0,
      15.610598,
      16.0934,
      15.932466,
      15.127796,
      6.598293999999999,
      6.276426,
      19.31208,
      10.943512,
      22.369826,
      18.185542,
      19.31208,
      9.977908000000001,
      17.863674,
      10.46071,
      14.966862,
      12.07005,
      6.759228,
      19.955816000000002,
      16.415267999999998,
      22.208892000000002,
      15.28873,
      18.50741,
      2.5749440000000003,
      22.369826,
      23.657297999999997,
      14.644993999999999,
      14.966862,
      18.024607999999997,
      22.53076,
      19.633948,
      21.72609,
      25.427572,
      14.805927999999998,
      22.691694,
      9.816974,
      25.266638,
      17.863674,
      41.360037999999996,
      18.668343999999998,
      23.013562,
      35.727348,
      11.909116000000001,
      5.793624,
      23.013562
    ],
    [
      4.345218,
      19.794882,
      0.48280199999999995,
      0.48280199999999995,
      9.977908000000001,
      0.48280199999999995,
      0.32186800000000004,
      1.60934,
      0.80467,
      0.32186800000000004,
      0.80467,
      15.610598,
      0.0,
      0.6437360000000001,
      0.48280199999999995,
      0.32186800000000004,
      15.127796,
      15.932466,
      5.471756,
      2.896812,
      27.680647999999998,
      4.345218,
      9.173238,
      4.02335,
      4.02335,
      11.426314,
      0.80467,
      2.735878,
      15.449663999999999,
      6.115492,
      2.5749440000000003,
      27.519714,
      0.48280199999999995,
      4.667085999999999,
      16.89807,
      13.67939,
      28.96812,
      1.1265379999999998,
      0.32186800000000004,
      4.345218,
      8.690436,
      5.793624,
      27.036912,
      11.587248,
      1.2874720000000002,
      27.841582000000002,
      6.9201619999999995,
      16.576202000000002,
      4.02335,
      32.830535999999995,
      4.9889540000000006,
      14.323126,
      16.415267999999998,
      4.506151999999999,
      12.552852,
      20.760486
    ],
    [
      4.345218,
      20.11675,
      0.6437360000000001,
      0.32186800000000004,
      9.977908000000001,
      0.32186800000000004,
      0.48280199999999995,
      1.60934,
      0.9656039999999999,
      0.80467,
      1.1265379999999998,
      16.0934,
      0.6437360000000001,
      0.0,
      0.6437360000000001,
      0.80467,
      15.28873,
      16.0934,
      5.793624,
      3.21868,
      27.680647999999998,
      4.667085999999999,
      9.334171999999999,
      5.471756,
      4.345218,
      11.587248,
      1.2874720000000002,
      3.057746,
      25.910374,
      6.598293999999999,
      2.896812,
      37.980424,
      0.80467,
      5.149888000000001,
      27.35878,
      13.840323999999999,
      39.589764,
      1.7702740000000001,
      1.2874720000000002,
      4.667085999999999,
      9.012303999999999,
      6.115492,
      37.497622,
      11.909116000000001,
      1.60934,
      38.463226,
      7.0810960000000005,
      16.737136,
      4.506151999999999,
      32.830535999999995,
      5.310822,
      14.323126,
      16.737136,
      4.82802,
      25.588506,
      20.92142
    ],
    [
      4.184284,
      20.11675,
      0.32186800000000004,
      0.32186800000000004,
      9.977908000000001,
      0.6437360000000001,
      0.32186800000000004,
      1.60934,
      0.9656039999999999,
      1.60934,
      1.1265379999999998,
      15.932466,
      0.48280199999999995,
      0.6437360000000001,
      0.0,
      0.80467,
      25.910374,
      26.715044000000002,
      5.9545580000000005,
      2.896812,
      38.302292,
      4.9889540000000006,
      9.65604,
      4.02335,
      4.667085999999999,
      11.748182,
      1.2874720000000002,
      2.735878,
      26.071308,
      6.759228,
      2.41401,
      27.841582000000002,
      1.1265379999999998,
      5.310822,
      12.391918,
      14.001257999999998,
      29.289987999999997,
      1.448406,
      0.80467,
      4.82802,
      9.173238,
      6.43736,
      37.81949,
      12.07005,
      1.2874720000000002,
      38.62416,
      7.24203,
      16.89807,
      4.667085999999999,
      32.99147,
      5.471756,
      14.644993999999999,
      17.059003999999998,
      4.506151999999999,
      12.552852,
      21.082354
    ],
    [
      4.667085999999999,
      19.31208,
      0.6437360000000001,
      0.6437360000000001,
      10.299776000000001,
      0.6437360000000001,
      0.6437360000000001,
      1.9312079999999998,
      0.9656039999999999,
      0.075,
      0.9656039999999999,
      15.127796,
      0.32186800000000004,
      0.80467,
      0.80467,
      0.0,
      14.805927999999998,
      15.610598,
      5.149888000000001,
      3.21868,
      27.35878,
      4.02335,
      9.012303999999999,
      4.9889540000000006,
      3.7014819999999995,
      11.104446000000001,
      0.48280199999999995,
      3.21868,
      15.127796,
      5.793624,
      3.057746,
      27.197846,
      0.48280199999999995,
      4.506151999999999,
      16.576202000000002,
      13.357522000000001,
      28.646252,
      1.60934,
      0.322,
      4.02335,
      8.368568,
      5.471756,
      26.715044000000002,
      11.26538,
      1.9312079999999998,
      27.680647999999998,
      6.598293999999999,
      16.254334,
      3.7014819999999995,
      31.543064,
      4.667085999999999,
      14.001257999999998,
      16.0934,
      4.9889540000000006,
      25.266638,
      20.438617999999998
    ],
    [
      9.977908000000001,
      11.104446000000001,
      15.771532,
      15.449663999999999,
      9.334171999999999,
      15.28873,
      25.910374,
      12.230984,
      12.713786,
      14.805927999999998,
      12.713786,
      6.598293999999999,
      15.127796,
      15.28873,
      25.910374,
      14.805927999999998,
      0.0,
      0.80467,
      18.829278,
      10.46071,
      14.001257999999998,
      17.70274,
      19.794882,
      9.495106,
      17.380872,
      5.149888000000001,
      14.644993999999999,
      11.587248,
      0.80467,
      19.633948,
      13.357522000000001,
      13.840323999999999,
      14.805927999999998,
      18.185542,
      11.748182,
      22.691694,
      15.28873,
      11.748182,
      14.644993999999999,
      17.70274,
      22.047957999999998,
      19.151146,
      13.357522000000001,
      24.94477,
      11.909116000000001,
      14.162192000000001,
      9.495106,
      25.588506,
      17.541806,
      42.486576,
      18.346476,
      23.496364,
      36.21015,
      11.426314,
      9.977908000000001,
      15.610598
    ],
    [
      10.782578,
      13.840323999999999,
      16.576202000000002,
      26.715044000000002,
      10.138842,
      16.0934,
      26.715044000000002,
      12.87472,
      13.518456,
      15.610598,
      15.932466,
      6.276426,
      15.932466,
      16.0934,
      26.715044000000002,
      15.610598,
      0.80467,
      0.0,
      19.794882,
      11.748182,
      13.196587999999998,
      18.668343999999998,
      19.794882,
      10.621644,
      18.346476,
      5.471756,
      15.449663999999999,
      12.713786,
      2.5749440000000003,
      20.438617999999998,
      16.89807,
      13.035654,
      15.771532,
      18.990212,
      11.748182,
      22.852628,
      14.48406,
      15.127796,
      15.449663999999999,
      18.668343999999998,
      23.013562,
      20.11675,
      12.552852,
      25.910374,
      15.449663999999999,
      13.357522000000001,
      10.299776000000001,
      25.74944,
      18.346476,
      41.84284,
      19.31208,
      23.496364,
      36.21015,
      12.552852,
      9.977908000000001,
      17.380872
    ],
    [
      9.334171999999999,
      23.33543,
      5.793624,
      5.9545580000000005,
      14.966862,
      5.793624,
      6.115492,
      6.759228,
      5.9545580000000005,
      5.149888000000001,
      5.471756,
      19.31208,
      5.471756,
      5.793624,
      5.9545580000000005,
      5.149888000000001,
      18.829278,
      19.794882,
      0.0,
      8.207633999999999,
      42.164708,
      6.759228,
      13.357522000000001,
      9.495106,
      6.43736,
      15.449663999999999,
      5.63269,
      8.207633999999999,
      29.77279,
      1.7702740000000001,
      8.0467,
      42.003774,
      6.276426,
      7.24203,
      31.38213,
      17.70274,
      33.152404000000004,
      6.598293999999999,
      5.9545580000000005,
      6.759228,
      4.345218,
      1.448406,
      41.520972,
      14.001257999999998,
      6.9201619999999995,
      32.025866,
      11.104446000000001,
      20.599552000000003,
      6.43736,
      36.692952,
      7.402963999999999,
      18.185542,
      12.230984,
      9.977908000000001,
      29.611855999999996,
      24.94477
    ],
    [
      1.7702740000000001,
      10.46071,
      2.735878,
      2.896812,
      6.759228,
      3.21868,
      2.896812,
      1.7702740000000001,
      2.2530759999999996,
      3.21868,
      2.5749440000000003,
      10.943512,
      2.896812,
      3.21868,
      2.896812,
      3.21868,
      10.46071,
      11.748182,
      8.207633999999999,
      0.0,
      23.33543,
      6.759228,
      11.748182,
      1.448406,
      6.43736,
      9.173238,
      2.735878,
      0.80467,
      11.104446000000001,
      8.690436,
      3.21868,
      23.174496,
      2.735878,
      7.24203,
      9.334171999999999,
      16.0934,
      24.622902,
      1.9312079999999998,
      3.21868,
      6.759228,
      11.104446000000001,
      8.207633999999999,
      22.691694,
      11.104446000000001,
      1.7702740000000001,
      23.496364,
      4.667085999999999,
      18.990212,
      6.43736,
      35.40548,
      7.402963999999999,
      16.737136,
      18.829278,
      0.9656039999999999,
      9.334171999999999,
      22.047957999999998
    ],
    [
      22.53076,
      25.588506,
      28.324384000000002,
      38.463226,
      21.887024,
      27.841582000000002,
      38.463226,
      24.622902,
      25.105704,
      27.35878,
      27.680647999999998,
      22.369826,
      27.680647999999998,
      27.680647999999998,
      38.302292,
      27.35878,
      14.001257999999998,
      13.196587999999998,
      42.164708,
      23.33543,
      0.0,
      29.933724,
      31.060262,
      21.887024,
      29.611855999999996,
      17.541806,
      26.715044000000002,
      23.979166,
      14.805927999999998,
      31.703998,
      28.002515999999996,
      0.48280199999999995,
      27.036912,
      30.255592,
      23.013562,
      33.957074,
      5.9545580000000005,
      26.232242,
      26.715044000000002,
      29.77279,
      34.118007999999996,
      31.38213,
      5.793624,
      42.64751,
      26.55411,
      0.6437360000000001,
      21.565156,
      36.853885999999996,
      29.611855999999996,
      53.10822,
      30.416525999999998,
      34.761744,
      47.47553,
      23.818232000000002,
      21.243288,
      34.761744
    ],
    [
      8.207633999999999,
      22.369826,
      4.667085999999999,
      4.9889540000000006,
      14.162192000000001,
      4.82802,
      4.9889540000000006,
      5.63269,
      4.82802,
      4.02335,
      4.345218,
      18.185542,
      4.345218,
      4.667085999999999,
      4.9889540000000006,
      4.02335,
      17.70274,
      18.668343999999998,
      6.759228,
      6.759228,
      29.933724,
      0.0,
      12.230984,
      8.368568,
      0.6437360000000001,
      14.48406,
      4.667085999999999,
      9.495106,
      28.807185999999998,
      7.563898,
      7.0810960000000005,
      40.877235999999996,
      5.149888000000001,
      0.48280199999999995,
      30.255592,
      16.737136,
      32.025866,
      5.63269,
      4.82802,
      0.32186800000000004,
      6.115492,
      7.24203,
      40.555368,
      9.012303999999999,
      5.9545580000000005,
      41.360037999999996,
      9.977908000000001,
      19.633948,
      0.80467,
      35.727348,
      0.48280199999999995,
      17.380872,
      17.863674,
      9.65604,
      17.70274,
      23.818232000000002
    ],
    [
      12.07005,
      8.690436,
      9.977908000000001,
      9.65604,
      18.990212,
      9.334171999999999,
      9.65604,
      10.943512,
      10.138842,
      9.012303999999999,
      9.334171999999999,
      19.31208,
      9.173238,
      9.334171999999999,
      9.65604,
      9.012303999999999,
      19.794882,
      19.794882,
      13.357522000000001,
      11.748182,
      31.060262,
      12.230984,
      0.0,
      10.782578,
      11.104446000000001,
      16.415267999999998,
      8.529501999999999,
      10.943512,
      20.277684,
      13.196587999999998,
      10.943512,
      32.347734,
      9.012303999999999,
      11.909116000000001,
      21.72609,
      7.885766,
      33.957074,
      9.495106,
      8.368568,
      11.426314,
      15.771532,
      12.87472,
      31.864932,
      18.668343999999998,
      9.65604,
      32.830535999999995,
      17.219938,
      10.782578,
      11.104446000000001,
      26.875978,
      12.07005,
      6.598293999999999,
      21.243288,
      12.87472,
      19.955816000000002,
      15.28873
    ],
    [
      0.48280199999999995,
      9.977908000000001,
      3.8624159999999996,
      4.02335,
      6.43736,
      5.471756,
      4.02335,
      2.896812,
      3.379614,
      4.9889540000000006,
      3.5405480000000003,
      9.977908000000001,
      4.02335,
      5.471756,
      4.02335,
      4.9889540000000006,
      9.495106,
      10.621644,
      9.495106,
      1.448406,
      21.887024,
      8.368568,
      10.782578,
      0.0,
      7.885766,
      8.0467,
      4.02335,
      2.5749440000000003,
      9.495106,
      9.977908000000001,
      4.506151999999999,
      21.565156,
      3.7014819999999995,
      8.529501999999999,
      11.104446000000001,
      20.277684,
      23.174496,
      2.735878,
      4.9889540000000006,
      8.0467,
      12.552852,
      9.65604,
      21.243288,
      12.713786,
      2.896812,
      22.047957999999998,
      3.057746,
      23.174496,
      7.885766,
      39.267896,
      8.690436,
      20.92142,
      20.277684,
      2.092142,
      7.885766,
      20.92142
    ],
    [
      7.885766,
      22.047957999999998,
      4.506151999999999,
      4.667085999999999,
      15.127796,
      4.506151999999999,
      4.667085999999999,
      5.310822,
      4.506151999999999,
      3.7014819999999995,
      4.02335,
      17.863674,
      4.02335,
      4.345218,
      4.667085999999999,
      3.7014819999999995,
      17.380872,
      18.346476,
      6.43736,
      6.43736,
      29.611855999999996,
      0.6437360000000001,
      11.104446000000001,
      7.885766,
      0.0,
      13.840323999999999,
      4.02335,
      6.43736,
      28.16345,
      6.9201619999999995,
      6.43736,
      40.2335,
      4.506151999999999,
      0.9656039999999999,
      29.611855999999996,
      16.0934,
      41.84284,
      4.9889540000000006,
      4.184284,
      0.6437360000000001,
      5.471756,
      6.598293999999999,
      29.450922000000002,
      8.529501999999999,
      5.149888000000001,
      40.716302,
      9.334171999999999,
      18.990212,
      1.1265379999999998,
      35.083612,
      1.1265379999999998,
      16.576202000000002,
      17.219938,
      9.173238,
      17.219938,
      23.174496
    ],
    [
      8.85137,
      9.495106,
      12.07005,
      11.748182,
      9.977908000000001,
      11.587248,
      11.909116000000001,
      10.621644,
      11.104446000000001,
      11.104446000000001,
      11.426314,
      10.46071,
      11.426314,
      11.587248,
      11.748182,
      11.104446000000001,
      5.149888000000001,
      5.471756,
      15.449663999999999,
      9.173238,
      17.541806,
      14.48406,
      16.415267999999998,
      8.0467,
      13.840323999999999,
      0.0,
      10.943512,
      10.138842,
      4.667085999999999,
      15.932466,
      12.230984,
      18.668343999999998,
      11.104446000000001,
      14.48406,
      10.621644,
      18.50741,
      20.11675,
      10.46071,
      10.943512,
      14.001257999999998,
      18.346476,
      15.449663999999999,
      18.185542,
      21.243288,
      10.782578,
      18.990212,
      5.793624,
      21.404222,
      13.840323999999999,
      37.497622,
      14.644993999999999,
      19.31208,
      31.864932,
      10.138842,
      8.85137,
      19.151146
    ],
    [
      4.02335,
      19.31208,
      1.1265379999999998,
      1.2874720000000002,
      9.977908000000001,
      1.448406,
      1.2874720000000002,
      1.60934,
      0.6437360000000001,
      0.6437360000000001,
      0.16093400000000002,
      14.966862,
      0.80467,
      1.2874720000000002,
      1.2874720000000002,
      0.48280199999999995,
      14.644993999999999,
      15.449663999999999,
      5.63269,
      2.735878,
      26.715044000000002,
      4.667085999999999,
      8.529501999999999,
      4.02335,
      4.02335,
      10.943512,
      0.0,
      2.735878,
      13.196587999999998,
      5.9545580000000005,
      2.5749440000000003,
      27.35878,
      0.6437360000000001,
      4.667085999999999,
      12.391918,
      13.518456,
      28.96812,
      1.1265379999999998,
      0.48280199999999995,
      4.184284,
      8.529501999999999,
      5.63269,
      26.875978,
      11.426314,
      1.2874720000000002,
      27.841582000000002,
      6.9201619999999995,
      16.415267999999998,
      3.8624159999999996,
      32.508668,
      4.82802,
      14.162192000000001,
      16.254334,
      4.506151999999999,
      12.552852,
      20.760486
    ],
    [
      2.735878,
      11.26538,
      2.5749440000000003,
      2.735878,
      6.598293999999999,
      3.21868,
      2.896812,
      1.448406,
      2.092142,
      3.21868,
      2.41401,
      12.07005,
      2.735878,
      3.057746,
      2.735878,
      3.21868,
      11.587248,
      12.713786,
      8.207633999999999,
      0.80467,
      23.979166,
      9.495106,
      10.943512,
      2.5749440000000003,
      6.43736,
      10.138842,
      2.735878,
      0.0,
      12.552852,
      8.207633999999999,
      2.2530759999999996,
      27.036912,
      2.41401,
      6.759228,
      9.334171999999999,
      15.771532,
      28.646252,
      1.448406,
      2.896812,
      6.276426,
      10.621644,
      7.885766,
      26.55411,
      10.138842,
      1.448406,
      27.519714,
      6.115492,
      18.668343999999998,
      6.115492,
      35.40548,
      6.9201619999999995,
      16.254334,
      18.50741,
      1.2874720000000002,
      9.334171999999999,
      22.852628
    ],
    [
      10.299776000000001,
      10.46071,
      26.393175999999997,
      26.071308,
      9.65604,
      15.610598,
      26.232242,
      12.391918,
      12.87472,
      15.127796,
      13.035654,
      6.759228,
      15.449663999999999,
      25.910374,
      26.071308,
      15.127796,
      0.80467,
      2.5749440000000003,
      29.77279,
      11.104446000000001,
      14.805927999999998,
      28.807185999999998,
      20.277684,
      9.495106,
      28.16345,
      4.667085999999999,
      13.196587999999998,
      12.552852,
      0.0,
      19.794882,
      13.840323999999999,
      14.644993999999999,
      15.127796,
      18.346476,
      11.104446000000001,
      22.208892000000002,
      16.0934,
      12.230984,
      14.805927999999998,
      17.863674,
      22.369826,
      19.473014,
      14.162192000000001,
      25.266638,
      12.391918,
      14.966862,
      9.65604,
      25.105704,
      17.70274,
      41.199104000000005,
      18.50741,
      22.852628,
      35.566414,
      11.909116000000001,
      9.334171999999999,
      14.966862
    ],
    [
      9.977908000000001,
      24.1401,
      6.598293999999999,
      6.759228,
      15.771532,
      6.598293999999999,
      6.759228,
      7.402963999999999,
      6.598293999999999,
      5.793624,
      6.115492,
      19.955816000000002,
      6.115492,
      6.598293999999999,
      6.759228,
      5.793624,
      19.633948,
      20.438617999999998,
      1.7702740000000001,
      8.690436,
      31.703998,
      7.563898,
      13.196587999999998,
      9.977908000000001,
      6.9201619999999995,
      15.932466,
      5.9545580000000005,
      8.207633999999999,
      19.794882,
      0.0,
      7.563898,
      41.520972,
      5.793624,
      6.759228,
      20.438617999999998,
      17.219938,
      32.669602,
      6.115492,
      5.471756,
      6.276426,
      4.9889540000000006,
      2.092142,
      41.03817,
      13.518456,
      6.43736,
      41.84284,
      10.621644,
      20.11675,
      5.9545580000000005,
      36.21015,
      6.9201619999999995,
      17.863674,
      12.87472,
      9.495106,
      18.668343999999998,
      24.461968
    ],
    [
      4.667085999999999,
      13.357522000000001,
      2.092142,
      2.092142,
      8.368568,
      2.896812,
      2.5749440000000003,
      1.7702740000000001,
      1.60934,
      3.057746,
      2.41401,
      16.415267999999998,
      2.5749440000000003,
      2.896812,
      2.41401,
      3.057746,
      13.357522000000001,
      16.89807,
      8.0467,
      3.21868,
      28.002515999999996,
      7.0810960000000005,
      10.943512,
      4.506151999999999,
      6.43736,
      12.230984,
      2.5749440000000003,
      2.2530759999999996,
      13.840323999999999,
      7.563898,
      0.0,
      28.646252,
      2.41401,
      6.9201619999999995,
      10.782578,
      15.932466,
      30.094658,
      1.9312079999999998,
      3.057746,
      6.43736,
      10.782578,
      7.885766,
      28.16345,
      10.782578,
      1.60934,
      29.129054000000004,
      7.563898,
      18.829278,
      6.276426,
      35.244546,
      7.0810960000000005,
      16.415267999999998,
      18.50741,
      2.896812,
      10.943512,
      23.013562
    ],
    [
      22.369826,
      25.427572,
      38.62416,
      27.841582000000002,
      21.72609,
      27.680647999999998,
      38.302292,
      24.461968,
      25.105704,
      27.197846,
      27.519714,
      22.208892000000002,
      27.519714,
      37.980424,
      27.841582000000002,
      27.197846,
      13.840323999999999,
      13.035654,
      42.003774,
      23.174496,
      0.48280199999999995,
      40.877235999999996,
      32.347734,
      21.565156,
      40.2335,
      18.668343999999998,
      27.35878,
      27.036912,
      14.644993999999999,
      41.520972,
      28.646252,
      0.0,
      26.875978,
      30.255592,
      22.852628,
      33.957074,
      5.793624,
      26.232242,
      26.715044000000002,
      29.77279,
      34.118007999999996,
      31.221196,
      5.63269,
      42.64751,
      26.55411,
      0.6437360000000001,
      21.565156,
      36.853885999999996,
      29.611855999999996,
      52.947286,
      30.416525999999998,
      34.60081,
      47.314595999999995,
      23.818232000000002,
      21.082354,
      34.60081
    ],
    [
      3.7014819999999995,
      19.955816000000002,
      0.6437360000000001,
      0.6437360000000001,
      9.816974,
      0.6437360000000001,
      0.48280199999999995,
      1.448406,
      0.6437360000000001,
      0.32186800000000004,
      0.32186800000000004,
      15.28873,
      0.48280199999999995,
      0.80467,
      1.1265379999999998,
      0.48280199999999995,
      14.805927999999998,
      15.771532,
      6.276426,
      2.735878,
      27.036912,
      5.149888000000001,
      9.012303999999999,
      3.7014819999999995,
      4.506151999999999,
      11.104446000000001,
      0.6437360000000001,
      2.41401,
      15.127796,
      5.793624,
      2.41401,
      26.875978,
      0.0,
      4.82802,
      16.89807,
      13.67939,
      29.129054000000004,
      1.1265379999999998,
      0.48280199999999995,
      4.345218,
      8.690436,
      5.793624,
      27.036912,
      11.587248,
      1.448406,
      28.002515999999996,
      7.0810960000000005,
      16.576202000000002,
      4.184284,
      32.669602,
      4.9889540000000006,
      14.323126,
      16.415267999999998,
      4.506151999999999,
      12.552852,
      20.92142
    ],
    [
      8.529501999999999,
      22.691694,
      5.149888000000001,
      5.310822,
      14.162192000000001,
      5.149888000000001,
      5.471756,
      5.9545580000000005,
      5.310822,
      4.506151999999999,
      4.82802,
      18.50741,
      4.667085999999999,
      5.149888000000001,
      5.310822,
      4.506151999999999,
      18.185542,
      18.990212,
      7.24203,
      7.24203,
      30.255592,
      0.48280199999999995,
      11.909116000000001,
      8.529501999999999,
      0.9656039999999999,
      14.48406,
      4.667085999999999,
      6.759228,
      18.346476,
      6.759228,
      6.9201619999999995,
      30.255592,
      4.82802,
      0.0,
      30.57746,
      16.89807,
      32.1868,
      5.793624,
      4.9889540000000006,
      0.6437360000000001,
      6.276426,
      7.402963999999999,
      30.255592,
      9.173238,
      6.115492,
      31.060262,
      10.138842,
      19.794882,
      1.7702740000000001,
      35.888282000000004,
      0.32186800000000004,
      17.541806,
      18.024607999999997,
      9.816974,
      17.863674,
      23.979166
    ],
    [
      11.909116000000001,
      14.805927999999998,
      11.587248,
      12.391918,
      4.02335,
      17.059003999999998,
      12.552852,
      10.299776000000001,
      11.587248,
      16.576202000000002,
      12.230984,
      2.5749440000000003,
      16.89807,
      27.35878,
      12.391918,
      16.576202000000002,
      11.748182,
      11.748182,
      31.38213,
      9.334171999999999,
      23.013562,
      30.255592,
      21.72609,
      11.104446000000001,
      29.611855999999996,
      10.621644,
      12.391918,
      9.334171999999999,
      11.104446000000001,
      20.438617999999998,
      10.782578,
      22.852628,
      16.89807,
      30.57746,
      0.0,
      23.33543,
      24.783836,
      10.46071,
      16.0934,
      18.024607999999997,
      21.565156,
      20.760486,
      22.852628,
      18.024607999999997,
      10.299776000000001,
      23.657297999999997,
      10.943512,
      26.232242,
      16.0934,
      42.486576,
      17.059003999999998,
      24.1401,
      36.853885999999996,
      8.0467,
      3.5405480000000003,
      24.1401
    ],
    [
      16.415267999999998,
      16.254334,
      14.323126,
      14.001257999999998,
      21.887024,
      13.840323999999999,
      14.001257999999998,
      15.28873,
      14.644993999999999,
      13.357522000000001,
      13.67939,
      22.369826,
      13.67939,
      13.840323999999999,
      14.001257999999998,
      13.357522000000001,
      22.691694,
      22.852628,
      17.70274,
      16.0934,
      33.957074,
      16.737136,
      7.885766,
      20.277684,
      16.0934,
      18.50741,
      13.518456,
      15.771532,
      22.208892000000002,
      17.219938,
      15.932466,
      33.957074,
      13.67939,
      16.89807,
      23.33543,
