{
  "drive_dist_matrix": [
    [
      0.0,
      4.9,
      8.5,
      8.5,
      2.3,
      3.5,
      8.4,
      8.4,
      6.2,
      0.85,
      18.8,
      3.4,
      2.6,
      4.0,
      4.5,
      2.0,
      4.2,
      2.6,
      3.1,
      3.7,
      10.2,
      3.5,
      4.4,
      8.3,
      4.0,
      1.2,
      0.45,
      0.28,
      1.7,
      8.9,
      18.5,
      0.95,
      19.2,
      0.07,
      7.4,
      3.9,
      5.9,
      6.7,
      0.35,
      35.3,
      12.6,
      4.7,
      8.1,
      7.4,
      5.3,
      5.5,
      9.0,
      3.5,
      4.6,
      3.9,
      5.9,
      0.45,
      5.8
    ],
    [
      4.9,
      0.0,
      6.5,
      6.6,
      3.9,
      1.8,
      6.4,
      6.4,
      4.0,
      4.8,
      16.1,
      7.2,
      3.7,
      7.8,
      0.65,
      4.7,
      1.4,
      6.4,
      4.8,
      5.4,
      7.2,
      5.3,
      8.1,
      6.3,
      1.8,
      4.5,
      4.8,
      4.6,
      4.2,
      6.7,
      21.9,
      5.0,
      16.5,
      5.4,
      8.7,
      7.7,
      0.22,
      3.7,
      4.7,
      33.1,
      10.4,
      1.8,
      12.2,
      8.7,
      1.5,
      1.8,
      6.1,
      5.2,
      6.4,
      1.6,
      2.2,
      4.8,
      2.1
    ],
    [
      8.5,
      6.5,
      0.0,
      0.079,
      7.1,
      5.0,
      0.033,
      0.084,
      3.3,
      8.5,
      20.8,
      7.2,
      6.3,
      7.0,
      6.1,
      7.3,
      6.0,
      11.4,
      5.4,
      4.5,
      5.6,
      4.7,
      7.3,
      0.17,
      5.6,
      8.2,
      8.3,
      8.2,
      7.9,
      0.8,
      20.6,
      8.7,
      21.3,
      8.2,
      4.8,
      6.9,
      7.7,
      4.7,
      8.2,
      28.5,
      5.8,
      5.8,
      9.1,
      4.8,
      7.4,
      7.6,
      3.1,
      5.0,
      10.7,
      5.6,
      8.1,
      8.3,
      8.0
    ],
    [
      8.5,
      6.6,
      0.079,
      0.0,
      7.2,
      5.1,
      0.11,
      0.16,
      3.4,
      8.5,
      20.3,
      7.3,
      6.4,
      7.1,
      6.2,
      7.4,
      6.1,
      11.4,
      5.5,
      4.6,
      5.0,
      4.8,
      7.4,
      0.25,
      5.7,
      8.2,
      8.4,
      8.2,
      8.0,
      0.9,
      20.0,
      8.7,
      20.7,
      8.3,
      4.3,
      7.0,
      7.7,
      4.8,
      8.3,
      28.0,
      5.3,
      5.9,
      9.2,
      4.3,
      7.5,
      7.7,
      3.2,
      5.1,
      10.8,
      5.7,
      8.1,
      8.4,
      8.0
    ],
    [
      2.3,
      3.9,
      7.1,
      7.2,
      0.0,
      1.9,
      7.1,
      7.0,
      4.6,
      2.5,
      17.3,
      4.7,
      1.0,
      5.3,
      3.1,
      1.1,
      2.7,
      4.0,
      1.7,
      2.3,
      8.8,
      2.2,
      5.7,
      6.9,
      2.5,
      2.0,
      2.2,
      2.0,
      1.8,
      7.3,
      17.0,
      2.8,
      17.7,
      2.1,
      5.9,
      5.2,
      4.4,
      5.3,
      2.0,
      33.7,
      11.0,
      3.0,
      9.4,
      5.9,
      3.8,
      4.1,
      6.7,
      2.1,
      7.2,
      2.4,
      4.5,
      2.2,
      4.4
    ],
    [
      3.5,
      1.8,
      5.0,
      5.1,
      1.9,
      0.0,
      5.2,
      5.1,
      2.7,
      3.5,
      19.3,
      5.9,
      1.8,
      6.5,
      1.1,
      2.8,
      1.3,
      5.1,
      2.9,
      3.5,
      6.8,
      3.4,
      6.8,
      5.0,
      0.55,
      3.2,
      3.5,
      3.3,
      2.9,
      5.4,
      19.1,
      3.7,
      19.8,
      4.1,
      7.4,
      6.4,
      2.4,
      3.3,
      3.4,
      31.8,
      9.1,
      0.6,
      10.9,
      7.4,
      2.4,
      2.6,
      4.9,
      3.3,
      5.7,
      0.45,
      3.0,
      3.5,
      2.9
    ],
    [
      8.4,
      6.4,
      0.033,
      0.11,
      7.1,
      5.2,
      0.0,
      0.051,
      3.3,
      8.4,
      20.8,
      7.2,
      6.2,
      7.0,
      6.1,
      7.2,
      6.0,
      11.3,
      5.4,
      4.5,
      5.5,
      4.7,
      7.3,
      0.14,
      5.6,
      8.1,
      8.3,
      8.1,
      7.9,
      0.8,
      20.5,
      8.6,
      21.2,
      8.2,
      4.8,
      6.9,
      7.6,
      4.7,
      8.2,
      28.5,
      5.8,
      5.8,
      9.1,
      4.8,
      7.4,
      7.6,
      3.1,
      5.0,
      10.7,
      5.5,
      8.0,
      8.3,
      7.9
    ],
    [
      8.4,
      6.4,
      0.084,
      0.16,
      7.0,
      5.1,
      0.051,
      0.0,
      3.2,
      8.4,
      20.7,
      7.1,
      6.2,
      6.9,
      6.0,
      7.2,
      5.9,
      11.3,
      5.3,
      4.4,
      5.5,
      4.7,
      7.3,
      0.085,
      5.5,
      8.1,
      8.2,
      8.1,
      7.8,
      0.85,
      20.5,
      8.6,
      21.2,
      8.2,
      4.7,
      6.8,
      7.6,
      4.6,
      8.1,
      28.4,
      5.7,
      5.7,
      9.1,
      4.7,
      7.3,
      7.5,
      3.0,
      4.9,
      10.6,
      5.5,
      8.0,
      8.2,
      7.9
    ],
    [
      6.2,
      4.0,
      3.3,
      3.4,
      4.6,
      2.7,
      3.3,
      3.2,
      0.0,
      5.8,
      17.8,
      7.4,
      3.6,
      7.2,
      3.6,
      4.6,
      3.3,
      7.4,
      4.7,
      3.2,
      7.3,
      2.5,
      7.5,
      3.5,
      2.9,
      5.5,
      5.6,
      5.5,
      5.2,
      3.9,
      17.6,
      6.0,
      18.3,
      5.6,
      5.9,
      7.1,
      4.4,
      1.5,
      5.5,
      30.2,
      7.5,
      3.1,
      9.3,
      5.8,
      4.9,
      5.1,
      3.3,
      5.2,
      10.1,
      2.9,
      6.0,
      5.6,
      5.9
    ],
    [
      0.85,
      4.8,
      8.5,
      8.5,
      2.5,
      3.5,
      8.4,
      8.4,
      5.8,
      0.0,
      20.9,
      4.2,
      3.3,
      4.7,
      5.0,
      2.5,
      7.4,
      3.4,
      3.8,
      4.4,
      14.0,
      4.2,
      5.1,
      9.0,
      4.5,
      2.5,
      0.35,
      0.55,
      2.2,
      10.8,
      20.7,
      0.11,
      21.4,
      0.8,
      8.2,
      4.7,
      6.4,
      7.2,
      0.5,
      36.9,
      14.2,
      5.2,
      8.8,
      8.1,
      8.6,
      7.8,
      9.7,
      5.8,
      3.6,
      4.4,
      8.2,
      0.4,
      8.1
    ],
    [
      18.8,
      16.1,
      20.8,
      20.3,
      17.3,
      19.3,
      20.8,
      20.7,
      17.8,
      20.9,
      0.0,
      17.3,
      15.7,
      17.1,
      13.4,
      16.7,
      14.8,
      19.8,
      15.5,
      14.6,
      12.0,
      14.9,
      17.5,
      12.4,
      15.2,
      17.9,
      18.2,
      18.0,
      17.6,
      12.8,
      0.23,
      18.4,
      0.55,
      17.7,
      14.8,
      17.0,
      14.1,
      17.3,
      18.1,
      24.2,
      13.3,
      14.4,
      19.3,
      14.7,
      14.6,
      14.9,
      11.4,
      15.2,
      19.6,
      15.0,
      20.2,
      18.2,
      20.2
    ],
    [
      3.4,
      7.2,
      7.2,
      7.3,
      4.7,
      5.9,
      7.2,
      7.1,
      7.4,
      4.2,
      17.3,
      0.0,
      5.3,
      4.9,
      6.5,
      2.5,
      10.2,
      1.8,
      2.4,
      2.8,
      14.5,
      3.0,
      5.2,
      7.6,
      6.0,
      4.8,
      5.0,
      4.8,
      4.6,
      9.4,
      29.1,
      5.2,
      29.8,
      4.3,
      6.8,
      4.8,
      11.9,
      8.9,
      4.9,
      37.4,
      12.8,
      10.0,
      6.2,
      6.8,
      7.8,
      11.8,
      8.3,
      2.0,
      4.7,
      5.8,
      12.2,
      5.0,
      12.1
    ],
    [
      2.6,
      3.7,
      6.3,
      6.4,
      1.0,
      1.8,
      6.2,
      6.2,
      3.6,
      3.3,
      15.7,
      5.3,
      0.0,
      7.1,
      3.4,
      1.9,
      3.1,
      5.8,
      2.0,
      2.6,
      9.1,
      2.5,
      7.5,
      7.3,
      2.9,
      3.8,
      3.0,
      2.8,
      3.6,
      7.7,
      17.4,
      3.6,
      18.1,
      2.9,
      6.2,
      7.1,
      4.7,
      5.6,
      2.8,
      34.0,
      11.4,
      3.4,
      11.2,
      6.2,
      4.2,
      4.4,
      7.1,
      2.4,
      6.2,
      2.7,
      4.9,
      3.0,
      4.8
    ],
    [
      4.0,
      7.8,
      7.0,
      7.1,
      5.3,
      6.5,
      7.0,
      6.9,
      7.2,
      4.7,
      17.1,
      4.9,
      7.1,
      0.0,
      7.8,
      3.9,
      7.7,
      7.4,
      2.3,
      2.7,
      10.1,
      2.9,
      0.35,
      5.2,
      7.3,
      4.8,
      4.9,
      4.8,
      4.5,
      6.9,
      16.6,
      5.5,
      17.3,
      4.8,
      4.3,
      0.074,
      9.4,
      6.5,
      4.8,
      33.1,
      10.4,
      7.5,
      5.2,
      4.3,
      9.1,
      9.3,
      5.9,
      1.9,
      7.5,
      7.2,
      9.7,
      4.9,
      9.6
    ],
    [
      4.5,
      0.65,
      6.1,
      6.2,
      3.1,
      1.1,
      6.1,
      6.0,
      3.6,
      5.0,
      13.4,
      6.5,
      3.4,
      7.8,
      0.0,
      5.2,
      3.1,
      7.5,
      5.3,
      5.9,
      5.7,
      5.7,
      9.2,
      6.7,
      3.5,
      5.5,
      6.5,
      6.3,
      5.3,
      7.1,
      18.0,
      6.7,
      18.7,
      6.4,
      9.1,
      8.8,
      0.45,
      2.2,
      6.4,
      30.4,
      10.7,
      2.8,
      12.5,
      8.7,
      3.1,
      3.3,
      6.5,
      5.6,
      8.1,
      3.3,
      4.0,
      6.5,
      3.9
    ],
    [
      2.0,
      4.7,
      7.3,
      7.4,
      1.1,
      2.8,
      7.2,
      7.2,
      4.6,
      2.5,
      16.7,
      2.5,
      1.9,
      3.9,
      5.2,
      0.0,
      3.3,
      2.8,
      2.2,
      2.8,
      9.3,
      2.7,
      4.6,
      8.5,
      3.1,
      0.8,
      2.1,
      1.9,
      0.75,
      7.9,
      17.6,
      2.7,
      18.3,
      1.8,
      7.6,
      4.1,
      4.9,
      5.8,
      2.0,
      36.4,
      11.6,
      3.6,
      8.3,
      7.6,
      4.4,
      4.6,
      9.2,
      1.7,
      5.0,
      2.9,
      5.0,
      2.1,
      4.9
    ],
    [
      4.2,
      1.4,
      6.0,
      6.1,
      2.7,
      1.3,
      6.0,
      5.9,
      3.3,
      7.4,
      14.8,
      10.2,
      3.1,
      7.7,
      3.1,
      3.3,
      0.0,
      5.6,
      3.4,
      4.0,
      7.1,
      3.8,
      7.3,
      5.4,
      0.9,
      3.6,
      4.3,
      4.2,
      3.4,
      5.8,
      19.4,
      4.1,
      20.1,
      4.5,
      7.8,
      6.9,
      2.8,
      3.6,
      4.2,
      32.2,
      9.5,
      0.16,
      11.0,
      7.8,
      2.7,
      2.9,
      5.3,
      3.8,
      5.5,
      0.0,
      3.4,
      4.3,
      3.3
    ],
    [
      2.6,
      6.4,
      11.4,
      11.4,
      4.0,
      5.1,
      11.3,
      11.3,
      7.4,
      3.4,
      19.8,
      1.8,
      5.8,
      7.4,
      7.5,
      2.8,
      5.6,
      0.0,
      3.9,
      4.3,
      11.7,
      4.5,
      2.8,
      6.7,
      8.9,
      6.4,
      6.5,
      6.3,
      6.1,
      8.5,
      18.4,
      7.1,
      19.1,
      6.4,
      5.9,
      2.4,
      11.0,
      8.0,
      6.4,
      34.6,
      11.9,
      9.1,
      6.5,
      5.9,
      10.7,
      10.9,
      7.5,
      3.5,
      8.9,
      8.8,
      11.3,
      6.5,
      11.2
    ],
    [
      3.1,
      4.8,
      5.4,
      5.5,
      1.7,
      2.9,
      5.4,
      5.3,
      4.7,
      3.8,
      15.5,
      2.4,
      2.0,
      2.3,
      5.3,
      2.2,
      3.4,
      3.9,
      0.0,
      0.85,
      10.0,
      1.1,
      4.3,
      5.0,
      4.4,
      3.2,
      3.4,
      3.2,
      3.0,
      6.8,
      16.4,
      4.0,
      17.4,
      3.3,
      4.2,
      1.9,
      6.2,
      6.3,
      3.3,
      32.9,
      10.2,
      4.6,
      6.1,
      4.1,
      5.7,
      5.9,
      5.7,
      0.24,
      6.3,
      4.2,
      6.3,
      3.4,
      6.2
    ],
    [
      3.7,
      5.4,
      4.5,
      4.6,
      2.3,
      3.5,
      4.5,
      4.4,
      3.2,
      4.4,
      14.6,
      2.8,
      2.6,
      2.7,
      5.9,
      2.8,
      4.0,
      4.3,
      0.85,
      0.0,
      9.3,
      0.23,
      5.1,
      4.4,
      3.9,
      3.7,
      3.9,
      3.7,
      3.4,
      4.8,
      16.0,
      4.5,
      16.7,
      3.8,
      3.5,
      4.6,
      5.7,
      5.3,
      3.7,
      32.3,
      9.6,
      4.1,
      7.3,
      3.5,
      5.7,
      5.9,
      5.1,
      1.0,
      6.7,
      3.8,
      6.3,
      3.8,
      6.2
    ],
    [
      10.2,
      7.2,
      5.6,
      5.0,
      8.8,
      6.8,
      5.5,
      5.5,
      7.3,
      14.0,
      12.0,
      14.5,
      9.1,
      10.1,
      5.7,
      9.3,
      7.1,
      11.7,
      10.0,
      9.3,
      0.0,
      7.3,
      9.9,
      4.8,
      6.8,
      9.8,
      10.1,
      9.9,
      9.5,
      5.2,
      18.9,
      10.3,
      19.6,
      10.8,
      7.2,
      9.5,
      7.0,
      4.1,
      11.0,
      26.8,
      5.4,
      7.2,
      11.7,
      7.2,
      7.5,
      7.8,
      3.8,
      7.6,
      12.5,
      7.9,
      8.0,
      10.1,
      7.9
    ],
    [
      3.5,
      5.3,
      4.7,
      4.8,
      2.2,
      3.4,
      4.7,
      4.7,
      2.5,
      4.2,
      14.9,
      3.0,
      2.5,
      2.9,
      5.7,
      2.7,
      3.8,
      4.5,
      1.1,
      0.23,
      7.3,
      0.0,
      5.3,
      4.6,
      3.7,
      3.5,
      3.7,
      3.5,
      3.3,
      5.0,
      16.2,
      4.3,
      17.0,
      3.6,
      3.7,
      4.8,
      5.5,
      4.9,
      3.5,
      31.7,
      9.0,
      3.9,
      7.1,
      3.7,
      5.5,
      5.7,
      4.8,
      1.3,
      6.6,
      3.7,
      6.1,
      3.7,
      6.1
    ],
    [
      4.4,
      8.1,
      7.3,
      7.4,
      5.7,
      6.8,
      7.3,
      7.3,
      7.5,
      5.1,
      17.5,
      5.2,
      7.5,
      0.35,
      9.2,
      4.6,
      7.3,
      2.8,
      4.3,
      5.1,
      9.9,
      5.3,
      0.0,
      5.5,
      7.6,
      5.1,
      5.3,
      5.1,
      4.9,
      7.3,
      17.2,
      5.9,
      17.9,
      5.2,
      4.7,
      0.45,
      9.5,
      6.8,
      5.2,
      33.4,
      10.7,
      7.9,
      5.5,
      4.6,
      9.4,
      9.7,
      6.2,
      2.3,
      7.9,
      7.6,
      10.1,
      5.3,
      10.0
    ],
    [
      8.3,
      6.3,
      0.17,
      0.25,
      6.9,
      5.0,
      0.14,
      0.085,
      3.5,
      9.0,
      12.4,
      7.6,
      7.3,
      5.2,
      6.7,
      8.5,
      5.4,
      6.7,
      5.0,
      4.4,
      4.8,
      4.6,
      5.5,
      0.0,
      5.4,
      8.0,
      8.2,
      8.0,
      7.8,
      0.65,
      18.9,
      8.5,
      19.6,
      8.1,
      4.7,
      6.7,
      7.3,
      4.5,
      8.0,
      28.3,
      5.6,
      5.7,
      9.0,
      4.6,
      7.2,
      7.5,
      2.9,
      4.9,
      10.7,
      5.4,
      7.9,
      8.1,
      7.8
    ],
    [
      4.0,
      1.8,
      5.6,
      5.7,
      2.5,
      0.55,
      5.6,
      5.5,
      2.9,
      4.5,
      15.2,
      6.0,
      2.9,
      7.3,
      3.5,
      3.1,
      0.9,
      8.9,
      4.4,
      3.9,
      6.8,
      3.7,
      7.6,
      5.4,
      0.0,
      4.4,
      5.1,
      4.9,
      4.1,
      5.9,
      14.8,
      5.2,
      15.5,
      5.3,
      7.9,
      7.6,
      1.8,
      2.7,
      4.9,
      32.3,
      9.6,
      1.7,
      11.8,
      7.9,
      1.8,
      2.0,
      5.3,
      4.5,
      6.5,
      1.8,
      2.5,
      5.1,
      2.4
    ],
    [
      1.2,
      4.5,
      8.2,
      8.2,
      2.0,
      3.2,
      8.1,
      8.1,
      5.5,
      2.5,
      17.9,
      4.8,
      3.8,
      4.8,
      5.5,
      0.8,
      3.6,
      6.4,
      3.2,
      3.7,
      9.8,
      3.5,
      5.1,
      8.0,
      4.4,
      0.0,
      1.9,
      1.7,
      0.35,
      9.7,
      19.6,
      2.3,
      20.3,
      1.2,
      7.0,
      3.5,
      6.8,
      9.2,
      1.7,
      35.8,
      13.1,
      5.6,
      7.7,
      7.0,
      6.2,
      6.5,
      8.6,
      4.7,
      5.5,
      4.8,
      6.9,
      1.8,
      6.8
    ],
    [
      0.45,
      4.8,
      8.3,
      8.4,
      2.2,
      3.5,
      8.3,
      8.2,
      5.6,
      0.35,
      18.2,
      5.0,
      3.0,
      4.9,
      6.5,
      2.1,
      4.3,
      6.5,
      3.4,
      3.9,
      10.1,
      3.7,
      5.3,
      8.2,
      5.1,
      1.9,
      0.0,
      0.18,
      1.8,
      9.1,
      18.9,
      0.5,
      19.6,
      0.55,
      8.5,
      5.0,
      6.0,
      6.9,
      0.12,
      35.4,
      12.7,
      4.8,
      9.2,
      8.5,
      5.4,
      5.6,
      10.1,
      3.6,
      3.8,
      4.0,
      6.1,
      0.018,
      6.0
    ],
    [
      0.28,
      4.6,
      8.2,
      8.2,
      2.0,
      3.3,
      8.1,
      8.1,
      5.5,
      0.55,
      18.0,
      4.8,
      2.8,
      4.8,
      6.3,
      1.9,
      4.2,
      6.3,
      3.2,
      3.7,
      9.9,
      3.5,
      5.1,
      8.0,
      4.9,
      1.7,
      0.18,
      0.0,
      1.7,
      8.9,
      18.7,
      0.65,
      19.4,
      0.35,
      8.7,
      5.2,
      5.8,
      6.7,
      0.053,
      35.2,
      12.6,
      4.6,
      9.3,
      8.6,
      5.2,
      5.5,
      10.2,
      3.4,
      4.0,
      3.8,
      5.9,
      0.16,
      5.8
    ],
    [
      1.7,
      4.2,
      7.9,
      8.0,
      1.8,
      2.9,
      7.9,
      7.8,
      5.2,
      2.2,
      17.6,
      4.6,
      3.6,
      4.5,
      5.3,
      0.75,
      3.4,
      6.1,
      3.0,
      3.4,
      9.5,
      3.3,
      4.9,
      7.8,
      4.1,
      0.35,
      1.8,
      1.7,
      0.0,
      10.0,
      19.6,
      2.4,
      20.3,
      1.3,
      7.1,
      3.6,
      6.9,
      9.3,
      1.8,
      35.9,
      13.2,
      5.7,
      7.8,
      7.1,
      6.3,
      6.5,
      8.7,
      4.7,
      5.3,
      4.9,
      7.0,
      1.9,
      6.9
    ],
    [
      8.9,
      6.7,
      0.8,
      0.9,
      7.3,
      5.4,
      0.8,
      0.85,
      3.9,
      10.8,
      12.8,
      9.4,
      7.7,
      6.9,
      7.1,
      7.9,
      5.8,
      8.5,
      6.8,
      4.8,
      5.2,
      5.0,
      7.3,
      0.65,
      5.9,
      9.7,
      9.1,
      8.9,
      10.0,
      0.0,
      13.5,
      8.1,
      14.2,
      7.7,
      4.0,
      6.3,
      7.1,
      4.1,
      6.7,
      28.5,
      5.8,
      5.2,
      8.6,
      4.0,
      6.8,
      7.0,
      2.5,
      4.4,
      10.3,
      5.0,
      7.5,
      6.8,
      7.4
    ],
    [
      18.5,
      21.9,
      20.6,
      20.0,
      17.0,
      19.1,
      20.5,
      20.5,
      17.6,
      20.7,
      0.23,
      29.1,
      17.4,
      16.6,
      18.0,
      17.6,
      19.4,
      18.4,
      16.4,
      16.0,
      18.9,
      16.2,
      17.2,
      18.9,
      14.8,
      19.6,
      18.9,
      18.7,
      19.6,
      13.5,
      0.0,
      25.5,
      0.7,
      17.9,
      16.8,
      21.4,
      21.6,
      17.1,
      17.9,
      24.0,
      13.0,
      14.5,
      23.6,
      16.8,
      20.4,
      20.4,
      11.2,
      19.5,
      26.2,
      14.8,
      20.0,
      18.2,
      19.9
    ],
    [
      0.95,
      5.0,
      8.7,
      8.7,
      2.8,
      3.7,
      8.6,
      8.6,
      6.0,
      0.11,
      18.4,
      5.2,
      3.6,
      5.5,
      6.7,
      2.7,
      4.1,
      7.1,
      4.0,
      4.5,
      10.3,
      4.3,
      5.9,
      8.5,
      5.2,
      2.3,
      0.5,
      0.65,
      2.4,
      8.1,
      25.5,
      0.0,
      21.3,
      0.95,
      8.0,
      4.5,
      6.5,
      10.2,
      0.6,
      36.8,
      14.1,
      5.3,
      8.7,
      8.0,
      5.9,
      7.8,
      9.6,
      5.7,
      3.6,
      4.5,
      8.2,
      0.5,
      8.1
    ],
    [
      19.2,
      16.5,
      21.3,
      20.7,
      17.7,
      19.8,
      21.2,
      21.2,
      18.3,
      21.4,
      0.55,
      29.8,
      18.1,
      17.3,
      18.7,
      18.3,
      20.1,
      19.1,
      17.4,
      16.7,
      19.6,
      17.0,
      17.9,
      19.6,
      15.5,
      20.3,
      19.6,
      19.4,
      20.3,
      14.2,
      0.7,
      21.3,
      0.0,
      18.9,
      17.5,
      22.1,
      22.3,
      17.8,
      18.8,
      24.7,
      13.7,
      15.2,
      24.3,
      17.5,
      21.1,
      21.1,
      12.1,
      20.2,
      34.4,
      15.7,
      20.7,
      26.0,
      20.6
    ],
    [
      0.07,
      5.4,
      8.2,
      8.3,
      2.1,
      4.1,
      8.2,
      8.2,
      5.6,
      0.8,
      17.7,
      4.3,
      2.9,
      4.8,
      6.4,
      1.8,
      4.5,
      6.4,
      3.3,
      3.8,
      10.8,
      3.6,
      5.2,
      8.1,
      5.3,
      1.2,
      0.55,
      0.35,
      1.3,
      7.7,
      17.9,
      0.95,
      18.9,
      0.0,
      7.4,
      3.9,
      5.9,
      6.8,
      0.4,
      36.1,
      13.4,
      4.7,
      8.0,
      7.4,
      5.3,
      5.6,
      9.0,
      3.5,
      4.6,
      3.9,
      6.0,
      0.5,
      5.9
    ],
    [
      7.4,
      8.7,
      4.8,
      4.3,
      5.9,
      7.4,
      4.8,
      4.7,
      5.9,
      8.2,
      14.8,
      6.8,
      6.2,
      4.3,
      9.1,
      7.6,
      7.8,
      5.9,
      4.2,
      3.5,
      7.2,
      3.7,
      4.7,
      4.7,
      7.9,
      7.0,
      8.5,
      8.7,
      7.1,
      4.0,
      16.8,
      8.0,
      17.5,
      7.4,
      0.0,
      6.1,
      9.4,
      6.6,
      7.1,
      28.8,
      6.1,
      7.6,
      8.3,
      1.5,
      9.2,
      9.4,
      4.9,
      4.2,
      10.8,
      7.4,
      9.8,
      7.2,
      9.8
    ],
    [
      3.9,
      7.7,
      6.9,
      7.0,
      5.2,
      6.4,
      6.9,
      6.8,
      7.1,
      4.7,
      17.0,
      4.8,
      7.1,
      0.074,
      8.8,
      4.1,
      6.9,
      2.4,
      1.9,
      4.6,
      9.5,
      4.8,
      0.45,
      6.7,
      7.6,
      3.5,
      5.0,
      5.2,
      3.6,
      6.3,
      21.4,
      4.5,
      22.1,
      3.9,
      6.1,
      0.0,
      9.3,
      6.4,
      4.7,
      33.0,
      10.3,
      7.4,
      5.1,
      4.2,
      9.0,
      9.2,
      5.8,
      1.8,
      7.5,
      7.2,
      9.7,
      4.8,
      9.6
    ],
    [
      5.9,
      0.22,
      7.7,
      7.7,
      4.4,
      2.4,
      7.6,
      7.6,
      4.4,
      6.4,
      14.1,
      11.9,
      4.7,
      9.4,
      0.45,
      4.9,
      2.8,
      11.0,
      6.2,
      5.7,
      7.0,
      5.5,
      9.5,
      7.3,
      1.8,
      6.8,
      6.0,
      5.8,
      6.9,
      7.1,
      21.6,
      6.5,
      22.3,
      5.9,
      9.4,
      9.3,
      0.0,
      2.7,
      4.9,
      32.2,
      9.5,
      1.6,
      12.2,
      7.9,
      1.8,
      2.1,
      5.3,
      4.5,
      6.5,
      1.9,
      2.5,
      5.0,
      2.4
    ],
    [
      6.7,
      3.7,
      4.7,
      4.8,
      5.3,
      3.3,
      4.7,
      4.6,
      1.5,
      7.2,
      17.3,
      8.9,
      5.6,
      6.5,
      2.2,
      5.8,
      3.6,
      8.0,
      6.3,
      5.3,
      4.1,
      4.9,
      6.8,
      4.5,
      2.7,
      9.2,
      6.9,
      6.7,
      9.3,
      4.1,
      17.1,
      10.2,
      17.8,
      6.8,
      6.6,
      6.4,
      2.7,
      0.0,
      6.8,
      28.7,
      8.9,
      4.0,
      10.7,
      7.0,
      4.2,
      4.5,
      4.6,
      6.8,
      8.9,
      4.3,
      4.9,
      6.9,
      4.8
    ],
    [
      0.35,
      4.7,
      8.2,
      8.3,
      2.0,
      3.4,
      8.2,
      8.1,
      5.5,
      0.5,
      18.1,
      4.9,
      2.8,
      4.8,
      6.4,
      2.0,
      4.2,
      6.4,
      3.3,
      3.7,
      11.0,
      3.5,
      5.2,
      8.0,
      4.9,
      1.7,
      0.12,
      0.053,
      1.8,
      6.7,
      17.9,
      0.6,
      18.8,
      0.4,
      7.1,
      4.7,
      4.9,
      6.8,
      0.0,
      35.3,
      12.6,
      4.7,
      9.4,
      8.7,
      5.3,
      5.5,
      8.4,
      3.5,
      3.9,
      3.9,
      5.9,
      0.11,
      5.9
    ],
    [
      35.3,
      33.1,
      28.5,
      28.0,
      33.7,
      31.8,
      28.5,
      28.4,
      30.2,
      36.9,
      24.2,
      37.4,
      34.0,
      33.1,
      30.4,
      36.4,
      32.2,
      34.6,
      32.9,
      32.3,
      26.8,
      31.7,
      33.4,
      28.3,
      32.3,
      35.8,
      35.4,
      35.2,
      35.9,
      28.5,
      24.0,
      36.8,
      24.7,
      36.1,
      28.8,
      33.0,
      32.2,
      28.7,
      35.3,
      0.0,
      26.1,
      32.1,
      36.7,
      29.9,
      32.4,
      32.8,
      28.9,
      32.6,
      37.7,
      33.0,
      33.1,
      34.1,
      33.0
    ],
    [
      12.6,
      10.4,
      5.8,
      5.3,
      11.0,
      9.1,
      5.8,
      5.7,
      7.5,
      14.2,
      13.3,
      12.8,
      11.4,
      10.4,
      10.7,
      11.6,
      9.5,
      11.9,
      10.2,
      9.6,
      5.4,
      9.0,
      10.7,
      5.6,
      9.6,
      13.1,
      12.7,
      12.6,
      13.2,
      5.8,
      13.0,
      14.1,
      13.7,
      13.4,
      6.1,
      10.3,
      9.5,
      8.9,
      12.6,
      26.1,
      0.0,
      6.3,
      10.6,
      3.8,
      7.9,
      8.1,
      3.6,
      6.4,
      11.4,
      6.1,
      8.6,
      7.9,
      8.5
    ],
    [
      4.7,
      1.8,
      5.8,
      5.9,
      3.0,
      0.6,
      5.8,
      5.7,
      3.1,
      5.2,
      14.4,
      10.0,
      3.4,
      7.5,
      2.8,
      3.6,
      0.16,
      9.1,
      4.6,
      4.1,
      7.2,
      3.9,
      7.9,
      5.7,
      1.7,
      5.6,
      4.8,
      4.6,
      5.7,
      5.2,
      14.5,
      5.3,
      15.2,
      4.7,
      7.6,
      7.4,
      1.6,
      4.0,
      4.7,
      32.1,
      6.3,
      0.0,
      11.2,
      8.0,
      2.9,
      3.1,
      5.4,
      3.9,
      5.6,
      0.16,
      3.6,
      4.5,
      3.5
    ],
    [
      8.1,
      12.2,
      9.1,
      9.2,
      9.4,
      10.9,
      9.1,
      9.1,
      9.3,
      8.8,
      19.3,
      6.2,
      11.2,
      5.2,
      12.5,
      8.3,
      11.0,
      6.5,
      6.1,
      7.3,
      11.7,
      7.1,
      5.5,
      9.0,
      11.8,
      7.7,
      9.2,
      9.3,
      7.8,
      8.6,
      23.6,
      8.7,
      24.3,
      8.0,
      8.3,
      5.1,
      12.2,
      10.7,
      9.4,
      36.7,
      10.6,
      11.2,
      0.0,
      9.3,
      14.0,
      14.3,
      10.8,
      6.9,
      10.3,
      12.2,
      14.7,
      9.9,
      14.6
    ],
    [
      7.4,
      8.7,
      4.8,
      4.3,
      5.9,
      7.4,
      4.8,
      4.7,
      5.8,
      8.1,
      14.7,
      6.8,
      6.2,
      4.3,
      8.7,
      7.6,
      7.8,
      5.9,
      4.1,
      3.5,
      7.2,
      3.7,
      4.6,
      4.6,
      7.9,
      7.0,
      8.5,
      8.6,
      7.1,
      4.0,
      16.8,
      8.0,
      17.5,
      7.4,
      1.5,
      4.2,
      7.9,
      7.0,
      8.7,
      29.9,
      3.8,
      8.0,
      9.3,
      0.0,
      9.8,
      9.4,
      4.9,
      4.2,
      10.7,
      7.4,
      10.4,
      7.2,
      9.8
    ],
    [
      5.3,
      1.5,
      7.4,
      7.5,
      3.8,
      2.4,
      7.4,
      7.3,
      4.9,
      8.6,
      14.6,
      7.8,
      4.2,
      9.1,
      3.1,
      4.4,
      2.7,
      10.7,
      5.7,
      5.7,
      7.5,
      5.5,
      9.4,
      7.2,
      1.8,
      6.2,
      5.4,
      5.2,
      6.3,
      6.8,
      20.4,
      5.9,
      21.1,
      5.3,
      9.2,
      9.0,
      1.8,
      4.2,
      5.3,
      32.4,
      7.9,
      2.9,
      14.0,
      9.8,
      0.0,
      0.45,
      7.3,
      6.5,
      7.8,
      3.2,
      0.7,
      5.8,
      0.6
    ],
    [
      5.5,
      1.8,
      7.6,
      7.7,
      4.1,
      2.6,
      7.6,
      7.5,
      5.1,
      7.8,
      14.9,
      11.8,
      4.4,
      9.3,
      3.3,
      4.6,
      2.9,
      10.9,
      5.9,
      5.9,
      7.8,
      5.7,
      9.7,
      7.5,
      2.0,
      6.5,
      5.6,
      5.5,
      6.5,
      7.0,
      20.4,
      7.8,
      21.1,
      5.6,
      9.4,
      9.2,
      2.1,
      4.5,
      5.5,
      32.8,
      8.1,
      3.1,
      14.3,
      9.4,
      0.45,
      0.0,
      8.4,
      7.5,
      7.5,
      5.0,
      0.35,
      7.4,
      0.3
    ],
    [
      9.0,
      6.1,
      3.1,
      3.2,
      6.7,
      4.9,
      3.1,
      3.0,
      3.3,
      9.7,
      11.4,
      8.3,
      7.1,
      5.9,
      6.5,
      9.2,
      5.3,
      7.5,
      5.7,
      5.1,
      3.8,
      4.8,
      6.2,
      2.9,
      5.3,
      8.6,
      10.1,
      10.2,
      8.7,
      2.5,
      11.2,
      9.6,
      12.1,
      9.0,
      4.9,
      5.8,
      5.3,
      4.6,
      8.4,
      28.9,
      3.6,
      5.4,
      10.8,
      4.9,
      7.3,
      8.4,
      0.0,
      5.4,
      10.2,
      5.0,
      7.5,
      6.8,
      7.4
    ],
    [
      3.5,
      5.2,
      5.0,
      5.1,
      2.1,
      3.3,
      5.0,
      4.9,
      5.2,
      5.8,
      15.2,
      2.0,
      2.4,
      1.9,
      5.6,
      1.7,
      3.8,
      3.5,
      0.24,
      1.0,
      7.6,
      1.3,
      2.3,
      4.9,
      4.5,
      4.7,
      3.6,
      3.4,
      4.7,
      4.4,
      19.5,
      5.7,
      20.2,
      3.5,
      4.2,
      1.8,
      4.5,
      6.8,
      3.5,
      32.6,
      6.4,
      3.9,
      6.9,
      4.2,
      6.5,
      7.5,
      5.4,
      0.0,
      5.9,
      3.8,
      6.0,
      3.0,
      5.9
    ],
    [
      4.6,
      6.4,
      10.7,
      10.8,
      7.2,
      5.7,
      10.7,
      10.6,
      10.1,
      3.6,
      19.6,
      4.7,
      6.2,
      7.5,
      8.1,
      5.0,
      5.5,
      8.9,
      6.3,
      6.7,
      12.5,
      6.6,
      7.9,
      10.7,
      6.5,
      5.5,
      3.8,
      4.0,
      5.3,
      10.3,
      26.2,
      3.6,
      34.4,
      4.6,
      10.8,
      7.5,
      6.5,
      8.9,
      3.9,
      37.7,
      11.4,
      5.6,
      10.3,
      10.7,
      7.8,
      7.5,
      10.2,
      5.9,
      0.0,
      7.9,
      8.5,
      6.4,
      8.5
    ],
    [
      3.9,
      1.6,
      5.6,
      5.7,
      2.4,
      0.45,
      5.5,
      5.5,
      2.9,
      4.4,
      15.0,
      5.8,
      2.7,
      7.2,
      3.3,
      2.9,
      0.0,
      8.8,
      4.2,
      3.8,
      7.9,
      3.7,
      7.6,
      5.4,
      1.8,
      4.8,
      4.0,
      3.8,
      4.9,
      5.0,
      14.8,
      4.5,
      15.7,
      3.9,
      7.4,
      7.2,
      1.9,
      4.3,
      3.9,
      33.0,
      6.1,
      0.16,
      12.2,
      7.4,
      3.2,
      5.0,
      5.0,
      3.8,
      7.9,
      0.0,
      3.1,
      4.3,
      3.1
    ],
    [
      5.9,
      2.2,
      8.1,
      8.1,
      4.5,
      3.0,
      8.0,
      8.0,
      6.0,
      8.2,
      20.2,
      12.2,
      4.9,
      9.7,
      4.0,
      5.0,
      3.4,
      11.3,
      6.3,
      6.3,
      8.0,
      6.1,
      10.1,
      7.9,
      2.5,
      6.9,
      6.1,
      5.9,
      7.0,
      7.5,
      20.0,
      8.2,
      20.7,
      6.0,
      9.8,
      9.7,
      2.5,
      4.9,
      5.9,
      33.1,
      8.6,
      3.6,
      14.7,
      10.4,
      0.7,
      0.35,
      7.5,
      6.0,
      8.5,
      3.1,
      0.0,
      6.3,
      0.088
    ],
    [
      0.45,
      4.8,
      8.3,
      8.4,
      2.2,
      3.5,
      8.3,
      8.2,
      5.6,
      0.4,
      18.2,
      5.0,
      3.0,
      4.9,
      6.5,
      2.1,
      4.3,
      6.5,
      3.4,
      3.8,
      10.1,
      3.7,
      5.3,
      8.1,
      5.1,
      1.8,
      0.018,
      0.16,
      1.9,
      6.8,
      18.2,
      0.5,
      26.0,
      0.5,
      7.2,
      4.8,
      5.0,
      6.9,
      0.11,
      34.1,
      7.9,
      4.5,
      9.9,
      7.2,
      5.8,
      7.4,
      6.8,
      3.0,
      6.4,
      4.3,
      6.3,
      0.0,
      6.0
    ],
    [
      5.8,
      2.1,
      8.0,
      8.0,
      4.4,
      2.9,
      7.9,
      7.9,
      5.9,
      8.1,
      20.2,
      12.1,
      4.8,
      9.6,
      3.9,
      4.9,
      3.3,
      11.2,
      6.2,
      6.2,
      7.9,
      6.1,
      10.0,
      7.8,
      2.4,
      6.8,
      6.0,
      5.8,
      6.9,
      7.4,
      19.9,
      8.1,
      20.6,
      5.9,
      9.8,
      9.6,
      2.4,
      4.8,
      5.9,
      33.0,
      8.5,
      3.5,
      14.6,
      9.8,
      0.6,
      0.3,
      7.4,
      5.9,
      8.5,
      3.1,
      0.088,
      6.0,
      0.0
    ]
  ],
  "drive_time_matrix": [
    [
      0.0,
      10.0,
      15.0,
      16.0,
      6.0,
      8.0,
      15.0,
      15.0,
      13.0,
      10.0,
      34.0,
      10.0,
      8.0,
      9.0,
      10.0,
      24.0,
      10.0,
      7.0,
      8.0,
      9.0,
      18.0,
      9.0,
      10.0,
      15.0,
      9.0,
      16.0,
      6.0,
      1.0,
      5.0,
      18.0,
      33.0,
      5.0,
      35.0,
      1.0,
      12.0,
      9.0,
      13.0,
      13.0,
      2.0,
      47.0,
      19.0,
      10.0,
      15.0,
      12.0,
      11.0,
      11.0,
      18.0,
      8.0,
      10.0,
      9.0,
      12.0,
      5.0,
      11.0
    ],
    [
      10.0,
      0.0,
      10.0,
      10.0,
      8.0,
      3.0,
      10.0,
      10.0,
      6.0,
      11.0,
      29.0,
      14.0,
      7.0,
      13.0,
      8.0,
      10.0,
      2.0,
      11.0,
      9.0,
      11.0,
      11.0,
      11.0,
      14.0,
      10.0,
      3.0,
      7.0,
      10.0,
      9.0,
      7.0,
      11.0,
      29.0,
      10.0,
      31.0,
      9.0,
      11.0,
      13.0,
      3.0,
      6.0,
      10.0,
      41.0,
      12.0,
      3.0,
      18.0,
      11.0,
      3.0,
      3.0,
      11.0,
      10.0,
      7.0,
      3.0,
      4.0,
      10.0,
      4.0
    ],
    [
      15.0,
      10.0,
      0.0,
      1.0,
      17.0,
      10.0,
      1.0,
      1.0,
      9.0,
      20.0,
      26.0,
      15.0,
      13.0,
      13.0,
      11.0,
      16.0,
      11.0,
      16.0,
      13.0,
      12.0,
      8.0,
      13.0,
      14.0,
      2.0,
      10.0,
      16.0,
      19.0,
      18.0,
      15.0,
      10.0,
      25.0,
      19.0,
      27.0,
      17.0,
      7.0,
      13.0,
      13.0,
      11.0,
      18.0,
      37.0,
      8.0,
      11.0,
      16.0,
      7.0,
      13.0,
      13.0,
      25.0,
      12.0,
      17.0,
      11.0,
      14.0,
      18.0,
      14.0
    ],
    [
      16.0,
      10.0,
      1.0,
      0.0,
      17.0,
      10.0,
      1.0,
      2.0,
      9.0,
      20.0,
      26.0,
      15.0,
      13.0,
      13.0,
      12.0,
      16.0,
      11.0,
      17.0,
      13.0,
      12.0,
      8.0,
      14.0,
      15.0,
      3.0,
      11.0,
      16.0,
      19.0,
      18.0,
      16.0,
      11.0,
      26.0,
      19.0,
      27.0,
      17.0,
      8.0,
      13.0,
      13.0,
      11.0,
      18.0,
      37.0,
      9.0,
      11.0,
      17.0,
      8.0,
      13.0,
      13.0,
      10.0,
      12.0,
      18.0,
      12.0,
      15.0,
      19.0,
      14.0
    ],
    [
      6.0,
      8.0,
      17.0,
      17.0,
      0.0,
      4.0,
      13.0,
      13.0,
      9.0,
      8.0,
      31.0,
      10.0,
      13.0,
      9.0,
      6.0,
      4.0,
      6.0,
      7.0,
      4.0,
      5.0,
      14.0,
      6.0,
      10.0,
      13.0,
      5.0,
      4.0,
      6.0,
      5.0,
      4.0,
      15.0,
      30.0,
      6.0,
      32.0,
      5.0,
      11.0,
      9.0,
      9.0,
      9.0,
      5.0,
      45.0,
      16.0,
      6.0,
      15.0,
      11.0,
      7.0,
      7.0,
      15.0,
      5.0,
      10.0,
      5.0,
      9.0,
      6.0,
      8.0
    ],
    [
      8.0,
      3.0,
      10.0,
      10.0,
      4.0,
      0.0,
      9.0,
      8.0,
      5.0,
      10.0,
      28.0,
      12.0,
      4.0,
      11.0,
      2.0,
      7.0,
      2.0,
      9.0,
      6.0,
      8.0,
      10.0,
      8.0,
      12.0,
      8.0,
      8.0,
      6.0,
      9.0,
      8.0,
      5.0,
      10.0,
      28.0,
      8.0,
      30.0,
      7.0,
      10.0,
      11.0,
      5.0,
      5.0,
      8.0,
      40.0,
      11.0,
      8.0,
      17.0,
      10.0,
      3.0,
      4.0,
      10.0,
      8.0,
      7.0,
      6.0,
      5.0,
      9.0,
      4.0
    ],
    [
      15.0,
      10.0,
      1.0,
      1.0,
      13.0,
      9.0,
      0.0,
      1.0,
      9.0,
      19.0,
      27.0,
      15.0,
      13.0,
      13.0,
      11.0,
      16.0,
      11.0,
      16.0,
      13.0,
      11.0,
      8.0,
      13.0,
      14.0,
      2.0,
      10.0,
      16.0,
      18.0,
      17.0,
      15.0,
      9.0,
      26.0,
      18.0,
      28.0,
      17.0,
      7.0,
      13.0,
      12.0,
      11.0,
      18.0,
      37.0,
      9.0,
      11.0,
      16.0,
      7.0,
      13.0,
      13.0,
      10.0,
      12.0,
      18.0,
      11.0,
      14.0,
      18.0,
      14.0
    ],
    [
      15.0,
      10.0,
      1.0,
      2.0,
      13.0,
      8.0,
      1.0,
      0.0,
      9.0,
      19.0,
      26.0,
      14.0,
      13.0,
      13.0,
      11.0,
      16.0,
      11.0,
      16.0,
      13.0,
      11.0,
      8.0,
      13.0,
      14.0,
      1.0,
      10.0,
      16.0,
      18.0,
      17.0,
      15.0,
      9.0,
      26.0,
      18.0,
      28.0,
      17.0,
      7.0,
      12.0,
      12.0,
      10.0,
      17.0,
      37.0,
      8.0,
      10.0,
      17.0,
      7.0,
      13.0,
      13.0,
      10.0,
      12.0,
      18.0,
      11.0,
      14.0,
      18.0,
      14.0
    ],
    [
      13.0,
      6.0,
      9.0,
      9.0,
      9.0,
      5.0,
      9.0,
      9.0,
      0.0,
      14.0,
      29.0,
      14.0,
      8.0,
      12.0,
      6.0,
      11.0,
      5.0,
      14.0,
      10.0,
      9.0,
      10.0,
      11.0,
      14.0,
      7.0,
      5.0,
      10.0,
      13.0,
      12.0,
      10.0,
      9.0,
      28.0,
      13.0,
      30.0,
      11.0,
      8.0,
      12.0,
      6.0,
      3.0,
      12.0,
      39.0,
      10.0,
      5.0,
      17.0,
      8.0,
      8.0,
      8.0,
      8.0,
      11.0,
      13.0,
      6.0,
      10.0,
      13.0,
      9.0
    ],
    [
      10.0,
      11.0,
      20.0,
      20.0,
      8.0,
      10.0,
      19.0,
      19.0,
      14.0,
      0.0,
      37.0,
      10.0,
      10.0,
      10.0,
      13.0,
      10.0,
      12.0,
      8.0,
      9.0,
      11.0,
      19.0,
      11.0,
      11.0,
      15.0,
      12.0,
      8.0,
      5.0,
      3.0,
      7.0,
      19.0,
      36.0,
      1.0,
      38.0,
      10.0,
      12.0,
      9.0,
      16.0,
      16.0,
      3.0,
      49.0,
      19.0,
      13.0,
      17.0,
      12.0,
      13.0,
      12.0,
      18.0,
      10.0,
      9.0,
      12.0,
      13.0,
      5.0,
      13.0
    ],
    [
      34.0,
      29.0,
      26.0,
      26.0,
      31.0,
      28.0,
      27.0,
      26.0,
      29.0,
      37.0,
      0.0,
      39.0,
      33.0,
      37.0,
      28.0,
      36.0,
      28.0,
      39.0,
      36.0,
      34.0,
      26.0,
      36.0,
      39.0,
      29.0,
      29.0,
      36.0,
      37.0,
      36.0,
      36.0,
      31.0,
      3.0,
      38.0,
      2.0,
      39.0,
      33.0,
      41.0,
      30.0,
      26.0,
      38.0,
      42.0,
      34.0,
      31.0,
      45.0,
      33.0,
      31.0,
      31.0,
      28.0,
      37.0,
      39.0,
      30.0,
      32.0,
      38.0,
      31.0
    ],
    [
      10.0,
      14.0,
      15.0,
      15.0,
      10.0,
      12.0,
      15.0,
      14.0,
      14.0,
      10.0,
      39.0,
      0.0,
      14.0,
      8.0,
      16.0,
      10.0,
      16.0,
      23.0,
      8.0,
      9.0,
      15.0,
      10.0,
      9.0,
      12.0,
      15.0,
      12.0,
      14.0,
      13.0,
      12.0,
      16.0,
      31.0,
      11.0,
      33.0,
      9.0,
      9.0,
      8.0,
      18.0,
      14.0,
      13.0,
      45.0,
      16.0,
      15.0,
      11.0,
      9.0,
      18.0,
      18.0,
      15.0,
      6.0,
      12.0,
      15.0,
      19.0,
      14.0,
      19.0
    ],
    [
      8.0,
      7.0,
      13.0,
      13.0,
      13.0,
      4.0,
      13.0,
      13.0,
      8.0,
      10.0,
      33.0,
      14.0,
