{
  "drive_dist_matrix": [
    [
      0.0,
      0.29,
      2.0,
      4.7,
      0.5,
      6.5,
      5.8,
      0.24,
      0.45,
      1.9,
      0.8,
      1.0,
      0.75,
      0.7,
      0.85,
      1.6,
      3.7,
      10.7,
      0.6,
      1.6,
      6.0,
      2.0,
      0.55,
      1.9,
      0.12,
      2.2,
      0.9,
      1.2,
      0.95,
      2.3,
      81.0,
      1.8,
      34.0,
      2.9,
      0.85,
      47.3,
      37.9,
      38.0,
      0.55,
      0.8
    ],
    [
      0.29,
      0.0,
      1.2,
      4.4,
      0.35,
      3.9,
      6.0,
      0.5,
      0.17,
      2.1,
      0.65,
      0.2,
      0.13,
      0.95,
      0.5,
      1.8,
      4.0,
      10.4,
      0.8,
      1.8,
      6.2,
      2.3,
      0.6,
      2.1,
      0.4,
      0.45,
      0.75,
      1.4,
      1.0,
      0.35,
      81.2,
      0.65,
      32.6,
      3.1,
      0.7,
      47.5,
      38.2,
      38.2,
      0.29,
      0.75
    ],
    [
      2.0,
      1.2,
      0.0,
      8.3,
      1.4,
      2.4,
      4.0,
      1.2,
      1.3,
      2.8,
      2.7,
      1.4,
      1.3,
      1.6,
      2.9,
      2.6,
      3.9,
      13.9,
      1.1,
      2.6,
      4.2,
      3.0,
      1.3,
      2.9,
      0.8,
      0.9,
      2.0,
      2.1,
      2.1,
      0.85,
      82.3,
      2.2,
      35.0,
      3.9,
      2.8,
      48.6,
      39.2,
      39.3,
      1.5,
      1.8
    ],
    [
      4.7,
      4.4,
      8.3,
      0.0,
      4.8,
      11.1,
      10.4,
      4.8,
      4.4,
      6.1,
      3.8,
      4.3,
      4.2,
      6.1,
      4.1,
      5.8,
      8.3,
      6.5,
      4.7,
      5.8,
      10.6,
      6.2,
      5.1,
      6.1,
      5.6,
      5.5,
      4.2,
      6.4,
      4.3,
      5.6,
      86.3,
      5.2,
      33.1,
      4.0,
      3.6,
      51.8,
      43.2,
      43.3,
      4.3,
      4.3
    ],
    [
      0.5,
      0.35,
      1.4,
      4.8,
      0.0,
      4.4,
      6.2,
      0.7,
      0.55,
      2.2,
      0.85,
      0.13,
      0.3,
      1.1,
      0.9,
      1.9,
      4.1,
      10.9,
      0.95,
      2.0,
      6.3,
      2.4,
      0.85,
      2.2,
      0.65,
      0.7,
      1.4,
      1.6,
      1.4,
      0.6,
      81.3,
      0.6,
      34.4,
      3.3,
      1.2,
      47.6,
      38.3,
      38.3,
      0.042,
      1.1
    ],
    [
      6.5,
      3.9,
      2.4,
      11.1,
      4.4,
      0.0,
      4.4,
      4.1,
      3.8,
      6.2,
      3.9,
      3.3,
      3.6,
      6.0,
      4.2,
      5.9,
      5.2,
      15.1,
      2.5,
      6.0,
      4.6,
      6.4,
      3.0,
      6.2,
      2.7,
      2.7,
      6.6,
      6.2,
      6.7,
      2.7,
      79.6,
      3.9,
      38.3,
      7.3,
      4.1,
      45.8,
      36.5,
      36.6,
      3.3,
      3.0
    ],
    [
      5.8,
      6.0,
      4.0,
      10.4,
      6.2,
      4.4,
      0.0,
      4.3,
      4.7,
      3.8,
      5.0,
      5.2,
      5.0,
      3.5,
      4.4,
      3.5,
      1.4,
      14.9,
      3.4,
      3.5,
      0.4,
      4.0,
      4.2,
      3.8,
      6.0,
      5.9,
      4.2,
      3.8,
      4.3,
      6.0,
      79.4,
      9.3,
      35.9,
      4.8,
      4.8,
      45.7,
      36.3,
      36.4,
      5.2,
      4.2
    ],
    [
      0.24,
      0.5,
      1.2,
      4.8,
      0.7,
      4.1,
      4.3,
      0.0,
      0.4,
      1.7,
      0.9,
      0.7,
      0.7,
      0.55,
      0.4,
      1.4,
      3.6,
      10.7,
      0.4,
      1.4,
      5.8,
      1.9,
      0.18,
      1.7,
      0.4,
      0.45,
      0.65,
      0.75,
      0.7,
      0.35,
      80.8,
      1.8,
      33.8,
      2.7,
      0.65,
      47.1,
      37.8,
      37.8,
      0.75,
      0.5
    ],
    [
      0.45,
      0.17,
      1.3,
      4.4,
      0.55,
      3.8,
      4.7,
      0.4,
      0.0,
      2.2,
      0.5,
      0.4,
      0.22,
      0.95,
      0.35,
      1.9,
      4.1,
      10.3,
      0.8,
      2.0,
      6.3,
      2.4,
      0.55,
      2.2,
      0.45,
      0.5,
      0.6,
      1.6,
      0.65,
      0.4,
      81.3,
      0.85,
      32.5,
      3.3,
      0.55,
      47.6,
      38.3,
      38.3,
      0.5,
      0.6
    ],
    [
      1.9,
      2.1,
      2.8,
      6.1,
      2.2,
      6.2,
      3.8,
      1.7,
      2.2,
      0.0,
      4.8,
      2.5,
      2.3,
      0.9,
      1.7,
      0.4,
      3.1,
      11.8,
      1.0,
      0.35,
      5.3,
      1.0,
      1.5,
      0.7,
      3.8,
      3.7,
      1.6,
      0.5,
      1.0,
      3.8,
      80.3,
      3.4,
      32.9,
      1.8,
      2.2,
      46.6,
      37.3,
      37.3,
      2.5,
      1.0
    ],
    [
      0.8,
      0.65,
      2.7,
      3.8,
      0.85,
      3.9,
      5.0,
      0.9,
      0.5,
      4.8,
      0.0,
      0.75,
      0.55,
      1.6,
      0.65,
      2.5,
      4.6,
      10.0,
      1.5,
      2.5,
      6.9,
      2.9,
      1.0,
      2.8,
      2.0,
      1.9,
      0.85,
      1.5,
      0.8,
      0.85,
      81.9,
      1.5,
      32.2,
      0.85,
      0.27,
      48.2,
      38.8,
      38.9,
      0.8,
      0.85
    ],
    [
      1.0,
      0.2,
      1.4,
      4.3,
      0.13,
      3.3,
      5.2,
      0.7,
      0.4,
      2.5,
      0.75,
      0.0,
      0.17,
      1.3,
      0.75,
      2.2,
      4.3,
      10.5,
      1.2,
      2.2,
      6.6,
      2.6,
      0.85,
      2.5,
      1.3,
      0.7,
      1.0,
      1.6,
      1.0,
      1.3,
      81.6,
      0.6,
      32.7,
      3.5,
      0.8,
      47.8,
      38.5,
      38.6,
      0.091,
      1.0
    ],
    [
      0.75,
      0.13,
      1.3,
      4.2,
      0.3,
      3.6,
      5.0,
      0.7,
      0.22,
      2.3,
      0.55,
      0.17,
      0.0,
      1.0,
      0.55,
      1.9,
      4.1,
      10.5,
      0.9,
      1.9,
      6.3,
      2.4,
      0.7,
      2.2,
      0.5,
      0.55,
      0.8,
      1.5,
      0.85,
      0.45,
      81.3,
      1.7,
      32.7,
      3.3,
      0.6,
      47.6,
      38.3,
      38.3,
      0.27,
      0.8
    ],
    [
      0.7,
      0.95,
      1.6,
      6.1,
      1.1,
      6.0,
      3.5,
      0.55,
      0.95,
      0.9,
      1.6,
      1.3,
      1.0,
      0.0,
      0.8,
      0.85,
      3.0,
      12.2,
      0.21,
      0.9,
      5.3,
      1.3,
      0.45,
      1.2,
      0.9,
      0.95,
      0.6,
      0.45,
      0.65,
      0.85,
      80.2,
      2.5,
      33.3,
      2.2,
      1.2,
      46.5,
      37.2,
      37.3,
      1.6,
      0.6
    ],
    [
      0.85,
      0.5,
      2.9,
      4.1,
      0.9,
      4.2,
      4.4,
      0.4,
      0.35,
      1.7,
      0.65,
      0.75,
      0.55,
      0.8,
      0.0,
      1.7,
      3.9,
      10.1,
      0.65,
      1.8,
      6.1,
      2.2,
      0.45,
      2.0,
      0.75,
      2.1,
      0.26,
      0.85,
      0.29,
      0.7,
      81.1,
      1.7,
      32.4,
      1.1,
      0.75,
      47.4,
      38.1,
      38.1,
      0.85,
      0.25
    ],
    [
      1.6,
      1.8,
      2.6,
      5.8,
      1.9,
      5.9,
      3.5,
      1.4,
      1.9,
      0.4,
      2.5,
      2.2,
      1.9,
      0.85,
      1.7,
      0.0,
      3.1,
      11.8,
      1.9,
      0.024,
      5.3,
      1.0,
      1.5,
      0.65,
      3.8,
      3.7,
      1.5,
      1.1,
      1.6,
      3.8,
      80.3,
      3.4,
      32.9,
      1.8,
      4.6,
      46.6,
      37.2,
      37.3,
      2.5,
      1.5
    ],
    [
      3.7,
      4.0,
      3.9,
      8.3,
      4.1,
      5.2,
      1.4,
      3.6,
      4.1,
      3.1,
      4.6,
      4.3,
      4.1,
      3.0,
      3.9,
      3.1,
      0.0,
      14.4,
      3.3,
      3.1,
      1.6,
      3.5,
      3.7,
      3.3,
      5.2,
      5.1,
      3.7,
      3.3,
      3.8,
      5.2,
      83.5,
      5.6,
      35.5,
      4.4,
      4.4,
      47.0,
      37.7,
      37.7,
      4.7,
      3.7
    ],
    [
      10.7,
      10.4,
      13.9,
      6.5,
      10.9,
      15.1,
      14.9,
      10.7,
      10.3,
      11.8,
      10.0,
      10.5,
      10.5,
      12.2,
      10.1,
      11.8,
      14.4,
      0.0,
      10.6,
      11.8,
      16.6,
      12.3,
      11.0,
      12.1,
      11.5,
      11.5,
      10.2,
      12.4,
      10.2,
      11.5,
      91.8,
      11.1,
      39.1,
      10.0,
      9.6,
      58.1,
      48.8,
      48.9,
      10.2,
      10.2
    ],
    [
      0.6,
      0.8,
      1.1,
      4.7,
      0.95,
      2.5,
      3.4,
      0.4,
      0.8,
      1.0,
      1.5,
      1.2,
      0.9,
      0.21,
      0.65,
      1.9,
      3.3,
      10.6,
      0.0,
      1.1,
      3.6,
      1.5,
      0.3,
      1.4,
      0.75,
      0.8,
      0.6,
      0.6,
      0.65,
      0.7,
      80.5,
      2.3,
      33.5,
      2.4,
      1.1,
      46.7,
      37.4,
      37.5,
      1.5,
      0.45
    ],
    [
      1.6,
      1.8,
      2.6,
      5.8,
      2.0,
      6.0,
      3.5,
      1.4,
      2.0,
      0.35,
      2.5,
      2.2,
      1.9,
      0.9,
      1.8,
      0.024,
      3.1,
      11.8,
      1.1,
      0.0,
      5.3,
      1.0,
      1.5,
      0.7,
      3.8,
      3.7,
      1.6,
      1.2,
      1.6,
      3.8,
      80.3,
      3.4,
      32.9,
      1.8,
      4.6,
      46.6,
      37.3,
      37.3,
      2.5,
      1.6
    ],
    [
      6.0,
      6.2,
      4.2,
      10.6,
      6.3,
      4.6,
      0.4,
      5.8,
      6.3,
      5.3,
      6.9,
      6.6,
      6.3,
      5.3,
      6.1,
      5.3,
      1.6,
      16.6,
      3.6,
      5.3,
      0.0,
      3.9,
      4.1,
      3.7,
      5.4,
      5.3,
      4.1,
      3.7,
      4.2,
      5.4,
      79.4,
      9.3,
      35.8,
      4.8,
      4.7,
      45.7,
      36.4,
      36.5,
      5.1,
      4.1
    ],
    [
      2.0,
      2.3,
      3.0,
      6.2,
      2.4,
      6.4,
      4.0,
      1.9,
      2.4,
      1.0,
      2.9,
      2.6,
      2.4,
      1.3,
      2.2,
      1.0,
      3.5,
      12.3,
      1.5,
      1.0,
      3.9,
      0.0,
      2.0,
      1.1,
      4.2,
      4.2,
      2.0,
      1.6,
      2.1,
      4.2,
      80.8,
      3.9,
      33.3,
      2.2,
      2.6,
      47.0,
      37.7,
      37.8,
      3.0,
      2.0
    ],
    [
      0.55,
      0.6,
      1.3,
      5.1,
      0.85,
      3.0,
      4.2,
      0.18,
      0.55,
      1.5,
      1.0,
      0.85,
      0.7,
      0.45,
      0.45,
      1.5,
      3.7,
      11.0,
      0.3,
      1.5,
      4.1,
      2.0,
      0.0,
      1.6,
      2.6,
      0.6,
      0.65,
      0.65,
      0.65,
      0.5,
      80.7,
      2.2,
      33.7,
      2.7,
      0.75,
      47.0,
      37.7,
      37.7,
      0.9,
      0.45
    ],
    [
      1.9,
      2.1,
      2.9,
      6.1,
      2.2,
      6.2,
      3.8,
      1.7,
      2.2,
      0.7,
      2.8,
      2.5,
      2.2,
      1.2,
      2.0,
      0.65,
      3.3,
      12.1,
      1.4,
      0.7,
      3.7,
      1.1,
      1.6,
      0.0,
      4.1,
      4.0,
      1.9,
      1.5,
      1.9,
      4.1,
      80.6,
      3.7,
      33.2,
      2.1,
      2.5,
      46.9,
      37.6,
      37.6,
      2.9,
      1.9
    ],
    [
      0.12,
      0.4,
      0.8,
      5.6,
      0.65,
      2.7,
      6.0,
      0.4,
      0.45,
      3.8,
      2.0,
      1.3,
      0.5,
      0.9,
      0.75,
      3.8,
      5.2,
      11.5,
      0.75,
      3.8,
      5.4,
      4.2,
      2.6,
      4.1,
      0.0,
      0.097,
      2.3,
      2.9,
      2.3,
      0.059,
      82.6,
      1.5,
      34.0,
      5.2,
      0.95,
      48.9,
      39.6,
      39.6,
      0.7,
      0.9
    ],
    [
      2.2,
      0.45,
      0.9,
      5.5,
      0.7,
      2.7,
      5.9,
      0.45,
      0.5,
      3.7,
      1.9,
      0.7,
      0.55,
      0.95,
      2.1,
      3.7,
      5.1,
      11.5,
      0.8,
      3.7,
      5.3,
      4.2,
      0.6,
      4.0,
      0.097,
      0.0,
      2.2,
      2.8,
      2.3,
      0.1,
      82.5,
      1.4,
      33.9,
      5.1,
      2.0,
      48.8,
      39.5,
      39.6,
      1.2,
      0.95
    ],
    [
      0.9,
      0.75,
      2.0,
      4.2,
      1.4,
      6.6,
      4.2,
      0.65,
      0.6,
      1.6,
      0.85,
      1.0,
      0.8,
      0.6,
      0.26,
      1.5,
      3.7,
      10.2,
      0.6,
      1.6,
      4.1,
      2.0,
      0.65,
      1.9,
      2.3,
      2.2,
      0.0,
      0.55,
      0.009,
      1.0,
      80.8,
      1.9,
      32.2,
      2.8,
      0.55,
      47.1,
      37.8,
      37.9,
      1.0,
      0.21
    ],
    [
      1.2,
      1.4,
      2.1,
      6.4,
      1.6,
      6.2,
      3.8,
      0.75,
      1.6,
      0.5,
      1.5,
      1.6,
      1.5,
      0.45,
      0.85,
      1.1,
      3.3,
      12.4,
      0.6,
      1.2,
      3.7,
      1.6,
      0.65,
      1.5,
      2.9,
      2.8,
      0.55,
      0.0,
      0.6,
      2.9,
      80.6,
      2.4,
      33.6,
      2.5,
      1.1,
      46.8,
      37.5,
      37.6,
      1.6,
      0.6
    ],
    [
      0.95,
      1.0,
      2.1,
      4.3,
      1.4,
      6.7,
      4.3,
      0.7,
      0.65,
      1.0,
      0.8,
      1.0,
      0.85,
      0.65,
      0.29,
      1.6,
      3.8,
      10.2,
      0.65,
      1.6,
      4.2,
      2.1,
      0.65,
      1.9,
      2.3,
      2.3,
      0.009,
      0.6,
      0.0,
      2.3,
      80.9,
      1.9,
      32.3,
      1.0,
      0.55,
      47.2,
      37.9,
      37.9,
      1.0,
      0.23
    ],
    [
      2.3,
      0.35,
      0.85,
      5.6,
      0.6,
      2.7,
      6.0,
      0.35,
      0.4,
      3.8,
      0.85,
      1.3,
      0.45,
      0.85,
      0.7,
      3.8,
      5.2,
      11.5,
      0.7,
      3.8,
      5.4,
      4.2,
      0.5,
      4.1,
      0.059,
      0.1,
      1.0,
      2.9,
      2.3,
      0.0,
      82.6,
      1.0,
      34.0,
      5.2,
      0.9,
      48.9,
      39.6,
      39.6,
      0.65,
      0.85
    ],
    [
      81.0,
      81.2,
      82.3,
      86.3,
      81.3,
      79.6,
      79.4,
      80.8,
      81.3,
      80.3,
      81.9,
      81.6,
      81.3,
      80.2,
      81.1,
      80.3,
      83.5,
      91.8,
      80.5,
      80.3,
      79.4,
      80.8,
      80.7,
      80.6,
      82.6,
      82.5,
      80.8,
      80.6,
      80.9,
      82.6,
      0.0,
      82.5,
      113.0,
      81.6,
      81.6,
      62.8,
      53.4,
      53.5,
      82.8,
      80.9
    ],
    [
      1.8,
      0.65,
      2.2,
      5.2,
      0.6,
      3.9,
      9.3,
      1.8,
      0.85,
      3.4,
      1.5,
      0.6,
      1.7,
      2.5,
      1.7,
      3.4,
      5.6,
      11.1,
      2.3,
      3.4,
      9.3,
      3.9,
      2.2,
      3.7,
      1.5,
      1.4,
      1.9,
      2.4,
      1.9,
      1.0,
      82.5,
      0.0,
      33.1,
      3.9,
      1.1,
      48.2,
      38.9,
      39.0,
      0.6,
      1.4
    ],
    [
      34.0,
      32.6,
      35.0,
      33.1,
      34.4,
      38.3,
      35.9,
      33.8,
      32.5,
      32.9,
      32.2,
      32.7,
      32.7,
      33.3,
      32.4,
      32.9,
      35.5,
      39.1,
      33.5,
      32.9,
      35.8,
      33.3,
      33.7,
      33.2,
      34.0,
      33.9,
      32.2,
      33.6,
      32.3,
      34.0,
      113.0,
      33.1,
      0.0,
      31.3,
      32.0,
      79.1,
      69.8,
      69.8,
      32.7,
      32.6
    ],
    [
      2.9,
      3.1,
      3.9,
      4.0,
      3.3,
      7.3,
      4.8,
      2.7,
      3.3,
      1.8,
      0.85,
      3.5,
      3.3,
      2.2,
      1.1,
      1.8,
      4.4,
      10.0,
      2.4,
      1.8,
      4.8,
      2.2,
      2.7,
      2.1,
      5.2,
      5.1,
      2.8,
      2.5,
      1.0,
      5.2,
      81.6,
      3.9,
      31.3,
      0.0,
      0.85,
      47.8,
      38.5,
      38.6,
      3.5,
      2.8
    ],
    [
      0.85,
      0.7,
      2.8,
      3.6,
      1.2,
      4.1,
      4.8,
      0.65,
      0.55,
      2.2,
      0.27,
      0.8,
      0.6,
      1.2,
      0.75,
      4.6,
      4.4,
      9.6,
      1.1,
      4.6,
      4.7,
      2.6,
      0.75,
      2.5,
      0.95,
      2.0,
      0.55,
      1.1,
      0.55,
      0.9,
      81.6,
      1.1,
      32.0,
      0.85,
      0.0,
      47.7,
      38.4,
      38.5,
      0.9,
      0.6
    ],
    [
      47.3,
      47.5,
      48.6,
      51.8,
      47.6,
      45.8,
      45.7,
      47.1,
      47.6,
      46.6,
      48.2,
      47.8,
      47.6,
      46.5,
      47.4,
      46.6,
      47.0,
      58.1,
      46.7,
      46.6,
      45.7,
      47.0,
      47.0,
      46.9,
      48.9,
      48.8,
      47.1,
      46.8,
      47.2,
      48.9,
      62.8,
      48.2,
      79.1,
      47.8,
      47.7,
      0.0,
      12.7,
      12.8,
      49.2,
      47.3
    ],
    [
      37.9,
      38.2,
      39.2,
      43.2,
      38.3,
      36.5,
      36.3,
      37.8,
      38.3,
      37.3,
      38.8,
      38.5,
      38.3,
      37.2,
      38.1,
      37.2,
      37.7,
      48.8,
      37.4,
      37.3,
      36.4,
      37.7,
      37.7,
      37.6,
      39.6,
      39.5,
      37.8,
      37.5,
      37.9,
      39.6,
      53.4,
      38.9,
      69.8,
      38.5,
      38.4,
      12.7,
      0.0,
      0.12,
      38.3,
      36.4
    ],
    [
      38.0,
      38.2,
      39.3,
      43.3,
      38.3,
      36.6,
      36.4,
      37.8,
      38.3,
      37.3,
      38.9,
      38.6,
      38.3,
      37.3,
      38.1,
      37.3,
      37.7,
      48.9,
      37.5,
      37.3,
      36.5,
      37.8,
      37.7,
      37.6,
      39.6,
      39.6,
      37.9,
      37.6,
      37.9,
      39.6,
      53.5,
      39.0,
      69.8,
      38.6,
      38.5,
      12.8,
      0.12,
      0.0,
      38.1,
      36.3
    ],
    [
      0.55,
      0.29,
      1.5,
      4.3,
      0.042,
      3.3,
      5.2,
      0.75,
      0.5,
      2.5,
      0.8,
      0.091,
      0.27,
      1.6,
      0.85,
      2.5,
      4.7,
      10.2,
      1.5,
      2.5,
      5.1,
      3.0,
      0.9,
      2.9,
      0.7,
      1.2,
      1.0,
      1.6,
      1.0,
      0.65,
      82.8,
      0.6,
      32.7,
      3.5,
      0.9,
      49.2,
      38.3,
      38.1,
      0.0,
      1.0
    ],
    [
      0.8,
      0.75,
      1.8,
      4.3,
      1.1,
      3.0,
      4.2,
      0.5,
      0.6,
      1.0,
      0.85,
      1.0,
      0.8,
      0.6,
      0.25,
      1.5,
      3.7,
      10.2,
      0.45,
      1.6,
      4.1,
      2.0,
      0.45,
      1.9,
      0.9,
      0.95,
      0.21,
      0.6,
      0.23,
      0.85,
      80.9,
      1.4,
      32.6,
      2.8,
      0.6,
      47.3,
      36.4,
      36.3,
      1.0,
      0.0
    ]
  ],
  "drive_time_matrix": [
    [
      0.0,
      4.0,
      7.0,
      12.0,
      6.0,
      12.0,
      12.0,
      1.0,
      2.0,
      6.0,
      10.0,
      4.0,
      3.0,
      10.0,
      8.0,
      5.0,
      10.0,
      22.0,
      8.0,
      5.0,
      13.0,
      6.0,
      2.0,
      6.0,
      1.0,
      2.0,
      11.0,
      5.0,
      11.0,
      1.0,
      80.0,
      6.0,
      70.0,
      6.0,
      10.0,
      47.0,
      37.0,
      38.0,
      7.0,
      9.0
    ],
    [
      4.0,
      0.0,
      17.0,
      11.0,
      4.0,
      11.0,
      12.0,
      6.0,
      2.0,
      6.0,
      8.0,
      2.0,
      2.0,
      3.0,
      6.0,
      6.0,
      10.0,
      21.0,
      10.0,
      6.0,
      13.0,
      7.0,
      7.0,
      6.0,
      5.0,
      5.0,
      9.0,
      5.0,
      4.0,
      4.0,
      80.0,
      8.0,
      69.0,
      6.0,
      3.0,
      47.0,
      38.0,
      38.0,
      3.0,
      9.0
    ],
    [
      7.0,
      17.0,
      0.0,
      16.0,
      17.0,
      6.0,
      12.0,
      15.0,
      15.0,
      8.0,
      7.0,
      17.0,
      16.0,
      6.0,
      9.0,
      8.0,
      11.0,
      27.0,
      13.0,
      8.0,
      14.0,
      9.0,
      16.0,
      9.0,
      9.0,
      10.0,
      9.0,
      8.0,
      9.0,
      10.0,
      80.0,
      7.0,
      72.0,
      8.0,
      8.0,
      47.0,
      38.0,
      38.0,
      18.0,
      8.0
    ],
    [
      12.0,
      11.0,
      16.0,
      0.0,
      12.0,
      17.0,
      17.0,
      11.0,
      10.0,
      10.0,
      8.0,
      9.0,
      10.0,
      10.0,
      10.0,
      9.0,
      15.0,
      13.0,
      12.0,
      10.0,
      18.0,
      11.0,
      12.0,
      10.0,
      13.0,
      13.0,
      10.0,
      10.0,
      10.0,
      13.0,
      86.0,
      12.0,
      68.0,
      7.0,
      7.0,
      51.0,
      43.0,
      44.0,
      9.0,
      10.0
    ],
    [
      6.0,
      4.0,
      17.0,
      12.0,
      0.0,
      13.0,
      13.0,
      9.0,
      7.0,
      7.0,
      11.0,
      2.0,
      4.0,
      5.0,
      11.0,
      7.0,
      12.0,
      24.0,
      4.0,
      7.0,
      14.0,
      8.0,
      10.0,
      7.0,
      8.0,
      8.0,
      7.0,
      6.0,
      7.0,
      7.0,
      81.0,
      8.0,
      71.0,
      8.0,
      12.0,
      48.0,
      39.0,
      39.0,
      1.0,
      14.0
    ],
    [
      12.0,
      11.0,
      6.0,
      17.0,
      13.0,
      0.0,
      11.0,
      11.0,
      11.0,
      11.0,
      11.0,
      9.0,
      10.0,
      10.0,
      13.0,
      11.0,
      14.0,
      27.0,
      8.0,
      11.0,
      12.0,
      12.0,
      11.0,
      11.0,
      8.0,
      8.0,
      13.0,
      11.0,
      14.0,
      8.0,
      79.0,
      9.0,
      75.0,
      11.0,
      12.0,
      46.0,
      37.0,
      37.0,
      9.0,
      11.0
    ],
    [
      12.0,
      12.0,
      12.0,
      17.0,
      13.0,
      11.0,
      0.0,
      12.0,
      14.0,
      9.0,
      15.0,
      16.0,
      15.0,
      8.0,
      13.0,
      9.0,
      5.0,
      28.0,
      10.0,
      9.0,
      5.0,
      10.0,
      12.0,
      9.0,
      14.0,
      14.0,
      11.0,
      9.0,
      12.0,
      14.0,
      77.0,
      14.0,
      73.0,
      10.0,
      14.0,
      44.0,
      35.0,
      36.0,
      16.0,
      12.0
    ],
    [
      1.0,
      6.0,
      15.0,
      11.0,
      9.0,
      11.0,
      12.0,
      0.0,
      5.0,
      6.0,
      11.0,
      9.0,
      3.0,
      7.0,
      5.0,
      5.0,
      10.0,
      22.0,
      5.0,
      5.0,
      12.0,
      6.0,
      2.0,
      6.0,
      5.0,
      6.0,
      8.0,
      9.0,
      8.0,
      4.0,
      79.0,
      6.0,
      69.0,
      6.0,
      8.0,
      47.0,
      37.0,
      38.0,
      9.0,
      6.0
    ],
    [
      2.0,
      2.0,
      15.0,
      10.0,
      7.0,
      11.0,
      14.0,
      5.0,
      0.0,
      7.0,
      6.0,
      5.0,
      3.0,
      11.0,
      4.0,
      6.0,
      11.0,
      21.0,
      9.0,
      7.0,
      14.0,
      8.0,
      7.0,
      7.0,
      6.0,
      6.0,
      7.0,
      6.0,
      8.0,
      5.0,
      81.0,
      11.0,
      69.0,
      7.0,
      7.0,
      48.0,
      39.0,
      39.0,
      6.0,
      7.0
    ],
    [
      6.0,
      6.0,
      8.0,
      10.0,
      7.0,
      11.0,
      9.0,
      6.0,
      7.0,
      0.0,
      9.0,
      10.0,
      9.0,
      3.0,
      7.0,
      2.0,
      8.0,
      21.0,
      13.0,
      4.0,
      10.0,
      4.0,
      5.0,
      2.0,
      10.0,
      10.0,
      5.0,
      6.0,
      13.0,
      10.0,
      77.0,
      12.0,
      66.0,
      3.0,
      8.0,
      44.0,
      35.0,
      36.0,
      10.0,
      13.0
    ],
    [
      10.0,
      8.0,
      7.0,
      8.0,
      11.0,
      11.0,
      15.0,
      11.0,
      6.0,
      9.0,
      0.0,
      9.0,
      7.0,
      6.0,
      8.0,
      9.0,
      14.0,
      20.0,
      6.0,
      9.0,
      16.0,
      10.0,
      12.0,
      9.0,
      6.0,
      6.0,
      10.0,
      6.0,
      10.0,
      10.0,
      84.0,
      5.0,
      67.0,
      11.0,
      3.0,
      51.0,
      42.0,
      42.0,
      10.0,
      11.0
    ],
    [
      4.0,
      2.0,
      17.0,
      9.0,
      2.0,
      9.0,
      16.0,
      9.0,
      5.0,
      10.0,
      9.0,
      0.0,
      2.0,
      5.0,
      9.0,
      7.0,
      12.0,
      21.0,
      4.0,
      7.0,
      14.0,
      8.0,
      10.0,
      8.0,
      4.0,
      8.0,
      4.0,
      6.0,
      4.0,
      7.0,
      81.0,
      8.0,
      69.0,
      8.0,
      10.0,
      49.0,
      40.0,
      40.0,
      1.0,
      12.0
    ],
    [
      3.0,
      2.0,
      16.0,
      10.0,
      4.0,
      10.0,
      15.0,
      3.0,
      3.0,
      9.0,
      7.0,
      2.0,
      0.0,
      4.0,
      7.0,
      6.0,
      11.0,
      23.0,
      11.0,
      6.0,
      14.0,
      8.0,
      8.0,
      7.0,
      6.0,
      6.0,
      10.0,
      5.0,
      10.0,
      5.0,
      80.0,
      6.0,
      70.0,
      7.0,
      7.0,
      48.0,
      39.0,
      39.0,
      3.0,
      10.0
    ],
    [
      10.0,
      3.0,
      6.0,
      10.0,
      5.0,
      10.0,
      8.0,
      7.0,
      11.0,
      3.0,
      6.0,
      5.0,
      4.0,
      0.0,
      10.0,
      11.0,
      7.0,
      22.0,
      3.0,
      12.0,
      10.0,
      4.0,
      6.0,
      4.0,
      11.0,
      12.0,
      7.0,
      6.0,
      8.0,
      11.0,
      77.0,
      10.0,
      67.0,
      4.0,
      5.0,
      44.0,
      35.0,
      35.0,
      7.0,
      8.0
    ],
    [
      8.0,
      6.0,
      9.0,
      10.0,
      11.0,
      13.0,
      13.0,
      5.0,
      4.0,
      7.0,
      8.0,
      9.0,
      7.0,
      10.0,
      0.0,
      7.0,
      12.0,
      22.0,
      8.0,
      7.0,
      15.0,
      8.0,
      6.0,
      8.0,
      9.0,
      8.0,
      3.0,
      5.0,
      4.0,
      8.0,
      82.0,
      7.0,
      69.0,
      14.0,
      4.0,
      49.0,
      40.0,
      40.0,
      10.0,
      3.0
    ],
    [
      5.0,
      6.0,
      8.0,
      9.0,
      7.0,
      11.0,
      9.0,
      5.0,
      6.0,
      2.0,
      9.0,
      7.0,
      6.0,
      11.0,
      7.0,
      0.0,
      8.0,
      21.0,
      6.0,
      1.0,
      11.0,
      4.0,
      6.0,
      3.0,
      11.0,
      11.0,
      6.0,
      4.0,
      6.0,
      11.0,
      77.0,
      13.0,
      67.0,
      3.0,
      8.0,
      45.0,
      36.0,
      36.0,
      10.0,
      6.0
    ],
    [
      10.0,
      10.0,
      11.0,
      15.0,
      12.0,
      14.0,
      5.0,
      10.0,
      11.0,
      8.0,
      14.0,
      12.0,
      11.0,
      7.0,
      12.0,
      8.0,
      0.0,
      27.0,
      9.0,
      8.0,
      6.0,
      9.0,
      11.0,
      9.0,
      15.0,
      14.0,
      10.0,
      8.0,
      11.0,
      15.0,
      82.0,
      18.0,
      73.0,
      9.0,
      13.0,
      48.0,
      39.0,
      39.0,
      15.0,
      11.0
    ],
    [
      22.0,
      21.0,
      27.0,
      13.0,
      24.0,
      27.0,
      28.0,
      22.0,
      21.0,
      21.0,
      20.0,
      21.0,
      23.0,
      22.0,
      22.0,
      21.0,
      27.0,
      0.0,
      24.0,
      22.0,
      30.0,
      23.0,
      24.0,
      22.0,
      26.0,
      26.0,
      22.0,
      23.0,
      22.0,
      26.0,
      98.0,
      25.0,
      81.0,
      19.0,
      19.0,
      66.0,
      57.0,
      57.0,
      21.0,
      22.0
    ],
    [
      8.0,
      10.0,
      13.0,
      12.0,
      4.0,
      8.0,
      10.0,
      5.0,
      9.0,
      13.0,
      6.0,
      4.0,
      11.0,
      3.0,
      8.0,
      6.0,
      9.0,
      24.0,
      0.0,
      4.0,
      11.0,
      5.0,
      4.0,
      5.0,
      9.0,
      10.0,
      8.0,
      8.0,
      8.0,
      9.0,
      78.0,
      10.0,
      70.0,
      5.0,
      5.0,
      45.0,
      36.0,
      37.0,
      7.0,
      6.0
    ],
    [
      5.0,
      6.0,
      8.0,
      10.0,
      7.0,
      11.0,
      9.0,
      5.0,
      7.0,
      4.0,
      9.0,
      7.0,
      6.0,
      12.0,
      7.0,
      1.0,
      8.0,
      22.0,
      4.0,
      0.0,
      11.0,
      4.0,
      6.0,
      3.0,
      11.0,
      11.0,
      6.0,
      4.0,
      6.0,
      11.0,
      78.0,
      14.0,
      68.0,
      3.0,
      8.0,
      45.0,
      36.0,
      37.0,
      11.0,
      6.0
    ],
    [
      13.0,
      13.0,
      14.0,
      18.0,
      14.0,
      12.0,
      5.0,
      12.0,
      14.0,
      10.0,
      16.0,
      14.0,
      14.0,
      10.0,
      15.0,
      11.0,
      6.0,
      30.0,
      11.0,
      11.0,
      0.0,
      9.0,
      11.0,
      9.0,
      14.0,
      13.0,
      11.0,
      9.0,
      11.0,
      14.0,
      77.0,
      15.0,
      74.0,
      9.0,
      13.0,
      45.0,
      36.0,
      36.0,
      15.0,
      11.0
    ],
    [
      6.0,
      7.0,
      9.0,
      11.0,
      8.0,
      12.0,
      10.0,
      6.0,
      8.0,
      4.0,
      10.0,
      8.0,
      8.0,
      4.0,
      8.0,
      4.0,
      9.0,
      23.0,
      5.0,
      4.0,
      9.0,
      0.0,
      7.0,
      4.0,
      13.0,
      12.0,
      7.0,
      5.0,
      7.0,
      13.0,
      79.0,
      15.0,
      69.0,
      4.0,
      9.0,
      46.0,
      37.0,
      38.0,
      11.0,
      7.0
    ],
    [
      2.0,
      7.0,
      16.0,
      12.0,
      10.0,
      11.0,
      12.0,
      2.0,
      7.0,
      5.0,
      12.0,
      10.0,
      8.0,
      6.0,
      6.0,
      6.0,
      11.0,
      24.0,
      4.0,
      6.0,
      11.0,
      7.0,
      0.0,
      6.0,
      9.0,
      7.0,
      4.0,
      8.0,
      8.0,
      6.0,
      80.0,
      8.0,
      71.0,
      6.0,
      9.0,
      47.0,
      38.0,
      39.0,
      11.0,
      5.0
    ],
    [
      6.0,
      6.0,
      9.0,
      10.0,
      7.0,
      11.0,
      9.0,
      6.0,
      7.0,
      2.0,
      9.0,
      8.0,
      7.0,
      4.0,
      8.0,
      3.0,
      9.0,
      22.0,
      5.0,
      3.0,
      9.0,
      4.0,
      6.0,
      0.0,
      12.0,
      12.0,
      6.0,
      5.0,
      7.0,
      12.0,
      79.0,
      15.0,
      69.0,
      4.0,
      9.0,
      46.0,
      37.0,
      38.0,
      11.0,
      7.0
    ],
    [
      1.0,
      5.0,
      9.0,
      13.0,
      8.0,
      8.0,
      14.0,
      5.0,
      6.0,
      10.0,
      6.0,
      4.0,
      6.0,
      11.0,
      9.0,
      11.0,
      15.0,
      26.0,
      9.0,
      11.0,
      14.0,
      13.0,
      9.0,
      12.0,
      0.0,
      1.0,
      9.0,
      11.0,
      9.0,
      1.0,
      83.0,
      12.0,
      75.0,
      13.0,
      12.0,
      51.0,
      42.0,
      42.0,
      9.0,
      11.0
    ],
    [
      2.0,
      5.0,
      10.0,
      13.0,
      8.0,
      8.0,
      14.0,
      6.0,
      6.0,
      10.0,
      6.0,
      8.0,
      6.0,
      12.0,
      8.0,
      11.0,
      14.0,
      26.0,
      10.0,
      11.0,
      13.0,
      12.0,
      7.0,
      12.0,
      1.0,
      0.0,
      8.0,
      11.0,
      8.0,
      1.0,
      83.0,
      6.0,
      75.0,
      13.0,
      7.0,
      51.0,
      42.0,
      42.0,
      4.0,
      12.0
    ],
    [
      11.0,
      9.0,
      9.0,
      10.0,
      7.0,
      13.0,
      11.0,
      8.0,
      7.0,
      5.0,
      10.0,
      4.0,
      10.0,
      7.0,
      3.0,
      6.0,
      10.0,
      22.0,
      8.0,
      6.0,
      11.0,
      7.0,
      4.0,
      6.0,
      9.0,
      8.0,
      0.0,
      7.0,
      1.0,
      12.0,
      81.0,
      9.0,
      69.0,
      13.0,
      7.0,
      48.0,
      39.0,
      40.0,
      5.0,
      3.0
    ],
    [
      5.0,
      5.0,
      8.0,
      10.0,
      6.0,
      11.0,
      9.0,
      9.0,
      6.0,
      6.0,
      6.0,
      6.0,
      5.0,
      6.0,
      5.0,
      4.0,
      8.0,
      23.0,
      8.0,
      4.0,
      9.0,
      5.0,
      8.0,
      5.0,
      11.0,
      11.0,
      7.0,
      0.0,
      8.0,
      12.0,
      79.0,
      11.0,
      70.0,
      5.0,
      14.0,
      47.0,
      37.0,
      38.0,
      7.0,
      8.0
    ],
    [
      11.0,
      4.0,
      9.0,
      10.0,
      7.0,
      14.0,
      12.0,
      8.0,
      8.0,
      13.0,
      10.0,
      4.0,
      10.0,
      8.0,
      4.0,
      6.0,
      11.0,
      22.0,
      8.0,
      6.0,
      11.0,
      7.0,
      8.0,
      7.0,
      9.0,
      8.0,
      1.0,
      8.0,
      0.0,
      9.0,
      81.0,
      9.0,
      69.0,
      13.0,
      7.0,
      49.0,
      40.0,
      40.0,
      4.0,
      3.0
    ],
    [
      1.0,
      4.0,
      10.0,
      13.0,
      7.0,
      8.0,
      14.0,
      4.0,
      5.0,
      10.0,
      10.0,
      7.0,
      5.0,
      11.0,
      8.0,
      11.0,
      15.0,
      26.0,
      9.0,
      11.0,
      14.0,
      13.0,
      6.0,
      12.0,
      1.0,
      1.0,
      12.0,
      12.0,
      9.0,
      0.0,
      84.0,
      12.0,
      75.0,
      13.0,
      11.0,
      52.0,
      43.0,
      43.0,
      8.0,
      10.0
    ],
    [
      80.0,
      80.0,
      80.0,
      86.0,
      81.0,
      79.0,
      77.0,
      79.0,
      81.0,
      77.0,
      84.0,
      81.0,
      80.0,
      77.0,
      82.0,
      77.0,
      82.0,
      98.0,
      78.0,
      78.0,
      77.0,
      79.0,
      80.0,
      79.0,
      83.0,
      83.0,
      81.0,
      79.0,
      81.0,
      84.0,
      0.0,
      82.0,
      145.0,
      79.0,
      83.0,
      68.0,
      59.0,
      59.0,
      83.0,
      81.0
    ],
    [
      6.0,
      8.0,
      7.0,
      12.0,
      8.0,
      9.0,
      14.0,
      6.0,
      11.0,
      12.0,
      5.0,
      8.0,
      6.0,
      10.0,
      7.0,
      13.0,
      18.0,
      25.0,
      10.0,
      14.0,
      15.0,
      15.0,
      8.0,
      15.0,
      12.0,
      6.0,
      9.0,
      11.0,
      9.0,
      12.0,
      82.0,
      0.0,
      71.0,
      10.0,
      4.0,
      52.0,
      42.0,
      43.0,
      9.0,
      5.0
    ],
    [
      70.0,
      69.0,
      72.0,
      68.0,
      71.0,
      75.0,
      73.0,
      69.0,
      69.0,
      66.0,
      67.0,
      69.0,
      70.0,
      67.0,
      69.0,
      67.0,
      73.0,
      81.0,
      70.0,
      68.0,
      74.0,
      69.0,
      71.0,
      69.0,
      75.0,
      75.0,
      69.0,
      70.0,
      69.0,
      75.0,
      145.0,
      71.0,
      0.0,
      65.0,
      67.0,
      112.0,
      103.0,
      103.0,
      69.0,
      70.0
    ],
    [
      6.0,
      6.0,
      8.0,
      7.0,
      8.0,
      11.0,
      10.0,
      6.0,
      7.0,
      3.0,
      11.0,
      8.0,
      7.0,
      4.0,
      14.0,
      3.0,
      9.0,
      19.0,
      5.0,
      3.0,
      9.0,
      4.0,
      6.0,
      4.0,
      13.0,
      13.0,
      13.0,
      5.0,
      13.0,
      13.0,
      79.0,
      10.0,
      65.0,
      0.0,
      11.0,
      47.0,
      37.0,
      38.0,
      7.0,
      7.0
    ],
    [
      10.0,
      3.0,
      8.0,
      7.0,
      12.0,
      12.0,
      14.0,
      8.0,
      7.0,
      8.0,
      3.0,
      10.0,
      7.0,
      5.0,
      4.0,
      8.0,
      13.0,
      19.0,
      5.0,
      8.0,
      13.0,
      9.0,
      9.0,
      9.0,
      12.0,
      7.0,
      7.0,
      14.0,
      7.0,
      11.0,
      83.0,
      4.0,
      67.0,
      11.0,
      0.0,
      53.0,
      44.0,
      44.0,
      11.0,
      8.0
    ],
    [
      47.0,
      47.0,
      47.0,
      51.0,
      48.0,
      46.0,
      44.0,
      47.0,
      48.0,
      44.0,
      51.0,
      49.0,
      48.0,
      44.0,
      49.0,
      45.0,
      48.0,
      66.0,
      45.0,
      45.0,
      45.0,
      46.0,
      47.0,
      46.0,
      51.0,
      51.0,
      48.0,
      47.0,
      49.0,
      52.0,
      68.0,
      52.0,
      112.0,
      47.0,
      53.0,
      0.0,
      18.0,
      18.0,
      51.0,
      49.0
    ],
    [
      37.0,
      38.0,
      38.0,
      43.0,
      39.0,
      37.0,
      35.0,
      37.0,
      39.0,
      35.0,
      42.0,
      40.0,
      39.0,
      35.0,
      40.0,
      36.0,
      39.0,
      57.0,
      36.0,
      36.0,
      36.0,
      37.0,
      38.0,
      37.0,
      42.0,
      42.0,
      39.0,
      37.0,
      40.0,
      43.0,
      59.0,
      42.0,
      103.0,
      37.0,
      44.0,
      18.0,
      0.0,
      1.0,
      39.0,
      36.0
    ],
    [
      38.0,
      38.0,
      38.0,
      44.0,
      39.0,
      37.0,
      36.0,
      38.0,
      39.0,
      36.0,
      42.0,
      40.0,
      39.0,
      35.0,
      40.0,
      36.0,
      39.0,
      57.0,
      37.0,
      37.0,
      36.0,
      38.0,
      39.0,
      38.0,
      42.0,
      42.0,
      40.0,
      38.0,
      40.0,
      43.0,
      59.0,
      43.0,
      103.0,
      38.0,
      44.0,
      18.0,
      1.0,
      0.0,
      39.0,
      36.0
    ],
    [
      7.0,
      3.0,
      18.0,
      9.0,
      1.0,
      9.0,
      16.0,
      9.0,
      6.0,
      10.0,
      10.0,
      1.0,
      3.0,
      7.0,
      10.0,
      10.0,
      15.0,
      21.0,
      7.0,
      11.0,
      15.0,
      11.0,
      11.0,
      11.0,
      9.0,
      4.0,
      5.0,
      7.0,
      4.0,
      8.0,
      83.0,
      9.0,
      69.0,
      7.0,
      11.0,
      51.0,
      39.0,
      39.0,
      0.0,
      4.0
    ],
    [
      9.0,
      9.0,
      8.0,
      10.0,
      14.0,
      11.0,
      12.0,
      6.0,
      7.0,
      13.0,
      11.0,
      12.0,
      10.0,
      8.0,
      3.0,
      6.0,
      11.0,
      22.0,
      6.0,
      6.0,
      11.0,
      7.0,
      5.0,
      7.0,
      11.0,
      12.0,
      3.0,
      8.0,
      3.0,
      10.0,
      81.0,
      5.0,
      70.0,
      7.0,
      8.0,
      49.0,
      36.0,
      36.0,
      4.0,
      0.0
    ]
  ],
  "transit_dist_walk_matrix": [
    [
      0.0,
      NaN,
      NaN,
      NaN,
      NaN,
      NaN,
      2.99988,
      NaN,
      NaN,
      NaN,
      NaN,
      NaN,
      NaN,
      NaN,
      NaN,
      NaN,
      NaN,
      NaN,
      NaN,
      NaN,
      NaN,
      NaN,
      NaN,
      NaN,
      NaN,
      NaN,
      NaN,
      NaN,
      NaN,
      NaN,
      NaN,
      NaN,
      NaN,
      NaN,
      NaN,
      NaN,
      NaN,
      NaN,
      NaN,
      NaN
    ],
    [
      NaN,
      0.0,
      NaN,
      NaN,
      NaN,
      NaN,
      NaN,
      NaN,
      NaN,
      NaN,
      NaN,
      NaN,
      NaN,
      NaN,
      NaN,
      NaN,
      NaN,
      NaN,
      NaN,
      NaN,
      NaN,
      NaN,
      NaN,
      NaN,
      NaN,
      NaN,
      NaN,
      NaN,
      NaN,
      NaN,
      NaN,
      NaN,
      NaN,
      NaN,
      NaN,
      NaN,
      NaN,
      NaN,
      NaN,
      NaN
    ],
    [
      NaN,
      NaN,
      0.0,
      NaN,
      NaN,
      NaN,
      NaN,
      NaN,
      NaN,
      NaN,
      NaN,
      NaN,
      NaN,
      NaN,
      NaN,
      NaN,
      NaN,
      NaN,
      NaN,
      NaN,
      NaN,
      NaN,
      NaN,
      NaN,
      NaN,
      NaN,
      NaN,
      NaN,
      NaN,
      NaN,
      NaN,
      NaN,
      NaN,
      1.91659,
      NaN,
      NaN,
      NaN,
      NaN,
      NaN,
      NaN
    ],
    [
      NaN,
      NaN,
      NaN,
      0.0,
      NaN,
      4.91647,
      4.58315,
      NaN,
      NaN,
      NaN,
      NaN,
      NaN,
      NaN,
      NaN,
      NaN,
      NaN,
      4.24983,
      NaN,
      NaN,
      NaN,
      4.49982,
      NaN,
      NaN,
      NaN,
      NaN,
      NaN,
      NaN,
      2.74989,
      NaN,
      NaN,
      NaN,
      NaN,
      NaN,
      NaN,
      NaN,
      NaN,
      NaN,
      NaN,
      NaN,
      NaN
    ],
    [
      NaN,
      NaN,
      NaN,
      NaN,
      0.0,
      NaN,
      NaN,
      NaN,
      NaN,
      NaN,
      NaN,
      NaN,
      NaN,
      NaN,
      NaN,
      NaN,
      NaN,
      NaN,
      NaN,
      NaN,
      NaN,
      NaN,
      NaN,
      NaN,
      NaN,
      NaN,
      NaN,
      NaN,
      NaN,
      NaN,
      NaN,
      NaN,
