{
  "drive_dist_matrix": [
    [
      0.0,
      3.8,
      4.8,
      4.2,
      5.0,
      6.0,
      8.8,
      3.7,
      11.9,
      1.3,
      6.5,
      4.6,
      3.5,
      42.5,
      7.5,
      5.0,
      4.1,
      71.0,
      86.9,
      45.4,
      25.3,
      20.5,
      16.9,
      9.0,
      1.5,
      122.0,
      112.0,
      51.6,
      4.2,
      140.0,
      23.7,
      5.9,
      35.1,
      51.8
    ],
    [
      3.8,
      0.0,
      2.1,
      1.8,
      2.1,
      3.3,
      7.9,
      1.3,
      10.0,
      3.4,
      4.0,
      0.75,
      2.2,
      42.8,
      4.1,
      1.9,
      2.0,
      71.1,
      80.0,
      45.6,
      22.6,
      18.6,
      22.5,
      8.1,
      2.9,
      117.0,
      107.0,
      45.9,
      0.45,
      135.0,
      21.6,
      2.5,
      35.4,
      52.0
    ],
    [
      4.8,
      2.1,
      0.0,
      5.5,
      4.8,
      2.7,
      9.8,
      3.8,
      8.0,
      3.6,
      6.4,
      2.1,
      4.2,
      38.6,
      6.2,
      0.9,
      0.7,
      71.4,
      79.8,
      41.4,
      20.5,
      16.6,
      20.8,
      10.0,
      3.1,
      112.0,
      102.0,
      41.4,
      2.6,
      130.0,
      19.7,
      3.4,
      31.1,
      47.8
    ],
    [
      4.2,
      1.8,
      5.5,
      0.0,
      1.1,
      5.5,
      9.2,
      0.55,
      18.9,
      3.8,
      1.3,
      3.2,
      2.6,
      49.5,
      4.8,
      4.5,
      4.6,
      72.4,
      81.1,
      52.4,
      32.3,
      27.5,
      23.9,
      9.4,
      3.3,
      118.0,
      108.0,
      47.0,
      2.7,
      136.0,
      22.7,
      3.2,
      42.1,
      58.8
    ],
    [
      5.0,
      2.1,
      4.8,
      1.1,
      0.0,
      5.7,
      9.6,
      0.85,
      19.3,
      7.1,
      3.2,
      3.8,
      6.0,
      50.0,
      3.7,
      5.1,
      5.3,
      72.9,
      79.9,
      52.8,
      32.7,
      27.9,
      24.3,
      9.8,
      8.7,
      117.0,
      107.0,
      45.8,
      3.4,
      135.0,
      21.5,
      3.2,
      42.5,
      59.2
    ],
    [
      6.0,
      3.3,
      2.7,
      5.5,
      5.7,
      0.0,
      13.4,
      4.1,
      8.9,
      5.3,
      7.0,
      2.5,
      4.2,
      38.1,
      6.6,
      1.6,
      1.8,
      73.1,
      78.5,
      41.0,
      20.6,
      17.5,
      22.5,
      13.6,
      4.8,
      115.0,
      105.0,
      44.4,
      2.9,
      133.0,
      19.3,
      4.0,
      30.7,
      47.4
    ],
    [
      8.8,
      7.9,
      9.8,
      9.2,
      9.6,
      13.4,
      0.0,
      7.9,
      17.1,
      7.0,
      7.5,
      9.5,
      6.7,
      47.8,
      11.2,
      12.3,
      10.7,
      69.0,
      92.7,
      53.9,
      30.5,
      25.7,
      22.1,
      0.18,
      9.2,
      128.0,
      118.0,
      56.9,
      9.5,
      146.0,
      28.9,
      10.7,
      40.3,
      57.0
    ],
    [
      3.7,
      1.3,
      3.8,
      0.55,
      0.85,
      4.1,
      7.9,
      0.0,
      18.9,
      3.3,
      2.0,
      2.7,
      2.1,
      49.6,
      4.3,
      4.0,
      4.1,
      72.5,
      80.2,
      52.4,
      32.4,
      27.5,
      23.9,
      9.4,
      2.8,
      117.0,
      107.0,
      46.1,
      2.2,
      135.0,
      21.8,
      2.7,
      42.2,
      58.9
    ],
    [
      11.9,
      10.0,
      8.0,
      18.9,
      19.3,
      8.9,
      17.1,
      18.9,
      0.0,
      12.2,
      15.2,
      13.4,
      16.0,
      31.0,
      19.4,
      8.9,
      8.6,
      78.2,
      85.3,
      34.0,
      15.9,
      8.6,
      13.3,
      16.9,
      11.7,
      115.0,
      105.0,
      44.5,
      12.9,
      133.0,
      16.5,
      20.3,
      23.6,
      40.3
    ],
    [
      1.3,
      3.4,
      3.6,
      3.8,
      7.1,
      5.3,
      7.0,
      3.3,
      12.2,
      0.0,
      3.9,
      4.2,
      1.9,
      46.2,
      7.0,
      4.6,
      3.7,
      69.1,
      92.8,
      49.1,
      29.0,
      24.2,
      18.2,
      7.8,
      1.2,
      126.0,
      116.0,
      55.3,
      3.8,
      144.0,
      27.4,
      5.5,
      38.8,
      55.5
    ],
    [
      6.5,
      4.0,
      6.4,
      1.3,
      3.2,
      7.0,
      7.5,
      2.0,
      15.2,
      3.9,
      0.0,
      3.8,
      1.5,
      47.1,
      5.4,
      4.2,
      5.5,
      70.0,
      81.6,
      50.0,
      29.9,
      25.1,
      21.5,
      7.1,
      4.0,
      118.0,
      108.0,
      47.5,
      3.9,
      136.0,
      28.3,
      4.9,
      39.7,
      56.4
    ],
    [
      4.6,
      0.75,
      2.1,
      3.2,
      3.8,
      2.5,
      9.5,
      2.7,
      13.4,
      4.2,
      3.8,
      0.0,
      2.9,
      40.2,
      4.7,
      0.85,
      1.6,
      71.8,
      79.2,
      43.1,
      22.2,
      18.2,
      23.2,
      8.8,
      3.6,
      116.0,
      106.0,
      45.1,
      0.5,
      134.0,
      20.8,
      1.7,
      32.8,
      49.5
    ],
    [
      3.5,
      2.2,
      4.2,
      2.6,
      6.0,
      4.2,
      6.7,
      2.1,
      16.0,
      1.9,
      1.5,
      2.9,
      0.0,
      46.4,
      5.7,
      3.2,
      4.4,
      69.3,
      81.6,
      49.2,
      29.2,
      24.3,
      20.7,
      7.1,
      2.9,
      126.0,
      116.0,
      55.5,
      2.4,
      144.0,
      27.5,
      4.1,
      39.0,
      55.7
    ],
    [
      42.5,
      42.8,
      38.6,
      49.5,
      50.0,
      38.1,
      47.8,
      49.6,
      31.0,
      46.2,
      47.1,
      40.2,
      46.4,
      0.0,
      50.2,
      39.9,
      39.5,
      110.0,
      131.0,
      26.3,
      21.9,
      39.9,
      52.2,
      47.9,
      42.7,
      89.9,
      108.0,
      44.9,
      43.9,
      136.0,
      22.4,
      47.2,
      10.3,
      37.1
    ],
    [
      7.5,
      4.1,
      6.2,
      4.8,
      3.7,
      6.6,
      11.2,
      4.3,
      19.4,
      7.0,
      5.4,
      4.7,
      5.7,
      50.2,
      0.0,
      5.8,
      5.9,
      68.8,
      80.4,
      51.5,
      30.7,
      30.5,
      26.2,
      19.3,
      6.5,
      117.0,
      107.0,
      46.3,
      4.5,
      135.0,
      22.0,
      4.3,
      41.2,
      57.9
    ],
    [
      5.0,
      1.9,
      0.9,
      4.5,
      5.1,
      1.6,
      12.3,
      4.0,
      8.9,
      4.6,
      4.2,
      0.85,
      3.2,
      39.9,
      5.8,
      0.0,
      0.95,
      72.4,
      79.8,
      42.4,
      21.5,
      17.5,
      21.8,
      12.9,
      4.0,
      116.0,
      106.0,
      45.7,
      1.0,
      134.0,
      20.7,
      3.3,
      32.1,
      48.8
    ],
    [
      4.1,
      2.0,
      0.7,
      4.6,
      5.3,
      1.8,
      10.7,
      4.1,
      8.6,
      3.7,
      5.5,
      1.6,
      4.4,
      39.5,
      5.9,
      0.95,
      0.0,
      71.4,
      80.5,
      41.9,
      21.0,
      17.1,
      22.9,
      10.0,
      3.1,
      113.0,
      103.0,
      41.9,
      2.4,
      131.0,
      20.2,
      4.0,
      31.6,
      48.3
    ],
    [
      71.0,
      71.1,
      71.4,
      72.4,
      72.9,
      73.1,
      69.0,
      72.5,
      78.2,
      69.1,
      70.0,
      71.8,
      69.3,
      110.0,
      68.8,
      72.4,
      71.4,
      0.0,
      128.0,
      109.0,
      88.9,
      84.1,
      80.5,
      66.6,
      66.8,
      170.0,
      160.0,
      108.0,
      68.4,
      188.0,
      82.3,
      69.5,
      99.8,
      121.0
    ],
    [
      86.9,
      80.0,
      79.8,
      81.1,
      79.9,
      78.5,
      92.7,
      80.2,
      85.3,
      92.8,
      81.6,
      79.2,
      81.6,
      131.0,
      80.4,
      79.8,
      80.5,
      128.0,
      0.0,
      112.0,
      91.6,
      93.1,
      102.0,
      93.8,
      82.9,
      116.0,
      56.2,
      56.2,
      80.8,
      108.0,
      82.5,
      78.5,
      123.0,
      145.0
    ],
    [
      45.4,
      45.6,
      41.4,
      52.4,
      52.8,
      41.0,
      53.9,
      52.4,
      34.0,
      49.1,
      50.0,
      43.1,
      49.2,
      26.3,
      51.5,
      42.4,
      41.9,
      109.0,
      112.0,
      0.0,
      23.6,
      41.6,
      37.0,
      53.3,
      44.4,
      107.0,
      122.0,
      58.7,
      45.6,
      150.0,
      31.9,
      48.8,
      30.2,
      46.9
    ],
    [
      25.3,
      22.6,
      20.5,
      32.3,
      32.7,
      20.6,
      30.5,
      32.4,
      15.9,
      29.0,
      29.9,
      22.2,
      29.2,
      21.9,
      30.7,
      21.5,
      21.0,
      88.9,
      91.6,
      23.6,
      0.0,
      22.9,
      27.7,
      30.2,
      25.0,
      115.0,
      105.0,
      42.1,
      26.2,
      133.0,
      10.9,
      29.5,
      13.6,
      30.3
    ],
    [
      20.5,
      18.6,
      16.6,
      27.5,
      27.9,
      17.5,
      25.7,
      27.5,
      8.6,
      24.2,
      25.1,
      18.2,
      24.3,
      39.9,
      30.5,
      17.5,
      17.1,
      84.1,
      93.1,
      41.6,
      22.9,
      0.0,
      4.7,
      25.5,
      20.3,
      124.0,
      114.0,
      53.1,
      21.5,
      142.0,
      25.1,
      28.9,
      32.2,
      48.9
    ],
    [
      16.9,
      22.5,
      20.8,
      23.9,
      24.3,
      22.5,
      22.1,
      23.9,
      13.3,
      18.2,
      21.5,
      23.2,
      20.7,
      52.2,
      26.2,
      21.8,
      22.9,
      80.5,
      102.0,
      37.0,
      27.7,
      4.7,
      0.0,
      21.5,
      17.3,
      131.0,
      121.0,
      60.6,
      23.0,
      149.0,
      32.6,
      24.0,
      44.1,
      60.8
    ],
    [
      9.0,
      8.1,
      10.0,
      9.4,
      9.8,
      13.6,
      0.18,
      9.4,
      16.9,
      7.8,
      7.1,
      8.8,
      7.1,
      47.9,
      19.3,
      12.9,
      10.0,
      66.6,
      93.8,
      53.3,
      30.2,
      25.5,
      21.5,
      0.0,
      9.4,
      128.0,
      118.0,
      57.1,
      9.7,
      146.0,
      29.1,
      10.9,
      40.5,
      57.2
    ],
    [
      1.5,
      2.9,
      3.1,
      3.3,
      8.7,
      4.8,
      9.2,
      2.8,
      11.7,
      1.2,
      4.0,
      3.6,
      2.9,
      42.7,
      6.5,
      4.0,
      3.1,
      66.8,
      82.9,
      44.4,
      25.0,
      20.3,
      17.3,
      9.4,
      0.0,
      127.0,
      117.0,
      55.8,
      3.3,
      145.0,
      27.8,
      5.0,
      39.3,
      56.0
    ],
    [
      122.0,
      117.0,
      112.0,
      118.0,
      117.0,
      115.0,
      128.0,
      117.0,
      115.0,
      126.0,
      118.0,
      116.0,
      126.0,
      89.9,
      117.0,
      116.0,
      113.0,
      170.0,
      116.0,
      107.0,
      115.0,
      124.0,
      131.0,
      128.0,
      127.0,
      0.0,
      93.7,
      78.0,
      117.0,
      122.0,
      107.0,
      115.0,
      82.1,
      79.4
    ],
    [
      112.0,
      107.0,
      102.0,
      108.0,
      107.0,
      105.0,
      118.0,
      107.0,
      105.0,
      116.0,
      108.0,
      106.0,
      116.0,
      108.0,
      107.0,
      106.0,
      103.0,
      160.0,
      56.2,
      122.0,
      105.0,
      114.0,
      121.0,
      118.0,
      117.0,
      93.7,
      0.0,
      69.8,
      109.0,
      50.0,
      99.0,
      107.0,
      102.0,
      123.0
    ],
    [
      51.6,
      45.9,
      41.4,
      47.0,
      45.8,
      44.4,
      56.9,
      46.1,
      44.5,
      55.3,
      47.5,
      45.1,
      55.5,
      44.9,
      46.3,
      45.7,
      41.9,
      108.0,
      56.2,
      58.7,
      42.1,
      53.1,
      60.6,
      57.1,
      55.8,
      78.0,
      69.8,
      0.0,
      55.1,
      96.2,
      30.4,
      52.8,
      48.0,
      69.6
    ],
    [
      4.2,
      0.45,
      2.6,
      2.7,
      3.4,
      2.9,
      9.5,
      2.2,
      12.9,
      3.8,
      3.9,
      0.5,
      2.4,
      43.9,
      4.5,
      1.0,
      2.4,
      68.4,
      80.8,
      45.6,
      26.2,
      21.5,
      23.0,
      9.7,
      3.3,
      117.0,
      109.0,
      55.1,
      0.0,
      134.0,
      21.2,
      2.1,
      33.0,
      49.6
    ],
    [
      140.0,
      135.0,
      130.0,
      136.0,
      135.0,
      133.0,
      146.0,
      135.0,
      133.0,
      144.0,
      136.0,
      134.0,
      144.0,
      136.0,
      135.0,
      134.0,
      131.0,
      188.0,
      108.0,
      150.0,
      133.0,
      142.0,
      149.0,
      146.0,
      145.0,
      122.0,
      50.0,
      96.2,
      134.0,
      0.0,
      124.0,
      132.0,
      127.0,
      149.0
    ],
    [
      23.7,
      21.6,
      19.7,
      22.7,
      21.5,
      19.3,
      28.9,
      21.8,
      16.5,
      27.4,
      28.3,
      20.8,
      27.5,
      22.4,
      22.0,
      20.7,
      20.2,
      82.3,
      82.5,
      31.9,
      10.9,
      25.1,
      32.6,
      29.1,
      27.8,
      107.0,
      99.0,
      30.4,
      21.2,
      124.0,
      0.0,
      19.5,
      17.0,
      38.9
    ],
    [
      5.9,
      2.5,
      3.4,
      3.2,
      3.2,
      4.0,
      10.7,
      2.7,
      20.3,
      5.5,
      4.9,
      1.7,
      4.1,
      47.2,
      4.3,
      3.3,
      4.0,
      69.5,
      78.5,
      48.8,
      29.5,
      28.9,
      24.0,
      10.9,
      5.0,
      115.0,
      107.0,
      52.8,
      2.1,
      132.0,
      19.5,
      0.0,
      42.8,
      59.5
    ],
    [
      35.1,
      35.4,
      31.1,
      42.1,
      42.5,
      30.7,
      40.3,
      42.2,
      23.6,
      38.8,
      39.7,
      32.8,
      39.0,
      10.3,
      41.2,
      32.1,
      31.6,
      99.8,
      123.0,
      30.2,
      13.6,
      32.2,
      44.1,
      40.5,
      39.3,
      82.1,
      102.0,
      48.0,
      33.0,
      127.0,
      17.0,
      42.8,
      0.0,
      29.0
    ],
    [
      51.8,
      52.0,
      47.8,
      58.8,
      59.2,
      47.4,
      57.0,
      58.9,
      40.3,
      55.5,
      56.4,
      49.5,
      55.7,
      37.1,
      57.9,
      48.8,
      48.3,
      121.0,
      145.0,
      46.9,
      30.3,
      48.9,
      60.8,
      57.2,
      56.0,
      79.4,
      123.0,
      69.6,
      49.6,
      149.0,
      38.9,
      59.5,
      29.0,
      0.0
    ]
  ],
  "drive_time_matrix": [
    [
      0.0,
      12.0,
      12.0,
      14.0,
      16.0,
      18.0,
      20.0,
      13.0,
      19.0,
      5.0,
      13.0,
      14.0,
      9.0,
      52.0,
      22.0,
      14.0,
      11.0,
      69.0,
      105.0,
      49.0,
      36.0,
      35.0,
      34.0,
      21.0,
      5.0,
      98.0,
      90.0,
      60.0,
      14.0,
      127.0,
      31.0,
      19.0,
      39.0,
      48.0
    ],
    [
      12.0,
      0.0,
      6.0,
      8.0,
      7.0,
      11.0,
      23.0,
      6.0,
      27.0,
      11.0,
      12.0,
      11.0,
      8.0,
      59.0,
      12.0,
      6.0,
      7.0,
      72.0,
      99.0,
      56.0,
      41.0,
      43.0,
      42.0,
      24.0,
      10.0,
      99.0,
      90.0,
      61.0,
      7.0,
      128.0,
      36.0,
      8.0,
      46.0,
      56.0
    ],
    [
      12.0,
      6.0,
      0.0,
      13.0,
      13.0,
      8.0,
      26.0,
      12.0,
      21.0,
      11.0,
      15.0,
      8.0,
      12.0,
      53.0,
      17.0,
      12.0,
      11.0,
      73.0,
      98.0,
      49.0,
      36.0,
      38.0,
      42.0,
      27.0,
      10.0,
      98.0,
      89.0,
      60.0,
      9.0,
      127.0,
      31.0,
      9.0,
      40.0,
      49.0
    ],
    [
      14.0,
      8.0,
      13.0,
      0.0,
      15.0,
      16.0,
      21.0,
      7.0,
      26.0,
      14.0,
      17.0,
      11.0,
      11.0,
      59.0,
      14.0,
      13.0,
      14.0,
      71.0,
      97.0,
      55.0,
      43.0,
      43.0,
      42.0,
      22.0,
      13.0,
      97.0,
      88.0,
      59.0,
      9.0,
      126.0,
      34.0,
      10.0,
      46.0,
      55.0
    ],
    [
      16.0,
      7.0,
      13.0,
      15.0,
      0.0,
      18.0,
      23.0,
      12.0,
      27.0,
      15.0,
      9.0,
      13.0,
      13.0,
      60.0,
      12.0,
      15.0,
      16.0,
      73.0,
      98.0,
      57.0,
      44.0,
      44.0,
      43.0,
      23.0,
      17.0,
      98.0,
      89.0,
      60.0,
      11.0,
      127.0,
      35.0,
      11.0,
      47.0,
      56.0
    ],
    [
      18.0,
      11.0,
      8.0,
      16.0,
      18.0,
      0.0,
      29.0,
      14.0,
      23.0,
      16.0,
      15.0,
      9.0,
      15.0,
      53.0,
      18.0,
      6.0,
      6.0,
      78.0,
      96.0,
      50.0,
      37.0,
      39.0,
      47.0,
      30.0,
      15.0,
      96.0,
      88.0,
      58.0,
      11.0,
      125.0,
      32.0,
      10.0,
      40.0,
      50.0
    ],
    [
      20.0,
      23.0,
      26.0,
      21.0,
      23.0,
      29.0,
      0.0,
      21.0,
      25.0,
      19.0,
      17.0,
      26.0,
      17.0,
      58.0,
      26.0,
      26.0,
      26.0,
      67.0,
      104.0,
      53.0,
      41.0,
      41.0,
      40.0,
      3.0,
      21.0,
      104.0,
      95.0,
      66.0,
      25.0,
      133.0,
      36.0,
      23.0,
      44.0,
      54.0
    ],
    [
      13.0,
      6.0,
      12.0,
      7.0,
      12.0,
      14.0,
      21.0,
      0.0,
      26.0,
      12.0,
      6.0,
      8.0,
      9.0,
      59.0,
      12.0,
      11.0,
      12.0,
      72.0,
      99.0,
      56.0,
      43.0,
      43.0,
      42.0,
      22.0,
      11.0,
      99.0,
      90.0,
      60.0,
      7.0,
      128.0,
      35.0,
      8.0,
      46.0,
      56.0
    ],
    [
      19.0,
      27.0,
      21.0,
      26.0,
      27.0,
      23.0,
      25.0,
      26.0,
      0.0,
      19.0,
      21.0,
      26.0,
      19.0,
      44.0,
      30.0,
      23.0,
      23.0,
      71.0,
      99.0,
      41.0,
      25.0,
      17.0,
      28.0,
      23.0,
      17.0,
      92.0,
      84.0,
      54.0,
      25.0,
      121.0,
      24.0,
      25.0,
      31.0,
      41.0
    ],
    [
      5.0,
      11.0,
      11.0,
      14.0,
      15.0,
      16.0,
      19.0,
      12.0,
      19.0,
      0.0,
      13.0,
      14.0,
      5.0,
      54.0,
      21.0,
      14.0,
      11.0,
      66.0,
      104.0,
      51.0,
      38.0,
      37.0,
      37.0,
      20.0,
      16.0,
      100.0,
      92.0,
      62.0,
      14.0,
      129.0,
      33.0,
      18.0,
      40.0,
      50.0
    ],
    [
      13.0,
      12.0,
      15.0,
      17.0,
      9.0,
      15.0,
      17.0,
      6.0,
      21.0,
      13.0,
      0.0,
      14.0,
      7.0,
      56.0,
      15.0,
      15.0,
      17.0,
      69.0,
      98.0,
      53.0,
      40.0,
      39.0,
      39.0,
      19.0,
      13.0,
      98.0,
      90.0,
      60.0,
      13.0,
      127.0,
      35.0,
      12.0,
      42.0,
      52.0
    ],
    [
      14.0,
      11.0,
      8.0,
      11.0,
      13.0,
      9.0,
      26.0,
      8.0,
      26.0,
      14.0,
      14.0,
      0.0,
      10.0,
      58.0,
      14.0,
      11.0,
      6.0,
      74.0,
      98.0,
      55.0,
      40.0,
      41.0,
      44.0,
      26.0,
      12.0,
      98.0,
      89.0,
      60.0,
      6.0,
      127.0,
      34.0,
      7.0,
      44.0,
      54.0
    ],
    [
      9.0,
      8.0,
      12.0,
      11.0,
      13.0,
      15.0,
      17.0,
      9.0,
      19.0,
      5.0,
      7.0,
      10.0,
      0.0,
      54.0,
      16.0,
      10.0,
      12.0,
      66.0,
      103.0,
      50.0,
      38.0,
      37.0,
      37.0,
      19.0,
      8.0,
      100.0,
      91.0,
      62.0,
      9.0,
      129.0,
      32.0,
      12.0,
      40.0,
      50.0
    ],
    [
      52.0,
      59.0,
      53.0,
      59.0,
      60.0,
      53.0,
      58.0,
      59.0,
      44.0,
      54.0,
      56.0,
      58.0,
      54.0,
      0.0,
      65.0,
      57.0,
      57.0,
      101.0,
      116.0,
      38.0,
      35.0,
      62.0,
      73.0,
      60.0,
      54.0,
      96.0,
      89.0,
      59.0,
      63.0,
      127.0,
      38.0,
      57.0,
      18.0,
      42.0
    ],
    [
      22.0,
      12.0,
      17.0,
      14.0,
      12.0,
      18.0,
      26.0,
      12.0,
      30.0,
      21.0,
      15.0,
      14.0,
      16.0,
      65.0,
      0.0,
      15.0,
      16.0,
      71.0,
      97.0,
      58.0,
      44.0,
      50.0,
      50.0,
      28.0,
      21.0,
      97.0,
      89.0,
      59.0,
      13.0,
      126.0,
      34.0,
      13.0,
      48.0,
      57.0
    ],
    [
      14.0,
      6.0,
      12.0,
      13.0,
      15.0,
      6.0,
      26.0,
      11.0,
      23.0,
      14.0,
      15.0,
      11.0,
      10.0,
      57.0,
      15.0,
      0.0,
      12.0,
      76.0,
      98.0,
      52.0,
      38.0,
      39.0,
      44.0,
      29.0,
      13.0,
      98.0,
      89.0,
      60.0,
      13.0,
      127.0,
      34.0,
      9.0,
      41.0,
      52.0
    ],
    [
      11.0,
      7.0,
      11.0,
      14.0,
      16.0,
      6.0,
      26.0,
      12.0,
      23.0,
      11.0,
      17.0,
      6.0,
      12.0,
      57.0,
      16.0,
      12.0,
      0.0,
      73.0,
      100.0,
      52.0,
      38.0,
      39.0,
      43.0,
      27.0,
      11.0,
      101.0,
      92.0,
      62.0,
      8.0,
      129.0,
      33.0,
      11.0,
      41.0,
      52.0
    ],
    [
      69.0,
      72.0,
      73.0,
      71.0,
      73.0,
      78.0,
      67.0,
      72.0,
      71.0,
      66.0,
      69.0,
      74.0,
      66.0,
      101.0,
      71.0,
      76.0,
      73.0,
      0.0,
      133.0,
      103.0,
      91.0,
      91.0,
      91.0,
      67.0,
      72.0,
      135.0,
      126.0,
      97.0,
      76.0,
      164.0,
      80.0,
      75.0,
      88.0,
      101.0
    ],
    [
      105.0,
      99.0,
      98.0,
      97.0,
      98.0,
      96.0,
      104.0,
      99.0,
      99.0,
      104.0,
      98.0,
      98.0,
      103.0,
      116.0,
      97.0,
      98.0,
      100.0,
      133.0,
      0.0,
      120.0,
      108.0,
      117.0,
      124.0,
      104.0,
      104.0,
      101.0,
      80.0,
      80.0,
      96.0,
      115.0,
      95.0,
      90.0,
      101.0,
      114.0
    ],
    [
      49.0,
      56.0,
      49.0,
      55.0,
      57.0,
      50.0,
      53.0,
      56.0,
      41.0,
      51.0,
      53.0,
      55.0,
      50.0,
      38.0,
      58.0,
      52.0,
      52.0,
      103.0,
      120.0,
      0.0,
      29.0,
      54.0,
      62.0,
      50.0,
      47.0,
      98.0,
      92.0,
      62.0,
      56.0,
      129.0,
      41.0,
      50.0,
      33.0,
      42.0
    ],
    [
      36.0,
      41.0,
      36.0,
      43.0,
      44.0,
      37.0,
      41.0,
      43.0,
      25.0,
      38.0,
      40.0,
      40.0,
      38.0,
      35.0,
      44.0,
      38.0,
      38.0,
      91.0,
      108.0,
      29.0,
      0.0,
      40.0,
      53.0,
      44.0,
      38.0,
      89.0,
      80.0,
      50.0,
      46.0,
      118.0,
      19.0,
      41.0,
      21.0,
      30.0
    ],
    [
      35.0,
      43.0,
      38.0,
      43.0,
      44.0,
      39.0,
      41.0,
      43.0,
      17.0,
      37.0,
      39.0,
      41.0,
      37.0,
      62.0,
      50.0,
      39.0,
      39.0,
      91.0,
      117.0,
      54.0,
      40.0,
      0.0,
      11.0,
      39.0,
      33.0,
      109.0,
      101.0,
      71.0,
      41.0,
      138.0,
      41.0,
      42.0,
      48.0,
      58.0
    ],
    [
      34.0,
      42.0,
      42.0,
      42.0,
      43.0,
      47.0,
      40.0,
      42.0,
      28.0,
      37.0,
      39.0,
      44.0,
      37.0,
      73.0,
      50.0,
      44.0,
      43.0,
      91.0,
      124.0,
      62.0,
      53.0,
      11.0,
      0.0,
      40.0,
      36.0,
      117.0,
      108.0,
      78.0,
      45.0,
      146.0,
      48.0,
      44.0,
      57.0,
      66.0
    ],
    [
      21.0,
      24.0,
      27.0,
      22.0,
      23.0,
      30.0,
      3.0,
      22.0,
      23.0,
      20.0,
      19.0,
      26.0,
      19.0,
      60.0,
      28.0,
      29.0,
      27.0,
      67.0,
      104.0,
      50.0,
      44.0,
      39.0,
      40.0,
      0.0,
      21.0,
      105.0,
      96.0,
      66.0,
      25.0,
      134.0,
      37.0,
      23.0,
      45.0,
      54.0
    ],
    [
      5.0,
      10.0,
      10.0,
      13.0,
      17.0,
      15.0,
      21.0,
      11.0,
      17.0,
      16.0,
      13.0,
      12.0,
      8.0,
      54.0,
      21.0,
      13.0,
      11.0,
      72.0,
      104.0,
      47.0,
      38.0,
      33.0,
      36.0,
      21.0,
      0.0,
      102.0,
      93.0,
      63.0,
      12.0,
      131.0,
      34.0,
      16.0,
      41.0,
      52.0
    ],
    [
      98.0,
      99.0,
      98.0,
      97.0,
      98.0,
      96.0,
      104.0,
      99.0,
      92.0,
      100.0,
      98.0,
      98.0,
      100.0,
      96.0,
      97.0,
      98.0,
      101.0,
      135.0,
      101.0,
      98.0,
      89.0,
      109.0,
      117.0,
      105.0,
      102.0,
      0.0,
      76.0,
      66.0,
      98.0,
      114.0,
      83.0,
      92.0,
      83.0,
      88.0
    ],
    [
      90.0,
      90.0,
      89.0,
      88.0,
      89.0,
      88.0,
      95.0,
      90.0,
      84.0,
      92.0,
      90.0,
      89.0,
      91.0,
      89.0,
      89.0,
      89.0,
      92.0,
      126.0,
      80.0,
      92.0,
      80.0,
      101.0,
      108.0,
      96.0,
      93.0,
      76.0,
      0.0,
      61.0,
      93.0,
      72.0,
      77.0,
      87.0,
      79.0,
      92.0
    ],
    [
      60.0,
      61.0,
      60.0,
      59.0,
      60.0,
      58.0,
      66.0,
      60.0,
      54.0,
      62.0,
      60.0,
      60.0,
      62.0,
      59.0,
      59.0,
      60.0,
      62.0,
      97.0,
      80.0,
      62.0,
      50.0,
      71.0,
      78.0,
      66.0,
      63.0,
      66.0,
      61.0,
      0.0,
      58.0,
      94.0,
      42.0,
      53.0,
      45.0,
      58.0
    ],
    [
      14.0,
      7.0,
      9.0,
      9.0,
      11.0,
      11.0,
      25.0,
      7.0,
      25.0,
      14.0,
      13.0,
      6.0,
      9.0,
      63.0,
      13.0,
      13.0,
      8.0,
      76.0,
      96.0,
      56.0,
      46.0,
      41.0,
      45.0,
      25.0,
      12.0,
      98.0,
      93.0,
      58.0,
      0.0,
      128.0,
      36.0,
      8.0,
      45.0,
      55.0
    ],
    [
      127.0,
      128.0,
      127.0,
      126.0,
      127.0,
      125.0,
      133.0,
      128.0,
      121.0,
      129.0,
      127.0,
      127.0,
      129.0,
      127.0,
      126.0,
      127.0,
      129.0,
      164.0,
      115.0,
      129.0,
      118.0,
      138.0,
      146.0,
      134.0,
      131.0,
      114.0,
      72.0,
      94.0,
      128.0,
      0.0,
      110.0,
      119.0,
      111.0,
      125.0
    ],
    [
      31.0,
      36.0,
      31.0,
      34.0,
      35.0,
      32.0,
      36.0,
      35.0,
      24.0,
      33.0,
      35.0,
      34.0,
      32.0,
      38.0,
      34.0,
      34.0,
      33.0,
      80.0,
      95.0,
      41.0,
      19.0,
      41.0,
      48.0,
      37.0,
      34.0,
      83.0,
      77.0,
      42.0,
      36.0,
      110.0,
      0.0,
      29.0,
      30.0,
      40.0
    ],
    [
      19.0,
      8.0,
      9.0,
      10.0,
      11.0,
      10.0,
      23.0,
      8.0,
      25.0,
      18.0,
      12.0,
      7.0,
      12.0,
      57.0,
      13.0,
      9.0,
      11.0,
      75.0,
      90.0,
      50.0,
      41.0,
      42.0,
      44.0,
      23.0,
      16.0,
      92.0,
      87.0,
      53.0,
      8.0,
      119.0,
      29.0,
      0.0,
      45.0,
      55.0
    ],
    [
      39.0,
      46.0,
      40.0,
      46.0,
      47.0,
      40.0,
      44.0,
      46.0,
      31.0,
      40.0,
      42.0,
      44.0,
      40.0,
      18.0,
      48.0,
      41.0,
      41.0,
      88.0,
      101.0,
      33.0,
      21.0,
      48.0,
      57.0,
      45.0,
      41.0,
      83.0,
      79.0,
      45.0,
      45.0,
      111.0,
      30.0,
      45.0,
      0.0,
      29.0
    ],
    [
      48.0,
      56.0,
      49.0,
      55.0,
      56.0,
      50.0,
      54.0,
      56.0,
      41.0,
      50.0,
      52.0,
      54.0,
      50.0,
      42.0,
      57.0,
      52.0,
      52.0,
      101.0,
      114.0,
      42.0,
      30.0,
      58.0,
      66.0,
      54.0,
      52.0,
      88.0,
      92.0,
      58.0,
      55.0,
      125.0,
      40.0,
      55.0,
      29.0,
      0.0
    ]
  ],
  "transit_dist_walk_matrix": [
    [
      0.0,
      NaN,
      NaN,
      NaN,
      NaN,
      NaN,
      NaN,
      NaN,
      NaN,
      NaN,
      NaN,
      NaN,
      NaN,
      NaN,
      NaN,
      NaN,
      NaN,
      NaN,
      NaN,
      NaN,
      NaN,
      NaN,
      NaN,
      NaN,
      NaN,
      NaN,
      NaN,
      NaN,
      NaN,
      NaN,
      NaN,
      NaN,
      NaN,
      NaN
    ],
    [
      NaN,
      0.0,
      NaN,
      NaN,
      NaN,
      NaN,
      NaN,
      NaN,
      NaN,
      NaN,
      NaN,
      NaN,
      NaN,
      NaN,
      NaN,
      NaN,
      NaN,
      NaN,
      NaN,
      NaN,
      NaN,
      NaN,
      NaN,
      NaN,
      NaN,
      NaN,
      NaN,
      NaN,
      NaN,
      NaN,
      NaN,
      NaN,
      NaN,
      NaN
    ],
    [
      NaN,
      NaN,
      0.0,
      NaN,
      NaN,
      NaN,
      NaN,
      NaN,
      NaN,
      NaN,
      NaN,
      NaN,
      NaN,
      NaN,
      NaN,
      NaN,
      NaN,
      NaN,
      NaN,
      NaN,
      NaN,
      NaN,
      NaN,
      NaN,
      NaN,
      NaN,
      NaN,
      NaN,
      NaN,
      NaN,
      NaN,
      NaN,
      NaN,
      NaN
    ],
    [
      NaN,
      NaN,
      NaN,
      0.0,
      NaN,
      NaN,
      NaN,
      NaN,
      NaN,
      NaN,
      NaN,
      NaN,
      NaN,
      NaN,
      NaN,
      NaN,
      NaN,
      NaN,
      NaN,
      NaN,
      NaN,
      NaN,
      NaN,
      NaN,
      NaN,
      NaN,
      NaN,
      NaN,
      NaN,
      NaN,
      NaN,
      NaN,
      NaN,
      NaN
    ],
    [
      NaN,
      NaN,
      NaN,
      NaN,
      0.0,
      NaN,
      NaN,
      NaN,
      NaN,
      NaN,
      NaN,
      NaN,
      NaN,
      NaN,
      NaN,
      NaN,
      NaN,
      NaN,
      NaN,
      NaN,
      NaN,
      NaN,
      NaN,
      NaN,
      NaN,
      NaN,
      NaN,
      NaN,
      NaN,
      NaN,
      NaN,
      NaN,
      NaN,
      NaN
    ],
    [
      NaN,
      NaN,
      NaN,
      NaN,
      NaN,
      0.0,
      NaN,
      NaN,
      NaN,
      NaN,
      NaN,
      NaN,
      NaN,
      NaN,
      NaN,
      NaN,
      NaN,
      NaN,
      NaN,
      NaN,
      NaN,
      NaN,
      NaN,
      NaN,
      NaN,
      NaN,
      NaN,
      NaN,
      NaN,
      NaN,
      NaN,
      NaN,
      NaN,
      NaN
    ],
    [
      NaN,
      NaN,
      NaN,
      NaN,
      NaN,
      NaN,
      0.0,
      NaN,
      NaN,
      NaN,
      NaN,
      NaN,
      NaN,
      NaN,
      NaN,
      NaN,
      NaN,
      NaN,
      NaN,
      NaN,
      NaN,
      NaN,
      NaN,
      NaN,
      NaN,
      NaN,
      NaN,
      NaN,
      NaN,
      NaN,
      NaN,
      NaN,
      NaN,
      NaN
    ],
    [
      NaN,
      NaN,
      NaN,
      NaN,
      NaN,
      NaN,
      NaN,
      0.0,
      NaN,
      NaN,
      NaN,
      NaN,
      NaN,
      NaN,
      NaN,
      NaN,
      NaN,
      NaN,
      NaN,
      NaN,
      NaN,
      NaN,
      NaN,
      NaN,
      NaN,
      NaN,
      NaN,
      NaN,
      NaN,
      NaN,
      NaN,
      NaN,
      NaN,
      NaN
    ],
    [
      NaN,
      NaN,
      NaN,
      NaN,
      NaN,
      NaN,
      NaN,
      NaN,
      0.0,
      NaN,
      NaN,
      NaN,
      NaN,
      NaN,
      NaN,
      NaN,
      NaN,
      NaN,
      NaN,
      NaN,
      NaN,
      NaN,
      NaN,
      NaN,
      NaN,
      NaN,
      NaN,
      NaN,
      NaN,
      NaN,
      NaN,
      NaN,
      NaN,
      NaN
    ],
    [
      NaN,
      NaN,
      NaN,
      NaN,
      NaN,
      NaN,
      NaN,
      NaN,
      NaN,
      0.0,
      NaN,
      NaN,
      NaN,
      NaN,
      NaN,
      NaN,
      NaN,
      NaN,
      NaN,
      NaN,
      NaN,
      NaN,
      NaN,
      NaN,
      NaN,
      NaN,
      NaN,
      NaN,
      NaN,
      NaN,
      NaN,
      NaN,
      NaN,
      NaN
    ],
    [
      NaN,
      NaN,
      NaN,
      NaN,
      NaN,
      NaN,
      NaN,
      NaN,
      NaN,
      NaN,
      0.0,
      NaN,
      NaN,
      NaN,
      NaN,
      NaN,
      NaN,
      NaN,
      NaN,
      NaN,
      NaN,
      NaN,
      NaN,
      NaN,
      NaN,
      NaN,
      NaN,
      NaN,
      NaN,
      NaN,
      NaN,
      NaN,
      NaN,
      NaN
    ],
    [
      NaN,
      NaN,
      NaN,
      NaN,
      NaN,
      NaN,
      NaN,
      NaN,
      NaN,
      NaN,
      NaN,
      0.0,
      NaN,
      NaN,
      NaN,
      NaN,
      NaN,
      NaN,
      NaN,
      NaN,
      NaN,
      NaN,
      NaN,
      NaN,
      NaN,
      NaN,
      NaN,
      NaN,
      NaN,
      NaN,
      NaN,
      NaN,
      NaN,
      NaN
    ],
    [
      NaN,
      NaN,
      NaN,
      NaN,
      NaN,
      NaN,
      NaN,
      NaN,
      NaN,
      NaN,
      NaN,
      NaN,
      0.0,
      NaN,
      NaN,
      NaN,
      NaN,
      NaN,
      NaN,
      NaN,
      NaN,
      NaN,
      NaN,
      NaN,
      NaN,
      NaN,
      NaN,
      NaN,
      NaN,
      NaN,
      NaN,
      NaN,
      NaN,
      NaN
    ],
    [
      NaN,
      NaN,
      NaN,
      NaN,
      NaN,
      NaN,
      NaN,
      NaN,
      NaN,
      NaN,
      NaN,
      NaN,
      NaN,
      0.0,
      NaN,
      NaN,
      NaN,
      NaN,
      NaN,
      NaN,
      NaN,
      NaN,
      NaN,
      NaN,
      NaN,
      NaN,
      NaN,
      NaN,
      NaN,
      NaN,
      NaN,
      NaN,
      NaN,
      NaN
    ],
    [
      NaN,
      NaN,
      NaN,
      NaN,
      NaN,
      NaN,
      NaN,
      NaN,
      NaN,
      NaN,
      NaN,
      NaN,
      NaN,
      NaN,
      0.0,
      NaN,
      NaN,
      NaN,
      NaN,
      NaN,
      NaN,
      NaN,
      NaN,
      NaN,
      NaN,
      NaN,
      NaN,
      NaN,
      NaN,
      NaN,
      NaN,
      NaN,
      NaN,
      NaN
    ],
    [
      NaN,
      NaN,
      NaN,
      NaN,
      NaN,
      NaN,
      NaN,
      NaN,
      NaN,
      NaN,
      NaN,
      NaN,
      NaN,
      NaN,
      NaN,
      0.0,
      NaN,
      NaN,
      NaN,
      NaN,
      NaN,
      NaN,
      NaN,
      NaN,
      NaN,
      NaN,
      NaN,
      NaN,
      NaN,
      NaN,
      NaN,
      NaN,
      NaN,
      NaN
    ],
    [
      NaN,
      NaN,
      NaN,
      NaN,
      NaN,
      NaN,
      NaN,
      NaN,
      NaN,
      NaN,
      NaN,
      NaN,
      NaN,
      NaN,
      NaN,
      NaN,
      0.0,
      NaN,
      NaN,
      NaN,
      NaN,
      NaN,
      NaN,
      NaN,
      NaN,
      NaN,
      NaN,
      NaN,
      NaN,
      NaN,
      NaN,
      NaN,
      NaN,
      NaN
    ],
    [
      NaN,
      NaN,
      NaN,
      NaN,
      NaN,
      NaN,
      NaN,
      NaN,
      NaN,
      NaN,
      NaN,
      NaN,
      NaN,
      NaN,
      NaN,
      NaN,
      NaN,
      0.0,
      NaN,
      NaN,
      NaN,
      NaN,
      NaN,
      NaN,
      NaN,
      NaN,
      NaN,
      NaN,
      NaN,
      NaN,
      NaN,
      NaN,
      NaN,
      NaN
    ],
    [
      NaN,
      NaN,
      NaN,
      NaN,
      NaN,
      NaN,
      NaN,
      NaN,
      NaN,
      NaN,
      NaN,
      NaN,
      NaN,
      NaN,
      NaN,
      NaN,
      NaN,
      NaN,
      0.0,
      NaN,
      NaN,
      NaN,
      NaN,
      NaN,
      NaN,
      NaN,
      NaN,
      NaN,
      NaN,
      NaN,
      NaN,
      NaN,
      NaN,
      NaN
    ],
    [
      NaN,
      NaN,
      NaN,
      NaN,
      NaN,
      NaN,
      NaN,
      NaN,
      NaN,
      NaN,
      NaN,
      NaN,
      NaN,
      NaN,
      NaN,
      NaN,
      NaN,
      NaN,
      NaN,
      0.0,
      NaN,
      NaN,
      NaN,
      NaN,
      NaN,
      NaN,
      NaN,
      NaN,
      NaN,
      NaN,
      NaN,
      NaN,
      NaN,
      NaN
    ],
    [
      NaN,
      NaN,
      NaN,
      NaN,
      NaN,
      NaN,
      NaN,
      NaN,
      NaN,
      NaN,
      NaN,
      NaN,
      NaN,
      NaN,
      NaN,
      NaN,
      NaN,
      NaN,
      NaN,
      NaN,
      0.0,
      NaN,
      NaN,
      NaN,
      NaN,
      NaN,
      NaN,
      NaN,
      NaN,
      NaN,
      NaN,
      NaN,
      NaN,
      NaN
    ],
    [
      NaN,
      NaN,
      NaN,
      NaN,
      NaN,
      NaN,
      NaN,
      NaN,
      NaN,
      NaN,
      NaN,
      NaN,
      NaN,
      NaN,
      NaN,
      NaN,
      NaN,
      NaN,
      NaN,
      NaN,
      NaN,
      0.0,
      NaN,
      NaN,
      NaN,
      NaN,
      NaN,
      NaN,
      NaN,
      NaN,
      NaN,
      NaN,
      NaN,
      NaN
    ],
    [
      NaN,
      NaN,
      NaN,
      NaN,
      NaN,
      NaN,
      NaN,
      NaN,
      NaN,
      NaN,
      NaN,
      NaN,
      NaN,
      NaN,
      NaN,
      NaN,
      NaN,
      NaN,
      NaN,
      NaN,
      NaN,
      NaN,
      0.0,
      NaN,
      NaN,
      NaN,
      NaN,
      NaN,
      NaN,
      NaN,
      NaN,
      NaN,
      NaN,
      NaN
    ],
    [
      NaN,
      NaN,
      NaN,
      NaN,
      NaN,
      NaN,
      NaN,
      NaN,
      NaN,
      NaN,
      NaN,
      NaN,
      NaN,
      NaN,
      NaN,
      NaN,
      NaN,
      NaN,
      NaN,
      NaN,
      NaN,
      NaN,
      NaN,
      0.0,
      NaN,
      NaN,
      NaN,
      NaN,
      NaN,
      NaN,
      NaN,
      NaN,
      NaN,
      NaN
    ],
    [
      NaN,
      NaN,
      NaN,
      NaN,
      NaN,
      NaN,
      NaN,
      NaN,
      NaN,
      NaN,
      NaN,
      NaN,
      NaN,
      NaN,
      NaN,
      NaN,
      NaN,
      NaN,
      NaN,
      NaN,
      NaN,
      NaN,
      NaN,
      NaN,
      0.0,
      NaN,
      NaN,
      NaN,
      NaN,
      NaN,
      NaN,
      NaN,
      NaN,
      NaN
    ],
    [
      NaN,
      NaN,
      NaN,
      NaN,
      NaN,
      NaN,
      NaN,
      NaN,
      NaN,
      NaN,
      NaN,
      NaN,
      NaN,
      NaN,
      NaN,
      NaN,
      NaN,
      NaN,
      NaN,
      NaN,
      NaN,
      NaN,
      NaN,
      NaN,
      NaN,
      0.0,
      NaN,
      NaN,
      NaN,
      NaN,
      NaN,
      NaN,
      NaN,
      NaN
    ],
    [
      NaN,
      NaN,
      NaN,
      NaN,
      NaN,
      NaN,
      NaN,
      NaN,
      NaN,
      NaN,
      NaN,
      NaN,
      NaN,
      NaN,
      NaN,
      NaN,
      NaN,
      NaN,
      NaN,
      NaN,
      NaN,
      NaN,
      NaN,
      NaN,
      NaN,
      NaN,
      0.0,
      NaN,
      NaN,
      NaN,
      NaN,
      NaN,
      NaN,
      NaN
    ],
    [
      NaN,
      NaN,
      NaN,
      NaN,
      NaN,
      NaN,
      NaN,
      NaN,
      NaN,
      NaN,
      NaN,
      NaN,
      NaN,
      NaN,
      NaN,
      NaN,
      NaN,
      NaN,
      NaN,
      NaN,
      NaN,
      NaN,
      NaN,
      NaN,
      NaN,
      NaN,
      NaN,
      0.0,
      NaN,
      NaN,
      NaN,
      NaN,
      NaN,
      NaN
    ],
    [
      NaN,
      NaN,
      NaN,
      NaN,
      NaN,
      NaN,
      NaN,
      NaN,
      NaN,
      NaN,
      NaN,
      NaN,
      NaN,
      NaN,
      NaN,
      NaN,
      NaN,
      NaN,
      NaN,
      NaN,
      NaN,
      NaN,
      NaN,
      NaN,
      NaN,
      NaN,
      NaN,
      NaN,
      0.0,
      NaN,
      NaN,
      NaN,
      NaN,
      NaN
    ],
    [
      NaN,
      NaN,
      NaN,
      NaN,
      NaN,
      NaN,
      NaN,
      NaN,
      NaN,
      NaN,
      NaN,
      NaN,
      NaN,
      NaN,
      NaN,
      NaN,
      NaN,
      NaN,
      NaN,
      NaN,
      NaN,
      NaN,
      NaN,
      NaN,
      NaN,
      NaN,
