{
  "drive_dist_matrix": [
    [
      0.0,
      6.0,
      0.14,
      0.4,
      4.0,
      0.6,
      4.9,
      0.35,
      0.35,
      0.5,
      0.6,
      27.1,
      3.0,
      3.2,
      0.9,
      1.0,
      0.016,
      6.0,
      4.3,
      3.4,
      6.1,
      4.8,
      0.35,
      5.4,
      0.4,
      7.8,
      3.1,
      15.3,
      4.1,
      2.8,
      5.9,
      0.6,
      0.85,
      7.9,
      0.55,
      0.4,
      0.3,
      0.19,
      0.75,
      3.5,
      0.22,
      4.6,
      1.1,
      52.5,
      4.7,
      0.65,
      0.75,
      3.7,
      17.9,
      4.1,
      36.1,
      4.0,
      9.8,
      0.55
    ],
    [
      6.0,
      0.0,
      5.2,
      3.6,
      7.8,
      5.3,
      1.8,
      5.5,
      3.6,
      4.9,
      4.9,
      21.8,
      5.2,
      4.4,
      5.3,
      3.6,
      5.1,
      0.55,
      3.0,
      4.0,
      0.6,
      2.3,
      5.0,
      0.8,
      3.5,
      3.8,
      3.7,
      10.0,
      5.3,
      5.2,
      0.35,
      4.8,
      5.2,
      3.9,
      4.5,
      3.5,
      5.6,
      3.6,
      5.9,
      2.6,
      3.6,
      3.8,
      3.7,
      49.1,
      7.6,
      6.1,
      5.2,
      5.4,
      12.6,
      3.3,
      30.3,
      4.0,
      8.6,
      4.7
    ],
    [
      0.14,
      5.2,
      0.0,
      0.5,
      3.9,
      0.75,
      3.8,
      0.45,
      0.45,
      0.55,
      0.6,
      25.8,
      2.0,
      3.0,
      1.0,
      1.2,
      0.12,
      4.7,
      2.8,
      3.3,
      4.9,
      3.5,
      0.55,
      4.1,
      0.4,
      7.1,
      3.0,
      14.0,
      3.9,
      2.7,
      4.7,
      0.7,
      0.9,
      7.2,
      0.4,
      0.45,
      0.45,
      0.22,
      0.75,
      3.3,
      0.19,
      3.6,
      1.3,
      51.5,
      3.6,
      0.75,
      0.75,
      3.5,
      16.7,
      3.9,
      31.4,
      0.55,
      9.7,
      0.5
    ],
    [
      0.4,
      3.6,
      0.5,
      0.0,
      4.6,
      0.5,
      2.8,
      0.04,
      0.15,
      0.087,
      0.8,
      24.9,
      3.1,
      1.4,
      1.1,
      1.4,
      0.4,
      3.9,
      2.1,
      0.7,
      4.0,
      2.6,
      0.15,
      3.2,
      0.45,
      5.6,
      1.3,
      13.1,
      2.6,
      0.85,
      3.8,
      0.24,
      0.95,
      5.8,
      0.9,
      0.45,
      0.35,
      0.22,
      0.75,
      1.3,
      0.3,
      4.1,
      1.5,
      52.1,
      5.2,
      0.5,
      0.85,
      1.0,
      15.8,
      1.9,
      29.9,
      1.1,
      8.2,
      0.7
    ],
    [
      4.0,
      7.8,
      3.9,
      4.6,
      0.0,
      4.6,
      6.8,
      4.5,
      5.2,
      4.2,
      3.3,
      30.0,
      3.7,
      4.8,
      3.0,
      4.1,
      4.2,
      8.6,
      4.8,
      5.1,
      8.0,
      6.4,
      4.3,
      8.3,
      5.1,
      9.5,
      4.8,
      18.2,
      5.8,
      4.5,
      7.8,
      4.1,
      2.9,
      9.6,
      3.4,
      5.1,
      4.6,
      5.2,
      3.4,
      5.1,
      5.2,
      5.3,
      4.2,
      55.2,
      0.9,
      3.6,
      2.9,
      5.4,
      20.8,
      5.7,
      38.8,
      5.7,
      11.4,
      3.7
    ],
    [
      0.6,
      5.3,
      0.75,
      0.5,
      4.6,
      0.0,
      3.0,
      0.5,
      0.6,
      0.4,
      0.9,
      25.1,
      5.1,
      1.2,
      0.8,
      2.1,
      0.65,
      4.1,
      2.3,
      0.6,
      4.2,
      2.8,
      0.35,
      3.4,
      0.9,
      5.8,
      1.2,
      13.3,
      0.9,
      0.9,
      4.0,
      0.55,
      0.9,
      5.9,
      3.0,
      0.9,
      0.45,
      0.6,
      0.35,
      1.5,
      0.7,
      4.3,
      2.2,
      52.3,
      4.8,
      0.089,
      0.75,
      0.9,
      16.0,
      2.1,
      29.4,
      1.0,
      7.7,
      4.0
    ],
    [
      4.9,
      1.8,
      3.8,
      2.8,
      6.8,
      3.0,
      0.0,
      4.1,
      2.3,
      3.5,
      3.9,
      22.8,
      3.5,
      3.0,
      3.4,
      1.7,
      3.8,
      1.9,
      1.7,
      2.6,
      1.9,
      0.6,
      3.6,
      0.75,
      2.2,
      4.3,
      2.3,
      11.0,
      4.0,
      3.8,
      1.7,
      3.5,
      4.2,
      4.4,
      3.5,
      2.2,
      4.2,
      2.3,
      4.9,
      1.2,
      2.3,
      2.1,
      2.4,
      50.0,
      5.8,
      5.5,
      4.2,
      4.1,
      13.7,
      2.0,
      28.9,
      2.7,
      7.2,
      3.3
    ],
    [
      0.35,
      5.5,
      0.45,
      0.04,
      4.5,
      0.5,
      4.1,
      0.0,
      0.077,
      0.13,
      0.85,
      24.9,
      3.0,
      1.3,
      1.1,
      1.3,
      0.35,
      3.8,
      2.1,
      0.75,
      3.9,
      2.6,
      0.21,
      3.1,
      0.45,
      5.6,
      1.3,
      13.1,
      2.5,
      0.9,
      3.7,
      0.25,
      1.0,
      5.7,
      0.85,
      0.4,
      3.8,
      0.17,
      0.75,
      1.3,
      0.25,
      4.0,
      1.4,
      51.1,
      4.7,
      0.55,
      0.85,
      3.0,
      15.7,
      1.9,
      29.8,
      0.5,
      8.2,
      0.65
    ],
    [
      0.35,
      3.6,
      0.45,
      0.15,
      5.2,
      0.6,
      2.3,
      0.077,
      0.0,
      0.23,
      0.9,
      24.9,
      3.0,
      1.3,
      3.0,
      1.3,
      0.4,
      3.8,
      2.1,
      0.85,
      3.9,
      2.6,
      0.3,
      3.1,
      0.45,
      5.6,
      1.3,
      13.1,
      2.5,
      0.9,
      3.7,
      0.29,
      1.0,
      5.7,
      0.8,
      0.45,
      0.45,
      0.17,
      0.85,
      1.3,
      0.24,
      4.0,
      1.4,
      51.1,
      4.7,
      0.6,
      0.95,
      1.1,
      15.7,
      1.9,
      29.8,
      0.4,
      8.2,
      0.6
    ],
    [
      0.5,
      4.9,
      0.55,
      0.087,
      4.2,
      0.4,
      3.5,
      0.13,
      0.23,
      0.0,
      3.7,
      25.5,
      5.5,
      1.6,
      3.7,
      2.5,
      0.5,
      4.5,
      2.7,
      0.7,
      4.6,
      3.2,
      0.079,
      3.8,
      0.55,
      6.2,
      1.6,
      13.7,
      2.5,
      0.85,
      4.4,
      0.22,
      0.9,
      6.3,
      1.0,
      0.55,
      0.28,
      0.3,
      0.7,
      1.9,
      0.4,
      4.7,
      2.6,
      52.7,
      5.2,
      0.45,
      0.75,
      1.0,
      16.4,
      2.5,
      29.8,
      0.65,
      8.1,
      0.8
    ],
    [
      0.6,
      4.9,
      0.6,
      0.8,
      3.3,
      0.9,
      3.9,
      0.85,
      0.9,
      3.7,
      0.0,
      26.3,
      2.5,
      2.4,
      0.45,
      3.3,
      0.55,
      5.3,
      3.5,
      2.7,
      5.4,
      4.0,
      0.65,
      4.6,
      2.7,
      7.0,
      2.4,
      14.5,
      3.4,
      2.1,
      5.2,
      1.7,
      0.35,
      7.2,
      0.75,
      2.7,
      0.45,
      0.8,
      0.75,
      2.7,
      0.75,
      4.1,
      3.4,
      52.0,
      3.9,
      0.85,
      0.3,
      2.9,
      17.2,
      3.3,
      35.1,
      3.2,
      9.0,
      2.2
    ],
    [
      27.1,
      21.8,
      25.8,
      24.9,
      30.0,
      25.1,
      22.8,
      24.9,
      24.9,
      25.5,
      26.3,
      0.0,
      25.8,
      25.8,
      26.8,
      25.1,
      26.6,
      22.6,
      24.5,
      25.4,
      21.9,
      24.1,
      26.5,
      22.3,
      25.0,
      24.1,
      25.1,
      14.0,
      26.8,
      26.6,
      21.7,
      26.3,
      26.7,
      24.2,
      25.9,
      25.0,
      27.0,
      25.1,
      27.4,
      24.0,
      25.1,
      24.4,
      25.2,
      33.6,
      28.5,
      30.8,
      26.7,
      26.9,
      9.3,
      24.8,
      51.7,
      25.5,
      30.0,
      26.1
    ],
    [
      3.0,
      5.2,
      2.0,
      3.1,
      3.7,
      5.1,
      3.5,
      3.0,
      3.0,
      5.5,
      2.5,
      25.8,
      0.0,
      5.4,
      2.7,
      2.5,
      2.6,
      6.5,
      3.2,
      5.7,
      5.9,
      4.1,
      4.8,
      4.7,
      5.7,
      7.8,
      5.3,
      14.1,
      6.3,
      5.0,
      5.7,
      4.7,
      2.6,
      7.9,
      1.9,
      5.7,
      3.1,
      3.1,
      3.9,
      5.2,
      2.7,
      2.8,
      2.7,
      50.9,
      4.3,
      4.1,
      2.6,
      5.9,
      16.7,
      5.4,
      32.4,
      6.2,
      10.7,
      2.2
    ],
    [
      3.2,
      4.4,
      3.0,
      1.4,
      4.8,
      1.2,
      3.0,
      1.3,
      1.3,
      1.6,
      2.4,
      25.8,
      5.4,
      0.0,
      4.1,
      2.4,
      3.9,
      3.0,
      0.65,
      0.85,
      3.6,
      2.2,
      2.0,
      2.6,
      1.7,
      4.7,
      1.0,
      12.7,
      1.9,
      0.4,
      3.4,
      1.1,
      3.9,
      4.8,
      3.6,
      0.9,
      4.3,
      1.7,
      2.9,
      0.4,
      1.8,
      3.6,
      2.5,
      51.6,
      5.4,
      3.1,
      3.8,
      0.8,
      15.4,
      0.75,
      28.4,
      2.2,
      6.7,
      3.4
    ],
    [
      0.9,
      5.3,
      1.0,
      1.1,
      3.0,
      0.8,
      3.4,
      1.1,
      3.0,
      3.7,
      0.45,
      26.8,
      2.7,
      4.1,
      0.0,
      2.9,
      0.9,
      4.8,
      3.1,
      2.2,
      4.9,
      3.6,
      0.9,
      4.2,
      2.3,
      6.6,
      1.9,
      14.1,
      2.9,
      1.6,
      4.7,
      1.2,
      0.11,
      6.7,
      2.7,
      2.3,
      0.7,
      2.4,
      0.4,
      2.3,
      2.4,
      5.0,
      3.0,
      53.3,
      3.5,
      0.75,
      0.21,
      2.5,
      16.7,
      2.9,
      30.3,
      2.8,
      8.5,
      3.4
    ],
    [
      1.0,
      3.6,
      1.2,
      1.4,
      4.1,
      2.1,
      1.7,
      1.3,
      1.3,
      2.5,
      3.3,
      25.1,
      2.5,
      2.4,
      2.9,
      0.0,
      2.1,
      3.2,
      0.85,
      3.4,
      4.8,
      2.0,
      4.1,
      2.6,
      0.8,
      5.6,
      3.0,
      12.5,
      4.6,
      4.3,
      4.5,
      3.9,
      2.6,
      5.7,
      0.9,
      0.75,
      2.5,
      2.4,
      3.2,
      2.0,
      1.0,
      0.75,
      0.039,
      49.7,
      4.2,
      3.4,
      2.6,
      4.8,
      15.2,
      2.7,
      29.9,
      0.85,
      8.2,
      0.5
    ],
    [
      0.016,
      5.1,
      0.12,
      0.4,
      4.2,
      0.65,
      3.8,
      0.35,
      0.4,
      0.5,
      0.55,
      26.6,
      2.6,
      3.9,
      0.9,
      2.1,
      0.0,
      4.7,
      2.8,
      3.3,
      4.9,
      3.6,
      0.4,
      4.2,
      0.4,
      7.2,
      3.0,
      14.1,
      4.0,
      2.7,
      4.7,
      0.65,
      0.85,
      7.3,
      0.5,
      0.45,
      0.35,
      0.21,
      0.75,
      3.3,
      1.4,
      3.7,
      1.4,
      51.5,
      3.7,
      0.65,
      0.7,
      3.6,
      16.7,
      4.0,
      31.4,
      0.55,
      9.7,
      0.55
    ],
    [
      6.0,
      0.55,
      4.7,
      3.9,
      8.6,
      4.1,
      1.9,
      3.8,
      3.8,
      4.5,
      5.3,
      22.6,
      6.5,
      3.0,
      4.8,
      3.2,
      4.7,
      0.0,
      3.0,
      4.0,
      1.1,
      1.1,
      5.0,
      1.1,
      3.5,
      3.8,
      3.7,
      10.0,
      5.3,
      5.2,
      0.6,
      5.0,
      5.2,
      3.9,
      4.5,
      3.5,
      5.6,
      3.6,
      6.2,
      2.6,
      3.6,
      3.8,
      3.7,
      49.1,
      7.6,
      6.9,
      5.2,
      5.6,
      12.6,
      3.5,
      30.3,
      4.0,
      8.6,
      4.7
    ],
    [
      4.3,
      3.0,
      2.8,
      2.1,
      4.8,
      2.3,
      1.7,
      2.1,
      2.1,
      2.7,
      3.5,
      24.5,
      3.2,
      0.65,
      3.1,
      0.85,
      2.8,
      3.0,
      0.0,
      1.8,
      3.0,
      1.7,
      2.8,
      2.3,
      0.8,
      4.7,
      1.4,
      12.2,
      2.6,
      3.0,
      2.8,
      2.6,
      2.8,
      4.8,
      2.1,
      0.8,
      3.5,
      1.1,
      3.4,
      0.6,
      1.2,
      3.1,
      0.8,
      51.1,
      4.6,
      3.6,
      2.8,
      3.2,
      14.8,
      1.2,
      29.0,
      0.7,
      7.3,
      0.9
    ],
    [
      3.4,
      4.0,
      3.3,
      0.7,
      5.1,
      0.6,
      2.6,
      0.75,
      0.85,
      0.7,
      2.7,
      25.4,
      5.7,
      0.85,
      2.2,
      3.4,
      3.3,
      4.0,
      1.8,
      0.0,
      4.5,
      3.2,
      0.75,
      3.7,
      1.0,
      6.2,
      0.8,
      13.7,
      0.5,
      0.45,
      4.3,
      0.55,
      2.8,
      6.3,
      3.3,
      1.0,
      1.0,
      0.95,
      0.9,
      1.8,
      1.0,
      4.6,
      2.6,
      52.6,
      4.5,
      0.65,
      2.8,
      0.3,
      16.3,
      2.5,
      29.2,
      2.4,
      7.5,
      4.3
    ],
    [
      6.1,
      0.6,
      4.9,
      4.0,
      8.0,
      4.2,
      1.9,
      3.9,
      3.9,
      4.6,
      5.4,
      21.9,
      5.9,
      3.6,
      4.9,
      4.8,
      4.9,
      1.1,
      3.0,
      4.5,
      0.0,
      2.6,
      5.3,
      1.1,
      3.8,
      4.2,
      3.9,
      10.2,
      5.6,
      5.4,
      0.55,
      5.1,
      5.5,
      4.3,
      4.7,
      3.8,
      5.8,
      3.9,
      6.5,
      2.9,
      3.9,
      4.1,
      4.0,
      49.4,
      7.9,
      7.1,
      5.5,
      5.7,
      12.8,
      3.6,
      30.5,
      4.3,
      8.0,
      4.9
    ],
    [
      4.8,
      2.3,
      3.5,
      2.6,
      6.4,
      2.8,
      0.6,
      2.6,
      2.6,
      3.2,
      4.0,
      24.1,
      4.1,
      2.2,
      3.6,
      2.0,
      3.6,
      1.1,
      1.7,
      3.2,
      2.6,
      0.0,
      4.8,
      0.4,
      3.3,
      5.4,
      3.4,
      11.1,
      5.1,
      4.9,
      1.7,
      4.6,
      5.1,
      5.5,
      4.3,
      3.3,
      4.9,
      3.4,
      5.7,
      2.4,
      3.4,
      2.2,
      2.3,
      49.7,
      5.9,
      5.9,
      5.1,
      5.2,
      13.7,
      3.1,
      30.0,
      3.8,
      8.3,
      4.0
    ],
    [
      0.35,
      5.0,
      0.55,
      0.15,
      4.3,
      0.35,
      3.6,
      0.21,
      0.3,
      0.079,
      0.65,
      26.5,
      4.8,
      2.0,
      0.9,
      4.1,
      0.4,
      5.0,
      2.8,
      0.75,
      5.3,
      4.8,
      0.0,
      3.7,
      0.65,
      6.1,
      1.5,
      13.6,
      2.5,
      0.9,
      4.3,
      0.28,
      0.8,
      6.3,
      0.95,
      0.65,
      0.2,
      0.3,
      0.6,
      1.8,
      0.4,
      4.6,
      2.5,
      52.6,
      5.1,
      0.35,
      0.7,
      1.0,
      16.3,
      2.4,
      29.8,
      0.7,
      8.1,
      0.85
    ],
    [
      5.4,
      0.8,
      4.1,
      3.2,
      8.3,
      3.4,
      0.75,
      3.1,
      3.1,
      3.8,
      4.6,
      22.3,
      4.7,
      2.6,
      4.2,
      2.6,
      4.2,
      1.1,
      2.3,
      3.7,
      1.1,
      0.4,
      3.7,
      0.0,
      2.7,
      4.9,
      2.9,
      10.7,
      4.5,
      4.4,
      1.3,
      4.0,
      4.4,
      5.0,
      3.7,
      2.7,
      4.8,
      2.8,
      5.1,
      1.8,
      2.8,
      3.0,
      2.9,
      49.7,
      6.4,
      6.1,
      4.4,
      4.6,
      13.3,
      2.5,
      29.5,
      3.3,
      7.8,
      3.9
    ],
    [
      0.4,
      3.5,
      0.4,
      0.45,
      5.1,
      0.9,
      2.2,
      0.45,
      0.45,
      0.55,
      2.7,
      25.0,
      5.7,
      1.7,
      2.3,
      0.8,
      0.4,
      3.5,
      0.8,
      1.0,
      3.8,
      3.3,
      0.65,
      2.7,
      0.0,
      5.6,
      1.8,
      13.1,
      3.0,
      0.9,
      3.7,
      0.45,
      2.5,
      5.7,
      0.75,
      0.007,
      0.7,
      0.28,
      3.1,
      1.3,
      0.27,
      2.8,
      0.8,
      50.6,
      4.2,
      0.95,
      2.5,
      3.5,
      15.7,
      1.9,
      29.9,
      0.13,
      8.2,
      0.45
    ],
    [
      7.8,
      3.8,
      7.1,
      5.6,
      9.5,
      5.8,
      4.3,
      5.6,
      5.6,
      6.2,
      7.0,
      24.1,
      7.8,
      4.7,
      6.6,
      5.6,
      7.2,
      3.8,
      4.7,
      6.2,
      4.2,
      5.4,
      6.1,
      4.9,
      5.6,
      0.0,
      5.3,
      12.0,
      6.4,
      6.8,
      3.5,
      6.5,
      7.4,
      0.5,
      6.7,
      6.3,
      7.8,
      6.4,
      7.6,
      4.8,
      6.5,
      5.8,
      6.0,
      52.1,
      10.5,
      7.8,
      7.4,
      6.6,
      14.6,
      5.0,
      28.3,
      6.9,
      6.6,
      6.9
    ],
    [
      3.1,
      3.7,
      3.0,
      1.3,
      4.8,
      1.2,
      2.3,
      1.3,
      1.3,
      1.6,
      2.4,
      25.1,
      5.3,
      1.0,
      1.9,
      3.0,
      3.0,
      3.7,
      1.4,
      0.8,
      3.9,
      3.4,
      1.5,
      2.9,
      1.8,
      5.3,
      0.0,
      13.6,
      0.6,
      0.6,
      4.0,
      1.2,
      3.7,
      4.5,
      3.0,
      1.6,
      4.9,
      1.6,
      2.8,
      1.2,
      1.7,
      4.4,
      2.3,
      52.3,
      5.3,
      3.0,
      3.7,
      0.6,
      16.0,
      1.0,
      28.1,
      2.1,
      6.4,
      4.1
    ],
    [
      15.3,
      10.0,
      14.0,
      13.1,
      18.2,
      13.3,
      11.0,
      13.1,
      13.1,
      13.7,
      14.5,
      14.0,
      14.1,
      12.7,
      14.1,
      12.5,
      14.1,
      10.0,
      12.2,
      13.7,
      10.2,
      11.1,
      13.6,
      10.7,
      13.1,
      12.0,
      13.6,
      0.0,
      14.7,
      14.6,
      9.7,
      14.2,
      14.6,
      12.1,
      13.9,
      12.9,
      15.0,
      13.0,
      15.6,
      12.0,
      13.1,
      12.3,
      13.2,
      53.5,
      16.4,
      15.8,
      14.6,
      14.8,
      4.8,
      12.7,
      39.7,
      13.5,
      18.0,
      14.1
    ],
    [
      4.1,
      5.3,
      3.9,
      2.6,
      5.8,
      0.9,
      4.0,
      2.5,
      2.5,
      2.5,
      3.4,
      26.8,
      6.3,
      1.9,
      2.9,
      4.6,
      4.0,
      5.3,
      2.6,
      0.5,
      5.6,
      5.1,
      2.5,
      4.5,
      3.0,
      6.4,
      0.6,
      14.7,
      0.0,
      0.55,
      4.0,
      0.85,
      3.7,
      4.8,
      3.1,
      1.6,
      5.2,
      1.7,
      2.8,
      1.6,
      1.7,
      4.4,
      2.3,
      52.5,
      5.4,
      0.95,
      3.7,
      0.18,
      16.0,
      1.2,
      28.4,
      2.1,
      6.8,
      4.3
    ],
    [
      2.8,
      5.2,
      2.7,
      0.85,
      4.5,
      0.9,
      3.8,
      0.9,
      0.9,
      0.85,
      2.1,
      26.6,
      5.0,
      0.4,
      1.6,
      4.3,
      2.7,
      5.2,
      3.0,
      0.45,
      5.4,
      4.9,
      0.9,
      4.4,
      0.9,
      6.8,
      0.6,
      14.6,
      0.55,
      0.0,
      3.8,
      0.7,
      3.5,
      5.2,
      2.8,
      0.9,
      1.1,
      1.0,
      2.6,
      0.8,
      1.0,
      4.0,
      2.0,
      52.1,
      5.1,
      0.95,
      3.5,
      0.4,
      15.8,
      1.3,
      28.6,
      0.8,
      6.9,
      3.8
    ],
    [
      5.9,
      0.35,
      4.7,
      3.8,
      7.8,
      4.0,
      1.7,
      3.7,
      3.7,
      4.4,
      5.2,
      21.7,
      5.7,
      3.4,
      4.7,
      4.5,
      4.7,
      0.6,
      2.8,
      4.3,
      0.55,
      1.7,
      4.3,
      1.3,
      3.7,
      3.5,
      4.0,
      9.7,
      4.0,
      3.8,
      0.0,
      4.9,
      6.0,
      3.3,
      5.3,
      4.3,
      6.4,
      4.4,
      6.0,
      3.4,
      4.5,
      4.6,
      4.6,
      49.9,
      8.4,
      6.3,
      6.0,
      5.5,
      13.5,
      3.4,
      30.4,
      4.9,
      7.5,
      5.5
    ],
    [
      0.6,
      4.8,
      0.7,
      0.24,
      4.1,
      0.55,
      3.5,
      0.25,
      0.29,
      0.22,
      1.7,
      26.3,
      4.7,
      1.1,
      1.2,
      3.9,
      0.65,
      5.0,
      2.6,
      0.55,
      5.1,
      4.6,
      0.28,
      4.0,
      0.45,
      6.5,
      1.2,
      14.2,
      0.85,
      0.7,
      4.9,
      0.0,
      3.5,
      5.8,
      2.8,
      0.45,
      0.5,
      0.45,
      0.75,
      1.3,
      0.5,
      4.1,
      2.1,
      52.1,
      5.3,
      0.6,
      3.5,
      0.85,
      15.8,
      1.9,
      29.3,
      0.55,
      7.6,
      0.85
    ],
    [
      0.85,
      5.2,
      0.9,
      0.95,
      2.9,
      0.9,
      4.2,
      1.0,
      1.0,
      0.9,
      0.35,
      26.7,
      2.6,
      3.9,
      0.11,
      2.6,
      0.85,
      5.2,
      2.8,
      2.8,
      5.5,
      5.1,
      0.8,
      4.4,
      2.5,
      7.4,
      3.7,
      14.6,
      3.7,
      3.5,
      6.0,
      3.5,
      0.0,
      6.8,
      2.8,
      2.4,
      0.65,
      1.1,
      0.5,
      2.4,
      1.1,
      5.2,
      3.1,
      53.4,
      3.6,
      0.75,
      0.11,
      2.6,
      16.8,
      3.0,
      30.4,
      2.9,
      8.7,
      3.5
    ],
    [
      7.9,
      3.9,
      7.2,
      5.8,
      9.6,
      5.9,
      4.4,
      5.7,
      5.7,
      6.3,
      7.2,
      24.2,
      7.9,
      4.8,
      6.7,
      5.7,
      7.3,
      3.9,
      4.8,
      6.3,
      4.3,
      5.5,
      6.3,
      5.0,
      5.7,
      0.5,
      4.5,
      12.1,
      4.8,
      5.2,
      3.3,
      5.8,
      6.8,
      0.0,
      7.4,
      6.3,
      8.5,
      6.3,
      7.5,
      5.4,
      6.4,
      6.4,
      6.7,
      52.6,
      10.0,
      7.7,
      8.4,
      5.7,
      15.2,
      4.4,
      27.4,
      6.8,
      5.7,
      7.6
    ],
    [
      0.55,
      4.5,
      0.4,
      0.9,
      3.4,
      3.0,
      3.5,
      0.85,
      0.8,
      1.0,
      0.75,
      25.9,
      1.9,
      3.6,
      2.7,
      0.9,
      0.5,
      4.5,
      2.1,
      3.3,
      4.7,
      4.3,
      0.95,
      3.7,
      0.75,
      6.7,
      3.0,
      13.9,
      3.1,
      2.8,
      5.3,
      2.8,
      2.8,
      7.4,
      0.0,
      0.8,
      0.8,
      0.7,
      1.7,
      3.5,
      0.65,
      3.8,
      0.95,
      51.7,
      4.7,
      1.9,
      1.1,
      3.7,
      17.9,
      4.1,
      35.8,
      0.9,
      9.7,
      0.45
    ],
    [
      0.4,
      3.5,
      0.45,
      0.45,
      5.1,
      0.9,
      2.2,
      0.4,
      0.45,
      0.55,
      2.7,
      25.0,
      5.7,
      0.9,
      2.3,
      0.75,
      0.45,
      3.5,
      0.8,
      1.0,
      3.8,
      3.3,
      0.65,
      2.7,
      0.007,
      6.3,
      1.6,
      12.9,
      1.6,
      0.9,
      4.3,
      0.45,
      2.4,
      6.3,
      0.8,
      0.0,
      0.8,
      0.3,
      3.1,
      1.3,
      0.3,
      2.8,
      0.8,
      50.6,
      4.2,
      0.95,
      2.4,
      3.5,
      15.7,
      1.9,
      29.9,
      0.14,
      8.2,
      0.45
    ],
    [
      0.3,
      5.6,
      0.45,
      0.35,
      4.6,
      0.45,
      4.2,
      3.8,
      0.45,
      0.28,
      0.45,
      27.0,
      3.1,
      4.3,
      0.7,
      2.5,
      0.35,
      5.6,
      3.5,
      1.0,
      5.8,
      4.9,
      0.2,
      4.8,
      0.7,
      7.8,
      4.9,
      15.0,
      5.2,
      1.1,
      6.4,
      0.5,
      0.65,
      8.5,
      0.8,
      0.8,
      0.0,
      0.45,
      0.55,
      3.1,
      0.55,
      4.2,
      1.9,
      52.1,
      4.3,
      0.5,
      0.55,
      3.3,
      17.5,
      3.7,
      35.7,
      0.85,
      9.4,
      0.9
    ],
    [
      0.19,
      3.6,
      0.22,
      0.22,
      5.2,
      0.6,
      2.3,
      0.17,
      0.17,
      0.3,
      0.8,
      25.1,
      3.1,
      1.7,
      2.4,
      2.4,
      0.21,
      3.6,
      1.1,
      0.95,
      3.9,
      3.4,
      0.3,
      2.8,
      0.28,
      6.4,
      1.6,
      13.0,
      1.7,
      1.0,
      4.4,
      0.45,
      1.1,
      6.3,
      0.7,
      0.3,
      0.45,
      0.0,
      0.85,
      1.3,
      0.038,
      4.0,
      1.5,
      51.1,
      4.7,
      0.6,
      1.0,
      3.0,
      15.7,
      1.9,
      29.9,
      1.0,
      8.2,
      0.5
    ],
    [
      0.75,
      5.9,
      0.75,
      0.75,
      3.4,
      0.35,
      4.9,
      0.75,
      0.85,
      0.7,
      0.75,
      27.4,
      3.9,
      2.9,
      0.4,
      3.2,
      0.75,
      6.2,
      3.4,
      0.9,
      6.5,
      5.7,
      0.6,
      5.1,
      3.1,
      7.6,
      2.8,
      15.6,
      2.8,
      2.6,
      6.0,
      0.75,
      0.5,
      7.5,
      1.7,
      3.1,
      0.55,
      0.85,
      0.0,
      2.5,
      0.95,
      5.3,
      3.2,
      53.5,
      3.7,
      0.28,
      0.5,
      2.7,
      16.9,
      3.1,
      30.5,
      3.0,
      8.7,
      3.6
    ],
    [
      3.5,
      2.6,
      3.3,
      1.3,
      5.1,
      1.5,
      1.2,
      1.3,
      1.3,
      1.9,
      2.7,
      24.0,
      5.2,
      0.4,
      2.3,
      2.0,
      3.3,
      2.6,
      0.6,
      1.8,
      2.9,
      2.4,
      1.8,
      1.8,
      1.3,
      4.8,
      1.2,
      12.0,
      1.6,
      0.8,
      3.4,
      1.3,
      2.4,
      5.4,
      3.5,
      1.3,
      3.1,
      1.3,
      2.5,
      0.0,
      2.0,
      3.2,
      2.2,
      51.3,
      5.7,
      3.4,
      3.6,
      2.6,
      15.1,
      0.6,
      28.2,
      2.4,
      6.5,
      3.1
    ],
    [
      0.22,
      3.6,
      0.19,
      0.3,
      5.2,
      0.7,
      2.3,
      0.25,
      0.24,
      0.4,
      0.75,
      25.1,
      2.7,
      1.8,
      2.4,
      1.0,
      1.4,
      3.6,
      1.2,
      1.0,
      3.9,
      3.4,
      0.4,
      2.8,
      0.27,
      6.5,
      1.7,
      13.1,
      1.7,
      1.0,
      4.5,
      0.5,
      1.1,
      6.4,
      0.65,
      0.3,
      0.55,
      0.038,
      0.95,
      2.0,
      0.0,
      4.7,
      1.0,
      52.5,
      4.7,
      0.7,
      1.0,
      3.7,
      17.9,
      4.1,
      36.1,
      4.0,
      9.8,
      0.5
    ],
    [
      4.6,
      3.8,
      3.6,
      4.1,
      5.3,
      4.3,
      2.1,
      4.0,
      4.0,
      4.7,
      4.1,
      24.4,
      2.8,
      3.6,
      5.0,
      0.75,
      3.7,
      3.8,
      3.1,
      4.6,
      4.1,
      2.2,
      4.6,
      3.0,
      2.8,
      5.8,
      4.4,
      12.3,
      4.4,
      4.0,
      4.6,
      4.1,
      5.2,
      6.4,
      3.8,
      2.8,
      4.2,
      4.0,
      5.3,
      3.2,
      4.7,
      0.0,
      0.7,
      49.3,
      5.0,
      5.0,
      4.1,
      5.4,
      15.5,
      3.3,
      30.6,
      3.5,
      8.9,
      3.1
    ],
    [
      1.1,
      3.7,
      1.3,
      1.5,
      4.2,
      2.2,
      2.4,
      1.4,
      1.4,
      2.6,
      3.4,
      25.2,
      2.7,
      2.5,
      3.0,
      0.039,
      1.4,
      3.7,
      0.8,
      2.6,
      4.0,
      2.3,
      2.5,
      2.9,
      0.8,
      6.0,
      2.3,
      13.2,
      2.3,
      2.0,
      4.6,
      2.1,
      3.1,
      6.7,
      0.95,
      0.8,
      1.9,
      1.5,
      3.2,
      2.2,
      1.0,
      0.7,
      0.0,
      49.8,
      4.1,
      3.3,
      2.4,
      4.7,
      15.1,
      2.6,
      29.8,
      0.9,
      8.1,
      0.5
    ],
    [
      52.5,
      49.1,
      51.5,
      52.1,
      55.2,
      52.3,
      50.0,
      51.1,
      51.1,
      52.7,
      52.0,
      33.6,
      50.9,
      51.6,
      53.3,
      49.7,
      51.5,
      49.1,
      51.1,
      52.6,
      49.4,
      49.7,
      52.6,
      49.7,
      50.6,
      52.1,
      52.3,
      53.5,
      52.5,
      52.1,
      49.9,
      52.1,
      53.4,
      52.6,
      51.7,
      50.6,
      52.1,
      51.1,
      53.5,
      51.3,
      52.5,
      49.3,
      49.8,
      0.0,
      52.6,
      54.9,
      51.7,
      53.5,
      26.5,
      51.5,
      89.1,
      51.8,
      56.7,
      50.6
    ],
    [
      4.7,
      7.6,
      3.6,
      5.2,
      0.9,
      4.8,
      5.8,
      4.7,
      4.7,
      5.2,
      3.9,
      28.5,
      4.3,
      5.4,
      3.5,
      4.2,
      3.7,
      7.6,
      4.6,
      4.5,
      7.9,
      5.9,
      5.1,
      6.4,
      4.2,
      10.5,
      5.3,
      16.4,
      5.4,
      5.1,
      8.4,
      5.3,
      3.6,
      10.0,
      4.7,
      4.2,
      4.3,
      4.7,
      3.7,
      5.7,
      4.7,
      5.0,
      4.1,
      52.6,
      0.0,
      3.5,
      2.8,
      5.3,
      20.3,
      5.6,
      38.3,
      5.6,
      11.3,
      3.3
    ],
    [
      0.65,
      6.1,
      0.75,
      0.5,
      3.6,
      0.089,
      5.5,
      0.55,
      0.6,
      0.45,
      0.85,
      30.8,
      4.1,
      3.1,
      0.75,
      3.4,
      0.65,
      6.9,
      3.6,
      0.65,
      7.1,
      5.9,
      0.35,
      6.1,
      0.95,
      7.8,
      3.0,
      15.8,
      0.95,
      0.95,
      6.3,
      0.6,
      0.75,
      7.7,
      1.9,
      0.95,
      0.5,
      0.6,
      0.28,
      3.4,
      0.7,
      5.0,
      3.3,
      54.9,
      3.5,
      0.0,
      0.65,
      0.95,
      16.0,
      2.2,
      29.6,
      2.1,
      7.8,
      4.1
    ],
    [
      0.75,
      5.2,
      0.75,
      0.85,
      2.9,
      0.75,
      4.2,
      0.85,
      0.95,
      0.75,
      0.3,
      26.7,
      2.6,
      3.8,
      0.21,
      2.6,
      0.7,
      5.2,
      2.8,
      2.8,
      5.5,
      5.1,
      0.7,
      4.4,
      2.5,
      7.4,
      3.7,
      14.6,
      3.7,
      3.5,
      6.0,
      3.5,
      0.11,
      8.4,
      1.1,
      2.4,
      0.55,
      1.0,
      0.5,
      3.6,
      1.0,
      4.1,
      2.4,
      51.7,
      2.8,
      0.65,
      0.0,
      2.8,
      17.0,
      3.2,
      30.6,
      3.1,
      8.8,
      1.8
    ],
    [
      3.7,
      5.4,
      3.5,
      1.0,
      5.4,
      0.9,
      4.1,
      3.0,
      1.1,
      1.0,
      2.9,
      26.9,
      5.9,
      0.8,
      2.5,
      4.8,
      3.6,
      5.6,
      3.2,
      0.3,
      5.7,
      5.2,
      1.0,
      4.6,
      3.5,
      6.6,
      0.6,
      14.8,
      0.18,
      0.4,
      5.5,
      0.85,
      2.6,
      5.7,
      3.7,
      3.5,
      3.3,
      3.0,
      2.7,
      2.6,
      3.7,
      5.4,
      4.7,
      53.5,
      5.3,
      0.95,
      2.8,
      0.0,
      17.5,
      2.7,
      29.1,
      3.6,
      7.4,
      4.7
    ],
    [
      17.9,
      12.6,
      16.7,
      15.8,
      20.8,
      16.0,
      13.7,
      15.7,
      15.7,
      16.4,
      17.2,
      9.3,
      16.7,
      15.4,
      16.7,
      15.2,
      16.7,
      12.6,
      14.8,
      16.3,
      12.8,
      13.7,
      16.3,
      13.3,
      15.7,
      14.6,
      16.0,
      4.8,
      16.0,
      15.8,
      13.5,
      15.8,
      16.8,
      15.2,
      17.9,
      15.7,
      17.5,
      15.7,
      16.9,
      15.1,
      17.9,
      15.5,
      15.1,
      26.5,
      20.3,
      16.0,
      17.0,
      17.5,
      0.0,
      15.5,
      42.5,
      16.2,
      20.8,
      16.9
    ],
    [
      4.1,
      3.3,
      3.9,
      1.9,
      5.7,
      2.1,
      2.0,
      1.9,
      1.9,
      2.5,
      3.3,
      24.8,
      5.4,
      0.75,
      2.9,
      2.7,
      4.0,
      3.5,
      1.2,
      2.5,
      3.6,
      3.1,
      2.4,
      2.5,
      1.9,
      5.0,
      1.0,
      12.7,
      1.2,
      1.3,
      3.4,
      1.9,
      3.0,
      4.4,
      4.1,
      1.9,
      3.7,
      1.9,
      3.1,
      0.6,
      4.1,
      3.3,
      2.6,
      51.5,
      5.6,
      2.2,
      3.2,
      2.7,
      15.5,
      0.0,
      27.6,
      2.9,
      5.9,
      4.1
    ],
    [
      36.1,
      30.3,
      31.4,
      29.9,
      38.8,
      29.4,
      28.9,
      29.8,
      29.8,
      29.8,
      35.1,
      51.7,
      32.4,
      28.4,
      30.3,
      29.9,
      31.4,
      30.3,
      29.0,
      29.2,
      30.5,
      30.0,
      29.8,
      29.5,
      29.9,
      28.3,
      28.1,
      39.7,
      28.4,
      28.6,
      30.4,
      29.3,
      30.4,
      27.4,
      35.8,
      29.9,
      35.7,
      29.9,
      30.5,
      28.2,
      36.1,
      30.6,
      29.8,
      89.1,
      38.3,
      29.6,
      30.6,
      29.1,
      42.5,
      27.6,
      0.0,
      29.2,
      22.6,
      36.0
    ],
    [
      4.0,
      4.0,
      0.55,
      1.1,
      5.7,
      1.0,
      2.7,
      0.5,
      0.4,
      0.65,
      3.2,
      25.5,
      6.2,
      2.2,
      2.8,
      0.85,
      0.55,
      4.0,
      0.7,
      2.4,
      4.3,
      3.8,
      0.7,
      3.3,
      0.13,
      6.9,
      2.1,
      13.5,
      2.1,
      0.8,
      4.9,
      0.55,
      2.9,
      6.8,
      0.9,
      0.14,
      0.85,
      1.0,
      3.0,
      2.4,
      4.0,
      3.5,
      0.9,
      51.8,
      5.6,
      2.1,
      3.1,
      3.6,
      16.2,
      2.9,
      29.2,
      0.0,
      8.1,
      2.4
    ],
    [
      9.8,
      8.6,
      9.7,
      8.2,
      11.4,
      7.7,
      7.2,
      8.2,
      8.2,
      8.1,
      9.0,
      30.0,
      10.7,
      6.7,
      8.5,
      8.2,
      9.7,
      8.6,
      7.3,
      7.5,
      8.0,
      8.3,
      8.1,
      7.8,
      8.2,
      6.6,
      6.4,
      18.0,
      6.8,
      6.9,
      7.5,
      7.6,
      8.7,
      5.7,
      9.7,
      8.2,
      9.4,
      8.2,
      8.7,
      6.5,
      9.8,
      8.9,
      8.1,
      56.7,
      11.3,
      7.8,
      8.8,
      7.4,
      20.8,
      5.9,
      22.6,
      8.1,
      0.0,
      9.2
    ],
    [
      0.55,
      4.7,
      0.5,
      0.7,
      3.7,
      4.0,
      3.3,
      0.65,
      0.6,
      0.8,
      2.2,
      26.1,
      2.2,
      3.4,
      3.4,
      0.5,
      0.55,
      4.7,
      0.9,
      4.3,
      4.9,
      4.0,
      0.85,
      3.9,
      0.45,
      6.9,
      4.1,
      14.1,
      4.3,
      3.8,
      5.5,
      0.85,
      3.5,
      7.6,
      0.45,
      0.45,
      0.9,
      0.5,
      3.6,
      3.1,
      0.5,
      3.1,
      0.5,
      50.6,
      3.3,
      4.1,
      1.8,
      4.7,
      16.9,
      4.1,
      36.0,
      2.4,
      9.2,
      0.0
    ]
  ],
  "drive_time_matrix": [
    [
      0.0,
      21.0,
      2.0,
      5.0,
      12.0,
      7.0,
      18.0,
      4.0,
      5.0,
      6.0,
      8.0,
      50.0,
      16.0,
      11.0,
      11.0,
      13.0,
      1.0,
      20.0,
      17.0,
      12.0,
      21.0,
      17.0,
      5.0,
      19.0,
      5.0,
      24.0,
      12.0,
      29.0,
      17.0,
      10.0,
      21.0,
      7.0,
      10.0,
      23.0,
      7.0,
      5.0,
      4.0,
      2.0,
      9.0,
      12.0,
      3.0,
      20.0,
      13.0,
      54.0,
      18.0,
      8.0,
      9.0,
      14.0,
      28.0,
      14.0,
      42.0,
      6.0,
      24.0,
      7.0
    ],
    [
      21.0,
      0.0,
      16.0,
      13.0,
      18.0,
      17.0,
      5.0,
      17.0,
      12.0,
      14.0,
      14.0,
      32.0,
      16.0,
      12.0,
      15.0,
      12.0,
      15.0,
      7.0,
      9.0,
      10.0,
      7.0,
      6.0,
      14.0,
      10.0,
      12.0,
      10.0,
      10.0,
      12.0,
      14.0,
      13.0,
      4.0,
      13.0,
      15.0,
      10.0,
      14.0,
      11.0,
      17.0,
      12.0,
      15.0,
      7.0,
      12.0,
      11.0,
      12.0,
      41.0,
      17.0,
      15.0,
      15.0,
      15.0,
      12.0,
      10.0,
      33.0,
      14.0,
      15.0,
      13.0
    ],
    [
      2.0,
      16.0,
      0.0,
      6.0,
      10.0,
      10.0,
      15.0,
      6.0,
      6.0,
      7.0,
      8.0,
      46.0,
      10.0,
      8.0,
      13.0,
      7.0,
      2.0,
      18.0,
      12.0,
      9.0,
      19.0,
      15.0,
      7.0,
      17.0,
      5.0,
      21.0,
      9.0,
      26.0,
      14.0,
      7.0,
      18.0,
      9.0,
      11.0,
      20.0,
      5.0,
      5.0,
      6.0,
      3.0,
      9.0,
      9.0,
      2.0,
      13.0,
      8.0,
      50.0,
      12.0,
      10.0,
      9.0,
      13.0,
      25.0,
      11.0,
      39.0,
      6.0,
      21.0,
      6.0
    ],
    [
      5.0,
      13.0,
      6.0,
      0.0,
      12.0,
      6.0,
      12.0,
      1.0,
      2.0,
      1.0,
      10.0,
      42.0,
      16.0,
      6.0,
      13.0,
      9.0,
      5.0,
      15.0,
      11.0,
      9.0,
      15.0,
      11.0,
      2.0,
      13.0,
      5.0,
      18.0,
      6.0,
      23.0,
      11.0,
      10.0,
      14.0,
      3.0,
      11.0,
      17.0,
      11.0,
      6.0,
      4.0,
      3.0,
      9.0,
      7.0,
      4.0,
      16.0,
      11.0,
      52.0,
      14.0,
      6.0,
      10.0,
      13.0,
      22.0,
      9.0,
      37.0,
      5.0,
      19.0,
      9.0
    ],
    [
      12.0,
      18.0,
      10.0,
      12.0,
      0.0,
      13.0,
      18.0,
      16.0,
      13.0,
      10.0,
      10.0,
      41.0,
      11.0,
      11.0,
      8.0,
      15.0,
      15.0,
      18.0,
      15.0,
      12.0,
      17.0,
      15.0,
      11.0,
      18.0,
      12.0,
      23.0,
      11.0,
      21.0,
      15.0,
      10.0,
      16.0,
      9.0,
      8.0,
      22.0,
      12.0,
      12.0,
      17.0,
      13.0,
      8.0,
      12.0,
      13.0,
      15.0,
      15.0,
      45.0,
      11.0,
      8.0,
      8.0,
      15.0,
      21.0,
      13.0,
      37.0,
      14.0,
      24.0,
      12.0
    ],
    [
      7.0,
      17.0,
      10.0,
      6.0,
      13.0,
      0.0,
      9.0,
      6.0,
      7.0,
      5.0,
      11.0,
      39.0,
      14.0,
      3.0,
      10.0,
      9.0,
      8.0,
      13.0,
      9.0,
      8.0,
      12.0,
      8.0,
      4.0,
      10.0,
      11.0,
      16.0,
      3.0,
      20.0,
      11.0,
      11.0,
      11.0,
      7.0,
      11.0,
      15.0,
      12.0,
      11.0,
      6.0,
      8.0,
      4.0,
      4.0,
      8.0,
      13.0,
      9.0,
      48.0,
      13.0,
      1.0,
      9.0,
      11.0,
      20.0,
      6.0,
      35.0,
      12.0,
      17.0,
      13.0
    ],
    [
      18.0,
      5.0,
      15.0,
      12.0,
      18.0,
      9.0,
      0.0,
      14.0,
      9.0,
      11.0,
      10.0,
      33.0,
      12.0,
      9.0,
      13.0,
      9.0,
      12.0,
      6.0,
      6.0,
      8.0,
      4.0,
      8.0,
      11.0,
      9.0,
      9.0,
      11.0,
      7.0,
      13.0,
      11.0,
      11.0,
      4.0,
      11.0,
      11.0,
      11.0,
      10.0,
      9.0,
      15.0,
      9.0,
      12.0,
      4.0,
      9.0,
      7.0,
      9.0,
      43.0,
      17.0,
      13.0,
      11.0,
      13.0,
      13.0,
      6.0,
      31.0,
      11.0,
      12.0,
      10.0
    ],
    [
      4.0,
      17.0,
      6.0,
      1.0,
      16.0,
      6.0,
      14.0,
      0.0,
      1.0,
      2.0,
      10.0,
      42.0,
      15.0,
      5.0,
      13.0,
      8.0,
      4.0,
      15.0,
      11.0,
      10.0,
      14.0,
      10.0,
      3.0,
      12.0,
      2.0,
      18.0,
      6.0,
      22.0,
      11.0,
      11.0,
      14.0,
      3.0,
      12.0,
      17.0,
      10.0,
      5.0,
      18.0,
      2.0,
      9.0,
      6.0,
      3.0,
      15.0,
      9.0,
      51.0,
      17.0,
      6.0,
      11.0,
      12.0,
      21.0,
      8.0,
      37.0,
      6.0,
      18.0,
      8.0
    ],
    [
      5.0,
      12.0,
      6.0,
      2.0,
      13.0,
      7.0,
      9.0,
      1.0,
      0.0,
      3.0,
      11.0,
      41.0,
      15.0,
      5.0,
      12.0,
      8.0,
      5.0,
      14.0,
      11.0,
      11.0,
      14.0,
      10.0,
      4.0,
      12.0,
      2.0,
      18.0,
      6.0,
      22.0,
      11.0,
      11.0,
      14.0,
      3.0,
      13.0,
      18.0,
      10.0,
      3.0,
      6.0,
      2.0,
      10.0,
      6.0,
      3.0,
      17.0,
      9.0,
      51.0,
      18.0,
      7.0,
      11.0,
      15.0,
      22.0,
      8.0,
      37.0,
      5.0,
      19.0,
      7.0
    ],
    [
      6.0,
      14.0,
      7.0,
      1.0,
      10.0,
      5.0,
      11.0,
      2.0,
      3.0,
      0.0,
      13.0,
      42.0,
      16.0,
      5.0,
      12.0,
      11.0,
      6.0,
      15.0,
      11.0,
      9.0,
      15.0,
      11.0,
      1.0,
      13.0,
      7.0,
      18.0,
      6.0,
      23.0,
      11.0,
      10.0,
      14.0,
      3.0,
      11.0,
      17.0,
      12.0,
      7.0,
      4.0,
      4.0,
      8.0,
      6.0,
      5.0,
      15.0,
      11.0,
      51.0,
      15.0,
      5.0,
      9.0,
      13.0,
      21.0,
      8.0,
      36.0,
      8.0,
