{
  "drive_dist_matrix": [
    [
      0.0,
      11.587248,
      7.724831999999999,
      11.748182,
      9.012303999999999,
      11.26538,
      9.173238,
      1.9312079999999998,
      3.5405480000000003,
      10.943512,
      7.724831999999999,
      5.471756,
      5.63269,
      2.41401,
      8.207633999999999,
      10.299776000000001,
      2.092142,
      11.748182,
      7.402963999999999,
      3.5405480000000003,
      8.0467,
      2.896812,
      2.735878,
      13.035654,
      6.759228,
      11.748182,
      11.26538,
      11.26538,
      9.173238,
      7.24203,
      11.426314,
      11.426314,
      10.138842,
      19.31208,
      3.5405480000000003,
      12.07005,
      9.012303999999999,
      9.334171999999999,
      3.7014819999999995,
      3.21868,
      11.104446000000001,
      8.207633999999999,
      10.943512,
      9.334171999999999,
      12.07005,
      11.909116000000001,
      8.690436,
      7.24203,
      7.563898,
      12.230984,
      10.621644,
      9.977908000000001,
      27.680647999999998,
      11.587248,
      5.471756,
      9.977908000000001,
      12.713786,
      4.82802,
      15.932466,
      9.495106
    ],
    [
      11.587248,
      0.0,
      8.368568,
      2.092142,
      3.5405480000000003,
      4.345218,
      3.7014819999999995,
      10.299776000000001,
      12.391918,
      2.2530759999999996,
      5.149888000000001,
      17.219938,
      5.793624,
      9.816974,
      5.471756,
      1.2874720000000002,
      9.65604,
      1.2874720000000002,
      10.138842,
      12.391918,
      7.0810960000000005,
      11.587248,
      10.299776000000001,
      6.9201619999999995,
      7.24203,
      1.448406,
      0.32186800000000004,
      0.48280199999999995,
      2.41401,
      4.184284,
      5.149888000000001,
      0.32186800000000004,
      1.9312079999999998,
      19.955816000000002,
      12.391918,
      3.8624159999999996,
      3.5405480000000003,
      3.057746,
      10.943512,
      7.885766,
      1.60934,
      3.5405480000000003,
      0.6437360000000001,
      3.8624159999999996,
      1.60934,
      2.2530759999999996,
      2.735878,
      6.759228,
      4.506151999999999,
      9.495106,
      0.9656039999999999,
      2.41401,
      28.324384000000002,
      3.7014819999999995,
      5.793624,
      2.41401,
      3.379614,
      7.563898,
      16.576202000000002,
      3.5405480000000003
    ],
    [
      7.724831999999999,
      8.368568,
      0.0,
      12.552852,
      13.357522000000001,
      14.48406,
      14.001257999999998,
      12.713786,
      12.230984,
      13.518456,
      8.529501999999999,
      17.059003999999998,
      11.909116000000001,
      12.230984,
      8.0467,
      11.104446000000001,
      12.07005,
      12.391918,
      15.127796,
      12.230984,
      14.966862,
      11.26538,
      12.713786,
      19.473014,
      6.43736,
      12.552852,
      12.07005,
      12.07005,
      12.552852,
      13.196587999999998,
      15.932466,
      12.07005,
      10.943512,
      11.587248,
      12.230984,
      14.644993999999999,
      13.357522000000001,
      12.713786,
      13.035654,
      10.943512,
      11.909116000000001,
      9.012303999999999,
      11.748182,
      14.162192000000001,
      12.713786,
      12.713786,
      12.391918,
      13.518456,
      13.035654,
      18.668343999999998,
      11.426314,
      12.552852,
      19.955816000000002,
      14.323126,
      11.587248,
      12.713786,
      14.162192000000001,
      11.909116000000001,
      8.207633999999999,
      13.67939
    ],
    [
      11.748182,
      2.092142,
      12.552852,
      0.0,
      2.5749440000000003,
      3.379614,
      3.21868,
      10.46071,
      12.713786,
      0.9656039999999999,
      5.471756,
      17.541806,
      5.793624,
      9.816974,
      6.115492,
      2.41401,
      9.65604,
      1.1265379999999998,
      10.138842,
      12.713786,
      7.0810960000000005,
      11.748182,
      10.299776000000001,
      6.759228,
      7.563898,
      1.1265379999999998,
      1.7702740000000001,
      1.60934,
      1.9312079999999998,
      4.184284,
      5.149888000000001,
      1.9312079999999998,
      2.092142,
      20.11675,
      12.713786,
      3.7014819999999995,
      2.896812,
      1.9312079999999998,
      10.943512,
      7.885766,
      0.6437360000000001,
      3.8624159999999996,
      1.7702740000000001,
      3.21868,
      1.60934,
      0.253,
      2.41401,
      6.759228,
      4.506151999999999,
      8.85137,
      1.9312079999999998,
      0.6437360000000001,
      28.485318,
      3.057746,
      5.793624,
      1.1265379999999998,
      3.379614,
      7.563898,
      16.89807,
      2.735878
    ],
    [
      9.012303999999999,
      3.5405480000000003,
      13.357522000000001,
      2.5749440000000003,
      0.0,
      0.6437360000000001,
      0.80467,
      10.138842,
      9.65604,
      2.2530759999999996,
      6.759228,
      20.92142,
      5.793624,
      9.65604,
      7.724831999999999,
      4.345218,
      9.334171999999999,
      3.21868,
      8.368568,
      9.816974,
      5.793624,
      9.816974,
      9.977908000000001,
      4.02335,
      9.012303999999999,
      3.21868,
      3.21868,
      3.21868,
      1.60934,
      1.9312079999999998,
      2.5749440000000003,
      3.379614,
      3.5405480000000003,
      21.565156,
      9.65604,
      2.092142,
      0.48280199999999995,
      0.80467,
      9.977908000000001,
      6.759228,
      1.7702740000000001,
      5.63269,
      2.896812,
      0.80467,
      3.5405480000000003,
      2.5749440000000003,
      0.9656039999999999,
      5.149888000000001,
      2.2530759999999996,
      6.43736,
      3.21868,
      1.448406,
      29.933724,
      0.6437360000000001,
      4.667085999999999,
      1.2874720000000002,
      1.9312079999999998,
      6.43736,
      18.185542,
      0.32186800000000004
    ],
    [
      11.26538,
      4.345218,
      14.48406,
      3.379614,
      0.6437360000000001,
      0.0,
      0.476,
      8.0467,
      10.782578,
      2.41401,
      6.9201619999999995,
      20.92142,
      3.5405480000000003,
      7.563898,
      7.885766,
      3.5405480000000003,
      7.24203,
      3.379614,
      6.9201619999999995,
      10.943512,
      4.345218,
      9.977908000000001,
      7.885766,
      3.21868,
      9.012303999999999,
      3.379614,
      3.379614,
      3.21868,
      1.7702740000000001,
      1.9312079999999998,
      1.7702740000000001,
      3.379614,
      3.7014819999999995,
      21.72609,
      10.782578,
      1.60934,
      0.80467,
      1.60934,
      8.690436,
      6.9201619999999995,
      1.9312079999999998,
      5.63269,
      3.057746,
      0.48280199999999995,
      3.5405480000000003,
      2.735878,
      1.60934,
      3.7014819999999995,
      2.2530759999999996,
      6.43736,
      3.21868,
      1.60934,
      30.094658,
      0.32186800000000004,
      3.7014819999999995,
      1.60934,
      1.60934,
      5.149888000000001,
      18.346476,
      0.48280199999999995
    ],
    [
      9.173238,
      3.7014819999999995,
      14.001257999999998,
      3.21868,
      0.80467,
      0.476,
      0.0,
      10.299776000000001,
      11.587248,
      2.2530759999999996,
      7.724831999999999,
      21.082354,
      5.9545580000000005,
      9.816974,
      8.690436,
      4.345218,
      9.495106,
      3.5405480000000003,
      8.529501999999999,
      11.748182,
      5.9545580000000005,
      10.621644,
      10.138842,
      3.21868,
      9.816974,
      3.5405480000000003,
      4.184284,
      4.02335,
      2.5749440000000003,
      2.735878,
      1.7702740000000001,
      4.184284,
      4.506151999999999,
      22.53076,
      11.587248,
      1.60934,
      0.9656039999999999,
      2.41401,
      10.943512,
      7.724831999999999,
      2.735878,
      6.43736,
      3.8624159999999996,
      0.32186800000000004,
      3.8624159999999996,
      3.5405480000000003,
      2.41401,
      5.310822,
      3.057746,
      6.598293999999999,
      4.02335,
      2.41401,
      30.899327999999997,
      0.32186800000000004,
      4.506151999999999,
      2.41401,
      1.60934,
      7.402963999999999,
      19.151146,
      0.48280199999999995
    ],
    [
      1.9312079999999998,
      10.299776000000001,
      12.713786,
      10.46071,
      10.138842,
      8.0467,
      10.299776000000001,
      0.0,
      5.471756,
      9.977908000000001,
      7.885766,
      6.9201619999999995,
      4.345218,
      0.32186800000000004,
      8.85137,
      10.46071,
      0.32186800000000004,
      11.909116000000001,
      5.471756,
      5.471756,
      6.43736,
      4.667085999999999,
      0.16093400000000002,
      10.943512,
      6.9201619999999995,
      11.909116000000001,
      11.426314,
      11.426314,
      8.207633999999999,
      6.115492,
      9.495106,
      11.587248,
      10.299776000000001,
      19.473014,
      5.471756,
      10.138842,
      8.0467,
      8.368568,
      2.41401,
      3.379614,
      11.26538,
      8.368568,
      11.26538,
      7.24203,
      12.07005,
      12.230984,
      7.724831999999999,
      5.310822,
      5.63269,
      10.299776000000001,
      10.943512,
      9.012303999999999,
      27.841582000000002,
      9.495106,
      4.184284,
      9.012303999999999,
      10.621644,
      2.896812,
      16.254334,
      8.0467
    ],
    [
      3.5405480000000003,
      12.391918,
      12.230984,
      12.713786,
      9.65604,
      10.782578,
      11.587248,
      5.471756,
      0.0,
      11.587248,
      8.0467,
      5.793624,
      8.0467,
      5.63269,
      8.529501999999999,
      10.621644,
      5.310822,
      12.230984,
      9.977908000000001,
      0.6437360000000001,
      10.299776000000001,
      2.41401,
      5.9545580000000005,
      15.28873,
      7.0810960000000005,
      12.230984,
      11.426314,
      11.426314,
      9.816974,
      9.495106,
      13.67939,
      11.748182,
      10.621644,
      19.794882,
      0.32186800000000004,
      14.323126,
      9.816974,
      9.977908000000001,
      7.0810960000000005,
      5.471756,
      11.426314,
      8.690436,
      11.426314,
      11.587248,
      12.391918,
      12.230984,
      9.495106,
      9.65604,
      9.816974,
      14.48406,
      11.104446000000001,
      10.621644,
      28.16345,
      13.840323999999999,
      7.724831999999999,
      10.782578,
      14.966862,
      7.0810960000000005,
      16.415267999999998,
      10.138842
    ],
    [
      10.943512,
      2.2530759999999996,
      13.518456,
      0.9656039999999999,
      2.2530759999999996,
      2.41401,
      2.2530759999999996,
      9.977908000000001,
      11.587248,
      0.0,
      6.115492,
      23.013562,
      5.63269,
      9.816974,
      6.43736,
      2.735878,
      9.495106,
      1.2874720000000002,
      9.977908000000001,
      13.357522000000001,
      6.9201619999999995,
      12.552852,
      10.138842,
      4.667085999999999,
      8.207633999999999,
      1.2874720000000002,
      1.9312079999999998,
      1.7702740000000001,
      1.7702740000000001,
      4.02335,
      2.896812,
      1.9312079999999998,
      2.896812,
      20.92142,
      13.357522000000001,
      1.448406,
      2.092142,
      2.092142,
      10.782578,
      7.724831999999999,
      1.2874720000000002,
      4.184284,
      2.2530759999999996,
      2.896812,
      1.60934,
      0.9656039999999999,
      2.2530759999999996,
      6.43736,
      4.345218,
      8.85137,
      2.41401,
      0.9656039999999999,
      29.289987999999997,
      2.2530759999999996,
      5.63269,
      1.448406,
      1.1265379999999998,
      7.24203,
      17.541806,
      2.41401
    ],
    [
      7.724831999999999,
      5.149888000000001,
      8.529501999999999,
      5.471756,
      6.759228,
      6.9201619999999995,
      7.724831999999999,
      7.885766,
      8.0467,
      6.115492,
      0.0,
      13.67939,
      4.667085999999999,
      6.759228,
      1.60934,
      3.8624159999999996,
      5.793624,
      5.149888000000001,
      7.24203,
      7.0810960000000005,
      7.0810960000000005,
      5.63269,
      7.0810960000000005,
      12.230984,
      3.7014819999999995,
      5.149888000000001,
      4.82802,
      4.82802,
      5.149888000000001,
      5.9545580000000005,
      9.012303999999999,
      4.82802,
      3.8624159999999996,
      16.254334,
      7.0810960000000005,
      7.885766,
      6.115492,
      5.793624,
      7.24203,
      3.379614,
      4.667085999999999,
      2.092142,
      4.506151999999999,
      6.9201619999999995,
      5.471756,
      5.793624,
      5.793624,
      6.43736,
      5.9545580000000005,
      12.230984,
      4.345218,
      5.471756,
      24.622902,
      7.0810960000000005,
      4.345218,
      5.471756,
      7.0810960000000005,
      4.82802,
      13.035654,
      6.43736
    ],
    [
      5.471756,
      17.219938,
      17.059003999999998,
      17.541806,
      20.92142,
      20.92142,
      21.082354,
      6.9201619999999995,
      5.793624,
      23.013562,
      13.67939,
      0.0,
      10.621644,
      7.24203,
      13.518456,
      15.610598,
      6.9201619999999995,
      22.369826,
      8.529501999999999,
      6.276426,
      8.690436,
      9.816974,
      7.563898,
      20.599552000000003,
      12.07005,
      22.369826,
      16.576202000000002,
      16.576202000000002,
      14.48406,
      17.863674,
      18.50741,
      16.576202000000002,
      15.449663999999999,
      24.622902,
      5.471756,
      19.794882,
      19.633948,
      14.644993999999999,
      5.63269,
      8.529501999999999,
      16.415267999999998,
      13.518456,
      16.254334,
      18.50741,
      22.53076,
      17.219938,
      14.001257999999998,
      9.012303999999999,
      11.909116000000001,
      9.173238,
      15.932466,
      20.277684,
      32.99147,
      19.151146,
      10.782578,
      20.438617999999998,
      20.277684,
      9.173238,
      21.243288,
      19.633948
    ],
    [
      5.63269,
      5.793624,
      11.909116000000001,
      5.793624,
      5.793624,
      3.5405480000000003,
      5.9545580000000005,
      4.345218,
      8.0467,
      5.63269,
      4.667085999999999,
      10.621644,
      0.0,
      4.184284,
      5.9545580000000005,
      4.506151999999999,
      4.02335,
      5.793624,
      4.506151999999999,
      8.529501999999999,
      2.2530759999999996,
      7.724831999999999,
      4.506151999999999,
      7.24203,
      6.759228,
      5.9545580000000005,
      5.471756,
      5.471756,
      3.8624159999999996,
      1.7702740000000001,
      5.793624,
      5.471756,
      4.345218,
      19.473014,
      8.368568,
      6.43736,
      3.8624159999999996,
      4.02335,
      5.310822,
      3.057746,
      4.82802,
      4.345218,
      5.149888000000001,
      3.21868,
      6.115492,
      5.793624,
      3.5405480000000003,
      1.7702740000000001,
      1.2874720000000002,
      6.598293999999999,
      4.82802,
      4.667085999999999,
      27.841582000000002,
      5.793624,
      0.16093400000000002,
      4.82802,
      6.9201619999999995,
      1.7702740000000001,
      16.0934,
      3.379614
    ],
    [
      2.41401,
      9.816974,
      12.230984,
      9.816974,
      9.65604,
      7.563898,
      9.816974,
      0.32186800000000004,
      5.63269,
      9.816974,
      6.759228,
      7.24203,
      4.184284,
      0.0,
      9.173238,
      10.782578,
      0.6437360000000001,
      12.07005,
      5.471756,
      5.793624,
      6.43736,
      4.9889540000000006,
      0.32186800000000004,
      10.943512,
      7.0810960000000005,
      12.07005,
      11.748182,
      11.587248,
      8.207633999999999,
      5.9545580000000005,
      9.495106,
      11.748182,
      10.621644,
      19.794882,
      5.63269,
      10.138842,
      8.0467,
      8.368568,
      2.41401,
      0.9656039999999999,
      9.012303999999999,
      8.690436,
      11.426314,
      7.0810960000000005,
      12.391918,
      10.138842,
      7.724831999999999,
      5.310822,
      5.63269,
      10.299776000000001,
      11.104446000000001,
      9.012303999999999,
      28.16345,
      9.495106,
      4.184284,
      9.012303999999999,
      10.621644,
      2.896812,
      16.415267999999998,
      8.0467
    ],
    [
      8.207633999999999,
      5.471756,
      8.0467,
      6.115492,
      7.724831999999999,
      7.885766,
      8.690436,
      8.85137,
      8.529501999999999,
      6.43736,
      1.60934,
      13.518456,
      5.9545580000000005,
      9.173238,
      0.0,
      4.184284,
      9.65604,
      5.471756,
      8.0467,
      6.759228,
      8.0467,
      5.310822,
      8.0467,
      13.196587999999998,
      2.5749440000000003,
      5.63269,
      5.149888000000001,
      5.149888000000001,
      6.115492,
      6.9201619999999995,
      9.334171999999999,
      5.149888000000001,
      4.667085999999999,
      15.127796,
      6.759228,
      7.885766,
      7.0810960000000005,
      6.43736,
      10.621644,
      4.82802,
      5.63269,
      2.41401,
      4.82802,
      7.885766,
      5.793624,
      6.115492,
      6.276426,
      7.563898,
      6.9201619999999995,
      12.391918,
      4.9889540000000006,
      6.598293999999999,
      23.496364,
      8.0467,
      5.310822,
      6.43736,
      7.563898,
      5.310822,
      11.748182,
      7.402963999999999
    ],
    [
      10.299776000000001,
      1.2874720000000002,
      11.104446000000001,
      2.41401,
      4.345218,
      3.5405480000000003,
      4.345218,
      10.46071,
      10.621644,
      2.735878,
      3.8624159999999996,
      15.610598,
      4.506151999999999,
      10.782578,
      4.184284,
      0.0,
      10.943512,
      1.60934,
      8.85137,
      11.104446000000001,
      5.793624,
      10.299776000000001,
      9.012303999999999,
      7.24203,
      5.9545580000000005,
      1.60934,
      0.9656039999999999,
      0.9656039999999999,
      2.092142,
      3.379614,
      5.471756,
      0.9656039999999999,
      0.9656039999999999,
      18.668343999999998,
      11.104446000000001,
      4.184284,
      3.379614,
      2.735878,
      12.07005,
      6.598293999999999,
      1.60934,
      1.9312079999999998,
      0.6437360000000001,
      4.184284,
      1.7702740000000001,
      2.41401,
      2.41401,
      5.310822,
      4.02335,
      9.65604,
      0.6437360000000001,
      2.5749440000000003,
      27.036912,
      4.345218,
      4.506151999999999,
      2.5749440000000003,
      3.7014819999999995,
      6.115492,
      15.28873,
      3.7014819999999995
    ],
    [
      2.092142,
      9.65604,
      12.07005,
      9.65604,
      9.334171999999999,
      7.24203,
      9.495106,
      0.32186800000000004,
      5.310822,
      9.495106,
      5.793624,
      6.9201619999999995,
      4.02335,
      0.6437360000000001,
      9.65604,
      10.943512,
      0.0,
      11.909116000000001,
      5.471756,
      5.471756,
      5.793624,
      4.667085999999999,
      0.6437360000000001,
      10.782578,
      6.9201619999999995,
      11.909116000000001,
      11.426314,
      11.426314,
      7.885766,
      5.63269,
      9.173238,
      11.587248,
      10.299776000000001,
      19.473014,
      5.310822,
      9.816974,
      7.885766,
      8.0467,
      2.092142,
      3.379614,
      8.85137,
      8.368568,
      11.104446000000001,
      7.0810960000000005,
      11.909116000000001,
      12.07005,
      7.563898,
      5.149888000000001,
      5.310822,
      9.977908000000001,
      10.943512,
      8.690436,
      27.841582000000002,
      9.334171999999999,
      4.02335,
      8.85137,
      10.46071,
      2.5749440000000003,
      16.0934,
      7.402963999999999
    ],
    [
      11.748182,
      1.2874720000000002,
      12.391918,
      1.1265379999999998,
      3.21868,
      3.379614,
      3.5405480000000003,
      11.909116000000001,
      12.230984,
      1.2874720000000002,
      5.149888000000001,
      22.369826,
      5.793624,
      12.07005,
      5.471756,
      1.60934,
      11.909116000000001,
      0.0,
      10.299776000000001,
      12.552852,
      7.24203,
      11.587248,
      10.46071,
      6.115492,
      7.402963999999999,
      0.318,
      0.6437360000000001,
      0.48280199999999995,
      1.9312079999999998,
      4.184284,
      4.345218,
      0.6437360000000001,
      2.092142,
      20.11675,
      12.552852,
      3.057746,
      3.379614,
      2.092142,
      13.518456,
      8.0467,
      1.1265379999999998,
      3.379614,
      0.80467,
      3.379614,
      0.32186800000000004,
      1.1265379999999998,
      2.41401,
      6.759228,
      4.667085999999999,
      9.65604,
      0.9656039999999999,
      2.092142,
      28.485318,
      3.5405480000000003,
      5.9545580000000005,
      1.9312079999999998,
      2.5749440000000003,
      7.563898,
      16.737136,
      3.057746
    ],
    [
      7.402963999999999,
      10.138842,
      15.127796,
      10.138842,
      8.368568,
      6.9201619999999995,
      8.529501999999999,
      5.471756,
      9.977908000000001,
      9.977908000000001,
      7.24203,
      8.529501999999999,
      4.506151999999999,
      5.471756,
      8.0467,
      8.85137,
      5.471756,
      10.299776000000001,
      0.0,
      10.299776000000001,
      3.5405480000000003,
      9.495106,
      5.63269,
      10.943512,
      9.495106,
      10.621644,
      9.65604,
      9.65604,
      8.207633999999999,
      5.9545580000000005,
      9.495106,
      9.816974,
      8.690436,
      22.208892000000002,
      10.138842,
      10.138842,
      8.0467,
      8.368568,
      4.667085999999999,
      3.8624159999999996,
      9.012303999999999,
      7.885766,
      9.495106,
      7.24203,
      10.782578,
      10.138842,
      7.724831999999999,
      3.379614,
      5.63269,
      5.9545580000000005,
      9.173238,
      9.012303999999999,
      30.416525999999998,
      9.65604,
      4.345218,
      9.012303999999999,
      10.621644,
      2.41401,
      18.829278,
      7.724831999999999
    ],
    [
      3.5405480000000003,
      12.391918,
      12.230984,
      12.713786,
      9.816974,
      10.943512,
      11.748182,
      5.471756,
      0.6437360000000001,
      13.357522000000001,
      7.0810960000000005,
      6.276426,
      8.529501999999999,
      5.793624,
      6.759228,
      11.104446000000001,
      5.471756,
      12.552852,
      10.299776000000001,
      0.0,
      10.46071,
      2.41401,
      6.115492,
      15.449663999999999,
      7.0810960000000005,
      12.713786,
      11.426314,
      11.426314,
      9.977908000000001,
      9.173238,
      13.840323999999999,
      11.426314,
      10.621644,
      19.794882,
      0.6437360000000001,
      14.48406,
      9.977908000000001,
      10.138842,
      7.402963999999999,
      5.63269,
      11.426314,
      8.690436,
      11.426314,
      11.748182,
      13.035654,
      12.230984,
      9.495106,
      9.816974,
      9.173238,
      14.644993999999999,
      11.104446000000001,
      12.230984,
      28.002515999999996,
      10.943512,
      7.885766,
      12.230984,
      15.127796,
      7.24203,
      16.415267999999998,
      9.65604
    ],
    [
      8.0467,
      7.0810960000000005,
      14.966862,
      7.0810960000000005,
      5.793624,
      4.345218,
      5.9545580000000005,
      6.43736,
      10.299776000000001,
      6.9201619999999995,
      7.0810960000000005,
      8.690436,
      2.2530759999999996,
      6.43736,
      8.0467,
      5.793624,
      5.793624,
      7.24203,
      3.5405480000000003,
      10.46071,
      0.0,
      10.621644,
      7.563898,
      7.724831999999999,
      10.46071,
      8.0467,
      7.0810960000000005,
      6.9201619999999995,
      5.63269,
      3.21868,
      6.115492,
      7.0810960000000005,
      5.9545580000000005,
      23.174496,
      10.621644,
      6.759228,
      5.471756,
      5.793624,
      6.759228,
      4.9889540000000006,
      6.43736,
      7.0810960000000005,
      6.759228,
      4.184284,
      7.885766,
      7.563898,
      5.149888000000001,
      0.6437360000000001,
      2.896812,
      2.735878,
      6.598293999999999,
      6.43736,
      31.543064,
      6.276426,
      2.735878,
      6.43736,
      7.402963999999999,
      3.8624159999999996,
      19.794882,
      4.9889540000000006
    ],
    [
      2.896812,
      11.587248,
      11.26538,
      11.748182,
      9.816974,
      9.977908000000001,
      10.621644,
      4.667085999999999,
      2.41401,
      12.552852,
      5.63269,
      9.816974,
      7.724831999999999,
      4.9889540000000006,
      5.310822,
      10.299776000000001,
      4.667085999999999,
      11.587248,
      9.495106,
      2.41401,
      10.621644,
      0.0,
      5.471756,
      14.644993999999999,
      6.276426,
      11.587248,
      10.46071,
      10.46071,
      9.173238,
      8.529501999999999,
      13.196587999999998,
      10.621644,
      9.65604,
      18.829278,
      2.5749440000000003,
      13.840323999999999,
      9.173238,
      9.334171999999999,
      5.9545580000000005,
      4.9889540000000006,
      10.621644,
      7.724831999999999,
      10.46071,
      10.943512,
      11.26538,
      11.426314,
      8.690436,
      9.012303999999999,
      9.334171999999999,
      14.001257999999998,
      10.299776000000001,
      11.26538,
      27.197846,
      10.138842,
      7.0810960000000005,
      11.426314,
      12.87472,
      6.598293999999999,
      15.449663999999999,
      9.012303999999999
    ],
    [
      2.735878,
      10.299776000000001,
      12.713786,
      10.299776000000001,
      9.977908000000001,
      7.885766,
      10.138842,
      0.16093400000000002,
      5.9545580000000005,
      10.138842,
      7.0810960000000005,
      7.563898,
      4.506151999999999,
      0.32186800000000004,
      8.0467,
      9.012303999999999,
      0.6437360000000001,
      10.46071,
      5.63269,
      6.115492,
      7.563898,
      5.471756,
      0.0,
      11.104446000000001,
      7.0810960000000005,
      12.391918,
      11.587248,
      11.587248,
      8.368568,
      6.115492,
      9.65604,
      11.587248,
      10.46071,
      19.633948,
      5.471756,
      10.299776000000001,
      8.207633999999999,
      8.529501999999999,
      2.5749440000000003,
      3.5405480000000003,
      9.173238,
      8.529501999999999,
      11.26538,
      6.9201619999999995,
      12.713786,
      12.230984,
      7.885766,
      5.471756,
      5.793624,
      10.46071,
      11.104446000000001,
      9.173238,
      28.002515999999996,
      9.65604,
      4.345218,
      9.173238,
      10.782578,
      3.057746,
      16.254334,
      7.724831999999999
    ],
    [
      13.035654,
      6.9201619999999995,
      19.473014,
      6.759228,
      4.02335,
      3.21868,
      3.21868,
      10.943512,
      15.28873,
      4.667085999999999,
      12.230984,
      20.599552000000003,
      7.24203,
      10.943512,
      13.196587999999998,
      7.24203,
      10.782578,
      6.115492,
      10.943512,
      15.449663999999999,
      7.724831999999999,
      14.644993999999999,
      11.104446000000001,
      0.0,
      19.473014,
      10.943512,
      11.587248,
      11.426314,
      9.977908000000001,
      10.299776000000001,
      9.173238,
      11.587248,
      14.644993999999999,
      47.636464000000004,
      20.438617999999998,
      8.368568,
      9.65604,
      9.977908000000001,
      17.380872,
      14.966862,
      10.138842,
      16.415267999999998,
      11.909116000000001,
      9.173238,
      11.26538,
      10.943512,
      9.977908000000001,
      11.909116000000001,
      10.46071,
      13.196587999999998,
      12.07005,
      9.816974,
      52.30355,
      9.173238,
      12.713786,
      9.977908000000001,
      9.012303999999999,
      13.840323999999999,
      28.807185999999998,
      9.65604
    ],
    [
      6.759228,
      7.24203,
      6.43736,
      7.563898,
      9.012303999999999,
      9.012303999999999,
      9.816974,
      6.9201619999999995,
      7.0810960000000005,
      8.207633999999999,
      3.7014819999999995,
      12.07005,
      6.759228,
      7.0810960000000005,
      2.5749440000000003,
      5.9545580000000005,
      6.9201619999999995,
      7.402963999999999,
      9.495106,
      7.0810960000000005,
      10.46071,
      6.276426,
      7.0810960000000005,
      19.473014,
      0.0,
      13.840323999999999,
      12.87472,
      12.87472,
      13.67939,
      14.162192000000001,
      16.89807,
      12.87472,
      12.07005,
      12.713786,
      13.196587999999998,
      15.610598,
      14.323126,
      13.67939,
      14.162192000000001,
      11.909116000000001,
      12.87472,
      10.138842,
      12.87472,
      15.127796,
      14.162192000000001,
      13.67939,
      13.518456,
      14.48406,
      14.162192000000001,
      19.794882,
      12.552852,
      13.67939,
      20.92142,
      15.127796,
      12.552852,
      13.67939,
      15.28873,
      12.87472,
      9.334171999999999,
      14.805927999999998
    ],
    [
      11.748182,
      1.448406,
      12.552852,
      1.1265379999999998,
      3.21868,
      3.379614,
      3.5405480000000003,
      11.909116000000001,
      12.230984,
      1.2874720000000002,
      5.149888000000001,
      22.369826,
      5.9545580000000005,
      12.07005,
      5.63269,
      1.60934,
      11.909116000000001,
      0.318,
      10.621644,
      12.713786,
      8.0467,
      11.587248,
      12.391918,
      10.943512,
      13.840323999999999,
      0.0,
      0.6437360000000001,
      0.48280199999999995,
      1.9312079999999998,
      4.184284,
      4.345218,
      0.6437360000000001,
      1.9312079999999998,
      20.11675,
      12.552852,
      2.896812,
      3.21868,
      2.092142,
      13.518456,
      7.885766,
      1.1265379999999998,
      3.379614,
      0.6437360000000001,
      4.02335,
      0.32186800000000004,
      1.1265379999999998,
      2.41401,
      6.759228,
      4.667085999999999,
      9.65604,
      0.9656039999999999,
      2.092142,
      28.324384000000002,
      3.5405480000000003,
      5.793624,
      1.9312079999999998,
      2.5749440000000003,
      7.563898,
      16.737136,
      3.7014819999999995
    ],
    [
      11.26538,
      0.32186800000000004,
      12.07005,
      1.7702740000000001,
      3.21868,
      3.379614,
      4.184284,
      11.426314,
      11.426314,
      1.9312079999999998,
      4.82802,
      16.576202000000002,
      5.471756,
      11.748182,
      5.149888000000001,
      0.9656039999999999,
      11.426314,
      0.6437360000000001,
      9.65604,
      11.426314,
      7.0810960000000005,
      10.46071,
      11.587248,
      11.587248,
      12.87472,
      0.6437360000000001,
      0.0,
      0.16093400000000002,
      2.092142,
      3.8624159999999996,
      4.82802,
      0.16093400000000002,
      1.60934,
      19.633948,
      12.07005,
      3.379614,
      3.21868,
      2.5749440000000003,
      13.035654,
      7.563898,
      1.2874720000000002,
      2.896812,
      0.32186800000000004,
      3.5405480000000003,
      0.80467,
      1.7702740000000001,
      2.41401,
      6.276426,
      4.184284,
      10.138842,
      0.6437360000000001,
      2.092142,
      28.002515999999996,
      3.379614,
      5.471756,
      1.9312079999999998,
      3.057746,
      7.0810960000000005,
      16.254334,
      3.057746
    ],
    [
      11.26538,
      0.48280199999999995,
      12.07005,
      1.60934,
      3.21868,
      3.21868,
      4.02335,
      11.426314,
      11.426314,
      1.7702740000000001,
      4.82802,
      16.576202000000002,
      5.471756,
      11.587248,
      5.149888000000001,
      0.9656039999999999,
      11.426314,
      0.48280199999999995,
      9.65604,
      11.426314,
      6.9201619999999995,
      10.46071,
      11.587248,
      11.426314,
      12.87472,
      0.48280199999999995,
      0.16093400000000002,
      0.0,
      1.9312079999999998,
      3.7014819999999995,
      4.667085999999999,
      0.32186800000000004,
      1.1265379999999998,
      19.633948,
      12.07005,
      3.21868,
      3.21868,
      2.092142,
      13.035654,
      7.563898,
      1.1265379999999998,
      2.896812,
      0.32186800000000004,
      3.379614,
      0.6437360000000001,
      1.7702740000000001,
      2.41401,
      6.276426,
      4.184284,
      9.977908000000001,
      0.48280199999999995,
      1.9312079999999998,
      28.002515999999996,
      3.21868,
      5.471756,
      1.9312079999999998,
      2.896812,
      7.0810960000000005,
      16.254334,
      2.896812
    ],
    [
      9.173238,
      2.41401,
      12.552852,
      1.9312079999999998,
      1.60934,
      1.7702740000000001,
      2.5749440000000003,
      8.207633999999999,
      9.816974,
      1.7702740000000001,
      5.149888000000001,
      14.48406,
      3.8624159999999996,
      8.207633999999999,
      6.115492,
      2.092142,
      7.885766,
      1.9312079999999998,
      8.207633999999999,
      9.977908000000001,
      5.63269,
      9.173238,
      8.368568,
      9.977908000000001,
      13.67939,
      1.9312079999999998,
      2.092142,
      1.9312079999999998,
      0.0,
      2.5749440000000003,
      4.184284,
      2.092142,
      1.9312079999999998,
      20.277684,
      10.138842,
      2.896812,
      0.9656039999999999,
      0.32186800000000004,
      9.495106,
      6.276426,
      0.80467,
      4.184284,
      1.7702740000000001,
      1.7702740000000001,
      2.2530759999999996,
      1.9312079999999998,
      0.48280199999999995,
      5.149888000000001,
      2.896812,
      7.402963999999999,
      2.092142,
      0.80467,
      28.646252,
      1.9312079999999998,
      4.184284,
      0.48280199999999995,
      2.41401,
      5.9545580000000005,
      16.89807,
      1.2874720000000002
    ],
    [
      7.24203,
      4.184284,
      13.196587999999998,
      4.184284,
      1.9312079999999998,
      1.9312079999999998,
      2.735878,
      6.115492,
      9.495106,
      4.02335,
      5.9545580000000005,
      17.863674,
      1.7702740000000001,
      5.9545580000000005,
      6.9201619999999995,
      3.379614,
      5.63269,
      4.184284,
      5.9545580000000005,
      9.173238,
      3.21868,
      8.529501999999999,
      6.115492,
      10.299776000000001,
      14.162192000000001,
      4.184284,
      3.8624159999999996,
      3.7014819999999995,
      2.5749440000000003,
      0.0,
      3.7014819999999995,
      4.506151999999999,
      3.21868,
      20.760486,
      9.173238,
      4.345218,
      2.735878,
      3.057746,
      7.0810960000000005,
      5.149888000000001,
      3.7014819999999995,
      4.667085999999999,
      4.184284,
      1.7702740000000001,
      4.9889540000000006,
      4.82802,
      2.41401,
      2.5749440000000003,
      0.48280199999999995,
      5.63269,
      3.8624159999999996,
      3.7014819999999995,
      29.129054000000004,
      2.896812,
      1.7702740000000001,
      3.7014819999999995,
      3.379614,
      3.5405480000000003,
      17.380872,
      1.7702740000000001
    ],
    [
      11.426314,
      5.149888000000001,
      15.932466,
      5.149888000000001,
      2.5749440000000003,
      1.7702740000000001,
      1.7702740000000001,
      9.495106,
      13.67939,
      2.896812,
      9.012303999999999,
      18.50741,
      5.793624,
      9.495106,
      9.334171999999999,
      5.471756,
      9.173238,
      4.345218,
      9.495106,
      13.840323999999999,
      6.115492,
      13.196587999999998,
      9.65604,
      9.173238,
      16.89807,
      4.345218,
      4.82802,
      4.667085999999999,
      4.184284,
      3.7014819999999995,
      0.0,
      4.82802,
      5.9545580000000005,
      23.496364,
      14.644993999999999,
      1.448406,
      3.057746,
      3.8624159999999996,
      11.587248,
      9.173238,
      3.8624159999999996,
      7.0810960000000005,
      4.9889540000000006,
      3.379614,
      4.345218,
      5.149888000000001,
      3.8624159999999996,
      6.115492,
      4.184284,
      7.402963999999999,
      5.149888000000001,
      3.379614,
      32.025866,
      2.5749440000000003,
      NaN,
      3.5405480000000003,
      2.092142,
      8.0467,
      20.11675,
      3.21868
    ],
    [
      11.426314,
      0.32186800000000004,
      12.07005,
      1.9312079999999998,
      3.379614,
      3.379614,
      4.184284,
      11.587248,
      11.748182,
      1.9312079999999998,
      4.82802,
      16.576202000000002,
      5.471756,
      11.748182,
      5.149888000000001,
      0.9656039999999999,
      11.587248,
      0.6437360000000001,
      9.816974,
      11.426314,
      7.0810960000000005,
      10.621644,
      11.587248,
      11.587248,
      12.87472,
      0.6437360000000001,
      0.16093400000000002,
      0.32186800000000004,
      2.092142,
      4.506151999999999,
      4.82802,
      0.0,
      1.60934,
      19.633948,
      12.230984,
      3.5405480000000003,
      3.379614,
      2.735878,
      13.035654,
      10.943512,
      1.2874720000000002,
      3.057746,
      0.48280199999999995,
      3.5405480000000003,
      0.80467,
      1.9312079999999998,
      2.41401,
      6.43736,
      4.184284,
      10.299776000000001,
      0.6437360000000001,
      2.092142,
      28.002515999999996,
      3.5405480000000003,
      5.471756,
      2.092142,
      3.057746,
      7.24203,
      16.415267999999998,
      3.21868
    ],
    [
      10.138842,
      1.9312079999999998,
      10.943512,
      2.092142,
      3.5405480000000003,
      3.7014819999999995,
      4.506151999999999,
      10.299776000000001,
      10.621644,
      2.896812,
      3.8624159999999996,
      15.449663999999999,
      4.345218,
      10.621644,
      4.667085999999999,
      0.9656039999999999,
      10.299776000000001,
      2.092142,
      8.690436,
      10.621644,
      5.9545580000000005,
      9.65604,
      10.46071,
      14.644993999999999,
      12.07005,
      1.9312079999999998,
      1.60934,
      1.1265379999999998,
      1.9312079999999998,
      3.21868,
      5.9545580000000005,
      1.60934,
      0.0,
      18.829278,
      11.587248,
      3.8624159999999996,
      2.41401,
      1.7702740000000001,
      9.65604,
      6.598293999999999,
      0.80467,
      2.5749440000000003,
      0.80467,
      3.21868,
      1.7702740000000001,
      1.7702740000000001,
      1.60934,
      5.310822,
      3.21868,
      8.207633999999999,
      0.80467,
      1.7702740000000001,
      27.197846,
      3.379614,
      4.506151999999999,
      1.60934,
      3.5405480000000003,
      6.115492,
      15.449663999999999,
      2.735878
    ],
    [
      19.31208,
      19.955816000000002,
      11.587248,
      20.11675,
      21.565156,
      21.72609,
      22.53076,
      19.473014,
      19.794882,
      20.92142,
      16.254334,
      24.622902,
      19.473014,
      19.794882,
      15.127796,
      18.668343999999998,
      19.473014,
      20.11675,
      22.208892000000002,
      19.794882,
      23.174496,
      18.829278,
      19.633948,
      47.636464000000004,
      12.713786,
      20.11675,
      19.633948,
      19.633948,
      20.277684,
      20.760486,
      23.496364,
      19.633948,
      18.829278,
      0.0,
      19.955816000000002,
      22.208892000000002,
      20.92142,
      20.277684,
      20.760486,
      18.50741,
      19.473014,
      16.576202000000002,
      19.31208,
      21.72609,
      20.760486,
      20.277684,
