{
  "drive_dist_matrix": [
    [
      0.0,
      3.3,
      4.2,
      3.3,
      3.5,
      3.1,
      3.5,
      3.6,
      3.0,
      1.0,
      3.8,
      1.0,
      2.9,
      3.5,
      1.5,
      3.7,
      2.8,
      3.9,
      3.6,
      2.9,
      1.6,
      2.0,
      2.3,
      3.6,
      5.4,
      3.8,
      3.4,
      5.6,
      3.6,
      3.4,
      1.7,
      1.0,
      3.0,
      2.9,
      12.1,
      3.0,
      4.7,
      1.2,
      3.5,
      3.7,
      38.4,
      4.1,
      3.7,
      2.3,
      39.7
    ],
    [
      3.3,
      0.0,
      0.29,
      0.4,
      0.5,
      4.5,
      0.45,
      0.55,
      1.3,
      1.0,
      0.15,
      0.95,
      0.75,
      0.45,
      0.6,
      0.26,
      0.5,
      0.22,
      0.5,
      0.6,
      1.4,
      0.75,
      0.95,
      0.6,
      4.3,
      0.18,
      0.7,
      4.6,
      0.5,
      0.7,
      0.4,
      1.0,
      0.5,
      0.6,
      13.3,
      4.4,
      3.6,
      1.2,
      0.5,
      0.45,
      39.8,
      0.35,
      0.65,
      0.7,
      41.1
    ],
    [
      4.2,
      0.29,
      0.0,
      0.11,
      0.19,
      4.5,
      0.16,
      0.3,
      1.4,
      1.1,
      0.28,
      2.3,
      0.8,
      0.15,
      0.9,
      0.3,
      0.8,
      0.5,
      0.35,
      0.7,
      1.5,
      0.85,
      1.1,
      0.3,
      4.1,
      0.45,
      0.5,
      4.4,
      0.35,
      0.4,
      0.55,
      2.3,
      0.3,
      0.4,
      13.3,
      4.5,
      3.5,
      1.9,
      0.27,
      0.21,
      39.8,
      0.65,
      0.5,
      0.8,
      41.1
    ],
    [
      3.3,
      0.4,
      0.11,
      0.0,
      0.21,
      4.6,
      0.18,
      0.35,
      1.4,
      2.3,
      0.3,
      2.4,
      0.8,
      0.17,
      0.95,
      0.35,
      0.85,
      0.55,
      0.35,
      0.7,
      1.5,
      0.9,
      0.7,
      0.35,
      4.2,
      0.55,
      0.3,
      4.4,
      0.35,
      0.3,
      0.45,
      2.4,
      0.6,
      0.3,
      14.1,
      4.5,
      3.5,
      1.9,
      0.29,
      0.24,
      40.6,
      0.7,
      0.26,
      0.8,
      41.9
    ],
    [
      3.5,
      0.5,
      0.19,
      0.21,
      0.0,
      4.8,
      0.11,
      0.22,
      2.6,
      1.1,
      0.35,
      1.0,
      0.75,
      0.1,
      1.2,
      0.28,
      0.9,
      0.65,
      0.24,
      0.4,
      2.0,
      0.85,
      0.65,
      0.23,
      3.9,
      0.6,
      0.25,
      4.2,
      0.24,
      0.25,
      0.4,
      1.1,
      0.35,
      0.4,
      15.1,
      4.8,
      3.2,
      2.2,
      0.18,
      0.12,
      41.5,
      0.8,
      0.21,
      0.75,
      42.8
    ],
    [
      3.1,
      4.5,
      4.5,
      4.6,
      4.8,
      0.0,
      5.8,
      5.8,
      5.3,
      4.6,
      6.1,
      4.6,
      5.2,
      5.8,
      3.8,
      6.0,
      5.1,
      6.2,
      5.8,
      5.2,
      3.9,
      4.4,
      4.6,
      5.8,
      7.6,
      5.7,
      5.6,
      7.9,
      5.8,
      5.6,
      4.0,
      4.6,
      5.3,
      5.2,
      12.3,
      0.092,
      6.9,
      4.4,
      5.8,
      6.0,
      38.7,
      6.4,
      6.0,
      4.6,
      40.1
    ],
    [
      3.5,
      0.45,
      0.16,
      0.18,
      0.11,
      5.8,
      0.0,
      0.15,
      2.6,
      1.0,
      0.3,
      3.3,
      0.7,
      0.012,
      1.3,
      0.22,
      0.85,
      0.6,
      0.18,
      0.45,
      2.0,
      0.75,
      1.4,
      0.16,
      4.0,
      0.55,
      0.3,
      4.3,
      0.13,
      0.3,
      0.35,
      1.0,
      0.45,
      0.5,
      13.7,
      4.8,
      3.3,
      2.3,
      0.11,
      0.053,
      40.2,
      0.75,
      0.27,
      0.7,
      41.5
    ],
    [
      3.6,
      0.55,
      0.3,
      0.35,
      0.22,
      5.8,
      0.15,
      0.0,
      2.7,
      3.1,
      0.4,
      1.1,
      0.8,
      0.17,
      2.5,
      0.26,
      2.5,
      0.7,
      0.031,
      0.6,
      2.1,
      0.85,
      0.55,
      0.45,
      3.8,
      0.65,
      0.23,
      4.0,
      0.02,
      0.23,
      0.45,
      3.1,
      0.55,
      0.6,
      15.0,
      6.1,
      3.1,
      3.5,
      0.043,
      0.55,
      41.4,
      0.85,
      0.19,
      0.75,
      42.8
    ],
    [
      3.0,
      1.3,
      1.4,
      1.4,
      2.6,
      5.3,
      2.6,
      2.7,
      0.0,
      2.4,
      0.8,
      2.4,
      3.6,
      1.1,
      0.6,
      1.7,
      1.0,
      0.7,
      1.5,
      1.4,
      0.8,
      2.1,
      1.7,
      1.5,
      4.8,
      0.5,
      1.3,
      5.1,
      1.5,
      1.3,
      1.2,
      2.4,
      1.0,
      1.4,
      13.5,
      4.6,
      4.1,
      2.1,
      1.5,
      1.1,
      40.0,
      0.85,
      1.7,
      3.8,
      41.3
    ],
    [
      1.0,
      1.0,
      1.1,
      2.3,
      1.1,
      4.6,
      1.0,
      3.1,
      2.4,
      0.0,
      0.85,
      0.02,
      0.55,
      1.0,
      0.8,
      0.85,
      3.9,
      1.1,
      1.1,
      2.0,
      2.2,
      0.26,
      1.4,
      1.0,
      4.5,
      1.1,
      2.5,
      4.7,
      1.1,
      2.5,
      0.65,
      0.033,
      2.2,
      2.0,
      12.4,
      3.5,
      3.8,
      0.18,
      1.1,
      2.8,
      38.9,
      3.2,
      1.2,
      0.5,
      40.2
    ],
    [
      3.8,
      0.15,
      0.28,
      0.3,
      0.35,
      6.1,
      0.3,
      0.4,
      0.8,
      0.85,
      0.0,
      0.8,
      0.6,
      0.28,
      0.65,
      0.12,
      0.55,
      0.3,
      0.75,
      1.5,
      1.2,
      0.6,
      0.8,
      0.3,
      3.9,
      0.27,
      0.55,
      4.2,
      0.35,
      0.55,
      0.24,
      0.85,
      0.55,
      1.5,
      13.1,
      4.2,
      3.2,
      1.0,
      0.35,
      0.29,
      39.6,
      0.45,
      0.55,
      0.6,
      40.9
    ],
    [
      1.0,
      0.95,
      2.3,
      2.4,
      1.0,
      4.6,
      3.3,
      1.1,
      2.4,
      0.02,
      0.8,
      0.0,
      0.5,
      2.4,
      0.8,
      0.8,
      3.8,
      1.1,
      1.0,
      1.8,
      2.0,
      0.24,
      1.1,
      1.0,
      4.3,
      2.8,
      2.3,
      4.6,
      2.5,
      2.3,
      2.1,
      0.031,
      2.0,
      1.8,
      9.4,
      3.6,
      3.6,
      0.18,
      2.5,
      1.0,
      39.0,
      3.0,
      2.7,
      0.5,
      40.3
    ],
    [
      2.9,
      0.75,
      0.8,
      0.8,
      0.75,
      5.2,
      0.7,
      0.8,
      3.6,
      0.55,
      0.6,
      0.5,
      0.0,
      0.7,
      1.0,
      0.5,
      1.0,
      0.9,
      3.3,
      2.7,
      2.8,
      0.3,
      0.8,
      0.7,
      5.1,
      0.85,
      1.0,
      5.4,
      0.75,
      1.0,
      0.35,
      0.55,
      1.1,
      1.1,
      9.5,
      3.7,
      4.4,
      0.65,
      0.75,
      0.7,
      39.0,
      1.0,
      0.95,
      0.21,
      40.4
    ],
    [
      3.5,
      0.45,
      0.15,
      0.17,
      0.1,
      5.8,
      0.012,
      0.17,
      1.1,
      1.0,
      0.28,
      2.4,
      0.7,
      0.0,
      1.3,
      0.21,
      2.5,
      1.6,
      0.14,
      0.5,
      2.0,
      0.75,
      0.7,
      0.16,
      4.0,
      0.55,
      0.3,
      4.3,
      0.19,
      0.3,
      0.35,
      3.3,
      0.45,
      0.55,
      13.7,
      4.8,
      3.3,
      1.1,
      0.12,
      0.29,
      40.2,
      0.75,
      0.28,
      3.0,
      41.5
    ],
    [
      1.5,
      0.6,
      0.9,
      0.95,
      1.2,
      3.8,
      1.3,
      2.5,
      0.6,
      0.8,
      0.65,
      0.8,
      1.0,
      1.3,
      0.0,
      0.75,
      0.4,
      0.55,
      2.5,
      1.9,
      0.6,
      0.7,
      1.2,
      2.5,
      4.3,
      2.8,
      2.3,
      4.6,
      2.5,
      2.3,
      0.7,
      0.8,
      2.0,
      1.9,
      9.4,
      3.5,
      3.6,
      1.1,
      2.5,
      2.6,
      38.9,
      0.7,
      2.7,
      1.0,
      40.2
    ],
    [
      3.7,
      0.26,
      0.3,
      0.35,
      0.28,
      6.0,
      0.22,
      0.26,
      1.7,
      0.85,
      0.12,
      0.8,
      0.5,
      0.21,
      0.75,
      0.0,
      0.7,
      0.4,
      0.23,
      0.65,
      1.4,
      0.6,
      0.7,
      0.2,
      4.0,
      0.4,
      1.1,
      4.3,
      0.24,
      0.45,
      0.17,
      0.8,
      0.6,
      0.65,
      10.1,
      4.3,
      3.3,
      1.8,
      0.8,
      0.22,
      39.7,
      0.55,
      0.4,
      1.8,
      41.0
    ],
    [
      2.8,
      0.5,
      0.8,
      0.85,
      0.9,
      5.1,
      0.85,
      2.5,
      1.0,
      3.9,
      0.55,
      3.8,
      1.0,
      2.5,
      0.4,
      0.7,
      0.0,
      0.29,
      1.6,
      1.5,
      0.65,
      1.1,
      1.8,
      0.9,
      4.9,
      0.3,
      1.4,
      5.2,
      1.6,
      1.4,
      0.7,
      2.5,
      1.0,
      1.5,
      10.9,
      4.8,
      4.3,
      2.2,
      1.6,
      0.9,
      40.1,
      0.95,
      1.8,
      3.9,
      41.4
    ],
    [
      3.9,
      0.22,
      0.5,
      0.55,
      0.65,
      6.2,
      0.6,
      0.7,
      0.7,
      1.1,
      0.3,
      1.1,
      0.9,
      1.6,
      0.55,
      0.4,
      0.29,
      0.0,
      0.65,
      0.8,
      0.9,
      0.9,
      1.7,
      0.6,
      4.8,
      0.039,
      0.9,
      5.1,
      0.65,
      0.9,
      0.55,
      1.1,
      0.7,
      1.3,
      10.1,
      4.3,
      4.1,
      1.7,
      1.5,
      0.65,
      39.6,
      0.13,
      0.85,
      0.9,
      40.9
    ],
    [
      3.6,
      0.5,
      0.35,
      0.35,
      0.24,
      5.8,
      0.18,
      0.031,
      1.5,
      1.1,
      0.75,
      1.0,
      3.3,
      0.14,
      2.5,
      0.23,
      1.6,
      0.65,
      0.0,
      0.6,
      2.1,
      0.8,
      0.6,
      0.078,
      3.8,
      0.6,
      0.21,
      4.0,
      0.011,
      0.21,
      0.4,
      1.1,
      0.55,
      0.6,
      11.9,
      6.6,
      3.1,
      1.2,
      0.075,
      0.15,
      41.4,
      0.8,
      0.2,
      0.75,
      42.8
    ],
    [
      2.9,
      0.6,
      0.7,
      0.7,
      0.4,
      5.2,
      0.45,
      0.6,
      1.4,
      2.0,
      1.5,
      1.8,
      2.7,
      0.5,
      1.9,
      0.65,
      1.5,
      0.8,
      0.6,
      0.0,
      1.5,
      3.0,
      1.5,
      0.6,
      4.0,
      0.95,
      0.35,
      4.2,
      0.6,
      0.35,
      0.75,
      3.3,
      0.15,
      0.011,
      11.3,
      6.0,
      3.3,
      2.9,
      0.55,
      0.8,
      40.8,
      0.95,
      0.4,
      2.9,
      42.1
    ],
    [
      1.6,
      1.4,
      1.5,
      1.5,
      2.0,
      3.9,
      2.0,
      2.1,
      0.8,
      2.2,
      1.2,
      2.0,
      2.8,
      2.0,
      0.6,
      1.4,
      0.65,
      0.9,
      2.1,
      1.5,
      0.0,
      1.6,
      1.8,
      2.3,
      5.2,
      0.95,
      2.1,
      5.5,
      2.3,
      2.1,
      1.2,
      1.9,
      1.8,
      2.3,
      10.0,
      4.2,
      4.5,
      1.6,
      2.3,
      1.9,
      39.5,
      1.1,
      2.5,
      2.2,
      40.8
    ],
    [
      2.0,
      0.75,
      0.85,
      0.9,
      0.85,
      4.4,
      0.75,
      0.85,
      2.1,
      0.26,
      0.6,
      0.24,
      0.3,
      0.75,
      0.7,
      0.6,
      1.1,
      0.9,
      0.8,
      3.0,
      1.6,
      0.0,
      2.5,
      0.8,
      5.5,
      0.85,
      1.0,
      5.8,
      0.85,
      1.0,
      2.7,
      0.28,
      3.2,
      3.1,
      9.6,
      3.7,
      4.9,
      0.4,
      0.85,
      0.75,
      39.1,
      1.0,
      1.0,
      0.3,
      40.4
    ],
    [
      2.3,
      0.95,
      1.1,
      0.7,
      0.65,
      4.6,
      1.4,
      0.55,
      1.7,
      1.4,
      0.8,
      1.1,
      0.8,
      0.7,
      1.2,
      0.7,
      1.8,
      1.7,
      0.6,
      1.5,
      1.8,
      2.5,
      0.0,
      0.65,
      3.8,
      1.6,
      1.1,
      4.0,
      0.6,
      1.1,
      0.55,
      3.1,
      0.65,
      0.6,
      12.1,
      6.6,
      3.1,
      3.5,
      0.55,
      1.4,
      41.4,
      1.8,
      1.5,
      0.8,
      42.8
    ],
    [
      3.6,
      0.6,
      0.3,
      0.35,
      0.23,
      5.8,
      0.16,
      0.45,
      1.5,
      1.0,
      0.3,
      1.0,
      0.7,
      0.16,
      2.5,
      0.2,
      0.9,
      0.6,
      0.078,
      0.6,
      2.3,
      0.8,
      0.65,
      0.0,
      4.2,
      0.6,
      0.3,
      4.5,
      0.22,
      0.3,
      0.35,
      1.0,
      0.55,
      0.6,
      10.4,
      4.5,
      3.5,
      1.1,
      0.1,
      0.12,
      39.8,
      0.75,
      0.27,
      0.7,
      41.2
    ],
    [
      5.4,
      4.3,
      4.1,
      4.2,
      3.9,
      7.6,
      4.0,
      3.8,
      4.8,
      4.5,
      3.9,
      4.3,
      5.1,
      4.0,
      4.3,
      4.0,
      4.9,
      4.8,
      3.8,
      4.0,
      5.2,
      5.5,
      3.8,
      4.2,
      0.0,
      4.3,
      3.9,
      0.75,
      4.1,
      3.9,
      4.4,
      3.8,
      3.5,
      3.4,
      15.6,
      7.0,
      1.3,
      4.0,
      4.0,
      4.2,
      42.1,
      4.6,
      4.2,
      3.5,
      43.4
    ],
    [
      3.8,
      0.18,
      0.45,
      0.55,
      0.6,
      5.7,
      0.55,
      0.65,
      0.5,
      1.1,
      0.27,
      2.8,
      0.85,
      0.55,
      2.8,
      0.4,
      0.3,
      0.039,
      0.6,
      0.95,
      0.95,
      0.85,
      1.6,
      0.6,
      4.3,
      0.0,
      0.85,
      5.1,
      0.65,
      0.85,
      0.5,
      1.1,
      0.7,
      1.4,
      13.2,
      4.3,
      4.2,
      1.7,
      0.65,
      0.55,
      39.6,
      0.19,
      1.7,
      0.85,
      41.0
    ],
    [
      3.4,
      0.7,
      0.5,
      0.3,
      0.25,
      5.6,
      0.3,
      0.23,
      1.3,
      2.5,
      0.55,
      2.3,
      1.0,
      0.3,
      2.3,
      1.1,
      1.4,
      0.9,
      0.21,
      0.35,
      2.1,
      1.0,
      1.1,
      0.3,
      3.9,
      0.85,
      0.0,
      3.9,
      0.25,
      0.0,
      0.6,
      3.0,
      0.3,
      0.35,
      14.7,
      6.4,
      2.9,
      3.4,
      0.23,
      0.27,
      41.3,
      1.7,
      0.038,
      2.6,
      42.6
    ],
    [
      5.6,
      4.6,
      4.4,
      4.4,
      4.2,
      7.9,
      4.3,
      4.0,
      5.1,
      4.7,
      4.2,
      4.6,
      5.4,
      4.3,
      4.6,
      4.3,
      5.2,
      5.1,
      4.0,
      4.2,
      5.5,
      5.8,
      4.0,
      4.5,
      0.75,
      5.1,
      3.9,
      0.0,
      4.8,
      4.6,
      5.1,
      4.6,
      4.3,
      4.1,
      16.4,
      7.6,
      1.0,
      4.8,
      4.8,
      4.9,
      42.8,
      5.3,
      5.0,
      4.2,
      44.1
    ],
    [
      3.6,
      0.5,
      0.35,
      0.35,
      0.24,
      5.8,
      0.13,
      0.02,
      1.5,
      1.1,
      0.35,
      2.5,
      0.75,
      0.19,
      2.5,
      0.24,
      1.6,
      0.65,
      0.011,
      0.6,
      2.3,
      0.85,
      0.6,
      0.22,
      4.1,
      0.65,
      0.25,
      4.8,
      0.0,
      0.25,
      1.0,
      3.1,
      0.55,
      0.6,
      14.9,
      6.6,
      3.1,
      3.5,
      0.064,
      0.13,
      41.4,
      0.8,
      0.24,
      0.75,
      42.8
    ],
    [
      3.4,
      0.7,
      0.4,
      0.3,
      0.25,
      5.6,
      0.3,
      0.23,
      1.3,
      2.5,
      0.55,
      2.3,
      1.0,
      0.3,
      2.3,
      0.45,
      1.4,
      0.9,
      0.21,
      0.35,
      2.1,
      1.0,
      1.1,
      0.3,
      3.9,
      0.85,
      0.0,
      4.6,
      0.25,
      0.0,
      0.6,
      3.0,
      0.6,
      0.35,
      14.8,
      6.4,
      2.9,
      3.4,
      0.23,
      0.27,
      41.3,
      1.7,
      0.038,
      1.0,
      42.6
    ],
    [
      1.7,
      0.4,
      0.55,
      0.45,
      0.4,
      4.0,
      0.35,
      0.45,
      1.2,
      0.65,
      0.24,
      2.1,
      0.35,
      0.35,
      0.7,
      0.17,
      0.7,
      0.55,
      0.4,
      0.75,
      1.2,
      2.7,
      0.55,
      0.35,
      4.4,
      0.5,
      0.6,
      5.1,
      1.0,
      0.6,
      0.0,
      0.65,
      0.75,
      1.2,
      13.6,
      4.9,
      2.9,
      0.75,
      0.4,
      0.35,
      40.0,
      0.7,
      0.6,
      0.35,
      41.3
    ],
    [
      1.0,
      1.0,
      2.3,
      2.4,
      1.1,
      4.6,
      1.0,
      3.1,
      2.4,
      0.033,
      0.85,
      0.031,
      0.55,
      3.3,
      0.8,
      0.8,
      2.5,
      1.1,
      1.1,
      3.3,
      1.9,
      0.28,
      3.1,
      1.0,
      3.8,
      1.1,
      3.0,
      4.6,
      3.1,
      3.0,
      0.65,
      0.0,
      2.1,
      2.0,
      12.0,
      4.3,
      3.8,
      0.15,
      1.1,
      2.8,
      38.5,
      3.2,
      1.2,
      0.5,
      39.8
    ],
    [
      3.0,
      0.5,
      0.3,
      0.6,
      0.35,
      5.3,
      0.45,
      0.55,
      1.0,
      2.2,
      0.55,
      2.0,
      1.1,
      0.45,
      2.0,
      0.6,
      1.0,
      0.7,
      0.55,
      0.15,
      1.8,
      3.2,
      0.65,
      0.55,
      3.5,
      0.7,
      0.3,
      4.3,
      0.55,
      0.6,
      0.75,
      2.1,
      0.0,
      0.35,
      14.9,
      5.8,
      3.1,
      3.3,
      0.5,
      0.45,
      41.4,
      0.9,
      0.35,
      1.1,
      42.7
    ],
    [
      2.9,
      0.6,
      0.4,
      0.3,
      0.4,
      5.2,
      0.5,
      0.6,
      1.4,
      2.0,
      1.5,
      1.8,
      1.1,
      0.55,
      1.9,
      0.65,
      1.5,
      1.3,
      0.6,
      0.011,
      2.3,
      3.1,
      0.6,
      0.6,
      3.4,
      1.4,
      0.35,
      4.1,
      0.6,
      0.35,
      1.2,
      2.0,
      0.35,
      0.0,
      14.4,
      5.5,
      3.3,
      2.9,
      0.55,
      0.8,
      40.8,
      1.2,
      0.85,
      2.9,
      42.1
    ],
    [
      12.1,
      13.3,
      13.3,
      14.1,
      15.1,
      12.3,
      13.7,
      15.0,
      13.5,
      12.4,
      13.1,
      9.4,
      9.5,
      13.7,
      9.4,
      10.1,
      10.9,
      10.1,
      11.9,
      11.3,
      10.0,
      9.6,
      12.1,
      10.4,
      15.6,
      13.2,
      14.7,
      16.4,
      14.9,
      14.8,
      13.6,
      12.0,
      14.9,
      14.4,
      0.0,
      8.5,
      13.3,
      9.9,
      12.2,
      12.4,
      33.7,
      12.7,
      12.4,
      10.2,
      35.0
    ],
    [
      3.0,
      4.4,
      4.5,
      4.5,
      4.8,
      0.092,
      4.8,
      6.1,
      4.6,
      3.5,
      4.2,
      3.6,
      3.7,
      4.8,
      3.5,
      4.3,
      4.8,
      4.3,
      6.6,
      6.0,
      4.2,
      3.7,
      6.6,
      4.5,
      7.0,
      4.3,
      6.4,
      7.6,
      6.6,
      6.4,
      4.9,
      4.3,
      5.8,
      5.5,
      8.5,
      0.0,
      6.9,
      4.3,
      5.7,
      5.9,
      38.6,
      6.3,
      5.9,
      4.5,
      40.0
    ],
    [
      4.7,
      3.6,
      3.5,
      3.5,
      3.2,
      6.9,
      3.3,
      3.1,
      4.1,
      3.8,
      3.2,
      3.6,
      4.4,
      3.3,
      3.6,
      3.3,
      4.3,
      4.1,
      3.1,
      3.3,
      4.5,
      4.9,
      3.1,
      3.5,
      1.3,
      4.2,
      2.9,
      1.0,
      3.1,
      2.9,
      2.9,
      3.8,
      3.1,
      3.3,
      13.3,
      6.9,
      0.0,
      3.8,
      3.9,
      4.0,
      42.3,
      4.4,
      4.1,
      3.3,
      43.3
    ],
    [
      1.2,
      1.2,
      1.9,
      1.9,
      2.2,
      4.4,
      2.3,
      3.5,
      2.1,
      0.18,
      1.0,
      0.18,
      0.65,
      1.1,
      1.1,
      1.8,
      2.2,
      1.7,
      1.2,
      2.9,
      1.6,
      0.4,
      3.5,
      1.1,
      4.0,
      1.7,
      3.4,
      4.8,
      3.5,
      3.4,
      0.75,
      0.15,
      3.3,
      2.9,
      9.9,
      4.3,
      3.8,
      0.0,
      2.5,
      2.6,
      38.3,
      3.0,
      2.7,
      0.5,
      39.6
    ],
    [
      3.5,
      0.5,
      0.27,
      0.29,
      0.18,
      5.8,
      0.11,
      0.043,
      1.5,
      1.1,
      0.35,
      2.5,
      0.75,
      0.12,
      2.5,
      0.8,
      1.6,
      1.5,
      0.075,
      0.55,
      2.3,
      0.85,
      0.55,
      0.1,
      4.0,
      0.65,
      0.23,
      4.8,
      0.064,
      0.23,
      0.4,
      1.1,
      0.5,
      0.55,
      12.2,
      5.7,
      3.9,
      2.5,
      0.0,
      0.071,
      41.5,
      0.8,
      0.22,
      0.75,
      42.8
    ],
    [
      3.7,
      0.45,
      0.21,
      0.24,
      0.12,
      6.0,
      0.053,
      0.55,
      1.1,
      2.8,
      0.29,
      1.0,
      0.7,
      0.29,
      2.6,
      0.22,
      0.9,
      0.65,
      0.15,
      0.8,
      1.9,
      0.75,
      1.4,
      0.12,
      4.2,
      0.55,
      0.27,
      4.9,
      0.13,
      0.27,
      0.35,
      2.8,
      0.45,
      0.8,
      12.4,
      5.9,
      4.0,
      2.6,
      0.071,
      0.0,
      41.5,
      0.75,
      0.23,
      0.7,
      42.9
    ],
    [
      38.4,
      39.8,
      39.8,
      40.6,
      41.5,
      38.7,
      40.2,
      41.4,
      40.0,
      38.9,
      39.6,
      39.0,
      39.0,
      40.2,
      38.9,
      39.7,
      40.1,
      39.6,
      41.4,
      40.8,
      39.5,
      39.1,
      41.4,
      39.8,
      42.1,
      39.6,
      41.3,
      42.8,
      41.4,
      41.3,
      40.0,
      38.5,
      41.4,
      40.8,
      33.7,
      38.6,
      42.3,
      38.3,
      41.5,
      41.5,
      0.0,
      41.2,
      40.9,
      38.7,
      1.7
    ],
    [
      4.1,
      0.35,
      0.65,
      0.7,
      0.8,
      6.4,
      0.75,
      0.85,
      0.85,
      3.2,
      0.45,
      3.0,
      1.0,
      0.75,
      0.7,
      0.55,
      0.95,
      0.13,
      0.8,
      0.95,
      1.1,
      1.0,
      1.8,
      0.75,
      4.6,
      0.19,
      1.7,
      5.3,
      0.8,
      1.7,
      0.7,
      3.2,
      0.9,
      1.2,
      12.7,
      6.3,
      4.4,
      3.0,
      0.8,
      0.75,
      41.2,
      0.0,
      1.6,
      1.1,
      41.5
    ],
    [
      3.7,
      0.65,
      0.5,
      0.26,
      0.21,
      6.0,
      0.27,
      0.19,
      1.7,
      1.2,
      0.55,
      2.7,
      0.95,
      0.28,
      2.7,
      0.4,
      1.8,
      0.85,
      0.2,
      0.4,
      2.5,
      1.0,
      1.5,
      0.27,
      4.2,
      1.7,
      0.038,
      5.0,
      0.24,
      0.038,
      0.6,
      1.2,
      0.35,
      0.85,
      12.4,
      5.9,
      4.1,
      2.7,
      0.22,
      0.23,
      40.9,
      1.6,
      0.0,
      0.9,
      41.4
    ],
    [
      2.3,
      0.7,
      0.8,
      0.8,
      0.75,
      4.6,
      0.7,
      0.75,
      3.8,
      0.5,
      0.6,
      0.5,
      0.21,
      3.0,
      1.0,
      1.8,
      3.9,
      0.9,
      0.75,
      2.9,
      2.2,
      0.3,
      0.8,
      0.7,
      3.5,
      0.85,
      2.6,
      4.2,
      0.75,
      1.0,
      0.35,
      0.5,
      1.1,
      2.9,
      10.2,
      4.5,
      3.3,
      0.5,
      0.75,
      0.7,
      38.7,
      1.1,
      0.9,
      0.0,
      39.9
    ],
    [
      39.7,
      41.1,
      41.1,
      41.9,
      42.8,
      40.1,
      41.5,
      42.8,
      41.3,
      40.2,
      40.9,
      40.3,
      40.4,
      41.5,
      40.2,
      41.0,
      41.4,
      40.9,
      42.8,
      42.1,
      40.8,
      40.4,
      42.8,
      41.2,
      43.4,
      41.0,
      42.6,
      44.1,
      42.8,
      42.6,
      41.3,
      39.8,
      42.7,
      42.1,
      35.0,
      40.0,
      43.3,
      39.6,
      42.8,
      42.9,
      1.7,
      41.5,
      41.4,
      39.9,
      0.0
    ]
  ],
  "drive_time_matrix": [
    [
      0.0,
      13.0,
      12.0,
      11.0,
      12.0,
      10.0,
      12.0,
      12.0,
      9.0,
      13.0,
      13.0,
      14.0,
      10.0,
      12.0,
      5.0,
      12.0,
      9.0,
      11.0,
      11.0,
      9.0,
      5.0,
      8.0,
      8.0,
      11.0,
      16.0,
      14.0,
      10.0,
      17.0,
      12.0,
      11.0,
      7.0,
      14.0,
      9.0,
      9.0,
      26.0,
      10.0,
      14.0,
      15.0,
      11.0,
      13.0,
      55.0,
      13.0,
      13.0,
      8.0,
      59.0
    ],
    [
      13.0,
      0.0,
      2.0,
      5.0,
      6.0,
      16.0,
      6.0,
      6.0,
      6.0,
      12.0,
      2.0,
      11.0,
      9.0,
      5.0,
      8.0,
      3.0,
      6.0,
      3.0,
      6.0,
      7.0,
      6.0,
      9.0,
      11.0,
      3.0,
      12.0,
      2.0,
      8.0,
      13.0,
      6.0,
      8.0,
      5.0,
      12.0,
      6.0,
      7.0,
      32.0,
      16.0,
      9.0,
      14.0,
      6.0,
      3.0,
      59.0,
      4.0,
      8.0,
      9.0,
      63.0
    ],
    [
      12.0,
      2.0,
      0.0,
      1.0,
      2.0,
      17.0,
      2.0,
      4.0,
      7.0,
      14.0,
      3.0,
      13.0,
      10.0,
      1.0,
      5.0,
      4.0,
      10.0,
      6.0,
      4.0,
      3.0,
      6.0,
      11.0,
      10.0,
      4.0,
      12.0,
      6.0,
      3.0,
      13.0,
      4.0,
      5.0,
      3.0,
      14.0,
      4.0,
      5.0,
      33.0,
      16.0,
      9.0,
      8.0,
      3.0,
      3.0,
      59.0,
      8.0,
      3.0,
      10.0,
      64.0
    ],
    [
      11.0,
      5.0,
      1.0,
      0.0,
      3.0,
      16.0,
      2.0,
      4.0,
      7.0,
      9.0,
      4.0,
      9.0,
      10.0,
      2.0,
      5.0,
      4.0,
      10.0,
      7.0,
      5.0,
      4.0,
      6.0,
      11.0,
      9.0,
      4.0,
      12.0,
      7.0,
      4.0,
      13.0,
      4.0,
      4.0,
      6.0,
      9.0,
      3.0,
      4.0,
      31.0,
      16.0,
      9.0,
      8.0,
      4.0,
      3.0,
      57.0,
      9.0,
      3.0,
      10.0,
      61.0
    ],
    [
      12.0,
      6.0,
      2.0,
      3.0,
      0.0,
      18.0,
      1.0,
      3.0,
      7.0,
      13.0,
      4.0,
      13.0,
      9.0,
      1.0,
      6.0,
      3.0,
      11.0,
      8.0,
      2.0,
      5.0,
      5.0,
      10.0,
      8.0,
      3.0,
      10.0,
      7.0,
      3.0,
      12.0,
      3.0,
      3.0,
      5.0,
      13.0,
      4.0,
      5.0,
      31.0,
      18.0,
      8.0,
      15.0,
      2.0,
      2.0,
      57.0,
      10.0,
      3.0,
      9.0,
      61.0
    ],
    [
      10.0,
      16.0,
      17.0,
      16.0,
      18.0,
      0.0,
      17.0,
      17.0,
      15.0,
      14.0,
      19.0,
      14.0,
      15.0,
      17.0,
      10.0,
      18.0,
      15.0,
      17.0,
      17.0,
      14.0,
      10.0,
      13.0,
      13.0,
      17.0,
      21.0,
      19.0,
      16.0,
      22.0,
      17.0,
      16.0,
      12.0,
      14.0,
      15.0,
      14.0,
      27.0,
      1.0,
      19.0,
      13.0,
      17.0,
      18.0,
      53.0,
      18.0,
      18.0,
      13.0,
      57.0
    ],
    [
      12.0,
      6.0,
      2.0,
      2.0,
      1.0,
      17.0,
      0.0,
      2.0,
      7.0,
      12.0,
      4.0,
      12.0,
      8.0,
      1.0,
      7.0,
      3.0,
      11.0,
      7.0,
      2.0,
      6.0,
      5.0,
      9.0,
      8.0,
      2.0,
      11.0,
      7.0,
      4.0,
      12.0,
      1.0,
      4.0,
      4.0,
      12.0,
      5.0,
      6.0,
      33.0,
      18.0,
      8.0,
      9.0,
      1.0,
      1.0,
      59.0,
      9.0,
      3.0,
      8.0,
      63.0
    ],
    [
      12.0,
      6.0,
      4.0,
      4.0,
      3.0,
      17.0,
      2.0,
      0.0,
      7.0,
      10.0,
      5.0,
      13.0,
      9.0,
      2.0,
      6.0,
      3.0,
      7.0,
      8.0,
      1.0,
      7.0,
      5.0,
      10.0,
      7.0,
      3.0,
      10.0,
      8.0,
      3.0,
      11.0,
      1.0,
      3.0,
      5.0,
      13.0,
      6.0,
      7.0,
      32.0,
      17.0,
      8.0,
      15.0,
      1.0,
      4.0,
      58.0,
      10.0,
      1.0,
      9.0,
      62.0
    ],
    [
      9.0,
      6.0,
      7.0,
      7.0,
      7.0,
      15.0,
      7.0,
      7.0,
      0.0,
      10.0,
      10.0,
      10.0,
      8.0,
      4.0,
      8.0,
      5.0,
      4.0,
      6.0,
      4.0,
      3.0,
      10.0,
      9.0,
      6.0,
      4.0,
      12.0,
      6.0,
      4.0,
      12.0,
      4.0,
      4.0,
      5.0,
      10.0,
      2.0,
      3.0,
      31.0,
      16.0,
      9.0,
      8.0,
      4.0,
      5.0,
      57.0,
      3.0,
      6.0,
      8.0,
      62.0
    ],
    [
      13.0,
      12.0,
      14.0,
      9.0,
      13.0,
      14.0,
      12.0,
      10.0,
      10.0,
      0.0,
      11.0,
      1.0,
      7.0,
      12.0,
      10.0,
      10.0,
      10.0,
      14.0,
      13.0,
      6.0,
      8.0,
      3.0,
      13.0,
      13.0,
      12.0,
      13.0,
      7.0,
      13.0,
      13.0,
      7.0,
      8.0,
      1.0,
      6.0,
      6.0,
      26.0,
      11.0,
      10.0,
      2.0,
      13.0,
      9.0,
      54.0,
      9.0,
      15.0,
      6.0,
      58.0
    ],
    [
      13.0,
      2.0,
      3.0,
      4.0,
      4.0,
      19.0,
      4.0,
      5.0,
      10.0,
      11.0,
      0.0,
      10.0,
      7.0,
      4.0,
      9.0,
      1.0,
      7.0,
      4.0,
      4.0,
      4.0,
      5.0,
      8.0,
      10.0,
      4.0,
      10.0,
      3.0,
      7.0,
      11.0,
      4.0,
      7.0,
      3.0,
      11.0,
      7.0,
      8.0,
      30.0,
      14.0,
      8.0,
      13.0,
      4.0,
      4.0,
      57.0,
      6.0,
      6.0,
      7.0,
      62.0
    ],
    [
      14.0,
      11.0,
      13.0,
      9.0,
      13.0,
      14.0,
      12.0,
      13.0,
      10.0,
      1.0,
      10.0,
      0.0,
      6.0,
      8.0,
      10.0,
      10.0,
      9.0,
      13.0,
      13.0,
      5.0,
      7.0,
      3.0,
      13.0,
      12.0,
      12.0,
      10.0,
      7.0,
      13.0,
      8.0,
      7.0,
      9.0,
      1.0,
      6.0,
      5.0,
      27.0,
      11.0,
      10.0,
      2.0,
      8.0,
      12.0,
      55.0,
      8.0,
      9.0,
      6.0,
      60.0
    ],
    [
      10.0,
      9.0,
      10.0,
      10.0,
      9.0,
      15.0,
      8.0,
      9.0,
      8.0,
      7.0,
      7.0,
      6.0,
      0.0,
      9.0,
      13.0,
      7.0,
      13.0,
      11.0,
      9.0,
      6.0,
      8.0,
      4.0,
      10.0,
      9.0,
      13.0,
      11.0,
      12.0,
      14.0,
      9.0,
      12.0,
      4.0,
      7.0,
      13.0,
      14.0,
      27.0,
      11.0,
      11.0,
      8.0,
      10.0,
      9.0,
      55.0,
      13.0,
      11.0,
      3.0,
      60.0
    ],
    [
      12.0,
      5.0,
      1.0,
      2.0,
      1.0,
      17.0,
      1.0,
      2.0,
      4.0,
      12.0,
      4.0,
      8.0,
      9.0,
      0.0,
      6.0,
      3.0,
      6.0,
      5.0,
      2.0,
      6.0,
      5.0,
      9.0,
      8.0,
      1.0,
      11.0,
      7.0,
      4.0,
      11.0,
      2.0,
      4.0,
      4.0,
      9.0,
      5.0,
      2.0,
      34.0,
      18.0,
      8.0,
      14.0,
      2.0,
      2.0,
      61.0,
      9.0,
      3.0,
      7.0,
      66.0
    ],
    [
      5.0,
      8.0,
      5.0,
      5.0,
      6.0,
      10.0,
      7.0,
      6.0,
      8.0,
      10.0,
      9.0,
      10.0,
      13.0,
      6.0,
      0.0,
      10.0,
      6.0,
      8.0,
      8.0,
      5.0,
      8.0,
      9.0,
      4.0,
      8.0,
      12.0,
      10.0,
      7.0,
      13.0,
      8.0,
      7.0,
      9.0,
      11.0,
      6.0,
      5.0,
      29.0,
      12.0,
      10.0,
      4.0,
      8.0,
      9.0,
      57.0,
      10.0,
      9.0,
      13.0,
      62.0
    ],
    [
      12.0,
      3.0,
      4.0,
      4.0,
      3.0,
      18.0,
      3.0,
      3.0,
      5.0,
      10.0,
      1.0,
      10.0,
      7.0,
      3.0,
      10.0,
      0.0,
      8.0,
      3.0,
      3.0,
      8.0,
      5.0,
      7.0,
      9.0,
      2.0,
      12.0,
      5.0,
      5.0,
      12.0,
      3.0,
      5.0,
      2.0,
      10.0,
      7.0,
      8.0,
      31.0,
      15.0,
      9.0,
      7.0,
      5.0,
      2.0,
      61.0,
      7.0,
      5.0,
      6.0,
      66.0
    ],
    [
      9.0,
      6.0,
      10.0,
      10.0,
      11.0,
      15.0,
      11.0,
      7.0,
      4.0,
      10.0,
      7.0,
      9.0,
      13.0,
      6.0,
      6.0,
      8.0,
      0.0,
      4.0,
      5.0,
      4.0,
      8.0,
      14.0,
      7.0,
      11.0,
      13.0,
      4.0,
      4.0,
      13.0,
      5.0,
      4.0,
      8.0,
      11.0,
      12.0,
      4.0,
      35.0,
      17.0,
      10.0,
      9.0,
      5.0,
      11.0,
      64.0,
      4.0,
      7.0,
      9.0,
      69.0
    ],
    [
      11.0,
      3.0,
      6.0,
      7.0,
      8.0,
      17.0,
      7.0,
      8.0,
      6.0,
      14.0,
      4.0,
      13.0,
      11.0,
      5.0,
      8.0,
      3.0,
      4.0,
      0.0,
      8.0,
      10.0,
      11.0,
      11.0,
      7.0,
      8.0,
      12.0,
      1.0,
      11.0,
      13.0,
      8.0,
      11.0,
      7.0,
      14.0,
      9.0,
      4.0,
      33.0,
      15.0,
      10.0,
      7.0,
      5.0,
      8.0,
      63.0,
      2.0,
      10.0,
      11.0,
      68.0
    ],
    [
      11.0,
      6.0,
      4.0,
      5.0,
      2.0,
      17.0,
      2.0,
      1.0,
      4.0,
      13.0,
      4.0,
      13.0,
      9.0,
      2.0,
      8.0,
      3.0,
      5.0,
      8.0,
      0.0,
      7.0,
      5.0,
      10.0,
      7.0,
      1.0,
      10.0,
      7.0,
      2.0,
      11.0,
      1.0,
      2.0,
      5.0,
      13.0,
      7.0,
      2.0,
      37.0,
      17.0,
      9.0,
      15.0,
      1.0,
      2.0,
      66.0,
      10.0,
      1.0,
      9.0,
      69.0
    ],
    [
      9.0,
      7.0,
      3.0,
      4.0,
      5.0,
      14.0,
      6.0,
      7.0,
      3.0,
      6.0,
      4.0,
      5.0,
      6.0,
      6.0,
      5.0,
      8.0,
      4.0,
      10.0,
      7.0,
      0.0,
      3.0,
      8.0,
      6.0,
      7.0,
      10.0,
      5.0,
      4.0,
      11.0,
      7.0,
      4.0,
      9.0,
      9.0,
      1.0,
      1.0,
      35.0,
      15.0,
      8.0,
      8.0,
      7.0,
      6.0,
      64.0,
      12.0,
      5.0,
      7.0,
      68.0
    ],
    [
      5.0,
      6.0,
      6.0,
      6.0,
      5.0,
      10.0,
      5.0,
      5.0,
      10.0,
      8.0,
      5.0,
      7.0,
      8.0,
      5.0,
      8.0,
      5.0,
      8.0,
      11.0,
      5.0,
      3.0,
      0.0,
      7.0,
      7.0,
      7.0,
      12.0,
      12.0,
      6.0,
      13.0,
      7.0,
      6.0,
      5.0,
      8.0,
      5.0,
      4.0,
      33.0,
      14.0,
      10.0,
      6.0,
      7.0,
      7.0,
      62.0,
      14.0,
      8.0,
      8.0,
      66.0
    ],
    [
      8.0,
      9.0,
      11.0,
      11.0,
      10.0,
      13.0,
      9.0,
      10.0,
      9.0,
      3.0,
      8.0,
      3.0,
      4.0,
      9.0,
      9.0,
      7.0,
      14.0,
      11.0,
      10.0,
      8.0,
      7.0,
      0.0,
      11.0,
      10.0,
      16.0,
      10.0,
      13.0,
      17.0,
      10.0,
      13.0,
      10.0,
      4.0,
      9.0,
      9.0,
      31.0,
      12.0,
      13.0,
      5.0,
      10.0,
      10.0,
      60.0,
      13.0,
      12.0,
      4.0,
      65.0
    ],
    [
      8.0,
      11.0,
      10.0,
      9.0,
      8.0,
      13.0,
      8.0,
      7.0,
      6.0,
      13.0,
      10.0,
      13.0,
      10.0,
      8.0,
      4.0,
      9.0,
      7.0,
      7.0,
      7.0,
      6.0,
      7.0,
      11.0,
      0.0,
      8.0,
      9.0,
      6.0,
      3.0,
      10.0,
      7.0,
      3.0,
      7.0,
      8.0,
      8.0,
      1.0,
      36.0,
      16.0,
      7.0,
      9.0,
      7.0,
      5.0,
      64.0,
      5.0,
      5.0,
      10.0,
      69.0
    ],
    [
      11.0,
      3.0,
      4.0,
      4.0,
      3.0,
      17.0,
      2.0,
      3.0,
      4.0,
      13.0,
      4.0,
      12.0,
      9.0,
      1.0,
      8.0,
      2.0,
      11.0,
      8.0,
      1.0,
      7.0,
      7.0,
      10.0,
      8.0,
      0.0,
      13.0,
      7.0,
      4.0,
      13.0,
      2.0,
      4.0,
      4.0,
      13.0,
      6.0,
      7.0,
      36.0,
      16.0,
      10.0,
      14.0,
      1.0,
      2.0,
      64.0,
      9.0,
      3.0,
      9.0,
      68.0
    ],
    [
      16.0,
      12.0,
      12.0,
      12.0,
      10.0,
      21.0,
      11.0,
      10.0,
      12.0,
      12.0,
      10.0,
      12.0,
      13.0,
      11.0,
      12.0,
      12.0,
      13.0,
      12.0,
      10.0,
      10.0,
      12.0,
      16.0,
      9.0,
      13.0,
      0.0,
      14.0,
      10.0,
      9.0,
      12.0,
      11.0,
      14.0,
      12.0,
      10.0,
      9.0,
      36.0,
      21.0,
      4.0,
      13.0,
      11.0,
      12.0,
      64.0,
      12.0,
      13.0,
      9.0,
      68.0
    ],
    [
      14.0,
      2.0,
      6.0,
      7.0,
      7.0,
      19.0,
      7.0,
      8.0,
      6.0,
      13.0,
      3.0,
      10.0,
      11.0,
      7.0,
      10.0,
      5.0,
      4.0,
      1.0,
      7.0,
      5.0,
      12.0,
      10.0,
      6.0,
      7.0,
      14.0,
      0.0,
      10.0,
      13.0,
      8.0,
      10.0,
      6.0,
      13.0,
      8.0,
      4.0,
      35.0,
      16.0,
      10.0,
      7.0,
      8.0,
      7.0,
      62.0,
      2.0,
      7.0,
      10.0,
      66.0
    ],
    [
      10.0,
      8.0,
      3.0,
      4.0,
      3.0,
      16.0,
      4.0,
      3.0,
      4.0,
      7.0,
      7.0,
      7.0,
      12.0,
      4.0,
      7.0,
      5.0,
      4.0,
      11.0,
      2.0,
      4.0,
      6.0,
      13.0,
      3.0,
      4.0,
      10.0,
      10.0,
      0.0,
      10.0,
      3.0,
      1.0,
      8.0,
      9.0,
      4.0,
      5.0,
      34.0,
      17.0,
      8.0,
      9.0,
      3.0,
      4.0,
      64.0,
      5.0,
      1.0,
      7.0,
      68.0
    ],
    [
      17.0,
      13.0,
      13.0,
      13.0,
      12.0,
      22.0,
      12.0,
      11.0,
      12.0,
      13.0,
      11.0,
      13.0,
      14.0,
      11.0,
      13.0,
      12.0,
      13.0,
      13.0,
      11.0,
      11.0,
      13.0,
      17.0,
      10.0,
      13.0,
      9.0,
      13.0,
      10.0,
      0.0,
      14.0,
      13.0,
      17.0,
      15.0,
      12.0,
      11.0,
      39.0,
      24.0,
      13.0,
      15.0,
      14.0,
      15.0,
      67.0,
      15.0,
      16.0,
      12.0,
      71.0
    ],
    [
      12.0,
      6.0,
      4.0,
      4.0,
      3.0,
      17.0,
      1.0,
      1.0,
      4.0,
      13.0,
      4.0,
      8.0,
      9.0,
      2.0,
      8.0,
      3.0,
      5.0,
      8.0,
      1.0,
      7.0,
      7.0,
      10.0,
      7.0,
      2.0,
      12.0,
      8.0,
      3.0,
      14.0,
      0.0,
      3.0,
      5.0,
      10.0,
      7.0,
      2.0,
      36.0,
      18.0,
      9.0,
      11.0,
      1.0,
      2.0,
      65.0,
      10.0,
      3.0,
      9.0,
      69.0
    ],
    [
      11.0,
      8.0,
      5.0,
      4.0,
      3.0,
      16.0,
      4.0,
      3.0,
      4.0,
      7.0,
      7.0,
      7.0,
      12.0,
      4.0,
      7.0,
      5.0,
      4.0,
      11.0,
      2.0,
      4.0,
      6.0,
      13.0,
      3.0,
      4.0,
      11.0,
      10.0,
      1.0,
      13.0,
      3.0,
      0.0,
      8.0,
      9.0,
      2.0,
      5.0,
      36.0,
      17.0,
      8.0,
      9.0,
      3.0,
      4.0,
      63.0,
      5.0,
      1.0,
      12.0,
      67.0
    ],
    [
      7.0,
      5.0,
      3.0,
      6.0,
      5.0,
      12.0,
      4.0,
      5.0,
      5.0,
      8.0,
      3.0,
      9.0,
      4.0,
      4.0,
      9.0,
      2.0,
      8.0,
      7.0,
      5.0,
      9.0,
      5.0,
      10.0,
      7.0,
      4.0,
      14.0,
      6.0,
      8.0,
      17.0,
      5.0,
      8.0,
      0.0,
      8.0,
      9.0,
      2.0,
      32.0,
      16.0,
      8.0,
      10.0,
      5.0,
      4.0,
      58.0,
      9.0,
      7.0,
      4.0,
      62.0
    ],
    [
      14.0,
      12.0,
      14.0,
      9.0,
      13.0,
      14.0,
      12.0,
