{
  "drive_dist_matrix": [
    [
      0.0,
      14.2,
      177.0,
      197.0,
      13.8,
      91.4,
      16.5,
      16.3,
      12.2,
      17.3,
      14.2,
      31.3,
      197.0,
      30.5,
      122.0,
      17.3,
      16.5,
      15.3,
      31.0,
      16.9,
      24.6,
      20.6,
      16.3,
      15.4,
      415.0,
      13.6,
      16.8,
      533.0,
      149.0,
      15.4,
      29.9,
      96.7,
      272.0,
      364.0,
      76.9,
      5.1
    ],
    [
      14.2,
      0.0,
      150.0,
      192.0,
      4.2,
      107.0,
      4.1,
      10.9,
      1.0,
      4.9,
      0.55,
      17.0,
      193.0,
      26.4,
      118.0,
      3.9,
      4.0,
      2.8,
      16.6,
      4.5,
      6.2,
      15.5,
      3.4,
      3.0,
      407.0,
      2.6,
      4.3,
      525.0,
      122.0,
      3.0,
      24.7,
      112.0,
      263.0,
      359.0,
      78.5,
      14.2
    ],
    [
      177.0,
      150.0,
      0.0,
      96.1,
      154.0,
      271.0,
      147.0,
      158.0,
      150.0,
      148.0,
      150.0,
      144.0,
      128.0,
      169.0,
      193.0,
      148.0,
      149.0,
      149.0,
      144.0,
      148.0,
      143.0,
      165.0,
      148.0,
      149.0,
      290.0,
      151.0,
      148.0,
      396.0,
      57.6,
      149.0,
      167.0,
      277.0,
      128.0,
      342.0,
      227.0,
      176.0
    ],
    [
      197.0,
      192.0,
      96.1,
      0.0,
      194.0,
      305.0,
      190.0,
      185.0,
      192.0,
      191.0,
      192.0,
      193.0,
      47.2,
      174.0,
      158.0,
      190.0,
      192.0,
      191.0,
      194.0,
      190.0,
      191.0,
      200.0,
      190.0,
      191.0,
      364.0,
      191.0,
      190.0,
      441.0,
      71.5,
      191.0,
      207.0,
      311.0,
      228.0,
      217.0,
      268.0,
      194.0
    ],
    [
      13.8,
      4.2,
      154.0,
      194.0,
      0.0,
      108.0,
      7.6,
      7.9,
      4.2,
      9.5,
      4.9,
      22.4,
      194.0,
      27.7,
      119.0,
      6.5,
      7.2,
      6.0,
      22.5,
      9.1,
      9.8,
      18.7,
      5.8,
      6.2,
      413.0,
      3.3,
      9.1,
      531.0,
      131.0,
      6.2,
      28.0,
      113.0,
      270.0,
      360.0,
      81.8,
      12.5
    ],
    [
      91.4,
      107.0,
      271.0,
      305.0,
      108.0,
      0.0,
      107.0,
      106.0,
      101.0,
      114.0,
      102.0,
      117.0,
      305.0,
      118.0,
      217.0,
      105.0,
      107.0,
      106.0,
      117.0,
      113.0,
      103.0,
      106.0,
      105.0,
      106.0,
      511.0,
      110.0,
      107.0,
      630.0,
      246.0,
      106.0,
      120.0,
      4.0,
      368.0,
      472.0,
      95.8,
      96.6
    ],
    [
      16.5,
      4.1,
      147.0,
      190.0,
      7.6,
      107.0,
      0.0,
      14.1,
      5.0,
      1.2,
      4.1,
      11.8,
      190.0,
      23.7,
      115.0,
      1.8,
      2.0,
      1.8,
      11.8,
      0.6,
      6.5,
      13.7,
      2.0,
      2.0,
      404.0,
      4.8,
      0.5,
      522.0,
      120.0,
      2.0,
      24.6,
      113.0,
      261.0,
      356.0,
      82.2,
      18.0
    ],
    [
      16.3,
      10.9,
      158.0,
      185.0,
      7.9,
      106.0,
      14.1,
      0.0,
      11.5,
      14.5,
      13.1,
      22.9,
      186.0,
      16.0,
      111.0,
      13.7,
      13.6,
      14.1,
      23.0,
      14.0,
      20.5,
      25.6,
      13.2,
      14.2,
      416.0,
      10.7,
      14.1,
      534.0,
      131.0,
      14.2,
      36.6,
      110.0,
      273.0,
      353.0,
      81.7,
      13.1
    ],
    [
      12.2,
      1.0,
      150.0,
      192.0,
      4.2,
      101.0,
      5.0,
      11.5,
      0.0,
      5.8,
      2.7,
      16.0,
      194.0,
      27.8,
      119.0,
      5.8,
      4.9,
      3.7,
      18.0,
      5.4,
      7.5,
      14.8,
      4.8,
      3.9,
      408.0,
      5.2,
      5.3,
      527.0,
      123.0,
      3.9,
      24.0,
      112.0,
      265.0,
      360.0,
      81.1,
      17.3
    ],
    [
      17.3,
      4.9,
      148.0,
      191.0,
      9.5,
      114.0,
      1.2,
      14.5,
      5.8,
      0.0,
      4.8,
      13.0,
      191.0,
      24.9,
      116.0,
      1.4,
      15.7,
      2.5,
      13.0,
      0.5,
      7.2,
      14.4,
      3.4,
      2.7,
      405.0,
      5.5,
      0.5,
      524.0,
      121.0,
      2.6,
      23.7,
      113.0,
      262.0,
      357.0,
      82.9,
      18.7
    ],
    [
      14.2,
      0.55,
      150.0,
      192.0,
      4.9,
      102.0,
      4.1,
      13.1,
      2.7,
      4.8,
      0.0,
      17.3,
      193.0,
      26.7,
      118.0,
      4.2,
      4.4,
      3.1,
      17.0,
      4.8,
      6.5,
      15.8,
      3.8,
      3.3,
      407.0,
      3.0,
      4.7,
      526.0,
      122.0,
      3.3,
      25.1,
      112.0,
      264.0,
      359.0,
      78.9,
      14.5
    ],
    [
      31.3,
      17.0,
      144.0,
      193.0,
      22.4,
      117.0,
      11.8,
      22.9,
      16.0,
      13.0,
      17.3,
      0.0,
      196.0,
      28.3,
      120.0,
      11.8,
      13.3,
      13.1,
      0.6,
      12.1,
      11.2,
      20.2,
      11.8,
      13.3,
      408.0,
      19.7,
      12.0,
      526.0,
      119.0,
      13.3,
      27.2,
      122.0,
      264.0,
      362.0,
      88.7,
      32.0
    ],
    [
      197.0,
      193.0,
      128.0,
      47.2,
      194.0,
      305.0,
      190.0,
      186.0,
      194.0,
      191.0,
      193.0,
      196.0,
      0.0,
      174.0,
      159.0,
      190.0,
      193.0,
      192.0,
      194.0,
      191.0,
      192.0,
      201.0,
      190.0,
      192.0,
      480.0,
      192.0,
      191.0,
      417.0,
      70.2,
      192.0,
      208.0,
      311.0,
      337.0,
      193.0,
      269.0,
      194.0
    ],
    [
      30.5,
      26.4,
      169.0,
      174.0,
      27.7,
      118.0,
      23.7,
      16.0,
      27.8,
      24.9,
      26.7,
      28.3,
      174.0,
      0.0,
      100.0,
      24.4,
      26.8,
      25.6,
      28.1,
      24.8,
      25.7,
      34.6,
      24.4,
      25.8,
      421.0,
      25.7,
      24.6,
      540.0,
      142.0,
      25.7,
      41.7,
      122.0,
      278.0,
      342.0,
      103.0,
      27.7
    ],
    [
      122.0,
      118.0,
      193.0,
      158.0,
      119.0,
      217.0,
      115.0,
      111.0,
      119.0,
      116.0,
      118.0,
      120.0,
      159.0,
      100.0,
      0.0,
      117.0,
      119.0,
      118.0,
      120.0,
      117.0,
      118.0,
      127.0,
      117.0,
      118.0,
      499.0,
      118.0,
      117.0,
      549.0,
      134.0,
      118.0,
      134.0,
      224.0,
      355.0,
      325.0,
      195.0,
      120.0
    ],
    [
      17.3,
      3.9,
      148.0,
      190.0,
      6.5,
      105.0,
      1.8,
      13.7,
      5.8,
      1.4,
      4.2,
      11.8,
      190.0,
      24.4,
      117.0,
      0.0,
      16.2,
      1.5,
      11.0,
      1.6,
      4.7,
      16.7,
      0.7,
      1.7,
      403.0,
      4.2,
      0.9,
      522.0,
      119.0,
      1.7,
      23.9,
      119.0,
      260.0,
      355.0,
      85.2,
      28.5
    ],
    [
      16.5,
      4.0,
      149.0,
      192.0,
      7.2,
      107.0,
      2.0,
      13.6,
      4.9,
      15.7,
      4.4,
      13.3,
      193.0,
      26.8,
      119.0,
      16.2,
      0.0,
      2.4,
      13.2,
      15.2,
      7.1,
      14.3,
      3.3,
      2.6,
      405.0,
      5.5,
      15.3,
      524.0,
      121.0,
      2.6,
      23.6,
      113.0,
      262.0,
      358.0,
      82.8,
      18.6
    ],
    [
      15.3,
      2.8,
      149.0,
      191.0,
      6.0,
      106.0,
      1.8,
      14.1,
      3.7,
      2.5,
      3.1,
      13.1,
      192.0,
      25.6,
      118.0,
      1.5,
      2.4,
      0.0,
      12.4,
      1.7,
      6.3,
      13.5,
      1.3,
      0.17,
      404.0,
      5.1,
      1.6,
      523.0,
      120.0,
      0.15,
      22.8,
      113.0,
      261.0,
      357.0,
      82.0,
      17.8
    ],
    [
      31.0,
      16.6,
      144.0,
      194.0,
      22.5,
      117.0,
      11.8,
      23.0,
      18.0,
      13.0,
      17.0,
      0.6,
      194.0,
      28.1,
      120.0,
      11.0,
      13.2,
      12.4,
      0.0,
      12.2,
      10.9,
      19.9,
      11.8,
      13.3,
      407.0,
      19.8,
      12.0,
      525.0,
      118.0,
      13.3,
      26.9,
      122.0,
      264.0,
      361.0,
      88.3,
      31.6
    ],
    [
      16.9,
      4.5,
      148.0,
      190.0,
      9.1,
      113.0,
      0.6,
      14.0,
      5.4,
      0.5,
      4.8,
      12.1,
      191.0,
      24.8,
      117.0,
      1.6,
      15.2,
      1.7,
      12.2,
      0.0,
      6.9,
      14.2,
      2.4,
      2.4,
      404.0,
      6.1,
      0.12,
      523.0,
      120.0,
      2.4,
      25.1,
      113.0,
      261.0,
      357.0,
      82.7,
      18.4
    ],
    [
      24.6,
      6.2,
      143.0,
      191.0,
      9.8,
      103.0,
      6.5,
      20.5,
      7.5,
      7.2,
      6.5,
      11.2,
      192.0,
      25.7,
      118.0,
      4.7,
      7.1,
      6.3,
      10.9,
      6.9,
      0.0,
      10.7,
      5.3,
      6.4,
      400.0,
      8.2,
      8.4,
      519.0,
      116.0,
      6.4,
      21.2,
      113.0,
      257.0,
      359.0,
      79.2,
      22.5
    ],
    [
      20.6,
      15.5,
      165.0,
      200.0,
      18.7,
      106.0,
      13.7,
      25.6,
      14.8,
      14.4,
      15.8,
      20.2,
      201.0,
      34.6,
      127.0,
      16.7,
      14.3,
      13.5,
      19.9,
      14.2,
      10.7,
      0.0,
      18.3,
      14.0,
      397.0,
      15.9,
      18.5,
      516.0,
      131.0,
      14.0,
      9.4,
      111.0,
      254.0,
      369.0,
      70.7,
      21.2
    ],
    [
      16.3,
      3.4,
      148.0,
      190.0,
      5.8,
      105.0,
      2.0,
      13.2,
      4.8,
      3.4,
      3.8,
      11.8,
      190.0,
      24.4,
      117.0,
      0.7,
      3.3,
      1.3,
      11.8,
      2.4,
      5.3,
      18.3,
      0.0,
      1.5,
      404.0,
      3.4,
      2.0,
      522.0,
      120.0,
      1.5,
      24.4,
      115.0,
      260.0,
      356.0,
      81.4,
      24.7
    ],
    [
      15.4,
      3.0,
      149.0,
      191.0,
      6.2,
      106.0,
      2.0,
      14.2,
      3.9,
      2.7,
      3.3,
      13.3,
      192.0,
      25.8,
      118.0,
      1.7,
      2.6,
      0.17,
      13.3,
      2.4,
      6.4,
      14.0,
      1.5,
      0.0,
      405.0,
      5.4,
      1.9,
      523.0,
      121.0,
      0.018,
      23.2,
      113.0,
      262.0,
      357.0,
      82.4,
      18.1
    ],
    [
      415.0,
      407.0,
      290.0,
      364.0,
      413.0,
      511.0,
      404.0,
      416.0,
      408.0,
      405.0,
      407.0,
      408.0,
      480.0,
      421.0,
      499.0,
      403.0,
      405.0,
      404.0,
      407.0,
      404.0,
      400.0,
      397.0,
      404.0,
      405.0,
      0.0,
      397.0,
      392.0,
      130.0,
      340.0,
      395.0,
      392.0,
      502.0,
      182.0,
      386.0,
      440.0,
      402.0
    ],
    [
      13.6,
      2.6,
      151.0,
      191.0,
      3.3,
      110.0,
      4.8,
      10.7,
      5.2,
      5.5,
      3.0,
      19.7,
      192.0,
      25.7,
      118.0,
      4.2,
      5.5,
      5.1,
      19.8,
      6.1,
      8.2,
      15.9,
      3.4,
      5.4,
      397.0,
      0.0,
      4.5,
      525.0,
      122.0,
      2.8,
      22.9,
      116.0,
      264.0,
      359.0,
      82.2,
      16.2
    ],
    [
      16.8,
      4.3,
      148.0,
      190.0,
      9.1,
      107.0,
      0.5,
      14.1,
      5.3,
      0.5,
      4.7,
      12.0,
      191.0,
      24.6,
      117.0,
      0.9,
      15.3,
      1.6,
      12.0,
      0.12,
      8.4,
      18.5,
      2.0,
      1.9,
      392.0,
      4.5,
      0.0,
      523.0,
      120.0,
      2.5,
      25.1,
      113.0,
      261.0,
      357.0,
      82.7,
      18.5
    ],
    [
      533.0,
      525.0,
      396.0,
      441.0,
      531.0,
      630.0,
      522.0,
      534.0,
      527.0,
      524.0,
      526.0,
      526.0,
      417.0,
      540.0,
      549.0,
      522.0,
      524.0,
      523.0,
      525.0,
      523.0,
      519.0,
      516.0,
      522.0,
      523.0,
      130.0,
      525.0,
      523.0,
      0.0,
      446.0,
      515.0,
      512.0,
      622.0,
      301.0,
      387.0,
      559.0,
      522.0
    ],
    [
      149.0,
      122.0,
      57.6,
      71.5,
      131.0,
      246.0,
      120.0,
      131.0,
      123.0,
      121.0,
      122.0,
      119.0,
      70.2,
      142.0,
      134.0,
      119.0,
      121.0,
      120.0,
      118.0,
      120.0,
      116.0,
      131.0,
      120.0,
      121.0,
      340.0,
      122.0,
      120.0,
      446.0,
      0.0,
      122.0,
      139.0,
      249.0,
      256.0,
      247.0,
      199.0,
      149.0
    ],
    [
      15.4,
      3.0,
      149.0,
      191.0,
      6.2,
      106.0,
      2.0,
      14.2,
      3.9,
      2.6,
      3.3,
      13.3,
      192.0,
      25.7,
      118.0,
      1.7,
      2.6,
      0.15,
      13.3,
      2.4,
      6.4,
      14.0,
      1.5,
      0.018,
      395.0,
      2.8,
      2.5,
      515.0,
      122.0,
      0.0,
      23.2,
      113.0,
      262.0,
      357.0,
      82.4,
      18.2
    ],
    [
      29.9,
      24.7,
      167.0,
      207.0,
      28.0,
      120.0,
      24.6,
      36.6,
      24.0,
      23.7,
      25.1,
      27.2,
      208.0,
      41.7,
      134.0,
      23.9,
      23.6,
      22.8,
      26.9,
      25.1,
      21.2,
      9.4,
      24.4,
      23.2,
      392.0,
      22.9,
      25.1,
      512.0,
      139.0,
      23.2,
      0.0,
      124.0,
      262.0,
      375.0,
      74.9,
      29.9
    ],
    [
      96.7,
      112.0,
      277.0,
      311.0,
      113.0,
      4.0,
      113.0,
      110.0,
      112.0,
      113.0,
      112.0,
      122.0,
      311.0,
      122.0,
      224.0,
      119.0,
      113.0,
      113.0,
      122.0,
      113.0,
      113.0,
      111.0,
      115.0,
      113.0,
      502.0,
      116.0,
      113.0,
      622.0,
      249.0,
      113.0,
      124.0,
      0.0,
      374.0,
      477.0,
      75.8,
      102.0
    ],
    [
      272.0,
      263.0,
      128.0,
      228.0,
      270.0,
      368.0,
      261.0,
      273.0,
      265.0,
      262.0,
      264.0,
      264.0,
      337.0,
      278.0,
      355.0,
      260.0,
      262.0,
      261.0,
      264.0,
      261.0,
      257.0,
      254.0,
      260.0,
      262.0,
      182.0,
      264.0,
      261.0,
      301.0,
      256.0,
      262.0,
      262.0,
      374.0,
      0.0,
      380.0,
      308.0,
      271.0
    ],
    [
      364.0,
      359.0,
      342.0,
      217.0,
      360.0,
      472.0,
      356.0,
      353.0,
      360.0,
      357.0,
      359.0,
      362.0,
      193.0,
      342.0,
      325.0,
      355.0,
      358.0,
      357.0,
      361.0,
      357.0,
      359.0,
      369.0,
      356.0,
      357.0,
      386.0,
      359.0,
      357.0,
      387.0,
      247.0,
      357.0,
      375.0,
      477.0,
      380.0,
      0.0,
      436.0,
      361.0
    ],
    [
      76.9,
      78.5,
      227.0,
      268.0,
      81.8,
      95.8,
      82.2,
      81.7,
      81.1,
      82.9,
      78.9,
      88.7,
      269.0,
      103.0,
      195.0,
      85.2,
      82.8,
      82.0,
      88.3,
      82.7,
      79.2,
      70.7,
      81.4,
      82.4,
      440.0,
      82.2,
      82.7,
      559.0,
      199.0,
      82.4,
      74.9,
      75.8,
      308.0,
      436.0,
      0.0,
      73.7
    ],
    [
      5.1,
      14.2,
      176.0,
      194.0,
      12.5,
      96.6,
      18.0,
      13.1,
      17.3,
      18.7,
      14.5,
      32.0,
      194.0,
      27.7,
      120.0,
      28.5,
      18.6,
      17.8,
      31.6,
      18.4,
      22.5,
      21.2,
      24.7,
      18.1,
      402.0,
      16.2,
      18.5,
      522.0,
      149.0,
      18.2,
      29.9,
      102.0,
      271.0,
      361.0,
      73.7,
      0.0
    ]
  ],
  "drive_time_matrix": [
    [
      0.0,
      23.0,
      153.0,
      190.0,
      27.0,
      85.0,
      28.0,
      31.0,
      23.0,
      30.0,
      24.0,
      42.0,
      188.0,
      40.0,
      125.0,
      30.0,
      26.0,
      24.0,
      41.0,
      29.0,
      28.0,
      25.0,
      29.0,
      25.0,
      315.0,
      27.0,
      29.0,
      418.0,
      140.0,
      25.0,
      37.0,
      90.0,
      214.0,
      318.0,
      86.0,
      11.0
    ],
    [
      23.0,
      0.0,
      143.0,
      183.0,
      10.0,
      102.0,
      10.0,
      24.0,
      3.0,
      12.0,
      8.0,
      30.0,
      181.0,
      35.0,
      117.0,
      12.0,
      8.0,
      6.0,
      29.0,
      12.0,
      12.0,
      19.0,
      10.0,
      7.0,
      309.0,
      7.0,
      11.0,
      412.0,
      131.0,
      7.0,
      32.0,
      107.0,
      208.0,
      310.0,
      87.0,
      25.0
    ],
    [
      153.0,
      143.0,
      0.0,
      135.0,
      153.0,
      218.0,
      140.0,
      156.0,
      146.0,
      142.0,
      144.0,
      139.0,
      168.0,
      144.0,
      171.0,
      140.0,
      144.0,
      144.0,
      138.0,
      141.0,
      131.0,
      137.0,
      140.0,
      144.0,
      243.0,
      147.0,
      140.0,
      343.0,
      76.0,
      144.0,
      143.0,
      223.0,
      157.0,
      299.0,
      199.0,
      150.0
    ],
    [
      190.0,
      183.0,
      135.0,
      0.0,
      189.0,
      256.0,
      184.0,
      185.0,
      186.0,
      186.0,
      187.0,
      188.0,
      70.0,
      166.0,
      165.0,
      184.0,
      187.0,
      185.0,
      188.0,
      185.0,
      177.0,
      183.0,
      185.0,
      186.0,
      343.0,
      183.0,
      185.0,
      394.0,
      100.0,
      186.0,
      194.0,
      261.0,
      259.0,
      206.0,
      255.0,
      189.0
    ],
    [
      27.0,
      10.0,
      153.0,
      189.0,
      0.0,
      103.0,
      21.0,
      19.0,
      11.0,
      21.0,
      13.0,
      37.0,
      183.0,
      37.0,
      119.0,
      18.0,
      19.0,
      17.0,
      37.0,
      20.0,
      20.0,
      28.0,
      15.0,
      17.0,
      319.0,
      8.0,
      20.0,
      422.0,
      138.0,
      17.0,
      40.0,
      108.0,
      218.0,
      313.0,
      96.0,
      25.0
    ],
    [
      85.0,
      102.0,
      218.0,
      256.0,
      103.0,
      0.0,
      114.0,
      106.0,
      105.0,
      115.0,
      107.0,
      119.0,
      254.0,
      113.0,
      182.0,
      113.0,
      112.0,
      110.0,
      118.0,
      115.0,
      104.0,
      101.0,
      113.0,
      110.0,
      383.0,
      109.0,
      114.0,
      486.0,
      208.0,
      110.0,
      104.0,
      6.0,
      282.0,
      383.0,
      95.0,
      92.0
    ],
    [
      28.0,
      10.0,
      140.0,
      184.0,
      21.0,
      114.0,
      0.0,
      29.0,
      12.0,
      4.0,
      10.0,
      24.0,
      176.0,
      30.0,
      112.0,
      6.0,
      6.0,
      6.0,
      24.0,
      7.0,
      11.0,
      20.0,
      7.0,
      6.0,
      305.0,
      14.0,
      6.0,
      408.0,
      125.0,
      6.0,
      31.0,
      113.0,
      205.0,
      306.0,
      92.0,
      30.0
    ],
    [
      31.0,
      24.0,
      156.0,
      185.0,
      19.0,
      106.0,
      29.0,
      0.0,
      27.0,
      29.0,
      28.0,
      40.0,
      182.0,
      31.0,
      119.0,
      32.0,
      27.0,
      29.0,
      40.0,
      28.0,
      30.0,
      38.0,
      30.0,
      29.0,
      322.0,
      23.0,
      28.0,
      425.0,
      141.0,
      29.0,
      47.0,
      109.0,
      221.0,
      312.0,
      98.0,
      29.0
    ],
    [
      23.0,
      3.0,
      146.0,
      186.0,
      11.0,
      105.0,
      12.0,
      27.0,
      0.0,
      12.0,
      6.0,
      31.0,
      182.0,
      36.0,
      118.0,
      12.0,
      8.0,
      6.0,
      31.0,
      11.0,
      13.0,
      21.0,
      11.0,
      7.0,
      310.0,
      12.0,
      11.0,
      413.0,
      132.0,
      7.0,
      34.0,
      112.0,
      209.0,
      312.0,
      92.0,
      29.0
    ],
    [
      30.0,
      12.0,
      142.0,
      186.0,
      21.0,
      115.0,
      4.0,
      29.0,
      12.0,
      0.0,
      11.0,
      28.0,
      179.0,
      33.0,
      115.0,
      23.0,
      189.0,
      6.0,
      27.0,
      7.0,
      12.0,
      20.0,
      9.0,
      7.0,
      308.0,
      13.0,
      6.0,
      411.0,
      128.0,
      7.0,
      33.0,
      113.0,
      208.0,
      309.0,
      93.0,
      31.0
    ],
    [
      24.0,
      8.0,
      144.0,
      187.0,
      13.0,
      107.0,
      10.0,
      28.0,
      6.0,
      11.0,
      0.0,
      32.0,
      182.0,
      36.0,
      118.0,
      13.0,
      10.0,
      8.0,
      31.0,
      13.0,
      13.0,
      20.0,
      12.0,
      8.0,
      310.0,
      8.0,
      12.0,
      413.0,
      132.0,
      8.0,
      33.0,
      108.0,
      209.0,
      312.0,
      88.0,
      26.0
    ],
    [
      42.0,
      30.0,
      139.0,
      188.0,
      37.0,
      119.0,
      24.0,
      40.0,
      31.0,
      28.0,
      32.0,
      0.0,
      182.0,
      40.0,
      122.0,
      26.0,
      30.0,
      30.0,
      2.0,
      27.0,
      20.0,
      28.0,
      26.0,
      31.0,
      311.0,
      34.0,
      26.0,
      414.0,
      123.0,
      31.0,
      38.0,
      121.0,
      210.0,
      312.0,
      101.0,
      41.0
    ],
    [
      188.0,
      181.0,
      168.0,
      70.0,
      183.0,
      254.0,
      176.0,
      182.0,
      182.0,
      179.0,
      182.0,
      182.0,
      0.0,
      163.0,
      162.0,
      181.0,
      184.0,
      182.0,
      185.0,
      182.0,
      174.0,
      180.0,
      182.0,
      183.0,
      380.0,
      180.0,
      182.0,
      362.0,
      92.0,
      183.0,
      191.0,
      258.0,
      279.0,
      174.0,
      252.0,
      186.0
    ],
    [
      40.0,
      35.0,
      144.0,
      166.0,
      37.0,
      113.0,
      30.0,
      31.0,
      36.0,
      33.0,
      36.0,
      40.0,
      163.0,
      0.0,
      99.0,
      34.0,
      37.0,
      35.0,
      38.0,
      35.0,
      27.0,
      34.0,
      35.0,
      36.0,
      318.0,
      33.0,
      35.0,
      421.0,
      130.0,
      36.0,
      44.0,
      116.0,
      218.0,
      293.0,
      106.0,
      38.0
    ],
    [
      125.0,
      117.0,
      171.0,
      165.0,
      119.0,
      182.0,
      112.0,
      119.0,
      118.0,
      115.0,
      118.0,
      122.0,
      162.0,
      99.0,
      0.0,
      120.0,
      123.0,
      121.0,
      123.0,
      121.0,
      112.0,
      119.0,
      120.0,
      122.0,
      381.0,
      118.0,
      120.0,
      479.0,
      135.0,
      121.0,
      129.0,
      189.0,
      280.0,
      291.0,
      191.0,
      124.0
    ],
    [
      30.0,
      12.0,
      140.0,
      184.0,
      18.0,
      113.0,
      6.0,
      32.0,
      12.0,
      23.0,
      13.0,
      26.0,
      181.0,
      34.0,
      120.0,
      0.0,
      198.0,
      28.0,
      21.0,
      5.0,
      9.0,
      17.0,
      16.0,
      31.0,
      302.0,
      13.0,
      13.0,
      405.0,
      121.0,
      30.0,
      27.0,
      109.0,
      201.0,
      302.0,
      89.0,
      30.0
    ],
    [
      26.0,
      8.0,
      144.0,
      187.0,
      19.0,
      112.0,
      6.0,
      27.0,
      8.0,
      189.0,
      10.0,
      30.0,
      184.0,
      37.0,
      123.0,
      198.0,
      0.0,
      6.0,
      28.0,
      180.0,
      12.0,
      20.0,
      9.0,
      7.0,
      309.0,
      13.0,
      182.0,
      412.0,
      128.0,
      7.0,
      33.0,
      113.0,
      208.0,
      309.0,
      93.0,
      30.0
    ],
    [
      24.0,
      6.0,
      144.0,
      185.0,
      17.0,
      110.0,
      6.0,
      29.0,
      6.0,
      6.0,
      8.0,
      30.0,
      182.0,
      35.0,
      121.0,
      28.0,
      6.0,
      0.0,
      25.0,
      5.0,
      11.0,
      19.0,
      24.0,
      3.0,
      306.0,
      14.0,
      5.0,
      409.0,
      125.0,
      3.0,
      32.0,
      112.0,
      205.0,
      306.0,
      92.0,
      29.0
    ],
    [
      41.0,
      29.0,
      138.0,
      188.0,
      37.0,
      118.0,
      24.0,
      40.0,
      31.0,
      27.0,
      31.0,
      2.0,
      185.0,
      38.0,
      123.0,
      21.0,
      28.0,
      25.0,
      0.0,
      27.0,
      20.0,
      28.0,
      26.0,
      31.0,
      310.0,
      34.0,
      26.0,
      413.0,
      121.0,
      31.0,
      37.0,
      120.0,
      209.0,
      310.0,
      100.0,
      40.0
    ],
    [
      29.0,
      12.0,
      141.0,
      185.0,
      20.0,
      115.0,
      7.0,
      28.0,
      11.0,
      7.0,
      13.0,
      27.0,
      182.0,
      35.0,
      121.0,
      5.0,
      180.0,
      5.0,
      27.0,
      0.0,
      13.0,
      21.0,
      8.0,
      7.0,
      306.0,
      14.0,
      2.0,
      409.0,
      126.0,
      7.0,
      32.0,
      114.0,
      206.0,
      307.0,
      93.0,
      31.0
    ],
    [
      28.0,
      12.0,
      131.0,
      177.0,
      20.0,
      104.0,
      11.0,
      30.0,
      13.0,
      12.0,
      13.0,
      20.0,
      174.0,
      27.0,
      112.0,
      9.0,
      12.0,
      11.0,
      20.0,
      13.0,
      0.0,
      12.0,
      11.0,
      13.0,
      297.0,
      15.0,
      14.0,
      400.0,
      118.0,
      13.0,
      22.0,
      104.0,
      196.0,
      303.0,
      84.0,
      25.0
    ],
    [
      25.0,
      19.0,
      137.0,
      183.0,
      28.0,
      101.0,
      20.0,
      38.0,
      21.0,
      20.0,
      20.0,
      28.0,
      180.0,
      34.0,
      119.0,
      17.0,
      20.0,
      19.0,
      28.0,
      21.0,
      12.0,
      0.0,
      22.0,
      21.0,
      296.0,
      23.0,
      22.0,
      399.0,
      121.0,
      21.0,
      14.0,
      101.0,
      195.0,
      311.0,
      79.0,
      22.0
    ],
    [
      29.0,
      10.0,
      140.0,
      185.0,
      15.0,
      113.0,
      7.0,
      30.0,
      11.0,
      9.0,
      12.0,
      26.0,
      182.0,
      35.0,
      120.0,
      16.0,
      9.0,
      24.0,
      26.0,
      8.0,
      11.0,
      22.0,
      0.0,
      29.0,
      304.0,
      10.0,
      6.0,
      407.0,
      123.0,
      28.0,
      29.0,
      110.0,
      203.0,
      304.0,
      91.0,
      31.0
    ],
    [
      25.0,
      7.0,
      144.0,
      186.0,
      17.0,
      110.0,
      6.0,
      29.0,
      7.0,
      7.0,
      8.0,
      31.0,
      183.0,
      36.0,
      122.0,
      31.0,
      7.0,
      3.0,
      31.0,
      7.0,
      13.0,
      21.0,
      29.0,
      0.0,
      307.0,
      16.0,
      6.0,
      410.0,
      127.0,
      1.0,
      33.0,
      114.0,
      207.0,
      308.0,
      93.0,
      31.0
    ],
    [
      315.0,
      309.0,
      243.0,
      343.0,
      319.0,
      383.0,
      305.0,
      322.0,
      310.0,
      308.0,
      310.0,
      311.0,
      380.0,
      318.0,
      381.0,
      302.0,
      309.0,
      306.0,
      310.0,
      306.0,
      297.0,
      296.0,
      304.0,
      307.0,
      0.0,
      316.0,
      310.0,
      128.0,
      305.0,
      314.0,
      307.0,
      388.0,
      171.0,
      386.0,
      350.0,
      314.0
    ],
    [
      27.0,
      7.0,
      147.0,
      183.0,
      8.0,
      109.0,
      14.0,
      23.0,
      12.0,
      13.0,
      8.0,
      34.0,
      180.0,
      33.0,
      118.0,
      13.0,
      13.0,
      14.0,
      34.0,
      14.0,
      15.0,
      23.0,
      10.0,
      16.0,
      316.0,
      0.0,
      13.0,
      412.0,
      130.0,
      9.0,
      33.0,
      112.0,
      208.0,
      311.0,
      93.0,
      32.0
    ],
    [
      29.0,
      11.0,
      140.0,
      185.0,
      20.0,
      114.0,
      6.0,
      28.0,
      11.0,
      6.0,
      12.0,
      26.0,
      182.0,
      35.0,
      120.0,
      13.0,
      182.0,
      5.0,
      26.0,
      2.0,
      14.0,
      22.0,
      6.0,
      6.0,
      310.0,
      13.0,
      0.0,
      409.0,
      126.0,
      7.0,
      32.0,
      114.0,
      206.0,
      307.0,
      93.0,
      31.0
    ],
    [
      418.0,
      412.0,
      343.0,
      394.0,
      422.0,
      486.0,
      408.0,
      425.0,
      413.0,
      411.0,
      413.0,
      414.0,
      362.0,
      421.0,
      479.0,
      405.0,
      412.0,
      409.0,
      413.0,
      409.0,
      400.0,
      399.0,
      407.0,
      410.0,
      128.0,
      412.0,
      409.0,
      0.0,
      406.0,
      417.0,
      411.0,
      492.0,
      275.0,
      337.0,
      454.0,
      418.0
    ],
    [
      140.0,
      131.0,
      76.0,
      100.0,
      138.0,
      208.0,
      125.0,
      141.0,
      132.0,
      128.0,
      132.0,
      123.0,
      92.0,
      130.0,
      135.0,
      121.0,
      128.0,
      125.0,
      121.0,
      126.0,
      118.0,
      121.0,
      123.0,
      127.0,
      305.0,
      130.0,
      126.0,
      406.0,
      0.0,
      132.0,
      131.0,
      211.0,
      212.0,
      232.0,
      187.0,
      138.0
    ],
    [
      25.0,
      7.0,
      144.0,
      186.0,
      17.0,
      110.0,
      6.0,
      29.0,
      7.0,
      7.0,
      8.0,
      31.0,
      183.0,
      36.0,
      121.0,
      30.0,
      7.0,
      3.0,
      31.0,
      7.0,
      13.0,
      21.0,
      28.0,
      1.0,
      314.0,
      9.0,
      7.0,
      417.0,
      132.0,
      0.0,
      34.0,
      114.0,
      207.0,
      308.0,
      93.0,
      31.0
    ],
    [
      37.0,
      32.0,
      143.0,
      194.0,
      40.0,
      104.0,
      31.0,
      47.0,
      34.0,
      33.0,
      33.0,
      38.0,
      191.0,
      44.0,
      129.0,
      27.0,
      33.0,
      32.0,
      37.0,
      32.0,
      22.0,
      14.0,
      29.0,
      33.0,
      307.0,
      33.0,
      32.0,
      411.0,
      131.0,
      34.0,
      0.0,
      105.0,
      201.0,
      317.0,
      81.0,
      31.0
    ],
    [
      90.0,
      107.0,
      223.0,
      261.0,
      108.0,
      6.0,
      113.0,
      109.0,
      112.0,
      113.0,
      108.0,
      121.0,
      258.0,
      116.0,
      189.0,
      109.0,
      113.0,
      112.0,
      120.0,
      114.0,
      104.0,
      101.0,
      110.0,
      114.0,
      388.0,
      112.0,
      114.0,
      492.0,
      211.0,
      114.0,
      105.0,
      0.0,
      287.0,
      388.0,
      98.0,
      96.0
    ],
    [
      214.0,
      208.0,
      157.0,
      259.0,
      218.0,
      282.0,
      205.0,
      221.0,
      209.0,
      208.0,
      209.0,
      210.0,
      279.0,
      218.0,
      280.0,
      201.0,
      208.0,
      205.0,
      209.0,
      206.0,
      196.0,
      195.0,
      203.0,
      207.0,
      171.0,
      208.0,
      206.0,
      275.0,
      212.0,
      207.0,
      201.0,
      287.0,
      0.0,
      334.0,
      247.0,
      212.0
    ],
    [
      318.0,
      310.0,
      299.0,
      206.0,
      313.0,
      383.0,
      306.0,
      312.0,
      312.0,
      309.0,
      312.0,
      312.0,
      174.0,
      293.0,
      291.0,
      302.0,
      309.0,
      306.0,
      310.0,
      307.0,
      303.0,
      311.0,
      304.0,
      308.0,
      386.0,
      311.0,
      307.0,
      337.0,
      232.0,
      308.0,
      317.0,
      388.0,
      334.0,
      0.0,
      383.0,
      316.0
    ],
    [
      86.0,
      87.0,
      199.0,
      255.0,
      96.0,
      95.0,
      92.0,
      98.0,
      92.0,
      93.0,
      88.0,
      101.0,
      252.0,
      106.0,
      191.0,
      89.0,
      93.0,
      92.0,
      100.0,
      93.0,
      84.0,
      79.0,
      91.0,
      93.0,
      350.0,
      93.0,
      93.0,
      454.0,
      187.0,
      93.0,
      81.0,
      98.0,
      247.0,
      383.0,
      0.0,
      81.0
    ],
    [
      11.0,
      25.0,
      150.0,
      189.0,
      25.0,
      92.0,
      30.0,
      29.0,
      29.0,
      31.0,
      26.0,
      41.0,
      186.0,
      38.0,
      124.0,
      30.0,
      30.0,
      29.0,
      40.0,
      31.0,
      25.0,
      22.0,
      31.0,
      31.0,
      314.0,
      32.0,
      31.0,
      418.0,
      138.0,
      31.0,
      31.0,
      96.0,
      212.0,
      316.0,
      81.0,
      0.0
    ]
  ],
  "transit_dist_walk_matrix": [
    [
      0.0,
      NaN,
      NaN,
      NaN,
      NaN,
      NaN,
      NaN,
      NaN,
      NaN,
      NaN,
      NaN,
      NaN,
      NaN,
      NaN,
      NaN,
      NaN,
      NaN,
      NaN,
      NaN,
      NaN,
      NaN,
      NaN,
      NaN,
      NaN,
      NaN,
      NaN,
      NaN,
      NaN,
      NaN,
      NaN,
      NaN,
      NaN,
      NaN,
      NaN,
      NaN,
      NaN
    ],
    [
      NaN,
      0.0,
      NaN,
      NaN,
      NaN,
      NaN,
      NaN,
      NaN,
      NaN,
      NaN,
      NaN,
      NaN,
      NaN,
      NaN,
      NaN,
      NaN,
      NaN,
      NaN,
      NaN,
      NaN,
      NaN,
      NaN,
      NaN,
      NaN,
      NaN,
      NaN,
      NaN,
      NaN,
      NaN,
      NaN,
      NaN,
      NaN,
      NaN,
      NaN,
      NaN,
      NaN
    ],
    [
      NaN,
      NaN,
      0.0,
      NaN,
      NaN,
      NaN,
      NaN,
      NaN,
      NaN,
      NaN,
      NaN,
      NaN,
      NaN,
      NaN,
      NaN,
      NaN,
      NaN,
      NaN,
      NaN,
      NaN,
      NaN,
      NaN,
      NaN,
      NaN,
      NaN,
      NaN,
      NaN,
      NaN,
      NaN,
      NaN,
      NaN,
      NaN,
      NaN,
      NaN,
      NaN,
      NaN
    ],
    [
      NaN,
      NaN,
      NaN,
      0.0,
      NaN,
      NaN,
      NaN,
      NaN,
      NaN,
      NaN,
      NaN,
      NaN,
      NaN,
      NaN,
      NaN,
      NaN,
      NaN,
      NaN,
      NaN,
      NaN,
      NaN,
      NaN,
      NaN,
      NaN,
      NaN,
      NaN,
      NaN,
      NaN,
      NaN,
      NaN,
      NaN,
      NaN,
      NaN,
      NaN,
      NaN,
      NaN
    ],
    [
      NaN,
      NaN,
      NaN,
      NaN,
      0.0,
      NaN,
      NaN,
      NaN,
      NaN,
      NaN,
      NaN,
      NaN,
      NaN,
      NaN,
      NaN,
      NaN,
      NaN,
      NaN,
      NaN,
      NaN,
      NaN,
      NaN,
      NaN,
      NaN,
      NaN,
      NaN,
      NaN,
      NaN,
      NaN,
      NaN,
      NaN,
      NaN,
      NaN,
      NaN,
      NaN,
      NaN
    ],
    [
      NaN,
      NaN,
      NaN,
      NaN,
      NaN,
      0.0,
      NaN,
      NaN,
      NaN,
      NaN,
      NaN,
      NaN,
      NaN,
      NaN,
      NaN,
      NaN,
      NaN,
      NaN,
      NaN,
      NaN,
      NaN,
      NaN,
      NaN,
      NaN,
      NaN,
      NaN,
      NaN,
      NaN,
      NaN,
      NaN,
      NaN,
      NaN,
      NaN,
      NaN,
      NaN,
      NaN
    ],
    [
      NaN,
      NaN,
      NaN,
      NaN,
      NaN,
      NaN,
      0.0,
      NaN,
      NaN,
      NaN,
      NaN,
      NaN,
      NaN,
      NaN,
      NaN,
      NaN,
      NaN,
      NaN,
      NaN,
      NaN,
      NaN,
      NaN,
      NaN,
      NaN,
      NaN,
      NaN,
      NaN,
      NaN,
      NaN,
      NaN,
      NaN,
      NaN,
      NaN,
      NaN,
      NaN,
      NaN
    ],
    [
      NaN,
      NaN,
      NaN,
      NaN,
      NaN,
      NaN,
      NaN,
      0.0,
      NaN,
      NaN,
      NaN,
      NaN,
      NaN,
      NaN,
      NaN,
      NaN,
      NaN,
      NaN,
      NaN,
      NaN,
      NaN,
      NaN,
      NaN,
      NaN,
      NaN,
      NaN,
      NaN,
      NaN,
      NaN,
      NaN,
      NaN,
      NaN,
      NaN,
      NaN,
      NaN,
      NaN
    ],
    [
      NaN,
      NaN,
      NaN,
      NaN,
      NaN,
      NaN,
      NaN,
      NaN,
      0.0,
      NaN,
      NaN,
      NaN,
      NaN,
      NaN,
      NaN,
      NaN,
      NaN,
      NaN,
      NaN,
      NaN,
      NaN,
      NaN,
      NaN,
      NaN,
      NaN,
      NaN,
      NaN,
      NaN,
      NaN,
      NaN,
      NaN,
      NaN,
      NaN,
      NaN,
      NaN,
      NaN
    ],
    [
      NaN,
      NaN,
      NaN,
      NaN,
      NaN,
      NaN,
      NaN,
      NaN,
      NaN,
      0.0,
      NaN,
      NaN,
      NaN,
      NaN,
      NaN,
      NaN,
      NaN,
      NaN,
      NaN,
      NaN,
      NaN,
      NaN,
      NaN,
      NaN,
      NaN,
      NaN,
      NaN,
      NaN,
      NaN,
      NaN,
      NaN,
      NaN,
      NaN,
      NaN,
      NaN,
      NaN
    ],
    [
      NaN,
      NaN,
      NaN,
      NaN,
      NaN,
      NaN,
      NaN,
      NaN,
      NaN,
      NaN,
      0.0,
      NaN,
      NaN,
      NaN,
      NaN,
      NaN,
      NaN,
      NaN,
      NaN,
      NaN,
      NaN,
      NaN,
      NaN,
      NaN,
      NaN,
      NaN,
      NaN,
      NaN,
      NaN,
      NaN,
      NaN,
      NaN,
      NaN,
      NaN,
      NaN,
      NaN
    ],
    [
      NaN,
      NaN,
      NaN,
      NaN,
      NaN,
      NaN,
      NaN,
      NaN,
      NaN,
      NaN,
      NaN,
      0.0,
      NaN,
      NaN,
      NaN,
      NaN,
      NaN,
      NaN,
      NaN,
      NaN,
      NaN,
      NaN,
      NaN,
      NaN,
      NaN,
      NaN,
      NaN,
      NaN,
      NaN,
      NaN,
      NaN,
      NaN,
      NaN,
      NaN,
      NaN,
      NaN
    ],
    [
      NaN,
      NaN,
      NaN,
      NaN,
      NaN,
      NaN,
      NaN,
      NaN,
      NaN,
      NaN,
      NaN,
      NaN,
      0.0,
      NaN,
      NaN,
      NaN,
      NaN,
      NaN,
      NaN,
      NaN,
      NaN,
      NaN,
      NaN,
      NaN,
      NaN,
      NaN,
      NaN,
      NaN,
      NaN,
      NaN,
      NaN,
      NaN,
      NaN,
      NaN,
      NaN,
      NaN
    ],
    [
      NaN,
      NaN,
      NaN,
      NaN,
      NaN,
      NaN,
      NaN,
      NaN,
      NaN,
      NaN,
      NaN,
      NaN,
      NaN,
      0.0,
      NaN,
      NaN,
      NaN,
      NaN,
      NaN,
      NaN,
      NaN,
      NaN,
      NaN,
      NaN,
      NaN,
      NaN,
      NaN,
      NaN,
      NaN,
      NaN,
      NaN,
      NaN,
      NaN,
      NaN,
      NaN,
      NaN
    ],
    [
      NaN,
      NaN,
      NaN,
      NaN,
      NaN,
      NaN,
      NaN,
      NaN,
      NaN,
      NaN,
      NaN,
      NaN,
      NaN,
      NaN,
      0.0,
      NaN,
      NaN,
      NaN,
      NaN,
      NaN,
      NaN,
      NaN,
      NaN,
      NaN,
      NaN,
      NaN,
      NaN,
      NaN,
      NaN,
      NaN,
      NaN,
      NaN,
      NaN,
      NaN,
      NaN,
      NaN
    ],
    [
      NaN,
      NaN,
      NaN,
      NaN,
      NaN,
      NaN,
      NaN,
      NaN,
      NaN,
      NaN,
      NaN,
      NaN,
      NaN,
      NaN,
      NaN,
      0.0,
      NaN,
      NaN,
      NaN,
      NaN,
      NaN,
      NaN,
      NaN,
      NaN,
      NaN,
      NaN,
      NaN,
      NaN,
      NaN,
      NaN,
      NaN,
      NaN,
      NaN,
      NaN,
      NaN,
      NaN
    ],
    [
      NaN,
      NaN,
      NaN,
      NaN,
      NaN,
      NaN,
      NaN,
      NaN,
      NaN,
      NaN,
      NaN,
      NaN,
      NaN,
      NaN,
      NaN,
      NaN,
      0.0,
      NaN,
      NaN,
      NaN,
      NaN,
      NaN,
      NaN,
      NaN,
      NaN,
      NaN,
      NaN,
      NaN,
      NaN,
      NaN,
      NaN,
      NaN,
      NaN,
      NaN,
      NaN,
      NaN
    ],
    [
      NaN,
      NaN,
      NaN,
      NaN,
      NaN,
      NaN,
      NaN,
      NaN,
      NaN,
      NaN,
