{
  "drive_dist_matrix": [
    [
      0.0,
      4.0,
      1.8,
      2.4,
      2.4,
      2.4,
      2.3,
      1.9,
      18.2,
      1.1,
      11.1,
      3.1,
      19.0,
      2.6,
      14.8,
      2.6,
      0.058,
      0.27,
      1.2,
      30.7,
      0.9,
      0.9,
      2.2,
      2.3,
      31.4,
      0.9,
      3.5,
      2.3,
      21.4,
      3.4,
      1.5,
      2.5,
      19.1,
      1.8,
      3.0,
      2.4,
      3.2,
      2.8,
      30.4,
      28.1,
      0.6,
      2.0,
      1.0,
      9.6,
      3.8,
      1.0,
      18.7,
      24.1,
      0.5,
      1.6,
      43.6,
      2.8,
      4.0,
      20.7,
      1.8,
      34.9,
      34.5,
      24.5,
      26.3
    ],
    [
      4.0,
      0.0,
      5.8,
      8.2,
      8.2,
      8.1,
      8.2,
      5.9,
      15.5,
      4.9,
      20.1,
      6.7,
      21.1,
      8.0,
      16.0,
      8.0,
      4.0,
      4.1,
      4.2,
      28.1,
      4.9,
      3.5,
      4.2,
      6.3,
      32.7,
      4.8,
      8.4,
      8.7,
      15.8,
      8.4,
      3.6,
      7.9,
      16.5,
      5.8,
      7.0,
      8.3,
      8.9,
      8.4,
      27.8,
      25.6,
      4.6,
      6.0,
      4.9,
      10.9,
      4.4,
      5.0,
      19.9,
      15.8,
      4.4,
      5.6,
      44.8,
      6.5,
      3.8,
      18.0,
      5.8,
      36.2,
      31.9,
      27.5,
      35.4
    ],
    [
      1.8,
      5.8,
      0.0,
      0.85,
      0.85,
      0.9,
      1.0,
      0.8,
      23.2,
      1.4,
      9.8,
      2.4,
      18.2,
      0.95,
      11.7,
      1.0,
      2.5,
      1.9,
      2.4,
      31.8,
      0.9,
      2.4,
      3.1,
      0.7,
      25.5,
      1.4,
      1.8,
      1.5,
      18.3,
      1.8,
      3.1,
      1.3,
      24.1,
      0.6,
      1.1,
      0.8,
      1.6,
      1.2,
      31.5,
      29.3,
      1.9,
      0.45,
      1.1,
      13.3,
      4.3,
      1.6,
      14.1,
      25.3,
      2.1,
      0.29,
      40.6,
      1.5,
      4.5,
      25.7,
      0.3,
      29.0,
      35.6,
      25.7,
      25.0
    ],
    [
      2.4,
      8.2,
      0.85,
      0.0,
      0.2,
      0.5,
      0.45,
      1.5,
      22.4,
      1.6,
      9.0,
      1.6,
      17.4,
      0.55,
      10.9,
      0.7,
      3.0,
      2.4,
      2.7,
      31.1,
      1.6,
      2.9,
      3.1,
      0.3,
      24.7,
      1.9,
      1.4,
      0.4,
      17.5,
      1.4,
      3.3,
      0.6,
      23.3,
      1.4,
      1.6,
      0.5,
      1.8,
      1.3,
      30.8,
      28.5,
      2.2,
      0.45,
      1.4,
      12.5,
      4.3,
      2.1,
      13.3,
      24.5,
      2.2,
      1.1,
      39.8,
      1.0,
      4.5,
      24.9,
      0.9,
      28.2,
      34.8,
      24.9,
      24.3
    ],
    [
      2.4,
      8.2,
      0.85,
      0.2,
      0.0,
      0.5,
      0.45,
      1.5,
      22.4,
      1.6,
      9.0,
      1.6,
      17.4,
      0.55,
      10.9,
      0.7,
      3.0,
      2.4,
      2.7,
      31.1,
      1.6,
      2.9,
      3.1,
      0.3,
      24.7,
      1.9,
      1.4,
      0.35,
      17.5,
      1.4,
      3.3,
      0.6,
      23.3,
      1.4,
      1.6,
      0.55,
      1.8,
      1.3,
      30.8,
      28.5,
      2.2,
      0.45,
      1.4,
      12.5,
      4.3,
      2.1,
      13.3,
      24.5,
      2.2,
      1.1,
      39.8,
      1.0,
      4.5,
      24.9,
      1.1,
      28.2,
      34.8,
      24.9,
      24.3
    ],
    [
      2.4,
      8.1,
      0.9,
      0.5,
      0.5,
      0.0,
      0.12,
      1.8,
      22.4,
      1.7,
      9.0,
      1.6,
      17.4,
      0.45,
      11.0,
      0.4,
      3.0,
      2.4,
      2.7,
      31.1,
      1.6,
      3.0,
      3.1,
      0.23,
      24.7,
      2.0,
      1.4,
      0.6,
      17.6,
      1.4,
      3.3,
      0.22,
      23.4,
      1.6,
      1.8,
      0.45,
      1.9,
      1.5,
      30.8,
      28.5,
      2.2,
      0.5,
      1.4,
      12.5,
      4.3,
      2.1,
      13.3,
      24.5,
      2.2,
      1.4,
      39.8,
      0.85,
      4.5,
      24.9,
      1.1,
      28.2,
      34.9,
      24.9,
      24.3
    ],
    [
      2.3,
      8.2,
      1.0,
      0.45,
      0.45,
      0.12,
      0.0,
      1.6,
      22.5,
      1.7,
      9.1,
      1.6,
      17.4,
      0.45,
      11.0,
      0.45,
      5.3,
      2.4,
      2.7,
      31.1,
      1.6,
      3.0,
      3.1,
      0.24,
      24.8,
      2.0,
      1.5,
      0.55,
      17.6,
      1.4,
      3.4,
      0.27,
      23.4,
      1.4,
      1.6,
      0.85,
      1.9,
      1.3,
      30.8,
      28.5,
      2.2,
      0.55,
      1.5,
      12.6,
      4.3,
      2.2,
      13.4,
      24.6,
      2.3,
      1.2,
      39.8,
      0.8,
      4.6,
      24.9,
      1.2,
      28.3,
      34.9,
      25.0,
      24.3
    ],
    [
      1.9,
      5.9,
      0.8,
      1.5,
      1.5,
      1.8,
      1.6,
      0.0,
      21.6,
      1.0,
      10.7,
      2.8,
      17.4,
      2.3,
      12.7,
      2.3,
      2.1,
      1.5,
      2.0,
      29.1,
      0.6,
      2.0,
      2.7,
      2.0,
      26.4,
      1.1,
      3.1,
      1.1,
      19.3,
      3.1,
      2.7,
      2.1,
      22.6,
      0.18,
      3.0,
      2.3,
      3.1,
      2.7,
      28.8,
      26.5,
      1.5,
      2.0,
      0.9,
      10.9,
      3.9,
      1.3,
      15.0,
      22.5,
      1.7,
      0.5,
      41.5,
      2.5,
      4.1,
      24.1,
      1.7,
      29.9,
      32.9,
      22.9,
      26.0
    ],
    [
      18.2,
      15.5,
      23.2,
      22.4,
      22.4,
      22.4,
      22.5,
      21.6,
      0.0,
      20.6,
      34.0,
      21.9,
      29.0,
      22.7,
      30.0,
      22.7,
      18.7,
      18.8,
      18.9,
      18.4,
      21.1,
      18.2,
      21.6,
      23.0,
      46.6,
      21.4,
      23.2,
      23.4,
      17.0,
      23.1,
      18.9,
      22.7,
      3.1,
      22.0,
      23.6,
      23.0,
      23.6,
      23.1,
      18.2,
      15.9,
      21.5,
      23.3,
      20.8,
      24.8,
      18.0,
      21.6,
      33.9,
      7.1,
      21.6,
      21.7,
      57.1,
      22.0,
      17.4,
      4.7,
      21.9,
      50.1,
      22.2,
      17.8,
      49.3
    ],
    [
      1.1,
      4.9,
      1.4,
      1.6,
      1.6,
      1.7,
      1.7,
      1.0,
      20.6,
      0.0,
      15.8,
      2.2,
      17.0,
      2.0,
      13.2,
      2.0,
      1.8,
      1.2,
      1.5,
      28.7,
      1.0,
      1.8,
      1.7,
      1.8,
      27.0,
      0.75,
      2.8,
      1.7,
      21.0,
      2.8,
      2.2,
      1.8,
      21.6,
      1.5,
      2.8,
      2.2,
      2.9,
      2.5,
      28.4,
      26.1,
      0.7,
      1.8,
      0.5,
      14.8,
      2.9,
      1.0,
      15.6,
      21.1,
      0.9,
      1.3,
      42.1,
      2.0,
      3.2,
      23.2,
      1.5,
      30.5,
      32.5,
      22.5,
      26.6
    ],
    [
      11.1,
      20.1,
      9.8,
      9.0,
      9.0,
      9.0,
      9.1,
      10.7,
      34.0,
      15.8,
      0.0,
      9.1,
      10.3,
      8.9,
      5.1,
      8.9,
      12.8,
      13.1,
      13.2,
      35.9,
      10.5,
      12.9,
      12.1,
      9.0,
      16.5,
      11.6,
      7.1,
      9.4,
      17.6,
      7.3,
      13.8,
      8.7,
      33.8,
      10.3,
      10.1,
      9.1,
      10.1,
      9.8,
      35.7,
      33.4,
      11.4,
      9.3,
      11.4,
      14.3,
      13.3,
      11.7,
      0.26,
      29.4,
      11.6,
      10.1,
      35.2,
      9.5,
      13.6,
      32.3,
      9.8,
      20.0,
      39.7,
      29.6,
      19.2
    ],
    [
      3.1,
      6.7,
      2.4,
      1.6,
      1.6,
      1.6,
      1.6,
      2.8,
      21.9,
      2.2,
      9.1,
      0.0,
      16.8,
      1.9,
      12.3,
      1.9,
      3.8,
      3.2,
      3.7,
      28.5,
      2.3,
      3.7,
      3.2,
      1.6,
      26.0,
      2.7,
      2.6,
      1.6,
      19.2,
      2.6,
      4.0,
      1.7,
      23.1,
      2.6,
      3.1,
      2.1,
      3.1,
      2.7,
      28.3,
      26.0,
      3.0,
      1.9,
      2.2,
      13.8,
      3.7,
      2.9,
      14.6,
      22.0,
      3.2,
      2.3,
      41.1,
      1.0,
      4.0,
      24.7,
      2.5,
      29.5,
      32.3,
      22.4,
      25.6
    ],
    [
      19.0,
      21.1,
      18.2,
      17.4,
      17.4,
      17.4,
      17.4,
      17.4,
      29.0,
      17.0,
      10.3,
      16.8,
      0.0,
      17.3,
      15.3,
      17.3,
      18.9,
      19.1,
      19.7,
      32.6,
      20.4,
      18.6,
      17.4,
      18.0,
      12.4,
      19.8,
      18.2,
      17.9,
      16.9,
      18.1,
      19.9,
      17.2,
      26.9,
      18.8,
      18.6,
      17.5,
      18.6,
      19.6,
      32.3,
      29.5,
      19.6,
      17.8,
      19.9,
      22.2,
      17.9,
      20.0,
      10.5,
      25.5,
      19.2,
      18.5,
      40.0,
      17.9,
      18.1,
      28.4,
      18.3,
      23.9,
      35.8,
      26.6,
      23.3
    ],
    [
      2.6,
      8.0,
      0.95,
      0.55,
      0.55,
      0.45,
      0.45,
      2.3,
      22.7,
      2.0,
      8.9,
      1.9,
      17.3,
      0.0,
      10.9,
      0.35,
      5.0,
      2.7,
      3.0,
      30.8,
      1.8,
      5.1,
      4.3,
      0.35,
      24.6,
      2.3,
      1.3,
      0.9,
      17.5,
      1.3,
      6.0,
      0.35,
      23.1,
      1.7,
      0.95,
      0.088,
      1.3,
      0.7,
      30.5,
      28.3,
      2.5,
      0.55,
      1.8,
      12.4,
      4.6,
      2.4,
      13.2,
      24.3,
      2.6,
      1.4,
      39.7,
      1.0,
      5.8,
      24.7,
      1.1,
      28.1,
      34.6,
      24.7,
      24.2
    ],
    [
      14.8,
      16.0,
      11.7,
      10.9,
      10.9,
      11.0,
      11.0,
      12.7,
      30.0,
      13.2,
      5.1,
      12.3,
      15.3,
      10.9,
      0.0,
      10.8,
      14.5,
      14.7,
      14.8,
      41.9,
      11.3,
      14.2,
      14.1,
      11.0,
      23.7,
      13.5,
      9.1,
      11.3,
      29.6,
      9.3,
      15.5,
      10.6,
      30.2,
      11.1,
      9.8,
      11.0,
      9.9,
      9.8,
      41.6,
      39.3,
      13.4,
      11.3,
      13.3,
      10.7,
      15.3,
      13.7,
      5.3,
      29.5,
      14.8,
      10.8,
      27.6,
      11.4,
      19.3,
      31.8,
      11.1,
      27.2,
      45.7,
      32.4,
      26.5
    ],
    [
      2.6,
      8.0,
      1.0,
      0.7,
      0.7,
      0.4,
      0.45,
      2.3,
      22.7,
      2.0,
      8.9,
      1.9,
      17.3,
      0.35,
      10.8,
      0.0,
      5.0,
      2.7,
      3.0,
      30.8,
      1.8,
      5.1,
      4.3,
      0.35,
      24.6,
      2.3,
      1.3,
      0.85,
      17.5,
      1.3,
      3.6,
      0.18,
      23.1,
      1.7,
      1.1,
      0.35,
      1.3,
      0.8,
      30.5,
      28.3,
      2.5,
      0.6,
      1.8,
      12.4,
      5.5,
      2.4,
      13.2,
      24.3,
      2.6,
      1.4,
      39.7,
      1.0,
      4.9,
      24.7,
      1.3,
      28.1,
      34.6,
      24.7,
      24.2
    ],
    [
      0.058,
      4.0,
      2.5,
      3.0,
      3.0,
      3.0,
      5.3,
      2.1,
      18.7,
      1.8,
      12.8,
      3.8,
      18.9,
      5.0,
      14.5,
      5.0,
      0.0,
      0.3,
      1.1,
      30.8,
      1.8,
      0.85,
      2.5,
      3.2,
      31.3,
      0.95,
      6.4,
      3.1,
      21.5,
      4.3,
      1.7,
      3.2,
      19.2,
      2.7,
      3.9,
      3.3,
      4.1,
      3.6,
      30.5,
      28.2,
      0.65,
      2.9,
      1.8,
      9.5,
      3.9,
      1.1,
      18.6,
      24.2,
      0.55,
      2.5,
      41.8,
      3.6,
      4.1,
      21.1,
      2.7,
      34.8,
      34.6,
      24.7,
      34.0
    ],
    [
      0.27,
      4.1,
      1.9,
      2.4,
      2.4,
      2.4,
      2.4,
      1.5,
      18.8,
      1.2,
      13.1,
      3.2,
      19.1,
      2.7,
      14.7,
      2.7,
      0.3,
      0.0,
      0.8,
      30.5,
      1.1,
      0.65,
      2.2,
      2.6,
      31.3,
      1.0,
      3.7,
      2.6,
      21.2,
      3.6,
      1.4,
      2.7,
      19.0,
      2.1,
      3.3,
      2.6,
      3.4,
      3.0,
      30.2,
      27.9,
      0.85,
      2.3,
      1.3,
      9.4,
      3.6,
      1.2,
      18.5,
      24.0,
      0.5,
      1.8,
      41.8,
      3.1,
      3.8,
      20.5,
      2.0,
      34.8,
      34.3,
      24.4,
      28.7
    ],
    [
      1.2,
      4.2,
      2.4,
      2.7,
      2.7,
      2.7,
      2.7,
      2.0,
      18.9,
      1.5,
      13.2,
      3.7,
      19.7,
      3.0,
      14.8,
      3.0,
      1.1,
      0.8,
      0.0,
      30.8,
      1.6,
      0.35,
      1.2,
      2.8,
      31.6,
      1.6,
      3.8,
      2.7,
      21.5,
      3.8,
      0.4,
      2.8,
      19.2,
      2.5,
      3.8,
      3.2,
      4.3,
      3.5,
      30.5,
      28.2,
      1.0,
      2.8,
      1.4,
      9.8,
      3.5,
      1.8,
      18.9,
      24.2,
      0.8,
      2.3,
      42.1,
      3.2,
      3.7,
      20.8,
      2.5,
      35.1,
      34.6,
      24.6,
      34.3
    ],
    [
      30.7,
      28.1,
      31.8,
      31.1,
      31.1,
      31.1,
      31.1,
      29.1,
      18.4,
      28.7,
      35.9,
      28.5,
      32.6,
      30.8,
      41.9,
      30.8,
      30.8,
      30.5,
      30.8,
      0.0,
      31.6,
      38.2,
      37.2,
      39.2,
      45.1,
      39.4,
      39.3,
      39.5,
      13.0,
      39.3,
      32.4,
      38.8,
      13.4,
      32.5,
      39.7,
      39.2,
      39.7,
      39.4,
      0.7,
      3.5,
      39.4,
      39.5,
      41.0,
      45.0,
      38.2,
      39.8,
      34.1,
      11.1,
      39.0,
      32.3,
      65.0,
      30.4,
      30.3,
      13.1,
      32.0,
      49.0,
      18.1,
      5.7,
      45.0
    ],
    [
      0.9,
      4.9,
      0.9,
      1.6,
      1.6,
      1.6,
      1.6,
      0.6,
      21.1,
      1.0,
      10.5,
      2.3,
      20.4,
      1.8,
      11.3,
      1.8,
      1.8,
      1.1,
      1.6,
      31.6,
      0.0,
      1.7,
      2.3,
      1.4,
      26.2,
      0.6,
      2.5,
      2.2,
      21.6,
      2.5,
      2.3,
      2.0,
      22.2,
      0.65,
      2.1,
      1.5,
      2.3,
      1.9,
      28.4,
      26.1,
      1.1,
      1.2,
      0.55,
      10.5,
      3.5,
      0.8,
      14.8,
      22.2,
      1.3,
      0.7,
      40.1,
      2.1,
      3.7,
      23.7,
      0.9,
      29.6,
      35.4,
      25.6,
      25.7
    ],
    [
      0.9,
      3.5,
      2.4,
      2.9,
      2.9,
      3.0,
      3.0,
      2.0,
      18.2,
      1.8,
      12.9,
      3.7,
      18.6,
      5.1,
      14.2,
      5.1,
      0.85,
      0.65,
      0.35,
      38.2,
      1.7,
      0.0,
      2.4,
      3.2,
      31.6,
      1.7,
      5.7,
      5.9,
      20.7,
      5.7,
      0.55,
      5.2,
      18.5,
      2.7,
      3.9,
      3.3,
      6.1,
      5.7,
      29.8,
      27.5,
      1.0,
      2.9,
      1.8,
      9.7,
      3.8,
      1.8,
      17.3,
      23.5,
      0.8,
      2.4,
      43.7,
      3.6,
      4.1,
      20.1,
      2.6,
      32.2,
      33.8,
      23.9,
      28.3
    ],
    [
      2.2,
      4.2,
      3.1,
      3.1,
      3.1,
      3.1,
      3.1,
      2.7,
      21.6,
      1.7,
      12.1,
      3.2,
      17.4,
      4.3,
      14.1,
      4.3,
      2.5,
      2.2,
      1.2,
      37.2,
      2.3,
      2.4,
      0.0,
      3.5,
      28.1,
      3.2,
      5.1,
      3.5,
      21.2,
      5.1,
      1.0,
      4.6,
      21.8,
      3.5,
      5.5,
      5.0,
      5.5,
      4.9,
      33.2,
      30.9,
      2.7,
      3.8,
      2.4,
      11.9,
      1.8,
      3.4,
      20.9,
      21.1,
      1.9,
      3.3,
      45.9,
      3.8,
      2.1,
      23.4,
      3.5,
      31.6,
      37.2,
      25.0,
      27.7
    ],
    [
      2.3,
      6.3,
      0.7,
      0.3,
      0.3,
      0.23,
      0.24,
      2.0,
      23.0,
      1.8,
      9.0,
      1.6,
      18.0,
      0.35,
      11.0,
      0.35,
      3.2,
      2.6,
      2.8,
      39.2,
      1.4,
      3.2,
      3.5,
      0.0,
      24.8,
      2.0,
      1.5,
      0.6,
      21.8,
      1.5,
      3.4,
      0.3,
      23.4,
      1.3,
      1.5,
      0.35,
      1.6,
      1.0,
      30.9,
      28.6,
      2.3,
      0.3,
      1.5,
      12.6,
      4.4,
      2.2,
      13.4,
      26.5,
      2.3,
      1.0,
      39.9,
      0.9,
      4.6,
      25.0,
      0.95,
      28.3,
      34.9,
      25.2,
      24.4
    ],
    [
      31.4,
      32.7,
      25.5,
      24.7,
      24.7,
      24.7,
      24.8,
      26.4,
      46.6,
      27.0,
      16.5,
      26.0,
      12.4,
      24.6,
      23.7,
      24.6,
      31.3,
      31.3,
      31.6,
      45.1,
      26.2,
      31.6,
      28.1,
      24.8,
      0.0,
      27.5,
      25.7,
      25.4,
      26.4,
      25.6,
      29.8,
      24.7,
      36.4,
      26.3,
      26.1,
      25.0,
      26.1,
      25.8,
      41.3,
      39.0,
      27.4,
      25.3,
      27.3,
      27.6,
      29.3,
      27.7,
      17.1,
      35.0,
      27.6,
      26.0,
      33.3,
      25.4,
      29.6,
      37.9,
      25.8,
      12.9,
      45.4,
      35.4,
      17.3
    ],
    [
      0.9,
      4.8,
      1.4,
      1.9,
      1.9,
      2.0,
      2.0,
      1.1,
      21.4,
      0.75,
      11.6,
      2.7,
      19.8,
      2.3,
      13.5,
      2.3,
      0.95,
      1.0,
      1.6,
      39.4,
      0.6,
      1.7,
      3.2,
      2.0,
      27.5,
      0.0,
      3.1,
      2.1,
      22.2,
      3.1,
      2.2,
      2.2,
      22.2,
      1.1,
      2.7,
      2.1,
      2.9,
      2.5,
      31.2,
      28.9,
      1.1,
      1.8,
      0.7,
      10.4,
      3.5,
      0.17,
      15.1,
      24.9,
      1.2,
      1.2,
      44.4,
      2.6,
      3.8,
      23.8,
      1.5,
      30.3,
      35.3,
      25.3,
      26.0
    ],
    [
      3.5,
      8.4,
      1.8,
      1.4,
      1.4,
      1.4,
      1.5,
      3.1,
      23.2,
      2.8,
      7.1,
      2.6,
      18.2,
      1.3,
      9.1,
      1.3,
      6.4,
      3.7,
      3.8,
      39.3,
      2.5,
      5.7,
      5.1,
      1.5,
      25.7,
      3.1,
      0.0,
      1.9,
      18.3,
      0.13,
      4.5,
      1.1,
      23.6,
      2.4,
      1.1,
      1.5,
      0.65,
      0.65,
      31.0,
      28.8,
      4.1,
      1.8,
      2.6,
      11.0,
      5.3,
      3.3,
      14.1,
      26.7,
      3.4,
      2.1,
      38.2,
      2.1,
      5.6,
      25.2,
      1.9,
      29.0,
      35.1,
      25.4,
      25.0
    ],
    [
      2.3,
      8.7,
      1.5,
      0.4,
      0.35,
      0.6,
      0.55,
      1.1,
      23.4,
      1.7,
      9.4,
      1.6,
      17.9,
      0.9,
      11.3,
      0.85,
      3.1,
      2.6,
      2.7,
      39.5,
      2.2,
      5.9,
      3.5,
      0.6,
      25.4,
      2.1,
      1.9,
      0.0,
      18.4,
      2.2,
      2.9,
      0.7,
      22.9,
      1.3,
      2.5,
      0.85,
      2.7,
      2.2,
      28.5,
      26.2,
      1.7,
      0.75,
      1.0,
      13.3,
      4.2,
      1.7,
      14.1,
      22.3,
      1.8,
      1.1,
      40.6,
      1.6,
      4.4,
      24.5,
      0.8,
      29.2,
      32.6,
      28.2,
      25.1
    ],
    [
      21.4,
      15.8,
      18.3,
      17.5,
      17.5,
      17.6,
      17.6,
      19.3,
      17.0,
      21.0,
      17.6,
      19.2,
      16.9,
      17.5,
      29.6,
      17.5,
      21.5,
      21.2,
      21.5,
      13.0,
      21.6,
      20.7,
      21.2,
      21.8,
      26.4,
      22.2,
      18.3,
      18.4,
      0.0,
      18.4,
      18.7,
      17.4,
      14.7,
      19.1,
      18.9,
      17.8,
      18.9,
      18.6,
      13.4,
      10.0,
      20.2,
      18.1,
      20.6,
      26.2,
      13.7,
      21.4,
      21.5,
      12.7,
      19.5,
      18.8,
      52.4,
      18.2,
      13.0,
      16.2,
      18.6,
      36.4,
      23.7,
      8.5,
      32.5
    ],
    [
      3.4,
      8.4,
      1.8,
      1.4,
      1.4,
      1.4,
      1.4,
      3.1,
      23.1,
      2.8,
      7.3,
      2.6,
      18.1,
      1.3,
      9.3,
      1.3,
      4.3,
      3.6,
      3.8,
      39.3,
      2.5,
      5.7,
      5.1,
      1.5,
      25.6,
      3.1,
      0.13,
      2.2,
      18.4,
      0.0,
      4.5,
      1.1,
      23.6,
      2.3,
      1.1,
      1.5,
      0.55,
      0.7,
      31.0,
      28.7,
      4.1,
      1.8,
      2.6,
      10.9,
      5.4,
      3.3,
      14.1,
      24.8,
      3.4,
      2.1,
      45.3,
      2.3,
      5.7,
      25.1,
      1.9,
      29.0,
      39.0,
      25.3,
      25.0
    ],
    [
      1.5,
      3.6,
      3.1,
      3.3,
      3.3,
      3.3,
      3.4,
      2.7,
      18.9,
      2.2,
      13.8,
      4.0,
      19.9,
      6.0,
      15.5,
      3.6,
      1.7,
      1.4,
      0.4,
      32.4,
      2.3,
      0.55,
      1.0,
      3.4,
      29.8,
      2.2,
      4.5,
      2.9,
      18.7,
      4.5,
      0.0,
      3.5,
      19.4,
      3.3,
      4.5,
      3.9,
      4.7,
      4.2,
      30.4,
      28.7,
      1.7,
      3.5,
      2.0,
      10.4,
      2.5,
      2.5,
      19.4,
      18.5,
      0.7,
      3.1,
      42.2,
      3.9,
      2.8,
      21.2,
      3.3,
      35.7,
      34.4,
      25.1,
      34.9
    ],
    [
      2.5,
      7.9,
      1.3,
      0.6,
      0.6,
      0.22,
      0.27,
      2.1,
      22.7,
      1.8,
      8.7,
      1.7,
      17.2,
      0.35,
      10.6,
      0.18,
      3.2,
      2.7,
      2.8,
      38.8,
      2.0,
      5.2,
      4.6,
      0.3,
      24.7,
      2.2,
      1.1,
      0.7,
      17.4,
      1.1,
      3.5,
      0.0,
      23.2,
      1.6,
      1.4,
      0.3,
      1.4,
      1.0,
      30.6,
      32.3,
      3.7,
      0.85,
      2.1,
      12.4,
      5.6,
      2.6,
      13.2,
      24.3,
      3.8,
      1.4,
      36.6,
      1.0,
      5.8,
      24.8,
      1.2,
      28.1,
      38.6,
      24.8,
      24.1
    ],
    [
      19.1,
      16.5,
      24.1,
      23.3,
      23.3,
      23.4,
      23.4,
      22.6,
      3.1,
      21.6,
      33.8,
      23.1,
      26.9,
      23.1,
      30.2,
      23.1,
      19.2,
      19.0,
      19.2,
      13.4,
      22.2,
      18.5,
      21.8,
      23.4,
      36.4,
      22.2,
      23.6,
      22.9,
      14.7,
      23.6,
      19.4,
      23.2,
      0.0,
      22.4,
      24.0,
      23.5,
      24.0,
      23.6,
      13.0,
      10.8,
      22.0,
      23.7,
      21.2,
      25.7,
      18.5,
      22.0,
      34.3,
      3.4,
      22.1,
      22.2,
      62.0,
      22.5,
      17.8,
      2.9,
      22.4,
      50.5,
      20.5,
      12.7,
      49.8
    ],
    [
      1.8,
      5.8,
      0.6,
      1.4,
      1.4,
      1.6,
      1.4,
      0.18,
      22.0,
      1.5,
      10.3,
      2.6,
      18.8,
      1.7,
      11.1,
      1.7,
      2.7,
      2.1,
      2.5,
      32.5,
      0.65,
      2.7,
      3.5,
      1.3,
      26.3,
      1.1,
      2.4,
      1.3,
      19.1,
      2.3,
      3.3,
      1.6,
      22.4,
      0.0,
      2.1,
      1.4,
      2.2,
      1.8,
      32.9,
      29.7,
      1.8,
      1.1,
      0.9,
      12.7,
      4.1,
      1.3,
      14.7,
      22.3,
      2.0,
      0.35,
      41.2,
      2.2,
      4.3,
      24.4,
      0.8,
      29.6,
      38.2,
      27.2,
      25.7
    ],
    [
      3.0,
      7.0,
      1.1,
      1.6,
      1.6,
      1.8,
      1.6,
      3.0,
      23.6,
      2.8,
      10.1,
      3.1,
      18.6,
      0.95,
      9.8,
      1.1,
      3.9,
      3.3,
      3.8,
      39.7,
      2.1,
      3.9,
      5.5,
      1.5,
      26.1,
      2.7,
      1.1,
      2.5,
      18.9,
      1.1,
      4.5,
      1.4,
      24.0,
      2.1,
      0.0,
      1.0,
      1.3,
      0.9,
      31.4,
      33.1,
      4.5,
      1.0,
      2.4,
      11.3,
      6.4,
      2.9,
      15.2,
      25.1,
      3.4,
      1.4,
      47.5,
      2.2,
      6.6,
      25.5,
      1.3,
      29.4,
      35.5,
      25.5,
      30.8
    ],
    [
      2.4,
      8.3,
      0.8,
      0.5,
      0.55,
      0.45,
      0.85,
      2.3,
      23.0,
      2.2,
      9.1,
      2.1,
      17.5,
      0.088,
      11.0,
      0.35,
      3.3,
      2.6,
      3.2,
      39.2,
      1.5,
      3.3,
      5.0,
      0.35,
      25.0,
      2.1,
      1.5,
      0.85,
      17.8,
      1.5,
      3.9,
      0.3,
      23.5,
      1.4,
      1.0,
      0.0,
      1.1,
      0.75,
      30.7,
      32.4,
      3.8,
      0.4,
      2.2,
      13.0,
      5.7,
      2.7,
      13.8,
      24.5,
      4.0,
      1.5,
      37.2,
      1.6,
      6.0,
      24.9,
      1.0,
      28.7,
      38.8,
      24.9,
      24.7
    ],
    [
      3.2,
      8.9,
      1.6,
      1.8,
      1.8,
      1.9,
      1.9,
      3.1,
      23.6,
      2.9,
      10.1,
      3.1,
      18.6,
      1.3,
      9.9,
      1.3,
      4.1,
      3.4,
      4.3,
      39.7,
      2.3,
      6.1,
      5.5,
      1.6,
      26.1,
      2.9,
      0.65,
      2.7,
      18.9,
      0.55,
      4.7,
      1.4,
      24.0,
      2.2,
      1.3,
      1.1,
      0.0,
      0.55,
      31.4,
      33.3,
      4.5,
      1.4,
      2.6,
      11.6,
      6.4,
      3.1,
      15.4,
      25.2,
      4.0,
      1.9,
      38.1,
      2.5,
      6.6,
      25.8,
      1.7,
      31.7,
      39.4,
      25.9,
      25.6
    ],
    [
      2.8,
      8.4,
      1.2,
      1.3,
      1.3,
      1.5,
      1.3,
      2.7,
      23.1,
      2.5,
      9.8,
      2.7,
      19.6,
      0.7,
      9.8,
      0.8,
      3.6,
      3.0,
      3.5,
      39.4,
      1.9,
      5.7,
      4.9,
      1.0,
      25.8,
      2.5,
      0.65,
      2.2,
      18.6,
      0.7,
      4.2,
      1.0,
      23.6,
      1.8,
      0.9,
      0.75,
      0.55,
      0.0,
      34.9,
      32.6,
      4.1,
      1.0,
      2.2,
      11.3,
      6.0,
      2.7,
      14.2,
      24.7,
      4.2,
      1.5,
      37.5,
      2.0,
      6.2,
      25.1,
      1.2,
      33.3,
      39.0,
      25.3,
      25.0
    ],
    [
      30.4,
      27.8,
      31.5,
      30.8,
      30.8,
      30.8,
      30.8,
      28.8,
      18.2,
      28.4,
      35.7,
      28.3,
      32.3,
      30.5,
      41.6,
      30.5,
      30.5,
      30.2,
      30.5,
      0.7,
      28.4,
      29.8,
      33.2,
      30.9,
      41.3,
      31.2,
      31.0,
      28.5,
      13.4,
      31.0,
      30.4,
      30.6,
      13.0,
      32.9,
      31.4,
      30.7,
      31.4,
      34.9,
      0.0,
      3.2,
      31.9,
      32.1,
      33.4,
      37.5,
      30.7,
      32.2,
      33.0,
      10.8,
      31.4,
      32.8,
      67.4,
      32.1,
      30.0,
      12.9,
      32.6,
      52.1,
      16.5,
      6.0,
      47.6
    ],
    [
      28.1,
      25.6,
      29.3,
      28.5,
      28.5,
      28.5,
      28.5,
      26.5,
      15.9,
      26.1,
      33.4,
      26.0,
      29.5,
      28.3,
      39.3,
      28.3,
      28.2,
      27.9,
      28.2,
      3.5,
      26.1,
      27.5,
      30.9,
      28.6,
      39.0,
      28.9,
      28.8,
      26.2,
      10.0,
      28.7,
      28.7,
      32.3,
      10.8,
      29.7,
      33.1,
      32.4,
      33.3,
      32.6,
      3.2,
      0.0,
      28.6,
      28.9,
      30.3,
      34.2,
      27.5,
      29.0,
      33.4,
      7.6,
      28.3,
      29.6,
      65.0,
      24.9,
      26.8,
      10.0,
      29.3,
      49.0,
      18.2,
      2.1,
      44.3
    ],
    [
      0.6,
      4.6,
      1.9,
      2.2,
      2.2,
      2.2,
      2.2,
      1.5,
      21.5,
      0.7,
      11.4,
      3.0,
      19.6,
      2.5,
      13.4,
      2.5,
      0.65,
      0.85,
      1.0,
      39.4,
      1.1,
      1.0,
      2.7,
      2.3,
      27.4,
      1.1,
      4.1,
      1.7,
      20.2,
      4.1,
      1.7,
      3.7,
      22.0,
      1.8,
      4.5,
      3.8,
      4.5,
      4.1,
      31.9,
      28.6,
      0.0,
      3.0,
      1.6,
      10.5,
      2.9,
      1.9,
      19.1,
      21.0,
      0.18,
      2.5,
      46.8,
      3.0,
      3.2,
      23.8,
      2.7,
      31.1,
      37.2,
      25.0,
      27.1
    ],
    [
      2.0,
      6.0,
      0.45,
      0.45,
      0.45,
      0.5,
      0.55,
      2.0,
      23.3,
      1.8,
      9.3,
      1.9,
      17.8,
      0.55,
      11.3,
      0.6,
      2.9,
      2.3,
      2.8,
      39.5,
      1.2,
      2.9,
      3.8,
      0.3,
      25.3,
      1.8,
      1.8,
      0.75,
      18.1,
      1.8,
      3.5,
      0.85,
      23.7,
      1.1,
      1.0,
      0.4,
      1.4,
      1.0,
      32.1,
      28.9,
      3.0,
      0.0,
      1.5,
      12.9,
      4.7,
      2.0,
      13.7,
      24.9,
      2.5,
      0.7,
      37.2,
      1.1,
      4.9,
      25.6,
      0.65,
      28.6,
      39.2,
      30.8,
      24.7
    ],
    [
      1.0,
      4.9,
      1.1,
      1.4,
      1.4,
      1.4,
      1.5,
      0.9,
      20.8,
      0.5,
      11.4,
      2.2,
      19.9,
      1.8,
      13.3,
      1.8,
      1.8,
      1.3,
      1.4,
      41.0,
      0.55,
      1.8,
      2.4,
      1.5,
      27.3,
      0.7,
      2.6,
      1.0,
      20.6,
      2.6,
      2.0,
      2.1,
      21.2,
      0.9,
      2.4,
      2.2,
      2.6,
      2.2,
      33.4,
      30.3,
      1.6,
      1.5,
      0.0,
      13.5,
      3.5,
      1.0,
      14.3,
      21.5,
      1.2,
      1.2,
      37.8,
      1.8,
      3.8,
      23.8,
      1.3,
      33.7,
      37.7,
      22.7,
      25.3
    ],
    [
      9.6,
      10.9,
      13.3,
      12.5,
      12.5,
      12.5,
      12.6,
      10.9,
      24.8,
      14.8,
      14.3,
      13.8,
      22.2,
      12.4,
      10.7,
      12.4,
      9.5,
      9.4,
      9.8,
      45.0,
      10.5,
      9.7,
      11.9,
      12.6,
      27.6,
      10.4,
      11.0,
      13.3,
      26.2,
      10.9,
      10.4,
      12.4,
      25.7,
      12.7,
      11.3,
      13.0,
      11.6,
      11.3,
      37.5,
      34.2,
      10.5,
      12.9,
      13.5,
      0.0,
      7.7,
      4.9,
      20.2,
      18.8,
      4.1,
      5.5,
      47.9,
      6.9,
      8.6,
      21.4,
      5.7,
      36.5,
      35.0,
      30.6,
      30.6
    ],
    [
      3.8,
      4.4,
      4.3,
      4.3,
      4.3,
      4.3,
      4.3,
      3.9,
      18.0,
      2.9,
      13.3,
      3.7,
      17.9,
      4.6,
      15.3,
      5.5,
      3.9,
      3.6,
      3.5,
      38.2,
      3.5,
      3.8,
      1.8,
      4.4,
      29.3,
      3.5,
      5.3,
      4.2,
      13.7,
      5.4,
      2.5,
      5.6,
      18.5,
      4.1,
      6.4,
      5.7,
      6.4,
      6.0,
      30.7,
      27.5,
      2.9,
      4.7,
      3.5,
      7.7,
      0.0,
      3.7,
      17.2,
      13.0,
      3.0,
      4.3,
      48.1,
      4.3,
      0.55,
      24.8,
      4.5,
      32.1,
      33.9,
      33.9,
      28.2
    ],
    [
      1.0,
      5.0,
      1.6,
      2.1,
      2.1,
      2.1,
      2.2,
      1.3,
      21.6,
      1.0,
      11.7,
      2.9,
      20.0,
      2.4,
      13.7,
      2.4,
      1.1,
      1.2,
      1.8,
      39.8,
      0.8,
      1.8,
      3.4,
      2.2,
      27.7,
      0.17,
      3.3,
      1.7,
      21.4,
      3.3,
      2.5,
      2.6,
      22.0,
      1.3,
      2.9,
      2.7,
      3.1,
      2.7,
      32.2,
      29.0,
      1.9,
      2.0,
      1.0,
      4.9,
      3.7,
      0.0,
      18.3,
      21.7,
      1.4,
      1.4,
      47.3,
      2.7,
      3.9,
      23.9,
      1.7,
      30.2,
      35.4,
      25.5,
      26.2
    ],
    [
      18.7,
      19.9,
      14.1,
      13.3,
      13.3,
      13.3,
      13.4,
      15.0,
      33.9,
      15.6,
      0.26,
      14.6,
      10.5,
      13.2,
      5.3,
      13.2,
      18.6,
      18.5,
      18.9,
      34.1,
      14.8,
      17.3,
      20.9,
      13.4,
      17.1,
      15.1,
      14.1,
      14.1,
      21.5,
      14.1,
      19.4,
      13.2,
      34.3,
      14.7,
      15.2,
      13.8,
      15.4,
      14.2,
      33.0,
      33.4,
      19.1,
      13.7,
      14.3,
      20.2,
      17.2,
      18.3,
      0.0,
      29.3,
      16.0,
      14.5,
      35.2,
      13.9,
      18.0,
      32.1,
      14.2,
      19.9,
      39.6,
      29.6,
      19.1
    ],
    [
      24.1,
      15.8,
      25.3,
      24.5,
      24.5,
      24.5,
      24.6,
      22.5,
      7.1,
      21.1,
      29.4,
      22.0,
      25.5,
      24.3,
      29.5,
      24.3,
      24.2,
      24.0,
      24.2,
      11.1,
      22.2,
      23.5,
      21.1,
      26.5,
      35.0,
      24.9,
      26.7,
      22.3,
      12.7,
      24.8,
      18.5,
      24.3,
      3.4,
      22.3,
      25.1,
      24.5,
      25.2,
      24.7,
      10.8,
      7.6,
      21.0,
      24.9,
      21.5,
      18.8,
      13.0,
      21.7,
      29.3,
      0.0,
      21.4,
      21.5,
      61.2,
      21.8,
      12.8,
      5.1,
      21.7,
      49.8,
      17.2,
      9.6,
      49.2
    ],
    [
      0.5,
      4.4,
      2.1,
      2.2,
      2.2,
      2.2,
      2.3,
      1.7,
      21.6,
      0.9,
      11.6,
      3.2,
      19.2,
      2.6,
      14.8,
      2.6,
      0.55,
      0.5,
      0.8,
      39.0,
      1.3,
      0.8,
      1.9,
      2.3,
      27.6,
      1.2,
      3.4,
      1.8,
      19.5,
      3.4,
      0.7,
      3.8,
      22.1,
      2.0,
      3.4,
      4.0,
      4.0,
      4.2,
      31.4,
      28.3,
      0.18,
      2.5,
      1.2,
      4.1,
      3.0,
      1.4,
      16.0,
      21.4,
      0.0,
      2.2,
      46.5,
      3.1,
      3.2,
      23.3,
      2.4,
      35.2,
      34.7,
      24.8,
      34.3
    ],
    [
      1.6,
      5.6,
      0.29,
      1.1,
      1.1,
      1.4,
      1.2,
      0.5,
      21.7,
      1.3,
      10.1,
      2.3,
      18.5,
      1.4,
      10.8,
      1.4,
      2.5,
      1.8,
      2.3,
      32.3,
      0.7,
      2.4,
      3.3,
      1.0,
      26.0,
      1.2,
      2.1,
      1.1,
      18.8,
      2.1,
      3.1,
      1.4,
      22.2,
      0.35,
      1.4,
      1.5,
      1.9,
      1.5,
      32.8,
      29.6,
      2.5,
      0.7,
      1.2,
      5.5,
      4.3,
      1.4,
      14.5,
      21.5,
      2.2,
      0.0,
      40.8,
      1.8,
      4.8,
      25.9,
      0.55,
      29.2,
      35.9,
      25.9,
      25.3
    ],
    [
      43.6,
      44.8,
      40.6,
      39.8,
      39.8,
      39.8,
      39.8,
      41.5,
      57.1,
      42.1,
      35.2,
      41.1,
      40.0,
      39.7,
      27.6,
      39.7,
      41.8,
      41.8,
      42.1,
      65.0,
      40.1,
      43.7,
      45.9,
      39.9,
      33.3,
      44.4,
      38.2,
      40.6,
      52.4,
      45.3,
      42.2,
      36.6,
      62.0,
      41.2,
      47.5,
      37.2,
      38.1,
      37.5,
      67.4,
      65.0,
      46.8,
      37.2,
      37.8,
      47.9,
      48.1,
      47.3,
      35.2,
      61.2,
      46.5,
      40.8,
      0.0,
      39.4,
      43.5,
      60.2,
      39.1,
      25.9,
      71.3,
      52.9,
      25.1
    ],
    [
      2.8,
      6.5,
      1.5,
      1.0,
      1.0,
      0.85,
      0.8,
      2.5,
      22.0,
      2.0,
      9.5,
      1.0,
      17.9,
      1.0,
      11.4,
      1.0,
      3.6,
      3.1,
      3.2,
      30.4,
      2.1,
      3.6,
      3.8,
      0.9,
      25.4,
      2.6,
      2.1,
      1.6,
      18.2,
      2.3,
      3.9,
      1.0,
      22.5,
      2.2,
      2.2,
      1.6,
      2.5,
      2.0,
      32.1,
      24.9,
      3.0,
      1.1,
      1.8,
      6.9,
      4.3,
      2.7,
      13.9,
      21.8,
      3.1,
      1.8,
      39.4,
      0.0,
      4.0,
      25.4,
      1.6,
      28.7,
      32.3,
      22.4,
      32.2
    ],
    [
      4.0,
      3.8,
      4.5,
      4.5,
      4.5,
      4.5,
      4.6,
      4.1,
      17.4,
      3.2,
      13.6,
      4.0,
      18.1,
      5.8,
      19.3,
      4.9,
      4.1,
      3.8,
      3.7,
      30.3,
      3.7,
      4.1,
      2.1,
      4.6,
      29.6,
      3.8,
      5.6,
      4.4,
      13.0,
      5.7,
      2.8,
      5.8,
      17.8,
      4.3,
      6.6,
      6.0,
      6.6,
      6.2,
      30.0,
      26.8,
      3.2,
      4.9,
      3.8,
      8.6,
      0.55,
      3.9,
      18.0,
      12.8,
      3.2,
      4.8,
      43.5,
      4.0,
      0.0,
      19.8,
      4.7,
      32.4,
      33.4,
      28.9,
      31.6
    ],
    [
      20.7,
      18.0,
      25.7,
      24.9,
      24.9,
      24.9,
      24.9,
      24.1,
      4.7,
      23.2,
      32.3,
      24.7,
      28.4,
      24.7,
      31.8,
      24.7,
      21.1,
      20.5,
      20.8,
      13.1,
      23.7,
      20.1,
      23.4,
      25.0,
      37.9,
      23.8,
      25.2,
      24.5,
      16.2,
      25.1,
      21.2,
      24.8,
      2.9,
      24.4,
      25.5,
      24.9,
      25.8,
      25.1,
      12.9,
      10.0,
      23.8,
      25.6,
      23.8,
      21.4,
      24.8,
      23.9,
      32.1,
      5.1,
      23.3,
      25.9,
      60.2,
      25.4,
      19.8,
      0.0,
      23.6,
      51.8,
      9.3,
      12.0,
      51.3
    ],
    [
      1.8,
      5.8,
      0.3,
      0.9,
      1.1,
      1.1,
      1.2,
      1.7,
      21.9,
      1.5,
      9.8,
      2.5,
      18.3,
      1.1,
      11.1,
      1.3,
      2.7,
      2.0,
      2.5,
      32.0,
      0.9,
      2.6,
      3.5,
      0.95,
      25.8,
      1.5,
      1.9,
      0.8,
      18.6,
      1.9,
      3.3,
      1.2,
      22.4,
      0.8,
      1.3,
      1.0,
      1.7,
      1.2,
      32.6,
      29.3,
      2.7,
      0.65,
      1.3,
      5.7,
      4.5,
      1.7,
      14.2,
      21.7,
      2.4,
      0.55,
      39.1,
      1.6,
      4.7,
      23.6,
      0.0,
      28.8,
      35.4,
      25.5,
      28.0
    ],
    [
      34.9,
      36.2,
      29.0,
      28.2,
      28.2,
      28.2,
      28.3,
      29.9,
      50.1,
      30.5,
      20.0,
      29.5,
      23.9,
      28.1,
      27.2,
      28.1,
      34.8,
      34.8,
      35.1,
      49.0,
      29.6,
      32.2,
      31.6,
      28.3,
      12.9,
      30.3,
      29.0,
      29.2,
      36.4,
      29.0,
      35.7,
      28.1,
      50.5,
      29.6,
      29.4,
      28.7,
      31.7,
      33.3,
      52.1,
      49.0,
      31.1,
      28.6,
      33.7,
      36.5,
      32.1,
      30.2,
      19.9,
      49.8,
      35.2,
      29.2,
      25.9,
      28.7,
      32.4,
      51.8,
      28.8,
      0.0,
      55.2,
      45.3,
      4.3
    ],
    [
      34.5,
      31.9,
      35.6,
      34.8,
      34.8,
      34.9,
      34.9,
      32.9,
      22.2,
      32.5,
      39.7,
      32.3,
      35.8,
      34.6,
      45.7,
      34.6,
      34.6,
      34.3,
      34.6,
      18.1,
      35.4,
      33.8,
      37.2,
      34.9,
      45.4,
      35.3,
      35.1,
      32.6,
      23.7,
      39.0,
      34.4,
      38.6,
      20.5,
      38.2,
      35.5,
      38.8,
      39.4,
      39.0,
      16.5,
      18.2,
      37.2,
      39.2,
      37.7,
      35.0,
      33.9,
      35.4,
      39.6,
      17.2,
      34.7,
      35.9,
      71.3,
      32.3,
      33.4,
      9.3,
      35.4,
      55.2,
      0.0,
      21.3,
      51.1
    ],
    [
      24.5,
      27.5,
      25.7,
      24.9,
      24.9,
      24.9,
      25.0,
      22.9,
      17.8,
      22.5,
      29.6,
      22.4,
      26.6,
      24.7,
      32.4,
      24.7,
      24.7,
      24.4,
      24.6,
      5.7,
      25.6,
      23.9,
      25.0,
      25.2,
      35.4,
      25.3,
      25.4,
      28.2,
      8.5,
      25.3,
      25.1,
      24.8,
      12.7,
      27.2,
      25.5,
      24.9,
      25.9,
      25.3,
      6.0,
      2.1,
      25.0,
      30.8,
