{
  "drive_dist_matrix": [
    [
      0.0,
      7.8,
      9.3,
      10.3,
      20.3,
      17.3,
      7.9,
      2.8,
      3.0,
      14.9,
      6.5,
      3.4,
      5.7,
      2.9,
      14.6,
      9.2,
      3.4,
      21.8,
      7.8,
      26.9
    ],
    [
      7.8,
      0.0,
      6.1,
      13.4,
      17.4,
      14.1,
      13.9,
      8.3,
      5.7,
      19.0,
      6.3,
      8.9,
      8.3,
      7.7,
      27.7,
      9.5,
      7.3,
      27.6,
      5.9,
      40.5
    ],
    [
      9.3,
      6.1,
      0.0,
      14.8,
      19.8,
      16.8,
      14.0,
      5.2,
      5.3,
      15.2,
      7.7,
      10.1,
      2.4,
      8.9,
      20.9,
      10.9,
      8.5,
      27.7,
      7.3,
      33.1
    ],
    [
      10.3,
      13.4,
      14.8,
      0.0,
      18.5,
      13.5,
      14.8,
      9.8,
      9.4,
      6.0,
      7.9,
      6.7,
      12.2,
      8.2,
      5.5,
      7.0,
      6.8,
      31.8,
      8.6,
      25.1
    ],
    [
      20.3,
      17.4,
      19.8,
      18.5,
      0.0,
      11.2,
      26.5,
      22.0,
      18.3,
      16.9,
      18.9,
      21.5,
      22.0,
      20.3,
      25.6,
      16.0,
      19.9,
      45.1,
      18.5,
      38.4
    ],
    [
      17.3,
      14.1,
      16.8,
      13.5,
      11.2,
      0.0,
      29.9,
      19.2,
      15.5,
      7.2,
      11.2,
      18.7,
      19.2,
      17.4,
      20.7,
      9.0,
      18.3,
      39.4,
      10.7,
      33.3
    ],
    [
      7.9,
      13.9,
      14.0,
      14.8,
      26.5,
      29.9,
      0.0,
      9.8,
      10.8,
      23.2,
      12.9,
      9.3,
      13.2,
      8.8,
      17.3,
      15.4,
      9.3,
      14.5,
      13.8,
      19.9
    ],
    [
      2.8,
      8.3,
      5.2,
      9.8,
      22.0,
      19.2,
      9.8,
      0.0,
      2.2,
      15.3,
      6.3,
      4.7,
      3.3,
      3.3,
      13.9,
      9.0,
      3.7,
      22.8,
      9.7,
      28.6
    ],
    [
      3.0,
      5.7,
      5.3,
      9.4,
      18.3,
      15.5,
      10.8,
      2.2,
      0.0,
      11.3,
      4.3,
      4.2,
      3.9,
      3.0,
      14.4,
      7.0,
      2.6,
      22.9,
      5.4,
      27.5
    ],
    [
      14.9,
      19.0,
      15.2,
      6.0,
      16.9,
      7.2,
      23.2,
      15.3,
      11.3,
      0.0,
      8.4,
      11.8,
      24.0,
      13.2,
      9.3,
      4.8,
      10.5,
      32.6,
      8.7,
      25.9
    ],
    [
      6.5,
      6.3,
      7.7,
      7.9,
      18.9,
      11.2,
      12.9,
      6.3,
      4.3,
      8.4,
      0.0,
      5.1,
      10.0,
      6.7,
      13.2,
      4.0,
      3.7,
      33.1,
      1.5,
      26.4
    ],
    [
      3.4,
      8.9,
      10.1,
      6.7,
      21.5,
      18.7,
      9.3,
      4.7,
      4.2,
      11.8,
      5.1,
      0.0,
      7.3,
      1.8,
      11.0,
      6.9,
      2.0,
      22.5,
      5.6,
      25.8
    ],
    [
      5.7,
      8.3,
      2.4,
      12.2,
      22.0,
      19.2,
      13.2,
      3.3,
      3.9,
      24.0,
      10.0,
      7.3,
      0.0,
      6.4,
      17.7,
      13.1,
      6.0,
      25.7,
      9.6,
      30.9
    ],
    [
      2.9,
      7.7,
      8.9,
      8.2,
      20.3,
      17.4,
      8.8,
      3.3,
      3.0,
      13.2,
      6.7,
      1.8,
      6.4,
      0.0,
      11.1,
      7.1,
      1.0,
      22.9,
      5.4,
      26.0
    ],
    [
      14.6,
      27.7,
      20.9,
      5.5,
      25.6,
      20.7,
      17.3,
      13.9,
      14.4,
      9.3,
      13.2,
      11.0,
      17.7,
      11.1,
      0.0,
      12.1,
      10.8,
      29.2,
      12.6,
      22.5
    ],
    [
      9.2,
      9.5,
      10.9,
      7.0,
      16.0,
      9.0,
      15.4,
      9.0,
      7.0,
      4.8,
      4.0,
      6.9,
      13.1,
      7.1,
      12.1,
      0.0,
      6.5,
      33.0,
      4.7,
      26.3
    ],
    [
      3.4,
      7.3,
      8.5,
      6.8,
      19.9,
      18.3,
      9.3,
      3.7,
      2.6,
      10.5,
      3.7,
      2.0,
      6.0,
      1.0,
      10.8,
      6.5,
      0.0,
      31.6,
      5.5,
      24.9
    ],
    [
      21.8,
      27.6,
      27.7,
      31.8,
      45.1,
      39.4,
      14.5,
      22.8,
      22.9,
      32.6,
      33.1,
      22.5,
      25.7,
      22.9,
      29.2,
      33.0,
      31.6,
      0.0,
      34.8,
      14.7
    ],
    [
      7.8,
      5.9,
      7.3,
      8.6,
      18.5,
      10.7,
      13.8,
      9.7,
      5.4,
      8.7,
      1.5,
      5.6,
      9.6,
      5.4,
      12.6,
      4.7,
      5.5,
      34.8,
      0.0,
      27.1
    ],
    [
      26.9,
      40.5,
      33.1,
      25.1,
      38.4,
      33.3,
      19.9,
      28.6,
      27.5,
      25.9,
      26.4,
      25.8,
      30.9,
      26.0,
      22.5,
      26.3,
      24.9,
      14.7,
      27.1,
      0.0
    ]
  ],
  "drive_time_matrix": [
    [
      0.0,
      18.0,
      19.0,
      18.0,
      27.0,
      26.0,
      14.0,
      11.0,
      11.0,
      26.0,
      16.0,
      9.0,
      19.0,
      8.0,
      27.0,
      21.0,
      10.0,
      29.0,
      17.0,
      30.0
    ],
    [
      18.0,
      0.0,
      15.0,
      27.0,
      23.0,
      21.0,
      30.0,
      17.0,
      15.0,
      24.0,
      16.0,
      23.0,
      19.0,
      20.0,
      33.0,
      21.0,
      18.0,
      42.0,
      15.0,
      36.0
    ],
    [
      19.0,
      15.0,
      0.0,
      25.0,
      23.0,
      22.0,
      28.0,
      11.0,
      12.0,
      26.0,
      13.0,
      19.0,
      6.0,
      16.0,
      32.0,
      18.0,
      15.0,
      37.0,
      13.0,
      35.0
    ],
    [
      18.0,
      27.0,
      25.0,
      0.0,
      23.0,
      19.0,
      25.0,
      23.0,
      21.0,
      13.0,
      19.0,
      14.0,
      27.0,
      17.0,
      13.0,
      13.0,
      13.0,
      32.0,
      20.0,
      24.0
    ],
    [
      27.0,
      23.0,
      23.0,
      23.0,
      0.0,
      17.0,
      34.0,
      23.0,
      20.0,
      19.0,
      20.0,
      27.0,
      25.0,
      24.0,
      29.0,
      18.0,
      23.0,
      39.0,
      20.0,
      33.0
    ],
    [
      26.0,
      21.0,
      22.0,
      19.0,
      17.0,
      0.0,
      33.0,
      26.0,
      23.0,
      13.0,
      20.0,
      24.0,
      28.0,
      27.0,
      29.0,
      16.0,
      24.0,
      38.0,
      19.0,
      33.0
    ],
    [
      14.0,
      30.0,
      28.0,
      25.0,
      34.0,
      33.0,
      0.0,
      21.0,
      26.0,
      37.0,
      28.0,
      21.0,
      30.0,
      19.0,
      36.0,
      31.0,
      21.0,
      16.0,
      30.0,
      23.0
    ],
    [
      11.0,
      17.0,
      11.0,
      23.0,
      23.0,
      26.0,
      21.0,
      0.0,
      7.0,
      26.0,
      16.0,
      13.0,
      9.0,
      11.0,
      29.0,
      20.0,
      10.0,
      27.0,
      15.0,
      31.0
    ],
    [
      11.0,
      15.0,
      12.0,
      21.0,
      20.0,
      23.0,
      26.0,
      7.0,
      0.0,
      22.0,
      10.0,
      12.0,
      11.0,
      9.0,
      26.0,
      14.0,
      8.0,
      33.0,
      9.0,
      29.0
    ],
    [
      26.0,
      24.0,
      26.0,
      13.0,
      19.0,
      13.0,
      37.0,
      26.0,
      22.0,
      0.0,
      17.0,
      23.0,
      28.0,
      26.0,
      20.0,
      10.0,
      20.0,
      36.0,
      18.0,
      29.0
    ],
    [
      16.0,
      16.0,
      13.0,
      19.0,
      20.0,
      20.0,
      28.0,
      16.0,
      10.0,
      17.0,
      0.0,
      13.0,
      17.0,
      16.0,
      24.0,
      8.0,
      10.0,
      35.0,
      5.0,
      28.0
    ],
    [
      9.0,
      23.0,
      19.0,
      14.0,
      27.0,
      24.0,
      21.0,
      13.0,
      12.0,
      23.0,
      13.0,
      0.0,
      21.0,
      22.0,
      20.0,
      16.0,
      5.0,
      32.0,
      14.0,
      26.0
    ],
    [
      19.0,
      19.0,
      6.0,
      27.0,
      25.0,
      28.0,
      30.0,
      9.0,
      11.0,
      28.0,
      17.0,
      21.0,
      0.0,
      18.0,
      34.0,
      22.0,
      16.0,
      35.0,
      18.0,
      36.0
    ],
    [
      8.0,
      20.0,
      16.0,
      17.0,
      24.0,
      27.0,
      19.0,
      11.0,
      9.0,
      26.0,
      16.0,
      22.0,
      18.0,
      0.0,
      20.0,
      16.0,
      13.0,
      34.0,
      13.0,
      26.0
    ],
    [
      27.0,
      33.0,
      32.0,
      13.0,
      29.0,
      29.0,
      36.0,
      29.0,
      26.0,
      20.0,
      24.0,
      20.0,
      34.0,
      20.0,
      0.0,
      23.0,
      21.0,
      37.0,
      27.0,
      30.0
    ],
    [
      21.0,
      21.0,
      18.0,
      13.0,
      18.0,
      16.0,
      31.0,
      20.0,
      14.0,
      10.0,
      8.0,
      16.0,
      22.0,
      16.0,
      23.0,
      0.0,
      13.0,
      32.0,
      10.0,
      25.0
    ],
    [
      10.0,
      18.0,
      15.0,
      13.0,
      23.0,
      24.0,
      21.0,
      10.0,
      8.0,
      20.0,
      10.0,
      5.0,
      16.0,
      13.0,
      21.0,
      13.0,
      0.0,
      28.0,
      11.0,
      22.0
    ],
    [
      29.0,
      42.0,
      37.0,
      32.0,
      39.0,
      38.0,
      16.0,
      27.0,
      33.0,
      36.0,
      35.0,
      32.0,
      35.0,
      34.0,
      37.0,
      32.0,
      28.0,
      0.0,
      45.0,
      16.0
    ],
    [
      17.0,
      15.0,
      13.0,
      20.0,
      20.0,
      19.0,
      30.0,
      15.0,
      9.0,
      18.0,
      5.0,
      14.0,
      18.0,
      13.0,
      27.0,
      10.0,
      11.0,
      45.0,
      0.0,
      28.0
    ],
    [
      30.0,
      36.0,
      35.0,
      24.0,
      33.0,
      33.0,
      23.0,
      31.0,
      29.0,
      29.0,
      28.0,
      26.0,
      36.0,
      26.0,
      30.0,
      25.0,
      22.0,
      16.0,
      28.0,
      0.0
    ]
  ],
  "transit_dist_walk_matrix": [
    [
      0.0,
      NaN,
      2.99988,
      1.91659,
      NaN,
      2.41657,
      1.49994,
      1.99992,
      2.24991,
      3.3332,
      2.74989,
      2.83322,
      8.16634,
      2.41657,
      2.83322,
      2.58323,
      2.24991,
      NaN,
      2.74989,
      NaN
    ],
    [
      NaN,
      0.0,
      NaN,
      NaN,
      NaN,
      NaN,
      NaN,
      NaN,
      NaN,
      NaN,
      NaN,
      NaN,
      NaN,
      NaN,
      NaN,
      NaN,
      NaN,
      NaN,
      NaN,
      NaN
    ],
    [
      2.99988,
      NaN,
      0.0,
      1.8332600000000001,
      NaN,
      3.24987,
      3.24987,
      1.91659,
      2.41657,
      3.24987,
      3.6665200000000002,
      3.6665200000000002,
      NaN,
      2.83322,
      3.99984,
      2.74989,
      2.58323,
      NaN,
      2.4999000000000002,
      NaN
    ],
    [
      1.91659,
      NaN,
      1.8332600000000001,
      0.0,
      NaN,
      1.41661,
      2.33324,
      1.74993,
      1.99992,
      1.91659,
      2.08325,
      1.91659,
      2.91655,
      1.41661,
      2.58323,
      1.6666,
      1.2499500000000001,
      NaN,
      2.08325,
      NaN
    ],
    [
      NaN,
      NaN,
      NaN,
      NaN,
      0.0,
      NaN,
      NaN,
      NaN,
      NaN,
      NaN,
      NaN,
      NaN,
      NaN,
      NaN,
      NaN,
      NaN,
      NaN,
      NaN,
      NaN,
      NaN
    ],
    [
      2.41657,
      NaN,
      3.24987,
      1.41661,
      NaN,
      0.0,
      NaN,
      NaN,
      NaN,
      NaN,
      NaN,
      NaN,
      NaN,
      NaN,
      NaN,
      NaN,
      NaN,
      NaN,
      NaN,
      NaN
    ],
    [
      1.49994,
      NaN,
      3.24987,
      2.33324,
      NaN,
      NaN,
      0.0,
      2.16658,
      1.91659,
      2.58323,
      3.3332,
      2.83322,
      8.24967,
      2.41657,
      4.08317,
      2.41657,
      2.24991,
      NaN,
      2.58323,
      NaN
    ],
    [
      1.99992,
      NaN,
      1.91659,
      1.74993,
      NaN,
      NaN,
      2.16658,
      0.0,
      1.6666,
      1.99992,
      1.16662,
      1.74993,
      7.3330400000000004,
      1.33328,
      1.74993,
      1.8332600000000001,
      1.16662,
      NaN,
      1.16662,
      NaN
    ],
    [
      2.24991,
      NaN,
      2.41657,
      1.99992,
      NaN,
      NaN,
      1.91659,
      1.6666,
      0.0,
      2.16658,
      1.49994,
      1.58327,
      3.3332,
      1.16662,
      1.58327,
      1.58327,
      0.9166300000000001,
      NaN,
      1.49994,
      NaN
    ],
    [
      3.3332,
      NaN,
      3.24987,
      1.91659,
      NaN,
      NaN,
      2.58323,
      1.99992,
      2.16658,
      0.0,
      2.41657,
      3.58319,
      3.49986,
      2.74989,
      4.24983,
      2.16658,
      1.91659,
      NaN,
      2.41657,
      NaN
    ],
    [
      2.74989,
      NaN,
      3.6665200000000002,
      2.08325,
      NaN,
      NaN,
      3.3332,
      1.16662,
      1.49994,
      2.41657,
      0.0,
      2.08325,
      3.3332,
      2.83322,
      4.1665,
      2.33324,
      1.99992,
      NaN,
      1.41661,
      NaN
    ],
    [
      2.83322,
      NaN,
      3.6665200000000002,
      1.91659,
      NaN,
      NaN,
      2.83322,
      1.74993,
      1.58327,
      3.58319,
      2.08325,
      0.0,
      3.24987,
      NaN,
      2.08325,
      2.66656,
      NaN,
      NaN,
      2.66656,
      NaN
    ],
    [
      8.16634,
      NaN,
      NaN,
      2.91655,
      NaN,
      NaN,
      8.24967,
      7.3330400000000004,
      3.3332,
      3.49986,
      3.3332,
      3.24987,
      0.0,
      2.91655,
      4.24983,
      2.08325,
      2.08325,
      NaN,
      1.99992,
      NaN
    ],
    [
      2.41657,
      NaN,
      2.83322,
      1.41661,
      NaN,
      NaN,
      2.41657,
      1.33328,
      1.16662,
      2.74989,
      2.83322,
      NaN,
      2.91655,
      0.0,
      1.58327,
      2.08325,
      NaN,
      NaN,
      2.08325,
      NaN
    ],
    [
      2.83322,
      NaN,
      3.99984,
      2.58323,
      NaN,
      NaN,
      4.08317,
      1.74993,
      1.58327,
      4.24983,
      4.1665,
      2.08325,
      4.24983,
      1.58327,
      0.0,
      2.66656,
      1.74993,
      NaN,
      2.58323,
      NaN
    ],
    [
      2.58323,
      NaN,
      2.74989,
      1.6666,
      NaN,
      NaN,
      2.41657,
      1.8332600000000001,
      1.58327,
      2.16658,
      2.33324,
      2.66656,
      2.08325,
      2.08325,
      2.66656,
      0.0,
      1.8332600000000001,
      NaN,
      1.6666,
      NaN
    ],
    [
      2.24991,
      NaN,
      2.58323,
      1.2499500000000001,
      NaN,
      NaN,
      2.24991,
      1.16662,
      0.9166300000000001,
      1.91659,
      1.99992,
      NaN,
      2.08325,
      NaN,
      1.74993,
      1.8332600000000001,
      0.0,
      NaN,
      1.16662,
      NaN
    ],
    [
      NaN,
      NaN,
      NaN,
      NaN,
      NaN,
      NaN,
      NaN,
      NaN,
      NaN,
      NaN,
      NaN,
      NaN,
      NaN,
      NaN,
      NaN,
      NaN,
      NaN,
      0.0,
      NaN,
      NaN
    ],
    [
      2.74989,
      NaN,
      2.4999000000000002,
      2.08325,
      NaN,
      NaN,
      2.58323,
      1.16662,
      1.49994,
      2.41657,
      1.41661,
      2.66656,
      1.99992,
      2.08325,
      2.58323,
      1.6666,
      1.16662,
      NaN,
      0.0,
      NaN
    ],
    [
      NaN,
      NaN,
      NaN,
      NaN,
      NaN,
      NaN,
      NaN,
      NaN,
      NaN,
      NaN,
      NaN,
      NaN,
      NaN,
      NaN,
      NaN,
      NaN,
      NaN,
      NaN,
      NaN,
      0.0
    ]
  ],
  "transit_time_matrix": [
    [
      0.0,
      NaN,
      60.0,
      39.0,
      NaN,
      74.0,
      30.0,
      26.0,
      29.0,
      62.0,
      58.0,
      39.0,
      116.0,
      8.0,
      57.0,
      21.0,
      31.0,
      NaN,
      59.0,
      NaN
    ],
    [
      NaN,
      0.0,
      NaN,
      NaN,
      NaN,
      NaN,
      NaN,
      NaN,
      NaN,
      NaN,
      NaN,
      NaN,
      NaN,
      NaN,
      NaN,
      NaN,
      NaN,
      NaN,
      NaN,
      NaN
    ],
    [
      60.0,
      NaN,
      0.0,
      80.0,
      NaN,
      22.0,
      84.0,
      31.0,
      12.0,
      78.0,
      72.0,
      64.0,
      NaN,
      53.0,
      114.0,
      64.0,
      50.0,
      NaN,
      78.0,
      NaN
    ],
    [
      39.0,
      NaN,
      80.0,
      0.0,
      NaN,
      75.0,
      86.0,
      41.0,
      43.0,
      71.0,
      64.0,
      14.0,
      59.0,
      17.0,
      37.0,
      54.0,
      30.0,
      NaN,
      65.0,
      NaN
    ],
    [
      NaN,
      NaN,
      NaN,
      NaN,
      0.0,
      NaN,
      NaN,
      NaN,
      NaN,
      NaN,
      NaN,
      NaN,
      NaN,
      NaN,
      NaN,
      NaN,
      NaN,
      NaN,
      NaN,
      NaN
    ],
    [
      74.0,
      NaN,
      22.0,
      75.0,
      NaN,
      0.0,
      NaN,
      NaN,
      NaN,
      NaN,
      NaN,
      NaN,
      NaN,
      NaN,
      NaN,
      NaN,
      NaN,
      NaN,
      NaN,
      NaN
    ],
    [
      30.0,
      NaN,
      84.0,
      86.0,
      NaN,
      NaN,
      0.0,
      55.0,
      59.0,
      37.0,
      83.0,
      21.0,
      139.0,
      69.0,
      110.0,
      31.0,
      68.0,
      NaN,
      30.0,
      NaN
    ],
    [
      26.0,
      NaN,
      31.0,
      41.0,
      NaN,
      NaN,
      55.0,
      0.0,
      7.0,
      47.0,
      46.0,
      27.0,
      90.0,
      20.0,
      29.0,
      46.0,
      19.0,
      NaN,
      47.0,
      NaN
    ],
    [
      29.0,
      NaN,
      12.0,
      43.0,
      NaN,
      NaN,
      59.0,
      7.0,
      0.0,
      65.0,
      47.0,
      36.0,
      11.0,
      9.0,
      26.0,
      43.0,
      8.0,
      NaN,
      48.0,
      NaN
    ],
    [
      62.0,
      NaN,
      78.0,
      71.0,
      NaN,
      NaN,
      37.0,
      47.0,
      65.0,
      0.0,
      60.0,
      61.0,
      72.0,
      51.0,
      112.0,
      33.0,
      40.0,
      NaN,
      18.0,
      NaN
    ],
    [
      58.0,
      NaN,
      72.0,
      64.0,
      NaN,
      NaN,
      83.0,
      46.0,
      47.0,
      60.0,
      0.0,
      51.0,
      68.0,
      44.0,
      95.0,
      57.0,
      33.0,
      NaN,
      5.0,
      NaN
    ],
    [
      39.0,
      NaN,
      64.0,
      14.0,
      NaN,
      NaN,
      21.0,
      27.0,
      36.0,
      61.0,
      51.0,
      0.0,
      57.0,
      0.0,
      20.0,
      51.0,
      NaN,
      NaN,
      14.0,
      NaN
    ],
    [
      116.0,
      NaN,
      NaN,
      59.0,
      NaN,
      NaN,
      139.0,
      90.0,
      11.0,
      72.0,
      68.0,
      57.0,
      0.0,
      51.0,
      34.0,
      49.0,
      40.0,
      NaN,
      18.0,
      NaN
    ],
    [
      8.0,
      NaN,
      53.0,
      17.0,
      NaN,
      NaN,
      69.0,
      20.0,
      9.0,
      51.0,
      44.0,
      0.0,
      51.0,
      0.0,
      20.0,
      44.0,
      NaN,
      NaN,
      13.0,
      NaN
    ],
    [
      57.0,
      NaN,
      114.0,
      37.0,
      NaN,
      NaN,
      110.0,
      29.0,
      26.0,
      112.0,
      95.0,
      20.0,
      34.0,
      20.0,
      0.0,
      69.0,
      39.0,
      NaN,
      27.0,
      NaN
    ],
    [
      21.0,
      NaN,
      64.0,
      54.0,
      NaN,
      NaN,
      31.0,
      46.0,
      43.0,
      33.0,
      57.0,
      51.0,
      49.0,
      44.0,
      69.0,
      0.0,
      32.0,
      NaN,
      53.0,
      NaN
    ],
    [
      31.0,
      NaN,
      50.0,
      30.0,
      NaN,
      NaN,
      68.0,
      19.0,
      8.0,
      40.0,
      33.0,
      NaN,
      40.0,
      NaN,
      39.0,
      32.0,
      0.0,
      NaN,
      38.0,
      NaN
    ],
    [
      NaN,
      NaN,
      NaN,
      NaN,
      NaN,
      NaN,
      NaN,
      NaN,
      NaN,
      NaN,
      NaN,
      NaN,
      NaN,
      NaN,
      NaN,
      NaN,
      NaN,
      0.0,
      NaN,
      NaN
    ],
    [
      59.0,
      NaN,
      78.0,
      65.0,
      NaN,
      NaN,
      30.0,
      47.0,
      48.0,
      18.0,
      5.0,
      14.0,
      18.0,
      13.0,
      27.0,
      53.0,
      38.0,
      NaN,
      0.0,
      NaN
    ],
    [
      NaN,
      NaN,
      NaN,
      NaN,
      NaN,
      NaN,
      NaN,
      NaN,
      NaN,
      NaN,
      NaN,
      NaN,
      NaN,
      NaN,
      NaN,
      NaN,
      NaN,
      NaN,
      NaN,
      0.0
    ]
  ],
  "walk_dist_matrix": [
    [
      0.0,
      8.4,
      7.6,
      9.6,
      21.9,
      17.1,
      7.4,
      2.7,
      2.8,
      13.5,
      6.8,
      3.9,
      5.6,
      3.3,
      13.7,
      9.5,
      3.7,
      21.2,
      7.8,
      27.2
    ],
    [
      8.4,
      0.0,
      5.0,
      12.8,
      17.3,
      13.2,
      13.7,
      7.5,
      5.8,
      13.7,
      6.2,
      8.5,
      7.3,
      7.5,
      16.9,
      9.3,
      7.0,
      27.0,
      5.8,
      33.0
    ],
    [
      7.6,
      5.0,
      0.0,
      14.3,
      20.9,
      16.8,
      12.7,
      5.2,
      5.2,
      15.2,
      7.7,
      9.1,
      2.4,
      8.1,
      18.4,
      10.8,
      7.8,
      26.5,
      7.3,
      32.5
    ],
    [
      9.6,
      12.8,
      14.3,
      0.0,
      19.8,
      11.4,
      14.1,
      9.4,
      9.0,
      5.9,
      7.8,
      6.7,
      12.1,
      6.9,
      5.2,
      5.3,
      6.4,
      27.3,
      8.5,
      24.2
    ],
    [
      21.9,
      17.3,
      20.9,
      19.8,
      0.0,
      10.5,
      26.5,
      21.3,
      19.6,
      15.6,
      15.5,
      19.7,
      22.5,
      19.3,
      22.6,
      16.0,
      18.5,
      39.8,
      14.8,
      45.8
    ],
    [
      17.1,
      13.2,
      16.8,
      11.4,
      10.5,
      0.0,
      21.7,
      16.6,
      14.6,
      6.5,
      11.5,
      14.7,
      17.8,
      14.5,
      14.2,
      8.4,
      13.6,
      34.9,
      10.4,
      34.1
    ],
    [
      7.4,
      13.7,
      12.7,
      14.1,
      26.5,
      21.7,
      0.0,
      7.7,
      8.4,
      18.0,
      11.5,
      8.3,
      10.6,
      7.8,
      15.9,
      14.0,
      8.2,
      13.8,
      12.4,
      19.9
    ],
    [
      2.7,
      7.5,
      5.2,
      9.4,
      21.3,
      16.6,
      7.7,
      0.0,
      2.0,
      13.0,
      6.3,
      4.3,
      3.1,
      3.3,
      13.5,
      8.9,
      3.5,
      21.5,
      6.9,
      27.5
    ],
    [
      2.8,
      5.8,
      5.2,
      9.0,
      19.6,
      14.6,
      8.4,
      2.0,
      0.0,
      11.3,
      4.3,
      4.0,
      3.2,
      3.0,
      13.1,
      7.0,
      2.6,
      22.1,
      5.2,
      28.2
    ],
    [
      13.5,
      13.7,
      15.2,
      5.9,
      15.6,
      6.5,
      18.0,
      13.0,
      11.3,
      0.0,
      8.3,
      10.8,
      14.5,
      10.8,
      8.3,
      4.8,
      9.8,
      31.2,
      8.4,
      28.1
    ],
    [
      6.8,
      6.2,
      7.7,
      7.8,
      15.5,
      11.5,
      11.5,
      6.3,
      4.3,
      8.3,
      0.0,
      4.6,
      7.5,
      4.3,
      11.9,
      4.0,
      3.5,
      24.7,
      1.5,
      30.8
    ],
    [
      3.9,
      8.5,
      9.1,
      6.7,
      19.7,
      14.7,
      8.3,
      4.3,
      4.0,
      10.8,
      4.6,
      0.0,
      7.0,
      1.8,
      10.8,
      6.8,
      1.4,
      21.5,
      5.6,
      27.5
    ],
    [
      5.6,
      7.3,
      2.4,
      12.1,
      22.5,
      17.8,
      10.6,
      3.1,
      3.2,
      14.5,
      7.5,
      7.0,
      0.0,
      6.0,
      16.2,
      10.2,
      5.7,
      24.4,
      8.0,
      30.5
    ],
    [
      3.3,
      7.5,
      8.1,
      6.9,
      19.3,
      14.5,
      7.8,
      3.3,
      3.0,
      10.8,
      4.3,
      1.8,
      6.0,
      0.0,
      11.0,
      6.8,
      1.0,
      21.0,
      5.2,
      27.1
    ],
    [
      13.7,
      16.9,
      18.4,
      5.2,
      22.6,
      14.2,
      15.9,
      13.5,
      13.1,
      8.3,
      11.9,
      10.8,
      16.2,
      11.0,
      0.0,
      9.3,
      10.5,
      27.9,
      12.6,
      22.4
    ],
    [
      9.5,
      9.3,
      10.8,
      5.3,
      16.0,
      8.4,
      14.0,
      8.9,
      7.0,
      4.8,
      4.0,
      6.8,
      10.2,
      6.8,
      9.3,
      0.0,
      5.8,
      27.2,
      4.3,
      33.2
    ],
    [
      3.7,
      7.0,
      7.8,
      6.4,
      18.5,
      13.6,
      8.2,
      3.5,
      2.6,
      9.8,
      3.5,
      1.4,
      5.7,
      1.0,
      10.5,
      5.8,
      0.0,
      21.5,
      4.4,
      27.5
    ],
    [
      21.2,
      27.0,
      26.5,
      27.3,
      39.8,
      34.9,
      13.8,
      21.5,
      22.1,
      31.2,
      24.7,
      21.5,
      24.4,
      21.0,
      27.9,
      27.2,
      21.5,
      0.0,
      25.7,
      14.7
    ],
    [
      7.8,
      5.8,
      7.3,
      8.5,
      14.8,
      10.4,
      12.4,
      6.9,
      5.2,
      8.4,
      1.5,
      5.6,
      8.0,
      5.2,
      12.6,
      4.3,
      4.4,
      25.7,
      0.0,
      31.7
    ],
    [
      27.2,
      33.0,
      32.5,
      24.2,
      45.8,
      34.1,
      19.9,
      27.5,
      28.2,
      28.1,
      30.8,
      27.5,
      30.5,
      27.1,
      22.4,
      33.2,
      27.5,
      14.7,
      31.7,
      0.0
    ]
  ],
  "walk_time_matrix": [
    [
      0.0,
      111.0,
      60.0,
      39.0,
      283.0,
      223.0,
      88.0,
      34.0,
      29.0,
      172.0,
      90.0,
      52.0,
      116.0,
      44.0,
      57.0,
      123.0,
      49.0,
      256.0,
      59.0,
      329.0
    ],
    [
      111.0,
      0.0,
      65.0,
      158.0,
      218.0,
      169.0,
      170.0,
      93.0,
      71.0,
      169.0,
      76.0,
      107.0,
      94.0,
      93.0,
      206.0,
      117.0,
      86.0,
      330.0,
      74.0,
      404.0
    ],
    [
      60.0,
      65.0,
      0.0,
      80.0,
      259.0,
      211.0,
      84.0,
      31.0,
      65.0,
      184.0,
      91.0,
      64.0,
      31.0,
      53.0,
      114.0,
      132.0,
      97.0,
      320.0,
      89.0,
      395.0
    ],
    [
      39.0,
      158.0,
      80.0,
      0.0,
      257.0,
      149.0,
      174.0,
      116.0,
      43.0,
      71.0,
      64.0,
      84.0,
      155.0,
      85.0,
      37.0,
      68.0,
      30.0,
      335.0,
      65.0,
      290.0
    ],
    [
      283.0,
      218.0,
      259.0,
      257.0,
      0.0,
      128.0,
      329.0,
      258.0,
      236.0,
      190.0,
      191.0,
      246.0,
      277.0,
      240.0,
      282.0,
      197.0,
      228.0,
      489.0,
      185.0,
      563.0
    ],
    [
      223.0,
      169.0,
      211.0,
      149.0,
      128.0,
      0.0,
      267.0,
      202.0,
      179.0,
      77.0,
      140.0,
      182.0,
      223.0,
      178.0,
      174.0,
      104.0,
      166.0,
      427.0,
      136.0,
      413.0
    ],
    [
      88.0,
      170.0,
      84.0,
      174.0,
      329.0,
      267.0,
      0.0,
      55.0,
      109.0,
      90.0,
      83.0,
      112.0,
      139.0,
      105.0,
      201.0,
      80.0,
      110.0,
      168.0,
      167.0,
      242.0
    ],
    [
      34.0,
      93.0,
      31.0,
      116.0,
      258.0,
      202.0,
      55.0,
      0.0,
      24.0,
      164.0,
      46.0,
      27.0,
      90.0,
      20.0,
      167.0,
      46.0,
      19.0,
      260.0,
      47.0,
      334.0
    ],
    [
      29.0,
      71.0,
      65.0,
      43.0,
      236.0,
      179.0,
      109.0,
      24.0,
      0.0,
      65.0,
      47.0,
      53.0,
      44.0,
      39.0,
      162.0,
      91.0,
      27.0,
      268.0,
      70.0,
      341.0
    ],
    [
      172.0,
      169.0,
      184.0,
      71.0,
      190.0,
      77.0,
      90.0,
      164.0,
      65.0,
      0.0,
      60.0,
      61.0,
      185.0,
      51.0,
      103.0,
      63.0,
      40.0,
      384.0,
      107.0,
      342.0
    ],
    [
      90.0,
      76.0,
      91.0,
      64.0,
      191.0,
      140.0,
      83.0,
      46.0,
      47.0,
      60.0,
      0.0,
      51.0,
      68.0,
      53.0,
      145.0,
      51.0,
      33.0,
      303.0,
      18.0,
      376.0
    ],
    [
      52.0,
      107.0,
      64.0,
      84.0,
      246.0,
      182.0,
      112.0,
      27.0,
      53.0,
      61.0,
      51.0,
      0.0,
      57.0,
      22.0,
      129.0,
      86.0,
      18.0,
      262.0,
      73.0,
      335.0
    ],
    [
      116.0,
      94.0,
      31.0,
      155.0,
      277.0,
      223.0,
      139.0,
      90.0,
      44.0,
      185.0,
      68.0,
      57.0,
      0.0,
      76.0,
      199.0,
      49.0,
      71.0,
      294.0,
      104.0,
      368.0
    ],
    [
      44.0,
      93.0,
      53.0,
      85.0,
      240.0,
      178.0,
      105.0,
      20.0,
      39.0,
      51.0,
      53.0,
      22.0,
      76.0,
      0.0,
      133.0,
      44.0,
      13.0,
      257.0,
      70.0,
      331.0
    ],
    [
      57.0,
      206.0,
      114.0,
      37.0,
      282.0,
      174.0,
      201.0,
      167.0,
      162.0,
      103.0,
      145.0,
      129.0,
      199.0,
      133.0,
      0.0,
      123.0,
      131.0,
      338.0,
      162.0,
      270.0
    ],
    [
      123.0,
      117.0,
      132.0,
      68.0,
      197.0,
      104.0,
      80.0,
      46.0,
      91.0,
      63.0,
      51.0,
      86.0,
      49.0,
      44.0,
      123.0,
      0.0,
      32.0,
      332.0,
      54.0,
      405.0
    ],
    [
      49.0,
      86.0,
      97.0,
      30.0,
      228.0,
      166.0,
      110.0,
      19.0,
      27.0,
      40.0,
      33.0,
      18.0,
      71.0,
      13.0,
      131.0,
      32.0,
      0.0,
      263.0,
      38.0,
      336.0
    ],
    [
      256.0,
      330.0,
      320.0,
      335.0,
      489.0,
      427.0,
      168.0,
      260.0,
      268.0,
      384.0,
      303.0,
      262.0,
      294.0,
      257.0,
      338.0,
      332.0,
      263.0,
      0.0,
      330.0,
      179.0
    ],
    [
      59.0,
      74.0,
      89.0,
      65.0,
      185.0,
      136.0,
      167.0,
      47.0,
      70.0,
      107.0,
      18.0,
      73.0,
      104.0,
      70.0,
      162.0,
      54.0,
      38.0,
      330.0,
      0.0,
      386.0
    ],
    [
      329.0,
      404.0,
      395.0,
      290.0,
      563.0,
      413.0,
      242.0,
      334.0,
      341.0,
      342.0,
      376.0,
      335.0,
      368.0,
      331.0,
      270.0,
      405.0,
      336.0,
      179.0,
      386.0,
      0.0
    ]
  ],
  "cycle_dist_matrix": [
    [
      0.0,
      8.4,
      NaN,
      9.6,
      21.9,
      17.1,
      7.4,
      2.7,
      2.8,
      13.5,
      6.8,
      3.9,
      5.6,
      3.3,
      13.7,
      9.5,
      3.7,
      21.2,
      7.8,
      27.2
    ],
    [
      8.4,
      0.0,
      5.0,
      12.8,
      17.3,
      13.2,
      13.7,
      7.5,
      5.8,
      13.7,
      6.2,
      8.5,
      7.3,
      7.5,
      16.9,
      9.3,
      7.0,
      27.0,
      5.8,
      33.0
    ],
    [
      NaN,
      5.0,
      0.0,
      14.3,
      20.9,
      16.8,
      12.7,
      5.2,
      5.2,
      15.2,
      7.7,
      9.1,
      2.4,
      8.1,
      18.4,
      10.8,
      7.8,
      26.5,
      7.3,
      32.5
    ],
    [
      9.6,
      12.8,
      14.3,
      0.0,
      19.8,
      11.4,
      14.1,
      9.4,
      9.0,
      5.9,
      7.8,
      6.7,
      12.1,
      6.9,
      5.2,
      5.3,
      6.4,
      27.3,
      8.5,
      24.2
    ],
    [
      21.9,
      17.3,
      20.9,
      19.8,
      0.0,
      10.5,
      26.5,
      21.3,
      19.6,
      15.6,
      15.5,
      19.7,
      22.5,
      19.3,
      22.6,
      16.0,
      18.5,
      39.8,
      14.8,
      45.8
    ],
    [
      17.1,
      13.2,
      16.8,
      11.4,
      10.5,
      0.0,
      21.7,
      16.6,
      14.6,
      6.5,
      11.5,
      14.7,
      17.8,
      14.5,
      14.2,
      8.4,
      13.6,
      34.9,
      10.4,
      34.1
    ],
    [
      7.4,
      13.7,
      12.7,
      14.1,
      26.5,
      21.7,
      0.0,
      7.7,
      8.4,
      18.0,
      11.5,
      8.3,
      10.6,
      7.8,
      15.9,
      14.0,
      8.2,
      13.8,
      12.4,
      19.9
    ],
    [
      2.7,
      7.5,
      5.2,
      9.4,
      21.3,
      16.6,
      7.7,
      0.0,
      2.0,
      13.0,
      6.3,
      4.3,
      3.1,
      NaN,
      13.5,
      8.9,
      3.5,
      21.5,
      6.9,
      27.5
    ],
    [
      2.8,
      5.8,
      5.2,
      9.0,
      19.6,
      14.6,
      8.4,
      2.0,
      0.0,
      11.3,
      4.3,
      4.0,
      NaN,
      3.0,
      13.1,
      7.0,
      2.6,
      22.1,
      5.2,
      28.2
    ],
    [
      13.5,
      13.7,
      15.2,
      5.9,
      15.6,
      6.5,
      18.0,
      13.0,
      11.3,
      0.0,
      8.3,
      10.8,
      14.5,
      10.8,
      8.3,
      4.8,
      9.8,
      31.2,
      8.4,
      28.1
    ],
    [
      6.8,
      6.2,
      7.7,
      7.8,
      15.5,
      11.5,
      11.5,
      6.3,
      4.3,
      8.3,
      0.0,
      NaN,
      7.5,
      4.3,
      11.9,
      4.0,
      3.5,
      24.7,
      1.5,
      30.8
    ],
    [
      3.9,
      8.5,
      9.1,
      6.7,
      19.7,
      14.7,
      8.3,
      4.3,
      4.0,
      10.8,
      NaN,
      0.0,
      7.0,
      1.8,
      10.8,
      6.8,
      1.4,
      21.5,
      5.6,
      27.5
    ],
    [
      5.6,
      7.3,
      2.4,
      12.1,
      22.5,
      17.8,
      10.6,
      3.1,
      NaN,
      14.5,
      7.5,
      7.0,
      0.0,
      6.0,
      16.2,
      10.2,
      5.7,
      24.4,
      8.0,
      30.5
    ],
    [
      3.3,
      7.5,
      8.1,
      6.9,
      19.3,
      14.5,
      7.8,
      NaN,
      3.0,
      10.8,
      4.3,
      1.8,
      6.0,
      0.0,
      11.0,
      6.8,
      1.0,
      21.0,
      5.2,
      27.1
    ],
    [
      13.7,
      16.9,
      18.4,
      5.2,
      22.6,
      14.2,
      15.9,
      13.5,
      13.1,
      8.3,
      11.9,
      10.8,
      16.2,
      11.0,
      0.0,
      9.3,
      10.5,
      27.9,
      12.6,
      22.4
    ],
    [
      9.5,
      9.3,
      10.8,
      5.3,
      16.0,
      8.4,
      14.0,
      8.9,
      7.0,
      4.8,
      4.0,
      6.8,
      10.2,
      6.8,
      9.3,
      0.0,
      5.8,
      27.2,
      4.3,
      33.2
    ],
    [
      3.7,
      7.0,
      7.8,
      6.4,
      18.5,
      13.6,
      8.2,
      3.5,
      2.6,
      9.8,
      3.5,
      1.4,
      5.7,
      1.0,
      10.5,
      5.8,
      0.0,
      21.5,
      4.4,
      27.5
    ],
    [
      21.2,
      27.0,
      26.5,
      27.3,
      39.8,
      34.9,
      13.8,
      21.5,
      22.1,
      31.2,
      24.7,
      21.5,
      24.4,
      21.0,
      27.9,
      27.2,
      21.5,
      0.0,
      25.7,
      14.7
    ],
    [
      7.8,
      5.8,
      7.3,
      8.5,
      14.8,
      10.4,
      12.4,
      6.9,
      5.2,
      8.4,
      1.5,
      5.6,
      8.0,
      5.2,
      12.6,
      4.3,
      4.4,
      25.7,
      0.0,
      31.7
    ],
    [
      27.2,
      33.0,
      32.5,
      24.2,
      45.8,
      34.1,
      19.9,
      27.5,
      28.2,
      28.1,
      30.8,
      27.5,
      30.5,
      27.1,
      22.4,
      33.2,
      27.5,
      14.7,
      31.7,
      0.0
    ]
  ],
  "cycle_time_matrix": [
    [
      0.0,
      111.0,
      NaN,
      122.0,
      283.0,
      223.0,
      88.0,
      34.0,
      38.0,
      172.0,
      90.0,
      52.0,
      77.0,
      44.0,
      170.0,
      123.0,
      49.0,
      256.0,
      104.0,
      329.0
    ],
    [
      111.0,
      0.0,
      65.0,
      158.0,
      218.0,
      169.0,
      170.0,
      93.0,
      71.0,
      169.0,
      76.0,
      107.0,
      94.0,
      93.0,
      206.0,
      117.0,
      86.0,
      330.0,
      74.0,
      404.0
    ],
    [
      NaN,
      65.0,
      0.0,
      173.0,
      259.0,
      211.0,
      153.0,
      63.0,
      65.0,
      184.0,
      91.0,
      116.0,
      31.0,
      102.0,
      221.0,
      132.0,
      97.0,
      320.0,
      89.0,
      395.0
    ],
    [
      122.0,
      158.0,
      173.0,
      0.0,
      257.0,
      149.0,
      174.0,
      116.0,
      112.0,
      74.0,
      99.0,
      84.0,
      155.0,
      85.0,
      62.0,
      68.0,
      79.0,
      335.0,
      110.0,
      290.0
    ],
    [
      283.0,
      218.0,
      259.0,
      257.0,
      0.0,
      128.0,
      329.0,
      258.0,
      236.0,
      190.0,
      191.0,
      246.0,
      277.0,
      240.0,
      282.0,
      197.0,
      228.0,
      489.0,
      185.0,
      563.0
    ],
    [
      223.0,
      169.0,
      211.0,
      149.0,
      128.0,
      0.0,
      267.0,
      202.0,
      179.0,
      77.0,
      140.0,
      182.0,
      223.0,
      178.0,
      174.0,
      104.0,
      166.0,
      427.0,
      136.0,
      413.0
    ],
    [
      88.0,
      170.0,
      153.0,
      174.0,
      329.0,
      267.0,
      0.0,
      99.0,
      109.0,
      232.0,
      152.0,
      112.0,
      141.0,
      105.0,
      201.0,
      184.0,
      110.0,
      168.0,
      167.0,
      242.0
    ],
    [
      34.0,
      93.0,
      63.0,
      116.0,
      258.0,
      202.0,
      99.0,
      0.0,
      26.0,
      164.0,
      81.0,
      58.0,
      45.0,
      NaN,
      167.0,
      115.0,
      46.0,
      260.0,
      93.0,
      334.0
    ],
    [
      38.0,
      71.0,
      65.0,
      112.0,
      236.0,
      179.0,
      109.0,
      26.0,
      0.0,
      142.0,
      55.0,
      53.0,
      NaN,
      39.0,
      162.0,
      91.0,
      27.0,
      268.0,
      70.0,
      341.0
    ],
    [
      172.0,
      169.0,
      184.0,
      74.0,
      190.0,
      77.0,
      232.0,
      164.0,
      142.0,
      0.0,
      105.0,
      137.0,
      185.0,
      135.0,
      103.0,
      63.0,
      122.0,
      384.0,
      107.0,
      342.0
    ],
    [
      90.0,
      76.0,
      91.0,
      99.0,
      191.0,
      140.0,
      152.0,
      81.0,
      55.0,
      105.0,
      0.0,
      NaN,
      96.0,
      53.0,
      145.0,
      51.0,
      42.0,
      303.0,
      22.0,
      376.0
    ],
    [
      52.0,
      107.0,
      116.0,
      84.0,
      246.0,
      182.0,
      112.0,
      58.0,
      53.0,
      137.0,
      NaN,
      0.0,
      92.0,
      22.0,
      129.0,
      86.0,
      18.0,
      262.0,
      73.0,
      335.0
    ],
    [
      77.0,
      94.0,
      31.0,
      155.0,
      277.0,
      223.0,
      141.0,
      45.0,
      NaN,
      185.0,
      96.0,
      92.0,
      0.0,
      76.0,
      199.0,
      129.0,
      71.0,
      294.0,
      104.0,
      368.0
    ],
    [
      44.0,
      93.0,
      102.0,
      85.0,
      240.0,
      178.0,
      105.0,
      NaN,
      39.0,
      135.0,
      53.0,
      22.0,
      76.0,
      0.0,
      133.0,
      87.0,
      13.0,
      257.0,
      70.0,
      331.0
    ],
    [
      170.0,
      206.0,
      221.0,
      62.0,
      282.0,
      174.0,
      201.0,
      167.0,
      162.0,
      103.0,
      145.0,
      129.0,
      199.0,
      133.0,
      0.0,
      123.0,
      131.0,
      338.0,
      162.0,
      270.0
    ],
    [
      123.0,
      117.0,
      132.0,
      68.0,
      197.0,
      104.0,
      184.0,
      115.0,
      91.0,
      63.0,
      51.0,
      86.0,
      129.0,
      87.0,
      123.0,
      0.0,
      70.0,
      332.0,
      54.0,
      405.0
    ],
    [
      49.0,
      86.0,
      97.0,
      79.0,
      228.0,
      166.0,
      110.0,
      46.0,
      27.0,
      122.0,
      42.0,
      18.0,
      71.0,
      13.0,
      131.0,
      70.0,
      0.0,
      263.0,
      59.0,
      336.0
    ],
    [
      256.0,
      330.0,
