{
  "drive_dist_matrix": [
    [
      0.0,
      10.46071,
      20.438617999999998,
      14.48406,
      12.552852,
      23.657297999999997,
      13.518456,
      14.805927999999998,
      20.277684,
      5.63269,
      13.67939,
      2.41401,
      14.162192000000001,
      9.816974,
      15.932466,
      9.816974,
      2.41401,
      10.621644,
      14.001257999999998,
      15.771532,
      11.104446000000001,
      8.690436,
      13.196587999999998,
      22.047957999999998,
      10.138842,
      3.379614,
      18.50741,
      13.518456,
      19.31208,
      16.737136,
      15.28873,
      16.89807,
      9.012303999999999,
      13.518456,
      17.219938,
      14.644993999999999,
      12.552852,
      13.840323999999999,
      19.473014,
      14.323126,
      21.565156,
      2.5749440000000003,
      13.67939,
      12.713786,
      13.518456,
      12.391918,
      12.391918,
      13.035654,
      16.576202000000002,
      14.323126,
      10.299776000000001,
      13.67939,
      9.173238,
      6.276426,
      16.0934,
      16.737136,
      13.196587999999998,
      19.794882
    ],
    [
      10.46071,
      0.0,
      11.909116000000001,
      20.277684,
      8.85137,
      16.737136,
      12.552852,
      8.0467,
      11.748182,
      9.173238,
      3.057746,
      11.748182,
      5.63269,
      0.32186800000000004,
      15.449663999999999,
      0.48280199999999995,
      11.748182,
      15.771532,
      4.345218,
      17.70274,
      2.896812,
      14.001257999999998,
      17.541806,
      13.518456,
      16.737136,
      12.230984,
      22.53076,
      22.852628,
      20.92142,
      5.793624,
      17.219938,
      20.760486,
      0.48280199999999995,
      3.21868,
      18.829278,
      6.276426,
      11.587248,
      4.345218,
      10.943512,
      3.8624159999999996,
      13.035654,
      10.138842,
      4.02335,
      11.909116000000001,
      15.449663999999999,
      19.151146,
      9.012303999999999,
      3.057746,
      5.149888000000001,
      5.793624,
      0.16093400000000002,
      3.057746,
      5.149888000000001,
      5.63269,
      6.115492,
      8.368568,
      3.5405480000000003,
      11.26538
    ],
    [
      20.438617999999998,
      11.909116000000001,
      0.0,
      18.829278,
      4.506151999999999,
      10.299776000000001,
      19.794882,
      7.0810960000000005,
      0.16093400000000002,
      16.415267999999998,
      9.012303999999999,
      21.404222,
      7.885766,
      11.426314,
      3.379614,
      12.552852,
      21.243288,
      14.162192000000001,
      9.012303999999999,
      7.24203,
      9.012303999999999,
      12.391918,
      9.334171999999999,
      4.82802,
      27.519714,
      21.72609,
      13.357522000000001,
      32.1868,
      12.713786,
      7.24203,
      6.9201619999999995,
      19.31208,
      12.552852,
      8.85137,
      10.621644,
      7.24203,
      18.829278,
      9.173238,
      2.092142,
      7.563898,
      4.9889540000000006,
      19.633948,
      9.334171999999999,
      5.149888000000001,
      5.793624,
      17.70274,
      4.506151999999999,
      11.748182,
      5.149888000000001,
      13.035654,
      11.104446000000001,
      7.724831999999999,
      7.724831999999999,
      15.127796,
      7.563898,
      7.402963999999999,
      9.173238,
      5.793624
    ],
    [
      14.48406,
      20.277684,
      18.829278,
      0.0,
      14.323126,
      26.55411,
      28.485318,
      16.0934,
      19.473014,
      9.012303999999999,
      17.70274,
      18.50741,
      16.89807,
      20.277684,
      15.28873,
      21.404222,
      16.576202000000002,
      5.793624,
      18.024607999999997,
      13.67939,
      15.610598,
      8.690436,
      10.943512,
      21.243288,
      24.301033999999998,
      11.587248,
      4.82802,
      27.680647999999998,
      11.748182,
      16.254334,
      13.357522000000001,
      0.9656039999999999,
      21.404222,
      17.70274,
      12.07005,
      16.0934,
      27.680647999999998,
      18.185542,
      18.668343999999998,
      16.576202000000002,
      20.760486,
      13.035654,
      18.346476,
      12.07005,
      12.87472,
      3.379614,
      14.323126,
      20.599552000000003,
      14.805927999999998,
      19.151146,
      19.955816000000002,
      16.576202000000002,
      12.713786,
      23.979166,
      16.576202000000002,
      16.254334,
      18.024607999999997,
      19.794882
    ],
    [
      12.552852,
      8.85137,
      4.506151999999999,
      14.323126,
      0.0,
      15.28873,
      17.219938,
      4.667085999999999,
      4.506151999999999,
      11.426314,
      6.43736,
      18.829278,
      5.471756,
      8.85137,
      5.9545580000000005,
      6.9201619999999995,
      18.668343999999998,
      9.173238,
      6.598293999999999,
      10.782578,
      4.02335,
      7.402963999999999,
      7.885766,
      9.816974,
      24.94477,
      13.196587999999998,
      15.771532,
      29.611855999999996,
      14.001257999999998,
      3.379614,
      10.299776000000001,
      14.162192000000001,
      7.0810960000000005,
      6.276426,
      11.909116000000001,
      4.82802,
      16.254334,
      6.759228,
      5.310822,
      5.149888000000001,
      9.334171999999999,
      10.943512,
      6.9201619999999995,
      2.5749440000000003,
      6.43736,
      12.552852,
      0.052,
      9.173238,
      2.092142,
      7.885766,
      8.690436,
      4.184284,
      3.7014819999999995,
      7.885766,
      3.7014819999999995,
      4.9889540000000006,
      6.759228,
      6.43736
    ],
    [
      23.657297999999997,
      16.737136,
      10.299776000000001,
      26.55411,
      15.28873,
      0.0,
      22.691694,
      10.46071,
      9.495106,
      23.496364,
      11.587248,
      24.301033999999998,
      11.104446000000001,
      14.323126,
      11.909116000000001,
      15.449663999999999,
      24.1401,
      21.243288,
      9.977908000000001,
      12.230984,
      15.932466,
      19.473014,
      18.346476,
      6.115492,
      30.57746,
      24.622902,
      27.841582000000002,
      35.40548,
      15.771532,
      10.46071,
      12.07005,
      26.232242,
      15.449663999999999,
      11.104446000000001,
      13.357522000000001,
      14.162192000000001,
      21.72609,
      10.46071,
      8.368568,
      11.104446000000001,
      5.471756,
      22.53076,
      9.816974,
      14.805927999999998,
      16.254334,
      24.622902,
      14.323126,
      11.426314,
      12.552852,
      10.138842,
      14.001257999999998,
      14.805927999999998,
      16.89807,
      18.024607999999997,
      10.138842,
      14.323126,
      11.26538,
      7.402963999999999
    ],
    [
      13.518456,
      12.552852,
      19.794882,
      28.485318,
      17.219938,
      22.691694,
      0.0,
      16.0934,
      19.794882,
      21.72609,
      13.196587999999998,
      12.87472,
      13.840323999999999,
      13.67939,
      23.496364,
      14.644993999999999,
      10.621644,
      23.818232000000002,
      14.644993999999999,
      25.74944,
      13.518456,
      22.047957999999998,
      25.588506,
      21.565156,
      10.299776000000001,
      16.737136,
      30.57746,
      15.610598,
      28.96812,
      16.254334,
      25.266638,
      28.96812,
      14.805927999999998,
      13.196587999999998,
      26.875978,
      16.254334,
      0.9656039999999999,
      13.518456,
      18.990212,
      14.001257999999998,
      21.082354,
      15.932466,
      13.518456,
      20.11675,
      23.496364,
      27.197846,
      17.059003999999998,
      12.87472,
      16.254334,
      11.26538,
      13.357522000000001,
      13.196587999999998,
      19.633948,
      10.621644,
      16.576202000000002,
      16.415267999999998,
      13.035654,
      19.955816000000002
    ],
    [
      14.805927999999998,
      8.0467,
      7.0810960000000005,
      16.0934,
      4.667085999999999,
      10.46071,
      16.0934,
      0.0,
      7.24203,
      13.67939,
      1.7702740000000001,
      16.0934,
      0.6437360000000001,
      6.276426,
      10.943512,
      7.24203,
      16.0934,
      11.426314,
      1.2874720000000002,
      13.196587999999998,
      3.8624159999999996,
      9.65604,
      13.035654,
      5.9545580000000005,
      24.783836,
      16.576202000000002,
      18.024607999999997,
      29.450922000000002,
      16.415267999999998,
      1.2874720000000002,
      12.713786,
      16.415267999999998,
      9.816974,
      1.9312079999999998,
      14.323126,
      0.469,
      16.0934,
      0.9656039999999999,
      6.43736,
      0.6437360000000001,
      5.310822,
      14.48406,
      1.448406,
      7.563898,
      10.943512,
      14.805927999999998,
      4.506151999999999,
      3.379614,
      2.41401,
      3.21868,
      5.9545580000000005,
      2.41401,
      7.0810960000000005,
      9.977908000000001,
      1.1265379999999998,
      0.48280199999999995,
      1.60934,
      3.5405480000000003
    ],
    [
      20.277684,
      11.748182,
      0.16093400000000002,
      19.473014,
      4.506151999999999,
      9.495106,
      19.794882,
      7.24203,
      0.0,
      16.254334,
      8.690436,
      21.082354,
      7.724831999999999,
      11.26538,
      3.5405480000000003,
      12.391918,
      21.082354,
      14.001257999999998,
      8.85137,
      7.402963999999999,
      8.85137,
      12.230984,
      9.173238,
      4.667085999999999,
      27.35878,
      21.565156,
      13.518456,
      32.025866,
      12.552852,
      7.0810960000000005,
      7.0810960000000005,
      19.151146,
      12.391918,
      8.690436,
      10.46071,
      7.0810960000000005,
      18.668343999999998,
      9.012303999999999,
      1.9312079999999998,
      7.402963999999999,
      4.82802,
      19.473014,
      9.173238,
      5.471756,
      5.9545580000000005,
      17.541806,
      4.506151999999999,
      11.587248,
      4.9889540000000006,
      12.87472,
      10.943512,
      7.563898,
      9.816974,
      14.966862,
      7.402963999999999,
      7.24203,
      9.012303999999999,
      5.63269
    ],
    [
      5.63269,
      9.173238,
      16.415267999999998,
      9.012303999999999,
      11.426314,
      23.496364,
      21.72609,
      13.67939,
      16.254334,
      0.0,
      10.299776000000001,
      7.885766,
      14.001257999999998,
      8.529501999999999,
      12.391918,
      8.368568,
      7.724831999999999,
      4.9889540000000006,
      15.127796,
      13.196587999999998,
      9.334171999999999,
      4.02335,
      8.0467,
      18.346476,
      15.449663999999999,
      4.82802,
      12.713786,
      18.990212,
      14.644993999999999,
      13.357522000000001,
      12.87472,
      11.104446000000001,
      8.529501999999999,
      10.299776000000001,
      12.230984,
      13.357522000000001,
      19.955816000000002,
      15.28873,
      15.771532,
      13.67939,
      17.863674,
      4.02335,
      11.104446000000001,
      9.173238,
      9.977908000000001,
      7.0810960000000005,
      11.426314,
      10.299776000000001,
      11.909116000000001,
      14.162192000000001,
      9.012303999999999,
      13.67939,
      6.598293999999999,
      8.529501999999999,
      13.67939,
      13.357522000000001,
      10.621644,
      16.89807
    ],
    [
      13.67939,
      3.057746,
      9.012303999999999,
      17.70274,
      6.43736,
      11.587248,
      13.196587999999998,
      1.7702740000000001,
      8.690436,
      10.299776000000001,
      0.0,
      14.805927999999998,
      1.1265379999999998,
      3.379614,
      12.07005,
      3.5405480000000003,
      14.644993999999999,
      12.391918,
      1.2874720000000002,
      14.323126,
      2.092142,
      10.621644,
      14.323126,
      10.138842,
      21.404222,
      15.127796,
      19.151146,
      25.910374,
      17.541806,
      2.896812,
      14.001257999999998,
      17.541806,
      4.345218,
      0.16093400000000002,
      15.449663999999999,
      1.60934,
      12.552852,
      0.80467,
      7.563898,
      0.9656039999999999,
      9.816974,
      13.035654,
      1.448406,
      8.690436,
      12.07005,
      15.771532,
      5.63269,
      2.092142,
      4.82802,
      2.5749440000000003,
      3.057746,
      1.9312079999999998,
      4.82802,
      8.529501999999999,
      2.896812,
      2.092142,
      0.48280199999999995,
      5.310822
    ],
    [
      2.41401,
      11.748182,
      21.404222,
      18.50741,
      18.829278,
      24.301033999999998,
      12.87472,
      16.0934,
      21.082354,
      7.885766,
      14.805927999999998,
      0.0,
      15.127796,
      11.587248,
      24.94477,
      10.782578,
      2.896812,
      12.713786,
      15.771532,
      17.863674,
      12.07005,
      10.943512,
      15.449663999999999,
      23.013562,
      9.495106,
      5.63269,
      20.760486,
      12.87472,
      30.255592,
      17.70274,
      17.541806,
      19.151146,
      10.943512,
      14.48406,
      28.324384000000002,
      15.610598,
      11.909116000000001,
      14.805927999999998,
      20.277684,
      15.127796,
      22.53076,
      4.82802,
      14.644993999999999,
      14.966862,
      15.610598,
      16.415267999999998,
      18.346476,
      14.001257999999998,
      17.541806,
      15.28873,
      11.26538,
      14.644993999999999,
      11.748182,
      7.24203,
      18.024607999999997,
      17.70274,
      14.162192000000001,
      19.31208
    ],
    [
      14.162192000000001,
      5.63269,
      7.885766,
      16.89807,
      5.471756,
      11.104446000000001,
      13.840323999999999,
      0.6437360000000001,
      7.724831999999999,
      14.001257999999998,
      1.1265379999999998,
      15.127796,
      0.0,
      4.345218,
      11.26538,
      4.667085999999999,
      15.449663999999999,
      11.587248,
      1.1265379999999998,
      13.357522000000001,
      3.21868,
      9.816974,
      13.357522000000001,
      6.598293999999999,
      22.852628,
      15.932466,
      18.346476,
      27.35878,
      16.737136,
      1.9312079999999998,
      13.035654,
      16.737136,
      6.759228,
      1.2874720000000002,
      14.644993999999999,
      0.48280199999999995,
      14.162192000000001,
      0.48280199999999995,
      6.759228,
      0.371,
      5.9545580000000005,
      13.840323999999999,
      1.448406,
      7.885766,
      11.104446000000001,
      15.127796,
      4.82802,
      2.896812,
      2.735878,
      2.5749440000000003,
      4.02335,
      2.2530759999999996,
      7.402963999999999,
      9.334171999999999,
      1.7702740000000001,
      0.32186800000000004,
      0.80467,
      4.184284
    ],
    [
      9.816974,
      0.32186800000000004,
      11.426314,
      20.277684,
      8.85137,
      14.323126,
      13.67939,
      6.276426,
      11.26538,
      8.529501999999999,
      3.379614,
      11.587248,
      4.345218,
      0.0,
      15.610598,
      0.32186800000000004,
      11.909116000000001,
      15.932466,
      4.506151999999999,
      17.863674,
      3.057746,
      14.162192000000001,
      17.70274,
      13.67939,
      16.89807,
      12.391918,
      22.691694,
      23.174496,
      21.082354,
      5.9545580000000005,
      17.380872,
      21.082354,
      0.80467,
      3.379614,
      18.990212,
      6.43736,
      11.748182,
      5.471756,
      11.104446000000001,
      4.02335,
      13.196587999999998,
      10.299776000000001,
      4.184284,
      12.230984,
      15.610598,
      19.31208,
      9.173238,
      3.21868,
      5.471756,
      6.115492,
      0.32186800000000004,
      3.21868,
      4.9889540000000006,
      5.793624,
      6.276426,
      8.529501999999999,
      3.7014819999999995,
      9.977908000000001
    ],
    [
      15.932466,
      15.449663999999999,
      3.379614,
      15.28873,
      5.9545580000000005,
      11.909116000000001,
      23.496364,
      10.943512,
      3.5405480000000003,
      12.391918,
      12.07005,
      24.94477,
      11.26538,
      15.610598,
      0.0,
      14.966862,
      23.657297999999997,
      9.977908000000001,
      11.426314,
      4.667085999999999,
      11.426314,
      8.207633999999999,
      5.310822,
      7.402963999999999,
      30.094658,
      16.737136,
      10.782578,
      34.60081,
      9.65604,
      9.816974,
      4.345218,
      15.127796,
      15.127796,
      11.426314,
      7.724831999999999,
      9.65604,
      21.243288,
      11.748182,
      4.506151999999999,
      10.138842,
      7.563898,
      14.001257999999998,
      11.748182,
      3.5405480000000003,
      2.5749440000000003,
      13.518456,
      5.9545580000000005,
      14.323126,
      7.724831999999999,
      12.713786,
      13.67939,
      10.299776000000001,
      7.724831999999999,
      17.70274,
      10.138842,
      9.816974,
      11.748182,
      8.368568
    ],
    [
      9.816974,
      0.48280199999999995,
      12.552852,
      21.404222,
      6.9201619999999995,
      15.449663999999999,
      14.644993999999999,
      7.24203,
      12.391918,
      8.368568,
      3.5405480000000003,
      10.782578,
      4.667085999999999,
      0.32186800000000004,
      14.966862,
      0.0,
      10.782578,
      16.576202000000002,
      5.149888000000001,
      18.50741,
      2.5749440000000003,
      9.816974,
      18.50741,
      14.48406,
      18.50741,
      11.26538,
      23.33543,
      22.047957999999998,
      21.72609,
      9.173238,
      18.185542,
      21.72609,
      0.9656039999999999,
      4.02335,
      19.794882,
      7.0810960000000005,
      12.552852,
      6.276426,
      11.748182,
      4.667085999999999,
      14.001257999999998,
      9.173238,
      4.82802,
      9.012303999999999,
      16.254334,
      20.11675,
      6.759228,
      3.8624159999999996,
      5.63269,
      6.759228,
      0.48280199999999995,
      4.02335,
      4.82802,
      4.667085999999999,
      9.495106,
      9.173238,
      5.63269,
      10.782578
    ],
    [
      2.41401,
      11.748182,
      21.243288,
      16.576202000000002,
      18.668343999999998,
      24.1401,
      10.621644,
      16.0934,
      21.082354,
      7.724831999999999,
      14.644993999999999,
      2.896812,
      15.449663999999999,
      11.909116000000001,
      23.657297999999997,
      10.782578,
      0.0,
      12.713786,
      15.610598,
      17.863674,
      11.909116000000001,
      10.782578,
      15.28873,
      22.852628,
      8.85137,
      5.471756,
      20.599552000000003,
      13.035654,
      30.255592,
      17.541806,
      17.380872,
      18.990212,
      10.782578,
      14.48406,
      28.16345,
      15.610598,
      9.65604,
      14.644993999999999,
      20.277684,
      14.966862,
      22.369826,
      4.667085999999999,
      14.48406,
      13.196587999999998,
      15.610598,
      14.644993999999999,
      18.346476,
      14.001257999999998,
      17.380872,
      15.127796,
      11.104446000000001,
      14.48406,
      11.587248,
      6.598293999999999,
      17.863674,
      17.70274,
      14.162192000000001,
      19.151146
    ],
    [
      10.621644,
      15.771532,
      14.162192000000001,
      5.793624,
      9.173238,
      21.243288,
      23.818232000000002,
      11.426314,
      14.001257999999998,
      4.9889540000000006,
      12.391918,
      12.713786,
      11.587248,
      15.932466,
      9.977908000000001,
      16.576202000000002,
      12.713786,
      0.0,
      12.552852,
      10.299776000000001,
      10.299776000000001,
      2.092142,
      6.276426,
      15.771532,
      22.208892000000002,
      8.0467,
      8.529501999999999,
      25.74944,
      10.138842,
      10.782578,
      9.977908000000001,
      6.9201619999999995,
      16.0934,
      12.391918,
      9.334171999999999,
      10.782578,
      22.208892000000002,
      12.87472,
      13.196587999999998,
      11.104446000000001,
      15.449663999999999,
      8.85137,
      12.87472,
      6.759228,
      8.207633999999999,
      2.5749440000000003,
      8.85137,
      15.127796,
      9.334171999999999,
      13.840323999999999,
      14.644993999999999,
      11.26538,
      7.402963999999999,
      18.668343999999998,
      11.104446000000001,
      10.943512,
      12.07005,
      14.48406
    ],
    [
      14.001257999999998,
      4.345218,
      9.012303999999999,
      18.024607999999997,
      6.598293999999999,
      9.977908000000001,
      14.644993999999999,
      1.2874720000000002,
      8.85137,
      15.127796,
      1.2874720000000002,
      15.771532,
      1.1265379999999998,
      4.506151999999999,
      11.426314,
      5.149888000000001,
      15.610598,
      12.552852,
      0.0,
      15.28873,
      3.5405480000000003,
      11.748182,
      15.127796,
      6.759228,
      22.53076,
      16.576202000000002,
      20.277684,
      27.35878,
      18.50741,
      2.41401,
      14.966862,
      18.50741,
      7.402963999999999,
      1.1265379999999998,
      16.415267999999998,
      1.2874720000000002,
      13.67939,
      0.48280199999999995,
      8.529501999999999,
      1.2874720000000002,
      6.115492,
      14.48406,
      0.48280199999999995,
      9.65604,
      13.035654,
      16.89807,
      6.759228,
      2.735878,
      4.02335,
      2.092142,
      5.9545580000000005,
      3.21868,
      9.334171999999999,
      9.977908000000001,
      2.092142,
      2.2530759999999996,
      0.80467,
      4.184284
    ],
    [
      15.771532,
      17.70274,
      7.24203,
      13.67939,
      10.782578,
      12.230984,
      25.74944,
      13.196587999999998,
      7.402963999999999,
      13.196587999999998,
      14.323126,
      17.863674,
      13.357522000000001,
      17.863674,
      4.667085999999999,
      18.50741,
      17.863674,
      10.299776000000001,
      15.28873,
      0.0,
      15.28873,
      8.207633999999999,
      5.310822,
      10.138842,
      33.79614,
      17.541806,
      10.621644,
      38.302292,
      4.9889540000000006,
      13.518456,
      0.48280199999999995,
      14.805927999999998,
      18.829278,
      15.127796,
      2.092142,
      13.518456,
      25.105704,
      15.449663999999999,
      8.85137,
      13.840323999999999,
      11.587248,
      14.323126,
      15.610598,
      7.563898,
      4.184284,
      12.230984,
      10.943512,
      18.024607999999997,
      11.426314,
      16.576202000000002,
      17.380872,
      14.001257999999998,
      11.426314,
      21.404222,
      13.840323999999999,
      13.518456,
      15.449663999999999,
      13.840323999999999
    ],
    [
      11.104446000000001,
      2.896812,
      9.012303999999999,
      15.610598,
      4.02335,
      15.932466,
      13.518456,
      3.8624159999999996,
      8.85137,
      9.334171999999999,
      2.092142,
      12.07005,
      3.21868,
      3.057746,
      11.426314,
      2.5749440000000003,
      11.909116000000001,
      10.299776000000001,
      3.5405480000000003,
      15.28873,
      0.0,
      7.24203,
      14.48406,
      10.46071,
      21.082354,
      12.87472,
      19.473014,
      25.588506,
      17.863674,
      4.345218,
      14.162192000000001,
      17.863674,
      3.057746,
      2.092142,
      15.771532,
      3.8624159999999996,
      12.230984,
      2.896812,
      7.885766,
      2.896812,
      9.977908000000001,
      10.782578,
      3.5405480000000003,
      6.43736,
      12.391918,
      16.0934,
      4.184284,
      3.057746,
      3.057746,
      6.598293999999999,
      2.896812,
      1.1265379999999998,
      3.5405480000000003,
      6.276426,
      4.82802,
      5.310822,
      2.41401,
      8.85137
    ],
    [
      8.690436,
      14.001257999999998,
      12.391918,
      8.690436,
      7.402963999999999,
      19.473014,
      22.047957999999998,
      9.65604,
      12.230984,
      4.02335,
      10.621644,
      10.943512,
      9.816974,
      14.162192000000001,
      8.207633999999999,
      9.816974,
      10.782578,
      2.092142,
      11.748182,
      8.207633999999999,
      7.24203,
      0.0,
      4.82802,
      14.162192000000001,
      18.346476,
      9.334171999999999,
      10.943512,
      21.72609,
      11.587248,
      9.173238,
      7.724831999999999,
      9.334171999999999,
      14.48406,
      10.782578,
      9.334171999999999,
      9.173238,
      20.599552000000003,
      11.26538,
      11.587248,
      9.495106,
      13.840323999999999,
      6.9201619999999995,
      11.26538,
      5.149888000000001,
      5.793624,
      4.184284,
      7.24203,
      13.67939,
      7.885766,
      12.230984,
      13.035654,
      9.65604,
      5.793624,
      10.621644,
      9.495106,
      9.334171999999999,
      10.46071,
      12.87472
    ],
    [
      13.196587999999998,
      17.541806,
      9.334171999999999,
      10.943512,
      7.885766,
      18.346476,
      25.588506,
      13.035654,
      9.173238,
      8.0467,
      14.323126,
      15.449663999999999,
      13.357522000000001,
      17.70274,
      5.310822,
      18.50741,
      15.28873,
      6.276426,
      15.127796,
      5.310822,
      14.48406,
      4.82802,
      0.0,
      12.713786,
      32.669602,
      13.196587999999998,
      7.563898,
      28.002515999999996,
      7.24203,
      12.391918,
      4.184284,
      12.552852,
      17.70274,
      14.001257999999998,
      4.9889540000000006,
      12.391918,
      23.979166,
      14.323126,
      9.816974,
      12.713786,
      14.162192000000001,
      11.909116000000001,
      14.48406,
      6.276426,
      3.8624159999999996,
      9.173238,
      9.816974,
      16.89807,
      10.299776000000001,
      15.449663999999999,
      16.254334,
      12.87472,
      10.299776000000001,
      20.277684,
      12.713786,
      12.391918,
      14.323126,
      11.909116000000001
    ],
    [
      22.047957999999998,
      13.518456,
      4.82802,
      21.243288,
      9.816974,
      6.115492,
      21.565156,
      5.9545580000000005,
      4.667085999999999,
      18.346476,
      10.138842,
      23.013562,
      6.598293999999999,
      13.67939,
      7.402963999999999,
      14.48406,
      22.852628,
      15.771532,
      6.759228,
      10.138842,
      10.46071,
      14.162192000000001,
      12.713786,
      0.0,
      29.611855999999996,
      23.657297999999997,
      23.013562,
      34.118007999999996,
      16.737136,
      5.149888000000001,
      13.196587999999998,
      21.243288,
      14.644993999999999,
      10.943512,
      14.644993999999999,
      6.115492,
      20.760486,
      6.9201619999999995,
      2.735878,
      6.598293999999999,
      1.60934,
      21.72609,
      7.0810960000000005,
      9.816974,
      11.26538,
      19.633948,
      9.495106,
      13.67939,
      6.276426,
      7.885766,
      13.196587999999998,
      9.816974,
      12.07005,
      17.059003999999998,
      5.149888000000001,
      6.115492,
      11.26538,
      3.5405480000000003
    ],
    [
      10.138842,
      16.737136,
      27.519714,
      24.301033999999998,
      24.94477,
      30.57746,
      10.299776000000001,
      24.783836,
      27.35878,
      15.449663999999999,
      21.404222,
      9.495106,
      22.852628,
      16.89807,
      30.094658,
      18.50741,
      8.85137,
      22.208892000000002,
      22.53076,
      33.79614,
      21.082354,
      18.346476,
      32.669602,
      29.611855999999996,
      0.0,
      13.196587999999998,
      27.519714,
      5.471756,
      36.692952,
      23.979166,
      33.152404000000004,
      25.910374,
      18.50741,
      20.92142,
      34.60081,
      23.979166,
      10.46071,
      21.404222,
      26.715044000000002,
      21.72609,
      28.96812,
      12.391918,
      21.243288,
      27.841582000000002,
      23.33543,
      22.369826,
      24.783836,
      20.599552000000003,
      23.979166,
      21.887024,
      16.576202000000002,
      21.082354,
      16.0934,
      10.299776000000001,
      24.301033999999998,
      24.1401,
      20.760486,
      27.680647999999998
    ],
    [
      3.379614,
      12.230984,
      21.72609,
      11.587248,
      13.196587999999998,
      24.622902,
      16.737136,
      16.576202000000002,
      21.565156,
      4.82802,
      15.127796,
      5.63269,
      15.932466,
      12.391918,
      16.737136,
      11.26538,
      5.471756,
      8.0467,
      16.576202000000002,
      17.541806,
      12.87472,
      9.334171999999999,
      13.196587999999998,
      23.657297999999997,
      13.196587999999998,
      0.0,
      14.162192000000001,
      17.059003999999998,
      16.89807,
      17.70274,
      16.0934,
      12.552852,
      11.909116000000001,
      17.059003999999998,
      15.449663999999999,
      17.70274,
      16.0934,
      19.794882,
      20.11675,
      18.185542,
      22.369826,
      3.8624159999999996,
      17.219938,
      13.67939,
      14.323126,
      9.012303999999999,
      15.771532,
      16.576202000000002,
      16.415267999999998,
      17.863674,
      13.840323999999999,
      18.185542,
      11.104446000000001,
      10.943512,
      18.185542,
      17.863674,
      16.737136,
      21.404222
    ],
    [
      18.50741,
      22.53076,
      13.357522000000001,
      4.82802,
      15.771532,
      27.841582000000002,
      30.57746,
      18.024607999999997,
      13.518456,
      12.713786,
      19.151146,
      20.760486,
      18.346476,
      22.691694,
      10.782578,
      23.33543,
      20.599552000000003,
      8.529501999999999,
      20.277684,
      10.621644,
      19.473014,
      10.943512,
      7.563898,
      23.013562,
      27.519714,
      14.162192000000001,
      0.0,
      31.221196,
      6.9201619999999995,
      18.829278,
      9.65604,
      4.667085999999999,
      24.1401,
      20.438617999999998,
      8.529501999999999,
      18.829278,
      30.255592,
      20.92142,
      14.48406,
      19.151146,
      19.794882,
      17.380872,
      20.92142,
      11.909116000000001,
      10.138842,
      5.9545580000000005,
      16.89807,
      23.33543,
      17.541806,
      21.887024,
      22.691694,
      19.31208,
      15.449663999999999,
      21.243288,
      19.151146,
      18.990212,
      20.760486,
      17.541806
    ],
    [
      13.518456,
      22.852628,
      32.1868,
      27.680647999999998,
      29.611855999999996,
      35.40548,
      15.610598,
      29.450922000000002,
      32.025866,
      18.990212,
      25.910374,
      12.87472,
      27.35878,
      23.174496,
      34.60081,
      22.047957999999998,
      13.035654,
      25.74944,
      27.35878,
      38.302292,
      25.588506,
      21.72609,
      28.002515999999996,
      34.118007999999996,
      5.471756,
      17.059003999999998,
      31.221196,
      0.0,
      41.360037999999996,
      28.646252,
      28.646252,
      29.289987999999997,
      22.047957999999998,
      25.427572,
      39.267896,
      26.715044000000002,
      14.966862,
      25.910374,
      31.38213,
      26.232242,
      33.474272,
      15.932466,
      25.74944,
      32.347734,
      26.875978,
      25.910374,
      29.289987999999997,
      25.105704,
      28.485318,
      26.393175999999997,
      22.369826,
      25.588506,
      22.852628,
      14.966862,
      28.96812,
      28.646252,
      25.427572,
      32.347734
    ],
    [
      19.31208,
      20.92142,
      12.713786,
      11.748182,
      14.001257999999998,
      15.771532,
      28.96812,
      16.415267999999998,
      12.552852,
      14.644993999999999,
      17.541806,
      30.255592,
      16.737136,
      21.082354,
      9.65604,
      21.72609,
      30.255592,
      10.138842,
      18.50741,
      4.9889540000000006,
      17.863674,
      11.587248,
      7.24203,
      16.737136,
      36.692952,
      16.89807,
      6.9201619999999995,
      41.360037999999996,
      0.0,
      16.737136,
      6.43736,
      10.299776000000001,
      22.047957999999998,
      18.346476,
      2.896812,
      16.737136,
      28.324384000000002,
      18.668343999999998,
      14.162192000000001,
      17.059003999999998,
      18.50741,
      17.863674,
      18.829278,
      10.621644,
      8.529501999999999,
      8.529501999999999,
      14.162192000000001,
      21.243288,
      14.805927999999998,
      19.794882,
      20.599552000000003,
      17.380872,
      14.644993999999999,
      24.622902,
      17.059003999999998,
      16.89807,
      18.668343999999998,
      16.254334
    ],
    [
      16.737136,
      5.793624,
      7.24203,
      16.254334,
      3.379614,
      10.46071,
      16.254334,
      1.2874720000000002,
      7.0810960000000005,
      13.357522000000001,
      2.896812,
      17.70274,
      1.9312079999999998,
      5.9545580000000005,
      9.816974,
      9.173238,
      17.541806,
      10.782578,
      2.41401,
      13.518456,
      4.345218,
      9.173238,
      12.391918,
      5.149888000000001,
      23.979166,
      17.70274,
      18.829278,
      28.646252,
      16.737136,
      0.0,
      12.552852,
      16.254334,
      9.65604,
      3.057746,
      14.001257999999998,
      1.2874720000000002,
      15.771532,
      2.5749440000000003,
      6.115492,
      1.9312079999999998,
      4.82802,
      16.576202000000002,
      2.735878,
      5.63269,
      10.621644,
      14.48406,
      3.379614,
      4.667085999999999,
      1.60934,
      3.7014819999999995,
      8.207633999999999,
      3.379614,
      6.9201619999999995,
      12.07005,
      0.32186800000000004,
      1.448406,
      2.735878,
      3.057746
    ],
    [
      15.28873,
      17.219938,
      6.9201619999999995,
      13.357522000000001,
      10.299776000000001,
      12.07005,
      25.266638,
      12.713786,
      7.0810960000000005,
      12.87472,
      14.001257999999998,
      17.541806,
      13.035654,
      17.380872,
      4.345218,
      18.185542,
      17.380872,
      9.977908000000001,
      14.966862,
      0.48280199999999995,
      14.162192000000001,
      7.724831999999999,
      4.184284,
      13.196587999999998,
      33.152404000000004,
      16.0934,
      9.65604,
      28.646252,
      6.43736,
      12.552852,
      0.0,
      14.805927999999998,
      18.346476,
      14.644993999999999,
      2.5749440000000003,
      13.035654,
      24.622902,
      14.966862,
      9.334171999999999,
      13.357522000000001,
      12.07005,
      13.840323999999999,
      15.127796,
      7.0810960000000005,
      3.7014819999999995,
      11.426314,
      10.46071,
      17.541806,
      11.104446000000001,
      16.0934,
      16.89807,
      13.67939,
      10.943512,
      20.92142,
      13.357522000000001,
      13.196587999999998,
      14.966862,
      12.552852
    ],
    [
      16.89807,
      20.760486,
      19.31208,
      0.9656039999999999,
      14.162192000000001,
      26.232242,
      28.96812,
      16.415267999999998,
      19.151146,
      11.104446000000001,
      17.541806,
      19.151146,
      16.737136,
      21.082354,
      15.127796,
      21.72609,
      18.990212,
      6.9201619999999995,
      18.50741,
      14.805927999999998,
      17.863674,
      9.334171999999999,
      12.552852,
      21.243288,
      25.910374,
      12.552852,
      4.667085999999999,
      29.289987999999997,
      10.299776000000001,
      16.254334,
      14.805927999999998,
      0.0,
      22.047957999999998,
      18.346476,
      12.713786,
      16.737136,
      28.16345,
      18.829278,
      19.151146,
      17.059003999999998,
      21.404222,
      15.28873,
      18.829278,
      12.713786,
      13.518456,
      3.8624159999999996,
      14.805927999999998,
      21.243288,
      15.449663999999999,
      19.794882,
      20.599552000000003,
      17.219938,
      13.357522000000001,
      19.151146,
      17.059003999999998,
      16.89807,
      18.668343999999998,
      20.438617999999998
    ],
    [
      9.012303999999999,
      0.48280199999999995,
      12.552852,
      21.404222,
      7.0810960000000005,
      15.449663999999999,
      14.805927999999998,
      9.816974,
      12.391918,
      8.529501999999999,
      4.345218,
      10.943512,
      6.759228,
      0.80467,
      15.127796,
      0.9656039999999999,
      10.782578,
      16.0934,
      7.402963999999999,
      18.829278,
      3.057746,
      14.48406,
      17.70274,
      14.644993999999999,
      18.50741,
      11.909116000000001,
      24.1401,
      22.047957999999998,
      22.047957999999998,
      9.65604,
      18.346476,
      22.047957999999998,
      0.0,
      4.506151999999999,
      20.277684,
      7.563898,
      13.035654,
      5.63269,
      12.391918,
      5.149888000000001,
      14.48406,
      9.65604,
      5.310822,
      9.495106,
      16.737136,
      20.599552000000003,
      7.402963999999999,
      4.506151999999999,
      6.115492,
      7.24203,
      0.6437360000000001,
      4.506151999999999,
      5.310822,
      5.149888000000001,
      9.977908000000001,
      9.65604,
      6.276426,
      12.713786
    ],
    [
      13.518456,
      3.21868,
      8.85137,
      17.70274,
      6.276426,
      11.104446000000001,
      13.196587999999998,
      1.9312079999999998,
      8.690436,
      10.299776000000001,
      0.16093400000000002,
      14.48406,
      1.2874720000000002,
      3.379614,
      11.426314,
      4.02335,
      14.48406,
      12.391918,
      1.1265379999999998,
      15.127796,
      2.092142,
      10.782578,
      14.001257999999998,
      10.943512,
      20.92142,
      17.059003999999998,
      20.438617999999998,
      25.427572,
      18.346476,
      3.057746,
      14.644993999999999,
      18.346476,
      4.506151999999999,
      0.0,
      15.610598,
      1.7702740000000001,
      12.230984,
      0.9656039999999999,
      7.724831999999999,
      0.9656039999999999,
      9.816974,
      13.035654,
      1.2874720000000002,
      8.690436,
      12.230984,
      15.932466,
      5.793624,
      1.9312079999999998,
      4.82802,
      2.41401,
      4.506151999999999,
      1.60934,
      4.9889540000000006,
      8.529501999999999,
      3.057746,
      2.092142,
      0.32186800000000004,
      5.793624
    ],
    [
      17.219938,
      18.829278,
      10.621644,
      12.07005,
      11.909116000000001,
      13.357522000000001,
      26.875978,
      14.323126,
      10.46071,
      12.230984,
      15.449663999999999,
      28.324384000000002,
      14.644993999999999,
      18.990212,
      7.724831999999999,
      19.794882,
      28.16345,
      9.334171999999999,
      16.415267999999998,
      2.092142,
      15.771532,
      9.334171999999999,
      4.9889540000000006,
      14.644993999999999,
      34.60081,
      15.449663999999999,
      8.529501999999999,
      39.267896,
      2.896812,
      14.001257999999998,
      2.5749440000000003,
      12.713786,
      20.277684,
      15.610598,
      0.0,
      14.48406,
      26.071308,
      16.576202000000002,
      11.909116000000001,
      14.805927999999998,
      16.415267999999998,
      15.610598,
      16.576202000000002,
      8.368568,
      6.276426,
      10.299776000000001,
      11.909116000000001,
      18.990212,
      12.552852,
      17.541806,
      18.50741,
      15.127796,
      12.391918,
      22.369826,
      14.805927999999998,
      14.644993999999999,
      16.576202000000002,
      14.001257999999998
    ],
    [
      14.644993999999999,
      6.276426,
      7.24203,
      16.0934,
      4.82802,
      14.162192000000001,
      16.254334,
      0.469,
      7.0810960000000005,
      13.357522000000001,
      1.60934,
