{
  "drive_dist_matrix": [
    [
      0.0,
      10.5,
      2.2,
      9.4,
      9.6,
      10.5,
      10.3,
      7.7,
      12.2,
      2.7,
      12.7,
      9.7,
      10.1,
      12.5,
      9.1,
      3.8,
      9.9,
      10.3,
      9.2,
      10.4,
      10.4,
      20.0,
      10.3,
      10.4,
      8.8,
      2.3,
      11.9,
      48.0,
      9.7,
      10.1,
      8.5,
      10.6,
      10.1,
      5.0,
      8.5,
      10.7,
      10.1,
      11.3,
      10.6,
      10.5,
      9.7,
      10.1,
      9.6,
      16.7,
      16.3,
      10.0,
      12.2,
      10.4,
      12.2,
      47.2,
      22.8,
      10.2,
      4.9,
      26.5
    ],
    [
      10.5,
      0.0,
      10.3,
      3.1,
      0.75,
      14.6,
      0.45,
      3.6,
      15.9,
      10.5,
      0.4,
      0.75,
      2.2,
      0.65,
      12.0,
      10.5,
      0.7,
      0.28,
      12.1,
      0.19,
      0.55,
      25.6,
      1.8,
      0.55,
      8.7,
      10.4,
      0.8,
      53.7,
      0.8,
      2.2,
      2.2,
      0.043,
      0.6,
      7.2,
      2.6,
      0.55,
      0.21,
      0.8,
      0.15,
      0.087,
      13.3,
      0.75,
      0.7,
      22.4,
      6.4,
      12.2,
      15.8,
      0.23,
      0.45,
      38.3,
      25.5,
      0.23,
      6.8,
      32.2
    ],
    [
      2.2,
      10.3,
      0.0,
      8.1,
      8.3,
      11.0,
      9.0,
      6.4,
      11.7,
      1.3,
      11.6,
      8.5,
      8.8,
      11.2,
      9.3,
      4.0,
      8.6,
      9.0,
      9.3,
      10.7,
      9.2,
      21.4,
      9.0,
      9.1,
      7.6,
      0.18,
      10.6,
      49.5,
      8.4,
      8.8,
      7.2,
      9.3,
      8.8,
      4.5,
      7.2,
      9.4,
      8.9,
      11.2,
      9.3,
      9.2,
      9.1,
      8.9,
      8.3,
      18.2,
      15.0,
      9.4,
      11.7,
      10.7,
      10.9,
      46.0,
      22.3,
      9.0,
      3.9,
      28.0
    ],
    [
      9.4,
      3.1,
      8.1,
      0.0,
      1.8,
      12.8,
      2.5,
      4.3,
      13.2,
      9.0,
      5.1,
      2.0,
      2.2,
      7.2,
      11.8,
      9.0,
      2.0,
      2.5,
      10.3,
      2.7,
      2.6,
      24.2,
      2.4,
      2.6,
      6.9,
      9.0,
      6.6,
      52.3,
      1.9,
      2.2,
      0.9,
      2.6,
      2.3,
      4.7,
      0.5,
      2.9,
      2.4,
      3.1,
      2.8,
      2.7,
      11.9,
      2.3,
      1.8,
      20.9,
      10.0,
      10.4,
      13.1,
      2.6,
      4.4,
      39.4,
      23.8,
      2.5,
      5.3,
      30.8
    ],
    [
      9.6,
      0.75,
      8.3,
      1.8,
      0.0,
      12.5,
      0.85,
      3.6,
      15.4,
      10.0,
      1.3,
      0.21,
      1.7,
      1.0,
      12.7,
      10.0,
      0.28,
      0.7,
      11.6,
      0.8,
      0.75,
      25.1,
      1.3,
      1.0,
      8.1,
      9.9,
      2.7,
      53.2,
      0.079,
      1.7,
      2.2,
      0.7,
      0.4,
      6.7,
      2.1,
      0.75,
      0.6,
      1.3,
      0.9,
      0.75,
      12.8,
      0.4,
      0.016,
      21.9,
      6.4,
      11.7,
      12.8,
      0.8,
      2.3,
      38.4,
      25.0,
      0.65,
      6.3,
      31.7
    ],
    [
      10.5,
      14.6,
      11.0,
      12.8,
      12.5,
      0.0,
      15.9,
      13.3,
      0.086,
      11.1,
      18.4,
      15.4,
      15.7,
      18.1,
      19.8,
      14.5,
      15.5,
      15.9,
      3.4,
      13.3,
      16.1,
      14.6,
      15.9,
      16.1,
      7.6,
      11.0,
      17.5,
      42.7,
      15.3,
      15.7,
      14.1,
      16.2,
      15.7,
      7.4,
      14.2,
      16.3,
      15.8,
      18.2,
      16.2,
      16.2,
      4.4,
      15.8,
      15.2,
      11.4,
      22.0,
      3.5,
      0.4,
      18.5,
      17.8,
      50.7,
      20.1,
      15.9,
      10.4,
      21.2
    ],
    [
      10.3,
      0.45,
      9.0,
      2.5,
      0.85,
      15.9,
      0.0,
      4.2,
      16.5,
      11.1,
      0.6,
      0.65,
      2.8,
      0.18,
      10.3,
      11.1,
      2.7,
      0.17,
      12.7,
      0.4,
      1.0,
      28.0,
      2.4,
      0.11,
      9.3,
      11.0,
      0.35,
      56.1,
      0.8,
      2.8,
      2.9,
      0.4,
      1.0,
      7.8,
      3.2,
      1.0,
      0.3,
      0.55,
      0.55,
      0.5,
      14.0,
      1.6,
      0.9,
      24.8,
      4.8,
      12.8,
      15.5,
      0.35,
      0.8,
      36.9,
      26.2,
      0.23,
      8.3,
      34.6
    ],
    [
      7.7,
      3.6,
      6.4,
      4.3,
      3.6,
      13.3,
      4.2,
      0.0,
      13.7,
      8.3,
      4.3,
      3.0,
      3.9,
      6.8,
      9.5,
      6.3,
      3.2,
      3.8,
      11.3,
      4.0,
      3.8,
      23.4,
      4.1,
      4.0,
      9.3,
      8.2,
      5.1,
      51.5,
      3.0,
      3.9,
      2.4,
      4.0,
      3.5,
      6.2,
      2.4,
      4.1,
      3.7,
      4.4,
      4.0,
      3.9,
      11.1,
      3.5,
      3.1,
      20.2,
      9.5,
      11.4,
      13.6,
      3.9,
      6.1,
      41.1,
      26.2,
      3.8,
      4.6,
      30.0
    ],
    [
      12.2,
      15.9,
      11.7,
      13.2,
      15.4,
      0.086,
      16.5,
      13.7,
      0.0,
      10.8,
      18.2,
      16.3,
      15.3,
      17.8,
      17.8,
      14.1,
      15.1,
      15.6,
      3.0,
      16.6,
      15.7,
      14.4,
      15.5,
      15.7,
      7.2,
      10.7,
      17.2,
      42.5,
      15.0,
      15.3,
      13.8,
      15.9,
      15.4,
      7.1,
      13.8,
      16.0,
      15.4,
      17.8,
      15.9,
      15.8,
      4.0,
      15.4,
      14.9,
      11.1,
      21.6,
      3.1,
      0.11,
      18.2,
      17.5,
      52.5,
      19.7,
      15.5,
      10.0,
      21.0
    ],
    [
      2.7,
      10.5,
      1.3,
      9.0,
      10.0,
      11.1,
      11.1,
      8.3,
      10.8,
      0.0,
      12.4,
      9.4,
      9.7,
      12.2,
      8.8,
      3.5,
      9.5,
      9.9,
      8.6,
      10.1,
      10.1,
      19.3,
      9.9,
      10.1,
      7.7,
      1.9,
      11.5,
      47.4,
      9.3,
      9.7,
      8.1,
      10.2,
      9.7,
      4.7,
      8.2,
      10.4,
      9.8,
      12.2,
      10.2,
      10.2,
      8.3,
      9.8,
      9.3,
      16.0,
      16.0,
      8.7,
      10.2,
      10.0,
      11.9,
      46.9,
      22.4,
      9.9,
      4.5,
      25.8
    ],
    [
      12.7,
      0.4,
      11.6,
      5.1,
      1.3,
      18.4,
      0.6,
      4.3,
      18.2,
      12.4,
      0.0,
      2.0,
      2.5,
      0.45,
      12.2,
      10.7,
      2.3,
      0.55,
      12.4,
      0.23,
      0.9,
      25.9,
      2.0,
      0.5,
      8.9,
      10.6,
      0.6,
      54.0,
      2.1,
      2.5,
      2.5,
      0.35,
      1.0,
      7.4,
      2.6,
      0.95,
      0.45,
      0.45,
      0.35,
      0.4,
      13.6,
      1.2,
      2.2,
      22.6,
      5.9,
      12.5,
      16.1,
      0.26,
      0.6,
      38.6,
      25.8,
      0.5,
      7.0,
      32.5
    ],
    [
      9.7,
      0.75,
      8.5,
      2.0,
      0.21,
      15.4,
      0.65,
      3.0,
      16.3,
      9.4,
      2.0,
      0.0,
      1.8,
      0.8,
      11.8,
      10.1,
      0.5,
      0.5,
      11.7,
      0.85,
      0.8,
      25.2,
      1.4,
      0.75,
      8.3,
      10.0,
      1.0,
      53.3,
      0.14,
      1.8,
      2.0,
      0.7,
      0.6,
      6.8,
      2.2,
      0.8,
      0.55,
      1.4,
      0.9,
      0.8,
      13.0,
      0.6,
      0.23,
      22.0,
      6.7,
      11.8,
      14.5,
      0.75,
      2.3,
      38.5,
      25.2,
      0.55,
      6.4,
      31.8
    ],
    [
      10.1,
      2.2,
      8.8,
      2.2,
      1.7,
      15.7,
      2.8,
      3.9,
      15.3,
      9.7,
      2.5,
      1.8,
      0.0,
      5.0,
      13.7,
      11.0,
      3.0,
      3.8,
      12.6,
      3.1,
      2.5,
      26.1,
      2.3,
      3.9,
      9.2,
      10.9,
      4.4,
      54.2,
      3.3,
      0.0,
      4.5,
      3.6,
      3.2,
      7.7,
      3.1,
      2.5,
      3.7,
      3.1,
      3.6,
      3.5,
      13.8,
      3.1,
      3.2,
      22.9,
      7.8,
      12.7,
      15.4,
      3.9,
      2.1,
      37.2,
      26.0,
      3.8,
      7.3,
      32.7
    ],
    [
      12.5,
      0.65,
      11.2,
      7.2,
      1.0,
      18.1,
      0.18,
      6.8,
      17.8,
      12.2,
      0.45,
      0.8,
      5.0,
      0.0,
      9.9,
      10.2,
      2.2,
      0.3,
      15.4,
      0.5,
      1.5,
      25.4,
      3.0,
      0.069,
      8.1,
      10.1,
      0.16,
      53.5,
      2.0,
      4.0,
      2.4,
      0.6,
      1.6,
      6.7,
      2.5,
      1.5,
      0.5,
      0.35,
      0.6,
      0.65,
      13.1,
      1.8,
      2.1,
      22.1,
      4.2,
      15.5,
      17.8,
      0.4,
      0.85,
      36.8,
      24.9,
      0.4,
      8.7,
      31.9
    ],
    [
      9.1,
      12.0,
      9.3,
      11.8,
      12.7,
      19.8,
      10.3,
      9.5,
      17.8,
      8.8,
      12.2,
      11.8,
      13.7,
      9.9,
      0.0,
      7.5,
      9.8,
      10.4,
      16.9,
      10.9,
      10.4,
      29.0,
      11.1,
      10.6,
      13.8,
      9.8,
      9.8,
      57.1,
      9.6,
      10.9,
      9.3,
      10.6,
      10.1,
      11.5,
      9.4,
      10.7,
      10.3,
      10.4,
      10.6,
      10.5,
      16.7,
      10.1,
      9.7,
      25.7,
      11.7,
      17.0,
      19.2,
      10.8,
      13.1,
      48.1,
      29.2,
      10.4,
      10.0,
      35.6
    ],
    [
      3.8,
      10.5,
      4.0,
      9.0,
      10.0,
      14.5,
      11.1,
      6.3,
      14.1,
      3.5,
      10.7,
      10.1,
      11.0,
      10.2,
      7.5,
      0.0,
      10.0,
      10.4,
      12.6,
      10.6,
      10.6,
      24.7,
      10.4,
      10.5,
      11.3,
      5.0,
      12.2,
      50.8,
      9.8,
      10.2,
      8.6,
      10.7,
      10.2,
      7.7,
      8.6,
      10.7,
      10.3,
      11.8,
      10.5,
      10.5,
      12.4,
      10.3,
      9.7,
      19.4,
      16.0,
      12.1,
      14.9,
      13.2,
      12.3,
      47.4,
      25.5,
      10.4,
      7.5,
      29.2
    ],
    [
      9.9,
      0.7,
      8.6,
      2.0,
      0.28,
      15.5,
      2.7,
      3.2,
      15.1,
      9.5,
      2.3,
      0.5,
      3.0,
      2.2,
      9.8,
      10.0,
      0.0,
      1.0,
      11.4,
      0.85,
      0.6,
      24.9,
      0.9,
      1.1,
      8.0,
      9.7,
      3.0,
      53.0,
      0.35,
      1.5,
      2.3,
      0.7,
      0.23,
      6.5,
      1.9,
      0.6,
      0.8,
      1.5,
      0.7,
      0.65,
      12.7,
      0.066,
      0.26,
      21.7,
      6.6,
      11.5,
      15.2,
      0.9,
      1.0,
      38.2,
      24.9,
      0.9,
      6.1,
      31.5
    ],
    [
      10.3,
      0.28,
      9.0,
      2.5,
      0.7,
      15.9,
      0.17,
      3.8,
      15.6,
      9.9,
      0.55,
      0.5,
      3.8,
      0.3,
      10.4,
      10.4,
      1.0,
      0.0,
      12.7,
      0.35,
      0.8,
      28.0,
      2.4,
      0.25,
      9.3,
      11.0,
      0.45,
      56.1,
      0.6,
      2.8,
      2.8,
      0.24,
      1.3,
      7.8,
      3.2,
      0.8,
      0.15,
      0.8,
      0.45,
      0.3,
      15.7,
      1.0,
      0.7,
      24.7,
      5.9,
      12.8,
      18.2,
      0.28,
      0.7,
      36.9,
      26.1,
      0.085,
      9.1,
      34.6
    ],
    [
      9.2,
      12.1,
      9.3,
      10.3,
      11.6,
      3.4,
      12.7,
      11.3,
      3.0,
      8.6,
      12.4,
      11.7,
      12.6,
      15.4,
      16.9,
      12.6,
      11.4,
      12.7,
      0.0,
      10.3,
      10.7,
      16.4,
      11.0,
      10.7,
      4.3,
      8.5,
      15.0,
      44.5,
      10.0,
      10.5,
      11.6,
      10.7,
      10.3,
      4.1,
      9.3,
      13.1,
      10.4,
      13.7,
      10.7,
      10.7,
      1.1,
      10.4,
      9.9,
      13.1,
      19.4,
      0.14,
      3.7,
      10.2,
      12.7,
      47.7,
      16.8,
      10.5,
      7.9,
      23.0
    ],
    [
      10.4,
      0.19,
      10.7,
      2.7,
      0.8,
      13.3,
      0.4,
      4.0,
      16.6,
      10.1,
      0.23,
      0.85,
      3.1,
      0.5,
      10.9,
      10.6,
      0.85,
      0.35,
      10.3,
      0.0,
      0.7,
      25.6,
      1.8,
      0.4,
      8.4,
      10.4,
      0.6,
      53.7,
      0.85,
      2.2,
      3.0,
      0.15,
      0.75,
      7.2,
      2.6,
      0.7,
      0.28,
      0.65,
      0.12,
      0.21,
      13.4,
      0.9,
      0.8,
      22.4,
      4.7,
      12.0,
      14.7,
      0.069,
      0.35,
      36.5,
      25.3,
      0.3,
      6.8,
      32.2
    ],
    [
      10.4,
      0.55,
      9.2,
      2.6,
      0.75,
      16.1,
      1.0,
      3.8,
      15.7,
      10.1,
      0.9,
      0.8,
      2.5,
      1.5,
      10.4,
      10.6,
      0.6,
      0.8,
      10.7,
      0.7,
      0.0,
      25.2,
      1.4,
      1.1,
      8.3,
      10.0,
      5.0,
      53.3,
      0.85,
      1.8,
      2.6,
      0.6,
      0.35,
      6.8,
      2.2,
      0.002,
      0.7,
      2.8,
      0.55,
      0.5,
      12.9,
      0.7,
      0.75,
      22.0,
      8.7,
      11.8,
      15.5,
      0.75,
      0.4,
      37.8,
      25.1,
      0.75,
      6.4,
      31.8
    ],
    [
      20.0,
      25.6,
      21.4,
      24.2,
      25.1,
      14.6,
      28.0,
      23.4,
      14.4,
      19.3,
      25.9,
      25.2,
      26.1,
      25.4,
      29.0,
      24.7,
      24.9,
      28.0,
      16.4,
      25.6,
      25.2,
      0.0,
      27.2,
      27.3,
      22.2,
      22.3,
      28.8,
      28.1,
      26.6,
      27.0,
      25.4,
      27.5,
      27.0,
      19.8,
      25.4,
      27.6,
      27.1,
      34.0,
      27.5,
      27.4,
      18.7,
      27.0,
      26.5,
      6.8,
      32.0,
      18.9,
      16.6,
      27.3,
      29.1,
      64.2,
      34.1,
      27.2,
      21.6,
      6.6
    ],
    [
      10.3,
      1.8,
      9.0,
      2.4,
      1.3,
      15.9,
      2.4,
      4.1,
      15.5,
      9.9,
      2.0,
      1.4,
      2.3,
      3.0,
      11.1,
      10.4,
      0.9,
      2.4,
      11.0,
      1.8,
      1.4,
      27.2,
      0.0,
      2.4,
      7.7,
      9.4,
      4.0,
      52.8,
      1.7,
      1.0,
      1.8,
      2.1,
      1.6,
      6.2,
      1.7,
      2.2,
      2.2,
      2.9,
      2.1,
      2.0,
      12.4,
      0.95,
      1.6,
      21.4,
      9.0,
      11.3,
      14.9,
      2.4,
      3.1,
      38.1,
      24.6,
      2.3,
      5.8,
      31.3
    ],
    [
      10.4,
      0.55,
      9.1,
      2.6,
      1.0,
      16.1,
      0.11,
      4.0,
      15.7,
      10.1,
      0.5,
      0.75,
      3.9,
      0.069,
      10.6,
      10.5,
      1.1,
      0.25,
      10.7,
      0.4,
      1.1,
      27.3,
      2.4,
      0.0,
      9.2,
      10.9,
      0.21,
      56.0,
      0.9,
      2.7,
      2.7,
      0.55,
      1.1,
      7.7,
      3.1,
      1.1,
      0.45,
      0.45,
      0.55,
      0.6,
      15.6,
      1.4,
      1.0,
      24.6,
      4.5,
      15.9,
      18.1,
      0.35,
      0.8,
      36.8,
      26.0,
      0.35,
      9.0,
      34.5
    ],
    [
      8.8,
      8.7,
      7.6,
      6.9,
      8.1,
      7.6,
      9.3,
      9.3,
      7.2,
      7.7,
      8.9,
      8.3,
      9.2,
      8.1,
      13.8,
      11.3,
      8.0,
      9.3,
      4.3,
      8.4,
      8.3,
      22.2,
      7.7,
      9.2,
      0.0,
      11.6,
      11.7,
      47.8,
      9.5,
      10.0,
      9.2,
      10.3,
      9.8,
      4.5,
      8.7,
      10.3,
      9.9,
      13.1,
      10.3,
      10.2,
      4.8,
      9.8,
      9.4,
      16.4,
      15.4,
      3.6,
      6.2,
      10.6,
      12.1,
      47.2,
      16.9,
      10.0,
      6.6,
      26.3
    ],
    [
      2.3,
      10.4,
      0.18,
      9.0,
      9.9,
      11.0,
      11.0,
      8.2,
      10.7,
      1.9,
      10.6,
      10.0,
      10.9,
      10.1,
      9.8,
      5.0,
      9.7,
      11.0,
      8.5,
      10.4,
      10.0,
      22.3,
      9.4,
      10.9,
      11.6,
      0.0,
      10.7,
      49.6,
      8.5,
      8.9,
      7.3,
      9.3,
      8.9,
      4.6,
      7.3,
      9.5,
      9.0,
      10.1,
      9.3,
      9.2,
      9.2,
      8.9,
      8.4,
      18.3,
      15.1,
      9.5,
      11.8,
      9.2,
      11.0,
      46.0,
      22.3,
      9.0,
      3.9,
      28.1
    ],
    [
      11.9,
      0.8,
      10.6,
      6.6,
      2.7,
      17.5,
      0.35,
      5.1,
      17.2,
      11.5,
      0.6,
      1.0,
      4.4,
      0.16,
      9.8,
      12.2,
      3.0,
      0.45,
      15.0,
      0.6,
      5.0,
      28.8,
      4.0,
      0.21,
      11.7,
      10.7,
      0.0,
      53.8,
      1.6,
      3.6,
      2.0,
      0.75,
      1.4,
      6.6,
      2.1,
      1.3,
      0.65,
      0.55,
      0.75,
      0.8,
      13.4,
      1.6,
      1.7,
      22.4,
      5.4,
      13.6,
      15.9,
      0.55,
      1.8,
      37.1,
      24.1,
      0.55,
      6.8,
      32.2
    ],
    [
      48.0,
      53.7,
      49.5,
      52.3,
      53.2,
      42.7,
      56.1,
      51.5,
      42.5,
      47.4,
      54.0,
      53.3,
      54.2,
      53.5,
      57.1,
      50.8,
      53.0,
      56.1,
      44.5,
      53.7,
      53.3,
      28.1,
      52.8,
      56.0,
      47.8,
      49.6,
      53.8,
      0.0,
      52.5,
      52.9,
      51.3,
      53.2,
      52.9,
      45.7,
      51.3,
      53.5,
      53.0,
      54.2,
      53.2,
      53.1,
      44.6,
      53.0,
      52.4,
      32.7,
      57.9,
      44.8,
      42.6,
      53.2,
      55.0,
      90.1,
      61.1,
      53.1,
      47.6,
      24.5
    ],
    [
      9.7,
      0.8,
      8.4,
      1.9,
      0.079,
      15.3,
      0.8,
      3.0,
      15.0,
      9.3,
      2.1,
      0.14,
      3.3,
      2.0,
      9.6,
      9.8,
      0.35,
      0.6,
      10.0,
      0.85,
      0.85,
      26.6,
      1.7,
      0.9,
      9.5,
      8.5,
      1.6,
      52.5,
      0.0,
      1.8,
      2.1,
      0.75,
      0.45,
      6.7,
      2.2,
      0.85,
      0.6,
      1.4,
      1.0,
      0.8,
      12.9,
      0.45,
      0.094,
      21.9,
      6.5,
      11.8,
      15.4,
      0.8,
      2.4,
      38.5,
      25.1,
      0.65,
      6.3,
      31.8
    ],
    [
      10.1,
      2.2,
      8.8,
      2.2,
      1.7,
      15.7,
      2.8,
      3.9,
      15.3,
      9.7,
      2.5,
      1.8,
      0.0,
      4.0,
      10.9,
      10.2,
      1.5,
      2.8,
      10.5,
      2.2,
      1.8,
      27.0,
      1.0,
      2.7,
      10.0,
      8.9,
      3.6,
      52.9,
      1.8,
      0.0,
      4.5,
      3.6,
      3.8,
      7.7,
      3.1,
      2.5,
      3.7,
      3.1,
      3.6,
      3.5,
      13.8,
      3.1,
      3.2,
      22.9,
      8.0,
      12.7,
      16.3,
      3.9,
      2.1,
      37.2,
      26.0,
      3.8,
      7.3,
      32.7
    ],
    [
      8.5,
      2.2,
      7.2,
      0.9,
      2.2,
      14.1,
      2.9,
      2.4,
      13.8,
      8.1,
      2.5,
      2.0,
      4.5,
      2.4,
      9.3,
      8.6,
      2.3,
      2.8,
      11.6,
      3.0,
      2.6,
      25.4,
      1.8,
      2.7,
      9.2,
      7.3,
      2.0,
      51.3,
      2.1,
      4.5,
      0.0,
      2.0,
      1.6,
      6.2,
      0.55,
      2.2,
      1.7,
      4.7,
      2.0,
      2.0,
      12.3,
      1.7,
      1.1,
      21.4,
      9.6,
      11.2,
      14.8,
      1.9,
      3.7,
      38.8,
      24.5,
      1.8,
      5.8,
      31.2
    ],
    [
      10.6,
      0.043,
      9.3,
      2.6,
      0.7,
      16.2,
      0.4,
      4.0,
      15.9,
      10.2,
      0.35,
      0.7,
      3.6,
      0.6,
      10.6,
      10.7,
      0.7,
      0.24,
      10.7,
      0.15,
      0.6,
      27.5,
      2.1,
      0.55,
      10.3,
      9.3,
      0.75,
      53.2,
      0.75,
      3.6,
      2.0,
      0.0,
      0.6,
      7.1,
      2.6,
      0.6,
      0.17,
      0.8,
      0.19,
      0.097,
      13.3,
      0.8,
      0.7,
      22.3,
      6.3,
      12.2,
      15.8,
      0.18,
      0.5,
      38.3,
      25.5,
      0.18,
      6.7,
      32.1
    ],
    [
      10.1,
      0.6,
      8.8,
      2.3,
      0.4,
      15.7,
      1.0,
      3.5,
      15.4,
      9.7,
      1.0,
      0.6,
      3.2,
      1.6,
      10.1,
      10.2,
      0.23,
      1.3,
      10.3,
      0.75,
      0.35,
      27.0,
      1.6,
      1.1,
      9.8,
      8.9,
      1.4,
      52.9,
      0.45,
      3.8,
      1.6,
      0.6,
      0.0,
      6.5,
      1.9,
      0.35,
      0.7,
      2.5,
      0.6,
      0.55,
      12.6,
      0.3,
      0.35,
      21.7,
      7.6,
      11.5,
      15.1,
      0.8,
      0.8,
      38.0,
      24.8,
      0.8,
      6.1,
      31.5
    ],
    [
      5.0,
      7.2,
      4.5,
      4.7,
      6.7,
      7.4,
      7.8,
      6.2,
      7.1,
      4.7,
      7.4,
      6.8,
      7.7,
      6.7,
      11.5,
      7.7,
      6.5,
      7.8,
      4.1,
      7.2,
      6.8,
      19.8,
      6.2,
      7.7,
      4.5,
      4.6,
      6.6,
      45.7,
      6.7,
      7.7,
      6.2,
      7.1,
      6.5,
      0.0,
      6.3,
      7.2,
      6.8,
      8.1,
      7.2,
      7.1,
      5.6,
      6.6,
      6.3,
      14.8,
      12.5,
      4.3,
      7.0,
      7.1,
      9.8,
      44.8,
      17.8,
      6.9,
      2.7,
      24.7
    ],
    [
      8.5,
      2.6,
      7.2,
      0.5,
      2.1,
      14.2,
      3.2,
      2.4,
      13.8,
      8.2,
      2.6,
      2.2,
      3.1,
      2.5,
      9.4,
      8.6,
      1.9,
      3.2,
      9.3,
      2.6,
      2.2,
      25.4,
      1.7,
      3.1,
      8.7,
      7.3,
      2.1,
      51.3,
      2.2,
      3.1,
      0.55,
      2.6,
      1.9,
      6.3,
      0.0,
      2.7,
      2.3,
      3.0,
      2.7,
      2.6,
      11.9,
      2.2,
      1.8,
      20.9,
      8.6,
      10.4,
      13.1,
      2.5,
      4.3,
      39.4,
      23.7,
      2.4,
      5.3,
      30.7
    ],
    [
      10.7,
      0.55,
      9.4,
      2.9,
      0.75,
      16.3,
      1.0,
      4.1,
      16.0,
      10.4,
      0.95,
      0.8,
      2.5,
      1.5,
      10.7,
      10.7,
      0.6,
      0.8,
      13.1,
      0.7,
      0.002,
      27.6,
      2.2,
      1.1,
      10.3,
      9.5,
      1.3,
      53.5,
      0.85,
      2.5,
      2.2,
      0.6,
      0.35,
      7.2,
      2.7,
      0.0,
      0.7,
      2.8,
      0.55,
      0.5,
      12.9,
      0.65,
      0.75,
      22.0,
      9.0,
      13.2,
      15.5,
      0.75,
      0.4,
      38.1,
      25.1,
      0.75,
      6.4,
      31.8
    ],
    [
      10.1,
      0.21,
      8.9,
      2.4,
      0.6,
      15.8,
      0.3,
      3.7,
      15.4,
      9.8,
      0.45,
      0.55,
      3.7,
      0.5,
      10.3,
      10.3,
      0.8,
      0.15,
      10.4,
      0.28,
      0.7,
      27.1,
      2.2,
      0.45,
      9.9,
      9.0,
      0.65,
      53.0,
      0.6,
      3.7,
      1.7,
      0.17,
      0.7,
      6.8,
      2.3,
      0.7,
      0.0,
      0.7,
      0.35,
      0.23,
      15.6,
      1.5,
      0.6,
      24.7,
      5.8,
      15.9,
      18.1,
      0.22,
      0.65,
      36.8,
      26.1,
      0.089,
      9.1,
      34.5
    ],
    [
      11.3,
      0.8,
      11.2,
      3.1,
      1.3,
      18.2,
      0.55,
      4.4,
      17.8,
      12.2,
      0.45,
      1.4,
      3.1,
      0.35,
      10.4,
      11.8,
      1.5,
      0.8,
      13.7,
      0.65,
      2.8,
      34.0,
      2.9,
      0.45,
      13.1,
      10.1,
      0.55,
      54.2,
      1.4,
      3.1,
      4.7,
      0.8,
      2.5,
      8.1,
      3.0,
      2.8,
      0.7,
      0.0,
      0.75,
      0.85,
      13.4,
      2.3,
      2.4,
      22.4,
      4.1,
      13.6,
      17.7,
      0.6,
      1.0,
      37.3,
      26.5,
      0.7,
      6.8,
      32.2
    ],
    [
      10.6,
      0.15,
      9.3,
      2.8,
      0.9,
      16.2,
      0.55,
      4.0,
      15.9,
      10.2,
      0.35,
      0.9,
      3.6,
      0.6,
      10.6,
      10.5,
      0.7,
      0.45,
      10.7,
      0.12,
      0.55,
      27.5,
      2.1,
      0.55,
      10.3,
      9.3,
      0.75,
      53.2,
      1.0,
      3.6,
      2.0,
      0.19,
      0.6,
      7.2,
      2.7,
      0.55,
      0.35,
      0.75,
      0.0,
      0.13,
      15.7,
      0.8,
      0.85,
      24.8,
      5.8,
      16.0,
      18.3,
      0.19,
      0.3,
      36.4,
      27.4,
      0.35,
      9.2,
      34.6
    ],
    [
      10.5,
      0.087,
      9.2,
      2.7,
      0.75,
      16.2,
      0.5,
      3.9,
      15.8,
      10.2,
      0.4,
      0.8,
      3.5,
      0.65,
      10.5,
      10.5,
      0.65,
      0.3,
      10.7,
      0.21,
      0.5,
      27.4,
      2.0,
      0.6,
      10.2,
      9.2,
      0.8,
      53.1,
      0.8,
      3.5,
      2.0,
      0.097,
      0.55,
      7.1,
      2.6,
      0.5,
      0.23,
      0.85,
      0.13,
      0.0,
      13.4,
      0.75,
      0.75,
      22.4,
      6.3,
      13.6,
      15.9,
      0.25,
      0.4,
      38.3,
      25.5,
      0.25,
      6.8,
      32.2
    ],
    [
      9.7,
      13.3,
      9.1,
      11.9,
      12.8,
      4.4,
      14.0,
      11.1,
      4.0,
      8.3,
      13.6,
      13.0,
      13.8,
      13.1,
      16.7,
      12.4,
      12.7,
      15.7,
      1.1,
      13.4,
      12.9,
      18.7,
      12.4,
      15.6,
      4.8,
      9.2,
      13.4,
      44.6,
      12.9,
      13.8,
      12.3,
      13.3,
      12.6,
      5.6,
      11.9,
      12.9,
      15.6,
      13.4,
      15.7,
      13.4,
      0.0,
      12.7,
      12.2,
      12.4,
      18.9,
      1.2,
      4.7,
      12.9,
      14.8,
      49.8,
      18.7,
      12.8,
      7.3,
      22.2
    ],
    [
      10.1,
      0.75,
      8.9,
      2.3,
      0.4,
      15.8,
      1.6,
      3.5,
      15.4,
      9.8,
      1.2,
      0.6,
      3.1,
      1.8,
      10.1,
      10.3,
      0.066,
      1.0,
      10.4,
      0.9,
      0.7,
      27.0,
      0.95,
      1.4,
      9.8,
      8.9,
      1.6,
      53.0,
      0.45,
      3.1,
      1.7,
      0.8,
      0.3,
      6.6,
      2.2,
      0.65,
      1.5,
      2.3,
      0.8,
      0.75,
      12.7,
      0.0,
      0.35,
      21.4,
      7.8,
      12.7,
      14.9,
      0.95,
      3.4,
      38.4,
      24.6,
      1.0,
      5.8,
      31.2
    ],
    [
      9.6,
      0.7,
      8.3,
      1.8,
      0.016,
      15.2,
      0.9,
      3.1,
      14.9,
      9.3,
      2.2,
      0.23,
      3.2,
      2.1,
      9.7,
      9.7,
      0.26,
      0.7,
      9.9,
      0.8,
      0.75,
      26.5,
      1.6,
      1.0,
      9.4,
      8.4,
      1.7,
      52.4,
      0.094,
      3.2,
      1.1,
      0.7,
      0.35,
      6.3,
      1.8,
      0.75,
      0.6,
      2.4,
      0.85,
      0.75,
      12.2,
      0.35,
      0.0,
      21.8,
      6.4,
      13.1,
      15.3,
      0.8,
      1.5,
      38.4,
      25.0,
      0.7,
      6.2,
      31.7
    ],
    [
      16.7,
      22.4,
      18.2,
      20.9,
      21.9,
      11.4,
      24.8,
      20.2,
      11.1,
      16.0,
      22.6,
      22.0,
      22.9,
      22.1,
      25.7,
      19.4,
      21.7,
      24.7,
      13.1,
      22.4,
      22.0,
      6.8,
      21.4,
      24.6,
      16.4,
      18.3,
      22.4,
      32.7,
      21.9,
      22.9,
      21.4,
      22.3,
      21.7,
      14.8,
      20.9,
      22.0,
      24.7,
      22.4,
      24.8,
      22.4,
      12.4,
      21.4,
      21.8,
      0.0,
      26.5,
      12.2,
      9.9,
      20.5,
      22.4,
      57.4,
      27.4,
      20.4,
      14.9,
      13.5
    ],
    [
      16.3,
      6.4,
      15.0,
      10.0,
      6.4,
      22.0,
      4.8,
      9.5,
      21.6,
      16.0,
      5.9,
      6.7,
      7.8,
      4.2,
      11.7,
      16.0,
      6.6,
      5.9,
      19.4,
      4.7,
      8.7,
      32.0,
      9.0,
      4.5,
      15.4,
      15.1,
      5.4,
      57.9,
      6.5,
      8.0,
      9.6,
      6.3,
      7.6,
      12.5,
      8.6,
      9.0,
      5.8,
      4.1,
      5.8,
      6.3,
      18.9,
      7.8,
      6.4,
      26.5,
      0.0,
      18.3,
      20.5,
      5.4,
      4.9,
      39.7,
      28.6,
      5.3,
      11.4,
      36.9
    ],
    [
      10.0,
      12.2,
      9.4,
      10.4,
      11.7,
      3.5,
      12.8,
      11.4,
      3.1,
      8.7,
      12.5,
      11.8,
      12.7,
      15.5,
      17.0,
      12.1,
      11.5,
      12.8,
      0.14,
      12.0,
      11.8,
      18.9,
      11.3,
      15.9,
      3.6,
      9.5,
      13.6,
      44.8,
      11.8,
      12.7,
      11.2,
      12.2,
      11.5,
      4.3,
      10.4,
      13.2,
      15.9,
      13.6,
      16.0,
      13.6,
      1.2,
      12.7,
      13.1,
      12.2,
      18.3,
      0.0,
      3.8,
      10.3,
      12.8,
      47.8,
      16.9,
      10.6,
      6.3,
      23.1
    ],
    [
      12.2,
      15.8,
      11.7,
      13.1,
      12.8,
      0.4,
      15.5,
      13.6,
      0.11,
      10.2,
      16.1,
      14.5,
      15.4,
      17.8,
      19.2,
      14.9,
      15.2,
      18.2,
      3.7,
      14.7,
      15.5,
      16.6,
      14.9,
      18.1,
      6.2,
      11.8,
      15.9,
      42.6,
      15.4,
      16.3,
      14.8,
      15.8,
      15.1,
      7.0,
      13.1,
      15.5,
      18.1,
      17.7,
      18.3,
      15.9,
      4.7,
      14.9,
      15.3,
      9.9,
      20.5,
      3.8,
      0.0,
      13.2,
      15.7,
      50.8,
      19.8,
      15.9,
      10.4,
      21.2
    ],
    [
      10.4,
      0.23,
      10.7,
      2.6,
      0.8,
      18.5,
      0.35,
      3.9,
      18.2,
      10.0,
      0.26,
      0.75,
      3.9,
      0.4,
      10.8,
      13.2,
      0.9,
      0.28,
      10.2,
      0.069,
      0.75,
      27.3,
      2.4,
      0.35,
      10.6,
      9.2,
      0.55,
      53.2,
      0.8,
      3.9,
      1.9,
      0.18,
      0.8,
      7.1,
      2.5,
      0.75,
      0.22,
      0.6,
      0.19,
      0.25,
      12.9,
      0.95,
      0.8,
      20.5,
      5.4,
      10.3,
      13.2,
      0.0,
      0.45,
      36.5,
      25.4,
      0.23,
      6.9,
      32.3
    ],
    [
      12.2,
      0.45,
      10.9,
      4.4,
      2.3,
      17.8,
      0.8,
      6.1,
      17.5,
      11.9,
      0.6,
      2.3,
      2.1,
      0.85,
      13.1,
      12.3,
      1.0,
      0.7,
      12.7,
      0.35,
      0.4,
      29.1,
      3.1,
      0.8,
      12.1,
      11.0,
      1.8,
      55.0,
      2.4,
      2.1,
      3.7,
      0.5,
      0.8,
      9.8,
      4.3,
      0.4,
      0.65,
      1.0,
      0.3,
      0.4,
      14.8,
      3.4,
      1.5,
      22.4,
      4.9,
      12.8,
      15.7,
      0.45,
      0.0,
      38.1,
      26.6,
      0.65,
      7.8,
      33.2
    ],
    [
      47.2,
      38.3,
      46.0,
      39.4,
      38.4,
      50.7,
      36.9,
      41.1,
      52.5,
      46.9,
      38.6,
      38.5,
      37.2,
      36.8,
      48.1,
      47.4,
      38.2,
      36.9,
      47.7,
      36.5,
      37.8,
      64.2,
      38.1,
      36.8,
      47.2,
      46.0,
      37.1,
      90.1,
      38.5,
      37.2,
      38.8,
      38.3,
      38.0,
      44.8,
      39.4,
      38.1,
      36.8,
      37.3,
      36.4,
      38.3,
      49.8,
      38.4,
      38.4,
      57.4,
      39.7,
      47.8,
      50.8,
      36.5,
      38.1,
      0.0,
      27.2,
      38.7,
      44.1,
      69.6
    ],
    [
      22.8,
      25.5,
      22.3,
      23.8,
      25.0,
      20.1,
      26.2,
      26.2,
      19.7,
      22.4,
      25.8,
      25.2,
      26.0,
      24.9,
      29.2,
      25.5,
      24.9,
      26.1,
      16.8,
      25.3,
      25.1,
      34.1,
      24.6,
      26.0,
      16.9,
      22.3,
      24.1,
      61.1,
      25.1,
      26.0,
      24.5,
      25.5,
      24.8,
      17.8,
      23.7,
      25.1,
      26.1,
      26.5,
      27.4,
      25.5,
      18.7,
      24.6,
      25.0,
      27.4,
      28.6,
      16.9,
      19.8,
      25.4,
      26.6,
      27.2,
      0.0,
      24.3,
      20.2,
      52.8
    ],
    [
      10.2,
      0.23,
      9.0,
      2.5,
      0.65,
      15.9,
      0.23,
      3.8,
      15.5,
      9.9,
      0.5,
      0.55,
      3.8,
      0.4,
      10.4,
      10.4,
      0.9,
      0.085,
      10.5,
      0.3,
      0.75,
      27.2,
      2.3,
      0.35,
      10.0,
      9.0,
      0.55,
      53.1,
      0.65,
      3.8,
      1.8,
      0.18,
      0.8,
      6.9,
      2.4,
      0.75,
      0.089,
      0.7,
      0.35,
      0.25,
      12.8,
      1.0,
      0.7,
      20.4,
      5.3,
      10.6,
      15.9,
      0.23,
      0.65,
      38.7,
      24.3,
      0.0,
      9.1,
      34.5
    ],
    [
      4.9,
      6.8,
      3.9,
      5.3,
      6.3,
      10.4,
      8.3,
      4.6,
      10.0,
      4.5,
      7.0,
      6.4,
      7.3,
      8.7,
      10.0,
      7.5,
      6.1,
      9.1,
      7.9,
      6.8,
      6.4,
      21.6,
      5.8,
      9.0,
      6.6,
      3.9,
      6.8,
      47.6,
      6.3,
      7.3,
      5.8,
      6.7,
      6.1,
      2.7,
      5.3,
      6.4,
      9.1,
      6.8,
      9.2,
      6.8,
      7.3,
      5.8,
      6.2,
      14.9,
      11.4,
      6.3,
      10.4,
      6.9,
      7.8,
      44.1,
      20.2,
      9.1,
      0.0,
      26.5
    ],
    [
      26.5,
      32.2,
      28.0,
      30.8,
      31.7,
      21.2,
      34.6,
      30.0,
      21.0,
      25.8,
      32.5,
      31.8,
      32.7,
      31.9,
      35.6,
      29.2,
      31.5,
      34.6,
      23.0,
      32.2,
      31.8,
      6.6,
      31.3,
      34.5,
      26.3,
      28.1,
      32.2,
      24.5,
      31.8,
      32.7,
      31.2,
      32.1,
      31.5,
      24.7,
      30.7,
      31.8,
      34.5,
      32.2,
      34.6,
      32.2,
      22.2,
      31.2,
      31.7,
      13.5,
      36.9,
      23.1,
      21.2,
      32.3,
      33.2,
      69.6,
      52.8,
      34.5,
      26.5,
      0.0
    ]
  ],
  "drive_time_matrix": [
    [
      0.0,
      20.0,
      5.0,
      18.0,
      17.0,
      23.0,
      20.0,
      14.0,
      21.0,
      5.0,
      24.0,
      18.0,
      16.0,
      26.0,
      22.0,
      10.0,
      17.0,
      20.0,
      18.0,
      21.0,
      20.0,
      31.0,
      17.0,
      21.0,
      18.0,
      6.0,
      22.0,
      63.0,
      18.0,
      16.0,
      13.0,
      21.0,
      18.0,
      11.0,
      14.0,
      22.0,
      20.0,
      24.0,
      20.0,
      20.0,
      18.0,
      18.0,
      17.0,
      27.0,
      39.0,
      17.0,
      21.0,
      21.0,
      20.0,
      88.0,
      56.0,
      20.0,
      10.0,
      38.0
    ],
    [
      20.0,
      0.0,
      21.0,
      11.0,
      9.0,
      29.0,
      5.0,
      13.0,
      31.0,
      20.0,
      4.0,
      9.0,
      8.0,
      7.0,
      34.0,
      22.0,
      8.0,
      3.0,
      24.0,
      2.0,
      7.0,
      39.0,
      7.0,
      6.0,
      17.0,
      21.0,
      9.0,
      71.0,
      10.0,
      8.0,
      11.0,
      1.0,
      7.0,
      19.0,
      9.0,
      7.0,
      2.0,
      9.0,
      2.0,
      1.0,
      28.0,
      9.0,
      9.0,
      35.0,
      25.0,
      25.0,
      30.0,
      3.0,
      7.0,
      75.0,
      58.0,
      2.0,
      17.0,
      45.0
    ],
    [
      5.0,
      21.0,
      0.0,
      19.0,
      18.0,
      20.0,
      21.0,
      15.0,
      22.0,
      16.0,
      22.0,
      19.0,
      17.0,
      27.0,
      26.0,
      12.0,
      18.0,
      21.0,
      18.0,
      25.0,
      21.0,
      29.0,
      18.0,
      22.0,
      20.0,
      2.0,
      24.0,
      61.0,
      19.0,
      17.0,
      13.0,
      21.0,
      19.0,
      11.0,
      14.0,
      22.0,
      21.0,
      26.0,
      21.0,
      21.0,
      19.0,
      19.0,
      18.0,
      25.0,
      40.0,
      18.0,
      21.0,
      24.0,
      21.0,
      88.0,
      56.0,
      21.0,
      10.0,
      36.0
    ],
    [
      18.0,
      11.0,
      19.0,
      0.0,
      6.0,
      24.0,
      9.0,
      10.0,
      26.0,
      15.0,
      11.0,
      7.0,
      5.0,
      20.0,
      30.0,
      17.0,
      6.0,
      9.0,
      19.0,
      10.0,
      9.0,
      33.0,
      6.0,
      10.0,
      12.0,
      17.0,
      17.0,
      66.0,
      7.0,
      5.0,
      9.0,
      10.0,
      7.0,
      14.0,
      7.0,
      10.0,
      9.0,
      12.0,
      9.0,
      9.0,
      23.0,
      7.0,
      7.0,
      30.0,
      32.0,
      19.0,
      25.0,
      10.0,
      9.0,
      76.0,
      52.0,
      10.0,
      12.0,
      41.0
    ],
    [
      17.0,
      9.0,
      18.0,
      6.0,
      0.0,
      28.0,
      10.0,
      13.0,
      29.0,
      18.0,
      6.0,
      2.0,
      6.0,
      12.0,
      32.0,
      20.0,
      3.0,
      8.0,
      22.0,
      10.0,
      10.0,
      36.0,
      5.0,
      12.0,
      15.0,
      20.0,
      12.0,
      68.0,
      1.0,
      6.0,
      11.0,
      9.0,
      5.0,
      17.0,
      6.0,
      10.0,
      7.0,
      6.0,
      11.0,
      10.0,
      26.0,
      5.0,
      1.0,
      33.0,
      25.0,
      23.0,
      29.0,
      10.0,
      9.0,
      76.0,
      55.0,
      8.0,
      15.0,
      44.0
    ],
    [
      23.0,
      29.0,
      20.0,
      24.0,
      28.0,
      0.0,
      32.0,
      26.0,
      1.0,
      21.0,
      36.0,
      29.0,
      27.0,
      37.0,
      41.0,
      29.0,
      28.0,
      31.0,
      12.0,
      40.0,
      32.0,
      30.0,
      28.0,
      32.0,
      20.0,
      23.0,
      33.0,
      61.0,
      29.0,
      27.0,
      24.0,
      32.0,
      30.0,
      22.0,
      25.0,
      33.0,
      31.0,
      36.0,
      32.0,
      32.0,
      17.0,
      31.0,
      28.0,
      25.0,
      50.0,
      12.0,
      2.0,
      38.0,
      32.0,
      104.0,
      53.0,
      32.0,
      21.0,
      35.0
    ],
    [
      20.0,
      5.0,
      21.0,
      9.0,
      10.0,
      32.0,
      0.0,
      15.0,
      33.0,
      22.0,
      8.0,
      8.0,
      10.0,
      2.0,
      32.0,
      24.0,
      11.0,
      2.0,
      27.0,
      6.0,
      13.0,
      43.0,
      10.0,
      1.0,
      20.0,
      25.0,
      4.0,
      74.0,
      10.0,
      10.0,
      11.0,
      6.0,
      13.0,
      22.0,
      11.0,
      13.0,
      4.0,
      7.0,
      8.0,
      7.0,
      31.0,
      7.0,
      11.0,
      41.0,
      22.0,
      27.0,
      33.0,
      5.0,
      12.0,
      78.0,
      60.0,
      3.0,
      19.0,
      50.0
    ],
    [
      14.0,
      13.0,
      15.0,
      10.0,
      13.0,
      26.0,
      15.0,
      0.0,
      26.0,
      17.0,
      17.0,
      10.0,
      11.0,
      20.0,
      27.0,
      19.0,
      12.0,
      14.0,
      23.0,
      15.0,
      15.0,
      34.0,
      12.0,
      15.0,
      20.0,
      19.0,
      16.0,
      66.0,
      11.0,
      11.0,
      8.0,
      15.0,
      13.0,
      17.0,
      8.0,
      16.0,
      14.0,
      17.0,
      15.0,
      15.0,
      24.0,
      14.0,
      11.0,
      31.0,
      33.0,
      23.0,
      26.0,
      15.0,
      15.0,
      84.0,
      60.0,
      14.0,
      11.0,
      41.0
    ],
    [
      21.0,
      31.0,
      22.0,
      26.0,
      29.0,
      1.0,
      33.0,
      26.0,
      0.0,
      19.0,
      32.0,
      28.0,
      25.0,
      34.0,
      41.0,
      27.0,
      26.0,
      29.0,
      11.0,
      40.0,
      30.0,
      23.0,
      27.0,
      30.0,
      20.0,
      21.0,
      31.0,
      56.0,
      28.0,
      26.0,
      23.0,
      30.0,
      28.0,
