{
  "drive_dist_matrix": [
    [
      0.0,
      5.3,
      14.3,
      5.1,
      5.5,
      5.3,
      6.6,
      6.1,
      7.0,
      5.2,
      6.3,
      6.9,
      4.1,
      4.9,
      4.4,
      3.9,
      5.6,
      6.6,
      5.2,
      3.0,
      16.8,
      5.2,
      10.4,
      5.3,
      11.3,
      5.3,
      5.3,
      4.9,
      22.2,
      16.0,
      5.1,
      5.3,
      4.6,
      4.7,
      5.2,
      5.1,
      5.7,
      18.3,
      4.7,
      13.3,
      5.0,
      4.6,
      17.5,
      9.0,
      19.9,
      7.2,
      74.4,
      16.8,
      5.7,
      28.0,
      66.4,
      11.6,
      21.9,
      5.3,
      10.7
    ],
    [
      5.3,
      0.0,
      10.2,
      0.4,
      7.7,
      0.45,
      0.4,
      3.4,
      0.65,
      0.75,
      0.45,
      0.75,
      0.85,
      0.4,
      0.55,
      1.0,
      7.8,
      0.4,
      7.4,
      4.2,
      12.6,
      0.6,
      12.6,
      0.3,
      7.2,
      0.19,
      0.0,
      0.3,
      21.7,
      18.1,
      0.85,
      0.081,
      6.4,
      4.4,
      7.3,
      0.5,
      9.0,
      20.6,
      0.22,
      9.1,
      0.8,
      0.65,
      13.3,
      3.5,
      15.7,
      2.5,
      66.5,
      12.6,
      2.8,
      27.5,
      62.2,
      13.9,
      22.5,
      0.7,
      6.5
    ],
    [
      14.3,
      10.2,
      0.0,
      10.2,
      20.1,
      10.0,
      11.6,
      10.8,
      9.9,
      9.9,
      9.2,
      9.8,
      10.8,
      9.6,
      11.1,
      10.2,
      18.4,
      11.6,
      14.6,
      15.7,
      2.9,
      10.2,
      22.2,
      10.4,
      3.8,
      10.4,
      10.3,
      9.6,
      24.8,
      27.8,
      9.8,
      10.4,
      13.5,
      13.8,
      19.7,
      10.1,
      18.6,
      30.2,
      9.8,
      0.7,
      11.7,
      11.3,
      2.7,
      12.7,
      7.0,
      10.1,
      59.9,
      2.9,
      10.4,
      30.6,
      53.5,
      23.5,
      25.5,
      10.3,
      4.2
    ],
    [
      5.1,
      0.4,
      10.2,
      0.0,
      7.8,
      0.26,
      0.75,
      3.5,
      0.7,
      0.65,
      1.0,
      0.8,
      0.65,
      0.022,
      0.35,
      0.85,
      7.9,
      0.7,
      7.5,
      4.3,
      12.7,
      0.6,
      12.7,
      0.6,
      7.3,
      0.5,
      0.45,
      0.12,
      21.8,
      18.2,
      0.85,
      0.5,
      6.4,
      4.5,
      7.4,
      0.55,
      9.1,
      20.7,
      0.2,
      9.2,
      0.6,
      0.55,
      13.4,
      3.6,
      15.8,
      2.6,
      66.6,
      12.7,
      2.9,
      27.6,
      62.3,
      14.0,
      22.6,
      0.7,
      6.6
    ],
    [
      5.5,
      7.7,
      20.1,
      7.8,
      0.0,
      5.9,
      7.5,
      11.5,
      9.7,
      5.8,
      6.9,
      9.6,
      5.1,
      5.5,
      5.4,
      4.5,
      0.6,
      7.5,
      2.2,
      5.7,
      22.8,
      6.1,
      7.1,
      6.3,
      17.3,
      6.3,
      6.2,
      5.5,
      22.8,
      12.6,
      8.9,
      6.3,
      1.3,
      7.5,
      0.6,
      6.0,
      3.4,
      15.0,
      5.7,
      19.3,
      8.4,
      5.6,
      23.5,
      9.5,
      25.9,
      9.8,
      75.0,
      22.7,
      9.3,
      28.6,
      72.3,
      4.5,
      22.4,
      6.3,
      16.7
    ],
    [
      5.3,
      0.45,
      10.0,
      0.26,
      5.9,
      0.0,
      0.8,
      2.8,
      3.1,
      0.35,
      0.9,
      0.9,
      0.4,
      0.22,
      0.4,
      0.55,
      5.6,
      0.85,
      5.2,
      1.9,
      12.9,
      0.75,
      10.4,
      0.8,
      7.5,
      0.65,
      0.45,
      0.23,
      22.0,
      15.9,
      1.4,
      0.55,
      4.1,
      3.2,
      5.1,
      0.9,
      6.8,
      18.3,
      0.35,
      9.4,
      0.65,
      0.65,
      13.7,
      2.7,
      16.1,
      3.3,
      66.8,
      12.9,
      2.4,
      27.9,
      62.5,
      11.6,
      22.8,
      0.85,
      6.9
    ],
    [
      6.6,
      0.4,
      11.6,
      0.75,
      7.5,
      0.8,
      0.0,
      3.2,
      0.6,
      2.5,
      0.21,
      0.7,
      3.4,
      0.7,
      0.8,
      2.8,
      7.5,
      0.12,
      7.2,
      3.9,
      12.4,
      0.5,
      12.4,
      0.14,
      6.9,
      0.2,
      0.4,
      0.65,
      21.5,
      17.9,
      0.75,
      0.3,
      6.1,
      4.1,
      7.1,
      0.35,
      8.8,
      20.3,
      0.5,
      8.9,
      0.9,
      0.65,
      13.1,
      3.3,
      15.5,
      0.95,
      66.2,
      12.3,
      2.6,
      27.3,
      61.9,
      13.6,
      22.2,
      0.55,
      6.3
    ],
    [
      6.1,
      3.4,
      10.8,
      3.5,
      11.5,
      2.8,
      3.2,
      0.0,
      0.7,
      3.0,
      1.8,
      0.65,
      1.7,
      2.7,
      2.0,
      3.3,
      8.1,
      4.7,
      10.5,
      2.9,
      12.9,
      0.8,
      12.0,
      3.5,
      7.4,
      3.5,
      3.4,
      2.7,
      16.4,
      17.5,
      0.55,
      3.5,
      5.4,
      2.2,
      9.4,
      3.2,
      8.3,
      19.9,
      2.9,
      9.4,
      1.3,
      0.9,
      13.6,
      1.3,
      16.0,
      0.4,
      65.0,
      12.8,
      0.35,
      22.2,
      62.5,
      13.2,
      17.1,
      0.9,
      6.8
    ],
    [
      7.0,
      0.65,
      9.9,
      0.7,
      9.7,
      3.1,
      0.6,
      0.7,
      0.0,
      3.1,
      0.4,
      0.092,
      1.0,
      0.65,
      0.55,
      3.4,
      8.9,
      0.6,
      7.8,
      3.7,
      13.0,
      0.073,
      12.7,
      3.6,
      7.6,
      0.55,
      0.65,
      0.7,
      17.2,
      18.3,
      0.17,
      0.65,
      6.8,
      3.0,
      10.2,
      0.25,
      9.1,
      20.7,
      0.55,
      9.5,
      0.5,
      0.28,
      13.7,
      2.1,
      16.1,
      0.35,
      65.1,
      13.0,
      1.4,
      23.0,
      62.6,
      14.0,
      17.9,
      0.19,
      6.9
    ],
    [
      5.2,
      0.75,
      9.9,
      0.65,
      5.8,
      0.35,
      2.5,
      3.0,
      3.1,
      0.0,
      3.1,
      2.8,
      0.45,
      0.6,
      1.2,
      0.21,
      5.1,
      3.4,
      4.7,
      1.5,
      13.6,
      2.0,
      9.9,
      2.1,
      8.2,
      2.1,
      2.1,
      0.5,
      19.0,
      15.4,
      1.9,
      0.8,
      3.6,
      2.7,
      4.6,
      1.9,
      6.3,
      17.9,
      0.65,
      10.1,
      0.9,
      1.0,
      14.3,
      2.8,
      16.7,
      3.0,
      67.5,
      13.6,
      2.5,
      24.8,
      63.2,
      11.1,
      21.1,
      2.1,
      7.5
    ],
    [
      6.3,
      0.45,
      9.2,
      1.0,
      6.9,
      0.9,
      0.21,
      1.8,
      0.4,
      3.1,
      0.0,
      1.5,
      3.6,
      0.75,
      0.8,
      3.0,
      7.8,
      0.22,
      7.4,
      4.1,
      12.6,
      0.35,
      12.6,
      0.19,
      7.1,
      0.25,
      0.45,
      0.8,
      18.7,
      18.1,
      0.6,
      0.35,
      6.3,
      3.6,
      7.3,
      0.27,
      9.0,
      20.5,
      0.6,
      9.1,
      0.85,
      0.55,
      13.3,
      2.8,
      15.7,
      0.75,
      65.0,
      12.5,
      2.1,
      24.5,
      62.1,
      13.8,
      19.4,
      0.35,
      6.5
    ],
    [
      6.9,
      0.75,
      9.8,
      0.8,
      9.6,
      0.9,
      0.7,
      0.65,
      0.092,
      2.8,
      1.5,
      0.0,
      2.5,
      0.75,
      0.7,
      3.4,
      8.8,
      0.7,
      7.8,
      3.7,
      13.0,
      3.5,
      12.7,
      0.65,
      7.6,
      0.6,
      0.75,
      0.8,
      17.1,
      18.2,
      0.077,
      0.75,
      6.7,
      3.0,
      10.2,
      0.35,
      9.1,
      20.7,
      0.65,
      9.5,
      0.6,
      0.45,
      13.7,
      2.1,
      16.1,
      0.25,
      65.1,
      13.0,
      0.95,
      23.0,
      62.6,
      13.9,
      19.2,
      0.26,
      6.9
    ],
    [
      4.1,
      0.85,
      10.8,
      0.65,
      5.1,
      0.4,
      3.4,
      1.7,
      1.0,
      0.45,
      3.6,
      2.5,
      0.0,
      0.6,
      0.45,
      0.27,
      5.7,
      2.8,
      5.3,
      2.0,
      14.0,
      0.9,
      10.4,
      1.5,
      8.5,
      0.9,
      0.85,
      0.65,
      18.8,
      16.0,
      1.3,
      1.5,
      4.2,
      NaN,
      5.2,
      0.8,
      6.8,
      18.4,
      0.6,
      10.5,
      0.65,
      0.75,
      14.7,
      2.6,
      17.1,
      2.8,
      67.8,
      13.9,
      2.3,
      24.6,
      63.5,
      11.7,
      18.4,
      1.5,
      7.9
    ],
    [
      4.9,
      0.4,
      9.6,
      0.022,
      5.5,
      0.22,
      0.7,
      2.7,
      0.65,
      0.6,
      0.75,
      0.75,
      0.6,
      0.0,
      0.3,
      0.8,
      5.7,
      0.65,
      5.3,
      2.0,
      12.6,
      0.55,
      10.5,
      0.55,
      7.2,
      0.45,
      0.4,
      0.079,
      21.7,
      16.0,
      0.8,
      0.45,
      4.2,
      2.9,
      5.2,
      0.5,
      6.9,
      18.5,
      0.16,
      9.1,
      0.55,
      0.55,
      13.4,
      2.7,
      15.7,
      3.0,
      66.5,
      12.6,
      2.4,
      27.5,
      62.2,
      11.7,
      22.5,
      0.7,
      6.5
    ],
    [
      4.4,
      0.55,
      11.1,
      0.35,
      5.4,
      0.4,
      0.8,
      2.0,
      0.55,
      1.2,
      0.8,
      0.7,
      0.45,
      0.3,
      0.0,
      0.75,
      6.7,
      2.2,
      5.6,
      2.1,
      14.1,
      0.5,
      10.6,
      0.7,
      8.7,
      0.65,
      0.55,
      0.35,
      17.5,
      16.1,
      0.65,
      0.65,
      4.5,
      2.6,
      5.5,
      0.55,
      7.0,
      18.6,
      0.35,
      10.6,
      0.24,
      0.3,
      14.9,
      2.4,
      17.3,
      0.8,
      68.0,
      14.1,
      2.1,
      24.7,
      63.7,
      11.8,
      18.5,
      0.65,
      8.1
    ],
    [
      3.9,
      1.0,
      10.2,
      0.85,
      4.5,
      0.55,
      2.8,
      3.3,
      3.4,
      0.21,
      3.0,
      3.4,
      0.27,
      0.8,
      0.75,
      0.0,
      5.1,
      3.1,
      4.7,
      1.4,
      13.3,
      1.7,
      10.0,
      1.8,
      7.9,
      1.8,
      1.0,
      1.4,
      18.7,
      15.5,
      1.6,
      1.8,
      3.7,
      2.4,
      4.7,
      1.6,
      6.3,
      17.9,
      0.9,
      9.8,
      0.9,
      1.0,
      14.0,
      2.5,
      16.4,
      2.7,
      67.2,
      13.3,
      2.2,
      24.5,
      62.9,
      11.2,
      18.4,
      1.8,
      7.2
    ],
    [
      5.6,
      7.8,
      18.4,
      7.9,
      0.6,
      5.6,
      7.5,
      8.1,
      8.9,
      5.1,
      7.8,
      8.8,
      5.7,
      5.7,
      6.7,
      5.1,
      0.0,
      7.6,
      2.3,
      4.4,
      21.4,
      6.2,
      7.2,
      6.4,
      15.9,
      6.4,
      6.3,
      5.6,
      21.4,
      12.7,
      7.5,
      6.4,
      1.4,
      6.1,
      0.45,
      6.2,
      2.2,
      15.1,
      5.8,
      17.9,
      7.0,
      7.4,
      22.1,
      8.1,
      24.5,
      8.4,
      73.6,
      21.3,
      7.9,
      27.2,
      71.0,
      3.4,
      21.0,
      6.4,
      15.3
    ],
    [
      6.6,
      0.4,
      11.6,
      0.7,
      7.5,
      0.85,
      0.12,
      4.7,
      0.6,
      3.4,
      0.22,
      0.7,
      2.8,
      0.65,
      2.2,
      3.1,
      7.6,
      0.0,
      7.2,
      3.9,
      12.4,
      0.5,
      12.4,
      0.15,
      6.9,
      0.22,
      0.4,
      2.2,
      21.5,
      17.9,
      2.0,
      0.3,
      6.1,
      4.1,
      7.1,
      0.35,
      8.8,
      20.4,
      0.5,
      8.9,
      0.9,
      0.65,
      13.1,
      3.3,
      15.5,
      2.2,
      66.2,
      12.3,
      2.6,
      27.3,
      61.9,
      13.6,
      22.2,
      0.55,
      6.3
    ],
    [
      5.2,
      7.4,
      14.6,
      7.5,
      2.2,
      5.2,
      7.2,
      10.5,
      7.8,
      4.7,
      7.4,
      7.8,
      5.3,
      5.3,
      5.6,
      4.7,
      2.3,
      7.2,
      0.0,
      6.4,
      17.5,
      6.3,
      7.7,
      6.4,
      12.1,
      6.4,
      6.3,
      5.6,
      23.4,
      13.2,
      6.3,
      6.4,
      1.1,
      8.2,
      2.4,
      6.2,
      4.1,
      15.7,
      5.8,
      14.0,
      6.1,
      5.7,
      18.2,
      10.2,
      20.6,
      7.9,
      75.6,
      17.5,
      10.0,
      29.2,
      73.0,
      9.0,
      23.1,
      6.4,
      11.4
    ],
    [
      3.0,
      4.2,
      15.7,
      4.3,
      5.7,
      1.9,
      3.9,
      2.9,
      3.7,
      1.5,
      4.1,
      3.7,
      2.0,
      2.0,
      2.1,
      1.4,
      4.4,
      3.9,
      6.4,
      0.0,
      14.4,
      3.0,
      9.0,
      3.1,
      9.0,
      3.1,
      3.0,
      2.5,
      19.0,
      14.5,
      2.9,
      3.1,
      3.6,
      2.6,
      4.2,
      2.9,
      4.3,
      17.0,
      2.5,
      10.9,
      2.8,
      2.4,
      15.2,
      5.7,
      17.5,
      4.0,
      71.2,
      14.4,
      3.5,
      24.8,
      64.0,
      10.2,
      18.7,
      3.1,
      8.3
    ],
    [
      16.8,
      12.6,
      2.9,
      12.7,
      22.8,
      12.9,
      12.4,
      12.9,
      13.0,
      13.6,
      12.6,
      13.0,
      14.0,
      12.6,
      14.1,
      13.3,
      21.4,
      12.4,
      17.5,
      14.4,
      0.0,
      13.4,
      25.4,
      13.5,
      8.7,
      13.5,
      13.5,
      12.7,
      27.9,
      30.9,
      13.0,
      13.6,
      16.7,
      17.0,
      22.9,
      13.3,
      21.8,
      33.4,
      12.9,
      3.7,
      14.8,
      14.4,
      1.5,
      15.9,
      5.0,
      13.2,
      61.7,
      0.037,
      13.6,
      33.7,
      51.5,
      26.6,
      28.7,
      13.5,
      7.3
    ],
    [
      5.2,
      0.6,
      10.2,
      0.6,
      6.1,
      0.75,
      0.5,
      0.8,
      0.073,
      2.0,
      0.35,
      3.5,
      0.9,
      0.55,
      0.5,
      1.7,
      6.2,
      0.5,
      6.3,
      3.0,
      13.4,
      0.0,
      12.6,
      0.45,
      7.1,
      0.45,
      0.6,
      0.6,
      18.6,
      18.1,
      0.24,
      0.55,
      6.3,
      3.5,
      7.3,
      0.18,
      9.0,
      20.6,
      0.5,
      9.1,
      0.45,
      0.26,
      13.3,
      2.7,
      15.7,
      0.4,
      64.9,
      12.5,
      2.0,
      24.4,
      62.1,
      13.8,
      19.3,
      0.12,
      6.5
    ],
    [
      10.4,
      12.6,
      22.2,
      12.7,
      7.1,
      10.4,
      12.4,
      12.0,
      12.7,
      9.9,
      12.6,
      12.7,
      10.4,
      10.5,
      10.6,
      10.0,
      7.2,
      12.4,
      7.7,
      9.0,
      25.4,
      12.6,
      0.0,
      11.7,
      20.1,
      11.7,
      11.6,
      10.8,
      25.5,
      5.2,
      11.7,
      11.7,
      6.7,
      10.3,
      6.5,
      11.4,
      5.1,
      9.1,
      11.0,
      22.0,
      11.2,
      11.5,
      26.3,
      12.3,
      28.7,
      12.6,
      77.8,
      25.5,
      12.1,
      31.4,
      75.1,
      3.8,
      25.2,
      11.6,
      19.5
    ],
    [
      5.3,
      0.3,
      10.4,
      0.6,
      6.3,
      0.8,
      0.14,
      3.5,
      3.6,
      2.1,
      0.19,
      0.65,
      1.5,
      0.55,
      0.7,
      1.8,
      6.4,
      0.15,
      6.4,
      3.1,
      13.5,
      0.45,
      11.7,
      0.0,
      6.8,
      0.12,
      0.3,
      2.1,
      21.4,
      17.8,
      0.7,
      0.22,
      6.0,
      4.1,
      7.0,
      0.3,
      8.7,
      20.3,
      0.4,
      8.8,
      0.85,
      0.6,
      13.0,
      3.2,
      15.4,
      0.9,
      66.2,
      12.3,
      2.5,
      27.2,
      61.9,
      13.5,
      22.2,
      0.5,
      6.2
    ],
    [
      11.3,
      7.2,
      3.8,
      7.3,
      17.3,
      7.5,
      6.9,
      7.4,
      7.6,
      8.2,
      7.1,
      7.6,
      8.5,
      7.2,
      8.7,
      7.9,
      15.9,
      6.9,
      12.1,
      9.0,
      8.7,
      7.1,
      20.1,
      6.8,
      0.0,
      7.8,
      7.7,
      7.0,
      22.2,
      25.2,
      7.2,
      7.8,
      10.9,
      11.2,
      17.1,
      7.6,
      16.0,
      27.6,
      7.2,
      4.2,
      9.1,
      8.7,
      8.4,
      10.2,
      10.8,
      7.5,
      62.4,
      7.7,
      7.8,
      28.0,
      57.3,
      20.9,
      22.9,
      7.8,
      1.5
    ],
    [
      5.3,
      0.19,
      10.4,
      0.5,
      6.3,
      0.65,
      0.2,
      3.5,
      0.55,
      2.1,
      0.25,
      0.6,
      0.9,
      0.45,
      0.65,
      1.8,
      6.4,
      0.22,
      6.4,
      3.1,
      13.5,
      0.45,
      11.7,
      0.12,
      7.8,
      0.0,
      0.19,
      0.5,
      21.5,
      17.9,
      0.7,
      0.11,
      6.1,
      4.2,
      7.1,
      0.3,
      8.8,
      20.4,
      0.29,
      8.9,
      0.8,
      0.5,
      13.1,
      3.3,
      15.5,
      0.85,
      66.3,
      12.4,
      2.6,
      27.3,
      62.0,
      13.6,
      22.3,
      0.5,
      6.3
    ],
    [
      5.3,
      0.0,
      10.3,
      0.45,
      6.2,
      0.45,
      0.4,
      3.4,
      0.65,
      2.1,
      0.45,
      0.75,
      0.85,
      0.4,
      0.55,
      1.0,
      6.3,
      0.4,
      6.3,
      3.0,
      13.5,
      0.6,
      11.6,
      0.3,
      7.7,
      0.19,
      0.0,
      0.3,
      21.7,
      18.1,
      0.85,
      0.079,
      6.4,
      4.4,
      7.3,
      0.5,
      9.0,
      20.6,
      0.22,
      9.1,
      0.8,
      0.65,
      13.3,
      3.5,
      15.7,
      2.5,
      66.5,
      12.6,
      2.8,
      27.5,
      62.2,
      13.9,
      22.5,
      0.7,
      6.5
    ],
    [
      4.9,
      0.3,
      9.6,
      0.12,
      5.5,
      0.23,
      0.65,
      2.7,
      0.7,
      0.5,
      0.8,
      0.8,
      0.65,
      0.079,
      0.35,
      1.4,
      5.6,
      2.2,
      5.6,
      2.5,
      12.7,
      0.6,
      10.8,
      2.1,
      7.0,
      0.5,
      0.3,
      0.0,
      21.7,
      15.9,
      0.85,
      0.4,
      4.1,
      3.2,
      5.1,
      0.55,
      6.8,
      18.4,
      0.21,
      9.1,
      0.6,
      0.6,
      13.3,
      3.3,
      15.7,
      2.9,
      66.4,
      12.5,
      3.3,
      27.5,
      62.1,
      11.6,
      22.4,
      0.75,
      6.5
    ],
    [
      22.2,
      21.7,
      24.8,
      21.8,
      22.8,
      22.0,
      21.5,
      16.4,
      17.2,
      19.0,
      18.7,
      17.1,
      18.8,
      21.7,
      17.5,
      18.7,
      21.4,
      21.5,
      23.4,
      19.0,
      27.9,
      18.6,
      25.5,
      21.4,
      22.2,
      21.5,
      21.7,
      21.7,
      0.0,
      41.7,
      29.2,
      32.9,
      33.9,
      27.8,
      33.7,
      32.7,
      32.6,
      44.2,
      32.3,
      35.4,
      28.7,
      29.0,
      39.7,
      26.6,
      42.1,
      28.4,
      90.1,
      38.9,
      27.5,
      6.0,
      88.5,
      37.5,
      26.7,
      32.9,
      32.9
    ],
    [
      16.0,
      18.1,
      27.8,
      18.2,
      12.6,
      15.9,
      17.9,
      17.5,
      18.3,
      15.4,
      18.1,
      18.2,
      16.0,
      16.0,
      16.1,
      15.5,
      12.7,
      17.9,
      13.2,
      14.5,
      30.9,
      18.1,
      5.2,
      17.8,
      25.2,
      17.9,
      18.1,
      15.9,
      41.7,
      0.0,
      16.9,
      16.8,
      11.9,
      15.5,
      11.7,
      16.6,
      10.2,
      6.7,
      16.2,
      27.2,
      16.4,
      16.7,
      31.4,
      17.5,
      33.8,
      17.8,
      82.9,
      30.7,
      17.3,
      36.5,
      80.3,
      9.1,
      30.4,
      16.8,
      24.6
    ],
    [
      5.1,
      0.85,
      9.8,
      0.85,
      8.9,
      1.4,
      0.75,
      0.55,
      0.17,
      1.9,
      0.6,
      0.077,
      1.3,
      0.8,
      0.65,
      1.6,
      7.5,
      2.0,
      6.3,
      2.9,
      13.0,
      0.24,
      11.7,
      0.7,
      7.2,
      0.7,
      0.85,
      0.85,
      29.2,
      16.9,
      0.0,
      0.8,
      5.4,
      2.1,
      9.3,
      0.4,
      8.2,
      19.8,
      0.7,
      9.3,
      0.55,
      0.4,
      13.6,
      2.0,
      16.0,
      0.17,
      64.9,
      12.8,
      0.85,
      22.9,
      62.4,
      13.1,
      18.0,
      0.35,
      6.8
    ],
    [
      5.3,
      0.081,
      10.4,
      0.5,
      6.3,
      0.55,
      0.3,
      3.5,
      0.65,
      0.8,
      0.35,
      0.75,
      1.5,
      0.45,
      0.65,
      1.8,
      6.4,
      0.3,
      6.4,
      3.1,
      13.6,
      0.55,
      11.7,
      0.22,
      7.8,
      0.11,
      0.079,
      0.4,
      32.9,
      16.8,
      0.8,
      0.0,
      6.3,
      4.3,
      7.3,
      0.4,
      9.0,
      20.6,
      0.3,
      9.1,
      0.85,
      0.6,
      13.3,
      3.5,
      15.7,
      2.4,
      66.4,
      12.5,
      2.8,
      27.5,
      62.1,
      13.8,
      22.4,
      0.6,
      6.5
    ],
    [
      4.6,
      6.4,
      13.5,
      6.4,
      1.3,
      4.1,
      6.1,
      5.4,
      6.8,
      3.6,
      6.3,
      6.7,
      4.2,
      4.2,
      4.5,
      3.7,
      1.4,
      6.1,
      1.1,
      3.6,
      16.7,
      6.3,
      6.7,
      6.0,
      10.9,
      6.1,
      6.4,
      4.1,
      33.9,
      11.9,
      5.4,
      6.3,
      0.0,
      8.3,
      3.5,
      4.9,
      4.2,
      15.8,
      4.5,
      12.7,
      4.8,
      4.4,
      16.9,
      10.3,
      19.3,
      6.6,
      70.1,
      16.2,
      5.5,
      29.4,
      65.8,
      9.1,
      23.2,
      5.1,
      10.1
    ],
    [
      4.7,
      4.4,
      13.8,
      4.5,
      7.5,
      3.2,
      4.1,
      2.2,
      3.0,
      2.7,
      3.6,
      3.0,
      NaN,
      2.9,
      2.6,
      2.4,
      6.1,
      4.1,
      8.2,
      2.6,
      17.0,
      3.5,
      10.3,
      4.1,
      11.2,
      4.2,
      4.4,
      3.2,
      27.8,
      15.5,
      2.1,
      4.3,
      8.3,
      0.0,
      7.9,
      3.4,
      6.8,
      18.4,
      3.1,
      13.4,
      2.1,
      2.4,
      17.6,
      1.7,
      20.0,
      2.8,
      69.1,
      16.9,
      2.3,
      22.7,
      66.5,
      11.6,
      16.6,
      3.6,
      10.8
    ],
    [
      5.2,
      7.3,
      19.7,
      7.4,
      0.6,
      5.1,
      7.1,
      9.4,
      10.2,
      4.6,
      7.3,
      10.2,
      5.2,
      5.2,
      5.5,
      4.7,
      0.45,
      7.1,
      2.4,
      4.2,
      22.9,
      7.3,
      6.5,
      7.0,
      17.1,
      7.1,
      7.3,
      5.1,
      33.7,
      11.7,
      9.3,
      7.3,
      3.5,
      7.9,
      0.0,
      5.7,
      3.1,
      14.7,
      5.3,
      18.9,
      8.1,
      5.2,
      23.1,
      9.1,
      25.5,
      9.5,
      74.6,
      22.4,
      9.0,
      28.2,
      72.0,
      3.9,
      22.1,
      5.9,
      10.9
    ],
    [
      5.1,
      0.5,
      10.1,
      0.55,
      6.0,
      0.9,
      0.35,
      3.2,
      0.25,
      1.9,
      0.27,
      0.35,
      0.8,
      0.5,
      0.55,
      1.6,
      6.2,
      0.35,
      6.2,
      2.9,
      13.3,
      0.18,
      11.4,
      0.3,
      7.6,
      0.3,
      0.5,
      0.55,
      32.7,
      16.6,
      0.4,
      0.4,
      4.9,
      3.4,
      5.7,
      0.0,
      9.1,
      20.7,
      0.4,
      9.2,
      0.6,
      0.35,
      13.4,
      2.8,
      15.8,
      0.6,
      65.0,
      12.7,
      2.1,
      24.5,
      62.3,
      13.9,
      19.5,
      0.24,
      6.6
    ],
    [
      5.7,
      9.0,
      18.6,
      9.1,
      3.4,
      6.8,
      8.8,
      8.3,
      9.1,
      6.3,
      9.0,
      9.1,
      6.8,
      6.9,
      7.0,
      6.3,
      2.2,
      8.8,
      4.1,
      4.3,
      21.8,
      9.0,
      5.1,
      8.7,
      16.0,
      8.8,
      9.0,
      6.8,
      32.6,
      10.2,
      8.2,
      9.0,
      4.2,
      6.8,
      3.1,
      9.1,
      0.0,
      13.8,
      5.8,
      17.3,
      6.5,
      5.5,
      21.5,
      7.6,
      23.9,
      7.9,
      73.0,
      20.8,
      7.4,
      26.6,
      70.4,
      7.1,
      20.5,
      6.4,
      14.7
    ],
    [
      18.3,
      20.6,
      30.2,
      20.7,
      15.0,
      18.3,
      20.3,
      19.9,
      20.7,
      17.9,
      20.5,
      20.7,
      18.4,
      18.5,
      18.6,
      17.9,
      15.1,
      20.4,
      15.7,
      17.0,
      33.4,
      20.6,
      9.1,
      20.3,
      27.6,
      20.4,
      20.6,
      18.4,
      44.2,
      6.7,
      19.8,
      20.6,
      15.8,
      18.4,
      14.7,
      20.7,
      13.8,
      0.0,
      19.0,
      30.0,
      19.2,
      19.5,
      34.2,
      20.2,
      36.6,
      20.6,
      85.7,
      33.5,
      20.1,
      39.3,
      83.1,
      11.9,
      33.2,
      19.6,
      27.4
    ],
    [
      4.7,
      0.22,
      9.8,
      0.2,
      5.7,
      0.35,
      0.5,
      2.9,
      0.55,
      0.65,
      0.6,
      0.65,
      0.6,
      0.16,
      0.35,
      0.9,
      5.8,
      0.5,
      5.8,
      2.5,
      12.9,
      0.5,
      11.0,
      0.4,
      7.2,
      0.29,
      0.22,
      0.21,
      32.3,
      16.2,
      0.7,
      0.3,
      4.5,
      3.1,
      5.3,
      0.4,
      5.8,
      19.0,
      0.0,
      10.9,
      0.55,
      0.5,
      15.1,
      2.7,
      17.5,
      0.9,
      68.3,
      14.4,
      2.4,
      23.6,
      64.0,
      12.1,
      18.8,
      0.6,
      8.3
    ],
    [
      13.3,
      9.1,
      0.7,
      9.2,
      19.3,
      9.4,
      8.9,
      9.4,
      9.5,
      10.1,
      9.1,
      9.5,
      10.5,
      9.1,
      10.6,
      9.8,
      17.9,
      8.9,
      14.0,
      10.9,
      3.7,
      9.1,
      22.0,
      8.8,
      4.2,
      8.9,
      9.1,
      9.1,
      35.4,
      27.2,
      9.3,
      9.1,
      12.7,
      13.4,
      18.9,
      9.2,
      17.3,
      30.0,
      10.9,
      0.0,
      11.4,
      11.0,
      4.1,
      12.4,
      8.4,
      9.8,
      61.3,
      4.3,
      10.1,
      30.2,
      54.9,
      23.2,
      25.2,
      10.0,
      3.9
    ],
    [
      5.0,
      0.8,
      11.7,
      0.6,
      8.4,
      0.65,
      0.9,
      1.3,
      0.5,
      0.9,
      0.85,
      0.6,
      0.65,
      0.55,
      0.24,
      0.9,
      7.0,
      0.9,
      6.1,
      2.8,
      14.8,
      0.45,
      11.2,
      0.85,
      9.1,
      0.8,
      0.8,
      0.6,
      28.7,
      16.4,
      0.55,
      0.85,
      4.8,
      2.1,
      8.1,
      0.6,
      6.5,
      19.2,
      0.55,
      11.4,
      0.0,
      0.3,
      14.9,
      2.4,
      17.3,
      0.65,
      68.1,
      14.2,
      2.1,
      23.3,
      63.8,
      11.9,
      18.4,
      0.6,
      8.1
    ],
    [
      4.6,
      0.65,
      11.3,
      0.55,
      5.6,
      0.65,
      0.65,
      0.9,
      0.28,
      1.0,
      0.55,
      0.45,
      0.75,
      0.55,
      0.3,
      1.0,
      7.4,
      0.65,
      5.7,
      2.4,
      14.4,
      0.26,
      11.5,
      0.6,
      8.7,
      0.5,
      0.65,
      0.6,
      29.0,
      16.7,
      0.4,
      0.6,
      4.4,
      2.4,
      5.2,
      0.35,
      5.5,
      19.5,
      0.5,
      11.0,
      0.3,
      0.0,
      15.1,
      2.2,
      17.5,
      0.55,
      70.8,
      14.3,
      1.9,
      23.1,
      63.9,
      13.3,
      18.2,
      0.4,
      8.3
    ],
    [
      17.5,
      13.3,
      2.7,
      13.4,
      23.5,
      13.7,
      13.1,
      13.6,
      13.7,
      14.3,
      13.3,
      13.7,
      14.7,
      13.4,
      14.9,
      14.0,
      22.1,
      13.1,
      18.2,
      15.2,
      1.5,
      13.3,
      26.3,
      13.0,
      8.4,
      13.1,
      13.3,
      13.3,
      39.7,
      31.4,
      13.6,
      13.3,
      16.9,
      17.6,
      23.1,
      13.4,
      21.5,
      34.2,
      15.1,
      4.1,
      14.9,
      15.1,
      0.0,
      16.7,
      5.8,
      14.0,
      62.5,
      1.1,
      14.4,
      34.5,
      52.3,
      27.4,
      29.5,
      14.3,
      8.1
    ],
    [
      9.0,
      3.5,
      12.7,
      3.6,
      9.5,
      2.7,
      3.3,
      1.3,
      2.1,
      2.8,
      2.8,
      2.1,
      2.6,
      2.7,
      2.4,
      2.5,
      8.1,
      3.3,
      10.2,
      5.7,
      15.9,
      2.7,
      12.3,
      3.2,
      10.2,
      3.3,
      3.5,
      3.3,
      26.6,
      17.5,
      2.0,
      3.5,
      10.3,
      1.7,
      9.1,
      2.8,
      7.6,
      20.2,
      2.7,
      12.4,
      2.4,
      2.2,
      16.7,
      0.0,
      18.9,
      2.4,
      68.0,
      15.7,
      1.6,
      21.7,
      65.3,
      12.5,
      16.3,
      3.4,
      9.7
    ],
    [
      19.9,
      15.7,
      7.0,
      15.8,
      25.9,
      16.1,
      15.5,
      16.0,
      16.1,
      16.7,
      15.7,
      16.1,
      17.1,
      15.7,
      17.3,
      16.4,
      24.5,
      15.5,
      20.6,
      17.5,
      5.0,
      15.7,
      28.7,
      15.4,
      10.8,
      15.5,
      15.7,
      15.7,
      42.1,
      33.8,
      16.0,
      15.7,
      19.3,
      20.0,
      25.5,
      15.8,
      23.9,
      36.6,
      17.5,
      8.4,
      17.3,
      17.5,
      5.8,
      18.9,
      0.0,
      15.5,
      63.7,
      4.7,
      15.9,
      36.0,
      48.9,
      28.9,
      31.0,
      15.8,
      9.6
    ],
    [
      7.2,
      2.5,
      10.1,
      2.6,
      9.8,
      3.3,
      0.95,
      0.4,
      0.35,
      3.0,
      0.75,
      0.25,
      2.8,
      3.0,
      0.8,
      2.7,
      8.4,
      2.2,
      7.9,
      4.0,
      13.2,
      0.4,
      12.6,
      0.9,
      7.5,
      0.85,
      2.5,
      2.9,
      28.4,
      17.8,
      0.17,
      2.4,
      6.6,
      2.8,
      9.5,
      0.6,
      7.9,
      20.6,
      0.9,
      9.8,
      0.65,
      0.55,
      14.0,
      2.4,
      15.5,
      0.0,
      64.8,
      12.7,
      0.7,
      22.7,
      62.3,
      13.7,
      18.9,
      3.3,
      6.6
    ],
    [
      74.4,
      66.5,
      59.9,
      66.6,
      75.0,
      66.8,
      66.2,
      65.0,
      65.1,
      67.5,
      65.0,
      65.1,
      67.8,
      66.5,
      68.0,
      67.2,
      73.6,
      66.2,
      75.6,
      71.2,
      61.7,
      64.9,
      77.8,
      66.2,
      62.4,
      66.3,
      66.5,
      66.4,
      90.1,
      82.9,
      64.9,
      66.4,
      70.1,
      69.1,
      74.6,
      65.0,
      73.0,
      85.7,
      68.3,
      61.3,
      68.1,
      70.8,
      62.5,
      68.0,
      63.7,
      64.8,
      0.0,
      62.0,
      65.7,
      84.9,
      29.5,
      79.0,
      81.0,
      68.1,
      61.9
    ],
    [
      16.8,
      12.6,
      2.9,
      12.7,
      22.7,
      12.9,
      12.3,
      12.8,
      13.0,
      13.6,
      12.5,
      13.0,
      13.9,
      12.6,
      14.1,
      13.3,
      21.3,
      12.3,
      17.5,
      14.4,
      0.037,
      12.5,
      25.5,
      12.3,
      7.7,
      12.4,
      12.6,
      12.5,
      38.9,
      30.7,
      12.8,
      12.5,
      16.2,
      16.9,
      22.4,
      12.7,
      20.8,
      33.5,
      14.4,
      4.3,
      14.2,
      14.3,
      1.1,
      15.7,
      4.7,
      12.7,
      62.0,
      0.0,
      13.5,
      33.7,
      51.5,
      26.6,
      28.6,
      13.5,
      7.3
    ],
    [
      5.7,
      2.8,
      10.4,
      2.9,
      9.3,
      2.4,
      2.6,
      0.35,
      1.4,
      2.5,
      2.1,
      0.95,
      2.3,
      2.4,
      2.1,
      2.2,
      7.9,
      2.6,
      10.0,
      3.5,
      13.6,
      2.0,
      12.1,
      2.5,
      7.8,
      2.6,
      2.8,
      3.3,
      27.5,
      17.3,
      0.85,
      2.8,
      5.5,
      2.3,
      9.0,
      2.1,
      7.4,
      20.1,
      2.4,
      10.1,
      2.1,
      1.9,
      14.4,
      1.6,
      15.9,
      0.7,
      65.7,
      13.5,
      0.0,
      23.5,
      63.2,
      16.4,
      18.4,
      3.9,
      7.6
    ],
    [
      28.0,
      27.5,
      30.6,
      27.6,
      28.6,
      27.9,
      27.3,
      22.2,
      23.0,
      24.8,
      24.5,
      23.0,
      24.6,
      27.5,
      24.7,
      24.5,
      27.2,
      27.3,
      29.2,
      24.8,
      33.7,
      24.4,
      31.4,
      27.2,
      28.0,
      27.3,
      27.5,
      27.5,
      6.0,
      36.5,
      22.9,
      27.5,
      29.4,
      22.7,
      28.2,
      24.5,
      26.6,
      39.3,
      23.6,
      30.2,
      23.3,
      23.1,
      34.5,
      21.7,
      36.0,
      22.7,
      84.9,
      33.7,
      23.5,
      0.0,
      83.4,
      32.4,
      21.6,
      27.8,
      27.8
    ],
    [
      66.4,
      62.2,
      53.5,
      62.3,
      72.3,
      62.5,
      61.9,
      62.5,
      62.6,
      63.2,
      62.1,
      62.6,
      63.5,
      62.2,
      63.7,
      62.9,
      71.0,
      61.9,
      73.0,
      64.0,
      51.5,
      62.1,
      75.1,
      61.9,
      57.3,
      62.0,
      62.2,
      62.1,
      88.5,
      80.3,
      62.4,
      62.1,
      65.8,
      66.5,
      72.0,
      62.3,
      70.4,
      83.1,
      64.0,
      54.9,
      63.8,
      63.9,
      52.3,
      65.3,
      48.9,
      62.3,
      29.5,
      51.5,
      63.2,
      83.4,
      0.0,
      76.2,
      78.2,
      63.0,
      56.9
    ],
    [
      11.6,
      13.9,
      23.5,
      14.0,
      4.5,
      11.6,
      13.6,
      13.2,
      14.0,
      11.1,
      13.8,
      13.9,
      11.7,
      11.7,
      11.8,
      11.2,
      3.4,
      13.6,
      9.0,
      10.2,
      26.6,
      13.8,
      3.8,
      13.5,
      20.9,
      13.6,
      13.9,
      11.6,
      37.5,
      9.1,
      13.1,
      13.8,
      9.1,
      11.6,
      3.9,
      13.9,
      7.1,
      11.9,
      12.1,
      23.2,
      11.9,
      13.3,
      27.4,
      12.5,
      28.9,
      13.7,
      79.0,
      26.6,
      16.4,
      32.4,
      76.2,
      0.0,
      24.2,
      13.6,
      18.4
    ],
    [
      21.9,
      22.5,
      25.5,
      22.6,
      22.4,
      22.8,
      22.2,
      17.1,
      17.9,
      21.1,
      19.4,
      19.2,
      18.4,
      22.5,
      18.5,
      18.4,
      21.0,
      22.2,
      23.1,
      18.7,
      28.7,
      19.3,
      25.2,
      22.2,
      22.9,
      22.3,
      22.5,
      22.4,
      26.7,
      30.4,
      18.0,
      22.4,
      23.2,
      16.6,
      22.1,
      19.5,
      20.5,
      33.2,
      18.8,
      25.2,
      18.4,
      18.2,
      29.5,
      16.3,
      31.0,
      18.9,
      81.0,
      28.6,
      18.4,
      21.6,
      78.2,
      24.2,
      0.0,
      23.7,
      23.6
    ],
    [
      5.3,
      0.7,
      10.3,
      0.7,
      6.3,
      0.85,
      0.55,
      0.9,
      0.19,
      2.1,
      0.35,
      0.26,
      1.5,
      0.7,
      0.65,
      1.8,
      6.4,
      0.55,
      6.4,
      3.1,
      13.5,
      0.12,
      11.6,
      0.5,
      7.8,
      0.5,
      0.7,
      0.75,
      32.9,
      16.8,
      0.35,
      0.6,
      5.1,
      3.6,
      5.9,
      0.24,
      6.4,
      19.6,
      0.6,
      10.0,
      0.6,
      0.4,
      14.3,
      3.4,
      15.8,
      3.3,
      68.1,
      13.5,
      3.9,
      27.8,
      63.0,
      13.6,
      23.7,
      0.0,
      6.4
    ],
    [
      10.7,
      6.5,
      4.2,
      6.6,
      16.7,
      6.9,
      6.3,
      6.8,
      6.9,
      7.5,
      6.5,
      6.9,
      7.9,
      6.5,
      8.1,
      7.2,
      15.3,
      6.3,
      11.4,
      8.3,
      7.3,
      6.5,
      19.5,
      6.2,
      1.5,
      6.3,
      6.5,
      6.5,
      32.9,
      24.6,
      6.8,
      6.5,
      10.1,
      10.8,
      10.9,
      6.6,
      14.7,
      27.4,
      8.3,
      3.9,
      8.1,
      8.3,
      8.1,
      9.7,
      9.6,
      6.6,
      61.9,
      7.3,
      7.6,
      27.8,
      56.9,
      18.4,
      23.6,
      6.4,
      0.0
    ]
  ],
  "drive_time_matrix": [
    [
      0.0,
      12.0,
      16.0,
      11.0,
      9.0,
      12.0,
      18.0,
      12.0,
      15.0,
      10.0,
      12.0,
      15.0,
      8.0,
      10.0,
      9.0,
      8.0,
      9.0,
      18.0,
      10.0,
      6.0,
      18.0,
      11.0,
      11.0,
      12.0,
      16.0,
      12.0,
      12.0,
      10.0,
      21.0,
      17.0,
      11.0,
      12.0,
      8.0,
      8.0,
      8.0,
      11.0,
      9.0,
      17.0,
      10.0,
      16.0,
      11.0,
      9.0,
      20.0,
      11.0,
      20.0,
      15.0,
      59.0,
      18.0,
      12.0,
      26.0,
      59.0,
      13.0,
      24.0,
      11.0,
      15.0
    ],
    [
      12.0,
      0.0,
      13.0,
      6.0,
      15.0,
      6.0,
      5.0,
      11.0,
      9.0,
      10.0,
      6.0,
      10.0,
      12.0,
      5.0,
      8.0,
      13.0,
      15.0,
      5.0,
      16.0,
      12.0,
      15.0,
      8.0,
      18.0,
      4.0,
      13.0,
      2.0,
      1.0,
      4.0,
      24.0,
      23.0,
      11.0,
      1.0,
      14.0,
      12.0,
      14.0,
      7.0,
      16.0,
      24.0,
      3.0,
      13.0,
      11.0,
      9.0,
      17.0,
      12.0,
      17.0,
      11.0,
      57.0,
      15.0,
      10.0,
      30.0,
      56.0,
      20.0,
      28.0,
      7.0,
      12.0
    ],
    [
      16.0,
      13.0,
      0.0,
      11.0,
      15.0,
      11.0,
      18.0,
      11.0,
      12.0,
      9.0,
      9.0,
      12.0,
      12.0,
      9.0,
      12.0,
      10.0,
      14.0,
      18.0,
      17.0,
      13.0,
      5.0,
      11.0,
      15.0,
      12.0,
      6.0,
      12.0,
      11.0,
      9.0,
      20.0,
      20.0,
      12.0,
      12.0,
      15.0,
      11.0,
      14.0,
      11.0,
      14.0,
      22.0,
      9.0,
      5.0,
      15.0,
      13.0,
      5.0,
      11.0,
      6.0,
      13.0,
      46.0,
      5.0,
      13.0,
      25.0,
      43.0,
      18.0,
      24.0,
      11.0,
      5.0
    ],
    [
      11.0,
      6.0,
      11.0,
      0.0,
      16.0,
      4.0,
      11.0,
      12.0,
      10.0,
      8.0,
      6.0,
      11.0,
      9.0,
      1.0,
      5.0,
      11.0,
      15.0,
      11.0,
      16.0,
      12.0,
      16.0,
      9.0,
      18.0,
      9.0,
      14.0,
      8.0,
      7.0,
      2.0,
      25.0,
      23.0,
      12.0,
      8.0,
      14.0,
      12.0,
      15.0,
      8.0,
      16.0,
      24.0,
      4.0,
      13.0,
      8.0,
      8.0,
      17.0,
      12.0,
      17.0,
      11.0,
      57.0,
      15.0,
      11.0,
      31.0,
      56.0,
      21.0,
      28.0,
      11.0,
      12.0
    ],
    [
      9.0,
      15.0,
      15.0,
      16.0,
      0.0,
      12.0,
      19.0,
      12.0,
      12.0,
      10.0,
      12.0,
      12.0,
      10.0,
      10.0,
      10.0,
      8.0,
      8.0,
      19.0,
      5.0,
      7.0,
      17.0,
      12.0,
      6.0,
      13.0,
      15.0,
      13.0,
      13.0,
      10.0,
      20.0,
      11.0,
      12.0,
      13.0,
      4.0,
      7.0,
      7.0,
      12.0,
      5.0,
      12.0,
      11.0,
      15.0,
      11.0,
      11.0,
      19.0,
      9.0,
      19.0,
      12.0,
      56.0,
      17.0,
      11.0,
      26.0,
      57.0,
      9.0,
      22.0,
      12.0,
      14.0
    ],
    [
      12.0,
      6.0,
      11.0,
      4.0,
      12.0,
      0.0,
      11.0,
      9.0,
      9.0,
      4.0,
      12.0,
      13.0,
      6.0,
      3.0,
      5.0,
      7.0,
      10.0,
      12.0,
      11.0,
      7.0,
      13.0,
      11.0,
      13.0,
      10.0,
      11.0,
      9.0,
      6.0,
      3.0,
      22.0,
      17.0,
      6.0,
      7.0,
      9.0,
      8.0,
      9.0,
      5.0,
      11.0,
      18.0,
      5.0,
      11.0,
      9.0,
      9.0,
      14.0,
      9.0,
      14.0,
      10.0,
      54.0,
      13.0,
      8.0,
      28.0,
      53.0,
      15.0,
      25.0,
      12.0,
      10.0
    ],
    [
      18.0,
      5.0,
      18.0,
      11.0,
      19.0,
      11.0,
      0.0,
      10.0,
      8.0,
      6.0,
      3.0,
      9.0,
      9.0,
      9.0,
      10.0,
      7.0,
      14.0,
      2.0,
      14.0,
      10.0,
      13.0,
      7.0,
      16.0,
      2.0,
      12.0,
      3.0,
      5.0,
      8.0,
      23.0,
      21.0,
      10.0,
      4.0,
      12.0,
      10.0,
      13.0,
      5.0,
      14.0,
      22.0,
