{
  "drive_dist_matrix": [
    [
      0.0,
      3.8,
      1.0,
      0.5,
      12.3,
      3.4,
      17.4,
      0.35,
      1.0,
      3.6,
      3.2,
      5.1,
      1.2,
      1.2,
      1.3,
      1.1,
      0.4,
      4.2
    ],
    [
      3.8,
      0.0,
      5.1,
      4.4,
      17.5,
      1.7,
      20.2,
      4.2,
      3.7,
      8.2,
      0.7,
      9.6,
      3.0,
      3.9,
      2.8,
      4.3,
      4.4,
      9.0
    ],
    [
      1.0,
      5.1,
      0.0,
      1.5,
      12.8,
      4.0,
      18.0,
      1.1,
      1.6,
      5.1,
      3.8,
      7.1,
      0.7,
      1.8,
      0.6,
      0.7,
      1.0,
      5.7
    ],
    [
      0.5,
      4.4,
      1.5,
      0.0,
      12.5,
      3.8,
      17.3,
      0.21,
      0.85,
      3.8,
      3.6,
      5.2,
      1.1,
      1.1,
      1.2,
      1.0,
      0.26,
      4.4
    ],
    [
      12.3,
      17.5,
      12.8,
      12.5,
      0.0,
      21.7,
      25.5,
      12.6,
      13.0,
      13.2,
      21.9,
      15.2,
      13.4,
      14.1,
      13.3,
      13.2,
      12.5,
      13.8
    ],
    [
      3.4,
      1.7,
      4.0,
      3.8,
      21.7,
      0.0,
      19.2,
      3.3,
      2.8,
      7.2,
      1.0,
      8.6,
      3.3,
      5.4,
      3.4,
      3.4,
      3.5,
      8.1
    ],
    [
      17.4,
      20.2,
      18.0,
      17.3,
      25.5,
      19.2,
      0.0,
      16.9,
      16.6,
      13.2,
      18.8,
      11.5,
      17.2,
      16.3,
      17.3,
      17.3,
      16.9,
      12.8
    ],
    [
      0.35,
      4.2,
      1.1,
      0.21,
      12.6,
      3.3,
      16.9,
      0.0,
      0.55,
      3.9,
      2.8,
      5.3,
      0.9,
      1.0,
      1.7,
      0.8,
      0.046,
      4.6
    ],
    [
      1.0,
      3.7,
      1.6,
      0.85,
      13.0,
      2.8,
      16.6,
      0.55,
      0.0,
      4.5,
      2.4,
      6.2,
      0.6,
      0.55,
      0.95,
      0.6,
      0.55,
      5.1
    ],
    [
      3.6,
      8.2,
      5.1,
      3.8,
      13.2,
      7.2,
      13.2,
      3.9,
      4.5,
      0.0,
      8.7,
      2.0,
      7.1,
      6.2,
      7.2,
      7.2,
      4.2,
      0.25
    ],
    [
      3.2,
      0.7,
      3.8,
      3.6,
      21.9,
      1.0,
      18.8,
      2.8,
      2.4,
      8.7,
      0.0,
      8.9,
      3.7,
      3.3,
      3.4,
      3.7,
      3.8,
      8.3
    ],
    [
      5.1,
      9.6,
      7.1,
      5.2,
      15.2,
      8.6,
      11.5,
      5.3,
      6.2,
      2.0,
      8.9,
      0.0,
      7.2,
      6.3,
      7.3,
      7.3,
      5.4,
      1.7
    ],
    [
      1.2,
      3.0,
      0.7,
      1.1,
      13.4,
      3.3,
      17.2,
      0.9,
      0.6,
      7.1,
      3.7,
      7.2,
      0.0,
      0.95,
      0.24,
      0.079,
      0.85,
      6.7
    ],
    [
      1.2,
      3.9,
      1.8,
      1.1,
      14.1,
      5.4,
      16.3,
      1.0,
      0.55,
      6.2,
      3.3,
      6.3,
      0.95,
      0.0,
      1.0,
      1.0,
      2.0,
      5.1
    ],
    [
      1.3,
      2.8,
      0.6,
      1.2,
      13.3,
      3.4,
      17.3,
      1.7,
      0.95,
      7.2,
      3.4,
      7.3,
      0.24,
      1.0,
      0.0,
      0.24,
      1.1,
      6.4
    ],
    [
      1.1,
      4.3,
      0.7,
      1.0,
      13.2,
      3.4,
      17.3,
      0.8,
      0.6,
      7.2,
      3.7,
      7.3,
      0.079,
      1.0,
      0.24,
      0.0,
      0.75,
      6.6
    ],
    [
      0.4,
      4.4,
      1.0,
      0.26,
      12.5,
      3.5,
      16.9,
      0.046,
      0.55,
      4.2,
      3.8,
      5.4,
      0.85,
      2.0,
      1.1,
      0.75,
      0.0,
      4.9
    ],
    [
      4.2,
      9.0,
      5.7,
      4.4,
      13.8,
      8.1,
      12.8,
      4.6,
      5.1,
      0.25,
      8.3,
      1.7,
      6.7,
      5.1,
      6.4,
      6.6,
      4.9,
      0.0
    ]
  ],
  "drive_time_matrix": [
    [
      0.0,
      10.0,
      6.0,
      3.0,
      24.0,
      10.0,
      24.0,
      5.0,
      13.0,
      9.0,
      9.0,
      12.0,
      6.0,
      5.0,
      6.0,
      6.0,
      6.0,
      10.0
    ],
    [
      10.0,
      0.0,
      9.0,
      8.0,
      30.0,
      4.0,
      26.0,
      7.0,
      6.0,
      17.0,
      8.0,
      19.0,
      33.0,
      6.0,
      31.0,
      8.0,
      8.0,
      17.0
    ],
    [
      6.0,
      9.0,
      0.0,
      7.0,
      24.0,
      10.0,
      25.0,
      5.0,
      6.0,
      11.0,
      10.0,
      16.0,
      9.0,
      5.0,
      8.0,
      9.0,
      5.0,
      12.0
    ],
    [
      3.0,
      8.0,
      7.0,
      0.0,
      25.0,
      9.0,
      23.0,
      3.0,
      11.0,
      9.0,
      8.0,
      13.0,
      5.0,
      4.0,
      5.0,
      4.0,
      4.0,
      10.0
    ],
    [
      24.0,
      30.0,
      24.0,
      25.0,
      0.0,
      24.0,
      36.0,
      23.0,
      24.0,
      24.0,
      24.0,
      28.0,
      25.0,
      24.0,
      25.0,
      25.0,
      22.0,
      25.0
    ],
    [
      10.0,
      4.0,
      10.0,
      9.0,
      24.0,
      0.0,
      25.0,
      6.0,
      5.0,
      16.0,
      13.0,
      18.0,
      6.0,
      65.0,
      6.0,
      7.0,
      7.0,
      16.0
    ],
    [
      24.0,
      26.0,
      25.0,
      23.0,
      36.0,
      25.0,
      0.0,
      27.0,
      26.0,
      24.0,
      29.0,
      22.0,
      26.0,
      24.0,
      26.0,
      26.0,
      28.0,
      23.0
    ],
    [
      5.0,
      7.0,
      5.0,
      3.0,
      23.0,
      6.0,
      27.0,
      0.0,
      8.0,
      10.0,
      7.0,
      13.0,
      4.0,
      3.0,
      4.0,
      10.0,
      1.0,
      11.0
    ],
    [
      13.0,
      6.0,
      6.0,
      11.0,
      24.0,
      5.0,
      26.0,
      8.0,
      0.0,
      12.0,
      6.0,
      14.0,
      8.0,
      7.0,
      3.0,
      8.0,
      8.0,
      13.0
    ],
    [
      9.0,
      17.0,
      11.0,
      9.0,
      24.0,
      16.0,
      24.0,
      10.0,
      12.0,
      0.0,
      16.0,
      4.0,
      13.0,
      11.0,
      13.0,
      13.0,
      10.0,
      3.0
    ],
    [
      9.0,
      8.0,
      10.0,
      8.0,
      24.0,
      13.0,
      29.0,
      7.0,
      6.0,
      16.0,
      0.0,
      17.0,
      42.0,
      5.0,
      40.0,
      42.0,
      6.0,
      16.0
    ],
    [
      12.0,
      19.0,
      16.0,
      13.0,
      28.0,
      18.0,
      22.0,
      13.0,
      14.0,
      4.0,
      17.0,
      0.0,
      15.0,
      13.0,
      15.0,
      15.0,
      13.0,
      5.0
    ],
    [
      6.0,
      33.0,
      9.0,
      5.0,
      25.0,
      6.0,
      26.0,
      4.0,
      8.0,
      13.0,
      42.0,
      15.0,
      0.0,
      12.0,
      3.0,
      1.0,
      11.0,
      13.0
    ],
    [
      5.0,
      6.0,
      5.0,
      4.0,
      24.0,
      65.0,
      24.0,
      3.0,
      7.0,
      11.0,
      5.0,
      13.0,
      12.0,
      0.0,
      2.0,
      2.0,
      5.0,
      11.0
    ],
    [
      6.0,
      31.0,
      8.0,
      5.0,
      25.0,
      6.0,
      26.0,
      4.0,
      3.0,
      13.0,
      40.0,
      15.0,
      3.0,
      2.0,
      0.0,
      3.0,
      5.0,
      13.0
    ],
    [
      6.0,
      8.0,
      9.0,
      4.0,
      25.0,
      7.0,
      26.0,
      10.0,
      8.0,
      13.0,
      42.0,
      15.0,
      1.0,
      2.0,
      3.0,
      0.0,
      10.0,
      13.0
    ],
    [
      6.0,
      8.0,
      5.0,
      4.0,
      22.0,
      7.0,
      28.0,
      1.0,
      8.0,
      10.0,
      6.0,
      13.0,
      11.0,
      5.0,
      5.0,
      10.0,
      0.0,
      12.0
    ],
    [
      10.0,
      17.0,
      12.0,
      10.0,
      25.0,
      16.0,
      23.0,
      11.0,
      13.0,
      3.0,
      16.0,
      5.0,
      13.0,
      11.0,
      13.0,
      13.0,
      12.0,
      0.0
    ]
  ],
  "transit_dist_walk_matrix": [
    [
      0.0,
      NaN,
      NaN,
      NaN,
      NaN,
      NaN,
      NaN,
      NaN,
      NaN,
      NaN,
      NaN,
      NaN,
      NaN,
      NaN,
      NaN,
      NaN,
      NaN,
      NaN
    ],
    [
      NaN,
      0.0,
      NaN,
      NaN,
      NaN,
      NaN,
      NaN,
      NaN,
      NaN,
      NaN,
      NaN,
      NaN,
      NaN,
      NaN,
      NaN,
      NaN,
      NaN,
      NaN
    ],
    [
      NaN,
      NaN,
      0.0,
      NaN,
      NaN,
      NaN,
      NaN,
      NaN,
      NaN,
      NaN,
      NaN,
      NaN,
      NaN,
      NaN,
      NaN,
      NaN,
      NaN,
      NaN
    ],
    [
      NaN,
      NaN,
      NaN,
      0.0,
      NaN,
      NaN,
      NaN,
      NaN,
      NaN,
      NaN,
      NaN,
      NaN,
      NaN,
      NaN,
      NaN,
      NaN,
      NaN,
      NaN
    ],
    [
      NaN,
      NaN,
      NaN,
      NaN,
      0.0,
      NaN,
      NaN,
      NaN,
      NaN,
      NaN,
      NaN,
      NaN,
      NaN,
      NaN,
      NaN,
      NaN,
      NaN,
      NaN
    ],
    [
      NaN,
      NaN,
      NaN,
      NaN,
      NaN,
      0.0,
      NaN,
      NaN,
      NaN,
      NaN,
      NaN,
      NaN,
      NaN,
      NaN,
      NaN,
      NaN,
      NaN,
      NaN
    ],
    [
      NaN,
      NaN,
      NaN,
      NaN,
      NaN,
      NaN,
      0.0,
      NaN,
      NaN,
      NaN,
      NaN,
      NaN,
      NaN,
      NaN,
      NaN,
      NaN,
      NaN,
      NaN
    ],
    [
      NaN,
      NaN,
      NaN,
      NaN,
      NaN,
      NaN,
      NaN,
      0.0,
      NaN,
      NaN,
      NaN,
      NaN,
      NaN,
      NaN,
      NaN,
      NaN,
      NaN,
      NaN
    ],
    [
      NaN,
      NaN,
      NaN,
      NaN,
      NaN,
      NaN,
      NaN,
      NaN,
      0.0,
      NaN,
      NaN,
      NaN,
      NaN,
      NaN,
      NaN,
      NaN,
      NaN,
      NaN
    ],
    [
      NaN,
      NaN,
      NaN,
      NaN,
      NaN,
      NaN,
      NaN,
      NaN,
      NaN,
      0.0,
      NaN,
      NaN,
      NaN,
      NaN,
      NaN,
      NaN,
      NaN,
      NaN
    ],
    [
      NaN,
      NaN,
      NaN,
      NaN,
      NaN,
      NaN,
      NaN,
      NaN,
      NaN,
      NaN,
      0.0,
      NaN,
      NaN,
      NaN,
      NaN,
      NaN,
      NaN,
      NaN
    ],
    [
      NaN,
      NaN,
      NaN,
      NaN,
      NaN,
      NaN,
      NaN,
      NaN,
      NaN,
      NaN,
      NaN,
      0.0,
      NaN,
      NaN,
      NaN,
      NaN,
      NaN,
      NaN
    ],
    [
      NaN,
      NaN,
      NaN,
      NaN,
      NaN,
      NaN,
      NaN,
      NaN,
      NaN,
      NaN,
      NaN,
      NaN,
      0.0,
      NaN,
      NaN,
      NaN,
      NaN,
      NaN
    ],
    [
      NaN,
      NaN,
      NaN,
      NaN,
      NaN,
      NaN,
      NaN,
      NaN,
      NaN,
      NaN,
      NaN,
      NaN,
      NaN,
      0.0,
      NaN,
      NaN,
      NaN,
      NaN
    ],
    [
      NaN,
      NaN,
      NaN,
      NaN,
      NaN,
      NaN,
      NaN,
      NaN,
      NaN,
      NaN,
      NaN,
      NaN,
      NaN,
      NaN,
      0.0,
      NaN,
      NaN,
      NaN
    ],
    [
      NaN,
      NaN,
      NaN,
      NaN,
      NaN,
      NaN,
      NaN,
      NaN,
      NaN,
      NaN,
      NaN,
      NaN,
      NaN,
      NaN,
      NaN,
      0.0,
      NaN,
      NaN
    ],
    [
      NaN,
      NaN,
      NaN,
      NaN,
      NaN,
      NaN,
      NaN,
      NaN,
      NaN,
      NaN,
      NaN,
      NaN,
      NaN,
      NaN,
      NaN,
      NaN,
      0.0,
      NaN
    ],
    [
      NaN,
      NaN,
      NaN,
      NaN,
      NaN,
      NaN,
      NaN,
      NaN,
      NaN,
      NaN,
      NaN,
      NaN,
      NaN,
      NaN,
      NaN,
      NaN,
      NaN,
      0.0
    ]
  ],
  "transit_time_matrix": [
    [
      0.0,
      NaN,
      NaN,
      NaN,
      NaN,
      NaN,
      NaN,
      NaN,
      NaN,
      NaN,
      NaN,
      NaN,
      NaN,
      NaN,
      NaN,
      NaN,
      NaN,
      NaN
    ],
    [
      NaN,
      0.0,
      NaN,
      NaN,
      NaN,
      NaN,
      NaN,
      NaN,
      NaN,
      NaN,
      NaN,
      NaN,
      NaN,
      NaN,
      NaN,
      NaN,
      NaN,
      NaN
    ],
    [
      NaN,
      NaN,
      0.0,
      NaN,
      NaN,
      NaN,
      NaN,
      NaN,
      NaN,
      NaN,
      NaN,
      NaN,
      NaN,
      NaN,
      NaN,
      NaN,
      NaN,
      NaN
    ],
    [
      NaN,
      NaN,
      NaN,
      0.0,
      NaN,
      NaN,
      NaN,
      NaN,
      NaN,
      NaN,
      NaN,
      NaN,
      NaN,
      NaN,
      NaN,
      NaN,
      NaN,
      NaN
    ],
    [
      NaN,
      NaN,
      NaN,
      NaN,
      0.0,
      NaN,
      NaN,
      NaN,
      NaN,
      NaN,
      NaN,
      NaN,
      NaN,
      NaN,
      NaN,
      NaN,
      NaN,
      NaN
    ],
    [
      NaN,
      NaN,
      NaN,
      NaN,
      NaN,
      0.0,
      NaN,
      NaN,
      NaN,
      NaN,
      NaN,
      NaN,
      NaN,
      NaN,
      NaN,
      NaN,
      NaN,
      NaN
    ],
    [
      NaN,
      NaN,
      NaN,
      NaN,
      NaN,
      NaN,
      0.0,
      NaN,
      NaN,
      NaN,
      NaN,
      NaN,
      NaN,
      NaN,
      NaN,
      NaN,
      NaN,
      NaN
    ],
    [
      NaN,
      NaN,
      NaN,
      NaN,
      NaN,
      NaN,
      NaN,
      0.0,
      NaN,
      NaN,
      NaN,
      NaN,
      NaN,
      NaN,
      NaN,
      NaN,
      NaN,
      NaN
    ],
    [
      NaN,
      NaN,
      NaN,
      NaN,
      NaN,
      NaN,
      NaN,
      NaN,
      0.0,
      NaN,
      NaN,
      NaN,
      NaN,
      NaN,
      NaN,
      NaN,
      NaN,
      NaN
    ],
    [
      NaN,
      NaN,
      NaN,
      NaN,
      NaN,
      NaN,
      NaN,
      NaN,
      NaN,
      0.0,
      NaN,
      NaN,
      NaN,
      NaN,
      NaN,
      NaN,
      NaN,
      NaN
    ],
    [
      NaN,
      NaN,
      NaN,
      NaN,
      NaN,
      NaN,
      NaN,
      NaN,
      NaN,
      NaN,
      0.0,
      NaN,
      NaN,
      NaN,
      NaN,
      NaN,
      NaN,
      NaN
    ],
    [
      NaN,
      NaN,
      NaN,
      NaN,
      NaN,
      NaN,
      NaN,
      NaN,
      NaN,
      NaN,
      NaN,
      0.0,
      NaN,
      NaN,
      NaN,
      NaN,
      NaN,
      NaN
    ],
    [
      NaN,
      NaN,
      NaN,
      NaN,
      NaN,
      NaN,
      NaN,
      NaN,
      NaN,
      NaN,
      NaN,
      NaN,
      0.0,
      NaN,
      NaN,
      NaN,
      NaN,
      NaN
    ],
    [
      NaN,
      NaN,
      NaN,
      NaN,
      NaN,
      NaN,
      NaN,
      NaN,
      NaN,
      NaN,
      NaN,
      NaN,
      NaN,
      0.0,
      NaN,
      NaN,
      NaN,
      NaN
    ],
    [
      NaN,
      NaN,
      NaN,
      NaN,
      NaN,
      NaN,
      NaN,
      NaN,
      NaN,
      NaN,
      NaN,
      NaN,
      NaN,
      NaN,
      0.0,
      NaN,
      NaN,
      NaN
    ],
    [
      NaN,
      NaN,
      NaN,
      NaN,
      NaN,
      NaN,
      NaN,
      NaN,
      NaN,
      NaN,
      NaN,
      NaN,
      NaN,
      NaN,
      NaN,
      0.0,
      NaN,
      NaN
    ],
    [
      NaN,
      NaN,
      NaN,
      NaN,
      NaN,
      NaN,
      NaN,
      NaN,
      NaN,
      NaN,
      NaN,
      NaN,
      NaN,
      NaN,
      NaN,
      NaN,
      0.0,
      NaN
    ],
    [
      NaN,
      NaN,
      NaN,
      NaN,
      NaN,
      NaN,
      NaN,
      NaN,
      NaN,
      NaN,
      NaN,
      NaN,
      NaN,
      NaN,
      NaN,
      NaN,
      NaN,
      0.0
    ]
  ],
  "walk_dist_matrix": [
    [
      0.0,
      3.3,
      1.0,
      0.5,
      12.0,
      5.0,
      15.9,
      0.35,
      1.0,
      3.6,
      4.0,
      5.0,
      1.2,
      1.2,
      1.3,
      1.1,
      0.4,
      3.7
    ],
    [
      3.3,
      0.0,
      2.3,
      3.7,
      13.3,
      1.7,
      18.8,
      3.4,
      3.5,
      6.5,
      0.7,
      7.9,
      3.0,
      3.7,
      2.8,
      3.0,
      3.4,
      6.5
    ],
    [
      1.0,
      2.3,
      0.0,
      1.4,
      12.4,
      4.0,
      16.6,
      1.1,
      1.2,
      4.4,
      3.0,
      5.7,
      0.7,
      1.7,
      0.6,
      0.7,
      1.1,
      4.5
    ],
    [
      0.5,
      3.7,
      1.4,
      0.0,
      12.1,
      5.1,
      15.8,
      0.21,
      0.85,
      3.7,
      4.1,
      4.9,
      1.1,
      1.1,
      1.2,
      1.1,
      0.26,
      3.7
    ],
    [
      12.0,
      13.3,
      12.4,
      12.1,
      0.0,
      16.9,
      23.0,
      12.3,
      12.9,
      12.5,
      15.9,
      13.8,
      13.0,
      13.2,
      13.0,
      12.9,
      12.4,
      12.5
    ],
    [
      5.0,
      1.7,
      4.0,
      5.1,
      16.9,
      0.0,
      20.5,
      5.1,
      5.2,
      8.2,
      1.0,
      9.6,
      4.7,
      5.4,
      4.5,
      4.7,
      5.1,
      8.2
    ],
    [
      15.9,
      18.8,
      16.6,
      15.8,
      23.0,
      20.5,
      0.0,
      15.9,
      16.2,
      12.5,
      19.5,
      10.9,
      16.8,
      16.1,
      17.0,
      16.7,
      16.0,
      12.5
    ],
    [
      0.35,
      3.4,
      1.1,
      0.21,
      12.3,
      5.1,
      15.9,
      0.0,
      0.55,
      3.9,
      4.1,
      5.0,
      0.9,
      1.0,
      1.0,
      0.8,
      0.046,
      3.9
    ],
    [
      1.0,
      3.5,
      1.2,
      0.85,
      12.9,
      5.2,
      16.2,
      0.55,
      0.0,
      4.4,
      4.2,
      5.4,
      0.6,
      0.55,
      0.85,
      0.6,
      0.55,
      4.4
    ],
    [
      3.6,
      6.5,
      4.4,
      3.7,
      12.5,
      8.2,
      12.5,
      3.9,
      4.4,
      0.0,
      7.2,
      1.6,
      4.7,
      4.5,
      4.9,
      4.6,
      3.9,
      0.25
    ],
    [
      4.0,
      0.7,
      3.0,
      4.1,
      15.9,
      1.0,
      19.5,
      4.1,
      4.2,
      7.2,
      0.0,
      8.6,
      3.7,
      4.4,
      3.4,
      3.7,
      4.0,
      7.2
    ],
    [
      5.0,
      7.9,
      5.7,
      4.9,
      13.8,
      9.6,
      10.9,
      5.0,
      5.4,
      1.6,
      8.6,
      0.0,
      5.9,
      5.3,
      6.1,
      5.8,
      5.1,
      1.6
    ],
    [
      1.2,
      3.0,
      0.7,
      1.1,
      13.0,
      4.7,
      16.8,
      0.9,
      0.6,
      4.7,
      3.7,
      5.9,
      0.0,
      0.95,
      0.24,
      0.079,
      0.85,
      4.7
    ],
    [
      1.2,
      3.7,
      1.7,
      1.1,
      13.2,
      5.4,
      16.1,
      1.0,
      0.55,
      4.5,
      4.4,
      5.3,
      0.95,
      0.0,
      1.0,
      1.0,
      1.1,
      4.5
    ],
    [
      1.3,
      2.8,
      0.6,
      1.2,
      13.0,
      4.5,
      17.0,
      1.0,
      0.85,
      4.9,
      3.4,
      6.1,
      0.24,
      1.0,
      0.0,
      0.24,
      0.95,
      5.0
    ],
    [
      1.1,
      3.0,
      0.7,
      1.1,
      12.9,
      4.7,
      16.7,
      0.8,
      0.6,
      4.6,
      3.7,
      5.8,
      0.079,
      1.0,
      0.24,
      0.0,
      0.75,
      4.6
    ],
    [
      0.4,
      3.4,
      1.1,
      0.26,
      12.4,
      5.1,
      16.0,
      0.046,
      0.55,
      3.9,
      4.0,
      5.1,
      0.85,
      1.1,
      0.95,
      0.75,
      0.0,
      3.9
    ],
    [
      3.7,
      6.5,
      4.5,
      3.7,
      12.5,
      8.2,
      12.5,
      3.9,
      4.4,
      0.25,
      7.2,
      1.6,
      4.7,
      4.5,
      5.0,
      4.6,
      3.9,
      0.0
    ]
  ],
  "walk_time_matrix": [
    [
      0.0,
      40.0,
      13.0,
      7.0,
      152.0,
      59.0,
      200.0,
      5.0,
      13.0,
      47.0,
      48.0,
      65.0,
      16.0,
      16.0,
      18.0,
      15.0,
      6.0,
      47.0
    ],
    [
      40.0,
      0.0,
      25.0,
      44.0,
      163.0,
      20.0,
      233.0,
      39.0,
      40.0,
      78.0,
      8.0,
      98.0,
      33.0,
      43.0,
      31.0,
      33.0,
      38.0,
      79.0
    ],
    [
      13.0,
      25.0,
      0.0,
      19.0,
      157.0,
      46.0,
      211.0,
      14.0,
      16.0,
      57.0,
      35.0,
      75.0,
      9.0,
      21.0,
      8.0,
      9.0,
      14.0,
      57.0
    ],
    [
      7.0,
      44.0,
      19.0,
      0.0,
      154.0,
      61.0,
      199.0,
      3.0,
      11.0,
      48.0,
      49.0,
      63.0,
      15.0,
      14.0,
      16.0,
      14.0,
      4.0,
      49.0
    ],
    [
      152.0,
      163.0,
      157.0,
      154.0,
      0.0,
      207.0,
      284.0,
      150.0,
      158.0,
      154.0,
      195.0,
      170.0,
      157.0,
      160.0,
      157.0,
      157.0,
      150.0,
      153.0
    ],
    [
      59.0,
      20.0,
      46.0,
      61.0,
      207.0,
      0.0,
      256.0,
      61.0,
      62.0,
      101.0,
      13.0,
      120.0,
      56.0,
      65.0,
      53.0,
      56.0,
      61.0,
      101.0
    ],
    [
      200.0,
      233.0,
      211.0,
      199.0,
      284.0,
      256.0,
      0.0,
      202.0,
      204.0,
      158.0,
      243.0,
      139.0,
      211.0,
      201.0,
      214.0,
      211.0,
      203.0,
      158.0
    ],
    [
      5.0,
      39.0,
      14.0,
      3.0,
      150.0,
      61.0,
      202.0,
      0.0,
      8.0,
      50.0,
      48.0,
      66.0,
      11.0,
      13.0,
      12.0,
      10.0,
      1.0,
      51.0
    ],
    [
      13.0,
      40.0,
      16.0,
      11.0,
      158.0,
      62.0,
      204.0,
      8.0,
      0.0,
      58.0,
      50.0,
      70.0,
      8.0,
      7.0,
      11.0,
      8.0,
      8.0,
      58.0
    ],
    [
      47.0,
      78.0,
      57.0,
      48.0,
      154.0,
      101.0,
      158.0,
      50.0,
      58.0,
      0.0,
      87.0,
      20.0,
      61.0,
      57.0,
      63.0,
      60.0,
      51.0,
      3.0
    ],
    [
      48.0,
      8.0,
      35.0,
      49.0,
      195.0,
      13.0,
      243.0,
      48.0,
      50.0,
      87.0,
      0.0,
      107.0,
      42.0,
      52.0,
      40.0,
      42.0,
      47.0,
      88.0
    ],
    [
      65.0,
      98.0,
      75.0,
      63.0,
      170.0,
      120.0,
      139.0,
      66.0,
      70.0,
      20.0,
      107.0,
      0.0,
      75.0,
      66.0,
      77.0,
      74.0,
      65.0,
      20.0
    ],
    [
      16.0,
      33.0,
      9.0,
      15.0,
      157.0,
      56.0,
      211.0,
      11.0,
      8.0,
      61.0,
      42.0,
      75.0,
      0.0,
      12.0,
      3.0,
      1.0,
      11.0,
      62.0
    ],
    [
      16.0,
      43.0,
      21.0,
      14.0,
      160.0,
      65.0,
      201.0,
      13.0,
      7.0,
      57.0,
      52.0,
      66.0,
      12.0,
      0.0,
      13.0,
      13.0,
      17.0,
      58.0
    ],
    [
      18.0,
      31.0,
      8.0,
      16.0,
      157.0,
      53.0,
      214.0,
      12.0,
      11.0,
      63.0,
      40.0,
      77.0,
      3.0,
      13.0,
      0.0,
      3.0,
      12.0,
      64.0
    ],
    [
      15.0,
      33.0,
      9.0,
      14.0,
      157.0,
      56.0,
      211.0,
      10.0,
      8.0,
      60.0,
      42.0,
      74.0,
      1.0,
      13.0,
      3.0,
      0.0,
      10.0,
      61.0
    ],
    [
      6.0,
      38.0,
      14.0,
      4.0,
      150.0,
      61.0,
      203.0,
      1.0,
      8.0,
      51.0,
      47.0,
      65.0,
      11.0,
      17.0,
      12.0,
      10.0,
      0.0,
      52.0
    ],
    [
      47.0,
      79.0,
      57.0,
      49.0,
      153.0,
      101.0,
      158.0,
      51.0,
      58.0,
      3.0,
      88.0,
      20.0,
      62.0,
      58.0,
      64.0,
      61.0,
      52.0,
      0.0
    ]
  ],
  "cycle_dist_matrix": [
    [
      0.0,
      3.3,
      1.0,
      0.5,
      12.0,
      5.0,
      15.9,
      0.35,
      1.0,
      3.6,
      4.0,
      5.0,
      1.2,
      1.2,
      1.3,
      1.1,
      0.4,
      3.7
    ],
    [
      3.3,
      0.0,
      2.3,
      3.7,
      13.3,
      1.7,
      18.8,
      3.4,
      3.5,
      6.5,
      0.7,
      7.9,
      3.0,
      3.7,
      2.8,
      3.0,
      3.4,
      6.5
    ],
    [
      1.0,
      2.3,
      0.0,
      1.4,
      12.4,
      4.0,
      16.6,
      1.1,
      1.2,
      4.4,
      3.0,
      5.7,
      0.7,
      1.7,
      0.6,
      0.7,
      1.1,
      4.5
    ],
    [
      0.5,
      3.7,
      1.4,
      0.0,
      12.1,
      5.1,
      15.8,
      0.21,
      0.85,
      3.7,
      4.1,
      4.9,
      1.1,
      1.1,
      1.2,
      1.1,
      0.26,
      3.7
    ],
    [
      12.0,
      13.3,
      12.4,
      12.1,
      0.0,
      16.9,
      23.0,
      12.3,
      12.9,
      12.5,
      15.9,
      13.8,
      13.0,
      13.2,
      13.0,
      12.9,
      12.4,
      12.5
    ],
    [
      5.0,
      1.7,
      4.0,
      5.1,
      16.9,
      0.0,
      20.5,
      5.1,
      5.2,
      8.2,
      1.0,
      9.6,
      4.7,
      5.4,
      4.5,
      4.7,
      5.1,
      8.2
    ],
    [
      15.9,
      18.8,
      16.6,
      15.8,
      23.0,
      20.5,
      0.0,
      15.9,
      16.2,
      12.5,
      19.5,
      10.9,
      16.8,
      16.1,
      17.0,
      16.7,
      16.0,
      12.5
    ],
    [
      0.35,
      3.4,
      1.1,
      0.21,
      12.3,
      5.1,
      15.9,
      0.0,
      0.55,
      3.9,
      4.1,
      5.0,
      0.9,
      1.0,
      1.0,
      0.8,
      0.046,
      3.9
    ],
    [
      1.0,
      3.5,
      1.2,
      0.85,
      12.9,
      5.2,
      16.2,
      0.55,
      0.0,
      4.4,
      4.2,
      5.4,
      0.6,
      0.55,
      0.85,
      0.6,
      0.55,
      4.4
    ],
    [
      3.6,
      6.5,
      4.4,
      3.7,
      12.5,
      8.2,
      12.5,
      3.9,
      4.4,
      0.0,
      7.2,
      1.6,
      4.7,
      4.5,
      4.9,
      4.6,
      3.9,
      0.25
    ],
    [
      4.0,
      0.7,
      3.0,
      4.1,
      15.9,
      1.0,
      19.5,
      4.1,
      4.2,
      7.2,
      0.0,
      8.6,
      3.7,
      4.4,
      3.4,
      3.7,
      4.0,
      7.2
    ],
    [
      5.0,
      7.9,
      5.7,
      4.9,
      13.8,
      9.6,
      10.9,
      5.0,
      5.4,
      1.6,
      8.6,
      0.0,
      5.9,
      5.3,
      6.1,
      5.8,
      5.1,
      1.6
    ],
    [
      1.2,
      3.0,
      0.7,
      1.1,
      13.0,
      4.7,
      16.8,
      0.9,
      0.6,
      4.7,
      3.7,
      5.9,
      0.0,
      0.95,
      0.24,
      0.079,
      0.85,
      4.7
    ],
    [
      1.2,
      3.7,
      1.7,
      1.1,
      13.2,
      5.4,
      16.1,
      1.0,
      0.55,
      4.5,
      4.4,
      5.3,
      0.95,
      0.0,
      1.0,
      1.0,
      1.1,
      4.5
    ],
    [
      1.3,
      2.8,
      0.6,
      1.2,
      13.0,
      4.5,
      17.0,
      1.0,
      0.85,
      4.9,
      3.4,
      6.1,
      0.24,
      1.0,
      0.0,
      0.24,
      0.95,
      5.0
    ],
    [
      1.1,
      3.0,
      0.7,
      1.1,
      12.9,
      4.7,
      16.7,
      0.8,
      0.6,
      4.6,
      3.7,
      5.8,
      0.079,
      1.0,
      0.24,
      0.0,
      0.75,
      4.6
    ],
    [
      0.4,
      3.4,
      1.1,
      0.26,
      12.4,
      5.1,
      16.0,
      0.046,
      0.55,
      3.9,
      4.0,
      5.1,
      0.85,
      1.1,
      0.95,
      0.75,
      0.0,
      3.9
    ],
    [
      3.7,
      6.5,
      4.5,
      3.7,
      12.5,
      8.2,
      12.5,
      3.9,
      4.4,
      0.25,
      7.2,
      1.6,
      4.7,
      4.5,
      5.0,
      4.6,
      3.9,
      0.0
    ]
  ],
  "cycle_time_matrix": [
    [
      0.0,
      40.0,
      13.0,
      7.0,
      152.0,
      59.0,
      200.0,
      5.0,
      13.0,
      47.0,
      48.0,
      65.0,
      16.0,
      16.0,
      18.0,
      15.0,
      6.0,
      47.0
    ],
    [
      40.0,
      0.0,
      25.0,
      44.0,
      163.0,
      20.0,
      233.0,
      39.0,
      40.0,
      78.0,
      8.0,
      98.0,
      33.0,
      43.0,
      31.0,
      33.0,
      38.0,
      79.0
    ],
    [
      13.0,
      25.0,
      0.0,
      19.0,
      157.0,
      46.0,
      211.0,
      14.0,
      16.0,
      57.0,
      35.0,
      75.0,
      9.0,
      21.0,
      8.0,
      9.0,
      14.0,
      57.0
    ],
    [
      7.0,
      44.0,
      19.0,
      0.0,
      154.0,
      61.0,
      199.0,
      3.0,
      11.0,
      48.0,
      49.0,
      63.0,
      15.0,
      14.0,
      16.0,
      14.0,
      4.0,
      49.0
    ],
    [
      152.0,
      163.0,
      157.0,
      154.0,
      0.0,
      207.0,
      284.0,
      150.0,
      158.0,
      154.0,
      195.0,
      170.0,
      157.0,
      160.0,
      157.0,
      157.0,
      150.0,
      153.0
    ],
    [
      59.0,
      20.0,
      46.0,
      61.0,
      207.0,
      0.0,
      256.0,
      61.0,
      62.0,
      101.0,
      13.0,
      120.0,
      56.0,
      65.0,
      53.0,
      56.0,
      61.0,
      101.0
    ],
    [
      200.0,
      233.0,
      211.0,
      199.0,
      284.0,
      256.0,
      0.0,
      202.0,
      204.0,
      158.0,
      243.0,
      139.0,
      211.0,
      201.0,
      214.0,
      211.0,
      203.0,
      158.0
    ],
    [
      5.0,
      39.0,
      14.0,
      3.0,
      150.0,
      61.0,
      202.0,
      0.0,
      8.0,
      50.0,
      48.0,
      66.0,
      11.0,
      13.0,
      12.0,
      10.0,
      1.0,
      51.0
    ],
    [
      13.0,
      40.0,
      16.0,
      11.0,
      158.0,
      62.0,
      204.0,
      8.0,
      0.0,
      58.0,
      50.0,
      70.0,
      8.0,
      7.0,
      11.0,
      8.0,
      8.0,
      58.0
    ],
    [
      47.0,
      78.0,
      57.0,
      48.0,
      154.0,
      101.0,
      158.0,
      50.0,
      58.0,
      0.0,
      87.0,
      20.0,
      61.0,
      57.0,
      63.0,
      60.0,
      51.0,
      3.0
    ],
    [
      48.0,
      8.0,
      35.0,
      49.0,
      195.0,
      13.0,
      243.0,
      48.0,
      50.0,
      87.0,
      0.0,
      107.0,
      42.0,
      52.0,
      40.0,
      42.0,
      47.0,
      88.0
    ],
    [
      65.0,
      98.0,
      75.0,
      63.0,
      170.0,
      120.0,
      139.0,
      66.0,
      70.0,
      20.0,
      107.0,
      0.0,
      75.0,
      66.0,
      77.0,
      74.0,
      65.0,
      20.0
    ],
    [
      16.0,
      33.0,
      9.0,
      15.0,
      157.0,
      56.0,
      211.0,
      11.0,
      8.0,
      61.0,
      42.0,
      75.0,
      0.0,
      12.0,
      3.0,
      1.0,
      11.0,
      62.0
    ],
    [
      16.0,
      43.0,
      21.0,
      14.0,
      160.0,
      65.0,
      201.0,
      13.0,
      7.0,
      57.0,
      52.0,
      66.0,
      12.0,
      0.0,
      13.0,
      13.0,
      17.0,
      58.0
    ],
    [
      18.0,
      31.0,
      8.0,
      16.0,
      157.0,
      53.0,
      214.0,
      12.0,
      11.0,
      63.0,
      40.0,
      77.0,
      3.0,
      13.0,
      0.0,
      3.0,
      12.0,
      64.0
    ],
    [
      15.0,
      33.0,
      9.0,
      14.0,
      157.0,
      56.0,
      211.0,
      10.0,
      8.0,
      60.0,
      42.0,
      74.0,
      1.0,
      13.0,
      3.0,
      0.0,
      10.0,
      61.0
    ],
    [
      6.0,
      38.0,
      14.0,
      4.0,
      150.0,
      61.0,
      203.0,
      1.0,
      8.0,
      51.0,
      47.0,
      65.0,
      11.0,
      17.0,
      12.0,
      10.0,
      0.0,
      52.0
    ],
    [
      47.0,
      79.0,
      57.0,
      49.0,
      153.0,
      101.0,
      158.0,
      51.0,
      58.0,
      3.0,
      88.0,
      20.0,
      62.0,
      58.0,
      64.0,
      61.0,
      52.0,
      0.0
    ]
  ],
  "avg_dd": [
    [
      5.722685185185184
    ]
  ]
}