{
  "drive_dist_matrix": [
    [
      0.0,
      27.519714,
      1.7702740000000001,
      8.207633999999999,
      5.471756,
      7.563898,
      7.0810960000000005,
      4.667085999999999,
      15.932466,
      9.65604,
      7.402963999999999,
      16.0934,
      4.184284,
      18.668343999999998,
      7.24203,
      30.094658,
      16.254334,
      6.115492,
      2.5749440000000003,
      15.771532,
      38.785094,
      58.74091,
      8.85137,
      7.402963999999999,
      17.541806,
      21.082354,
      7.563898,
      9.816974,
      23.496364,
      17.541806,
      21.082354,
      17.541806,
      4.9889540000000006,
      7.24203,
      22.53076,
      9.977908000000001,
      9.495106,
      7.402963999999999,
      7.24203,
      21.243288,
      7.24203,
      19.473014,
      7.563898,
      16.89807,
      21.082354,
      14.001257999999998,
      6.759228,
      13.67939,
      5.9545580000000005,
      13.67939,
      7.0810960000000005,
      7.402963999999999,
      17.70274,
      26.393175999999997,
      12.07005,
      17.219938,
      21.082354,
      17.863674
    ],
    [
      27.519714,
      0.0,
      29.611855999999996,
      28.485318,
      33.635206,
      27.35878,
      27.35878,
      29.129054000000004,
      11.748182,
      25.910374,
      27.680647999999998,
      11.748182,
      27.036912,
      17.541806,
      27.35878,
      39.911632000000004,
      43.130312,
      30.255592,
      26.715044000000002,
      42.808444,
      17.059003999999998,
      67.914148,
      27.680647999999998,
      27.841582000000002,
      18.024607999999997,
      15.449663999999999,
      27.841582000000002,
      25.910374,
      11.748182,
      20.11675,
      41.520972,
      51.659814000000004,
      28.002515999999996,
      28.324384000000002,
      56.809701999999994,
      25.74944,
      25.588506,
      24.783836,
      22.691694,
      41.360037999999996,
      27.35878,
      17.219938,
      27.841582000000002,
      43.774048,
      17.380872,
      36.049215999999994,
      33.79614,
      27.197846,
      32.830535999999995,
      14.966862,
      23.657297999999997,
      27.197846,
      45.383388,
      10.943512,
      18.346476,
      42.808444,
      17.70274,
      42.64751
    ],
    [
      1.7702740000000001,
      29.611855999999996,
      0.0,
      6.43736,
      6.43736,
      4.345218,
      4.82802,
      3.7014819999999995,
      18.024607999999997,
      7.885766,
      4.184284,
      18.185542,
      4.82802,
      15.610598,
      4.667085999999999,
      32.1868,
      18.185542,
      4.82802,
      4.506151999999999,
      17.863674,
      37.01482,
      60.833051999999995,
      6.43736,
      4.9889540000000006,
      14.966862,
      18.024607999999997,
      4.02335,
      7.885766,
      21.887024,
      15.127796,
      23.013562,
      19.473014,
      3.7014819999999995,
      4.82802,
      24.461968,
      7.402963999999999,
      7.563898,
      9.495106,
      9.334171999999999,
      23.174496,
      4.506151999999999,
      21.404222,
      5.310822,
      18.829278,
      23.174496,
      16.0934,
      8.0467,
      11.748182,
      7.563898,
      15.610598,
      7.24203,
      4.506151999999999,
      19.633948,
      21.243288,
      14.001257999999998,
      19.31208,
      18.024607999999997,
      19.955816000000002
    ],
    [
      8.207633999999999,
      28.485318,
      6.43736,
      0.0,
      12.713786,
      4.9889540000000006,
      4.345218,
      5.9545580000000005,
      17.219938,
      4.9889540000000006,
      4.82802,
      17.380872,
      3.8624159999999996,
      11.26538,
      4.667085999999999,
      32.025866,
      23.013562,
      3.5405480000000003,
      5.310822,
      22.53076,
      31.864932,
      60.02838199999999,
      2.41401,
      3.8624159999999996,
      10.621644,
      13.518456,
      4.9889540000000006,
      4.9889540000000006,
      16.737136,
      10.621644,
      25.74944,
      24.301033999999998,
      3.5405480000000003,
      4.184284,
      29.289987999999997,
      1.9312079999999998,
      4.82802,
      8.85137,
      9.816974,
      25.910374,
      4.82802,
      20.599552000000003,
      3.8624159999999996,
      23.657297999999997,
      22.369826,
      18.668343999999998,
      13.67939,
      9.173238,
      12.713786,
      14.966862,
      4.82802,
      4.82802,
      22.208892000000002,
      15.771532,
      13.357522000000001,
      21.887024,
      13.518456,
      22.53076
    ],
    [
      5.471756,
      33.635206,
      6.43736,
      12.713786,
      0.0,
      10.621644,
      13.357522000000001,
      9.816974,
      22.208892000000002,
      14.001257999999998,
      10.299776000000001,
      22.208892000000002,
      10.299776000000001,
      21.72609,
      10.943512,
      26.393175999999997,
      11.748182,
      12.230984,
      8.690436,
      11.426314,
      44.900586,
      51.820748,
      12.552852,
      11.26538,
      21.082354,
      24.1401,
      10.138842,
      14.001257999999998,
      29.611855999999996,
      21.243288,
      17.219938,
      13.035654,
      11.104446000000001,
      10.943512,
      21.404222,
      13.67939,
      13.67939,
      13.67939,
      13.357522000000001,
      17.541806,
      10.621644,
      25.588506,
      11.426314,
      12.391918,
      27.197846,
      11.104446000000001,
      3.21868,
      19.794882,
      4.667085999999999,
      19.794882,
      13.357522000000001,
      10.782578,
      12.713786,
      27.35878,
      18.185542,
      13.196587999999998,
      24.1401,
      14.162192000000001
    ],
    [
      7.563898,
      27.35878,
      4.345218,
      4.9889540000000006,
      10.621644,
      0.0,
      0.6437360000000001,
      1.9312079999999998,
      20.11675,
      2.896812,
      0.48280199999999995,
      20.277684,
      6.43736,
      11.104446000000001,
      0.32186800000000004,
      34.278942,
      20.277684,
      1.9312079999999998,
      5.793624,
      19.794882,
      31.864932,
      62.925194000000005,
      2.735878,
      1.1265379999999998,
      10.782578,
      13.518456,
      0.32186800000000004,
      2.896812,
      16.737136,
      10.621644,
      25.266638,
      21.565156,
      4.9889540000000006,
      1.2874720000000002,
      26.393175999999997,
      3.7014819999999995,
      2.735878,
      11.587248,
      11.426314,
      25.427572,
      0.16093400000000002,
      23.496364,
      1.1265379999999998,
      20.92142,
      25.266638,
      18.185542,
      13.196587999999998,
      12.552852,
      9.977908000000001,
      17.863674,
      8.85137,
      0.32186800000000004,
      21.887024,
      17.059003999999998,
      16.0934,
      21.404222,
      13.518456,
      22.047957999999998
    ],
    [
      7.0810960000000005,
      27.35878,
      4.82802,
      4.345218,
      13.357522000000001,
      0.6437360000000001,
      0.0,
      2.092142,
      20.277684,
      2.5749440000000003,
      0.48280199999999995,
      20.277684,
      6.43736,
      11.587248,
      0.48280199999999995,
      34.278942,
      20.760486,
      1.9312079999999998,
      5.9545580000000005,
      20.277684,
      31.703998,
      62.925194000000005,
      2.2530759999999996,
      0.48280199999999995,
      10.46071,
      14.001257999999998,
      0.6437360000000001,
      2.5749440000000003,
      16.415267999999998,
      10.46071,
      25.266638,
      28.485318,
      5.149888000000001,
      1.2874720000000002,
      33.635206,
      3.21868,
      2.41401,
      11.748182,
      11.426314,
      25.427572,
      0.48280199999999995,
      23.657297999999997,
      0.48280199999999995,
      21.404222,
      25.427572,
      18.346476,
      13.196587999999998,
      12.230984,
      10.46071,
      17.863674,
      8.85137,
      0.48280199999999995,
      21.887024,
      16.737136,
      16.254334,
      21.565156,
      14.001257999999998,
      22.208892000000002
    ],
    [
      4.667085999999999,
      29.129054000000004,
      3.7014819999999995,
      5.9545580000000005,
      9.816974,
      1.9312079999999998,
      2.092142,
      0.0,
      19.151146,
      5.9545580000000005,
      1.7702740000000001,
      19.151146,
      5.310822,
      15.127796,
      2.092142,
      33.152404000000004,
      19.473014,
      2.2530759999999996,
      4.667085999999999,
      19.151146,
      34.922678,
      61.798655999999994,
      3.7014819999999995,
      2.41401,
      13.840323999999999,
      17.541806,
      1.448406,
      5.9545580000000005,
      19.794882,
      14.644993999999999,
      24.1401,
      20.760486,
      3.8624159999999996,
      2.735878,
      25.74944,
      4.82802,
      5.63269,
      10.621644,
      10.299776000000001,
      24.301033999999998,
      2.092142,
      22.53076,
      2.5749440000000003,
      20.11675,
      24.1401,
      17.219938,
      10.621644,
      11.104446000000001,
      9.173238,
      16.737136,
      6.598293999999999,
      2.092142,
      20.760486,
      22.53076,
      15.127796,
      20.277684,
      17.380872,
      21.082354
    ],
    [
      15.932466,
      11.748182,
      18.024607999999997,
      17.219938,
      22.208892000000002,
      20.11675,
      20.277684,
      19.151146,
      0.0,
      22.369826,
      19.955816000000002,
      0.16093400000000002,
      15.610598,
      27.35878,
      19.794882,
      28.324384000000002,
      31.703998,
      18.668343999999998,
      15.127796,
      31.221196,
      26.875978,
      56.487834,
      21.565156,
      19.955816000000002,
      30.094658,
      25.105704,
      20.11675,
      22.369826,
      21.565156,
      30.094658,
      30.094658,
      40.2335,
      16.415267999999998,
      19.955816000000002,
      37.980424,
      22.53076,
      22.047957999999998,
      13.357522000000001,
      14.162192000000001,
      29.933724,
      19.955816000000002,
      5.63269,
      20.277684,
      32.347734,
      5.9545580000000005,
      24.622902,
      22.208892000000002,
      15.932466,
      21.404222,
      3.5405480000000003,
      12.230984,
      19.955816000000002,
      33.79614,
      20.760486,
      6.759228,
      31.38213,
      27.519714,
      31.221196
    ],
    [
      9.65604,
      25.910374,
      7.885766,
      4.9889540000000006,
      14.001257999999998,
      2.896812,
      2.5749440000000003,
      5.9545580000000005,
      22.369826,
      0.0,
      3.21868,
      22.852628,
      9.012303999999999,
      9.816974,
      2.896812,
      36.853885999999996,
      23.657297999999997,
      5.793624,
      8.368568,
      23.33543,
      29.77279,
      65.500138,
      2.735878,
      2.2530759999999996,
      8.529501999999999,
      12.07005,
      3.379614,
      0.144,
      14.48406,
      8.529501999999999,
      27.841582000000002,
      24.94477,
      7.563898,
      3.379614,
      29.933724,
      3.057746,
      0.495,
      14.162192000000001,
      14.001257999999998,
      28.002515999999996,
      2.896812,
      26.232242,
      2.2530759999999996,
      24.301033999999998,
      27.841582000000002,
      20.760486,
      15.771532,
      14.966862,
      13.357522000000001,
      20.438617999999998,
      11.426314,
      2.735878,
      24.461968,
      14.966862,
      18.829278,
      23.979166,
      12.07005,
      24.622902
    ],
    [
      7.402963999999999,
      27.680647999999998,
      4.184284,
      4.82802,
      10.299776000000001,
      0.48280199999999995,
      0.48280199999999995,
      1.7702740000000001,
      19.955816000000002,
      3.21868,
      0.0,
      20.277684,
      6.276426,
      12.07005,
      0.48280199999999995,
      34.278942,
      19.955816000000002,
      1.9312079999999998,
      5.793624,
      19.633948,
      32.1868,
      62.925194000000005,
      2.5749440000000003,
      0.9656039999999999,
      10.943512,
      14.48406,
      0.32186800000000004,
      3.057746,
      16.89807,
      11.104446000000001,
      25.105704,
      21.243288,
      4.9889540000000006,
      1.2874720000000002,
      26.232242,
      3.5405480000000003,
      2.896812,
      11.587248,
      11.26538,
      25.266638,
      0.32186800000000004,
      23.496364,
      0.9656039999999999,
      20.599552000000003,
      25.266638,
      18.185542,
      13.035654,
      12.391918,
      9.65604,
      17.70274,
      8.690436,
      0.48280199999999995,
      21.72609,
      17.219938,
      16.0934,
      21.404222,
      14.48406,
      22.047957999999998
    ],
    [
      16.0934,
      11.748182,
      18.185542,
      17.380872,
      22.208892000000002,
      20.277684,
      20.277684,
      19.151146,
      0.16093400000000002,
      22.852628,
      20.277684,
      0.0,
      15.771532,
      31.38213,
      19.955816000000002,
      28.485318,
      31.864932,
      18.829278,
      15.28873,
      31.38213,
      26.875978,
      56.487834,
      21.565156,
      20.11675,
      30.255592,
      25.266638,
      20.277684,
      22.53076,
      21.72609,
      30.255592,
      30.255592,
      40.2335,
      16.576202000000002,
      19.955816000000002,
      37.980424,
      22.691694,
      22.208892000000002,
      13.357522000000001,
      13.196587999999998,
      30.094658,
      19.955816000000002,
      5.793624,
      20.277684,
      32.508668,
      5.793624,
      24.622902,
      22.369826,
      15.932466,
      21.565156,
      3.7014819999999995,
      12.391918,
      20.11675,
      33.957074,
      20.92142,
      6.9201619999999995,
      31.543064,
      27.680647999999998,
      31.38213
    ],
    [
      4.184284,
      27.036912,
      4.82802,
      3.8624159999999996,
      10.299776000000001,
      6.43736,
      6.43736,
      5.310822,
      15.610598,
      9.012303999999999,
      6.276426,
      15.771532,
      0.0,
      17.70274,
      6.276426,
      29.129054000000004,
      19.794882,
      4.345218,
      2.092142,
      19.31208,
      37.658556,
      57.131569999999996,
      5.793624,
      6.43736,
      16.576202000000002,
      20.11675,
      6.43736,
      8.690436,
      22.53076,
      16.576202000000002,
      22.369826,
      21.082354,
      0.9656039999999999,
      4.667085999999999,
      25.910374,
      5.310822,
      8.529501999999999,
      5.9545580000000005,
      5.63269,
      22.53076,
      6.276426,
      17.863674,
      6.598293999999999,
      20.438617999999998,
      19.473014,
      15.449663999999999,
      10.299776000000001,
      8.690436,
      9.495106,
      12.07005,
      2.5749440000000003,
      6.276426,
      18.990212,
      25.266638,
      10.46071,
      18.668343999999998,
      20.11675,
      19.31208
    ],
    [
      18.668343999999998,
      17.541806,
      15.610598,
      11.26538,
      21.72609,
      11.104446000000001,
      11.587248,
      15.127796,
      27.35878,
      9.816974,
      12.07005,
      31.38213,
      17.70274,
      0.0,
      10.782578,
      44.739652,
      31.38213,
      13.67939,
      18.668343999999998,
      30.899327999999997,
      21.887024,
      73.385904,
      11.104446000000001,
      10.621644,
      1.448406,
      2.5749440000000003,
      11.587248,
      9.977908000000001,
      5.793624,
      3.21868,
      35.727348,
      32.669602,
      15.449663999999999,
      11.587248,
      37.658556,
      9.173238,
      9.65604,
      22.047957999999998,
      21.887024,
      35.888282000000004,
      10.782578,
      34.118007999999996,
      10.46071,
      32.025866,
      35.727348,
      28.646252,
      23.33543,
      22.852628,
      21.082354,
      28.324384000000002,
      19.31208,
      10.621644,
      32.347734,
      8.207633999999999,
      26.715044000000002,
      31.864932,
      2.5749440000000003,
      32.508668
    ],
    [
      7.24203,
      27.35878,
      4.667085999999999,
      4.667085999999999,
      10.943512,
      0.32186800000000004,
      0.48280199999999995,
      2.092142,
      19.794882,
      2.896812,
      0.48280199999999995,
      19.955816000000002,
      6.276426,
      10.782578,
      0.0,
      34.439876,
      20.438617999999998,
      1.9312079999999998,
      5.9545580000000005,
      19.955816000000002,
      31.703998,
      63.086128,
      2.5749440000000003,
      0.9656039999999999,
      10.46071,
      14.001257999999998,
      0.48280199999999995,
      2.735878,
      16.576202000000002,
      10.46071,
      25.266638,
      21.72609,
      5.149888000000001,
      1.448406,
      26.715044000000002,
      3.5405480000000003,
      2.41401,
      11.748182,
      11.587248,
      25.588506,
      0.115,
      23.657297999999997,
      0.9656039999999999,
      21.082354,
      25.427572,
      18.346476,
      13.357522000000001,
      12.391918,
      10.138842,
      18.024607999999997,
      9.012303999999999,
      0.499,
      21.887024,
      19.31208,
      16.254334,
      21.565156,
      14.001257999999998,
      22.208892000000002
    ],
    [
      30.094658,
      39.911632000000004,
      32.1868,
      32.025866,
      26.393175999999997,
      34.278942,
      34.278942,
      33.152404000000004,
      28.324384000000002,
      36.853885999999996,
      34.278942,
      28.485318,
      29.129054000000004,
      44.739652,
      34.439876,
      0.0,
      16.254334,
      33.152404000000004,
      29.450922000000002,
      16.415267999999998,
      54.878494,
      33.474272,
      35.888282000000004,
      34.439876,
      44.578718,
      48.119265999999996,
      34.439876,
      36.692952,
      49.728606,
      44.578718,
      5.471756,
      15.610598,
      31.38213,
      34.278942,
      20.599552000000003,
      37.01482,
      36.532018,
      20.438617999999998,
      26.232242,
      5.310822,
      34.278942,
      31.703998,
      34.60081,
      15.610598,
      27.680647999999998,
      10.138842,
      28.646252,
      30.899327999999997,
      30.899327999999997,
      29.933724,
      27.35878,
      34.278942,
      7.563898,
      48.923936,
      28.646252,
      6.759228,
      48.119265999999996,
      14.644993999999999
    ],
    [
      16.254334,
      43.130312,
      18.185542,
      23.013562,
      11.748182,
      20.277684,
      20.760486,
      19.473014,
      31.703998,
      23.657297999999997,
      19.955816000000002,
      31.864932,
      19.794882,
      31.38213,
      20.438617999999998,
      16.254334,
      0.0,
      21.72609,
      18.185542,
      0.32186800000000004,
      51.820748,
      51.016078,
      22.047957999999998,
      20.760486,
      30.57746,
      33.79614,
      19.31208,
      23.657297999999997,
      36.532018,
      30.738394000000003,
      8.368568,
      1.448406,
      20.760486,
      20.599552000000003,
      7.563898,
      23.174496,
      23.33543,
      23.174496,
      23.013562,
      8.529501999999999,
      20.277684,
      35.083612,
      23.33543,
      1.1265379999999998,
      35.083612,
      12.230984,
      9.65604,
      29.450922000000002,
      16.254334,
      29.289987999999997,
      22.852628,
      20.277684,
      8.207633999999999,
      36.853885999999996,
      27.680647999999998,
      9.65604,
      33.635206,
      3.7014819999999995
    ],
    [
      6.115492,
      30.255592,
      4.82802,
      3.5405480000000003,
      12.230984,
      1.9312079999999998,
      1.9312079999999998,
      2.2530759999999996,
      18.668343999999998,
      5.793624,
      1.9312079999999998,
      18.829278,
      4.345218,
      13.67939,
      1.9312079999999998,
      33.152404000000004,
      21.72609,
      0.0,
      4.345218,
      20.599552000000003,
      33.957074,
      62.120524,
      2.2530759999999996,
      1.448406,
      12.713786,
      16.254334,
      2.092142,
      4.9889540000000006,
      18.668343999999998,
      12.713786,
      24.301033999999998,
      27.680647999999998,
      3.057746,
      0.48280199999999995,
      32.669602,
      3.7014819999999995,
      4.667085999999999,
      10.782578,
      10.621644,
      24.622902,
      1.9312079999999998,
      22.691694,
      1.7702740000000001,
      21.72609,
      24.461968,
      17.380872,
      12.230984,
      10.46071,
      10.782578,
      17.059003999999998,
      5.793624,
      1.9312079999999998,
      20.92142,
      21.565156,
      15.28873,
      20.599552000000003,
      16.254334,
      21.243288
    ],
    [
      2.5749440000000003,
      26.715044000000002,
      4.506151999999999,
      5.310822,
      8.690436,
      5.793624,
      5.9545580000000005,
      4.667085999999999,
      15.127796,
      8.368568,
      5.793624,
      15.28873,
      2.092142,
      18.668343999999998,
      5.9545580000000005,
      29.450922000000002,
      18.185542,
      4.345218,
      0.0,
      18.185542,
      36.692952,
      58.25810800000001,
      6.9201619999999995,
      5.310822,
      15.449663999999999,
      18.990212,
      5.471756,
      7.724831999999999,
      21.404222,
      15.449663999999999,
      21.404222,
      19.955816000000002,
      2.896812,
      5.149888000000001,
      24.783836,
      7.885766,
      7.402963999999999,
      6.9201619999999995,
      6.759228,
      21.565156,
      5.310822,
      18.829278,
      5.63269,
      19.31208,
      20.599552000000003,
      14.323126,
      9.334171999999999,
      10.782578,
      8.368568,
      13.035654,
      4.667085999999999,
      5.310822,
      18.024607999999997,
      24.301033999999998,
      11.426314,
      17.541806,
      18.990212,
      18.185542
    ],
    [
      15.771532,
      42.808444,
      17.863674,
      22.53076,
      11.426314,
      19.794882,
      20.277684,
      19.151146,
      31.221196,
      23.33543,
      19.633948,
      31.38213,
      19.31208,
      30.899327999999997,
      19.955816000000002,
      16.415267999999998,
      0.32186800000000004,
      20.599552000000003,
      18.185542,
      0.0,
      53.91289,
      51.016078,
      21.72609,
      20.277684,
      30.094658,
      33.152404000000004,
      19.31208,
      23.174496,
      38.785094,
      30.255592,
      8.207633999999999,
      1.60934,
      20.277684,
      20.11675,
      7.724831999999999,
      22.691694,
      22.852628,
      22.691694,
      22.53076,
      8.529501999999999,
      19.794882,
      34.60081,
      20.599552000000003,
      1.1265379999999998,
      36.371084,
      12.07005,
      9.334171999999999,
      28.96812,
      13.840323999999999,
      28.96812,
      22.369826,
      19.955816000000002,
      8.207633999999999,
      36.532018,
      27.197846,
      9.495106,
      33.152404000000004,
      3.5405480000000003
    ],
    [
      38.785094,
      17.059003999999998,
      37.01482,
      31.864932,
      44.900586,
      31.864932,
      31.703998,
      34.922678,
      26.875978,
      29.77279,
      32.1868,
      26.875978,
      37.658556,
      21.887024,
      31.703998,
      54.878494,
      51.820748,
      33.957074,
      36.692952,
      53.91289,
      0.0,
      81.59353800000001,
      30.416525999999998,
      30.738394000000003,
      20.92142,
      18.346476,
      30.738394000000003,
      28.807185999999998,
      14.644993999999999,
      23.496364,
      55.361295999999996,
      58.419042,
      34.922678,
      31.221196,
      63.407996,
      28.646252,
      28.485318,
      41.520972,
      36.371084,
      55.200362,
      30.255592,
      32.347734,
      30.738394000000003,
      51.98168199999999,
      30.899327999999997,
      48.119265999999996,
      43.130312,
      40.877235999999996,
      41.03817,
      28.807185999999998,
      37.497622,
      30.094658,
      51.820748,
      17.70274,
      32.025866,
      51.337945999999995,
      20.599552000000003,
      51.98168199999999
    ],
    [
      58.74091,
      67.914148,
      60.833051999999995,
      60.02838199999999,
      51.820748,
      62.925194000000005,
      62.925194000000005,
      61.798655999999994,
      56.487834,
      65.500138,
      62.925194000000005,
      56.487834,
      57.131569999999996,
      73.385904,
      63.086128,
      33.474272,
      51.016078,
      62.120524,
      58.25810800000001,
      51.016078,
      81.59353800000001,
      0.0,
      64.3736,
      62.925194000000005,
      73.064036,
      76.604584,
      62.925194000000005,
      65.17827,
      77.731122,
      73.064036,
      40.072565999999995,
      50.211408,
      59.384646,
      62.76426,
      55.361295999999996,
      61.95959,
      65.017336,
      49.567672,
      54.23475800000001,
      39.911632000000004,
      62.76426,
      59.54558,
      63.086128,
      50.372342,
      55.683164000000005,
      42.486576,
      53.10822,
      58.901844000000004,
      65.66107199999999,
      57.775306,
      55.200362,
      62.76426,
      43.934982,
      76.765518,
      56.487834,
      41.199104000000005,
      76.604584,
      49.245804
    ],
    [
      8.85137,
      27.680647999999998,
      6.43736,
      2.41401,
      12.552852,
      2.735878,
      2.2530759999999996,
      3.7014819999999995,
      21.565156,
      2.735878,
      2.5749440000000003,
      21.565156,
      5.793624,
      11.104446000000001,
      2.5749440000000003,
      35.888282000000004,
      22.047957999999998,
      2.2530759999999996,
      6.9201619999999995,
      21.72609,
      30.416525999999998,
      64.3736,
      0.0,
      1.448406,
      10.621644,
      13.357522000000001,
      2.5749440000000003,
      2.735878,
      16.576202000000002,
      10.46071,
      26.715044000000002,
      26.071308,
      4.82802,
      2.2530759999999996,
      31.060262,
      2.5749440000000003,
      2.41401,
      13.035654,
      12.87472,
      26.875978,
      2.5749440000000003,
      25.105704,
      1.448406,
      25.427572,
      26.715044000000002,
      19.633948,
      14.644993999999999,
      11.909116000000001,
      14.48406,
      19.31208,
      7.563898,
      2.41401,
      23.33543,
      17.059003999999998,
      17.70274,
      22.852628,
      13.357522000000001,
      23.496364
    ],
    [
      7.402963999999999,
      27.841582000000002,
      4.9889540000000006,
      3.8624159999999996,
      11.26538,
      1.1265379999999998,
      0.48280199999999995,
      2.41401,
      19.955816000000002,
      2.2530759999999996,
      0.9656039999999999,
      20.11675,
      6.43736,
      10.621644,
      0.9656039999999999,
      34.439876,
      20.760486,
      1.448406,
      5.310822,
      20.277684,
      30.738394000000003,
      62.925194000000005,
      1.448406,
      0.0,
      10.943512,
      13.035654,
      1.1265379999999998,
      2.2530759999999996,
      16.89807,
      9.977908000000001,
      25.427572,
      22.047957999999998,
      4.506151999999999,
      0.9656039999999999,
      27.036912,
      2.5749440000000003,
      1.9312079999999998,
      11.748182,
      11.587248,
      25.588506,
      0.9656039999999999,
      23.657297999999997,
      0.364,
      21.565156,
      25.427572,
      18.346476,
      13.357522000000001,
      11.748182,
      10.46071,
      18.024607999999997,
      7.24203,
      0.9656039999999999,
      22.047957999999998,
      19.794882,
      16.254334,
      21.565156,
      12.87472,
      22.208892000000002
    ],
    [
      17.541806,
      18.024607999999997,
      14.966862,
      10.621644,
      21.082354,
      10.782578,
      10.46071,
      13.840323999999999,
      30.094658,
      8.529501999999999,
      10.943512,
      30.255592,
      16.576202000000002,
      1.448406,
      10.46071,
      44.578718,
      30.57746,
      12.713786,
      15.449663999999999,
      30.094658,
      20.92142,
      73.064036,
      10.621644,
      10.943512,
      0.0,
      3.7014819999999995,
      10.943512,
      9.012303999999999,
      7.402963999999999,
      2.2530759999999996,
      35.40548,
      32.025866,
      15.127796,
      11.426314,
      36.853885999999996,
      8.529501999999999,
      8.690436,
      21.72609,
      21.565156,
      35.566414,
      10.46071,
      33.79614,
      10.943512,
      31.38213,
      35.40548,
      28.324384000000002,
      23.33543,
      22.53076,
      20.438617999999998,
      28.002515999999996,
      18.990212,
      10.299776000000001,
      32.025866,
      7.885766,
      26.393175999999997,
      31.543064,
      3.7014819999999995,
      32.347734
    ],
    [
      21.082354,
      15.449663999999999,
      18.024607999999997,
      13.518456,
      24.1401,
      13.518456,
      14.001257999999998,
      17.541806,
      25.105704,
      12.07005,
      14.48406,
      25.266638,
      20.11675,
      2.5749440000000003,
      14.001257999999998,
      48.119265999999996,
      33.79614,
      16.254334,
      18.990212,
      33.152404000000004,
      18.346476,
      76.604584,
      13.357522000000001,
      13.035654,
      3.7014819999999995,
      0.0,
      15.127796,
      12.391918,
      4.02335,
      5.63269,
      39.589764,
      35.083612,
      19.473014,
      15.610598,
      40.072565999999995,
      11.587248,
      12.07005,
      26.071308,
      25.74944,
      39.750698,
      14.644993999999999,
      37.980424,
      12.87472,
      34.439876,
      39.750698,
      32.669602,
      25.74944,
      26.715044000000002,
      23.496364,
      32.1868,
      23.174496,
      14.48406,
      36.21015,
      6.43736,
      30.57746,
      35.888282000000004,
      2.41401,
      36.532018
    ],
    [
      7.563898,
      27.841582000000002,
      4.02335,
      4.9889540000000006,
      10.138842,
      0.32186800000000004,
      0.6437360000000001,
      1.448406,
      20.11675,
      3.379614,
      0.32186800000000004,
      20.277684,
      6.43736,
      11.587248,
      0.48280199999999995,
      34.439876,
      19.31208,
      2.092142,
      5.471756,
      19.31208,
      30.738394000000003,
      62.925194000000005,
      2.5749440000000003,
      1.1265379999999998,
      10.943512,
      15.127796,
      0.0,
      3.379614,
      17.059003999999998,
      10.943512,
      25.266638,
      21.082354,
      5.149888000000001,
      1.448406,
      26.071308,
      3.7014819999999995,
      3.057746,
      11.748182,
      11.587248,
      25.427572,
      0.48280199999999995,
      23.657297999999997,
      1.1265379999999998,
      20.438617999999998,
      25.427572,
      18.346476,
      11.748182,
      12.230984,
      9.495106,
      17.863674,
      8.85137,
      0.6437360000000001,
      21.887024,
      17.059003999999998,
      16.254334,
      21.565156,
      13.840323999999999,
      22.208892000000002
    ],
    [
      9.816974,
      25.910374,
      7.885766,
      4.9889540000000006,
      14.001257999999998,
      2.896812,
      2.5749440000000003,
      5.9545580000000005,
      22.369826,
      0.144,
      3.057746,
      22.53076,
      8.690436,
      9.977908000000001,
      2.735878,
      36.692952,
      23.657297999999997,
      4.9889540000000006,
      7.724831999999999,
      23.174496,
      28.807185999999998,
      65.17827,
      2.735878,
      2.2530759999999996,
      9.012303999999999,
      12.391918,
      3.379614,
      0.0,
      14.644993999999999,
      8.529501999999999,
      27.841582000000002,
      24.94477,
      7.724831999999999,
      3.379614,
      29.933724,
      3.057746,
      0.32186800000000004,
      14.323126,
      14.001257999999998,
      28.002515999999996,
      2.896812,
      26.232242,
      2.2530759999999996,
      24.301033999999998,
      28.002515999999996,
      20.92142,
      15.771532,
      14.966862,
      13.357522000000001,
      20.438617999999998,
      11.426314,
      2.735878,
      24.461968,
      14.966862,
      18.829278,
      23.979166,
      12.07005,
      24.783836
    ],
    [
      23.496364,
      11.748182,
      21.887024,
      16.737136,
      29.611855999999996,
      16.737136,
      16.415267999999998,
      19.794882,
      21.565156,
      14.48406,
      16.89807,
      21.72609,
      22.53076,
      5.793624,
      16.576202000000002,
      49.728606,
      36.532018,
      18.668343999999998,
      21.404222,
      38.785094,
      14.644993999999999,
      77.731122,
      16.576202000000002,
      16.89807,
      7.402963999999999,
      4.02335,
      17.059003999999998,
      14.644993999999999,
      0.0,
      8.85137,
      41.360037999999996,
      44.578718,
      21.243288,
      17.541806,
      49.728606,
      14.805927999999998,
      14.805927999999998,
      27.841582000000002,
      27.680647999999998,
      41.520972,
      16.415267999999998,
      27.197846,
      17.059003999999998,
      44.739652,
      27.197846,
      34.439876,
      29.289987999999997,
      28.485318,
      26.232242,
      24.94477,
      24.94477,
      16.415267999999998,
      37.980424,
      4.02335,
      32.347734,
      37.658556,
      6.115492,
      38.302292
    ],
    [
      17.541806,
      20.11675,
      15.127796,
      10.621644,
      21.243288,
      10.621644,
      10.46071,
      14.644993999999999,
      30.094658,
      8.529501999999999,
      11.104446000000001,
      30.255592,
      16.576202000000002,
      3.21868,
      10.46071,
      44.578718,
      30.738394000000003,
      12.713786,
      15.449663999999999,
      30.255592,
      23.496364,
      73.064036,
      10.46071,
      9.977908000000001,
      2.2530759999999996,
      5.63269,
      10.943512,
      8.529501999999999,
      8.85137,
      0.0,
      35.083612,
      32.025866,
      14.966862,
      11.104446000000001,
      37.01482,
      8.690436,
      9.173238,
      21.565156,
      21.404222,
      35.40548,
      10.138842,
      33.474272,
      9.977908000000001,
      31.543064,
      35.244546,
      28.16345,
      22.852628,
      22.208892000000002,
      20.599552000000003,
      27.680647999999998,
      18.668343999999998,
      10.138842,
      31.703998,
      9.816974,
      26.071308,
      31.38213,
      3.8624159999999996,
      32.025866
    ],
    [
      21.082354,
      41.520972,
      23.013562,
      25.74944,
      17.219938,
      25.266638,
      25.266638,
      24.1401,
      30.094658,
      27.841582000000002,
      25.105704,
      30.255592,
      22.369826,
      35.727348,
      25.266638,
      5.471756,
      8.368568,
      24.301033999999998,
      21.404222,
      8.207633999999999,
      55.361295999999996,
      40.072565999999995,
      26.715044000000002,
      25.427572,
      35.40548,
      39.589764,
      25.266638,
      27.841582000000002,
      41.360037999999996,
      35.083612,
      0.0,
      12.713786,
      22.691694,
      25.105704,
      17.863674,
      27.680647999999998,
      27.197846,
      20.277684,
      25.266638,
      0.32186800000000004,
      25.105704,
      36.853885999999996,
      25.427572,
      12.87472,
      32.830535999999995,
      9.65604,
      13.357522000000001,
      36.21015,
      28.16345,
      31.703998,
      25.105704,
      25.105704,
      2.41401,
      44.095915999999995,
      30.094658,
      4.184284,
      38.785094,
      5.471756
    ],
    [
      17.541806,
      51.659814000000004,
      19.473014,
      24.301033999999998,
      13.035654,
      21.565156,
      28.485318,
      20.760486,
      40.2335,
      24.94477,
      21.243288,
      40.2335,
      21.082354,
      32.669602,
      21.72609,
      15.610598,
      1.448406,
      27.680647999999998,
      19.955816000000002,
      1.60934,
      58.419042,
      50.211408,
      26.071308,
      22.047957999999998,
      32.025866,
      35.083612,
      21.082354,
      24.94477,
      44.578718,
      32.025866,
      12.713786,
      0.0,
      22.852628,
      22.852628,
      6.115492,
      25.266638,
      25.427572,
      25.266638,
      25.105704,
      12.87472,
      22.369826,
      37.175754000000005,
      23.174496,
      1.1265379999999998,
      39.42883,
      17.70274,
      11.104446000000001,
      31.543064,
      16.415267999999998,
      31.543064,
      24.94477,
      22.369826,
      9.65604,
      39.106962,
      29.77279,
      11.104446000000001,
      35.727348,
      5.149888000000001
    ],
    [
      4.9889540000000006,
      28.002515999999996,
      3.7014819999999995,
      3.5405480000000003,
      11.104446000000001,
      4.9889540000000006,
      5.149888000000001,
      3.8624159999999996,
      16.415267999999998,
      7.563898,
      4.9889540000000006,
      16.576202000000002,
      0.9656039999999999,
      15.449663999999999,
      5.149888000000001,
      31.38213,
      20.760486,
      3.057746,
      2.896812,
      20.277684,
      34.922678,
      59.384646,
      4.82802,
      4.506151999999999,
      15.127796,
      19.473014,
      5.149888000000001,
      7.724831999999999,
      21.243288,
      14.966862,
      22.691694,
      22.852628,
      0.0,
      3.7014819999999995,
      26.232242,
      5.471756,
      7.0810960000000005,
      6.43736,
      6.276426,
      22.852628,
      4.82802,
      18.50741,
      4.82802,
      20.599552000000003,
      20.11675,
      15.771532,
      10.299776000000001,
      9.012303999999999,
      9.65604,
      12.713786,
      3.057746,
      4.82802,
      19.31208,
      23.979166,
      11.104446000000001,
      18.829278,
      18.668343999999998,
      19.633948
    ],
    [
      7.24203,
      28.324384000000002,
      4.82802,
      4.184284,
      10.943512,
      1.2874720000000002,
      1.2874720000000002,
      2.735878,
      19.955816000000002,
      3.379614,
      1.2874720000000002,
      19.955816000000002,
      4.667085999999999,
      11.587248,
      1.448406,
      34.278942,
      20.599552000000003,
      0.48280199999999995,
      5.149888000000001,
      20.11675,
      31.221196,
      62.76426,
      2.2530759999999996,
      0.9656039999999999,
      11.426314,
      15.610598,
      1.448406,
      3.379614,
      17.541806,
      11.104446000000001,
      25.105704,
      22.852628,
      3.7014819999999995,
      0.0,
      27.036912,
      3.379614,
      5.149888000000001,
      11.909116000000001,
      11.587248,
      25.588506,
      1.2874720000000002,
      23.818232000000002,
      1.2874720000000002,
      21.404222,
      25.588506,
      18.50741,
      14.162192000000001,
      10.943512,
      10.46071,
      18.024607999999997,
      6.276426,
      1.2874720000000002,
      22.047957999999998,
      22.047957999999998,
      16.415267999999998,
      21.72609,
      14.001257999999998,
      22.369826
    ],
    [
      22.53076,
      56.809701999999994,
      24.461968,
      29.289987999999997,
      21.404222,
      26.393175999999997,
      33.635206,
      25.74944,
      37.980424,
      29.933724,
      26.232242,
      37.980424,
      25.910374,
      37.658556,
      26.715044000000002,
      20.599552000000003,
      7.563898,
      32.669602,
      24.783836,
      7.724831999999999,
      63.407996,
      55.361295999999996,
      31.060262,
      27.036912,
      36.853885999999996,
      40.072565999999995,
      26.071308,
      29.933724,
      49.728606,
      37.01482,
      17.863674,
      6.115492,
      26.232242,
      27.036912,
      0.0,
      29.450922000000002,
      29.611855999999996,
      29.450922000000002,
      29.289987999999997,
      18.024607999999997,
      26.55411,
      41.520972,
      29.611855999999996,
      7.402963999999999,
      44.578718,
      22.691694,
      18.346476,
      35.727348,
      20.599552000000003,
      35.727348,
      29.129054000000004,
      26.715044000000002,
      16.737136,
      43.291246,
      34.118007999999996,
