{
  "drive_dist_matrix": [
    [
      0.0,
      44.25685,
      40.877235999999996,
      43.130312,
      50.050474,
      44.417784000000005,
      42.003774,
      43.291246,
      43.291246,
      43.45218,
      30.738394000000003,
      49.08487,
      43.291246,
      43.613114,
      46.188058,
      43.774048,
      46.992728,
      39.42883,
      45.222454,
      42.003774
    ],
    [
      44.25685,
      0.0,
      5.793624,
      7.563898,
      10.138842,
      0.6437360000000001,
      6.43736,
      0.48280199999999995,
      0.48280199999999995,
      6.598293999999999,
      18.185542,
      13.518456,
      0.48280199999999995,
      0.48280199999999995,
      2.5749440000000003,
      0.066,
      11.587248,
      4.345218,
      5.9545580000000005,
      6.43736
    ],
    [
      40.877235999999996,
      5.793624,
      0.0,
      2.41401,
      19.31208,
      6.759228,
      2.41401,
      5.63269,
      5.9545580000000005,
      1.60934,
      16.0934,
      9.495106,
      5.9545580000000005,
      5.310822,
      5.793624,
      5.63269,
      7.402963999999999,
      0.9656039999999999,
      5.793624,
      2.41401
    ],
    [
      43.130312,
      7.563898,
      2.41401,
      0.0,
      12.87472,
      9.816974,
      2.41401,
      8.529501999999999,
      8.690436,
      0.6437360000000001,
      19.31208,
      7.563898,
      8.529501999999999,
      8.85137,
      7.24203,
      9.012303999999999,
      5.63269,
      4.9889540000000006,
      3.8624159999999996,
      2.5749440000000003
    ],
    [
      50.050474,
      10.138842,
      19.31208,
      12.87472,
      0.0,
      10.782578,
      14.162192000000001,
      9.65604,
      10.299776000000001,
      15.449663999999999,
      25.910374,
      5.310822,
      9.816974,
      9.65604,
      8.0467,
      10.299776000000001,
      7.724831999999999,
      12.07005,
      11.426314,
      14.162192000000001
    ],
    [
      44.417784000000005,
      0.6437360000000001,
      6.759228,
      9.816974,
      10.782578,
      0.0,
      7.402963999999999,
      1.2874720000000002,
      0.6437360000000001,
      7.563898,
      19.151146,
      15.771532,
      1.2874720000000002,
      1.2874720000000002,
      3.5405480000000003,
      0.6437360000000001,
      8.690436,
      5.310822,
      6.9201619999999995,
      7.402963999999999
    ],
    [
      42.003774,
      6.43736,
      2.41401,
      2.41401,
      14.162192000000001,
      7.402963999999999,
      0.0,
      7.24203,
      7.24203,
      1.9312079999999998,
      17.863674,
      7.563898,
      7.24203,
      7.563898,
      5.471756,
      7.724831999999999,
      5.63269,
      3.7014819999999995,
      3.8624159999999996,
      0.32186800000000004
    ],
    [
      43.291246,
      0.48280199999999995,
      5.63269,
      8.529501999999999,
      9.65604,
      1.2874720000000002,
      7.24203,
      0.0,
      0.80467,
      5.471756,
      18.346476,
      14.48406,
      0.6437360000000001,
      0.6437360000000001,
      2.092142,
      0.48280199999999995,
      7.402963999999999,
      4.506151999999999,
      5.471756,
      6.598293999999999
    ],
    [
      43.291246,
      0.48280199999999995,
      5.9545580000000005,
      8.690436,
      10.299776000000001,
      0.6437360000000001,
      7.24203,
      0.80467,
      0.0,
      7.0810960000000005,
      18.668343999999998,
      14.001257999999998,
      0.16093400000000002,
      0.6437360000000001,
      2.896812,
      0.48280199999999995,
      12.07005,
      4.82802,
      6.276426,
      6.9201619999999995
    ],
    [
      43.45218,
      6.598293999999999,
      1.60934,
      0.6437360000000001,
      15.449663999999999,
      7.563898,
      1.9312079999999998,
      5.471756,
      7.0810960000000005,
      0.0,
      19.633948,
      8.207633999999999,
      9.334171999999999,
      5.310822,
      5.471756,
      5.63269,
      6.276426,
      2.896812,
      4.506151999999999,
      1.9312079999999998
    ],
    [
      30.738394000000003,
      18.185542,
      16.0934,
      19.31208,
      25.910374,
      19.151146,
      17.863674,
      18.346476,
      18.668343999999998,
      19.633948,
      0.0,
      24.622902,
      18.668343999999998,
      18.990212,
      21.72609,
      19.151146,
      22.53076,
      14.966862,
      20.760486,
      17.541806
    ],
    [
      49.08487,
      13.518456,
      9.495106,
      7.563898,
      5.310822,
      15.771532,
      7.563898,
      14.48406,
      14.001257999999998,
      8.207633999999999,
      24.622902,
      0.0,
      14.162192000000001,
      13.840323999999999,
      8.85137,
      14.48406,
      3.7014819999999995,
      11.26538,
      6.759228,
      7.885766
    ],
    [
      43.291246,
      0.48280199999999995,
      5.9545580000000005,
      8.529501999999999,
      9.816974,
      1.2874720000000002,
      7.24203,
      0.6437360000000001,
      0.16093400000000002,
      9.334171999999999,
      18.668343999999998,
      14.162192000000001,
      0.0,
      0.48280199999999995,
      2.735878,
      0.48280199999999995,
      11.909116000000001,
      4.506151999999999,
      6.115492,
      6.9201619999999995
    ],
    [
      43.613114,
      0.48280199999999995,
      5.310822,
      8.85137,
      9.65604,
      1.2874720000000002,
      7.563898,
      0.6437360000000001,
      0.6437360000000001,
      5.310822,
      18.990212,
      13.840323999999999,
      0.48280199999999995,
      0.0,
      2.735878,
      0.48280199999999995,
      11.26538,
      4.02335,
      9.495106,
      6.115492
    ],
    [
      46.188058,
      2.5749440000000003,
      5.793624,
      7.24203,
      8.0467,
      3.5405480000000003,
      5.471756,
      2.092142,
      2.896812,
      5.471756,
      21.72609,
      8.85137,
      2.735878,
      2.735878,
      0.0,
      3.057746,
      6.115492,
      5.793624,
      4.667085999999999,
      6.115492
    ],
    [
      43.774048,
      0.066,
      5.63269,
      9.012303999999999,
      10.299776000000001,
      0.6437360000000001,
      7.724831999999999,
      0.48280199999999995,
      0.48280199999999995,
      5.63269,
      19.151146,
      14.48406,
      0.48280199999999995,
      0.48280199999999995,
      3.057746,
      0.0,
      11.748182,
      4.506151999999999,
      6.115492,
      6.598293999999999
    ],
    [
      46.992728,
      11.587248,
      7.402963999999999,
      5.63269,
      7.724831999999999,
      8.690436,
      5.63269,
      7.402963999999999,
      12.07005,
      6.276426,
      22.53076,
      3.7014819999999995,
      11.909116000000001,
      11.26538,
      6.115492,
      11.748182,
      0.0,
      8.0467,
      3.7014819999999995,
      4.82802
    ],
    [
      39.42883,
      4.345218,
      0.9656039999999999,
      4.9889540000000006,
      12.07005,
      5.310822,
      3.7014819999999995,
      4.506151999999999,
      4.82802,
      2.896812,
      14.966862,
      11.26538,
      4.506151999999999,
      4.02335,
      5.793624,
      4.506151999999999,
      8.0467,
      0.0,
      6.276426,
      3.21868
    ],
    [
      45.222454,
      5.9545580000000005,
      5.793624,
      3.8624159999999996,
      11.426314,
      6.9201619999999995,
      3.8624159999999996,
      5.471756,
      6.276426,
      4.506151999999999,
      20.760486,
      6.759228,
      6.115492,
      9.495106,
      4.667085999999999,
      6.115492,
      3.7014819999999995,
      6.276426,
      0.0,
      5.793624
    ],
    [
      42.003774,
      6.43736,
      2.41401,
      2.5749440000000003,
      14.162192000000001,
      7.402963999999999,
      0.32186800000000004,
      6.598293999999999,
      6.9201619999999995,
      1.9312079999999998,
      17.541806,
      7.885766,
      6.9201619999999995,
      6.115492,
      6.115492,
      6.598293999999999,
      4.82802,
      3.21868,
      5.793624,
      0.0
    ]
  ],
  "drive_time_matrix": [
    [
      0.0,
      31.0,
      29.0,
      29.0,
      34.0,
      32.0,
      27.0,
      29.0,
      29.0,
      30.0,
      23.0,
      34.0,
      28.0,
      29.0,
      32.0,
      29.0,
      32.0,
      26.0,
      31.0,
      27.0
    ],
    [
      31.0,
      0.0,
      8.0,
      9.0,
      12.0,
      7.0,
      7.0,
      5.0,
      6.0,
      10.0,
      17.0,
      14.0,
      6.0,
      7.0,
      6.0,
      1.0,
      12.0,
      6.0,
      11.0,
      7.0
    ],
    [
      29.0,
      8.0,
      0.0,
      9.0,
      17.0,
      15.0,
      8.0,
      13.0,
      11.0,
      6.0,
      19.0,
      15.0,
      11.0,
      13.0,
      14.0,
      13.0,
      13.0,
      10.0,
      11.0,
      8.0
    ],
    [
      29.0,
      9.0,
      9.0,
      0.0,
      15.0,
      13.0,
      5.0,
      10.0,
      10.0,
      8.0,
      19.0,
      9.0,
      10.0,
      10.0,
      11.0,
      10.0,
      7.0,
      9.0,
      5.0,
      5.0
    ],
    [
      34.0,
      12.0,
      17.0,
      15.0,
      0.0,
      12.0,
      12.0,
      9.0,
      11.0,
      14.0,
      23.0,
      8.0,
      10.0,
      11.0,
      10.0,
      11.0,
      11.0,
      11.0,
      13.0,
      12.0
    ],
    [
      32.0,
      7.0,
      15.0,
      13.0,
      12.0,
      0.0,
      10.0,
      4.0,
      9.0,
      13.0,
      21.0,
      17.0,
      11.0,
      5.0,
      9.0,
      7.0,
      17.0,
      9.0,
      15.0,
      10.0
    ],
    [
      27.0,
      7.0,
      8.0,
      5.0,
      12.0,
      10.0,
      0.0,
      8.0,
      8.0,
      6.0,
      17.0,
      9.0,
      8.0,
      9.0,
      11.0,
      9.0,
      7.0,
      7.0,
      6.0,
      3.0
    ],
    [
      29.0,
      5.0,
      13.0,
      10.0,
      9.0,
      4.0,
      8.0,
      0.0,
      11.0,
      11.0,
      19.0,
      12.0,
      9.0,
      9.0,
      4.0,
      7.0,
      12.0,
      7.0,
      10.0,
      8.0
    ],
    [
      29.0,
      6.0,
      11.0,
      10.0,
      11.0,
      9.0,
      8.0,
      11.0,
      0.0,
      11.0,
      18.0,
      15.0,
      3.0,
      9.0,
      7.0,
      5.0,
      13.0,
      7.0,
      13.0,
      8.0
    ],
    [
      30.0,
      10.0,
      6.0,
      8.0,
      14.0,
      13.0,
      6.0,
      11.0,
      11.0,
      0.0,
      19.0,
      10.0,
      10.0,
      12.0,
      11.0,
      12.0,
      8.0,
      7.0,
      7.0,
      5.0
    ],
    [
      23.0,
      17.0,
      19.0,
      19.0,
      23.0,
      21.0,
      17.0,
      19.0,
      18.0,
      19.0,
      0.0,
      22.0,
      17.0,
      18.0,
      20.0,
      18.0,
      21.0,
      15.0,
      19.0,
      15.0
    ],
    [
      34.0,
      14.0,
      15.0,
      9.0,
      8.0,
      17.0,
      9.0,
      12.0,
      15.0,
      10.0,
      22.0,
      0.0,
      14.0,
      15.0,
      14.0,
      14.0,
      6.0,
      14.0,
      8.0,
      9.0
    ],
    [
      28.0,
      6.0,
      11.0,
      10.0,
      10.0,
      11.0,
      8.0,
      9.0,
      3.0,
      10.0,
      17.0,
      14.0,
      0.0,
      6.0,
      6.0,
      6.0,
      12.0,
      6.0,
      12.0,
      7.0
    ],
    [
      29.0,
      7.0,
      13.0,
      10.0,
      11.0,
      5.0,
      9.0,
      9.0,
      9.0,
      12.0,
      18.0,
      15.0,
      6.0,
      0.0,
      6.0,
      6.0,
      12.0,
      6.0,
      10.0,
      7.0
    ],
    [
      32.0,
      6.0,
      14.0,
      11.0,
      10.0,
      9.0,
      11.0,
      4.0,
      7.0,
      11.0,
      20.0,
      14.0,
      6.0,
      6.0,
      0.0,
      6.0,
      11.0,
      10.0,
      9.0,
      11.0
    ],
    [
      29.0,
      1.0,
      13.0,
      10.0,
      11.0,
      7.0,
      9.0,
      7.0,
      5.0,
      12.0,
      18.0,
      14.0,
      6.0,
      6.0,
      6.0,
      0.0,
      12.0,
      6.0,
      12.0,
      7.0
    ],
    [
      32.0,
      12.0,
      13.0,
      7.0,
      11.0,
      17.0,
      7.0,
      12.0,
      13.0,
      8.0,
      21.0,
      6.0,
      12.0,
      12.0,
      11.0,
      12.0,
      0.0,
      11.0,
      5.0,
      6.0
    ],
    [
      26.0,
      6.0,
      10.0,
      9.0,
      11.0,
      9.0,
      7.0,
      7.0,
      7.0,
      7.0,
      15.0,
      14.0,
      6.0,
      6.0,
      10.0,
      6.0,
      11.0,
      0.0,
      10.0,
      8.0
    ],
    [
      31.0,
      11.0,
      11.0,
      5.0,
      13.0,
      15.0,
      6.0,
      10.0,
      13.0,
      7.0,
      19.0,
      8.0,
      12.0,
      10.0,
      9.0,
      12.0,
      5.0,
      10.0,
      0.0,
      5.0
    ],
    [
      27.0,
      7.0,
      8.0,
      5.0,
      12.0,
      10.0,
      3.0,
      8.0,
      8.0,
      5.0,
      15.0,
      9.0,
      7.0,
      7.0,
      11.0,
      7.0,
      6.0,
      8.0,
      5.0,
      0.0
    ]
  ],
  "transit_dist_walk_matrix": [
    [
      0.0,
      NaN,
      NaN,
      NaN,
      NaN,
      NaN,
      NaN,
      NaN,
      NaN,
      NaN,
      NaN,
      NaN,
      NaN,
      NaN,
      NaN,
      NaN,
      NaN,
      NaN,
      NaN,
      NaN
    ],
    [
      NaN,
      0.0,
      0.99996,
      0.99996,
      NaN,
      NaN,
      1.8332600000000001,
      NaN,
      NaN,
      NaN,
      1.8332600000000001,
      3.24987,
      NaN,
      NaN,
      1.16662,
      NaN,
      0.66664,
      1.49994,
      0.58331,
      1.91659
    ],
    [
      NaN,
      0.99996,
      0.0,
      1.2499500000000001,
      1.6666,
      1.6666,
      1.2499500000000001,
      0.99996,
      1.49994,
      0.9166300000000001,
      1.8332600000000001,
      3.83318,
      1.2499500000000001,
      1.2499500000000001,
      1.2499500000000001,
      1.2499500000000001,
      NaN,
      0.58331,
      0.41665,
      1.2499500000000001
    ],
    [
      NaN,
      0.99996,
      1.2499500000000001,
      0.0,
      1.16662,
      1.6666,
      NaN,
      NaN,
      NaN,
      NaN,
      2.24991,
      3.3332,
      NaN,
      1.2499500000000001,
      1.16662,
      1.2499500000000001,
      NaN,
      NaN,
      0.66664,
      NaN
    ],
    [
      NaN,
      NaN,
      1.6666,
      1.16662,
      0.0,
      1.49994,
      1.41661,
      0.8333,
      1.58327,
      0.9166300000000001,
      2.08325,
      3.74985,
      1.91659,
      1.8332600000000001,
      1.08329,
      1.2499500000000001,
      1.08329,
      1.91659,
      1.08329,
      1.99992
    ],
    [
      NaN,
      NaN,
      1.6666,
      1.6666,
      1.49994,
      0.0,
      2.41657,
      NaN,
      NaN,
      0.99996,
      2.41657,
      4.24983,
      NaN,
      NaN,
      NaN,
      NaN,
      2.33324,
      1.16662,
      1.74993,
      2.4999000000000002
    ],
    [
      NaN,
      1.8332600000000001,
      1.2499500000000001,
      NaN,
      1.41661,
      2.41657,
      0.0,
      0.74997,
      1.2499500000000001,
      1.08329,
      2.4999000000000002,
      3.74985,
      0.99996,
      0.99996,
      1.6666,
      0.99996,
      1.74993,
      1.2499500000000001,
      1.2499500000000001,
      NaN
    ],
    [
      NaN,
      NaN,
      0.99996,
      NaN,
      0.8333,
      NaN,
      0.74997,
      0.0,
      NaN,
      NaN,
      1.91659,
      3.3332,
      NaN,
      NaN,
      0.8333,
      NaN,
      0.9166300000000001,
      0.66664,
      0.99996,
      1.99992
    ],
    [
      NaN,
      NaN,
      1.49994,
      NaN,
      1.58327,
      NaN,
      1.2499500000000001,
      NaN,
      0.0,
      NaN,
      NaN,
      NaN,
      NaN,
      NaN,
      NaN,
      NaN,
      NaN,
      NaN,
      NaN,
      NaN
    ],
    [
      NaN,
      NaN,
      0.9166300000000001,
      NaN,
      0.9166300000000001,
      0.99996,
      1.08329,
      NaN,
      NaN,
      0.0,
      1.6666,
      2.99988,
      0.66664,
      0.66664,
      1.16662,
      0.66664,
      0.41665,
      1.58327,
      0.74997,
      0.9166300000000001
    ],
    [
      NaN,
      1.8332600000000001,
      1.8332600000000001,
      2.24991,
      2.08325,
      2.41657,
      2.4999000000000002,
      1.91659,
      NaN,
      1.6666,
      0.0,
      NaN,
      1.91659,
      1.91659,
      1.8332600000000001,
      1.91659,
      2.41657,
      1.6666,
      1.49994,
      2.33324
    ],
    [
      NaN,
      3.24987,
      3.83318,
      3.3332,
      3.74985,
      4.24983,
      3.74985,
      3.3332,
      NaN,
      2.99988,
      NaN,
      0.0,
      3.6665200000000002,
      3.6665200000000002,
      3.58319,
      3.6665200000000002,
      NaN,
      3.83318,
      3.49986,
      3.83318
    ],
    [
      NaN,
      NaN,
      1.2499500000000001,
      NaN,
      1.91659,
      NaN,
      0.99996,
      NaN,
      NaN,
      0.66664,
      1.91659,
      3.6665200000000002,
      0.0,
      NaN,
      1.58327,
      NaN,
      0.8333,
      1.6666,
      1.74993,
      2.08325
    ],
    [
      NaN,
      NaN,
      1.2499500000000001,
      1.2499500000000001,
      1.8332600000000001,
      NaN,
      0.99996,
      NaN,
      NaN,
      0.66664,
      1.91659,
      3.6665200000000002,
      NaN,
      0.0,
      1.49994,
      NaN,
      0.74997,
      1.58327,
      1.6666,
      1.99992
    ],
    [
      NaN,
      1.16662,
      1.2499500000000001,
      1.16662,
      1.08329,
      NaN,
      1.6666,
      0.8333,
      NaN,
      1.16662,
      1.8332600000000001,
      3.58319,
      1.58327,
      1.49994,
      0.0,
      1.2499500000000001,
      1.99992,
      1.16662,
      1.6666,
      1.99992
    ],
    [
      NaN,
      NaN,
      1.2499500000000001,
      1.2499500000000001,
      1.2499500000000001,
      NaN,
      0.99996,
      NaN,
      NaN,
      0.66664,
      1.91659,
      3.6665200000000002,
      NaN,
      NaN,
      1.2499500000000001,
      0.0,
      0.74997,
      1.58327,
      1.49994,
      1.99992
    ],
    [
      NaN,
      0.66664,
      NaN,
      NaN,
      1.08329,
      2.33324,
      1.74993,
      0.9166300000000001,
      NaN,
      0.41665,
      2.41657,
      NaN,
      0.8333,
      0.74997,
      1.99992,
      0.74997,
      0.0,
      1.2499500000000001,
      1.33328,
      1.91659
    ],
    [
      NaN,
      1.49994,
      0.58331,
      NaN,
      1.91659,
      1.16662,
      1.2499500000000001,
      0.66664,
      NaN,
      1.58327,
      1.6666,
      3.83318,
      1.6666,
      1.58327,
      1.16662,
      1.58327,
      1.2499500000000001,
      0.0,
      NaN,
      1.16662
    ],
    [
      NaN,
      0.58331,
      0.41665,
      0.66664,
      1.08329,
      1.74993,
      1.2499500000000001,
      0.99996,
      NaN,
      0.74997,
      1.49994,
      3.49986,
      1.74993,
      1.6666,
      1.6666,
      1.49994,
      1.33328,
      NaN,
      0.0,
      1.33328
    ],
    [
      NaN,
      1.91659,
      1.2499500000000001,
      NaN,
      1.99992,
      2.4999000000000002,
      NaN,
      1.99992,
      NaN,
      0.9166300000000001,
      2.33324,
      3.83318,
      2.08325,
      1.99992,
      1.99992,
      1.99992,
      1.91659,
      1.16662,
      1.33328,
      0.0
    ]
  ],
  "transit_time_matrix": [
    [
      0.0,
      NaN,
      NaN,
      NaN,
      NaN,
      NaN,
      NaN,
      NaN,
      NaN,
      NaN,
      NaN,
      NaN,
      NaN,
      NaN,
      NaN,
      NaN,
      NaN,
      NaN,
      NaN,
      NaN
    ],
    [
      NaN,
      0.0,
      24.0,
      9.0,
      0.0,
      NaN,
      7.0,
      NaN,
      NaN,
      0.0,
      17.0,
      84.0,
      NaN,
      NaN,
      18.0,
      NaN,
      12.0,
      28.0,
      27.0,
      7.0
    ],
    [
      NaN,
      24.0,
      0.0,
      19.0,
      44.0,
      32.0,
      19.0,
      24.0,
      11.0,
      6.0,
      62.0,
      56.0,
      27.0,
      27.0,
      14.0,
      27.0,
      0.0,
      10.0,
      20.0,
      19.0
    ],
    [
      NaN,
      9.0,
      19.0,
      0.0,
      34.0,
      13.0,
      0.0,
      0.0,
      0.0,
      NaN,
      19.0,
      9.0,
      0.0,
      10.0,
      26.0,
      10.0,
      0.0,
      0.0,
      5.0,
      NaN
    ],
    [
      NaN,
      0.0,
      44.0,
      34.0,
      0.0,
      45.0,
      61.0,
      9.0,
      46.0,
      40.0,
      94.0,
      59.0,
      45.0,
      11.0,
      28.0,
      42.0,
      29.0,
      55.0,
      53.0,
      55.0
    ],
    [
      NaN,
      NaN,
      32.0,
      13.0,
      45.0,
      0.0,
      10.0,
      NaN,
      NaN,
      28.0,
      21.0,
      80.0,
      NaN,
      NaN,
      0.0,
      NaN,
      17.0,
      9.0,
      15.0,
      42.0
    ],
    [
      NaN,
      7.0,
      19.0,
      0.0,
      61.0,
      10.0,
      0.0,
      8.0,
      34.0,
      16.0,
      74.0,
      9.0,
      31.0,
      31.0,
      44.0,
      31.0,
      7.0,
      23.0,
      20.0,
      NaN
    ],
    [
      NaN,
      NaN,
      24.0,
      0.0,
      9.0,
      NaN,
      8.0,
      0.0,
      NaN,
      0.0,
      19.0,
      79.0,
      NaN,
      NaN,
      12.0,
      NaN,
      12.0,
      31.0,
      23.0,
      36.0
    ],
    [
      NaN,
      NaN,
      11.0,
      0.0,
      46.0,
      NaN,
      34.0,
      NaN,
      0.0,
      NaN,
      NaN,
      NaN,
      NaN,
      NaN,
      NaN,
      NaN,
      NaN,
      NaN,
      NaN,
      NaN
    ],
    [
      NaN,
      0.0,
      6.0,
      NaN,
      40.0,
      28.0,
      16.0,
      0.0,
      NaN,
      0.0,
      83.0,
      10.0,
      10.0,
      12.0,
      24.0,
      23.0,
      8.0,
      7.0,
      17.0,
      15.0
    ],
    [
      NaN,
      17.0,
      62.0,
      19.0,
      94.0,
      21.0,
      74.0,
      19.0,
      NaN,
      83.0,
      0.0,
      NaN,
      17.0,
      85.0,
      94.0,
      18.0,
      101.0,
      58.0,
      74.0,
      73.0
    ],
    [
      NaN,
      84.0,
      56.0,
      9.0,
      59.0,
      80.0,
      9.0,
      79.0,
      NaN,
      10.0,
      NaN,
      0.0,
      79.0,
      79.0,
      82.0,
      79.0,
      0.0,
      78.0,
      8.0,
      65.0
    ],
    [
      NaN,
      NaN,
      27.0,
      0.0,
      45.0,
      NaN,
      31.0,
      NaN,
      NaN,
      10.0,
      17.0,
      79.0,
      0.0,
      NaN,
      21.0,
      NaN,
      12.0,
      30.0,
      12.0,
      37.0
    ],
    [
      NaN,
      NaN,
      27.0,
      10.0,
      11.0,
      NaN,
      31.0,
      NaN,
      NaN,
      12.0,
      85.0,
      79.0,
      NaN,
      0.0,
      20.0,
      NaN,
      12.0,
      29.0,
      10.0,
      36.0
    ],
    [
      NaN,
      18.0,
      14.0,
      26.0,
      28.0,
      0.0,
      44.0,
      12.0,
      NaN,
      24.0,
      94.0,
      82.0,
      21.0,
      20.0,
      0.0,
      6.0,
      39.0,
      37.0,
      29.0,
      43.0
    ],
    [
      NaN,
      NaN,
      27.0,
      10.0,
      42.0,
      NaN,
      31.0,
      NaN,
      NaN,
      23.0,
      18.0,
      79.0,
      NaN,
      NaN,
      6.0,
      0.0,
      12.0,
      29.0,
      12.0,
      36.0
    ],
    [
      NaN,
      12.0,
      0.0,
      0.0,
      29.0,
      17.0,
      7.0,
      12.0,
      NaN,
      8.0,
      101.0,
      0.0,
      12.0,
      12.0,
      39.0,
      12.0,
      0.0,
      11.0,
      20.0,
      30.0
    ],
    [
      NaN,
      28.0,
      10.0,
      0.0,
      55.0,
      9.0,
      23.0,
      31.0,
      NaN,
      7.0,
      58.0,
      78.0,
      30.0,
      29.0,
      37.0,
      29.0,
      11.0,
      0.0,
      0.0,
      22.0
    ],
    [
      NaN,
      27.0,
      20.0,
      5.0,
      53.0,
      15.0,
      20.0,
      23.0,
      NaN,
      17.0,
      74.0,
      8.0,
      12.0,
      10.0,
      29.0,
      12.0,
      20.0,
      0.0,
      0.0,
      5.0
    ],
    [
      NaN,
      7.0,
      19.0,
      NaN,
      55.0,
      42.0,
      NaN,
      36.0,
      NaN,
      15.0,
      73.0,
      65.0,
      37.0,
      36.0,
      43.0,
      36.0,
      30.0,
      22.0,
      5.0,
      0.0
    ]
  ],
  "walk_dist_matrix": [
    [
      0.0,
      39.589764,
      38.302292,
      39.911632000000004,
      47.314595999999995,
      39.42883,
      40.2335,
      39.589764,
      39.106962,
      39.589764,
      26.55411,
      47.958332,
      39.106962,
      39.106962,
      40.877235999999996,
      39.589764,
      44.417784000000005,
      37.497622,
      42.969378,
      40.2335
    ],
    [
      39.589764,
      0.0,
      4.82802,
      5.793624,
      8.529501999999999,
      0.6437360000000001,
      5.63269,
      0.48280199999999995,
      0.48280199999999995,
      5.471756,
      15.771532,
      10.621644,
      0.48280199999999995,
      0.48280199999999995,
      2.41401,
      0.066,
      7.0810960000000005,
      4.82802,
      5.9545580000000005,
      5.63269
    ],
    [
      38.302292,
      4.82802,
      0.0,
      1.7702740000000001,
      11.748182,
      5.310822,
      2.2530759999999996,
      4.9889540000000006,
      4.667085999999999,
      1.60934,
      15.28873,
      9.977908000000001,
      4.345218,
      4.345218,
      5.149888000000001,
      4.82802,
      6.9201619999999995,
      0.9656039999999999,
      4.9889540000000006,
      2.2530759999999996
    ],
    [
      39.911632000000004,
      5.793624,
      1.7702740000000001,
      0.0,
      11.26538,
      6.276426,
      1.1265379999999998,
      5.471756,
      6.115492,
      0.6437360000000001,
      16.737136,
      8.368568,
      5.9545580000000005,
      5.471756,
      5.149888000000001,
      5.9545580000000005,
      5.793624,
      2.5749440000000003,
      3.379614,
      1.1265379999999998
    ],
    [
      47.314595999999995,
      8.529501999999999,
      11.748182,
      11.26538,
      0.0,
      8.85137,
      10.782578,
      8.0467,
      8.85137,
      11.587248,
      23.979166,
      8.690436,
      8.690436,
      8.690436,
      6.9201619999999995,
      8.690436,
      7.885766,
      11.587248,
      9.495106,
      10.782578
    ],
    [
      39.42883,
      0.6437360000000001,
      5.310822,
      6.276426,
      8.85137,
      0.0,
      6.115492,
      0.80467,
      0.6437360000000001,
      5.9545580000000005,
      15.610598,
      11.104446000000001,
      0.80467,
      1.1265379999999998,
      2.896812,
      0.6437360000000001,
      7.563898,
      5.149888000000001,
      6.43736,
      6.115492
    ],
    [
      40.2335,
      5.63269,
      2.2530759999999996,
      1.1265379999999998,
      10.782578,
      6.115492,
      0.0,
      5.310822,
      5.9545580000000005,
      1.7702740000000001,
      17.059003999999998,
      7.885766,
      5.793624,
      5.310822,
      4.9889540000000006,
      5.793624,
      5.310822,
      2.896812,
      2.735878,
      0.32186800000000004
    ],
    [
      39.589764,
      0.48280199999999995,
      4.9889540000000006,
      5.471756,
      8.0467,
      0.80467,
      5.310822,
      0.0,
      0.80467,
      5.149888000000001,
      15.771532,
      10.299776000000001,
      0.6437360000000001,
      0.6437360000000001,
      1.9312079999999998,
      0.48280199999999995,
      6.598293999999999,
      4.9889540000000006,
      5.471756,
      5.310822
    ],
    [
      39.106962,
      0.48280199999999995,
      4.667085999999999,
      6.115492,
      8.85137,
      0.6437360000000001,
      5.9545580000000005,
      0.80467,
      0.0,
      5.793624,
      15.28873,
      11.104446000000001,
      0.16093400000000002,
      0.6437360000000001,
      2.735878,
      0.48280199999999995,
      7.402963999999999,
      4.506151999999999,
      6.276426,
      5.9545580000000005
    ],
    [
      39.589764,
      5.471756,
      1.60934,
      0.6437360000000001,
      11.587248,
      5.9545580000000005,
      1.7702740000000001,
      5.149888000000001,
      5.793624,
      0.0,
      16.415267999999998,
      8.85137,
      5.63269,
      5.149888000000001,
      5.149888000000001,
      5.63269,
      6.276426,
      2.41401,
      3.8624159999999996,
      1.7702740000000001
    ],
    [
      26.55411,
      15.771532,
      15.28873,
      16.737136,
      23.979166,
      15.610598,
      17.059003999999998,
      15.771532,
      15.28873,
      16.415267999999998,
      0.0,
      24.783836,
      15.127796,
      15.28873,
      17.541806,
      15.771532,
      21.243288,
      14.323126,
      19.794882,
      17.219938
    ],
    [
      47.958332,
      10.621644,
      9.977908000000001,
      8.368568,
      8.690436,
      11.104446000000001,
      7.885766,
      10.299776000000001,
      11.104446000000001,
      8.85137,
      24.783836,
      0.0,
      10.943512,
      10.782578,
      8.529501999999999,
      10.782578,
      3.8624159999999996,
      10.782578,
      5.63269,
      8.0467
    ],
    [
      39.106962,
      0.48280199999999995,
      4.345218,
      5.9545580000000005,
      8.690436,
      0.80467,
      5.793624,
      0.6437360000000001,
      0.16093400000000002,
      5.63269,
      15.127796,
      10.943512,
      0.0,
      0.48280199999999995,
      2.5749440000000003,
      0.48280199999999995,
      7.24203,
      4.345218,
      6.115492,
      5.793624
    ],
    [
      39.106962,
      0.48280199999999995,
      4.345218,
      5.471756,
      8.690436,
      1.1265379999999998,
      5.310822,
      0.6437360000000001,
      0.6437360000000001,
      5.149888000000001,
      15.28873,
      10.782578,
      0.48280199999999995,
      0.0,
      2.5749440000000003,
      0.48280199999999995,
      7.24203,
      4.345218,
      6.115492,
      5.310822
    ],
    [
      40.877235999999996,
      2.41401,
      5.149888000000001,
      5.149888000000001,
      6.9201619999999995,
      2.896812,
      4.9889540000000006,
      1.9312079999999998,
      2.735878,
      5.149888000000001,
      17.541806,
      8.529501999999999,
      2.5749440000000003,
      2.5749440000000003,
      0.0,
      2.5749440000000003,
      4.9889540000000006,
      5.149888000000001,
      4.345218,
      4.9889540000000006
    ],
    [
      39.589764,
      0.066,
      4.82802,
      5.9545580000000005,
      8.690436,
      0.6437360000000001,
      5.793624,
      0.48280199999999995,
      0.48280199999999995,
      5.63269,
      15.771532,
      10.782578,
      0.48280199999999995,
      0.48280199999999995,
      2.5749440000000003,
      0.0,
      7.24203,
      4.82802,
      6.115492,
      5.793624
    ],
    [
      44.417784000000005,
      7.0810960000000005,
      6.9201619999999995,
      5.793624,
      7.885766,
      7.563898,
      5.310822,
      6.598293999999999,
      7.402963999999999,
      6.276426,
      21.243288,
      3.8624159999999996,
      7.24203,
      7.24203,
      4.9889540000000006,
      7.24203,
      0.0,
      7.24203,
      2.896812,
      5.149888000000001
    ],
    [
      37.497622,
      4.82802,
      0.9656039999999999,
      2.5749440000000003,
      11.587248,
      5.149888000000001,
      2.896812,
      4.9889540000000006,
      4.506151999999999,
      2.41401,
      14.323126,
      10.782578,
      4.345218,
      4.345218,
      5.149888000000001,
      4.82802,
      7.24203,
      0.0,
      5.63269,
      2.896812
    ],
    [
      42.969378,
      5.9545580000000005,
      4.9889540000000006,
      3.379614,
      9.495106,
      6.43736,
      2.735878,
      5.471756,
      6.276426,
      3.8624159999999996,
      19.794882,
      5.63269,
      6.115492,
      6.115492,
      4.345218,
      6.115492,
      2.896812,
      5.63269,
      0.0,
      3.057746
    ],
    [
      40.2335,
      5.63269,
      2.2530759999999996,
      1.1265379999999998,
      10.782578,
      6.115492,
      0.32186800000000004,
      5.310822,
      5.9545580000000005,
      1.7702740000000001,
      17.219938,
      8.0467,
      5.793624,
      5.310822,
      4.9889540000000006,
      5.793624,
      5.149888000000001,
      2.896812,
      3.057746,
      0.0
    ]
  ],
  "walk_time_matrix": [
    [
      0.0,
      494.0,
      478.0,
      499.0,
      591.0,
      493.0,
      503.0,
      495.0,
      488.0,
      494.0,
      329.0,
      599.0,
      487.0,
      489.0,
      510.0,
      493.0,
      556.0,
      468.0,
      536.0,
      504.0
    ],
    [
      494.0,
      0.0,
      24.0,
      74.0,
      107.0,
      7.0,
      73.0,
      5.0,
      6.0,
      70.0,
      197.0,
      134.0,
      6.0,
      7.0,
      18.0,
      1.0,
      51.0,
      28.0,
      76.0,
      35.0
    ],
    [
      478.0,
      24.0,
      0.0,
      19.0,
      148.0,
      67.0,
      19.0,
      64.0,
      59.0,
      15.0,
      62.0,
      126.0,
      27.0,
      55.0,
      38.0,
      27.0,
      87.0,
      10.0,
      20.0,
      19.0
    ],
    [
      499.0,
      74.0,
      19.0,
      0.0,
      144.0,
      81.0,
      14.0,
      71.0,
      79.0,
      8.0,
      212.0,
      46.0,
      76.0,
      30.0,
      26.0,
      30.0,
      7.0,
      34.0,
      42.0,
      14.0
    ],
    [
      591.0,
      107.0,
      148.0,
      144.0,
      0.0,
      45.0,
      61.0,
      36.0,
      112.0,
      40.0,
      300.0,
      59.0,
      45.0,
      43.0,
      28.0,
      109.0,
      29.0,
      147.0,
      118.0,
      133.0
    ],
    [
      493.0,
      7.0,
      67.0,
      81.0,
      45.0,
      0.0,
      79.0,
      11.0,
      9.0,
      28.0,
      86.0,
      140.0,
      11.0,
      14.0,
      36.0,
      7.0,
      64.0,
      66.0,
      33.0,
      79.0
    ],
    [
      503.0,
      73.0,
      19.0,
      14.0,
      61.0,
      79.0,
      0.0,
      69.0,
      34.0,
      16.0,
      74.0,
      98.0,
      31.0,
      69.0,
      44.0,
      74.0,
      32.0,
      37.0,
      20.0,
      3.0
    ],
    [
      495.0,
      5.0,
      64.0,
      71.0,
      36.0,
      11.0,
      69.0,
      0.0,
      11.0,
      66.0,
      82.0,
      79.0,
      9.0,
      9.0,
      12.0,
      7.0,
      47.0,
      31.0,
      70.0,
      36.0
    ],
    [
      488.0,
      6.0,
      59.0,
      79.0,
      112.0,
      9.0,
      34.0,
      11.0,
      0.0,
      74.0,
      191.0,
      139.0,
      3.0,
      9.0,
      36.0,
      5.0,
      95.0,
      58.0,
      81.0,
      77.0
    ],
    [
      494.0,
      70.0,
      15.0,
      8.0,
      40.0,
      28.0,
      16.0,
      66.0,
      74.0,
      0.0,
      207.0,
      111.0,
      23.0,
      23.0,
      24.0,
      23.0,
      11.0,
      30.0,
      17.0,
      15.0
    ],
    [
      329.0,
      197.0,
      62.0,
      212.0,
      300.0,
      86.0,
      74.0,
      82.0,
      191.0,
      207.0,
      0.0,
      312.0,
      85.0,
      193.0,
      220.0,
      197.0,
      269.0,
      58.0,
      74.0,
      73.0
    ],
    [
      599.0,
      134.0,
      126.0,
      46.0,
      59.0,
      140.0,
      98.0,
      79.0,
      139.0,
      111.0,
      312.0,
      0.0,
      79.0,
      135.0,
      107.0,
      136.0,
      46.0,
      135.0,
      70.0,
      65.0
    ],
    [
      487.0,
      6.0,
      27.0,
      76.0,
      45.0,
      11.0,
      31.0,
      9.0,
      3.0,
      23.0,
      85.0,
      79.0,
      0.0,
      6.0,
      21.0,
      6.0,
      47.0,
      55.0,
      79.0,
      74.0
    ],
    [
      489.0,
      7.0,
      55.0,
      30.0,
      43.0,
      14.0,
      69.0,
      9.0,
      9.0,
      23.0,
      193.0,
      135.0,
      6.0,
      0.0,
      20.0,
      6.0,
      46.0,
      55.0,
      78.0,
      69.0
    ],
    [
      510.0,
      18.0,
      38.0,
      26.0,
      28.0,
      36.0,
      44.0,
      12.0,
      36.0,
      24.0,
      220.0,
      107.0,
      21.0,
      20.0,
      0.0,
      19.0,
      63.0,
      65.0,
      56.0,
      43.0
    ],
    [
      493.0,
      1.0,
      27.0,
      30.0,
      109.0,
      7.0,
      74.0,
      7.0,
      5.0,
      23.0,
      197.0,
      136.0,
      6.0,
      6.0,
      19.0,
      0.0,
      46.0,
      29.0,
      78.0,
      36.0
    ],
    [
      556.0,
      51.0,
      87.0,
      7.0,
      29.0,
      64.0,
      32.0,
      47.0,
      95.0,
      11.0,
      269.0,
      46.0,
      47.0,
      46.0,
      63.0,
      46.0,
      0.0,
      39.0,
      20.0,
      64.0
    ],
    [
      468.0,
      28.0,
      10.0,
      34.0,
      147.0,
      66.0,
      37.0,
      31.0,
      58.0,
      30.0,
      58.0,
      135.0,
      55.0,
      55.0,
      65.0,
      29.0,
      39.0,
      0.0,
      72.0,
      37.0
    ],
    [
      536.0,
      76.0,
      20.0,
      42.0,
      118.0,
      33.0,
      20.0,
      70.0,
      81.0,
      17.0,
      74.0,
      70.0,
      79.0,
      78.0,
      56.0,
      78.0,
      20.0,
      72.0,
      0.0,
      38.0
    ],
    [
      504.0,
      35.0,
      19.0,
      14.0,
      133.0,
      79.0,
      3.0,
      36.0,
      77.0,
      15.0,
      73.0,
      65.0,
      74.0,
      69.0,
      43.0,
      36.0,
      64.0,
      37.0,
      38.0,
      0.0
    ]
  ],
  "cycle_dist_matrix": [
    [
      0.0,
      43.291246,
      38.302292,
      40.877235999999996,
      51.820748,
      43.291246,
      41.681906,
      43.774048,
      39.106962,
      39.911632000000004,
      27.35878,
      50.211408,
      43.291246,
      43.774048,
      42.164708,
      39.589764,
      46.831794,
      38.785094,
      45.06152,
      41.681906
    ],
    [
      43.291246,
      0.0,
      4.82802,
      6.276426,
      9.334171999999999,
      0.80467,
      6.276426,
      0.48280199999999995,
      0.48280199999999995,
      5.471756,
      17.541806,
      11.748182,
      0.48280199999999995,
      0.48280199999999995,
      2.41401,
      0.066,
      8.368568,
      4.82802,
      5.9545580000000005,
      6.276426
    ],
    [
      38.302292,
      4.82802,
      0.0,
      2.092142,
      13.035654,
      5.310822,
      NaN,
      5.149888000000001,
      4.9889540000000006,
      1.7702740000000001,
      17.059003999999998,
      10.782578,
      NaN,
      4.345218,
      5.310822,
      5.149888000000001,
      6.9201619999999995,
      0.9656039999999999,
      5.471756,
      NaN
    ],
    [
      40.877235999999996,
      6.276426,
      2.092142,
      0.0,
      13.035654,
      6.759228,
      2.092142,
      5.471756,
      6.115492,
      0.80467,
      18.829278,
      8.368568,
      5.9545580000000005,
      5.793624,
      5.471756,
      5.9545580000000005,
      5.793624,
      2.5749440000000003,
      3.379614,
      2.092142
    ],
    [
      51.820748,
      9.334171999999999,
      13.035654,
      13.035654,
      0.0,
      9.012303999999999,
      10.782578,
      NaN,
      9.65604,
      12.391918,
      25.910374,
      9.495106,
      9.65604,
      8.690436,
      NaN,
      9.012303999999999,
      8.207633999999999,
      12.87472,
      9.65604,
      10.782578
    ],
    [
      43.291246,
      0.80467,
      5.310822,
      6.759228,
      9.012303999999999,
      0.0,
      6.9201619999999995,
      0.80467,
      0.80467,
      6.43736,
      15.610598,
      11.104446000000001,
      0.80467,
      1.1265379999999998,
      3.057746,
      0.6437360000000001,
      8.529501999999999,
      5.471756,
      6.9201619999999995,
      6.9201619999999995
    ],
    [
      41.681906,
      6.276426,
      NaN,
      2.092142,
      10.782578,
      6.9201619999999995,
      0.0,
      5.310822,
      7.0810960000000005,
      1.7702740000000001,
      19.633948,
      8.85137,
      6.759228,
      5.310822,
      6.276426,
      5.793624,
      5.471756,
      3.7014819999999995,
      3.7014819999999995,
      0.32186800000000004
    ],
    [
      43.774048,
      0.48280199999999995,
      5.149888000000001,
      5.471756,
      NaN,
      0.80467,
