{
  "drive_dist_matrix": [
    [
      0.0,
      43.130312,
      40.877235999999996,
      43.934982,
      44.25685,
      47.153662000000004,
      45.06152,
      50.050474,
      42.003774,
      43.291246,
      49.08487,
      43.291246,
      56.970636,
      47.153662000000004,
      43.291246,
      45.06152,
      43.130312,
      71.132828,
      35.888282000000004,
      45.222454,
      43.291246,
      42.164708,
      46.027124,
      43.291246,
      43.613114,
      43.613114,
      42.003774,
      30.738394000000003,
      39.42883,
      46.188058,
      43.130312,
      16.737136,
      45.383388,
      35.888282000000004,
      44.095915999999995,
      13.196587999999998,
      42.969378,
      40.877235999999996,
      42.969378,
      42.808444,
      43.291246,
      10.782578,
      43.291246,
      42.486576,
      46.027124,
      44.25685,
      44.25685,
      47.153662000000004,
      47.47553,
      64.051732,
      2.092142,
      43.774048,
      44.417784000000005,
      42.325642,
      67.43134599999999,
      44.095915999999995,
      43.130312
    ],
    [
      43.130312,
      0.0,
      4.02335,
      4.184284,
      9.495106,
      5.63269,
      10.46071,
      12.87472,
      0.6437360000000001,
      7.402963999999999,
      7.563898,
      8.529501999999999,
      12.07005,
      5.63269,
      8.690436,
      10.46071,
      0.48280199999999995,
      30.899327999999997,
      9.65604,
      3.8624159999999996,
      8.690436,
      3.057746,
      11.426314,
      0.80467,
      8.85137,
      0.6437360000000001,
      2.5749440000000003,
      19.31208,
      4.9889540000000006,
      7.24203,
      7.402963999999999,
      31.060262,
      3.8624159999999996,
      9.65604,
      9.334171999999999,
      56.487834,
      8.368568,
      4.02335,
      5.793624,
      0.6437360000000001,
      3.21868,
      43.45218,
      8.690436,
      7.885766,
      8.529501999999999,
      3.379614,
      3.379614,
      5.63269,
      5.149888000000001,
      34.439876,
      45.544322,
      2.41401,
      9.816974,
      7.563898,
      22.208892000000002,
      4.506151999999999,
      0.80467
    ],
    [
      40.877235999999996,
      4.02335,
      0.0,
      4.345218,
      6.115492,
      7.402963999999999,
      7.885766,
      12.713786,
      1.60934,
      5.63269,
      9.495106,
      5.9545580000000005,
      13.840323999999999,
      7.563898,
      6.115492,
      7.885766,
      2.41401,
      34.922678,
      6.43736,
      5.793624,
      5.9545580000000005,
      2.5749440000000003,
      8.690436,
      1.7702740000000001,
      5.310822,
      1.60934,
      2.2530759999999996,
      16.0934,
      0.9656039999999999,
      5.793624,
      5.471756,
      28.002515999999996,
      5.793624,
      6.43736,
      5.9545580000000005,
      51.016078,
      5.310822,
      1.448406,
      3.7014819999999995,
      1.448406,
      0.80467,
      40.2335,
      5.9545580000000005,
      4.667085999999999,
      8.690436,
      1.60934,
      1.7702740000000001,
      7.563898,
      9.173238,
      31.703998,
      42.325642,
      4.184284,
      6.759228,
      4.667085999999999,
      26.071308,
      4.506151999999999,
      1.7702740000000001
    ],
    [
      43.934982,
      4.184284,
      4.345218,
      0.0,
      5.471756,
      3.21868,
      6.43736,
      10.46071,
      4.02335,
      4.667085999999999,
      5.149888000000001,
      5.310822,
      9.65604,
      3.21868,
      5.471756,
      6.276426,
      4.02335,
      32.347734,
      9.65604,
      1.2874720000000002,
      5.471756,
      3.379614,
      7.402963999999999,
      2.896812,
      5.149888000000001,
      4.184284,
      2.735878,
      19.151146,
      5.9545580000000005,
      3.379614,
      4.667085999999999,
      31.060262,
      0.41,
      9.65604,
      5.310822,
      56.487834,
      4.506151999999999,
      3.5405480000000003,
      4.667085999999999,
      3.8624159999999996,
      4.345218,
      43.45218,
      5.471756,
      4.9889540000000006,
      5.149888000000001,
      4.506151999999999,
      4.506151999999999,
      3.21868,
      2.5749440000000003,
      28.807185999999998,
      45.544322,
      2.092142,
      5.9545580000000005,
      4.667085999999999,
      19.473014,
      0.4,
      2.896812
    ],
    [
      44.25685,
      9.495106,
      6.115492,
      5.471756,
      0.0,
      7.885766,
      1.448406,
      10.138842,
      5.471756,
      0.48280199999999995,
      9.816974,
      0.48280199999999995,
      12.07005,
      7.885766,
      0.48280199999999995,
      1.2874720000000002,
      6.759228,
      39.267896,
      8.690436,
      5.9545580000000005,
      0.48280199999999995,
      6.598293999999999,
      0.6437360000000001,
      5.310822,
      0.48280199999999995,
      5.471756,
      6.43736,
      19.794882,
      4.82802,
      2.5749440000000003,
      0.48280199999999995,
      30.094658,
      5.9545580000000005,
      8.529501999999999,
      0.16093400000000002,
      55.52223,
      0.6437360000000001,
      4.506151999999999,
      1.9312079999999998,
      5.310822,
      4.82802,
      42.486576,
      0.48280199999999995,
      1.1265379999999998,
      4.506151999999999,
      5.471756,
      5.63269,
      7.885766,
      7.24203,
      28.96812,
      44.578718,
      5.793624,
      0.6437360000000001,
      1.1265379999999998,
      25.588506,
      4.82802,
      5.310822
    ],
    [
      47.153662000000004,
      5.63269,
      7.402963999999999,
      3.21868,
      7.885766,
      0.0,
      13.518456,
      7.885766,
      6.115492,
      6.9201619999999995,
      2.5749440000000003,
      11.587248,
      6.9201619999999995,
      0.6437360000000001,
      11.748182,
      13.518456,
      6.115492,
      34.761744,
      12.87472,
      3.7014819999999995,
      11.748182,
      5.471756,
      14.48406,
      6.43736,
      11.909116000000001,
      6.276426,
      4.9889540000000006,
      22.369826,
      8.0467,
      5.793624,
      6.9201619999999995,
      34.278942,
      2.41401,
      12.713786,
      7.563898,
      59.54558,
      6.9201619999999995,
      6.9201619999999995,
      8.85137,
      6.115492,
      6.43736,
      46.509926,
      11.748182,
      10.943512,
      5.471756,
      6.598293999999999,
      6.759228,
      0.6437360000000001,
      4.9889540000000006,
      28.002515999999996,
      48.602067999999996,
      4.506151999999999,
      8.368568,
      10.621644,
      16.576202000000002,
      3.057746,
      6.43736
    ],
    [
      45.06152,
      10.46071,
      7.885766,
      6.43736,
      1.448406,
      13.518456,
      0.0,
      11.26538,
      6.759228,
      1.60934,
      11.104446000000001,
      1.60934,
      14.644993999999999,
      9.173238,
      1.60934,
      0.6437360000000001,
      8.0467,
      40.555368,
      9.173238,
      7.24203,
      1.448406,
      7.402963999999999,
      0.80467,
      6.759228,
      1.60934,
      6.759228,
      7.563898,
      19.633948,
      5.63269,
      3.8624159999999996,
      1.7702740000000001,
      32.347734,
      7.24203,
      10.138842,
      1.2874720000000002,
      55.200362,
      1.7702740000000001,
      5.793624,
      3.057746,
      6.43736,
      6.115492,
      44.739652,
      1.448406,
      2.2530759999999996,
      5.793624,
      6.759228,
      6.9201619999999995,
      9.173238,
      8.529501999999999,
      30.255592,
      46.831794,
      7.0810960000000005,
      0.6437360000000001,
      2.2530759999999996,
      26.875978,
      5.9545580000000005,
      6.598293999999999
    ],
    [
      50.050474,
      12.87472,
      12.713786,
      10.46071,
      10.138842,
      7.885766,
      11.26538,
      0.0,
      13.357522000000001,
      8.690436,
      5.310822,
      9.816974,
      3.8624159999999996,
      7.24203,
      10.299776000000001,
      11.104446000000001,
      13.357522000000001,
      48.441134000000005,
      17.219938,
      10.782578,
      10.299776000000001,
      12.552852,
      10.138842,
      12.230984,
      9.65604,
      13.357522000000001,
      12.07005,
      27.841582000000002,
      12.713786,
      8.0467,
      8.529501999999999,
      55.039428,
      9.65604,
      17.059003999999998,
      10.138842,
      66.626676,
      8.529501999999999,
      11.748182,
      9.65604,
      12.07005,
      12.230984,
      53.591021999999995,
      10.299776000000001,
      9.173238,
      6.115492,
      13.196587999999998,
      13.196587999999998,
      7.24203,
      11.587248,
      21.082354,
      55.683164000000005,
      11.587248,
      10.782578,
      8.690436,
      17.70274,
      8.207633999999999,
      12.07005
    ],
    [
      42.003774,
      0.6437360000000001,
      1.60934,
      4.02335,
      5.471756,
      6.115492,
      6.759228,
      13.357522000000001,
      0.0,
      5.63269,
      8.207633999999999,
      5.471756,
      14.805927999999998,
      6.276426,
      5.793624,
      11.26538,
      0.48280199999999995,
      29.129054000000004,
      10.138842,
      4.506151999999999,
      5.793624,
      2.2530759999999996,
      12.07005,
      1.448406,
      5.310822,
      0.377,
      1.9312079999999998,
      19.633948,
      2.896812,
      5.471756,
      5.310822,
      31.543064,
      4.506151999999999,
      9.977908000000001,
      5.9545580000000005,
      57.775306,
      5.310822,
      1.448406,
      3.7014819999999995,
      0.80467,
      0.80467,
      45.86619,
      5.793624,
      4.667085999999999,
      8.368568,
      0.48280199999999995,
      0.48280199999999995,
      6.276426,
      5.471756,
      31.38213,
      46.027124,
      3.057746,
      6.598293999999999,
      4.506151999999999,
      22.369826,
      4.184284,
      1.448406
    ],
    [
      43.291246,
      7.402963999999999,
      5.63269,
      4.667085999999999,
      0.48280199999999995,
      6.9201619999999995,
      1.60934,
      8.690436,
      5.63269,
      0.0,
      9.334171999999999,
      0.6437360000000001,
      11.104446000000001,
      7.402963999999999,
      0.80467,
      1.7702740000000001,
      6.598293999999999,
      33.474272,
      8.85137,
      5.471756,
      0.80467,
      5.9545580000000005,
      0.9656039999999999,
      5.310822,
      0.6437360000000001,
      5.471756,
      6.9201619999999995,
      18.346476,
      4.506151999999999,
      2.092142,
      0.423,
      30.255592,
      5.471756,
      8.690436,
      0.32186800000000004,
      62.120524,
      0.32186800000000004,
      4.506151999999999,
      2.092142,
      5.149888000000001,
      4.82802,
      42.64751,
      0.80467,
      1.2874720000000002,
      4.02335,
      5.793624,
      5.793624,
      7.402963999999999,
      6.759228,
      28.646252,
      44.739652,
      5.310822,
      0.80467,
      0.80467,
      25.266638,
      4.345218,
      5.149888000000001
    ],
    [
      49.08487,
      7.563898,
      9.495106,
      5.149888000000001,
      9.816974,
      2.5749440000000003,
      11.104446000000001,
      5.310822,
      8.207633999999999,
      9.334171999999999,
      0.0,
      14.805927999999998,
      4.345218,
      3.21868,
      14.805927999999998,
      11.748182,
      9.334171999999999,
      38.302292,
      15.932466,
      6.759228,
      14.805927999999998,
      8.529501999999999,
      17.541806,
      9.65604,
      10.621644,
      9.334171999999999,
      8.0467,
      25.427572,
      11.26538,
      8.85137,
      9.977908000000001,
      38.141358,
      5.63269,
      15.771532,
      10.621644,
      73.868706,
      9.977908000000001,
      9.977908000000001,
      11.909116000000001,
      9.173238,
      9.65604,
      49.728606,
      14.805927999999998,
      14.001257999999998,
      8.690436,
      9.816974,
      9.816974,
      3.21868,
      9.173238,
      25.427572,
      51.659814000000004,
      10.621644,
      11.426314,
      9.977908000000001,
      14.644993999999999,
      6.115492,
      9.495106
    ],
    [
      43.291246,
      8.529501999999999,
      5.9545580000000005,
      5.310822,
      0.48280199999999995,
      11.587248,
      1.60934,
      9.816974,
      5.471756,
      0.6437360000000001,
      14.805927999999998,
      0.0,
      11.748182,
      8.0467,
      0.32186800000000004,
      1.448406,
      6.759228,
      39.42883,
      9.012303999999999,
      6.115492,
      0.16093400000000002,
      6.9201619999999995,
      0.9656039999999999,
      5.310822,
      0.48280199999999995,
      5.63269,
      6.759228,
      19.473014,
      5.149888000000001,
      2.735878,
      0.80467,
      30.416525999999998,
      6.115492,
      9.012303999999999,
      0.6437360000000001,
      53.91289,
      0.9656039999999999,
      4.667085999999999,
      1.9312079999999998,
      5.310822,
      4.9889540000000006,
      51.98168199999999,
      0.32186800000000004,
      0.9656039999999999,
      4.667085999999999,
      5.63269,
      5.9545580000000005,
      8.0467,
      7.402963999999999,
      27.841582000000002,
      44.900586,
      6.115492,
      0.80467,
      1.1265379999999998,
      27.680647999999998,
      4.9889540000000006,
      5.310822
    ],
    [
      56.970636,
      12.07005,
      13.840323999999999,
      9.65604,
      12.07005,
      6.9201619999999995,
      14.644993999999999,
      3.8624159999999996,
      14.805927999999998,
      11.104446000000001,
      4.345218,
      11.748182,
      0.0,
      4.345218,
      16.0934,
      17.863674,
      10.46071,
      35.40548,
      17.059003999999998,
      7.885766,
      15.932466,
      9.65604,
      13.67939,
      10.782578,
      16.254334,
      10.46071,
      9.173238,
      26.55411,
      12.391918,
      9.977908000000001,
      11.104446000000001,
      39.267896,
      6.759228,
      16.89807,
      13.518456,
      61.95959,
      11.104446000000001,
      11.104446000000001,
      13.035654,
      10.299776000000001,
      10.782578,
      50.855144,
      15.932466,
      12.552852,
      9.495106,
      10.943512,
      10.943512,
      4.345218,
      8.529501999999999,
      24.622902,
      52.786351999999994,
      9.977908000000001,
      14.323126,
      12.230984,
      14.644993999999999,
      7.24203,
      10.621644
    ],
    [
      47.153662000000004,
      5.63269,
      7.563898,
      3.21868,
      7.885766,
      0.6437360000000001,
      9.173238,
      7.24203,
      6.276426,
      7.402963999999999,
      3.21868,
      8.0467,
      4.345218,
      0.0,
      11.748182,
      8.529501999999999,
      6.115492,
      34.922678,
      12.713786,
      3.7014819999999995,
      11.748182,
      5.471756,
      14.48406,
      6.43736,
      7.402963999999999,
      6.276426,
      4.82802,
      22.369826,
      8.0467,
      5.793624,
      6.9201619999999995,
      34.278942,
      2.41401,
      12.713786,
      7.563898,
      66.30480800000001,
      6.9201619999999995,
      6.9201619999999995,
      8.85137,
      5.9545580000000005,
      6.43736,
      46.509926,
      11.748182,
      10.943512,
      5.471756,
      6.598293999999999,
      6.598293999999999,
      0.154,
      4.9889540000000006,
      27.519714,
      48.602067999999996,
      4.506151999999999,
      8.207633999999999,
      10.621644,
      17.380872,
      3.057746,
      6.43736
    ],
    [
      43.291246,
      8.690436,
      6.115492,
      5.471756,
      0.48280199999999995,
      11.748182,
      1.60934,
      10.299776000000001,
      5.793624,
      0.80467,
      14.805927999999998,
      0.32186800000000004,
      16.0934,
      11.748182,
      0.0,
      1.448406,
      8.0467,
      36.049215999999994,
      9.173238,
      6.43736,
      0.489,
      7.0810960000000005,
      0.6437360000000001,
      5.63269,
      0.80467,
      5.9545580000000005,
      6.9201619999999995,
      19.794882,
      4.9889540000000006,
      3.057746,
      0.9656039999999999,
      30.57746,
      6.43736,
      9.012303999999999,
      0.6437360000000001,
      54.073824,
      1.1265379999999998,
      4.9889540000000006,
      2.2530759999999996,
      7.724831999999999,
      5.310822,
      42.969378,
      0.253,
      1.2874720000000002,
      4.9889540000000006,
      5.9545580000000005,
      6.115492,
      8.368568,
      7.724831999999999,
      28.16345,
      45.06152,
      6.276426,
      1.2874720000000002,
      1.448406,
      24.783836,
      5.149888000000001,
      5.63269
    ],
    [
      45.06152,
      10.46071,
      7.885766,
      6.276426,
      1.2874720000000002,
      13.518456,
      0.6437360000000001,
      11.104446000000001,
      11.26538,
      1.7702740000000001,
      11.748182,
      1.448406,
      17.863674,
      8.529501999999999,
      1.448406,
      0.0,
      7.885766,
      34.761744,
      9.012303999999999,
      7.0810960000000005,
      1.448406,
      7.24203,
      0.80467,
      6.43736,
      1.60934,
      6.759228,
      7.402963999999999,
      20.11675,
      5.9545580000000005,
      3.7014819999999995,
      1.7702740000000001,
      29.933724,
      7.0810960000000005,
      10.46071,
      1.1265379999999998,
      55.361295999999996,
      1.7702740000000001,
      5.793624,
      3.057746,
      6.43736,
      6.115492,
      44.25685,
      1.448406,
      2.092142,
      5.63269,
      6.759228,
      7.0810960000000005,
      9.012303999999999,
      8.368568,
      28.807185999999998,
      46.348992,
      6.9201619999999995,
      0.6437360000000001,
      2.2530759999999996,
      25.427572,
      5.9545580000000005,
      6.43736
    ],
    [
      43.130312,
      0.48280199999999995,
      2.41401,
      4.02335,
      6.759228,
      6.115492,
      8.0467,
      13.357522000000001,
      0.48280199999999995,
      6.598293999999999,
      9.334171999999999,
      6.759228,
      10.46071,
      6.115492,
      8.0467,
      7.885766,
      0.0,
      30.416525999999998,
      9.012303999999999,
      4.184284,
      7.885766,
      1.9312079999999998,
      10.621644,
      1.1265379999999998,
      5.63269,
      0.6437360000000001,
      1.60934,
      18.50741,
      3.379614,
      5.471756,
      5.63269,
      30.416525999999998,
      4.184284,
      8.85137,
      6.276426,
      52.142616,
      5.63269,
      1.60934,
      4.02335,
      0.9656039999999999,
      1.2874720000000002,
      42.64751,
      7.885766,
      4.9889540000000006,
      8.0467,
      0.80467,
      0.80467,
      5.9545580000000005,
      5.63269,
      31.060262,
      44.739652,
      2.735878,
      7.0810960000000005,
      4.9889540000000006,
      22.53076,
      3.8624159999999996,
      1.1265379999999998
    ],
    [
      71.132828,
      30.899327999999997,
      34.922678,
      32.347734,
      39.267896,
      34.761744,
      40.555368,
      48.441134000000005,
      29.129054000000004,
      33.474272,
      38.302292,
      39.42883,
      35.40548,
      34.922678,
      36.049215999999994,
      34.761744,
      30.416525999999998,
      0.0,
      35.244546,
      28.646252,
      34.118007999999996,
      28.16345,
      36.853885999999996,
      28.324384000000002,
      34.278942,
      27.680647999999998,
      28.002515999999996,
      47.47553,
      30.57746,
      32.669602,
      36.853885999999996,
      59.384646,
      29.77279,
      37.81949,
      34.761744,
      82.237274,
      36.853885999999996,
      28.807185999999998,
      31.221196,
      28.002515999999996,
      28.324384000000002,
      69.845356,
      34.118007999999996,
      36.371084,
      39.750698,
      27.35878,
      27.519714,
      35.566414,
      28.807185999999998,
      54.073824,
      70.971894,
      28.324384000000002,
      35.244546,
      36.049215999999994,
      37.81949,
      30.255592,
      28.324384000000002
    ],
    [
      35.888282000000004,
      9.65604,
      6.43736,
      9.65604,
      8.690436,
      12.87472,
      9.173238,
      17.219938,
      10.138842,
      8.85137,
      15.932466,
      9.012303999999999,
      17.059003999999998,
      12.713786,
      9.173238,
      9.012303999999999,
      9.012303999999999,
      35.244546,
      0.0,
      11.748182,
      9.816974,
      8.690436,
      12.552852,
      9.65604,
      9.977908000000001,
      8.368568,
      8.529501999999999,
      10.138842,
      5.9545580000000005,
      12.713786,
      9.65604,
      22.047957999999998,
      11.909116000000001,
      0.364,
      10.46071,
      44.900586,
      9.495106,
      7.402963999999999,
      8.207633999999999,
      9.334171999999999,
      7.724831999999999,
      34.439876,
      9.816974,
      9.012303999999999,
      12.391918,
      10.782578,
      10.782578,
      13.67939,
      14.001257999999998,
      35.566414,
      36.532018,
      10.299776000000001,
      10.943512,
      8.690436,
      30.899327999999997,
      10.621644,
      9.65604
    ],
    [
      45.222454,
      3.8624159999999996,
      5.793624,
      1.2874720000000002,
      5.9545580000000005,
      3.7014819999999995,
      7.24203,
      10.782578,
      4.506151999999999,
      5.471756,
      6.759228,
      6.115492,
      7.885766,
      3.7014819999999995,
      6.43736,
      7.0810960000000005,
      4.184284,
      28.646252,
      11.748182,
      0.0,
      6.9201619999999995,
      4.02335,
      9.012303999999999,
      5.793624,
      6.598293999999999,
      4.345218,
      3.5405480000000003,
      20.92142,
      6.759228,
      4.82802,
      6.115492,
      33.635206,
      1.448406,
      11.26538,
      6.759228,
      56.3269,
      6.115492,
      6.115492,
      6.276426,
      5.310822,
      5.793624,
      45.222454,
      6.9201619999999995,
      6.598293999999999,
      6.598293999999999,
      4.667085999999999,
      4.667085999999999,
      4.02335,
      1.2874720000000002,
      34.278942,
      47.314595999999995,
      1.9312079999999998,
      7.563898,
      6.115492,
      18.185542,
      1.9312079999999998,
      4.506151999999999
    ],
    [
      43.291246,
      8.690436,
      5.9545580000000005,
      5.471756,
      0.48280199999999995,
      11.748182,
      1.448406,
      10.299776000000001,
      5.793624,
      0.80467,
      14.805927999999998,
      0.16093400000000002,
      15.932466,
      11.748182,
      0.489,
      1.448406,
      7.885766,
      34.118007999999996,
      9.816974,
      6.9201619999999995,
      0.0,
      7.0810960000000005,
      0.80467,
      5.63269,
      0.6437360000000001,
      5.793624,
      6.9201619999999995,
      19.794882,
      5.310822,
      2.896812,
      0.9656039999999999,
      30.57746,
      6.276426,
      9.173238,
      0.6437360000000001,
      54.073824,
      1.1265379999999998,
      4.82802,
      2.2530759999999996,
      5.63269,
      5.310822,
      42.969378,
      0.295,
      1.2874720000000002,
      4.82802,
      5.9545580000000005,
      6.276426,
      8.207633999999999,
      7.563898,
      29.450922000000002,
      45.06152,
      6.115492,
      0.6437360000000001,
      1.448406,
      26.071308,
      5.149888000000001,
      5.63269
    ],
    [
      42.164708,
      3.057746,
      2.5749440000000003,
      3.379614,
      6.598293999999999,
      5.471756,
      7.402963999999999,
      12.552852,
      2.2530759999999996,
      5.9545580000000005,
      8.529501999999999,
      6.9201619999999995,
      9.65604,
      5.471756,
      7.0810960000000005,
      7.24203,
      1.9312079999999998,
      28.16345,
      8.690436,
      4.02335,
      7.0810960000000005,
      0.0,
      8.207633999999999,
      0.80467,
      5.9545580000000005,
      5.9545580000000005,
      0.6437360000000001,
      19.955816000000002,
      7.885766,
      5.310822,
      5.310822,
      31.864932,
      3.21868,
      10.299776000000001,
      6.115492,
      57.292504,
      5.310822,
      4.506151999999999,
      5.471756,
      3.8624159999999996,
      4.345218,
      44.25685,
      6.276426,
      5.793624,
      7.0810960000000005,
      6.43736,
      6.43736,
      5.149888000000001,
      4.506151999999999,
      30.57746,
      46.348992,
      2.735878,
      6.759228,
      5.471756,
      21.565156,
      1.9312079999999998,
      0.80467
    ],
    [
      46.027124,
      11.426314,
      8.690436,
      7.402963999999999,
      0.6437360000000001,
      14.48406,
      0.80467,
      10.138842,
      12.07005,
      0.9656039999999999,
      17.541806,
      0.9656039999999999,
      13.67939,
      14.48406,
      0.6437360000000001,
      0.80467,
      10.621644,
      36.853885999999996,
      12.552852,
      9.012303999999999,
      0.80467,
      8.207633999999999,
      0.0,
      5.9545580000000005,
      1.1265379999999998,
      5.9545580000000005,
      6.759228,
      20.599552000000003,
      6.43736,
      3.057746,
      1.1265379999999998,
      33.152404000000004,
      6.43736,
      9.977908000000001,
      0.48280199999999995,
      56.165966,
      1.1265379999999998,
      4.9889540000000006,
      2.5749440000000003,
      5.793624,
      5.310822,
      45.383388,
      0.80467,
      1.60934,
      4.9889540000000006,
      6.115492,
      6.115492,
      8.368568,
      7.724831999999999,
      28.324384000000002,
      47.47553,
      6.276426,
      0.305,
      1.60934,
      26.232242,
      5.310822,
      5.793624
    ],
    [
      43.291246,
      0.80467,
      1.7702740000000001,
      2.896812,
      5.310822,
      6.43736,
      6.759228,
      12.230984,
      1.448406,
      5.310822,
      9.65604,
      5.310822,
      10.782578,
      6.43736,
      5.63269,
      6.43736,
      1.1265379999999998,
      28.324384000000002,
      9.65604,
      5.793624,
      5.63269,
      0.80467,
      5.9545580000000005,
      0.0,
      8.529501999999999,
      3.7014819999999995,
      0.80467,
      18.829278,
      4.9889540000000006,
      5.9545580000000005,
      5.9545580000000005,
      30.738394000000003,
      3.8624159999999996,
      9.173238,
      9.012303999999999,
      56.165966,
      5.9545580000000005,
      0.80467,
      4.82802,
      0.32186800000000004,
      0.80467,
      43.130312,
      8.207633999999999,
      7.402963999999999,
      7.724831999999999,
      4.184284,
      4.184284,
      5.793624,
      5.149888000000001,
      33.957074,
      45.222454,
      3.379614,
      9.334171999999999,
      7.24203,
      23.013562,
      2.735878,
      0.413
    ],
    [
      43.613114,
      8.85137,
      5.310822,
      5.149888000000001,
      0.48280199999999995,
      11.909116000000001,
      1.60934,
      9.65604,
      5.310822,
      0.6437360000000001,
      10.621644,
      0.48280199999999995,
      16.254334,
      7.402963999999999,
      0.80467,
      1.60934,
      5.63269,
      34.278942,
      9.977908000000001,
      6.598293999999999,
      0.6437360000000001,
      5.9545580000000005,
      1.1265379999999998,
      8.529501999999999,
      0.0,
      5.149888000000001,
      6.115492,
      19.955816000000002,
      4.506151999999999,
      2.896812,
      0.6437360000000001,
      29.77279,
      6.115492,
      8.207633999999999,
      0.80467,
      57.775306,
      0.80467,
      4.184284,
      1.448406,
      4.9889540000000006,
      4.506151999999999,
      42.164708,
      0.6437360000000001,
      0.6437360000000001,
      5.63269,
      5.471756,
      5.310822,
      8.0467,
      7.563898,
      28.646252,
      46.831794,
      7.0810960000000005,
      1.2874720000000002,
      0.80467,
      25.266638,
      5.471756,
      4.9889540000000006
    ],
    [
      43.613114,
      0.6437360000000001,
      1.60934,
      4.184284,
      5.471756,
      6.276426,
      6.759228,
      13.357522000000001,
      0.377,
      5.471756,
      9.334171999999999,
      5.63269,
      10.46071,
      6.276426,
      5.9545580000000005,
      6.759228,
      0.6437360000000001,
      27.680647999999998,
      8.368568,
      4.345218,
      5.793624,
      5.9545580000000005,
      5.9545580000000005,
      3.7014819999999995,
      5.149888000000001,
      0.0,
      2.092142,
      19.633948,
      3.379614,
      5.471756,
      5.793624,
      31.543064,
      4.667085999999999,
      10.138842,
      6.276426,
      57.775306,
      5.63269,
      1.7702740000000001,
      4.02335,
      0.9656039999999999,
      0.80467,
      46.027124,
      6.115492,
      4.9889540000000006,
      8.368568,
      0.48280199999999995,
      0.48280199999999995,
      6.43736,
      5.471756,
      31.543064,
      46.027124,
      3.057746,
      6.759228,
      4.9889540000000006,
      23.657297999999997,
      4.184284,
      1.448406
    ],
    [
      42.003774,
      2.5749440000000003,
      2.2530759999999996,
      2.735878,
      6.43736,
      4.9889540000000006,
      7.563898,
      12.07005,
      1.9312079999999998,
      6.9201619999999995,
      8.0467,
      6.759228,
      9.173238,
      4.82802,
      6.9201619999999995,
      7.402963999999999,
      1.60934,
      28.002515999999996,
      8.529501999999999,
      3.5405480000000003,
      6.9201619999999995,
      0.6437360000000001,
      6.759228,
      0.80467,
      6.115492,
      2.092142,
      0.0,
      17.863674,
      3.5405480000000003,
      5.793624,
      5.9545580000000005,
      29.611855999999996,
      3.8624159999999996,
      8.207633999999999,
      7.885766,
      55.039428,
      6.9201619999999995,
      2.092142,
      4.345218,
      0.9656039999999999,
      1.7702740000000001,
      42.003774,
      7.24203,
      6.43736,
      8.0467,
      2.2530759999999996,
      2.2530759999999996,
      5.471756,
      5.149888000000001,
      32.830535999999995,
      44.095915999999995,
      2.2530759999999996,
      8.368568,
      6.115492,
      22.047957999999998,
      2.5749440000000003,
      0.80467
    ],
    [
      30.738394000000003,
      19.31208,
      16.0934,
      19.151146,
      19.794882,
      22.369826,
      19.633948,
      27.841582000000002,
      19.633948,
      18.346476,
      25.427572,
      19.473014,
      26.55411,
      22.369826,
      19.794882,
      20.11675,
      18.50741,
      47.47553,
      10.138842,
      20.92142,
      19.794882,
      19.955816000000002,
      20.599552000000003,
      18.829278,
      19.955816000000002,
      19.633948,
      17.863674,
      0.0,
      14.966862,
      21.72609,
      18.50741,
      17.863674,
      20.92142,
      11.426314,
      19.473014,
      40.072565999999995,
      18.50741,
      16.415267999999998,
      18.50741,
      18.346476,
      16.737136,
      30.738394000000003,
      18.829278,
      18.024607999999997,
      21.404222,
      19.794882,
      19.794882,
      22.691694,
      24.301033999999998,
      44.417784000000005,
      31.060262,
      19.31208,
      19.955816000000002,
      17.70274,
      47.797398,
      19.633948,
      18.668343999999998
    ],
    [
      39.42883,
      4.9889540000000006,
      0.9656039999999999,
      5.9545580000000005,
      4.82802,
      8.0467,
      5.63269,
      12.713786,
      2.896812,
      4.506151999999999,
      11.26538,
      5.149888000000001,
      12.391918,
      8.0467,
      4.9889540000000006,
      5.9545580000000005,
      3.379614,
      30.57746,
      5.9545580000000005,
      6.759228,
      5.310822,
      7.885766,
      6.43736,
      4.9889540000000006,
      4.506151999999999,
      3.379614,
      3.5405480000000003,
      14.966862,
      0.0,
      5.471756,
      4.667085999999999,
      26.715044000000002,
      6.598293999999999,
      5.149888000000001,
      5.63269,
      52.142616,
      4.506151999999999,
      1.448406,
      3.21868,
      2.2530759999999996,
      1.7702740000000001,
      39.106962,
      4.82802,
      4.02335,
      7.563898,
      2.41401,
      2.5749440000000003,
      8.207633999999999,
      9.495106,
      30.57746,
      41.03817,
      4.9889540000000006,
      5.9545580000000005,
      3.8624159999999996,
      26.393175999999997,
      4.9889540000000006,
      2.2530759999999996
    ],
    [
      46.188058,
      7.24203,
      5.793624,
      3.379614,
      2.5749440000000003,
      5.793624,
      3.8624159999999996,
      8.0467,
      5.471756,
      2.092142,
      8.85137,
      2.735878,
      9.977908000000001,
      5.793624,
      3.057746,
      3.7014819999999995,
      5.471756,
      32.669602,
      12.713786,
      4.82802,
      2.896812,
      5.310822,
      3.057746,
      5.9545580000000005,
      2.896812,
      5.471756,
      5.793624,
      21.72609,
      5.471756,
      0.0,
      2.092142,
      32.347734,
      4.667085999999999,
      9.977908000000001,
      2.896812,
      56.809701999999994,
      2.092142,
      4.345218,
      2.735878,
      5.149888000000001,
      4.667085999999999,
      43.774048,
      3.057746,
      2.5749440000000003,
      2.735878,
      5.63269,
      5.793624,
      6.598293999999999,
      5.9545580000000005,
      26.55411,
      45.86619,
      5.471756,
      3.5405480000000003,
      2.2530759999999996,
      22.369826,
      3.5405480000000003,
      5.310822
    ],
    [
      43.130312,
      7.402963999999999,
      5.471756,
      4.667085999999999,
      0.48280199999999995,
      6.9201619999999995,
      1.7702740000000001,
      8.529501999999999,
      5.310822,
      0.423,
      9.977908000000001,
      0.80467,
      11.104446000000001,
      6.9201619999999995,
      0.9656039999999999,
      1.7702740000000001,
      5.63269,
      36.853885999999996,
      9.65604,
      6.115492,
      0.9656039999999999,
      5.310822,
      1.1265379999999998,
      5.9545580000000005,
      0.6437360000000001,
      5.793624,
      5.9545580000000005,
      18.50741,
      4.667085999999999,
      2.092142,
      0.0,
      30.255592,
      5.471756,
      8.690436,
      0.48280199999999995,
      58.097174,
      0.32186800000000004,
      4.506151999999999,
      2.092142,
      5.149888000000001,
      4.82802,
      42.64751,
      0.9656039999999999,
      1.2874720000000002,
      4.02335,
      5.793624,
      5.793624,
      7.402963999999999,
      6.759228,
      28.646252,
      44.739652,
      5.310822,
      1.448406,
      0.80467,
      25.266638,
      4.345218,
      5.149888000000001
    ],
    [
      16.737136,
      31.060262,
      28.002515999999996,
      31.060262,
      30.094658,
      34.278942,
      32.347734,
      55.039428,
      31.543064,
      30.255592,
      38.141358,
      30.416525999999998,
      39.267896,
      34.278942,
      30.57746,
      29.933724,
      30.416525999999998,
      59.384646,
      22.047957999999998,
      33.635206,
      30.57746,
      31.864932,
      33.152404000000004,
      30.738394000000003,
      29.77279,
      31.543064,
      29.611855999999996,
      17.863674,
      26.715044000000002,
      32.347734,
      30.255592,
      0.0,
      32.1868,
      22.691694,
      30.899327999999997,
      22.53076,
      29.77279,
      27.680647999999998,
      29.77279,
      29.611855999999996,
      30.094658,
      15.449663999999999,
      30.094658,
      29.289987999999997,
      32.830535999999995,
      31.060262,
      31.060262,
      33.957074,
      34.278942,
      51.177012,
      12.552852,
      30.57746,
      31.221196,
      29.129054000000004,
      54.556625999999994,
      30.899327999999997,
      29.933724
    ],
    [
      45.383388,
      3.8624159999999996,
      5.793624,
      0.41,
      5.9545580000000005,
      2.41401,
      7.24203,
      9.65604,
      4.506151999999999,
      5.471756,
      5.63269,
      6.115492,
      6.759228,
      2.41401,
      6.43736,
      7.0810960000000005,
      4.184284,
      29.77279,
      11.909116000000001,
      1.448406,
      6.276426,
      3.21868,
      6.43736,
      3.8624159999999996,
      6.115492,
      4.667085999999999,
      3.8624159999999996,
      20.92142,
      6.598293999999999,
      4.667085999999999,
      5.471756,
      32.1868,
      0.0,
      10.621644,
      5.149888000000001,
      57.614371999999996,
      4.345218,
      3.7014819999999995,
      4.506151999999999,
      4.345218,
      4.82802,
      44.578718,
      5.310822,
      4.82802,
      5.149888000000001,
      4.9889540000000006,
      4.9889540000000006,
      3.7014819999999995,
      3.057746,
      28.807185999999998,
      46.509926,
      2.41401,
      5.793624,
      4.506151999999999,
      19.955816000000002,
      0.272,
      4.02335
    ],
    [
      35.888282000000004,
      9.65604,
      6.43736,
      9.65604,
      8.529501999999999,
      12.713786,
      10.138842,
      17.059003999999998,
      9.977908000000001,
      8.690436,
      15.771532,
      9.012303999999999,
      16.89807,
      12.713786,
      9.012303999999999,
      10.46071,
      8.85137,
      37.81949,
      0.364,
      11.26538,
      9.173238,
      10.299776000000001,
      9.977908000000001,
      9.173238,
      8.207633999999999,
      10.138842,
      8.207633999999999,
      11.426314,
      5.149888000000001,
      9.977908000000001,
      8.690436,
      22.691694,
      10.621644,
      0.0,
      10.46071,
      47.314595999999995,
      9.334171999999999,
      7.24203,
      7.402963999999999,
      9.173238,
      9.65604,
      43.774048,
      9.65604,
      8.85137,
      12.391918,
      10.621644,
      10.621644,
      13.518456,
      13.840323999999999,
      35.40548,
      36.371084,
      10.138842,
      10.782578,
      8.690436,
      30.899327999999997,
      10.46071,
      9.65604
    ],
    [
      44.095915999999995,
      9.334171999999999,
      5.9545580000000005,
      5.310822,
      0.16093400000000002,
      7.563898,
      1.2874720000000002,
      10.138842,
      5.9545580000000005,
      0.32186800000000004,
      10.621644,
      0.6437360000000001,
      13.518456,
      7.563898,
      0.6437360000000001,
      1.1265379999999998,
      6.276426,
      34.761744,
      10.46071,
      6.759228,
      0.6437360000000001,
      6.115492,
      0.48280199999999995,
      9.012303999999999,
      0.80467,
      6.276426,
      7.885766,
      19.473014,
      5.63269,
      2.896812,
      0.48280199999999995,
      30.899327999999997,
      5.149888000000001,
      10.46071,
      0.0,
      58.097174,
      0.6437360000000001,
      4.667085999999999,
      2.092142,
      5.471756,
      4.9889540000000006,
      42.64751,
      0.6437360000000001,
      1.2874720000000002,
      4.506151999999999,
      5.63269,
      5.793624,
      7.885766,
      7.24203,
      28.96812,
      44.739652,
      5.793624,
      0.48280199999999995,
      1.1265379999999998,
      25.588506,
      4.82802,
      5.471756
    ],
    [
      13.196587999999998,
      56.487834,
      51.016078,
      56.487834,
      55.52223,
      59.54558,
      55.200362,
      66.626676,
      57.775306,
      62.120524,
      73.868706,
      53.91289,
      61.95959,
      66.30480800000001,
      54.073824,
      55.361295999999996,
      52.142616,
      82.237274,
      44.900586,
      56.3269,
      54.073824,
      57.292504,
      56.165966,
      56.165966,
      57.775306,
      57.775306,
      55.039428,
      40.072565999999995,
      52.142616,
      56.809701999999994,
      58.097174,
      22.53076,
      57.614371999999996,
      47.314595999999995,
      58.097174,
      0.0,
      55.52223,
      53.430088000000005,
      55.52223,
      58.74091,
      59.062778,
      11.748182,
      55.844098,
      55.039428,
      58.579975999999995,
      56.809701999999994,
      56.809701999999994,
      59.706514,
