{
  "drive_dist_matrix": [
    [
      0.0,
      0.6,
      2.6,
      0.17,
      0.2,
      0.75,
      3.2,
      0.9,
      0.8,
      4.4,
      1.1,
      0.5,
      3.4,
      0.85,
      0.29,
      0.65,
      0.089,
      0.6,
      0.25,
      0.75,
      0.095,
      0.26,
      3.1,
      1.1,
      5.5,
      0.55,
      0.55,
      3.2,
      0.17,
      0.4,
      0.65,
      0.35,
      0.95,
      0.3,
      0.6,
      5.8,
      0.078,
      6.2,
      0.45,
      0.14,
      1.1,
      0.45,
      0.35,
      22.5,
      0.6,
      0.2,
      28.5,
      32.8,
      3.5,
      44.3,
      0.4,
      36.1,
      32.6,
      33.8,
      4.5,
      0.85,
      56.3,
      15.7,
      16.7,
      78.7
    ],
    [
      0.6,
      0.0,
      0.75,
      0.55,
      0.4,
      3.3,
      3.4,
      0.9,
      0.65,
      0.45,
      5.6,
      0.24,
      2.0,
      0.85,
      0.9,
      3.4,
      0.5,
      0.6,
      0.65,
      0.45,
      0.55,
      0.4,
      1.9,
      3.6,
      3.8,
      0.4,
      3.8,
      2.7,
      0.75,
      0.4,
      0.65,
      0.4,
      0.4,
      0.29,
      0.35,
      4.4,
      0.5,
      4.5,
      0.24,
      0.7,
      4.8,
      0.65,
      0.45,
      20.8,
      0.45,
      0.8,
      28.6,
      32.9,
      0.8,
      44.4,
      0.19,
      33.3,
      32.7,
      37.9,
      0.65,
      3.2,
      56.4,
      15.9,
      19.2,
      78.8
    ],
    [
      2.6,
      0.75,
      0.0,
      0.75,
      0.6,
      2.7,
      2.7,
      0.15,
      4.1,
      1.2,
      4.6,
      0.9,
      1.4,
      0.4,
      1.1,
      2.7,
      0.65,
      0.17,
      0.8,
      3.5,
      0.7,
      0.65,
      1.1,
      2.9,
      3.4,
      4.1,
      3.1,
      2.0,
      0.9,
      0.35,
      0.22,
      0.75,
      1.1,
      0.7,
      1.0,
      3.7,
      0.7,
      4.0,
      0.85,
      0.9,
      4.1,
      3.8,
      0.75,
      20.4,
      4.1,
      1.0,
      28.0,
      32.2,
      1.0,
      43.8,
      0.55,
      32.8,
      32.0,
      37.2,
      2.3,
      2.5,
      55.7,
      15.2,
      18.5,
      78.1
    ],
    [
      0.17,
      0.55,
      0.75,
      0.0,
      0.35,
      0.75,
      3.2,
      0.9,
      1.0,
      2.9,
      1.9,
      0.65,
      2.1,
      0.85,
      0.3,
      0.65,
      0.26,
      0.6,
      0.072,
      0.9,
      0.092,
      0.45,
      2.0,
      1.0,
      4.0,
      0.75,
      0.6,
      2.9,
      0.29,
      0.4,
      0.65,
      0.5,
      3.0,
      0.45,
      0.75,
      4.5,
      0.25,
      4.7,
      0.6,
      0.2,
      1.2,
      0.65,
      0.5,
      21.0,
      0.75,
      0.23,
      28.5,
      32.7,
      0.95,
      44.3,
      0.4,
      36.1,
      32.5,
      35.4,
      3.0,
      0.8,
      56.2,
      15.7,
      16.7,
      78.7
    ],
    [
      0.2,
      0.4,
      0.6,
      0.35,
      0.0,
      0.9,
      3.4,
      0.75,
      0.7,
      0.85,
      1.0,
      0.3,
      3.6,
      0.75,
      0.5,
      0.8,
      0.11,
      0.45,
      0.45,
      0.55,
      0.27,
      0.087,
      3.3,
      1.2,
      5.7,
      0.4,
      0.75,
      3.4,
      0.35,
      0.28,
      0.5,
      0.17,
      0.75,
      0.11,
      0.4,
      6.0,
      0.12,
      6.3,
      0.27,
      0.35,
      0.9,
      0.3,
      0.17,
      22.7,
      0.4,
      0.4,
      28.7,
      32.9,
      0.95,
      44.5,
      0.26,
      35.8,
      32.7,
      35.6,
      0.8,
      1.0,
      56.4,
      15.9,
      16.9,
      78.9
    ],
    [
      0.75,
      3.3,
      2.7,
      0.75,
      0.9,
      0.0,
      2.5,
      1.9,
      1.5,
      3.7,
      2.3,
      2.6,
      2.6,
      2.3,
      0.45,
      0.11,
      0.85,
      2.0,
      0.75,
      3.3,
      0.75,
      1.1,
      2.4,
      0.4,
      4.7,
      1.8,
      0.35,
      2.5,
      0.7,
      2.2,
      2.1,
      2.2,
      3.7,
      2.5,
      3.3,
      5.0,
      0.85,
      5.4,
      2.6,
      0.6,
      1.5,
      1.2,
      2.3,
      21.7,
      1.8,
      0.65,
      27.8,
      32.0,
      2.7,
      43.6,
      2.8,
      38.9,
      31.8,
      34.7,
      3.7,
      0.06,
      55.5,
      15.0,
      16.0,
      77.9
    ],
    [
      3.2,
      3.4,
      2.7,
      3.2,
      3.4,
      2.5,
      0.0,
      6.5,
      5.7,
      10.6,
      5.2,
      7.2,
      7.3,
      6.9,
      5.1,
      4.7,
      5.5,
      6.6,
      7.8,
      9.1,
      7.2,
      5.7,
      7.0,
      5.0,
      13.2,
      8.4,
      5.1,
      6.6,
      5.4,
      6.8,
      6.7,
      5.5,
      10.6,
      7.1,
      9.1,
      9.7,
      5.4,
      13.3,
      7.2,
      5.2,
      4.9,
      5.1,
      5.5,
      32.0,
      8.4,
      5.3,
      30.6,
      34.8,
      7.3,
      46.4,
      7.5,
      38.1,
      34.6,
      34.6,
      10.4,
      4.7,
      58.3,
      14.6,
      15.8,
      80.7
    ],
    [
      0.9,
      0.9,
      0.15,
      0.9,
      0.75,
      1.9,
      6.5,
      0.0,
      4.1,
      2.2,
      4.5,
      1.4,
      1.2,
      0.45,
      1.2,
      2.7,
      0.8,
      0.3,
      1.0,
      3.3,
      0.85,
      0.8,
      1.0,
      2.9,
      3.2,
      3.9,
      3.1,
      2.0,
      1.1,
      0.5,
      0.35,
      0.9,
      2.2,
      0.85,
      3.3,
      3.8,
      0.85,
      3.9,
      1.4,
      1.0,
      4.1,
      3.8,
      0.9,
      20.2,
      3.9,
      1.1,
      27.9,
      32.2,
      1.1,
      43.8,
      0.7,
      32.6,
      32.0,
      37.2,
      2.2,
      2.5,
      55.7,
      15.2,
      18.5,
      78.1
    ],
    [
      0.8,
      0.65,
      4.1,
      1.0,
      0.7,
      1.5,
      5.7,
      4.1,
      0.0,
      0.9,
      0.5,
      0.4,
      4.3,
      3.9,
      1.2,
      1.5,
      0.7,
      3.6,
      4.2,
      0.5,
      0.9,
      0.55,
      4.0,
      1.9,
      4.4,
      0.22,
      1.4,
      4.1,
      0.85,
      0.85,
      3.7,
      0.45,
      0.85,
      0.55,
      0.45,
      5.0,
      0.75,
      5.6,
      0.4,
      0.9,
      0.85,
      0.6,
      0.45,
      29.0,
      0.2,
      0.85,
      29.0,
      33.2,
      3.2,
      44.8,
      0.75,
      35.1,
      33.0,
      37.0,
      0.75,
      1.7,
      56.7,
      16.2,
      18.3,
      79.2
    ],
    [
      4.4,
      0.45,
      1.2,
      2.9,
      0.85,
      3.7,
      10.6,
      2.2,
      0.9,
      0.0,
      2.4,
      0.6,
      2.7,
      1.3,
      2.7,
      3.9,
      0.95,
      1.0,
      2.5,
      0.4,
      1.1,
      0.85,
      2.8,
      4.1,
      2.8,
      0.7,
      2.9,
      3.2,
      2.5,
      0.85,
      1.1,
      0.85,
      0.07,
      0.75,
      0.45,
      3.3,
      1.0,
      3.5,
      0.6,
      2.6,
      2.7,
      2.2,
      0.9,
      19.8,
      0.75,
      2.5,
      29.1,
      33.4,
      0.7,
      45.0,
      0.65,
      33.1,
      33.2,
      38.6,
      0.35,
      3.7,
      56.9,
      16.4,
      19.9,
      79.3
    ],
    [
      1.1,
      5.6,
      4.6,
      1.9,
      1.0,
      2.3,
      5.2,
      4.5,
      0.5,
      2.4,
      0.0,
      0.9,
      4.7,
      4.4,
      1.9,
      2.1,
      1.1,
      4.1,
      5.2,
      0.85,
      1.2,
      1.0,
      4.5,
      2.4,
      4.9,
      0.7,
      2.1,
      4.6,
      1.0,
      4.3,
      4.2,
      1.3,
      3.3,
      1.1,
      0.9,
      5.3,
      1.1,
      5.5,
      0.9,
      1.1,
      0.7,
      0.85,
      1.3,
      29.9,
      0.7,
      1.0,
      28.8,
      33.1,
      3.5,
      44.6,
      1.1,
      35.9,
      32.9,
      35.5,
      3.0,
      2.2,
      56.6,
      16.1,
      16.8,
      79.0
    ],
    [
      0.5,
      0.24,
      0.9,
      0.65,
      0.3,
      2.6,
      7.2,
      1.4,
      0.4,
      0.6,
      0.9,
      0.0,
      4.0,
      1.0,
      0.8,
      1.3,
      0.4,
      0.7,
      0.7,
      0.25,
      0.55,
      0.3,
      3.8,
      1.7,
      6.1,
      0.18,
      1.2,
      3.9,
      0.65,
      0.55,
      0.8,
      0.3,
      0.5,
      0.19,
      0.13,
      5.6,
      0.4,
      6.1,
      0.026,
      0.65,
      1.1,
      0.55,
      0.35,
      29.6,
      0.23,
      0.7,
      29.2,
      33.4,
      0.95,
      45.0,
      0.35,
      35.6,
      33.2,
      37.5,
      0.5,
      1.5,
      56.9,
      16.4,
      18.8,
      79.3
    ],
    [
      3.4,
      2.0,
      1.4,
      2.1,
      3.6,
      2.6,
      7.3,
      1.2,
      4.3,
      2.7,
      4.7,
      4.0,
      0.0,
      1.2,
      3.9,
      3.5,
      4.3,
      1.4,
      2.2,
      3.7,
      2.0,
      4.5,
      0.35,
      3.7,
      1.3,
      4.4,
      3.9,
      2.8,
      4.2,
      1.6,
      1.4,
      5.6,
      2.7,
      1.9,
      3.8,
      1.2,
      4.3,
      4.3,
      2.0,
      4.0,
      4.9,
      4.6,
      5.7,
      20.6,
      4.4,
      4.1,
      28.7,
      33.0,
      1.8,
      44.6,
      2.2,
      33.1,
      32.8,
      38.0,
      2.6,
      3.3,
      56.5,
      16.0,
      19.3,
      78.9
    ],
    [
      0.85,
      0.85,
      0.4,
      0.85,
      0.75,
      2.3,
      6.9,
      0.45,
      3.9,
      1.3,
      4.4,
      1.0,
      1.2,
      0.0,
      1.2,
      3.1,
      0.8,
      0.28,
      0.95,
      3.2,
      0.85,
      0.8,
      1.2,
      3.3,
      3.1,
      3.8,
      3.5,
      2.4,
      1.0,
      0.45,
      0.26,
      0.85,
      1.2,
      0.8,
      3.2,
      3.7,
      3.9,
      3.7,
      1.0,
      1.0,
      4.5,
      4.2,
      0.85,
      20.1,
      3.8,
      1.1,
      28.3,
      32.6,
      1.1,
      44.2,
      0.7,
      32.5,
      32.4,
      37.6,
      2.0,
      2.9,
      56.1,
      15.6,
      18.9,
      78.5
    ],
    [
      0.29,
      0.9,
      1.1,
      0.3,
      0.5,
      0.45,
      5.1,
      1.2,
      1.2,
      2.7,
      1.9,
      0.8,
      3.9,
      1.2,
      0.0,
      0.35,
      0.4,
      0.9,
      0.3,
      3.1,
      0.35,
      0.55,
      2.8,
      0.75,
      5.2,
      0.85,
      0.27,
      3.0,
      0.24,
      0.7,
      1.0,
      0.65,
      4.2,
      0.6,
      3.1,
      5.5,
      0.35,
      5.9,
      0.75,
      0.16,
      1.3,
      0.75,
      0.65,
      22.2,
      0.9,
      0.18,
      28.2,
      32.5,
      3.2,
      44.0,
      0.7,
      36.3,
      32.3,
      35.1,
      4.2,
      0.55,
      56.0,
      15.4,
      16.4,
      78.4
    ],
    [
      0.65,
      3.4,
      2.7,
      0.65,
      0.8,
      0.11,
      4.7,
      2.7,
      1.5,
      3.9,
      2.1,
      1.3,
      3.5,
      3.1,
      0.35,
      0.0,
      0.75,
      2.1,
      0.65,
      3.1,
      0.65,
      1.0,
      2.5,
      0.4,
      4.8,
      1.7,
      0.35,
      2.6,
      0.6,
      2.3,
      2.2,
      1.9,
      3.8,
      2.6,
      3.2,
      5.2,
      0.75,
      5.5,
      2.7,
      0.5,
      1.6,
      1.1,
      2.0,
      21.8,
      1.7,
      0.55,
      27.9,
      32.1,
      2.8,
      43.7,
      3.0,
      36.4,
      31.9,
      34.8,
      3.8,
      0.19,
      55.6,
      15.1,
      16.0,
      78.0
    ],
    [
      0.089,
      0.5,
      0.65,
      0.26,
      0.11,
      0.85,
      5.5,
      0.8,
      0.7,
      0.95,
      1.1,
      0.4,
      4.3,
      0.8,
      0.4,
      0.75,
      0.0,
      0.5,
      0.35,
      0.65,
      0.17,
      0.17,
      3.2,
      1.2,
      5.6,
      0.45,
      0.65,
      3.3,
      0.25,
      0.35,
      0.55,
      0.25,
      0.85,
      0.21,
      0.55,
      5.9,
      0.011,
      6.3,
      0.4,
      0.23,
      1.0,
      0.4,
      0.25,
      29.8,
      0.5,
      0.29,
      28.6,
      32.9,
      1.0,
      44.4,
      0.3,
      35.9,
      32.6,
      35.5,
      0.9,
      0.95,
      56.3,
      15.8,
      16.8,
      78.8
    ],
    [
      0.6,
      0.6,
      0.17,
      0.6,
      0.45,
      2.0,
      6.6,
      0.3,
      3.6,
      1.0,
      4.1,
      0.7,
      1.4,
      0.28,
      0.9,
      2.1,
      0.5,
      0.0,
      0.65,
      1.0,
      0.55,
      0.5,
      1.4,
      3.5,
      3.2,
      0.8,
      1.2,
      2.6,
      0.75,
      0.18,
      0.069,
      0.6,
      1.0,
      0.55,
      0.85,
      3.9,
      0.5,
      3.9,
      0.7,
      0.75,
      4.7,
      0.7,
      0.6,
      20.2,
      0.85,
      0.8,
      28.5,
      32.8,
      1.5,
      44.3,
      0.4,
      32.7,
      32.5,
      37.8,
      2.2,
      3.1,
      56.2,
      15.7,
      19.1,
      78.7
    ],
    [
      0.25,
      0.65,
      0.8,
      0.072,
      0.45,
      0.75,
      7.8,
      1.0,
      4.2,
      2.5,
      5.2,
      0.7,
      2.2,
      0.95,
      0.3,
      0.65,
      0.35,
      0.65,
      0.0,
      3.3,
      0.17,
      0.5,
      2.5,
      4.4,
      3.0,
      0.8,
      0.6,
      3.5,
      0.29,
      0.45,
      0.7,
      0.6,
      2.2,
      0.5,
      0.85,
      3.4,
      0.35,
      4.5,
      0.7,
      0.2,
      1.3,
      5.2,
      0.6,
      20.8,
      0.85,
      0.23,
      29.4,
      33.6,
      1.0,
      45.2,
      0.45,
      33.3,
      33.4,
      38.9,
      2.4,
      0.8,
      57.1,
      16.6,
      19.9,
      79.5
    ],
    [
      0.75,
      0.45,
      3.5,
      0.9,
      0.55,
      3.3,
      9.1,
      3.3,
      0.5,
      0.4,
      0.85,
      0.25,
      3.7,
      3.2,
      3.1,
      3.1,
      0.65,
      1.0,
      3.3,
      0.0,
      0.8,
      0.6,
      3.5,
      2.2,
      3.5,
      0.35,
      1.7,
      4.4,
      1.3,
      0.8,
      1.0,
      0.55,
      0.3,
      0.45,
      0.13,
      4.0,
      0.65,
      4.2,
      0.28,
      1.4,
      1.5,
      0.8,
      0.6,
      20.2,
      0.4,
      1.3,
      29.3,
      33.6,
      0.85,
      45.1,
      0.6,
      35.4,
      33.3,
      37.3,
      0.3,
      2.0,
      57.0,
      16.5,
      18.6,
      79.5
    ],
    [
      0.095,
      0.55,
      0.7,
      0.092,
      0.27,
      0.75,
      7.2,
      0.85,
      0.9,
      1.1,
      1.2,
      0.55,
      2.0,
      0.85,
      0.35,
      0.65,
      0.17,
      0.55,
      0.17,
      0.8,
      0.0,
      0.35,
      2.1,
      3.8,
      4.0,
      0.65,
      0.6,
      2.9,
      0.23,
      0.4,
      0.6,
      0.45,
      0.9,
      0.35,
      0.7,
      4.6,
      0.17,
      4.7,
      0.55,
      0.17,
      1.1,
      0.55,
      0.45,
      21.0,
      0.7,
      0.23,
      28.8,
      33.1,
      1.0,
      44.6,
      0.35,
      33.5,
      32.9,
      38.3,
      3.0,
      0.8,
      56.6,
      16.0,
      19.4,
      79.0
    ],
    [
      0.26,
      0.4,
      0.65,
      0.45,
      0.087,
      1.1,
      5.7,
      0.8,
      0.55,
      0.85,
      1.0,
      0.3,
      4.5,
      0.8,
      0.55,
      1.0,
      0.17,
      0.5,
      0.5,
      0.6,
      0.35,
      0.0,
      3.4,
      1.4,
      5.8,
      0.3,
      0.8,
      3.6,
      0.4,
      0.35,
      0.55,
      0.079,
      0.8,
      0.13,
      0.45,
      6.1,
      0.18,
      6.5,
      0.3,
      0.4,
      0.8,
      0.23,
      0.08,
      29.6,
      0.35,
      0.45,
      28.8,
      33.0,
      1.0,
      44.6,
      0.24,
      35.7,
      32.8,
      35.7,
      0.8,
      1.2,
      56.5,
      16.0,
      16.7,
      79.0
    ],
    [
      3.1,
      1.9,
      1.1,
      2.0,
      3.3,
      2.4,
      7.0,
      1.0,
      4.0,
      2.8,
      4.5,
      3.8,
      0.35,
      1.2,
      2.8,
      2.5,
      3.2,
      1.4,
      2.5,
      3.5,
      2.1,
      3.4,
      0.0,
      3.4,
      3.8,
      4.9,
      3.6,
      2.5,
      3.9,
      1.8,
      1.6,
      5.4,
      2.8,
      2.1,
      3.9,
      1.5,
      4.0,
      4.5,
      2.2,
      3.8,
      4.6,
      4.3,
      5.4,
      20.8,
      4.9,
      3.8,
      28.5,
      32.7,
      2.0,
      44.3,
      2.5,
      33.2,
      32.5,
      38.0,
      2.8,
      3.0,
      56.2,
      15.7,
      19.0,
      78.6
    ],
    [
      1.1,
      3.6,
      2.9,
      1.0,
      1.2,
      0.4,
      5.0,
      2.9,
      1.9,
      4.1,
      2.4,
      1.7,
      3.7,
      3.3,
      0.75,
      0.4,
      1.2,
      3.5,
      4.4,
      2.2,
      3.8,
      1.4,
      3.4,
      0.0,
      5.1,
      2.1,
      0.65,
      2.8,
      1.0,
      2.5,
      2.4,
      2.5,
      4.1,
      2.8,
      3.6,
      5.4,
      1.1,
      5.8,
      3.0,
      0.95,
      1.8,
      1.5,
      2.6,
      22.1,
      2.1,
      1.0,
      28.1,
      32.4,
      3.0,
      43.9,
      3.2,
      39.2,
      32.1,
      30.7,
      4.0,
      0.45,
      55.8,
      15.3,
      16.2,
      78.3
    ],
    [
      5.5,
      3.8,
      3.4,
      4.0,
      5.7,
      4.7,
      13.2,
      3.2,
      4.4,
      2.8,
      4.9,
      6.1,
      1.3,
      3.1,
      5.2,
      4.8,
      5.6,
      3.2,
      3.0,
      3.5,
      4.0,
      5.8,
      3.8,
      5.1,
      0.0,
      4.4,
      5.9,
      4.8,
      6.2,
      3.0,
      2.9,
      4.6,
      2.6,
      3.3,
      3.8,
      1.7,
      6.3,
      2.9,
      3.4,
      6.0,
      5.2,
      4.8,
      4.7,
      19.5,
      4.4,
      6.1,
      27.1,
      31.3,
      1.9,
      42.9,
      3.2,
      32.7,
      31.1,
      40.0,
      2.8,
      5.3,
      54.8,
      18.0,
      21.3,
      77.2
    ],
    [
      0.55,
      0.4,
      4.1,
      0.75,
      0.4,
      1.8,
      8.4,
      3.9,
      0.22,
      0.7,
      0.7,
      0.18,
      4.4,
      3.8,
      0.85,
      1.7,
      0.45,
      0.8,
      0.8,
      0.35,
      0.65,
      0.3,
      4.9,
      2.1,
      4.4,
      0.0,
      1.1,
      3.8,
      0.65,
      0.6,
      0.85,
      0.27,
      0.6,
      0.3,
      2.3,
      5.5,
      0.5,
      6.7,
      4.0,
      0.7,
      1.0,
      0.45,
      0.25,
      29.5,
      0.044,
      0.7,
      29.1,
      33.3,
      1.1,
      44.9,
      0.5,
      35.6,
      33.1,
      37.5,
      0.6,
      1.4,
      56.8,
      16.3,
      18.8,
      79.3
    ],
    [
      0.55,
      3.8,
      3.1,
      0.6,
      0.75,
      0.35,
      5.1,
      3.1,
      1.4,
      2.9,
      2.1,
      1.2,
      3.9,
      3.5,
      0.27,
      0.35,
      0.65,
      1.2,
      0.6,
      1.7,
      0.6,
      0.8,
      3.6,
      0.65,
      5.9,
      1.1,
      0.0,
      3.1,
      0.45,
      1.0,
      2.6,
      2.7,
      4.3,
      3.1,
      3.8,
      5.6,
      0.65,
      6.0,
      3.2,
      1.2,
      1.5,
      1.0,
      0.9,
      22.3,
      2.3,
      0.4,
      28.3,
      32.6,
      3.3,
      44.1,
      3.4,
      39.4,
      32.4,
      35.1,
      4.3,
      0.4,
      56.1,
      15.5,
      16.4,
      78.5
    ],
    [
      3.2,
      2.7,
      2.0,
      2.9,
      3.4,
      2.5,
      6.6,
      2.0,
      4.1,
      3.2,
      4.6,
      3.9,
      2.8,
      2.4,
      3.0,
      2.6,
      3.3,
      2.6,
      3.5,
      4.4,
      2.9,
      3.6,
      2.5,
      2.8,
      4.8,
      3.8,
      3.1,
      0.0,
      3.4,
      2.6,
      2.4,
      4.8,
      4.1,
      2.9,
      5.2,
      3.0,
      3.4,
      5.8,
      3.0,
      3.2,
      4.1,
      3.8,
      4.9,
      22.1,
      4.4,
      3.3,
      27.9,
      32.2,
      3.1,
      43.7,
      3.2,
      34.5,
      32.0,
      37.2,
      4.1,
      2.5,
      55.7,
      12.7,
      18.5,
      78.1
    ],
    [
      0.17,
      0.75,
      0.9,
      0.29,
      0.35,
      0.7,
      5.4,
      1.1,
      0.85,
      2.5,
      1.0,
      0.65,
      4.2,
      1.0,
      0.24,
      0.6,
      0.25,
      0.75,
      0.29,
      1.3,
      0.23,
      0.4,
      3.9,
      1.0,
      6.2,
      0.65,
      0.45,
      3.4,
      0.0,
      0.55,
      0.8,
      0.5,
      1.1,
      0.45,
      0.8,
      6.4,
      0.24,
      6.8,
      0.65,
      0.12,
      1.1,
      0.5,
      0.45,
      30.0,
      1.3,
      0.059,
      29.1,
      33.3,
      4.1,
      44.9,
      0.55,
      36.0,
      33.1,
      35.8,
      3.7,
      0.75,
      56.8,
      16.3,
      17.1,
      79.3
    ],
    [
      0.4,
      0.4,
      0.35,
      0.4,
      0.28,
      2.2,
      6.8,
      0.5,
      0.85,
      0.85,
      4.3,
      0.55,
      1.6,
      0.45,
      0.7,
      2.3,
      0.35,
      0.18,
      0.45,
      0.8,
      0.4,
      0.35,
      1.8,
      2.5,
      3.0,
      0.6,
      1.0,
      2.6,
      0.55,
      0.0,
      0.24,
      0.4,
      0.8,
      0.35,
      0.65,
      4.0,
      0.35,
      4.1,
      0.5,
      0.55,
      4.4,
      0.55,
      0.4,
      20.4,
      0.65,
      0.6,
      28.2,
      32.5,
      0.95,
      44.0,
      0.23,
      32.8,
      32.2,
      37.5,
      2.4,
      2.8,
      55.9,
      15.4,
      18.8,
      78.4
    ],
    [
      0.65,
      0.65,
      0.22,
      0.65,
      0.5,
      2.1,
      6.7,
      0.35,
      3.7,
      1.1,
      4.2,
      0.8,
      1.4,
      0.26,
      1.0,
      2.2,
      0.55,
      0.069,
      0.7,
      1.0,
      0.6,
      0.55,
      1.6,
      2.4,
      2.9,
      0.85,
      2.6,
      2.4,
      0.8,
      0.24,
      0.0,
      0.65,
      1.0,
      0.6,
      0.9,
      3.8,
      0.6,
      3.9,
      0.75,
      0.8,
      4.7,
      0.8,
      0.65,
      20.2,
      0.9,
      0.85,
      28.5,
      32.7,
      0.75,
      44.3,
      0.45,
      32.6,
      32.5,
      37.8,
      2.2,
      3.1,
      56.2,
      15.7,
      19.0,
      78.7
    ],
    [
      0.35,
      0.4,
      0.75,
      0.5,
      0.17,
      2.2,
      5.5,
      0.9,
      0.45,
      0.85,
      1.3,
      0.3,
      5.6,
      0.85,
      0.65,
      1.9,
      0.25,
      0.6,
      0.6,
      0.55,
      0.45,
      0.079,
      5.4,
      2.5,
      4.6,
      0.27,
      2.7,
      4.8,
      0.5,
      0.4,
      0.65,
      0.0,
      0.8,
      0.17,
      0.45,
      5.6,
      0.26,
      6.7,
      0.28,
      0.45,
      0.85,
      0.25,
      0.035,
      29.5,
      0.25,
      0.75,
      28.9,
      33.1,
      1.1,
      44.7,
      0.3,
      35.6,
      32.9,
      35.5,
      0.8,
      1.4,
      56.6,
      16.1,
      16.8,
      79.0
    ],
    [
      0.95,
      0.4,
      1.1,
      3.0,
      0.75,
      3.7,
      10.6,
      2.2,
      0.85,
      0.07,
      3.3,
      0.5,
      2.7,
      1.2,
      4.2,
      3.8,
      0.85,
      1.0,
      2.2,
      0.3,
      0.9,
      0.8,
      2.8,
      4.1,
      2.6,
      0.6,
      4.3,
      4.1,
      1.1,
      0.8,
      1.0,
      0.8,
      0.0,
      0.65,
      0.4,
      3.2,
      0.9,
      3.4,
      0.5,
      2.5,
      2.7,
      1.0,
      0.8,
      19.8,
      0.65,
      2.5,
      29.0,
      33.2,
      0.65,
      44.8,
      0.55,
      33.1,
      33.0,
      38.6,
      0.35,
      3.5,
      56.7,
      16.2,
      19.9,
      79.1
    ],
    [
      0.3,
      0.29,
      0.7,
      0.45,
      0.11,
      2.5,
      7.1,
      0.85,
      0.55,
      0.75,
      1.1,
      0.19,
      1.9,
      0.8,
      0.6,
      2.6,
      0.21,
      0.55,
      0.5,
      0.45,
      0.35,
      0.13,
      2.1,
      2.8,
      3.3,
      0.3,
      3.1,
      2.9,
      0.45,
      0.35,
      0.6,
      0.17,
      0.65,
      0.0,
      0.3,
      4.6,
      0.22,
      4.7,
      0.16,
      0.45,
      0.95,
      0.35,
      0.2,
      21.0,
      0.35,
      0.5,
      28.8,
      33.0,
      1.0,
      44.6,
      0.24,
      33.4,
      32.8,
      38.1,
      0.7,
      3.4,
      56.5,
      16.0,
      19.3,
      79.0
    ],
    [
      0.6,
      0.35,
      1.0,
      0.75,
      0.4,
      3.3,
      9.1,
      3.3,
      0.45,
      0.45,
      0.9,
      0.13,
      3.8,
      3.2,
      3.1,
      3.2,
      0.55,
      0.85,
      0.85,
      0.13,
      0.7,
      0.45,
      3.9,
      3.6,
      3.8,
      2.3,
      3.8,
      5.2,
      0.8,
      0.65,
      0.9,
      0.45,
      0.4,
      0.3,
      0.0,
      3.5,
      0.55,
      3.7,
      0.15,
      0.75,
      2.9,
      0.65,
      0.45,
      20.0,
      0.29,
      0.8,
      28.9,
      33.2,
      0.9,
      44.7,
      0.5,
      33.3,
      32.9,
      38.8,
      0.35,
      3.5,
      56.6,
      16.1,
      20.1,
      79.1
    ],
    [
      5.8,
      4.4,
      3.7,
      4.5,
      6.0,
      5.0,
      9.7,
      3.8,
      5.0,
      3.3,
      5.3,
      5.6,
      1.2,
      3.7,
      5.5,
      5.2,
      5.9,
      3.9,
      3.4,
      4.0,
      4.6,
      6.1,
      1.5,
      5.4,
      1.7,
      5.5,
      5.6,
      3.0,
      6.4,
      4.0,
      3.8,
      5.6,
      3.2,
      4.6,
      3.5,
      0.0,
      7.0,
      3.8,
      3.9,
      6.8,
      5.6,
      5.5,
      5.4,
      20.4,
      4.7,
      6.8,
      27.2,
      31.5,
      2.4,
      43.1,
      3.6,
      33.4,
      31.3,
      40.7,
      3.2,
      6.0,
      55.0,
      18.7,
      22.0,
      77.4
    ],
    [
      0.078,
      0.5,
      0.7,
      0.25,
      0.12,
      0.85,
      5.4,
      0.85,
      0.75,
      1.0,
      1.1,
      0.4,
      4.3,
      3.9,
      0.35,
      0.75,
      0.011,
      0.5,
      0.35,
      0.65,
      0.17,
      0.18,
      4.0,
      1.1,
      6.3,
      0.5,
      0.65,
      3.4,
      0.24,
      0.35,
      0.6,
      0.26,
      0.9,
      0.22,
      0.55,
      7.0,
      0.0,
      6.2,
      0.4,
      0.21,
      1.0,
      0.4,
      0.26,
      29.8,
      0.5,
      0.28,
      28.6,
      32.9,
      1.1,
      44.4,
      0.3,
      35.9,
      32.6,
      35.5,
      0.9,
      0.9,
      56.2,
      15.8,
      16.8,
      78.8
    ],
    [
      6.2,
      4.5,
      4.0,
      4.7,
      6.3,
      5.4,
      13.3,
      3.9,
      5.6,
      3.5,
      5.5,
      6.1,
      4.3,
      3.7,
      5.9,
      5.5,
      6.3,
      3.9,
      4.5,
      4.2,
      4.7,
      6.5,
      4.5,
      5.8,
      2.9,
      6.7,
      6.0,
      5.8,
      6.8,
      4.1,
      3.9,
      6.7,
      3.4,
      4.7,
      3.7,
      3.8,
      6.2,
      0.0,
      4.5,
      6.7,
      5.8,
      5.3,
      5.2,
      18.0,
      4.9,
      6.7,
      31.4,
      35.6,
      3.5,
      47.2,
      3.9,
      32.6,
      35.4,
      42.3,
      3.4,
      6.0,
      59.1,
      18.6,
      23.6,
      81.6
    ],
    [
      0.45,
      0.24,
      0.85,
      0.6,
      0.27,
      2.6,
      7.2,
      1.4,
      0.4,
      0.6,
      0.9,
      0.026,
      2.0,
      1.0,
      0.75,
      2.7,
      0.4,
      0.7,
      0.7,
      0.28,
      0.55,
      0.3,
      2.2,
      3.0,
      3.4,
      4.0,
      3.2,
      3.0,
      0.65,
      0.5,
      0.75,
      0.28,
      0.5,
      0.16,
      0.15,
      3.9,
      0.4,
      4.5,
      0.0,
      0.6,
      1.1,
      0.5,
      0.3,
      29.6,
      0.2,
      0.65,
      29.1,
      33.3,
      1.0,
      45.0,
      0.3,
      35.6,
      33.1,
      37.5,
      0.5,
      1.5,
      56.8,
      16.4,
      18.8,
      79.3
    ],
    [
      0.14,
      0.7,
      0.9,
      0.2,
      0.35,
      0.6,
      5.2,
      1.0,
      0.9,
      2.6,
      1.1,
      0.65,
      4.0,
      1.0,
      0.16,
      0.5,
      0.23,
      0.75,
      0.2,
      1.4,
      0.17,
      0.4,
      3.8,
      0.95,
      6.0,
      0.7,
      1.2,
      3.2,
      0.12,
      0.55,
      0.8,
      0.45,
      2.5,
      0.45,
      0.75,
      6.8,
      0.21,
      6.7,
      0.6,
      0.0,
      1.2,
      0.6,
      0.45,
      22.4,
      0.7,
      0.063,
      28.4,
      32.6,
      3.3,
      44.2,
      0.55,
      36.0,
      32.4,
      35.3,
      4.3,
      0.7,
      56.1,
      15.6,
      16.6,
      78.6
    ],
    [
      1.1,
      4.8,
      4.1,
      1.2,
      0.9,
      1.5,
      4.9,
      4.1,
      0.85,
      2.7,
      0.7,
      1.1,
      4.9,
      4.5,
      1.3,
      1.6,
      1.0,
      4.7,
      1.3,
      1.5,
      1.1,
      0.8,
      4.6,
      1.8,
      5.2,
      1.0,
      1.5,
      4.1,
      1.1,
      4.4,
      4.7,
      0.85,
      2.7,
      0.95,
      2.9,
      5.6,
      1.0,
      5.8,
      1.1,
      1.2,
      0.0,
      0.7,
      0.8,
      23.2,
      1.0,
      1.1,
      28.3,
      32.5,
      4.2,
      44.1,
      1.0,
      36.4,
      32.3,
      34.9,
      5.2,
      1.6,
      56.0,
      15.5,
      16.2,
      78.4
    ],
    [
      0.45,
      0.65,
      3.8,
      0.65,
      0.3,
      1.2,
      5.1,
      3.8,
      0.6,
      2.2,
      0.85,
      0.55,
      4.6,
      4.2,
      0.75,
      1.1,
      0.4,
      0.7,
      5.2,
      0.8,
      0.55,
      0.23,
      4.3,
      1.5,
      4.8,
      0.45,
      1.0,
      3.8,
      0.5,
      0.55,
      0.8,
      0.25,
      1.0,
      0.35,
      0.65,
      5.5,
      0.4,
      5.3,
      0.5,
      0.6,
      0.7,
      0.0,
      0.22,
      29.7,
      0.4,
      0.55,
      28.6,
      32.8,
      4.5,
      44.4,
      4.3,
      35.7,
      32.6,
      35.3,
      1.0,
      1.9,
      56.3,
      15.8,
      16.6,
      78.8
    ],
    [
      0.35,
      0.45,
      0.75,
      0.5,
      0.17,
      2.3,
      5.5,
      0.9,
      0.45,
      0.9,
      1.3,
      0.35,
      5.7,
      0.85,
      0.65,
      2.0,
      0.25,
      0.6,
      0.6,
      0.6,
      0.45,
      0.08,
      5.4,
      2.6,
      4.7,
      0.25,
      0.9,
      4.9,
      0.45,
      0.4,
      0.65,
      0.035,
      0.8,
      0.2,
      0.45,
      5.4,
      0.26,
      5.2,
      0.3,
      0.45,
      0.8,
      0.22,
      0.0,
      29.5,
      0.25,
      0.5,
      28.8,
      33.1,
      1.1,
      44.6,
      0.3,
      35.6,
      32.8,
      35.5,
      0.8,
      1.4,
      56.5,
      16.0,
      16.8,
      79.0
    ],
    [
      22.5,
      20.8,
      20.4,
      21.0,
      22.7,
      21.7,
      32.0,
      20.2,
      29.0,
      19.8,
      29.9,
      29.6,
      20.6,
      20.1,
      22.2,
      21.8,
      29.8,
      20.2,
      20.8,
      20.2,
      21.0,
      29.6,
      20.8,
      22.1,
      19.5,
      29.5,
      22.3,
      22.1,
      30.0,
      20.4,
      20.2,
      29.5,
      19.8,
      21.0,
      20.0,
      20.4,
      29.8,
      18.0,
      29.6,
      22.4,
      23.2,
      29.7,
      29.5,
      0.0,
      28.6,
      29.3,
      29.2,
      33.4,
      20.1,
      45.0,
      20.5,
      19.7,
      33.2,
      61.0,
      19.7,
      22.4,
      56.9,
      45.6,
      42.3,
      79.3
    ],
    [
      0.6,
      0.45,
      4.1,
      0.75,
      0.4,
      1.8,
      8.4,
      3.9,
      0.2,
      0.75,
      0.7,
      0.23,
      4.4,
      3.8,
      0.9,
      1.7,
      0.5,
      0.85,
      0.85,
      0.4,
      0.7,
      0.35,
      4.9,
      2.1,
      4.4,
      0.044,
      2.3,
      4.4,
      1.3,
      0.65,
      0.9,
      0.25,
      0.65,
      0.35,
      0.29,
      4.7,
      0.5,
      4.9,
      0.2,
      0.7,
      1.0,
      0.4,
      0.25,
      28.6,
      0.0,
      0.7,
      29.0,
      33.3,
      4.0,
      44.8,
      0.55,
      35.6,
      33.0,
      37.5,
      0.65,
      1.4,
      56.7,
      16.2,
      18.7,
      79.2
    ],
    [
      0.2,
      0.8,
      1.0,
      0.23,
      0.4,
      0.65,
      5.3,
      1.1,
      0.85,
      2.5,
      1.0,
      0.7,
      4.1,
      1.1,
      0.18,
      0.55,
      0.29,
      0.8,
      0.23,
      1.3,
      0.23,
      0.45,
      3.8,
      1.0,
      6.1,
      0.7,
      0.4,
      3.3,
      0.059,
      0.6,
      0.85,
      0.75,
      2.5,
      0.5,
      0.8,
      6.8,
      0.28,
      6.7,
      0.65,
      0.063,
      1.1,
      0.55,
      0.5,
      29.3,
      0.7,
      0.0,
      28.4,
      32.7,
      3.3,
      44.2,
      0.6,
      35.9,
      32.4,
      35.3,
      4.3,
      0.7,
      56.1,
      15.6,
      16.6,
      78.6
    ],
    [
      28.5,
      28.6,
      28.0,
      28.5,
      28.7,
      27.8,
      30.6,
      27.9,
      29.0,
      29.1,
      28.8,
      29.2,
      28.7,
      28.3,
      28.2,
      27.9,
      28.6,
      28.5,
      29.4,
      29.3,
      28.8,
      28.8,
      28.5,
      28.1,
      27.1,
      29.1,
      28.3,
      27.9,
      29.1,
      28.2,
      28.5,
      28.9,
      29.0,
      28.8,
      28.9,
      27.2,
      28.6,
      31.4,
      29.1,
      28.4,
      28.3,
      28.6,
      28.8,
      29.2,
      29.0,
      28.4,
      0.0,
      3.1,
      28.8,
      16.5,
      29.0,
      64.5,
      3.0,
      47.7,
      29.9,
      27.7,
      36.3,
      27.3,
      42.2,
      58.7
    ],
    [
      32.8,
      32.9,
      32.2,
      32.7,
      32.9,
      32.0,
      34.8,
      32.2,
      33.2,
      33.4,
      33.1,
      33.4,
      33.0,
      32.6,
      32.5,
      32.1,
      32.9,
      32.8,
      33.6,
      33.6,
      33.1,
      33.0,
      32.7,
      32.4,
      31.3,
      33.3,
      32.6,
      32.2,
      33.3,
      32.5,
      32.7,
      33.1,
      33.2,
      33.0,
      33.2,
      31.5,
      32.9,
      35.6,
      33.3,
      32.6,
      32.5,
      32.8,
      33.1,
      33.4,
      33.3,
      32.7,
      3.1,
      0.0,
      33.1,
      17.7,
      33.3,
      68.8,
      0.089,
      51.9,
      34.1,
      32.0,
      27.4,
      31.6,
      46.5,
      49.8
    ],
    [
      3.5,
      0.8,
      1.0,
      0.95,
      0.95,
      2.7,
      7.3,
      1.1,
      3.2,
      0.7,
      3.5,
      0.95,
      1.8,
      1.1,
      3.2,
      2.8,
      1.0,
      1.5,
      1.0,
      0.85,
      1.0,
      1.0,
      2.0,
      3.0,
      1.9,
      1.1,
      3.3,
      3.1,
      4.1,
      0.95,
      0.75,
      1.1,
      0.65,
      1.0,
      0.9,
      2.4,
      1.1,
      3.5,
      1.0,
      3.3,
      4.2,
      4.5,
      1.1,
      20.1,
      4.0,
      3.3,
      28.8,
      33.1,
      0.0,
      44.7,
      0.8,
      32.2,
      32.9,
      38.1,
      1.0,
      3.4,
      56.6,
      16.1,
      19.4,
      79.0
    ],
    [
      44.3,
      44.4,
      43.8,
      44.3,
      44.5,
      43.6,
      46.4,
      43.8,
      44.8,
      45.0,
      44.6,
      45.0,
      44.6,
      44.2,
      44.0,
      43.7,
      44.4,
      44.3,
      45.2,
      45.1,
      44.6,
      44.6,
      44.3,
      43.9,
      42.9,
      44.9,
      44.1,
      43.7,
      44.9,
      44.0,
      44.3,
      44.7,
      44.8,
      44.6,
      44.7,
      43.1,
      44.4,
      47.2,
      45.0,
      44.2,
      44.1,
      44.4,
      44.6,
      45.0,
      44.8,
      44.2,
      16.5,
      17.7,
      44.7,
      0.0,
      44.8,
      80.3,
      18.8,
      63.5,
      45.6,
      43.5,
      8.2,
      43.1,
      58.0,
      30.5
    ],
    [
      0.4,
      0.19,
      0.55,
      0.4,
      0.26,
      2.8,
      7.5,
      0.7,
      0.75,
      0.65,
      1.1,
      0.35,
      2.2,
      0.7,
      0.7,
      3.0,
      0.3,
      0.4,
      0.45,
      0.6,
      0.35,
      0.24,
      2.5,
      3.2,
      3.2,
      0.5,
      3.4,
      3.2,
      0.55,
      0.23,
      0.45,
      0.3,
      0.55,
      0.24,
      0.5,
      3.6,
      0.3,
      3.9,
      0.3,
      0.55,
      1.0,
      4.3,
      0.3,
      20.5,
      0.55,
      0.6,
      29.0,
      33.3,
      0.8,
      44.8,
      0.0,
      33.1,
      32.5,
      37.7,
      0.75,
      3.0,
      56.2,
      15.7,
      19.0,
      78.6
    ],
    [
      36.1,
      33.3,
      32.8,
      36.1,
      35.8,
      38.9,
      38.1,
      32.6,
      35.1,
      33.1,
      35.9,
      35.6,
      33.1,
      32.5,
      36.3,
      36.4,
      35.9,
      32.7,
      33.3,
      35.4,
      33.5,
      35.7,
      33.2,
      39.2,
      32.7,
      35.6,
      39.4,
      34.5,
      36.0,
      32.8,
      32.6,
      35.6,
      33.1,
      33.4,
      33.3,
      33.4,
      35.9,
      32.6,
      35.6,
      36.0,
      36.4,
      35.7,
      35.6,
      19.7,
      35.6,
      35.9,
      64.5,
      68.8,
      32.2,
      80.3,
      33.1,
      0.0,
      67.7,
      66.3,
      30.8,
      37.8,
      91.4,
      50.9,
      47.6,
      114.0
    ],
    [
      32.6,
      32.7,
      32.0,
      32.5,
      32.7,
      31.8,
      34.6,
      32.0,
      33.0,
      33.2,
      32.9,
      33.2,
      32.8,
      32.4,
      32.3,
      31.9,
      32.6,
      32.5,
      33.4,
      33.3,
      32.9,
      32.8,
      32.5,
      32.1,
      31.1,
      33.1,
      32.4,
      32.0,
      33.1,
      32.2,
      32.5,
      32.9,
      33.0,
      32.8,
      32.9,
      31.3,
      32.6,
      35.4,
      33.1,
      32.4,
      32.3,
      32.6,
      32.8,
      33.2,
      33.0,
      32.4,
      3.0,
      0.089,
      32.9,
      18.8,
      32.5,
      67.7,
      0.0,
      51.7,
      33.9,
      31.8,
      27.2,
      31.4,
      46.3,
      49.6
    ],
    [
      33.8,
      37.9,
      37.2,
      35.4,
      35.6,
      34.7,
      34.6,
      37.2,
      37.0,
      38.6,
      35.5,
      37.5,
      38.0,
      37.6,
      35.1,
      34.8,
      35.5,
      37.8,
      38.9,
      37.3,
      38.3,
      35.7,
      38.0,
      30.7,
      40.0,
      37.5,
      35.1,
      37.2,
      35.8,
      37.5,
      37.8,
      35.5,
      38.6,
      38.1,
      38.8,
      40.7,
      35.5,
      42.3,
      37.5,
      35.3,
      34.9,
      35.3,
      35.5,
      61.0,
      37.5,
      35.3,
      47.7,
      51.9,
      38.1,
      63.5,
      37.7,
      66.3,
      51.7,
      0.0,
      39.8,
      34.9,
      75.6,
      20.4,
      20.1,
      98.0
    ],
    [
      4.5,
      0.65,
      2.3,
      3.0,
      0.8,
      3.7,
      10.4,
      2.2,
      0.75,
      0.35,
      3.0,
      0.5,
      2.6,
      2.0,
      4.2,
      3.8,
      0.9,
      2.2,
      2.4,
      0.3,
      3.0,
      0.8,
      2.8,
      4.0,
      2.8,
      0.6,
      4.3,
      4.1,
      3.7,
      2.4,
      2.2,
      0.8,
      0.35,
      0.7,
      0.35,
      3.2,
      0.9,
      3.4,
      0.5,
      4.3,
      5.2,
      1.0,
      0.8,
      19.7,
      0.65,
      4.3,
      29.9,
      34.1,
      1.0,
      45.6,
      0.75,
      30.8,
      33.9,
      39.8,
      0.0,
      2.3,
      57.3,
      16.8,
      19.5,
      79.8
    ],
    [
      0.85,
      3.2,
      2.5,
      0.8,
      1.0,
      0.06,
      4.7,
      2.5,
      1.7,
      3.7,
      2.2,
      1.5,
      3.3,
      2.9,
      0.55,
      0.19,
      0.95,
      3.1,
      0.8,
      2.0,
      0.8,
      1.2,
      3.0,
      0.45,
      5.3,
      1.4,
      0.4,
      2.5,
      0.75,
      2.8,
      3.1,
      1.4,
      3.5,
      3.4,
      3.5,
      6.0,
      0.9,
      6.0,
      1.5,
      0.7,
      1.6,
      1.9,
      1.4,
      22.4,
      1.4,
      0.7,
      27.7,
      32.0,
      3.4,
      43.5,
      3.0,
      37.8,
      31.8,
      34.9,
      2.3,
      0.0,
      55.4,
      14.9,
      16.0,
      77.8
    ],
    [
      56.3,
      56.4,
      55.7,
      56.2,
      56.4,
      55.5,
      58.3,
      55.7,
      56.7,
      56.9,
      56.6,
      56.9,
      56.5,
      56.1,
      56.0,
      55.6,
      56.3,
      56.2,
      57.1,
      57.0,
      56.6,
      56.5,
      56.2,
      55.8,
      54.8,
      56.8,
      56.1,
      55.7,
      56.8,
      55.9,
      56.2,
      56.6,
      56.7,
      56.5,
      56.6,
      55.0,
      56.2,
      59.1,
      56.8,
      56.1,
      56.0,
      56.3,
      56.5,
      56.9,
      56.7,
      56.1,
      36.3,
      27.4,
      56.6,
      8.2,
      56.2,
      91.4,
      27.2,
      75.6,
      57.3,
      55.4,
      0.0,
      55.0,
      69.9,
