{
  "drive_dist_matrix": [
    [
      0.0,
      10.0,
      0.8,
      2.4,
      0.55,
      35.7,
      6.3,
      7.5,
      3.6,
      1.9,
      8.5
    ],
    [
      10.0,
      0.0,
      10.8,
      12.0,
      10.2,
      29.3,
      4.5,
      9.9,
      12.6,
      7.0,
      7.1
    ],
    [
      0.8,
      10.8,
      0.0,
      2.0,
      0.4,
      38.8,
      7.6,
      8.2,
      4.4,
      2.7,
      8.4
    ],
    [
      2.4,
      12.0,
      2.0,
      0.0,
      2.6,
      37.8,
      8.5,
      10.4,
      6.6,
      5.0,
      10.6
    ],
    [
      0.55,
      10.2,
      0.4,
      2.6,
      0.0,
      36.6,
      7.3,
      7.8,
      3.9,
      2.3,
      9.4
    ],
    [
      35.7,
      29.3,
      38.8,
      37.8,
      36.6,
      0.0,
      29.8,
      38.2,
      40.9,
      32.9,
      30.3
    ],
    [
      6.3,
      4.5,
      7.6,
      8.5,
      7.3,
      29.8,
      0.0,
      7.1,
      7.7,
      3.4,
      3.1
    ],
    [
      7.5,
      9.9,
      8.2,
      10.4,
      7.8,
      38.2,
      7.1,
      0.0,
      4.2,
      6.4,
      10.2
    ],
    [
      3.6,
      12.6,
      4.4,
      6.6,
      3.9,
      40.9,
      7.7,
      4.2,
      0.0,
      5.0,
      11.2
    ],
    [
      1.9,
      7.0,
      2.7,
      5.0,
      2.3,
      32.9,
      3.4,
      6.4,
      5.0,
      0.0,
      6.9
    ],
    [
      8.5,
      7.1,
      8.4,
      10.6,
      9.4,
      30.3,
      3.1,
      10.2,
      11.2,
      6.9,
      0.0
    ]
  ],
  "drive_time_matrix": [
    [
      0.0,
      16.0,
      8.0,
      4.0,
      2.0,
      43.0,
      14.0,
      16.0,
      8.0,
      8.0,
      17.0
    ],
    [
      16.0,
      0.0,
      19.0,
      22.0,
      18.0,
      32.0,
      11.0,
      18.0,
      25.0,
      19.0,
      13.0
    ],
    [
      8.0,
      19.0,
      0.0,
      4.0,
      5.0,
      45.0,
      17.0,
      18.0,
      10.0,
      10.0,
      21.0
    ],
    [
      4.0,
      22.0,
      4.0,
      0.0,
      6.0,
      46.0,
      18.0,
      23.0,
      15.0,
      14.0,
      20.0
    ],
    [
      2.0,
      18.0,
      5.0,
      6.0,
      0.0,
      44.0,
      15.0,
      17.0,
      9.0,
      8.0,
      18.0
    ],
    [
      43.0,
      32.0,
      45.0,
      46.0,
      44.0,
      0.0,
      35.0,
      42.0,
      48.0,
      43.0,
      32.0
    ],
    [
      14.0,
      11.0,
      17.0,
      18.0,
      15.0,
      35.0,
      0.0,
      17.0,
      19.0,
      11.0,
      8.0
    ],
    [
      16.0,
      18.0,
      18.0,
      23.0,
      17.0,
      42.0,
      17.0,
      0.0,
      10.0,
      14.0,
      22.0
    ],
    [
      8.0,
      25.0,
      10.0,
      15.0,
      9.0,
      48.0,
      19.0,
      10.0,
      0.0,
      12.0,
      27.0
    ],
    [
      8.0,
      19.0,
      10.0,
      14.0,
      8.0,
      43.0,
      11.0,
      14.0,
      12.0,
      0.0,
      16.0
    ],
    [
      17.0,
      13.0,
      21.0,
      20.0,
      18.0,
      32.0,
      8.0,
      22.0,
      27.0,
      16.0,
      0.0
    ]
  ],
  "transit_dist_walk_matrix": [
    [
      0.0,
      0.9166300000000001,
      0.58331,
      0.49998,
      NaN,
      NaN,
      0.41665,
      1.08329,
      0.41665,
      0.8333,
      0.33332
    ],
    [
      0.9166300000000001,
      0.0,
      1.49994,
      1.33328,
      1.08329,
      NaN,
      0.9166300000000001,
      1.99992,
      0.99996,
      1.33328,
      1.33328
    ],
    [
      0.58331,
      1.49994,
      0.0,
      0.66664,
      0.08333,
      NaN,
      0.24999,
      0.99996,
      0.24999,
      0.58331,
      0.99996
    ],
    [
      0.49998,
      1.33328,
      0.66664,
      0.0,
      0.16666,
      NaN,
      0.24999,
      1.49994,
      0.74997,
      1.08329,
      1.58327
    ],
    [
      NaN,
      1.08329,
      0.08333,
      0.16666,
      0.0,
      NaN,
      0.33332,
      1.08329,
      0.24999,
      0.66664,
      0.66664
    ],
    [
      NaN,
      NaN,
      NaN,
      NaN,
      NaN,
      0.0,
      NaN,
      NaN,
      NaN,
      NaN,
      NaN
    ],
    [
      0.41665,
      0.9166300000000001,
      0.24999,
      0.24999,
      0.33332,
      NaN,
      0.0,
      1.6666,
      0.41665,
      0.8333,
      0.66664
    ],
    [
      1.08329,
      1.99992,
      0.99996,
      1.49994,
      1.08329,
      NaN,
      1.6666,
      0.0,
      1.74993,
      2.08325,
      1.2499500000000001
    ],
    [
      0.41665,
      0.99996,
      0.24999,
      0.74997,
      0.24999,
      NaN,
      0.41665,
      1.74993,
      0.0,
      1.16662,
      0.49998
    ],
    [
      0.8333,
      1.33328,
      0.58331,
      1.08329,
      0.66664,
      NaN,
      0.8333,
      2.08325,
      1.16662,
      0.0,
      1.16662
    ],
    [
      0.33332,
      1.33328,
      0.99996,
      1.58327,
      0.66664,
      NaN,
      0.66664,
      1.2499500000000001,
      0.49998,
      1.16662,
      0.0
    ]
  ],
  "transit_time_matrix": [
    [
      0.0,
      58.0,
      8.0,
      20.0,
      NaN,
      NaN,
      22.0,
      47.0,
      8.0,
      8.0,
      47.0
    ],
    [
      58.0,
      0.0,
      69.0,
      82.0,
      64.0,
      NaN,
      44.0,
      95.0,
      80.0,
      60.0,
      73.0
    ],
    [
      8.0,
      69.0,
      0.0,
      19.0,
      5.0,
      NaN,
      17.0,
      50.0,
      28.0,
      18.0,
      48.0
    ],
    [
      20.0,
      82.0,
      19.0,
      0.0,
      10.0,
      NaN,
      36.0,
      59.0,
      15.0,
      14.0,
      57.0
    ],
    [
      NaN,
      64.0,
      5.0,
      10.0,
      0.0,
      NaN,
      23.0,
      52.0,
      9.0,
      18.0,
      50.0
    ],
    [
      NaN,
      NaN,
      NaN,
      NaN,
      NaN,
      0.0,
      NaN,
      NaN,
      NaN,
      NaN,
      NaN
    ],
    [
      22.0,
      44.0,
      17.0,
      36.0,
      23.0,
      NaN,
      0.0,
      17.0,
      39.0,
      26.0,
      33.0
    ],
    [
      47.0,
      95.0,
      50.0,
      59.0,
      52.0,
      NaN,
      17.0,
      0.0,
      41.0,
      58.0,
      63.0
    ],
    [
      8.0,
      80.0,
      28.0,
      15.0,
      9.0,
      NaN,
      39.0,
      41.0,
      0.0,
      12.0,
      67.0
    ],
    [
      8.0,
      60.0,
      18.0,
      14.0,
      18.0,
      NaN,
      26.0,
      58.0,
      12.0,
      0.0,
      49.0
    ],
    [
      47.0,
      73.0,
      48.0,
      57.0,
      50.0,
      NaN,
      33.0,
      63.0,
      67.0,
      49.0,
      0.0
    ]
  ],
  "walk_dist_matrix": [
    [
      0.0,
      8.2,
      0.8,
      2.4,
      0.4,
      32.4,
      4.2,
      7.2,
      3.6,
      2.1,
      6.9
    ],
    [
      8.2,
      0.0,
      8.9,
      10.4,
      8.5,
      26.7,
      4.2,
      9.6,
      10.8,
      6.7,
      5.9
    ],
    [
      0.8,
      8.9,
      0.0,
      1.7,
      0.4,
      33.2,
      4.9,
      7.5,
      3.9,
      2.8,
      7.5
    ],
    [
      2.4,
      10.4,
      1.7,
      0.0,
      2.1,
      34.7,
      6.4,
      7.9,
      4.0,
      4.4,
      9.1
    ],
    [
      0.4,
      8.5,
      0.4,
      2.1,
      0.0,
      32.8,
      4.5,
      7.1,
      3.5,
      2.5,
      7.1
    ],
    [
      32.4,
      26.7,
      33.2,
      34.7,
      32.8,
      0.0,
      28.5,
      34.5,
      35.8,
      31.3,
      28.7
    ],
    [
      4.2,
      4.2,
      4.9,
      6.4,
      4.5,
      28.5,
      0.0,
      6.9,
      7.6,
      3.1,
      3.1
    ],
    [
      7.2,
      9.6,
      7.5,
      7.9,
      7.1,
      34.5,
      6.9,
      0.0,
      4.1,
      6.3,
      10.0
    ],
    [
      3.6,
      10.8,
      3.9,
      4.0,
      3.5,
      35.8,
      7.6,
      4.1,
      0.0,
      0.0,
      10.4
    ],
    [
      2.1,
      6.7,
      2.8,
      4.4,
      2.5,
      31.3,
      3.1,
      6.3,
      0.0,
      0.0,
      5.9
    ],
    [
      6.9,
      5.9,
      7.5,
      9.1,
      7.1,
      28.7,
      3.1,
      10.0,
      10.4,
      5.9,
      0.0
    ]
  ],
  "walk_time_matrix": [
    [
      0.0,
      58.0,
      8.0,
      30.0,
      5.0,
      396.0,
      22.0,
      47.0,
      21.0,
      18.0,
      86.0
    ],
    [
      58.0,
      0.0,
      69.0,
      82.0,
      64.0,
      324.0,
      44.0,
      95.0,
      80.0,
      84.0,
      73.0
    ],
    [
      8.0,
      69.0,
      0.0,
      19.0,
      2.0,
      405.0,
      60.0,
      50.0,
      28.0,
      18.0,
      48.0
    ],
    [
      30.0,
      82.0,
      19.0,
      0.0,
      10.0,
      425.0,
      36.0,
      59.0,
      36.0,
      54.0,
      57.0
    ],
    [
      5.0,
      64.0,
      2.0,
      10.0,
      0.0,
      401.0,
      23.0,
      52.0,
      42.0,
      18.0,
      50.0
    ],
    [
      396.0,
      324.0,
      405.0,
      425.0,
      401.0,
      0.0,
      349.0,
      421.0,
      438.0,
      384.0,
      350.0
    ],
    [
      22.0,
      44.0,
      60.0,
      36.0,
      23.0,
      349.0,
      0.0,
      60.0,
      39.0,
      26.0,
      33.0
    ],
    [
      47.0,
      95.0,
      50.0,
      59.0,
      52.0,
      421.0,
      60.0,
      0.0,
      41.0,
      58.0,
      63.0
    ],
    [
      21.0,
      80.0,
      28.0,
      36.0,
      42.0,
      438.0,
      39.0,
      41.0,
      0.0,
      NaN,
      67.0
    ],
    [
      18.0,
      84.0,
      18.0,
      54.0,
      18.0,
      384.0,
      26.0,
      58.0,
      NaN,
      0.0,
      49.0
    ],
    [
      86.0,
      73.0,
      48.0,
      57.0,
      50.0,
      350.0,
      33.0,
      63.0,
      67.0,
      49.0,
      0.0
    ]
  ],
  "cycle_dist_matrix": [
    [
      0.0,
      8.2,
      0.8,
      2.4,
      0.4,
      32.4,
      4.2,
      7.2,
      3.6,
      2.1,
      6.9
    ],
    [
      8.2,
      0.0,
      8.9,
      NaN,
      8.5,
      26.7,
      4.2,
      9.6,
      10.8,
      6.7,
      5.9
    ],
    [
      0.8,
      8.9,
      0.0,
      1.7,
      0.4,
      33.2,
      4.9,
      7.5,
      NaN,
      NaN,
      7.5
    ],
    [
      2.4,
      NaN,
      1.7,
      0.0,
      2.1,
      34.7,
      6.4,
      7.9,
      4.0,
      4.4,
      9.1
    ],
    [
      0.4,
      8.5,
      0.4,
      2.1,
      0.0,
      32.8,
      NaN,
      7.1,
      3.5,
      2.5,
      7.1
    ],
    [
      32.4,
      26.7,
      33.2,
      34.7,
      32.8,
      0.0,
      28.5,
      34.5,
      35.8,
      31.3,
      28.7
    ],
    [
      4.2,
      4.2,
      4.9,
      6.4,
      NaN,
      28.5,
      0.0,
      NaN,
      7.6,
      NaN,
      3.1
    ],
    [
      7.2,
      9.6,
      7.5,
      7.9,
      7.1,
      34.5,
      NaN,
      0.0,
      NaN,
      NaN,
      10.0
    ],
    [
      3.6,
      10.8,
      NaN,
      4.0,
      3.5,
      35.8,
      7.6,
      NaN,
      0.0,
      NaN,
      10.4
    ],
    [
      2.1,
      6.7,
      NaN,
      4.4,
      2.5,
      31.3,
      NaN,
      NaN,
      NaN,
      0.0,
      5.9
    ],
    [
      6.9,
      5.9,
      7.5,
      9.1,
      7.1,
      28.7,
      3.1,
      10.0,
      10.4,
      5.9,
      0.0
    ]
  ],
  "cycle_time_matrix": [
    [
      0.0,
      101.0,
      10.0,
      30.0,
      5.0,
      396.0,
      51.0,
      88.0,
      44.0,
      25.0,
      86.0
    ],
    [
      101.0,
      0.0,
      111.0,
      NaN,
      107.0,
      324.0,
      53.0,
      117.0,
      134.0,
      84.0,
      75.0
    ],
    [
      10.0,
      111.0,
      0.0,
      21.0,
      2.0,
      405.0,
      60.0,
      91.0,
      NaN,
      NaN,
      93.0
    ],
    [
      30.0,
      NaN,
      21.0,
      0.0,
      26.0,
      425.0,
      80.0,
      100.0,
      53.0,
      54.0,
      114.0
    ],
    [
      5.0,
      107.0,
      2.0,
      26.0,
      0.0,
      401.0,
      NaN,
      86.0,
      42.0,
      30.0,
      89.0
    ],
    [
      396.0,
      324.0,
      405.0,
      425.0,
      401.0,
      0.0,
      349.0,
      421.0,
      438.0,
      384.0,
      350.0
    ],
    [
      51.0,
      53.0,
      60.0,
      80.0,
      NaN,
      349.0,
      0.0,
      NaN,
      94.0,
      NaN,
      40.0
    ],
    [
      88.0,
      117.0,
      91.0,
      100.0,
      86.0,
      421.0,
      NaN,
      0.0,
      NaN,
      NaN,
      125.0
    ],
    [
      44.0,
      134.0,
      NaN,
      53.0,
      42.0,
      438.0,
      94.0,
      NaN,
      0.0,
      NaN,
      130.0
    ],
    [
      25.0,
      84.0,
      NaN,
      54.0,
      30.0,
      384.0,
      NaN,
      NaN,
      NaN,
      0.0,
      73.0
    ],
    [
      86.0,
      75.0,
      93.0,
      114.0,
      89.0,
      350.0,
      40.0,
      125.0,
      130.0,
      73.0,
      0.0
    ]
  ],
  "avg_dd": [
    [
      10.566115702479344
    ]
  ]
}