{
  "drive_dist_matrix": [
    [
      0.0,
      3.7,
      3.6,
      3.1,
      6.0,
      3.7,
      3.3,
      3.2,
      7.6,
      4.8,
      8.1,
      6.0,
      7.4,
      2.9,
      3.1,
      2.7,
      5.3,
      8.6,
      6.9,
      3.6,
      24.9,
      3.9,
      3.2,
      3.0,
      20.7,
      3.8,
      4.5,
      3.6,
      3.3,
      99.3,
      4.7,
      94.3,
      4.6,
      90.2
    ],
    [
      3.7,
      0.0,
      1.8,
      1.2,
      3.0,
      0.65,
      0.75,
      0.65,
      5.9,
      1.9,
      9.1,
      3.0,
      3.4,
      1.1,
      2.3,
      4.6,
      2.4,
      9.6,
      4.1,
      2.0,
      23.6,
      1.4,
      2.4,
      2.0,
      21.7,
      3.4,
      4.6,
      5.5,
      4.6,
      96.7,
      1.5,
      91.6,
      0.6,
      88.2
    ],
    [
      3.6,
      1.8,
      0.0,
      0.9,
      2.8,
      1.5,
      0.75,
      1.1,
      4.6,
      1.7,
      7.9,
      2.8,
      3.2,
      1.8,
      3.6,
      4.4,
      2.2,
      8.4,
      5.0,
      2.8,
      21.9,
      2.2,
      3.2,
      0.4,
      19.2,
      2.0,
      2.8,
      4.7,
      4.2,
      95.8,
      2.3,
      90.7,
      2.1,
      87.4
    ],
    [
      3.1,
      1.2,
      0.9,
      0.0,
      3.0,
      0.8,
      0.65,
      0.22,
      5.8,
      1.8,
      9.1,
      3.0,
      3.3,
      0.75,
      2.4,
      4.6,
      2.3,
      9.6,
      4.2,
      2.1,
      23.6,
      1.5,
      2.5,
      2.1,
      22.5,
      4.0,
      4.5,
      5.5,
      4.6,
      95.9,
      1.6,
      90.9,
      1.1,
      87.1
    ],
    [
      6.0,
      3.0,
      2.8,
      3.0,
      0.0,
      2.8,
      2.5,
      3.2,
      6.4,
      1.2,
      11.2,
      0.14,
      0.4,
      3.2,
      3.8,
      7.7,
      0.65,
      11.8,
      4.0,
      3.5,
      26.5,
      2.9,
      3.9,
      2.9,
      33.5,
      4.5,
      5.8,
      8.6,
      8.3,
      93.6,
      2.1,
      88.5,
      2.7,
      85.2
    ],
    [
      3.7,
      0.65,
      1.5,
      0.8,
      2.8,
      0.0,
      1.2,
      0.55,
      7.0,
      3.8,
      9.2,
      4.1,
      4.0,
      0.8,
      1.7,
      5.6,
      3.9,
      9.7,
      3.5,
      1.3,
      24.3,
      0.7,
      1.7,
      2.4,
      21.9,
      3.6,
      4.8,
      6.5,
      4.7,
      95.4,
      0.7,
      90.3,
      0.35,
      87.0
    ],
    [
      3.3,
      0.75,
      0.75,
      0.65,
      2.5,
      1.2,
      0.0,
      0.8,
      5.2,
      1.3,
      8.9,
      2.5,
      2.9,
      1.2,
      3.3,
      4.8,
      1.8,
      9.4,
      4.6,
      2.5,
      22.5,
      1.9,
      3.6,
      1.2,
      21.5,
      2.7,
      4.2,
      5.7,
      4.4,
      96.5,
      1.9,
      91.2,
      1.7,
      87.9
    ],
    [
      3.2,
      0.65,
      1.1,
      0.22,
      3.2,
      0.55,
      0.8,
      0.0,
      6.1,
      2.1,
      8.9,
      3.3,
      3.5,
      0.85,
      2.2,
      4.4,
      2.6,
      9.4,
      4.0,
      1.9,
      23.6,
      1.3,
      2.3,
      1.8,
      21.5,
      3.2,
      3.9,
      5.3,
      4.4,
      95.9,
      1.4,
      90.9,
      1.1,
      87.6
    ],
    [
      7.6,
      5.9,
      4.6,
      5.8,
      6.4,
      7.0,
      5.2,
      6.1,
      0.0,
      5.7,
      8.9,
      6.2,
      6.5,
      6.7,
      8.5,
      8.4,
      5.6,
      9.4,
      13.9,
      7.7,
      23.4,
      7.1,
      8.8,
      4.6,
      24.7,
      4.0,
      4.8,
      7.2,
      7.5,
      97.2,
      6.7,
      92.2,
      6.8,
      88.9
    ],
    [
      4.8,
      1.9,
      1.7,
      1.8,
      1.2,
      3.8,
      1.3,
      2.1,
      5.7,
      0.0,
      10.3,
      1.4,
      1.8,
      2.5,
      3.6,
      6.2,
      0.6,
      10.8,
      4.2,
      3.2,
      26.2,
      2.6,
      3.6,
      1.9,
      22.9,
      3.7,
      4.3,
      7.1,
      5.8,
      94.3,
      1.9,
      89.3,
      2.0,
      86.0
    ],
    [
      8.1,
      9.1,
      7.9,
      9.1,
      11.2,
      9.2,
      8.9,
      8.9,
      8.9,
      10.3,
      0.0,
      9.5,
      9.8,
      7.4,
      7.7,
      5.0,
      8.8,
      3.1,
      12.3,
      9.0,
      25.1,
      9.3,
      8.6,
      6.5,
      15.4,
      5.2,
      5.0,
      4.5,
      4.1,
      105.0,
      10.1,
      99.7,
      8.5,
      96.4
    ],
    [
      6.0,
      3.0,
      2.8,
      3.0,
      0.14,
      4.1,
      2.5,
      3.3,
      6.2,
      1.4,
      9.5,
      0.0,
      0.35,
      3.8,
      4.8,
      8.7,
      0.7,
      12.0,
      4.6,
      4.4,
      26.5,
      3.8,
      4.8,
      3.1,
      29.5,
      4.7,
      5.9,
      9.6,
      9.3,
      93.4,
      2.7,
      88.4,
      3.3,
      85.1
    ],
    [
      7.4,
      3.4,
      3.2,
      3.3,
      0.4,
      4.0,
      2.9,
      3.5,
      6.5,
      1.8,
      9.8,
      0.35,
      0.0,
      3.6,
      4.6,
      8.5,
      1.0,
      12.2,
      4.5,
      4.3,
      26.4,
      3.7,
      4.7,
      3.2,
      29.4,
      4.8,
      6.0,
      9.4,
      9.1,
      94.0,
      2.5,
      88.9,
      3.1,
      85.6
    ],
    [
      2.9,
      1.1,
      1.8,
      0.75,
      3.2,
      0.8,
      1.2,
      0.85,
      6.7,
      2.5,
      7.4,
      3.8,
      3.6,
      0.0,
      2.5,
      3.7,
      4.3,
      8.6,
      4.5,
      1.3,
      27.1,
      1.8,
      2.8,
      2.1,
      20.8,
      2.9,
      3.5,
      4.6,
      3.6,
      96.4,
      1.9,
      91.4,
      1.7,
      88.1
    ],
    [
      3.1,
      2.3,
      3.6,
      2.4,
      3.8,
      1.7,
      3.3,
      2.2,
      8.5,
      3.6,
      7.7,
      4.8,
      4.6,
      2.5,
      0.0,
      4.2,
      4.5,
      10.0,
      4.0,
      0.55,
      25.2,
      1.0,
      0.29,
      3.3,
      22.1,
      5.3,
      5.9,
      5.1,
      4.7,
      95.9,
      1.8,
      90.8,
      1.7,
      87.5
    ],
    [
      2.7,
      4.6,
      4.4,
      4.6,
      7.7,
      5.6,
      4.8,
      4.4,
      8.4,
      6.2,
      5.0,
      8.7,
      8.5,
      3.7,
      4.2,
      0.0,
      6.3,
      6.5,
      8.0,
      4.7,
      29.2,
      5.0,
      4.3,
      4.1,
      18.7,
      3.8,
      3.8,
      1.6,
      1.3,
      99.9,
      5.8,
      94.8,
      5.7,
      91.5
    ],
    [
      5.3,
      2.4,
      2.2,
      2.3,
      0.65,
      3.9,
      1.8,
      2.6,
      5.6,
      0.6,
      8.8,
      0.7,
      1.0,
      4.3,
      4.5,
      6.3,
      0.0,
      11.3,
      4.2,
      4.0,
      26.3,
      3.4,
      4.4,
      2.4,
      21.5,
      3.9,
      5.1,
      7.6,
      6.4,
      94.0,
      2.2,
      89.0,
      2.8,
      85.7
    ],
    [
      8.6,
      9.6,
      8.4,
      9.6,
      11.8,
      9.7,
      9.4,
      9.4,
      9.4,
      10.8,
      3.1,
      12.0,
      12.2,
      8.6,
      10.0,
      6.5,
      11.3,
      0.0,
      13.8,
      10.5,
      34.4,
      10.8,
      10.1,
      8.0,
      12.2,
      7.1,
      6.8,
      6.0,
      5.7,
      106.0,
      11.7,
      101.0,
      9.9,
      97.3
    ],
    [
      6.9,
      4.1,
      5.0,
      4.2,
      4.0,
      3.5,
      4.6,
      4.0,
      13.9,
      4.2,
      12.3,
      4.6,
      4.5,
      4.5,
      4.0,
      8.0,
      4.2,
      13.8,
      0.0,
      3.8,
      29.6,
      3.2,
      4.2,
      5.3,
      26.1,
      6.6,
      7.3,
      8.9,
      8.6,
      91.9,
      3.0,
      86.9,
      3.6,
      83.6
    ],
    [
      3.6,
      2.0,
      2.8,
      2.1,
      3.5,
      1.3,
      2.5,
      1.9,
      7.7,
      3.2,
      9.0,
      4.4,
      4.3,
      1.3,
      0.55,
      4.7,
      4.0,
      10.5,
      3.8,
      0.0,
      24.4,
      0.7,
      0.19,
      3.1,
      22.5,
      3.7,
      4.9,
      5.4,
      5.1,
      95.7,
      1.7,
      90.7,
      1.5,
      87.4
    ],
    [
      24.9,
      23.6,
      21.9,
      23.6,
      26.5,
      24.3,
      22.5,
      23.6,
      23.4,
      26.2,
      25.1,
      26.5,
      26.4,
      27.1,
      25.2,
      29.2,
      26.3,
      34.4,
      29.6,
      24.4,
      0.0,
      27.0,
      28.0,
      25.7,
      31.0,
      24.9,
      25.7,
      28.1,
      28.4,
      108.0,
      26.5,
      103.0,
      27.5,
      99.8
    ],
    [
      3.9,
      1.4,
      2.2,
      1.5,
      2.9,
      0.7,
      1.9,
      1.3,
      7.1,
      2.6,
      9.3,
      3.8,
      3.7,
      1.8,
      1.0,
      5.0,
      3.4,
      10.8,
      3.2,
      0.7,
      27.0,
      0.0,
      0.7,
      2.6,
      23.1,
      4.0,
      5.2,
      6.0,
      5.7,
      95.3,
      1.0,
      90.2,
      0.8,
      87.0
    ],
    [
      3.2,
      2.4,
      3.2,
      2.5,
      3.9,
      1.7,
      3.6,
      2.3,
      8.8,
      3.6,
      8.6,
      4.8,
      4.7,
      2.8,
      0.29,
      4.3,
      4.4,
      10.1,
      4.2,
      0.19,
      28.0,
      0.7,
      0.0,
      3.0,
      22.8,
      4.4,
      6.5,
      5.7,
      5.4,
      95.6,
      1.6,
      90.5,
      1.4,
      87.3
    ],
    [
      3.0,
      2.0,
      0.4,
      2.1,
      2.9,
      2.4,
      1.2,
      1.8,
      4.6,
      1.9,
      6.5,
      3.1,
      3.2,
      2.1,
      3.3,
      4.1,
      2.4,
      8.0,
      5.3,
      3.1,
      25.7,
      2.6,
      3.0,
      0.0,
      19.0,
      1.7,
      2.6,
      4.5,
      4.0,
      95.9,
      2.7,
      90.9,
      2.4,
      87.6
    ],
    [
      20.7,
      21.7,
      19.2,
      22.5,
      33.5,
      21.9,
      21.5,
      21.5,
      24.7,
      22.9,
      15.4,
      29.5,
      29.4,
      20.8,
      22.1,
      18.7,
      21.5,
      12.2,
      26.1,
      22.5,
      31.0,
      23.1,
      22.8,
      19.0,
      0.0,
      15.4,
      15.1,
      15.8,
      15.4,
      121.0,
      18.5,
      116.0,
      18.3,
      113.0
    ],
    [
      3.8,
      3.4,
      2.0,
      4.0,
      4.5,
      3.6,
      2.7,
      3.2,
      4.0,
      3.7,
      5.2,
      4.7,
      4.8,
      2.9,
      5.3,
      3.8,
      3.9,
      7.1,
      6.6,
      3.7,
      24.9,
      4.0,
      4.4,
      1.7,
      15.4,
      0.0,
      0.75,
      3.2,
      2.8,
      101.0,
      3.8,
      95.7,
      3.6,
      92.4
    ],
    [
      4.5,
      4.6,
      2.8,
      4.5,
      5.8,
      4.8,
      4.2,
      3.9,
      4.8,
      4.3,
      5.0,
      5.9,
      6.0,
      3.5,
      5.9,
      3.8,
      5.1,
      6.8,
      7.3,
      4.9,
      25.7,
      5.2,
      6.5,
      2.6,
      15.1,
      0.75,
      0.0,
      3.8,
      3.4,
      101.0,
      4.6,
      95.5,
      4.4,
      92.2
    ],
    [
      3.6,
      5.5,
      4.7,
      5.5,
      8.6,
      6.5,
      5.7,
      5.3,
      7.2,
      7.1,
      4.5,
      9.6,
      9.4,
      4.6,
      5.1,
      1.6,
      7.6,
      6.0,
      8.9,
      5.4,
      28.1,
      6.0,
      5.7,
      4.5,
      15.8,
      3.2,
      3.8,
      0.0,
      0.7,
      103.0,
      7.0,
      98.2,
      6.8,
      94.9
    ],
    [
      3.3,
      4.6,
      4.2,
      4.6,
      8.3,
      4.7,
      4.4,
      4.4,
      7.5,
      5.8,
      4.1,
      9.3,
      9.1,
      3.6,
      4.7,
      1.3,
      6.4,
      5.7,
      8.6,
      5.1,
      28.4,
      5.7,
      5.4,
      4.0,
      15.4,
      2.8,
      3.4,
      0.7,
      0.0,
      100.0,
      6.0,
      95.0,
      5.9,
      91.7
    ],
    [
      99.3,
      96.7,
      95.8,
      95.9,
      93.6,
      95.4,
      96.5,
      95.9,
      97.2,
      94.3,
      105.0,
      93.4,
      94.0,
      96.4,
      95.9,
      99.9,
      94.0,
      106.0,
      91.9,
      95.7,
      108.0,
      95.3,
      95.6,
      95.9,
      121.0,
      101.0,
      101.0,
      103.0,
      100.0,
      0.0,
      93.8,
      11.6,
      94.4,
      12.2
    ],
    [
      4.7,
      1.5,
      2.3,
      1.6,
      2.1,
      0.7,
      1.9,
      1.4,
      6.7,
      1.9,
      10.1,
      2.7,
      2.5,
      1.9,
      1.8,
      5.8,
      2.2,
      11.7,
      3.0,
      1.7,
      26.5,
      1.0,
      1.6,
      2.7,
      18.5,
      3.8,
      4.6,
      7.0,
      6.0,
      93.8,
      0.0,
      89.1,
      0.6,
      85.8
    ],
    [
      94.3,
      91.6,
      90.7,
      90.9,
      88.5,
      90.3,
      91.2,
      90.9,
      92.2,
      89.3,
      99.7,
      88.4,
      88.9,
      91.4,
      90.8,
      94.8,
      89.0,
      101.0,
      86.9,
      90.7,
      103.0,
      90.2,
      90.5,
      90.9,
      116.0,
      95.7,
      95.5,
      98.2,
      95.0,
      11.6,
      89.1,
      0.0,
      89.5,
      7.5
    ],
    [
      4.6,
      0.6,
      2.1,
      1.1,
      2.7,
      0.35,
      1.7,
      1.1,
      6.8,
      2.0,
      8.5,
      3.3,
      3.1,
      1.7,
      1.7,
      5.7,
      2.8,
      9.9,
      3.6,
      1.5,
      27.5,
      0.8,
      1.4,
      2.4,
      18.3,
      3.6,
      4.4,
      6.8,
      5.9,
      94.4,
      0.6,
      89.5,
      0.0,
      87.0
    ],
    [
      90.2,
      88.2,
      87.4,
      87.1,
      85.2,
      87.0,
      87.9,
      87.6,
      88.9,
      86.0,
      96.4,
      85.1,
      85.6,
      88.1,
      87.5,
      91.5,
      85.7,
      97.3,
      83.6,
      87.4,
      99.8,
      87.0,
      87.3,
      87.6,
      113.0,
      92.4,
      92.2,
      94.9,
      91.7,
      12.2,
      85.8,
      7.5,
      87.0,
      0.0
    ]
  ],
  "drive_time_matrix": [
    [
      0.0,
      11.0,
      13.0,
      10.0,
      20.0,
      12.0,
      11.0,
      10.0,
      24.0,
      17.0,
      16.0,
      20.0,
      20.0,
      10.0,
      9.0,
      6.0,
      18.0,
      16.0,
      18.0,
      8.0,
      45.0,
      9.0,
      7.0,
      10.0,
      38.0,
      13.0,
      12.0,
      7.0,
      7.0,
      96.0,
      12.0,
      83.0,
      12.0,
      82.0
    ],
    [
      11.0,
      0.0,
      10.0,
      5.0,
      13.0,
      8.0,
      10.0,
      8.0,
      20.0,
      10.0,
      23.0,
      13.0,
      15.0,
      5.0,
      9.0,
      14.0,
      11.0,
      23.0,
      14.0,
      9.0,
      45.0,
      6.0,
      9.0,
      11.0,
      44.0,
      17.0,
      18.0,
      16.0,
      14.0,
      91.0,
      7.0,
      79.0,
      8.0,
      78.0
    ],
    [
      13.0,
      10.0,
      0.0,
      11.0,
      13.0,
      5.0,
      9.0,
      4.0,
      14.0,
      9.0,
      20.0,
      12.0,
      14.0,
      7.0,
      11.0,
      14.0,
      11.0,
      20.0,
      16.0,
      11.0,
      36.0,
      8.0,
      11.0,
      6.0,
      42.0,
      9.0,
      11.0,
      14.0,
      13.0,
      92.0,
      9.0,
      78.0,
      8.0,
      77.0
    ],
    [
      10.0,
      5.0,
      11.0,
      0.0,
      11.0,
      10.0,
      8.0,
      3.0,
      18.0,
      8.0,
      24.0,
      11.0,
      13.0,
      10.0,
      9.0,
      14.0,
      9.0,
      24.0,
      13.0,
      9.0,
      45.0,
      7.0,
      8.0,
      9.0,
      46.0,
      16.0,
      17.0,
      16.0,
      14.0,
      92.0,
      6.0,
      78.0,
      15.0,
      76.0
    ],
    [
      20.0,
      13.0,
      13.0,
      11.0,
      0.0,
      12.0,
      11.0,
      14.0,
      17.0,
      6.0,
      32.0,
      2.0,
      5.0,
      14.0,
      14.0,
      21.0,
      8.0,
      33.0,
      11.0,
      14.0,
      41.0,
      12.0,
      14.0,
      15.0,
      50.0,
      17.0,
      20.0,
      22.0,
      22.0,
      81.0,
      9.0,
      68.0,
      11.0,
      67.0
    ],
    [
      12.0,
      8.0,
      5.0,
      10.0,
      12.0,
      0.0,
      14.0,
      8.0,
      26.0,
      14.0,
      25.0,
      13.0,
      13.0,
      11.0,
      6.0,
      14.0,
      13.0,
      25.0,
      10.0,
      6.0,
      48.0,
      4.0,
      6.0,
      13.0,
      46.0,
      17.0,
      17.0,
      15.0,
      15.0,
      90.0,
      9.0,
      77.0,
      5.0,
      76.0
    ],
    [
      11.0,
      10.0,
      9.0,
      8.0,
      11.0,
      14.0,
      0.0,
      10.0,
      18.0,
      10.0,
      22.0,
      14.0,
      16.0,
      16.0,
      9.0,
      12.0,
      12.0,
      22.0,
      13.0,
      9.0,
      40.0,
      7.0,
      9.0,
      6.0,
      43.0,
      11.0,
      14.0,
      13.0,
      13.0,
      94.0,
      7.0,
      80.0,
      6.0,
      78.0
    ],
    [
      10.0,
      8.0,
      4.0,
      3.0,
      14.0,
      8.0,
      10.0,
      0.0,
      20.0,
      10.0,
      23.0,
      14.0,
      15.0,
      4.0,
      8.0,
      14.0,
      12.0,
      24.0,
      12.0,
      7.0,
      44.0,
      5.0,
      7.0,
      9.0,
      45.0,
      15.0,
      18.0,
      15.0,
      14.0,
      92.0,
      6.0,
      80.0,
      5.0,
      78.0
    ],
    [
      24.0,
      20.0,
      14.0,
      18.0,
      17.0,
      26.0,
      18.0,
      20.0,
      0.0,
      16.0,
      22.0,
      17.0,
      18.0,
      19.0,
      23.0,
      23.0,
      16.0,
      23.0,
      25.0,
      23.0,
      27.0,
      21.0,
      24.0,
      16.0,
      40.0,
      11.0,
      14.0,
      20.0,
      20.0,
      82.0,
      21.0,
      69.0,
      21.0,
      67.0
    ],
    [
      17.0,
      10.0,
      9.0,
      8.0,
      6.0,
      14.0,
      10.0,
      10.0,
      16.0,
      0.0,
      29.0,
      5.0,
      6.0,
      11.0,
      13.0,
      19.0,
      8.0,
      29.0,
      12.0,
      13.0,
      41.0,
      11.0,
      13.0,
      11.0,
      51.0,
      18.0,
      21.0,
      21.0,
      20.0,
      86.0,
      8.0,
      72.0,
      9.0,
      71.0
    ],
    [
      16.0,
      23.0,
      20.0,
      24.0,
      32.0,
      25.0,
      22.0,
      23.0,
      22.0,
      29.0,
      0.0,
      26.0,
      28.0,
      18.0,
      18.0,
      10.0,
      24.0,
      5.0,
      26.0,
      18.0,
      39.0,
      18.0,
      17.0,
      16.0,
      30.0,
      11.0,
      10.0,
      8.0,
      7.0,
      99.0,
      21.0,
      85.0,
      22.0,
      84.0
    ],
    [
      20.0,
      13.0,
      12.0,
      11.0,
      2.0,
      13.0,
      14.0,
      14.0,
      17.0,
      5.0,
      26.0,
      0.0,
      4.0,
      16.0,
      15.0,
      22.0,
      8.0,
      34.0,
      13.0,
      15.0,
      40.0,
      13.0,
      15.0,
      16.0,
      51.0,
      19.0,
      21.0,
      24.0,
      23.0,
      86.0,
      11.0,
      72.0,
      14.0,
      71.0
    ],
    [
      20.0,
      15.0,
      14.0,
      13.0,
      5.0,
      13.0,
      16.0,
      15.0,
      18.0,
      6.0,
      28.0,
      4.0,
      0.0,
      15.0,
      14.0,
      22.0,
      4.0,
      34.0,
      12.0,
      14.0,
      40.0,
      12.0,
      15.0,
      16.0,
      51.0,
      19.0,
      22.0,
      24.0,
      23.0,
      86.0,
      11.0,
      72.0,
      14.0,
      71.0
    ],
    [
      10.0,
      5.0,
      7.0,
      10.0,
      14.0,
      11.0,
      16.0,
      4.0,
      19.0,
      11.0,
      18.0,
      16.0,
      15.0,
      0.0,
      7.0,
      11.0,
      16.0,
      20.0,
      16.0,
      8.0,
      44.0,
      9.0,
      8.0,
      9.0,
      41.0,
      12.0,
      13.0,
      12.0,
      12.0,
      98.0,
      9.0,
      85.0,
      9.0,
      85.0
    ],
    [
      9.0,
      9.0,
      11.0,
      9.0,
      14.0,
      6.0,
      9.0,
      8.0,
      23.0,
      13.0,
      18.0,
      15.0,
      14.0,
      7.0,
      0.0,
      9.0,
      14.0,
      20.0,
      11.0,
      7.0,
      48.0,
      2.0,
      4.0,
      14.0,
      42.0,
      15.0,
      17.0,
      11.0,
      10.0,
      93.0,
      5.0,
      79.0,
      6.0,
      78.0
    ],
    [
      6.0,
      14.0,
      14.0,
      14.0,
      21.0,
      14.0,
      12.0,
      14.0,
      23.0,
      19.0,
      10.0,
      22.0,
      22.0,
      11.0,
      9.0,
      0.0,
      20.0,
      13.0,
      19.0,
      11.0,
      44.0,
      12.0,
      10.0,
      13.0,
      36.0,
      11.0,
      11.0,
      4.0,
      4.0,
      103.0,
      14.0,
      89.0,
      15.0,
      88.0
    ],
    [
      18.0,
      11.0,
      11.0,
      9.0,
      8.0,
      13.0,
      12.0,
      12.0,
      16.0,
      8.0,
      24.0,
      8.0,
      4.0,
      16.0,
      14.0,
      20.0,
      0.0,
      31.0,
      11.0,
      13.0,
      39.0,
      11.0,
      13.0,
      14.0,
      54.0,
      17.0,
      20.0,
      22.0,
      21.0,
      87.0,
      9.0,
      72.0,
      12.0,
      72.0
    ],
    [
      16.0,
      23.0,
      20.0,
      24.0,
      33.0,
      25.0,
      22.0,
      24.0,
      23.0,
      29.0,
      5.0,
      34.0,
      34.0,
      20.0,
      20.0,
      13.0,
      31.0,
      0.0,
      28.0,
      20.0,
      39.0,
      20.0,
      19.0,
      18.0,
      24.0,
      13.0,
      13.0,
      11.0,
      10.0,
      103.0,
      23.0,
      89.0,
      24.0,
      88.0
    ],
    [
      18.0,
      14.0,
      16.0,
      13.0,
      11.0,
      10.0,
      13.0,
      12.0,
      25.0,
      12.0,
      26.0,
      13.0,
      12.0,
      16.0,
      11.0,
      19.0,
      11.0,
      28.0,
      0.0,
      12.0,
      45.0,
      10.0,
      12.0,
      20.0,
      53.0,
      26.0,
      28.0,
      21.0,
      21.0,
      88.0,
      10.0,
      74.0,
      12.0,
      74.0
    ],
    [
      8.0,
      9.0,
      11.0,
      9.0,
      14.0,
      6.0,
      9.0,
      7.0,
      23.0,
      13.0,
      18.0,
      15.0,
      14.0,
      8.0,
      7.0,
      11.0,
      13.0,
      20.0,
      12.0,
      0.0,
      50.0,
      9.0,
      2.0,
      14.0,
      45.0,
      18.0,
      19.0,
      12.0,
      12.0,
      93.0,
      5.0,
      79.0,
      16.0,
      77.0
    ],
    [
      45.0,
      45.0,
      36.0,
      45.0,
      41.0,
      48.0,
      40.0,
      44.0,
      27.0,
      41.0,
      39.0,
      40.0,
      40.0,
      44.0,
      48.0,
      44.0,
      39.0,
      39.0,
      45.0,
      50.0,
      0.0,
      45.0,
      47.0,
      38.0,
      39.0,
      33.0,
      36.0,
      43.0,
      41.0,
      97.0,
      42.0,
      85.0,
      43.0,
      83.0
    ],
    [
      9.0,
      6.0,
      8.0,
      7.0,
      12.0,
      4.0,
      7.0,
      5.0,
      21.0,
      11.0,
      18.0,
      13.0,
      12.0,
      9.0,
      2.0,
      12.0,
      11.0,
      20.0,
      10.0,
      9.0,
      45.0,
      0.0,
      9.0,
      13.0,
      45.0,
      18.0,
      19.0,
      12.0,
      12.0,
      88.0,
      14.0,
      77.0,
      12.0,
      74.0
    ],
    [
      7.0,
      9.0,
      11.0,
      8.0,
      14.0,
      6.0,
      9.0,
      7.0,
      24.0,
      13.0,
      17.0,
      15.0,
      15.0,
      8.0,
      4.0,
      10.0,
      13.0,
      19.0,
      12.0,
      2.0,
      47.0,
      9.0,
      0.0,
      13.0,
      45.0,
      18.0,
      18.0,
      11.0,
      11.0,
      89.0,
      4.0,
      78.0,
      5.0,
      75.0
    ],
    [
      10.0,
      11.0,
      6.0,
      9.0,
      15.0,
      13.0,
      6.0,
      9.0,
      16.0,
      11.0,
      16.0,
      16.0,
      16.0,
      9.0,
      14.0,
      13.0,
      14.0,
      18.0,
      20.0,
      14.0,
      38.0,
      13.0,
      13.0,
      0.0,
      45.0,
      7.0,
      10.0,
      13.0,
      13.0,
      90.0,
      10.0,
      79.0,
      10.0,
      76.0
    ],
    [
      38.0,
      44.0,
      42.0,
      46.0,
      50.0,
      46.0,
      43.0,
      45.0,
      40.0,
      51.0,
      30.0,
      51.0,
      51.0,
      41.0,
      42.0,
      36.0,
      54.0,
      24.0,
      53.0,
      45.0,
      39.0,
      45.0,
      45.0,
      45.0,
      0.0,
      24.0,
      24.0,
      25.0,
      24.0,
      104.0,
      35.0,
      94.0,
      35.0,
      91.0
    ],
    [
      13.0,
      17.0,
      9.0,
      16.0,
      17.0,
      17.0,
      11.0,
      15.0,
      11.0,
      18.0,
      11.0,
      19.0,
      19.0,
      12.0,
      15.0,
      11.0,
      17.0,
      13.0,
      26.0,
      18.0,
      33.0,
      18.0,
      18.0,
      7.0,
      24.0,
      0.0,
      10.0,
      8.0,
      8.0,
      96.0,
      14.0,
      85.0,
      14.0,
      82.0
    ],
    [
      12.0,
      18.0,
      11.0,
      17.0,
      20.0,
      17.0,
      14.0,
      18.0,
      14.0,
      21.0,
      10.0,
      21.0,
      22.0,
      13.0,
      17.0,
      11.0,
      20.0,
      13.0,
      28.0,
      19.0,
      36.0,
      19.0,
      18.0,
      10.0,
      24.0,
      10.0,
      0.0,
      10.0,
      9.0,
      98.0,
      17.0,
      87.0,
      17.0,
      85.0
    ],
    [
      7.0,
      16.0,
      14.0,
      16.0,
      22.0,
      15.0,
      13.0,
      15.0,
      20.0,
      21.0,
      8.0,
      24.0,
      24.0,
      12.0,
      11.0,
      4.0,
      22.0,
      11.0,
      21.0,
      12.0,
      43.0,
      12.0,
      11.0,
      13.0,
      25.0,
      8.0,
      10.0,
      0.0,
      8.0,
      102.0,
      15.0,
      91.0,
      16.0,
      88.0
    ],
    [
      7.0,
      14.0,
      13.0,
      14.0,
      22.0,
      15.0,
      13.0,
      14.0,
      20.0,
      20.0,
      7.0,
      23.0,
      23.0,
      12.0,
      10.0,
      4.0,
      21.0,
      10.0,
      21.0,
      12.0,
      41.0,
      12.0,
      11.0,
      13.0,
      24.0,
      8.0,
      9.0,
      8.0,
      0.0,
      99.0,
      14.0,
      88.0,
      15.0,
      85.0
    ],
    [
      96.0,
      91.0,
      92.0,
      92.0,
      81.0,
      90.0,
      94.0,
      92.0,
      82.0,
      86.0,
      99.0,
      86.0,
      86.0,
      98.0,
      93.0,
      103.0,
      87.0,
      103.0,
      88.0,
      93.0,
      97.0,
      88.0,
      89.0,
      90.0,
      104.0,
      96.0,
      98.0,
      102.0,
      99.0,
      0.0,
      78.0,
      20.0,
      80.0,
      21.0
    ],
    [
      12.0,
      7.0,
      9.0,
      6.0,
      9.0,
      9.0,
      7.0,
      6.0,
      21.0,
      8.0,
      21.0,
      11.0,
      11.0,
      9.0,
      5.0,
      14.0,
      9.0,
      23.0,
      10.0,
      5.0,
      42.0,
      14.0,
      4.0,
      10.0,
      35.0,
      14.0,
      17.0,
      15.0,
      14.0,
      78.0,
      0.0,
      75.0,
      3.0,
      71.0
    ],
    [
      83.0,
      79.0,
      78.0,
      78.0,
      68.0,
      77.0,
      80.0,
      80.0,
      69.0,
      72.0,
      85.0,
      72.0,
      72.0,
      85.0,
      79.0,
      89.0,
      72.0,
      89.0,
      74.0,
      79.0,
      85.0,
      77.0,
      78.0,
      79.0,
      94.0,
      85.0,
      87.0,
      91.0,
      88.0,
      20.0,
      75.0,
      0.0,
      71.0,
      14.0
    ],
    [
      12.0,
      8.0,
      8.0,
      15.0,
      11.0,
      5.0,
      6.0,
      5.0,
      21.0,
      9.0,
      22.0,
      14.0,
      14.0,
      9.0,
      6.0,
      15.0,
      12.0,
      24.0,
      12.0,
      16.0,
      43.0,
      12.0,
      5.0,
      10.0,
      35.0,
      14.0,
      17.0,
      16.0,
      15.0,
      80.0,
      3.0,
      71.0,
      0.0,
      75.0
    ],
    [
      82.0,
      78.0,
      77.0,
      76.0,
      67.0,
      76.0,
      78.0,
      78.0,
      67.0,
      71.0,
      84.0,
      71.0,
      71.0,
      85.0,
      78.0,
      88.0,
      72.0,
      88.0,
      74.0,
      77.0,
      83.0,
      74.0,
      75.0,
      76.0,
      91.0,
      82.0,
      85.0,
      88.0,
      85.0,
      21.0,
      71.0,
      14.0,
      75.0,
      0.0
    ]
  ],
  "transit_dist_walk_matrix": [
    [
      0.0,
      1.99992,
      1.58327,
      2.33324,
      NaN,
      1.41661,
      2.24991,
      2.41657,
      2.16658,
      1.33328,
      2.24991,
      2.08325,
      2.33324,
      1.49994,
      NaN,
      NaN,
      1.49994,
      2.08325,
      1.58327,
      NaN,
      NaN,
      NaN,
      NaN,
      NaN,
      2.16658,
      1.6666,
      1.58327,
      2.33324,
      1.8332600000000001,
      NaN,
      1.74993,
      NaN,
      1.58327,
      NaN
    ],
    [
      1.99992,
      0.0,
      0.9166300000000001,
      NaN,
      1.08329,
      NaN,
      NaN,
      NaN,
      1.2499500000000001,
      0.49998,
      0.58331,
      1.08329,
      1.16662,
      NaN,
      NaN,
      2.16658,
      0.58331,
      0.99996,
      NaN,
      NaN,
      NaN,
      NaN,
      NaN,
      0.8333,
      1.2499500000000001,
      1.33328,
      1.2499500000000001,
      1.8332600000000001,
      1.33328,
      NaN,
      NaN,
      NaN,
      NaN,
      NaN
    ],
    [
      1.58327,
      0.9166300000000001,
      0.0,
      NaN,
      1.49994,
      0.58331,
      NaN,
      0.58331,
      1.6666,
      0.8333,
      1.91659,
      1.58327,
      1.74993,
      1.16662,
      2.08325,
      1.41661,
      0.9166300000000001,
      1.8332600000000001,
      1.16662,
      1.74993,
      NaN,
      NaN,
      1.8332600000000001,
      NaN,
      2.33324,
      1.41661,
      1.33328,
      1.6666,
      1.08329,
      NaN,
      1.33328,
      NaN,
      NaN,
      NaN
    ],
    [
      2.33324,
      NaN,
      NaN,
      0.0,
      1.16662,
      0.33332,
      NaN,
      NaN,
      NaN,
      0.66664,
      1.49994,
      1.2499500000000001,
      1.41661,
      NaN,
      NaN,
      2.33324,
      0.74997,
      1.41661,
      1.49994,
      NaN,
      NaN,
      1.16662,
      NaN,
      0.8333,
      1.41661,
      0.99996,
      0.9166300000000001,
      1.74993,
      1.33328,
      NaN,
      1.08329,
      NaN,
      0.74997,
      NaN
    ],
    [
      NaN,
      1.08329,
      1.49994,
      1.16662,
      0.0,
      0.9166300000000001,
      1.16662,
      1.33328,
      2.33324,
      NaN,
      1.16662,
      NaN,
      NaN,
      1.41661,
      2.33324,
      2.08325,
      NaN,
      1.74993,
      1.2499500000000001,
      1.91659,
      NaN,
      NaN,
      1.99992,
      1.16662,
      1.8332600000000001,
      1.41661,
      1.49994,
      2.33324,
      1.8332600000000001,
      NaN,
      NaN,
      NaN,
      1.33328,
      NaN
    ],
    [
      1.41661,
      NaN,
      0.58331,
      0.33332,
      0.9166300000000001,
      0.0,
      0.49998,
      NaN,
      1.2499500000000001,
      0.41665,
      1.2499500000000001,
      0.99996,
      1.08329,
      NaN,
      NaN,
      1.41661,
      0.58331,
      1.16662,
      0.74997,
      NaN,
      NaN,
      NaN,
      NaN,
      0.58331,
      1.16662,
      1.16662,
      0.9166300000000001,
      1.08329,
      0.58331,
      NaN,
      NaN,
      NaN,
      NaN,
      NaN
    ],
    [
      2.24991,
      NaN,
      NaN,
      NaN,
      1.16662,
      0.49998,
      0.0,
      NaN,
      1.49994,
      0.66664,
      0.8333,
      1.2499500000000001,
      1.33328,
      NaN,
      2.08325,
      1.99992,
      0.8333,
      1.74993,
      1.2499500000000001,
      NaN,
      NaN,
      1.2499500000000001,
      1.74993,
      0.66664,
      1.49994,
      1.49994,
      1.41661,
      2.24991,
      1.6666,
      NaN,
      1.33328,
      NaN,
      0.9166300000000001,
      NaN
    ],
    [
      2.41657,
      NaN,
      0.58331,
      NaN,
      1.33328,
      NaN,
      NaN,
      0.0,
      1.49994,
      0.66664,
      1.49994,
      1.2499500000000001,
      1.2499500000000001,
      NaN,
      NaN,
      2.16658,
      0.8333,
      1.33328,
      1.2499500000000001,
      NaN,
      NaN,
      NaN,
      NaN,
      0.9166300000000001,
      1.41661,
      0.99996,
      0.9166300000000001,
      1.74993,
      1.2499500000000001,
      NaN,
      NaN,
      NaN,
      NaN,
      NaN
    ],
    [
      2.16658,
      1.2499500000000001,
      1.6666,
      NaN,
      2.33324,
      1.2499500000000001,
      1.49994,
      1.49994,
      0.0,
      0.9166300000000001,
      1.41661,
      2.33324,
      2.16658,
      1.41661,
      2.41657,
      2.16658,
      0.99996,
      1.74993,
      1.58327,
      2.08325,
      NaN,
      1.6666,
      2.16658,
      1.2499500000000001,
      1.91659,
      0.99996,
      1.08329,
      2.33324,
      1.8332600000000001,
      NaN,
      1.6666,
      NaN,
      1.33328,
      NaN
    ],
    [
      1.33328,
      0.49998,
      0.8333,
      0.66664,
      NaN,
      0.41665,
      0.66664,
      0.66664,
      0.9166300000000001,
      0.0,
      1.2499500000000001,
      NaN,
      NaN,
      0.99996,
      1.8332600000000001,
      1.33328,
      NaN,
      1.16662,
      0.74997,
      1.41661,
      NaN,
      1.08329,
      1.41661,
      0.33332,
      1.2499500000000001,
      0.33332,
      0.74997,
      1.58327,
      0.99996,
      NaN,
      NaN,
      NaN,
      0.66664,
      NaN
    ],
    [
      2.24991,
      0.58331,
      1.91659,
      1.49994,
      1.16662,
      1.2499500000000001,
      0.8333,
      1.49994,
      1.41661,
      1.2499500000000001,
      0.0,
      1.58327,
      1.33328,
      0.24999,
      1.2499500000000001,
      1.91659,
      0.99996,
      NaN,
      0.9166300000000001,
      0.99996,
      NaN,
      0.33332,
      0.99996,
      1.08329,
      1.74993,
      1.49994,
      1.49994,
      0.8333,
      1.58327,
      NaN,
      1.08329,
      NaN,
      0.9166300000000001,
      NaN
    ],
    [
      2.08325,
      1.08329,
      1.58327,
      1.2499500000000001,
      NaN,
      0.99996,
      1.2499500000000001,
      1.2499500000000001,
      2.33324,
      NaN,
      1.58327,
      0.0,
      NaN,
      1.49994,
      2.66656,
      2.4999000000000002,
      NaN,
      2.16658,
      1.41661,
      2.16658,
      NaN,
      1.74993,
      2.16658,
      1.16662,
      2.33324,
      1.41661,
      1.49994,
      2.74989,
      2.16658,
      NaN,
      NaN,
      NaN,
      1.33328,
      NaN
    ],
    [
      2.33324,
      1.16662,
      1.74993,
      1.41661,
      NaN,
      1.08329,
      1.33328,
      1.2499500000000001,
      2.16658,
      NaN,
      1.33328,
      NaN,
      0.0,
      1.33328,
      2.58323,
      2.33324,
      NaN,
      2.08325,
      1.6666,
      1.99992,
      NaN,
      1.91659,
      2.33324,
      1.41661,
      2.24991,
      1.58327,
      1.6666,
      2.58323,
      2.08325,
      NaN,
      1.41661,
      NaN,
      1.2499500000000001,
      NaN
    ],
    [
      1.49994,
      NaN,
      1.16662,
      NaN,
      1.41661,
      NaN,
      NaN,
      NaN,
      1.41661,
      0.99996,
      0.24999,
      1.49994,
      1.33328,
      0.0,
      NaN,
      1.33328,
      1.16662,
      0.66664,
      0.66664,
      NaN,
      NaN,
      0.24999,
      NaN,
      0.58331,
      1.08329,
      0.33332,
      0.24999,
      1.08329,
      0.49998,
      NaN,
      0.99996,
      NaN,
      0.74997,
      NaN
    ],
    [
      NaN,
      NaN,
      2.08325,
      NaN,
      2.33324,
      NaN,
      2.08325,
      NaN,
      2.41657,
      1.8332600000000001,
      1.2499500000000001,
      2.66656,
      2.58323,
      NaN,
      0.0,
      2.74989,
      2.16658,
      1.58327,
      1.58327,
      NaN,
      NaN,
      NaN,
      NaN,
      1.74993,
      2.16658,
      1.33328,
      1.16662,
      1.8332600000000001,
      1.91659,
      NaN,
      NaN,
      NaN,
      NaN,
      NaN
    ],
    [
      NaN,
      2.16658,
      1.41661,
      2.33324,
      2.08325,
      1.41661,
      1.99992,
      2.16658,
      2.16658,
      1.33328,
      1.91659,
      2.4999000000000002,
      2.33324,
      1.33328,
      2.74989,
      0.0,
      1.41661,
      2.58323,
      1.58327,
      1.99992,
      NaN,
      1.8332600000000001,
      2.16658,
      1.16662,
      2.66656,
      1.8332600000000001,
      1.74993,
      NaN,
      NaN,
      NaN,
      1.74993,
      NaN,
      1.58327,
      NaN
    ],
    [
      1.49994,
      0.58331,
      0.9166300000000001,
      0.74997,
      NaN,
      0.58331,
      0.8333,
      0.8333,
      0.99996,
      NaN,
      0.99996,
      NaN,
      NaN,
      1.16662,
      2.16658,
      1.41661,
      0.0,
      1.2499500000000001,
      1.08329,
      1.6666,
      NaN,
      1.33328,
      1.74993,
      0.66664,
      1.99992,
      0.99996,
      1.16662,
      1.74993,
      1.2499500000000001,
      NaN,
      1.74993,
      NaN,
      0.9166300000000001,
      NaN
    ],
    [
      2.08325,
      0.99996,
      1.8332600000000001,
      1.41661,
      1.74993,
      1.16662,
      1.74993,
      1.33328,
      1.74993,
      1.16662,
      NaN,
      2.16658,
      2.08325,
      0.66664,
      1.58327,
      2.58323,
      1.2499500000000001,
      0.0,
      1.2499500000000001,
      1.2499500000000001,
      NaN,
      0.74997,
      1.33328,
      1.49994,
      1.99992,
      1.8332600000000001,
      1.91659,
      1.33328,
      1.99992,
      NaN,
      1.41661,
      NaN,
      1.33328,
      NaN
    ],
    [
      1.58327,
      NaN,
      1.16662,
      1.49994,
      1.2499500000000001,
      0.74997,
      1.2499500000000001,
      1.2499500000000001,
      1.58327,
      0.74997,
      0.9166300000000001,
      1.41661,
      1.6666,
      0.66664,
      1.58327,
      1.58327,
      1.08329,
      1.2499500000000001,
      0.0,
      1.49994,
      NaN,
      NaN,
      1.33328,
      1.41661,
      1.41661,
      0.66664,
      0.58331,
      1.08329,
      0.58331,
      NaN,
      1.16662,
      NaN,
      0.99996,
      NaN
    ],
    [
      NaN,
      NaN,
      1.74993,
      NaN,
      1.91659,
      NaN,
      NaN,
      NaN,
      2.08325,
      1.41661,
      0.99996,
      2.16658,
      1.99992,
      NaN,
      NaN,
      1.99992,
      1.6666,
      1.2499500000000001,
      1.49994,
      0.0,
      NaN,
      NaN,
      NaN,
      1.74993,
      1.6666,
      1.41661,
      1.33328,
      1.41661,
      1.16662,
      NaN,
      NaN,
      NaN,
      NaN,
      NaN
    ],
    [
      NaN,
      NaN,
      NaN,
      NaN,
      NaN,
      NaN,
      NaN,
      NaN,
      NaN,
      NaN,
      NaN,
      NaN,
      NaN,
      NaN,
      NaN,
      NaN,
      NaN,
      NaN,
      NaN,
      NaN,
      0.0,
      NaN,
      NaN,
      NaN,
      NaN,
      NaN,
      NaN,
      NaN,
      NaN,
      NaN,
      NaN,
      NaN,
      NaN,
      NaN
    ],
    [
      NaN,
      NaN,
      NaN,
      1.16662,
      NaN,
      NaN,
      1.2499500000000001,
      NaN,
      1.6666,
      1.08329,
      0.33332,
      1.74993,
      1.91659,
      0.24999,
      NaN,
      1.8332600000000001,
      1.33328,
      0.74997,
      NaN,
      NaN,
      NaN,
      0.0,
      NaN,
      1.41661,
      1.33328,
      0.58331,
      0.33332,
      1.08329,
      0.9166300000000001,
      NaN,
      NaN,
      NaN,
      NaN,
      NaN
    ],
    [
      NaN,
      NaN,
      1.8332600000000001,
      NaN,
      1.99992,
      NaN,
      1.74993,
      NaN,
      2.16658,
      1.41661,
      0.99996,
      2.16658,
      2.33324,
      NaN,
      NaN,
      2.16658,
      1.74993,
      1.33328,
      1.33328,
      NaN,
      NaN,
      NaN,
      0.0,
      1.8332600000000001,
      1.74993,
      0.99996,
      0.8333,
      1.49994,
      1.2499500000000001,
      NaN,
      NaN,
      NaN,
      NaN,
      NaN
    ],
    [
      NaN,
      0.8333,
      NaN,
      0.8333,
      1.16662,
      0.58331,
      0.66664,
      0.9166300000000001,
      1.2499500000000001,
      0.33332,
      1.08329,
      1.16662,
      1.41661,
      0.58331,
      1.74993,
      1.16662,
      0.66664,
      1.49994,
      1.41661,
      1.74993,
      NaN,
      1.41661,
      1.8332600000000001,
      0.0,
      1.16662,
      NaN,
      1.16662,
      1.49994,
      0.9166300000000001,
      NaN,
      1.41661,
      NaN,
      1.08329,
      NaN
    ],
    [
      2.16658,
      1.2499500000000001,
      2.33324,
      1.41661,
      1.8332600000000001,
      1.16662,
      1.49994,
