{
  "drive_dist_matrix": [
    [
      0.0,
      2.3,
      2.1,
      1.1,
      16.4,
      1.5,
      0.75,
      0.8,
      3.8,
      19.5,
      1.7,
      0.75,
      1.6,
      1.3,
      2.3,
      9.7,
      1.5,
      3.0,
      3.2,
      3.4,
      5.2,
      1.6,
      0.3,
      2.1,
      1.5,
      0.85,
      2.0,
      1.6,
      8.6,
      4.8,
      1.0,
      0.85,
      2.0,
      0.13,
      2.6,
      1.9,
      0.45,
      4.0,
      2.4,
      2.2,
      17.3,
      2.1,
      5.9,
      26.2,
      1.8,
      0.35,
      1.7,
      4.7,
      2.0,
      1.6,
      80.1,
      2.0,
      6.4,
      2.4,
      3.1,
      89.1
    ],
    [
      2.3,
      0.0,
      3.3,
      2.7,
      16.9,
      2.1,
      3.1,
      1.7,
      4.9,
      19.2,
      1.7,
      3.1,
      2.1,
      2.5,
      3.5,
      10.2,
      2.1,
      2.7,
      4.3,
      4.5,
      6.4,
      2.8,
      2.2,
      3.3,
      1.2,
      1.6,
      2.0,
      1.6,
      9.0,
      3.3,
      2.2,
      1.8,
      3.2,
      2.3,
      2.3,
      2.0,
      2.8,
      4.5,
      5.2,
      1.0,
      16.2,
      1.8,
      6.4,
      26.8,
      2.0,
      2.1,
      2.2,
      5.1,
      3.1,
      2.8,
      80.6,
      2.1,
      6.9,
      2.1,
      2.9,
      88.0
    ],
    [
      2.1,
      3.3,
      0.0,
      2.3,
      18.0,
      2.2,
      1.8,
      1.7,
      3.0,
      21.7,
      2.4,
      1.3,
      2.3,
      1.0,
      1.5,
      11.3,
      2.3,
      2.2,
      2.4,
      1.3,
      4.0,
      1.0,
      1.7,
      0.7,
      2.4,
      2.8,
      4.0,
      2.3,
      11.5,
      5.8,
      2.4,
      1.8,
      0.65,
      2.0,
      3.3,
      2.6,
      1.9,
      4.9,
      2.2,
      3.1,
      17.2,
      2.8,
      7.5,
      25.7,
      3.9,
      2.3,
      2.4,
      6.3,
      0.13,
      1.0,
      81.7,
      2.7,
      8.1,
      3.1,
      2.3,
      90.6
    ],
    [
      1.1,
      2.7,
      2.3,
      0.0,
      17.5,
      2.1,
      0.55,
      1.4,
      4.4,
      21.4,
      2.3,
      0.5,
      2.2,
      1.6,
      3.0,
      10.8,
      2.2,
      3.6,
      3.8,
      3.0,
      4.8,
      1.3,
      0.75,
      1.6,
      2.0,
      2.4,
      3.1,
      2.2,
      9.6,
      5.5,
      2.3,
      1.4,
      1.7,
      1.1,
      3.2,
      2.5,
      1.0,
      4.3,
      2.2,
      2.7,
      18.0,
      2.7,
      7.0,
      27.2,
      2.9,
      1.0,
      2.3,
      5.7,
      1.6,
      1.6,
      81.2,
      2.6,
      7.5,
      3.0,
      3.7,
      90.1
    ],
    [
      16.4,
      16.9,
      18.0,
      17.5,
      0.0,
      16.1,
      14.8,
      15.5,
      18.4,
      17.7,
      16.3,
      14.3,
      16.2,
      15.6,
      17.0,
      10.5,
      16.2,
      17.6,
      17.8,
      17.2,
      16.9,
      15.3,
      14.9,
      15.6,
      16.2,
      16.6,
      13.8,
      16.2,
      10.1,
      15.7,
      16.3,
      15.6,
      15.7,
      14.8,
      17.2,
      16.5,
      15.4,
      14.2,
      15.6,
      16.2,
      34.8,
      16.7,
      10.1,
      36.9,
      13.7,
      14.7,
      16.3,
      10.9,
      15.6,
      15.6,
      66.5,
      16.6,
      10.4,
      17.0,
      17.7,
      74.5
    ],
    [
      1.5,
      2.1,
      2.2,
      2.1,
      16.1,
      0.0,
      1.9,
      0.8,
      0.75,
      20.6,
      0.4,
      1.8,
      0.55,
      0.65,
      1.8,
      12.3,
      0.6,
      1.8,
      2.6,
      2.8,
      4.6,
      1.8,
      1.4,
      0.8,
      1.0,
      1.5,
      3.7,
      0.35,
      10.3,
      4.7,
      0.45,
      0.7,
      0.8,
      1.7,
      1.2,
      0.6,
      1.6,
      5.7,
      2.8,
      1.8,
      16.2,
      0.8,
      7.6,
      25.6,
      3.5,
      2.0,
      0.65,
      6.3,
      1.4,
      1.0,
      81.8,
      0.8,
      8.1,
      1.4,
      2.0,
      89.4
    ],
    [
      0.75,
      3.1,
      1.8,
      0.55,
      14.8,
      1.9,
      0.0,
      1.0,
      4.0,
      20.2,
      1.9,
      0.5,
      1.8,
      1.7,
      2.6,
      10.5,
      1.7,
      3.2,
      3.4,
      3.0,
      4.8,
      1.4,
      0.4,
      1.7,
      1.8,
      2.1,
      2.8,
      1.8,
      9.3,
      5.2,
      1.9,
      1.1,
      1.7,
      0.75,
      2.8,
      2.1,
      0.7,
      4.3,
      2.2,
      2.4,
      17.6,
      2.3,
      6.6,
      26.4,
      2.6,
      0.75,
      1.9,
      5.4,
      1.6,
      1.7,
      80.9,
      2.2,
      7.2,
      2.6,
      3.3,
      89.8
    ],
    [
      0.8,
      1.7,
      1.7,
      1.4,
      15.5,
      0.8,
      1.0,
      0.0,
      4.4,
      20.0,
      0.55,
      1.0,
      0.35,
      0.8,
      3.0,
      11.7,
      0.35,
      2.2,
      3.8,
      4.0,
      5.9,
      2.3,
      0.55,
      1.0,
      0.65,
      0.17,
      3.5,
      0.75,
      9.7,
      4.1,
      0.3,
      0.072,
      1.0,
      0.65,
      1.8,
      1.4,
      0.35,
      6.0,
      3.2,
      1.3,
      16.3,
      1.2,
      7.8,
      26.3,
      3.4,
      2.2,
      0.16,
      6.6,
      2.6,
      0.9,
      82.0,
      1.5,
      8.3,
      1.5,
      2.4,
      88.8
    ],
    [
      3.8,
      4.9,
      3.0,
      4.4,
      18.4,
      0.75,
      4.0,
      4.4,
      0.0,
      20.5,
      0.8,
      2.5,
      1.2,
      1.5,
      1.3,
      12.2,
      1.1,
      0.75,
      3.4,
      3.6,
      5.4,
      2.7,
      2.0,
      2.3,
      1.1,
      1.4,
      3.9,
      0.6,
      10.2,
      4.5,
      1.3,
      1.7,
      2.2,
      2.4,
      0.6,
      0.28,
      2.2,
      6.4,
      3.6,
      1.8,
      16.1,
      0.8,
      8.2,
      26.4,
      3.9,
      2.6,
      1.3,
      7.0,
      2.2,
      1.8,
      82.4,
      0.25,
      8.7,
      0.75,
      0.9,
      89.3
    ],
    [
      19.5,
      19.2,
      21.7,
      21.4,
      17.7,
      20.6,
      20.2,
      20.0,
      20.5,
      0.0,
      19.0,
      17.5,
      19.4,
      19.7,
      20.8,
      14.0,
      19.3,
      18.8,
      21.0,
      21.7,
      23.2,
      19.9,
      17.1,
      20.5,
      16.8,
      18.8,
      15.0,
      18.9,
      12.0,
      14.4,
      19.4,
      17.7,
      20.4,
      17.0,
      18.8,
      19.2,
      17.5,
      17.8,
      18.8,
      18.6,
      29.4,
      18.8,
      15.2,
      47.2,
      15.2,
      16.8,
      19.5,
      15.4,
      20.4,
      20.0,
      85.0,
      19.3,
      13.5,
      19.3,
      20.1,
      78.1
    ],
    [
      1.7,
      1.7,
      2.4,
      2.3,
      16.3,
      0.4,
      1.9,
      0.55,
      0.8,
      19.0,
      0.0,
      2.2,
      0.35,
      0.7,
      2.2,
      12.0,
      0.35,
      1.5,
      2.6,
      3.3,
      5.2,
      2.4,
      1.8,
      0.85,
      0.85,
      0.55,
      3.7,
      0.22,
      10.0,
      4.3,
      0.5,
      0.5,
      2.0,
      2.1,
      1.1,
      0.5,
      0.95,
      6.1,
      3.3,
      1.5,
      15.8,
      0.7,
      8.0,
      25.6,
      3.6,
      2.4,
      0.4,
      6.7,
      1.9,
      1.1,
      82.2,
      0.6,
      8.5,
      1.3,
      1.7,
      89.1
    ],
    [
      0.75,
      3.1,
      1.3,
      0.5,
      14.3,
      1.8,
      0.5,
      1.0,
      2.5,
      17.5,
      2.2,
      0.0,
      1.8,
      1.3,
      2.6,
      10.4,
      1.8,
      3.3,
      3.4,
      2.6,
      4.3,
      0.9,
      0.45,
      1.3,
      1.7,
      2.0,
      2.7,
      1.9,
      9.3,
      5.1,
      1.9,
      1.1,
      1.3,
      0.8,
      2.9,
      2.1,
      0.9,
      3.9,
      1.7,
      2.3,
      17.6,
      2.3,
      6.6,
      26.7,
      2.5,
      1.1,
      1.9,
      5.4,
      1.2,
      1.3,
      80.8,
      2.2,
      7.1,
      2.6,
      3.3,
      89.8
    ],
    [
      1.6,
      2.1,
      2.3,
      2.2,
      16.2,
      0.55,
      1.8,
      0.35,
      1.2,
      19.4,
      0.35,
      1.8,
      0.0,
      0.9,
      2.1,
      10.8,
      0.011,
      2.7,
      2.9,
      3.1,
      4.9,
      1.5,
      0.9,
      1.0,
      0.7,
      0.3,
      3.2,
      1.0,
      10.2,
      4.5,
      0.45,
      0.3,
      1.1,
      1.0,
      2.0,
      1.3,
      0.7,
      5.2,
      2.4,
      0.9,
      16.8,
      1.0,
      7.0,
      25.9,
      3.0,
      1.4,
      0.18,
      5.8,
      1.7,
      1.2,
      81.2,
      0.95,
      7.6,
      1.8,
      2.6,
      89.3
    ],
    [
      1.3,
      2.5,
      1.0,
      1.6,
      15.6,
      0.65,
      1.7,
      0.8,
      1.5,
      19.7,
      0.7,
      1.3,
      0.9,
      0.0,
      1.5,
      10.8,
      0.9,
      2.2,
      2.3,
      2.5,
      4.4,
      1.2,
      0.8,
      0.35,
      1.5,
      0.8,
      3.1,
      0.75,
      9.7,
      5.0,
      0.8,
      0.9,
      0.35,
      1.1,
      1.8,
      1.0,
      1.0,
      5.1,
      2.6,
      2.1,
      16.5,
      1.2,
      7.0,
      25.4,
      2.9,
      1.4,
      0.9,
      5.8,
      0.9,
      0.55,
      81.2,
      1.1,
      7.5,
      1.5,
      2.2,
      89.8
    ],
    [
      2.3,
      3.5,
      1.5,
      3.0,
      17.0,
      1.8,
      2.6,
      3.0,
      1.3,
      20.8,
      2.2,
      2.6,
      2.1,
      1.5,
      0.0,
      12.8,
      2.7,
      2.1,
      1.3,
      2.4,
      6.0,
      2.9,
      2.8,
      1.3,
      3.0,
      3.3,
      5.1,
      2.7,
      11.7,
      7.0,
      2.8,
      2.9,
      1.2,
      3.1,
      2.5,
      2.3,
      3.0,
      7.1,
      4.2,
      3.6,
      17.1,
      3.2,
      9.0,
      24.3,
      4.9,
      3.4,
      2.8,
      7.7,
      2.2,
      2.5,
      83.2,
      1.3,
      9.5,
      3.5,
      1.2,
      91.2
    ],
    [
      9.7,
      10.2,
      11.3,
      10.8,
      10.5,
      12.3,
      10.5,
      11.7,
      12.2,
      14.0,
      12.0,
      10.4,
      10.8,
      10.8,
      12.8,
      0.0,
      12.7,
      12.2,
      12.3,
      11.7,
      13.1,
      9.8,
      9.5,
      10.1,
      10.7,
      12.2,
      8.3,
      12.2,
      2.2,
      7.8,
      12.8,
      10.1,
      10.2,
      9.4,
      12.2,
      12.6,
      9.9,
      8.7,
      10.1,
      10.7,
      22.8,
      12.2,
      5.2,
      33.1,
      8.2,
      9.2,
      10.8,
      5.4,
      10.1,
      10.1,
      75.9,
      12.7,
      3.1,
      12.7,
      13.5,
      83.2
    ],
    [
      1.5,
      2.1,
      2.3,
      2.2,
      16.2,
      0.6,
      1.7,
      0.35,
      1.1,
      19.3,
      0.35,
      1.8,
      0.011,
      0.9,
      2.7,
      12.7,
      0.0,
      2.7,
      2.9,
      3.1,
      5.0,
      1.5,
      0.9,
      1.1,
      0.7,
      0.3,
      3.2,
      0.55,
      10.2,
      4.5,
      0.091,
      0.3,
      1.1,
      1.0,
      2.1,
      0.85,
      0.7,
      5.2,
      2.4,
      0.9,
      16.8,
      1.0,
      7.1,
      25.9,
      3.0,
      1.5,
      0.19,
      5.8,
      1.7,
      1.2,
      81.3,
      1.0,
      7.6,
      1.8,
      2.6,
      89.3
    ],
    [
      3.0,
      2.7,
      2.2,
      3.6,
      17.6,
      1.8,
      3.2,
      2.2,
      0.75,
      18.8,
      1.5,
      3.3,
      2.7,
      2.2,
      2.1,
      12.2,
      2.7,
      0.0,
      1.9,
      2.7,
      6.1,
      3.0,
      2.9,
      2.0,
      1.9,
      2.2,
      4.8,
      1.5,
      10.3,
      4.6,
      2.2,
      2.4,
      1.9,
      3.2,
      0.5,
      1.0,
      3.1,
      7.3,
      4.3,
      2.1,
      15.0,
      1.4,
      9.1,
      25.0,
      4.8,
      3.5,
      2.3,
      7.9,
      2.3,
      2.6,
      83.3,
      1.0,
      9.7,
      0.5,
      0.9,
      89.4
    ],
    [
      3.2,
      4.3,
      2.4,
      3.8,
      17.8,
      2.6,
      3.4,
      3.8,
      3.4,
      21.0,
      2.6,
      3.4,
      2.9,
      2.3,
      1.3,
      12.3,
      2.9,
      1.9,
      0.0,
      3.2,
      6.8,
      3.7,
      3.6,
      2.7,
      3.3,
      3.7,
      5.9,
      2.9,
      12.9,
      7.2,
      3.5,
      3.6,
      2.6,
      3.9,
      2.9,
      2.6,
      3.8,
      7.9,
      5.0,
      4.0,
      16.9,
      3.1,
      9.7,
      23.0,
      5.7,
      4.2,
      3.6,
      8.5,
      3.0,
      3.2,
      84.0,
      2.6,
      10.3,
      4.3,
      1.5,
      92.0
    ],
    [
      3.4,
      4.5,
      1.3,
      3.0,
      17.2,
      2.8,
      3.0,
      4.0,
      3.6,
      21.7,
      3.3,
      2.6,
      3.1,
      2.5,
      2.4,
      11.7,
      3.1,
      2.7,
      3.2,
      0.0,
      4.5,
      2.1,
      2.9,
      2.0,
      3.6,
      4.0,
      5.2,
      2.9,
      11.0,
      7.1,
      2.9,
      3.0,
      1.9,
      3.3,
      3.4,
      3.2,
      3.1,
      6.2,
      2.7,
      4.3,
      17.7,
      3.4,
      8.3,
      24.9,
      5.1,
      3.5,
      3.0,
      7.1,
      1.4,
      2.3,
      82.5,
      3.3,
      8.8,
      3.7,
      2.3,
      91.5
    ],
    [
      5.2,
      6.4,
      4.0,
      4.8,
      16.9,
      4.6,
      4.8,
      5.9,
      5.4,
      23.2,
      5.2,
      4.3,
      4.9,
      4.4,
      6.0,
      13.1,
      5.0,
      6.1,
      6.8,
      4.5,
      0.0,
      3.6,
      4.8,
      4.1,
      5.5,
      5.8,
      6.6,
      4.8,
      12.0,
      9.0,
      4.8,
      4.9,
      4.2,
      5.1,
      5.8,
      5.0,
      5.0,
      5.2,
      2.9,
      6.1,
      20.5,
      5.2,
      7.4,
      21.9,
      6.4,
      5.4,
      4.8,
      8.7,
      3.8,
      4.2,
      81.8,
      5.1,
      9.8,
      5.5,
      6.2,
      89.5
    ],
    [
      1.6,
      2.8,
      1.0,
      1.3,
      15.3,
      1.8,
      1.4,
      2.3,
      2.7,
      19.9,
      2.4,
      0.9,
      1.5,
      1.2,
      2.9,
      9.8,
      1.5,
      3.0,
      3.7,
      2.1,
      3.6,
      0.0,
      1.3,
      1.2,
      1.9,
      2.3,
      3.6,
      1.6,
      9.8,
      5.4,
      1.7,
      1.3,
      1.3,
      1.6,
      2.6,
      1.9,
      1.5,
      4.5,
      1.1,
      2.6,
      17.4,
      2.1,
      7.1,
      26.5,
      3.4,
      1.8,
      1.7,
      5.9,
      0.85,
      1.2,
      81.3,
      2.0,
      7.6,
      2.4,
      3.1,
      90.1
    ],
    [
      0.3,
      2.2,
      1.7,
      0.75,
      14.9,
      1.4,
      0.4,
      0.55,
      2.0,
      17.1,
      1.8,
      0.45,
      0.9,
      0.8,
      2.8,
      9.5,
      0.9,
      2.9,
      3.6,
      2.9,
      4.8,
      1.3,
      0.0,
      1.8,
      1.2,
      0.6,
      2.3,
      1.3,
      8.9,
      4.7,
      0.75,
      0.65,
      1.7,
      0.35,
      2.3,
      1.6,
      0.27,
      4.3,
      2.1,
      1.9,
      17.0,
      1.8,
      6.2,
      25.9,
      2.1,
      0.6,
      0.75,
      5.0,
      1.7,
      0.95,
      80.4,
      1.7,
      6.7,
      2.1,
      2.8,
      89.4
    ],
    [
      2.1,
      3.3,
      0.7,
      1.6,
      15.6,
      0.8,
      1.7,
      1.0,
      2.3,
      20.5,
      0.85,
      1.3,
      1.0,
      0.35,
      1.3,
      10.1,
      1.1,
      2.0,
      2.7,
      2.0,
      4.1,
      1.2,
      1.8,
      0.0,
      1.7,
      0.9,
      3.3,
      0.9,
      9.9,
      5.2,
      0.95,
      1.1,
      0.095,
      1.3,
      1.9,
      1.2,
      1.2,
      5.3,
      2.5,
      2.3,
      16.7,
      1.4,
      7.2,
      25.5,
      3.1,
      1.6,
      1.1,
      5.9,
      0.6,
      0.65,
      81.4,
      1.2,
      7.7,
      1.7,
      2.4,
      89.9
    ],
    [
      1.5,
      1.2,
      2.4,
      2.0,
      16.2,
      1.0,
      1.8,
      0.65,
      1.1,
      16.8,
      0.85,
      1.7,
      0.7,
      1.5,
      3.0,
      10.7,
      0.7,
      1.9,
      3.3,
      3.6,
      5.5,
      1.9,
      1.2,
      1.7,
      0.0,
      0.65,
      3.3,
      0.75,
      9.1,
      3.4,
      0.8,
      0.6,
      2.5,
      1.9,
      1.6,
      1.3,
      1.0,
      5.8,
      3.1,
      0.3,
      15.7,
      0.9,
      7.6,
      30.0,
      3.3,
      2.1,
      0.6,
      6.4,
      2.5,
      2.1,
      81.8,
      1.4,
      8.2,
      1.4,
      2.2,
      88.2
    ],
    [
      0.85,
      1.6,
      2.8,
      2.4,
      16.6,
      1.5,
      2.1,
      0.17,
      1.4,
      18.8,
      0.55,
      2.0,
      0.3,
      0.8,
      3.3,
      12.2,
      0.3,
      2.2,
      3.7,
      4.0,
      5.8,
      2.3,
      0.6,
      0.9,
      0.65,
      0.0,
      2.9,
      0.7,
      9.9,
      4.3,
      0.13,
      0.12,
      0.95,
      0.7,
      1.9,
      1.0,
      0.4,
      4.9,
      2.2,
      0.9,
      16.7,
      1.4,
      6.8,
      25.8,
      2.7,
      0.95,
      0.13,
      5.6,
      1.5,
      0.95,
      81.0,
      1.3,
      7.3,
      1.7,
      2.5,
      89.0
    ],
    [
      2.0,
      2.0,
      4.0,
      3.1,
      13.8,
      3.7,
      2.8,
      3.5,
      3.9,
      15.0,
      3.7,
      2.7,
      3.2,
      3.1,
      5.1,
      8.3,
      3.2,
      4.8,
      5.9,
      5.2,
      6.6,
      3.6,
      2.3,
      3.3,
      3.3,
      2.9,
      0.0,
      3.5,
      7.4,
      3.0,
      3.6,
      2.9,
      4.0,
      2.2,
      4.1,
      3.8,
      2.7,
      3.2,
      4.0,
      3.0,
      17.6,
      3.6,
      5.1,
      28.9,
      0.4,
      2.0,
      3.6,
      3.9,
      3.9,
      3.6,
      79.3,
      3.9,
      5.6,
      3.9,
      4.7,
      86.5
    ],
    [
      1.6,
      1.6,
      2.3,
      2.2,
      16.2,
      0.35,
      1.8,
      0.75,
      0.6,
      18.9,
      0.22,
      1.9,
      1.0,
      0.75,
      2.7,
      12.2,
      0.55,
      1.5,
      2.9,
      2.9,
      4.8,
      1.6,
      1.3,
      0.9,
      0.75,
      0.7,
      3.5,
      0.0,
      9.9,
      4.2,
      0.55,
      0.7,
      0.9,
      1.8,
      0.9,
      0.35,
      1.7,
      5.8,
      3.0,
      1.0,
      15.7,
      0.45,
      7.7,
      25.7,
      3.6,
      2.1,
      0.6,
      6.4,
      1.5,
      1.2,
      81.9,
      0.45,
      8.2,
      1.0,
      1.6,
      89.0
    ],
    [
      8.6,
      9.0,
      11.5,
      9.6,
      10.1,
      10.3,
      9.3,
      9.7,
      10.2,
      12.0,
      10.0,
      9.3,
      10.2,
      9.7,
      11.7,
      2.2,
      10.2,
      10.3,
      12.9,
      11.0,
      12.0,
      9.8,
      8.9,
      9.9,
      9.1,
      9.9,
      7.4,
      9.9,
      0.0,
      7.2,
      12.2,
      9.4,
      9.5,
      8.7,
      11.5,
      11.9,
      9.2,
      8.7,
      9.4,
      9.4,
      22.2,
      11.5,
      4.5,
      32.4,
      8.0,
      8.5,
      12.2,
      4.7,
      9.4,
      9.4,
      75.2,
      12.0,
      2.4,
      12.0,
      12.8,
      82.6
    ],
    [
      4.8,
      3.3,
      5.8,
      5.5,
      15.7,
      4.7,
      5.2,
      4.1,
      4.5,
      14.4,
      4.3,
      5.1,
      4.5,
      5.0,
      7.0,
      7.8,
      4.5,
      4.6,
      7.2,
      7.1,
      9.0,
      5.4,
      4.7,
      5.2,
      3.4,
      4.3,
      3.0,
      4.2,
      7.2,
      0.0,
      5.2,
      4.8,
      6.1,
      4.2,
      4.5,
      4.9,
      4.7,
      6.0,
      6.8,
      4.4,
      15.2,
      4.5,
      7.9,
      32.9,
      3.2,
      4.0,
      5.2,
      6.6,
      6.1,
      5.8,
      87.5,
      5.0,
      7.3,
      5.0,
      5.8,
      84.9
    ],
    [
      1.0,
      2.2,
      2.4,
      2.3,
      16.3,
      0.45,
      1.9,
      0.3,
      1.3,
      19.4,
      0.5,
      1.9,
      0.45,
      0.8,
      2.8,
      12.8,
      0.091,
      2.2,
      3.5,
      2.9,
      4.8,
      1.7,
      0.75,
      0.95,
      0.8,
      0.13,
      3.6,
      0.55,
      12.2,
      5.2,
      0.0,
      0.24,
      0.95,
      0.85,
      2.0,
      0.85,
      0.55,
      5.1,
      2.4,
      1.0,
      16.7,
      1.0,
      7.0,
      25.8,
      2.9,
      1.4,
      0.25,
      5.8,
      1.6,
      1.1,
      81.2,
      0.95,
      7.5,
      1.7,
      2.5,
      89.2
    ],
    [
      0.85,
      1.8,
      1.8,
      1.4,
      15.6,
      0.7,
      1.1,
      0.072,
      1.7,
      17.7,
      0.5,
      1.1,
      0.3,
      0.9,
      2.9,
      10.1,
      0.3,
      2.4,
      3.6,
      3.0,
      4.9,
      1.3,
      0.65,
      1.1,
      0.6,
      0.12,
      2.9,
      0.7,
      9.4,
      4.8,
      0.24,
      0.0,
      2.6,
      0.7,
      1.7,
      1.4,
      0.5,
      5.9,
      3.1,
      0.85,
      16.3,
      1.2,
      7.7,
      26.2,
      3.4,
      0.8,
      0.1,
      6.5,
      2.5,
      1.0,
      81.9,
      1.5,
      8.3,
      1.5,
      2.3,
      88.8
    ],
    [
      2.0,
      3.2,
      0.65,
      1.7,
      15.7,
      0.8,
      1.7,
      1.0,
      2.2,
      20.4,
      2.0,
      1.3,
      1.1,
      0.35,
      1.2,
      10.2,
      1.1,
      1.9,
      2.6,
      1.9,
      4.2,
      1.3,
      1.7,
      0.095,
      2.5,
      0.95,
      4.0,
      0.9,
      9.5,
      6.1,
      0.95,
      2.6,
      0.0,
      1.3,
      2.0,
      1.2,
      1.2,
      5.3,
      2.5,
      2.3,
      16.7,
      1.4,
      7.2,
      25.1,
      3.1,
      1.6,
      1.1,
      6.0,
      0.5,
      0.7,
      81.4,
      1.1,
      7.7,
      1.7,
      1.9,
      89.9
    ],
    [
      0.13,
      2.3,
      2.0,
      1.1,
      14.8,
      1.7,
      0.75,
      0.65,
      2.4,
      17.0,
      2.1,
      0.8,
      1.0,
      1.1,
      3.1,
      9.4,
      1.0,
      3.2,
      3.9,
      3.3,
      5.1,
      1.6,
      0.35,
      1.3,
      1.9,
      0.7,
      2.2,
      1.8,
      8.7,
      4.2,
      0.85,
      0.7,
      1.3,
      0.0,
      2.4,
      1.7,
      0.3,
      4.2,
      2.5,
      1.5,
      17.0,
      1.9,
      6.1,
      26.3,
      2.0,
      0.28,
      0.8,
      4.9,
      2.1,
      1.7,
      80.3,
      1.8,
      6.6,
      2.2,
      3.0,
      89.5
    ],
    [
      2.6,
      2.3,
      3.3,
      3.2,
      17.2,
      1.2,
      2.8,
      1.8,
      0.6,
      18.8,
      1.1,
      2.9,
      2.0,
      1.8,
      2.5,
      12.2,
      2.1,
      0.5,
      2.9,
      3.4,
      5.8,
      2.6,
      2.3,
      1.9,
      1.6,
      1.9,
      4.1,
      0.9,
      11.5,
      4.5,
      2.0,
      1.7,
      2.0,
      2.4,
      0.0,
      0.6,
      2.6,
      6.7,
      4.0,
      2.1,
      15.3,
      0.9,
      8.5,
      25.4,
      4.2,
      3.0,
      1.6,
      7.3,
      2.5,
      2.2,
      82.8,
      0.6,
      9.1,
      0.16,
      1.5,
      89.0
    ],
    [
      1.9,
      2.0,
      2.6,
      2.5,
      16.5,
      0.6,
      2.1,
      1.4,
      0.28,
      19.2,
      0.5,
      2.1,
      1.3,
      1.0,
      2.3,
      12.6,
      0.85,
      1.0,
      2.6,
      3.2,
      5.0,
      1.9,
      1.6,
      1.2,
      1.3,
      1.0,
      3.8,
      0.35,
      11.9,
      4.9,
      0.85,
      1.4,
      1.2,
      1.7,
      0.6,
      0.0,
      2.0,
      6.1,
      3.2,
      1.9,
      16.2,
      0.8,
      7.9,
      26.0,
      3.9,
      2.3,
      0.9,
      6.7,
      1.8,
      1.4,
      82.1,
      0.094,
      8.5,
      0.75,
      1.3,
      89.4
    ],
    [
      0.45,
      2.8,
      1.9,
      1.0,
      15.4,
      1.6,
      0.7,
      0.35,
      2.2,
      17.5,
      0.95,
      0.9,
      0.7,
      1.0,
      3.0,
      9.9,
      0.7,
      3.1,
      3.8,
      3.1,
      5.0,
      1.5,
      0.27,
      1.2,
      1.0,
      0.4,
      2.7,
      1.7,
      9.2,
      4.7,
      0.55,
      0.5,
      1.2,
      0.3,
      2.6,
      2.0,
      0.0,
      4.5,
      2.4,
      1.3,
      16.9,
      1.8,
      6.4,
      26.2,
      2.3,
      0.55,
      1.4,
      5.2,
      1.9,
      1.1,
      80.6,
      1.7,
      6.9,
      2.1,
      2.9,
      89.4
    ],
    [
      4.0,
      4.5,
      4.9,
      4.3,
      14.2,
      5.7,
      4.3,
      6.0,
      6.4,
      17.8,
      6.1,
      3.9,
      5.2,
      5.1,
      7.1,
      8.7,
      5.2,
      7.3,
      7.9,
      6.2,
      5.2,
      4.5,
      4.3,
      5.3,
      5.8,
      4.9,
      3.2,
      5.8,
      8.7,
      6.0,
      5.1,
      5.9,
      5.3,
      4.2,
      6.7,
      6.1,
      4.5,
      0.0,
      3.9,
      5.6,
      20.2,
      6.1,
      4.2,
      29.2,
      3.1,
      4.1,
      5.7,
      3.0,
      4.8,
      5.8,
      78.4,
      6.0,
      4.7,
      6.4,
      7.1,
      87.4
    ],
    [
      2.4,
      5.2,
      2.2,
      2.2,
      15.6,
      2.8,
      2.2,
      3.2,
      3.6,
      18.8,
      3.3,
      1.7,
      2.4,
      2.6,
      4.2,
      10.1,
      2.4,
      4.3,
      5.0,
      2.7,
      2.9,
      1.1,
      2.1,
      2.5,
      3.1,
      2.2,
      4.0,
      3.0,
      9.4,
      6.8,
      2.4,
      3.1,
      2.5,
      2.5,
      4.0,
      3.2,
      2.4,
      3.9,
      0.0,
      3.7,
      18.0,
      2.8,
      7.0,
      25.5,
      4.0,
      2.9,
      2.4,
      5.7,
      1.3,
      1.7,
      81.2,
      2.7,
      7.5,
      3.1,
      3.8,
      90.1
    ],
    [
      2.2,
      1.0,
      3.1,
      2.7,
      16.2,
      1.8,
      2.4,
      1.3,
      1.8,
      18.6,
      1.5,
      2.3,
      0.9,
      2.1,
      3.6,
      10.7,
      0.9,
      2.1,
      4.0,
      4.3,
      6.1,
      2.6,
      1.9,
      2.3,
      0.3,
      0.9,
      3.0,
      1.0,
      9.4,
      4.4,
      1.0,
      0.85,
      2.3,
      1.5,
      2.1,
      1.9,
      1.3,
      5.6,
      3.7,
      0.0,
      16.1,
      1.6,
      7.7,
      27.1,
      3.3,
      2.5,
      2.0,
      6.5,
      2.9,
      2.6,
      81.9,
      1.8,
      8.2,
      1.9,
      2.7,
      88.6
    ],
    [
      17.3,
      16.2,
      17.2,
      18.0,
      34.8,
      16.2,
      17.6,
      16.3,
      16.1,
      29.4,
      15.8,
      17.6,
      16.8,
      16.5,
      17.1,
      22.8,
      16.8,
      15.0,
      16.9,
      17.7,
      20.5,
      17.4,
      17.0,
      16.7,
      15.7,
      16.7,
      17.6,
      15.7,
      22.2,
      15.2,
      16.7,
      16.3,
      16.7,
      17.0,
      15.3,
      16.2,
      16.9,
      20.2,
      18.0,
      16.1,
      0.0,
      20.8,
      31.3,
      44.4,
      23.5,
      22.9,
      21.4,
      26.0,
      22.3,
      22.0,
      94.4,
      20.3,
      29.6,
      20.3,
      20.5,
      92.3
    ],
    [
      2.1,
      1.8,
      2.8,
      2.7,
      16.7,
      0.8,
      2.3,
      1.2,
      0.8,
      18.8,
      0.7,
      2.3,
      1.0,
      1.2,
      3.2,
      12.2,
      1.0,
      1.4,
      3.1,
      3.4,
      5.2,
      2.1,
      1.8,
      1.4,
      0.9,
      1.4,
      3.6,
      0.45,
      11.5,
      4.5,
      1.0,
      1.2,
      1.4,
      1.9,
      0.9,
      0.8,
      1.8,
      6.1,
      2.8,
      1.6,
      20.8,
      0.0,
      8.1,
      25.6,
      4.1,
      2.5,
      1.1,
      6.9,
      1.9,
      1.6,
      82.3,
      0.8,
      8.6,
      1.0,
      1.6,
      89.2
    ],
    [
      5.9,
      6.4,
      7.5,
      7.0,
      10.1,
      7.6,
      6.6,
      7.8,
      8.2,
      15.2,
      8.0,
      6.6,
      7.0,
      7.0,
      9.0,
      5.2,
      7.1,
      9.1,
      9.7,
      8.3,
      7.4,
      7.1,
      6.2,
      7.2,
      7.6,
      6.8,
      5.1,
      7.7,
      4.5,
      7.9,
      7.0,
      7.7,
      7.2,
      6.1,
      8.5,
      7.9,
      6.4,
      4.2,
      7.0,
      7.7,
      31.3,
      8.1,
      0.0,
      27.9,
      4.9,
      5.9,
      7.6,
      2.0,
      6.8,
      6.8,
      75.6,
      7.8,
      2.4,
      8.3,
      9.0,
      85.1
    ],
    [
      26.2,
      26.8,
      25.7,
      27.2,
      36.9,
      25.6,
      26.4,
      26.3,
      26.4,
      47.2,
      25.6,
      26.7,
      25.9,
      25.4,
      24.3,
      33.1,
      25.9,
      25.0,
      23.0,
      24.9,
      21.9,
      26.5,
      25.9,
      25.5,
      30.0,
      25.8,
      28.9,
      25.7,
      32.4,
      32.9,
      25.8,
      26.2,
      25.1,
      26.3,
      25.4,
      26.0,
      26.2,
      29.2,
      25.5,
      27.1,
      44.4,
      25.6,
      27.9,
      0.0,
      27.3,
      25.8,
      25.2,
      30.1,
      24.6,
      24.9,
      104.0,
      25.5,
      31.9,
      25.9,
      24.0,
      112.0
    ],
    [
      1.8,
      2.0,
      3.9,
      2.9,
      13.7,
      3.5,
      2.6,
      3.4,
      3.9,
      15.2,
      3.6,
      2.5,
      3.0,
      2.9,
      4.9,
      8.2,
      3.0,
      4.8,
      5.7,
      5.1,
      6.4,
      3.4,
      2.1,
      3.1,
      3.3,
      2.7,
      0.4,
      3.6,
      8.0,
      3.2,
      2.9,
      3.4,
      3.1,
      2.0,
      4.2,
      3.9,
      2.3,
      3.1,
      4.0,
      3.3,
      23.5,
      4.1,
      4.9,
      27.3,
      0.0,
      2.2,
      3.9,
      4.1,
      4.2,
      3.8,
      79.5,
      4.2,
      5.8,
      4.4,
      5.2,
      86.7
    ],
    [
      0.35,
      2.1,
      2.3,
      1.0,
      14.7,
      2.0,
      0.75,
      2.2,
      2.6,
      16.8,
      2.4,
      1.1,
      1.4,
      1.4,
      3.4,
      9.2,
      1.5,
      3.5,
      4.2,
      3.5,
      5.4,
      1.8,
      0.6,
      1.6,
      2.1,
      0.95,
      2.0,
      2.1,
      8.5,
      4.0,
      1.4,
      0.8,
      1.6,
      0.28,
      3.0,
      2.3,
      0.55,
      4.1,
      2.9,
      2.5,
      22.9,
      2.5,
      5.9,
      25.8,
      2.2,
      0.0,
      1.8,
      4.7,
      2.3,
      2.0,
      80.1,
      2.1,
      6.4,
      2.5,
      3.3,
      89.1
    ],
    [
      1.7,
      2.2,
      2.4,
      2.3,
      16.3,
      0.65,
      1.9,
      0.16,
      1.3,
      19.5,
      0.4,
      1.9,
      0.18,
      0.9,
      2.8,
      10.8,
      0.19,
      2.3,
      3.6,
      3.0,
      4.8,
      1.7,
      0.75,
      1.1,
      0.6,
      0.13,
      3.6,
      0.6,
      12.2,
      5.2,
      0.25,
      0.1,
      1.1,
      0.8,
      1.6,
      0.9,
      1.4,
      5.7,
      2.4,
      2.0,
      21.4,
      1.1,
      7.6,
      25.2,
      3.9,
      1.8,
      0.0,
      5.7,
      1.6,
      1.1,
      81.1,
      1.0,
      7.5,
      1.7,
      2.5,
      89.2
    ],
    [
      4.7,
      5.1,
      6.3,
      5.7,
      10.9,
      6.3,
      5.4,
      6.6,
      7.0,
      15.4,
      6.7,
      5.4,
      5.8,
      5.8,
      7.7,
      5.4,
      5.8,
      7.9,
      8.5,
      7.1,
      8.7,
      5.9,
      5.0,
      5.9,
      6.4,
      5.6,
      3.9,
      6.4,
      4.7,
      6.6,
      5.8,
      6.5,
      6.0,
      4.9,
      7.3,
      6.7,
      5.2,
      3.0,
      5.7,
      6.5,
      26.0,
      6.9,
      2.0,
      30.1,
      4.1,
      4.7,
      5.7,
      0.0,
      7.2,
      7.2,
      75.7,
      8.2,
      2.0,
      8.7,
      9.4,
      84.7
    ],
    [
      2.0,
      3.1,
      0.13,
      1.6,
      15.6,
      1.4,
      1.6,
      2.6,
      2.2,
      20.4,
      1.9,
      1.2,
      1.7,
      0.9,
      2.2,
      10.1,
      1.7,
      2.3,
      3.0,
      1.4,
      3.8,
      0.85,
      1.7,
      0.6,
      2.5,
      1.5,
      3.9,
      1.5,
      9.4,
      6.1,
      1.6,
      2.5,
      0.5,
      2.1,
      2.5,
      1.8,
      1.9,
      4.8,
      1.3,
      2.9,
      22.3,
      1.9,
      6.8,
      24.6,
      4.2,
      2.3,
      1.6,
      7.2,
      0.0,
      0.9,
      81.6,
      1.9,
      7.9,
      2.3,
      2.4,
      90.4
    ],
    [
      1.6,
      2.8,
      1.0,
      1.6,
      15.6,
      1.0,
      1.7,
      0.9,
      1.8,
      20.0,
      1.1,
      1.3,
      1.2,
      0.55,
      2.5,
      10.1,
      1.2,
      2.6,
      3.2,
      2.3,
      4.2,
      1.2,
      0.95,
      0.65,
      2.1,
      0.95,
      3.6,
      1.2,
      9.4,
      5.8,
      1.1,
      1.0,
      0.7,
      1.7,
      2.2,
      1.4,
      1.1,
      5.8,
      1.7,
      2.6,
      22.0,
      1.6,
      6.8,
      24.9,
      3.8,
      2.0,
      1.1,
      7.2,
      0.9,
      0.0,
      81.3,
      2.0,
      7.7,
      2.4,
      3.1,
      89.8
    ],
    [
      80.1,
      80.6,
      81.7,
      81.2,
      66.5,
      81.8,
      80.9,
      82.0,
      82.4,
      85.0,
      82.2,
      80.8,
      81.2,
      81.2,
      83.2,
      75.9,
      81.3,
      83.3,
      84.0,
      82.5,
      81.8,
      81.3,
      80.4,
      81.4,
      81.8,
      81.0,
      79.3,
      81.9,
      75.2,
      87.5,
      81.2,
      81.9,
      81.4,
      80.3,
      82.8,
      82.1,
      80.6,
      78.4,
      81.2,
      81.9,
      94.4,
      82.3,
      75.6,
      104.0,
      79.5,
      80.1,
      81.1,
      75.7,
      81.6,
      81.3,
      0.0,
      82.1,
      75.9,
      82.5,
      83.2,
      20.4
    ],
    [
      2.0,
      2.1,
      2.7,
      2.6,
      16.6,
      0.8,
      2.2,
      1.5,
      0.25,
      19.3,
      0.6,
      2.2,
      0.95,
      1.1,
      1.3,
      12.7,
      1.0,
      1.0,
      2.6,
      3.3,
      5.1,
      2.0,
      1.7,
      1.2,
      1.4,
      1.3,
      3.9,
      0.45,
      12.0,
      5.0,
      0.95,
      1.5,
      1.1,
      1.8,
      0.6,
      0.094,
      1.7,
      6.0,
      2.7,
      1.8,
      20.3,
      0.8,
      7.8,
      25.5,
      4.2,
      2.1,
      1.0,
      8.2,
      1.9,
      2.0,
      82.1,
      0.0,
      8.5,
      0.75,
      1.3,
      89.4
    ],
    [
      6.4,
      6.9,
      8.1,
      7.5,
      10.4,
      8.1,
      7.2,
      8.3,
      8.7,
      13.5,
      8.5,
      7.1,
      7.6,
      7.5,
      9.5,
      3.1,
      7.6,
      9.7,
      10.3,
      8.8,
      9.8,
      7.6,
      6.7,
      7.7,
      8.2,
      7.3,
      5.6,
      8.2,
      2.4,
      7.3,
      7.5,
      8.3,
      7.7,
      6.6,
      9.1,
      8.5,
      6.9,
      4.7,
      7.5,
      8.2,
      29.6,
      8.6,
      2.4,
      31.9,
      5.8,
      6.4,
      7.5,
      2.0,
      7.9,
      7.7,
      75.9,
      8.5,
      0.0,
      8.4,
      9.1,
      83.5
    ],
    [
      2.4,
      2.1,
      3.1,
      3.0,
      17.0,
      1.4,
      2.6,
      1.5,
      0.75,
      19.3,
      1.3,
      2.6,
      1.8,
      1.5,
      3.5,
      12.7,
      1.8,
      0.5,
      4.3,
      3.7,
      5.5,
      2.4,
      2.1,
      1.7,
      1.4,
      1.7,
      3.9,
      1.0,
      12.0,
      5.0,
      1.7,
      1.5,
      1.7,
      2.2,
      0.16,
      0.75,
      2.1,
      6.4,
      3.1,
      1.9,
      20.3,
      1.0,
      8.3,
      25.9,
      4.4,
      2.5,
      1.7,
      8.7,
      2.3,
      2.4,
      82.5,
      0.75,
      8.4,
      0.0,
      1.4,
      90.1
    ],
    [
      3.1,
      2.9,
      2.3,
      3.7,
      17.7,
      2.0,
      3.3,
      2.4,
      0.9,
      20.1,
      1.7,
      3.3,
      2.6,
      2.2,
      1.2,
      13.5,
      2.6,
      0.9,
      1.5,
      2.3,
      6.2,
      3.1,
      2.8,
      2.4,
      2.2,
      2.5,
      4.7,
      1.6,
      12.8,
      5.8,
      2.5,
      2.3,
      1.9,
      3.0,
      1.5,
      1.3,
      2.9,
      7.1,
      3.8,
      2.7,
      20.5,
      1.6,
      9.0,
      24.0,
      5.2,
      3.3,
      2.5,
      9.4,
      2.4,
      3.1,
      83.2,
      1.3,
      9.1,
      1.4,
      0.0,
      90.3
    ],
    [
      89.1,
      88.0,
      90.6,
      90.1,
      74.5,
      89.4,
      89.8,
      88.8,
      89.3,
      78.1,
      89.1,
      89.8,
      89.3,
      89.8,
      91.2,
      83.2,
      89.3,
      89.4,
      92.0,
      91.5,
      89.5,
      90.1,
      89.4,
      89.9,
      88.2,
      89.0,
      86.5,
      89.0,
      82.6,
      84.9,
      89.2,
      88.8,
      89.9,
      89.5,
      89.0,
      89.4,
      89.4,
      87.4,
      90.1,
      88.6,
      92.3,
      89.2,
      85.1,
      112.0,
      86.7,
      89.1,
      89.2,
      84.7,
      90.4,
      89.8,
      20.4,
      89.4,
      83.5,
      90.1,
      90.3,
      0.0
    ]
  ],
  "drive_time_matrix": [
    [
      0.0,
      5.0,
      5.0,
      13.0,
      26.0,
      4.0,
      9.0,
      9.0,
      8.0,
      29.0,
      4.0,
      10.0,
      4.0,
      4.0,
      6.0,
      19.0,
      4.0,
      7.0,
      6.0,
      9.0,
      11.0,
      5.0,
      4.0,
      5.0,
      3.0,
      10.0,
      4.0,
      4.0,
      14.0,
      10.0,
      12.0,
      10.0,
      5.0,
      2.0,
      7.0,
      4.0,
      5.0,
      8.0,
      8.0,
      6.0,
      18.0,
      6.0,
      9.0,
      31.0,
      4.0,
      4.0,
      4.0,
      7.0,
      5.0,
      5.0,
      75.0,
      5.0,
      10.0,
      6.0,
      7.0,
      74.0
    ],
    [
      5.0,
      0.0,
      7.0,
      6.0,
      27.0,
      5.0,
      7.0,
      5.0,
      10.0,
      29.0,
      5.0,
      6.0,
      5.0,
      6.0,
      8.0,
      20.0,
      5.0,
      7.0,
      8.0,
      11.0,
      13.0,
      7.0,
      5.0,
      7.0,
      3.0,
      4.0,
      4.0,
      4.0,
      15.0,
      8.0,
      5.0,
      5.0,
      7.0,
      4.0,
      6.0,
      5.0,
      6.0,
      9.0,
      12.0,
      12.0,
      17.0,
      5.0,
      10.0,
      34.0,
      4.0,
      4.0,
      5.0,
      8.0,
      7.0,
      7.0,
      76.0,
      5.0,
      11.0,
      5.0,
      7.0,
      74.0
    ],
    [
      5.0,
      7.0,
      0.0,
      5.0,
      30.0,
      5.0,
      5.0,
      4.0,
      7.0,
      33.0,
      5.0,
      3.0,
      5.0,
      13.0,
      19.0,
      24.0,
      5.0,
      5.0,
      5.0,
      4.0,
      8.0,
      13.0,
      4.0,
      9.0,
      5.0,
      6.0,
      9.0,
      5.0,
      19.0,
      12.0,
      5.0,
      4.0,
      8.0,
      5.0,
      8.0,
      5.0,
      5.0,
      12.0,
      6.0,
      8.0,
      19.0,
      7.0,
      14.0,
      29.0,
      9.0,
      5.0,
      5.0,
      12.0,
      2.0,
      14.0,
      79.0,
      6.0,
      14.0,
      7.0,
      5.0,
      78.0
    ],
    [
      13.0,
      6.0,
      5.0,
      0.0,
      29.0,
      6.0,
      7.0,
      3.0,
      9.0,
      32.0,
      5.0,
      6.0,
      5.0,
      4.0,
      7.0,
      22.0,
      5.0,
      8.0,
      8.0,
      8.0,
      9.0,
      4.0,
      9.0,
      5.0,
      5.0,
      6.0,
      6.0,
      5.0,
      18.0,
      11.0,
      5.0,
      3.0,
      5.0,
      13.0,
      8.0,
      6.0,
      13.0,
      10.0,
      7.0,
      7.0,
      20.0,
      7.0,
      12.0,
      32.0,
      7.0,
      11.0,
      6.0,
      10.0,
      4.0,
      5.0,
      78.0,
      6.0,
      13.0,
      7.0,
      8.0,
      78.0
    ],
    [
      26.0,
      27.0,
      30.0,
      29.0,
      0.0,
      28.0,
      26.0,
      26.0,
      32.0,
      22.0,
      28.0,
      24.0,
      28.0,
      28.0,
      30.0,
      21.0,
      28.0,
      30.0,
      30.0,
      30.0,
      26.0,
      28.0,
      25.0,
      29.0,
      27.0,
      28.0,
      23.0,
      28.0,
      18.0,
      25.0,
      28.0,
      27.0,
      28.0,
      25.0,
      30.0,
      29.0,
      27.0,
      25.0,
      28.0,
      28.0,
      32.0,
      30.0,
      19.0,
      47.0,
      23.0,
      24.0,
      28.0,
      19.0,
      28.0,
      29.0,
      63.0,
      29.0,
      18.0,
      29.0,
      30.0,
      64.0
    ],
    [
      4.0,
      5.0,
      5.0,
      6.0,
      28.0,
      0.0,
      5.0,
      2.0,
      9.0,
      30.0,
      5.0,
      5.0,
      7.0,
      9.0,
      4.0,
      23.0,
      7.0,
      5.0,
      5.0,
      7.0,
      9.0,
      5.0,
      4.0,
      11.0,
      13.0,
      3.0,
      8.0,
      5.0,
      16.0,
      9.0,
      6.0,
      9.0,
      11.0,
      4.0,
      16.0,
      8.0,
      5.0,
      12.0,
      8.0,
      5.0,
      16.0,
      11.0,
      13.0,
      30.0,
      8.0,
      5.0,
      8.0,
      11.0,
      3.0,
      16.0,
