{
  "drive_dist_matrix": [
    [
      0.0,
      2.6,
      16.8,
      3.5,
      2.9,
      16.8,
      4.5,
      11.4,
      12.0,
      4.4,
      4.6,
      0.7,
      3.0,
      10.0,
      4.5,
      8.6,
      2.8,
      6.0,
      2.4,
      1.2
    ],
    [
      2.6,
      0.0,
      12.6,
      2.0,
      0.7,
      12.6,
      2.9,
      10.9,
      11.5,
      3.3,
      2.4,
      2.0,
      0.55,
      9.5,
      4.9,
      5.6,
      5.6,
      4.4,
      0.077,
      1.6
    ],
    [
      16.8,
      12.6,
      0.0,
      14.6,
      12.3,
      0.16,
      12.9,
      8.1,
      9.3,
      12.0,
      11.1,
      16.2,
      12.3,
      7.6,
      14.8,
      9.4,
      16.7,
      11.0,
      13.0,
      14.6
    ],
    [
      3.5,
      2.0,
      14.6,
      0.0,
      1.7,
      14.8,
      1.4,
      9.4,
      10.0,
      1.8,
      2.1,
      2.3,
      2.4,
      8.0,
      2.5,
      4.6,
      3.7,
      2.9,
      2.4,
      1.8
    ],
    [
      2.9,
      0.7,
      12.3,
      1.7,
      0.0,
      12.4,
      2.6,
      10.6,
      11.2,
      3.1,
      2.1,
      2.5,
      1.0,
      9.2,
      4.0,
      5.3,
      5.3,
      4.1,
      0.8,
      2.2
    ],
    [
      16.8,
      12.6,
      0.16,
      14.8,
      12.4,
      0.0,
      12.8,
      8.0,
      9.3,
      12.0,
      11.1,
      16.1,
      12.3,
      7.6,
      14.7,
      9.3,
      16.7,
      11.0,
      13.0,
      14.5
    ],
    [
      4.5,
      2.9,
      12.9,
      1.4,
      2.6,
      12.8,
      0.0,
      8.3,
      8.9,
      0.7,
      2.1,
      4.3,
      3.6,
      6.9,
      3.9,
      3.5,
      5.2,
      1.7,
      3.6,
      3.3
    ],
    [
      11.4,
      10.9,
      8.1,
      9.4,
      10.6,
      8.0,
      8.3,
      0.0,
      7.6,
      8.6,
      8.9,
      11.2,
      9.6,
      4.2,
      9.7,
      3.9,
      11.7,
      5.9,
      10.2,
      10.9
    ],
    [
      12.0,
      11.5,
      9.3,
      10.0,
      11.2,
      9.3,
      8.9,
      7.6,
      0.0,
      9.4,
      10.9,
      12.0,
      12.7,
      7.5,
      10.5,
      6.1,
      12.2,
      7.7,
      12.7,
      11.6
    ],
    [
      4.4,
      3.3,
      12.0,
      1.8,
      3.1,
      12.0,
      0.7,
      8.6,
      9.4,
      0.0,
      2.9,
      3.6,
      4.4,
      7.1,
      3.2,
      4.9,
      4.5,
      3.2,
      4.4,
      3.3
    ],
    [
      4.6,
      2.4,
      11.1,
      2.1,
      2.1,
      11.1,
      2.1,
      8.9,
      10.9,
      2.9,
      0.0,
      3.8,
      1.9,
      4.7,
      5.5,
      5.6,
      5.7,
      3.2,
      2.4,
      3.3
    ],
    [
      0.7,
      2.0,
      16.2,
      2.3,
      2.5,
      16.1,
      4.3,
      11.2,
      12.0,
      3.6,
      3.8,
      0.0,
      2.5,
      9.4,
      4.0,
      8.0,
      2.6,
      5.5,
      1.8,
      0.5
    ],
    [
      3.0,
      0.55,
      12.3,
      2.4,
      1.0,
      12.3,
      3.6,
      9.6,
      12.7,
      4.4,
      1.9,
      2.5,
      0.0,
      9.9,
      4.9,
      6.0,
      6.1,
      4.8,
      0.5,
      2.1
    ],
    [
      10.0,
      9.5,
      7.6,
      8.0,
      9.2,
      7.6,
      6.9,
      4.2,
      7.5,
      7.1,
      4.7,
      9.4,
      9.9,
      0.0,
      8.7,
      2.6,
      10.7,
      4.3,
      7.0,
      10.1
    ],
    [
      4.5,
      4.9,
      14.8,
      2.5,
      4.0,
      14.7,
      3.9,
      9.7,
      10.5,
      3.2,
      5.5,
      4.0,
      4.9,
      8.7,
      0.0,
      5.6,
      3.3,
      5.1,
      4.1,
      3.3
    ],
    [
      8.6,
      5.6,
      9.4,
      4.6,
      5.3,
      9.3,
      3.5,
      3.9,
      6.1,
      4.9,
      5.6,
      8.0,
      6.0,
      2.6,
      5.6,
      0.0,
      8.8,
      2.9,
      8.5,
      7.9
    ],
    [
      2.8,
      5.6,
      16.7,
      3.7,
      5.3,
      16.7,
      5.2,
      11.7,
      12.2,
      4.5,
      5.7,
      2.6,
      6.1,
      10.7,
      3.3,
      8.8,
      0.0,
      6.3,
      5.0,
      2.8
    ],
    [
      6.0,
      4.4,
      11.0,
      2.9,
      4.1,
      11.0,
      1.7,
      5.9,
      7.7,
      3.2,
      3.2,
      5.5,
      4.8,
      4.3,
      5.1,
      2.9,
      6.3,
      0.0,
      4.9,
      4.6
    ],
    [
      2.4,
      0.077,
      13.0,
      2.4,
      0.8,
      13.0,
      3.6,
      10.2,
      12.7,
      4.4,
      2.4,
      1.8,
      0.5,
      7.0,
      4.1,
      8.5,
      5.0,
      4.9,
      0.0,
      1.7
    ],
    [
      1.2,
      1.6,
      14.6,
      1.8,
      2.2,
      14.5,
      3.3,
      10.9,
      11.6,
      3.3,
      3.3,
      0.5,
      2.1,
      10.1,
      3.3,
      7.9,
      2.8,
      4.6,
      1.7,
      0.0
    ]
  ],
  "drive_time_matrix": [
    [
      0.0,
      22.0,
      74.0,
      25.0,
      24.0,
      74.0,
      30.0,
      48.0,
      58.0,
      27.0,
      34.0,
      8.0,
      25.0,
      43.0,
      28.0,
      40.0,
      21.0,
      35.0,
      20.0,
      10.0
    ],
    [
      22.0,
      0.0,
      61.0,
      9.0,
      9.0,
      62.0,
      12.0,
      35.0,
      44.0,
      14.0,
      15.0,
      19.0,
      7.0,
      30.0,
      22.0,
      33.0,
      23.0,
      21.0,
      1.0,
      14.0
    ],
    [
      74.0,
      61.0,
      0.0,
      46.0,
      59.0,
      2.0,
      52.0,
      29.0,
      39.0,
      46.0,
      56.0,
      64.0,
      62.0,
      26.0,
      50.0,
      31.0,
      59.0,
      41.0,
      62.0,
      64.0
    ],
    [
      25.0,
      9.0,
      46.0,
      0.0,
      8.0,
      52.0,
      6.0,
      26.0,
      37.0,
      7.0,
      13.0,
      20.0,
      13.0,
      21.0,
      12.0,
      24.0,
      16.0,
      14.0,
      12.0,
      15.0
    ],
    [
      24.0,
      9.0,
      59.0,
      8.0,
      0.0,
      57.0,
      10.0,
      33.0,
      42.0,
      12.0,
      12.0,
      20.0,
      13.0,
      28.0,
      20.0,
      31.0,
      21.0,
      19.0,
      10.0,
      12.0
    ],
    [
      74.0,
      62.0,
      2.0,
      52.0,
      57.0,
      0.0,
      54.0,
      28.0,
      40.0,
      47.0,
      54.0,
      62.0,
      60.0,
      25.0,
      49.0,
      31.0,
      58.0,
      40.0,
      63.0,
      63.0
    ],
    [
      30.0,
      12.0,
      52.0,
      6.0,
      10.0,
      54.0,
      0.0,
      26.0,
      34.0,
      3.0,
      12.0,
      25.0,
      20.0,
      20.0,
      14.0,
      20.0,
      21.0,
      10.0,
      19.0,
      21.0
    ],
    [
      48.0,
      35.0,
      29.0,
      26.0,
      33.0,
      28.0,
      26.0,
      0.0,
      22.0,
      27.0,
      34.0,
      46.0,
      43.0,
      10.0,
      33.0,
      11.0,
      40.0,
      21.0,
      44.0,
      43.0
    ],
    [
      58.0,
      44.0,
      39.0,
      37.0,
      42.0,
      40.0,
      34.0,
      22.0,
      0.0,
      29.0,
      39.0,
      47.0,
      43.0,
      26.0,
      34.0,
      22.0,
      43.0,
      30.0,
      42.0,
      44.0
    ],
    [
      27.0,
      14.0,
      46.0,
      7.0,
      12.0,
      47.0,
      3.0,
      27.0,
      29.0,
      0.0,
      14.0,
      22.0,
      18.0,
      19.0,
      11.0,
      26.0,
      18.0,
      13.0,
      18.0,
      21.0
    ],
    [
      34.0,
      15.0,
      56.0,
      13.0,
      12.0,
      54.0,
      12.0,
      34.0,
      39.0,
      14.0,
      0.0,
      26.0,
      12.0,
      18.0,
      23.0,
      21.0,
      25.0,
      20.0,
      15.0,
      22.0
    ],
    [
      8.0,
      19.0,
      64.0,
      20.0,
      20.0,
      62.0,
      25.0,
      46.0,
      47.0,
      22.0,
      26.0,
      0.0,
      19.0,
      38.0,
      23.0,
      34.0,
      20.0,
      30.0,
      14.0,
      6.0
    ],
    [
      25.0,
      7.0,
      62.0,
      13.0,
      13.0,
      60.0,
      20.0,
      43.0,
      43.0,
      18.0,
      12.0,
      19.0,
      0.0,
      36.0,
      24.0,
      36.0,
      26.0,
      25.0,
      6.0,
      17.0
    ],
    [
      43.0,
      30.0,
      26.0,
      21.0,
      28.0,
      25.0,
      20.0,
      10.0,
      26.0,
      19.0,
      18.0,
      38.0,
      36.0,
      0.0,
      26.0,
      11.0,
      33.0,
      19.0,
      36.0,
      37.0
    ],
    [
      28.0,
      22.0,
      50.0,
      12.0,
      20.0,
      49.0,
      14.0,
      33.0,
      34.0,
      11.0,
      23.0,
      23.0,
      24.0,
      26.0,
      0.0,
      31.0,
      15.0,
      18.0,
      21.0,
      23.0
    ],
    [
      40.0,
      33.0,
      31.0,
      24.0,
      31.0,
      31.0,
      20.0,
      11.0,
      22.0,
      26.0,
      21.0,
      34.0,
      36.0,
      11.0,
      31.0,
      0.0,
      28.0,
      14.0,
      29.0,
      33.0
    ],
    [
      21.0,
      23.0,
      59.0,
      16.0,
      21.0,
      58.0,
      21.0,
      40.0,
      43.0,
      18.0,
      25.0,
      20.0,
      26.0,
      33.0,
      15.0,
      28.0,
      0.0,
      24.0,
      26.0,
      21.0
    ],
    [
      35.0,
      21.0,
      41.0,
      14.0,
      19.0,
      40.0,
      10.0,
      21.0,
      30.0,
      13.0,
      20.0,
      30.0,
      25.0,
      19.0,
      18.0,
      14.0,
      24.0,
      0.0,
      21.0,
      25.0
    ],
    [
      20.0,
      1.0,
      62.0,
      12.0,
      10.0,
      63.0,
      19.0,
      44.0,
      42.0,
      18.0,
      15.0,
      14.0,
      6.0,
      36.0,
      21.0,
      29.0,
      26.0,
      21.0,
      0.0,
      14.0
    ],
    [
      10.0,
      14.0,
      64.0,
      15.0,
      12.0,
      63.0,
      21.0,
      43.0,
      44.0,
      21.0,
      22.0,
      6.0,
      17.0,
      37.0,
      23.0,
      33.0,
      21.0,
      25.0,
      14.0,
      0.0
    ]
  ],
  "transit_dist_walk_matrix": [
    [
      0.0,
      1.74993,
      0.8333,
      1.91659,
      NaN,
      0.74997,
      NaN,
      1.16662,
      1.99992,
      1.41661,
      1.49994,
      NaN,
      1.58327,
      1.91659,
      0.99996,
      1.08329,
      0.8333,
      1.33328,
      1.74993,
      NaN
    ],
    [
      1.74993,
      0.0,
      0.74997,
      1.16662,
      NaN,
      0.66664,
      1.41661,
      1.2499500000000001,
      2.4999000000000002,
      1.99992,
      0.9166300000000001,
      NaN,
      NaN,
      1.91659,
      NaN,
      1.16662,
      1.49994,
      1.74993,
      NaN,
      NaN
    ],
    [
      0.8333,
      0.74997,
      0.0,
      1.58327,
      0.24999,
      NaN,
      0.41665,
      0.49998,
      1.49994,
      0.66664,
      0.9166300000000001,
      0.33332,
      0.8333,
      1.58327,
      0.49998,
      0.99996,
      0.8333,
      0.8333,
      0.74997,
      0.9166300000000001
    ],
    [
      1.91659,
      1.16662,
      1.58327,
      0.0,
      0.66664,
      1.2499500000000001,
      NaN,
      1.8332600000000001,
      2.66656,
      1.99992,
      0.8333,
      NaN,
      1.41661,
      1.8332600000000001,
      NaN,
      1.58327,
      1.74993,
      1.8332600000000001,
      1.16662,
      NaN
    ],
    [
      NaN,
      NaN,
      0.24999,
      0.66664,
      0.0,
      0.24999,
      0.41665,
      0.99996,
      1.49994,
      0.99996,
      0.41665,
      0.49998,
      NaN,
      NaN,
      0.58331,
      0.99996,
      0.99996,
      0.74997,
      NaN,
      1.41661
    ],
    [
      0.74997,
      0.66664,
      NaN,
      1.2499500000000001,
      0.24999,
      0.0,
      0.41665,
      0.33332,
      1.49994,
      0.66664,
      0.9166300000000001,
      0.33332,
      0.8333,
      1.49994,
      0.49998,
      0.9166300000000001,
      0.66664,
      0.74997,
      0.66664,
      0.8333
    ],
    [
      NaN,
      1.41661,
      0.41665,
      NaN,
      0.41665,
      0.41665,
      0.0,
      0.9166300000000001,
      1.6666,
      NaN,
      1.2499500000000001,
      0.66664,
      1.2499500000000001,
      1.74993,
      0.58331,
      0.66664,
      0.9166300000000001,
      0.8333,
      0.99996,
      0.99996
    ],
    [
      1.16662,
      1.2499500000000001,
      0.49998,
      1.8332600000000001,
      0.99996,
      0.33332,
      0.9166300000000001,
      0.0,
      1.49994,
      0.74997,
      0.49998,
      0.33332,
      0.8333,
      2.33324,
      0.49998,
      0.99996,
      0.8333,
      0.74997,
      0.66664,
      0.8333
    ],
    [
      1.99992,
      2.4999000000000002,
      1.49994,
      2.66656,
      1.49994,
      1.49994,
      1.6666,
      1.49994,
      0.0,
      1.91659,
      1.74993,
      1.58327,
      2.4999000000000002,
      3.3332,
      1.6666,
      NaN,
      1.74993,
      NaN,
      2.4999000000000002,
      2.33324
    ],
    [
      1.41661,
      1.99992,
      0.66664,
      1.99992,
      0.99996,
      0.66664,
      NaN,
      0.74997,
      1.91659,
      0.0,
      1.49994,
      0.8333,
      1.49994,
      1.99992,
      1.08329,
      1.08329,
      1.2499500000000001,
      1.2499500000000001,
      1.16662,
      1.33328
    ],
    [
      1.49994,
      0.9166300000000001,
      0.9166300000000001,
      0.8333,
      0.41665,
      0.9166300000000001,
      1.2499500000000001,
      0.49998,
      1.74993,
      1.49994,
      0.0,
      0.41665,
      1.16662,
      1.49994,
      0.66664,
      0.66664,
      0.9166300000000001,
      0.9166300000000001,
      0.9166300000000001,
      1.6666
    ],
    [
      NaN,
      NaN,
      0.33332,
      NaN,
      0.49998,
      0.33332,
      0.66664,
      0.33332,
      1.58327,
      0.8333,
      0.41665,
      0.0,
      1.16662,
      1.41661,
      0.58331,
      0.66664,
      0.41665,
      0.9166300000000001,
      1.16662,
      NaN
    ],
    [
      1.58327,
      NaN,
      0.8333,
      1.41661,
      NaN,
      0.8333,
      1.2499500000000001,
      0.8333,
      2.4999000000000002,
      1.49994,
      1.16662,
      1.16662,
      0.0,
      NaN,
      1.33328,
      1.33328,
      1.6666,
      1.6666,
      NaN,
      NaN
    ],
    [
      1.91659,
      1.91659,
      1.58327,
      1.8332600000000001,
      NaN,
      1.49994,
      1.74993,
      2.33324,
      3.3332,
      1.99992,
      1.49994,
      1.41661,
      NaN,
      0.0,
      1.58327,
      NaN,
      1.99992,
      1.91659,
      1.8332600000000001,
      1.99992
    ],
    [
      0.99996,
      NaN,
      0.49998,
      NaN,
      0.58331,
      0.49998,
      0.58331,
      0.49998,
      1.6666,
      1.08329,
      0.66664,
      0.58331,
      1.33328,
      1.58327,
      0.0,
      0.66664,
      0.9166300000000001,
      0.9166300000000001,
      1.91659,
      1.16662
    ],
    [
      1.08329,
      1.16662,
      0.99996,
      1.58327,
      0.99996,
      0.9166300000000001,
      0.66664,
      0.99996,
      NaN,
      1.08329,
      0.66664,
      0.66664,
      1.33328,
      NaN,
      0.66664,
      0.0,
      1.49994,
      1.16662,
      1.08329,
      1.8332600000000001
    ],
    [
      0.8333,
      1.49994,
      0.8333,
      1.74993,
      0.99996,
      0.66664,
      0.9166300000000001,
      0.8333,
      1.74993,
      1.2499500000000001,
      0.9166300000000001,
      0.41665,
      1.6666,
      1.99992,
      0.9166300000000001,
      1.49994,
      0.0,
      0.9166300000000001,
      0.9166300000000001,
      1.91659
    ],
    [
      1.33328,
      1.74993,
      0.8333,
      1.8332600000000001,
      0.74997,
      0.74997,
      0.8333,
      0.74997,
      NaN,
      1.2499500000000001,
      0.9166300000000001,
      0.9166300000000001,
      1.6666,
      1.91659,
      0.9166300000000001,
      1.16662,
      0.9166300000000001,
      0.0,
      NaN,
      NaN
    ],
    [
      1.74993,
      NaN,
      0.74997,
      1.16662,
      NaN,
      0.66664,
      0.99996,
      0.66664,
      2.4999000000000002,
      1.16662,
      0.9166300000000001,
      1.16662,
      NaN,
      1.8332600000000001,
      1.91659,
      1.08329,
      0.9166300000000001,
      NaN,
      0.0,
      NaN
    ],
    [
      NaN,
      NaN,
      0.9166300000000001,
      NaN,
      1.41661,
      0.8333,
      0.99996,
      0.8333,
      2.33324,
      1.33328,
      1.6666,
      NaN,
      NaN,
      1.99992,
      1.16662,
      1.8332600000000001,
      1.91659,
      NaN,
      NaN,
      0.0
    ]
  ],
  "transit_time_matrix": [
    [
      0.0,
      34.0,
      81.0,
      41.0,
      0.0,
      79.0,
      0.0,
      63.0,
      77.0,
      27.0,
      47.0,
      NaN,
      34.0,
      67.0,
      28.0,
      49.0,
      34.0,
      43.0,
      34.0,
      NaN
    ],
    [
      34.0,
      0.0,
      68.0,
      28.0,
      NaN,
      68.0,
      33.0,
      51.0,
      76.0,
      40.0,
      15.0,
      0.0,
      NaN,
      51.0,
      0.0,
      33.0,
      46.0,
      21.0,
      NaN,
      NaN
    ],
    [
      81.0,
      68.0,
      0.0,
      46.0,
      68.0,
      NaN,
      57.0,
      39.0,
      62.0,
      64.0,
      58.0,
      75.0,
      70.0,
      50.0,
      66.0,
      53.0,
      59.0,
      59.0,
      68.0,
      79.0
    ],
    [
      41.0,
      28.0,
      46.0,
      0.0,
      8.0,
      73.0,
      NaN,
      53.0,
      72.0,
      7.0,
      24.0,
      0.0,
      25.0,
      21.0,
      0.0,
      42.0,
      37.0,
      36.0,
      23.0,
      NaN
    ],
    [
      0.0,
      NaN,
      68.0,
      8.0,
      0.0,
      63.0,
      29.0,
      49.0,
      72.0,
      36.0,
      16.0,
      38.0,
      NaN,
      0.0,
      34.0,
      41.0,
      39.0,
      37.0,
      NaN,
      29.0
    ],
    [
      79.0,
      68.0,
      NaN,
      73.0,
      63.0,
      0.0,
      57.0,
      38.0,
      62.0,
      64.0,
      58.0,
      74.0,
      69.0,
      49.0,
      65.0,
      52.0,
      81.0,
      58.0,
      67.0,
      63.0
    ],
    [
      0.0,
      33.0,
      57.0,
      NaN,
      29.0,
      57.0,
      0.0,
      38.0,
      61.0,
      NaN,
      25.0,
      31.0,
      44.0,
      41.0,
      20.0,
      26.0,
      32.0,
      19.0,
      41.0,
      34.0
    ],
    [
      63.0,
      51.0,
      39.0,
      53.0,
      49.0,
      38.0,
      38.0,
      0.0,
      22.0,
      39.0,
      34.0,
      49.0,
      47.0,
      37.0,
      40.0,
      27.0,
      53.0,
      21.0,
      45.0,
      53.0
    ],
    [
      77.0,
      76.0,
      62.0,
      72.0,
      72.0,
      62.0,
      61.0,
      22.0,
      0.0,
      62.0,
      68.0,
      47.0,
      81.0,
      67.0,
      34.0,
      0.0,
      82.0,
      0.0,
      81.0,
      80.0
    ],
    [
      27.0,
      40.0,
      64.0,
      7.0,
      36.0,
      64.0,
      NaN,
      39.0,
      62.0,
      0.0,
      29.0,
      30.0,
      47.0,
      19.0,
      21.0,
      31.0,
      32.0,
      13.0,
      44.0,
      33.0
    ],
    [
      47.0,
      15.0,
      58.0,
      24.0,
      16.0,
      58.0,
      25.0,
      34.0,
      68.0,
      29.0,
      0.0,
      42.0,
      28.0,
      38.0,
      33.0,
      33.0,
      44.0,
      27.0,
      15.0,
      38.0
    ],
    [
      NaN,
      0.0,
      75.0,
      0.0,
      38.0,
      74.0,
      31.0,
      49.0,
      47.0,
      30.0,
      42.0,
      0.0,
      29.0,
      38.0,
      23.0,
      44.0,
      30.0,
      38.0,
      28.0,
      NaN
    ],
    [
      34.0,
      NaN,
      70.0,
      25.0,
      NaN,
      69.0,
      44.0,
      47.0,
      81.0,
      47.0,
      28.0,
      29.0,
      0.0,
      0.0,
      24.0,
      45.0,
      26.0,
      40.0,
      NaN,
      0.0
    ],
    [
      67.0,
      51.0,
      50.0,
      21.0,
      0.0,
      49.0,
      41.0,
      37.0,
      67.0,
      19.0,
      38.0,
      38.0,
      0.0,
      0.0,
      49.0,
      NaN,
      61.0,
      42.0,
      51.0,
      62.0
    ],
    [
      28.0,
      0.0,
      66.0,
      0.0,
      34.0,
      65.0,
      20.0,
      40.0,
      34.0,
      21.0,
      33.0,
      23.0,
      24.0,
      49.0,
      0.0,
      33.0,
      25.0,
      27.0,
      21.0,
      27.0
    ],
    [
      49.0,
      33.0,
      53.0,
      42.0,
      41.0,
      52.0,
      26.0,
      27.0,
      0.0,
      31.0,
      33.0,
      44.0,
      45.0,
      NaN,
      33.0,
      0.0,
      51.0,
      28.0,
      49.0,
      56.0
    ],
    [
      34.0,
      46.0,
      59.0,
      37.0,
      39.0,
      81.0,
      32.0,
      53.0,
      82.0,
      32.0,
      44.0,
      30.0,
      26.0,
      61.0,
      25.0,
      51.0,
      0.0,
      24.0,
      31.0,
      32.0
    ],
    [
      43.0,
      21.0,
      59.0,
      36.0,
      37.0,
      58.0,
      19.0,
      21.0,
      0.0,
      13.0,
      27.0,
      38.0,
      40.0,
      42.0,
      27.0,
      28.0,
      24.0,
      0.0,
      0.0,
      0.0
    ],
    [
      34.0,
      NaN,
      68.0,
      23.0,
      NaN,
      67.0,
      41.0,
      45.0,
      81.0,
      44.0,
      15.0,
      28.0,
      NaN,
      51.0,
      21.0,
      49.0,
      31.0,
      0.0,
      0.0,
      0.0
    ],
    [
      NaN,
      NaN,
      79.0,
      NaN,
      29.0,
      63.0,
      34.0,
      53.0,
      80.0,
      33.0,
      38.0,
      NaN,
      0.0,
      62.0,
      27.0,
      56.0,
      32.0,
      0.0,
      0.0,
      0.0
    ]
  ],
  "walk_dist_matrix": [
    [
      0.0,
      2.6,
      14.3,
      2.8,
      2.7,
      14.3,
      4.0,
      10.2,
      11.8,
      3.9,
      4.2,
      0.7,
      3.0,
      8.5,
      2.9,
      7.2,
      2.3,
      5.5,
      2.7,
      1.1
    ],
    [
      2.6,
      0.0,
      12.1,
      1.9,
      0.7,
      12.1,
      2.9,
      8.2,
      10.6,
      3.7,
      1.9,
      2.1,
      0.55,
      6.3,
      3.8,
      5.5,
      3.9,
      4.3,
      0.077,
      1.8
    ],
    [
      14.3,
      12.1,
      0.0,
      12.2,
      11.9,
      0.16,
      11.1,
      6.3,
      9.1,
      11.6,
      10.4,
      13.8,
      12.1,
      7.3,
      13.2,
      8.3,
      14.9,
      10.6,
      12.1,
      13.4
    ],
    [
      2.8,
      1.9,
      12.2,
      0.0,
      1.4,
      12.2,
      1.4,
      7.6,
      9.4,
      2.1,
      2.0,
      2.2,
      2.2,
      6.2,
      1.8,
      4.6,
      3.0,
      2.9,
      1.9,
      1.8
    ],
    [
      2.7,
      0.7,
      11.9,
      1.4,
      0.0,
      11.9,
      2.6,
      8.0,
      10.2,
      3.3,
      1.7,
      2.2,
      1.0,
      6.1,
      3.3,
      5.3,
      3.9,
      3.9,
      0.8,
      1.8
    ],
    [
      14.3,
      12.1,
      0.16,
      12.2,
      11.9,
      0.0,
      11.1,
      6.4,
      9.1,
      11.6,
      10.4,
      13.8,
      12.1,
      7.4,
      13.2,
      8.3,
      15.0,
      10.6,
      12.1,
      13.4
    ],
    [
      4.0,
      2.9,
      11.1,
      1.4,
      2.6,
      11.1,
      0.0,
      6.5,
      8.3,
      0.95,
      1.8,
      3.4,
      3.1,
      5.1,
      2.5,
      3.5,
      4.3,
      1.7,
      3.0,
      2.9
    ],
    [
      10.2,
      8.2,
      6.3,
      7.6,
      8.0,
      6.4,
      6.5,
      0.0,
      6.5,
      6.1,
      6.0,
      9.1,
      7.6,
      3.2,
      7.9,
      2.5,
      9.8,
      5.1,
      7.7,
      8.6
    ],
    [
      11.8,
      10.6,
      9.1,
      9.4,
      10.2,
      9.1,
      8.3,
      6.5,
      0.0,
      8.5,
      9.0,
      11.4,
      10.6,
      7.2,
      9.6,
      5.8,
      11.5,
      7.4,
      10.6,
      11.0
    ],
    [
      3.9,
      3.7,
      11.6,
      2.1,
      3.3,
      11.6,
      0.95,
      6.1,
      8.5,
      0.0,
      2.4,
      3.5,
      3.8,
      5.3,
      1.9,
      3.7,
      3.8,
      1.9,
      3.7,
      3.2
    ],
    [
      4.2,
      1.9,
      10.4,
      2.0,
      1.7,
      10.4,
      1.8,
      6.0,
      9.0,
      2.4,
      0.0,
      3.7,
      1.7,
      4.7,
      3.5,
      3.9,
      4.8,
      2.7,
      1.9,
      3.2
    ],
    [
      0.7,
      2.1,
      13.8,
      2.2,
      2.2,
      13.8,
      3.4,
      9.1,
      11.4,
      3.5,
      3.7,
      0.0,
      2.4,
      8.0,
      2.8,
      6.6,
      2.1,
      4.9,
      2.2,
      0.5
    ],
    [
      3.0,
      0.55,
      12.1,
      2.2,
      1.0,
      12.1,
      3.1,
      7.6,
      10.6,
      3.8,
      1.7,
      2.4,
      0.0,
      6.3,
      4.0,
      5.5,
      4.2,
      4.2,
      0.5,
      2.1
    ],
    [
      8.5,
      6.3,
      7.3,
      6.2,
      6.1,
      7.4,
      5.1,
      3.2,
      7.2,
      5.3,
      4.7,
      8.0,
      6.3,
      0.0,
      7.1,
      1.7,
      9.2,
      4.3,
      6.3,
      7.6
    ],
    [
      2.9,
      3.8,
      13.2,
      1.8,
      3.3,
      13.2,
      2.5,
      7.9,
      9.6,
      1.9,
      3.5,
      2.8,
      4.0,
      7.1,
      0.0,
      5.5,
      2.2,
      3.8,
      3.8,
      2.6
    ],
    [
      7.2,
      5.5,
      8.3,
      4.6,
      5.3,
      8.3,
      3.5,
      2.5,
      5.8,
      3.7,
      3.9,
      6.6,
      5.5,
      1.7,
      5.5,
      0.0,
      7.6,
      2.8,
      5.8,
      6.4
    ],
    [
      2.3,
      3.9,
      14.9,
      3.0,
      3.9,
      15.0,
      4.3,
      9.8,
      11.5,
      3.8,
      4.8,
      2.1,
      4.2,
      9.2,
      2.2,
      7.6,
      0.0,
      5.6,
      3.9,
      2.4
    ],
    [
      5.5,
      4.3,
      10.6,
      2.9,
      3.9,
      10.6,
      1.7,
      5.1,
      7.4,
      1.9,
      2.7,
      4.9,
      4.2,
      4.3,
      3.8,
      2.8,
      5.6,
      0.0,
      4.3,
      4.4
    ],
    [
      2.7,
      0.077,
      12.1,
      1.9,
      0.8,
      12.1,
      3.0,
      7.7,
      10.6,
      3.7,
      1.9,
      2.2,
      0.5,
      6.3,
      3.8,
      5.8,
      3.9,
      4.3,
      0.0,
      1.8
    ],
    [
      1.1,
      1.8,
      13.4,
      1.8,
      1.8,
      13.4,
      2.9,
      8.6,
      11.0,
      3.2,
      3.2,
      0.5,
      2.1,
      7.6,
      2.6,
      6.4,
      2.4,
      4.4,
      1.8,
      0.0
    ]
  ],
  "walk_time_matrix": [
    [
      0.0,
      32.0,
      81.0,
      41.0,
      33.0,
      79.0,
      50.0,
      63.0,
      77.0,
      36.0,
      52.0,
      8.0,
      37.0,
      106.0,
      38.0,
      49.0,
      34.0,
      69.0,
      34.0,
      14.0
    ],
    [
      32.0,
      0.0,
      68.0,
      28.0,
      9.0,
      68.0,
      37.0,
      104.0,
      76.0,
      40.0,
      24.0,
      27.0,
      7.0,
      51.0,
      48.0,
      43.0,
      50.0,
      41.0,
      1.0,
      22.0
    ],
    [
      81.0,
      68.0,
      0.0,
      71.0,
      68.0,
      2.0,
      57.0,
      78.0,
      62.0,
      64.0,
      131.0,
      173.0,
      70.0,
      50.0,
      168.0,
      53.0,
      82.0,
      134.0,
      151.0,
      79.0
    ],
    [
      41.0,
      28.0,
      71.0,
      0.0,
      18.0,
      153.0,
      17.0,
      53.0,
      118.0,
      26.0,
      24.0,
      28.0,
      27.0,
      54.0,
      23.0,
      42.0,
      39.0,
      37.0,
      23.0,
      22.0
    ],
    [
      33.0,
      9.0,
      68.0,
      18.0,
      0.0,
      63.0,
      32.0,
      101.0,
      128.0,
      41.0,
      16.0,
      27.0,
      13.0,
      28.0,
      43.0,
      68.0,
      39.0,
      37.0,
      10.0,
      29.0
    ],
    [
      79.0,
      68.0,
      2.0,
      153.0,
      63.0,
      0.0,
      57.0,
      38.0,
      62.0,
      64.0,
      131.0,
      74.0,
      69.0,
      49.0,
      65.0,
      52.0,
      81.0,
      58.0,
      152.0,
      169.0
    ],
    [
      50.0,
      37.0,
      57.0,
      17.0,
      32.0,
      57.0,
      0.0,
      38.0,
      103.0,
      12.0,
      25.0,
      31.0,
      39.0,
      64.0,
      32.0,
      44.0,
      32.0,
      19.0,
      41.0,
      37.0
    ],
    [
      63.0,
      104.0,
      78.0,
      53.0,
      101.0,
      38.0,
      38.0,
      0.0,
      81.0,
      39.0,
      77.0,
      49.0,
      97.0,
      37.0,
      40.0,
      27.0,
      126.0,
      64.0,
      97.0,
      110.0
    ],
    [
      77.0,
      76.0,
      62.0,
      118.0,
      128.0,
      62.0,
      103.0,
      81.0,
      0.0,
      62.0,
      68.0,
      143.0,
      132.0,
      90.0,
      66.0,
      72.0,
      145.0,
      92.0,
      81.0,
      80.0
    ],
    [
      36.0,
      40.0,
      64.0,
      26.0,
      41.0,
      64.0,
      12.0,
      39.0,
      62.0,
      0.0,
      31.0,
      30.0,
      47.0,
      67.0,
      25.0,
      47.0,
      50.0,
      24.0,
      44.0,
      41.0
    ],
    [
      52.0,
      24.0,
      131.0,
      24.0,
      16.0,
      131.0,
      25.0,
      77.0,
      68.0,
      31.0,
      0.0,
      46.0,
      22.0,
      58.0,
      45.0,
      50.0,
      44.0,
      27.0,
      24.0,
      38.0
    ],
    [
      8.0,
      27.0,
      173.0,
      28.0,
      27.0,
      74.0,
      31.0,
      49.0,
      143.0,
      30.0,
      46.0,
      0.0,
      29.0,
      100.0,
      36.0,
      44.0,
      27.0,
      62.0,
      28.0,
      6.0
    ],
    [
      37.0,
      7.0,
      70.0,
      27.0,
      13.0,
      69.0,
      39.0,
      97.0,
      132.0,
      47.0,
      22.0,
      29.0,
      0.0,
      78.0,
      43.0,
      45.0,
      53.0,
      40.0,
      6.0,
      25.0
    ],
    [
      106.0,
      51.0,
      50.0,
      54.0,
      28.0,
      49.0,
      64.0,
      37.0,
      90.0,
      67.0,
      58.0,
      100.0,
      78.0,
      0.0,
      91.0,
      21.0,
      116.0,
      42.0,
      78.0,
      95.0
    ],
    [
      38.0,
      48.0,
      168.0,
      23.0,
      43.0,
      65.0,
      32.0,
      40.0,
      66.0,
      25.0,
      45.0,
      36.0,
      43.0,
      91.0,
      0.0,
      33.0,
      27.0,
      27.0,
      48.0,
      34.0
    ],
    [
      49.0,
      43.0,
      53.0,
      42.0,
      68.0,
      52.0,
      44.0,
      27.0,
      72.0,
      47.0,
      50.0,
      44.0,
      45.0,
      21.0,
      33.0,
      0.0,
      97.0,
      35.0,
      49.0,
      81.0
    ],
    [
      34.0,
      50.0,
      82.0,
      39.0,
      39.0,
      81.0,
      32.0,
      126.0,
      145.0,
      50.0,
      44.0,
      27.0,
      53.0,
      116.0,
      27.0,
      97.0,
      0.0,
      35.0,
      31.0,
      32.0
    ],
    [
      69.0,
      41.0,
      134.0,
      37.0,
      37.0,
      58.0,
      19.0,
      64.0,
      92.0,
      24.0,
      27.0,
      62.0,
      40.0,
      42.0,
      27.0,
      35.0,
      35.0,
      0.0,
      54.0,
      57.0
    ],
    [
      34.0,
      1.0,
      151.0,
      23.0,
      10.0,
      152.0,
      41.0,
      97.0,
      81.0,
      44.0,
      24.0,
      28.0,
      6.0,
      78.0,
      48.0,
      49.0,
      31.0,
      54.0,
      0.0,
      23.0
    ],
    [
      14.0,
      22.0,
      79.0,
      22.0,
      29.0,
      169.0,
      37.0,
      110.0,
      80.0,
      41.0,
      38.0,
      6.0,
      25.0,
      95.0,
      34.0,
      81.0,
      32.0,
      57.0,
      23.0,
      0.0
    ]
  ],
  "cycle_dist_matrix": [
    [
      0.0,
      2.6,
      14.3,
      2.8,
      2.7,
      14.3,
      4.0,
      10.2,
      11.8,
      3.9,
      4.2,
      0.7,
      3.0,
      8.5,
      2.9,
      7.2,
      2.3,
      5.5,
      2.7,
      1.1
    ],
    [
      2.6,
      0.0,
      12.1,
      1.9,
      0.7,
      12.1,
      2.9,
      8.2,
      10.6,
      3.7,
      1.9,
      2.1,
      0.55,
      6.3,
      3.8,
      NaN,
      3.9,
      NaN,
      0.077,
      1.8
    ],
    [
      14.3,
      12.1,
      0.0,
      NaN,
      11.9,
      0.16,
      11.1,
      6.3,
      9.1,
      11.6,
      10.4,
      13.8,
      12.1,
      7.3,
      13.2,
      8.3,
      14.9,
      10.6,
      12.1,
      NaN
    ],
    [
      2.8,
      1.9,
      NaN,
      0.0,
      1.4,
      12.2,
      1.4,
      NaN,
      9.4,
      2.1,
      NaN,
      2.2,
      2.2,
      NaN,
      1.8,
      NaN,
      3.0,
      2.9,
      1.9,
      1.8
    ],
    [
      2.7,
      0.7,
      11.9,
      1.4,
      0.0,
      11.9,
      2.6,
      8.0,
      10.2,
      3.3,
      1.7,
      2.2,
      1.0,
      6.1,
      3.3,
      5.3,
      3.9,
      NaN,
      0.8,
      1.8
    ],
    [
      14.3,
      12.1,
      0.16,
      12.2,
      11.9,
      0.0,
      11.1,
      6.4,
      NaN,
      11.6,
      10.4,
      13.8,
      12.1,
      NaN,
      13.2,
      8.3,
      15.0,
      10.6,
      12.1,
      13.4
    ],
    [
      4.0,
      2.9,
      11.1,
      1.4,
      2.6,
      11.1,
      0.0,
      NaN,
      8.3,
      0.95,
      1.9,
      NaN,
      3.1,
      5.1,
      2.5,
      3.5,
      4.3,
      1.7,
      3.0,
      2.9
    ],
    [
      10.2,
      8.2,
      6.3,
      NaN,
      8.0,
      6.4,
      NaN,
      0.0,
      6.5,
      NaN,
      6.0,
      9.1,
      7.6,
      3.2,
      7.9,
      2.5,
      9.8,
      5.1,
      7.7,
      8.6
    ],
    [
      11.8,
      10.6,
      9.1,
      9.4,
      10.2,
      NaN,
      8.3,
      6.5,
      0.0,
      8.5,
      9.0,
      11.4,
      10.6,
      7.2,
      9.6,
      5.8,
      11.5,
      7.4,
      10.6,
      11.0
    ],
    [
      3.9,
      3.7,
      11.6,
      2.1,
      3.3,
      11.6,
      0.95,
      NaN,
      8.5,
      0.0,
      2.4,
      3.5,
      3.8,
      5.3,
      1.9,
      3.7,
      3.8,
      1.9,
      NaN,
      3.2
    ],
    [
      4.2,
      1.9,
      10.4,
      NaN,
      1.7,
      10.4,
      1.9,
      6.0,
      9.0,
      2.4,
      0.0,
      3.7,
      1.7,
      4.7,
      3.5,
      3.9,
      NaN,
      NaN,
      1.9,
      NaN
    ],
    [
      0.7,
      2.1,
      13.8,
      2.2,
      2.2,
      13.8,
      NaN,
      9.1,
      11.4,
      3.5,
      3.7,
      0.0,
      2.4,
      8.0,
      2.8,
      NaN,
      2.1,
      4.9,
      2.2,
      0.5
    ],
    [
      3.0,
      0.55,
      12.1,
      2.2,
      1.0,
      12.1,
      3.1,
      7.6,
      10.6,
      3.8,
      1.7,
      2.4,
      0.0,
      6.3,
      NaN,
      5.5,
      4.2,
      4.2,
      0.5,
      2.1
    ],
    [
      8.5,
      6.3,
      7.3,
      NaN,
      6.1,
      NaN,
      5.1,
      3.2,
      7.2,
      5.3,
      4.7,
      8.0,
      6.3,
      0.0,
      7.1,
      1.7,
      9.2,
      NaN,
      6.3,
      7.6
    ],
    [
      2.9,
      3.8,
      13.2,
      1.8,
      3.3,
      13.2,
      2.5,
      7.9,
      9.6,
      1.9,
      3.5,
      2.8,
      NaN,
      7.1,
      0.0,
      5.5,
      2.2,
      3.8,
      3.8,
      2.6
    ],
    [
      7.2,
      NaN,
      8.3,
      NaN,
      5.3,
      8.3,
      3.5,
      2.5,
      5.8,
      3.7,
      3.9,
      NaN,
      5.5,
      1.7,
      5.5,
      0.0,
      7.6,
      2.8,
      5.8,
      6.4
    ],
    [
      2.3,
      3.9,
      14.9,
      3.0,
      3.9,
      15.0,
      4.3,
      9.8,
      11.5,
      3.8,
      NaN,
      2.1,
      4.2,
      9.2,
      2.2,
      7.6,
      0.0,
      5.6,
      3.9,
      2.5
    ],
    [
      5.5,
      NaN,
      10.6,
      2.9,
      NaN,
      10.6,
      1.7,
      5.1,
      7.4,
      1.9,
      NaN,
      4.9,
      4.2,
      NaN,
      3.8,
      2.8,
      5.6,
      0.0,
      4.3,
      4.4
    ],
    [
      2.7,
      0.077,
      12.1,
      1.9,
      0.8,
      12.1,
      3.0,
      7.7,
      10.6,
      NaN,
      1.9,
      2.2,
      0.5,
      6.3,
      3.8,
      5.8,
      3.9,
      4.3,
      0.0,
      1.8
    ],
    [
      1.1,
      1.8,
      NaN,
      1.8,
      1.8,
      13.4,
      2.9,
      8.6,
      11.0,
      3.2,
      NaN,
      0.5,
      2.1,
      7.6,
      2.6,
      6.4,
      2.5,
      4.4,
      1.8,
      0.0
    ]
  ],
  "cycle_time_matrix": [
    [
      0.0,
      32.0,
      179.0,
      41.0,
      33.0,
      179.0,
      50.0,
      128.0,
      150.0,
      50.0,
      52.0,
      8.0,
      37.0,
      106.0,
      38.0,
      91.0,
      34.0,
      69.0,
      33.0,
      14.0
    ],
    [
      32.0,
      0.0,
      152.0,
      28.0,
      9.0,
      152.0,
      37.0,
      104.0,
      132.0,
      46.0,
      24.0,
      27.0,
      7.0,
      79.0,
      48.0,
      NaN,
      50.0,
      NaN,
      1.0,
      22.0
    ],
    [
      179.0,
      152.0,
      0.0,
      NaN,
      149.0,
      2.0,
      140.0,
      78.0,
      113.0,
      147.0,
      131.0,
      173.0,
      151.0,
      92.0,
      168.0,
      104.0,
      189.0,
      134.0,
      151.0,
      NaN
    ],
    [
      41.0,
      28.0,
      NaN,
      0.0,
      18.0,
      153.0,
      17.0,
      NaN,
      118.0,
      26.0,
      NaN,
      28.0,
      27.0,
      NaN,
      23.0,
      NaN,
      39.0,
      37.0,
      23.0,
      22.0
    ],
    [
      33.0,
      9.0,
      149.0,
      18.0,
      0.0,
      149.0,
      32.0,
      101.0,
      128.0,
      41.0,
      22.0,
      27.0,
      13.0,
      77.0,
      43.0,
      68.0,
      50.0,
      NaN,
      10.0,
      23.0
    ],
    [
      179.0,
      152.0,
      2.0,
      153.0,
      149.0,
      0.0,
      141.0,
      79.0,
      NaN,
      147.0,
      131.0,
      173.0,
      152.0,
      NaN,
      168.0,
      105.0,
      189.0,
      134.0,
      152.0,
      169.0
    ],
    [
      50.0,
      37.0,
      140.0,
      17.0,
      32.0,
      141.0,
      0.0,
      NaN,
      103.0,
      12.0,
      25.0,
      NaN,
      39.0,
      64.0,
      32.0,
      44.0,
      54.0,
      22.0,
      37.0,
      37.0
    ],
    [
      128.0,
      104.0,
      78.0,
      NaN,
      101.0,
      79.0,
      NaN,
      0.0,
      81.0,
      NaN,
      77.0,
      115.0,
      97.0,
      40.0,
      101.0,
      32.0,
      126.0,
      64.0,
      97.0,
      110.0
    ],
    [
      150.0,
      132.0,
      113.0,
      118.0,
      128.0,
      NaN,
      103.0,
      81.0,
      0.0,
      105.0,
      113.0,
      143.0,
      132.0,
      90.0,
      121.0,
      72.0,
      145.0,
      92.0,
      132.0,
      138.0
    ],
    [
      50.0,
      46.0,
      147.0,
      26.0,
      41.0,
      147.0,
      12.0,
      NaN,
      105.0,
      0.0,
      31.0,
      45.0,
      48.0,
      67.0,
      25.0,
      47.0,
      50.0,
      24.0,
      NaN,
      41.0
    ],
    [
      52.0,
      24.0,
      131.0,
      NaN,
      22.0,
      131.0,
      25.0,
      77.0,
      113.0,
      31.0,
      0.0,
      46.0,
      22.0,
      58.0,
      45.0,
      50.0,
      NaN,
      NaN,
      24.0,
      NaN
    ],
    [
      8.0,
      27.0,
      173.0,
      28.0,
      27.0,
      173.0,
      NaN,
      115.0,
      143.0,
      45.0,
      46.0,
      0.0,
      30.0,
      100.0,
      36.0,
      NaN,
      27.0,
      62.0,
      27.0,
      6.0
    ],
    [
      37.0,
      7.0,
      151.0,
      27.0,
      13.0,
      152.0,
      39.0,
      97.0,
      132.0,
      48.0,
      22.0,
      30.0,
      0.0,
      78.0,
      NaN,
      70.0,
      53.0,
      53.0,
      6.0,
      25.0
    ],
    [
      106.0,
      79.0,
      92.0,
      NaN,
      77.0,
      NaN,
      64.0,
      40.0,
      90.0,
      67.0,
      58.0,
      100.0,
      78.0,
      0.0,
      91.0,
      21.0,
      116.0,
      NaN,
      78.0,
      95.0
    ],
    [
      38.0,
      48.0,
      168.0,
      23.0,
      43.0,
      168.0,
      32.0,
      101.0,
      121.0,
      25.0,
      45.0,
      36.0,
      NaN,
      91.0,
      0.0,
      70.0,
      27.0,
      48.0,
      48.0,
      34.0
    ],
    [
      91.0,
      NaN,
      104.0,
      NaN,
      68.0,
      105.0,
      44.0,
      32.0,
      72.0,
      47.0,
      50.0,
      NaN,
      70.0,
      21.0,
      70.0,
      0.0,
      97.0,
      35.0,
