{
  "drive_dist_matrix": [
    [
      0.0,
      2.2530759999999996,
      13.357522000000001,
      8.529501999999999,
      2.2530759999999996,
      0.9656039999999999,
      2.092142,
      5.149888000000001,
      5.793624,
      2.2530759999999996,
      10.943512,
      4.82802,
      6.598293999999999,
      22.369826,
      24.301033999999998,
      1.7702740000000001,
      16.254334,
      4.9889540000000006,
      9.816974,
      10.46071,
      10.943512,
      6.598293999999999,
      1.9312079999999998,
      3.057746,
      2.5749440000000003,
      17.219938,
      2.896812,
      1.7702740000000001,
      1.2874720000000002,
      2.41401,
      4.506151999999999,
      0.80467,
      29.611855999999996,
      6.598293999999999,
      4.9889540000000006,
      9.173238,
      4.667085999999999,
      3.21868,
      4.184284,
      0.0,
      14.162192000000001,
      5.149888000000001,
      5.471756,
      26.55411,
      26.875978,
      5.149888000000001,
      4.667085999999999,
      8.529501999999999,
      6.598293999999999,
      9.173238,
      11.104446000000001,
      4.184284,
      6.115492,
      5.63269,
      9.977908000000001,
      0.48280199999999995,
      2.2530759999999996,
      0.6437360000000001,
      4.9889540000000006
    ],
    [
      2.2530759999999996,
      0.0,
      12.87472,
      5.9545580000000005,
      3.8624159999999996,
      2.5749440000000003,
      3.379614,
      5.149888000000001,
      6.115492,
      4.02335,
      10.782578,
      3.8624159999999996,
      5.310822,
      24.301033999999998,
      26.071308,
      2.735878,
      15.449663999999999,
      6.759228,
      5.149888000000001,
      10.782578,
      10.621644,
      5.310822,
      3.379614,
      1.448406,
      2.735878,
      12.713786,
      4.667085999999999,
      2.2530759999999996,
      1.448406,
      3.8624159999999996,
      4.667085999999999,
      2.896812,
      28.16345,
      9.334171999999999,
      5.149888000000001,
      10.46071,
      4.9889540000000006,
      2.2530759999999996,
      3.8624159999999996,
      0.0,
      15.932466,
      5.793624,
      7.24203,
      25.266638,
      25.588506,
      6.759228,
      6.598293999999999,
      8.0467,
      5.310822,
      7.402963999999999,
      9.495106,
      6.115492,
      7.885766,
      4.345218,
      5.310822,
      2.735878,
      3.5405480000000003,
      1.7702740000000001,
      4.506151999999999
    ],
    [
      13.357522000000001,
      12.87472,
      0.0,
      21.082354,
      16.576202000000002,
      15.28873,
      16.0934,
      18.185542,
      19.151146,
      16.576202000000002,
      39.267896,
      16.89807,
      39.42883,
      51.177012,
      52.947286,
      15.449663999999999,
      43.45218,
      19.633948,
      4.184284,
      37.81949,
      39.106962,
      3.057746,
      16.0934,
      17.380872,
      17.863674,
      36.532018,
      16.89807,
      14.966862,
      16.576202000000002,
      16.737136,
      17.70274,
      15.449663999999999,
      17.863674,
      21.243288,
      20.11675,
      45.544322,
      17.70274,
      15.28873,
      16.737136,
      0.0,
      44.739652,
      18.668343999999998,
      22.047957999999998,
      34.278942,
      34.439876,
      19.794882,
      19.633948,
      40.877235999999996,
      3.057746,
      3.8624159999999996,
      25.74944,
      19.151146,
      20.277684,
      20.277684,
      39.42883,
      15.771532,
      16.254334,
      16.415267999999998,
      19.794882
    ],
    [
      8.529501999999999,
      5.9545580000000005,
      21.082354,
      0.0,
      11.909116000000001,
      9.334171999999999,
      11.909116000000001,
      15.449663999999999,
      16.0934,
      11.909116000000001,
      5.63269,
      11.587248,
      6.598293999999999,
      29.933724,
      31.703998,
      12.07005,
      26.875978,
      14.805927999999998,
      6.43736,
      1.9312079999999998,
      5.471756,
      5.9545580000000005,
      9.977908000000001,
      8.0467,
      6.598293999999999,
      8.368568,
      12.230984,
      9.816974,
      8.207633999999999,
      11.26538,
      14.966862,
      9.334171999999999,
      23.818232000000002,
      16.254334,
      4.82802,
      20.277684,
      14.966862,
      10.138842,
      14.644993999999999,
      5.63269,
      21.404222,
      14.805927999999998,
      16.415267999999998,
      20.92142,
      21.243288,
      10.299776000000001,
      14.644993999999999,
      2.2530759999999996,
      5.793624,
      5.793624,
      6.598293999999999,
      14.162192000000001,
      13.518456,
      4.82802,
      6.598293999999999,
      10.621644,
      11.748182,
      8.529501999999999,
      4.82802
    ],
    [
      2.2530759999999996,
      3.8624159999999996,
      16.576202000000002,
      11.909116000000001,
      0.0,
      0.9656039999999999,
      394.0,
      3.5405480000000003,
      4.184284,
      0.32186800000000004,
      12.87472,
      2.896812,
      7.724831999999999,
      21.243288,
      23.013562,
      0.80467,
      14.48406,
      3.7014819999999995,
      7.563898,
      12.230984,
      12.713786,
      7.885766,
      0.32186800000000004,
      4.345218,
      4.02335,
      15.610598,
      0.6437360000000001,
      1.1265379999999998,
      2.735878,
      1.9312079999999998,
      2.735878,
      0.80467,
      34.439876,
      5.149888000000001,
      6.759228,
      7.724831999999999,
      2.896812,
      2.41401,
      2.5749440000000003,
      0.0,
      10.782578,
      3.7014819999999995,
      4.184284,
      31.543064,
      31.864932,
      5.9545580000000005,
      3.057746,
      9.65604,
      7.885766,
      10.621644,
      11.909116000000001,
      2.41401,
      4.667085999999999,
      6.759228,
      7.724831999999999,
      1.9312079999999998,
      312.0,
      2.5749440000000003,
      6.115492
    ],
    [
      0.9656039999999999,
      2.5749440000000003,
      15.28873,
      9.334171999999999,
      0.9656039999999999,
      0.0,
      0.80467,
      4.82802,
      5.471756,
      1.2874720000000002,
      11.26538,
      4.184284,
      10.299776000000001,
      21.565156,
      23.33543,
      0.6437360000000001,
      15.771532,
      4.02335,
      10.138842,
      10.782578,
      11.104446000000001,
      7.402963999999999,
      0.9656039999999999,
      3.8624159999999996,
      2.735878,
      17.380872,
      1.7702740000000001,
      0.6437360000000001,
      1.60934,
      0.80467,
      4.345218,
      0.32186800000000004,
      32.830535999999995,
      5.471756,
      5.310822,
      8.207633999999999,
      4.345218,
      2.735878,
      3.8624159999999996,
      0.0,
      13.035654,
      4.184284,
      4.506151999999999,
      29.933724,
      30.255592,
      4.82802,
      4.02335,
      8.529501999999999,
      7.402963999999999,
      9.495106,
      10.782578,
      3.379614,
      4.9889540000000006,
      6.43736,
      10.299776000000001,
      0.6437360000000001,
      0.9656039999999999,
      1.2874720000000002,
      4.9889540000000006
    ],
    [
      2.092142,
      3.379614,
      16.0934,
      11.909116000000001,
      394.0,
      0.80467,
      0.0,
      3.379614,
      4.02335,
      0.32186800000000004,
      12.230984,
      2.896812,
      11.26538,
      21.243288,
      23.174496,
      0.6437360000000001,
      14.48406,
      3.21868,
      7.402963999999999,
      11.587248,
      12.07005,
      7.724831999999999,
      0.16093400000000002,
      4.184284,
      3.7014819999999995,
      15.127796,
      0.48280199999999995,
      1.1265379999999998,
      2.41401,
      1.2874720000000002,
      2.735878,
      0.9656039999999999,
      30.57746,
      4.82802,
      6.115492,
      7.402963999999999,
      2.896812,
      2.2530759999999996,
      2.41401,
      0.0,
      12.87472,
      3.379614,
      3.7014819999999995,
      27.680647999999998,
      27.841582000000002,
      5.63269,
      3.21868,
      9.334171999999999,
      7.724831999999999,
      10.299776000000001,
      11.587248,
      2.41401,
      4.184284,
      6.759228,
      7.563898,
      1.448406,
      0.16093400000000002,
      2.2530759999999996,
      5.9545580000000005
    ],
    [
      5.149888000000001,
      5.149888000000001,
      18.185542,
      15.449663999999999,
      3.5405480000000003,
      4.82802,
      3.379614,
      0.0,
      0.9656039999999999,
      3.8624159999999996,
      18.990212,
      4.184284,
      14.805927999999998,
      20.438617999999998,
      22.208892000000002,
      4.506151999999999,
      11.587248,
      1.60934,
      14.644993999999999,
      15.127796,
      18.990212,
      11.26538,
      4.02335,
      7.402963999999999,
      6.9201619999999995,
      21.72609,
      3.379614,
      4.82802,
      5.63269,
      4.506151999999999,
      2.2530759999999996,
      4.9889540000000006,
      37.175754000000005,
      3.379614,
      12.230984,
      3.8624159999999996,
      0.32186800000000004,
      4.506151999999999,
      1.7702740000000001,
      0.0,
      8.85137,
      0.80467,
      2.2530759999999996,
      34.278942,
      34.60081,
      8.0467,
      0.80467,
      16.415267999999998,
      11.26538,
      13.840323999999999,
      11.104446000000001,
      2.092142,
      5.63269,
      10.138842,
      11.104446000000001,
      4.82802,
      3.5405480000000003,
      5.471756,
      9.173238
    ],
    [
      5.793624,
      6.115492,
      19.151146,
      16.0934,
      4.184284,
      5.471756,
      4.02335,
      0.9656039999999999,
      0.0,
      3.5405480000000003,
      18.829278,
      5.9545580000000005,
      14.644993999999999,
      18.024607999999997,
      19.794882,
      4.345218,
      14.966862,
      0.6437360000000001,
      14.48406,
      14.966862,
      18.668343999999998,
      11.26538,
      3.8624159999999996,
      7.724831999999999,
      6.759228,
      21.565156,
      3.21868,
      4.667085999999999,
      5.471756,
      4.345218,
      3.7014819999999995,
      4.82802,
      37.01482,
      2.41401,
      12.07005,
      4.9889540000000006,
      2.2530759999999996,
      6.276426,
      3.379614,
      0.0,
      7.885766,
      0.6437360000000001,
      0.80467,
      34.278942,
      34.439876,
      8.690436,
      2.41401,
      16.254334,
      11.26538,
      13.67939,
      14.644993999999999,
      1.9312079999999998,
      5.471756,
      10.299776000000001,
      14.644993999999999,
      4.667085999999999,
      3.379614,
      5.310822,
      9.012303999999999
    ],
    [
      2.2530759999999996,
      4.02335,
      16.576202000000002,
      11.909116000000001,
      0.32186800000000004,
      1.2874720000000002,
      0.32186800000000004,
      3.8624159999999996,
      3.5405480000000003,
      0.0,
      12.230984,
      3.057746,
      8.207633999999999,
      21.243288,
      23.013562,
      1.1265379999999998,
      14.644993999999999,
      3.21868,
      7.885766,
      11.426314,
      12.07005,
      8.207633999999999,
      0.48280199999999995,
      4.667085999999999,
      3.5405480000000003,
      15.449663999999999,
      0.48280199999999995,
      1.60934,
      2.41401,
      1.1265379999999998,
      2.735878,
      0.9656039999999999,
      37.81949,
      4.667085999999999,
      6.115492,
      7.24203,
      2.896812,
      2.735878,
      2.5749440000000003,
      0.0,
      12.87472,
      3.379614,
      3.7014819999999995,
      30.57746,
      28.324384000000002,
      5.63269,
      3.057746,
      9.495106,
      8.207633999999999,
      10.138842,
      11.587248,
      2.5749440000000003,
      4.184284,
      7.0810960000000005,
      8.0467,
      1.448406,
      0.32186800000000004,
      2.092142,
      5.793624
    ],
    [
      10.943512,
      10.782578,
      39.267896,
      5.63269,
      12.87472,
      11.26538,
      12.230984,
      18.990212,
      18.829278,
      12.230984,
      0.0,
      13.840323999999999,
      11.26538,
      30.416525999999998,
      32.1868,
      11.748182,
      29.933724,
      17.863674,
      10.943512,
      5.471756,
      1.2874720000000002,
      10.943512,
      11.909116000000001,
      10.299776000000001,
      8.529501999999999,
      3.5405480000000003,
      15.28873,
      11.748182,
      10.138842,
      14.323126,
      14.48406,
      11.426314,
      23.979166,
      19.31208,
      6.759228,
      23.33543,
      14.644993999999999,
      12.230984,
      14.162192000000001,
      0.0,
      23.979166,
      18.024607999999997,
      19.473014,
      12.552852,
      12.87472,
      9.816974,
      17.70274,
      5.149888000000001,
      10.943512,
      8.85137,
      7.24203,
      17.219938,
      16.576202000000002,
      11.748182,
      11.104446000000001,
      11.26538,
      12.230984,
      10.46071,
      6.759228
    ],
    [
      4.82802,
      3.8624159999999996,
      16.89807,
      11.587248,
      2.896812,
      4.184284,
      2.896812,
      4.184284,
      5.9545580000000005,
      3.057746,
      13.840323999999999,
      0.0,
      7.0810960000000005,
      21.887024,
      23.657297999999997,
      1.7702740000000001,
      13.035654,
      7.24203,
      6.9201619999999995,
      12.230984,
      12.391918,
      7.0810960000000005,
      1.9312079999999998,
      3.21868,
      4.82802,
      14.48406,
      3.379614,
      1.60934,
      3.8624159999999996,
      3.057746,
      3.379614,
      2.2530759999999996,
      29.933724,
      6.9201619999999995,
      7.0810960000000005,
      8.0467,
      3.5405480000000003,
      0.48280199999999995,
      2.41401,
      0.0,
      15.449663999999999,
      4.345218,
      6.759228,
      27.036912,
      27.197846,
      6.9201619999999995,
      5.310822,
      9.816974,
      7.0810960000000005,
      9.173238,
      11.748182,
      4.667085999999999,
      6.276426,
      6.115492,
      7.0810960000000005,
      2.896812,
      2.092142,
      3.7014819999999995,
      6.276426
    ],
    [
      6.598293999999999,
      5.310822,
      39.42883,
      6.598293999999999,
      7.724831999999999,
      10.299776000000001,
      11.26538,
      14.805927999999998,
      14.644993999999999,
      8.207633999999999,
      11.26538,
      7.0810960000000005,
      0.0,
      29.450922000000002,
      31.38213,
      6.276426,
      18.990212,
      16.576202000000002,
      0.32186800000000004,
      4.184284,
      8.0467,
      1.60934,
      6.43736,
      3.7014819999999995,
      3.7014819999999995,
      8.85137,
      7.24203,
      6.115492,
      4.506151999999999,
      7.0810960000000005,
      8.690436,
      5.793624,
      24.301033999999998,
      15.932466,
      3.057746,
      14.001257999999998,
      8.85137,
      5.793624,
      7.724831999999999,
      5.149888000000001,
      21.082354,
      9.65604,
      15.932466,
      21.404222,
      21.72609,
      12.87472,
      14.323126,
      5.471756,
      1.60934,
      0.9656039999999999,
      7.724831999999999,
      13.840323999999999,
      13.035654,
      0.32186800000000004,
      0.16093400000000002,
      5.793624,
      6.598293999999999,
      4.82802,
      2.092142
    ],
    [
      22.369826,
      24.301033999999998,
      51.177012,
      29.933724,
      21.243288,
      21.565156,
      21.243288,
      20.438617999999998,
      18.024607999999997,
      21.243288,
      30.416525999999998,
      21.887024,
      29.450922000000002,
      0.0,
      4.184284,
      20.11675,
      13.357522000000001,
      16.254334,
      27.680647999999998,
      29.450922000000002,
      29.611855999999996,
      28.002515999999996,
      19.633948,
      23.979166,
      22.691694,
      36.049215999999994,
      19.151146,
      22.208892000000002,
      21.72609,
      19.31208,
      22.53076,
      20.92142,
      51.659814000000004,
      14.644993999999999,
      25.105704,
      13.196587999999998,
      19.473014,
      21.082354,
      20.277684,
      0.0,
      11.426314,
      17.059003999999998,
      15.610598,
      48.119265999999996,
      48.441134000000005,
      24.1401,
      18.185542,
      29.611855999999996,
      28.324384000000002,
      26.715044000000002,
      25.105704,
      18.185542,
      18.50741,
      28.16345,
      27.680647999999998,
      19.955816000000002,
      19.31208,
      21.565156,
      26.232242
    ],
    [
      24.301033999999998,
      26.071308,
      52.947286,
      31.703998,
      23.013562,
      23.33543,
      23.174496,
      22.208892000000002,
      19.794882,
      23.013562,
      32.1868,
      23.657297999999997,
      31.38213,
      4.184284,
      0.0,
      22.53076,
      15.610598,
      18.50741,
      29.77279,
      31.864932,
      32.025866,
      30.738394000000003,
      22.047957999999998,
      26.232242,
      24.94477,
      38.302292,
      21.404222,
      24.622902,
      24.1401,
      21.565156,
      23.496364,
      23.174496,
      53.751956,
      16.89807,
      26.393175999999997,
      15.449663999999999,
      21.72609,
      23.496364,
      22.53076,
      0.0,
      13.67939,
      19.31208,
      18.024607999999997,
      50.533276,
      50.855144,
      26.55411,
      20.277684,
      31.864932,
      30.57746,
      29.129054000000004,
      27.519714,
      19.794882,
      20.760486,
      30.57746,
      29.933724,
      22.208892000000002,
      21.565156,
      23.818232000000002,
      28.485318
    ],
    [
      1.7702740000000001,
      2.735878,
      15.449663999999999,
      12.07005,
      0.80467,
      0.6437360000000001,
      0.6437360000000001,
      4.506151999999999,
      4.345218,
      1.1265379999999998,
      11.748182,
      1.7702740000000001,
      6.276426,
      20.11675,
      22.53076,
      0.0,
      14.323126,
      4.506151999999999,
      6.759228,
      8.690436,
      11.587248,
      7.0810960000000005,
      0.80467,
      3.5405480000000003,
      3.7014819999999995,
      14.323126,
      0.9656039999999999,
      0.48280199999999995,
      2.41401,
      1.9312079999999998,
      2.735878,
      0.80467,
      29.933724,
      6.115492,
      5.9545580000000005,
      9.495106,
      2.896812,
      1.60934,
      2.41401,
      0.0,
      16.737136,
      4.667085999999999,
      4.9889540000000006,
      26.875978,
      27.197846,
      5.63269,
      4.506151999999999,
      9.012303999999999,
      7.0810960000000005,
      7.402963999999999,
      11.587248,
      4.02335,
      5.63269,
      5.9545580000000005,
      6.9201619999999995,
      1.448406,
      0.80467,
      2.2530759999999996,
      5.471756
    ],
    [
      16.254334,
      15.449663999999999,
      43.45218,
      26.875978,
      14.48406,
      15.771532,
      14.48406,
      11.587248,
      14.966862,
      14.644993999999999,
      29.933724,
      13.035654,
      18.990212,
      13.357522000000001,
      15.610598,
      14.323126,
      0.0,
      13.840323999999999,
      24.94477,
      25.427572,
      29.129054000000004,
      21.565156,
      15.771532,
      17.541806,
      20.11675,
      32.1868,
      16.0934,
      15.932466,
      18.50741,
      16.737136,
      16.254334,
      16.737136,
      47.636464000000004,
      10.46071,
      21.565156,
      9.012303999999999,
      13.196587999999998,
      14.805927999999998,
      13.840323999999999,
      0.0,
      4.9889540000000006,
      13.518456,
      13.196587999999998,
      44.739652,
      44.900586,
      20.277684,
      15.610598,
      26.715044000000002,
      21.565156,
      24.1401,
      24.783836,
      14.966862,
      15.932466,
      20.438617999999998,
      25.105704,
      17.380872,
      16.737136,
      18.185542,
      20.599552000000003
    ],
    [
      4.9889540000000006,
      6.759228,
      19.633948,
      14.805927999999998,
      3.7014819999999995,
      4.02335,
      3.21868,
      1.60934,
      0.6437360000000001,
      3.21868,
      17.863674,
      7.24203,
      16.576202000000002,
      16.254334,
      18.50741,
      4.506151999999999,
      13.840323999999999,
      0.0,
      13.67939,
      14.323126,
      18.024607999999997,
      14.644993999999999,
      3.057746,
      7.0810960000000005,
      6.115492,
      20.92142,
      2.5749440000000003,
      4.02335,
      4.82802,
      3.7014819999999995,
      3.057746,
      4.02335,
      36.371084,
      1.9312079999999998,
      10.299776000000001,
      4.506151999999999,
      1.60934,
      5.63269,
      2.735878,
      0.0,
      7.563898,
      0.80467,
      0.48280199999999995,
      33.474272,
      33.79614,
      7.24203,
      1.7702740000000001,
      15.610598,
      14.644993999999999,
      13.035654,
      10.299776000000001,
      1.1265379999999998,
      4.667085999999999,
      9.65604,
      13.840323999999999,
      3.8624159999999996,
      2.735878,
      4.667085999999999,
      8.207633999999999
    ],
    [
      9.816974,
      5.149888000000001,
      4.184284,
      6.43736,
      7.563898,
      10.138842,
      7.402963999999999,
      14.644993999999999,
      14.48406,
      7.885766,
      10.943512,
      6.9201619999999995,
      0.32186800000000004,
      27.680647999999998,
      29.77279,
      6.759228,
      24.94477,
      13.67939,
      0.0,
      4.506151999999999,
      8.207633999999999,
      1.7702740000000001,
      6.598293999999999,
      4.02335,
      3.8624159999999996,
      9.173238,
      7.402963999999999,
      6.43736,
      4.82802,
      11.104446000000001,
      8.85137,
      5.9545580000000005,
      24.622902,
      16.0934,
      3.379614,
      20.11675,
      9.012303999999999,
      6.115492,
      7.885766,
      4.82802,
      21.404222,
      9.816974,
      16.254334,
      21.72609,
      21.887024,
      13.035654,
      14.48406,
      5.793624,
      1.7702740000000001,
      0.80467,
      8.0467,
      14.001257999999998,
      13.357522000000001,
      0.32186800000000004,
      0.16093400000000002,
      5.9545580000000005,
      6.759228,
      4.9889540000000006,
      2.896812
    ],
    [
      10.46071,
      10.782578,
      37.81949,
      1.9312079999999998,
      12.230984,
      10.782578,
      11.587248,
      15.127796,
      14.966862,
      11.426314,
      5.471756,
      12.230984,
      4.184284,
      29.450922000000002,
      31.864932,
      8.690436,
      25.427572,
      14.323126,
      4.506151999999999,
      0.0,
      5.149888000000001,
      6.115492,
      9.334171999999999,
      7.563898,
      5.9545580000000005,
      6.759228,
      12.07005,
      9.012303999999999,
      7.563898,
      10.943512,
      14.805927999999998,
      8.690436,
      22.208892000000002,
      16.0934,
      5.9545580000000005,
      20.11675,
      14.805927999999998,
      9.977908000000001,
      14.48406,
      4.667085999999999,
      21.243288,
      14.644993999999999,
      16.254334,
      19.31208,
      19.633948,
      11.748182,
      14.48406,
      5.149888000000001,
      6.115492,
      5.63269,
      8.207633999999999,
      14.001257999999998,
      13.357522000000001,
      4.667085999999999,
      6.276426,
      10.46071,
      11.587248,
      7.724831999999999,
      4.184284
    ],
    [
      10.943512,
      10.621644,
      39.106962,
      5.471756,
      12.713786,
      11.104446000000001,
      12.07005,
      18.990212,
      18.668343999999998,
      12.07005,
      1.2874720000000002,
      12.391918,
      8.0467,
      29.611855999999996,
      32.025866,
      11.587248,
      29.129054000000004,
      18.024607999999997,
      8.207633999999999,
      5.149888000000001,
      0.0,
      8.85137,
      11.748182,
      9.977908000000001,
      8.368568,
      3.379614,
      15.127796,
      11.426314,
      9.977908000000001,
      14.001257999999998,
      14.162192000000001,
      11.104446000000001,
      22.691694,
      19.151146,
      6.598293999999999,
      23.33543,
      14.323126,
      12.07005,
      17.541806,
      0.0,
      25.427572,
      17.70274,
      19.151146,
      13.035654,
      13.357522000000001,
      11.26538,
      17.541806,
      4.82802,
      8.690436,
      8.529501999999999,
      6.43736,
      16.89807,
      16.254334,
      8.368568,
      8.85137,
      11.104446000000001,
      14.644993999999999,
      10.138842,
      6.43736
    ],
    [
      6.598293999999999,
      5.310822,
      3.057746,
      5.9545580000000005,
      7.885766,
      7.402963999999999,
      7.724831999999999,
      11.26538,
      11.26538,
      8.207633999999999,
      10.943512,
      7.0810960000000005,
      1.60934,
      28.002515999999996,
      30.738394000000003,
      7.0810960000000005,
      21.565156,
      14.644993999999999,
      1.7702740000000001,
      6.115492,
      8.85137,
      0.0,
      10.299776000000001,
      6.759228,
      7.563898,
      9.977908000000001,
      10.299776000000001,
      9.977908000000001,
      9.495106,
      9.173238,
      13.035654,
      9.65604,
      25.427572,
      14.323126,
      3.7014819999999995,
      18.346476,
      13.035654,
      8.85137,
      12.713786,
      4.667085999999999,
      19.473014,
      12.87472,
      14.323126,
      22.53076,
      22.852628,
      11.26538,
      12.713786,
      6.43736,
      23.0,
      0.9656039999999999,
      8.0467,
      12.230984,
      11.587248,
      3.5405480000000003,
      2.896812,
      8.690436,
      9.816974,
      8.368568,
      3.379614
    ],
    [
      1.9312079999999998,
      3.379614,
      16.0934,
      9.977908000000001,
      0.32186800000000004,
      0.9656039999999999,
      0.16093400000000002,
      4.02335,
      3.8624159999999996,
      0.48280199999999995,
      11.909116000000001,
      1.9312079999999998,
      6.43736,
      19.633948,
      22.047957999999998,
      0.80467,
      15.771532,
      3.057746,
      6.598293999999999,
      9.334171999999999,
      11.748182,
      10.299776000000001,
      0.0,
      4.82802,
      3.7014819999999995,
      18.346476,
      0.32186800000000004,
      1.60934,
      2.41401,
      1.2874720000000002,
      3.7014819999999995,
      1.1265379999999998,
      33.79614,
      4.82802,
      6.115492,
      7.402963999999999,
      3.7014819999999995,
      2.896812,
      3.21868,
      0.0,
      13.035654,
      3.5405480000000003,
      3.8624159999999996,
      30.899327999999997,
      31.060262,
      5.63269,
      3.21868,
      9.495106,
      8.368568,
      10.299776000000001,
      11.587248,
      2.735878,
      4.345218,
      7.24203,
      11.26538,
      1.60934,
      0.32186800000000004,
      2.2530759999999996,
      5.9545580000000005
    ],
    [
      3.057746,
      1.448406,
      17.380872,
      8.0467,
      4.345218,
      3.8624159999999996,
      4.184284,
      7.402963999999999,
      7.724831999999999,
      4.667085999999999,
      10.299776000000001,
      3.21868,
      3.7014819999999995,
      23.979166,
      26.232242,
      3.5405480000000003,
      17.541806,
      7.0810960000000005,
      4.02335,
      7.563898,
      9.977908000000001,
      6.759228,
      4.82802,
      0.0,
      2.2530759999999996,
      11.909116000000001,
      5.9545580000000005,
      3.5405480000000003,
      2.735878,
      5.149888000000001,
      5.9545580000000005,
      4.02335,
      27.841582000000002,
      10.138842,
      4.02335,
      11.26538,
      6.115492,
      3.057746,
      4.9889540000000006,
      0.0,
      18.668343999999998,
      6.9201619999999995,
      9.977908000000001,
      24.622902,
      24.94477,
      7.885766,
      7.885766,
      6.759228,
      4.184284,
      6.115492,
      8.690436,
      7.24203,
      15.610598,
      3.057746,
      4.02335,
      3.8624159999999996,
      4.82802,
      3.21868,
      3.21868
    ],
    [
      2.5749440000000003,
      2.735878,
      17.863674,
      6.598293999999999,
      4.02335,
      2.735878,
      3.7014819999999995,
      6.9201619999999995,
      6.759228,
      3.5405480000000003,
      8.529501999999999,
      4.82802,
      3.7014819999999995,
      22.691694,
      24.94477,
      3.7014819999999995,
      20.11675,
      6.115492,
      3.8624159999999996,
      5.9545580000000005,
      8.368568,
      7.563898,
      3.7014819999999995,
      2.2530759999999996,
      0.0,
      13.035654,
      4.667085999999999,
      3.5405480000000003,
      1.9312079999999998,
      3.7014819999999995,
      6.276426,
      3.21868,
      27.35878,
      8.690436,
      2.5749440000000003,
      11.26538,
      6.43736,
      4.667085999999999,
      5.9545580000000005,
      0.0,
      15.771532,
      7.24203,
      7.563898,
      25.588506,
      25.74944,
      6.598293999999999,
      6.43736,
      5.63269,
      4.506151999999999,
      4.345218,
      6.759228,
      5.9545580000000005,
      7.724831999999999,
      3.5405480000000003,
      4.345218,
      3.057746,
      4.02335,
      2.2530759999999996,
      2.2530759999999996
    ],
    [
      17.219938,
      12.713786,
      36.532018,
      8.368568,
      15.610598,
      17.380872,
      15.127796,
      21.72609,
      21.565156,
      15.449663999999999,
      3.5405480000000003,
      14.48406,
      8.85137,
      36.049215999999994,
      38.302292,
      14.323126,
      32.1868,
      20.92142,
      9.173238,
      6.759228,
      3.379614,
      9.977908000000001,
      18.346476,
      11.909116000000001,
      13.035654,
      0.0,
      18.829278,
      14.644993999999999,
      13.035654,
      17.863674,
      21.565156,
      14.323126,
      20.760486,
      22.852628,
      11.26538,
      26.232242,
      22.208892000000002,
      14.805927999999998,
      16.737136,
      0.0,
      28.002515999999996,
      21.404222,
      23.013562,
      11.26538,
      11.587248,
      17.059003999999998,
      21.243288,
      10.46071,
      8.690436,
      9.495106,
      13.518456,
      20.760486,
      20.11675,
      9.495106,
      8.85137,
      14.162192000000001,
      18.346476,
      13.357522000000001,
      10.943512
    ],
    [
      2.896812,
      4.667085999999999,
      16.89807,
      12.230984,
      0.6437360000000001,
      1.7702740000000001,
      0.48280199999999995,
      3.379614,
      3.21868,
      0.48280199999999995,
      15.28873,
      3.379614,
      7.24203,
      19.151146,
      21.404222,
      0.9656039999999999,
      16.0934,
      2.5749440000000003,
      7.402963999999999,
      12.07005,
      15.127796,
      10.299776000000001,
      0.32186800000000004,
      5.9545580000000005,
      4.667085999999999,
      18.829278,
      0.0,
      1.448406,
      3.057746,
      1.9312079999999998,
      2.41401,
      1.9312079999999998,
      30.899327999999997,
      4.82802,
      7.24203,
      7.402963999999999,
      2.5749440000000003,
      2.5749440000000003,
      2.092142,
      0.0,
      12.391918,
      3.379614,
      3.7014819999999995,
      32.99147,
      33.313338,
      6.276426,
      2.5749440000000003,
      9.977908000000001,
      8.0467,
      11.426314,
      9.334171999999999,
      2.092142,
      4.184284,
      7.0810960000000005,
      7.885766,
      2.092142,
      0.48280199999999995,
      2.896812,
      6.43736
    ],
    [
      1.7702740000000001,
      2.2530759999999996,
      14.966862,
      9.816974,
      1.1265379999999998,
      0.6437360000000001,
      1.1265379999999998,
      4.82802,
      4.667085999999999,
      1.60934,
      11.748182,
      1.60934,
      6.115492,
      22.208892000000002,
      24.622902,
      0.48280199999999995,
      15.932466,
      4.02335,
      6.43736,
      9.012303999999999,
      11.426314,
      9.977908000000001,
      1.60934,
      3.5405480000000003,
      3.5405480000000003,
      14.644993999999999,
      1.448406,
      0.0,
      2.2530759999999996,
      1.60934,
      2.735878,
      0.80467,
      29.77279,
      6.276426,
      5.793624,
      9.65604,
      2.896812,
      1.448406,
      2.5749440000000003,
      0.0,
      13.67939,
      3.7014819999999995,
      5.149888000000001,
      27.35878,
      27.680647999999998,
      5.471756,
      4.506151999999999,
      8.85137,
      6.9201619999999995,
      7.402963999999999,
      11.426314,
      4.02335,
      5.63269,
      5.9545580000000005,
      6.9201619999999995,
      1.448406,
      1.60934,
      2.092142,
      5.310822
    ],
    [
      1.2874720000000002,
      1.448406,
      16.576202000000002,
      8.207633999999999,
      2.735878,
      1.60934,
      2.41401,
      5.63269,
      5.471756,
      2.41401,
      10.138842,
      3.8624159999999996,
      4.506151999999999,
      21.72609,
      24.1401,
      2.41401,
      18.50741,
      4.82802,
      4.82802,
      7.563898,
      9.977908000000001,
      9.495106,
      2.41401,
      2.735878,
      1.9312079999999998,
      13.035654,
      3.057746,
      2.2530759999999996,
      0.0,
      2.5749440000000003,
      5.310822,
      2.092142,
      28.646252,
      7.563898,
      3.7014819999999995,
      13.357522000000001,
      5.471756,
      3.8624159999999996,
      4.9889540000000006,
      0.0,
      14.644993999999999,
      6.276426,
      6.598293999999999,
      26.715044000000002,
      27.036912,
      5.471756,
      5.471756,
      6.9201619999999995,
      5.793624,
      5.63269,
      7.885766,
      4.9889540000000006,
      6.598293999999999,
      4.82802,
      5.793624,
      2.092142,
      3.057746,
      0.32186800000000004,
      3.5405480000000003
    ],
    [
      2.41401,
      3.8624159999999996,
      16.737136,
      11.26538,
      1.9312079999999998,
      0.80467,
      1.2874720000000002,
      4.506151999999999,
      4.345218,
      1.1265379999999998,
      14.323126,
      3.057746,
      7.0810960000000005,
      19.31208,
      21.565156,
      1.9312079999999998,
      16.737136,
      3.7014819999999995,
      11.104446000000001,
      10.943512,
      14.001257999999998,
      9.173238,
      1.2874720000000002,
      5.149888000000001,
      3.7014819999999995,
      17.863674,
      1.9312079999999998,
      1.60934,
      2.5749440000000003,
      0.0,
      4.02335,
      0.6437360000000001,
      32.347734,
      5.471756,
      4.82802,
      8.0467,
      4.184284,
      2.735878,
      3.8624159999999996,
      0.0,
      12.391918,
      4.02335,
      4.345218,
      29.450922000000002,
      29.77279,
      4.345218,
      3.8624159999999996,
      8.207633999999999,
      7.885766,
      9.012303999999999,
      10.299776000000001,
      3.5405480000000003,
      0.80467,
      6.9201619999999995,
      9.816974,
      0.80467,
      1.1265379999999998,
      1.9312079999999998,
      4.9889540000000006
    ],
    [
      4.506151999999999,
      4.667085999999999,
      17.70274,
      14.966862,
      2.735878,
      4.345218,
      2.735878,
      2.2530759999999996,
      3.7014819999999995,
      2.735878,
      14.48406,
      3.379614,
      8.690436,
      22.53076,
      23.496364,
      2.735878,
      16.254334,
      3.057746,
      8.85137,
      14.805927999999998,
      14.162192000000001,
      13.035654,
      3.7014819999999995,
      5.9545580000000005,
      6.276426,
      21.565156,
      2.41401,
      2.735878,
      5.310822,
      4.02335,
      0.0,
      2.735878,
      34.922678,
      3.379614,
      7.24203,
      6.115492,
      2.2530759999999996,
      4.02335,
      1.7702740000000001,
      0.0,
      11.587248,
      2.092142,
      2.41401,
      32.025866,
      32.347734,
      5.9545580000000005,
      1.9312079999999998,
      10.621644,
      9.334171999999999,
      11.587248,
      9.012303999999999,
      0.80467,
      3.379614,
      8.368568,
      12.391918,
      2.5749440000000003,
      1.448406,
      3.21868,
      6.9201619999999995
    ],
    [
      0.80467,
      2.896812,
      15.449663999999999,
      9.334171999999999,
      0.80467,
      0.32186800000000004,
      0.9656039999999999,
      4.9889540000000006,
      4.82802,
      0.9656039999999999,
      11.426314,
      2.2530759999999996,
      5.793624,
      20.92142,
      23.174496,
      0.80467,
      16.737136,
      4.02335,
      5.9545580000000005,
      8.690436,
      11.104446000000001,
      9.65604,
      1.1265379999999998,
      4.02335,
      3.21868,
      14.323126,
      1.9312079999999998,
      0.80467,
      2.092142,
      0.6437360000000001,
      2.735878,
      0.0,
      30.255592,
      5.471756,
      5.149888000000001,
      8.0467,
      4.184284,
      2.5749440000000003,
      3.8624159999999996,
      0.0,
      13.035654,
      4.02335,
      4.345218,
      29.77279,
      30.094658,
      4.667085999999999,
      3.8624159999999996,
      8.529501999999999,
      7.24203,
      9.334171999999999,
      10.621644,
      3.379614,
      4.9889540000000006,
      6.276426,
      10.138842,
      0.6437360000000001,
      0.80467,
      1.2874720000000002,
      4.9889540000000006
    ],
    [
      29.611855999999996,
      28.16345,
      17.863674,
      23.818232000000002,
      34.439876,
      32.830535999999995,
      30.57746,
      37.175754000000005,
      37.01482,
      37.81949,
      23.979166,
      29.933724,
      24.301033999999998,
      51.659814000000004,
      53.751956,
      29.933724,
      47.636464000000004,
      36.371084,
      24.622902,
      22.208892000000002,
      22.691694,
      25.427572,
      33.79614,
      27.841582000000002,
      27.35878,
      20.760486,
      30.899327999999997,
      29.77279,
      28.646252,
      32.347734,
      34.922678,
      30.255592,
      0.0,
      37.980424,
      26.393175999999997,
      42.003774,
      37.336687999999995,
      29.933724,
      44.739652,
      0.0,
      43.291246,
      36.532018,
      38.141358,
      18.829278,
      19.151146,
      32.1868,
      36.371084,
      25.588506,
      23.818232000000002,
      24.622902,
      28.646252,
      35.888282000000004,
      35.244546,
      24.622902,
      23.979166,
      32.347734,
      33.635206,
      28.485318,
      26.071308
    ],
    [
      6.598293999999999,
      9.334171999999999,
      21.243288,
      16.254334,
      5.149888000000001,
      5.471756,
      4.82802,
      3.379614,
      2.41401,
      4.667085999999999,
      19.31208,
      6.9201619999999995,
      15.932466,
      14.644993999999999,
      16.89807,
      6.115492,
      10.46071,
      1.9312079999999998,
      16.0934,
      16.0934,
      19.151146,
      14.323126,
      4.82802,
      10.138842,
      8.690436,
      22.852628,
      4.82802,
      6.276426,
      7.563898,
      5.471756,
      3.379614,
      5.471756,
      37.980424,
      0.0,
      11.909116000000001,
      3.7014819999999995,
      3.379614,
      7.724831999999999,
      4.345218,
      0.0,
      8.690436,
      2.5749440000000003,
      1.2874720000000002,
      35.083612,
      35.40548,
      8.85137,
      3.5405480000000003,
      17.059003999999998,
      16.0934,
      14.48406,
      12.07005,
      2.896812,
      6.276426,
      16.0934,
      15.449663999999999,
      5.63269,
      4.506151999999999,
      6.276426,
      9.977908000000001
    ],
    [
      4.9889540000000006,
      5.149888000000001,
      20.11675,
      4.82802,
      6.759228,
      5.310822,
      6.115492,
      12.230984,
      12.07005,
      6.115492,
      6.759228,
      7.0810960000000005,
      3.057746,
      25.105704,
      26.393175999999997,
      5.9545580000000005,
      21.565156,
      10.299776000000001,
      3.379614,
      5.9545580000000005,
      6.598293999999999,
      3.7014819999999995,
      6.115492,
      4.02335,
