{
  "drive_dist_matrix": [
    [
      0.0,
      24.6,
      21.3,
      4.7,
      6.9,
      5.2,
      1.2,
      5.5,
      2.7,
      8.7,
      0.9,
      5.5,
      6.1,
      4.8,
      5.4,
      0.35,
      6.2,
      0.85,
      1.0,
      6.0,
      7.2,
      8.0,
      1.3,
      10.0,
      8.6,
      6.2,
      6.1,
      1.6,
      3.7,
      1.4,
      5.1,
      8.8,
      14.6,
      8.6,
      19.4,
      19.7,
      4.4,
      25.1,
      3.7,
      4.4,
      5.9,
      4.5,
      9.6,
      0.65,
      24.6,
      9.8,
      17.9,
      30.6,
      13.2,
      4.4,
      0.13,
      9.4,
      4.1,
      4.9,
      5.0,
      25.0,
      5.7,
      15.5,
      10.0,
      24.9
    ],
    [
      24.6,
      0.0,
      14.4,
      24.1,
      32.6,
      31.9,
      24.7,
      32.2,
      24.8,
      31.3,
      26.1,
      32.2,
      31.8,
      23.8,
      32.1,
      25.0,
      36.4,
      24.4,
      24.1,
      25.4,
      31.7,
      35.6,
      24.8,
      29.2,
      30.9,
      36.3,
      20.6,
      24.4,
      22.6,
      25.1,
      31.8,
      34.5,
      25.9,
      20.2,
      16.1,
      40.4,
      31.7,
      2.6,
      21.7,
      22.5,
      25.2,
      22.1,
      31.9,
      25.5,
      0.85,
      21.9,
      14.6,
      11.9,
      14.7,
      23.1,
      24.4,
      15.1,
      22.9,
      23.6,
      22.5,
      0.4,
      25.0,
      26.9,
      17.1,
      0.7
    ],
    [
      21.3,
      14.4,
      0.0,
      16.2,
      31.2,
      26.4,
      19.8,
      26.6,
      22.7,
      38.8,
      20.1,
      26.6,
      30.1,
      18.3,
      26.6,
      19.5,
      27.4,
      19.7,
      19.8,
      19.9,
      39.1,
      28.2,
      20.6,
      22.9,
      38.3,
      27.3,
      28.0,
      22.3,
      20.6,
      20.2,
      26.3,
      39.6,
      18.0,
      16.3,
      5.1,
      32.4,
      26.5,
      15.7,
      29.2,
      17.0,
      19.7,
      18.2,
      39.3,
      20.0,
      15.2,
      15.0,
      6.7,
      20.4,
      6.8,
      21.1,
      18.9,
      22.5,
      20.8,
      21.6,
      16.4,
      15.6,
      19.5,
      34.3,
      14.7,
      15.5
    ],
    [
      4.7,
      24.1,
      16.2,
      0.0,
      10.1,
      8.4,
      4.2,
      8.7,
      3.6,
      11.9,
      4.5,
      8.7,
      9.3,
      5.2,
      8.6,
      3.9,
      9.4,
      4.1,
      4.2,
      10.7,
      10.4,
      11.2,
      5.0,
      14.7,
      11.4,
      9.1,
      2.3,
      3.2,
      1.4,
      4.6,
      8.3,
      12.0,
      11.8,
      5.4,
      16.6,
      21.2,
      7.6,
      22.2,
      3.9,
      0.75,
      10.5,
      2.3,
      11.2,
      4.4,
      21.7,
      7.1,
      15.1,
      28.0,
      9.0,
      2.0,
      3.3,
      6.9,
      1.5,
      2.5,
      0.26,
      22.1,
      10.3,
      15.0,
      5.4,
      22.0
    ],
    [
      6.9,
      32.6,
      31.2,
      10.1,
      0.0,
      5.0,
      8.2,
      5.2,
      10.3,
      1.0,
      8.9,
      5.2,
      0.65,
      20.3,
      5.2,
      9.8,
      6.3,
      8.0,
      8.5,
      16.0,
      1.0,
      6.3,
      9.3,
      17.3,
      2.3,
      6.3,
      12.2,
      9.6,
      11.3,
      8.6,
      4.9,
      5.1,
      25.1,
      22.8,
      41.2,
      15.7,
      6.9,
      31.2,
      9.8,
      11.9,
      15.8,
      12.1,
      1.4,
      8.8,
      30.8,
      24.1,
      39.7,
      36.8,
      31.4,
      12.0,
      11.2,
      19.1,
      11.6,
      12.5,
      14.2,
      31.1,
      15.6,
      10.7,
      23.2,
      31.1
    ],
    [
      5.2,
      31.9,
      26.4,
      8.4,
      5.0,
      0.0,
      7.4,
      0.27,
      7.2,
      6.8,
      5.7,
      0.75,
      4.1,
      8.3,
      0.21,
      6.8,
      1.0,
      7.1,
      7.6,
      9.0,
      5.3,
      2.8,
      8.1,
      13.0,
      6.4,
      1.0,
      12.4,
      6.5,
      8.1,
      6.5,
      0.13,
      2.3,
      19.1,
      16.8,
      27.6,
      9.7,
      3.7,
      33.1,
      10.0,
      9.5,
      8.8,
      10.4,
      5.8,
      5.6,
      32.7,
      18.1,
      26.1,
      38.7,
      21.3,
      8.8,
      8.0,
      23.2,
      8.5,
      9.3,
      10.0,
      33.0,
      8.6,
      14.7,
      21.9,
      33.0
    ],
    [
      1.2,
      24.7,
      19.8,
      4.2,
      8.2,
      7.4,
      0.0,
      5.3,
      3.3,
      7.9,
      1.9,
      5.3,
      5.3,
      5.3,
      5.2,
      1.2,
      6.1,
      0.13,
      0.55,
      5.9,
      6.5,
      7.8,
      2.6,
      9.9,
      7.5,
      6.0,
      6.5,
      2.6,
      4.3,
      0.65,
      4.9,
      8.0,
      15.2,
      8.7,
      20.0,
      18.9,
      4.2,
      24.4,
      4.1,
      5.2,
      5.7,
      5.3,
      7.6,
      1.7,
      24.0,
      10.4,
      18.5,
      30.0,
      13.8,
      5.0,
      1.3,
      9.7,
      4.6,
      5.4,
      5.8,
      24.4,
      5.5,
      14.8,
      10.3,
      24.3
    ],
    [
      5.5,
      32.2,
      26.6,
      8.7,
      5.2,
      0.27,
      5.3,
      0.0,
      6.6,
      6.2,
      5.1,
      0.086,
      3.5,
      9.1,
      0.046,
      6.2,
      0.23,
      6.5,
      6.6,
      9.1,
      4.7,
      2.6,
      7.5,
      13.1,
      5.8,
      0.21,
      11.8,
      5.9,
      7.5,
      5.9,
      0.35,
      1.9,
      19.5,
      11.9,
      28.0,
      10.1,
      3.1,
      33.5,
      9.4,
      8.9,
      8.9,
      9.8,
      5.6,
      5.0,
      33.0,
      13.7,
      21.7,
      39.1,
      21.7,
      8.2,
      7.4,
      21.4,
      7.9,
      8.7,
      9.4,
      33.4,
      8.7,
      12.9,
      22.3,
      33.3
    ],
    [
      2.7,
      24.8,
      22.7,
      3.6,
      10.3,
      7.2,
      3.3,
      6.6,
      0.0,
      10.0,
      0.85,
      4.9,
      7.4,
      4.0,
      4.8,
      3.0,
      5.6,
      3.5,
      3.6,
      5.5,
      8.5,
      7.4,
      4.4,
      9.4,
      9.6,
      5.6,
      5.9,
      0.85,
      2.5,
      2.7,
      4.5,
      6.9,
      13.4,
      7.4,
      18.2,
      15.9,
      3.8,
      23.9,
      4.7,
      3.9,
      5.3,
      4.8,
      10.9,
      0.55,
      23.4,
      8.7,
      16.7,
      29.5,
      12.1,
      3.2,
      1.2,
      13.3,
      2.9,
      3.7,
      4.4,
      23.8,
      5.1,
      14.6,
      12.7,
      23.8
    ],
    [
      8.7,
      31.3,
      38.8,
      11.9,
      1.0,
      6.8,
      7.9,
      6.2,
      10.0,
      0.0,
      9.1,
      5.5,
      2.6,
      19.2,
      5.4,
      10.2,
      6.6,
      8.3,
      8.8,
      14.9,
      0.75,
      6.6,
      9.6,
      18.9,
      0.6,
      6.5,
      17.8,
      9.9,
      11.5,
      8.9,
      5.1,
      5.4,
      24.0,
      21.7,
      40.1,
      14.6,
      7.1,
      30.1,
      10.1,
      12.2,
      14.7,
      19.3,
      1.0,
      9.0,
      29.7,
      23.0,
      38.6,
      35.7,
      26.2,
      12.2,
      11.4,
      18.0,
      11.9,
      12.7,
      19.7,
      30.0,
      14.5,
      9.6,
      22.1,
      30.0
    ],
    [
      0.9,
      26.1,
      20.1,
      4.5,
      8.9,
      5.7,
      1.9,
      5.1,
      0.85,
      9.1,
      0.0,
      5.0,
      6.8,
      4.3,
      4.9,
      0.8,
      5.8,
      1.6,
      1.7,
      5.6,
      8.0,
      7.5,
      2.5,
      9.5,
      9.0,
      5.7,
      6.9,
      1.6,
      3.2,
      2.1,
      4.6,
      7.0,
      14.1,
      8.1,
      18.9,
      16.0,
      3.9,
      24.6,
      4.5,
      4.6,
      5.4,
      5.3,
      10.3,
      0.27,
      24.2,
      9.4,
      17.4,
      30.2,
      12.8,
      3.9,
      0.95,
      10.1,
      3.6,
      4.4,
      5.1,
      24.5,
      5.2,
      16.2,
      10.7,
      24.5
    ],
    [
      5.5,
      32.2,
      26.6,
      8.7,
      5.2,
      0.75,
      5.3,
      0.086,
      4.9,
      5.5,
      5.0,
      0.0,
      3.5,
      9.1,
      0.13,
      6.2,
      0.14,
      6.5,
      6.6,
      9.1,
      4.7,
      2.6,
      7.5,
      12.7,
      5.8,
      0.35,
      11.8,
      5.9,
      7.5,
      5.9,
      0.65,
      1.9,
      19.5,
      12.4,
      28.0,
      10.1,
      3.1,
      33.5,
      9.4,
      8.9,
      8.9,
      9.8,
      5.6,
      5.0,
      33.0,
      13.7,
      21.7,
      39.1,
      21.7,
      8.2,
      7.4,
      21.4,
      7.9,
      8.7,
      9.4,
      33.4,
      8.7,
      12.9,
      15.6,
      33.1
    ],
    [
      6.1,
      31.8,
      30.1,
      9.3,
      0.65,
      4.1,
      5.3,
      3.5,
      7.4,
      2.6,
      6.8,
      3.5,
      0.0,
      19.2,
      6.9,
      11.2,
      8.6,
      8.9,
      9.4,
      14.9,
      1.1,
      7.9,
      10.3,
      18.9,
      2.2,
      8.6,
      11.9,
      11.5,
      13.2,
      9.6,
      6.6,
      6.8,
      24.0,
      21.7,
      40.2,
      14.6,
      8.5,
      30.1,
      9.5,
      11.9,
      14.7,
      12.1,
      1.5,
      10.7,
      29.7,
      23.0,
      38.6,
      35.7,
      26.2,
      13.9,
      11.2,
      18.1,
      13.6,
      14.4,
      12.5,
      30.1,
      14.5,
      9.6,
      22.1,
      30.0
    ],
    [
      4.8,
      23.8,
      18.3,
      5.2,
      20.3,
      8.3,
      5.3,
      9.1,
      4.0,
      19.2,
      4.3,
      9.1,
      19.2,
      0.0,
      6.9,
      4.9,
      7.7,
      5.1,
      5.2,
      6.5,
      10.7,
      14.8,
      6.0,
      8.0,
      11.7,
      7.7,
      7.0,
      2.4,
      2.7,
      4.8,
      6.6,
      9.0,
      8.9,
      6.1,
      17.4,
      16.9,
      5.9,
      22.6,
      5.7,
      4.3,
      6.3,
      5.8,
      11.8,
      5.4,
      22.2,
      7.8,
      15.9,
      28.5,
      11.0,
      2.2,
      3.9,
      12.2,
      2.9,
      2.4,
      5.2,
      22.6,
      6.1,
      15.6,
      10.3,
      22.5
    ],
    [
      5.4,
      32.1,
      26.6,
      8.6,
      5.2,
      0.21,
      5.2,
      0.046,
      4.8,
      5.4,
      4.9,
      0.13,
      6.9,
      6.9,
      0.0,
      6.2,
      0.28,
      6.6,
      6.7,
      9.0,
      4.7,
      2.7,
      7.5,
      12.7,
      5.8,
      0.25,
      11.8,
      5.9,
      7.6,
      5.9,
      0.3,
      2.0,
      19.2,
      12.4,
      27.7,
      9.8,
      3.2,
      33.5,
      9.4,
      9.0,
      8.9,
      9.8,
      5.6,
      5.0,
      32.7,
      18.1,
      26.2,
      39.1,
      21.4,
      8.3,
      7.5,
      21.4,
      7.9,
      8.7,
      9.5,
      33.1,
      8.6,
      13.0,
      22.0,
      33.0
    ],
    [
      0.35,
      25.0,
      19.5,
      3.9,
      9.8,
      6.8,
      1.2,
      6.2,
      3.0,
      10.2,
      0.8,
      6.2,
      11.2,
      4.9,
      6.2,
      0.0,
      5.5,
      1.2,
      1.2,
      5.4,
      7.5,
      7.3,
      2.1,
      9.3,
      8.5,
      5.5,
      6.4,
      1.4,
      3.0,
      1.7,
      4.4,
      6.8,
      13.9,
      7.9,
      18.7,
      15.8,
      3.7,
      24.4,
      4.0,
      4.4,
      5.2,
      4.8,
      9.9,
      0.7,
      23.9,
      9.2,
      17.2,
      30.0,
      12.6,
      3.7,
      0.6,
      9.6,
      3.4,
      4.2,
      4.9,
      24.3,
      5.0,
      15.8,
      10.2,
      24.3
    ],
    [
      6.2,
      36.4,
      27.4,
      9.4,
      6.3,
      1.0,
      6.1,
      0.23,
      5.6,
      6.6,
      5.8,
      0.14,
      8.6,
      7.7,
      0.28,
      5.5,
      0.0,
      6.5,
      6.6,
      9.8,
      4.6,
      3.9,
      7.4,
      13.7,
      5.7,
      0.068,
      11.7,
      5.8,
      7.5,
      5.8,
      0.5,
      3.6,
      18.4,
      12.3,
      23.2,
      10.9,
      3.1,
      33.4,
      9.3,
      8.9,
      9.6,
      9.7,
      5.5,
      5.0,
      33.0,
      13.6,
      21.7,
      39.0,
      17.0,
      8.2,
      7.4,
      21.4,
      7.8,
      8.7,
      9.4,
      33.4,
      9.4,
      12.9,
      15.5,
      33.3
    ],
    [
      0.85,
      24.4,
      19.7,
      4.1,
      8.0,
      7.1,
      0.13,
      6.5,
      3.5,
      8.3,
      1.6,
      6.5,
      8.9,
      5.1,
      6.6,
      1.2,
      6.5,
      0.0,
      0.4,
      5.8,
      6.4,
      7.7,
      1.3,
      9.7,
      7.4,
      5.8,
      5.7,
      2.5,
      4.1,
      0.5,
      4.8,
      7.9,
      15.0,
      9.0,
      19.8,
      18.8,
      4.1,
      23.6,
      3.3,
      3.9,
      5.6,
      4.1,
      8.7,
      1.6,
      23.2,
      10.3,
      18.3,
      29.2,
      13.7,
      4.8,
      4.0,
      8.9,
      4.5,
      5.3,
      4.5,
      23.5,
      5.4,
      14.6,
      9.5,
      23.5
    ],
    [
      1.0,
      24.1,
      19.8,
      4.2,
      8.5,
      7.6,
      0.55,
      6.6,
      3.6,
      8.8,
      1.7,
      6.6,
      9.4,
      5.2,
      6.7,
      1.2,
      6.6,
      0.4,
      0.0,
      6.7,
      6.5,
      12.2,
      2.1,
      10.6,
      7.5,
      7.0,
      5.2,
      3.4,
      5.0,
      0.65,
      5.9,
      8.1,
      15.9,
      9.9,
      20.7,
      19.0,
      5.0,
      23.1,
      2.8,
      4.7,
      6.5,
      4.8,
      8.9,
      2.5,
      22.7,
      11.2,
      19.2,
      28.7,
      14.6,
      5.7,
      4.9,
      8.4,
      5.4,
      6.2,
      5.3,
      23.0,
      6.3,
      14.8,
      9.0,
      23.0
    ],
    [
      6.0,
      25.4,
      19.9,
      10.7,
      16.0,
      9.0,
      5.9,
      9.1,
      5.5,
      14.9,
      5.6,
      9.1,
      14.9,
      6.5,
      9.0,
      5.4,
      9.8,
      5.8,
      6.7,
      0.0,
      12.2,
      9.1,
      8.6,
      5.9,
      13.3,
      7.7,
      12.1,
      7.1,
      10.7,
      7.1,
      6.7,
      9.8,
      10.8,
      9.8,
      20.6,
      11.2,
      7.0,
      26.1,
      10.6,
      12.3,
      0.7,
      10.7,
      13.1,
      6.2,
      25.6,
      11.1,
      19.1,
      31.7,
      14.3,
      11.2,
      8.6,
      20.0,
      11.0,
      8.4,
      12.8,
      26.0,
      0.9,
      20.4,
      14.9,
      25.9
    ],
    [
      7.2,
      31.7,
      39.1,
      10.4,
      1.0,
      5.3,
      6.5,
      4.7,
      8.5,
      0.75,
      8.0,
      4.7,
      1.1,
      10.7,
      4.7,
      7.5,
      4.6,
      6.4,
      6.5,
      12.2,
      0.0,
      6.7,
      9.6,
      20.1,
      1.2,
      6.2,
      17.8,
      10.0,
      11.6,
      8.9,
      5.2,
      5.4,
      24.1,
      21.7,
      40.2,
      14.6,
      7.2,
      30.2,
      10.2,
      12.3,
      14.8,
      12.4,
      0.65,
      9.1,
      29.7,
      23.0,
      38.7,
      35.8,
      26.2,
      12.3,
      11.5,
      18.1,
      12.0,
      12.8,
      19.8,
      30.1,
      14.6,
      9.6,
      22.1,
      30.1
    ],
    [
      8.0,
      35.6,
      28.2,
      11.2,
      6.3,
      2.8,
      7.8,
      2.6,
      7.4,
      6.6,
      7.5,
      2.6,
      7.9,
      14.8,
      2.7,
      7.3,
      3.9,
      7.7,
      12.2,
      9.1,
      6.7,
      0.0,
      8.4,
      13.6,
      5.6,
      2.0,
      12.3,
      6.8,
      8.4,
      6.8,
      2.0,
      1.0,
      20.1,
      13.3,
      24.1,
      10.7,
      4.0,
      33.3,
      10.3,
      9.8,
      9.8,
      10.7,
      5.5,
      5.9,
      32.9,
      14.6,
      22.6,
      38.9,
      18.0,
      9.1,
      8.3,
      21.3,
      8.8,
      9.6,
      10.3,
      33.3,
      9.6,
      12.8,
      22.9,
      33.2
    ],
    [
      1.3,
      24.8,
      20.6,
      5.0,
      9.3,
      8.1,
      2.6,
      7.5,
      4.4,
      9.6,
      2.5,
      7.5,
      10.3,
      6.0,
      7.5,
      2.1,
      7.4,
      1.3,
      2.1,
      8.6,
      9.6,
      8.4,
      0.0,
      11.3,
      9.0,
      7.4,
      5.3,
      2.6,
      4.0,
      2.1,
      6.4,
      9.5,
      14.9,
      8.8,
      19.7,
      20.4,
      5.7,
      23.3,
      2.9,
      2.9,
      7.2,
      3.0,
      10.3,
      3.2,
      22.8,
      10.1,
      18.1,
      28.9,
      11.7,
      4.6,
      1.4,
      8.6,
      4.3,
      5.1,
      3.5,
      25.3,
      7.0,
      12.8,
      9.2,
      25.2
    ],
    [
      10.0,
      29.2,
      22.9,
      14.7,
      17.3,
      13.0,
      9.9,
      13.1,
      9.4,
      18.9,
      9.5,
      12.7,
      18.9,
      8.0,
      12.7,
      9.3,
      13.7,
      9.7,
      10.6,
      5.9,
      20.1,
      13.6,
      11.3,
      0.0,
      17.2,
      11.6,
      12.9,
      7.1,
      8.6,
      9.6,
      11.4,
      13.7,
      6.6,
      11.1,
      21.7,
      18.0,
      10.7,
      33.3,
      10.5,
      10.4,
      3.7,
      10.5,
      17.0,
      9.4,
      32.9,
      9.2,
      19.6,
      38.1,
      24.5,
      8.5,
      8.7,
      18.5,
      9.0,
      8.7,
      10.5,
      33.2,
      3.5,
      24.2,
      15.6,
      33.2
    ],
    [
      8.6,
      30.9,
      38.3,
      11.4,
      2.3,
      6.4,
      7.5,
      5.8,
      9.6,
      0.6,
      9.0,
      5.8,
      2.2,
      11.7,
      5.8,
      8.5,
      5.7,
      7.4,
      7.5,
      13.3,
      1.2,
      5.6,
      9.0,
      17.2,
      0.0,
      6.6,
      17.6,
      10.3,
      12.0,
      9.0,
      5.6,
      5.8,
      23.9,
      21.5,
      40.0,
      14.4,
      7.6,
      30.0,
      10.2,
      12.3,
      14.6,
      19.2,
      1.0,
      9.4,
      29.5,
      22.8,
      38.5,
      35.6,
      26.0,
      12.7,
      11.9,
      17.9,
      12.3,
      13.1,
      19.6,
      29.9,
      14.4,
      9.4,
      21.9,
      29.9
    ],
    [
      6.2,
      36.3,
      27.3,
      9.1,
      6.3,
      1.0,
      6.0,
      0.21,
      5.6,
      6.5,
      5.7,
      0.35,
      8.6,
      7.7,
      0.25,
      5.5,
      0.068,
      5.8,
      7.0,
      7.7,
      6.2,
      2.0,
      7.4,
      11.6,
      6.6,
      0.0,
      11.7,
      5.8,
      7.4,
      5.8,
      0.55,
      3.6,
      18.3,
      12.3,
      23.1,
      10.8,
      3.0,
      33.4,
      9.3,
      8.8,
      9.6,
      9.7,
      5.5,
      4.9,
      32.9,
      13.6,
      21.6,
      39.0,
      17.0,
      8.1,
      7.3,
      21.3,
      7.8,
      8.6,
      9.3,
      33.3,
      9.4,
      12.8,
      15.5,
      33.2
    ],
    [
      6.1,
      20.6,
      28.0,
      2.3,
      12.2,
      12.4,
      6.5,
      11.8,
      5.9,
      17.8,
      6.9,
      11.8,
      11.9,
      7.0,
      11.8,
      6.4,
      11.7,
      5.7,
      5.2,
      12.1,
      17.8,
      12.3,
      5.3,
      12.9,
      17.6,
      11.7,
      0.0,
      5.1,
      3.3,
      5.8,
      10.3,
      12.4,
      13.8,
      7.8,
      18.6,
      23.1,
      9.3,
      20.2,
      3.3,
      2.6,
      12.5,
      1.8,
      18.5,
      7.7,
      19.8,
      9.0,
      17.1,
      25.8,
      10.9,
      3.9,
      4.5,
      5.5,
      3.4,
      4.3,
      2.2,
      20.2,
      12.3,
      13.6,
      5.5,
      20.1
    ],
    [
      1.6,
      24.4,
      22.3,
      3.2,
      9.6,
      6.5,
      2.6,
      5.9,
      0.85,
      9.9,
      1.6,
      5.9,
      11.5,
      2.4,
      5.9,
      1.4,
      5.8,
      2.5,
      3.4,
      7.1,
      10.0,
      6.8,
      2.6,
      7.1,
      10.3,
      5.8,
      5.1,
      0.0,
      1.6,
      3.1,
      4.9,
      7.3,
      12.6,
      6.5,
      17.4,
      14.7,
      4.2,
      23.0,
      3.8,
      3.0,
      5.6,
      3.9,
      11.4,
      3.1,
      22.6,
      7.8,
      15.8,
      28.6,
      11.2,
      2.3,
      1.0,
      12.4,
      2.0,
      2.8,
      3.5,
      22.9,
      5.4,
      13.7,
      11.8,
      22.9
    ],
    [
      3.7,
      22.6,
      20.6,
      1.4,
      11.3,
      8.1,
      4.3,
      7.5,
      2.5,
      11.5,
      3.2,
      7.5,
      13.2,
      2.7,
      7.6,
      3.0,
      7.5,
      4.1,
      5.0,
      10.7,
      11.6,
      8.4,
      4.0,
      8.6,
      12.0,
      7.4,
      3.3,
      1.6,
      0.0,
      4.7,
      6.6,
      9.0,
      10.8,
      4.7,
      15.6,
      20.1,
      5.9,
      21.2,
      4.9,
      1.5,
      9.5,
      3.2,
      12.6,
      4.8,
      20.8,
      6.0,
      14.1,
      26.8,
      9.4,
      0.35,
      3.2,
      10.7,
      0.19,
      0.4,
      1.8,
      21.2,
      9.3,
      16.0,
      10.1,
      21.1
    ],
    [
      1.4,
      25.1,
      20.2,
      4.6,
      8.6,
      6.5,
      0.65,
      5.9,
      2.7,
      8.9,
      2.1,
      5.9,
      9.6,
      4.8,
      5.9,
      1.7,
      5.8,
      0.5,
      0.65,
      7.1,
      8.9,
      6.8,
      2.1,
      9.6,
      9.0,
      5.8,
      5.8,
      3.1,
      4.7,
      0.0,
      5.3,
      7.4,
      15.8,
      9.8,
      20.6,
      18.3,
      4.9,
      23.8,
      3.5,
      4.6,
      6.3,
      4.7,
      8.2,
      2.4,
      23.4,
      11.0,
      19.1,
      29.4,
      14.4,
      5.6,
      4.8,
      9.1,
      5.3,
      6.1,
      5.2,
      23.7,
      6.1,
      14.1,
      9.7,
      23.7
    ],
    [
      5.1,
      31.8,
      26.3,
      8.3,
      4.9,
      0.13,
      4.9,
      0.35,
      4.5,
      5.1,
      4.6,
      0.65,
      6.6,
      6.6,
      0.3,
      4.4,
      0.5,
      4.8,
      5.9,
      6.7,
      5.2,
      2.0,
      6.4,
      11.4,
      5.6,
      0.55,
      10.3,
      4.9,
      6.6,
      5.3,
      0.0,
      2.4,
      19.2,
      16.9,
      27.7,
      9.8,
      3.8,
      33.2,
      10.0,
      9.6,
      8.9,
      10.4,
      6.3,
      5.7,
      32.8,
      18.2,
      26.2,
      38.8,
      21.4,
      8.9,
      8.1,
      23.3,
      8.6,
      9.4,
      10.1,
      33.1,
      8.7,
      14.8,
      22.0,
      33.1
    ],
    [
      8.8,
      34.5,
      39.6,
      12.0,
      5.1,
      2.3,
      8.0,
      1.9,
      6.9,
      5.4,
      7.0,
      1.9,
      6.8,
      9.0,
      2.0,
      6.8,
      3.6,
      7.9,
      8.1,
      9.8,
      5.4,
      1.0,
      9.5,
      13.7,
      5.8,
      3.6,
      12.4,
      7.3,
      9.0,
      7.4,
      2.4,
      0.0,
      19.2,
      16.9,
      27.7,
      9.8,
      4.6,
      34.8,
      9.9,
      10.4,
      9.9,
      11.2,
      5.4,
      6.4,
      34.4,
      18.2,
      26.2,
      40.4,
      21.4,
      9.7,
      8.9,
      22.7,
      9.3,
      10.2,
      10.9,
      34.7,
      9.7,
      14.2,
      22.0,
      34.7
    ],
    [
      14.6,
      25.9,
      18.0,
      11.8,
      25.1,
      19.1,
      15.2,
      19.5,
      13.4,
      24.0,
      14.1,
      19.5,
      24.0,
      8.9,
      19.2,
      13.9,
      18.4,
      15.0,
      15.9,
      10.8,
      24.1,
      20.1,
      14.9,
      6.6,
      23.9,
      18.3,
      13.8,
      12.6,
      10.8,
      15.8,
      19.2,
      19.2,
      0.0,
      9.3,
      14.2,
      23.1,
      15.0,
      25.8,
      15.2,
      11.7,
      10.2,
      13.6,
      22.7,
      14.7,
      25.4,
      6.9,
      12.1,
      30.6,
      10.8,
      10.6,
      13.4,
      17.9,
      10.3,
      11.1,
      11.1,
      25.8,
      10.0,
      30.0,
      14.5,
      25.7
    ],
    [
      8.6,
      20.2,
      16.3,
      5.4,
      22.8,
      16.8,
      8.7,
      11.9,
      7.4,
      21.7,
      8.1,
      12.4,
      21.7,
      6.1,
      12.4,
      7.9,
      12.3,
      9.0,
      9.9,
      9.8,
      21.7,
      13.3,
      8.8,
      11.1,
      21.5,
      12.3,
      7.8,
      6.5,
      4.7,
      9.8,
      16.9,
      16.9,
      9.3,
      0.0,
      12.7,
      18.3,
      11.1,
      19.3,
      10.3,
      6.8,
      7.7,
      8.7,
      20.3,
      9.7,
      18.8,
      4.4,
      11.2,
      25.1,
      7.7,
      5.7,
      8.4,
      13.4,
      5.4,
      6.0,
      7.3,
      19.2,
      7.5,
      27.5,
      7.7,
      19.1
    ],
    [
      19.4,
      16.1,
      5.1,
      16.6,
      41.2,
      27.6,
      20.0,
      28.0,
      18.2,
      40.1,
      18.9,
      28.0,
      40.2,
      17.4,
      27.7,
      18.7,
      23.2,
      19.8,
      20.7,
      20.6,
      40.2,
      24.1,
      19.7,
      21.7,
      40.0,
      23.1,
      18.6,
      17.4,
      15.6,
      20.6,
      27.7,
      27.7,
      14.2,
      12.7,
      0.0,
      28.4,
      21.6,
      16.3,
      20.9,
      17.3,
      18.4,
      19.2,
      38.9,
      20.3,
      15.9,
      10.1,
      2.6,
      21.1,
      7.5,
      16.2,
      20.2,
      23.2,
      15.9,
      16.7,
      17.9,
      16.3,
      18.2,
      35.0,
      15.8,
      16.2
    ],
    [
      19.7,
      40.4,
      32.4,
      21.2,
      15.7,
      9.7,
      18.9,
      10.1,
      15.9,
      14.6,
      16.0,
      10.1,
      14.6,
      16.9,
      9.8,
      15.8,
      10.9,
      18.8,
      19.0,
      11.2,
      14.6,
      10.7,
      20.4,
      18.0,
      14.4,
      10.8,
      23.1,
      14.7,
      20.1,
      18.3,
      9.8,
      9.8,
      23.1,
      18.3,
      28.4,
      0.0,
      13.7,
      37.4,
      20.1,
      23.6,
      15.7,
      22.0,
      15.7,
      18.2,
      36.9,
      22.4,
      25.2,
      43.0,
      30.1,
      22.5,
      20.1,
      31.4,
      22.3,
      23.0,
      24.1,
      37.3,
      18.5,
      22.9,
      26.2,
      37.2
    ],
    [
      4.4,
      31.7,
      26.5,
      7.6,
      6.9,
      3.7,
      4.2,
      3.1,
      3.8,
      7.1,
      3.9,
      3.1,
      8.5,
      5.9,
      3.2,
      3.7,
      3.1,
      4.1,
      5.0,
      7.0,
      7.2,
      4.0,
      5.7,
      10.7,
      7.6,
      3.0,
      9.3,
      4.2,
      5.9,
      4.9,
      3.8,
      4.6,
      15.0,
      11.1,
      21.6,
      13.7,
      0.0,
      31.3,
      7.7,
      7.3,
      9.0,
      8.1,
      8.3,
      3.3,
      30.8,
      12.0,
      20.0,
      36.9,
      15.4,
      6.5,
      5.7,
      13.3,
      6.2,
      7.0,
      7.8,
      31.2,
      8.8,
      15.9,
      13.9,
      31.2
    ],
    [
      25.1,
      2.6,
      15.7,
      22.2,
      31.2,
      33.1,
      24.4,
      33.5,
      23.9,
      30.1,
      24.6,
      33.5,
      30.1,
      22.6,
      33.5,
      24.4,
      33.4,
      23.6,
      23.1,
      26.1,
      30.2,
      33.3,
      23.3,
      33.3,
      30.0,
      33.4,
      20.2,
      23.0,
      21.2,
      23.8,
      33.2,
      34.8,
      25.8,
      19.3,
      16.3,
      37.4,
      31.3,
      0.0,
      22.9,
      23.6,
      26.3,
      23.2,
      33.0,
      27.4,
      0.5,
      23.0,
      15.7,
      13.0,
      15.9,
      24.3,
      25.6,
      16.2,
      24.0,
      24.7,
      23.6,
      1.3,
      26.1,
      28.0,
      18.2,
      1.3
    ],
    [
      3.7,
      21.7,
      29.2,
      3.9,
      9.8,
      10.0,
      4.1,
      9.4,
      4.7,
      10.1,
      4.5,
      9.4,
      9.5,
      5.7,
      9.4,
      4.0,
      9.3,
      3.3,
      2.8,
      10.6,
      10.2,
      10.3,
      2.9,
      10.5,
      10.2,
      9.3,
      3.3,
      3.8,
      4.9,
      3.5,
      10.0,
      9.9,
      15.2,
      10.3,
      20.9,
      20.1,
      7.7,
      22.9,
      0.0,
      3.4,
      8.4,
      3.5,
      9.9,
      4.4,
      23.8,
      10.6,
      18.7,
      29.8,
      12.2,
      5.2,
      2.7,
      7.5,
      4.9,
      5.7,
      4.0,
      24.2,
      8.2,
      11.7,
      8.1,
      24.1
    ],
    [
      4.4,
      22.5,
      17.0,
      0.75,
      11.9,
      9.5,
      5.2,
      8.9,
      3.9,
      12.2,
      4.6,
      8.9,
      11.9,
      4.3,
      9.0,
      4.4,
      8.9,
      3.9,
      4.7,
      12.3,
      12.3,
      9.8,
      2.9,
      10.4,
      12.3,
      8.8,
      2.6,
      3.0,
      1.5,
      4.6,
      9.6,
      10.4,
      11.7,
      6.8,
      17.3,
      23.6,
      7.3,
      23.6,
      3.4,
      0.0,
      8.6,
      2.7,
      12.0,
      4.9,
      21.3,
      7.9,
      15.9,
      29.0,
      9.9,
      2.7,
      2.6,
      7.6,
      2.2,
      3.2,
      1.3,
      21.6,
      8.4,
      14.6,
      6.4,
      21.6
    ],
    [
      5.9,
      25.2,
      19.7,
      10.5,
      15.8,
      8.8,
      5.7,
      8.9,
      5.3,
      14.7,
      5.4,
      8.9,
      14.7,
      6.3,
      8.9,
      5.2,
      9.6,
      5.6,
      6.5,
      0.7,
      14.8,
      9.8,
      7.2,
      3.7,
      14.6,
      9.6,
      12.5,
      5.6,
      9.5,
      6.3,
      8.9,
      9.9,
      10.2,
      7.7,
      18.4,
      15.7,
      9.0,
      26.3,
      8.4,
      8.6,
      0.0,
      10.0,
      13.4,
      6.5,
      25.9,
      11.4,
      19.4,
      32.0,
      14.6,
      11.5,
      8.1,
      20.3,
      11.3,
      8.7,
      13.1,
      26.3,
      0.21,
      20.7,
      15.2,
      26.2
    ],
    [
      4.5,
      22.1,
      18.2,
      2.3,
      12.1,
      10.4,
      5.3,
      9.8,
      4.8,
      19.3,
      5.3,
      9.8,
      12.1,
      5.8,
      9.8,
      4.8,
      9.7,
      4.1,
      4.8,
      10.7,
      12.4,
      10.7,
      3.0,
      10.5,
      19.2,
      9.7,
      1.8,
      3.9,
      3.2,
      4.7,
      10.4,
      11.2,
      13.6,
      8.7,
      19.2,
      22.0,
      8.1,
      23.2,
      3.5,
      2.7,
      10.0,
      0.0,
      12.5,
      5.8,
      20.3,
      8.1,
      16.2,
      26.3,
      10.1,
      3.0,
      3.5,
      6.0,
      2.5,
      3.5,
      1.4,
      20.7,
      11.4,
      14.1,
      4.9,
      20.6
    ],
    [
      9.6,
      31.9,
      39.3,
      11.2,
      1.4,
      5.8,
      7.6,
      5.6,
      10.9,
      1.0,
      10.3,
      5.6,
      1.5,
      11.8,
      5.6,
      9.9,
      5.5,
      8.7,
      8.9,
      13.1,
      0.65,
      5.5,
      10.3,
      17.0,
      1.0,
      5.5,
      18.5,
      11.4,
      12.6,
      8.2,
      6.3,
      5.4,
      22.7,
      20.3,
      38.9,
      15.7,
      8.3,
      33.0,
      9.9,
      12.0,
      13.4,
      12.5,
      0.0,
      8.5,
      30.0,
      18.1,
      25.2,
      36.0,
      26.4,
      11.7,
      10.9,
      18.3,
      11.4,
      12.2,
      13.9,
      30.3,
      14.8,
      9.8,
      15.8,
      30.3
    ],
    [
      0.65,
      25.5,
      20.0,
      4.4,
      8.8,
      5.6,
      1.7,
      5.0,
      0.55,
      9.0,
      0.27,
      5.0,
      10.7,
      5.4,
      5.0,
      0.7,
      5.0,
      1.6,
      2.5,
      6.2,
      9.1,
      5.9,
      3.2,
      9.4,
      9.4,
      4.9,
      7.7,
      3.1,
      4.8,
      2.4,
      5.7,
      6.4,
      14.7,
      9.7,
      20.3,
      18.2,
      3.3,
      27.4,
      4.4,
      4.9,
      6.5,
      5.8,
      8.5,
      0.0,
      23.2,
      8.7,
      16.7,
      29.5,
      12.1,
      3.2,
      0.85,
      13.3,
      2.9,
      3.7,
      4.4,
      23.6,
      5.1,
      14.6,
      11.5,
      23.5
    ],
    [
      24.6,
      0.85,
      15.2,
      21.7,
      30.8,
      32.7,
      24.0,
      33.0,
      23.4,
      29.7,
      24.2,
      33.0,
      29.7,
      22.2,
      32.7,
      23.9,
      33.0,
      23.2,
      22.7,
      25.6,
      29.7,
      32.9,
      22.8,
      32.9,
      29.5,
      32.9,
      19.8,
      22.6,
      20.8,
      23.4,
      32.8,
      34.4,
      25.4,
      18.8,
      15.9,
      36.9,
      30.8,
      0.5,
      23.8,
      21.3,
      25.9,
      20.3,
      30.0,
      23.2,
      0.0,
      22.5,
      15.3,
      12.5,
      15.4,
      23.8,
      26.6,
      15.7,
      23.5,
      24.1,
      23.3,
      0.85,
      25.6,
      27.5,
      17.1,
      0.95
    ],
    [
      9.8,
      21.9,
      15.0,
      7.1,
      24.1,
      18.1,
      10.4,
      13.7,
      8.7,
      23.0,
      9.4,
      13.7,
      23.0,
      7.8,
      18.1,
      9.2,
      13.6,
      10.3,
      11.2,
      11.1,
      23.0,
      14.6,
      10.1,
      9.2,
      22.8,
      13.6,
      9.0,
      7.8,
      6.0,
      11.0,
      18.2,
      18.2,
      6.9,
      4.4,
      10.1,
      22.4,
      12.0,
      23.0,
      10.6,
      7.9,
      11.4,
      8.1,
      18.1,
      8.7,
      22.5,
      0.0,
      8.0,
      25.1,
      5.1,
      7.1,
      9.9,
      13.4,
      6.8,
      7.6,
      8.7,
      19.1,
      9.2,
      25.5,
      7.7,
      19.1
    ],
    [
      17.9,
      14.6,
      6.7,
      15.1,
      39.7,
      26.1,
      18.5,
      21.7,
      16.7,
      38.6,
      17.4,
      21.7,
      38.6,
      15.9,
      26.2,
      17.2,
      21.7,
      18.3,
      19.2,
      19.1,
      38.7,
      22.6,
      18.1,
      19.6,
      38.5,
      21.6,
      17.1,
      15.8,
      14.1,
      19.1,
      26.2,
      26.2,
      12.1,
      11.2,
      2.6,
      25.2,
      20.0,
      15.7,
      18.7,
      15.9,
      19.4,
      16.2,
      25.2,
      16.7,
      15.3,
      8.0,
      0.0,
      20.3,
      5.8,
      13.4,
      17.0,
      18.9,
      13.1,
      13.9,
      14.9,
      15.5,
      15.4,
      34.2,
      13.8,
      15.4
    ],
    [
      30.6,
      11.9,
      20.4,
      28.0,
      36.8,
      38.7,
      30.0,
      39.1,
      29.5,
      35.7,
      30.2,
      39.1,
      35.7,
      28.5,
      39.1,
      30.0,
      39.0,
      29.2,
      28.7,
      31.7,
      35.8,
      38.9,
      28.9,
      38.1,
      35.6,
      39.0,
      25.8,
      28.6,
      26.8,
      29.4,
      38.8,
      40.4,
      30.6,
      25.1,
      21.1,
      43.0,
      36.9,
      13.0,
      29.8,
      29.0,
      32.0,
      26.3,
      36.0,
      29.5,
      12.5,
      25.1,
      20.3,
      0.0,
      19.8,
      28.1,
      30.8,
      20.0,
      27.8,
      28.4,
      27.6,
      16.1,
      29.9,
      31.8,
      21.4,
      16.0
    ],
    [
      13.2,
      14.7,
      6.8,
      9.0,
      31.4,
      21.3,
      13.8,
      21.7,
      12.1,
      26.2,
      12.8,
      21.7,
      26.2,
      11.0,
      21.4,
      12.6,
      17.0,
      13.7,
      14.6,
      14.3,
      26.2,
      18.0,
      11.7,
      24.5,
      26.0,
      17.0,
      10.9,
      11.2,
      9.4,
      14.4,
      21.4,
      21.4,
      10.8,
      7.7,
      7.5,
      30.1,
      15.4,
      15.9,
      12.2,
      9.9,
      14.6,
      10.1,
      26.4,
      12.1,
      15.4,
      5.1,
      5.8,
      19.8,
      0.0,
      10.3,
      11.6,
      12.6,
      9.2,
      10.8,
      9.1,
      14.7,
      12.2,
      25.6,
      7.4,
      14.6
    ],
    [
      4.4,
      23.1,
      21.1,
      2.0,
      12.0,
      8.8,
      5.0,
      8.2,
      3.2,
      12.2,
      3.9,
      8.2,
      13.9,
      2.2,
      8.3,
      3.7,
      8.2,
      4.8,
      5.7,
      11.2,
      12.3,
      9.1,
      4.6,
      8.5,
      12.7,
      8.1,
      3.9,
      2.3,
      0.35,
      5.6,
      8.9,
      9.7,
      10.6,
      5.7,
      16.2,
      22.5,
      6.5,
      24.3,
      5.2,
      2.7,
      11.5,
      3.0,
      11.7,
      3.2,
      23.8,
      7.1,
      13.4,
      28.1,
      10.3,
      0.0,
      3.6,
      11.8,
      0.7,
      0.9,
      3.0,
      21.8,
      6.0,
      17.2,
      10.0,
      21.8
    ],
    [
      0.13,
      24.4,
      18.9,
      3.3,
      11.2,
      8.0,
      1.3,
      7.4,
      1.2,
      11.4,
      0.95,
      7.4,
      11.2,
      3.9,
      7.5,
      0.6,
      7.4,
      4.0,
      4.9,
      8.6,
      11.5,
      8.3,
      1.4,
      8.7,
      11.9,
      7.3,
      4.5,
      1.0,
      3.2,
      4.8,
      8.1,
      8.9,
      13.4,
      8.4,
      20.2,
      20.1,
      5.7,
      25.6,
      2.7,
      2.6,
      8.1,
      3.5,
      10.9,
      0.85,
      26.6,
      9.9,
      17.0,
      30.8,
      11.6,
      3.6,
      0.0,
      9.4,
      5.4,
      6.2,
      5.0,
      21.7,
      6.3,
      15.5,
      10.0,
      21.6
    ],
    [
      9.4,
      15.1,
      22.5,
      6.9,
      19.1,
      23.2,
      9.7,
      21.4,
      13.3,
      18.0,
      10.1,
      21.4,
      18.1,
      12.2,
      21.4,
      9.6,
      21.4,
      8.9,
      8.4,
      20.0,
      18.1,
      21.3,
      8.6,
      18.5,
      17.9,
      21.3,
      5.5,
      12.4,
      10.7,
      9.1,
      23.3,
      22.7,
      17.9,
      13.4,
      23.2,
      31.4,
      13.3,
      16.2,
      7.5,
      7.6,
      20.3,
      6.0,
      18.3,
      13.3,
      15.7,
      13.4,
      18.9,
      20.0,
      12.6,
      11.8,
      9.4,
      0.0,
      7.7,
      8.7,
      6.6,
      14.5,
      16.9,
      13.7,
      6.8,
      14.4
    ],
    [
      4.1,
      22.9,
      20.8,
      1.5,
      11.6,
      8.5,
      4.6,
      7.9,
      2.9,
      11.9,
      3.6,
      7.9,
      13.6,
      2.9,
      7.9,
      3.4,
      7.8,
      4.5,
      5.4,
      11.0,
      12.0,
      8.8,
      4.3,
      9.0,
      12.3,
      7.8,
      3.4,
      2.0,
      0.19,
      5.3,
      8.6,
      9.3,
      10.3,
      5.4,
      15.9,
      22.3,
      6.2,
      24.0,
      4.9,
      2.2,
      11.3,
      2.5,
      11.4,
      2.9,
      23.5,
      6.8,
      13.1,
      27.8,
      9.2,
      0.7,
      5.4,
      7.7,
      0.0,
      0.7,
      2.1,
      21.0,
      9.3,
      17.3,
      10.1,
      20.9
    ],
    [
      4.9,
      23.6,
      21.6,
      2.5,
      12.5,
      9.3,
      5.4,
      8.7,
      3.7,
      12.7,
      4.4,
      8.7,
      14.4,
      2.4,
      8.7,
      4.2,
      8.7,
      5.3,
      6.2,
      8.4,
      12.8,
      9.6,
      5.1,
      8.7,
      13.1,
      8.6,
      4.3,
      2.8,
      0.4,
      6.1,
      9.4,
      10.2,
      11.1,
      6.0,
      16.7,
      23.0,
      7.0,
      24.7,
      5.7,
      3.2,
      8.7,
      3.5,
      12.2,
      3.7,
      24.1,
      7.6,
      13.9,
      28.4,
      10.8,
      0.9,
      6.2,
      8.7,
      0.7,
      0.0,
      3.3,
      23.6,
      7.3,
      18.8,
      9.7,
      23.5
    ],
    [
      5.0,
      22.5,
      16.4,
      0.26,
      14.2,
      10.0,
      5.8,
      9.4,
      4.4,
      19.7,
      5.1,
      9.4,
      12.5,
      5.2,
      9.5,
      4.9,
      9.4,
      4.5,
      5.3,
      12.8,
      19.8,
      10.3,
      3.5,
      10.5,
      19.6,
      9.3,
      2.2,
      3.5,
      1.8,
      5.2,
      10.1,
      10.9,
      11.1,
      7.3,
      17.9,
      24.1,
      7.8,
      23.6,
      4.0,
      1.3,
      13.1,
      1.4,
      13.9,
      4.4,
      23.3,
      8.7,
      14.9,
      27.6,
      9.1,
      3.0,
      5.0,
      6.6,
      2.1,
      3.3,
      0.0,
      20.4,
      10.1,
      15.6,
      7.6,
      20.4
    ],
    [
      25.0,
      0.4,
      15.6,
      22.1,
      31.1,
      33.0,
      24.4,
      33.4,
      23.8,
      30.0,
      24.5,
      33.4,
      30.1,
      22.6,
      33.1,
      24.3,
      33.4,
      23.5,
      23.0,
      26.0,
      30.1,
      33.3,
      25.3,
      33.2,
      29.9,
      33.3,
      20.2,
      22.9,
      21.2,
      23.7,
      33.1,
      34.7,
      25.8,
      19.2,
      16.3,
      37.3,
      31.2,
      1.3,
      24.2,
      21.6,
      26.3,
      20.7,
      30.3,
      23.6,
      0.85,
      19.1,
      15.5,
      16.1,
      14.7,
      21.8,
      21.7,
      14.5,
      21.0,
      23.6,
      20.4,
      0.0,
      25.1,
      27.0,
      16.6,
      0.65
    ],
    [
      5.7,
      25.0,
      19.5,
      10.3,
      15.6,
      8.6,
      5.5,
      8.7,
      5.1,
      14.5,
      5.2,
      8.7,
      14.5,
      6.1,
      8.6,
      5.0,
      9.4,
      5.4,
      6.3,
      0.9,
      14.6,
      9.6,
      7.0,
      3.5,
      14.4,
      9.4,
      12.3,
      5.4,
      9.3,
      6.1,
      8.7,
      9.7,
      10.0,
      7.5,
      18.2,
      18.5,
      8.8,
      26.1,
      8.2,
      8.4,
      0.21,
      11.4,
      14.8,
      5.1,
      25.6,
      9.2,
      15.4,
      29.9,
      12.2,
      6.0,
