{
  "drive_dist_matrix": [
    [
      0.0,
      0.45,
      1.5,
      1.8,
      0.55,
      12.7,
      0.4,
      0.3,
      0.4,
      1.6,
      4.5,
      4.3,
      11.8,
      25.1,
      25.7,
      25.2,
      1.7,
      4.4,
      0.75,
      8.4
    ],
    [
      0.45,
      0.0,
      2.2,
      2.5,
      0.18,
      12.2,
      0.061,
      0.35,
      0.18,
      1.3,
      4.2,
      5.8,
      12.4,
      24.6,
      25.2,
      24.7,
      2.4,
      4.4,
      1.4,
      7.9
    ],
    [
      1.5,
      2.2,
      0.0,
      0.8,
      2.3,
      14.0,
      2.1,
      1.8,
      1.7,
      1.9,
      4.5,
      4.0,
      12.4,
      26.5,
      27.0,
      26.6,
      0.65,
      4.4,
      0.85,
      9.8
    ],
    [
      1.8,
      2.5,
      0.8,
      0.0,
      2.6,
      14.5,
      2.3,
      2.0,
      2.0,
      1.5,
      3.7,
      4.3,
      12.6,
      26.9,
      27.4,
      27.0,
      0.2,
      3.6,
      1.2,
      10.2
    ],
    [
      0.55,
      0.18,
      2.3,
      2.6,
      0.0,
      12.3,
      0.21,
      0.45,
      0.2,
      1.4,
      4.5,
      5.9,
      12.4,
      24.7,
      25.2,
      24.8,
      2.4,
      4.4,
      1.5,
      8.0
    ],
    [
      12.7,
      12.2,
      14.0,
      14.5,
      12.3,
      0.0,
      12.3,
      12.4,
      12.4,
      13.3,
      15.4,
      13.4,
      13.9,
      15.4,
      16.0,
      15.5,
      14.4,
      15.3,
      13.5,
      7.3
    ],
    [
      0.4,
      0.061,
      2.1,
      2.3,
      0.21,
      12.3,
      0.0,
      0.3,
      0.12,
      1.8,
      4.7,
      5.8,
      11.9,
      24.6,
      25.2,
      24.7,
      2.0,
      4.6,
      1.1,
      7.9
    ],
    [
      0.3,
      0.35,
      1.8,
      2.0,
      0.45,
      12.4,
      0.3,
      0.0,
      0.26,
      1.6,
      4.5,
      4.5,
      12.1,
      24.7,
      25.2,
      24.8,
      1.9,
      4.4,
      0.9,
      8.0
    ],
    [
      0.4,
      0.18,
      1.7,
      2.0,
      0.2,
      12.4,
      0.12,
      0.26,
      0.0,
      1.6,
      4.5,
      4.5,
      12.1,
      24.7,
      25.2,
      24.8,
      1.9,
      4.4,
      0.95,
      8.0
    ],
    [
      1.6,
      1.3,
      1.9,
      1.5,
      1.4,
      13.3,
      1.8,
      1.6,
      1.6,
      0.0,
      3.7,
      5.2,
      13.0,
      25.8,
      26.4,
      25.9,
      1.1,
      3.7,
      1.3,
      9.1
    ],
    [
      4.5,
      4.2,
      4.5,
      3.7,
      4.5,
      15.4,
      4.7,
      4.5,
      4.5,
      3.7,
      0.0,
      8.1,
      14.5,
      26.9,
      27.4,
      27.0,
      2.5,
      0.22,
      2.8,
      10.2
    ],
    [
      4.3,
      5.8,
      4.0,
      4.3,
      5.9,
      13.4,
      5.8,
      4.5,
      4.5,
      5.2,
      8.1,
      0.0,
      12.9,
      25.9,
      26.5,
      26.0,
      4.1,
      8.3,
      4.7,
      9.2
    ],
    [
      11.8,
      12.4,
      12.4,
      12.6,
      12.4,
      13.9,
      11.9,
      12.1,
      12.1,
      13.0,
      14.5,
      12.9,
      0.0,
      31.5,
      32.0,
      31.6,
      12.4,
      15.6,
      12.0,
      14.3
    ],
    [
      25.1,
      24.6,
      26.5,
      26.9,
      24.7,
      15.4,
      24.6,
      24.7,
      24.7,
      25.8,
      26.9,
      25.9,
      31.5,
      0.0,
      0.9,
      0.55,
      26.8,
      27.7,
      26.0,
      15.1
    ],
    [
      25.7,
      25.2,
      27.0,
      27.4,
      25.2,
      16.0,
      25.2,
      25.2,
      25.2,
      26.4,
      27.4,
      26.5,
      32.0,
      0.9,
      0.0,
      0.5,
      27.4,
      28.2,
      26.5,
      15.7
    ],
    [
      25.2,
      24.7,
      26.6,
      27.0,
      24.8,
      15.5,
      24.7,
      24.8,
      24.8,
      25.9,
      27.0,
      26.0,
      31.6,
      0.55,
      0.5,
      0.0,
      26.9,
      27.8,
      26.1,
      15.2
    ],
    [
      1.7,
      2.4,
      0.65,
      0.2,
      2.4,
      14.4,
      2.0,
      1.9,
      1.9,
      1.1,
      2.5,
      4.1,
      12.4,
      26.8,
      27.4,
      26.9,
      0.0,
      3.7,
      1.0,
      9.9
    ],
    [
      4.4,
      4.4,
      4.4,
      3.6,
      4.4,
      15.3,
      4.6,
      4.4,
      4.4,
      3.7,
      0.22,
      8.3,
      15.6,
      27.7,
      28.2,
      27.8,
      3.7,
      0.0,
      2.8,
      10.1
    ],
    [
      0.75,
      1.4,
      0.85,
      1.2,
      1.5,
      13.5,
      1.1,
      0.9,
      0.95,
      1.3,
      2.8,
      4.7,
      12.0,
      26.0,
      26.5,
      26.1,
      1.0,
      2.8,
      0.0,
      9.1
    ],
    [
      8.4,
      7.9,
      9.8,
      10.2,
      8.0,
      7.3,
      7.9,
      8.0,
      8.0,
      9.1,
      10.2,
      9.2,
      14.3,
      15.1,
      15.7,
      15.2,
      9.9,
      10.1,
      9.1,
      0.0
    ]
  ],
  "drive_time_matrix": [
    [
      0.0,
      6.0,
      5.0,
      5.0,
      7.0,
      18.0,
      5.0,
      4.0,
      5.0,
      5.0,
      13.0,
      11.0,
      17.0,
      65.0,
      67.0,
      66.0,
      4.0,
      13.0,
      9.0,
      14.0
    ],
    [
      6.0,
      0.0,
      6.0,
      7.0,
      2.0,
      17.0,
      1.0,
      5.0,
      2.0,
      4.0,
      12.0,
      12.0,
      19.0,
      63.0,
      66.0,
      64.0,
      6.0,
      11.0,
      4.0,
      12.0
    ],
    [
      5.0,
      6.0,
      0.0,
      10.0,
      7.0,
      23.0,
      6.0,
      6.0,
      6.0,
      6.0,
      13.0,
      11.0,
      19.0,
      69.0,
      72.0,
      70.0,
      8.0,
      13.0,
      12.0,
      18.0
    ],
    [
      5.0,
      7.0,
      10.0,
      0.0,
      7.0,
      23.0,
      6.0,
      6.0,
      6.0,
      6.0,
      11.0,
      10.0,
      19.0,
      68.0,
      71.0,
      69.0,
      2.0,
      11.0,
      4.0,
      17.0
    ],
    [
      7.0,
      2.0,
      7.0,
      7.0,
      0.0,
      17.0,
      3.0,
      6.0,
      2.0,
      4.0,
      11.0,
      12.0,
      19.0,
      64.0,
      66.0,
      64.0,
      6.0,
      11.0,
      4.0,
      13.0
    ],
    [
      18.0,
      17.0,
      23.0,
      23.0,
      17.0,
      0.0,
      17.0,
      17.0,
      17.0,
      19.0,
      24.0,
      21.0,
      25.0,
      55.0,
      58.0,
      56.0,
      22.0,
      23.0,
      20.0,
      12.0
    ],
    [
      5.0,
      1.0,
      6.0,
      6.0,
      3.0,
      17.0,
      0.0,
      4.0,
      1.0,
      5.0,
      13.0,
      12.0,
      18.0,
      64.0,
      66.0,
      64.0,
      6.0,
      12.0,
      4.0,
      12.0
    ],
    [
      4.0,
      5.0,
      6.0,
      6.0,
      6.0,
      17.0,
      4.0,
      0.0,
      4.0,
      5.0,
      13.0,
      12.0,
      18.0,
      64.0,
      66.0,
      64.0,
      6.0,
      13.0,
      11.0,
      12.0
    ],
    [
      5.0,
      2.0,
      6.0,
      6.0,
      2.0,
      17.0,
      1.0,
      4.0,
      0.0,
      5.0,
      13.0,
      12.0,
      18.0,
      64.0,
      66.0,
      65.0,
      5.0,
      13.0,
      12.0,
      13.0
    ],
    [
      5.0,
      4.0,
      6.0,
      6.0,
      4.0,
      19.0,
      5.0,
      5.0,
      5.0,
      0.0,
      10.0,
      13.0,
      21.0,
      66.0,
      69.0,
      67.0,
      3.0,
      10.0,
      5.0,
      15.0
    ],
    [
      13.0,
      12.0,
      13.0,
      11.0,
      11.0,
      24.0,
      13.0,
      13.0,
      13.0,
      10.0,
      0.0,
      18.0,
      24.0,
      69.0,
      71.0,
      70.0,
      7.0,
      3.0,
      8.0,
      18.0
    ],
    [
      11.0,
      12.0,
      11.0,
      10.0,
      12.0,
      21.0,
      12.0,
      12.0,
      12.0,
      13.0,
      18.0,
      0.0,
      21.0,
      68.0,
      71.0,
      69.0,
      11.0,
      21.0,
      11.0,
      16.0
    ],
    [
      17.0,
      19.0,
      19.0,
      19.0,
      19.0,
      25.0,
      18.0,
      18.0,
      18.0,
      21.0,
      24.0,
      21.0,
      0.0,
      68.0,
      70.0,
      69.0,
      18.0,
      27.0,
      17.0,
      22.0
    ],
    [
      65.0,
      63.0,
      69.0,
      68.0,
      64.0,
      55.0,
      64.0,
      64.0,
      64.0,
      66.0,
      69.0,
      68.0,
      68.0,
      0.0,
      12.0,
      6.0,
      70.0,
      73.0,
      68.0,
      58.0
    ],
    [
      67.0,
      66.0,
      72.0,
      71.0,
      66.0,
      58.0,
      66.0,
      66.0,
      66.0,
      69.0,
      71.0,
      71.0,
      70.0,
      12.0,
      0.0,
      6.0,
      73.0,
      75.0,
      71.0,
      61.0
    ],
    [
      66.0,
      64.0,
      70.0,
      69.0,
      64.0,
      56.0,
      64.0,
      64.0,
      65.0,
      67.0,
      70.0,
      69.0,
      69.0,
      6.0,
      6.0,
      0.0,
      71.0,
      74.0,
      69.0,
      59.0
    ],
    [
      4.0,
      6.0,
      8.0,
      2.0,
      6.0,
      22.0,
      6.0,
      6.0,
      5.0,
      3.0,
      7.0,
      11.0,
      18.0,
      70.0,
      73.0,
      71.0,
      0.0,
      11.0,
      13.0,
      17.0
    ],
    [
      13.0,
      11.0,
      13.0,
      11.0,
      11.0,
      23.0,
      12.0,
      13.0,
      13.0,
      10.0,
      3.0,
      21.0,
      27.0,
      73.0,
      75.0,
      74.0,
      11.0,
      0.0,
      8.0,
      18.0
    ],
    [
      9.0,
      4.0,
      12.0,
      4.0,
      4.0,
      20.0,
      4.0,
      11.0,
      12.0,
      5.0,
      8.0,
      11.0,
      17.0,
      68.0,
      71.0,
      69.0,
      13.0,
      8.0,
      0.0,
      15.0
    ],
    [
      14.0,
      12.0,
      18.0,
      17.0,
      13.0,
      12.0,
      12.0,
      12.0,
      13.0,
      15.0,
      18.0,
      16.0,
      22.0,
      58.0,
      61.0,
      59.0,
      17.0,
      18.0,
      15.0,
      0.0
    ]
  ],
  "transit_dist_walk_matrix": [
    [
      0.0,
      NaN,
      NaN,
      NaN,
      NaN,
      2.58323,
      NaN,
      NaN,
      NaN,
      NaN,
      NaN,
      NaN,
      0.99996,
      1.99992,
      2.24991,
      1.49994,
      NaN,
      NaN,
      NaN,
      0.99996
    ],
    [
      NaN,
      0.0,
      NaN,
      NaN,
      NaN,
      2.99988,
      NaN,
      NaN,
      NaN,
      NaN,
      NaN,
      NaN,
      1.16662,
      2.41657,
      2.66656,
      1.91659,
      NaN,
      NaN,
      NaN,
      NaN
    ],
    [
      NaN,
      NaN,
      0.0,
      NaN,
      NaN,
      NaN,
      NaN,
      NaN,
      NaN,
      NaN,
      NaN,
      NaN,
      NaN,
      NaN,
      NaN,
      NaN,
      NaN,
      NaN,
      NaN,
      NaN
    ],
    [
      NaN,
      NaN,
      NaN,
      0.0,
      NaN,
      3.41653,
      NaN,
      NaN,
      NaN,
      NaN,
      NaN,
      NaN,
      1.49994,
      3.24987,
      3.49986,
      2.74989,
      NaN,
      NaN,
      NaN,
      2.66656
    ],
    [
      NaN,
      NaN,
      NaN,
      NaN,
      0.0,
      3.0832100000000002,
      NaN,
      NaN,
      NaN,
      NaN,
      NaN,
      NaN,
      1.2499500000000001,
      2.4999000000000002,
      2.74989,
      1.99992,
      NaN,
      NaN,
      NaN,
      NaN
    ],
    [
      2.58323,
      2.99988,
      NaN,
      3.41653,
      3.0832100000000002,
      0.0,
      2.58323,
      2.4999000000000002,
      2.66656,
      2.4999000000000002,
      3.41653,
      3.0832100000000002,
      2.33324,
      NaN,
      4.33316,
      3.58319,
      2.16658,
      3.16654,
      2.74989,
      3.49986
    ],
    [
      NaN,
      NaN,
      NaN,
      NaN,
      NaN,
      2.58323,
      0.0,
      NaN,
      NaN,
      NaN,
      NaN,
      NaN,
      1.08329,
      2.33324,
      2.58323,
      1.8332600000000001,
      NaN,
      NaN,
      NaN,
      1.33328
    ],
    [
      NaN,
      NaN,
      NaN,
      NaN,
      NaN,
      2.4999000000000002,
      NaN,
      0.0,
      NaN,
      NaN,
      NaN,
      NaN,
      0.99996,
      2.24991,
      2.4999000000000002,
      1.74993,
      NaN,
      NaN,
      NaN,
      1.2499500000000001
    ],
    [
      NaN,
      NaN,
      NaN,
      NaN,
      NaN,
      2.66656,
      NaN,
      NaN,
      0.0,
      NaN,
      NaN,
      NaN,
      1.08329,
      2.33324,
      2.58323,
      1.8332600000000001,
      NaN,
      NaN,
      NaN,
      1.33328
    ],
    [
      NaN,
      NaN,
      NaN,
      NaN,
      NaN,
      2.4999000000000002,
      NaN,
      NaN,
      NaN,
      0.0,
      NaN,
      1.8332600000000001,
      1.16662,
      2.41657,
      2.66656,
      1.91659,
      NaN,
      NaN,
      NaN,
      1.41661
    ],
    [
      NaN,
      NaN,
      NaN,
      NaN,
      NaN,
      3.41653,
      NaN,
      NaN,
      NaN,
      NaN,
      0.0,
      2.91655,
      2.16658,
      3.24987,
      3.49986,
      2.74989,
      NaN,
      NaN,
      NaN,
      2.66656
    ],
    [
      NaN,
      NaN,
      NaN,
      NaN,
      NaN,
      3.0832100000000002,
      NaN,
      NaN,
      NaN,
      1.8332600000000001,
      2.91655,
      0.0,
      1.2499500000000001,
      2.99988,
      3.24987,
      2.4999000000000002,
      NaN,
      1.91659,
      NaN,
      2.41657
    ],
    [
      0.99996,
      1.16662,
      NaN,
      1.49994,
      1.2499500000000001,
      2.33324,
      1.08329,
      0.99996,
      1.08329,
      1.16662,
      2.16658,
      1.2499500000000001,
      0.0,
      2.58323,
      2.83322,
      2.08325,
      1.08329,
      1.41661,
      0.9166300000000001,
      1.99992
    ],
    [
      1.99992,
      2.41657,
      NaN,
      3.24987,
      2.4999000000000002,
      NaN,
      2.33324,
      2.24991,
      2.33324,
      2.41657,
      3.24987,
      2.99988,
      2.58323,
      0.0,
      NaN,
      NaN,
      1.8332600000000001,
      2.99988,
      2.33324,
      2.4999000000000002
    ],
    [
      2.24991,
      2.66656,
      NaN,
      3.49986,
      2.74989,
      4.33316,
      2.58323,
      2.4999000000000002,
      2.58323,
      2.66656,
      3.49986,
      3.24987,
      2.83322,
      NaN,
      0.0,
      NaN,
      1.99992,
      3.16654,
      2.4999000000000002,
      2.66656
    ],
    [
      1.49994,
      1.91659,
      NaN,
      2.74989,
      1.99992,
      3.58319,
      1.8332600000000001,
      1.74993,
      1.8332600000000001,
      1.91659,
      2.74989,
      2.4999000000000002,
      2.08325,
      NaN,
      NaN,
      0.0,
      1.41661,
      2.58323,
      1.91659,
      2.08325
    ],
    [
      NaN,
      NaN,
      NaN,
      NaN,
      NaN,
      2.16658,
      NaN,
      NaN,
      NaN,
      NaN,
      NaN,
      NaN,
      1.08329,
      1.8332600000000001,
      1.99992,
      1.41661,
      0.0,
      NaN,
      NaN,
      2.74989
    ],
    [
      NaN,
      NaN,
      NaN,
      NaN,
      NaN,
      3.16654,
      NaN,
      NaN,
      NaN,
      NaN,
      NaN,
      1.91659,
      1.41661,
      2.99988,
      3.16654,
      2.58323,
      NaN,
      0.0,
      NaN,
      2.33324
    ],
    [
      NaN,
      NaN,
      NaN,
      NaN,
      NaN,
      2.74989,
      NaN,
      NaN,
      NaN,
      NaN,
      NaN,
      NaN,
      0.9166300000000001,
      2.33324,
      2.4999000000000002,
      1.91659,
      NaN,
      NaN,
      0.0,
      1.41661
    ],
    [
      0.99996,
      NaN,
      NaN,
      2.66656,
      NaN,
      3.49986,
      1.33328,
      1.2499500000000001,
      1.33328,
      1.41661,
      2.66656,
      2.41657,
      1.99992,
      2.4999000000000002,
      2.66656,
      2.08325,
      2.74989,
      2.33324,
      1.41661,
      0.0
    ]
  ],
  "transit_time_matrix": [
    [
      0.0,
      NaN,
      NaN,
      0.0,
      NaN,
      18.0,
      NaN,
      NaN,
      NaN,
      0.0,
      0.0,
      0.0,
      38.0,
      92.0,
      95.0,
      86.0,
      0.0,
      0.0,
      NaN,
      14.0
    ],
    [
      NaN,
      0.0,
      NaN,
      0.0,
      NaN,
      83.0,
      NaN,
      NaN,
      NaN,
      NaN,
      0.0,
      0.0,
      40.0,
      97.0,
      100.0,
      91.0,
      0.0,
      NaN,
      NaN,
      0.0
    ],
    [
      NaN,
      NaN,
      0.0,
      NaN,
      NaN,
      NaN,
      NaN,
      NaN,
      NaN,
      NaN,
      NaN,
      NaN,
      NaN,
      NaN,
      NaN,
      NaN,
      NaN,
      NaN,
      NaN,
      NaN
    ],
    [
      0.0,
      0.0,
      NaN,
      0.0,
      0.0,
      97.0,
      NaN,
      0.0,
      NaN,
      NaN,
      0.0,
      0.0,
      62.0,
      107.0,
      110.0,
      69.0,
      NaN,
      0.0,
      NaN,
      17.0
    ],
    [
      NaN,
      NaN,
      NaN,
      0.0,
      0.0,
      84.0,
      NaN,
      NaN,
      NaN,
      0.0,
      NaN,
      0.0,
      41.0,
      98.0,
      66.0,
      92.0,
      NaN,
      0.0,
      NaN,
      0.0
    ],
    [
      18.0,
      83.0,
      NaN,
      97.0,
      84.0,
      0.0,
      67.0,
      17.0,
      17.0,
      66.0,
      82.0,
      86.0,
      94.0,
      0.0,
      106.0,
      56.0,
      75.0,
      79.0,
      69.0,
      12.0
    ],
    [
      NaN,
      NaN,
      NaN,
      NaN,
      NaN,
      67.0,
      0.0,
      NaN,
      NaN,
      NaN,
      0.0,
      0.0,
      39.0,
      96.0,
      99.0,
      90.0,
      NaN,
      0.0,
      NaN,
      46.0
    ],
    [
      NaN,
      NaN,
      NaN,
      0.0,
      NaN,
      17.0,
      NaN,
      0.0,
      NaN,
      NaN,
      0.0,
      0.0,
      38.0,
      95.0,
      98.0,
      89.0,
      0.0,
      NaN,
      NaN,
      12.0
    ],
    [
      NaN,
      NaN,
      NaN,
      NaN,
      NaN,
      17.0,
      NaN,
      NaN,
      0.0,
      NaN,
      NaN,
      0.0,
      39.0,
      96.0,
      66.0,
      90.0,
      0.0,
      0.0,
      NaN,
      46.0
    ],
    [
      0.0,
      NaN,
      NaN,
      NaN,
      0.0,
      66.0,
      NaN,
      NaN,
      NaN,
      0.0,
      NaN,
      13.0,
      40.0,
      100.0,
      69.0,
      67.0,
      0.0,
      NaN,
      NaN,
      15.0
    ],
    [
      0.0,
      0.0,
      NaN,
      0.0,
      NaN,
      82.0,
      0.0,
      0.0,
      NaN,
      NaN,
      0.0,
      50.0,
      67.0,
      69.0,
      71.0,
      89.0,
      NaN,
      NaN,
      0.0,
      58.0
    ],
    [
      0.0,
      0.0,
      NaN,
      0.0,
      0.0,
      86.0,
      0.0,
      0.0,
      0.0,
      13.0,
      50.0,
      0.0,
      65.0,
      82.0,
      85.0,
      76.0,
      0.0,
      58.0,
      0.0,
      55.0
    ],
    [
      38.0,
      40.0,
      NaN,
      62.0,
      41.0,
      94.0,
      39.0,
      38.0,
      39.0,
      40.0,
      67.0,
      65.0,
      0.0,
      68.0,
      105.0,
      96.0,
      47.0,
      52.0,
      36.0,
      68.0
    ],
    [
      92.0,
      97.0,
      NaN,
      107.0,
      98.0,
      0.0,
      96.0,
      95.0,
      96.0,
      100.0,
      69.0,
      82.0,
      68.0,
      0.0,
      NaN,
      NaN,
      104.0,
      114.0,
      68.0,
      58.0
    ],
    [
      95.0,
      100.0,
      NaN,
      110.0,
      66.0,
      106.0,
      99.0,
      98.0,
      66.0,
      69.0,
      71.0,
      85.0,
      105.0,
      NaN,
      0.0,
      NaN,
      106.0,
      75.0,
      96.0,
      72.0
    ],
    [
      86.0,
      91.0,
      NaN,
      69.0,
      92.0,
      56.0,
      90.0,
      89.0,
      90.0,
      67.0,
      89.0,
      76.0,
      96.0,
      NaN,
      NaN,
      0.0,
      71.0,
      109.0,
      89.0,
      65.0
    ],
    [
      0.0,
      0.0,
      NaN,
      NaN,
      NaN,
      75.0,
      NaN,
      0.0,
      0.0,
      0.0,
      NaN,
      0.0,
      47.0,
      104.0,
      106.0,
      71.0,
      0.0,
      0.0,
      NaN,
      17.0
    ],
    [
      0.0,
      NaN,
      NaN,
      0.0,
      0.0,
      79.0,
      0.0,
      NaN,
      0.0,
      NaN,
      NaN,
      58.0,
      52.0,
      114.0,
      75.0,
      109.0,
      0.0,
      0.0,
      0.0,
      54.0
    ],
    [
      NaN,
      NaN,
      NaN,
      NaN,
      NaN,
      69.0,
      NaN,
      NaN,
      NaN,
      NaN,
      0.0,
      0.0,
      36.0,
      68.0,
      96.0,
      89.0,
      NaN,
      0.0,
      0.0,
      15.0
    ],
    [
      14.0,
      0.0,
      NaN,
      17.0,
      0.0,
      12.0,
      46.0,
      12.0,
      46.0,
      15.0,
      58.0,
      55.0,
      68.0,
      58.0,
      72.0,
      65.0,
      17.0,
      54.0,
      15.0,
      0.0
    ]
  ],
  "walk_dist_matrix": [
    [
      0.0,
      0.45,
      1.6,
      1.8,
      0.55,
      12.5,
      0.4,
      0.3,
      0.4,
      1.0,
      2.9,
      4.0,
      12.5,
      22.4,
      22.6,
      22.0,
      1.7,
      2.7,
      0.75,
      8.3
    ],
    [
      0.45,
      0.0,
      1.8,
      2.1,
      0.18,
      12.3,
      0.061,
      0.35,
      0.18,
      1.2,
      3.1,
      4.1,
      12.7,
      22.1,
      22.3,
      21.7,
      1.9,
      2.8,
      1.0,
      8.0
    ],
    [
      1.6,
      1.8,
      0.0,
      0.8,
      1.9,
      13.9,
      1.8,
      1.7,
      1.8,
      1.6,
      3.4,
      3.7,
      11.8,
      23.7,
      23.9,
      23.2,
      0.65,
      3.1,
      0.85,
      9.5
    ],
    [
      1.8,
      2.1,
      0.8,
      0.0,
      2.2,
      14.2,
      2.0,
      2.0,
      2.0,
      1.2,
      2.6,
      4.1,
      11.9,
      22.5,
      22.7,
      22.1,
      0.2,
      2.3,
      1.1,
      9.9
    ],
    [
      0.55,
      0.18,
      1.9,
      2.2,
      0.0,
      12.3,
      0.21,
      0.45,
      0.2,
      1.2,
      2.9,
      4.2,
      12.8,
      22.2,
      22.4,
      21.7,
      2.0,
      2.6,
      1.1,
      8.0
    ],
    [
      12.5,
      12.3,
      13.9,
      14.2,
      12.3,
      0.0,
      12.3,
      12.3,
      12.4,
      13.3,
      14.7,
      13.5,
      13.7,
      15.2,
      15.4,
      14.8,
      14.1,
      14.5,
      13.2,
      5.6
    ],
    [
      0.4,
      0.061,
      1.8,
      2.0,
      0.21,
      12.3,
      0.0,
      0.3,
      0.12,
      1.1,
      3.0,
      4.1,
      12.7,
      22.1,
      22.3,
      21.7,
      1.9,
      2.7,
      0.95,
      8.0
    ],
    [
      0.3,
      0.35,
      1.7,
      2.0,
      0.45,
      12.3,
      0.3,
      0.0,
      0.26,
      1.0,
      2.9,
      3.8,
      12.4,
      22.2,
      22.4,
      21.8,
      1.8,
      2.6,
      0.9,
      8.0
    ],
    [
      0.4,
      0.18,
      1.8,
      2.0,
      0.2,
      12.4,
      0.12,
      0.26,
      0.0,
      1.1,
      3.0,
      4.0,
      12.6,
      22.3,
      22.5,
      21.9,
      1.9,
      2.7,
      0.95,
      8.2
    ],
    [
      1.0,
      1.2,
      1.6,
      1.2,
      1.2,
      13.3,
      1.1,
      1.0,
      1.1,
      0.0,
      2.0,
      4.8,
      12.8,
      21.6,
      21.8,
      21.2,
      1.1,
      1.8,
      1.2,
      9.0
    ],
    [
      2.9,
      3.1,
      3.4,
      2.6,
      2.9,
      14.7,
      3.0,
      2.9,
      3.0,
      2.0,
      0.0,
      6.6,
      14.4,
      21.6,
      21.8,
      21.2,
      2.7,
      0.22,
      3.0,
      10.3
    ],
    [
      4.0,
      4.1,
      3.7,
      4.1,
      4.2,
      13.5,
      4.1,
      3.8,
      4.0,
      4.8,
      6.6,
      0.0,
      10.7,
      23.3,
      23.5,
      22.9,
      3.9,
      6.3,
      3.9,
      9.2
    ],
    [
      12.5,
      12.7,
      11.8,
      11.9,
      12.8,
      13.7,
      12.7,
      12.4,
      12.6,
      12.8,
      14.4,
      10.7,
      0.0,
      26.4,
      26.6,
      26.0,
      11.8,
      14.1,
      12.2,
      14.2
    ],
    [
      22.4,
      22.1,
      23.7,
      22.5,
      22.2,
      15.2,
      22.1,
      22.2,
      22.3,
      21.6,
      21.6,
      23.3,
      26.4,
      0.0,
      0.9,
      0.45,
      22.5,
      21.4,
      23.0,
      14.9
    ],
    [
      22.6,
      22.3,
      23.9,
      22.7,
      22.4,
      15.4,
      22.3,
      22.4,
      22.5,
      21.8,
      21.8,
      23.5,
      26.6,
      0.9,
      0.0,
      0.5,
      22.7,
      21.6,
      23.2,
      15.1
    ],
    [
      22.0,
      21.7,
      23.2,
      22.1,
      21.7,
      14.8,
      21.7,
      21.8,
      21.9,
      21.2,
      21.2,
      22.9,
      26.0,
      0.45,
      0.5,
      0.0,
      22.1,
      21.0,
      22.6,
      14.5
    ],
    [
      1.7,
      1.9,
      0.65,
      0.2,
      2.0,
      14.1,
      1.9,
      1.8,
      1.9,
      1.1,
      2.7,
      3.9,
      11.8,
      22.5,
      22.7,
      22.1,
      0.0,
      2.5,
      1.0,
      9.8
    ],
    [
      2.7,
      2.8,
      3.1,
      2.3,
      2.6,
      14.5,
      2.7,
      2.6,
      2.7,
      1.8,
      0.22,
      6.3,
      14.1,
      21.4,
      21.6,
      21.0,
      2.5,
      0.0,
      2.8,
      10.2
    ],
    [
      0.75,
      1.0,
      0.85,
      1.1,
      1.1,
      13.2,
      0.95,
      0.9,
      0.95,
      1.2,
      3.0,
      3.9,
      12.2,
      23.0,
      23.2,
      22.6,
      1.0,
      2.8,
      0.0,
      8.9
    ],
    [
      8.3,
      8.0,
      9.5,
      9.9,
      8.0,
      5.6,
      8.0,
      8.0,
      8.2,
      9.0,
      10.3,
      9.2,
      14.2,
      14.9,
      15.1,
      14.5,
      9.8,
      10.2,
      8.9,
      0.0
    ]
  ],
  "walk_time_matrix": [
    [
      0.0,
      6.0,
      21.0,
      23.0,
      7.0,
      167.0,
      5.0,
      4.0,
      5.0,
      13.0,
      39.0,
      53.0,
      160.0,
      279.0,
      282.0,
      272.0,
      22.0,
      35.0,
      9.0,
      42.0
    ],
    [
      6.0,
      0.0,
      24.0,
      27.0,
      2.0,
      163.0,
      1.0,
      5.0,
      2.0,
      15.0,
      41.0,
      55.0,
      40.0,
      276.0,
      100.0,
      269.0,
      25.0,
      37.0,
      13.0,
      102.0
    ],
    [
      21.0,
      24.0,
      0.0,
      10.0,
      25.0,
      181.0,
      23.0,
      22.0,
      23.0,
      20.0,
      44.0,
      50.0,
      150.0,
      295.0,
      298.0,
      288.0,
      8.0,
      40.0,
      12.0,
      122.0
    ],
    [
      23.0,
      27.0,
      10.0,
      0.0,
      28.0,
      188.0,
      25.0,
      25.0,
      26.0,
      15.0,
      34.0,
      55.0,
      152.0,
      129.0,
      131.0,
      122.0,
      2.0,
      30.0,
      15.0,
      71.0
    ],
    [
      7.0,
      2.0,
      25.0,
      28.0,
      0.0,
      164.0,
      3.0,
      6.0,
      2.0,
      15.0,
      38.0,
      56.0,
      163.0,
      276.0,
      279.0,
      270.0,
      26.0,
      34.0,
      14.0,
      103.0
    ],
    [
      167.0,
      163.0,
      181.0,
      188.0,
      164.0,
      0.0,
      67.0,
      158.0,
      65.0,
      170.0,
      190.0,
      174.0,
      176.0,
      188.0,
      106.0,
      97.0,
      180.0,
      79.0,
      69.0,
      74.0
    ],
    [
      5.0,
      1.0,
      23.0,
      25.0,
      3.0,
      67.0,
      0.0,
      4.0,
      1.0,
      14.0,
      39.0,
      55.0,
      162.0,
      276.0,
      279.0,
      270.0,
      24.0,
      36.0,
      12.0,
      103.0
    ],
    [
      4.0,
      5.0,
      22.0,
      25.0,
      6.0,
      158.0,
      4.0,
      0.0,
      4.0,
      13.0,
      39.0,
      52.0,
      159.0,
      277.0,
      279.0,
      270.0,
      24.0,
      35.0,
      11.0,
      103.0
    ],
    [
      5.0,
      2.0,
      23.0,
      26.0,
      2.0,
      65.0,
      1.0,
      4.0,
      0.0,
      14.0,
      40.0,
      54.0,
      161.0,
      278.0,
      280.0,
      271.0,
      24.0,
      36.0,
      12.0,
      104.0
    ],
    [
      13.0,
      15.0,
      20.0,
      15.0,
      15.0,
      170.0,
      14.0,
      13.0,
      14.0,
      0.0,
      27.0,
      42.0,
      163.0,
      100.0,
      120.0,
      94.0,
      14.0,
      24.0,
      15.0,
      115.0
    ],
    [
      39.0,
      41.0,
      44.0,
      34.0,
      38.0,
      190.0,
      39.0,
      39.0,
      40.0,
      27.0,
      0.0,
      50.0,
      182.0,
      95.0,
      98.0,
      112.0,
      34.0,
      3.0,
      38.0,
      134.0
    ],
    [
      53.0,
      55.0,
      50.0,
      55.0,
      56.0,
      174.0,
      55.0,
      52.0,
      54.0,
      42.0,
      50.0,
      0.0,
      133.0,
      288.0,
      291.0,
      281.0,
      49.0,
      58.0,
      49.0,
      115.0
    ],
    [
      160.0,
      40.0,
      150.0,
      152.0,
      163.0,
      176.0,
      162.0,
      159.0,
      161.0,
      163.0,
      182.0,
      133.0,
      0.0,
      330.0,
      332.0,
      323.0,
      147.0,
      178.0,
      152.0,
      182.0
    ],
    [
      279.0,
      276.0,
      295.0,
      129.0,
      276.0,
      188.0,
      276.0,
      277.0,
      278.0,
      100.0,
      95.0,
      288.0,
      330.0,
      0.0,
      12.0,
      6.0,
      104.0,
      115.0,
      94.0,
      180.0
    ],
    [
      282.0,
      100.0,
      298.0,
      131.0,
      279.0,
      106.0,
      279.0,
      279.0,
      280.0,
      120.0,
      98.0,
      291.0,
      332.0,
      12.0,
      0.0,
      6.0,
      130.0,
      117.0,
      96.0,
      183.0
    ],
    [
      272.0,
      269.0,
      288.0,
      122.0,
      270.0,
      97.0,
      270.0,
      270.0,
      271.0,
      94.0,
      112.0,
      281.0,
      323.0,
      6.0,
      6.0,
      0.0,
      122.0,
      109.0,
      280.0,
      175.0
    ],
    [
      22.0,
      25.0,
      8.0,
      2.0,
      26.0,
      180.0,
      24.0,
      24.0,
      24.0,
      14.0,
      34.0,
      49.0,
      147.0,
      104.0,
      130.0,
      122.0,
      0.0,
      32.0,
      13.0,
      74.0
    ],
    [
      35.0,
      37.0,
      40.0,
      30.0,
      34.0,
      79.0,
      36.0,
      35.0,
      36.0,
      24.0,
      3.0,
      58.0,
      178.0,
      115.0,
      117.0,
      109.0,
      32.0,
      0.0,
      34.0,
      131.0
    ],
    [
      9.0,
      13.0,
      12.0,
      15.0,
      14.0,
      69.0,
      12.0,
      11.0,
      12.0,
      15.0,
      38.0,
      49.0,
      152.0,
      94.0,
      96.0,
      280.0,
      13.0,
      34.0,
      0.0,
      48.0
    ],
    [
      42.0,
      102.0,
      122.0,
      71.0,
      103.0,
      74.0,
      103.0,
      103.0,
      104.0,
      115.0,
      134.0,
      115.0,
      182.0,
      180.0,
      183.0,
      175.0,
      74.0,
      131.0,
      48.0,
      0.0
    ]
  ],
  "cycle_dist_matrix": [
    [
      0.0,
      0.0,
      0.0,
      0.0,
      0.0,
      NaN,
      0.0,
      0.3,
      0.4,
      0.0,
      0.0,
      NaN,
      NaN,
      NaN,
      NaN,
      NaN,
      0.0,
      0.0,
      0.75,
      8.3
    ],
    [
      0.0,
      0.0,
      0.0,
      0.0,
      0.18,
      12.3,
      0.0,
      0.35,
      0.18,
      0.0,
      0.0,
      NaN,
      NaN,
      NaN,
      NaN,
      NaN,
      0.0,
      0.0,
      0.0,
      8.0
    ],
    [
      0.0,
      0.0,
      0.0,
      0.8,
      0.0,
      NaN,
      0.0,
      0.0,
      0.0,
      0.0,
      0.0,
      NaN,
      11.8,
      23.7,
      23.9,
      23.2,
      0.65,
      0.0,
      0.0,
      9.5
    ],
    [
      0.0,
      0.0,
      0.8,
      0.0,
      0.0,
      14.2,
      0.0,
      0.0,
      0.0,
      0.0,
      0.0,
      NaN,
      NaN,
      NaN,
      NaN,
      NaN,
      0.2,
      0.0,
      1.1,
      NaN
    ],
    [
      0.0,
      0.18,
      0.0,
      0.0,
      0.0,
      NaN,
      0.21,
      0.45,
      0.2,
      0.0,
      0.0,
      NaN,
      NaN,
      NaN,
      NaN,
      NaN,
      0.0,
      0.0,
      0.0,
      8.0
    ],
    [
      NaN,
      12.3,
      NaN,
      14.2,
      NaN,
      0.0,
      NaN,
      NaN,
      NaN,
      NaN,
      NaN,
      NaN,
      NaN,
      15.2,
      15.4,
      NaN,
      14.1,
      NaN,
      NaN,
      5.6
    ],
    [
      0.0,
      0.0,
      0.0,
      0.0,
      0.21,
      NaN,
      0.0,
      0.3,
      0.12,
      0.0,
      0.0,
      NaN,
      NaN,
      22.1,
      NaN,
      NaN,
      1.9,
      0.0,
      0.0,
      NaN
    ],
    [
      0.3,
      0.35,
      0.0,
      0.0,
      0.45,
      NaN,
      0.3,
      0.0,
      0.26,
      0.0,
      0.0,
      NaN,
      NaN,
      NaN,
      NaN,
      NaN,
      1.8,
      0.0,
      0.0,
      NaN
    ],
    [
      0.4,
      0.18,
      0.0,
      0.0,
      0.2,
      NaN,
      0.12,
      0.26,
      0.0,
      0.0,
      3.0,
      NaN,
      NaN,
      NaN,
      NaN,
      21.9,
      0.0,
      2.7,
      0.0,
      NaN
    ],
    [
      0.0,
      0.0,
      0.0,
      0.0,
      0.0,
      NaN,
      0.0,
      0.0,
      0.0,
      0.0,
      0.0,
      4.8,
      12.8,
      NaN,
      NaN,
      NaN,
      0.0,
      0.0,
      0.0,
      NaN
    ],
    [
      0.0,
      0.0,
      0.0,
      0.0,
      0.0,
      NaN,
      0.0,
      0.0,
      3.0,
      0.0,
      0.0,
      6.6,
      14.4,
      NaN,
      NaN,
      NaN,
      0.0,
      0.22,
      0.0,
      NaN
    ],
    [
      NaN,
      NaN,
      NaN,
      NaN,
      NaN,
      NaN,
      NaN,
      NaN,
      NaN,
      4.8,
      6.6,
      0.0,
      NaN,
      NaN,
      NaN,
      NaN,
      NaN,
      NaN,
      NaN,
      NaN
    ],
    [
      NaN,
      NaN,
      11.8,
      NaN,
      NaN,
      NaN,
      NaN,
      NaN,
      NaN,
      12.8,
      14.4,
      NaN,
      0.0,
      NaN,
      NaN,
      NaN,
      11.8,
      NaN,
      NaN,
      NaN
    ],
    [
      NaN,
      NaN,
      23.7,
      NaN,
      NaN,
      15.2,
      22.1,
      NaN,
      NaN,
      NaN,
      NaN,
      NaN,
      NaN,
      0.0,
      0.004,
      0.004,
      NaN,
      NaN,
      NaN,
      NaN
    ],
    [
      NaN,
      NaN,
      23.9,
      NaN,
      NaN,
      15.4,
      NaN,
      NaN,
      NaN,
      NaN,
      NaN,
      NaN,
      NaN,
      0.004,
      0.0,
      0.5,
      NaN,
      NaN,
      NaN,
      NaN
    ],
    [
      NaN,
      NaN,
      23.2,
      NaN,
      NaN,
      NaN,
      NaN,
      NaN,
      21.9,
      NaN,
      NaN,
      NaN,
      NaN,
      0.004,
      0.5,
      0.0,
      NaN,
      NaN,
      22.6,
      NaN
    ],
    [
      0.0,
      0.0,
      0.65,
      0.2,
      0.0,
      14.1,
      1.9,
      1.8,
      0.0,
      0.0,
      0.0,
      NaN,
      11.8,
      NaN,
      NaN,
      NaN,
      0.0,
      0.0,
      0.0,
      9.8
    ],
    [
      0.0,
      0.0,
      0.0,
      0.0,
      0.0,
      NaN,
      0.0,
      0.0,
      2.7,
      0.0,
      0.22,
      NaN,
      NaN,
      NaN,
      NaN,
      NaN,
      0.0,
      0.0,
      0.0,
      NaN
    ],
    [
      0.75,
      0.0,
      0.0,
      1.1,
      0.0,
      NaN,
      0.0,
      0.0,
      0.0,
      0.0,
      0.0,
      NaN,
      NaN,
      NaN,
      NaN,
      22.6,
      0.0,
      0.0,
      0.0,
      NaN
    ],
    [
      8.3,
      8.0,
      9.5,
      NaN,
      8.0,
      5.6,
      NaN,
      NaN,
      NaN,
      NaN,
      NaN,
      NaN,
      NaN,
      NaN,
      NaN,
      NaN,
      9.8,
      NaN,
      NaN,
      0.0
    ]
  ],
  "cycle_time_matrix": [
    [
      0.0,
      1.0,
      1.0,
      1.0,
      1.0,
      NaN,
      1.0,
      4.0,
      5.0,
      1.0,
      1.0,
      NaN,
      NaN,
      NaN,
      NaN,
      NaN,
      1.0,
      1.0,
      9.0,
      105.0
    ],
    [
      1.0,
      0.0,
      1.0,
      1.0,
      2.0,
      163.0,
      1.0,
      5.0,
      2.0,
      1.0,
      1.0,
      NaN,
      NaN,
      NaN,
      NaN,
      NaN,
      1.0,
      1.0,
      1.0,
      102.0
    ],
    [
      1.0,
      1.0,
      0.0,
      10.0,
      1.0,
      NaN,
      1.0,
      1.0,
      1.0,
      1.0,
      1.0,
      NaN,
      150.0,
      295.0,
      298.0,
      288.0,
      8.0,
      1.0,
      1.0,
      122.0
    ],
    [
      1.0,
      1.0,
      10.0,
      0.0,
      1.0,
      188.0,
      1.0,
      1.0,
      1.0,
      1.0,
      1.0,
      NaN,
      NaN,
      NaN,
      NaN,
      NaN,
      2.0,
      30.0,
      15.0,
      NaN
    ],
    [
      1.0,
      2.0,
      1.0,
      1.0,
      0.0,
      NaN,
      3.0,
      6.0,
      2.0,
      1.0,
      1.0,
      NaN,
      NaN,
      NaN,
      NaN,
      NaN,
      26.0,
      1.0,
      1.0,
      103.0
    ],
    [
      NaN,
      163.0,
      NaN,
      188.0,
      NaN,
      0.0,
      NaN,
      NaN,
      NaN,
      NaN,
      NaN,
      NaN,
      NaN,
      188.0,
      190.0,
      NaN,
      180.0,
      NaN,
      NaN,
      74.0
    ],
    [
      1.0,
      1.0,
      1.0,
      1.0,
      3.0,
      NaN,
      0.0,
      4.0,
      1.0,
      1.0,
      1.0,
      NaN,
      NaN,
      276.0,
      NaN,
      NaN,
      24.0,
      1.0,
      1.0,
      NaN
    ],
    [
      4.0,
      5.0,
      1.0,
      1.0,
      6.0,
      NaN,
      4.0,
      0.0,
      4.0,
      1.0,
      1.0,
      NaN,
      NaN,
      NaN,
      NaN,
      NaN,
      24.0,
      1.0,
      1.0,
      NaN
    ],
    [
      5.0,
      2.0,
      1.0,
      1.0,
      2.0,
      NaN,
      1.0,
      4.0,
      0.0,
      1.0,
      40.0,
      NaN,
      NaN,
      NaN,
      NaN,
      271.0,
      1.0,
      36.0,
      1.0,
      NaN
    ],
    [
      1.0,
      1.0,
      1.0,
      1.0,
      1.0,
      NaN,
      1.0,
      1.0,
      1.0,
      0.0,
      1.0,
      63.0,
      163.0,
      NaN,
      NaN,
      NaN,
      1.0,
      1.0,
      1.0,
      NaN
    ],
    [
      1.0,
      1.0,
      1.0,
      1.0,
      1.0,
      NaN,
      1.0,
      1.0,
      40.0,
      1.0,
      0.0,
      86.0,
      182.0,
      NaN,
      NaN,
      NaN,
      1.0,
      3.0,
      38.0,
      NaN
    ],
    [
      NaN,
      NaN,
      NaN,
      NaN,
      NaN,
      NaN,
      NaN,
      NaN,
      NaN,
      63.0,
      86.0,
      0.0,
      NaN,
      NaN,
      NaN,
      NaN,
      NaN,
      NaN,
      NaN,
      NaN
    ],
    [
      NaN,
      NaN,
      150.0,
      NaN,
      NaN,
      NaN,
      NaN,
      NaN,
      NaN,
      163.0,
      182.0,
      NaN,
      0.0,
      NaN,
      NaN,
      NaN,
      147.0,
      NaN,
      NaN,
      NaN
    ],
    [
      NaN,
      NaN,
      295.0,
      NaN,
      NaN,
      188.0,
      276.0,
      NaN,
      NaN,
      NaN,
      NaN,
      NaN,
      NaN,
      0.0,
      1.0,
      1.0,
      NaN,
      NaN,
      NaN,
      NaN
    ],
    [
      NaN,
      NaN,
      298.0,
      NaN,
      NaN,
      190.0,
      NaN,
      NaN,
      NaN,
      NaN,
      NaN,
      NaN,
      NaN,
      1.0,
      0.0,
      6.0,
      NaN,
      NaN,
      NaN,
      NaN
    ],
    [
      NaN,
      NaN,
      288.0,
      NaN,
      NaN,
      NaN,
      NaN,
      NaN,
      271.0,
      NaN,
      NaN,
      NaN,
      NaN,
      1.0,
      6.0,
      0.0,
      NaN,
      NaN,
      280.0,
      NaN
    ],
    [
      1.0,
      1.0,
      8.0,
      2.0,
      26.0,
      180.0,
      24.0,
      24.0,
      1.0,
      1.0,
      1.0,
      NaN,
      147.0,
      NaN,
      NaN,
      NaN,
      0.0,
      1.0,
      1.0,
      125.0
    ],
    [
      1.0,
      1.0,
      1.0,
      30.0,
      1.0,
      NaN,
      1.0,
      1.0,
      36.0,
      1.0,
      3.0,
      NaN,
      NaN,
      NaN,
      NaN,
      NaN,
      1.0,
      0.0,
      1.0,
      NaN
    ],
    [
      9.0,
      1.0,
      1.0,
      15.0,
      1.0,
      NaN,
      1.0,
      1.0,
      1.0,
      1.0,
      38.0,
      NaN,
      NaN,
      NaN,
      NaN,
      280.0,
      1.0,
      1.0,
      0.0,
      NaN
    ],
    [
      105.0,
      102.0,
      122.0,
      NaN,
      103.0,
      74.0,
      NaN,
      NaN,
      NaN,
      NaN,
      NaN,
      NaN,
      NaN,
      NaN,
      NaN,
      NaN,
      125.0,
      NaN,
      NaN,
      0.0
    ]
  ],
