{
  "drive_dist_matrix": [
    [
      0.0,
      0.65,
      0.24,
      0.5,
      0.14,
      0.8,
      1.0,
      0.65,
      1.8,
      0.4,
      0.7,
      0.45,
      3.6,
      0.17,
      0.85,
      1.1,
      2.6,
      0.5,
      0.19,
      3.6,
      1.8,
      3.4,
      3.7,
      1.5,
      0.9,
      1.0,
      0.35,
      28.6,
      1.7,
      5.9,
      39.4,
      0.45,
      47.1,
      0.85
    ],
    [
      0.65,
      0.0,
      0.5,
      0.95,
      1.7,
      1.4,
      2.2,
      3.2,
      2.3,
      0.8,
      2.4,
      0.75,
      3.2,
      2.4,
      0.95,
      1.1,
      2.3,
      2.0,
      2.4,
      3.2,
      2.3,
      3.1,
      3.4,
      1.9,
      2.1,
      0.85,
      0.65,
      27.3,
      2.2,
      5.5,
      38.1,
      0.75,
      47.9,
      2.2
    ],
    [
      0.24,
      0.5,
      0.0,
      0.25,
      0.2,
      1.1,
      2.4,
      0.9,
      1.0,
      0.6,
      0.95,
      0.7,
      3.4,
      0.4,
      1.1,
      1.2,
      2.4,
      0.75,
      0.45,
      3.4,
      1.0,
      3.2,
      3.5,
      2.1,
      2.3,
      1.0,
      0.6,
      27.5,
      2.3,
      5.7,
      38.3,
      0.7,
      47.1,
      2.4
    ],
    [
      0.5,
      0.95,
      0.25,
      0.0,
      0.45,
      0.75,
      2.4,
      0.9,
      0.95,
      0.65,
      2.6,
      0.6,
      3.5,
      0.3,
      0.8,
      0.9,
      2.5,
      0.75,
      0.35,
      3.4,
      0.9,
      3.3,
      3.6,
      2.1,
      2.3,
      1.1,
      0.5,
      27.5,
      2.4,
      5.8,
      38.3,
      0.6,
      47.1,
      2.5
    ],
    [
      0.14,
      1.7,
      0.2,
      0.45,
      0.0,
      1.0,
      1.8,
      0.8,
      1.9,
      0.5,
      0.85,
      0.6,
      3.7,
      0.3,
      1.0,
      1.1,
      2.7,
      0.65,
      0.35,
      3.7,
      0.9,
      3.5,
      3.8,
      1.5,
      1.7,
      2.2,
      0.5,
      28.7,
      1.0,
      6.0,
      39.5,
      0.6,
      47.1,
      1.0
    ],
    [
      0.8,
      1.4,
      1.1,
      0.75,
      1.0,
      0.0,
      0.35,
      2.4,
      0.5,
      0.6,
      0.35,
      0.35,
      3.8,
      0.7,
      0.025,
      0.3,
      2.8,
      0.7,
      0.65,
      3.8,
      0.4,
      3.6,
      3.9,
      0.6,
      0.4,
      0.45,
      0.5,
      27.0,
      0.35,
      6.1,
      38.6,
      0.4,
      41.7,
      0.35
    ],
    [
      1.0,
      2.2,
      2.4,
      2.4,
      1.8,
      0.35,
      0.0,
      0.75,
      0.35,
      0.75,
      0.4,
      0.55,
      4.1,
      0.85,
      0.3,
      0.6,
      3.1,
      0.75,
      1.4,
      4.1,
      0.25,
      3.9,
      4.2,
      0.3,
      0.084,
      0.75,
      0.65,
      26.8,
      0.17,
      6.4,
      38.3,
      0.5,
      41.5,
      0.23
    ],
    [
      0.65,
      3.2,
      0.9,
      0.9,
      0.8,
      2.4,
      0.75,
      0.0,
      0.4,
      0.29,
      0.4,
      0.45,
      5.7,
      0.6,
      0.7,
      0.95,
      4.8,
      0.14,
      0.55,
      5.7,
      0.5,
      5.6,
      5.9,
      0.9,
      0.7,
      2.3,
      0.5,
      27.9,
      0.6,
      7.9,
      29.8,
      0.45,
      41.2,
      0.6
    ],
    [
      1.8,
      2.3,
      1.0,
      0.95,
      1.9,
      0.5,
      0.35,
      0.4,
      0.0,
      0.45,
      0.13,
      0.45,
      3.5,
      0.75,
      0.45,
      0.8,
      2.5,
      0.4,
      0.7,
      3.5,
      0.11,
      3.3,
      3.6,
      0.45,
      0.29,
      0.9,
      0.45,
      28.3,
      0.21,
      5.8,
      39.1,
      0.35,
      48.4,
      0.22
    ],
    [
      0.4,
      0.8,
      0.6,
      0.65,
      0.5,
      0.6,
      0.75,
      0.29,
      0.45,
      0.0,
      0.4,
      0.25,
      3.4,
      0.3,
      0.65,
      0.9,
      2.4,
      0.15,
      0.26,
      3.4,
      0.55,
      3.2,
      3.5,
      0.9,
      0.7,
      0.85,
      0.3,
      28.2,
      0.6,
      5.7,
      39.0,
      0.25,
      48.3,
      0.65
    ],
    [
      0.7,
      2.4,
      0.95,
      2.6,
      0.85,
      0.35,
      0.4,
      0.4,
      0.13,
      0.4,
      0.0,
      0.29,
      3.5,
      0.6,
      0.35,
      1.0,
      2.5,
      0.35,
      0.5,
      3.5,
      0.25,
      3.3,
      3.6,
      0.5,
      0.35,
      0.8,
      0.35,
      28.3,
      0.26,
      5.8,
      39.1,
      0.25,
      48.4,
      0.28
    ],
    [
      0.45,
      0.75,
      0.7,
      0.6,
      0.6,
      0.35,
      0.55,
      0.45,
      0.45,
      0.25,
      0.29,
      0.0,
      3.2,
      0.35,
      0.4,
      0.7,
      2.2,
      0.3,
      0.29,
      3.2,
      0.35,
      3.0,
      3.3,
      0.7,
      0.5,
      0.6,
      0.11,
      28.0,
      0.4,
      5.5,
      38.8,
      0.045,
      48.1,
      0.45
    ],
    [
      3.6,
      3.2,
      3.4,
      3.5,
      3.7,
      3.8,
      4.1,
      5.7,
      3.5,
      3.4,
      3.5,
      3.2,
      0.0,
      6.7,
      4.3,
      4.6,
      2.1,
      5.6,
      6.7,
      0.046,
      6.1,
      0.45,
      0.65,
      5.7,
      5.9,
      4.4,
      6.5,
      28.4,
      6.0,
      7.8,
      41.9,
      6.3,
      51.6,
      6.0
    ],
    [
      0.17,
      2.4,
      0.4,
      0.3,
      0.3,
      0.7,
      0.85,
      0.6,
      0.75,
      0.3,
      0.6,
      0.35,
      6.7,
      0.0,
      0.75,
      0.8,
      2.0,
      0.45,
      0.056,
      2.9,
      0.65,
      2.8,
      3.1,
      1.1,
      0.8,
      0.95,
      0.24,
      27.3,
      1.4,
      5.3,
      38.8,
      0.35,
      47.9,
      0.7
    ],
    [
      0.85,
      0.95,
      1.1,
      0.8,
      1.0,
      0.025,
      0.3,
      0.7,
      0.45,
      0.65,
      0.35,
      0.4,
      4.3,
      0.75,
      0.0,
      0.35,
      2.8,
      2.5,
      0.7,
      3.8,
      0.35,
      3.6,
      3.9,
      0.55,
      0.4,
      0.45,
      0.5,
      27.0,
      0.3,
      6.1,
      38.6,
      0.4,
      41.7,
      0.3
    ],
    [
      1.1,
      1.1,
      1.2,
      0.9,
      1.1,
      0.3,
      0.6,
      0.95,
      0.8,
      0.9,
      1.0,
      0.7,
      4.6,
      0.8,
      0.35,
      0.0,
      2.8,
      0.8,
      0.75,
      3.8,
      0.7,
      3.6,
      3.9,
      0.9,
      1.2,
      0.12,
      0.6,
      27.8,
      0.65,
      6.1,
      38.6,
      0.5,
      48.5,
      0.65
    ],
    [
      2.6,
      2.3,
      2.4,
      2.5,
      2.7,
      2.8,
      3.1,
      4.8,
      2.5,
      2.4,
      2.5,
      2.2,
      2.1,
      2.0,
      2.8,
      2.8,
      0.0,
      3.7,
      4.7,
      1.2,
      4.1,
      0.65,
      1.3,
      3.8,
      4.0,
      2.5,
      4.5,
      26.5,
      4.0,
      5.8,
      39.9,
      4.4,
      49.6,
      4.1
    ],
    [
      0.5,
      2.0,
      0.75,
      0.75,
      0.65,
      0.7,
      0.75,
      0.14,
      0.4,
      0.15,
      0.35,
      0.3,
      5.6,
      0.45,
      2.5,
      0.8,
      3.7,
      0.0,
      0.4,
      5.3,
      0.5,
      5.1,
      5.4,
      0.85,
      0.65,
      0.9,
      0.35,
      29.4,
      0.6,
      7.6,
      40.2,
      0.3,
      42.6,
      0.6
    ],
    [
      0.19,
      2.4,
      0.45,
      0.35,
      0.35,
      0.65,
      1.4,
      0.55,
      0.7,
      0.26,
      0.5,
      0.29,
      6.7,
      0.056,
      0.7,
      0.75,
      4.7,
      0.4,
      0.0,
      2.9,
      0.6,
      2.8,
      3.1,
      1.1,
      0.75,
      0.9,
      0.18,
      27.3,
      0.65,
      5.3,
      38.8,
      0.27,
      47.9,
      1.5
    ],
    [
      3.6,
      3.2,
      3.4,
      3.4,
      3.7,
      3.8,
      4.1,
      5.7,
      3.5,
      3.4,
      3.5,
      3.2,
      0.046,
      2.9,
      3.8,
      3.8,
      1.2,
      5.3,
      2.9,
      0.0,
      6.1,
      0.5,
      0.7,
      5.7,
      5.9,
      4.4,
      6.5,
      28.4,
      6.0,
      7.8,
      41.9,
      6.4,
      51.6,
      6.0
    ],
    [
      1.8,
      2.3,
      1.0,
      0.9,
      0.9,
      0.4,
      0.25,
      0.5,
      0.11,
      0.55,
      0.25,
      0.35,
      6.1,
      0.65,
      0.35,
      0.7,
      4.1,
      0.5,
      0.6,
      6.1,
      0.0,
      3.4,
      3.7,
      0.35,
      0.18,
      1.9,
      0.45,
      28.4,
      0.096,
      5.9,
      39.2,
      0.3,
      48.5,
      0.11
    ],
    [
      3.4,
      3.1,
      3.2,
      3.3,
      3.5,
      3.6,
      3.9,
      5.6,
      3.3,
      3.2,
      3.3,
      3.0,
      0.45,
      2.8,
      3.6,
      3.6,
      0.65,
      5.1,
      2.8,
      0.5,
      3.4,
      0.0,
      0.3,
      4.7,
      4.9,
      3.4,
      5.4,
      27.4,
      4.9,
      6.7,
      40.8,
      5.3,
      50.5,
      5.0
    ],
    [
      3.7,
      3.4,
      3.5,
      3.6,
      3.8,
      3.9,
      4.2,
      5.9,
      3.6,
      3.5,
      3.6,
      3.3,
      0.65,
      3.1,
      3.9,
      3.9,
      1.3,
      5.4,
      3.1,
      0.7,
      3.7,
      0.3,
      0.0,
      5.8,
      6.0,
      4.5,
      6.6,
      28.5,
      6.1,
      7.9,
      42.0,
      6.5,
      51.7,
      6.5
    ],
    [
      1.5,
      1.9,
      2.1,
      2.1,
      1.5,
      0.6,
      0.3,
      0.9,
      0.45,
      0.9,
      0.5,
      0.7,
      5.7,
      1.1,
      0.55,
      0.9,
      3.8,
      0.85,
      1.1,
      5.7,
      0.35,
      4.7,
      5.8,
      0.0,
      0.21,
      1.0,
      0.75,
      27.1,
      0.26,
      6.7,
      38.6,
      0.65,
      41.4,
      0.3
    ],
    [
      0.9,
      2.1,
      2.3,
      2.3,
      1.7,
      0.4,
      0.084,
      0.7,
      0.29,
      0.7,
      0.35,
      0.5,
      5.9,
      0.8,
      0.4,
      1.2,
      4.0,
      0.65,
      0.75,
      5.9,
      0.18,
      4.9,
      6.0,
      0.21,
      0.0,
      0.85,
      0.6,
      26.9,
      0.082,
      6.5,
      38.4,
      0.45,
      41.6,
      0.14
    ],
    [
      1.0,
      0.85,
      1.0,
      1.1,
      2.2,
      0.45,
      0.75,
      2.3,
      0.9,
      0.85,
      0.8,
      0.6,
      4.4,
      0.95,
      0.45,
      0.12,
      2.5,
      0.9,
      0.9,
      4.4,
      1.9,
      3.4,
      4.5,
      1.0,
      0.85,
      0.0,
      1.8,
      26.5,
      0.75,
      5.7,
      38.2,
      0.6,
      48.1,
      0.75
    ],
    [
      0.35,
      0.65,
      0.6,
      0.5,
      0.5,
      0.5,
      0.65,
      0.5,
      0.45,
      0.3,
      0.35,
      0.11,
      6.5,
      0.24,
      0.5,
      0.6,
      4.5,
      0.35,
      0.18,
      6.5,
      0.45,
      5.4,
      6.6,
      0.75,
      0.6,
      1.8,
      0.0,
      27.5,
      0.5,
      5.5,
      39.0,
      0.12,
      48.1,
      0.5
    ],
    [
      28.6,
      27.3,
      27.5,
      27.5,
      28.7,
      27.0,
      26.8,
      27.9,
      28.3,
      28.2,
      28.3,
      28.0,
      28.4,
      27.3,
      27.0,
      27.8,
      26.5,
      29.4,
      27.3,
      28.4,
      28.4,
      27.4,
      28.5,
      27.1,
      26.9,
      26.5,
      27.5,
      0.0,
      26.8,
      31.1,
      43.9,
      27.2,
      67.6,
      26.9
    ],
    [
      1.7,
      2.2,
      2.3,
      2.4,
      1.0,
      0.35,
      0.17,
      0.6,
      0.21,
      0.6,
      0.26,
      0.4,
      6.0,
      1.4,
      0.3,
      0.65,
      4.0,
      0.6,
      0.65,
      6.0,
      0.096,
      4.9,
      6.1,
      0.26,
      0.082,
      0.75,
      0.5,
      26.8,
      0.0,
      6.0,
      29.8,
      0.4,
      41.1,
      0.059
    ],
    [
      5.9,
      5.5,
      5.7,
      5.8,
      6.0,
      6.1,
      6.4,
      7.9,
      5.8,
      5.7,
      5.8,
      5.5,
      7.8,
      5.3,
      6.1,
      6.1,
      5.8,
      7.6,
      5.3,
      7.8,
      5.9,
      6.7,
      7.9,
      6.7,
      6.5,
      5.7,
      5.5,
      31.1,
      6.0,
      0.0,
      43.1,
      7.5,
      53.0,
      7.2
    ],
    [
      39.4,
      38.1,
      38.3,
      38.3,
      39.5,
      38.6,
      38.3,
      29.8,
      39.1,
      39.0,
      39.1,
      38.8,
      41.9,
      38.8,
      38.6,
      38.6,
      39.9,
      40.2,
      38.8,
      41.9,
      39.2,
      40.8,
      42.0,
      38.6,
      38.4,
      38.2,
      39.0,
      43.9,
      29.8,
      43.1,
      0.0,
      30.2,
      56.2,
      29.9
    ],
    [
      0.45,
      0.75,
      0.7,
      0.6,
      0.6,
      0.4,
      0.5,
      0.45,
      0.35,
      0.25,
      0.25,
      0.045,
      6.3,
      0.35,
      0.4,
      0.5,
      4.4,
      0.3,
      0.27,
      6.4,
      0.3,
      5.3,
      6.5,
      0.65,
      0.45,
      0.6,
      0.12,
      27.2,
      0.4,
      7.5,
      30.2,
      0.0,
      48.2,
      0.4
    ],
    [
      47.1,
      47.9,
      47.1,
      47.1,
      47.1,
      41.7,
      41.5,
      41.2,
      48.4,
      48.3,
      48.4,
      48.1,
      51.6,
      47.9,
      41.7,
      48.5,
      49.6,
      42.6,
      47.9,
      51.6,
      48.5,
      50.5,
      51.7,
      41.4,
      41.6,
      48.1,
      48.1,
      67.6,
      41.1,
      53.0,
      56.2,
      48.2,
      0.0,
      40.9
    ],
    [
      0.85,
      2.2,
      2.4,
      2.5,
      1.0,
      0.35,
      0.23,
      0.6,
      0.22,
      0.65,
      0.28,
      0.45,
      6.0,
      0.7,
      0.3,
      0.65,
      4.1,
      0.6,
      1.5,
      6.0,
      0.11,
      5.0,
      6.5,
      0.3,
      0.14,
      0.75,
      0.5,
      26.9,
      0.059,
      7.2,
      29.9,
      0.4,
      40.9,
      0.0
    ]
  ],
  "drive_time_matrix": [
    [
      0.0,
      8.0,
      4.0,
      6.0,
      2.0,
      10.0,
      11.0,
      8.0,
      9.0,
      4.0,
      8.0,
      5.0,
      10.0,
      2.0,
      10.0,
      5.0,
      7.0,
      6.0,
      2.0,
      10.0,
      7.0,
      8.0,
      10.0,
      6.0,
      11.0,
      13.0,
      4.0,
      34.0,
      7.0,
      12.0,
      39.0,
      5.0,
      49.0,
      10.0
    ],
    [
      8.0,
      0.0,
      9.0,
      2.0,
      3.0,
      3.0,
      5.0,
      14.0,
      5.0,
      10.0,
      5.0,
      10.0,
      7.0,
      7.0,
      12.0,
      2.0,
      4.0,
      5.0,
      7.0,
      6.0,
      5.0,
      5.0,
      7.0,
      4.0,
      5.0,
      1.0,
      9.0,
      30.0,
      5.0,
      8.0,
      36.0,
      10.0,
      48.0,
      5.0
    ],
    [
      4.0,
      9.0,
      0.0,
      4.0,
      2.0,
      12.0,
      6.0,
      10.0,
      11.0,
      7.0,
      10.0,
      8.0,
      7.0,
      5.0,
      12.0,
      3.0,
      4.0,
      8.0,
      5.0,
      7.0,
      11.0,
      6.0,
      7.0,
      5.0,
      5.0,
      2.0,
      7.0,
      30.0,
      6.0,
      9.0,
      37.0,
      8.0,
      46.0,
      6.0
    ],
    [
      6.0,
      2.0,
      4.0,
      0.0,
      8.0,
      10.0,
      6.0,
      12.0,
      11.0,
      8.0,
      11.0,
      8.0,
      8.0,
      4.0,
      10.0,
      11.0,
      5.0,
      10.0,
      5.0,
      7.0,
      11.0,
      6.0,
      7.0,
      5.0,
      6.0,
      2.0,
      7.0,
      31.0,
      6.0,
      9.0,
      38.0,
      8.0,
      46.0,
      6.0
    ],
    [
      2.0,
      3.0,
      2.0,
      8.0,
      0.0,
      11.0,
      8.0,
      9.0,
      8.0,
      6.0,
      9.0,
      7.0,
      10.0,
      3.0,
      11.0,
      12.0,
      7.0,
      7.0,
      4.0,
      10.0,
      10.0,
      9.0,
      10.0,
      7.0,
      8.0,
      6.0,
      5.0,
      34.0,
      11.0,
      12.0,
      41.0,
      7.0,
      49.0,
      11.0
    ],
    [
      10.0,
      3.0,
      12.0,
      10.0,
      11.0,
      0.0,
      4.0,
      9.0,
      6.0,
      8.0,
      5.0,
      5.0,
      9.0,
      9.0,
      1.0,
      4.0,
      6.0,
      9.0,
      9.0,
      9.0,
      5.0,
      7.0,
      9.0,
      7.0,
      5.0,
      6.0,
      6.0,
      31.0,
      4.0,
      10.0,
      38.0,
      5.0,
      49.0,
      4.0
    ],
    [
      11.0,
      5.0,
      6.0,
      6.0,
      8.0,
      4.0,
      0.0,
      10.0,
      5.0,
      10.0,
      5.0,
      7.0,
      9.0,
      11.0,
      4.0,
      7.0,
      6.0,
      9.0,
      6.0,
      9.0,
      3.0,
      7.0,
      9.0,
      4.0,
      1.0,
      9.0,
      8.0,
      30.0,
      2.0,
      10.0,
      38.0,
      7.0,
      48.0,
      3.0
    ],
    [
      8.0,
      14.0,
      10.0,
      12.0,
      9.0,
      9.0,
      10.0,
      0.0,
      5.0,
      4.0,
      5.0,
      6.0,
      13.0,
      8.0,
      9.0,
      12.0,
      11.0,
      2.0,
      7.0,
      13.0,
      6.0,
      12.0,
      13.0,
      11.0,
      9.0,
      7.0,
      6.0,
      35.0,
      8.0,
      15.0,
      40.0,
      5.0,
      49.0,
      7.0
    ],
    [
      9.0,
      5.0,
      11.0,
      11.0,
      8.0,
      6.0,
      5.0,
      5.0,
      0.0,
      6.0,
      2.0,
      6.0,
      9.0,
      10.0,
      6.0,
      10.0,
      6.0,
      5.0,
      9.0,
      9.0,
      1.0,
      8.0,
      9.0,
      6.0,
      4.0,
      11.0,
      6.0,
      34.0,
      3.0,
      11.0,
      40.0,
      4.0,
      51.0,
      3.0
    ],
    [
      4.0,
      10.0,
      7.0,
      8.0,
      6.0,
      8.0,
      10.0,
      4.0,
      6.0,
      0.0,
      5.0,
      3.0,
      9.0,
      4.0,
      8.0,
      4.0,
      6.0,
      2.0,
      3.0,
      9.0,
      7.0,
      8.0,
      9.0,
      11.0,
      9.0,
      11.0,
      4.0,
      34.0,
      8.0,
      11.0,
      40.0,
      3.0,
      51.0,
      8.0
    ],
    [
      8.0,
      5.0,
      10.0,
      11.0,
      9.0,
      5.0,
      5.0,
      5.0,
      2.0,
      5.0,
      0.0,
      4.0,
      9.0,
      8.0,
      4.0,
      4.0,
      6.0,
      4.0,
      7.0,
      9.0,
      3.0,
      8.0,
      9.0,
      6.0,
      4.0,
      10.0,
      5.0,
      33.0,
      3.0,
      11.0,
      40.0,
      3.0,
      50.0,
      3.0
    ],
    [
      5.0,
      10.0,
      8.0,
      8.0,
      7.0,
      5.0,
      7.0,
      6.0,
      6.0,
      3.0,
      4.0,
      0.0,
      8.0,
      5.0,
      4.0,
      3.0,
      5.0,
      4.0,
      4.0,
      7.0,
      4.0,
      6.0,
      8.0,
      8.0,
      6.0,
      8.0,
      2.0,
      32.0,
      5.0,
      9.0,
      38.0,
      1.0,
      49.0,
      5.0
    ],
    [
      10.0,
      7.0,
      7.0,
      8.0,
      10.0,
      9.0,
      9.0,
      13.0,
      9.0,
      9.0,
      9.0,
      8.0,
      0.0,
      14.0,
      9.0,
      8.0,
      5.0,
      12.0,
      14.0,
      1.0,
      11.0,
      5.0,
      8.0,
      10.0,
      11.0,
      8.0,
      13.0,
      33.0,
      11.0,
      13.0,
      43.0,
      13.0,
      55.0,
      11.0
    ],
    [
      2.0,
      7.0,
      5.0,
      4.0,
      3.0,
      9.0,
      11.0,
      8.0,
      10.0,
      4.0,
      8.0,
      5.0,
      14.0,
      0.0,
      8.0,
      10.0,
      4.0,
      5.0,
      1.0,
      6.0,
      8.0,
      5.0,
      7.0,
      5.0,
      9.0,
      11.0,
      3.0,
      31.0,
      5.0,
      8.0,
      39.0,
      4.0,
      48.0,
      8.0
    ],
    [
      10.0,
      12.0,
      12.0,
      10.0,
      11.0,
      1.0,
      4.0,
      9.0,
      6.0,
      8.0,
      4.0,
      4.0,
      9.0,
      8.0,
      0.0,
      4.0,
      6.0,
      8.0,
      9.0,
      9.0,
      5.0,
      7.0,
      9.0,
      7.0,
      5.0,
      6.0,
      7.0,
      31.0,
      4.0,
      10.0,
      39.0,
      5.0,
      50.0,
      4.0
    ],
    [
      5.0,
      2.0,
      3.0,
      11.0,
      12.0,
      4.0,
      7.0,
      12.0,
      10.0,
      4.0,
      4.0,
      3.0,
      8.0,
      10.0,
      4.0,
      0.0,
      6.0,
      10.0,
      10.0,
      9.0,
      9.0,
      7.0,
      9.0,
      11.0,
      9.0,
      2.0,
      8.0,
      32.0,
      8.0,
      10.0,
      39.0,
      6.0,
      50.0,
      8.0
    ],
    [
      7.0,
      4.0,
      4.0,
      5.0,
      7.0,
      6.0,
      6.0,
      11.0,
      6.0,
      6.0,
      6.0,
      5.0,
      5.0,
      4.0,
      6.0,
      6.0,
      0.0,
      8.0,
      11.0,
      4.0,
      8.0,
      8.0,
      4.0,
      6.0,
      7.0,
      4.0,
      10.0,
      29.0,
      7.0,
      9.0,
      39.0,
      9.0,
      50.0,
      8.0
    ],
    [
      6.0,
      5.0,
      8.0,
      10.0,
      7.0,
      9.0,
      9.0,
      2.0,
      5.0,
      2.0,
      4.0,
      4.0,
      12.0,
      5.0,
      8.0,
      10.0,
      8.0,
      0.0,
      5.0,
      13.0,
      6.0,
      12.0,
      14.0,
      10.0,
      8.0,
      12.0,
      5.0,
      36.0,
      7.0,
      15.0,
      43.0,
      4.0,
      51.0,
      7.0
    ],
    [
      2.0,
      7.0,
      5.0,
      5.0,
      4.0,
      9.0,
      6.0,
      7.0,
      9.0,
      3.0,
      7.0,
      4.0,
      14.0,
      1.0,
      9.0,
      10.0,
      11.0,
      5.0,
      0.0,
      6.0,
      7.0,
      5.0,
      7.0,
      5.0,
      9.0,
      11.0,
      2.0,
      31.0,
      8.0,
      8.0,
      38.0,
      3.0,
      48.0,
      6.0
    ],
    [
      10.0,
      6.0,
      7.0,
      7.0,
      10.0,
      9.0,
      9.0,
      13.0,
      9.0,
      9.0,
      9.0,
      7.0,
      1.0,
      6.0,
      9.0,
      9.0,
      4.0,
      13.0,
      6.0,
      0.0,
      11.0,
      6.0,
      9.0,
      10.0,
      11.0,
      8.0,
      13.0,
      33.0,
      11.0,
      12.0,
      43.0,
      13.0,
      54.0,
      11.0
    ],
    [
      7.0,
      5.0,
      11.0,
      11.0,
      10.0,
      5.0,
      3.0,
      6.0,
      1.0,
      7.0,
      3.0,
      4.0,
      11.0,
      8.0,
      5.0,
      9.0,
      8.0,
      6.0,
      7.0,
      11.0,
      0.0,
      9.0,
      10.0,
      5.0,
      2.0,
      6.0,
      6.0,
      34.0,
      1.0,
      11.0,
      40.0,
      4.0,
      51.0,
      1.0
    ],
    [
      8.0,
      5.0,
      6.0,
      6.0,
      9.0,
      7.0,
      7.0,
      12.0,
      8.0,
      8.0,
      8.0,
      6.0,
      5.0,
      5.0,
      7.0,
      7.0,
      8.0,
      12.0,
      5.0,
      6.0,
      9.0,
      0.0,
      4.0,
      9.0,
      10.0,
      7.0,
      13.0,
      32.0,
      10.0,
      11.0,
      42.0,
      12.0,
      54.0,
      11.0
    ],
    [
      10.0,
      7.0,
      7.0,
      7.0,
      10.0,
      9.0,
      9.0,
      13.0,
      9.0,
      9.0,
      9.0,
      8.0,
      8.0,
      7.0,
      9.0,
      9.0,
      4.0,
      14.0,
      7.0,
      9.0,
      10.0,
      4.0,
      0.0,
      10.0,
      11.0,
      8.0,
      14.0,
      33.0,
      11.0,
      13.0,
      43.0,
      13.0,
      55.0,
      12.0
    ],
    [
      6.0,
      4.0,
      5.0,
      5.0,
      7.0,
      7.0,
      4.0,
      11.0,
      6.0,
      11.0,
      6.0,
      8.0,
      10.0,
      5.0,
      7.0,
      11.0,
      6.0,
      10.0,
      5.0,
      10.0,
      5.0,
      9.0,
      10.0,
      0.0,
      3.0,
      13.0,
      10.0,
      31.0,
      3.0,
      11.0,
      39.0,
      8.0,
      48.0,
      4.0
    ],
    [
      11.0,
      5.0,
      5.0,
      6.0,
      8.0,
      5.0,
      1.0,
      9.0,
      4.0,
      9.0,
      4.0,
      6.0,
      11.0,
      9.0,
      5.0,
      9.0,
      7.0,
      8.0,
      9.0,
      11.0,
      2.0,
      10.0,
      11.0,
      3.0,
      0.0,
      11.0,
      8.0,
      31.0,
      1.0,
      11.0,
      38.0,
      6.0,
      49.0,
      2.0
    ],
    [
      13.0,
      1.0,
      2.0,
      2.0,
      6.0,
      6.0,
      9.0,
      7.0,
      11.0,
      11.0,
      10.0,
      8.0,
      8.0,
      11.0,
      6.0,
      2.0,
      4.0,
      12.0,
      11.0,
      8.0,
      6.0,
      7.0,
      8.0,
      13.0,
      11.0,
      0.0,
      6.0,
      28.0,
      10.0,
      8.0,
      36.0,
      8.0,
      47.0,
      10.0
    ],
    [
      4.0,
      9.0,
      7.0,
      7.0,
      5.0,
      6.0,
      8.0,
      6.0,
      6.0,
      4.0,
      5.0,
      2.0,
      13.0,
      3.0,
      7.0,
      8.0,
      10.0,
      5.0,
      2.0,
      13.0,
      6.0,
      13.0,
      14.0,
      10.0,
      8.0,
      6.0,
      0.0,
      31.0,
      6.0,
      9.0,
      39.0,
      1.0,
      48.0,
      6.0
    ],
    [
      34.0,
      30.0,
      30.0,
      31.0,
      34.0,
      31.0,
      30.0,
      35.0,
      34.0,
      34.0,
      33.0,
      32.0,
      33.0,
      31.0,
      31.0,
      32.0,
      29.0,
      36.0,
      31.0,
      33.0,
      34.0,
      32.0,
      33.0,
      31.0,
      31.0,
      28.0,
      31.0,
      0.0,
      32.0,
      36.0,
      48.0,
      33.0,
      79.0,
      32.0
    ],
    [
      7.0,
      5.0,
      6.0,
      6.0,
      11.0,
      4.0,
      2.0,
      8.0,
      3.0,
      8.0,
      3.0,
      5.0,
      11.0,
      5.0,
      4.0,
      8.0,
      7.0,
      7.0,
      8.0,
      11.0,
      1.0,
      10.0,
      11.0,
      3.0,
      1.0,
      10.0,
      6.0,
      32.0,
      0.0,
      12.0,
      40.0,
      5.0,
      48.0,
      1.0
    ],
    [
      12.0,
      8.0,
      9.0,
      9.0,
      12.0,
      10.0,
      10.0,
      15.0,
      11.0,
      11.0,
      11.0,
      9.0,
      13.0,
      8.0,
      10.0,
      10.0,
      9.0,
      15.0,
      8.0,
      12.0,
      11.0,
      11.0,
      13.0,
      11.0,
      11.0,
      8.0,
      9.0,
      36.0,
      12.0,
      0.0,
      43.0,
      14.0,
      55.0,
      13.0
    ],
    [
      39.0,
      36.0,
      37.0,
      38.0,
      41.0,
      38.0,
      38.0,
      40.0,
      40.0,
      40.0,
      40.0,
      38.0,
      43.0,
      39.0,
      39.0,
      39.0,
      39.0,
      43.0,
      38.0,
      43.0,
      40.0,
      42.0,
      43.0,
      39.0,
      38.0,
      36.0,
      39.0,
      48.0,
      40.0,
      43.0,
      0.0,
      40.0,
      62.0,
      39.0
    ],
    [
      5.0,
      10.0,
      8.0,
      8.0,
      7.0,
      5.0,
      7.0,
      5.0,
      4.0,
      3.0,
      3.0,
      1.0,
      13.0,
      4.0,
      5.0,
      6.0,
      9.0,
      4.0,
      3.0,
      13.0,
      4.0,
      12.0,
      13.0,
      8.0,
      6.0,
      8.0,
      1.0,
      33.0,
      5.0,
      14.0,
      40.0,
      0.0,
      49.0,
      5.0
    ],
    [
      49.0,
      48.0,
      46.0,
      46.0,
      49.0,
      49.0,
      48.0,
      49.0,
      51.0,
      51.0,
      50.0,
      49.0,
      55.0,
      48.0,
      50.0,
      50.0,
      50.0,
      51.0,
      48.0,
      54.0,
      51.0,
      54.0,
      55.0,
      48.0,
      49.0,
      47.0,
      48.0,
      79.0,
      48.0,
      55.0,
      62.0,
      49.0,
      0.0,
      49.0
    ],
    [
      10.0,
      5.0,
      6.0,
      6.0,
      11.0,
      4.0,
      3.0,
      7.0,
      3.0,
      8.0,
      3.0,
      5.0,
      11.0,
      8.0,
      4.0,
      8.0,
      8.0,
      7.0,
      6.0,
      11.0,
      1.0,
      11.0,
      12.0,
      4.0,
      2.0,
      10.0,
      6.0,
      32.0,
      1.0,
      13.0,
      39.0,
      5.0,
      49.0,
      0.0
    ]
  ],
  "transit_dist_walk_matrix": [
    [
      0.0,
      NaN,
      NaN,
      NaN,
      NaN,
      NaN,
      NaN,
      NaN,
      NaN,
      NaN,
      NaN,
      NaN,
      NaN,
      NaN,
      NaN,
      NaN,
      NaN,
      NaN,
      NaN,
      NaN,
      NaN,
      NaN,
      NaN,
      NaN,
      NaN,
      NaN,
      NaN,
      3.6665200000000002,
      NaN,
      NaN,
      NaN,
      NaN,
      NaN,
      NaN
    ],
    [
      NaN,
      0.0,
      NaN,
      NaN,
      NaN,
      NaN,
      NaN,
      NaN,
      NaN,
      NaN,
      NaN,
      NaN,
      NaN,
      NaN,
      NaN,
      NaN,
      NaN,
      NaN,
      NaN,
      NaN,
      NaN,
      NaN,
      NaN,
      NaN,
      NaN,
      NaN,
      NaN,
      4.08317,
      NaN,
      NaN,
      NaN,
      NaN,
      NaN,
      NaN
    ],
    [
      NaN,
      NaN,
      0.0,
      NaN,
      NaN,
      NaN,
      NaN,
      NaN,
      NaN,
      NaN,
      NaN,
      NaN,
      NaN,
      NaN,
      NaN,
      NaN,
      NaN,
      NaN,
      NaN,
      NaN,
      NaN,
      NaN,
      NaN,
      NaN,
      NaN,
      NaN,
      NaN,
      3.83318,
      NaN,
      NaN,
      NaN,
      NaN,
      NaN,
      NaN
    ],
    [
      NaN,
      NaN,
      NaN,
      0.0,
      NaN,
      NaN,
      NaN,
      NaN,
      NaN,
      NaN,
      NaN,
      NaN,
      NaN,
      NaN,
      NaN,
      NaN,
      NaN,
      NaN,
      NaN,
      NaN,
      NaN,
      NaN,
      NaN,
      NaN,
      NaN,
      NaN,
      NaN,
      3.83318,
      NaN,
      NaN,
      NaN,
      NaN,
      NaN,
      NaN
    ],
    [
      NaN,
      NaN,
      NaN,
      NaN,
      0.0,
      NaN,
      NaN,
      NaN,
      NaN,
      NaN,
      NaN,
      NaN,
      NaN,
      NaN,
      NaN,
      NaN,
      NaN,
      NaN,
      NaN,
      NaN,
      NaN,
      NaN,
      NaN,
      NaN,
      NaN,
      NaN,
      NaN,
      3.74985,
      NaN,
      NaN,
      NaN,
      NaN,
      NaN,
      NaN
    ],
    [
      NaN,
      NaN,
      NaN,
      NaN,
      NaN,
      0.0,
      NaN,
      NaN,
      NaN,
      NaN,
      NaN,
      NaN,
      NaN,
      NaN,
      NaN,
      NaN,
      NaN,
      NaN,
      NaN,
      NaN,
      NaN,
      NaN,
      NaN,
      NaN,
      NaN,
      NaN,
      NaN,
      3.16654,
      NaN,
      NaN,
      NaN,
      NaN,
      NaN,
      NaN
    ],
    [
      NaN,
      NaN,
      NaN,
      NaN,
      NaN,
      NaN,
      0.0,
      NaN,
      NaN,
      NaN,
      NaN,
      NaN,
      NaN,
      NaN,
      NaN,
      NaN,
      NaN,
      NaN,
      NaN,
      NaN,
      NaN,
      NaN,
      NaN,
      NaN,
      NaN,
      NaN,
      NaN,
      2.91655,
      NaN,
      NaN,
      NaN,
      NaN,
      NaN,
      NaN
    ],
    [
      NaN,
      NaN,
      NaN,
      NaN,
      NaN,
      NaN,
      NaN,
      0.0,
      NaN,
      NaN,
      NaN,
      NaN,
      NaN,
      NaN,
      NaN,
      NaN,
      NaN,
      NaN,
      NaN,
      NaN,
      NaN,
      NaN,
      NaN,
      NaN,
      NaN,
      NaN,
      NaN,
      3.3332,
      NaN,
      NaN,
      NaN,
      NaN,
      NaN,
      NaN
    ],
    [
      NaN,
      NaN,
      NaN,
      NaN,
      NaN,
      NaN,
      NaN,
      NaN,
      0.0,
      NaN,
      NaN,
      NaN,
      NaN,
      NaN,
      NaN,
      NaN,
      NaN,
      NaN,
      NaN,
      NaN,
      NaN,
      NaN,
      NaN,
      NaN,
      NaN,
      NaN,
      NaN,
      3.0832100000000002,
      NaN,
      NaN,
      NaN,
      NaN,
      NaN,
      NaN
    ],
    [
      NaN,
      NaN,
      NaN,
      NaN,
      NaN,
      NaN,
      NaN,
      NaN,
      NaN,
      0.0,
      NaN,
      NaN,
      NaN,
      NaN,
      NaN,
      NaN,
      NaN,
      NaN,
      NaN,
      NaN,
      NaN,
      NaN,
      NaN,
      NaN,
      NaN,
      NaN,
      NaN,
      3.41653,
      NaN,
      NaN,
      NaN,
      NaN,
      NaN,
      NaN
    ],
    [
      NaN,
      NaN,
      NaN,
      NaN,
      NaN,
      NaN,
      NaN,
      NaN,
      NaN,
      NaN,
      0.0,
      NaN,
      NaN,
      NaN,
      NaN,
      NaN,
      NaN,
      NaN,
      NaN,
      NaN,
      NaN,
      NaN,
      NaN,
      NaN,
      NaN,
      NaN,
      NaN,
      3.0832100000000002,
      NaN,
      NaN,
      NaN,
      NaN,
      NaN,
      NaN
    ],
    [
      NaN,
      NaN,
      NaN,
      NaN,
      NaN,
      NaN,
      NaN,
      NaN,
      NaN,
      NaN,
      NaN,
      0.0,
      NaN,
      NaN,
      NaN,
      NaN,
      NaN,
      NaN,
      NaN,
      NaN,
      NaN,
      NaN,
      NaN,
      NaN,
      NaN,
      NaN,
      NaN,
      3.24987,
      NaN,
      NaN,
      NaN,
      NaN,
      NaN,
      NaN
    ],
    [
      NaN,
      NaN,
      NaN,
      NaN,
      NaN,
      NaN,
      NaN,
      NaN,
      NaN,
      NaN,
      NaN,
      NaN,
      0.0,
      NaN,
      NaN,
      NaN,
      NaN,
      NaN,
      NaN,
      NaN,
      NaN,
      NaN,
      NaN,
      NaN,
      NaN,
      NaN,
      NaN,
      2.91655,
      NaN,
      NaN,
      NaN,
      NaN,
      NaN,
      NaN
    ],
    [
      NaN,
      NaN,
      NaN,
      NaN,
      NaN,
      NaN,
      NaN,
      NaN,
      NaN,
      NaN,
      NaN,
      NaN,
      NaN,
      0.0,
      NaN,
      NaN,
      NaN,
      NaN,
      NaN,
      NaN,
      NaN,
      NaN,
      NaN,
      NaN,
      NaN,
      NaN,
      NaN,
      3.58319,
      NaN,
      NaN,
      NaN,
      NaN,
      NaN,
      NaN
    ],
    [
      NaN,
      NaN,
      NaN,
      NaN,
      NaN,
      NaN,
      NaN,
      NaN,
      NaN,
      NaN,
      NaN,
      NaN,
      NaN,
      NaN,
      0.0,
      NaN,
      NaN,
      NaN,
      NaN,
      NaN,
      NaN,
      NaN,
      NaN,
      NaN,
      NaN,
      NaN,
      NaN,
      3.16654,
      NaN,
      NaN,
      NaN,
      NaN,
      NaN,
      NaN
    ],
    [
      NaN,
      NaN,
      NaN,
      NaN,
      NaN,
      NaN,
      NaN,
      NaN,
      NaN,
      NaN,
      NaN,
      NaN,
      NaN,
      NaN,
      NaN,
      0.0,
      NaN,
      NaN,
      NaN,
      NaN,
      NaN,
      NaN,
      NaN,
      NaN,
      NaN,
      NaN,
      NaN,
      3.49986,
      NaN,
      NaN,
      NaN,
      NaN,
      NaN,
      NaN
    ],
    [
      NaN,
      NaN,
      NaN,
      NaN,
      NaN,
      NaN,
      NaN,
      NaN,
      NaN,
      NaN,
      NaN,
      NaN,
      NaN,
      NaN,
      NaN,
      NaN,
      0.0,
      NaN,
      NaN,
      NaN,
      NaN,
      NaN,
      NaN,
      NaN,
      NaN,
      NaN,
      NaN,
      2.66656,
      NaN,
      NaN,
      NaN,
      NaN,
      NaN,
      NaN
    ],
    [
      NaN,
      NaN,
      NaN,
      NaN,
      NaN,
      NaN,
      NaN,
      NaN,
      NaN,
      NaN,
      NaN,
      NaN,
      NaN,
      NaN,
      NaN,
      NaN,
      NaN,
      0.0,
      NaN,
      NaN,
      NaN,
      NaN,
      NaN,
      NaN,
      NaN,
      NaN,
      NaN,
      3.3332,
      NaN,
      NaN,
      NaN,
      NaN,
      NaN,
      NaN
    ],
    [
      NaN,
      NaN,
      NaN,
      NaN,
      NaN,
      NaN,
      NaN,
      NaN,
      NaN,
      NaN,
      NaN,
      NaN,
      NaN,
      NaN,
      NaN,
      NaN,
      NaN,
      NaN,
      0.0,
      NaN,
      NaN,
      NaN,
      NaN,
      NaN,
      NaN,
      NaN,
      NaN,
      3.49986,
      NaN,
      NaN,
      NaN,
      NaN,
      NaN,
      NaN
    ],
    [
      NaN,
      NaN,
      NaN,
      NaN,
      NaN,
      NaN,
      NaN,
      NaN,
      NaN,
      NaN,
      NaN,
      NaN,
      NaN,
      NaN,
      NaN,
      NaN,
      NaN,
      NaN,
      NaN,
      0.0,
      NaN,
      NaN,
      NaN,
      NaN,
      NaN,
      NaN,
      NaN,
      2.99988,
      NaN,
      NaN,
      NaN,
      NaN,
      NaN,
      NaN
    ],
    [
      NaN,
      NaN,
      NaN,
      NaN,
      NaN,
      NaN,
      NaN,
      NaN,
      NaN,
      NaN,
      NaN,
      NaN,
      NaN,
      NaN,
      NaN,
      NaN,
      NaN,
      NaN,
      NaN,
      NaN,
      0.0,
      NaN,
      NaN,
      NaN,
      NaN,
      NaN,
      NaN,
      2.99988,
      NaN,
      NaN,
      NaN,
      NaN,
      NaN,
      NaN
    ],
    [
      NaN,
      NaN,
      NaN,
      NaN,
      NaN,
      NaN,
      NaN,
      NaN,
      NaN,
      NaN,
      NaN,
      NaN,
      NaN,
      NaN,
      NaN,
      NaN,
      NaN,
      NaN,
      NaN,
      NaN,
      NaN,
      0.0,
      NaN,
      NaN,
      NaN,
      NaN,
      NaN,
      2.74989,
      NaN,
      NaN,
      NaN,
      NaN,
      NaN,
      NaN
    ],
    [
      NaN,
      NaN,
      NaN,
      NaN,
      NaN,
      NaN,
      NaN,
      NaN,
      NaN,
      NaN,
      NaN,
      NaN,
      NaN,
      NaN,
      NaN,
      NaN,
      NaN,
      NaN,
      NaN,
      NaN,
      NaN,
      NaN,
      0.0,
      NaN,
      NaN,
      NaN,
      NaN,
      2.99988,
      NaN,
      NaN,
      NaN,
      NaN,
      NaN,
      NaN
    ],
    [
      NaN,
      NaN,
      NaN,
      NaN,
      NaN,
      NaN,
      NaN,
      NaN,
      NaN,
      NaN,
      NaN,
      NaN,
      NaN,
      NaN,
      NaN,
      NaN,
      NaN,
      NaN,
      NaN,
      NaN,
      NaN,
      NaN,
      NaN,
      0.0,
      NaN,
      NaN,
      NaN,
      2.58323,
      NaN,
      NaN,
      NaN,
      NaN,
      NaN,
      NaN
    ],
    [
      NaN,
      NaN,
      NaN,
      NaN,
      NaN,
      NaN,
      NaN,
      NaN,
      NaN,
      NaN,
      NaN,
      NaN,
      NaN,
      NaN,
      NaN,
      NaN,
      NaN,
      NaN,
      NaN,
      NaN,
      NaN,
      NaN,
      NaN,
      NaN,
      0.0,
      NaN,
      NaN,
      2.83322,
      NaN,
      NaN,
      NaN,
      NaN,
      NaN,
      NaN
    ],
    [
      NaN,
      NaN,
      NaN,
      NaN,
      NaN,
      NaN,
      NaN,
      NaN,
      NaN,
      NaN,
      NaN,
      NaN,
      NaN,
      NaN,
      NaN,
      NaN,
      NaN,
      NaN,
      NaN,
      NaN,
      NaN,
      NaN,
      NaN,
      NaN,
      NaN,
      0.0,
      NaN,
      3.6665200000000002,
      NaN,
      NaN,
      NaN,
      NaN,
      NaN,
      NaN
    ],
    [
      NaN,
      NaN,
      NaN,
      NaN,
      NaN,
      NaN,
      NaN,
      NaN,
      NaN,
      NaN,
      NaN,
      NaN,
      NaN,
      NaN,
      NaN,
      NaN,
      NaN,
      NaN,
      NaN,
      NaN,
      NaN,
      NaN,
      NaN,
      NaN,
      NaN,
      NaN,
      0.0,
      3.3332,
      NaN,
      NaN,
      NaN,
      NaN,
      NaN,
      NaN
    ],
    [
      3.6665200000000002,
      4.08317,
      3.83318,
      3.83318,
      3.74985,
      3.16654,
      2.91655,
      3.3332,
      3.0832100000000002,
      3.41653,
      3.0832100000000002,
      3.24987,
      2.91655,
      3.58319,
      3.16654,
      3.49986,
      2.66656,
      3.3332,
      3.49986,
      2.99988,
      2.99988,
      2.74989,
      2.99988,
      2.58323,
      2.83322,
      3.6665200000000002,
      3.3332,
      0.0,
      2.74989,
      NaN,
      NaN,
      3.16654,
      NaN,
      2.83322
    ],
    [
      NaN,
      NaN,
      NaN,
      NaN,
      NaN,
      NaN,
      NaN,
      NaN,
      NaN,
      NaN,
      NaN,
      NaN,
      NaN,
      NaN,
      NaN,
      NaN,
      NaN,
      NaN,
      NaN,
      NaN,
      NaN,
      NaN,
      NaN,
      NaN,
      NaN,
      NaN,
      NaN,
      2.74989,
      0.0,
      NaN,
      NaN,
      NaN,
      NaN,
      NaN
    ],
    [
      NaN,
      NaN,
      NaN,
      NaN,
      NaN,
      NaN,
      NaN,
      NaN,
      NaN,
      NaN,
      NaN,
      NaN,
      NaN,
      NaN,
      NaN,
      NaN,
      NaN,
      NaN,
      NaN,
      NaN,
      NaN,
      NaN,
      NaN,
      NaN,
      NaN,
      NaN,
      NaN,
      NaN,
      NaN,
      0.0,
      NaN,
      NaN,
      NaN,
      NaN
    ],
    [
      NaN,
      NaN,
      NaN,
      NaN,
      NaN,
      NaN,
      NaN,
      NaN,
      NaN,
      NaN,
      NaN,
      NaN,
      NaN,
      NaN,
      NaN,
      NaN,
      NaN,
      NaN,
      NaN,
      NaN,
      NaN,
      NaN,
      NaN,
      NaN,
      NaN,
      NaN,
      NaN,
      NaN,
      NaN,
      NaN,
      0.0,
      NaN,
      NaN,
      NaN
    ],
    [
      NaN,
      NaN,
      NaN,
      NaN,
      NaN,
      NaN,
      NaN,
      NaN,
      NaN,
      NaN,
      NaN,
      NaN,
      NaN,
      NaN,
      NaN,
      NaN,
      NaN,
      NaN,
      NaN,
      NaN,
      NaN,
      NaN,
      NaN,
      NaN,
      NaN,
      NaN,
      NaN,
      3.16654,
      NaN,
      NaN,
      NaN,
      0.0,
      NaN,
      NaN
    ],
    [
      NaN,
      NaN,
      NaN,
      NaN,
      NaN,
      NaN,
