{
  "drive_dist_matrix": [
    [
      0.0,
      5.2,
      4.7,
      7.0,
      4.4,
      4.2,
      5.4,
      4.4,
      4.2,
      4.1,
      5.2,
      5.2,
      3.7,
      4.7,
      3.7,
      3.7,
      4.3,
      4.1,
      3.9,
      4.1,
      8.3,
      18.8,
      4.1,
      17.0,
      4.4,
      5.2,
      3.2,
      3.3,
      3.6,
      6.3,
      4.2,
      12.7,
      13.6,
      5.1,
      4.0,
      4.0,
      9.3,
      0.0,
      9.8,
      2.4,
      4.2,
      11.0,
      10.1,
      5.4,
      14.8,
      4.1,
      5.0,
      5.6,
      11.2,
      4.1,
      27.6,
      26.1,
      4.7,
      17.1,
      10.3,
      4.0
    ],
    [
      5.2,
      0.0,
      3.5,
      2.0,
      0.5,
      0.049,
      0.13,
      0.45,
      0.7,
      0.17,
      0.035,
      0.024,
      2.8,
      3.6,
      0.5,
      2.4,
      0.35,
      0.17,
      1.8,
      0.7,
      5.3,
      23.6,
      0.65,
      12.0,
      0.45,
      0.13,
      2.6,
      2.4,
      2.1,
      14.3,
      0.7,
      6.9,
      10.8,
      0.4,
      0.076,
      0.21,
      4.3,
      4.6,
      9.5,
      2.6,
      0.088,
      10.8,
      9.8,
      6.8,
      9.8,
      0.6,
      0.23,
      8.5,
      11.0,
      2.6,
      25.1,
      30.9,
      3.8,
      12.1,
      10.1,
      0.18
    ],
    [
      4.7,
      3.5,
      0.0,
      5.0,
      3.6,
      3.3,
      3.5,
      3.6,
      2.6,
      3.3,
      3.2,
      3.2,
      1.1,
      0.8,
      2.7,
      1.4,
      2.5,
      3.3,
      4.3,
      2.3,
      6.5,
      20.4,
      2.3,
      15.1,
      3.6,
      3.3,
      3.6,
      1.4,
      1.0,
      11.3,
      2.6,
      11.4,
      7.8,
      3.2,
      3.1,
      3.1,
      7.3,
      4.6,
      11.4,
      2.6,
      3.3,
      7.4,
      11.7,
      6.8,
      12.9,
      2.2,
      3.1,
      8.5,
      7.5,
      4.4,
      26.4,
      27.7,
      0.75,
      15.2,
      11.9,
      3.1
    ],
    [
      7.0,
      2.0,
      5.0,
      0.0,
      2.4,
      2.4,
      2.2,
      2.4,
      2.8,
      2.4,
      1.9,
      1.9,
      4.5,
      5.6,
      3.0,
      4.2,
      2.5,
      2.4,
      3.1,
      2.9,
      7.0,
      19.7,
      3.0,
      13.5,
      2.5,
      2.0,
      3.5,
      4.1,
      3.9,
      11.7,
      3.2,
      8.4,
      12.5,
      2.1,
      2.8,
      2.8,
      2.1,
      8.3,
      9.0,
      4.5,
      2.4,
      12.6,
      9.3,
      8.7,
      11.3,
      2.8,
      1.9,
      10.4,
      12.7,
      3.1,
      26.9,
      27.0,
      4.9,
      13.6,
      9.5,
      2.8
    ],
    [
      4.4,
      0.5,
      3.6,
      2.4,
      0.0,
      0.45,
      0.3,
      0.35,
      1.5,
      0.35,
      0.5,
      0.5,
      2.6,
      3.7,
      0.6,
      2.2,
      0.7,
      0.35,
      0.8,
      1.6,
      5.7,
      19.9,
      1.8,
      12.4,
      0.4,
      0.5,
      2.3,
      2.2,
      2.5,
      10.1,
      0.9,
      7.3,
      11.1,
      0.85,
      0.55,
      0.6,
      4.7,
      5.0,
      9.2,
      2.9,
      0.4,
      11.2,
      9.5,
      7.1,
      10.2,
      1.4,
      0.7,
      8.8,
      11.4,
      2.3,
      25.5,
      27.2,
      3.6,
      12.5,
      9.7,
      0.55
    ],
    [
      4.2,
      0.049,
      3.3,
      2.4,
      0.45,
      0.0,
      0.16,
      0.4,
      0.75,
      0.12,
      0.089,
      0.079,
      2.3,
      3.4,
      0.4,
      2.1,
      0.4,
      0.12,
      1.0,
      0.75,
      5.9,
      20.0,
      0.7,
      12.7,
      0.4,
      0.16,
      1.7,
      1.9,
      2.2,
      9.4,
      0.85,
      7.6,
      11.4,
      0.45,
      0.13,
      0.26,
      4.9,
      4.2,
      9.5,
      2.2,
      0.039,
      9.7,
      9.8,
      6.4,
      10.5,
      0.65,
      0.29,
      8.1,
      9.8,
      2.2,
      25.8,
      27.3,
      3.3,
      12.8,
      10.0,
      0.23
    ],
    [
      5.4,
      0.13,
      3.5,
      2.2,
      0.3,
      0.16,
      0.0,
      0.26,
      0.8,
      0.25,
      0.17,
      0.16,
      2.5,
      3.6,
      0.6,
      2.3,
      0.45,
      0.24,
      1.2,
      0.85,
      5.9,
      20.2,
      1.3,
      12.7,
      0.26,
      0.14,
      1.9,
      2.1,
      2.4,
      9.6,
      0.85,
      7.5,
      11.4,
      0.5,
      0.21,
      0.35,
      4.9,
      4.4,
      9.4,
      2.4,
      0.2,
      9.9,
      9.7,
      6.6,
      10.4,
      0.75,
      0.35,
      8.3,
      10.0,
      2.5,
      25.7,
      27.5,
      3.5,
      12.7,
      10.0,
      0.3
    ],
    [
      4.4,
      0.45,
      3.6,
      2.4,
      0.35,
      0.4,
      0.26,
      0.0,
      1.5,
      0.29,
      0.5,
      0.45,
      3.2,
      4.2,
      0.65,
      2.8,
      0.7,
      0.29,
      1.5,
      1.6,
      5.7,
      19.9,
      1.8,
      12.4,
      0.007,
      0.35,
      2.3,
      2.8,
      2.5,
      10.1,
      0.9,
      7.3,
      11.1,
      0.75,
      0.5,
      0.55,
      4.6,
      4.9,
      9.2,
      2.9,
      0.35,
      11.2,
      9.5,
      7.1,
      10.2,
      1.4,
      0.6,
      8.8,
      11.3,
      2.3,
      25.5,
      27.2,
      4.2,
      12.5,
      9.7,
      0.55
    ],
    [
      4.2,
      0.7,
      2.6,
      2.8,
      1.5,
      0.75,
      0.8,
      1.5,
      0.0,
      0.75,
      0.65,
      0.7,
      1.4,
      2.5,
      0.6,
      0.8,
      0.35,
      1.7,
      1.7,
      0.2,
      5.6,
      20.0,
      1.0,
      13.9,
      2.0,
      0.8,
      2.2,
      0.8,
      1.4,
      9.4,
      0.4,
      10.6,
      9.2,
      0.85,
      0.65,
      0.45,
      6.1,
      4.3,
      11.0,
      2.2,
      0.75,
      8.8,
      11.3,
      6.4,
      11.6,
      0.083,
      0.75,
      8.1,
      8.9,
      2.6,
      25.5,
      27.3,
      NaN,
      14.0,
      11.5,
      0.5
    ],
    [
      4.1,
      0.17,
      3.3,
      2.4,
      0.35,
      0.12,
      0.25,
      0.29,
      0.75,
      0.0,
      0.21,
      0.2,
      2.3,
      3.3,
      0.35,
      2.1,
      0.4,
      0.002,
      1.0,
      0.75,
      6.0,
      20.0,
      0.7,
      12.7,
      0.3,
      0.28,
      1.7,
      1.9,
      2.2,
      9.4,
      0.6,
      7.6,
      11.4,
      0.55,
      0.25,
      0.3,
      4.9,
      4.2,
      9.5,
      2.2,
      0.082,
      9.7,
      9.8,
      6.4,
      10.5,
      0.7,
      0.4,
      8.1,
      9.8,
      2.2,
      25.8,
      27.3,
      3.3,
      12.8,
      10.0,
      0.26
    ],
    [
      5.2,
      0.035,
      3.2,
      1.9,
      0.5,
      0.089,
      0.17,
      0.5,
      0.65,
      0.21,
      0.0,
      0.059,
      2.1,
      3.2,
      0.45,
      1.8,
      0.29,
      0.21,
      1.8,
      0.65,
      5.2,
      20.3,
      0.6,
      12.0,
      0.45,
      0.17,
      2.6,
      2.4,
      2.1,
      9.8,
      0.65,
      6.9,
      10.7,
      0.35,
      0.041,
      0.17,
      4.2,
      4.7,
      9.6,
      2.6,
      0.13,
      10.8,
      9.9,
      6.8,
      9.8,
      0.55,
      0.22,
      8.5,
      10.9,
      2.7,
      25.1,
      27.6,
      3.2,
      12.1,
      10.1,
      0.14
    ],
    [
      5.2,
      0.024,
      3.2,
      1.9,
      0.5,
      0.079,
      0.16,
      0.45,
      0.7,
      0.2,
      0.059,
      0.0,
      2.1,
      3.2,
      0.5,
      1.8,
      0.35,
      0.2,
      1.8,
      0.7,
      5.2,
      23.5,
      0.65,
      12.0,
      0.45,
      0.16,
      2.6,
      1.8,
      2.1,
      9.8,
      0.7,
      6.9,
      10.7,
      0.35,
      0.1,
      0.23,
      4.2,
      4.7,
      9.6,
      2.6,
      0.12,
      10.8,
      9.9,
      6.8,
      9.8,
      0.6,
      0.21,
      8.5,
      10.9,
      2.7,
      25.1,
      30.8,
      3.2,
      12.1,
      10.1,
      0.2
    ],
    [
      3.7,
      2.8,
      1.1,
      4.5,
      2.6,
      2.3,
      2.5,
      3.2,
      1.4,
      2.3,
      2.1,
      2.1,
      0.0,
      0.55,
      1.7,
      0.45,
      1.5,
      2.3,
      3.3,
      1.3,
      0.35,
      19.4,
      1.3,
      14.3,
      2.8,
      2.5,
      2.5,
      0.35,
      0.14,
      8.8,
      1.5,
      10.4,
      8.0,
      2.3,
      2.1,
      2.1,
      6.5,
      3.6,
      10.4,
      1.6,
      2.1,
      7.6,
      10.8,
      5.8,
      12.0,
      1.2,
      2.2,
      7.5,
      7.7,
      3.4,
      25.4,
      26.7,
      1.2,
      14.3,
      11.0,
      2.0
    ],
    [
      4.7,
      3.6,
      0.8,
      5.6,
      3.7,
      3.4,
      3.6,
      4.2,
      2.5,
      3.3,
      3.2,
      3.2,
      0.55,
      0.0,
      2.8,
      0.9,
      2.5,
      3.4,
      4.3,
      2.4,
      0.21,
      20.5,
      2.4,
      15.2,
      3.7,
      3.4,
      3.6,
      0.85,
      1.2,
      11.4,
      2.6,
      11.5,
      7.9,
      3.2,
      3.2,
      3.1,
      7.4,
      4.7,
      11.5,
      2.7,
      3.4,
      7.4,
      11.8,
      6.9,
      12.9,
      2.3,
      3.2,
      8.6,
      7.6,
      4.4,
      26.4,
      27.8,
      0.18,
      15.3,
      12.1,
      3.1
    ],
    [
      3.7,
      0.5,
      2.7,
      3.0,
      0.6,
      0.4,
      0.6,
      0.65,
      0.6,
      0.35,
      0.45,
      0.5,
      1.7,
      2.8,
      0.0,
      1.7,
      0.4,
      0.35,
      0.95,
      0.4,
      6.4,
      19.5,
      0.4,
      12.6,
      0.65,
      0.6,
      0.75,
      1.5,
      1.8,
      8.9,
      0.25,
      7.5,
      12.7,
      0.7,
      0.45,
      0.35,
      4.8,
      3.8,
      10.5,
      1.7,
      0.4,
      9.2,
      10.8,
      5.9,
      10.3,
      1.1,
      0.55,
      7.6,
      9.4,
      1.9,
      28.2,
      26.8,
      2.8,
      12.7,
      11.1,
      0.3
    ],
    [
      3.7,
      2.4,
      1.4,
      4.2,
      2.2,
      2.1,
      2.3,
      2.8,
      0.8,
      2.1,
      1.8,
      1.8,
      0.45,
      0.9,
      1.7,
      0.0,
      1.3,
      1.8,
      2.8,
      1.0,
      0.7,
      19.0,
      1.1,
      13.9,
      2.1,
      2.1,
      2.1,
      0.069,
      0.4,
      8.4,
      1.2,
      12.7,
      8.5,
      2.0,
      1.8,
      1.8,
      6.1,
      3.2,
      10.0,
      1.2,
      1.9,
      8.1,
      10.3,
      5.4,
      11.7,
      1.1,
      1.9,
      7.1,
      8.2,
      2.9,
      27.6,
      26.3,
      0.75,
      14.0,
      10.5,
      1.8
    ],
    [
      4.3,
      0.35,
      2.5,
      2.5,
      0.7,
      0.4,
      0.45,
      0.7,
      0.35,
      0.4,
      0.29,
      0.35,
      1.5,
      2.5,
      0.4,
      1.3,
      0.0,
      0.4,
      1.8,
      0.35,
      5.2,
      20.3,
      0.3,
      12.7,
      0.7,
      0.45,
      2.3,
      1.3,
      1.7,
      9.7,
      0.4,
      7.0,
      10.7,
      0.5,
      0.3,
      0.12,
      4.9,
      4.5,
      11.3,
      2.5,
      0.4,
      9.1,
      11.6,
      6.7,
      10.5,
      0.27,
      0.4,
      8.4,
      9.2,
      2.7,
      25.1,
      27.6,
      2.7,
      12.8,
      11.8,
      0.15
    ],
    [
      4.1,
      0.17,
      3.3,
      2.4,
      0.35,
      0.12,
      0.24,
      0.29,
      1.7,
      0.002,
      0.21,
      0.2,
      2.3,
      3.4,
      0.35,
      1.8,
      0.4,
      0.0,
      1.0,
      0.75,
      6.0,
      20.0,
      0.7,
      12.7,
      0.3,
      0.28,
      1.7,
      1.9,
      2.3,
      9.4,
      0.6,
      7.6,
      13.1,
      0.55,
      0.25,
      0.29,
      4.9,
      4.2,
      9.5,
      2.2,
      0.08,
      9.7,
      9.8,
      6.4,
      10.5,
      0.7,
      0.4,
      8.1,
      9.8,
      2.2,
      25.8,
      27.3,
      4.4,
      12.8,
      10.0,
      0.26
    ],
    [
      3.9,
      1.8,
      4.3,
      3.1,
      0.8,
      1.0,
      1.2,
      1.5,
      1.7,
      1.0,
      1.8,
      1.8,
      3.3,
      4.3,
      0.95,
      2.8,
      1.8,
      1.0,
      0.0,
      1.7,
      7.2,
      19.2,
      1.6,
      13.8,
      1.5,
      1.8,
      0.65,
      2.2,
      2.5,
      9.4,
      1.3,
      13.7,
      12.9,
      2.2,
      1.4,
      1.4,
      6.1,
      4.2,
      10.2,
      2.2,
      1.1,
      13.0,
      10.5,
      6.4,
      11.6,
      2.5,
      2.0,
      8.1,
      10.1,
      1.3,
      28.6,
      26.5,
      3.6,
      13.9,
      10.7,
      1.4
    ],
    [
      4.1,
      0.7,
      2.3,
      2.9,
      1.6,
      0.75,
      0.85,
      1.6,
      0.2,
      0.75,
      0.65,
      0.7,
      1.3,
      2.4,
      0.4,
      1.0,
      0.35,
      0.75,
      1.7,
      0.0,
      5.7,
      20.2,
      0.05,
      13.1,
      1.1,
      0.85,
      1.1,
      1.2,
      1.5,
      9.6,
      0.22,
      7.4,
      9.4,
      1.2,
      0.7,
      0.75,
      5.3,
      4.4,
      11.2,
      2.4,
      0.75,
      8.9,
      11.5,
      6.6,
      10.9,
      0.7,
      1.1,
      8.3,
      9.1,
      2.3,
      25.6,
      27.5,
      2.6,
      13.1,
      11.7,
      0.5
    ],
    [
      8.3,
      5.3,
      6.5,
      7.0,
      5.7,
      5.9,
      5.9,
      5.7,
      5.6,
      6.0,
      5.2,
      5.2,
      0.35,
      0.21,
      6.4,
      0.7,
      5.2,
      6.0,
      7.2,
      5.7,
      0.0,
      18.3,
      3.6,
      16.6,
      4.0,
      4.8,
      2.7,
      0.65,
      0.4,
      7.8,
      3.7,
      12.2,
      14.0,
      4.6,
      3.6,
      3.6,
      8.8,
      2.6,
      9.3,
      2.0,
      3.7,
      10.6,
      9.6,
      4.7,
      14.3,
      3.6,
      4.6,
      6.4,
      10.7,
      3.6,
      27.2,
      25.6,
      0.027,
      16.7,
      9.8,
      3.6
    ],
    [
      18.8,
      23.6,
      20.4,
      19.7,
      19.9,
      20.0,
      20.2,
      19.9,
      20.0,
      20.0,
      20.3,
      23.5,
      19.4,
      20.5,
      19.5,
      19.0,
      20.3,
      20.0,
      19.2,
      20.2,
      18.3,
      0.0,
      20.2,
      35.7,
      19.9,
      20.2,
      18.4,
      19.3,
      19.7,
      24.5,
      20.2,
      28.7,
      24.9,
      23.2,
      19.3,
      19.3,
      27.9,
      19.3,
      7.7,
      18.5,
      19.4,
      24.9,
      7.7,
      21.5,
      33.4,
      20.1,
      23.2,
      23.2,
      25.1,
      18.1,
      43.6,
      8.0,
      20.7,
      35.7,
      8.0,
      19.3
    ],
    [
      4.1,
      0.65,
      2.3,
      3.0,
      1.8,
      0.7,
      1.3,
      1.8,
      1.0,
      0.7,
      0.6,
      0.65,
      1.3,
      2.4,
      0.4,
      1.1,
      0.3,
      0.7,
      1.6,
      0.05,
      3.6,
      20.2,
      0.0,
      13.1,
      1.0,
      0.75,
      1.8,
      1.2,
      1.5,
      9.6,
      0.24,
      7.4,
      9.4,
      1.2,
      0.6,
      0.45,
      5.3,
      4.4,
      11.2,
      2.4,
      0.7,
      8.9,
      11.5,
      6.6,
      10.9,
      0.16,
      1.1,
      8.3,
      9.1,
      2.2,
      25.6,
      27.5,
      2.6,
      13.2,
      11.7,
      0.45
    ],
    [
      17.0,
      12.0,
      15.1,
      13.5,
      12.4,
      12.7,
      12.7,
      12.4,
      13.9,
      12.7,
      12.0,
      12.0,
      14.3,
      15.2,
      12.6,
      13.9,
      12.7,
      12.7,
      13.8,
      13.1,
      16.6,
      35.7,
      13.1,
      0.0,
      13.4,
      13.1,
      15.8,
      15.2,
      15.4,
      26.5,
      14.3,
      18.1,
      23.0,
      13.2,
      13.9,
      13.9,
      7.9,
      18.4,
      21.2,
      16.3,
      13.5,
      23.1,
      21.5,
      20.5,
      4.1,
      13.9,
      13.1,
      22.2,
      23.2,
      15.3,
      35.3,
      39.2,
      16.5,
      0.085,
      17.6,
      13.9
    ],
    [
      4.4,
      0.45,
      3.6,
      2.5,
      0.4,
      0.4,
      0.26,
      0.007,
      2.0,
      0.3,
      0.45,
      0.45,
      2.8,
      3.7,
      0.65,
      2.1,
      0.7,
      0.3,
      1.5,
      1.1,
      4.0,
      19.9,
      1.0,
      13.4,
      0.0,
      0.3,
      2.3,
      2.2,
      2.5,
      10.1,
      0.9,
      7.3,
      11.1,
      0.7,
      0.5,
      0.55,
      4.6,
      4.9,
      9.2,
      2.9,
      1.3,
      11.2,
      9.5,
      7.1,
      10.1,
      1.4,
      0.55,
      8.8,
      11.3,
      2.3,
      25.5,
      27.2,
      4.1,
      12.5,
      9.7,
      1.6
    ],
    [
      5.2,
      0.13,
      3.3,
      2.0,
      0.5,
      0.16,
      0.14,
      0.35,
      0.8,
      0.28,
      0.17,
      0.16,
      2.5,
      3.4,
      0.6,
      2.1,
      0.45,
      0.28,
      1.8,
      0.85,
      4.8,
      20.2,
      0.75,
      13.1,
      0.3,
      0.0,
      2.6,
      1.8,
      2.2,
      9.8,
      1.0,
      7.0,
      10.8,
      0.4,
      0.27,
      0.45,
      4.3,
      4.6,
      9.5,
      2.6,
      0.35,
      10.9,
      9.8,
      6.8,
      9.8,
      1.0,
      0.24,
      8.5,
      11.0,
      2.6,
      25.1,
      30.9,
      3.2,
      12.1,
      10.0,
      0.45
    ],
    [
      3.2,
      2.6,
      3.6,
      3.5,
      2.3,
      1.7,
      1.9,
      2.3,
      2.2,
      1.7,
      2.6,
      2.6,
      2.5,
      3.6,
      0.75,
      2.1,
      2.3,
      1.7,
      0.65,
      1.1,
      2.7,
      18.4,
      1.8,
      15.8,
      2.3,
      2.6,
      0.0,
      2.2,
      2.5,
      8.6,
      1.2,
      12.8,
      12.3,
      2.5,
      1.4,
      1.4,
      6.4,
      3.4,
      10.1,
      1.4,
      1.5,
      10.0,
      10.5,
      5.5,
      12.0,
      3.0,
      2.4,
      7.3,
      10.1,
      1.3,
      27.8,
      26.5,
      3.6,
      14.3,
      10.7,
      1.3
    ],
    [
      3.3,
      2.4,
      1.4,
      4.1,
      2.2,
      1.9,
      2.1,
      2.8,
      0.8,
      1.9,
      2.4,
      1.8,
      0.35,
      0.85,
      1.5,
      0.069,
      1.3,
      1.9,
      2.2,
      1.2,
      0.65,
      19.3,
      1.2,
      15.2,
      2.2,
      1.8,
      2.2,
      0.0,
      0.35,
      8.4,
      1.2,
      12.7,
      8.2,
      1.8,
      1.7,
      1.7,
      6.0,
      3.3,
      10.0,
      1.2,
      1.9,
      7.8,
      10.3,
      5.4,
      11.5,
      0.85,
      1.7,
      7.1,
      7.9,
      3.0,
      27.7,
      26.4,
      0.65,
      13.8,
      10.6,
      1.7
    ],
    [
      3.6,
      2.1,
      1.0,
      3.9,
      2.5,
      2.2,
      2.4,
      2.5,
      1.4,
      2.2,
      2.1,
      2.1,
      0.14,
      1.2,
      1.8,
      0.4,
      1.7,
      2.3,
      2.5,
      1.5,
      0.4,
      19.7,
      1.5,
      15.4,
      2.5,
      2.2,
      2.5,
      0.35,
      0.0,
      8.8,
      1.5,
      10.3,
      8.0,
      2.2,
      2.0,
      2.0,
      6.3,
      3.6,
      10.4,
      1.6,
      2.3,
      7.5,
      10.7,
      5.8,
      11.9,
      1.2,
      2.1,
      7.5,
      7.7,
      3.3,
      25.2,
      26.7,
      0.45,
      14.2,
      10.9,
      2.0
    ],
    [
      6.3,
      14.3,
      11.3,
      11.7,
      10.1,
      9.4,
      9.6,
      10.1,
      9.4,
      9.4,
      9.8,
      9.8,
      8.8,
      11.4,
      8.9,
      8.4,
      9.7,
      9.4,
      9.4,
      9.6,
      7.8,
      24.5,
      9.6,
      26.5,
      10.1,
      9.8,
      8.6,
      8.4,
      8.8,
      0.0,
      9.5,
      19.0,
      5.4,
      13.5,
      9.3,
      9.3,
      18.2,
      6.3,
      10.8,
      7.7,
      9.5,
      13.1,
      11.1,
      3.6,
      23.7,
      9.4,
      10.3,
      3.7,
      13.2,
      9.3,
      33.9,
      31.4,
      11.2,
      26.0,
      11.3,
      9.3
    ],
    [
      4.2,
      0.7,
      2.6,
      3.2,
      0.9,
      0.85,
      0.85,
      0.9,
      0.4,
      0.6,
      0.65,
      0.7,
      1.5,
      2.6,
      0.25,
      1.2,
      0.4,
      0.6,
      1.3,
      0.22,
      3.7,
      20.2,
      0.24,
      14.3,
      0.9,
      1.0,
      1.2,
      1.2,
      1.5,
      9.5,
      0.0,
      7.6,
      9.4,
      1.9,
      0.7,
      0.5,
      5.0,
      3.9,
      10.7,
      1.9,
      0.85,
      9.0,
      11.0,
      6.1,
      10.6,
      0.4,
      0.8,
      7.8,
      9.1,
      2.0,
      25.8,
      27.0,
      2.6,
      12.9,
      11.2,
      0.55
    ],
    [
      12.7,
      6.9,
      11.4,
      8.4,
      7.3,
      7.6,
      7.5,
      7.3,
      10.6,
      7.6,
      6.9,
      6.9,
      10.4,
      11.5,
      7.5,
      12.7,
      7.0,
      7.6,
      13.7,
      7.4,
      12.2,
      28.7,
      7.4,
      18.1,
      7.3,
      7.0,
      12.8,
      12.7,
      10.3,
      19.0,
      7.6,
      0.0,
      15.8,
      7.0,
      7.8,
      7.8,
      10.3,
      12.9,
      19.6,
      12.2,
      7.3,
      13.0,
      19.9,
      15.0,
      15.8,
      7.3,
      6.9,
      16.7,
      13.1,
      13.8,
      21.2,
      35.9,
      11.6,
      18.2,
      20.1,
      7.7
    ],
    [
      13.6,
      10.8,
      7.8,
      12.5,
      11.1,
      11.4,
      11.4,
      11.1,
      9.2,
      11.4,
      10.7,
      10.7,
      8.0,
      7.9,
      12.7,
      8.5,
      10.7,
      13.1,
      12.9,
      9.4,
      14.0,
      24.9,
      9.4,
      23.0,
      11.1,
      10.8,
      12.3,
      8.2,
      8.0,
      5.4,
      9.4,
      15.8,
      0.0,
      10.2,
      10.0,
      10.0,
      14.8,
      14.1,
      15.5,
      12.0,
      10.7,
      9.7,
      15.8,
      6.0,
      20.4,
      9.1,
      10.1,
      7.5,
      9.9,
      12.1,
      30.6,
      31.8,
      7.9,
      22.7,
      16.1,
      9.9
    ],
    [
      5.1,
      0.4,
      3.2,
      2.1,
      0.85,
      0.45,
      0.5,
      0.75,
      0.85,
      0.55,
      0.35,
      0.35,
      2.3,
      3.2,
      0.7,
      2.0,
      0.5,
      0.55,
      2.2,
      1.2,
      4.6,
      23.2,
      1.2,
      13.2,
      0.7,
      0.4,
      2.5,
      1.8,
      2.2,
      13.5,
      1.9,
      7.0,
      10.2,
      0.0,
      0.35,
      0.4,
      5.2,
      5.5,
      14.4,
      3.5,
      0.5,
      10.7,
      14.7,
      7.6,
      10.8,
      0.8,
      0.061,
      9.4,
      10.8,
      3.6,
      25.0,
      30.7,
      3.6,
      13.1,
      15.0,
      0.35
    ],
    [
      4.0,
      0.076,
      3.1,
      2.8,
      0.55,
      0.13,
      0.21,
      0.5,
      0.65,
      0.25,
      0.041,
      0.1,
      2.1,
      3.2,
      0.45,
      1.8,
      0.3,
      0.25,
      1.4,
      0.7,
      3.6,
      19.3,
      0.6,
      13.9,
      0.5,
      0.27,
      1.4,
      1.7,
      2.0,
      9.3,
      0.7,
      7.8,
      10.0,
      0.35,
      0.0,
      0.2,
      4.5,
      4.1,
      10.9,
      2.1,
      0.17,
      9.3,
      11.2,
      6.3,
      10.0,
      0.6,
      0.18,
      8.0,
      9.5,
      2.2,
      25.2,
      27.2,
      3.0,
      12.3,
      11.4,
      0.17
    ],
    [
      4.0,
      0.21,
      3.1,
      2.8,
      0.6,
      0.26,
      0.35,
      0.55,
      0.45,
      0.3,
      0.17,
      0.23,
      2.1,
      3.1,
      0.35,
      1.8,
      0.12,
      0.29,
      1.4,
      0.75,
      3.6,
      19.3,
      0.45,
      13.9,
      0.55,
      0.45,
      1.4,
      1.7,
      2.0,
      9.3,
      0.5,
      7.8,
      10.0,
      0.4,
      0.2,
      0.0,
      4.5,
      4.1,
      10.9,
      2.1,
      0.26,
      9.4,
      11.2,
      6.3,
      10.0,
      0.4,
      0.28,
      8.0,
      9.5,
      2.2,
      25.2,
      27.2,
      3.0,
      12.3,
      11.4,
      0.034
    ],
    [
      9.3,
      4.3,
      7.3,
      2.1,
      4.7,
      4.9,
      4.9,
      4.6,
      6.1,
      4.9,
      4.2,
      4.2,
      6.5,
      7.4,
      4.8,
      6.1,
      4.9,
      4.9,
      6.1,
      5.3,
      8.8,
      27.9,
      5.3,
      7.9,
      4.6,
      4.3,
      6.4,
      6.0,
      6.3,
      18.2,
      5.0,
      10.3,
      14.8,
      5.2,
      4.5,
      4.5,
      0.0,
      10.6,
      13.4,
      8.6,
      5.7,
      15.3,
      13.8,
      12.8,
      5.7,
      6.1,
      5.3,
      14.5,
      15.3,
      7.5,
      27.5,
      31.5,
      8.8,
      8.0,
      14.0,
      6.1
    ],
    [
      0.0,
      4.6,
      4.6,
      8.3,
      5.0,
      4.2,
      4.4,
      4.9,
      4.3,
      4.2,
      4.7,
      4.7,
      3.6,
      4.7,
      3.8,
      3.2,
      4.5,
      4.2,
      4.2,
      4.4,
      2.6,
      19.3,
      4.4,
      18.4,
      4.9,
      4.6,
      3.4,
      3.3,
      3.6,
      6.3,
      3.9,
      12.9,
      14.1,
      5.5,
      4.1,
      4.1,
      10.6,
      0.0,
      9.8,
      2.4,
      4.2,
      11.0,
      10.1,
      5.4,
      14.8,
      4.1,
      5.0,
      5.6,
      11.2,
      4.0,
      27.6,
      26.1,
      4.7,
      17.1,
      10.3,
      4.0
    ],
    [
      9.8,
      9.5,
      11.4,
      9.0,
      9.2,
      9.5,
      9.4,
      9.2,
      11.0,
      9.5,
      9.6,
      9.6,
      10.4,
      11.5,
      10.5,
      10.0,
      11.3,
      9.5,
      10.2,
      11.2,
      9.3,
      7.7,
      11.2,
      21.2,
      9.2,
      9.5,
      10.1,
      10.0,
      10.4,
      10.8,
      10.7,
      19.6,
      15.5,
      14.4,
      10.9,
      10.9,
      13.4,
      9.8,
      0.0,
      9.1,
      10.0,
      15.5,
      0.14,
      12.0,
      19.2,
      10.7,
      9.8,
      10.1,
      15.7,
      8.7,
      34.2,
      17.5,
      11.3,
      21.6,
      0.27,
      9.8
    ],
    [
      2.4,
      2.6,
      2.6,
      4.5,
      2.9,
      2.2,
      2.4,
      2.9,
      2.2,
      2.2,
      2.6,
      2.6,
      1.6,
      2.7,
      1.7,
      1.2,
      2.5,
      2.2,
      2.2,
      2.4,
      2.0,
      18.5,
      2.4,
      16.3,
      2.9,
      2.6,
      1.4,
      1.2,
      1.6,
      7.7,
      1.9,
      12.2,
      12.0,
      3.5,
      2.1,
      2.1,
      8.6,
      2.4,
      9.1,
      0.0,
      3.1,
      10.0,
      9.1,
      4.2,
      16.2,
      3.0,
      4.0,
      5.9,
      10.2,
      3.0,
      26.4,
      25.1,
      3.6,
      18.5,
      9.3,
      3.0
    ],
    [
      4.2,
      0.088,
      3.3,
      2.4,
      0.4,
      0.039,
      0.2,
      0.35,
      0.75,
      0.082,
      0.13,
      0.12,
      2.1,
      3.4,
      0.4,
      1.9,
      0.4,
      0.08,
      1.1,
      0.75,
      3.7,
      19.4,
      0.7,
      13.5,
      1.3,
      0.35,
      1.5,
      1.9,
      2.3,
      9.5,
      0.85,
      7.3,
      10.7,
      0.5,
      0.17,
      0.26,
      5.7,
      4.2,
      10.0,
      3.1,
      0.0,
      9.7,
      9.8,
      6.4,
      10.5,
      0.65,
      0.35,
      8.1,
      9.8,
      2.2,
      25.8,
      27.3,
      3.3,
      12.8,
      10.0,
      0.23
    ],
    [
      11.0,
      10.8,
      7.4,
      12.6,
      11.2,
      9.7,
      9.9,
      11.2,
      8.8,
      9.7,
      10.8,
      10.8,
      7.6,
      7.4,
      9.2,
      8.1,
      9.1,
      9.7,
      13.0,
      8.9,
      10.6,
      24.9,
      8.9,
      23.1,
      11.2,
      10.9,
      10.0,
      7.8,
      7.5,
      13.1,
      9.0,
      13.0,
      9.7,
      10.7,
      9.3,
      9.4,
      15.3,
      11.0,
      15.5,
      10.0,
      9.7,
      0.0,
      16.3,
      14.0,
      20.9,
      8.7,
      9.5,
      15.4,
      0.15,
      12.6,
      31.1,
      32.3,
      7.4,
      23.2,
      16.5,
      9.5
    ],
    [
      10.1,
      9.8,
      11.7,
      9.3,
      9.5,
      9.8,
      9.7,
      9.5,
      11.3,
      9.8,
      9.9,
      9.9,
      10.8,
      11.8,
      10.8,
      10.3,
      11.6,
      9.8,
      10.5,
      11.5,
      9.6,
      7.7,
      11.5,
      21.5,
      9.5,
      9.8,
      10.5,
      10.3,
      10.7,
      11.1,
      11.0,
      19.9,
      15.8,
      14.7,
      11.2,
      11.2,
      13.8,
      10.1,
      0.14,
      9.1,
      9.8,
      16.3,
      0.0,
      12.4,
      19.6,
      11.0,
      10.1,
      10.4,
      16.0,
      9.0,
      34.6,
      17.9,
      11.6,
      21.9,
      0.35,
      10.2
    ],
    [
      5.4,
      6.8,
      6.8,
      8.7,
      7.1,
      6.4,
      6.6,
      7.1,
      6.4,
      6.4,
      6.8,
      6.8,
      5.8,
      6.9,
      5.9,
      5.4,
      6.7,
      6.4,
      6.4,
      6.6,
      4.7,
      21.5,
      6.6,
      20.5,
      7.1,
      6.8,
      5.5,
      5.4,
      5.8,
      3.6,
      6.1,
      15.0,
      6.0,
      7.6,
      6.3,
      6.3,
      12.8,
      5.4,
      12.0,
      4.2,
      6.4,
      14.0,
      12.4,
      0.0,
      17.1,
      6.3,
      7.3,
      4.9,
      13.5,
      6.3,
      29.9,
      28.4,
      6.9,
      19.4,
      12.6,
      6.3
    ],
    [
      14.8,
      9.8,
      12.9,
      11.3,
      10.2,
      10.5,
      10.4,
      10.2,
      11.6,
      10.5,
      9.8,
      9.8,
      12.0,
      12.9,
      10.3,
      11.7,
      10.5,
      10.5,
      11.6,
      10.9,
      14.3,
      33.4,
      10.9,
      4.1,
      10.1,
      9.8,
      12.0,
      11.5,
      11.9,
      23.7,
      10.6,
      15.8,
      20.4,
      10.8,
      10.0,
      10.0,
      5.7,
      14.8,
      19.2,
      16.2,
      10.5,
      20.9,
      19.6,
      17.1,
      0.0,
      11.6,
      10.8,
      20.0,
      21.0,
      13.1,
      33.0,
      37.0,
      14.3,
      4.1,
      15.3,
      11.6
    ],
    [
      4.1,
      0.6,
      2.2,
      2.8,
      1.4,
      0.65,
      0.75,
      1.4,
      0.083,
      0.7,
      0.55,
      0.6,
      1.2,
      2.3,
      1.1,
      1.1,
      0.27,
      0.7,
      2.5,
      0.7,
      3.6,
      20.1,
      0.16,
      13.9,
      1.4,
      1.0,
      3.0,
      0.85,
      1.2,
      9.4,
      0.4,
      7.3,
      9.1,
      0.8,
      0.6,
      0.4,
      6.1,
      4.1,
      10.7,
      3.0,
      0.65,
      8.7,
      11.0,
      6.3,
      11.6,
      0.0,
      0.65,
      8.2,
      9.0,
      2.5,
      25.4,
      27.4,
      2.5,
      13.1,
      11.6,
      0.4
    ],
    [
      5.0,
      0.23,
      3.1,
      1.9,
      0.7,
      0.29,
      0.35,
      0.6,
      0.75,
      0.4,
      0.22,
      0.21,
      2.2,
      3.2,
      0.55,
      1.9,
      0.4,
      0.4,
      2.0,
      1.1,
      4.6,
      23.2,
      1.1,
      13.1,
      0.55,
      0.24,
      2.4,
      1.7,
      2.1,
      10.3,
      0.8,
      6.9,
      10.1,
      0.061,
      0.18,
      0.28,
      5.3,
      5.0,
      9.8,
      4.0,
      0.35,
      9.5,
      10.1,
      7.3,
      10.8,
      0.65,
      0.0,
      8.7,
      11.4,
      2.8,
      24.9,
      30.7,
      3.0,
      12.1,
      10.3,
      0.25
    ],
    [
      5.6,
      8.5,
      8.5,
      10.4,
      8.8,
      8.1,
      8.3,
      8.8,
      8.1,
      8.1,
      8.5,
      8.5,
      7.5,
      8.6,
      7.6,
      7.1,
      8.4,
      8.1,
      8.1,
      8.3,
      6.4,
      23.2,
      8.3,
      22.2,
      8.8,
      8.5,
      7.3,
      7.1,
      7.5,
      3.7,
      7.8,
      16.7,
      7.5,
      9.4,
      8.0,
      8.0,
      14.5,
      5.6,
      10.1,
      5.9,
      8.1,
      15.4,
      10.4,
      4.9,
      20.0,
      8.2,
      8.7,
      0.0,
      15.2,
      8.0,
      31.6,
      30.1,
      8.7,
      21.1,
      10.6,
      8.0
    ],
    [
      11.2,
      11.0,
      7.5,
      12.7,
      11.4,
      9.8,
      10.0,
      11.3,
      8.9,
      9.8,
      10.9,
      10.9,
      7.7,
      7.6,
      9.4,
      8.2,
      9.2,
      9.8,
      10.1,
      9.1,
      10.7,
      25.1,
      9.1,
      23.2,
      11.3,
      11.0,
      10.1,
      7.9,
      7.7,
      13.2,
      9.1,
      13.1,
      9.9,
      10.8,
      9.5,
      9.5,
      15.3,
      11.2,
      15.7,
      10.2,
      9.8,
      0.15,
      16.0,
      13.5,
      21.0,
      9.0,
      11.4,
      15.2,
      0.0,
      12.7,
      31.2,
      32.5,
      7.6,
      23.3,
      16.7,
      9.6
    ],
    [
      4.1,
      2.6,
      4.4,
      3.1,
      2.3,
      2.2,
      2.5,
      2.3,
      2.6,
      2.2,
      2.7,
      2.7,
      3.4,
      4.4,
      1.9,
      2.9,
      2.7,
      2.2,
      1.3,
      2.3,
      3.6,
      18.1,
      2.2,
      15.3,
      2.3,
      2.6,
      1.3,
      3.0,
      3.3,
      9.3,
      2.0,
      13.8,
      12.1,
      3.6,
      2.2,
      2.2,
      7.5,
      4.0,
      8.7,
      3.0,
      2.2,
      12.6,
      9.0,
      6.3,
      13.1,
      2.5,
      2.8,
      8.0,
      12.7,
      0.0,
      28.5,
      26.0,
      4.3,
      14.8,
      10.2,
      2.3
    ],
    [
      27.6,
      25.1,
      26.4,
      26.9,
      25.5,
      25.8,
      25.7,
      25.5,
      25.5,
      25.8,
      25.1,
      25.1,
      25.4,
      26.4,
      28.2,
      27.6,
      25.1,
      25.8,
      28.6,
      25.6,
      27.2,
      43.6,
      25.6,
      35.3,
      25.5,
      25.1,
      27.8,
      27.7,
      25.2,
      33.9,
      25.8,
      21.2,
      30.6,
      25.0,
      25.2,
      25.2,
      27.5,
      27.6,
      34.2,
      26.4,
      25.8,
      31.1,
      34.6,
      29.9,
      33.0,
      25.4,
      24.9,
      31.6,
      31.2,
      28.5,
      0.0,
      50.8,
      26.5,
      35.7,
      35.0,
      26.4
    ],
    [
      26.1,
      30.9,
      27.7,
      27.0,
      27.2,
      27.3,
      27.5,
      27.2,
      27.3,
      27.3,
      27.6,
      30.8,
      26.7,
      27.8,
      26.8,
      26.3,
      27.6,
      27.3,
      26.5,
      27.5,
      25.6,
      8.0,
      27.5,
      39.2,
      27.2,
      30.9,
      26.5,
      26.4,
      26.7,
      31.4,
      27.0,
      35.9,
      31.8,
      30.7,
      27.2,
      27.2,
      31.5,
      26.1,
      17.5,
      25.1,
      27.3,
      32.3,
      17.9,
      28.4,
      37.0,
      27.4,
      30.7,
      30.1,
      32.5,
      26.0,
      50.8,
      0.0,
      27.6,
      42.6,
      17.9,
      26.1
    ],
    [
      4.7,
      3.8,
      0.75,
      4.9,
      3.6,
      3.3,
      3.5,
      4.2,
      NaN,
      3.3,
      3.2,
      3.2,
      1.2,
      0.18,
      2.8,
      0.75,
      2.7,
      4.4,
      3.6,
      2.6,
      0.027,
      20.7,
      2.6,
      16.5,
      4.1,
      3.2,
      3.6,
      0.65,
      0.45,
      11.2,
      2.6,
      11.6,
      7.9,
      3.6,
      3.0,
      3.0,
      8.8,
      4.7,
      11.3,
      3.6,
      3.3,
      7.4,
      11.6,
      6.9,
      14.3,
      2.5,
      3.0,
      8.7,
      7.6,
      4.3,
      26.5,
      27.6,
      0.0,
      15.2,
      11.9,
      3.1
    ],
    [
      17.1,
      12.1,
      15.2,
      13.6,
      12.5,
      12.8,
      12.7,
      12.5,
      14.0,
      12.8,
      12.1,
      12.1,
      14.3,
      15.3,
      12.7,
      14.0,
      12.8,
      12.8,
      13.9,
      13.1,
      16.7,
      35.7,
      13.2,
      0.085,
      12.5,
      12.1,
      14.3,
      13.8,
      14.2,
      26.0,
      12.9,
      18.2,
      22.7,
      13.1,
      12.3,
      12.3,
      8.0,
      17.1,
      21.6,
      18.5,
      12.8,
      23.2,
      21.9,
      19.4,
      4.1,
      13.1,
      12.1,
      21.1,
      23.3,
      14.8,
      35.7,
      42.6,
      15.2,
      0.0,
      17.7,
      14.0
    ],
    [
      10.3,
      10.1,
      11.9,
      9.5,
      9.7,
      10.0,
      10.0,
      9.7,
      11.5,
      10.0,
      10.1,
      10.1,
      11.0,
      12.1,
      11.1,
      10.5,
      11.8,
      10.0,
      10.7,
      11.7,
      9.8,
      8.0,
      11.7,
      17.6,
      9.7,
      10.0,
      10.7,
      10.6,
      10.9,
      11.3,
      11.2,
      20.1,
      16.1,
      15.0,
      11.4,
      11.4,
      14.0,
      10.3,
      0.27,
      9.3,
      10.0,
      16.5,
      0.35,
      12.6,
      15.3,
      11.6,
      10.3,
      10.6,
      16.7,
      10.2,
      35.0,
      17.9,
      11.9,
      17.7,
      0.0,
      11.0
    ],
    [
      4.0,
      0.18,
      3.1,
      2.8,
      0.55,
      0.23,
      0.3,
      0.55,
      0.5,
      0.26,
      0.14,
      0.2,
      2.0,
      3.1,
      0.3,
      1.8,
      0.15,
      0.26,
      1.4,
      0.5,
      3.6,
      19.3,
      0.45,
      13.9,
      1.6,
      0.45,
      1.3,
      1.7,
      2.0,
      9.3,
      0.55,
      7.7,
      9.9,
      0.35,
      0.17,
      0.034,
      6.1,
      4.0,
      9.8,
      3.0,
      0.23,
      9.5,
      10.2,
      6.3,
      11.6,
      0.4,
      0.25,
      8.0,
      9.6,
      2.3,
      26.4,
      26.1,
      3.1,
      14.0,
      11.0,
      0.0
    ]
  ],
  "drive_time_matrix": [
    [
      0.0,
      10.0,
      8.0,
      16.0,
      9.0,
      9.0,
      11.0,
      9.0,
      7.0,
      8.0,
      10.0,
      10.0,
      6.0,
      8.0,
      8.0,
      6.0,
      8.0,
      8.0,
      7.0,
      7.0,
      10.0,
      16.0,
      7.0,
      58.0,
      9.0,
      11.0,
      6.0,
      5.0,
      6.0,
      9.0,
      8.0,
      14.0,
      14.0,
      10.0,
      9.0,
      9.0,
      18.0,
      1.0,
      9.0,
      4.0,
      9.0,
      16.0,
      10.0,
      8.0,
      45.0,
      7.0,
      10.0,
      11.0,
      16.0,
      8.0,
      24.0,
      19.0,
      8.0,
      59.0,
      11.0,
      8.0
    ],
    [
      10.0,
      0.0,
      9.0,
      6.0,
      6.0,
      1.0,
      2.0,
      5.0,
      8.0,
      2.0,
      1.0,
      1.0,
      8.0,
      9.0,
      6.0,
      7.0,
      4.0,
      2.0,
      5.0,
      8.0,
      7.0,
      22.0,
      8.0,
      44.0,
      5.0,
      1.0,
      6.0,
      7.0,
      6.0,
      18.0,
      9.0,
      14.0,
      13.0,
      5.0,
      1.0,
      3.0,
      8.0,
      10.0,
      14.0,
      8.0,
      1.0,
      16.0,
      15.0,
      14.0,
      34.0,
      7.0,
      3.0,
      19.0,
      16.0,
      6.0,
      25.0,
      26.0,
      9.0,
      45.0,
      16.0,
      2.0
    ],
    [
      8.0,
      9.0,
      0.0,
      15.0,
      9.0,
      8.0,
      10.0,
      9.0,
      7.0,
      8.0,
      9.0,
      9.0,
      13.0,
      10.0,
      7.0,
      3.0,
      6.0,
      8.0,
      9.0,
      6.0,
      9.0,
      19.0,
      6.0,
      58.0,
      10.0,
      10.0,
      7.0,
      15.0,
      12.0,
      14.0,
      7.0,
      16.0,
      9.0,
      9.0,
      8.0,
      8.0,
      18.0,
      7.0,
      13.0,
      5.0,
      8.0,
      11.0,
      14.0,
      12.0,
      44.0,
      5.0,
      9.0,
      16.0,
      11.0,
      11.0,
      27.0,
      24.0,
      9.0,
      59.0,
      15.0,
      8.0
    ],
    [
      16.0,
      6.0,
      15.0,
      0.0,
      7.0,
      7.0,
      6.0,
      7.0,
      9.0,
      7.0,
      6.0,
      6.0,
      13.0,
      16.0,
      9.0,
      12.0,
      8.0,
      7.0,
      10.0,
      10.0,
      14.0,
      24.0,
      10.0,
      54.0,
      7.0,
      6.0,
      11.0,
      13.0,
      12.0,
      24.0,
      10.0,
      19.0,
      19.0,
      7.0,
      9.0,
      9.0,
      37.0,
      15.0,
      16.0,
      14.0,
      7.0,
      22.0,
      17.0,
      21.0,
      39.0,
      9.0,
      6.0,
      26.0,
      23.0,
      10.0,
      32.0,
      27.0,
      14.0,
      54.0,
      18.0,
      8.0
    ],
    [
      9.0,
      6.0,
      9.0,
      7.0,
      0.0,
      5.0,
      4.0,
      4.0,
      5.0,
      4.0,
      7.0,
      6.0,
      7.0,
      9.0,
      7.0,
      6.0,
      9.0,
      4.0,
      10.0,
      5.0,
      9.0,
      22.0,
      5.0,
      46.0,
      4.0,
      6.0,
      6.0,
      6.0,
      7.0,
      18.0,
      11.0,
      15.0,
      14.0,
      11.0,
      7.0,
      8.0,
      9.0,
      11.0,
      14.0,
      8.0,
      5.0,
      18.0,
      16.0,
      15.0,
      36.0,
      5.0,
      9.0,
      20.0,
      18.0,
      6.0,
      28.0,
      26.0,
      9.0,
      46.0,
      17.0,
      7.0
    ],
    [
      9.0,
      1.0,
      8.0,
      7.0,
      5.0,
      0.0,
      2.0,
      5.0,
