{
  "drive_dist_matrix": [
    [
      0.0,
      1.0,
      0.95,
      2.8,
      0.75,
      1.6,
      1.0,
      0.12,
      9.4,
      1.5,
      4.1,
      1.1,
      1.0,
      0.85,
      0.8,
      2.8,
      3.3,
      0.85,
      2.8,
      2.4,
      1.0,
      2.5,
      1.6,
      2.0,
      7.6,
      0.4,
      2.6,
      1.1,
      5.5,
      7.2,
      15.9,
      1.5,
      1.1,
      4.5,
      3.5,
      1.5,
      1.0,
      1.4,
      2.4,
      2.2,
      2.4,
      2.7,
      2.6,
      6.3,
      2.3,
      5.0,
      20.2,
      1.7,
      17.6,
      3.4,
      3.8,
      8.9,
      0.7,
      3.7,
      4.9,
      11.9
    ],
    [
      1.0,
      0.0,
      0.5,
      2.8,
      0.4,
      0.18,
      0.75,
      0.9,
      10.1,
      1.0,
      4.0,
      0.75,
      0.7,
      1.2,
      0.19,
      2.8,
      2.4,
      0.55,
      1.9,
      1.4,
      0.65,
      3.3,
      2.1,
      0.8,
      7.6,
      1.8,
      2.2,
      0.75,
      5.5,
      7.0,
      11.7,
      2.1,
      0.9,
      5.0,
      2.5,
      0.3,
      0.75,
      1.9,
      1.5,
      2.8,
      1.1,
      2.3,
      2.3,
      6.2,
      2.8,
      4.0,
      20.0,
      2.2,
      13.4,
      3.4,
      2.9,
      9.3,
      0.3,
      2.8,
      4.0,
      10.9
    ],
    [
      0.95,
      0.5,
      0.0,
      3.2,
      0.4,
      0.65,
      0.24,
      1.0,
      11.6,
      0.55,
      4.4,
      0.3,
      0.55,
      0.55,
      0.65,
      3.2,
      2.3,
      0.15,
      1.8,
      1.0,
      0.073,
      4.5,
      0.95,
      0.27,
      7.5,
      3.5,
      2.2,
      0.26,
      5.8,
      7.0,
      13.9,
      3.3,
      0.5,
      4.9,
      2.4,
      0.7,
      0.23,
      3.3,
      1.4,
      4.0,
      0.65,
      2.3,
      2.7,
      6.6,
      4.0,
      4.0,
      19.9,
      2.5,
      13.4,
      3.7,
      2.9,
      9.7,
      0.45,
      2.7,
      3.8,
      10.9
    ],
    [
      2.8,
      2.8,
      3.2,
      0.0,
      2.3,
      2.8,
      4.3,
      2.6,
      10.2,
      3.8,
      0.7,
      4.4,
      2.8,
      2.1,
      2.0,
      0.078,
      2.9,
      2.6,
      3.5,
      3.5,
      2.6,
      2.7,
      3.9,
      4.3,
      10.3,
      2.2,
      4.3,
      4.4,
      2.8,
      8.2,
      15.5,
      3.7,
      4.3,
      1.4,
      3.0,
      2.0,
      4.3,
      1.9,
      3.6,
      2.0,
      3.6,
      4.5,
      4.1,
      3.6,
      2.0,
      3.5,
      21.5,
      4.0,
      18.6,
      1.0,
      2.4,
      6.7,
      2.7,
      3.7,
      3.4,
      10.2
    ],
    [
      0.75,
      0.4,
      0.4,
      2.3,
      0.0,
      0.45,
      0.5,
      0.7,
      11.7,
      0.75,
      4.5,
      0.55,
      0.45,
      0.3,
      0.4,
      3.3,
      2.4,
      0.3,
      1.9,
      1.4,
      0.4,
      4.6,
      1.1,
      2.6,
      7.6,
      1.1,
      2.2,
      0.5,
      5.9,
      7.1,
      13.9,
      3.3,
      0.65,
      5.0,
      2.5,
      0.6,
      0.45,
      3.3,
      1.5,
      4.0,
      0.85,
      2.4,
      2.7,
      6.6,
      4.0,
      4.1,
      20.0,
      2.5,
      17.0,
      3.8,
      2.9,
      9.8,
      0.19,
      2.8,
      4.0,
      10.9
    ],
    [
      1.6,
      0.18,
      0.65,
      2.8,
      0.45,
      0.0,
      0.9,
      1.9,
      10.0,
      2.2,
      3.4,
      0.8,
      0.9,
      0.27,
      0.35,
      2.1,
      3.0,
      0.75,
      2.5,
      2.0,
      0.7,
      3.0,
      2.3,
      0.95,
      8.2,
      1.7,
      2.8,
      0.85,
      4.8,
      7.7,
      14.8,
      2.3,
      1.0,
      4.3,
      3.1,
      0.15,
      0.9,
      1.6,
      2.1,
      2.5,
      1.1,
      3.0,
      2.5,
      5.6,
      2.5,
      4.7,
      20.6,
      2.4,
      17.7,
      2.7,
      3.5,
      8.7,
      0.5,
      3.4,
      4.6,
      11.6
    ],
    [
      1.0,
      0.75,
      0.24,
      4.3,
      0.5,
      0.9,
      0.0,
      1.0,
      9.8,
      0.45,
      5.0,
      0.15,
      0.55,
      0.65,
      0.65,
      3.7,
      3.2,
      0.17,
      2.7,
      0.85,
      0.18,
      4.0,
      0.8,
      0.033,
      7.0,
      1.6,
      1.7,
      0.08,
      6.4,
      7.0,
      13.8,
      1.2,
      0.4,
      5.3,
      3.5,
      1.0,
      0.006,
      2.4,
      1.6,
      3.3,
      0.55,
      1.8,
      1.7,
      7.1,
      3.3,
      5.0,
      19.9,
      0.8,
      13.3,
      4.3,
      3.7,
      9.7,
      0.45,
      3.2,
      4.9,
      11.1
    ],
    [
      0.12,
      0.9,
      1.0,
      2.6,
      0.7,
      1.9,
      1.0,
      0.0,
      9.3,
      1.5,
      4.1,
      1.1,
      0.95,
      0.8,
      0.8,
      2.8,
      3.3,
      0.8,
      2.8,
      2.4,
      0.9,
      2.5,
      1.5,
      1.0,
      7.9,
      0.45,
      2.5,
      1.0,
      5.5,
      7.2,
      14.1,
      1.5,
      1.1,
      4.5,
      3.4,
      1.5,
      1.0,
      1.4,
      2.4,
      2.2,
      2.4,
      2.6,
      2.6,
      6.3,
      2.3,
      5.0,
      20.1,
      1.7,
      13.6,
      3.4,
      3.8,
      8.8,
      0.65,
      3.7,
      4.9,
      11.9
    ],
    [
      9.4,
      10.1,
      11.6,
      10.2,
      11.7,
      10.0,
      9.8,
      9.3,
      0.0,
      9.4,
      11.7,
      10.0,
      9.7,
      9.5,
      9.5,
      10.4,
      12.0,
      10.1,
      12.2,
      11.3,
      10.1,
      9.0,
      9.5,
      10.0,
      15.5,
      8.4,
      10.4,
      10.0,
      13.0,
      15.0,
      23.6,
      8.9,
      10.0,
      11.6,
      12.1,
      10.0,
      10.0,
      8.6,
      11.7,
      9.4,
      11.8,
      11.3,
      9.7,
      13.9,
      9.5,
      13.6,
      35.0,
      9.6,
      25.3,
      11.0,
      12.5,
      16.0,
      10.1,
      12.6,
      13.6,
      35.6
    ],
    [
      1.5,
      1.0,
      0.55,
      3.8,
      0.75,
      2.2,
      0.45,
      1.5,
      9.4,
      0.0,
      4.9,
      0.27,
      0.65,
      0.9,
      1.0,
      3.6,
      4.0,
      0.55,
      2.5,
      0.6,
      0.45,
      3.9,
      0.45,
      0.45,
      6.8,
      1.5,
      0.85,
      0.3,
      6.3,
      6.2,
      14.5,
      1.1,
      0.35,
      5.2,
      3.3,
      3.2,
      0.4,
      2.3,
      0.8,
      3.2,
      0.5,
      1.5,
      0.75,
      7.0,
      3.2,
      5.2,
      19.2,
      0.55,
      16.2,
      4.2,
      4.6,
      9.6,
      0.85,
      2.9,
      5.1,
      10.9
    ],
    [
      4.1,
      4.0,
      4.4,
      0.7,
      4.5,
      3.4,
      5.0,
      4.1,
      11.7,
      4.9,
      0.0,
      6.2,
      4.8,
      4.1,
      4.0,
      0.65,
      4.2,
      4.6,
      5.6,
      5.5,
      4.6,
      3.8,
      6.6,
      6.1,
      10.9,
      4.0,
      6.3,
      6.2,
      2.5,
      9.9,
      17.1,
      6.5,
      6.1,
      0.8,
      5.0,
      4.0,
      6.1,
      3.3,
      5.6,
      3.3,
      5.6,
      6.8,
      5.9,
      3.5,
      3.3,
      3.9,
      36.5,
      5.8,
      20.2,
      0.75,
      3.4,
      6.1,
      4.7,
      5.7,
      4.3,
      10.1
    ],
    [
      1.1,
      0.75,
      0.3,
      4.4,
      0.55,
      0.8,
      0.15,
      1.1,
      10.0,
      0.27,
      6.2,
      0.0,
      0.55,
      0.65,
      0.75,
      3.7,
      3.2,
      0.26,
      2.8,
      0.7,
      0.26,
      4.0,
      0.65,
      0.18,
      7.6,
      1.6,
      1.7,
      0.041,
      6.4,
      7.0,
      13.9,
      1.2,
      0.26,
      5.4,
      3.6,
      0.85,
      0.14,
      2.4,
      0.8,
      3.3,
      0.45,
      1.8,
      1.0,
      7.1,
      3.3,
      5.0,
      19.9,
      0.8,
      17.0,
      4.3,
      4.9,
      9.7,
      0.55,
      3.2,
      5.0,
      11.1
    ],
    [
      1.0,
      0.7,
      0.55,
      2.8,
      0.45,
      0.9,
      0.55,
      0.95,
      9.7,
      0.65,
      4.8,
      0.55,
      0.0,
      0.6,
      0.6,
      3.5,
      2.6,
      0.4,
      2.1,
      1.7,
      0.5,
      6.1,
      0.95,
      0.6,
      7.8,
      3.8,
      2.5,
      0.6,
      6.1,
      7.3,
      14.2,
      3.6,
      0.3,
      5.3,
      2.7,
      1.0,
      0.55,
      3.6,
      1.7,
      4.3,
      0.95,
      2.6,
      3.0,
      6.9,
      4.3,
      4.3,
      20.2,
      1.1,
      17.3,
      4.1,
      3.2,
      10.0,
      0.4,
      3.0,
      4.3,
      11.2
    ],
    [
      0.85,
      1.2,
      0.55,
      2.1,
      0.3,
      0.27,
      0.65,
      0.8,
      9.5,
      0.9,
      4.1,
      0.65,
      0.6,
      0.0,
      0.097,
      2.8,
      2.4,
      0.45,
      1.9,
      1.5,
      0.55,
      3.1,
      2.1,
      0.7,
      7.7,
      1.8,
      2.2,
      0.65,
      5.5,
      7.1,
      14.0,
      2.1,
      0.8,
      5.0,
      2.5,
      0.4,
      0.65,
      1.9,
      1.5,
      2.8,
      1.0,
      2.4,
      2.4,
      6.2,
      2.9,
      4.1,
      20.0,
      2.2,
      17.1,
      3.4,
      2.9,
      9.4,
      0.2,
      2.8,
      4.0,
      11.0
    ],
    [
      0.8,
      0.19,
      0.65,
      2.0,
      0.4,
      0.35,
      0.65,
      0.8,
      9.5,
      1.0,
      4.0,
      0.75,
      0.6,
      0.097,
      0.0,
      2.8,
      2.5,
      0.5,
      2.0,
      1.5,
      0.6,
      3.1,
      2.2,
      0.7,
      7.8,
      1.9,
      2.3,
      0.65,
      5.5,
      7.1,
      14.0,
      2.2,
      2.7,
      5.0,
      2.6,
      0.5,
      0.65,
      2.0,
      1.6,
      2.9,
      1.6,
      2.4,
      2.4,
      6.3,
      2.9,
      4.1,
      20.0,
      2.3,
      17.1,
      3.5,
      3.0,
      9.4,
      0.27,
      2.9,
      4.1,
      11.0
    ],
    [
      2.8,
      2.8,
      3.2,
      0.078,
      3.3,
      2.1,
      3.7,
      2.8,
      10.4,
      3.6,
      0.65,
      3.7,
      3.5,
      2.8,
      2.8,
      0.0,
      2.9,
      2.6,
      3.6,
      3.5,
      2.6,
      2.7,
      3.9,
      4.4,
      9.2,
      2.2,
      4.3,
      4.4,
      2.8,
      8.2,
      15.5,
      3.8,
      4.4,
      1.4,
      3.0,
      2.0,
      4.4,
      1.8,
      3.6,
      2.0,
      3.6,
      4.8,
      4.1,
      3.6,
      2.0,
      3.5,
      36.8,
      4.0,
      18.6,
      0.9,
      2.4,
      6.7,
      2.7,
      3.7,
      3.4,
      10.2
    ],
    [
      3.3,
      2.4,
      2.3,
      2.9,
      2.4,
      3.0,
      3.2,
      3.3,
      12.0,
      4.0,
      4.2,
      3.2,
      2.6,
      2.4,
      2.5,
      2.9,
      0.0,
      4.0,
      1.1,
      1.8,
      4.0,
      3.7,
      2.8,
      2.9,
      8.5,
      3.4,
      2.6,
      3.0,
      4.9,
      7.3,
      15.3,
      3.7,
      2.9,
      3.5,
      0.85,
      1.6,
      2.9,
      3.0,
      1.9,
      3.2,
      1.9,
      2.7,
      3.1,
      4.9,
      3.2,
      2.2,
      19.9,
      2.9,
      17.5,
      2.9,
      1.4,
      9.0,
      3.6,
      1.6,
      2.1,
      9.0
    ],
    [
      0.85,
      0.55,
      0.15,
      2.6,
      0.3,
      0.75,
      0.17,
      0.8,
      10.1,
      0.55,
      4.6,
      0.26,
      0.4,
      0.45,
      0.5,
      2.6,
      4.0,
      0.0,
      1.9,
      1.0,
      0.096,
      5.9,
      0.95,
      0.21,
      7.7,
      3.5,
      2.2,
      0.19,
      5.9,
      7.1,
      13.9,
      3.4,
      0.5,
      5.0,
      2.5,
      0.9,
      0.17,
      3.3,
      1.5,
      4.0,
      0.7,
      2.4,
      2.7,
      6.6,
      4.1,
      4.0,
      20.0,
      1.1,
      17.1,
      3.8,
      2.9,
      9.8,
      0.29,
      2.8,
      3.9,
      11.0
    ],
    [
      2.8,
      1.9,
      1.8,
      3.5,
      1.9,
      2.5,
      2.7,
      2.8,
      12.2,
      2.5,
      5.6,
      2.8,
      2.1,
      1.9,
      2.0,
      3.6,
      1.1,
      1.9,
      0.0,
      1.4,
      3.6,
      4.8,
      2.4,
      2.6,
      7.0,
      3.5,
      2.2,
      2.6,
      6.1,
      6.0,
      15.2,
      3.3,
      2.6,
      4.7,
      0.9,
      1.8,
      2.6,
      4.1,
      1.1,
      4.3,
      1.5,
      2.3,
      2.7,
      6.8,
      4.3,
      2.8,
      19.4,
      2.5,
      16.5,
      4.0,
      2.1,
      10.1,
      3.8,
      0.7,
      2.8,
      9.8
    ],
    [
      2.4,
      1.4,
      1.0,
      3.5,
      1.4,
      2.0,
      0.85,
      2.4,
      11.3,
      0.6,
      5.5,
      0.7,
      1.7,
      1.5,
      1.5,
      3.5,
      1.8,
      1.0,
      1.4,
      0.0,
      0.9,
      4.4,
      0.6,
      0.9,
      6.2,
      2.1,
      0.85,
      0.75,
      6.8,
      5.6,
      12.4,
      1.9,
      0.75,
      5.8,
      2.6,
      3.0,
      0.85,
      2.9,
      0.27,
      3.7,
      0.3,
      0.7,
      0.8,
      7.6,
      3.8,
      4.1,
      18.5,
      0.6,
      15.6,
      4.8,
      4.0,
      10.2,
      1.7,
      2.3,
      4.0,
      10.2
    ],
    [
      1.0,
      0.65,
      0.073,
      2.6,
      0.4,
      0.7,
      0.18,
      0.9,
      10.1,
      0.45,
      4.6,
      0.26,
      0.5,
      0.55,
      0.6,
      2.6,
      4.0,
      0.096,
      3.6,
      0.9,
      0.0,
      3.6,
      0.85,
      0.22,
      7.7,
      3.5,
      2.2,
      0.2,
      5.9,
      7.1,
      13.9,
      3.4,
      0.45,
      5.2,
      2.5,
      0.75,
      0.18,
      2.5,
      1.5,
      3.3,
      0.6,
      2.4,
      2.7,
      6.6,
      3.4,
      4.0,
      20.0,
      1.0,
      17.1,
      4.5,
      2.9,
      9.6,
      0.4,
      2.8,
      3.9,
      11.0
    ],
    [
      2.5,
      3.3,
      4.5,
      2.7,
      4.6,
      3.0,
      4.0,
      2.5,
      9.0,
      3.9,
      3.8,
      4.0,
      6.1,
      3.1,
      3.1,
      2.7,
      3.7,
      5.9,
      4.8,
      4.4,
      3.6,
      0.0,
      4.0,
      4.4,
      10.3,
      2.0,
      5.0,
      4.4,
      5.0,
      9.7,
      19.2,
      3.9,
      4.4,
      3.6,
      4.3,
      3.2,
      4.4,
      1.0,
      4.8,
      1.0,
      4.8,
      6.2,
      4.7,
      5.9,
      1.1,
      6.3,
      22.6,
      4.1,
      20.9,
      3.2,
      4.7,
      8.0,
      3.2,
      5.0,
      5.8,
      12.9
    ],
    [
      1.6,
      2.1,
      0.95,
      3.9,
      1.1,
      2.3,
      0.8,
      1.5,
      9.5,
      0.45,
      6.6,
      0.65,
      0.95,
      2.1,
      2.2,
      3.9,
      2.8,
      0.95,
      2.4,
      0.6,
      0.85,
      4.0,
      0.0,
      0.85,
      6.5,
      2.0,
      0.45,
      0.7,
      6.7,
      5.8,
      12.7,
      0.95,
      0.65,
      5.7,
      2.9,
      2.1,
      0.8,
      2.8,
      0.9,
      3.6,
      0.6,
      0.8,
      0.4,
      7.5,
      3.7,
      4.3,
      18.7,
      0.18,
      15.8,
      4.7,
      4.2,
      10.1,
      1.5,
      2.5,
      4.3,
      10.4
    ],
    [
      2.0,
      0.8,
      0.27,
      4.3,
      2.6,
      0.95,
      0.033,
      1.0,
      10.0,
      0.45,
      6.1,
      0.18,
      0.6,
      0.7,
      0.7,
      4.4,
      2.9,
      0.21,
      2.6,
      0.9,
      0.22,
      4.4,
      0.85,
      0.0,
      7.6,
      1.6,
      1.7,
      0.11,
      6.4,
      7.0,
      13.8,
      1.2,
      0.45,
      5.3,
      3.5,
      1.0,
      0.039,
      2.4,
      0.95,
      3.3,
      0.6,
      1.8,
      1.1,
      7.1,
      3.3,
      5.0,
      19.9,
      1.0,
      17.0,
      4.3,
      4.9,
      9.7,
      0.5,
      3.2,
      4.9,
      14.4
    ],
    [
      7.6,
      7.6,
      7.5,
      10.3,
      7.6,
      8.2,
      7.0,
      7.9,
      15.5,
      6.8,
      10.9,
      7.6,
      7.8,
      7.7,
      7.8,
      9.2,
      8.5,
      7.7,
      7.0,
      6.2,
      7.7,
      10.3,
      6.5,
      7.6,
      0.0,
      8.5,
      6.4,
      7.1,
      13.5,
      0.0,
      5.2,
      6.4,
      7.1,
      12.6,
      7.0,
      8.4,
      7.1,
      9.3,
      6.3,
      10.2,
      6.3,
      6.0,
      6.3,
      12.2,
      10.2,
      8.0,
      17.1,
      7.0,
      6.9,
      11.4,
      8.0,
      37.0,
      7.9,
      6.2,
      8.1,
      17.7
    ],
    [
      0.4,
      1.8,
      3.5,
      2.2,
      1.1,
      1.7,
      1.6,
      0.45,
      8.4,
      1.5,
      4.0,
      1.6,
      3.8,
      1.8,
      1.9,
      2.2,
      3.4,
      3.5,
      3.5,
      2.1,
      3.5,
      2.0,
      2.0,
      1.6,
      8.5,
      0.0,
      2.7,
      2.1,
      5.0,
      7.4,
      14.2,
      1.7,
      2.1,
      4.0,
      4.0,
      1.9,
      2.1,
      0.8,
      2.8,
      1.9,
      2.8,
      2.8,
      1.9,
      5.7,
      1.9,
      5.6,
      20.3,
      1.8,
      17.4,
      2.9,
      4.4,
      8.3,
      2.1,
      5.0,
      5.5,
      14.7
    ],
    [
      2.6,
      2.2,
      2.2,
      4.3,
      2.2,
      2.8,
      1.7,
      2.5,
      10.4,
      0.85,
      6.3,
      1.7,
      2.5,
      2.2,
      2.3,
      4.3,
      2.6,
      2.2,
      2.2,
      0.85,
      2.2,
      5.0,
      0.45,
      1.7,
      6.4,
      2.7,
      0.0,
      1.2,
      7.0,
      5.9,
      12.7,
      1.1,
      1.2,
      5.9,
      2.9,
      2.3,
      1.2,
      3.0,
      1.0,
      3.9,
      0.9,
      0.85,
      0.28,
      7.7,
      3.9,
      4.3,
      18.8,
      0.28,
      15.8,
      4.9,
      4.2,
      10.3,
      1.8,
      2.5,
      4.3,
      10.5
    ],
    [
      1.1,
      0.75,
      0.26,
      4.4,
      0.5,
      0.85,
      0.08,
      1.0,
      10.0,
      0.3,
      6.2,
      0.041,
      0.6,
      0.65,
      0.65,
      4.4,
      3.0,
      0.19,
      2.6,
      0.75,
      0.2,
      4.4,
      0.7,
      0.11,
      7.1,
      2.1,
      1.2,
      0.0,
      6.4,
      7.0,
      13.8,
      1.2,
      0.3,
      5.4,
      3.6,
      0.9,
      0.074,
      2.4,
      0.8,
      3.3,
      0.5,
      1.8,
      1.1,
      7.1,
      3.3,
      5.0,
      19.9,
      0.85,
      17.0,
      4.3,
      4.9,
      9.7,
      1.9,
      3.2,
      4.9,
      11.1
    ],
    [
      5.5,
      5.5,
      5.8,
      2.8,
      5.9,
      4.8,
      6.4,
      5.5,
      13.0,
      6.3,
      2.5,
      6.4,
      6.1,
      5.5,
      5.5,
      2.8,
      4.9,
      5.9,
      6.1,
      6.8,
      5.9,
      5.0,
      6.7,
      6.4,
      13.5,
      5.0,
      7.0,
      6.4,
      0.0,
      12.7,
      39.6,
      7.0,
      7.6,
      2.3,
      6.2,
      5.2,
      7.6,
      5.0,
      6.9,
      5.0,
      6.9,
      8.0,
      7.6,
      0.85,
      5.1,
      5.0,
      34.0,
      7.6,
      41.3,
      2.9,
      4.5,
      6.2,
      5.9,
      6.9,
      5.4,
      10.0
    ],
    [
      7.2,
      7.0,
      7.0,
      8.2,
      7.1,
      7.7,
      7.0,
      7.2,
      15.0,
      6.2,
      9.9,
      7.0,
      7.3,
      7.1,
      7.1,
      8.2,
      7.3,
      7.1,
      6.0,
      5.6,
      7.1,
      9.7,
      5.8,
      7.0,
      0.0,
      7.4,
      5.9,
      7.0,
      12.7,
      0.0,
      5.1,
      6.6,
      6.0,
      11.8,
      6.0,
      7.4,
      6.0,
      7.9,
      5.5,
      8.7,
      5.5,
      4.6,
      5.9,
      11.4,
      8.8,
      6.5,
      17.5,
      6.0,
      6.8,
      10.6,
      6.5,
      16.5,
      8.3,
      4.7,
      7.0,
      9.3
    ],
    [
      15.9,
      11.7,
      13.9,
      15.5,
      13.9,
      14.8,
      13.8,
      14.1,
      23.6,
      14.5,
      17.1,
      13.9,
      14.2,
      14.0,
      14.0,
      15.5,
      15.3,
      13.9,
      15.2,
      12.4,
      13.9,
      19.2,
      12.7,
      13.8,
      5.2,
      14.2,
      12.7,
      13.8,
      39.6,
      5.1,
      0.0,
      15.7,
      15.3,
      18.2,
      15.3,
      16.6,
      15.3,
      17.0,
      14.8,
      17.9,
      14.8,
      14.2,
      15.9,
      21.4,
      17.9,
      15.7,
      18.1,
      16.0,
      2.1,
      17.6,
      15.7,
      38.0,
      16.2,
      13.9,
      15.8,
      18.7
    ],
    [
      1.5,
      2.1,
      3.3,
      3.7,
      3.3,
      2.3,
      1.2,
      1.5,
      8.9,
      1.1,
      6.5,
      1.2,
      3.6,
      2.1,
      2.2,
      3.8,
      3.7,
      3.4,
      3.3,
      1.9,
      3.4,
      3.9,
      0.95,
      1.2,
      6.4,
      1.7,
      1.1,
      1.2,
      7.0,
      6.6,
      15.7,
      0.0,
      1.8,
      6.3,
      4.0,
      2.8,
      1.8,
      3.4,
      2.7,
      3.5,
      2.8,
      2.3,
      1.0,
      7.4,
      3.6,
      5.4,
      20.0,
      0.9,
      16.1,
      4.6,
      5.3,
      10.0,
      2.8,
      3.6,
      5.4,
      14.5
    ],
    [
      1.1,
      0.9,
      0.5,
      4.3,
      0.65,
      1.0,
      0.4,
      1.1,
      10.0,
      0.35,
      6.1,
      0.26,
      0.3,
      0.8,
      2.7,
      4.4,
      2.9,
      0.5,
      2.6,
      0.75,
      0.45,
      4.4,
      0.65,
      0.45,
      7.1,
      2.1,
      1.2,
      0.3,
      7.6,
      6.0,
      15.3,
      1.8,
      0.0,
      5.3,
      3.5,
      2.5,
      0.4,
      2.4,
      1.6,
      3.3,
      0.65,
      1.8,
      1.0,
      7.1,
      3.3,
      5.0,
      19.9,
      0.75,
      17.0,
      4.3,
      4.9,
      9.7,
      0.6,
      3.2,
      4.9,
      11.1
    ],
    [
      4.5,
      5.0,
      4.9,
      1.4,
      5.0,
      4.3,
      5.3,
      4.5,
      11.6,
      5.2,
      0.8,
      5.4,
      5.3,
      5.0,
      5.0,
      1.4,
      3.5,
      5.0,
      4.7,
      5.8,
      5.2,
      3.6,
      5.7,
      5.3,
      12.6,
      4.0,
      5.9,
      5.4,
      2.3,
      11.8,
      18.2,
      6.3,
      5.3,
      0.0,
      4.2,
      NaN,
      5.5,
      2.8,
      4.7,
      2.8,
      4.7,
      6.0,
      5.2,
      2.6,
      2.9,
      3.0,
      35.9,
      5.2,
      19.3,
      0.55,
      2.5,
      5.7,
      3.9,
      4.7,
      3.4,
      9.2
    ],
    [
      3.5,
      2.5,
      2.4,
      3.0,
      2.5,
      3.1,
      3.5,
      3.4,
      12.1,
      3.3,
      5.0,
      3.6,
      2.7,
      2.5,
      2.6,
      3.0,
      0.85,
      2.5,
      0.9,
      2.6,
      2.5,
      4.3,
      2.9,
      3.5,
      7.0,
      4.0,
      2.9,
      3.6,
      6.2,
      6.0,
      15.3,
      4.0,
      3.5,
      4.2,
      0.0,
      2.2,
      3.4,
      3.6,
      1.9,
      3.8,
      2.4,
      2.1,
      3.9,
      6.5,
      3.8,
      1.5,
      19.4,
      3.3,
      16.5,
      3.6,
      1.3,
      9.5,
      2.6,
      0.65,
      1.4,
      8.3
    ],
    [
      1.5,
      0.3,
      0.7,
      2.0,
      0.6,
      0.15,
      1.0,
      1.5,
      10.0,
      3.2,
      4.0,
      0.85,
      1.0,
      0.4,
      0.5,
      2.0,
      1.6,
      0.9,
      1.8,
      3.0,
      0.75,
      3.2,
      2.1,
      1.0,
      8.4,
      1.9,
      2.3,
      0.9,
      5.2,
      7.4,
      16.6,
      2.8,
      2.5,
      NaN,
      2.2,
      0.0,
      1.0,
      2.1,
      2.0,
      2.8,
      2.0,
      2.8,
      3.2,
      5.5,
      2.9,
      3.6,
      20.4,
      3.0,
      17.5,
      2.7,
      2.6,
      8.5,
      0.65,
      2.6,
      3.6,
      10.7
    ],
    [
      1.0,
      0.75,
      0.23,
      4.3,
      0.45,
      0.9,
      0.006,
      1.0,
      10.0,
      0.4,
      6.1,
      0.14,
      0.55,
      0.65,
      0.65,
      4.4,
      2.9,
      0.17,
      2.6,
      0.85,
      0.18,
      4.4,
      0.8,
      0.039,
      7.1,
      2.1,
      1.2,
      0.074,
      7.6,
      6.0,
      15.3,
      1.8,
      0.4,
      5.5,
      3.4,
      1.0,
      0.0,
      2.4,
      1.6,
      3.3,
      0.55,
      1.8,
      1.1,
      7.1,
      3.3,
      5.0,
      19.9,
      0.95,
      17.0,
      4.3,
      4.9,
      9.7,
      0.45,
      3.2,
      4.9,
      14.4
    ],
    [
      1.4,
      1.9,
      3.3,
      1.9,
      3.3,
      1.6,
      2.4,
      1.4,
      8.6,
      2.3,
      3.3,
      2.4,
      3.6,
      1.9,
      2.0,
      1.8,
      3.0,
      3.3,
      4.1,
      2.9,
      2.5,
      1.0,
      2.8,
      2.4,
      9.3,
      0.8,
      3.0,
      2.4,
      5.0,
      7.9,
      17.0,
      3.4,
      2.4,
      2.8,
      3.6,
      2.1,
      2.4,
      0.0,
      2.9,
      0.65,
      3.0,
      3.6,
      2.7,
      5.5,
      0.7,
      5.1,
      21.7,
      2.7,
      18.7,
      2.5,
      4.0,
      7.5,
      2.0,
      4.3,
      5.1,
      12.4
    ],
    [
      2.4,
      1.5,
      1.4,
      3.6,
      1.5,
      2.1,
      1.6,
      2.4,
      11.7,
      0.8,
      5.6,
      0.8,
      1.7,
      1.5,
      1.6,
      3.6,
      1.9,
      1.5,
      1.1,
      0.27,
      1.5,
      4.8,
      0.9,
      0.95,
      6.3,
      2.8,
      1.0,
      0.8,
      6.9,
      5.5,
      14.8,
      2.7,
      1.6,
      4.7,
      1.9,
      2.0,
      1.6,
      2.9,
      0.0,
      4.0,
      0.35,
      0.7,
      1.0,
      7.8,
      4.0,
      3.6,
      18.7,
      0.8,
      15.8,
      5.0,
      3.4,
      10.4,
      2.0,
      1.8,
      3.5,
      10.0
    ],
    [
      2.2,
      2.8,
      4.0,
      2.0,
      4.0,
      2.5,
      3.3,
      2.2,
      9.4,
      3.2,
      3.3,
      3.3,
      4.3,
      2.8,
      2.9,
      2.0,
      3.2,
      4.0,
      4.3,
      3.7,
      3.3,
      1.0,
      3.6,
      3.3,
      10.2,
      1.9,
      3.9,
      3.3,
      5.0,
      8.7,
      17.9,
      3.5,
      3.3,
      2.8,
      3.8,
      2.8,
      3.3,
      0.65,
      4.0,
      0.0,
      4.3,
      5.5,
      3.4,
      5.4,
      0.018,
      5.7,
      22.3,
      3.3,
      19.4,
      2.6,
      4.1,
      7.4,
      2.7,
      4.4,
      5.2,
      12.4
    ],
    [
      2.4,
      1.1,
      0.65,
      3.6,
      0.85,
      1.1,
      0.55,
      2.4,
      11.8,
      0.5,
      5.6,
      0.45,
      0.95,
      1.0,
      1.6,
      3.6,
      1.9,
      0.7,
      1.5,
      0.3,
      0.6,
      4.8,
      0.6,
      0.6,
      6.3,
      2.8,
      0.9,
      0.5,
      6.9,
      5.5,
      14.8,
      2.8,
      0.65,
      4.7,
      2.4,
      2.0,
      0.55,
      3.0,
      0.35,
      4.3,
      0.0,
      1.0,
      0.8,
      7.5,
      3.7,
      4.0,
      19.1,
      0.6,
      16.2,
      4.6,
      3.8,
      10.1,
      1.0,
      2.2,
      3.9,
      10.4
    ],
    [
      2.7,
      2.3,
      2.3,
      4.5,
      2.4,
      3.0,
      1.8,
      2.6,
      11.3,
      1.5,
      6.8,
      1.8,
      2.6,
      2.4,
      2.4,
      4.8,
      2.7,
      2.4,
      2.3,
      0.7,
      2.4,
      6.2,
      0.8,
      1.8,
      6.0,
      2.8,
      0.85,
      1.8,
      8.0,
      4.6,
      14.2,
      2.3,
      1.8,
      6.0,
      2.1,
      2.8,
      1.8,
      3.6,
      0.7,
      5.5,
      1.0,
      0.0,
      0.9,
      8.1,
      4.2,
      3.8,
      18.3,
      0.7,
      15.4,
      5.2,
      3.7,
      10.6,
      2.2,
      2.0,
      3.8,
      10.0
    ],
    [
      2.6,
      2.3,
      2.7,
      4.1,
      2.7,
      2.5,
      1.7,
      2.6,
      9.7,
      0.75,
      5.9,
      1.0,
      3.0,
      2.4,
      2.4,
      4.1,
      3.1,
      2.7,
      2.7,
      0.8,
      2.7,
      4.7,
      0.4,
      1.1,
      6.3,
      1.9,
      0.28,
      1.1,
      7.6,
      5.9,
      15.9,
      1.0,
      1.0,
      5.2,
      3.9,
      3.2,
      1.1,
      2.7,
      1.0,
      3.4,
      0.8,
      0.9,
      0.0,
      7.5,
      3.6,
      5.1,
      20.2,
      0.21,
      16.6,
      4.6,
      5.0,
      10.1,
      3.8,
      3.3,
      5.0,
      11.2
    ],
    [
      6.3,
      6.2,
      6.6,
      3.6,
      6.6,
      5.6,
      7.1,
      6.3,
      13.9,
      7.0,
      3.5,
      7.1,
      6.9,
      6.2,
      6.3,
      3.6,
      4.9,
      6.6,
      6.8,
      7.6,
      6.6,
      5.9,
      7.5,
      7.1,
      12.2,
      5.7,
      7.7,
      7.1,
      0.85,
      11.4,
      21.4,
      7.4,
      7.1,
      2.6,
      6.5,
      5.5,
      7.1,
      5.5,
      7.8,
      5.4,
      7.5,
      8.1,
      7.5,
      0.0,
      5.3,
      4.2,
      22.9,
      7.1,
      30.3,
      2.8,
      3.7,
      7.0,
      5.8,
      6.2,
      4.7,
      9.7
    ],
    [
      2.3,
      2.8,
      4.0,
      2.0,
      4.0,
      2.5,
      3.3,
      2.3,
      9.5,
      3.2,
      3.3,
      3.3,
      4.3,
      2.9,
      2.9,
      2.0,
      3.2,
      4.1,
      4.3,
      3.8,
      3.4,
      1.1,
      3.7,
      3.3,
      10.2,
      1.9,
      3.9,
      3.3,
      5.1,
      8.8,
      17.9,
      3.6,
      3.3,
      2.9,
      3.8,
      2.9,
      3.3,
      0.7,
      4.0,
      0.018,
      3.7,
      4.2,
      3.6,
      5.3,
      0.0,
      5.8,
      22.4,
      3.4,
      19.4,
      2.7,
      4.2,
      7.5,
      2.7,
      4.5,
      5.2,
      12.4
    ],
    [
      5.0,
      4.0,
      4.0,
      3.5,
      4.1,
      4.7,
      5.0,
      5.0,
      13.6,
      5.2,
      3.9,
      5.0,
      4.3,
      4.1,
      4.1,
      3.5,
      2.2,
      4.0,
      2.8,
      4.1,
      4.0,
      6.3,
      4.3,
      5.0,
      8.0,
      5.6,
      4.3,
      5.0,
      5.0,
      6.5,
      15.7,
      5.4,
      5.0,
      3.0,
      1.5,
      3.6,
      5.0,
      5.1,
      3.6,
      5.7,
      4.0,
      3.8,
      5.1,
      4.2,
      5.8,
      0.0,
      20.0,
      4.9,
      17.1,
      3.4,
      1.5,
      8.3,
      4.2,
      3.0,
      0.65,
      7.0
    ],
    [
      20.2,
      20.0,
      19.9,
      21.5,
      20.0,
      20.6,
      19.9,
      20.1,
      35.0,
      19.2,
      36.5,
      19.9,
      20.2,
      20.0,
      20.0,
      36.8,
      19.9,
      20.0,
      19.4,
      18.5,
      20.0,
      22.6,
      18.7,
      19.9,
      17.1,
      20.3,
      18.8,
      19.9,
      34.0,
      17.5,
      18.1,
      20.0,
      19.9,
      35.9,
      19.4,
      20.4,
      19.9,
      21.7,
      18.7,
      22.3,
      19.1,
      18.3,
      20.2,
      22.9,
      22.4,
      20.0,
      0.0,
      19.4,
      19.6,
      21.5,
      19.0,
      29.5,
      19.6,
      17.3,
      19.1,
      9.7
    ],
    [
      1.7,
      2.2,
      2.5,
      4.0,
      2.5,
      2.4,
      0.8,
      1.7,
      9.6,
      0.55,
      5.8,
      0.8,
      1.1,
      2.2,
      2.3,
      4.0,
      2.9,
      1.1,
      2.5,
      0.6,
      1.0,
      4.1,
      0.18,
      1.0,
      7.0,
      1.8,
      0.28,
      0.85,
      7.6,
      6.0,
      16.0,
      0.9,
      0.75,
      5.2,
      3.3,
      3.0,
      0.95,
      2.7,
      0.8,
      3.3,
      0.6,
      0.7,
      0.21,
      7.1,
      3.4,
      4.9,
      19.4,
      0.0,
      15.8,
      4.8,
      4.1,
      10.2,
      4.0,
      2.5,
      4.2,
      10.4
    ],
    [
      17.6,
      13.4,
      13.4,
      18.6,
      17.0,
      17.7,
      13.3,
      13.6,
      25.3,
      16.2,
      20.2,
      17.0,
      17.3,
      17.1,
      17.1,
      18.6,
      17.5,
      17.1,
      16.5,
      15.6,
      17.1,
      20.9,
      15.8,
      17.0,
      6.9,
      17.4,
      15.8,
      17.0,
      41.3,
      6.8,
      2.1,
      16.1,
      17.0,
      19.3,
      16.5,
      17.5,
      17.0,
      18.7,
      15.8,
      19.4,
      16.2,
      15.4,
      16.6,
      30.3,
      19.4,
      17.1,
      19.6,
      15.8,
      0.0,
      19.3,
      17.4,
      39.7,
      17.9,
      15.7,
      17.5,
      16.3
    ],
    [
      3.4,
      3.4,
      3.7,
      1.0,
      3.8,
      2.7,
      4.3,
      3.4,
      11.0,
      4.2,
      0.75,
      4.3,
      4.1,
      3.4,
      3.5,
      0.9,
      2.9,
      3.8,
      4.0,
      4.8,
      4.5,
      3.2,
      4.7,
      4.3,
      11.4,
      2.9,
      4.9,
      4.3,
      2.9,
      10.6,
      17.6,
      4.6,
      4.3,
      0.55,
      3.6,
      2.7,
      4.3,
      2.5,
      5.0,
      2.6,
      4.6,
      5.2,
      4.6,
      2.8,
      2.7,
      3.4,
      21.5,
      4.8,
      19.3,
      0.0,
      2.2,
      6.0,
      3.6,
      4.3,
      3.6,
      9.4
    ],
    [
      3.8,
      2.9,
      2.9,
      2.4,
      2.9,
      3.5,
      3.7,
      3.8,
      12.5,
      4.6,
      3.4,
      4.9,
      3.2,
      2.9,
      3.0,
      2.4,
      1.4,
      2.9,
      2.1,
      4.0,
      2.9,
      4.7,
      4.2,
      4.9,
      8.0,
      4.4,
      4.2,
      4.9,
      4.5,
      6.5,
      15.7,
      5.3,
      4.9,
      2.5,
      1.3,
      2.6,
      4.9,
      4.0,
      3.4,
      4.1,
      3.8,
      3.7,
      5.0,
      3.7,
      4.2,
      1.5,
      19.0,
      4.1,
      17.4,
      2.2,
      0.0,
      8.0,
      2.9,
      2.3,
      1.2,
      7.9
    ],
    [
      8.9,
      9.3,
      9.7,
      6.7,
      9.8,
      8.7,
      9.7,
      8.8,
      16.0,
      9.6,
      6.1,
      9.7,
      10.0,
      9.4,
      9.4,
      6.7,
      9.0,
      9.8,
      10.1,
      10.2,
      9.6,
      8.0,
      10.1,
      9.7,
      37.0,
      8.3,
      10.3,
      9.7,
      6.2,
      16.5,
      38.0,
      10.0,
      9.7,
      5.7,
      9.5,
      8.5,
      9.7,
      7.5,
      10.4,
      7.4,
      10.1,
      10.6,
      10.1,
      7.0,
      7.5,
      8.3,
      29.5,
      10.2,
      39.7,
      6.0,
      8.0,
      0.0,
      9.2,
      10.2,
      8.8,
      14.6
    ],
    [
      0.7,
      0.3,
      0.45,
      2.7,
      0.19,
      0.5,
      0.45,
      0.65,
      10.1,
      0.85,
      4.7,
      0.55,
      0.4,
      0.2,
      0.27,
      2.7,
      3.6,
      0.29,
      3.8,
      1.7,
      0.4,
      3.2,
      1.5,
      0.5,
      7.9,
      2.1,
      1.8,
      1.9,
      5.9,
      8.3,
      16.2,
      2.8,
      0.6,
      3.9,
      2.6,
      0.65,
      0.45,
      2.0,
      2.0,
      2.7,
      1.0,
      2.2,
      3.8,
      5.8,
      2.7,
      4.2,
      19.6,
      4.0,
      17.9,
      3.6,
      2.9,
      9.2,
      0.0,
      3.0,
      4.1,
      11.2
    ],
    [
      3.7,
      2.8,
      2.7,
      3.7,
      2.8,
      3.4,
      3.2,
      3.7,
      12.6,
      2.9,
      5.7,
      3.2,
      3.0,
      2.8,
      2.9,
      3.7,
      1.6,
      2.8,
      0.7,
      2.3,
      2.8,
      5.0,
      2.5,
      3.2,
      6.2,
      5.0,
      2.5,
      3.2,
      6.9,
      4.7,
      13.9,
      3.6,
      3.2,
      4.7,
      0.65,
      2.6,
      3.2,
      4.3,
      1.8,
      4.4,
      2.2,
      2.0,
      3.3,
      6.2,
      4.5,
      3.0,
      17.3,
      2.5,
      15.7,
      4.3,
      2.3,
      10.2,
      3.0,
      0.0,
      2.8,
      8.6
    ],
    [
      4.9,
      4.0,
      3.8,
      3.4,
      4.0,
      4.6,
      4.9,
      4.9,
      13.6,
      5.1,
      4.3,
      5.0,
      4.3,
      4.0,
      4.1,
      3.4,
      2.1,
      3.9,
      2.8,
      4.0,
      3.9,
      5.8,
      4.3,
      4.9,
      8.1,
      5.5,
      4.3,
      4.9,
      5.4,
      7.0,
      15.8,
      5.4,
      4.9,
      3.4,
      1.4,
      3.6,
      4.9,
      5.1,
      3.5,
      5.2,
      3.9,
      3.8,
      5.0,
      4.7,
      5.2,
      0.65,
      19.1,
      4.2,
      17.5,
      3.6,
      1.2,
      8.8,
      4.1,
      2.8,
      0.0,
      7.2
    ],
    [
      11.9,
      10.9,
      10.9,
      10.2,
      10.9,
      11.6,
      11.1,
      11.9,
      35.6,
      10.9,
      10.1,
      11.1,
      11.2,
      11.0,
      11.0,
      10.2,
      9.0,
      11.0,
      9.8,
      10.2,
      11.0,
      12.9,
      10.4,
      14.4,
      17.7,
      14.7,
      10.5,
      11.1,
      10.0,
      9.3,
      18.7,
      14.5,
      11.1,
      9.2,
      8.3,
      10.7,
      14.4,
      12.4,
      10.0,
      12.4,
      10.4,
      10.0,
      11.2,
      9.7,
      12.4,
      7.0,
      9.7,
      10.4,
      16.3,
      9.4,
      7.9,
      14.6,
      11.2,
      8.6,
      7.2,
      0.0
    ]
  ],
  "drive_time_matrix": [
    [
      0.0,
      12.0,
      11.0,
      9.0,
      10.0,
      7.0,
      13.0,
      1.0,
      20.0,
      7.0,
      15.0,
      14.0,
      13.0,
      11.0,
      10.0,
      9.0,
      12.0,
      11.0,
      11.0,
      9.0,
      12.0,
      9.0,
      7.0,
      9.0,
      26.0,
      5.0,
      10.0,
      14.0,
      15.0,
      25.0,
      30.0,
      6.0,
      13.0,
      13.0,
      13.0,
      7.0,
      13.0,
      6.0,
      10.0,
      8.0,
      10.0,
      12.0,
      10.0,
      16.0,
      9.0,
      19.0,
      36.0,
      7.0,
      37.0,
      11.0,
      13.0,
      20.0,
      9.0,
      14.0,
      19.0,
      30.0
    ],
    [
      12.0,
      0.0,
      6.0,
      11.0,
      5.0,
      2.0,
      9.0,
      11.0,
      24.0,
      10.0,
      16.0,
      9.0,
      9.0,
      1.0,
      2.0,
      10.0,
      9.0,
      7.0,
      7.0,
      6.0,
      8.0,
      12.0,
      9.0,
      10.0,
      22.0,
      8.0,
      9.0,
      9.0,
      16.0,
      22.0,
      30.0,
      8.0,
      8.0,
      14.0,
      9.0,
      4.0,
      9.0,
      8.0,
      6.0,
      11.0,
      13.0,
      9.0,
      9.0,
      18.0,
      11.0,
      13.0,
      33.0,
      9.0,
      37.0,
      13.0,
      9.0,
      22.0,
      4.0,
      10.0,
      13.0,
      26.0
    ],
    [
      11.0,
      6.0,
      0.0,
      14.0,
      5.0,
      8.0,
      3.0,
      12.0,
      30.0,
      7.0,
      18.0,
      4.0,
      7.0,
      7.0,
      8.0,
      14.0,
      9.0,
      2.0,
      8.0,
      12.0,
      1.0,
      18.0,
      4.0,
      3.0,
      23.0,
      15.0,
      9.0,
      3.0,
      18.0,
      23.0,
      31.0,
      13.0,
      6.0,
      17.0,
      10.0,
      9.0,
      3.0,
      15.0,
      7.0,
      17.0,
      8.0,
      9.0,
      10.0,
      19.0,
      18.0,
      14.0,
      34.0,
      7.0,
      37.0,
      14.0,
      10.0,
      26.0,
      6.0,
      11.0,
      14.0,
      27.0
    ],
    [
      9.0,
      11.0,
      14.0,
      0.0,
      8.0,
      10.0,
      15.0,
      9.0,
      24.0,
      13.0,
      9.0,
      15.0,
      9.0,
      6.0,
      6.0,
      1.0,
      10.0,
      9.0,
      12.0,
      12.0,
      9.0,
      7.0,
      13.0,
      15.0,
      27.0,
      7.0,
      15.0,
      15.0,
      6.0,
      26.0,
      34.0,
      12.0,
      15.0,
      6.0,
      10.0,
      7.0,
      15.0,
      7.0,
      12.0,
      7.0,
      13.0,
      16.0,
      13.0,
      7.0,
      7.0,
      13.0,
      38.0,
      14.0,
      42.0,
      12.0,
      8.0,
      15.0,
      9.0,
      13.0,
      12.0,
      25.0
    ],
    [
      10.0,
      5.0,
      5.0,
      8.0,
      0.0,
      6.0,
      6.0,
      9.0,
      29.0,
      9.0,
      17.0,
      7.0,
      6.0,
      4.0,
      5.0,
      14.0,
      9.0,
      4.0,
      8.0,
      6.0,
      5.0,
      17.0,
      7.0,
      11.0,
      22.0,
      12.0,
      8.0,
      6.0,
      17.0,
      22.0,
      31.0,
      13.0,
      8.0,
      17.0,
      9.0,
      9.0,
      6.0,
      10.0,
      7.0,
      16.0,
      11.0,
      9.0,
      11.0,
      18.0,
      17.0,
      14.0,
      33.0,
      9.0,
      37.0,
      13.0,
      10.0,
      26.0,
      3.0,
      11.0,
      13.0,
      26.0
    ],
    [
      7.0,
      2.0,
      8.0,
      10.0,
      6.0,
      0.0,
      8.0,
      7.0,
      24.0,
      8.0,
      13.0,
      7.0,
      11.0,
      3.0,
      4.0,
      8.0,
      11.0,
      7.0,
      9.0,
      8.0,
      9.0,
      9.0,
      8.0,
      10.0,
      23.0,
      7.0,
      10.0,
      8.0,
      13.0,
      23.0,
      33.0,
      8.0,
      9.0,
      11.0,
      11.0,
      2.0,
      9.0,
      6.0,
      8.0,
      9.0,
      12.0,
      11.0,
      8.0,
      14.0,
      9.0,
      15.0,
      34.0,
      8.0,
      38.0,
      9.0,
      12.0,
      19.0,
      6.0,
      12.0,
      16.0,
      27.0
    ],
    [
