{
  "drive_dist_matrix": [
    [
      0.0,
      7.885766,
      2.735878,
      2.2530759999999996,
      3.21868,
      1.60934,
      2.092142,
      21.887024,
      6.9201619999999995,
      1.9312079999999998,
      4.82802,
      2.41401,
      10.138842,
      3.7014819999999995,
      2.092142,
      2.896812,
      3.5405480000000003,
      9.334171999999999,
      1.9312079999999998,
      7.885766,
      25.74944,
      17.059003999999998,
      3.379614,
      7.563898,
      2.5749440000000003,
      28.646252,
      3.21868,
      9.65604,
      1.60934,
      6.9201619999999995,
      2.735878,
      2.2530759999999996,
      2.2530759999999996,
      1.9312079999999998,
      3.5405480000000003,
      3.057746,
      40.877235999999996,
      0.417,
      12.552852,
      3.057746,
      15.127796,
      2.5749440000000003,
      2.41401,
      1.60934,
      12.713786,
      3.057746,
      19.955816000000002,
      7.724831999999999,
      4.02335,
      10.299776000000001,
      13.196587999999998,
      2.41401,
      18.185542,
      2.896812,
      5.793624,
      17.541806,
      3.057746,
      1.7702740000000001,
      25.910374
    ],
    [
      7.885766,
      0.0,
      6.276426,
      5.471756,
      5.793624,
      6.115492,
      5.9545580000000005,
      15.932466,
      9.173238,
      5.9545580000000005,
      5.149888000000001,
      5.63269,
      3.7014819999999995,
      4.02335,
      5.471756,
      4.82802,
      9.173238,
      3.5405480000000003,
      5.63269,
      9.012303999999999,
      17.219938,
      7.24203,
      8.207633999999999,
      12.07005,
      5.793624,
      33.152404000000004,
      4.345218,
      3.8624159999999996,
      7.724831999999999,
      12.552852,
      6.43736,
      5.149888000000001,
      5.149888000000001,
      5.9545580000000005,
      5.471756,
      5.793624,
      27.35878,
      8.368568,
      20.760486,
      4.82802,
      20.760486,
      4.9889540000000006,
      5.310822,
      6.115492,
      17.219938,
      10.943512,
      14.323126,
      9.012303999999999,
      7.885766,
      14.805927999999998,
      4.9889540000000006,
      5.9545580000000005,
      10.138842,
      6.115492,
      7.885766,
      7.885766,
      6.115492,
      5.9545580000000005,
      20.277684
    ],
    [
      2.735878,
      6.276426,
      0.0,
      1.448406,
      0.6437360000000001,
      1.448406,
      1.1265379999999998,
      20.760486,
      8.207633999999999,
      2.092142,
      2.2530759999999996,
      0.32186800000000004,
      8.529501999999999,
      1.448406,
      0.80467,
      1.7702740000000001,
      5.63269,
      8.368568,
      0.9656039999999999,
      9.173238,
      23.013562,
      12.87472,
      0.48280199999999995,
      5.310822,
      0.48280199999999995,
      27.036912,
      1.60934,
      8.690436,
      2.896812,
      4.667085999999999,
      0.16093400000000002,
      0.9656039999999999,
      0.80467,
      2.092142,
      1.1265379999999998,
      0.48280199999999995,
      38.141358,
      3.5405480000000003,
      12.07005,
      1.60934,
      13.035654,
      0.6437360000000001,
      1.60934,
      1.448406,
      11.104446000000001,
      0.9656039999999999,
      19.151146,
      9.012303999999999,
      1.60934,
      8.207633999999999,
      10.621644,
      1.448406,
      14.162192000000001,
      0.16093400000000002,
      3.379614,
      13.196587999999998,
      0.32186800000000004,
      1.1265379999999998,
      35.083612
    ],
    [
      2.2530759999999996,
      5.471756,
      1.448406,
      0.0,
      1.9312079999999998,
      0.48280199999999995,
      0.16093400000000002,
      21.082354,
      8.368568,
      0.48280199999999995,
      3.5405480000000003,
      0.9656039999999999,
      8.85137,
      2.41401,
      0.48280199999999995,
      1.1265379999999998,
      4.82802,
      10.621644,
      0.32186800000000004,
      9.173238,
      26.875978,
      13.518456,
      2.092142,
      6.276426,
      1.2874720000000002,
      27.35878,
      2.41401,
      9.012303999999999,
      0.9656039999999999,
      5.63269,
      1.448406,
      0.6437360000000001,
      0.48280199999999995,
      0.48280199999999995,
      2.2530759999999996,
      1.7702740000000001,
      42.164708,
      2.735878,
      11.26538,
      1.1265379999999998,
      13.840323999999999,
      1.7702740000000001,
      0.48280199999999995,
      0.32186800000000004,
      11.426314,
      1.7702740000000001,
      19.473014,
      9.012303999999999,
      2.735878,
      9.012303999999999,
      10.943512,
      1.1265379999999998,
      19.31208,
      1.60934,
      4.506151999999999,
      14.162192000000001,
      1.60934,
      0.48280199999999995,
      24.622902
    ],
    [
      3.21868,
      5.793624,
      0.6437360000000001,
      1.9312079999999998,
      0.0,
      2.2530759999999996,
      2.092142,
      20.11675,
      7.724831999999999,
      2.092142,
      1.60934,
      0.80467,
      7.885766,
      0.6437360000000001,
      1.1265379999999998,
      0.9656039999999999,
      5.471756,
      7.724831999999999,
      1.60934,
      8.690436,
      22.369826,
      11.587248,
      0.80467,
      5.793624,
      1.1265379999999998,
      29.611855999999996,
      1.1265379999999998,
      8.0467,
      3.8624159999999996,
      4.9889540000000006,
      0.48280199999999995,
      0.9656039999999999,
      1.1265379999999998,
      2.092142,
      0.32186800000000004,
      0.24,
      37.497622,
      4.506151999999999,
      12.87472,
      0.9656039999999999,
      17.219938,
      0.9656039999999999,
      1.448406,
      2.2530759999999996,
      13.67939,
      1.60934,
      18.50741,
      8.368568,
      0.80467,
      7.724831999999999,
      9.977908000000001,
      1.9312079999999998,
      13.518456,
      0.48280199999999995,
      2.5749440000000003,
      12.07005,
      0.48280199999999995,
      2.092142,
      23.818232000000002
    ],
    [
      1.60934,
      6.115492,
      1.448406,
      0.48280199999999995,
      2.2530759999999996,
      0.0,
      0.32186800000000004,
      20.599552000000003,
      7.885766,
      0.16093400000000002,
      3.5405480000000003,
      1.1265379999999998,
      8.368568,
      2.41401,
      0.80467,
      1.60934,
      4.345218,
      10.299776000000001,
      0.6437360000000001,
      8.85137,
      24.461968,
      13.196587999999998,
      2.2530759999999996,
      6.276426,
      1.2874720000000002,
      27.35878,
      2.092142,
      8.690436,
      0.6437360000000001,
      5.63269,
      1.60934,
      0.80467,
      0.80467,
      0.32186800000000004,
      2.2530759999999996,
      1.9312079999999998,
      39.750698,
      2.41401,
      11.426314,
      1.9312079999999998,
      19.31208,
      0.80467,
      0.48280199999999995,
      0.0,
      11.587248,
      1.7702740000000001,
      20.92142,
      8.690436,
      2.735878,
      9.173238,
      10.46071,
      1.1265379999999998,
      16.89807,
      1.7702740000000001,
      4.506151999999999,
      13.67939,
      1.60934,
      0.6437360000000001,
      24.301033999999998
    ],
    [
      2.092142,
      5.9545580000000005,
      1.1265379999999998,
      0.16093400000000002,
      2.092142,
      0.32186800000000004,
      0.0,
      20.92142,
      8.207633999999999,
      2.092142,
      3.8624159999999996,
      1.60934,
      8.690436,
      2.735878,
      0.48280199999999995,
      1.9312079999999998,
      4.82802,
      7.885766,
      0.32186800000000004,
      9.173238,
      24.783836,
      13.518456,
      2.5749440000000003,
      6.598293999999999,
      1.60934,
      27.680647999999998,
      2.41401,
      9.012303999999999,
      0.9656039999999999,
      5.9545580000000005,
      1.9312079999999998,
      0.48280199999999995,
      0.48280199999999995,
      0.32186800000000004,
      2.5749440000000003,
      2.2530759999999996,
      40.072565999999995,
      2.735878,
      11.748182,
      2.2530759999999996,
      19.794882,
      0.80467,
      0.32186800000000004,
      0.32186800000000004,
      11.909116000000001,
      2.092142,
      21.243288,
      9.012303999999999,
      3.057746,
      9.495106,
      10.782578,
      1.448406,
      17.219938,
      2.092142,
      4.82802,
      14.001257999999998,
      2.092142,
      0.6437360000000001,
      24.622902
    ],
    [
      21.887024,
      15.932466,
      20.760486,
      21.082354,
      20.11675,
      20.599552000000003,
      20.92142,
      0.0,
      14.48406,
      20.277684,
      19.473014,
      20.92142,
      14.162192000000001,
      19.473014,
      19.794882,
      19.151146,
      16.576202000000002,
      13.357522000000001,
      19.794882,
      12.391918,
      37.497622,
      13.518456,
      22.53076,
      26.393175999999997,
      21.082354,
      47.47553,
      19.31208,
      13.67939,
      22.047957999999998,
      26.875978,
      20.760486,
      19.794882,
      19.794882,
      20.277684,
      19.794882,
      20.11675,
      34.922678,
      22.691694,
      31.864932,
      19.151146,
      35.083612,
      20.11675,
      19.633948,
      20.438617999999998,
      31.543064,
      25.266638,
      3.379614,
      12.391918,
      22.208892000000002,
      29.129054000000004,
      17.219938,
      20.92142,
      18.668343999999998,
      20.277684,
      22.208892000000002,
      13.840323999999999,
      20.438617999999998,
      20.277684,
      18.668343999999998
    ],
    [
      6.9201619999999995,
      9.173238,
      8.207633999999999,
      8.368568,
      7.724831999999999,
      7.885766,
      8.207633999999999,
      14.48406,
      0.0,
      7.402963999999999,
      7.563898,
      8.85137,
      9.334171999999999,
      7.724831999999999,
      7.402963999999999,
      6.759228,
      4.02335,
      8.368568,
      8.368568,
      0.6437360000000001,
      30.57746,
      15.127796,
      8.368568,
      14.805927999999998,
      9.012303999999999,
      36.049215999999994,
      7.0810960000000005,
      8.85137,
      7.402963999999999,
      14.805927999999998,
      8.0467,
      7.402963999999999,
      7.402963999999999,
      7.402963999999999,
      8.207633999999999,
      7.563898,
      45.383388,
      8.0467,
      23.657297999999997,
      6.598293999999999,
      25.427572,
      7.563898,
      7.402963999999999,
      8.0467,
      20.11675,
      8.85137,
      12.713786,
      0.9656039999999999,
      8.690436,
      19.473014,
      12.391918,
      8.85137,
      18.829278,
      7.885766,
      10.299776000000001,
      15.771532,
      7.885766,
      8.207633999999999,
      29.129054000000004
    ],
    [
      1.9312079999999998,
      5.9545580000000005,
      2.092142,
      0.48280199999999995,
      2.092142,
      0.16093400000000002,
      2.092142,
      20.277684,
      7.402963999999999,
      0.0,
      3.379614,
      2.2530759999999996,
      8.0467,
      2.092142,
      0.9656039999999999,
      1.2874720000000002,
      4.506151999999999,
      7.885766,
      0.6437360000000001,
      8.368568,
      24.301033999999998,
      12.87472,
      2.2530759999999996,
      7.24203,
      2.2530759999999996,
      28.324384000000002,
      1.7702740000000001,
      7.724831999999999,
      0.6437360000000001,
      6.598293999999999,
      2.092142,
      0.80467,
      0.80467,
      0.144,
      1.9312079999999998,
      1.60934,
      39.42883,
      1.9312079999999998,
      12.391918,
      1.448406,
      19.151146,
      0.9656039999999999,
      0.48280199999999995,
      0.16093400000000002,
      12.552852,
      2.735878,
      18.668343999999998,
      8.207633999999999,
      2.5749440000000003,
      13.196587999999998,
      10.138842,
      2.092142,
      16.737136,
      1.7702740000000001,
      6.276426,
      13.357522000000001,
      1.9312079999999998,
      0.6437360000000001,
      23.979166
    ],
    [
      4.82802,
      5.149888000000001,
      2.2530759999999996,
      3.5405480000000003,
      1.60934,
      3.5405480000000003,
      3.8624159999999996,
      19.473014,
      7.563898,
      3.379614,
      0.0,
      2.41401,
      7.0810960000000005,
      1.448406,
      2.5749440000000003,
      2.41401,
      6.759228,
      6.9201619999999995,
      3.21868,
      8.85137,
      21.565156,
      10.782578,
      2.092142,
      7.724831999999999,
      2.5749440000000003,
      28.807185999999998,
      1.7702740000000001,
      7.24203,
      4.9889540000000006,
      8.0467,
      2.092142,
      2.5749440000000003,
      2.5749440000000003,
      3.21868,
      1.448406,
      1.448406,
      36.692952,
      5.63269,
      16.415267999999998,
      2.2530759999999996,
      16.415267999999998,
      2.41401,
      2.735878,
      3.5405480000000003,
      12.87472,
      2.896812,
      17.70274,
      8.690436,
      2.5749440000000003,
      10.46071,
      9.173238,
      3.379614,
      12.230984,
      1.9312079999999998,
      3.8624159999999996,
      11.426314,
      1.9312079999999998,
      3.21868,
      33.635206
    ],
    [
      2.41401,
      5.63269,
      0.32186800000000004,
      0.9656039999999999,
      0.80467,
      1.1265379999999998,
      1.60934,
      20.92142,
      8.85137,
      2.2530759999999996,
      2.41401,
      0.0,
      8.207633999999999,
      1.2874720000000002,
      0.80467,
      1.60934,
      5.793624,
      8.0467,
      0.80467,
      9.012303999999999,
      23.174496,
      11.909116000000001,
      0.80467,
      5.63269,
      0.48280199999999995,
      27.197846,
      1.448406,
      8.529501999999999,
      2.896812,
      4.82802,
      0.32186800000000004,
      0.9656039999999999,
      0.80467,
      1.7702740000000001,
      1.1265379999999998,
      0.6437360000000001,
      38.302292,
      3.5405480000000003,
      12.391918,
      1.448406,
      18.024607999999997,
      0.48280199999999995,
      1.1265379999999998,
      1.448406,
      11.426314,
      1.2874720000000002,
      18.829278,
      8.85137,
      1.60934,
      8.207633999999999,
      10.299776000000001,
      1.2874720000000002,
      14.001257999999998,
      0.32186800000000004,
      3.379614,
      12.552852,
      0.48280199999999995,
      0.9656039999999999,
      34.761744
    ],
    [
      10.138842,
      3.7014819999999995,
      8.529501999999999,
      8.85137,
      7.885766,
      8.368568,
      8.690436,
      14.162192000000001,
      9.334171999999999,
      8.0467,
      7.0810960000000005,
      8.207633999999999,
      0.0,
      7.563898,
      7.885766,
      7.402963999999999,
      9.334171999999999,
      0.6437360000000001,
      8.0467,
      9.334171999999999,
      18.668343999999998,
      6.9201619999999995,
      10.621644,
      14.48406,
      9.173238,
      35.566414,
      7.563898,
      0.48280199999999995,
      10.138842,
      14.966862,
      8.85137,
      7.885766,
      7.885766,
      8.368568,
      7.885766,
      8.207633999999999,
      28.807185999999998,
      10.782578,
      23.174496,
      7.24203,
      23.174496,
      8.207633999999999,
      7.724831999999999,
      8.529501999999999,
      19.794882,
      13.357522000000001,
      12.552852,
      9.334171999999999,
      10.46071,
      17.219938,
      3.379614,
      9.012303999999999,
      10.621644,
      8.529501999999999,
      10.46071,
      7.563898,
      8.690436,
      8.368568,
      16.737136
    ],
    [
      3.7014819999999995,
      4.02335,
      1.448406,
      2.41401,
      0.6437360000000001,
      2.41401,
      2.735878,
      19.473014,
      7.724831999999999,
      2.092142,
      1.448406,
      1.2874720000000002,
      7.563898,
      0.0,
      1.2874720000000002,
      0.6437360000000001,
      5.310822,
      7.0810960000000005,
      1.7702740000000001,
      8.529501999999999,
      22.208892000000002,
      10.943512,
      1.7702740000000001,
      6.598293999999999,
      1.7702740000000001,
      29.450922000000002,
      0.32186800000000004,
      7.563898,
      3.7014819999999995,
      5.9545580000000005,
      1.60934,
      1.1265379999999998,
      1.2874720000000002,
      1.9312079999999998,
      0.32186800000000004,
      0.80467,
      27.036912,
      4.345218,
      12.87472,
      0.80467,
      17.059003999999998,
      0.9656039999999999,
      1.2874720000000002,
      2.092142,
      13.518456,
      2.2530759999999996,
      17.863674,
      8.207633999999999,
      2.092142,
      8.690436,
      9.334171999999999,
      2.092142,
      13.035654,
      1.2874720000000002,
      2.5749440000000003,
      11.587248,
      1.2874720000000002,
      1.9312079999999998,
      23.657297999999997
    ],
    [
      2.092142,
      5.471756,
      0.80467,
      0.48280199999999995,
      1.1265379999999998,
      0.80467,
      0.48280199999999995,
      19.794882,
      7.402963999999999,
      0.9656039999999999,
      2.5749440000000003,
      0.80467,
      7.885766,
      1.2874720000000002,
      0.0,
      0.6437360000000001,
      4.9889540000000006,
      7.402963999999999,
      0.16093400000000002,
      8.207633999999999,
      23.657297999999997,
      12.391918,
      1.2874720000000002,
      6.43736,
      1.2874720000000002,
      27.680647999999998,
      0.9656039999999999,
      7.24203,
      2.41401,
      5.793624,
      0.80467,
      0.16093400000000002,
      0.079,
      0.80467,
      1.2874720000000002,
      0.9656039999999999,
      38.946028,
      3.057746,
      11.587248,
      0.6437360000000001,
      18.50741,
      0.32186800000000004,
      0.32186800000000004,
      0.6437360000000001,
      11.748182,
      1.7702740000000001,
      18.185542,
      8.0467,
      1.9312079999999998,
      8.529501999999999,
      9.65604,
      1.2874720000000002,
      16.0934,
      0.80467,
      3.7014819999999995,
      12.87472,
      0.9656039999999999,
      0.6437360000000001,
      23.496364
    ],
    [
      2.896812,
      4.82802,
      1.7702740000000001,
      1.1265379999999998,
      0.9656039999999999,
      1.60934,
      1.9312079999999998,
      19.151146,
      6.759228,
      1.2874720000000002,
      2.41401,
      1.60934,
      7.402963999999999,
      0.6437360000000001,
      0.6437360000000001,
      0.0,
      4.82802,
      6.9201619999999995,
      0.80467,
      7.724831999999999,
      23.174496,
      11.748182,
      1.60934,
      9.334171999999999,
      1.7702740000000001,
      30.416525999999998,
      0.32186800000000004,
      6.598293999999999,
      3.057746,
      5.793624,
      1.60934,
      0.6437360000000001,
      0.6437360000000001,
      1.448406,
      1.1265379999999998,
      0.9656039999999999,
      38.302292,
      3.7014819999999995,
      12.230984,
      0.6437360000000001,
      18.024607999999997,
      0.9656039999999999,
      0.80467,
      1.60934,
      14.644993999999999,
      2.2530759999999996,
      17.70274,
      7.563898,
      2.092142,
      12.07005,
      9.173238,
      2.092142,
      15.610598,
      1.1265379999999998,
      5.149888000000001,
      12.391918,
      1.2874720000000002,
      1.448406,
      23.013562
    ],
    [
      3.5405480000000003,
      9.173238,
      5.63269,
      4.82802,
      5.471756,
      4.345218,
      4.82802,
      16.576202000000002,
      4.02335,
      4.506151999999999,
      6.759228,
      5.793624,
      9.334171999999999,
      5.310822,
      4.9889540000000006,
      4.82802,
      0.0,
      8.368568,
      4.9889540000000006,
      4.9889540000000006,
      27.35878,
      15.127796,
      6.115492,
      10.46071,
      5.471756,
      31.703998,
      5.63269,
      8.85137,
      3.8624159999999996,
      9.495106,
      5.793624,
      4.82802,
      4.82802,
      4.506151999999999,
      5.9545580000000005,
      5.471756,
      42.64751,
      4.506151999999999,
      15.610598,
      4.82802,
      22.208892000000002,
      5.310822,
      4.506151999999999,
      4.506151999999999,
      15.771532,
      5.9545580000000005,
      16.415267999999998,
      4.82802,
      6.43736,
      16.254334,
      12.230984,
      5.310822,
      18.829278,
      5.63269,
      9.495106,
      15.771532,
      5.793624,
      4.667085999999999,
      32.830535999999995
    ],
    [
      9.334171999999999,
      3.5405480000000003,
      8.368568,
      10.621644,
      7.724831999999999,
      10.299776000000001,
      7.885766,
      13.357522000000001,
      8.368568,
      7.885766,
      6.9201619999999995,
      8.0467,
      0.6437360000000001,
      7.0810960000000005,
      7.402963999999999,
      6.9201619999999995,
      8.368568,
      0.0,
      7.724831999999999,
      8.368568,
      18.346476,
      7.402963999999999,
      10.299776000000001,
      14.162192000000001,
      9.012303999999999,
      35.40548,
      7.24203,
      0.6437360000000001,
      9.816974,
      14.644993999999999,
      8.690436,
      7.563898,
      7.563898,
      8.0467,
      7.724831999999999,
      7.885766,
      28.485318,
      10.46071,
      23.013562,
      6.9201619999999995,
      23.013562,
      8.0467,
      7.563898,
      8.368568,
      19.473014,
      13.196587999999998,
      11.748182,
      8.368568,
      10.138842,
      17.059003999999998,
      4.184284,
      8.85137,
      11.104446000000001,
      8.207633999999999,
      10.138842,
      8.0467,
      8.368568,
      8.0467,
      17.219938
    ],
    [
      1.9312079999999998,
      5.63269,
      0.9656039999999999,
      0.32186800000000004,
      1.60934,
      0.6437360000000001,
      0.32186800000000004,
      19.794882,
      8.368568,
      0.6437360000000001,
      3.21868,
      0.80467,
      8.0467,
      1.7702740000000001,
      0.16093400000000002,
      0.80467,
      4.9889540000000006,
      7.724831999999999,
      0.0,
      8.207633999999999,
      23.818232000000002,
      12.391918,
      1.448406,
      6.43736,
      1.448406,
      27.680647999999998,
      1.2874720000000002,
      7.885766,
      2.41401,
      5.63269,
      0.9656039999999999,
      0.16093400000000002,
      0.32186800000000004,
      0.6437360000000001,
      1.448406,
      1.1265379999999998,
      38.946028,
      3.057746,
      11.587248,
      0.80467,
      18.668343999999998,
      0.48280199999999995,
      0.32186800000000004,
      0.6437360000000001,
      11.748182,
      1.9312079999999998,
      18.185542,
      8.0467,
      2.092142,
      8.690436,
      9.65604,
      1.2874720000000002,
      16.0934,
      0.9656039999999999,
      3.8624159999999996,
      12.87472,
      1.1265379999999998,
      0.6437360000000001,
      23.496364
    ],
    [
      7.885766,
      9.012303999999999,
      9.173238,
      9.173238,
      8.690436,
      8.85137,
      9.173238,
      12.391918,
      0.6437360000000001,
      8.368568,
      8.85137,
      9.012303999999999,
      9.334171999999999,
      8.529501999999999,
      8.207633999999999,
      7.724831999999999,
      4.9889540000000006,
      8.368568,
      8.207633999999999,
      0.0,
      31.221196,
      14.966862,
      9.012303999999999,
      15.449663999999999,
      9.65604,
      36.692952,
      7.724831999999999,
      8.85137,
      8.0467,
      15.449663999999999,
      8.85137,
      8.0467,
      8.0467,
      8.0467,
      8.85137,
      8.207633999999999,
      36.692952,
      8.690436,
      24.301033999999998,
      7.402963999999999,
      26.071308,
      8.207633999999999,
      8.0467,
      8.690436,
      20.760486,
      10.138842,
      13.357522000000001,
      1.1265379999999998,
      9.334171999999999,
      20.11675,
      12.391918,
      9.495106,
      18.50741,
      8.529501999999999,
      10.943512,
      15.449663999999999,
      8.529501999999999,
      8.85137,
      29.77279
    ],
    [
      25.74944,
      17.219938,
      23.013562,
      26.875978,
      22.369826,
      24.461968,
      24.783836,
      37.497622,
      30.57746,
      24.301033999999998,
      21.565156,
      23.174496,
      18.668343999999998,
      22.208892000000002,
      23.657297999999997,
      23.174496,
      27.35878,
      18.346476,
      23.818232000000002,
      31.221196,
      0.0,
      16.576202000000002,
      22.53076,
      26.232242,
      24.1401,
      27.680647999999998,
      23.174496,
      18.829278,
      25.910374,
      26.715044000000002,
      23.013562,
      23.657297999999997,
      23.657297999999997,
      23.979166,
      22.208892000000002,
      22.208892000000002,
      22.852628,
      26.393175999999997,
      34.278942,
      22.852628,
      11.26538,
      23.013562,
      23.496364,
      24.301033999999998,
      25.910374,
      25.105704,
      29.77279,
      26.55411,
      22.208892000000002,
      13.840323999999999,
      17.059003999999998,
      26.071308,
      13.840323999999999,
      22.852628,
      20.11675,
      17.541806,
      22.852628,
      24.1401,
      26.875978
    ],
    [
      17.059003999999998,
      7.24203,
      12.87472,
      13.518456,
      11.587248,
      13.196587999999998,
      13.518456,
      13.518456,
      15.127796,
      12.87472,
      10.782578,
      11.909116000000001,
      6.9201619999999995,
      10.943512,
      12.391918,
      11.748182,
      15.127796,
      7.402963999999999,
      12.391918,
      14.966862,
      16.576202000000002,
      0.0,
      17.70274,
      21.565156,
      16.254334,
      36.692952,
      14.644993999999999,
      8.690436,
      17.541806,
      22.047957999999998,
      16.0934,
      14.966862,
      14.966862,
      15.449663999999999,
      15.127796,
      15.28873,
      24.461968,
      18.185542,
      30.416525999999998,
      14.323126,
      23.496364,
      11.909116000000001,
      14.966862,
      15.771532,
      26.875978,
      20.599552000000003,
      13.357522000000001,
      14.805927999999998,
      17.541806,
      24.461968,
      4.9889540000000006,
      16.254334,
      5.149888000000001,
      15.610598,
      17.541806,
      0.6437360000000001,
      15.771532,
      15.449663999999999,
      13.67939
    ],
    [
      3.379614,
      8.207633999999999,
      0.48280199999999995,
      2.092142,
      0.80467,
      2.2530759999999996,
      2.5749440000000003,
      22.53076,
      8.368568,
      2.2530759999999996,
      2.092142,
      0.80467,
      10.621644,
      1.7702740000000001,
      1.2874720000000002,
      1.60934,
      6.115492,
      10.299776000000001,
      1.448406,
      9.012303999999999,
      22.53076,
      17.70274,
      0.0,
      5.310822,
      0.80467,
      26.393175999999997,
      2.2530759999999996,
      10.943512,
      3.5405480000000003,
      4.82802,
      0.48280199999999995,
      1.7702740000000001,
      1.7702740000000001,
      2.5749440000000003,
      1.7702740000000001,
      0.6437360000000001,
      31.221196,
      4.02335,
      12.713786,
      2.2530759999999996,
      12.391918,
      1.1265379999999998,
      2.092142,
      1.9312079999999998,
      10.46071,
      1.2874720000000002,
      21.243288,
      9.65604,
      0.80467,
      7.563898,
      12.713786,
      1.9312079999999998,
      13.840323999999999,
      0.48280199999999995,
      2.735878,
      13.840323999999999,
      0.32186800000000004,
      1.7702740000000001,
      37.175754000000005
    ],
    [
      7.563898,
      12.07005,
      5.310822,
      6.276426,
      5.793624,
      6.276426,
      6.598293999999999,
      26.393175999999997,
      14.805927999999998,
      7.24203,
      7.724831999999999,
      5.63269,
      14.48406,
      6.598293999999999,
      6.43736,
      9.334171999999999,
      10.46071,
      14.162192000000001,
      6.43736,
      15.449663999999999,
      26.232242,
      21.565156,
      5.310822,
      0.0,
      4.9889540000000006,
      22.852628,
      10.138842,
      14.966862,
      8.690436,
      0.80467,
      6.43736,
      6.9201619999999995,
      6.9201619999999995,
      7.724831999999999,
      9.173238,
      9.173238,
      41.84284,
      9.334171999999999,
      10.138842,
      9.977908000000001,
      20.277684,
      7.402963999999999,
      7.24203,
      7.0810960000000005,
      5.9545580000000005,
      4.506151999999999,
      25.266638,
      16.0934,
      5.9545580000000005,
      10.621644,
      16.89807,
      6.115492,
      18.990212,
      6.598293999999999,
      8.207633999999999,
      20.11675,
      6.276426,
      6.9201619999999995,
      41.199104000000005
    ],
    [
      2.5749440000000003,
      5.793624,
      0.48280199999999995,
      1.2874720000000002,
      1.1265379999999998,
      1.2874720000000002,
      1.60934,
      21.082354,
      9.012303999999999,
      2.2530759999999996,
      2.5749440000000003,
      0.48280199999999995,
      9.173238,
      1.7702740000000001,
      1.2874720000000002,
      1.7702740000000001,
      5.471756,
      9.012303999999999,
      1.448406,
      9.65604,
      24.1401,
      16.254334,
      0.80467,
      4.9889540000000006,
      0.0,
      26.393175999999997,
      1.9312079999999998,
      9.012303999999999,
      3.21868,
      4.02335,
      0.6437360000000001,
      1.448406,
      1.448406,
      2.2530759999999996,
      1.60934,
      0.9656039999999999,
      28.485318,
      3.8624159999999996,
      11.26538,
      1.9312079999999998,
      12.87472,
      0.9656039999999999,
      1.7702740000000001,
      1.60934,
      10.46071,
      0.48280199999999995,
      19.473014,
      9.977908000000001,
      1.7702740000000001,
      8.207633999999999,
      10.943512,
      0.80467,
      14.644993999999999,
      0.6437360000000001,
      3.5405480000000003,
      13.035654,
      0.6437360000000001,
      1.448406,
      35.40548
    ],
    [
      28.646252,
      33.152404000000004,
      27.036912,
      27.35878,
      29.611855999999996,
      27.35878,
      27.680647999999998,
      47.47553,
      36.049215999999994,
      28.324384000000002,
      28.807185999999998,
      27.197846,
      35.566414,
      29.450922000000002,
      27.680647999999998,
      30.416525999999998,
      31.703998,
      35.40548,
      27.680647999999998,
      36.692952,
      27.680647999999998,
      36.692952,
      26.393175999999997,
      22.852628,
      26.393175999999997,
      0.0,
      35.727348,
      40.394434000000004,
      34.118007999999996,
      24.1401,
      31.864932,
      32.508668,
      32.508668,
      33.313338,
      34.60081,
      34.60081,
      46.67086,
      34.761744,
      31.703998,
      35.40548,
      17.541806,
      32.830535999999995,
      32.669602,
      32.508668,
      23.33543,
      30.57746,
      50.855144,
      41.681906,
      31.38213,
      23.013562,
      42.325642,
      31.543064,
      37.81949,
      32.025866,
      25.74944,
      41.520972,
      31.703998,
      32.347734,
      50.69421
    ],
    [
      3.21868,
      4.345218,
      1.60934,
      2.41401,
      1.1265379999999998,
      2.092142,
      2.41401,
      19.31208,
      7.0810960000000005,
      1.7702740000000001,
      1.7702740000000001,
      1.448406,
      7.563898,
      0.32186800000000004,
      0.9656039999999999,
      0.32186800000000004,
      5.63269,
      7.24203,
      1.2874720000000002,
      7.724831999999999,
      23.174496,
      14.644993999999999,
      2.2530759999999996,
      10.138842,
      1.9312079999999998,
      35.727348,
      0.0,
      7.402963999999999,
      3.5405480000000003,
      6.115492,
      1.7702740000000001,
      1.1265379999999998,
      0.9656039999999999,
      1.7702740000000001,
      0.6437360000000001,
      1.1265379999999998,
      27.519714,
      4.184284,
      12.713786,
      0.6437360000000001,
      18.185542,
      0.9656039999999999,
      1.1265379999999998,
      1.9312079999999998,
      14.805927999999998,
      2.41401,
      17.863674,
      8.529501999999999,
      2.2530759999999996,
      12.230984,
      9.334171999999999,
      2.41401,
      13.518456,
      1.448406,
      3.21868,
      14.48406,
      1.60934,
      1.7702740000000001,
      33.79614
    ],
    [
      9.65604,
      3.8624159999999996,
      8.690436,
      9.012303999999999,
      8.0467,
      8.690436,
      9.012303999999999,
      13.67939,
      8.85137,
      7.724831999999999,
      7.24203,
      8.529501999999999,
      0.48280199999999995,
      7.563898,
      7.24203,
      6.598293999999999,
      8.85137,
      0.6437360000000001,
      7.885766,
      8.85137,
      18.829278,
      8.690436,
      10.943512,
      14.966862,
      9.012303999999999,
      40.394434000000004,
      7.402963999999999,
      0.0,
      9.173238,
      15.610598,
      9.495106,
      8.207633999999999,
      8.207633999999999,
      7.563898,
      8.529501999999999,
      8.85137,
      29.77279,
      9.816974,
      18.990212,
      6.9201619999999995,
      23.818232000000002,
      7.724831999999999,
      7.24203,
      8.207633999999999,
      20.438617999999998,
      14.001257999999998,
      15.127796,
      7.885766,
      10.943512,
      17.863674,
      7.724831999999999,
      8.690436,
      15.28873,
      9.173238,
      11.104446000000001,
      12.391918,
      9.334171999999999,
      8.0467,
      21.565156
    ],
    [
      1.60934,
      7.724831999999999,
      2.896812,
      0.9656039999999999,
      3.8624159999999996,
      0.6437360000000001,
      0.9656039999999999,
      22.047957999999998,
      7.402963999999999,
      0.6437360000000001,
      4.9889540000000006,
      2.896812,
      10.138842,
      3.7014819999999995,
      2.41401,
      3.057746,
      3.8624159999999996,
      9.816974,
      2.41401,
      8.0467,
      25.910374,
      17.541806,
      3.5405480000000003,
      8.690436,
      3.21868,
      34.118007999999996,
      3.5405480000000003,
      9.173238,
      0.0,
      7.0810960000000005,
      3.21868,
      2.5749440000000003,
      2.5749440000000003,
      0.6437360000000001,
      3.8624159999999996,
      3.5405480000000003,
      31.060262,
      1.60934,
      13.035654,
      3.5405480000000003,
      15.449663999999999,
      2.896812,
      1.1265379999999998,
      0.6437360000000001,
      13.196587999999998,
      3.379614,
      20.438617999999998,
      8.207633999999999,
      4.345218,
      10.782578,
      13.67939,
      2.735878,
      18.668343999999998,
      3.379614,
      6.115492,
      18.024607999999997,
      3.5405480000000003,
      1.1265379999999998,
      26.393175999999997
    ],
    [
      6.9201619999999995,
      12.552852,
      4.667085999999999,
      5.63269,
      4.9889540000000006,
      5.63269,
      5.9545580000000005,
      26.875978,
      14.805927999999998,
      6.598293999999999,
      8.0467,
      4.82802,
      14.966862,
      5.9545580000000005,
      5.793624,
      5.793624,
      9.495106,
      14.644993999999999,
      5.63269,
      15.449663999999999,
      26.715044000000002,
      22.047957999999998,
      4.82802,
      0.80467,
      4.02335,
      24.1401,
      6.115492,
      15.610598,
      7.0810960000000005,
      0.0,
      4.667085999999999,
      5.63269,
      5.63269,
      6.43736,
      5.63269,
      5.149888000000001,
      42.164708,
      8.0467,
      9.495106,
      10.299776000000001,
      20.599552000000003,
      6.115492,
      5.9545580000000005,
      5.793624,
      7.24203,
      3.7014819999999995,
      25.74944,
      16.576202000000002,
      6.276426,
      11.104446000000001,
      17.219938,
      4.82802,
      19.473014,
      4.82802,
      8.529501999999999,
      20.438617999999998,
      4.667085999999999,
      5.63269,
      41.681906
    ],
    [
      2.735878,
      6.43736,
      0.16093400000000002,
      1.448406,
      0.48280199999999995,
      1.60934,
      1.9312079999999998,
      20.760486,
      8.0467,
      2.092142,
      2.092142,
      0.32186800000000004,
      8.85137,
      1.60934,
      0.80467,
      1.60934,
      5.793624,
      8.690436,
      0.9656039999999999,
      8.85137,
      23.013562,
      16.0934,
      0.48280199999999995,
      6.43736,
      0.6437360000000001,
      31.864932,
      1.7702740000000001,
      9.495106,
      3.21868,
      4.667085999999999,
      0.0,
      0.9656039999999999,
      0.80467,
      2.41401,
      0.80467,
      0.32186800000000004,
      28.002515999999996,
      3.7014819999999995,
      12.230984,
      1.2874720000000002,
      17.70274,
      0.6437360000000001,
      1.2874720000000002,
      1.60934,
      11.26538,
      1.1265379999999998,
      18.829278,
      8.85137,
      1.2874720000000002,
      7.885766,
      10.299776000000001,
      1.448406,
      14.001257999999998,
      0.266,
      3.057746,
      12.552852,
      0.16093400000000002,
      1.2874720000000002,
      34.761744
    ],
    [
      2.2530759999999996,
      5.149888000000001,
      0.9656039999999999,
      0.6437360000000001,
      0.9656039999999999,
      0.80467,
      0.48280199999999995,
      19.794882,
      7.402963999999999,
      0.80467,
      2.5749440000000003,
      0.9656039999999999,
      7.885766,
      1.1265379999999998,
      0.16093400000000002,
      0.6437360000000001,
      4.82802,
      7.563898,
      0.16093400000000002,
      8.0467,
      23.657297999999997,
      14.966862,
      1.7702740000000001,
      6.9201619999999995,
      1.448406,
      32.508668,
      1.1265379999999998,
      8.207633999999999,
      2.5749440000000003,
      5.63269,
      0.9656039999999999,
      0.0,
      0.16093400000000002,
      0.80467,
      1.2874720000000002,
      0.9656039999999999,
      38.946028,
      3.057746,
      11.587248,
      0.9656039999999999,
      18.668343999999998,
      0.48280199999999995,
      0.32186800000000004,
      0.80467,
      11.748182,
      1.7702740000000001,
      18.185542,
      8.0467,
      1.9312079999999998,
      8.529501999999999,
      9.65604,
      1.448406,
      16.254334,
      0.9656039999999999,
      3.7014819999999995,
      12.87472,
      0.9656039999999999,
      0.80467,
      23.496364
    ],
    [
      2.2530759999999996,
      5.149888000000001,
      0.80467,
      0.48280199999999995,
      1.1265379999999998,
      0.80467,
      0.48280199999999995,
      19.794882,
      7.402963999999999,
      0.80467,
      2.5749440000000003,
      0.80467,
      7.885766,
      1.2874720000000002,
      0.079,
      0.6437360000000001,
      4.82802,
      7.563898,
      0.32186800000000004,
      8.0467,
      23.657297999999997,
      14.966862,
      1.7702740000000001,
      6.9201619999999995,
      1.448406,
      32.508668,
      0.9656039999999999,
      8.207633999999999,
      2.5749440000000003,
      5.63269,
      0.80467,
      0.16093400000000002,
      0.0,
      0.80467,
      1.2874720000000002,
      0.9656039999999999,
      38.946028,
      3.057746,
      11.587248,
      0.6437360000000001,
      18.668343999999998,
      0.32186800000000004,
      0.32186800000000004,
      0.6437360000000001,
      11.748182,
      1.7702740000000001,
      18.185542,
      8.0467,
      1.9312079999999998,
      8.529501999999999,
      9.65604,
      1.2874720000000002,
      16.0934,
      0.80467,
      3.7014819999999995,
      12.87472,
      0.80467,
      0.6437360000000001,
      23.496364
    ],
    [
      1.9312079999999998,
      5.9545580000000005,
      2.092142,
      0.48280199999999995,
      2.092142,
      0.32186800000000004,
      0.32186800000000004,
      20.277684,
      7.402963999999999,
      0.144,
      3.21868,
      1.7702740000000001,
      8.368568,
      1.9312079999999998,
      0.80467,
      1.448406,
