{
  "drive_dist_matrix": [
    [
      0.0,
      2.3,
      1.5,
      3.7,
      3.4,
      8.9,
      12.6,
      10.2,
      1.1,
      8.6,
      9.5,
      9.0,
      8.5,
      8.4,
      4.2,
      8.8,
      20.0,
      9.5,
      7.4,
      57.6,
      11.0,
      35.5,
      92.4,
      84.3,
      24.9
    ],
    [
      2.3,
      0.0,
      1.4,
      3.7,
      4.3,
      6.2,
      9.9,
      7.5,
      1.7,
      10.7,
      6.9,
      7.4,
      5.2,
      5.1,
      3.7,
      5.5,
      20.8,
      6.8,
      4.1,
      58.5,
      11.9,
      36.3,
      93.5,
      91.4,
      25.8
    ],
    [
      1.5,
      1.4,
      0.0,
      5.0,
      4.8,
      8.1,
      12.1,
      9.5,
      0.5,
      10.0,
      8.8,
      9.4,
      7.7,
      7.7,
      5.6,
      8.1,
      18.3,
      8.7,
      6.6,
      58.9,
      12.4,
      26.4,
      93.8,
      88.9,
      26.3
    ],
    [
      3.7,
      3.7,
      5.0,
      0.0,
      0.3,
      6.1,
      8.6,
      6.0,
      3.8,
      7.8,
      6.8,
      5.9,
      5.7,
      5.7,
      0.5,
      4.3,
      21.9,
      6.7,
      4.6,
      55.5,
      8.9,
      30.0,
      91.1,
      84.4,
      23.6
    ],
    [
      3.4,
      4.3,
      4.8,
      0.3,
      0.0,
      4.4,
      8.3,
      5.7,
      4.8,
      7.9,
      6.5,
      5.6,
      3.7,
      3.6,
      0.55,
      4.0,
      23.2,
      6.4,
      2.6,
      56.8,
      10.2,
      31.4,
      91.7,
      85.6,
      24.2
    ],
    [
      8.9,
      6.2,
      8.1,
      6.1,
      4.4,
      0.0,
      3.9,
      1.2,
      11.0,
      12.7,
      1.1,
      1.4,
      0.65,
      0.6,
      4.4,
      1.9,
      22.8,
      1.2,
      2.1,
      58.6,
      12.0,
      38.2,
      93.5,
      93.4,
      26.0
    ],
    [
      12.6,
      9.9,
      12.1,
      8.6,
      8.3,
      3.9,
      0.0,
      4.1,
      14.3,
      10.2,
      3.8,
      4.0,
      3.8,
      3.6,
      7.0,
      4.9,
      26.0,
      3.7,
      5.0,
      58.3,
      11.7,
      34.1,
      93.3,
      93.0,
      24.7
    ],
    [
      10.2,
      7.5,
      9.5,
      6.0,
      5.7,
      1.2,
      4.1,
      0.0,
      12.3,
      10.2,
      0.12,
      0.28,
      0.75,
      0.7,
      3.5,
      1.2,
      24.1,
      0.12,
      3.0,
      58.3,
      11.7,
      32.1,
      93.3,
      93.1,
      24.7
    ],
    [
      1.1,
      1.7,
      0.5,
      3.8,
      4.8,
      11.0,
      14.3,
      12.3,
      0.0,
      9.4,
      9.2,
      9.7,
      8.1,
      8.1,
      5.1,
      8.4,
      18.7,
      9.1,
      7.0,
      58.3,
      11.9,
      26.7,
      93.2,
      85.6,
      25.7
    ],
    [
      8.6,
      10.7,
      10.0,
      7.8,
      7.9,
      12.7,
      10.2,
      10.2,
      9.4,
      0.0,
      12.2,
      11.5,
      11.1,
      11.1,
      7.6,
      10.7,
      28.1,
      11.9,
      9.8,
      54.5,
      7.9,
      36.1,
      89.5,
      86.7,
      20.8
    ],
    [
      9.5,
      6.9,
      8.8,
      6.8,
      6.5,
      1.1,
      3.8,
      0.12,
      9.2,
      12.2,
      0.0,
      0.21,
      0.85,
      0.7,
      4.2,
      1.7,
      21.8,
      0.065,
      2.0,
      60.4,
      13.8,
      31.0,
      95.3,
      94.1,
      27.8
    ],
    [
      9.0,
      7.4,
      9.4,
      5.9,
      5.6,
      1.4,
      4.0,
      0.28,
      9.7,
      11.5,
      0.21,
      0.0,
      0.65,
      0.55,
      5.7,
      1.4,
      23.9,
      0.28,
      2.9,
      58.2,
      11.6,
      32.0,
      93.2,
      92.9,
      24.6
    ],
    [
      8.5,
      5.2,
      7.7,
      5.7,
      3.7,
      0.65,
      3.8,
      0.75,
      8.1,
      11.1,
      0.85,
      0.65,
      0.0,
      0.14,
      6.5,
      2.0,
      23.2,
      0.65,
      2.2,
      58.7,
      12.1,
      31.2,
      93.7,
      93.8,
      25.1
    ],
    [
      8.4,
      5.1,
      7.7,
      5.7,
      3.6,
      0.6,
      3.6,
      0.7,
      8.1,
      11.1,
      0.7,
      0.55,
      0.14,
      0.0,
      3.6,
      1.3,
      23.2,
      0.6,
      1.4,
      58.7,
      12.1,
      31.2,
      93.7,
      93.8,
      25.1
    ],
    [
      4.2,
      3.7,
      5.6,
      0.5,
      0.55,
      4.4,
      7.0,
      3.5,
      5.1,
      7.6,
      4.2,
      5.7,
      6.5,
      3.6,
      0.0,
      3.0,
      22.5,
      7.3,
      2.0,
      56.2,
      9.6,
      30.6,
      91.1,
      85.0,
      22.6
    ],
    [
      8.8,
      5.5,
      8.1,
      4.3,
      4.0,
      1.9,
      4.9,
      1.2,
      8.4,
      10.7,
      1.7,
      1.4,
      2.0,
      1.3,
      3.0,
      0.0,
      21.5,
      1.2,
      0.55,
      59.9,
      13.3,
      29.6,
      94.8,
      92.1,
      26.3
    ],
    [
      20.0,
      20.8,
      18.3,
      21.9,
      23.2,
      22.8,
      26.0,
      24.1,
      18.7,
      28.1,
      21.8,
      23.9,
      23.2,
      23.2,
      22.5,
      21.5,
      0.0,
      21.4,
      19.4,
      76.4,
      32.6,
      14.6,
      111.0,
      95.5,
      42.7
    ],
    [
      9.5,
      6.8,
      8.7,
      6.7,
      6.4,
      1.2,
      3.7,
      0.12,
      9.1,
      11.9,
      0.065,
      0.28,
      0.65,
      0.6,
      7.3,
      1.2,
      21.4,
      0.0,
      2.0,
      60.4,
      13.8,
      30.9,
      95.2,
      93.5,
      26.7
    ],
    [
      7.4,
      4.1,
      6.6,
      4.6,
      2.6,
      2.1,
      5.0,
      3.0,
      7.0,
      9.8,
      2.0,
      2.9,
      2.2,
      1.4,
      2.0,
      0.55,
      19.4,
      2.0,
      0.0,
      59.6,
      13.0,
      28.9,
      94.5,
      91.5,
      26.0
    ],
    [
      57.6,
      58.5,
      58.9,
      55.5,
      56.8,
      58.6,
      58.3,
      58.3,
      58.3,
      54.5,
      60.4,
      58.2,
      58.7,
      58.7,
      56.2,
      59.9,
      76.4,
      60.4,
      59.6,
      0.0,
      58.4,
      115.0,
      37.8,
      69.7,
      52.3
    ],
    [
      11.0,
      11.9,
      12.4,
      8.9,
      10.2,
      12.0,
      11.7,
      11.7,
      11.9,
      7.9,
      13.8,
      11.6,
      12.1,
      12.1,
      9.6,
      13.3,
      32.6,
      13.8,
      13.0,
      58.4,
      0.0,
      39.9,
      84.5,
      77.6,
      15.9
    ],
    [
      35.5,
      36.3,
      26.4,
      30.0,
      31.4,
      38.2,
      34.1,
      32.1,
      26.7,
      36.1,
      31.0,
      32.0,
      31.2,
      31.2,
      30.6,
      29.6,
      14.6,
      30.9,
      28.9,
      115.0,
      39.9,
      0.0,
      123.0,
      105.0,
      54.8
    ],
    [
      92.4,
      93.5,
      93.8,
      91.1,
      91.7,
      93.5,
      93.3,
      93.3,
      93.2,
      89.5,
      95.3,
      93.2,
      93.7,
      93.7,
      91.1,
      94.8,
      111.0,
      95.2,
      94.5,
      37.8,
      84.5,
      123.0,
      0.0,
      101.0,
      78.0
    ],
    [
      84.3,
      91.4,
      88.9,
      84.4,
      85.6,
      93.4,
      93.0,
      93.1,
      85.6,
      86.7,
      94.1,
      92.9,
      93.8,
      93.8,
      85.0,
      92.1,
      95.5,
      93.5,
      91.5,
      69.7,
      77.6,
      105.0,
      101.0,
      0.0,
      91.6
    ],
    [
      24.9,
      25.8,
      26.3,
      23.6,
      24.2,
      26.0,
      24.7,
      24.7,
      25.7,
      20.8,
      27.8,
      24.6,
      25.1,
      25.1,
      22.6,
      26.3,
      42.7,
      26.7,
      26.0,
      52.3,
      15.9,
      54.8,
      78.0,
      91.6,
      0.0
    ]
  ],
  "drive_time_matrix": [
    [
      0.0,
      29.0,
      18.0,
      10.0,
      10.0,
      18.0,
      32.0,
      25.0,
      13.0,
      25.0,
      21.0,
      25.0,
      20.0,
      20.0,
      13.0,
      22.0,
      34.0,
      22.0,
      18.0,
      55.0,
      26.0,
      62.0,
      85.0,
      101.0,
      41.0
    ],
    [
      29.0,
      0.0,
      18.0,
      10.0,
      12.0,
      16.0,
      30.0,
      23.0,
      23.0,
      30.0,
      19.0,
      23.0,
      16.0,
      16.0,
      11.0,
      18.0,
      36.0,
      19.0,
      14.0,
      59.0,
      28.0,
      65.0,
      88.0,
      100.0,
      45.0
    ],
    [
      18.0,
      18.0,
      0.0,
      13.0,
      13.0,
      18.0,
      33.0,
      26.0,
      7.0,
      28.0,
      22.0,
      25.0,
      20.0,
      20.0,
      16.0,
      22.0,
      38.0,
      22.0,
      18.0,
      59.0,
      29.0,
      67.0,
      89.0,
      101.0,
      45.0
    ],
    [
      10.0,
      10.0,
      13.0,
      0.0,
      4.0,
      12.0,
      24.0,
      17.0,
      13.0,
      21.0,
      15.0,
      16.0,
      14.0,
      14.0,
      6.0,
      13.0,
      35.0,
      15.0,
      12.0,
      52.0,
      20.0,
      66.0,
      80.0,
      98.0,
      35.0
    ],
    [
      10.0,
      12.0,
      13.0,
      4.0,
      0.0,
      19.0,
      24.0,
      16.0,
      18.0,
      25.0,
      21.0,
      15.0,
      17.0,
      17.0,
      7.0,
      13.0,
      40.0,
      21.0,
      15.0,
      55.0,
      25.0,
      72.0,
      85.0,
      105.0,
      40.0
    ],
    [
      18.0,
      16.0,
      18.0,
      12.0,
      19.0,
      0.0,
      16.0,
      19.0,
      23.0,
      40.0,
      17.0,
      8.0,
      10.0,
      9.0,
      19.0,
      9.0,
      40.0,
      18.0,
      9.0,
      58.0,
      27.0,
      71.0,
      88.0,
      106.0,
      44.0
    ],
    [
      32.0,
      30.0,
      33.0,
      24.0,
      24.0,
      16.0,
      0.0,
      18.0,
      33.0,
      31.0,
      15.0,
      17.0,
      14.0,
      13.0,
      24.0,
      19.0,
      51.0,
      15.0,
      20.0,
      54.0,
      24.0,
      82.0,
      85.0,
      104.0,
      42.0
    ],
    [
      25.0,
      23.0,
      26.0,
      17.0,
      16.0,
      19.0,
      18.0,
      0.0,
      28.0,
      33.0,
      2.0,
      1.0,
      10.0,
      8.0,
      19.0,
      6.0,
      47.0,
      2.0,
      15.0,
      56.0,
      26.0,
      78.0,
      87.0,
      105.0,
      44.0
    ],
    [
      13.0,
      23.0,
      7.0,
      13.0,
      18.0,
      23.0,
      33.0,
      28.0,
      0.0,
      29.0,
      23.0,
      25.0,
      21.0,
      21.0,
      15.0,
      24.0,
      36.0,
      23.0,
      20.0,
      60.0,
      30.0,
      68.0,
      90.0,
      100.0,
      46.0
    ],
    [
      25.0,
      30.0,
      28.0,
      21.0,
      25.0,
      40.0,
      31.0,
      33.0,
      29.0,
      0.0,
      29.0,
      29.0,
      27.0,
      27.0,
      19.0,
      29.0,
      44.0,
      27.0,
      24.0,
      49.0,
      18.0,
      76.0,
      80.0,
      95.0,
      34.0
    ],
    [
      21.0,
      19.0,
      22.0,
      15.0,
      21.0,
      17.0,
      15.0,
      2.0,
      23.0,
      29.0,
      0.0,
      3.0,
      11.0,
      9.0,
      22.0,
      10.0,
      52.0,
      1.0,
      11.0,
      67.0,
      36.0,
      80.0,
      98.0,
      115.0,
      52.0
    ],
    [
      25.0,
      23.0,
      25.0,
      16.0,
      15.0,
      8.0,
      17.0,
      1.0,
      25.0,
      29.0,
      3.0,
      0.0,
      10.0,
      8.0,
      18.0,
      7.0,
      44.0,
      4.0,
      11.0,
      56.0,
      26.0,
      75.0,
      86.0,
      106.0,
      42.0
    ],
    [
      20.0,
      16.0,
      20.0,
      14.0,
      17.0,
      10.0,
      14.0,
      10.0,
      21.0,
      27.0,
      11.0,
      10.0,
      0.0,
      2.0,
      19.0,
      9.0,
      39.0,
      11.0,
      8.0,
      58.0,
      27.0,
      71.0,
      88.0,
      104.0,
      44.0
    ],
    [
      20.0,
      16.0,
      20.0,
      14.0,
      17.0,
      9.0,
      13.0,
      8.0,
      21.0,
      27.0,
      9.0,
      8.0,
      2.0,
      0.0,
      18.0,
      6.0,
      40.0,
      9.0,
      4.0,
      58.0,
      27.0,
      71.0,
      88.0,
      104.0,
      43.0
    ],
    [
      13.0,
      11.0,
      16.0,
      6.0,
      7.0,
      19.0,
      24.0,
      19.0,
      15.0,
      19.0,
      22.0,
      18.0,
      19.0,
      18.0,
      0.0,
      16.0,
      39.0,
      16.0,
      12.0,
      56.0,
      26.0,
      70.0,
      87.0,
      102.0,
      42.0
    ],
    [
      22.0,
      18.0,
      22.0,
      13.0,
      13.0,
      9.0,
      19.0,
      6.0,
      24.0,
      29.0,
      10.0,
      7.0,
      9.0,
      6.0,
      16.0,
      0.0,
      44.0,
      15.0,
      7.0,
      62.0,
      30.0,
      73.0,
      92.0,
      107.0,
      47.0
    ],
    [
      34.0,
      36.0,
      38.0,
      35.0,
      40.0,
      40.0,
      51.0,
      47.0,
      36.0,
      44.0,
      52.0,
      44.0,
      39.0,
      40.0,
      39.0,
      44.0,
      0.0,
      32.0,
      29.0,
      81.0,
      53.0,
      36.0,
      111.0,
      107.0,
      65.0
    ],
    [
      22.0,
      19.0,
      22.0,
      15.0,
      21.0,
      18.0,
      15.0,
      2.0,
      23.0,
      27.0,
      1.0,
      4.0,
      11.0,
      9.0,
      16.0,
      15.0,
      32.0,
      0.0,
      10.0,
      68.0,
      35.0,
      78.0,
      97.0,
      111.0,
      53.0
    ],
    [
      18.0,
      14.0,
      18.0,
      12.0,
      15.0,
      9.0,
      20.0,
      15.0,
      20.0,
      24.0,
      11.0,
      11.0,
      8.0,
      4.0,
      12.0,
      7.0,
      29.0,
      10.0,
      0.0,
      58.0,
      27.0,
      68.0,
      89.0,
      101.0,
      44.0
    ],
    [
      55.0,
      59.0,
      59.0,
      52.0,
      55.0,
      58.0,
      54.0,
      56.0,
      60.0,
      49.0,
      67.0,
      56.0,
      58.0,
      58.0,
      56.0,
      62.0,
      81.0,
      68.0,
      58.0,
      0.0,
      46.0,
      111.0,
      37.0,
      91.0,
      47.0
    ],
    [
      26.0,
      28.0,
      29.0,
      20.0,
      25.0,
      27.0,
      24.0,
      26.0,
      30.0,
      18.0,
      36.0,
      26.0,
      27.0,
      27.0,
      26.0,
      30.0,
      53.0,
      35.0,
      27.0,
      46.0,
      0.0,
      75.0,
      71.0,
      81.0,
      26.0
    ],
    [
      62.0,
      65.0,
      67.0,
      66.0,
      72.0,
      71.0,
      82.0,
      78.0,
      68.0,
      76.0,
      80.0,
      75.0,
      71.0,
      71.0,
      70.0,
      73.0,
      36.0,
      78.0,
      68.0,
      111.0,
      75.0,
      0.0,
      143.0,
      137.0,
      98.0
    ],
    [
      85.0,
      88.0,
      89.0,
      80.0,
      85.0,
      88.0,
      85.0,
      87.0,
      90.0,
      80.0,
      98.0,
      86.0,
      88.0,
      88.0,
      87.0,
      92.0,
      111.0,
      97.0,
      89.0,
      37.0,
      71.0,
      143.0,
      0.0,
      118.0,
      72.0
    ],
    [
      101.0,
      100.0,
      101.0,
      98.0,
      105.0,
      106.0,
      104.0,
      105.0,
      100.0,
      95.0,
      115.0,
      106.0,
      104.0,
      104.0,
      102.0,
      107.0,
      107.0,
      111.0,
      101.0,
      91.0,
      81.0,
      137.0,
      118.0,
      0.0,
      99.0
    ],
    [
      41.0,
      45.0,
      45.0,
      35.0,
      40.0,
      44.0,
      42.0,
      44.0,
      46.0,
      34.0,
      52.0,
      42.0,
      44.0,
      43.0,
      42.0,
      47.0,
      65.0,
      53.0,
      44.0,
      47.0,
      26.0,
      98.0,
      72.0,
      99.0,
      0.0
    ]
  ],
  "transit_dist_walk_matrix": [
    [
      0.0,
      NaN,
      NaN,
      NaN,
      NaN,
      NaN,
      NaN,
      NaN,
      NaN,
      NaN,
      NaN,
      NaN,
      NaN,
      NaN,
      NaN,
      NaN,
      NaN,
      NaN,
      NaN,
      NaN,
      NaN,
      NaN,
      NaN,
      NaN,
      NaN
    ],
    [
      NaN,
      0.0,
      NaN,
      NaN,
      NaN,
      NaN,
      NaN,
      NaN,
      NaN,
      NaN,
      NaN,
      NaN,
      NaN,
      NaN,
      NaN,
      NaN,
      NaN,
      NaN,
      NaN,
      NaN,
      NaN,
      NaN,
      NaN,
      NaN,
      NaN
    ],
    [
      NaN,
      NaN,
      0.0,
      NaN,
      NaN,
      NaN,
      NaN,
      NaN,
      NaN,
      NaN,
      NaN,
      NaN,
      NaN,
      NaN,
      NaN,
      NaN,
      NaN,
      NaN,
      NaN,
      NaN,
      NaN,
      NaN,
      NaN,
      NaN,
      NaN
    ],
    [
      NaN,
      NaN,
      NaN,
      0.0,
      NaN,
      NaN,
      NaN,
      NaN,
      NaN,
      NaN,
      NaN,
      NaN,
      NaN,
      NaN,
      NaN,
      NaN,
      NaN,
      NaN,
      NaN,
      NaN,
      NaN,
      NaN,
      NaN,
      NaN,
      NaN
    ],
    [
      NaN,
      NaN,
      NaN,
      NaN,
      0.0,
      NaN,
      NaN,
      NaN,
      NaN,
      NaN,
      NaN,
      NaN,
      NaN,
      NaN,
      NaN,
      NaN,
      NaN,
      NaN,
      NaN,
      NaN,
      NaN,
      NaN,
      NaN,
      NaN,
      NaN
    ],
    [
      NaN,
      NaN,
      NaN,
      NaN,
      NaN,
      0.0,
      NaN,
      NaN,
      NaN,
      NaN,
      NaN,
      NaN,
      NaN,
      NaN,
      NaN,
      NaN,
      NaN,
      NaN,
      NaN,
      NaN,
      NaN,
      NaN,
      NaN,
      NaN,
      NaN
    ],
    [
      NaN,
      NaN,
      NaN,
      NaN,
      NaN,
      NaN,
      0.0,
      NaN,
      NaN,
      NaN,
      NaN,
      NaN,
      NaN,
      NaN,
      NaN,
      NaN,
      NaN,
      NaN,
      NaN,
      NaN,
      NaN,
      NaN,
      NaN,
      NaN,
      NaN
    ],
    [
      NaN,
      NaN,
      NaN,
      NaN,
      NaN,
      NaN,
      NaN,
      0.0,
      NaN,
      NaN,
      NaN,
      NaN,
      NaN,
      NaN,
      NaN,
      NaN,
      NaN,
      NaN,
      NaN,
      NaN,
      NaN,
      NaN,
      NaN,
      NaN,
      NaN
    ],
    [
      NaN,
      NaN,
      NaN,
      NaN,
      NaN,
      NaN,
      NaN,
      NaN,
      0.0,
      NaN,
      NaN,
      NaN,
      NaN,
      NaN,
      NaN,
      NaN,
      NaN,
      NaN,
      NaN,
      NaN,
      NaN,
      NaN,
      NaN,
      NaN,
      NaN
    ],
    [
      NaN,
      NaN,
      NaN,
      NaN,
      NaN,
      NaN,
      NaN,
      NaN,
      NaN,
      0.0,
      NaN,
      NaN,
      NaN,
      NaN,
      NaN,
      NaN,
      NaN,
      NaN,
      NaN,
      NaN,
      NaN,
      NaN,
      NaN,
      NaN,
      NaN
    ],
    [
      NaN,
      NaN,
      NaN,
      NaN,
      NaN,
      NaN,
      NaN,
      NaN,
      NaN,
      NaN,
      0.0,
      NaN,
      NaN,
      NaN,
      NaN,
      NaN,
      NaN,
      NaN,
      NaN,
      NaN,
      NaN,
      NaN,
      NaN,
      NaN,
      NaN
    ],
    [
      NaN,
      NaN,
      NaN,
      NaN,
      NaN,
      NaN,
      NaN,
      NaN,
      NaN,
      NaN,
      NaN,
      0.0,
      NaN,
      NaN,
      NaN,
      NaN,
      NaN,
      NaN,
      NaN,
      NaN,
      NaN,
      NaN,
      NaN,
      NaN,
      NaN
    ],
    [
      NaN,
      NaN,
      NaN,
      NaN,
      NaN,
      NaN,
      NaN,
      NaN,
      NaN,
      NaN,
      NaN,
      NaN,
      0.0,
      NaN,
      NaN,
      NaN,
      NaN,
      NaN,
      NaN,
      NaN,
      NaN,
      NaN,
      NaN,
      NaN,
      NaN
    ],
    [
      NaN,
      NaN,
      NaN,
      NaN,
      NaN,
      NaN,
      NaN,
      NaN,
      NaN,
      NaN,
      NaN,
      NaN,
      NaN,
      0.0,
      NaN,
      NaN,
      NaN,
      NaN,
      NaN,
      NaN,
      NaN,
      NaN,
      NaN,
      NaN,
      NaN
    ],
    [
      NaN,
      NaN,
      NaN,
      NaN,
      NaN,
      NaN,
      NaN,
      NaN,
      NaN,
      NaN,
      NaN,
      NaN,
      NaN,
      NaN,
      0.0,
      NaN,
      NaN,
      NaN,
      NaN,
      NaN,
      NaN,
      NaN,
      NaN,
      NaN,
      NaN
    ],
    [
      NaN,
      NaN,
      NaN,
      NaN,
      NaN,
      NaN,
      NaN,
      NaN,
      NaN,
      NaN,
      NaN,
      NaN,
      NaN,
      NaN,
      NaN,
      0.0,
      NaN,
      NaN,
      NaN,
      NaN,
      NaN,
      NaN,
      NaN,
      NaN,
      NaN
    ],
    [
      NaN,
      NaN,
      NaN,
      NaN,
      NaN,
      NaN,
      NaN,
      NaN,
      NaN,
      NaN,
      NaN,
      NaN,
      NaN,
      NaN,
      NaN,
      NaN,
      0.0,
      NaN,
      NaN,
      NaN,
      NaN,
      NaN,
      NaN,
      NaN,
      NaN
    ],
    [
      NaN,
      NaN,
      NaN,
      NaN,
      NaN,
      NaN,
      NaN,
      NaN,
      NaN,
      NaN,
      NaN,
      NaN,
      NaN,
      NaN,
      NaN,
      NaN,
      NaN,
      0.0,
      NaN,
      NaN,
      NaN,
      NaN,
      NaN,
      NaN,
      NaN
    ],
    [
      NaN,
      NaN,
      NaN,
      NaN,
      NaN,
      NaN,
      NaN,
      NaN,
      NaN,
      NaN,
      NaN,
      NaN,
      NaN,
      NaN,
      NaN,
      NaN,
      NaN,
      NaN,
      0.0,
      NaN,
      NaN,
      NaN,
      NaN,
      NaN,
      NaN
    ],
    [
      NaN,
      NaN,
      NaN,
      NaN,
      NaN,
      NaN,
      NaN,
      NaN,
      NaN,
      NaN,
      NaN,
      NaN,
      NaN,
      NaN,
      NaN,
      NaN,
      NaN,
      NaN,
      NaN,
      0.0,
      NaN,
      NaN,
      NaN,
      NaN,
      NaN
    ],
    [
      NaN,
      NaN,
      NaN,
      NaN,
      NaN,
      NaN,
      NaN,
      NaN,
      NaN,
      NaN,
      NaN,
      NaN,
      NaN,
      NaN,
      NaN,
      NaN,
      NaN,
      NaN,
      NaN,
      NaN,
      0.0,
      NaN,
      NaN,
      NaN,
      NaN
    ],
    [
      NaN,
      NaN,
      NaN,
      NaN,
      NaN,
      NaN,
      NaN,
      NaN,
      NaN,
      NaN,
      NaN,
      NaN,
      NaN,
      NaN,
      NaN,
      NaN,
      NaN,
      NaN,
      NaN,
      NaN,
      NaN,
      0.0,
      NaN,
      NaN,
      NaN
    ],
    [
      NaN,
      NaN,
      NaN,
      NaN,
      NaN,
      NaN,
      NaN,
      NaN,
      NaN,
      NaN,
      NaN,
      NaN,
      NaN,
      NaN,
      NaN,
      NaN,
      NaN,
      NaN,
      NaN,
      NaN,
      NaN,
      NaN,
      0.0,
      NaN,
      NaN
    ],
    [
      NaN,
      NaN,
      NaN,
      NaN,
      NaN,
      NaN,
      NaN,
      NaN,
      NaN,
      NaN,
      NaN,
      NaN,
      NaN,
      NaN,
      NaN,
      NaN,
      NaN,
      NaN,
      NaN,
      NaN,
      NaN,
      NaN,
      NaN,
      0.0,
      NaN
    ],
    [
      NaN,
      NaN,
      NaN,
      NaN,
      NaN,
      NaN,
      NaN,
      NaN,
      NaN,
      NaN,
      NaN,
      NaN,
      NaN,
      NaN,
      NaN,
      NaN,
      NaN,
      NaN,
      NaN,
      NaN,
      NaN,
      NaN,
      NaN,
      NaN,
      0.0
    ]
  ],
  "transit_time_matrix": [
    [
      0.0,
      NaN,
      NaN,
      NaN,
      NaN,
      NaN,
      NaN,
      NaN,
      NaN,
      NaN,
      NaN,
      NaN,
      NaN,
      NaN,
      NaN,
      NaN,
      NaN,
      NaN,
      NaN,
      NaN,
      NaN,
      NaN,
      NaN,
      NaN,
      NaN
    ],
    [
      NaN,
      0.0,
      NaN,
      NaN,
      NaN,
      NaN,
      NaN,
      NaN,
      NaN,
      NaN,
      NaN,
      NaN,
      NaN,
      NaN,
      NaN,
      NaN,
      NaN,
      NaN,
      NaN,
      NaN,
      NaN,
      NaN,
      NaN,
      NaN,
      NaN
    ],
    [
      NaN,
      NaN,
      0.0,
      NaN,
      NaN,
      NaN,
      NaN,
      NaN,
      NaN,
      NaN,
      NaN,
      NaN,
      NaN,
      NaN,
      NaN,
      NaN,
      NaN,
      NaN,
      NaN,
      NaN,
      NaN,
      NaN,
      NaN,
      NaN,
      NaN
    ],
    [
      NaN,
      NaN,
      NaN,
      0.0,
      NaN,
      NaN,
      NaN,
      NaN,
      NaN,
      NaN,
      NaN,
      NaN,
      NaN,
      NaN,
      NaN,
      NaN,
      NaN,
      NaN,
      NaN,
      NaN,
      NaN,
      NaN,
      NaN,
      NaN,
      NaN
    ],
    [
      NaN,
      NaN,
      NaN,
      NaN,
      0.0,
      NaN,
      NaN,
      NaN,
      NaN,
      NaN,
      NaN,
      NaN,
      NaN,
      NaN,
      NaN,
      NaN,
      NaN,
      NaN,
      NaN,
      NaN,
      NaN,
      NaN,
      NaN,
      NaN,
      NaN
    ],
    [
      NaN,
      NaN,
      NaN,
      NaN,
      NaN,
      0.0,
      NaN,
      NaN,
      NaN,
      NaN,
      NaN,
      NaN,
      NaN,
      NaN,
      NaN,
      NaN,
      NaN,
      NaN,
      NaN,
      NaN,
      NaN,
      NaN,
      NaN,
      NaN,
      NaN
    ],
    [
      NaN,
      NaN,
      NaN,
      NaN,
      NaN,
      NaN,
      0.0,
      NaN,
      NaN,
      NaN,
      NaN,
      NaN,
      NaN,
      NaN,
      NaN,
      NaN,
      NaN,
      NaN,
      NaN,
      NaN,
      NaN,
      NaN,
      NaN,
      NaN,
      NaN
    ],
    [
      NaN,
      NaN,
      NaN,
      NaN,
      NaN,
      NaN,
      NaN,
      0.0,
      NaN,
      NaN,
      NaN,
      NaN,
      NaN,
      NaN,
      NaN,
      NaN,
      NaN,
      NaN,
      NaN,
      NaN,
      NaN,
      NaN,
      NaN,
      NaN,
      NaN
    ],
    [
      NaN,
      NaN,
      NaN,
      NaN,
      NaN,
      NaN,
      NaN,
      NaN,
      0.0,
      NaN,
      NaN,
      NaN,
      NaN,
      NaN,
      NaN,
      NaN,
      NaN,
      NaN,
      NaN,
      NaN,
      NaN,
      NaN,
      NaN,
      NaN,
      NaN
    ],
    [
      NaN,
      NaN,
      NaN,
      NaN,
      NaN,
      NaN,
      NaN,
      NaN,
      NaN,
      0.0,
      NaN,
      NaN,
      NaN,
      NaN,
      NaN,
      NaN,
      NaN,
      NaN,
      NaN,
      NaN,
      NaN,
      NaN,
      NaN,
      NaN,
      NaN
    ],
    [
      NaN,
      NaN,
      NaN,
      NaN,
      NaN,
      NaN,
      NaN,
      NaN,
      NaN,
      NaN,
      0.0,
      NaN,
      NaN,
      NaN,
      NaN,
      NaN,
      NaN,
      NaN,
      NaN,
      NaN,
      NaN,
      NaN,
      NaN,
      NaN,
      NaN
    ],
    [
      NaN,
      NaN,
      NaN,
      NaN,
      NaN,
      NaN,
      NaN,
      NaN,
      NaN,
      NaN,
      NaN,
      0.0,
      NaN,
      NaN,
      NaN,
      NaN,
      NaN,
      NaN,
      NaN,
      NaN,
      NaN,
      NaN,
      NaN,
      NaN,
      NaN
    ],
    [
      NaN,
      NaN,
      NaN,
      NaN,
      NaN,
      NaN,
      NaN,
      NaN,
      NaN,
      NaN,
      NaN,
      NaN,
      0.0,
      NaN,
      NaN,
      NaN,
      NaN,
      NaN,
      NaN,
      NaN,
      NaN,
      NaN,
      NaN,
      NaN,
      NaN
    ],
    [
      NaN,
      NaN,
      NaN,
      NaN,
      NaN,
      NaN,
      NaN,
      NaN,
      NaN,
      NaN,
      NaN,
      NaN,
      NaN,
      0.0,
      NaN,
      NaN,
      NaN,
      NaN,
      NaN,
      NaN,
      NaN,
      NaN,
      NaN,
      NaN,
      NaN
    ],
    [
      NaN,
      NaN,
      NaN,
      NaN,
      NaN,
      NaN,
      NaN,
      NaN,
      NaN,
      NaN,
      NaN,
      NaN,
      NaN,
      NaN,
      0.0,
      NaN,
      NaN,
      NaN,
      NaN,
      NaN,
      NaN,
      NaN,
      NaN,
      NaN,
      NaN
    ],
    [
      NaN,
      NaN,
      NaN,
      NaN,
      NaN,
      NaN,
      NaN,
      NaN,
      NaN,
      NaN,
      NaN,
      NaN,
      NaN,
      NaN,
      NaN,
      0.0,
      NaN,
      NaN,
      NaN,
      NaN,
      NaN,
      NaN,
      NaN,
      NaN,
      NaN
    ],
    [
      NaN,
      NaN,
      NaN,
      NaN,
      NaN,
      NaN,
      NaN,
      NaN,
      NaN,
      NaN,
      NaN,
      NaN,
      NaN,
      NaN,
      NaN,
      NaN,
      0.0,
      NaN,
      NaN,
      NaN,
      NaN,
      NaN,
      NaN,
      NaN,
      NaN
    ],
    [
      NaN,
      NaN,
      NaN,
      NaN,
      NaN,
      NaN,
      NaN,
      NaN,
      NaN,
      NaN,
      NaN,
      NaN,
      NaN,
      NaN,
      NaN,
      NaN,
      NaN,
      0.0,
      NaN,
      NaN,
      NaN,
      NaN,
      NaN,
      NaN,
      NaN
    ],
    [
      NaN,
      NaN,
      NaN,
      NaN,
      NaN,
      NaN,
      NaN,
      NaN,
      NaN,
      NaN,
      NaN,
      NaN,
      NaN,
      NaN,
      NaN,
      NaN,
      NaN,
      NaN,
      0.0,
      NaN,
      NaN,
      NaN,
      NaN,
      NaN,
      NaN
    ],
    [
      NaN,
      NaN,
      NaN,
      NaN,
      NaN,
      NaN,
      NaN,
      NaN,
      NaN,
      NaN,
      NaN,
      NaN,
      NaN,
      NaN,
      NaN,
      NaN,
      NaN,
      NaN,
      NaN,
      0.0,
      NaN,
      NaN,
      NaN,
      NaN,
      NaN
    ],
    [
      NaN,
      NaN,
      NaN,
      NaN,
      NaN,
      NaN,
      NaN,
      NaN,
      NaN,
      NaN,
      NaN,
      NaN,
      NaN,
      NaN,
      NaN,
      NaN,
      NaN,
      NaN,
      NaN,
      NaN,
      0.0,
      NaN,
      NaN,
      NaN,
      NaN
    ],
    [
      NaN,
      NaN,
      NaN,
      NaN,
      NaN,
      NaN,
      NaN,
      NaN,
      NaN,
      NaN,
      NaN,
      NaN,
      NaN,
      NaN,
      NaN,
      NaN,
      NaN,
      NaN,
      NaN,
      NaN,
      NaN,
      0.0,
      NaN,
      NaN,
      NaN
    ],
    [
      NaN,
      NaN,
      NaN,
      NaN,
      NaN,
      NaN,
      NaN,
      NaN,
      NaN,
      NaN,
      NaN,
      NaN,
      NaN,
      NaN,
      NaN,
      NaN,
      NaN,
      NaN,
      NaN,
      NaN,
      NaN,
      NaN,
      0.0,
      NaN,
      NaN
    ],
    [
      NaN,
      NaN,
      NaN,
      NaN,
      NaN,
      NaN,
      NaN,
      NaN,
      NaN,
      NaN,
      NaN,
      NaN,
      NaN,
      NaN,
      NaN,
      NaN,
      NaN,
      NaN,
      NaN,
      NaN,
      NaN,
      NaN,
      NaN,
      0.0,
      NaN
    ],
    [
      NaN,
      NaN,
      NaN,
      NaN,
      NaN,
      NaN,
      NaN,
      NaN,
      NaN,
      NaN,
      NaN,
      NaN,
      NaN,
      NaN,
      NaN,
      NaN,
      NaN,
      NaN,
      NaN,
      NaN,
      NaN,
      NaN,
      NaN,
      NaN,
      0.0
    ]
  ],
  "walk_dist_matrix": [
    [
      0.0,
      2.3,
      1.5,
      3.8,
      3.6,
      6.2,
      8.7,
      5.7,
      1.1,
      7.7,
      5.8,
      5.9,
      5.8,
      5.7,
      3.6,
      4.8,
      16.4,
      5.9,
      4.3,
      58.8,
      11.7,
      25.3,
      92.0,
      87.7,
      24.8
    ],
    [
      2.3,
      0.0,
      1.4,
      4.5,
      4.6,
      6.6,
      9.0,
      6.1,
      1.7,
      9.6,
      6.2,
      6.3,
      6.1,
      6.0,
      4.6,
      5.2,
      15.2,
      6.2,
      4.6,
      60.3,
      13.6,
      24.1,
      93.6,
      90.0,
      26.3
    ],
    [
      1.5,
      1.4,
      0.0,
      3.3,
      3.4,
      5.8,
      8.2,
      5.3,
      0.5,
      8.3,
      5.4,
      5.5,
      5.4,
      5.3,
      3.3,
      4.3,
      15.5,
      5.4,
      3.9,
      59.0,
      12.3,
      24.4,
      92.3,
      88.9,
      25.0
    ],
    [
      3.8,
      4.5,
      3.3,
      0.0,
      0.3,
      4.1,
      6.5,
      3.5,
      3.7,
      5.9,
      3.6,
      3.7,
      3.6,
      3.5,
      0.5,
      2.6,
      18.3,
      3.7,
      2.1,
      56.1,
      9.4,
      27.2,
      89.4,
      88.7,
      22.1
    ],
    [
      3.6,
      4.6,
      3.4,
      0.3,
      0.0,
      4.1,
      6.5,
      3.6,
      3.8,
      5.6,
      3.6,
      3.7,
      3.6,
      3.6,
      0.55,
      2.6,
      18.4,
      3.7,
      2.1,
      55.8,
      9.1,
      27.3,
      89.1,
      88.4,
      21.8
    ],
    [
      6.2,
      6.6,
      5.8,
      4.1,
      4.1,
      0.0,
      2.8,
      1.2,
      6.3,
      8.6,
      1.1,
      0.95,
      0.65,
      0.6,
      3.5,
      1.7,
      20.0,
      1.2,
      2.0,
      57.9,
      11.3,
      29.0,
      91.2,
      92.0,
      23.9
    ],
    [
      8.7,
      9.0,
      8.2,
      6.5,
      6.5,
      2.8,
      0.0,
      2.9,
      8.6,
      9.3,
      2.9,
      2.7,
      3.2,
      3.1,
      5.9,
      3.9,
      22.3,
      2.9,
      4.3,
      58.1,
      12.0,
      31.3,
      91.4,
      94.3,
      23.3
    ],
    [
      5.7,
      6.1,
      5.3,
      3.5,
      3.6,
      1.2,
      2.9,
      0.0,
      5.8,
      8.0,
      0.12,
      0.35,
      0.75,
      0.7,
      3.1,
      1.1,
      19.6,
      0.12,
      1.5,
      57.3,
      10.8,
      28.5,
      90.6,
      91.5,
      23.3
    ],
    [
      1.1,
      1.7,
      0.5,
      3.7,
      3.8,
      6.3,
      8.6,
      5.8,
      0.0,
      8.5,
      5.8,
      6.0,
      5.8,
      5.8,
      3.8,
      4.8,
      15.9,
      5.9,
      4.3,
      59.5,
      12.5,
      24.8,
      92.8,
      88.4,
      25.5
    ],
    [
      7.7,
      9.6,
      8.3,
      5.9,
      5.6,
      8.6,
      9.3,
      8.0,
      8.5,
      0.0,
      8.1,
      8.1,
      8.4,
      8.4,
      6.2,
      7.6,
      23.4,
      8.1,
      7.8,
      52.2,
      5.1,
      32.4,
      85.5,
      86.5,
      18.3
    ],
    [
      5.8,
      6.2,
      5.4,
      3.6,
      3.6,
      1.1,
      2.9,
      0.12,
      5.8,
      8.1,
      0.0,
      0.21,
      0.85,
      0.7,
      3.2,
      1.2,
      19.6,
      0.065,
      1.6,
      57.3,
      10.8,
      28.6,
      90.6,
      91.6,
      23.3
    ],
    [
      5.9,
      6.3,
      5.5,
      3.7,
      3.7,
      0.95,
      2.7,
      0.35,
      6.0,
      8.1,
      0.21,
      0.0,
      0.65,
      0.55,
      3.3,
      1.3,
      19.8,
      0.28,
      1.7,
      57.3,
      10.8,
      28.7,
      90.6,
      91.7,
      23.4
    ],
    [
      5.8,
      6.1,
      5.4,
      3.6,
      3.6,
      0.65,
      3.2,
      0.75,
      5.8,
      8.4,
      0.85,
      0.65,
      0.0,
      0.14,
      3.0,
      1.2,
      19.5,
      0.65,
      1.5,
      57.8,
      11.2,
      28.5,
      91.0,
      91.5,
      23.8
    ],
    [
      5.7,
      6.0,
      5.3,
      3.5,
      3.6,
      0.6,
      3.1,
      0.7,
      5.8,
      8.4,
      0.7,
      0.55,
      0.14,
      0.0,
      3.0,
      1.1,
      19.5,
      0.6,
      1.4,
      57.7,
      11.1,
      28.4,
      91.0,
      91.4,
      23.7
    ],
    [
      3.6,
      4.6,
      3.3,
      0.5,
      0.55,
      3.5,
      5.9,
      3.1,
      3.8,
      6.2,
      3.2,
      3.3,
      3.0,
      3.0,
      0.0,
      2.1,
      18.2,
      3.1,
      1.6,
      55.8,
      9.1,
      27.1,
      89.1,
      89.0,
      21.8
    ],
    [
      4.8,
      5.2,
      4.3,
      2.6,
      2.6,
      1.7,
      3.9,
      1.1,
      4.8,
      7.6,
      1.2,
      1.3,
      1.2,
      1.1,
      2.1,
      0.0,
      18.6,
      1.2,
      0.55,
      56.9,
      10.3,
      27.5,
      90.1,
      90.6,
      22.9
    ],
    [
      16.4,
      15.2,
      15.5,
      18.3,
      18.4,
      20.0,
      22.3,
      19.6,
      15.9,
      23.4,
      19.6,
      19.8,
      19.5,
      19.5,
      18.2,
      18.6,
      0.0,
      19.6,
      18.1,
      74.0,
      27.3,
      9.5,
      107.0,
      97.9,
      40.1
    ],
    [
      5.9,
      6.2,
      5.4,
      3.7,
      3.7,
      1.2,
      2.9,
      0.12,
      5.9,
      8.1,
      0.065,
      0.28,
      0.65,
      0.6,
      3.1,
      1.2,
      19.6,
      0.0,
      1.6,
      57.3,
      10.8,
      28.6,
      90.6,
      91.6,
      23.3
    ],
    [
      4.3,
      4.6,
      3.9,
      2.1,
      2.1,
      2.0,
      4.3,
      1.5,
      4.3,
      7.8,
      1.6,
      1.7,
      1.5,
      1.4,
      1.6,
      0.55,
      18.1,
      1.6,
      0.0,
      57.0,
      10.4,
      27.0,
      90.2,
      90.0,
      23.0
    ],
    [
      58.8,
      60.3,
      59.0,
      56.1,
      55.8,
      57.9,
      58.1,
      57.3,
      59.5,
      52.2,
      57.3,
      57.3,
      57.8,
      57.7,
      55.8,
      56.9,
      74.0,
      57.3,
      57.0,
      0.0,
      48.8,
      83.2,
      40.6,
      65.4,
      41.1
    ],
    [
      11.7,
      13.6,
      12.3,
      9.4,
      9.1,
      11.3,
      12.0,
      10.8,
      12.5,
      5.1,
      10.8,
      10.8,
      11.2,
      11.1,
      9.1,
      10.3,
      27.3,
      10.8,
      10.4,
      48.8,
      0.0,
      36.0,
      82.1,
      82.4,
      15.3
    ],
    [
      25.3,
      24.1,
      24.4,
      27.2,
      27.3,
      29.0,
      31.3,
      28.5,
      24.8,
      32.4,
      28.6,
      28.7,
      28.5,
      28.4,
      27.1,
      27.5,
      9.5,
      28.6,
      27.0,
      83.2,
      36.0,
      0.0,
      116.0,
      107.0,
      49.0
    ],
    [
      92.0,
      93.6,
      92.3,
      89.4,
      89.1,
      91.2,
      91.4,
      90.6,
      92.8,
      85.5,
      90.6,
      90.6,
      91.0,
      91.0,
      89.1,
      90.1,
      107.0,
      90.6,
      90.2,
      40.6,
      82.1,
      116.0,
      0.0,
      91.7,
      74.4
    ],
    [
      87.7,
      90.0,
      88.9,
      88.7,
      88.4,
      92.0,
      94.3,
      91.5,
      88.4,
      86.5,
      91.6,
      91.7,
      91.5,
      91.4,
      89.0,
      90.6,
      97.9,
      91.6,
      90.0,
      65.4,
      82.4,
      107.0,
      91.7,
      0.0,
      81.6
    ],
    [
      24.8,
      26.3,
      25.0,
      22.1,
      21.8,
      23.9,
      23.3,
      23.3,
      25.5,
      18.3,
      23.3,
      23.4,
      23.8,
      23.7,
      21.8,
      22.9,
      40.1,
      23.3,
      23.0,
      41.1,
      15.3,
      49.0,
      74.4,
      81.6,
      0.0
    ]
  ],
  "walk_time_matrix": [
    [
      0.0,
      29.0,
      18.0,
      49.0,
      46.0,
      83.0,
      119.0,
      76.0,
      13.0,
      104.0,
      77.0,
      79.0,
      76.0,
      75.0,
      49.0,
      64.0,
      203.0,
      78.0,
      57.0,
      738.0,
      157.0,
      314.0,
      1137.0,
      1139.0,
      310.0
    ],
    [
      29.0,
      0.0,
      18.0,
      61.0,
      63.0,
      85.0,
      122.0,
      79.0,
      23.0,
      133.0,
      80.0,
      82.0,
      78.0,
      77.0,
      61.0,
      68.0,
      189.0,
      81.0,
      60.0,
      761.0,
      186.0,
      301.0,
      1160.0,
      1172.0,
      333.0
    ],
    [
      18.0,
      18.0,
      0.0,
      44.0,
      47.0,
      76.0,
      113.0,
      71.0,
      7.0,
      116.0,
      72.0,
      74.0,
      69.0,
      68.0,
      45.0,
      59.0,
      192.0,
      73.0,
      52.0,
      745.0,
      169.0,
      304.0,
      1144.0,
      1158.0,
      317.0
    ],
    [
      49.0,
      61.0,
      44.0,
      0.0,
      4.0,
      52.0,
      87.0,
      44.0,
      49.0,
      83.0,
      45.0,
      47.0,
      45.0,
      44.0,
      6.0,
      32.0,
      227.0,
      46.0,
      25.0,
      704.0,
      130.0,
      338.0,
      1103.0,
      1154.0,
      276.0
    ],
    [
      46.0,
      63.0,
      47.0,
      4.0,
      0.0,
      53.0,
      88.0,
      45.0,
      51.0,
      79.0,
      46.0,
      48.0,
      46.0,
      45.0,
      7.0,
      33.0,
      229.0,
      47.0,
      26.0,
      699.0,
      125.0,
      340.0,
      1098.0,
      1151.0,
      272.0
    ],
    [
      83.0,
      85.0,
      76.0,
      52.0,
      53.0,
      0.0,
      43.0,
      19.0,
      85.0,
      122.0,
      17.0,
      16.0,
      10.0,
      9.0,
      50.0,
      25.0,
      251.0,
      18.0,
      27.0,
      730.0,
      158.0,
      362.0,
      1129.0,
      1204.0,
      303.0
    ],
    [
      119.0,
      122.0,
      113.0,
      87.0,
      88.0,
      43.0,
      0.0,
      40.0,
      115.0,
      128.0,
      40.0,
      38.0,
      42.0,
      40.0,
      78.0,
      51.0,
      281.0,
      40.0,
      56.0,
      728.0,
      165.0,
      392.0,
      1127.0,
      1224.0,
      288.0
    ],
    [
      76.0,
      79.0,
      71.0,
      44.0,
      45.0,
      19.0,
      40.0,
      0.0,
      78.0,
      112.0,
      2.0,
      5.0,
      10.0,
      8.0,
      41.0,
      14.0,
      244.0,
      2.0,
      19.0,
      721.0,
      149.0,
      355.0,
      1120.0,
      1196.0,
      293.0
    ],
    [
      13.0,
      23.0,
      7.0,
      49.0,
      51.0,
      85.0,
      115.0,
      78.0,
