{
  "drive_dist_matrix": [
    [
      0.0,
      12.552852,
      33.474272,
      15.449663999999999,
      9.334171999999999,
      1.7702740000000001,
      0.80467,
      4.184284,
      0.80467,
      4.02335,
      10.782578,
      15.127796,
      2.41401,
      1.1265379999999998,
      5.310822,
      0.80467,
      0.80467,
      8.529501999999999,
      0.16093400000000002,
      1.1265379999999998,
      12.713786,
      26.071308,
      14.323126,
      3.057746,
      7.563898,
      0.80467,
      1.9312079999999998,
      0.9656039999999999,
      3.7014819999999995,
      14.966862,
      9.816974,
      1.1265379999999998,
      0.9656039999999999,
      4.667085999999999,
      24.94477,
      27.197846,
      8.207633999999999,
      12.713786,
      4.667085999999999,
      4.667085999999999,
      33.474272,
      3.379614,
      0.32186800000000004,
      12.87472,
      1.7702740000000001,
      8.368568,
      34.278942,
      2.2530759999999996,
      1.9312079999999998,
      14.48406,
      1.2874720000000002,
      2.896812,
      0.9656039999999999,
      3.057746,
      2.2530759999999996,
      1.1265379999999998,
      14.644993999999999,
      7.885766,
      0.80467
    ],
    [
      12.552852,
      0.0,
      26.875978,
      16.89807,
      14.48406,
      14.966862,
      13.357522000000001,
      8.690436,
      13.357522000000001,
      15.932466,
      15.932466,
      16.737136,
      14.644993999999999,
      16.415267999999998,
      11.748182,
      15.610598,
      15.610598,
      10.943512,
      14.966862,
      16.254334,
      0.48280199999999995,
      19.473014,
      3.7014819999999995,
      12.87472,
      14.48406,
      14.001257999999998,
      15.28873,
      13.357522000000001,
      16.737136,
      17.219938,
      18.024607999999997,
      16.254334,
      13.518456,
      17.70274,
      27.519714,
      20.599552000000003,
      15.127796,
      0.48280199999999995,
      17.70274,
      17.70274,
      26.875978,
      14.805927999999998,
      14.805927999999998,
      16.415267999999998,
      15.610598,
      16.576202000000002,
      27.680647999999998,
      14.48406,
      15.449663999999999,
      9.65604,
      13.035654,
      13.518456,
      16.576202000000002,
      13.035654,
      10.943512,
      16.415267999999998,
      11.26538,
      12.87472,
      13.035654
    ],
    [
      33.474272,
      26.875978,
      0.0,
      11.587248,
      15.771532,
      31.38213,
      31.060262,
      29.450922000000002,
      30.416525999999998,
      27.35878,
      14.162192000000001,
      11.909116000000001,
      35.244546,
      30.57746,
      29.933724,
      30.899327999999997,
      30.416525999999998,
      20.599552000000003,
      31.543064,
      30.416525999999998,
      28.324384000000002,
      11.909116000000001,
      31.864932,
      29.77279,
      18.990212,
      30.255592,
      29.450922000000002,
      31.060262,
      30.899327999999997,
      11.26538,
      16.254334,
      30.416525999999998,
      31.221196,
      31.864932,
      9.495106,
      8.85137,
      19.151146,
      28.324384000000002,
      31.864932,
      31.864932,
      0.023,
      28.96812,
      31.864932,
      12.552852,
      29.77279,
      19.794882,
      0.80467,
      35.083612,
      29.611855999999996,
      35.244546,
      30.255592,
      34.278942,
      30.738394000000003,
      29.611855999999996,
      31.38213,
      30.57746,
      37.497622,
      16.89807,
      30.738394000000003
    ],
    [
      15.449663999999999,
      16.89807,
      11.587248,
      0.0,
      6.9201619999999995,
      18.185542,
      14.162192000000001,
      10.943512,
      14.323126,
      16.89807,
      5.310822,
      0.6437360000000001,
      24.461968,
      14.805927999999998,
      12.552852,
      14.48406,
      14.48406,
      8.368568,
      14.805927999999998,
      17.059003999999998,
      17.541806,
      7.402963999999999,
      21.082354,
      13.035654,
      9.012303999999999,
      14.323126,
      16.254334,
      14.323126,
      17.70274,
      0.32186800000000004,
      8.207633999999999,
      17.219938,
      14.323126,
      18.668343999999998,
      8.690436,
      4.82802,
      9.334171999999999,
      17.541806,
      18.668343999999998,
      18.668343999999998,
      11.426314,
      13.840323999999999,
      15.449663999999999,
      4.184284,
      16.576202000000002,
      9.977908000000001,
      12.230984,
      24.301033999999998,
      16.415267999999998,
      24.461968,
      14.001257999999998,
      16.0934,
      17.541806,
      13.035654,
      13.357522000000001,
      14.805927999999998,
      26.715044000000002,
      8.368568,
      13.840323999999999
    ],
    [
      9.334171999999999,
      14.48406,
      15.771532,
      6.9201619999999995,
      0.0,
      13.035654,
      9.173238,
      6.115492,
      9.173238,
      11.748182,
      1.9312079999999998,
      7.402963999999999,
      11.426314,
      9.816974,
      7.563898,
      9.495106,
      9.495106,
      2.2530759999999996,
      9.65604,
      8.207633999999999,
      13.196587999999998,
      13.67939,
      17.863674,
      7.402963999999999,
      3.5405480000000003,
      8.207633999999999,
      11.104446000000001,
      9.173238,
      12.552852,
      6.759228,
      3.057746,
      12.07005,
      9.334171999999999,
      13.67939,
      13.67939,
      9.816974,
      3.7014819999999995,
      13.196587999999998,
      13.518456,
      13.67939,
      18.668343999999998,
      10.621644,
      10.46071,
      3.8624159999999996,
      11.587248,
      4.345218,
      19.473014,
      11.26538,
      11.26538,
      21.082354,
      8.85137,
      11.104446000000001,
      12.391918,
      7.563898,
      8.368568,
      9.816974,
      23.33543,
      1.7702740000000001,
      8.85137
    ],
    [
      1.7702740000000001,
      14.966862,
      31.38213,
      18.185542,
      13.035654,
      0.0,
      3.379614,
      5.63269,
      3.057746,
      6.115492,
      12.230984,
      24.461968,
      1.60934,
      3.057746,
      6.598293999999999,
      2.735878,
      2.896812,
      9.977908000000001,
      2.092142,
      3.379614,
      14.001257999999998,
      27.35878,
      15.771532,
      5.471756,
      9.816974,
      3.057746,
      4.184284,
      3.379614,
      5.9545580000000005,
      25.105704,
      12.391918,
      3.379614,
      3.5405480000000003,
      6.9201619999999995,
      26.875978,
      28.324384000000002,
      10.621644,
      14.001257999999998,
      6.759228,
      6.9201619999999995,
      34.761744,
      5.310822,
      0.80467,
      14.162192000000001,
      3.7014819999999995,
      10.943512,
      35.566414,
      1.448406,
      4.184284,
      14.323126,
      3.7014819999999995,
      2.092142,
      0.6437360000000001,
      5.310822,
      3.5405480000000003,
      3.057746,
      13.840323999999999,
      9.173238,
      3.21868
    ],
    [
      0.80467,
      13.357522000000001,
      31.060262,
      14.162192000000001,
      9.173238,
      3.379614,
      0.0,
      4.184284,
      0.16093400000000002,
      3.21868,
      9.816974,
      14.001257999999998,
      3.21868,
      0.6437360000000001,
      4.184284,
      0.48280199999999995,
      0.32186800000000004,
      7.402963999999999,
      0.9656039999999999,
      0.80467,
      13.67939,
      27.197846,
      14.966862,
      2.2530759999999996,
      6.759228,
      0.32186800000000004,
      1.2874720000000002,
      0.476,
      3.379614,
      15.127796,
      9.012303999999999,
      0.80467,
      0.32186800000000004,
      4.345218,
      23.818232000000002,
      29.450922000000002,
      7.402963999999999,
      13.67939,
      4.345218,
      4.345218,
      30.57746,
      2.5749440000000003,
      1.1265379999999998,
      12.713786,
      1.2874720000000002,
      7.563898,
      31.38213,
      2.896812,
      0.9656039999999999,
      15.127796,
      0.32186800000000004,
      4.02335,
      1.448406,
      2.2530759999999996,
      2.735878,
      0.6437360000000001,
      15.28873,
      6.9201619999999995,
      0.32186800000000004
    ],
    [
      4.184284,
      8.690436,
      29.450922000000002,
      10.943512,
      6.115492,
      5.63269,
      4.184284,
      0.0,
      4.02335,
      6.9201619999999995,
      7.563898,
      11.26538,
      4.9889540000000006,
      4.667085999999999,
      2.41401,
      4.345218,
      4.345218,
      4.02335,
      4.345218,
      4.506151999999999,
      8.207633999999999,
      21.72609,
      11.909116000000001,
      4.82802,
      6.276426,
      4.667085999999999,
      4.9889540000000006,
      4.02335,
      7.0810960000000005,
      10.782578,
      8.690436,
      4.506151999999999,
      4.184284,
      8.0467,
      19.794882,
      22.852628,
      6.9201619999999995,
      8.207633999999999,
      8.0467,
      8.0467,
      29.129054000000004,
      5.149888000000001,
      4.184284,
      9.495106,
      5.310822,
      7.24203,
      29.933724,
      4.82802,
      4.82802,
      14.323126,
      3.5405480000000003,
      4.82802,
      4.667085999999999,
      4.82802,
      2.2530759999999996,
      4.667085999999999,
      14.805927999999998,
      4.82802,
      3.379614
    ],
    [
      0.80467,
      13.357522000000001,
      30.416525999999998,
      14.323126,
      9.173238,
      3.057746,
      0.16093400000000002,
      4.02335,
      0.0,
      3.21868,
      9.65604,
      14.001257999999998,
      3.057746,
      0.32186800000000004,
      4.02335,
      0.32186800000000004,
      0.476,
      7.402963999999999,
      0.80467,
      0.6437360000000001,
      13.67939,
      26.715044000000002,
      14.966862,
      2.2530759999999996,
      6.759228,
      0.387,
      1.2874720000000002,
      0.364,
      3.379614,
      14.162192000000001,
      9.012303999999999,
      0.6437360000000001,
      0.16093400000000002,
      4.345218,
      23.818232000000002,
      27.680647999999998,
      7.402963999999999,
      13.67939,
      4.345218,
      4.345218,
      30.57746,
      2.092142,
      1.1265379999999998,
      11.748182,
      1.2874720000000002,
      7.563898,
      31.38213,
      2.896812,
      0.80467,
      15.127796,
      0.32186800000000004,
      3.8624159999999996,
      0.9656039999999999,
      2.2530759999999996,
      2.735878,
      0.32186800000000004,
      15.28873,
      6.9201619999999995,
      0.48280199999999995
    ],
    [
      4.02335,
      15.932466,
      27.35878,
      16.89807,
      11.748182,
      6.115492,
      3.21868,
      6.9201619999999995,
      3.21868,
      0.0,
      11.748182,
      16.576202000000002,
      5.793624,
      3.057746,
      7.24203,
      3.057746,
      3.057746,
      9.816974,
      3.8624159999999996,
      2.896812,
      15.771532,
      29.289987999999997,
      19.31208,
      3.7014819999999995,
      6.598293999999999,
      2.896812,
      2.092142,
      3.379614,
      2.092142,
      15.771532,
      7.885766,
      2.896812,
      3.379614,
      3.057746,
      20.277684,
      25.910374,
      6.9201619999999995,
      15.771532,
      3.057746,
      3.057746,
      27.036912,
      1.7702740000000001,
      4.02335,
      13.357522000000001,
      2.5749440000000003,
      6.43736,
      28.002515999999996,
      5.63269,
      2.2530759999999996,
      18.346476,
      4.345218,
      6.115492,
      3.5405480000000003,
      3.5405480000000003,
      6.115492,
      3.057746,
      17.863674,
      9.173238,
      4.667085999999999
    ],
    [
      10.782578,
      15.932466,
      14.162192000000001,
      5.310822,
      1.9312079999999998,
      12.230984,
      9.816974,
      7.563898,
      9.65604,
      11.748182,
      0.0,
      5.793624,
      11.748182,
      10.138842,
      7.885766,
      9.65604,
      9.65604,
      3.7014819999999995,
      9.977908000000001,
      9.65604,
      16.415267999999998,
      12.391918,
      18.024607999999997,
      8.85137,
      4.9889540000000006,
      9.816974,
      11.426314,
      9.495106,
      12.87472,
      5.149888000000001,
      4.02335,
      9.65604,
      9.495106,
      13.840323999999999,
      12.552852,
      8.368568,
      5.149888000000001,
      16.415267999999998,
      13.840323999999999,
      13.840323999999999,
      14.323126,
      10.943512,
      10.782578,
      2.2530759999999996,
      11.748182,
      5.793624,
      15.127796,
      11.426314,
      11.587248,
      22.852628,
      9.173238,
      11.426314,
      12.713786,
      9.012303999999999,
      9.173238,
      10.138842,
      25.105704,
      3.21868,
      9.173238
    ],
    [
      15.127796,
      16.737136,
      11.909116000000001,
      0.6437360000000001,
      7.402963999999999,
      24.461968,
      14.001257999999998,
      11.26538,
      14.001257999999998,
      16.576202000000002,
      5.793624,
      0.0,
      23.979166,
      14.48406,
      12.230984,
      14.162192000000001,
      14.162192000000001,
      8.0467,
      14.323126,
      16.737136,
      17.059003999999998,
      6.9201619999999995,
      20.599552000000003,
      13.518456,
      9.495106,
      14.001257999999998,
      15.771532,
      13.840323999999999,
      17.219938,
      0.9656039999999999,
      8.690436,
      16.737136,
      14.001257999999998,
      18.185542,
      9.173238,
      4.506151999999999,
      9.65604,
      17.059003999999998,
      18.185542,
      18.185542,
      11.909116000000001,
      15.28873,
      15.127796,
      4.506151999999999,
      16.254334,
      10.46071,
      12.87472,
      23.818232000000002,
      15.932466,
      23.979166,
      13.518456,
      22.852628,
      17.059003999999998,
      13.518456,
      13.67939,
      14.48406,
      26.232242,
      8.85137,
      13.518456
    ],
    [
      2.41401,
      14.644993999999999,
      35.244546,
      24.461968,
      11.426314,
      1.60934,
      3.21868,
      4.9889540000000006,
      3.057746,
      5.793624,
      11.748182,
      23.979166,
      0.0,
      3.379614,
      6.115492,
      2.896812,
      2.896812,
      9.334171999999999,
      2.2530759999999996,
      3.21868,
      13.357522000000001,
      26.715044000000002,
      15.127796,
      5.9545580000000005,
      10.46071,
      3.7014819999999995,
      3.8624159999999996,
      3.21868,
      5.63269,
      24.461968,
      12.230984,
      3.21868,
      3.21868,
      6.598293999999999,
      26.715044000000002,
      27.680647999999998,
      11.104446000000001,
      13.357522000000001,
      6.598293999999999,
      6.598293999999999,
      34.118007999999996,
      5.149888000000001,
      1.9312079999999998,
      13.67939,
      3.379614,
      10.782578,
      34.922678,
      0.48280199999999995,
      4.02335,
      13.840323999999999,
      3.5405480000000003,
      3.5405480000000003,
      3.057746,
      5.9545580000000005,
      3.057746,
      3.379614,
      13.357522000000001,
      8.690436,
      3.057746
    ],
    [
      1.1265379999999998,
      16.415267999999998,
      30.57746,
      14.805927999999998,
      9.816974,
      3.057746,
      0.6437360000000001,
      4.667085999999999,
      0.32186800000000004,
      3.057746,
      10.138842,
      14.48406,
      3.379614,
      0.0,
      4.345218,
      0.16093400000000002,
      0.16093400000000002,
      7.885766,
      1.1265379999999998,
      0.32186800000000004,
      13.840323999999999,
      28.96812,
      15.28873,
      2.41401,
      6.9201619999999995,
      0.32186800000000004,
      0.80467,
      0.48280199999999995,
      3.5405480000000003,
      14.48406,
      9.173238,
      0.32186800000000004,
      0.6437360000000001,
      4.345218,
      24.622902,
      29.933724,
      7.563898,
      13.840323999999999,
      4.184284,
      4.345218,
      31.38213,
      2.2530759999999996,
      1.448406,
      12.07005,
      0.80467,
      7.724831999999999,
      32.1868,
      3.057746,
      0.6437360000000001,
      15.932466,
      0.6437360000000001,
      3.7014819999999995,
      0.9656039999999999,
      2.41401,
      3.057746,
      0.0,
      15.449663999999999,
      7.24203,
      0.80467
    ],
    [
      5.310822,
      11.748182,
      29.933724,
      12.552852,
      7.563898,
      6.598293999999999,
      4.184284,
      2.41401,
      4.02335,
      7.24203,
      7.885766,
      12.230984,
      6.115492,
      4.345218,
      0.0,
      4.184284,
      4.184284,
      5.471756,
      5.471756,
      4.345218,
      11.426314,
      25.105704,
      15.127796,
      3.21868,
      5.793624,
      4.345218,
      4.82802,
      4.02335,
      8.85137,
      12.391918,
      8.690436,
      4.345218,
      4.02335,
      9.816974,
      24.1401,
      26.071308,
      6.43736,
      11.587248,
      9.816974,
      9.816974,
      30.899327999999997,
      4.9889540000000006,
      5.149888000000001,
      9.816974,
      7.724831999999999,
      6.598293999999999,
      31.703998,
      5.9545580000000005,
      4.667085999999999,
      18.829278,
      3.7014819999999995,
      5.793624,
      4.9889540000000006,
      3.379614,
      3.7014819999999995,
      4.667085999999999,
      17.863674,
      4.82802,
      3.7014819999999995
    ],
    [
      0.80467,
      15.610598,
      30.899327999999997,
      14.48406,
      9.495106,
      2.735878,
      0.48280199999999995,
      4.345218,
      0.32186800000000004,
      3.057746,
      9.65604,
      14.162192000000001,
      2.896812,
      0.16093400000000002,
      4.184284,
      0.0,
      0.367,
      7.563898,
      0.80467,
      0.48280199999999995,
      14.966862,
      28.324384000000002,
      16.737136,
      2.896812,
      7.24203,
      0.16093400000000002,
      1.1265379999999998,
      0.32186800000000004,
      2.896812,
      14.323126,
      9.65604,
      0.32186800000000004,
      0.48280199999999995,
      3.8624159999999996,
      24.301033999999998,
      29.289987999999997,
      8.0467,
      14.966862,
      3.8624159999999996,
      3.8624159999999996,
      31.060262,
      2.41401,
      0.9656039999999999,
      11.748182,
      0.9656039999999999,
      8.368568,
      31.864932,
      2.5749440000000003,
      0.80467,
      15.28873,
      0.6437360000000001,
      3.057746,
      0.48280199999999995,
      2.735878,
      2.896812,
      0.16093400000000002,
      14.805927999999998,
      7.0810960000000005,
      0.80467
    ],
    [
      0.80467,
      15.610598,
      30.416525999999998,
      14.48406,
      9.495106,
      2.896812,
      0.32186800000000004,
      4.345218,
      0.476,
      3.057746,
      9.65604,
      14.162192000000001,
      2.896812,
      0.16093400000000002,
      4.184284,
      0.367,
      0.0,
      7.402963999999999,
      0.80467,
      0.48280199999999995,
      15.127796,
      28.485318,
      16.89807,
      2.735878,
      7.24203,
      0.351,
      1.2874720000000002,
      0.32186800000000004,
      3.057746,
      14.323126,
      9.495106,
      0.48280199999999995,
      0.32186800000000004,
      4.02335,
      24.622902,
      29.450922000000002,
      7.885766,
      15.127796,
      4.02335,
      4.02335,
      31.221196,
      3.057746,
      0.9656039999999999,
      11.748182,
      1.1265379999999998,
      8.0467,
      32.025866,
      2.5749440000000003,
      0.80467,
      15.449663999999999,
      0.48280199999999995,
      3.21868,
      0.48280199999999995,
      2.735878,
      2.735878,
      0.16093400000000002,
      14.966862,
      6.9201619999999995,
      0.6437360000000001
    ],
    [
      8.529501999999999,
      10.943512,
      20.599552000000003,
      8.368568,
      2.2530759999999996,
      9.977908000000001,
      7.402963999999999,
      4.02335,
      7.402963999999999,
      9.816974,
      3.7014819999999995,
      8.0467,
      9.334171999999999,
      7.885766,
      5.471756,
      7.563898,
      7.402963999999999,
      0.0,
      7.724831999999999,
      9.977908000000001,
      11.26538,
      14.48406,
      15.932466,
      6.43736,
      3.21868,
      7.402963999999999,
      9.173238,
      7.24203,
      10.621644,
      7.563898,
      4.506151999999999,
      10.138842,
      7.24203,
      11.587248,
      15.610598,
      11.748182,
      3.379614,
      11.26538,
      11.587248,
      11.587248,
      20.599552000000003,
      8.690436,
      8.368568,
      5.793624,
      9.495106,
      4.02335,
      21.565156,
      9.173238,
      9.334171999999999,
      20.11675,
      6.9201619999999995,
      9.012303999999999,
      10.46071,
      6.43736,
      6.43736,
      7.724831999999999,
      22.208892000000002,
      0.9656039999999999,
      6.759228
    ],
    [
      0.16093400000000002,
      14.966862,
      31.543064,
      14.805927999999998,
      9.65604,
      2.092142,
      0.9656039999999999,
      4.345218,
      0.80467,
      3.8624159999999996,
      9.977908000000001,
      14.323126,
      2.2530759999999996,
      1.1265379999999998,
      5.471756,
      0.80467,
      0.80467,
      7.724831999999999,
      0.0,
      1.1265379999999998,
      14.48406,
      27.841582000000002,
      14.48406,
      3.057746,
      7.563898,
      0.80467,
      1.9312079999999998,
      1.1265379999999998,
      3.7014819999999995,
      15.127796,
      9.816974,
      1.1265379999999998,
      1.1265379999999998,
      4.667085999999999,
      24.94477,
      28.807185999999998,
      8.207633999999999,
      14.48406,
      4.667085999999999,
      4.667085999999999,
      35.244546,
      3.379614,
      0.16093400000000002,
      11.748182,
      1.7702740000000001,
      8.368568,
      36.049215999999994,
      2.092142,
      1.9312079999999998,
      14.966862,
      1.448406,
      2.735878,
      0.9656039999999999,
      3.057746,
      2.41401,
      1.1265379999999998,
      14.48406,
      6.759228,
      0.9656039999999999
    ],
    [
      1.1265379999999998,
      16.254334,
      30.416525999999998,
      17.059003999999998,
      8.207633999999999,
      3.379614,
      0.80467,
      4.506151999999999,
      0.6437360000000001,
      2.896812,
      9.65604,
      16.737136,
      3.21868,
      0.32186800000000004,
      4.345218,
      0.48280199999999995,
      0.48280199999999995,
      9.977908000000001,
      1.1265379999999998,
      0.0,
      15.127796,
      28.646252,
      17.059003999999998,
      2.092142,
      6.598293999999999,
      0.48280199999999995,
      0.80467,
      0.6437360000000001,
      2.5749440000000003,
      16.737136,
      9.334171999999999,
      0.148,
      0.80467,
      1.7702740000000001,
      23.818232000000002,
      29.450922000000002,
      7.24203,
      15.127796,
      1.2874720000000002,
      1.7702740000000001,
      30.57746,
      1.9312079999999998,
      1.60934,
      14.323126,
      0.6437360000000001,
      7.885766,
      31.38213,
      2.735878,
      0.48280199999999995,
      15.610598,
      0.80467,
      3.379614,
      0.6437360000000001,
      2.092142,
      3.21868,
      0.32186800000000004,
      15.127796,
      9.334171999999999,
      1.1265379999999998
    ],
    [
      12.713786,
      0.48280199999999995,
      28.324384000000002,
      17.541806,
      13.196587999999998,
      14.001257999999998,
      13.67939,
      8.207633999999999,
      13.67939,
      15.771532,
      16.415267999999998,
      17.059003999999998,
      13.357522000000001,
      13.840323999999999,
      11.426314,
      14.966862,
      15.127796,
      11.26538,
      14.48406,
      15.127796,
      0.0,
      20.277684,
      3.7014819999999995,
      13.196587999999998,
      14.644993999999999,
      14.162192000000001,
      15.610598,
      14.323126,
      17.059003999999998,
      18.024607999999997,
      18.346476,
      16.89807,
      14.966862,
      18.024607999999997,
      28.324384000000002,
      21.243288,
      15.449663999999999,
      0.48280199999999995,
      18.024607999999997,
      18.024607999999997,
      27.680647999999998,
      15.127796,
      14.323126,
      17.219938,
      17.219938,
      16.89807,
      28.485318,
      15.610598,
      15.771532,
      10.46071,
      14.644993999999999,
      14.644993999999999,
      16.89807,
      13.196587999999998,
      12.713786,
      17.059003999999998,
      12.07005,
      13.196587999999998,
      14.162192000000001
    ],
    [
      26.071308,
      19.473014,
      11.909116000000001,
      7.402963999999999,
      13.67939,
      27.35878,
      27.197846,
      21.72609,
      26.715044000000002,
      29.289987999999997,
      12.391918,
      6.9201619999999995,
      26.715044000000002,
      28.96812,
      25.105704,
      28.324384000000002,
      28.485318,
      14.48406,
      27.841582000000002,
      28.646252,
      20.277684,
      0.0,
      23.657297999999997,
      25.427572,
      15.932466,
      26.55411,
      27.841582000000002,
      25.74944,
      29.289987999999997,
      7.563898,
      18.50741,
      28.16345,
      25.910374,
      30.255592,
      11.748182,
      4.82802,
      16.0934,
      20.11675,
      30.255592,
      30.255592,
      11.104446000000001,
      27.35878,
      27.197846,
      9.977908000000001,
      28.16345,
      16.737136,
      11.909116000000001,
      26.875978,
      28.002515999999996,
      27.036912,
      25.588506,
      25.910374,
      29.611855999999996,
      25.588506,
      24.1401,
      28.485318,
      29.289987999999997,
      18.668343999999998,
      25.588506
    ],
    [
      14.323126,
      3.7014819999999995,
      31.864932,
      21.082354,
      17.863674,
      15.771532,
      14.966862,
      11.909116000000001,
      14.966862,
      19.31208,
      18.024607999999997,
      20.599552000000003,
      15.127796,
      15.28873,
      15.127796,
      16.737136,
      16.89807,
      15.932466,
      14.48406,
      17.059003999999998,
      3.7014819999999995,
      23.657297999999997,
      0.0,
      16.89807,
      18.346476,
      15.127796,
      18.185542,
      14.805927999999998,
      20.599552000000003,
      21.243288,
      22.047957999999998,
      17.541806,
      14.966862,
      21.565156,
      31.38213,
      24.461968,
      18.829278,
      3.5405480000000003,
      21.565156,
      21.565156,
      30.738394000000003,
      18.668343999999998,
      14.323126,
      20.438617999999998,
      17.70274,
      20.599552000000003,
      31.703998,
      16.254334,
      18.346476,
      10.782578,
      15.127796,
      15.28873,
      18.50741,
      16.737136,
      13.196587999999998,
      17.70274,
      12.391918,
      16.89807,
      14.644993999999999
    ],
    [
      3.057746,
      12.87472,
      29.77279,
      13.035654,
      7.402963999999999,
      5.471756,
      2.2530759999999996,
      4.82802,
      2.2530759999999996,
      3.7014819999999995,
      8.85137,
      13.518456,
      5.9545580000000005,
      2.41401,
      3.21868,
      2.896812,
      2.735878,
      6.43736,
      3.057746,
      2.092142,
      13.196587999999998,
      25.427572,
      16.89807,
      0.0,
      4.506151999999999,
      2.2530759999999996,
      1.2874720000000002,
      2.5749440000000003,
      3.379614,
      12.87472,
      6.9201619999999995,
      2.2530759999999996,
      2.735878,
      4.345218,
      18.024607999999997,
      15.771532,
      5.149888000000001,
      14.644993999999999,
      4.345218,
      4.345218,
      23.013562,
      1.448406,
      3.379614,
      10.46071,
      1.9312079999999998,
      4.9889540000000006,
      30.255592,
      4.82802,
      1.60934,
      16.89807,
      1.7702740000000001,
      5.793624,
      2.735878,
      0.203,
      3.7014819999999995,
      2.41401,
      17.219938,
      6.43736,
      2.2530759999999996
    ],
    [
      7.563898,
      14.48406,
      18.990212,
      9.012303999999999,
      3.5405480000000003,
      9.816974,
      6.759228,
      6.276426,
      6.759228,
      6.598293999999999,
      4.9889540000000006,
      9.495106,
      10.46071,
      6.9201619999999995,
      5.793624,
      7.24203,
      7.24203,
      3.21868,
      7.563898,
      6.598293999999999,
      14.644993999999999,
      15.932466,
      18.346476,
      4.506151999999999,
      0.0,
      6.43736,
      5.63269,
      7.0810960000000005,
      7.0810960000000005,
      8.85137,
      2.896812,
      6.43736,
      7.0810960000000005,
      8.0467,
      14.001257999999998,
      18.024607999999997,
      0.80467,
      14.805927999999998,
      8.0467,
      8.0467,
      19.151146,
      5.310822,
      7.724831999999999,
      6.598293999999999,
      8.0467,
      1.9312079999999998,
      19.955816000000002,
      9.977908000000001,
      5.793624,
      22.047957999999998,
      6.276426,
      9.334171999999999,
      8.85137,
      4.506151999999999,
      7.0810960000000005,
      6.759228,
      24.301033999999998,
      2.41401,
      6.759228
    ],
    [
      0.80467,
      14.001257999999998,
      30.255592,
      14.323126,
      8.207633999999999,
      3.057746,
      0.32186800000000004,
      4.667085999999999,
      0.387,
      2.896812,
      9.816974,
      14.001257999999998,
      3.7014819999999995,
      0.32186800000000004,
      4.345218,
      0.16093400000000002,
      0.351,
      7.402963999999999,
      0.80467,
      0.48280199999999995,
      14.162192000000001,
      26.55411,
      15.127796,
      2.2530759999999996,
      6.43736,
      0.0,
      1.448406,
      0.16093400000000002,
      3.21868,
      14.162192000000001,
      9.495106,
      0.48280199999999995,
      0.32186800000000004,
      4.184284,
      24.461968,
      29.611855999999996,
      7.885766,
      15.127796,
      4.184284,
      4.184284,
      31.221196,
      3.057746,
      1.1265379999999998,
      11.748182,
      1.1265379999999998,
      8.0467,
      32.025866,
      2.896812,
      0.6437360000000001,
      15.610598,
      0.32186800000000004,
      4.02335,
      1.2874720000000002,
      2.735878,
      2.735878,
      0.32186800000000004,
      15.771532,
      6.9201619999999995,
      0.6437360000000001
    ],
    [
      1.9312079999999998,
      15.28873,
      29.450922000000002,
      16.254334,
      11.104446000000001,
      4.184284,
      1.2874720000000002,
      4.9889540000000006,
      1.2874720000000002,
      2.092142,
      11.426314,
      15.771532,
      3.8624159999999996,
      0.80467,
      4.82802,
      1.1265379999999998,
      1.2874720000000002,
      9.173238,
      1.9312079999999998,
      0.80467,
      15.610598,
      27.841582000000002,
      18.185542,
      1.2874720000000002,
      5.63269,
      1.448406,
      0.0,
      1.448406,
      2.5749440000000003,
      14.162192000000001,
      8.0467,
      0.80467,
      1.448406,
      3.5405480000000003,
      23.33543,
      28.96812,
      6.43736,
      15.449663999999999,
      3.5405480000000003,
      3.5405480000000003,
      30.094658,
      1.2874720000000002,
      2.092142,
      11.748182,
      0.48280199999999995,
      6.598293999999999,
      30.899327999999997,
      3.5405480000000003,
      0.32186800000000004,
      16.415267999999998,
      1.9312079999999998,
      4.02335,
      1.448406,
      1.1265379999999998,
      3.7014819999999995,
      0.9656039999999999,
      15.771532,
      8.85137,
      2.2530759999999996
    ],
    [
      0.9656039999999999,
      13.357522000000001,
      31.060262,
      14.323126,
      9.173238,
      3.379614,
      0.476,
      4.02335,
      0.364,
      3.379614,
      9.495106,
      13.840323999999999,
      3.21868,
      0.48280199999999995,
      4.02335,
      0.32186800000000004,
      0.32186800000000004,
      7.24203,
      1.1265379999999998,
      0.6437360000000001,
      14.323126,
      25.74944,
      14.805927999999998,
      2.5749440000000003,
      7.0810960000000005,
      0.16093400000000002,
      1.448406,
      0.0,
      3.21868,
      14.162192000000001,
      8.85137,
      0.6437360000000001,
      0.417,
      4.184284,
      23.657297999999997,
      29.289987999999997,
      7.24203,
      13.518456,
      4.184284,
      4.184284,
      30.416525999999998,
      1.9312079999999998,
      1.2874720000000002,
      11.587248,
      1.1265379999999998,
      7.402963999999999,
      31.221196,
      3.379614,
      0.80467,
      16.254334,
      0.16093400000000002,
      4.02335,
      1.2874720000000002,
      2.092142,
      3.21868,
      0.48280199999999995,
      15.771532,
      6.759228,
      0.48280199999999995
    ],
    [
      3.7014819999999995,
      16.737136,
      30.899327999999997,
      17.70274,
      12.552852,
      5.9545580000000005,
      3.379614,
      7.0810960000000005,
      3.379614,
      2.092142,
      12.87472,
      17.219938,
      5.63269,
      3.5405480000000003,
      8.85137,
      2.896812,
      3.057746,
      10.621644,
      3.7014819999999995,
      2.5749440000000003,
      17.059003999999998,
      29.289987999999997,
      20.599552000000003,
      3.379614,
      7.0810960000000005,
      3.21868,
      2.5749440000000003,
      3.21868,
      0.0,
      16.89807,
      8.368568,
      2.5749440000000003,
      3.7014819999999995,
      1.448406,
      23.979166,
      29.611855999999996,
      7.885766,
      15.932466,
      1.448406,
      1.448406,
      30.738394000000003,
      2.092142,
      4.184284,
      14.323126,
      2.2530759999999996,
      6.9201619999999995,
      31.543064,
      5.310822,
      2.5749440000000003,
      18.185542,
      3.8624159999999996,
      5.9545580000000005,
      3.21868,
      3.21868,
      5.793624,
      2.735878,
      17.70274,
      9.334171999999999,
      4.345218
    ],
    [
      14.966862,
      17.219938,
      11.26538,
      0.32186800000000004,
      6.759228,
      25.105704,
      15.127796,
      10.782578,
      14.162192000000001,
      15.771532,
      5.149888000000001,
      0.9656039999999999,
      24.461968,
      14.48406,
      12.391918,
      14.323126,
      14.323126,
      7.563898,
      15.127796,
      16.737136,
      18.024607999999997,
      7.563898,
      21.243288,
      12.87472,
      8.85137,
      14.162192000000001,
      14.162192000000001,
      14.162192000000001,
      16.89807,
      0.0,
      8.0467,
      16.89807,
      14.001257999999998,
      18.346476,
      8.529501999999999,
      4.506151999999999,
      9.173238,
      17.70274,
      18.346476,
      18.346476,
      11.26538,
      13.67939,
      15.127796,
      4.02335,
      16.254334,
      9.816974,
      12.07005,
      24.461968,
      16.0934,
      24.622902,
      13.67939,
      15.932466,
      17.219938,
      12.87472,
      13.196587999999998,
      14.644993999999999,
      26.875978,
      8.207633999999999,
      13.518456
    ],
    [
      9.816974,
      18.024607999999997,
      16.254334,
      8.207633999999999,
      3.057746,
      12.391918,
      9.012303999999999,
      8.690436,
      9.012303999999999,
      7.885766,
      4.02335,
      8.690436,
      12.230984,
      9.173238,
      8.690436,
      9.65604,
      9.495106,
      4.506151999999999,
      9.816974,
      9.334171999999999,
      18.346476,
      18.50741,
      22.047957999999998,
      6.9201619999999995,
      2.896812,
      9.495106,
      8.0467,
      8.85137,
      8.368568,
      8.0467,
      0.0,
      9.012303999999999,
      9.495106,
      9.334171999999999,
      11.26538,
      15.127796,
      3.057746,
      18.50741,
      9.334171999999999,
      9.334171999999999,
      16.254334,
      7.24203,
      9.977908000000001,
      5.63269,
      8.368568,
      3.379614,
      17.219938,
      11.426314,
      8.207633999999999,
      25.588506,
      8.529501999999999,
      12.07005,
      9.334171999999999,
      7.402963999999999,
      10.46071,
      9.173238,
      27.841582000000002,
      4.184284,
      9.012303999999999
    ],
    [
      1.1265379999999998,
      16.254334,
      30.416525999999998,
      17.219938,
      12.07005,
      3.379614,
      0.80467,
      4.506151999999999,
      0.6437360000000001,
      2.896812,
      9.65604,
      16.737136,
      3.21868,
      0.32186800000000004,
      4.345218,
      0.32186800000000004,
      0.48280199999999995,
      10.138842,
      1.1265379999999998,
      0.148,
      16.89807,
      28.16345,
      17.541806,
      2.2530759999999996,
      6.43736,
      0.48280199999999995,
      0.80467,
      0.6437360000000001,
      2.5749440000000003,
      16.89807,
      9.012303999999999,
      0.0,
      1.2874720000000002,
      3.5405480000000003,
      23.818232000000002,
      29.450922000000002,
      7.0810960000000005,
      15.28873,
      1.448406,
      1.9312079999999998,
      30.57746,
      1.9312079999999998,
      1.448406,
      11.748182,
      0.6437360000000001,
      7.885766,
      31.38213,
      2.735878,
      0.48280199999999995,
      15.610598,
      0.80467,
      3.379614,
      0.6437360000000001,
      2.092142,
      3.379614,
      0.32186800000000004,
      15.127796,
      9.334171999999999,
      1.1265379999999998
    ],
    [
      0.9656039999999999,
      13.518456,
      31.221196,
      14.323126,
      9.334171999999999,
      3.5405480000000003,
      0.32186800000000004,
      4.184284,
      0.16093400000000002,
      3.379614,
      9.495106,
      14.001257999999998,
      3.21868,
      0.6437360000000001,
      4.02335,
      0.48280199999999995,
      0.32186800000000004,
      7.24203,
      1.1265379999999998,
      0.80467,
      14.966862,
      25.910374,
      14.966862,
      2.735878,
      7.0810960000000005,
      0.32186800000000004,
      1.448406,
      0.417,
      3.7014819999999995,
      14.001257999999998,
      9.495106,
      1.2874720000000002,
      0.0,
      4.506151999999999,
      23.657297999999997,
      29.289987999999997,
      7.0810960000000005,
      12.87472,
      4.506151999999999,
      4.506151999999999,
      30.416525999999998,
      2.2530759999999996,
      1.448406,
      11.26538,
      1.448406,
      7.24203,
      31.221196,
      3.379614,
      0.9656039999999999,
      15.127796,
      0.312,
      4.667085999999999,
      1.60934,
      1.7702740000000001,
      2.41401,
      0.6437360000000001,
      16.576202000000002,
      6.43736,
      0.48280199999999995
    ],
    [
      4.667085999999999,
      17.70274,
      31.864932,
      18.668343999999998,
      13.67939,
      6.9201619999999995,
      4.345218,
      8.0467,
      4.345218,
      3.057746,
      13.840323999999999,
      18.185542,
      6.598293999999999,
      4.345218,
      9.816974,
      3.8624159999999996,
      4.02335,
      11.587248,
      4.667085999999999,
      1.7702740000000001,
      18.024607999999997,
      30.255592,
      21.565156,
      4.345218,
      8.0467,
      4.184284,
      3.5405480000000003,
      4.184284,
      1.448406,
      18.346476,
      9.334171999999999,
      3.5405480000000003,
      4.506151999999999,
      0.0,
      24.783836,
      30.416525999999998,
      8.85137,
      16.89807,
      0.105,
      0.371,
      31.543064,
      2.896812,
      5.149888000000001,
      14.162192000000001,
      3.21868,
      7.724831999999999,
      32.347734,
      6.115492,
      1.448406,
      18.990212,
      4.82802,
      6.759228,
      4.02335,
      4.02335,
      6.598293999999999,
      3.7014819999999995,
      18.50741,
      10.299776000000001,
      5.149888000000001
    ],
    [
      24.94477,
      27.519714,
      9.495106,
      8.690436,
      13.67939,
