{
  "drive_dist_matrix": [
    [
      0.0,
      13.518456,
      13.518456,
      28.96812,
      13.67939,
      17.70274,
      14.162192000000001,
      29.611855999999996,
      13.840323999999999,
      13.518456,
      34.439876,
      29.933724,
      12.07005,
      25.588506,
      31.38213,
      10.782578,
      27.197846,
      27.35878,
      13.840323999999999,
      19.473014,
      27.197846,
      41.199104000000005,
      23.013562,
      47.958332,
      33.957074,
      23.33543,
      21.72609,
      34.922678,
      23.818232000000002,
      35.566414,
      36.692952,
      13.67939,
      35.888282000000004,
      15.449663999999999,
      41.84284,
      23.174496,
      45.705256,
      35.888282000000004,
      15.449663999999999,
      26.232242,
      16.254334,
      12.87472,
      23.818232000000002,
      16.89807,
      20.438617999999998,
      11.26538,
      17.059003999999998,
      44.25685,
      15.449663999999999,
      45.705256,
      23.818232000000002,
      22.369826,
      37.01482,
      30.416525999999998,
      22.852628,
      28.646252,
      12.87472,
      44.417784000000005,
      12.87472
    ],
    [
      13.518456,
      0.0,
      26.875978,
      32.508668,
      27.036912,
      19.955816000000002,
      27.519714,
      31.864932,
      27.197846,
      26.875978,
      37.980424,
      32.1868,
      25.427572,
      29.129054000000004,
      34.922678,
      24.1401,
      39.267896,
      29.611855999999996,
      27.197846,
      21.72609,
      30.738394000000003,
      44.739652,
      25.427572,
      55.361295999999996,
      36.371084,
      26.55411,
      23.979166,
      38.463226,
      26.232242,
      37.81949,
      39.106962,
      27.036912,
      38.141358,
      28.807185999999998,
      44.095915999999995,
      36.532018,
      53.269154,
      39.42883,
      28.96812,
      29.77279,
      29.611855999999996,
      26.232242,
      42.808444,
      30.255592,
      22.691694,
      19.473014,
      30.416525999999998,
      46.509926,
      28.807185999999998,
      53.269154,
      26.232242,
      23.496364,
      47.797398,
      32.830535999999995,
      25.266638,
      42.003774,
      26.232242,
      46.67086,
      26.232242
    ],
    [
      13.518456,
      26.875978,
      0.0,
      42.003774,
      3.057746,
      14.805927999999998,
      3.5405480000000003,
      28.807185999999998,
      0.32186800000000004,
      0.32186800000000004,
      47.47553,
      30.738394000000003,
      2.2530759999999996,
      38.62416,
      44.417784000000005,
      3.057746,
      13.035654,
      18.024607999999997,
      2.896812,
      9.495106,
      40.2335,
      54.23475800000001,
      22.369826,
      33.79614,
      32.347734,
      10.782578,
      16.737136,
      47.958332,
      23.174496,
      33.79614,
      35.888282000000004,
      3.7014819999999995,
      35.244546,
      0.6437360000000001,
      32.347734,
      13.357522000000001,
      31.703998,
      48.923936,
      0.259,
      39.267896,
      2.2530759999999996,
      1.7702740000000001,
      14.001257999999998,
      2.896812,
      19.794882,
      18.990212,
      9.65604,
      34.761744,
      0.6437360000000001,
      31.703998,
      14.001257999999998,
      10.943512,
      27.197846,
      21.243288,
      22.208892000000002,
      18.829278,
      1.448406,
      34.922678,
      0.32186800000000004
    ],
    [
      28.96812,
      32.508668,
      42.003774,
      0.0,
      42.003774,
      30.255592,
      42.486576,
      42.164708,
      42.486576,
      42.325642,
      15.932466,
      42.486576,
      41.03817,
      6.9201619999999995,
      12.713786,
      39.106962,
      49.406738,
      39.911632000000004,
      40.2335,
      32.025866,
      8.529501999999999,
      22.691694,
      35.566414,
      65.66107199999999,
      46.509926,
      36.692952,
      34.278942,
      16.415267999999998,
      36.371084,
      48.119265999999996,
      49.245804,
      42.003774,
      48.441134000000005,
      43.774048,
      54.395692,
      51.49888,
      63.407996,
      17.219938,
      43.774048,
      1.9312079999999998,
      44.578718,
      41.520972,
      52.142616,
      41.199104000000005,
      32.99147,
      41.199104000000005,
      45.383388,
      56.809701999999994,
      43.774048,
      63.407996,
      36.371084,
      33.79614,
      69.523488,
      42.969378,
      35.40548,
      56.970636,
      40.877235999999996,
      56.970636,
      41.681906
    ],
    [
      13.67939,
      27.036912,
      3.057746,
      42.003774,
      0.0,
      16.415267999999998,
      0.48280199999999995,
      30.57746,
      3.5405480000000003,
      3.21868,
      47.636464000000004,
      32.347734,
      2.735878,
      38.62416,
      44.417784000000005,
      3.057746,
      14.644993999999999,
      19.633948,
      4.506151999999999,
      11.104446000000001,
      40.394434000000004,
      54.395692,
      23.979166,
      35.40548,
      33.79614,
      12.230984,
      18.346476,
      48.119265999999996,
      24.783836,
      35.40548,
      37.497622,
      0.48280199999999995,
      36.692952,
      3.057746,
      33.957074,
      7.724831999999999,
      33.313338,
      49.08487,
      3.21868,
      39.42883,
      3.8624159999999996,
      2.5749440000000003,
      10.621644,
      4.506151999999999,
      21.404222,
      18.829278,
      4.184284,
      36.371084,
      3.057746,
      33.313338,
      15.771532,
      12.552852,
      25.74944,
      22.852628,
      23.979166,
      15.127796,
      3.057746,
      36.532018,
      2.735878
    ],
    [
      17.70274,
      19.955816000000002,
      14.805927999999998,
      30.255592,
      16.415267999999998,
      0.0,
      17.059003999999998,
      14.001257999999998,
      15.127796,
      14.805927999999998,
      35.244546,
      13.840323999999999,
      13.67939,
      26.393175999999997,
      32.1868,
      14.323126,
      20.760486,
      11.26538,
      12.87472,
      6.9201619999999995,
      28.002515999999996,
      42.003774,
      7.885766,
      37.01482,
      17.863674,
      9.334171999999999,
      4.02335,
      35.727348,
      8.368568,
      19.473014,
      20.599552000000003,
      17.541806,
      19.794882,
      15.28873,
      25.588506,
      27.519714,
      34.761744,
      36.692952,
      14.966862,
      27.036912,
      14.162192000000001,
      14.162192000000001,
      28.16345,
      13.67939,
      5.310822,
      29.933724,
      23.657297999999997,
      28.16345,
      15.28873,
      34.761744,
      12.230984,
      6.276426,
      41.199104000000005,
      14.323126,
      7.724831999999999,
      44.25685,
      13.518456,
      28.324384000000002,
      14.162192000000001
    ],
    [
      14.162192000000001,
      27.519714,
      3.5405480000000003,
      42.486576,
      0.48280199999999995,
      17.059003999999998,
      0.0,
      31.060262,
      4.02335,
      3.7014819999999995,
      48.119265999999996,
      32.830535999999995,
      3.21868,
      39.106962,
      44.900586,
      3.5405480000000003,
      15.127796,
      20.11675,
      4.9889540000000006,
      11.587248,
      40.877235999999996,
      54.878494,
      24.461968,
      35.888282000000004,
      34.278942,
      12.713786,
      18.829278,
      48.602067999999996,
      25.266638,
      35.888282000000004,
      37.980424,
      0.9656039999999999,
      37.336687999999995,
      3.5405480000000003,
      34.439876,
      7.402963999999999,
      33.79614,
      49.567672,
      3.7014819999999995,
      39.911632000000004,
      4.345218,
      3.057746,
      10.299776000000001,
      4.9889540000000006,
      21.887024,
      26.875978,
      3.8624159999999996,
      36.853885999999996,
      3.5405480000000003,
      33.79614,
      16.254334,
      13.035654,
      25.910374,
      23.33543,
      24.461968,
      14.805927999999998,
      3.5405480000000003,
      37.01482,
      3.21868
    ],
    [
      29.611855999999996,
      31.864932,
      28.807185999999998,
      42.164708,
      30.57746,
      14.001257999999998,
      31.060262,
      0.0,
      30.738394000000003,
      30.57746,
      48.763002,
      13.357522000000001,
      29.450922000000002,
      39.911632000000004,
      45.705256,
      29.933724,
      35.566414,
      26.071308,
      28.485318,
      20.599552000000003,
      41.520972,
      55.52223,
      12.87472,
      51.820748,
      12.713786,
      24.94477,
      15.610598,
      49.245804,
      10.46071,
      13.196587999999998,
      12.713786,
      33.313338,
      13.035654,
      30.899327999999997,
      15.610598,
      43.130312,
      49.728606,
      50.211408,
      30.738394000000003,
      40.555368,
      29.77279,
      29.933724,
      43.774048,
      29.450922000000002,
      12.230984,
      43.45218,
      39.42883,
      13.67939,
      30.899327999999997,
      49.728606,
      24.783836,
      22.047957999999998,
      56.970636,
      29.129054000000004,
      12.713786,
      59.062778,
      29.129054000000004,
      13.518456,
      29.933724
    ],
    [
      13.840323999999999,
      27.197846,
      0.32186800000000004,
      42.486576,
      3.5405480000000003,
      15.127796,
      4.02335,
      30.738394000000003,
      0.0,
      0.48280199999999995,
      47.636464000000004,
      31.060262,
      2.2530759999999996,
      38.62416,
      44.417784000000005,
      3.21868,
      13.357522000000001,
      18.346476,
      3.057746,
      9.65604,
      40.394434000000004,
      54.395692,
      22.53076,
      34.118007999999996,
      32.508668,
      10.943512,
      16.89807,
      48.119265999999996,
      23.33543,
      33.957074,
      36.049215999999994,
      3.8624159999999996,
      35.40548,
      0.6437360000000001,
      32.508668,
      13.67939,
      31.864932,
      49.08487,
      0.48280199999999995,
      39.42883,
      2.41401,
      1.9312079999999998,
      14.323126,
      3.057746,
      19.794882,
      18.668343999999998,
      9.977908000000001,
      35.083612,
      0.6437360000000001,
      31.864932,
      14.162192000000001,
      10.943512,
      27.519714,
      21.404222,
      22.369826,
      18.990212,
      1.60934,
      35.244546,
      0.6437360000000001
    ],
    [
      13.518456,
      26.875978,
      0.32186800000000004,
      42.325642,
      3.21868,
      14.805927999999998,
      3.7014819999999995,
      30.57746,
      0.48280199999999995,
      0.0,
      47.636464000000004,
      30.57746,
      2.2530759999999996,
      38.62416,
      44.417784000000005,
      3.21868,
      12.87472,
      17.863674,
      3.057746,
      9.65604,
      40.394434000000004,
      54.395692,
      22.53076,
      33.635206,
      32.025866,
      10.621644,
      16.737136,
      48.119265999999996,
      23.33543,
      33.635206,
      35.727348,
      3.5405480000000003,
      35.083612,
      0.48280199999999995,
      32.1868,
      13.196587999999998,
      31.543064,
      49.08487,
      0.16093400000000002,
      39.42883,
      2.092142,
      1.9312079999999998,
      13.840323999999999,
      3.057746,
      19.794882,
      28.002515999999996,
      9.495106,
      34.60081,
      0.48280199999999995,
      31.543064,
      14.162192000000001,
      10.943512,
      27.036912,
      21.082354,
      22.369826,
      18.668343999999998,
      1.60934,
      34.761744,
      0.48280199999999995
    ],
    [
      34.439876,
      37.980424,
      47.47553,
      15.932466,
      47.636464000000004,
      35.244546,
      48.119265999999996,
      48.763002,
      47.636464000000004,
      47.636464000000004,
      0.0,
      47.958332,
      46.509926,
      9.816974,
      3.8624159999999996,
      44.739652,
      54.878494,
      45.383388,
      45.705256,
      37.497622,
      7.724831999999999,
      9.495106,
      41.03817,
      71.132828,
      52.142616,
      42.164708,
      39.750698,
      3.21868,
      41.84284,
      53.591021999999995,
      54.71756,
      47.47553,
      53.91289,
      49.245804,
      59.867448,
      56.970636,
      69.040686,
      4.184284,
      49.406738,
      13.196587999999998,
      50.050474,
      46.992728,
      57.614371999999996,
      46.67086,
      38.463226,
      46.67086,
      50.855144,
      62.28145800000001,
      49.245804,
      69.040686,
      42.003774,
      39.267896,
      74.995244,
      48.602067999999996,
      41.03817,
      62.442392,
      46.348992,
      62.442392,
      47.153662000000004
    ],
    [
      29.933724,
      32.1868,
      30.738394000000003,
      42.486576,
      32.347734,
      13.840323999999999,
      32.830535999999995,
      13.357522000000001,
      31.060262,
      30.57746,
      47.958332,
      0.0,
      23.818232000000002,
      38.785094,
      44.578718,
      24.461968,
      22.208892000000002,
      15.610598,
      23.013562,
      17.219938,
      40.394434000000004,
      54.556625999999994,
      16.254334,
      38.62416,
      3.379614,
      14.162192000000001,
      12.230984,
      48.2802,
      13.840323999999999,
      4.9889540000000006,
      6.115492,
      32.508668,
      5.310822,
      29.77279,
      7.563898,
      42.325642,
      36.532018,
      49.08487,
      30.255592,
      39.589764,
      28.96812,
      24.301033999999998,
      42.969378,
      23.818232000000002,
      13.67939,
      42.486576,
      38.62416,
      6.115492,
      29.77279,
      36.532018,
      24.622902,
      15.771532,
      56.165966,
      15.932466,
      16.0934,
      45.86619,
      23.657297999999997,
      5.63269,
      24.461968
    ],
    [
      12.07005,
      25.427572,
      2.2530759999999996,
      41.03817,
      2.735878,
      13.67939,
      3.21868,
      29.450922000000002,
      2.2530759999999996,
      2.2530759999999996,
      46.509926,
      23.818232000000002,
      0.0,
      37.497622,
      43.291246,
      1.448406,
      14.001257999999998,
      18.990212,
      2.5749440000000003,
      8.368568,
      39.106962,
      53.10822,
      21.243288,
      34.761744,
      33.152404000000004,
      10.943512,
      15.610598,
      46.831794,
      22.047957999999998,
      34.60081,
      36.692952,
      3.379614,
      36.049215999999994,
      1.9312079999999998,
      33.152404000000004,
      10.46071,
      32.508668,
      47.797398,
      1.60934,
      38.141358,
      3.379614,
      0.335,
      15.127796,
      2.41401,
      18.668343999999998,
      16.89807,
      7.0810960000000005,
      35.566414,
      1.7702740000000001,
      32.508668,
      12.87472,
      9.816974,
      28.16345,
      22.047957999999998,
      21.082354,
      19.794882,
      0.32186800000000004,
      35.888282000000004,
      0.80467
    ],
    [
      25.588506,
      29.129054000000004,
      38.62416,
      6.9201619999999995,
      38.62416,
      26.393175999999997,
      39.106962,
      39.911632000000004,
      38.62416,
      38.62416,
      9.816974,
      38.785094,
      37.497622,
      0.0,
      6.43736,
      35.566414,
      45.86619,
      36.21015,
      36.532018,
      28.324384000000002,
      2.41401,
      16.415267999999998,
      32.025866,
      61.95959,
      42.969378,
      33.152404000000004,
      30.57746,
      10.138842,
      32.669602,
      44.417784000000005,
      45.705256,
      38.302292,
      44.739652,
      40.072565999999995,
      50.69421,
      47.958332,
      59.867448,
      11.104446000000001,
      40.2335,
      4.02335,
      41.03817,
      37.980424,
      60.993986,
      37.497622,
      29.289987999999997,
      37.658556,
      41.84284,
      53.10822,
      40.072565999999995,
      59.867448,
      32.830535999999995,
      30.094658,
      65.98294,
      39.42883,
      31.864932,
      53.10822,
      37.175754000000005,
      53.269154,
      37.980424
    ],
    [
      31.38213,
      34.922678,
      44.417784000000005,
      12.713786,
      44.417784000000005,
      32.1868,
      44.900586,
      45.705256,
      44.417784000000005,
      44.417784000000005,
      3.8624159999999996,
      44.578718,
      43.291246,
      6.43736,
      0.0,
      41.520972,
      51.820748,
      42.325642,
      42.64751,
      34.278942,
      4.506151999999999,
      10.782578,
      37.980424,
      68.075082,
      48.923936,
      39.106962,
      36.532018,
      4.506151999999999,
      38.785094,
      50.533276,
      51.659814000000004,
      44.417784000000005,
      50.69421,
      46.027124,
      56.648768000000004,
      53.91289,
      65.822006,
      5.310822,
      46.188058,
      9.977908000000001,
      46.992728,
      43.934982,
      66.948544,
      43.45218,
      35.40548,
      43.613114,
      47.797398,
      59.22371199999999,
      46.188058,
      65.822006,
      38.785094,
      36.049215999999994,
      71.937498,
      45.383388,
      37.81949,
      59.384646,
      43.291246,
      59.384646,
      44.095915999999995
    ],
    [
      10.782578,
      24.1401,
      3.057746,
      39.106962,
      3.057746,
      14.323126,
      3.5405480000000003,
      29.933724,
      3.21868,
      3.21868,
      44.739652,
      24.461968,
      1.448406,
      35.566414,
      41.520972,
      0.0,
      17.059003999999998,
      22.047957999999998,
      3.21868,
      9.012303999999999,
      37.01482,
      51.177012,
      21.887024,
      37.81949,
      36.21015,
      11.587248,
      16.254334,
      44.900586,
      22.691694,
      37.81949,
      39.911632000000004,
      3.5405480000000003,
      39.267896,
      3.21868,
      36.371084,
      13.196587999999998,
      35.727348,
      45.86619,
      2.896812,
      36.21015,
      6.276426,
      2.092142,
      13.518456,
      3.7014819999999995,
      19.31208,
      15.610598,
      7.0810960000000005,
      38.785094,
      3.21868,
      35.727348,
      13.518456,
      10.46071,
      26.875978,
      25.266638,
      21.72609,
      18.50741,
      2.2530759999999996,
      38.946028,
      2.2530759999999996
    ],
    [
      27.197846,
      39.267896,
      13.035654,
      49.406738,
      14.644993999999999,
      20.760486,
      15.127796,
      35.566414,
      13.357522000000001,
      12.87472,
      54.878494,
      22.208892000000002,
      14.001257999999998,
      45.86619,
      51.820748,
      17.059003999999998,
      0.0,
      9.816974,
      14.001257999999998,
      12.391918,
      48.441134000000005,
      62.442392,
      28.485318,
      17.219938,
      23.979166,
      9.334171999999999,
      20.599552000000003,
      56.165966,
      28.96812,
      25.427572,
      27.519714,
      13.840323999999999,
      26.875978,
      11.104446000000001,
      23.979166,
      23.657297999999997,
      14.805927999999998,
      57.131569999999996,
      11.587248,
      47.47553,
      9.173238,
      12.87472,
      24.301033999999998,
      14.001257999999998,
      25.910374,
      38.463226,
      19.955816000000002,
      26.55411,
      11.104446000000001,
      14.805927999999998,
      18.024607999999997,
      13.357522000000001,
      37.497622,
      12.87472,
      28.485318,
      32.669602,
      12.552852,
      26.55411,
      12.713786
    ],
    [
      27.35878,
      29.611855999999996,
      18.024607999999997,
      39.911632000000004,
      19.633948,
      11.26538,
      20.11675,
      26.071308,
      18.346476,
      17.863674,
      45.383388,
      15.610598,
      18.990212,
      36.21015,
      42.325642,
      22.047957999999998,
      9.816974,
      0.0,
      17.70274,
      14.805927999999998,
      38.141358,
      52.142616,
      18.185542,
      29.450922000000002,
      14.644993999999999,
      7.724831999999999,
      10.299776000000001,
      45.86619,
      18.668343999999998,
      16.0934,
      21.72609,
      19.955816000000002,
      16.415267999999998,
      17.380872,
      18.185542,
      29.933724,
      27.35878,
      46.831794,
      17.70274,
      37.175754000000005,
      16.576202000000002,
      19.151146,
      30.57746,
      20.277684,
      15.610598,
      40.072565999999995,
      26.232242,
      20.599552000000003,
      17.380872,
      27.35878,
      22.208892000000002,
      11.426314,
      43.774048,
      6.9201619999999995,
      18.024607999999997,
      36.692952,
      18.829278,
      20.599552000000003,
      18.829278
    ],
    [
      13.840323999999999,
      27.197846,
      2.896812,
      40.2335,
      4.506151999999999,
      12.87472,
      4.9889540000000006,
      28.485318,
      3.057746,
      3.057746,
      45.705256,
      23.013562,
      2.5749440000000003,
      36.532018,
      42.64751,
      3.21868,
      14.001257999999998,
      17.70274,
      0.0,
      7.0810960000000005,
      37.81949,
      51.820748,
      19.955816000000002,
      36.21015,
      24.622902,
      9.65604,
      14.323126,
      45.544322,
      20.760486,
      26.232242,
      27.35878,
      5.149888000000001,
      26.55411,
      3.379614,
      34.60081,
      20.92142,
      33.957074,
      46.509926,
      3.057746,
      36.853885999999996,
      4.9889540000000006,
      2.5749440000000003,
      21.565156,
      1.1265379999999998,
      17.380872,
      20.92142,
      8.85137,
      27.35878,
      3.379614,
      33.957074,
      11.748182,
      8.529501999999999,
      34.761744,
      21.082354,
      19.794882,
      26.393175999999997,
      2.2530759999999996,
      26.875978,
      2.2530759999999996
    ],
    [
      19.473014,
      21.72609,
      9.495106,
      32.025866,
      11.104446000000001,
      6.9201619999999995,
      11.587248,
      20.599552000000003,
      9.65604,
      9.65604,
      37.497622,
      17.219938,
      8.368568,
      28.324384000000002,
      34.278942,
      9.012303999999999,
      12.391918,
      14.805927999999998,
      7.0810960000000005,
      0.0,
      30.416525999999998,
      44.417784000000005,
      12.552852,
      42.486576,
      23.33543,
      7.0810960000000005,
      10.138842,
      38.141358,
      13.357522000000001,
      24.94477,
      23.174496,
      12.391918,
      25.105704,
      9.977908000000001,
      30.899327999999997,
      22.53076,
      40.2335,
      39.106962,
      9.65604,
      29.450922000000002,
      9.173238,
      8.85137,
      23.174496,
      8.368568,
      9.977908000000001,
      32.347734,
      18.829278,
      33.635206,
      9.977908000000001,
      40.2335,
      8.368568,
      3.379614,
      36.371084,
      19.794882,
      12.391918,
      28.002515999999996,
      8.0467,
      25.588506,
      8.85137
    ],
    [
      27.197846,
      30.738394000000003,
      40.2335,
      8.529501999999999,
      40.394434000000004,
      28.002515999999996,
      40.877235999999996,
      41.520972,
      40.394434000000004,
      40.394434000000004,
      7.724831999999999,
      40.394434000000004,
      39.106962,
      2.41401,
      4.506151999999999,
      37.01482,
      48.441134000000005,
      38.141358,
      37.81949,
      30.416525999999998,
      0.0,
      14.48406,
      33.79614,
      63.890798000000004,
      44.739652,
      34.922678,
      32.508668,
      8.207633999999999,
      34.60081,
      46.348992,
      47.47553,
      40.2335,
      46.67086,
      42.003774,
      52.464484,
      49.728606,
      61.637722,
      9.173238,
      42.003774,
      5.793624,
      42.808444,
      39.750698,
      62.76426,
      39.267896,
      31.221196,
      39.42883,
      45.86619,
      55.039428,
      42.003774,
      61.637722,
      34.60081,
      32.025866,
      67.753214,
      41.199104000000005,
      33.635206,
      55.039428,
      39.106962,
      46.992728,
      39.911632000000004
    ],
    [
      41.199104000000005,
      44.739652,
      54.23475800000001,
      22.691694,
      54.395692,
      42.003774,
      54.878494,
      55.52223,
      54.395692,
      54.395692,
      9.495106,
      54.556625999999994,
      53.10822,
      16.415267999999998,
      10.782578,
      51.177012,
      62.442392,
      52.142616,
      51.820748,
      44.417784000000005,
      14.48406,
      0.0,
      47.797398,
      77.892056,
      58.901844000000004,
      48.923936,
      46.509926,
      6.276426,
      48.602067999999996,
      60.35025,
      61.476788000000006,
      54.23475800000001,
      60.672118000000005,
      56.00503199999999,
      66.30480800000001,
      63.56893,
      75.799914,
      5.471756,
      56.165966,
      19.955816000000002,
      56.970636,
      53.430088000000005,
      76.765518,
      53.430088000000005,
      45.222454,
      53.430088000000005,
      59.867448,
      69.040686,
      56.00503199999999,
      75.799914,
      48.763002,
      46.027124,
      81.915406,
      55.361295999999996,
      47.797398,
      69.040686,
      53.10822,
      69.040686,
      53.91289
    ],
    [
      23.013562,
      25.427572,
      22.369826,
      35.566414,
      23.979166,
      7.885766,
      24.461968,
      12.87472,
      22.53076,
      22.53076,
      41.03817,
      16.254334,
      21.243288,
      32.025866,
      37.980424,
      21.887024,
      28.485318,
      18.185542,
      19.955816000000002,
      12.552852,
      33.79614,
      47.797398,
      0.0,
      43.934982,
      18.829278,
      16.89807,
      7.724831999999999,
      41.199104000000005,
      2.5749440000000003,
      20.277684,
      19.955816000000002,
      24.94477,
      20.599552000000003,
      22.852628,
      32.347734,
      35.083612,
      41.84284,
      42.003774,
      22.53076,
      32.508668,
      21.72609,
      21.72609,
      35.727348,
      21.243288,
      3.21868,
      35.40548,
      31.221196,
      21.082354,
      22.852628,
      41.84284,
      16.576202000000002,
      13.840323999999999,
      48.763002,
      21.404222,
      0.32186800000000004,
      51.177012,
      20.92142,
      21.082354,
      21.72609
    ],
    [
      47.958332,
      55.361295999999996,
      33.79614,
      65.66107199999999,
      35.40548,
      37.01482,
      35.888282000000004,
      51.820748,
      34.118007999999996,
      33.635206,
      71.132828,
      38.62416,
      34.761744,
      61.95959,
      68.075082,
      37.81949,
      17.219938,
      29.450922000000002,
      36.21015,
      42.486576,
      63.890798000000004,
      77.892056,
      43.934982,
      0.0,
      38.785094,
      30.416525999999998,
      35.244546,
      70.81096,
      43.613114,
      40.2335,
      42.325642,
      35.083612,
      41.681906,
      22.369826,
      38.785094,
      22.53076,
      3.8624159999999996,
      71.77656400000001,
      32.99147,
      62.120524,
      20.92142,
      34.278942,
      23.174496,
      35.40548,
      40.555368,
      47.797398,
      26.393175999999997,
      41.199104000000005,
      22.369826,
      3.8624159999999996,
      47.153662000000004,
      31.060262,
      47.153662000000004,
      23.013562,
      42.969378,
      18.829278,
      33.957074,
      41.360037999999996,
      34.118007999999996
    ],
    [
      33.957074,
      36.371084,
      32.347734,
      46.509926,
      33.79614,
      17.863674,
      34.278942,
      12.713786,
      32.508668,
      32.025866,
      52.142616,
      3.379614,
      33.152404000000004,
      42.969378,
      48.923936,
      36.21015,
      23.979166,
      14.644993999999999,
      24.622902,
      23.33543,
      44.739652,
      58.901844000000004,
      18.829278,
      38.785094,
      0.0,
      16.0934,
      15.932466,
      52.625418,
      18.346476,
      1.448406,
      2.735878,
      34.278942,
      1.7702740000000001,
      31.703998,
      4.184284,
      44.417784000000005,
      38.463226,
      53.591021999999995,
      32.1868,
      43.934982,
      31.060262,
      33.635206,
      45.06152,
      25.588506,
      17.541806,
      46.831794,
      40.716302,
      2.735878,
      31.864932,
      38.463226,
      29.129054000000004,
      19.794882,
      58.097174,
      18.024607999999997,
      19.633948,
      47.797398,
      33.313338,
      2.2530759999999996,
      33.313338
    ],
    [
      23.33543,
      26.55411,
      10.782578,
      36.692952,
      12.230984,
      9.334171999999999,
      12.713786,
      24.94477,
      10.943512,
      10.621644,
      42.164708,
      14.162192000000001,
      10.943512,
      33.152404000000004,
      39.106962,
      11.587248,
      9.334171999999999,
      7.724831999999999,
      9.65604,
      7.0810960000000005,
      34.922678,
      48.923936,
      16.89807,
      30.416525999999998,
      16.0934,
      0.0,
      10.299776000000001,
      41.84284,
      17.059003999999998,
      16.576202000000002,
      17.70274,
      12.87472,
      16.89807,
      10.299776000000001,
      22.852628,
      23.013562,
      25.105704,
      42.808444,
      10.782578,
      33.152404000000004,
      9.65604,
      11.587248,
      23.657297999999997,
      10.299776000000001,
      13.67939,
      27.841582000000002,
      19.151146,
      17.70274,
      10.299776000000001,
      25.105704,
      14.644993999999999,
      6.115492,
      36.692952,
      11.426314,
      16.0934,
      34.60081,
      11.26538,
      17.219938,
      11.426314
    ],
    [
      21.72609,
      23.979166,
      16.737136,
      34.278942,
      18.346476,
      4.02335,
      18.829278,
      15.610598,
      16.89807,
      16.737136,
      39.750698,
      12.230984,
      15.610598,
      30.57746,
      36.532018,
      16.254334,
      20.599552000000003,
      10.299776000000001,
      14.323126,
      10.138842,
      32.508668,
      46.509926,
      7.724831999999999,
      35.244546,
      15.932466,
      10.299776000000001,
      0.0,
      39.911632000000004,
      8.207633999999999,
      17.219938,
      18.024607999999997,
      19.794882,
      17.541806,
      17.219938,
      24.301033999999998,
      28.646252,
      33.79614,
      40.877235999999996,
      16.89807,
      31.221196,
      16.415267999999998,
      16.0934,
      30.416525999999998,
      15.610598,
      5.149888000000001,
      34.118007999999996,
      24.94477,
      18.990212,
      17.219938,
      33.79614,
      14.323126,
      7.563898,
      42.486576,
      13.357522000000001,
      7.563898,
      43.130312,
      15.449663999999999,
      17.863674,
      16.0934
    ],
    [
      34.922678,
      38.463226,
      47.958332,
      16.415267999999998,
      48.119265999999996,
      35.727348,
      48.602067999999996,
      49.245804,
      48.119265999999996,
      48.119265999999996,
      3.21868,
      48.2802,
      46.831794,
      10.138842,
      4.506151999999999,
      44.900586,
      56.165966,
      45.86619,
      45.544322,
      38.141358,
      8.207633999999999,
      6.276426,
      41.199104000000005,
      70.81096,
      52.625418,
      41.84284,
      39.911632000000004,
      0.0,
      42.325642,
      54.073824,
      54.23475800000001,
      47.958332,
      54.395692,
      49.728606,
      60.02838199999999,
      57.453438000000006,
      69.523488,
      0.9656039999999999,
      49.88954,
      13.67939,
      50.69421,
      47.636464000000004,
      70.489092,
      47.153662000000004,
      38.946028,
      47.153662000000004,
      53.591021999999995,
      62.76426,
      49.728606,
      69.523488,
      42.486576,
      39.750698,
      75.63898,
      49.08487,
      41.520972,
      62.76426,
      46.831794,
      62.76426,
      47.636464000000004
    ],
    [
      23.818232000000002,
      26.232242,
      23.174496,
      36.371084,
      24.783836,
      8.368568,
      25.266638,
      10.46071,
      23.33543,
      23.33543,
      41.84284,
      13.840323999999999,
      22.047957999999998,
      32.669602,
      38.785094,
      22.691694,
      28.96812,
      18.668343999999998,
      20.760486,
      13.357522000000001,
      34.60081,
      48.602067999999996,
      2.5749440000000003,
      43.613114,
      18.346476,
      17.059003999999998,
      8.207633999999999,
      42.325642,
      0.0,
      18.024607999999997,
      17.70274,
      26.071308,
      18.346476,
      23.979166,
      20.599552000000003,
      36.21015,
      42.969378,
      43.291246,
      23.657297999999997,
      33.635206,
      22.852628,
      22.852628,
      36.853885999999996,
      22.369826,
      4.345218,
      36.532018,
      32.508668,
      18.668343999999998,
      23.979166,
      42.969378,
      17.70274,
      14.966862,
      49.88954,
      22.53076,
      2.5749440000000003,
      52.464484,
      22.208892000000002,
      18.50741,
      22.852628
    ],
    [
      35.566414,
      37.81949,
      33.79614,
      48.119265999999996,
      35.40548,
      19.473014,
      35.888282000000004,
      13.196587999999998,
      33.957074,
      33.635206,
      53.591021999999995,
      4.9889540000000006,
      34.60081,
      44.417784000000005,
      50.533276,
      37.81949,
      25.427572,
      16.0934,
      26.232242,
      24.94477,
      46.348992,
      60.35025,
      20.277684,
      40.2335,
      1.448406,
      16.576202000000002,
      17.219938,
      54.073824,
      18.024607999999997,
      0.0,
      3.379614,
      34.60081,
      2.41401,
      32.025866,
      2.5749440000000003,
      44.739652,
      38.785094,
      60.833051999999995,
      32.508668,
      45.383388,
      31.38213,
      33.957074,
      45.383388,
      26.875978,
      19.794882,
      54.073824,
      40.877235999999996,
      3.379614,
      32.025866,
      38.785094,
      30.57746,
      21.082354,
      58.419042,
      18.346476,
      20.277684,
      48.119265999999996,
      33.474272,
      2.896812,
      33.635206
    ],
    [
      36.692952,
      39.106962,
      35.888282000000004,
      49.245804,
      37.497622,
      20.599552000000003,
      37.980424,
      12.713786,
      36.049215999999994,
      35.727348,
      54.71756,
      6.115492,
      36.692952,
      45.705256,
      51.659814000000004,
      39.911632000000004,
      27.519714,
      21.72609,
      27.35878,
      23.174496,
      47.47553,
      61.476788000000006,
      19.955816000000002,
      42.325642,
      2.735878,
      17.70274,
      18.024607999999997,
      54.23475800000001,
      17.70274,
      3.379614,
      0.0,
      37.01482,
      0.80467,
      34.439876,
      4.02335,
      47.153662000000004,
      41.199104000000005,
      55.844098,
      34.922678,
      46.348992,
      33.635206,
      36.371084,
      47.797398,
      27.841582000000002,
      19.473014,
      49.245804,
      43.291246,
      1.1265379999999998,
      34.439876,
      41.199104000000005,
      31.38213,
      21.565156,
      60.833051999999995,
      20.760486,
      19.955816000000002,
      50.533276,
      35.888282000000004,
      1.448406,
      36.049215999999994
    ],
    [
      13.67939,
      27.036912,
      3.7014819999999995,
      42.003774,
      0.48280199999999995,
      17.541806,
      0.9656039999999999,
      33.313338,
      3.8624159999999996,
      3.5405480000000003,
      47.47553,
      32.508668,
      3.379614,
      38.302292,
      44.417784000000005,
      3.5405480000000003,
      13.840323999999999,
      19.955816000000002,
      5.149888000000001,
      12.391918,
      40.2335,
      54.23475800000001,
      24.94477,
      35.083612,
      34.278942,
      12.87472,
      19.794882,
      47.958332,
      26.071308,
      34.60081,
      37.01482,
      0.0,
      37.175754000000005,
      3.21868,
      33.957074,
      7.563898,
      33.635206,
      48.923936,
      3.7014819999999995,
      39.267896,
      4.184284,
      3.21868,
      10.299776000000001,
      4.9889540000000006,
      22.53076,
      26.071308,
      3.8624159999999996,
      36.692952,
      3.21868,
      33.635206,
      16.89807,
      13.67939,
      25.266638,
      23.174496,
      25.105704,
      15.449663999999999,
      3.5405480000000003,
      36.692952,
      3.21868
    ],
    [
      35.888282000000004,
      38.141358,
      35.244546,
      48.441134000000005,
      36.692952,
      19.794882,
      37.336687999999995,
      13.035654,
      35.40548,
      35.083612,
      53.91289,
      5.310822,
      36.049215999999994,
      44.739652,
      50.69421,
      39.267896,
      26.875978,
      16.415267999999998,
      26.55411,
      25.105704,
      46.67086,
      60.672118000000005,
      20.599552000000003,
      41.681906,
      1.7702740000000001,
      16.89807,
      17.541806,
      54.395692,
      18.346476,
      2.41401,
      0.80467,
      37.175754000000005,
      0.0,
      33.79614,
      3.379614,
      46.348992,
      40.394434000000004,
      55.039428,
      34.278942,
      45.383388,
      32.99147,
      35.566414,
      46.992728,
      26.875978,
      18.990212,
      48.2802,
      42.64751,
      0.80467,
      33.79614,
      40.394434000000004,
      30.57746,
      21.082354,
      60.189316,
      19.955816000000002,
      20.277684,
      49.88954,
      35.244546,
      0.48280199999999995,
      35.40548
    ],
    [
      15.449663999999999,
      28.807185999999998,
      0.6437360000000001,
      43.774048,
      3.057746,
      15.28873,
      3.5405480000000003,
      30.899327999999997,
      0.6437360000000001,
      0.48280199999999995,
      49.245804,
      29.77279,
      1.9312079999999998,
      40.072565999999995,
      46.027124,
      3.21868,
      11.104446000000001,
      17.380872,
      3.379614,
      9.977908000000001,
      42.003774,
      56.00503199999999,
      22.852628,
      22.369826,
      31.703998,
      10.299776000000001,
      17.219938,
      49.728606,
      23.979166,
      32.025866,
      34.439876,
      3.21868,
      33.79614,
      0.0,
      31.38213,
      13.196587999999998,
      19.955816000000002,
      49.08487,
      0.6437360000000001,
      39.42883,
      1.7702740000000001,
      1.9312079999999998,
      13.840323999999999,
      3.057746,
      19.955816000000002,
      27.841582000000002,
      9.334171999999999,
      34.118007999999996,
      0.007,
      19.955816000000002,
      14.162192000000001,
      10.943512,
      26.875978,
      20.599552000000003,
      22.369826,
      18.50741,
      1.60934,
      34.118007999999996,
      0.80467
    ],
    [
      41.84284,
      44.095915999999995,
      32.347734,
      54.395692,
      33.957074,
      25.588506,
      34.439876,
      15.610598,
      32.508668,
      32.1868,
      59.867448,
      7.563898,
      33.152404000000004,
      50.69421,
      56.648768000000004,
      36.371084,
      23.979166,
      18.185542,
      34.60081,
      30.899327999999997,
      52.464484,
      66.30480800000001,
      32.347734,
      38.785094,
      4.184284,
      22.852628,
      24.301033999999998,
      60.02838199999999,
      20.599552000000003,
      2.5749440000000003,
      4.02335,
      33.957074,
      3.379614,
      31.38213,
      0.0,
      43.291246,
      37.336687999999995,
      59.22371199999999,
      31.060262,
      49.728606,
      29.77279,
      32.347734,
      43.934982,
      33.474272,
      28.16345,
      52.464484,
      39.42883,
      3.057746,
      30.57746,
      37.336687999999995,
      34.761744,
      25.74944,
      56.970636,
      16.89807,
      30.57746,
      46.67086,
      32.025866,
      3.057746,
      32.1868
    ],
    [
      23.174496,
      36.532018,
      13.357522000000001,
      51.49888,
      7.724831999999999,
      27.519714,
      7.402963999999999,
      43.130312,
      13.67939,
