{
  "drive_dist_matrix": [
    [
      0.0,
      4.9,
      13.0,
      88.4,
      8.9,
      4.5,
      1.6,
      9.0,
      5.7,
      55.9,
      18.4,
      9.5,
      2.6,
      48.0,
      32.8,
      3.3,
      3.0,
      9.4,
      169.0,
      13.0,
      1.6,
      11.9,
      19.0,
      56.7,
      6.4,
      6.2,
      71.7,
      9.6,
      2.7,
      139.0,
      4.6,
      2.0,
      78.0,
      121.0,
      48.7,
      3.9,
      183.0
    ],
    [
      4.9,
      0.0,
      5.2,
      79.4,
      3.8,
      2.2,
      3.4,
      4.6,
      1.1,
      54.6,
      21.1,
      6.9,
      3.6,
      46.6,
      31.4,
      1.6,
      5.8,
      5.8,
      173.0,
      5.2,
      3.4,
      5.6,
      8.2,
      47.2,
      2.6,
      1.7,
      62.2,
      6.1,
      2.0,
      144.0,
      0.8,
      3.2,
      68.6,
      125.0,
      47.3,
      0.5,
      193.0
    ],
    [
      13.0,
      5.2,
      0.0,
      80.8,
      3.1,
      5.7,
      10.1,
      3.6,
      4.7,
      49.7,
      27.7,
      6.4,
      8.9,
      45.4,
      28.4,
      7.0,
      9.8,
      8.8,
      179.0,
      NaN,
      10.1,
      1.4,
      7.5,
      56.3,
      4.0,
      3.9,
      71.3,
      9.1,
      9.7,
      150.0,
      6.3,
      10.0,
      72.3,
      134.0,
      47.3,
      5.8,
      202.0
    ],
    [
      88.4,
      79.4,
      80.8,
      0.0,
      70.5,
      65.4,
      75.4,
      78.5,
      64.3,
      24.0,
      89.3,
      78.2,
      75.7,
      30.1,
      50.5,
      63.5,
      78.3,
      80.7,
      187.0,
      73.6,
      75.4,
      73.2,
      79.3,
      20.3,
      63.5,
      63.6,
      23.3,
      81.0,
      64.8,
      177.0,
      63.4,
      76.1,
      26.1,
      103.0,
      23.7,
      63.7,
      231.0
    ],
    [
      8.9,
      3.8,
      3.1,
      70.5,
      0.0,
      4.7,
      8.3,
      4.8,
      3.2,
      52.4,
      29.4,
      6.7,
      7.4,
      44.5,
      29.2,
      4.2,
      8.3,
      6.1,
      175.0,
      3.1,
      8.3,
      1.9,
      8.0,
      52.8,
      1.7,
      1.7,
      67.8,
      6.4,
      6.7,
      146.0,
      3.5,
      8.7,
      68.8,
      127.0,
      45.2,
      4.0,
      193.0
    ],
    [
      4.5,
      2.2,
      5.7,
      65.4,
      4.7,
      0.0,
      3.5,
      5.1,
      1.7,
      55.2,
      19.9,
      5.6,
      3.1,
      47.2,
      32.0,
      3.0,
      4.4,
      5.4,
      173.0,
      5.9,
      3.5,
      6.2,
      6.8,
      47.9,
      3.2,
      2.9,
      62.9,
      5.7,
      2.7,
      143.0,
      2.6,
      3.4,
      69.2,
      125.0,
      48.0,
      1.8,
      185.0
    ],
    [
      1.6,
      3.4,
      10.1,
      75.4,
      8.3,
      3.5,
      0.0,
      7.6,
      5.4,
      55.6,
      18.5,
      8.1,
      1.6,
      47.7,
      32.5,
      3.8,
      2.3,
      7.9,
      171.0,
      10.2,
      NaN,
      11.1,
      9.3,
      58.4,
      5.9,
      5.5,
      73.4,
      8.2,
      2.0,
      141.0,
      4.0,
      0.29,
      79.8,
      123.0,
      48.4,
      3.3,
      183.0
    ],
    [
      9.0,
      4.6,
      3.6,
      78.5,
      4.8,
      5.1,
      7.6,
      0.0,
      3.9,
      52.6,
      26.6,
      2.1,
      5.7,
      48.2,
      31.2,
      6.7,
      6.6,
      3.3,
      182.0,
      3.3,
      6.9,
      4.7,
      3.3,
      59.1,
      4.7,
      4.3,
      74.1,
      3.6,
      6.3,
      153.0,
      6.0,
      6.7,
      75.1,
      137.0,
      50.1,
      5.1,
      206.0
    ],
    [
      5.7,
      1.1,
      4.7,
      64.3,
      3.2,
      1.7,
      5.4,
      3.9,
      0.0,
      54.1,
      20.4,
      5.5,
      4.0,
      46.2,
      31.0,
      2.7,
      4.9,
      5.1,
      175.0,
      5.3,
      5.2,
      5.2,
      6.7,
      46.8,
      2.2,
      1.8,
      61.8,
      5.4,
      3.3,
      146.0,
      2.1,
      5.1,
      68.2,
      128.0,
      46.9,
      1.8,
      198.0
    ],
    [
      55.9,
      54.6,
      49.7,
      24.0,
      52.4,
      55.2,
      55.6,
      52.6,
      54.1,
      0.0,
      86.8,
      60.0,
      56.4,
      10.0,
      29.2,
      55.0,
      57.5,
      62.4,
      188.0,
      55.3,
      55.9,
      54.9,
      61.1,
      21.0,
      52.7,
      52.7,
      24.0,
      62.7,
      54.0,
      178.0,
      52.6,
      56.2,
      25.5,
      102.0,
      7.9,
      55.2,
      232.0
    ],
    [
      18.4,
      21.1,
      27.7,
      89.3,
      29.4,
      19.9,
      18.5,
      26.6,
      20.4,
      86.8,
      0.0,
      20.2,
      17.3,
      70.0,
      56.8,
      26.5,
      15.8,
      17.5,
      183.0,
      23.6,
      18.4,
      26.6,
      18.9,
      71.3,
      22.1,
      21.8,
      86.3,
      17.7,
      20.7,
      154.0,
      26.2,
      18.7,
      92.7,
      136.0,
      71.9,
      26.7,
      182.0
    ],
    [
      9.5,
      6.9,
      6.4,
      78.2,
      6.7,
      5.6,
      8.1,
      2.1,
      5.5,
      60.0,
      20.2,
      0.0,
      6.6,
      50.2,
      33.2,
      7.7,
      7.6,
      2.0,
      185.0,
      4.2,
      7.9,
      5.5,
      1.9,
      61.1,
      5.5,
      5.1,
      76.1,
      2.3,
      7.2,
      156.0,
      7.0,
      7.7,
      77.1,
      137.0,
      52.1,
      6.0,
      194.0
    ],
    [
      2.6,
      3.6,
      8.9,
      75.7,
      7.4,
      3.1,
      1.6,
      5.7,
      4.0,
      56.4,
      17.3,
      6.6,
      0.0,
      48.8,
      33.5,
      2.9,
      1.6,
      6.8,
      170.0,
      9.1,
      1.5,
      8.8,
      8.2,
      57.8,
      5.8,
      5.4,
      72.8,
      7.1,
      2.2,
      141.0,
      3.9,
      1.5,
      79.2,
      122.0,
      49.5,
      3.0,
      183.0
    ],
    [
      48.0,
      46.6,
      45.4,
      30.1,
      44.5,
      47.2,
      47.7,
      48.2,
      46.2,
      10.0,
      70.0,
      50.2,
      48.8,
      0.0,
      25.5,
      47.9,
      50.4,
      53.3,
      180.0,
      46.2,
      48.8,
      45.8,
      52.0,
      11.6,
      47.3,
      47.4,
      24.4,
      53.6,
      46.8,
      170.0,
      45.5,
      49.1,
      28.5,
      111.0,
      2.9,
      48.1,
      225.0
    ],
    [
      32.8,
      31.4,
      28.4,
      50.5,
      29.2,
      32.0,
      32.5,
      31.2,
      31.0,
      29.2,
      56.8,
      33.2,
      33.5,
      25.5,
      0.0,
      32.5,
      35.1,
      35.4,
      179.0,
      28.2,
      33.4,
      27.9,
      34.0,
      23.8,
      30.3,
      30.3,
      48.9,
      35.7,
      31.5,
      157.0,
      30.2,
      33.8,
      46.1,
      111.0,
      26.9,
      32.8,
      213.0
    ],
    [
      3.3,
      1.6,
      7.0,
      63.5,
      4.2,
      3.0,
      3.8,
      6.7,
      2.7,
      55.0,
      26.5,
      7.7,
      2.9,
      47.9,
      32.5,
      0.0,
      4.4,
      7.9,
      171.0,
      9.1,
      2.7,
      7.9,
      9.3,
      54.8,
      4.0,
      4.0,
      69.8,
      8.1,
      0.8,
      141.0,
      0.8,
      3.1,
      70.8,
      123.0,
      47.3,
      1.6,
      192.0
    ],
    [
      3.0,
      5.8,
      9.8,
      78.3,
      8.3,
      4.4,
      2.3,
      6.6,
      4.9,
      57.5,
      15.8,
      7.6,
      1.6,
      50.4,
      35.1,
      4.4,
      0.0,
      8.3,
      170.0,
      10.7,
      3.1,
      10.3,
      9.7,
      57.6,
      7.3,
      7.0,
      72.6,
      8.6,
      4.6,
      140.0,
      6.2,
      3.3,
      79.0,
      122.0,
      57.2,
      5.0,
      182.0
    ],
    [
      9.4,
      5.8,
      8.8,
      80.7,
      6.1,
      5.4,
      7.9,
      3.3,
      5.1,
      62.4,
      17.5,
      2.0,
      6.8,
      53.3,
      35.4,
      7.9,
      8.3,
      0.0,
      184.0,
      5.5,
      8.1,
      6.5,
      2.0,
      62.4,
      5.7,
      5.3,
      77.4,
      0.28,
      7.5,
      154.0,
      6.5,
      7.9,
      78.4,
      136.0,
      53.4,
      6.3,
      205.0
    ],
    [
      169.0,
      173.0,
      179.0,
      187.0,
      175.0,
      173.0,
      171.0,
      182.0,
      175.0,
      188.0,
      183.0,
      185.0,
      170.0,
      180.0,
      179.0,
      171.0,
      170.0,
      184.0,
      0.0,
      181.0,
      171.0,
      181.0,
      186.0,
      170.0,
      176.0,
      176.0,
      171.0,
      185.0,
      174.0,
      29.7,
      173.0,
      172.0,
      192.0,
      105.0,
      179.0,
      174.0,
      166.0
    ],
    [
      13.0,
      5.2,
      NaN,
      73.6,
      3.1,
      5.9,
      10.2,
      3.3,
      5.3,
      55.3,
      23.6,
      4.2,
      9.1,
      46.2,
      28.2,
      9.1,
      10.7,
      5.5,
      181.0,
      0.0,
      10.1,
      1.4,
      7.5,
      56.3,
      4.0,
      3.9,
      71.3,
      9.1,
      9.7,
      150.0,
      6.3,
      10.0,
      72.3,
      134.0,
      47.3,
      5.8,
      202.0
    ],
    [
      1.6,
      3.4,
      10.1,
      75.4,
      8.3,
      3.5,
      NaN,
      6.9,
      5.2,
      55.9,
      18.4,
      7.9,
      1.5,
      48.8,
      33.4,
      2.7,
      3.1,
      8.1,
      171.0,
      10.1,
      0.0,
      11.1,
      9.3,
      58.4,
      5.9,
      5.5,
      73.4,
      8.2,
      2.0,
      141.0,
      4.0,
      0.29,
      79.8,
      123.0,
      48.4,
      3.3,
      183.0
    ],
    [
      11.9,
      5.6,
      1.4,
      73.2,
      1.9,
      6.2,
      11.1,
      4.7,
      5.2,
      54.9,
      26.6,
      5.5,
      8.8,
      45.8,
      27.9,
      7.9,
      10.3,
      6.5,
      181.0,
      1.4,
      11.1,
      0.0,
      8.1,
      53.8,
      3.6,
      3.7,
      68.7,
      9.7,
      8.7,
      150.0,
      5.6,
      10.7,
      69.7,
      131.0,
      47.8,
      6.1,
      198.0
    ],
    [
      19.0,
      8.2,
      7.5,
      79.3,
      8.0,
      6.8,
      9.3,
      3.3,
      6.7,
      61.1,
      18.9,
      1.9,
      8.2,
      52.0,
      34.0,
      9.3,
      9.7,
      2.0,
      186.0,
      7.5,
      9.3,
      8.1,
      0.0,
      61.9,
      7.2,
      6.8,
      76.9,
      1.8,
      9.0,
      154.0,
      8.1,
      9.5,
      77.9,
      135.0,
      52.9,
      7.8,
      192.0
    ],
    [
      56.7,
      47.2,
      56.3,
      20.3,
      52.8,
      47.9,
      58.4,
      59.1,
      46.8,
      21.0,
      71.3,
      61.1,
      57.8,
      11.6,
      23.8,
      54.8,
      57.6,
      62.4,
      170.0,
      56.3,
      58.4,
      53.8,
      61.9,
      0.0,
      45.3,
      45.3,
      15.2,
      62.7,
      46.5,
      158.0,
      45.2,
      57.9,
      26.8,
      101.0,
      13.6,
      45.5,
      213.0
    ],
    [
      6.4,
      2.6,
      4.0,
      63.5,
      1.7,
      3.2,
      5.9,
      4.7,
      2.2,
      52.7,
      22.1,
      5.5,
      5.8,
      47.3,
      30.3,
      4.0,
      7.3,
      5.7,
      176.0,
      4.0,
      5.9,
      3.6,
      7.2,
      45.3,
      0.0,
      0.6,
      60.5,
      6.3,
      4.9,
      144.0,
      2.4,
      5.2,
      66.9,
      126.0,
      45.6,
      2.6,
      197.0
    ],
    [
      6.2,
      1.7,
      3.9,
      63.6,
      1.7,
      2.9,
      5.5,
      4.3,
      1.8,
      52.7,
      21.8,
      5.1,
      5.4,
      47.4,
      30.3,
      4.0,
      7.0,
      5.3,
      176.0,
      3.9,
      5.5,
      3.7,
      6.8,
      45.3,
      0.6,
      0.0,
      60.9,
      5.8,
      5.3,
      145.0,
      2.7,
      4.9,
      67.3,
      127.0,
      46.0,
      2.3,
      197.0
    ],
    [
      71.7,
      62.2,
      71.3,
      23.3,
      67.8,
      62.9,
      73.4,
      74.1,
      61.8,
      24.0,
      86.3,
      76.1,
      72.8,
      24.4,
      48.9,
      69.8,
      72.6,
      77.4,
      171.0,
      71.3,
      73.4,
      68.7,
      76.9,
      15.2,
      60.5,
      60.9,
      0.0,
      77.0,
      60.9,
      160.0,
      59.5,
      72.2,
      27.3,
      74.1,
      20.6,
      59.8,
      227.0
    ],
    [
      9.6,
      6.1,
      9.1,
      81.0,
      6.4,
      5.7,
      8.2,
      3.6,
      5.4,
      62.7,
      17.7,
      2.3,
      7.1,
      53.6,
      35.7,
      8.1,
      8.6,
      0.28,
      185.0,
      9.1,
      8.2,
      9.7,
      1.8,
      62.7,
      6.3,
      5.8,
      77.0,
      0.0,
      7.2,
      154.0,
      6.3,
      7.7,
      78.2,
      135.0,
      53.2,
      6.1,
      205.0
    ],
    [
      2.7,
      2.0,
      9.7,
      64.8,
      6.7,
      2.7,
      2.0,
      6.3,
      3.3,
      54.0,
      20.7,
      7.2,
      2.2,
      46.8,
      31.5,
      0.8,
      4.6,
      7.5,
      174.0,
      9.7,
      2.0,
      8.7,
      9.0,
      46.5,
      4.9,
      5.3,
      60.9,
      7.2,
      0.0,
      141.0,
      2.3,
      2.5,
      68.4,
      122.0,
      47.1,
      1.8,
      192.0
    ],
    [
      139.0,
      144.0,
      150.0,
      177.0,
      146.0,
      143.0,
      141.0,
      153.0,
      146.0,
      178.0,
      154.0,
      156.0,
      141.0,
      170.0,
      157.0,
      141.0,
      140.0,
      154.0,
      29.7,
      150.0,
      141.0,
      150.0,
      154.0,
      158.0,
      144.0,
      145.0,
      160.0,
      154.0,
      141.0,
      0.0,
      142.0,
      141.0,
      181.0,
      129.0,
      168.0,
      143.0,
      134.0
    ],
    [
      4.6,
      0.8,
      6.3,
      63.4,
      3.5,
      2.6,
      4.0,
      6.0,
      2.1,
      52.6,
      26.2,
      7.0,
      3.9,
      45.5,
      30.2,
      0.8,
      6.2,
      6.5,
      173.0,
      6.3,
      4.0,
      5.6,
      8.1,
      45.2,
      2.4,
      2.7,
      59.5,
      6.3,
      2.3,
      142.0,
      0.0,
      3.3,
      70.0,
      124.0,
      46.4,
      0.9,
      190.0
    ],
    [
      2.0,
      3.2,
      10.0,
      76.1,
      8.7,
      3.4,
      0.29,
      6.7,
      5.1,
      56.2,
      18.7,
      7.7,
      1.5,
      49.1,
      33.8,
      3.1,
      3.3,
      7.9,
      172.0,
      10.0,
      0.29,
      10.7,
      9.5,
      57.9,
      5.2,
      4.9,
      72.2,
      7.7,
      2.5,
      141.0,
      3.3,
      0.0,
      79.8,
      123.0,
      48.6,
      2.5,
      183.0
    ],
    [
      78.0,
      68.6,
      72.3,
      26.1,
      68.8,
      69.2,
      79.8,
      75.1,
      68.2,
      25.5,
      92.7,
      77.1,
      79.2,
      28.5,
      46.1,
      70.8,
      79.0,
      78.4,
      192.0,
      72.3,
      79.8,
      69.7,
      77.9,
      26.8,
      66.9,
      67.3,
      27.3,
      78.2,
      68.4,
      181.0,
      70.0,
      79.8,
      0.0,
      106.0,
      26.9,
      67.7,
      235.0
    ],
    [
      121.0,
      125.0,
      134.0,
      103.0,
      127.0,
      125.0,
      123.0,
      137.0,
      128.0,
      102.0,
      136.0,
      137.0,
      122.0,
      111.0,
      111.0,
      123.0,
      122.0,
      136.0,
      105.0,
      134.0,
      123.0,
      131.0,
      135.0,
      101.0,
      126.0,
      127.0,
      74.1,
      135.0,
      122.0,
      129.0,
      124.0,
      123.0,
      106.0,
      0.0,
      103.0,
      124.0,
      239.0
    ],
    [
      48.7,
      47.3,
      47.3,
      23.7,
      45.2,
      48.0,
      48.4,
      50.1,
      46.9,
      7.9,
      71.9,
      52.1,
      49.5,
      2.9,
      26.9,
      47.3,
      57.2,
      53.4,
      179.0,
      47.3,
      48.4,
      47.8,
      52.9,
      13.6,
      45.6,
      46.0,
      20.6,
      53.2,
      47.1,
      168.0,
      46.4,
      48.6,
      26.9,
      103.0,
      0.0,
      50.7,
      225.0
    ],
    [
      3.9,
      0.5,
      5.8,
      63.7,
      4.0,
      1.8,
      3.3,
      5.1,
      1.8,
      55.2,
      26.7,
      6.0,
      3.0,
      48.1,
      32.8,
      1.6,
      5.0,
      6.3,
      174.0,
      5.8,
      3.3,
      6.1,
      7.8,
      45.5,
      2.6,
      2.3,
      59.8,
      6.1,
      1.8,
      143.0,
      0.9,
      2.5,
      67.7,
      124.0,
      50.7,
      0.0,
      194.0
    ],
    [
      183.0,
      193.0,
      202.0,
      231.0,
      193.0,
      185.0,
      183.0,
      206.0,
      198.0,
      232.0,
      182.0,
      194.0,
      183.0,
      225.0,
      213.0,
      192.0,
      182.0,
      205.0,
      166.0,
      202.0,
      183.0,
      198.0,
      192.0,
      213.0,
      197.0,
      197.0,
      227.0,
      205.0,
      192.0,
      134.0,
      190.0,
      183.0,
      235.0,
      239.0,
      225.0,
      194.0,
      0.0
    ]
  ],
  "drive_time_matrix": [
    [
      0.0,
      15.0,
      30.0,
      65.0,
      23.0,
      15.0,
      6.0,
      25.0,
      19.0,
      55.0,
      29.0,
      26.0,
      9.0,
      54.0,
      41.0,
      11.0,
      10.0,
      25.0,
      120.0,
      30.0,
      6.0,
      28.0,
      26.0,
      49.0,
      21.0,
      21.0,
      64.0,
      26.0,
      9.0,
      124.0,
      15.0,
      6.0,
      72.0,
      97.0,
      55.0,
      13.0,
      161.0
    ],
    [
      15.0,
      0.0,
      18.0,
      68.0,
      13.0,
      7.0,
      13.0,
      17.0,
      5.0,
      54.0,
      40.0,
      20.0,
      15.0,
      53.0,
      40.0,
      7.0,
      18.0,
      19.0,
      129.0,
      18.0,
      13.0,
      18.0,
      22.0,
      54.0,
      8.0,
      7.0,
      68.0,
      19.0,
      9.0,
      134.0,
      10.0,
      13.0,
      76.0,
      106.0,
      54.0,
      7.0,
      171.0
    ],
    [
      30.0,
      18.0,
      0.0,
      63.0,
      11.0,
      18.0,
      28.0,
      10.0,
      15.0,
      46.0,
      35.0,
      12.0,
      25.0,
      43.0,
      32.0,
      23.0,
      27.0,
      15.0,
      128.0,
      NaN,
      28.0,
      6.0,
      13.0,
      48.0,
      12.0,
      12.0,
      63.0,
      15.0,
      25.0,
      133.0,
      20.0,
      28.0,
      70.0,
      104.0,
      46.0,
      19.0,
      167.0
    ],
    [
      65.0,
      68.0,
      63.0,
      0.0,
      60.0,
      69.0,
      66.0,
      68.0,
      67.0,
      21.0,
      77.0,
      65.0,
      69.0,
      31.0,
      47.0,
      64.0,
      66.0,
      69.0,
      123.0,
      61.0,
      66.0,
      60.0,
      67.0,
      21.0,
      63.0,
      63.0,
      28.0,
      69.0,
      65.0,
      139.0,
      61.0,
      66.0,
      30.0,
      83.0,
      26.0,
      65.0,
      180.0
    ],
    [
      23.0,
      13.0,
      11.0,
      60.0,
      0.0,
      15.0,
      23.0,
      16.0,
      11.0,
      50.0,
      43.0,
      19.0,
      23.0,
      47.0,
      37.0,
      17.0,
      25.0,
      18.0,
      127.0,
      10.0,
      23.0,
      7.0,
      21.0,
      49.0,
      5.0,
      6.0,
      64.0,
      19.0,
      18.0,
      132.0,
      14.0,
      23.0,
      71.0,
      104.0,
      49.0,
      14.0,
      168.0
    ],
    [
      15.0,
      7.0,
      18.0,
      69.0,
      15.0,
      0.0,
      15.0,
      15.0,
      7.0,
      57.0,
      39.0,
      17.0,
      12.0,
      55.0,
      43.0,
      11.0,
      15.0,
      16.0,
      131.0,
      20.0,
      15.0,
      20.0,
      19.0,
      56.0,
      10.0,
      9.0,
      71.0,
      16.0,
      11.0,
      136.0,
      12.0,
      14.0,
      79.0,
      108.0,
      56.0,
      8.0,
      171.0
    ],
    [
      6.0,
      13.0,
      28.0,
      66.0,
      23.0,
      15.0,
      0.0,
      21.0,
      17.0,
      55.0,
      32.0,
      22.0,
      6.0,
      54.0,
      41.0,
      10.0,
      8.0,
      21.0,
      122.0,
      28.0,
      NaN,
      27.0,
      24.0,
      53.0,
      19.0,
      18.0,
      67.0,
      22.0,
      8.0,
      127.0,
      12.0,
      4.0,
      75.0,
      99.0,
      55.0,
      10.0,
      162.0
    ],
    [
      25.0,
      17.0,
      10.0,
      68.0,
      16.0,
      15.0,
      21.0,
      0.0,
      13.0,
      51.0,
      34.0,
      7.0,
      19.0,
      48.0,
      38.0,
      20.0,
      20.0,
      9.0,
      134.0,
      9.0,
      21.0,
      13.0,
      11.0,
      54.0,
      14.0,
      13.0,
      68.0,
      9.0,
      19.0,
      138.0,
      19.0,
      21.0,
      76.0,
      110.0,
      52.0,
      17.0,
      166.0
    ],
    [
      19.0,
      5.0,
      15.0,
      67.0,
      11.0,
      7.0,
      17.0,
      13.0,
      0.0,
      52.0,
      40.0,
      17.0,
      15.0,
      50.0,
      39.0,
      12.0,
      17.0,
      16.0,
      129.0,
      17.0,
      18.0,
      17.0,
      19.0,
      52.0,
      7.0,
      5.0,
      67.0,
      16.0,
      15.0,
      134.0,
      9.0,
      18.0,
      75.0,
      106.0,
      52.0,
      8.0,
      168.0
    ],
    [
      55.0,
      54.0,
      46.0,
      21.0,
      50.0,
      57.0,
      55.0,
      51.0,
      52.0,
      0.0,
      71.0,
      56.0,
      65.0,
      22.0,
      38.0,
      54.0,
      66.0,
      59.0,
      124.0,
      51.0,
      60.0,
      50.0,
      58.0,
      22.0,
      54.0,
      54.0,
      30.0,
      60.0,
      55.0,
      140.0,
      52.0,
      61.0,
      31.0,
      82.0,
      16.0,
      55.0,
      181.0
    ],
    [
      29.0,
      40.0,
      35.0,
      77.0,
      43.0,
      39.0,
      32.0,
      34.0,
      40.0,
      71.0,
      0.0,
      32.0,
      31.0,
      62.0,
      53.0,
      38.0,
      29.0,
      30.0,
      135.0,
      38.0,
      32.0,
      40.0,
      30.0,
      65.0,
      42.0,
      41.0,
      79.0,
      30.0,
      38.0,
      139.0,
      37.0,
      33.0,
      87.0,
      112.0,
      66.0,
      39.0,
      157.0
    ],
    [
      26.0,
      20.0,
      12.0,
      65.0,
      19.0,
      17.0,
      22.0,
      7.0,
      17.0,
      56.0,
      32.0,
      0.0,
      21.0,
      49.0,
      38.0,
      23.0,
      23.0,
      7.0,
      133.0,
      13.0,
      24.0,
      16.0,
      6.0,
      54.0,
      17.0,
      17.0,
      69.0,
      7.0,
      22.0,
      138.0,
      22.0,
      24.0,
      76.0,
      110.0,
      52.0,
      20.0,
      166.0
    ],
    [
      9.0,
      15.0,
      25.0,
      69.0,
      23.0,
      12.0,
      6.0,
      19.0,
      15.0,
      65.0,
      31.0,
      21.0,
      0.0,
      58.0,
      46.0,
      13.0,
      7.0,
      20.0,
      121.0,
      27.0,
      6.0,
      27.0,
      22.0,
      51.0,
      19.0,
      18.0,
      66.0,
      20.0,
      11.0,
      126.0,
      15.0,
      6.0,
      74.0,
      98.0,
      59.0,
      13.0,
      161.0
    ],
    [
      54.0,
      53.0,
      43.0,
      31.0,
      47.0,
      55.0,
      54.0,
      48.0,
      50.0,
      22.0,
      62.0,
      49.0,
      58.0,
      0.0,
      28.0,
      55.0,
      67.0,
      53.0,
      126.0,
      44.0,
      61.0,
      44.0,
      50.0,
      24.0,
      54.0,
      54.0,
      41.0,
      53.0,
      56.0,
      142.0,
      52.0,
      61.0,
      43.0,
      94.0,
      9.0,
      56.0,
      184.0
    ],
    [
      41.0,
      40.0,
      32.0,
      47.0,
      37.0,
      43.0,
      41.0,
      38.0,
      39.0,
      38.0,
      53.0,
      38.0,
      46.0,
      28.0,
      0.0,
      41.0,
      53.0,
      41.0,
      121.0,
      34.0,
      46.0,
      33.0,
      40.0,
      36.0,
      40.0,
      40.0,
      50.0,
      42.0,
      42.0,
      134.0,
      38.0,
      47.0,
      58.0,
      89.0,
      31.0,
      41.0,
      171.0
    ],
    [
      11.0,
      7.0,
      23.0,
      64.0,
      17.0,
      11.0,
      10.0,
      20.0,
      12.0,
      54.0,
      38.0,
      23.0,
      13.0,
      55.0,
      41.0,
      0.0,
      16.0,
      23.0,
      124.0,
      23.0,
      10.0,
      20.0,
      26.0,
      51.0,
      13.0,
      13.0,
      66.0,
      24.0,
      10.0,
      128.0,
      11.0,
      11.0,
      74.0,
      101.0,
      52.0,
      7.0,
      165.0
    ],
    [
      10.0,
      18.0,
      27.0,
      66.0,
      25.0,
      15.0,
      8.0,
      20.0,
      17.0,
      66.0,
      29.0,
      23.0,
      7.0,
      67.0,
      53.0,
      16.0,
      0.0,
      23.0,
      117.0,
      30.0,
      10.0,
      30.0,
      25.0,
      48.0,
      22.0,
      20.0,
      62.0,
      23.0,
      17.0,
      122.0,
      20.0,
      11.0,
      70.0,
      95.0,
      57.0,
      17.0,
      158.0
    ],
    [
      25.0,
      19.0,
      15.0,
      69.0,
      18.0,
      16.0,
      21.0,
      9.0,
      16.0,
      59.0,
      30.0,
      7.0,
      20.0,
      53.0,
      41.0,
      23.0,
      23.0,
      0.0,
      132.0,
      16.0,
      23.0,
      18.0,
      5.0,
      57.0,
      15.0,
      15.0,
      71.0,
      4.0,
      21.0,
      137.0,
      21.0,
      23.0,
      79.0,
      110.0,
      55.0,
      19.0,
      164.0
    ],
    [
      120.0,
      129.0,
      128.0,
      123.0,
      127.0,
      131.0,
      122.0,
      134.0,
      129.0,
      124.0,
      135.0,
      133.0,
      121.0,
      126.0,
      121.0,
      124.0,
      117.0,
      132.0,
      0.0,
      132.0,
      126.0,
      131.0,
      134.0,
      112.0,
      131.0,
      131.0,
      115.0,
      135.0,
      126.0,
      48.0,
      123.0,
      127.0,
      134.0,
      93.0,
      124.0,
      125.0,
      165.0
    ],
    [
      30.0,
      18.0,
      NaN,
      61.0,
      10.0,
      20.0,
      28.0,
      9.0,
      17.0,
      51.0,
      38.0,
      13.0,
      27.0,
      44.0,
      34.0,
      23.0,
      30.0,
      16.0,
      132.0,
      0.0,
      29.0,
      6.0,
      13.0,
      48.0,
      12.0,
      12.0,
      63.0,
      15.0,
      26.0,
      133.0,
      20.0,
      28.0,
      70.0,
      104.0,
      46.0,
      19.0,
      167.0
    ],
    [
      6.0,
      13.0,
      28.0,
      66.0,
      23.0,
      15.0,
      NaN,
      21.0,
      18.0,
      60.0,
      32.0,
      24.0,
      6.0,
      61.0,
      46.0,
      10.0,
      10.0,
      23.0,
      126.0,
      29.0,
      0.0,
      27.0,
      24.0,
      53.0,
      19.0,
      19.0,
      67.0,
      22.0,
      8.0,
      127.0,
      12.0,
      4.0,
      75.0,
      99.0,
      55.0,
      10.0,
      162.0
    ],
    [
      28.0,
      18.0,
      6.0,
      60.0,
      7.0,
      20.0,
      27.0,
      13.0,
      17.0,
      50.0,
      40.0,
      16.0,
      27.0,
      44.0,
      33.0,
      20.0,
      30.0,
      18.0,
      131.0,
      6.0,
      27.0,
      0.0,
      16.0,
      51.0,
      13.0,
      13.0,
      66.0,
      18.0,
      23.0,
      135.0,
      20.0,
      29.0,
      73.0,
      107.0,
      48.0,
      21.0,
      170.0
    ],
    [
      26.0,
      22.0,
      13.0,
      67.0,
      21.0,
      19.0,
      24.0,
      11.0,
      19.0,
      58.0,
      30.0,
      6.0,
      22.0,
      50.0,
      40.0,
      26.0,
      25.0,
      5.0,
      134.0,
      13.0,
      24.0,
      16.0,
      0.0,
      56.0,
      20.0,
      19.0,
      71.0,
      5.0,
      25.0,
      135.0,
      25.0,
      27.0,
      78.0,
      108.0,
      54.0,
      23.0,
      163.0
    ],
    [
      49.0,
      54.0,
      48.0,
      21.0,
      49.0,
      56.0,
      53.0,
      54.0,
      52.0,
      22.0,
      65.0,
      54.0,
      51.0,
      24.0,
      36.0,
      51.0,
      48.0,
      57.0,
      112.0,
      48.0,
      53.0,
      51.0,
      56.0,
      0.0,
      49.0,
      49.0,
      22.0,
      56.0,
      51.0,
      126.0,
      47.0,
      54.0,
      35.0,
      78.0,
      26.0,
      50.0,
      167.0
    ],
    [
      21.0,
      8.0,
      12.0,
      63.0,
      5.0,
      10.0,
      19.0,
      14.0,
      7.0,
      54.0,
      42.0,
      17.0,
      19.0,
      54.0,
      40.0,
      13.0,
      22.0,
      15.0,
      131.0,
      12.0,
      19.0,
      13.0,
      20.0,
      49.0,
      0.0,
      8.0,
      63.0,
      17.0,
      15.0,
      130.0,
      9.0,
      20.0,
      71.0,
      103.0,
      48.0,
      10.0,
      165.0
    ],
    [
      21.0,
      7.0,
      12.0,
      63.0,
      6.0,
      9.0,
      18.0,
      13.0,
      5.0,
      54.0,
      41.0,
      17.0,
      18.0,
      54.0,
      40.0,
      13.0,
      20.0,
      15.0,
      131.0,
      12.0,
      19.0,
      13.0,
      19.0,
      49.0,
      8.0,
      0.0,
      64.0,
      16.0,
      17.0,
      131.0,
      9.0,
      19.0,
      73.0,
      104.0,
      49.0,
      9.0,
      166.0
    ],
    [
      64.0,
      68.0,
      63.0,
      28.0,
      64.0,
      71.0,
      67.0,
      68.0,
      67.0,
      30.0,
      79.0,
      69.0,
      66.0,
      41.0,
      50.0,
      66.0,
      62.0,
      71.0,
      115.0,
      63.0,
      67.0,
      66.0,
      71.0,
      22.0,
      63.0,
      64.0,
      0.0,
      71.0,
      66.0,
      130.0,
      63.0,
      68.0,
      39.0,
      71.0,
      37.0,
      66.0,
      181.0
    ],
    [
      26.0,
      19.0,
      15.0,
      69.0,
      19.0,
      16.0,
      22.0,
      9.0,
      16.0,
      60.0,
      30.0,
      7.0,
      20.0,
      53.0,
      42.0,
      24.0,
      23.0,
      4.0,
      135.0,
      15.0,
      22.0,
      18.0,
      5.0,
      56.0,
      17.0,
      16.0,
      71.0,
      0.0,
      21.0,
      137.0,
      21.0,
      23.0,
      79.0,
      110.0,
      55.0,
      19.0,
      164.0
    ],
    [
      9.0,
      9.0,
      25.0,
      65.0,
      18.0,
      11.0,
      8.0,
      19.0,
      15.0,
      55.0,
      38.0,
      22.0,
      11.0,
      56.0,
      42.0,
      10.0,
      17.0,
      21.0,
      126.0,
      26.0,
      8.0,
      23.0,
      25.0,
      51.0,
      15.0,
      17.0,
      66.0,
      21.0,
      0.0,
      127.0,
      9.0,
      9.0,
      75.0,
      99.0,
      53.0,
      9.0,
      164.0
    ],
    [
      124.0,
      134.0,
      133.0,
      139.0,
      132.0,
      136.0,
      127.0,
      138.0,
      134.0,
      140.0,
      139.0,
      138.0,
      126.0,
      142.0,
      134.0,
      128.0,
      122.0,
      137.0,
      48.0,
      133.0,
      127.0,
      135.0,
      135.0,
      126.0,
      130.0,
      131.0,
      130.0,
      137.0,
      127.0,
      0.0,
      129.0,
      133.0,
      151.0,
      133.0,
      140.0,
      131.0,
      141.0
    ],
    [
      15.0,
      10.0,
      20.0,
      61.0,
      14.0,
      12.0,
      12.0,
      19.0,
      9.0,
      52.0,
      37.0,
      22.0,
      15.0,
      52.0,
      38.0,
      11.0,
      20.0,
      21.0,
      123.0,
      20.0,
      12.0,
      20.0,
      25.0,
      47.0,
      9.0,
      9.0,
      63.0,
      21.0,
      9.0,
      129.0,
      0.0,
      13.0,
      72.0,
      102.0,
      49.0,
      12.0,
      165.0
    ],
    [
      6.0,
      13.0,
      28.0,
      66.0,
      23.0,
      14.0,
      4.0,
      21.0,
      18.0,
      61.0,
      33.0,
      24.0,
      6.0,
      61.0,
      47.0,
      11.0,
      11.0,
      23.0,
      127.0,
      28.0,
      4.0,
      29.0,
      27.0,
      54.0,
      20.0,
      19.0,
      68.0,
      23.0,
      9.0,
      133.0,
      13.0,
      0.0,
      75.0,
      100.0,
      56.0,
      11.0,
      163.0
    ],
    [
      72.0,
      76.0,
      70.0,
      30.0,
      71.0,
      79.0,
      75.0,
      76.0,
      75.0,
      31.0,
      87.0,
      76.0,
      74.0,
      43.0,
      58.0,
      74.0,
      70.0,
      79.0,
      134.0,
      70.0,
      75.0,
      73.0,
      78.0,
      35.0,
      71.0,
      73.0,
      39.0,
      79.0,
      75.0,
      151.0,
      72.0,
      75.0,
      0.0,
      94.0,
      39.0,
      77.0,
      192.0
    ],
    [
      97.0,
      106.0,
      104.0,
      83.0,
      104.0,
      108.0,
      99.0,
      110.0,
      106.0,
      82.0,
      112.0,
      110.0,
      98.0,
      94.0,
      89.0,
      101.0,
      95.0,
      110.0,
      93.0,
      104.0,
      99.0,
      107.0,
      108.0,
      78.0,
      103.0,
      104.0,
      71.0,
      110.0,
      99.0,
      133.0,
      102.0,
      100.0,
      94.0,
      0.0,
      86.0,
      95.0,
      192.0
    ],
    [
      55.0,
      54.0,
      46.0,
      26.0,
      49.0,
      56.0,
      55.0,
      52.0,
      52.0,
      16.0,
      66.0,
      52.0,
      59.0,
      9.0,
      31.0,
      52.0,
      57.0,
      55.0,
      124.0,
      46.0,
      55.0,
      48.0,
      54.0,
      26.0,
      48.0,
      49.0,
      37.0,
      55.0,
      53.0,
      140.0,
      49.0,
      56.0,
      39.0,
      86.0,
      0.0,
      53.0,
      180.0
    ],
    [
      13.0,
      7.0,
      19.0,
      65.0,
      14.0,
      8.0,
      10.0,
      17.0,
      8.0,
      55.0,
      39.0,
      20.0,
      13.0,
      56.0,
      41.0,
      7.0,
      17.0,
      19.0,
      125.0,
      19.0,
      10.0,
      21.0,
      23.0,
      50.0,
      10.0,
      9.0,
      66.0,
      19.0,
      9.0,
      131.0,
      12.0,
      11.0,
      77.0,
      95.0,
      53.0,
      0.0,
      170.0
    ],
    [
      161.0,
      171.0,
      167.0,
      180.0,
      168.0,
      171.0,
      162.0,
      166.0,
      168.0,
      181.0,
      157.0,
      166.0,
      161.0,
      184.0,
      171.0,
      165.0,
      158.0,
      164.0,
      165.0,
      167.0,
      162.0,
      170.0,
      163.0,
      167.0,
      165.0,
      166.0,
      181.0,
      164.0,
      164.0,
      141.0,
      165.0,
      163.0,
      192.0,
      192.0,
      180.0,
      170.0,
      0.0
    ]
  ],
  "transit_dist_walk_matrix": [
    [
      0.0,
      NaN,
      NaN,
      NaN,
      NaN,
      NaN,
      NaN,
      NaN,
      NaN,
      NaN,
      NaN,
      NaN,
      NaN,
      NaN,
      NaN,
      NaN,
      NaN,
      NaN,
      NaN,
      NaN,
      NaN,
      NaN,
      NaN,
      NaN,
      NaN,
      NaN,
      NaN,
      NaN,
      NaN,
      NaN,
      NaN,
      NaN,
      NaN,
      NaN,
      NaN,
      NaN,
      NaN
    ],
    [
      NaN,
      0.0,
      NaN,
      NaN,
      NaN,
      NaN,
      NaN,
      NaN,
      NaN,
      NaN,
      NaN,
      NaN,
      NaN,
      NaN,
      NaN,
      NaN,
      NaN,
      NaN,
      NaN,
      NaN,
      NaN,
      NaN,
      NaN,
      NaN,
      NaN,
      NaN,
      NaN,
      NaN,
      NaN,
      NaN,
      NaN,
      NaN,
      NaN,
      NaN,
      NaN,
      NaN,
      NaN
    ],
    [
      NaN,
      NaN,
      0.0,
      NaN,
      NaN,
      NaN,
      NaN,
      NaN,
      NaN,
      NaN,
      NaN,
      NaN,
      NaN,
      NaN,
      NaN,
      NaN,
      NaN,
      NaN,
      NaN,
      NaN,
      NaN,
      NaN,
      NaN,
      NaN,
      NaN,
      NaN,
      NaN,
      NaN,
      NaN,
      NaN,
      NaN,
      NaN,
      NaN,
      NaN,
      NaN,
      NaN,
      NaN
    ],
    [
      NaN,
      NaN,
      NaN,
      0.0,
      NaN,
      NaN,
      NaN,
      NaN,
      NaN,
      NaN,
      NaN,
      NaN,
      NaN,
      NaN,
      NaN,
      NaN,
      NaN,
      NaN,
      NaN,
      NaN,
      NaN,
      NaN,
      NaN,
      NaN,
      NaN,
      NaN,
      NaN,
      NaN,
      NaN,
      NaN,
      NaN,
      NaN,
      NaN,
      NaN,
      NaN,
      NaN,
      NaN
    ],
    [
      NaN,
      NaN,
      NaN,
      NaN,
      0.0,
      NaN,
      NaN,
      NaN,
      NaN,
      NaN,
      NaN,
      NaN,
      NaN,
      NaN,
      NaN,
      NaN,
      NaN,
      NaN,
      NaN,
      NaN,
      NaN,
      NaN,
      NaN,
      NaN,
      NaN,
      NaN,
      NaN,
      NaN,
      NaN,
      NaN,
      NaN,
      NaN,
      NaN,
      NaN,
      NaN,
      NaN,
      NaN
    ],
    [
      NaN,
      NaN,
      NaN,
      NaN,
      NaN,
      0.0,
      NaN,
      NaN,
      NaN,
      NaN,
      NaN,
      NaN,
      NaN,
      NaN,
      NaN,
      NaN,
      NaN,
      NaN,
      NaN,
      NaN,
      NaN,
      NaN,
      NaN,
      NaN,
      NaN,
      NaN,
      NaN,
      NaN,
      NaN,
      NaN,
      NaN,
      NaN,
      NaN,
      NaN,
      NaN,
      NaN,
      NaN
    ],
    [
      NaN,
      NaN,
      NaN,
      NaN,
      NaN,
      NaN,
      0.0,
      NaN,
      NaN,
      NaN,
      NaN,
      NaN,
      NaN,
      NaN,
      NaN,
      NaN,
      NaN,
      NaN,
      NaN,
      NaN,
      NaN,
      NaN,
      NaN,
      NaN,
      NaN,
      NaN,
      NaN,
      NaN,
      NaN,
      NaN,
      NaN,
      NaN,
      NaN,
      NaN,
      NaN,
      NaN,
      NaN
    ],
    [
      NaN,
      NaN,
      NaN,
      NaN,
      NaN,
      NaN,
      NaN,
      0.0,
      NaN,
      NaN,
      NaN,
      NaN,
      NaN,
      NaN,
      NaN,
      NaN,
      NaN,
      NaN,
      NaN,
      NaN,
      NaN,
      NaN,
      NaN,
      NaN,
      NaN,
      NaN,
      NaN,
      NaN,
      NaN,
      NaN,
      NaN,
      NaN,
      NaN,
      NaN,
      NaN,
      NaN,
      NaN
    ],
    [
      NaN,
      NaN,
      NaN,
      NaN,
      NaN,
      NaN,
      NaN,
      NaN,
      0.0,
      NaN,
      NaN,
      NaN,
      NaN,
      NaN,
      NaN,
      NaN,
      NaN,
      NaN,
      NaN,
      NaN,
      NaN,
      NaN,
      NaN,
      NaN,
      NaN,
      NaN,
      NaN,
      NaN,
      NaN,
      NaN,
      NaN,
      NaN,
      NaN,
      NaN,
      NaN,
      NaN,
      NaN
    ],
    [
      NaN,
      NaN,
      NaN,
      NaN,
      NaN,
      NaN,
      NaN,
      NaN,
      NaN,
      0.0,
      NaN,
      NaN,
      NaN,
      NaN,
      NaN,
      NaN,
      NaN,
      NaN,
      NaN,
      NaN,
      NaN,
      NaN,
      NaN,
      NaN,
      NaN,
      NaN,
      NaN,
      NaN,
      NaN,
      NaN,
      NaN,
      NaN,
      NaN,
      NaN,
      NaN,
      NaN,
      NaN
    ],
    [
      NaN,
      NaN,
      NaN,
      NaN,
      NaN,
      NaN,
      NaN,
      NaN,
      NaN,
      NaN,
      0.0,
      NaN,
      NaN,
      NaN,
      NaN,
      NaN,
      NaN,
      NaN,
      NaN,
      NaN,
      NaN,
      NaN,
      NaN,
      NaN,
      NaN,
      NaN,
      NaN,
      NaN,
      NaN,
      NaN,
      NaN,
      NaN,
      NaN,
      NaN,
      NaN,
      NaN,
      NaN
    ],
    [
      NaN,
      NaN,
      NaN,
      NaN,
      NaN,
      NaN,
      NaN,
      NaN,
      NaN,
      NaN,
      NaN,
      0.0,
      NaN,
      NaN,
      NaN,
      NaN,
      NaN,
      NaN,
      NaN,
      NaN,
      NaN,
      NaN,
      NaN,
      NaN,
      NaN,
      NaN,
      NaN,
      NaN,
      NaN,
      NaN,
      NaN,
      NaN,
      NaN,
      NaN,
      NaN,
      NaN,
      NaN
    ],
    [
      NaN,
      NaN,
      NaN,
      NaN,
      NaN,
      NaN,
      NaN,
      NaN,
      NaN,
      NaN,
      NaN,
      NaN,
      0.0,
      NaN,
      NaN,
      NaN,
      NaN,
      NaN,
      NaN,
      NaN,
      NaN,
      NaN,
      NaN,
      NaN,
      NaN,
      NaN,
      NaN,
      NaN,
      NaN,
      NaN,
      NaN,
      NaN,
      NaN,
      NaN,
      NaN,
      NaN,
      NaN
    ],
    [
      NaN,
      NaN,
      NaN,
      NaN,
      NaN,
      NaN,
      NaN,
      NaN,
      NaN,
      NaN,
      NaN,
      NaN,
      NaN,
      0.0,
      NaN,
      NaN,
      NaN,
      NaN,
      NaN,
      NaN,
      NaN,
      NaN,
      NaN,
      NaN,
      NaN,
      NaN,
      NaN,
      NaN,
      NaN,
      NaN,
      NaN,
      NaN,
      NaN,
      NaN,
      NaN,
      NaN,
      NaN
    ],
    [
      NaN,
      NaN,
      NaN,
      NaN,
      NaN,
      NaN,
      NaN,
      NaN,
      NaN,
      NaN,
      NaN,
      NaN,
      NaN,
      NaN,
      0.0,
      NaN,
      NaN,
      NaN,
      NaN,
      NaN,
      NaN,
      NaN,
      NaN,
      NaN,
      NaN,
      NaN,
      NaN,
      NaN,
      NaN,
      NaN,
      NaN,
      NaN,
      NaN,
      NaN,
      NaN,
      NaN,
      NaN
    ],
    [
      NaN,
      NaN,
      NaN,
      NaN,
      NaN,
