{
  "drive_dist_matrix": [
    [
      0.0,
      0.3,
      0.6,
      0.9,
      1.7,
      0.95,
      4.0,
      0.6,
      1.0,
      1.2,
      0.6,
      2.7,
      1.5,
      3.4,
      0.45,
      8.6,
      4.7,
      4.2,
      0.6,
      0.068,
      0.4,
      4.5,
      35.5,
      4.1,
      0.55,
      8.7,
      44.8,
      34.2,
      58.5,
      47.1,
      18.0,
      18.2,
      30.5,
      56.2,
      59.4,
      28.1,
      48.3,
      3.2,
      18.6,
      35.5,
      35.4,
      27.8,
      48.3,
      67.0,
      42.3,
      35.9,
      46.9,
      8.0,
      39.4,
      47.9,
      57.3,
      35.5,
      35.8,
      58.3,
      69.3,
      48.9
    ],
    [
      0.3,
      0.0,
      0.25,
      0.85,
      1.6,
      0.6,
      3.8,
      0.27,
      0.6,
      1.0,
      0.55,
      2.5,
      1.0,
      2.4,
      0.85,
      8.3,
      4.5,
      3.9,
      0.25,
      0.4,
      0.45,
      4.2,
      35.4,
      3.9,
      0.45,
      8.5,
      44.3,
      34.1,
      57.9,
      46.8,
      17.7,
      17.9,
      30.3,
      55.8,
      59.2,
      27.8,
      48.1,
      3.1,
      18.3,
      35.4,
      35.3,
      27.5,
      48.2,
      66.7,
      41.7,
      35.8,
      46.7,
      7.7,
      39.2,
      45.2,
      56.8,
      35.3,
      35.6,
      57.8,
      69.2,
      48.7
    ],
    [
      0.6,
      0.25,
      0.0,
      0.95,
      2.9,
      0.45,
      5.1,
      0.13,
      1.7,
      2.3,
      0.7,
      3.9,
      2.6,
      4.5,
      1.0,
      7.8,
      5.9,
      3.4,
      0.0,
      0.65,
      0.6,
      3.7,
      36.7,
      3.4,
      0.55,
      15.2,
      49.1,
      35.4,
      62.7,
      47.6,
      17.9,
      18.1,
      29.8,
      56.0,
      65.9,
      27.3,
      47.6,
      2.9,
      18.7,
      36.7,
      42.0,
      27.1,
      49.5,
      66.9,
      46.5,
      37.1,
      46.2,
      7.2,
      40.5,
      49.0,
      61.6,
      36.6,
      36.9,
      62.6,
      70.4,
      50.0
    ],
    [
      0.9,
      0.85,
      0.95,
      0.0,
      1.2,
      1.0,
      3.1,
      0.85,
      0.28,
      0.35,
      0.3,
      1.9,
      0.17,
      1.8,
      1.5,
      6.7,
      4.2,
      5.1,
      2.4,
      1.1,
      0.5,
      5.3,
      35.0,
      5.0,
      0.4,
      7.8,
      43.9,
      33.7,
      57.6,
      47.3,
      17.6,
      17.8,
      32.2,
      55.7,
      58.8,
      29.4,
      49.7,
      2.3,
      18.4,
      35.0,
      34.9,
      29.1,
      47.8,
      66.6,
      41.4,
      35.4,
      48.3,
      8.9,
      38.9,
      47.4,
      56.5,
      35.0,
      35.3,
      57.5,
      68.8,
      48.3
    ],
    [
      1.7,
      1.6,
      2.9,
      1.2,
      0.0,
      1.7,
      3.7,
      1.5,
      1.6,
      0.55,
      1.0,
      2.5,
      0.7,
      1.2,
      2.1,
      7.4,
      3.0,
      5.7,
      3.1,
      1.7,
      1.2,
      6.0,
      33.8,
      5.7,
      1.2,
      8.4,
      43.7,
      32.5,
      57.4,
      48.0,
      18.3,
      18.4,
      32.1,
      56.4,
      57.6,
      29.6,
      49.9,
      2.4,
      19.0,
      33.8,
      33.7,
      29.3,
      46.6,
      67.3,
      41.2,
      34.2,
      48.5,
      9.5,
      37.7,
      46.2,
      56.2,
      33.8,
      34.1,
      57.2,
      67.6,
      47.1
    ],
    [
      0.95,
      0.6,
      0.45,
      1.0,
      1.7,
      0.0,
      3.9,
      0.5,
      0.75,
      1.2,
      0.75,
      2.7,
      1.5,
      2.6,
      1.4,
      5.7,
      4.7,
      3.1,
      0.45,
      1.8,
      0.8,
      3.4,
      40.9,
      3.1,
      0.7,
      13.9,
      47.8,
      39.6,
      61.5,
      46.3,
      16.6,
      16.8,
      30.3,
      54.7,
      63.3,
      27.8,
      48.1,
      2.0,
      17.3,
      40.9,
      40.8,
      27.5,
      53.7,
      65.6,
      45.3,
      41.2,
      46.7,
      7.7,
      44.7,
      53.2,
      60.4,
      40.8,
      41.1,
      61.3,
      74.6,
      54.2
    ],
    [
      4.0,
      3.8,
      5.1,
      3.1,
      3.7,
      3.9,
      0.0,
      3.4,
      3.4,
      4.1,
      2.9,
      1.2,
      4.2,
      2.6,
      4.0,
      10.1,
      3.3,
      6.7,
      5.0,
      3.6,
      3.1,
      6.5,
      35.0,
      6.7,
      3.0,
      5.3,
      41.6,
      33.7,
      55.2,
      49.6,
      19.9,
      20.1,
      34.6,
      58.1,
      57.4,
      32.9,
      53.1,
      3.0,
      20.7,
      35.0,
      34.8,
      32.6,
      47.8,
      68.9,
      39.0,
      35.4,
      51.7,
      12.8,
      38.9,
      47.4,
      54.1,
      34.9,
      35.2,
      55.1,
      68.8,
      48.3
    ],
    [
      0.6,
      0.27,
      0.13,
      0.85,
      1.5,
      0.5,
      3.4,
      0.0,
      0.6,
      1.0,
      0.55,
      2.5,
      1.0,
      2.4,
      1.0,
      8.1,
      4.5,
      3.7,
      0.13,
      0.65,
      0.5,
      4.0,
      35.3,
      3.7,
      0.45,
      8.4,
      44.5,
      34.0,
      58.2,
      46.8,
      17.6,
      17.8,
      30.1,
      55.8,
      57.8,
      27.6,
      47.9,
      3.0,
      18.9,
      35.3,
      35.2,
      27.3,
      48.1,
      66.6,
      42.0,
      35.7,
      46.5,
      7.5,
      39.2,
      45.2,
      57.1,
      35.3,
      35.6,
      58.0,
      69.1,
      48.6
    ],
    [
      1.0,
      0.6,
      1.7,
      0.28,
      1.6,
      0.75,
      3.4,
      0.6,
      0.0,
      0.65,
      0.6,
      1.9,
      0.45,
      1.8,
      2.0,
      6.4,
      4.2,
      4.2,
      0.7,
      1.6,
      0.65,
      4.5,
      35.1,
      4.2,
      0.6,
      7.8,
      43.9,
      33.8,
      57.6,
      47.1,
      17.3,
      17.5,
      31.0,
      55.5,
      57.5,
      28.6,
      48.9,
      2.6,
      18.1,
      35.1,
      35.0,
      28.3,
      47.9,
      66.3,
      41.4,
      35.4,
      47.4,
      8.5,
      38.9,
      47.4,
      56.5,
      35.0,
      35.3,
      57.5,
      68.8,
      48.4
    ],
    [
      1.2,
      1.0,
      2.3,
      0.35,
      0.55,
      1.2,
      4.1,
      1.0,
      0.65,
      0.0,
      0.45,
      2.1,
      0.26,
      2.2,
      1.6,
      6.8,
      3.5,
      5.2,
      2.6,
      1.2,
      0.7,
      5.5,
      34.3,
      5.1,
      0.5,
      8.9,
      44.2,
      33.1,
      57.9,
      47.5,
      17.7,
      17.9,
      31.5,
      55.9,
      56.8,
      29.0,
      49.3,
      2.3,
      18.5,
      34.4,
      34.2,
      28.8,
      47.2,
      66.7,
      41.7,
      34.7,
      47.9,
      9.0,
      38.2,
      46.7,
      56.8,
      34.3,
      34.6,
      57.7,
      68.1,
      47.7
    ],
    [
      0.6,
      0.55,
      0.7,
      0.3,
      1.0,
      0.75,
      2.9,
      0.55,
      0.6,
      0.45,
      0.0,
      2.0,
      0.45,
      2.7,
      1.2,
      6.4,
      4.0,
      4.7,
      0.7,
      0.6,
      0.22,
      5.0,
      34.8,
      4.7,
      0.11,
      7.9,
      44.0,
      33.5,
      57.7,
      47.1,
      17.3,
      17.5,
      31.1,
      55.5,
      57.2,
      28.6,
      48.9,
      2.7,
      18.1,
      34.8,
      34.7,
      28.3,
      47.6,
      66.3,
      41.5,
      35.2,
      47.5,
      8.5,
      38.7,
      47.2,
      56.6,
      34.7,
      35.0,
      57.6,
      68.6,
      48.1
    ],
    [
      2.7,
      2.5,
      3.9,
      1.9,
      2.5,
      2.7,
      1.2,
      2.5,
      1.9,
      2.1,
      2.0,
      0.0,
      3.6,
      3.5,
      4.5,
      10.2,
      4.1,
      6.3,
      4.2,
      4.1,
      3.6,
      6.1,
      36.3,
      6.3,
      3.5,
      6.5,
      43.3,
      35.0,
      57.0,
      46.9,
      17.8,
      18.0,
      32.2,
      55.9,
      58.8,
      29.4,
      48.4,
      2.6,
      18.4,
      36.3,
      36.2,
      29.1,
      49.1,
      66.8,
      40.8,
      36.7,
      48.3,
      9.3,
      40.2,
      48.7,
      55.8,
      36.3,
      36.6,
      56.8,
      70.1,
      49.6
    ],
    [
      1.5,
      1.0,
      2.6,
      0.17,
      0.7,
      1.5,
      4.2,
      1.0,
      0.45,
      0.26,
      0.45,
      3.6,
      0.0,
      1.6,
      1.6,
      6.4,
      4.1,
      5.2,
      2.6,
      1.2,
      0.75,
      5.5,
      34.9,
      5.2,
      0.55,
      7.7,
      43.8,
      33.6,
      57.5,
      47.0,
      17.3,
      17.5,
      31.0,
      55.5,
      57.4,
      28.5,
      48.8,
      2.2,
      18.1,
      34.9,
      34.8,
      28.3,
      47.7,
      66.3,
      41.3,
      35.3,
      47.4,
      9.0,
      38.8,
      47.3,
      56.3,
      34.9,
      35.2,
      57.3,
      68.7,
      48.2
    ],
    [
      3.4,
      2.4,
      4.5,
      1.8,
      1.2,
      2.6,
      2.6,
      2.4,
      1.8,
      2.2,
      2.7,
      3.5,
      1.6,
      0.0,
      3.8,
      8.3,
      2.7,
      7.0,
      4.8,
      3.4,
      2.1,
      6.8,
      33.8,
      6.9,
      2.0,
      7.5,
      42.8,
      32.5,
      56.5,
      47.6,
      18.5,
      18.7,
      32.8,
      56.6,
      56.2,
      30.1,
      50.3,
      2.0,
      19.1,
      33.8,
      33.4,
      29.8,
      46.6,
      67.5,
      40.3,
      34.1,
      48.9,
      10.0,
      37.6,
      46.1,
      55.4,
      33.7,
      34.0,
      56.3,
      67.5,
      47.1
    ],
    [
      0.45,
      0.85,
      1.0,
      1.5,
      2.1,
      1.4,
      4.0,
      1.0,
      2.0,
      1.6,
      1.2,
      4.5,
      1.6,
      3.8,
      0.0,
      8.1,
      5.1,
      3.7,
      1.0,
      0.45,
      0.75,
      4.0,
      36.0,
      3.7,
      0.95,
      9.1,
      45.2,
      34.7,
      58.9,
      47.9,
      18.2,
      18.4,
      30.1,
      56.4,
      58.4,
      27.6,
      47.9,
      3.2,
      18.8,
      36.0,
      35.8,
      27.4,
      48.8,
      67.2,
      42.7,
      36.3,
      46.5,
      7.5,
      39.8,
      48.3,
      57.7,
      35.9,
      36.2,
      58.7,
      69.7,
      49.3
    ],
    [
      8.6,
      8.3,
      7.8,
      6.7,
      7.4,
      5.7,
      10.1,
      8.1,
      6.4,
      6.8,
      6.4,
      10.2,
      6.4,
      8.3,
      8.1,
      0.0,
      12.7,
      6.7,
      7.8,
      9.0,
      9.5,
      5.5,
      40.0,
      6.6,
      7.0,
      13.0,
      46.9,
      38.7,
      60.6,
      42.9,
      13.2,
      13.4,
      28.2,
      51.3,
      62.4,
      25.8,
      46.0,
      6.4,
      14.0,
      40.0,
      39.9,
      25.5,
      52.8,
      62.2,
      44.4,
      40.4,
      44.6,
      5.7,
      43.8,
      52.3,
      59.5,
      39.9,
      40.2,
      60.5,
      73.8,
      53.3
    ],
    [
      4.7,
      4.5,
      5.9,
      4.2,
      3.0,
      4.7,
      3.3,
      4.5,
      4.2,
      3.5,
      4.0,
      4.1,
      4.1,
      2.7,
      5.1,
      12.7,
      0.0,
      8.7,
      6.1,
      4.7,
      4.2,
      8.8,
      30.8,
      8.6,
      4.1,
      11.0,
      44.9,
      29.5,
      61.4,
      54.6,
      24.8,
      25.0,
      40.3,
      63.0,
      53.3,
      37.8,
      58.1,
      4.1,
      25.6,
      30.8,
      30.7,
      37.5,
      43.6,
      73.8,
      42.3,
      31.2,
      56.7,
      17.7,
      34.7,
      43.2,
      60.2,
      30.8,
      31.1,
      61.2,
      64.6,
      44.1
    ],
    [
      4.2,
      3.9,
      3.4,
      5.1,
      5.7,
      3.1,
      6.7,
      3.7,
      4.2,
      5.2,
      4.7,
      6.3,
      5.2,
      7.0,
      3.7,
      6.7,
      8.7,
      0.0,
      3.3,
      4.2,
      4.7,
      1.2,
      41.8,
      0.034,
      4.8,
      14.9,
      48.8,
      40.5,
      62.5,
      46.8,
      17.6,
      17.8,
      28.2,
      55.8,
      64.2,
      25.8,
      46.0,
      5.2,
      18.2,
      41.8,
      41.7,
      25.5,
      54.6,
      66.6,
      46.2,
      42.2,
      44.6,
      5.7,
      45.7,
      51.7,
      61.3,
      41.8,
      42.1,
      62.3,
      75.6,
      55.1
    ],
    [
      0.6,
      0.25,
      0.0,
      2.4,
      3.1,
      0.45,
      5.0,
      0.13,
      0.7,
      2.6,
      0.7,
      4.2,
      2.6,
      4.8,
      1.0,
      7.8,
      6.1,
      3.3,
      0.0,
      0.65,
      0.6,
      3.7,
      36.7,
      3.4,
      0.55,
      9.8,
      49.1,
      35.4,
      62.7,
      47.6,
      17.9,
      18.1,
      29.8,
      56.0,
      59.1,
      27.3,
      47.6,
      2.9,
      18.7,
      36.7,
      36.6,
      27.1,
      49.5,
      66.9,
      46.5,
      37.1,
      46.2,
      7.2,
      40.5,
      49.0,
      61.6,
      36.6,
      36.9,
      62.6,
      70.4,
      50.0
    ],
    [
      0.068,
      0.4,
      0.65,
      1.1,
      1.7,
      1.8,
      3.6,
      0.65,
      1.6,
      1.2,
      0.6,
      4.1,
      1.2,
      3.4,
      0.45,
      9.0,
      4.7,
      4.2,
      0.65,
      0.0,
      0.4,
      4.5,
      35.5,
      4.1,
      0.55,
      8.7,
      44.8,
      34.2,
      58.5,
      48.4,
      18.6,
      18.8,
      30.5,
      56.8,
      58.0,
      28.1,
      48.3,
      3.2,
      19.4,
      35.5,
      35.4,
      27.8,
      48.3,
      67.6,
      42.3,
      35.9,
      46.9,
      8.0,
      39.4,
      47.9,
      57.3,
      35.5,
      35.8,
      58.3,
      69.3,
      48.8
    ],
    [
      0.4,
      0.45,
      0.6,
      0.5,
      1.2,
      0.8,
      3.1,
      0.5,
      0.65,
      0.7,
      0.22,
      3.6,
      0.75,
      2.1,
      0.75,
      9.5,
      4.2,
      4.7,
      0.6,
      0.4,
      0.0,
      4.9,
      35.4,
      4.6,
      0.14,
      8.5,
      44.3,
      34.1,
      57.9,
      46.5,
      17.4,
      17.6,
      31.0,
      55.5,
      57.9,
      28.5,
      48.8,
      2.7,
      18.0,
      35.4,
      34.9,
      28.2,
      48.2,
      66.4,
      41.7,
      35.8,
      47.4,
      8.4,
      39.3,
      47.8,
      56.8,
      35.4,
      35.7,
      57.8,
      69.2,
      48.7
    ],
    [
      4.5,
      4.2,
      3.7,
      5.3,
      6.0,
      3.4,
      6.5,
      4.0,
      4.5,
      5.5,
      5.0,
      6.1,
      5.5,
      6.8,
      4.0,
      5.5,
      8.8,
      1.2,
      3.7,
      4.5,
      4.9,
      0.0,
      45.0,
      1.1,
      5.0,
      18.0,
      51.9,
      43.7,
      65.6,
      46.8,
      17.6,
      15.0,
      27.0,
      55.8,
      67.4,
      24.5,
      44.8,
      5.2,
      15.4,
      45.0,
      41.7,
      24.3,
      57.8,
      66.6,
      49.4,
      45.4,
      43.4,
      4.4,
      48.8,
      57.3,
      64.5,
      44.9,
      45.2,
      65.5,
      78.8,
      58.3
    ],
    [
      35.5,
      35.4,
      36.7,
      35.0,
      33.8,
      40.9,
      35.0,
      35.3,
      35.1,
      34.3,
      34.8,
      36.3,
      34.9,
      33.8,
      36.0,
      40.0,
      30.8,
      41.8,
      36.7,
      35.5,
      35.4,
      45.0,
      0.0,
      41.6,
      34.6,
      37.6,
      17.2,
      2.1,
      35.4,
      81.2,
      51.5,
      51.7,
      66.9,
      89.6,
      27.3,
      64.4,
      84.7,
      39.8,
      52.2,
      0.9,
      3.3,
      64.2,
      17.7,
      100.0,
      22.0,
      13.1,
      83.3,
      44.4,
      1.8,
      17.2,
      34.3,
      1.0,
      1.2,
      35.2,
      38.6,
      18.2
    ],
    [
      4.1,
      3.9,
      3.4,
      5.0,
      5.7,
      3.1,
      6.7,
      3.7,
      4.2,
      5.1,
      4.7,
      6.3,
      5.2,
      6.9,
      3.7,
      6.6,
      8.6,
      0.034,
      3.4,
      4.1,
      4.6,
      1.1,
      41.6,
      0.0,
      3.8,
      14.8,
      48.7,
      40.5,
      62.4,
      47.7,
      17.9,
      18.1,
      28.2,
      55.8,
      64.2,
      25.7,
      46.0,
      5.1,
      18.2,
      41.8,
      41.7,
      25.5,
      54.6,
      66.9,
      46.2,
      42.2,
      44.6,
      5.6,
      45.6,
      54.1,
      61.3,
      41.7,
      42.0,
      62.3,
      75.6,
      55.1
    ],
    [
      0.55,
      0.45,
      0.55,
      0.4,
      1.2,
      0.7,
      3.0,
      0.45,
      0.6,
      0.5,
      0.11,
      3.5,
      0.55,
      2.0,
      0.95,
      7.0,
      4.1,
      4.8,
      0.55,
      0.55,
      0.14,
      5.0,
      34.6,
      3.8,
      0.0,
      8.4,
      44.2,
      33.7,
      57.9,
      46.4,
      17.3,
      17.5,
      31.3,
      55.4,
      57.4,
      28.5,
      47.5,
      2.7,
      17.9,
      35.0,
      34.9,
      28.2,
      47.8,
      66.3,
      41.7,
      35.3,
      47.4,
      8.4,
      38.8,
      47.3,
      56.7,
      34.9,
      35.2,
      57.7,
      68.8,
      48.3
    ],
    [
      8.7,
      8.5,
      15.2,
      7.8,
      8.4,
      13.9,
      5.3,
      8.4,
      7.8,
      8.9,
      7.9,
      6.5,
      7.7,
      7.5,
      9.1,
      13.0,
      11.0,
      14.9,
      9.8,
      8.7,
      8.5,
      18.0,
      37.6,
      14.8,
      8.4,
      0.0,
      36.8,
      35.7,
      50.5,
      54.8,
      25.0,
      25.2,
      40.5,
      63.2,
      59.4,
      38.0,
      58.3,
      8.0,
      24.7,
      37.0,
      36.9,
      37.7,
      49.8,
      74.1,
      34.3,
      23.9,
      56.9,
      17.9,
      40.8,
      49.3,
      49.4,
      36.9,
      37.2,
      50.3,
      70.7,
      50.3
    ],
    [
      44.8,
      44.3,
      49.1,
      43.9,
      43.7,
      47.8,
      41.6,
      44.5,
      43.9,
      44.2,
      44.0,
      43.3,
      43.8,
      42.8,
      45.2,
      46.9,
      44.9,
      48.8,
      49.1,
      44.8,
      44.3,
      51.9,
      17.2,
      48.7,
      44.2,
      36.8,
      0.0,
      19.3,
      18.1,
      56.3,
      58.4,
      58.6,
      73.8,
      96.6,
      28.1,
      71.4,
      91.7,
      46.8,
      59.2,
      17.6,
      20.5,
      71.1,
      17.9,
      60.1,
      5.0,
      13.5,
      90.2,
      51.3,
      19.9,
      17.7,
      16.9,
      17.9,
      17.5,
      17.9,
      25.7,
      18.4
    ],
    [
      34.2,
      34.1,
      35.4,
      33.7,
      32.5,
      39.6,
      33.7,
      34.0,
      33.8,
      33.1,
      33.5,
      35.0,
      33.6,
      32.5,
      34.7,
      38.7,
      29.5,
      40.5,
      35.4,
      34.2,
      34.1,
      43.7,
      2.1,
      40.5,
      33.7,
      35.7,
      19.3,
      0.0,
      34.0,
      79.5,
      49.8,
      50.0,
      65.2,
      87.9,
      25.9,
      62.7,
      83.0,
      38.1,
      50.5,
      2.1,
      1.6,
      62.5,
      16.3,
      98.8,
      23.9,
      11.7,
      81.6,
      42.7,
      3.4,
      15.8,
      32.9,
      2.1,
      2.4,
      33.8,
      37.2,
      16.8
    ],
    [
      58.5,
      57.9,
      62.7,
      57.6,
      57.4,
      61.5,
      55.2,
      58.2,
      57.6,
      57.9,
      57.7,
      57.0,
      57.5,
      56.5,
      58.9,
      60.6,
      61.4,
      62.5,
      62.7,
      58.5,
      57.9,
      65.6,
      35.4,
      62.4,
      57.9,
      50.5,
      18.1,
      34.0,
      0.0,
      66.9,
      72.2,
      72.4,
      87.6,
      110.0,
      27.5,
      85.2,
      107.0,
      60.6,
      73.0,
      30.8,
      34.4,
      84.9,
      22.6,
      69.3,
      16.4,
      31.4,
      106.0,
      65.1,
      30.0,
      23.1,
      0.6,
      34.9,
      30.7,
      0.14,
      9.3,
      23.1
    ],
    [
      47.1,
      46.8,
      47.6,
      47.3,
      48.0,
      46.3,
      49.6,
      46.8,
      47.1,
      47.5,
      47.1,
      46.9,
      47.0,
      47.6,
      47.9,
      42.9,
      54.6,
      46.8,
      47.6,
      48.4,
      46.5,
      46.8,
      81.2,
      47.7,
      46.4,
      54.8,
      56.3,
      79.5,
      66.9,
      0.0,
      40.4,
      40.6,
      50.2,
      54.2,
      106.0,
      66.3,
      61.8,
      49.6,
      41.2,
      83.5,
      83.4,
      52.5,
      96.3,
      20.9,
      52.5,
      61.4,
      61.6,
      50.6,
      87.4,
      95.9,
      66.5,
      83.5,
      83.8,
      67.2,
      75.3,
      96.8
    ],
    [
      18.0,
      17.7,
      17.9,
      17.6,
      18.3,
      16.6,
      19.9,
      17.6,
      17.3,
      17.7,
      17.3,
      17.8,
      17.3,
      18.5,
      18.2,
      13.2,
      24.8,
      17.6,
      17.9,
      18.6,
      17.4,
      17.6,
      51.5,
      17.9,
      17.3,
      25.0,
      58.4,
      49.8,
      72.2,
      40.4,
      0.0,
      0.35,
      19.0,
      38.2,
      73.8,
      18.0,
      38.3,
      17.5,
      0.7,
      51.4,
      51.2,
      17.8,
      64.2,
      56.9,
      55.8,
      51.7,
      36.9,
      18.5,
      55.2,
      63.7,
      70.8,
      51.3,
      51.6,
      71.8,
      85.1,
      64.7
    ],
    [
      18.2,
      17.9,
      18.1,
      17.8,
      18.4,
      16.8,
      20.1,
      17.8,
      17.5,
      17.9,
      17.5,
      18.0,
      17.5,
      18.7,
      18.4,
      13.4,
      25.0,
      17.8,
      18.1,
      18.8,
      17.6,
      15.0,
      51.7,
      18.1,
      17.5,
      25.2,
      58.6,
      50.0,
      72.4,
      40.6,
      0.35,
      0.0,
      19.2,
      39.1,
      73.3,
      18.2,
      38.5,
      17.0,
      0.5,
      50.9,
      50.8,
      18.0,
      63.7,
      56.4,
      55.3,
      51.3,
      37.1,
      18.0,
      54.7,
      63.2,
      70.4,
      50.8,
      51.1,
      71.4,
      84.6,
      64.2
    ],
    [
      30.5,
      30.3,
      29.8,
      32.2,
      32.1,
      30.3,
      34.6,
      30.1,
      31.0,
      31.5,
      31.1,
      32.2,
      31.0,
      32.8,
      30.1,
      28.2,
      40.3,
      28.2,
      29.8,
      30.5,
      31.0,
      27.0,
      66.9,
      28.2,
      31.3,
      40.5,
      73.8,
      65.2,
      87.6,
      50.2,
      19.0,
      19.2,
      0.0,
      34.7,
      88.9,
      4.0,
      20.8,
      30.5,
      19.0,
      66.4,
      66.3,
      3.2,
      79.2,
      83.0,
      70.9,
      66.8,
      19.4,
      24.8,
      70.3,
      78.8,
      86.9,
      66.4,
      66.7,
      87.9,
      100.0,
      79.7
    ],
    [
      56.2,
      55.8,
      56.0,
      55.7,
      56.4,
      54.7,
      58.1,
      55.8,
      55.5,
      55.9,
      55.5,
      55.9,
      55.5,
      56.6,
      56.4,
      51.3,
      63.0,
      55.8,
      56.0,
      56.8,
      55.5,
      55.8,
      89.6,
      55.8,
      55.4,
      63.2,
      96.6,
      87.9,
      110.0,
      54.2,
      38.2,
      39.1,
      34.7,
      0.0,
      111.0,
      37.6,
      33.3,
      54.8,
      37.6,
      88.7,
      88.6,
      36.8,
      102.0,
      75.2,
      93.2,
      89.1,
      34.2,
      55.8,
      92.6,
      101.0,
      108.0,
      88.7,
      89.0,
      109.0,
      122.0,
      102.0
    ],
    [
      59.4,
      59.2,
      65.9,
      58.8,
      57.6,
      63.3,
      57.4,
      57.8,
      57.5,
      56.8,
      57.2,
      58.8,
      57.4,
      56.2,
      58.4,
      62.4,
      53.3,
      64.2,
      59.1,
      58.0,
      57.9,
      67.4,
      27.3,
      64.2,
      57.4,
      59.4,
      28.1,
      25.9,
      27.5,
      106.0,
      73.8,
      73.3,
      88.9,
      111.0,
      0.0,
      86.5,
      107.0,
      61.9,
      74.4,
      21.9,
      25.6,
      86.3,
      11.3,
      88.8,
      34.4,
      31.9,
      105.0,
      66.5,
      21.1,
      11.8,
      26.3,
      26.0,
      21.8,
      27.3,
      22.8,
      11.8
    ],
    [
      28.1,
      27.8,
      27.3,
      29.4,
      29.6,
      27.8,
      32.9,
      27.6,
      28.6,
      29.0,
      28.6,
      29.4,
      28.5,
      30.1,
      27.6,
      25.8,
      37.8,
      25.8,
      27.3,
      28.1,
      28.5,
      24.5,
      64.4,
      25.7,
      28.5,
      38.0,
      71.4,
      62.7,
      85.2,
      66.3,
      18.0,
      18.2,
      4.0,
      37.6,
      86.5,
      0.0,
      21.6,
      28.8,
      17.4,
      64.8,
      64.7,
      0.4,
      77.6,
      84.5,
      69.2,
      65.2,
      20.2,
      23.1,
      68.6,
      77.1,
      84.3,
      64.7,
      65.0,
      85.3,
      98.5,
      78.1
    ],
    [
      48.3,
      48.1,
      47.6,
      49.7,
      49.9,
      48.1,
      53.1,
      47.9,
      48.9,
      49.3,
      48.9,
      48.4,
      48.8,
      50.3,
      47.9,
      46.0,
      58.1,
      46.0,
      47.6,
      48.3,
      48.8,
      44.8,
      84.7,
      46.0,
      47.5,
      58.3,
      91.7,
      83.0,
      107.0,
      61.8,
      38.3,
      38.5,
      20.8,
      33.3,
      107.0,
      21.6,
      0.0,
      48.6,
      37.1,
      84.5,
      84.4,
      21.6,
      97.3,
      93.4,
      89.0,
      84.9,
      0.24,
      42.9,
      88.4,
      96.9,
      106.0,
      84.5,
      84.8,
      107.0,
      118.0,
      97.8
    ],
    [
      3.2,
      3.1,
      2.9,
      2.3,
      2.4,
      2.0,
      3.0,
      3.0,
      2.6,
      2.3,
      2.7,
      2.6,
      2.2,
      2.0,
      3.2,
      6.4,
      4.1,
      5.2,
      2.9,
      3.2,
      2.7,
      5.2,
      39.8,
      5.1,
      2.7,
      8.0,
      46.8,
      38.1,
      60.6,
      49.6,
      17.5,
      17.0,
      30.5,
      54.8,
      61.9,
      28.8,
      48.6,
      0.0,
      17.6,
      40.3,
      40.2,
      32.9,
      53.1,
      65.8,
      44.7,
      40.7,
      52.0,
      13.1,
      44.1,
      52.6,
      59.8,
      40.2,
      40.5,
      60.8,
      74.0,
      53.6
    ],
    [
      18.6,
      18.3,
      18.7,
      18.4,
      19.0,
      17.3,
      20.7,
      18.9,
      18.1,
      18.5,
      18.1,
      18.4,
      18.1,
      19.1,
      18.8,
      14.0,
      25.6,
      18.2,
      18.7,
      19.4,
      18.0,
      15.4,
      52.2,
      18.2,
      17.9,
      24.7,
      59.2,
      50.5,
      73.0,
      41.2,
      0.7,
      0.5,
      19.0,
      37.6,
      74.4,
      17.4,
      37.1,
      17.6,
      0.0,
      52.0,
      51.9,
      17.1,
      64.8,
      57.5,
      56.4,
      52.3,
      36.2,
      15.0,
      55.8,
      64.3,
      76.5,
      51.9,
      52.2,
      77.4,
      85.7,
      65.3
    ],
    [
      35.5,
      35.4,
      36.7,
      35.0,
      33.8,
      40.9,
      35.0,
      35.3,
      35.1,
      34.4,
      34.8,
      36.3,
      34.9,
      33.8,
      36.0,
      40.0,
      30.8,
      41.8,
      36.7,
      35.5,
      35.4,
      45.0,
      0.9,
      41.8,
      35.0,
      37.0,
      17.6,
      2.1,
      30.8,
      83.5,
      51.4,
      50.9,
      66.4,
      88.7,
      21.9,
      64.8,
      84.5,
      40.3,
      52.0,
      0.0,
      3.3,
      64.2,
      13.2,
      100.0,
      22.0,
      13.1,
      83.3,
      44.4,
      1.8,
      12.8,
      34.3,
      0.2,
      0.65,
      35.2,
      38.7,
      13.7
    ],
    [
      35.4,
      35.3,
      42.0,
      34.9,
      33.7,
      40.8,
      34.8,
      35.2,
      35.0,
      34.2,
      34.7,
      36.2,
      34.8,
      33.4,
      35.8,
      39.9,
      30.7,
      41.7,
      36.6,
      35.4,
      34.9,
      41.7,
      3.3,
      41.7,
      34.9,
      36.9,
      20.5,
      1.6,
      34.4,
      83.4,
      51.2,
      50.8,
      66.3,
      88.6,
      25.6,
      64.7,
      84.4,
      40.2,
      51.9,
      3.3,
      0.0,
      63.6,
      17.4,
      99.9,
      24.9,
      12.8,
      82.7,
      43.7,
      4.5,
      16.9,
      33.9,
      3.1,
      3.4,
      34.9,
      38.3,
      17.9
    ],
    [
      27.8,
      27.5,
      27.1,
      29.1,
      29.3,
      27.5,
      32.6,
      27.3,
      28.3,
      28.8,
      28.3,
      29.1,
      28.3,
      29.8,
      27.4,
      25.5,
      37.5,
      25.5,
      27.1,
      27.8,
      28.2,
      24.3,
      64.2,
      25.5,
      28.2,
      37.7,
      71.1,
      62.5,
      84.9,
      52.5,
      17.8,
      18.0,
      3.2,
      36.8,
      86.3,
      0.4,
      21.6,
      32.9,
      17.1,
      64.2,
      63.6,
      0.0,
      77.4,
      83.5,
      69.1,
      65.0,
      20.1,
      23.0,
      68.5,
      77.0,
      87.4,
      64.6,
      64.9,
      88.4,
      98.4,
      78.0
    ],
    [
      48.3,
      48.2,
      49.5,
      47.8,
      46.6,
      53.7,
      47.8,
      48.1,
      47.9,
      47.2,
      47.6,
      49.1,
      47.7,
      46.6,
      48.8,
      52.8,
      43.6,
      54.6,
      49.5,
      48.3,
      48.2,
      57.8,
      17.7,
      54.6,
      47.8,
      49.8,
      17.9,
      16.3,
      22.6,
      96.3,
      64.2,
      63.7,
      79.2,
      102.0,
      11.3,
      77.6,
      97.3,
      53.1,
      64.8,
      13.2,
      17.4,
      77.4,
      0.0,
      113.0,
      23.2,
      22.3,
      95.8,
      56.9,
      11.5,
      0.35,
      21.5,
      16.4,
      12.2,
      22.5,
      24.9,
      0.45
    ],
    [
      67.0,
      66.7,
      66.9,
      66.6,
      67.3,
      65.6,
      68.9,
      66.6,
      66.3,
      66.7,
      66.3,
      66.8,
      66.3,
      67.5,
      67.2,
      62.2,
      73.8,
      66.6,
      66.9,
      67.6,
      66.4,
      66.6,
      100.0,
      66.9,
      66.3,
      74.1,
      60.1,
      98.8,
      69.3,
      20.9,
      56.9,
      56.4,
      83.0,
      75.2,
      88.8,
      84.5,
      93.4,
      65.8,
      57.5,
      100.0,
      99.9,
      83.5,
      113.0,
      0.0,
      56.4,
      65.3,
      101.0,
      66.8,
      104.0,
      112.0,
      68.6,
      99.7,
      100.0,
      68.3,
      77.6,
      113.0
    ],
    [
      42.3,
      41.7,
      46.5,
      41.4,
      41.2,
      45.3,
      39.0,
      42.0,
      41.4,
      41.7,
      41.5,
      40.8,
      41.3,
      40.3,
      42.7,
      44.4,
      42.3,
      46.2,
      46.5,
      42.3,
      41.7,
      49.4,
      22.0,
      46.2,
      41.7,
      34.3,
      5.0,
      23.9,
      16.4,
      52.5,
      55.8,
      55.3,
      70.9,
      93.2,
      34.4,
      69.2,
      89.0,
      44.7,
      56.4,
      22.0,
      24.9,
      69.1,
      23.2,
      56.4,
      0.0,
      15.6,
      87.8,
      48.8,
      24.0,
      22.6,
      15.2,
      22.0,
      21.6,
      16.2,
      23.9,
      23.3
    ],
    [
      35.9,
      35.8,
      37.1,
      35.4,
      34.2,
      41.2,
      35.4,
      35.7,
      35.4,
      34.7,
      35.2,
      36.7,
      35.3,
      34.1,
      36.3,
      40.4,
      31.2,
      42.2,
      37.1,
      35.9,
      35.8,
      45.4,
      13.1,
      42.2,
      35.3,
      23.9,
      13.5,
      11.7,
      31.4,
      61.4,
      51.7,
      51.3,
      66.8,
      89.1,
      31.9,
      65.2,
      84.9,
      40.7,
      52.3,
      13.1,
      12.8,
      65.0,
      22.3,
      65.3,
      15.6,
      0.0,
      84.4,
      45.5,
      13.0,
      21.5,
      27.1,
      12.7,
      10.4,
      28.1,
      42.9,
      22.5
    ],
    [
      46.9,
      46.7,
      46.2,
      48.3,
      48.5,
      46.7,
      51.7,
      46.5,
      47.4,
      47.9,
      47.5,
      48.3,
      47.4,
      48.9,
      46.5,
      44.6,
      56.7,
      44.6,
      46.2,
      46.9,
      47.4,
      43.4,
      83.3,
      44.6,
      47.4,
      56.9,
      90.2,
      81.6,
      106.0,
      61.6,
      36.9,
      37.1,
      19.4,
      34.2,
      105.0,
      20.2,
      0.24,
      52.0,
      36.2,
      83.3,
      82.7,
      20.1,
      95.8,
      101.0,
      87.8,
      84.4,
      0.0,
      43.1,
      88.6,
      97.1,
      106.0,
      84.7,
      85.0,
      107.0,
      118.0,
      98.0
    ],
    [
      8.0,
      7.7,
      7.2,
      8.9,
      9.5,
      7.7,
      12.8,
      7.5,
      8.5,
      9.0,
      8.5,
      9.3,
      9.0,
      10.0,
      7.5,
      5.7,
      17.7,
      5.7,
      7.2,
      8.0,
      8.4,
      4.4,
      44.4,
      5.6,
      8.4,
      17.9,
      51.3,
      42.7,
      65.1,
      50.6,
      18.5,
      18.0,
      24.8,
      55.8,
      66.5,
      23.1,
      42.9,
      13.1,
      15.0,
      44.4,
      43.7,
      23.0,
      56.9,
      66.8,
      48.8,
      45.5,
      43.1,
      0.0,
      49.4,
      57.9,
      65.1,
      45.5,
      45.8,
      66.1,
      79.4,
      58.9
    ],
    [
      39.4,
      39.2,
      40.5,
      38.9,
      37.7,
      44.7,
      38.9,
      39.2,
      38.9,
      38.2,
      38.7,
      40.2,
      38.8,
      37.6,
      39.8,
      43.8,
      34.7,
      45.7,
      40.5,
      39.4,
      39.3,
      48.8,
      1.8,
      45.6,
      38.8,
      40.8,
      19.9,
      3.4,
      30.0,
      87.4,
      55.2,
      54.7,
      70.3,
      92.6,
      21.1,
      68.6,
      88.4,
      44.1,
      55.8,
      1.8,
      4.5,
      68.5,
      11.5,
      104.0,
      24.0,
      13.0,
      88.6,
      49.4,
      0.0,
      11.5,
      28.6,
      1.6,
      1.2,
      29.5,
      32.9,
      12.5
    ],
    [
      47.9,
      45.2,
      49.0,
      47.4,
      46.2,
      53.2,
      47.4,
      45.2,
      47.4,
      46.7,
      47.2,
      48.7,
      47.3,
      46.1,
      48.3,
      52.3,
      43.2,
      51.7,
      49.0,
      47.9,
      47.8,
      57.3,
      17.2,
      54.1,
      47.3,
      49.3,
      17.7,
      15.8,
      23.1,
      95.9,
      63.7,
      63.2,
      78.8,
      101.0,
      11.8,
      77.1,
      96.9,
      52.6,
      64.3,
      12.8,
      16.9,
      77.0,
      0.35,
      112.0,
      22.6,
      21.5,
      97.1,
      57.9,
      11.5,
      0.0,
      21.7,
      15.7,
      11.5,
      22.7,
      25.1,
      0.45
    ],
    [
      57.3,
      56.8,
      61.6,
      56.5,
      56.2,
      60.4,
      54.1,
      57.1,
      56.5,
      56.8,
      56.6,
      55.8,
      56.3,
      55.4,
      57.7,
      59.5,
      60.2,
      61.3,
      61.6,
      57.3,
      56.8,
      64.5,
      34.3,
      61.3,
      56.7,
      49.4,
      16.9,
      32.9,
      0.6,
      66.5,
      70.8,
      70.4,
      86.9,
      108.0,
      26.3,
      84.3,
      106.0,
      59.8,
      76.5,
      34.3,
      33.9,
      87.4,
      21.5,
      68.6,
      15.2,
      27.1,
      106.0,
      65.1,
      28.6,
      21.7,
      0.0,
      33.9,
      29.8,
      0.55,
      9.7,
      22.1
    ],
    [
      35.5,
      35.3,
      36.6,
      35.0,
      33.8,
      40.8,
      34.9,
      35.3,
      35.0,
      34.3,
      34.7,
      36.3,
      34.9,
      33.7,
      35.9,
      39.9,
      30.8,
      41.8,
      36.6,
      35.5,
      35.4,
      44.9,
      1.0,
      41.7,
      34.9,
      36.9,
      17.9,
      2.1,
      34.9,
      83.5,
      51.3,
      50.8,
      66.4,
      88.7,
      26.0,
      64.7,
      84.5,
      40.2,
      51.9,
      0.2,
      3.1,
      64.6,
      16.4,
      99.7,
      22.0,
      12.7,
      84.7,
      45.5,
      1.6,
      15.7,
      33.9,
      0.0,
      0.8,
      30.6,
      34.1,
      13.6
    ],
    [
      35.8,
      35.6,
      36.9,
      35.3,
      34.1,
      41.1,
      35.2,
      35.6,
      35.3,
      34.6,
      35.0,
      36.6,
      35.2,
      34.0,
      36.2,
      40.2,
      31.1,
      42.1,
      36.9,
      35.8,
      35.7,
      45.2,
      1.2,
      42.0,
      35.2,
      37.2,
      17.5,
      2.4,
      30.7,
      83.8,
      51.6,
      51.1,
      66.7,
      89.0,
      21.8,
      65.0,
      84.8,
      40.5,
      52.2,
      0.65,
      3.4,
      64.9,
      12.2,
      100.0,
      21.6,
      10.4,
      85.0,
      45.8,
      1.2,
      11.5,
      29.8,
      0.8,
      0.0,
      31.6,
      35.0,
      14.5
    ],
    [
      58.3,
      57.8,
      62.6,
      57.5,
      57.2,
      61.3,
      55.1,
      58.0,
      57.5,
      57.7,
      57.6,
      56.8,
      57.3,
      56.3,
      58.7,
      60.5,
      61.2,
      62.3,
      62.6,
      58.3,
      57.8,
      65.5,
      35.2,
      62.3,
      57.7,
      50.3,
      17.9,
      33.8,
      0.14,
      67.2,
      71.8,
      71.4,
      87.9,
      109.0,
      27.3,
      85.3,
      107.0,
      60.8,
      77.4,
      35.2,
      34.9,
      88.4,
      22.5,
      68.3,
      16.2,
      28.1,
      107.0,
      66.1,
      29.5,
      22.7,
      0.55,
      30.6,
      31.6,
      0.0,
      9.2,
      22.9
    ],
    [
      69.3,
      69.2,
      70.4,
      68.8,
      67.6,
      74.6,
      68.8,
      69.1,
      68.8,
      68.1,
      68.6,
      70.1,
      68.7,
      67.5,
      69.7,
      73.8,
      64.6,
      75.6,
      70.4,
      69.3,
      69.2,
      78.8,
      38.6,
      75.6,
      68.8,
      70.7,
      25.7,
      37.2,
      9.3,
      75.3,
      85.1,
      84.6,
      100.0,
      122.0,
      22.8,
      98.5,
      118.0,
      74.0,
      85.7,
      38.7,
      38.3,
      98.4,
      24.9,
      77.6,
      23.9,
      42.9,
      118.0,
      79.4,
      32.9,
      25.1,
      9.7,
      34.1,
      35.0,
      9.2,
      0.0,
      26.6
    ],
    [
      48.9,
      48.7,
      50.0,
      48.3,
      47.1,
      54.2,
      48.3,
      48.6,
      48.4,
      47.7,
      48.1,
      49.6,
      48.2,
      47.1,
      49.3,
      53.3,
      44.1,
      55.1,
      50.0,
      48.8,
      48.7,
      58.3,
      18.2,
      55.1,
      48.3,
      50.3,
      18.4,
      16.8,
      23.1,
      96.8,
      64.7,
      64.2,
      79.7,
      102.0,
      11.8,
      78.1,
      97.8,
      53.6,
      65.3,
      13.7,
      17.9,
      78.0,
      0.45,
      113.0,
      23.3,
      22.5,
      98.0,
      58.9,
      12.5,
      0.45,
      22.1,
      13.6,
      14.5,
      22.9,
      26.6,
      0.0
    ]
  ],
  "drive_time_matrix": [
    [
      0.0,
      4.0,
      7.0,
      11.0,
      5.0,
      12.0,
      11.0,
      8.0,
      12.0,
      4.0,
      8.0,
      7.0,
      5.0,
      8.0,
      6.0,
      13.0,
      9.0,
      9.0,
      7.0,
      1.0,
      5.0,
      8.0,
      33.0,
      9.0,
      7.0,
      16.0,
      44.0,
      31.0,
      61.0,
      40.0,
      21.0,
      21.0,
      30.0,
      53.0,
      49.0,
      31.0,
      42.0,
      10.0,
      23.0,
      33.0,
      35.0,
      30.0,
      42.0,
      56.0,
      41.0,
      37.0,
      42.0,
      13.0,
      35.0,
      44.0,
      59.0,
      33.0,
      34.0,
      60.0,
      59.0,
      45.0
    ],
    [
      4.0,
      0.0,
      3.0,
      11.0,
      5.0,
      8.0,
      11.0,
      3.0,
      8.0,
      5.0,
      7.0,
      8.0,
      13.0,
      7.0,
      11.0,
      15.0,
      10.0,
      11.0,
      3.0,
      5.0,
      6.0,
      9.0,
      33.0,
      10.0,
      6.0,
      17.0,
      44.0,
      31.0,
      61.0,
      43.0,
      23.0,
      23.0,
      31.0,
      54.0,
      49.0,
      32.0,
      44.0,
      10.0,
      25.0,
      34.0,
      35.0,
      31.0,
      42.0,
      59.0,
      41.0,
      37.0,
      43.0,
      15.0,
      35.0,
      44.0,
      59.0,
      34.0,
      35.0,
      60.0,
      59.0,
      45.0
    ],
    [
      7.0,
      3.0,
      0.0,
      12.0,
      7.0,
      6.0,
      13.0,
      2.0,
      7.0,
      6.0,
      8.0,
      10.0,
      8.0,
      10.0,
      12.0,
      12.0,
      12.0,
      8.0,
      1.0,
      8.0,
      8.0,
      7.0,
      34.0,
      8.0,
      7.0,
      17.0,
      42.0,
      32.0,
      59.0,
      40.0,
      22.0,
      22.0,
      28.0,
      53.0,
      50.0,
      30.0,
      41.0,
      9.0,
      23.0,
      34.0,
      36.0,
      28.0,
      43.0,
      57.0,
      39.0,
      39.0,
      40.0,
      12.0,
      36.0,
      45.0,
      57.0,
      35.0,
      36.0,
      57.0,
      60.0,
      46.0
    ],
    [
      11.0,
      11.0,
      12.0,
      0.0,
      11.0,
      4.0,
      7.0,
      10.0,
      3.0,
      4.0,
      4.0,
      5.0,
      2.0,
      4.0,
      5.0,
      13.0,
      7.0,
      11.0,
      6.0,
      4.0,
      6.0,
      10.0,
      31.0,
