{
  "drive_dist_matrix": [
    [
      0.0,
      1.8,
      5.3,
      11.8,
      0.9,
      0.9,
      7.5,
      2.5,
      27.6,
      13.9,
      29.1,
      19.2,
      20.5,
      22.0,
      10.4,
      8.6,
      5.1,
      3.0,
      19.5,
      0.4,
      11.8,
      2.5,
      22.8,
      3.5,
      5.7,
      42.4,
      23.6,
      4.7,
      4.6,
      21.6,
      25.2,
      30.3,
      10.7,
      6.9,
      3.8,
      3.0,
      2.5,
      25.9
    ],
    [
      1.8,
      0.0,
      5.3,
      11.2,
      0.23,
      0.45,
      7.4,
      1.3,
      27.6,
      13.8,
      29.1,
      17.1,
      18.5,
      21.9,
      10.4,
      8.6,
      5.0,
      0.7,
      19.5,
      1.2,
      11.8,
      1.8,
      20.8,
      3.5,
      5.6,
      44.3,
      23.6,
      4.7,
      4.5,
      21.6,
      25.2,
      28.3,
      10.7,
      6.9,
      3.8,
      3.0,
      2.5,
      25.8
    ],
    [
      5.3,
      5.3,
      0.0,
      15.9,
      6.1,
      5.8,
      2.1,
      7.5,
      20.3,
      8.5,
      21.8,
      11.8,
      15.2,
      16.6,
      5.1,
      3.3,
      10.0,
      7.9,
      16.3,
      6.2,
      6.5,
      6.5,
      17.5,
      8.5,
      0.3,
      37.0,
      16.3,
      0.75,
      2.3,
      14.3,
      17.9,
      23.0,
      5.4,
      1.6,
      2.9,
      3.8,
      4.2,
      18.5
    ],
    [
      11.8,
      11.2,
      15.9,
      0.0,
      11.9,
      11.6,
      17.2,
      13.2,
      35.4,
      23.6,
      36.9,
      26.9,
      28.3,
      31.7,
      20.2,
      18.4,
      15.8,
      13.7,
      29.3,
      12.0,
      21.6,
      9.7,
      32.6,
      14.2,
      15.4,
      52.1,
      31.4,
      14.5,
      14.3,
      29.4,
      33.0,
      38.1,
      20.5,
      16.7,
      13.5,
      12.8,
      12.3,
      35.6
    ],
    [
      0.9,
      0.23,
      6.1,
      11.9,
      0.0,
      0.65,
      7.2,
      2.3,
      27.4,
      13.6,
      26.9,
      16.9,
      18.3,
      21.7,
      10.2,
      8.4,
      4.8,
      0.65,
      19.3,
      1.0,
      11.6,
      1.6,
      20.5,
      3.3,
      5.4,
      42.1,
      21.3,
      4.5,
      4.3,
      19.4,
      23.0,
      28.1,
      10.5,
      6.7,
      3.5,
      2.7,
      2.2,
      23.6
    ],
    [
      0.9,
      0.45,
      5.8,
      11.6,
      0.65,
      0.0,
      7.0,
      2.0,
      27.1,
      13.4,
      26.6,
      18.7,
      18.0,
      19.5,
      10.0,
      8.1,
      4.5,
      0.45,
      19.0,
      0.8,
      11.4,
      3.9,
      20.3,
      3.0,
      5.2,
      41.8,
      21.1,
      4.3,
      4.1,
      19.1,
      22.7,
      27.8,
      10.3,
      6.5,
      3.3,
      2.5,
      2.0,
      25.4
    ],
    [
      7.5,
      7.4,
      2.1,
      17.2,
      7.2,
      7.0,
      0.0,
      9.0,
      18.2,
      6.4,
      19.7,
      9.7,
      11.1,
      12.5,
      3.0,
      1.2,
      11.5,
      9.4,
      17.8,
      7.7,
      4.4,
      8.1,
      13.4,
      10.0,
      2.8,
      34.9,
      14.2,
      3.1,
      3.8,
      12.2,
      15.8,
      20.9,
      3.3,
      0.75,
      4.4,
      5.3,
      5.8,
      16.4
    ],
    [
      2.5,
      1.3,
      7.5,
      13.2,
      2.3,
      2.0,
      9.0,
      0.0,
      26.9,
      15.2,
      28.4,
      18.4,
      21.8,
      21.2,
      11.7,
      9.9,
      4.3,
      1.3,
      20.8,
      2.6,
      13.1,
      3.1,
      22.1,
      2.8,
      6.9,
      43.6,
      24.9,
      6.0,
      5.9,
      22.9,
      26.5,
      29.6,
      12.0,
      8.2,
      5.1,
      4.3,
      3.8,
      27.1
    ],
    [
      27.6,
      27.6,
      20.3,
      35.4,
      27.4,
      27.1,
      18.2,
      26.9,
      0.0,
      17.4,
      1.7,
      9.3,
      14.1,
      15.5,
      19.1,
      20.0,
      32.2,
      30.1,
      14.9,
      28.3,
      19.3,
      28.7,
      16.4,
      30.6,
      23.4,
      16.9,
      7.8,
      23.8,
      24.5,
      9.5,
      9.5,
      4.3,
      19.9,
      21.8,
      25.0,
      25.9,
      26.4,
      6.7
    ],
    [
      13.9,
      13.8,
      8.5,
      23.6,
      13.6,
      13.4,
      6.4,
      15.2,
      17.4,
      0.0,
      18.3,
      8.3,
      9.7,
      11.1,
      7.6,
      5.6,
      17.7,
      15.7,
      16.4,
      13.9,
      4.9,
      14.3,
      11.9,
      16.2,
      9.0,
      33.5,
      12.7,
      9.4,
      10.1,
      10.7,
      14.3,
      19.5,
      5.5,
      7.3,
      10.6,
      11.5,
      12.0,
      15.0
    ],
    [
      29.1,
      29.1,
      21.8,
      36.9,
      26.9,
      26.6,
      19.7,
      28.4,
      1.7,
      18.3,
      0.0,
      10.2,
      15.0,
      16.4,
      20.0,
      20.9,
      33.1,
      31.0,
      15.8,
      29.3,
      20.3,
      29.6,
      17.3,
      31.6,
      24.4,
      15.6,
      8.8,
      24.7,
      25.4,
      10.4,
      10.4,
      5.2,
      20.8,
      22.7,
      26.0,
      26.9,
      27.3,
      7.6
    ],
    [
      19.2,
      17.1,
      11.8,
      26.9,
      16.9,
      18.7,
      9.7,
      18.4,
      9.3,
      8.3,
      10.2,
      0.0,
      4.8,
      6.3,
      9.8,
      10.7,
      22.9,
      20.8,
      8.3,
      19.1,
      10.1,
      19.4,
      7.1,
      21.4,
      14.2,
      25.4,
      4.6,
      14.5,
      15.2,
      2.6,
      6.2,
      11.3,
      10.6,
      12.5,
      15.8,
      16.7,
      17.2,
      6.9
    ],
    [
      20.5,
      18.5,
      15.2,
      28.3,
      18.3,
      18.0,
      11.1,
      21.8,
      14.1,
      9.7,
      15.0,
      4.8,
      0.0,
      1.4,
      11.4,
      12.3,
      24.5,
      22.4,
      13.0,
      20.7,
      11.7,
      21.0,
      2.3,
      23.0,
      15.8,
      30.1,
      9.4,
      16.1,
      16.8,
      7.4,
      11.0,
      16.1,
      12.2,
      14.1,
      17.4,
      18.3,
      18.7,
      11.6
    ],
    [
      22.0,
      21.9,
      16.6,
      31.7,
      21.7,
      19.5,
      12.5,
      21.2,
      15.5,
      11.1,
      16.4,
      6.3,
      1.4,
      0.0,
      12.8,
      13.8,
      25.9,
      23.8,
      14.5,
      22.1,
      13.1,
      22.5,
      0.85,
      24.4,
      17.2,
      31.6,
      10.8,
      17.5,
      18.2,
      8.8,
      12.4,
      17.5,
      13.7,
      15.5,
      18.8,
      19.7,
      20.2,
      13.1
    ],
    [
      10.4,
      10.4,
      5.1,
      20.2,
      10.2,
      10.0,
      3.0,
      11.7,
      19.1,
      7.6,
      20.0,
      9.8,
      11.4,
      12.8,
      0.0,
      3.8,
      16.0,
      13.9,
      18.6,
      12.2,
      3.1,
      12.5,
      14.1,
      14.5,
      7.3,
      35.6,
      14.9,
      7.6,
      8.3,
      12.9,
      16.5,
      21.6,
      3.7,
      5.6,
      8.9,
      9.8,
      10.2,
      17.2
    ],
    [
      8.6,
      8.6,
      3.3,
      18.4,
      8.4,
      8.1,
      1.2,
      9.9,
      20.0,
      5.6,
      20.9,
      10.7,
      12.3,
      13.8,
      3.8,
      0.0,
      12.5,
      10.4,
      19.5,
      8.6,
      4.1,
      9.0,
      13.1,
      10.9,
      3.8,
      36.6,
      15.9,
      4.1,
      4.8,
      13.9,
      17.5,
      20.6,
      0.26,
      2.1,
      5.3,
      6.2,
      6.7,
      18.1
    ],
    [
      5.1,
      5.0,
      10.0,
      15.8,
      4.8,
      4.5,
      11.5,
      4.3,
      32.2,
      17.7,
      33.1,
      22.9,
      24.5,
      25.9,
      16.0,
      12.5,
      0.0,
      4.0,
      23.5,
      5.2,
      15.8,
      6.4,
      26.8,
      2.0,
      9.6,
      48.3,
      27.6,
      8.7,
      8.5,
      25.6,
      29.2,
      34.3,
      14.7,
      10.9,
      7.7,
      7.0,
      6.4,
      29.8
    ],
    [
      3.0,
      0.7,
      7.9,
      13.7,
      0.65,
      0.45,
      9.4,
      1.3,
      30.1,
      15.7,
      31.0,
      20.8,
      22.4,
      23.8,
      13.9,
      10.4,
      4.0,
      0.0,
      19.5,
      1.2,
      11.8,
      2.4,
      22.8,
      3.1,
      5.6,
      44.3,
      23.6,
      4.7,
      4.5,
      21.6,
      25.2,
      30.3,
      10.7,
      6.9,
      3.7,
      3.0,
      2.4,
      25.8
    ],
    [
      19.5,
      19.5,
      16.3,
      29.3,
      19.3,
      19.0,
      17.8,
      20.8,
      14.9,
      16.4,
      15.8,
      8.3,
      13.0,
      14.5,
      18.6,
      19.5,
      23.5,
      19.5,
      0.0,
      19.7,
      18.2,
      20.2,
      15.3,
      22.1,
      16.3,
      31.0,
      10.2,
      15.9,
      16.3,
      8.4,
      11.8,
      17.0,
      18.8,
      20.7,
      16.1,
      17.4,
      17.9,
      12.5
    ],
    [
      0.4,
      1.2,
      6.2,
      12.0,
      1.0,
      0.8,
      7.7,
      2.6,
      28.3,
      13.9,
      29.3,
      19.1,
      20.7,
      22.1,
      12.2,
      8.6,
      5.2,
      1.2,
      19.7,
      0.0,
      10.6,
      3.1,
      21.5,
      4.0,
      4.4,
      43.1,
      22.3,
      3.5,
      3.3,
      20.3,
      24.0,
      29.1,
      9.5,
      5.7,
      2.5,
      1.7,
      1.2,
      24.6
    ],
    [
      11.8,
      11.8,
      6.5,
      21.6,
      11.6,
      11.4,
      4.4,
      13.1,
      19.3,
      4.9,
      20.3,
      10.1,
      11.7,
      13.1,
      3.1,
      4.1,
      15.8,
      11.8,
      18.2,
      10.6,
      0.0,
      12.2,
      13.8,
      14.2,
      7.0,
      35.4,
      14.6,
      7.3,
      8.0,
      12.7,
      16.3,
      21.4,
      3.4,
      5.3,
      8.6,
      9.5,
      9.9,
      16.9
    ],
    [
      2.5,
      1.8,
      6.5,
      9.7,
      1.6,
      3.9,
      8.1,
      3.1,
      28.7,
      14.3,
      29.6,
      19.4,
      21.0,
      22.5,
      12.5,
      9.0,
      6.4,
      2.4,
      20.2,
      3.1,
      12.2,
      0.0,
      23.2,
      4.9,
      6.1,
      44.7,
      24.0,
      5.1,
      5.0,
      22.0,
      25.6,
      30.7,
      11.1,
      7.3,
      4.2,
      3.4,
      2.9,
      26.3
    ],
    [
      22.8,
      20.8,
      17.5,
      32.6,
      20.5,
      20.3,
      13.4,
      22.1,
      16.4,
      11.9,
      17.3,
      7.1,
      2.3,
      0.85,
      14.1,
      13.1,
      26.8,
      22.8,
      15.3,
      21.5,
      13.8,
      23.2,
      0.0,
      25.3,
      18.1,
      32.4,
      11.7,
      18.4,
      19.1,
      9.7,
      13.3,
      18.4,
      14.5,
      16.4,
      19.7,
      20.6,
      21.0,
      13.9
    ],
    [
      3.5,
      3.5,
      8.5,
      14.2,
      3.3,
      3.0,
      10.0,
      2.8,
      30.6,
      16.2,
      31.6,
      21.4,
      23.0,
      24.4,
      14.5,
      10.9,
      2.0,
      3.1,
      22.1,
      4.0,
      14.2,
      4.9,
      25.3,
      0.0,
      7.6,
      46.3,
      25.6,
      6.7,
      6.6,
      23.6,
      23.3,
      32.3,
      12.7,
      8.9,
      5.8,
      5.0,
      4.5,
      27.8
    ],
    [
      5.7,
      5.6,
      0.3,
      15.4,
      5.4,
      5.2,
      2.8,
      6.9,
      23.4,
      9.0,
      24.4,
      14.2,
      15.8,
      17.2,
      7.3,
      3.8,
      9.6,
      5.6,
      16.3,
      4.4,
      7.0,
      6.1,
      18.1,
      7.6,
      0.0,
      38.8,
      18.0,
      1.4,
      2.1,
      16.0,
      15.8,
      24.8,
      5.2,
      1.4,
      2.6,
      3.5,
      4.0,
      20.3
    ],
    [
      42.4,
      44.3,
      37.0,
      52.1,
      42.1,
      41.8,
      34.9,
      43.6,
      16.9,
      33.5,
      15.6,
      25.4,
      30.1,
      31.6,
      35.6,
      36.6,
      48.3,
      44.3,
      31.0,
      43.1,
      35.4,
      44.7,
      32.4,
      46.3,
      38.8,
      0.0,
      23.1,
      39.0,
      39.7,
      24.8,
      24.7,
      19.5,
      35.2,
      37.0,
      40.3,
      41.2,
      41.7,
      21.9
    ],
    [
      23.6,
      23.6,
      16.3,
      31.4,
      21.3,
      21.1,
      14.2,
      24.9,
      7.8,
      12.7,
      8.8,
      4.6,
      9.4,
      10.8,
      14.9,
      15.9,
      27.6,
      23.6,
      10.2,
      22.3,
      14.6,
      24.0,
      11.7,
      25.6,
      18.0,
      23.1,
      0.0,
      20.2,
      20.9,
      5.9,
      2.0,
      0.85,
      16.3,
      18.1,
      21.4,
      22.3,
      22.8,
      2.9
    ],
    [
      4.7,
      4.7,
      0.75,
      14.5,
      4.5,
      4.3,
      3.1,
      6.0,
      23.8,
      9.4,
      24.7,
      14.5,
      16.1,
      17.5,
      7.6,
      4.1,
      8.7,
      4.7,
      15.9,
      3.5,
      7.3,
      5.1,
      18.4,
      6.7,
      1.4,
      39.0,
      20.2,
      0.0,
      0.95,
      17.1,
      16.8,
      25.8,
      6.2,
      2.4,
      1.0,
      2.4,
      2.9,
      21.3
    ],
    [
      4.6,
      4.5,
      2.3,
      14.3,
      4.3,
      4.1,
      3.8,
      5.9,
      24.5,
      10.1,
      25.4,
      15.2,
      16.8,
      18.2,
      8.3,
      4.8,
      8.5,
      4.5,
      16.3,
      3.3,
      8.0,
      5.0,
      19.1,
      6.6,
      2.1,
      39.7,
      20.9,
      0.95,
      0.0,
      18.1,
      17.8,
      26.8,
      7.2,
      3.4,
      0.21,
      1.8,
      2.3,
      22.3
    ],
    [
      21.6,
      21.6,
      14.3,
      29.4,
      19.4,
      19.1,
      12.2,
      22.9,
      9.5,
      10.7,
      10.4,
      2.6,
      7.4,
      8.8,
      12.9,
      13.9,
      25.6,
      21.6,
      8.4,
      20.3,
      12.7,
      22.0,
      9.7,
      23.6,
      16.0,
      24.8,
      5.9,
      17.1,
      18.1,
      0.0,
      1.9,
      10.7,
      13.6,
      15.4,
      18.7,
      19.6,
      20.1,
      6.2
    ],
    [
      25.2,
      25.2,
      17.9,
      33.0,
      23.0,
      22.7,
      15.8,
      26.5,
      9.5,
      14.3,
      10.4,
      6.2,
      11.0,
      12.4,
      16.5,
      17.5,
      29.2,
      25.2,
      11.8,
      24.0,
      16.3,
      25.6,
      13.3,
      23.3,
      15.8,
      24.7,
      2.0,
      16.8,
      17.8,
      1.9,
      0.0,
      9.8,
      15.1,
      16.9,
      20.2,
      21.1,
      21.6,
      5.3
    ],
    [
      30.3,
      28.3,
      23.0,
      38.1,
      28.1,
      27.8,
      20.9,
      29.6,
      4.3,
      19.5,
      5.2,
      11.3,
      16.1,
      17.5,
      21.6,
      20.6,
      34.3,
      30.3,
      17.0,
      29.1,
      21.4,
      30.7,
      18.4,
      32.3,
      24.8,
      19.5,
      0.85,
      25.8,
      26.8,
      10.7,
      9.8,
      0.0,
      15.7,
      17.5,
      20.8,
      21.7,
      22.2,
      2.4
    ],
    [
      10.7,
      10.7,
      5.4,
      20.5,
      10.5,
      10.3,
      3.3,
      12.0,
      19.9,
      5.5,
      20.8,
      10.6,
      12.2,
      13.7,
      3.7,
      0.26,
      14.7,
      10.7,
      18.8,
      9.5,
      3.4,
      11.1,
      14.5,
      12.7,
      5.2,
      35.2,
      16.3,
      6.2,
      7.2,
      13.6,
      15.1,
      15.7,
      0.0,
      1.8,
      5.1,
      6.0,
      6.5,
      17.5
    ],
    [
      6.9,
      6.9,
      1.6,
      16.7,
      6.7,
      6.5,
      0.75,
      8.2,
      21.8,
      7.3,
      22.7,
      12.5,
      14.1,
      15.5,
      5.6,
      2.1,
      10.9,
      6.9,
      20.7,
      5.7,
      5.3,
      7.3,
      16.4,
      8.9,
      1.4,
      37.0,
      18.1,
      2.4,
      3.4,
      15.4,
      16.9,
      17.5,
      1.8,
      0.0,
      4.1,
      5.0,
      5.5,
      19.1
    ],
    [
      3.8,
      3.8,
      2.9,
      13.5,
      3.5,
      3.3,
      4.4,
      5.1,
      25.0,
      10.6,
      26.0,
      15.8,
      17.4,
      18.8,
      8.9,
      5.3,
      7.7,
      3.7,
      16.1,
      2.5,
      8.6,
      4.2,
      19.7,
      5.8,
      2.6,
      40.3,
      21.4,
      1.0,
      0.21,
      18.7,
      20.2,
      20.8,
      5.1,
      4.1,
      0.0,
      0.75,
      2.7,
      22.1
    ],
    [
      3.0,
      3.0,
      3.8,
      12.8,
      2.7,
      2.5,
      5.3,
      4.3,
      25.9,
      11.5,
      26.9,
      16.7,
      18.3,
      19.7,
      9.8,
      6.2,
      7.0,
      3.0,
      17.4,
      1.7,
      9.5,
      3.4,
      20.6,
      5.0,
      3.5,
      41.2,
      22.3,
      2.4,
      1.8,
      19.6,
      21.1,
      21.7,
      6.0,
      5.0,
      0.75,
      0.0,
      0.5,
      22.8
    ],
    [
      2.5,
      2.5,
      4.2,
      12.3,
      2.2,
      2.0,
      5.8,
      3.8,
      26.4,
      12.0,
      27.3,
      17.2,
      18.7,
      20.2,
      10.2,
      6.7,
      6.4,
      2.4,
      17.9,
      1.2,
      9.9,
      2.9,
      21.0,
      4.5,
      4.0,
      41.7,
      22.8,
      2.9,
      2.3,
      20.1,
      21.6,
      22.2,
      6.5,
      5.5,
      2.7,
      0.5,
      0.0,
      23.4
    ],
    [
      25.9,
      25.8,
      18.5,
      35.6,
      23.6,
      25.4,
      16.4,
      27.1,
      6.7,
      15.0,
      7.6,
      6.9,
      11.6,
      13.1,
      17.2,
      18.1,
      29.8,
      25.8,
      12.5,
      24.6,
      16.9,
      26.3,
      13.9,
      27.8,
      20.3,
      21.9,
      2.9,
      21.3,
      22.3,
      6.2,
      5.3,
      2.4,
      17.5,
      19.1,
      22.1,
      22.8,
      23.4,
      0.0
    ]
  ],
  "drive_time_matrix": [
    [
      0.0,
      5.0,
      10.0,
      20.0,
      11.0,
      3.0,
      14.0,
      6.0,
      38.0,
      24.0,
      40.0,
      28.0,
      31.0,
      32.0,
      19.0,
      17.0,
      12.0,
      7.0,
      31.0,
      5.0,
      20.0,
      7.0,
      35.0,
      8.0,
      11.0,
      58.0,
      32.0,
      9.0,
      9.0,
      31.0,
      35.0,
      41.0,
      20.0,
      13.0,
      7.0,
      6.0,
      5.0,
      34.0
    ],
    [
      5.0,
      0.0,
      10.0,
      18.0,
      3.0,
      5.0,
      14.0,
      18.0,
      39.0,
      24.0,
      41.0,
      26.0,
      29.0,
      33.0,
      19.0,
      17.0,
      11.0,
      9.0,
      31.0,
      3.0,
      20.0,
      5.0,
      33.0,
      8.0,
      11.0,
      61.0,
      32.0,
      9.0,
      9.0,
      31.0,
      35.0,
      39.0,
      20.0,
      13.0,
      7.0,
      6.0,
      5.0,
      34.0
    ],
    [
      10.0,
      10.0,
      0.0,
      23.0,
      11.0,
      10.0,
      4.0,
      14.0,
      26.0,
      14.0,
      29.0,
      16.0,
      21.0,
      23.0,
      9.0,
      6.0,
      19.0,
      14.0,
      24.0,
      12.0,
      10.0,
      11.0,
      25.0,
      16.0,
      4.0,
      46.0,
      20.0,
      9.0,
      4.0,
      19.0,
      23.0,
      29.0,
      10.0,
      3.0,
      7.0,
      7.0,
      8.0,
      22.0
    ],
    [
      20.0,
      18.0,
      23.0,
      0.0,
      21.0,
      20.0,
      27.0,
      24.0,
      50.0,
      38.0,
      54.0,
      40.0,
      42.0,
      46.0,
      33.0,
      30.0,
      29.0,
      24.0,
      44.0,
      21.0,
      34.0,
      15.0,
      47.0,
      26.0,
      24.0,
      76.0,
      43.0,
      23.0,
      23.0,
      42.0,
      47.0,
      54.0,
      33.0,
      27.0,
      21.0,
      19.0,
      19.0,
      47.0
    ],
    [
      11.0,
      3.0,
      11.0,
      21.0,
      0.0,
      2.0,
      13.0,
      6.0,
      38.0,
      24.0,
      38.0,
      25.0,
      28.0,
      32.0,
      18.0,
      16.0,
      11.0,
      8.0,
      30.0,
      3.0,
      19.0,
      4.0,
      32.0,
      8.0,
      10.0,
      59.0,
      29.0,
      9.0,
      8.0,
      28.0,
      32.0,
      38.0,
      19.0,
      13.0,
      7.0,
      5.0,
      5.0,
      32.0
    ],
    [
      3.0,
      5.0,
      10.0,
      20.0,
      2.0,
      0.0,
      12.0,
      5.0,
      36.0,
      22.0,
      37.0,
      26.0,
      26.0,
      28.0,
      17.0,
      15.0,
      11.0,
      6.0,
      29.0,
      10.0,
      19.0,
      7.0,
      31.0,
      7.0,
      9.0,
      58.0,
      28.0,
      7.0,
      7.0,
      27.0,
      32.0,
      37.0,
      18.0,
      12.0,
      6.0,
      5.0,
      4.0,
      32.0
    ],
    [
      14.0,
      14.0,
      4.0,
      27.0,
      13.0,
      12.0,
      0.0,
      17.0,
      23.0,
      11.0,
      26.0,
      13.0,
      15.0,
      17.0,
      6.0,
      4.0,
      22.0,
      17.0,
      21.0,
      15.0,
      7.0,
      14.0,
      19.0,
      19.0,
      6.0,
      45.0,
      17.0,
      7.0,
      7.0,
      16.0,
      20.0,
      25.0,
      6.0,
      9.0,
      10.0,
      11.0,
      12.0,
      19.0
    ],
    [
      6.0,
      18.0,
      14.0,
      24.0,
      6.0,
      5.0,
      17.0,
      0.0,
      38.0,
      27.0,
      41.0,
      29.0,
      33.0,
      33.0,
      22.0,
      20.0,
      10.0,
      4.0,
      33.0,
      6.0,
      23.0,
      8.0,
      35.0,
      7.0,
      13.0,
      66.0,
      35.0,
      12.0,
      12.0,
      34.0,
      41.0,
      42.0,
      22.0,
      16.0,
      10.0,
      9.0,
      8.0,
      37.0
    ],
    [
      38.0,
      39.0,
      26.0,
      50.0,
      38.0,
      36.0,
      23.0,
      38.0,
      0.0,
      22.0,
      4.0,
      11.0,
      18.0,
      20.0,
      24.0,
      23.0,
      47.0,
      41.0,
      18.0,
      39.0,
      23.0,
      38.0,
      22.0,
      43.0,
      29.0,
      22.0,
      10.0,
      30.0,
      31.0,
      13.0,
      13.0,
      6.0,
      22.0,
      26.0,
      33.0,
      34.0,
      35.0,
      9.0
    ],
    [
      24.0,
      24.0,
      14.0,
      38.0,
      24.0,
      22.0,
      11.0,
      27.0,
      22.0,
      0.0,
      25.0,
      13.0,
      15.0,
      17.0,
      13.0,
      10.0,
      31.0,
      26.0,
      21.0,
      25.0,
      9.0,
      24.0,
      19.0,
      28.0,
      15.0,
      47.0,
      16.0,
      16.0,
      17.0,
      16.0,
      23.0,
      25.0,
      8.0,
      13.0,
      19.0,
      20.0,
      21.0,
      19.0
    ],
    [
      40.0,
      41.0,
      29.0,
      54.0,
      38.0,
      37.0,
      26.0,
      41.0,
      4.0,
      25.0,
      0.0,
      12.0,
      20.0,
      21.0,
      25.0,
      24.0,
      48.0,
      42.0,
      19.0,
      40.0,
      24.0,
      39.0,
      23.0,
      45.0,
      30.0,
      20.0,
      11.0,
      31.0,
      32.0,
      15.0,
      18.0,
      7.0,
      23.0,
      28.0,
      34.0,
      36.0,
      37.0,
      11.0
    ],
    [
      28.0,
      26.0,
      16.0,
      40.0,
      25.0,
      26.0,
      13.0,
      29.0,
      11.0,
      13.0,
      12.0,
      0.0,
      8.0,
      10.0,
      13.0,
      12.0,
      35.0,
      30.0,
      10.0,
      28.0,
      12.0,
      27.0,
      12.0,
      32.0,
      18.0,
      35.0,
      5.0,
      19.0,
      20.0,
      5.0,
      12.0,
      13.0,
      11.0,
      16.0,
      22.0,
      23.0,
      24.0,
      8.0
    ],
    [
      31.0,
      29.0,
      21.0,
      42.0,
      28.0,
      26.0,
      15.0,
      33.0,
      18.0,
      15.0,
      20.0,
      8.0,
      0.0,
      2.0,
      19.0,
      18.0,
      41.0,
      35.0,
      18.0,
      33.0,
      17.0,
      32.0,
      4.0,
      37.0,
      23.0,
      45.0,
      14.0,
      24.0,
      25.0,
      13.0,
      20.0,
      22.0,
      16.0,
      21.0,
      27.0,
      28.0,
      29.0,
      16.0
    ],
    [
      32.0,
      33.0,
      23.0,
      46.0,
      32.0,
      28.0,
      17.0,
      33.0,
      20.0,
      17.0,
      21.0,
      10.0,
      2.0,
      0.0,
      21.0,
      20.0,
      43.0,
      37.0,
      21.0,
      35.0,
      19.0,
      34.0,
      2.0,
      40.0,
      25.0,
      46.0,
      16.0,
      26.0,
      27.0,
      16.0,
      22.0,
      25.0,
      19.0,
      23.0,
      29.0,
      30.0,
      32.0,
      18.0
    ],
    [
      19.0,
      19.0,
      9.0,
      33.0,
      18.0,
      17.0,
      6.0,
      22.0,
      24.0,
      13.0,
      25.0,
      13.0,
      19.0,
      21.0,
      0.0,
      6.0,
      29.0,
      24.0,
      22.0,
      22.0,
      6.0,
      21.0,
      20.0,
      26.0,
      12.0,
      48.0,
      17.0,
      13.0,
      14.0,
      17.0,
      24.0,
      25.0,
      5.0,
      10.0,
      16.0,
      17.0,
      19.0,
      19.0
    ],
    [
      17.0,
      17.0,
      6.0,
      30.0,
      16.0,
      15.0,
      4.0,
      20.0,
      23.0,
      10.0,
      24.0,
      12.0,
      18.0,
      20.0,
      6.0,
      0.0,
      26.0,
      20.0,
      24.0,
      18.0,
      7.0,
      17.0,
      20.0,
      23.0,
      8.0,
      49.0,
      18.0,
      9.0,
      10.0,
      18.0,
      25.0,
      26.0,
      3.0,
      6.0,
      12.0,
      13.0,
      15.0,
      21.0
    ],
    [
      12.0,
      11.0,
      19.0,
      29.0,
      11.0,
      11.0,
      22.0,
      10.0,
      47.0,
      31.0,
      48.0,
      35.0,
      41.0,
      43.0,
      29.0,
      26.0,
      0.0,
      8.0,
      38.0,
      10.0,
      29.0,
      14.0,
      44.0,
      5.0,
      18.0,
      69.0,
      40.0,
      17.0,
      17.0,
      39.0,
      46.0,
      48.0,
      28.0,
      22.0,
      15.0,
      14.0,
      13.0,
      41.0
    ],
    [
      7.0,
      9.0,
      14.0,
      24.0,
      8.0,
      6.0,
      17.0,
      4.0,
      41.0,
      26.0,
      42.0,
      30.0,
      35.0,
      37.0,
      24.0,
      20.0,
      8.0,
      0.0,
      31.0,
      3.0,
      21.0,
      6.0,
      36.0,
      7.0,
      11.0,
      60.0,
      32.0,
      9.0,
      9.0,
      32.0,
      38.0,
      40.0,
      20.0,
      14.0,
      7.0,
      5.0,
      4.0,
      34.0
    ],
    [
      31.0,
      31.0,
      24.0,
      44.0,
      30.0,
      29.0,
      21.0,
      33.0,
      18.0,
      21.0,
      19.0,
      10.0,
      18.0,
      21.0,
      22.0,
      24.0,
      38.0,
      31.0,
      0.0,
      32.0,
      21.0,
      32.0,
      23.0,
      37.0,
      26.0,
      40.0,
      12.0,
      25.0,
      26.0,
      12.0,
      19.0,
      20.0,
      21.0,
      25.0,
      25.0,
      28.0,
      29.0,
      14.0
    ],
    [
      5.0,
      3.0,
      12.0,
      21.0,
      3.0,
      10.0,
      15.0,
      6.0,
      39.0,
      25.0,
      40.0,
      28.0,
      33.0,
      35.0,
      22.0,
      18.0,
      10.0,
      3.0,
      32.0,
      0.0,
      19.0,
      6.0,
      34.0,
      9.0,
      8.0,
      57.0,
      30.0,
      7.0,
      7.0,
      30.0,
      36.0,
      38.0,
      18.0,
      12.0,
      4.0,
      3.0,
      2.0,
      32.0
    ],
    [
      20.0,
      20.0,
      10.0,
      34.0,
      19.0,
      19.0,
      7.0,
      23.0,
      23.0,
      9.0,
      24.0,
      12.0,
      17.0,
      19.0,
      6.0,
      7.0,
      29.0,
      21.0,
      21.0,
      19.0,
      0.0,
      20.0,
      22.0,
      26.0,
      12.0,
      44.0,
      17.0,
      13.0,
      14.0,
      17.0,
      23.0,
      24.0,
      5.0,
      9.0,
      16.0,
      16.0,
      18.0,
      19.0
    ],
    [
      7.0,
      5.0,
      11.0,
      15.0,
      4.0,
      7.0,
      14.0,
      8.0,
      38.0,
      24.0,
      39.0,
      27.0,
      32.0,
      34.0,
      21.0,
      17.0,
      14.0,
      6.0,
      32.0,
      6.0,
      20.0,
      0.0,
      35.0,
      12.0,
      11.0,
      59.0,
      31.0,
      9.0,
      9.0,
      31.0,
      37.0,
      39.0,
      20.0,
      14.0,
      7.0,
      6.0,
      5.0,
      34.0
    ],
    [
      35.0,
      33.0,
      25.0,
      47.0,
      32.0,
      31.0,
      19.0,
      35.0,
      22.0,
      19.0,
      23.0,
      12.0,
      4.0,
      2.0,
      20.0,
      20.0,
      44.0,
      36.0,
      23.0,
      34.0,
      22.0,
      35.0,
      0.0,
      41.0,
      27.0,
      43.0,
      18.0,
      28.0,
      29.0,
      17.0,
      23.0,
      25.0,
      20.0,
      25.0,
      31.0,
      32.0,
      33.0,
      20.0
    ],
    [
      8.0,
      8.0,
      16.0,
      26.0,
      8.0,
      7.0,
      19.0,
      7.0,
      43.0,
      28.0,
      45.0,
      32.0,
      37.0,
      40.0,
      26.0,
      23.0,
      5.0,
      7.0,
      37.0,
      9.0,
      26.0,
      12.0,
      41.0,
      0.0,
      14.0,
      63.0,
      35.0,
      13.0,
      12.0,
      34.0,
      37.0,
      42.0,
      23.0,
      17.0,
      11.0,
      9.0,
      8.0,
      37.0
    ],
    [
      11.0,
      11.0,
      4.0,
      24.0,
      10.0,
      9.0,
      6.0,
      13.0,
      29.0,
      15.0,
      30.0,
      18.0,
      23.0,
      25.0,
      12.0,
      8.0,
      18.0,
      11.0,
      26.0,
      8.0,
      12.0,
      11.0,
      27.0,
      14.0,
      0.0,
      46.0,
      21.0,
      3.0,
      4.0,
      21.0,
      24.0,
      28.0,
      10.0,
      3.0,
      6.0,
      7.0,
      9.0,
      24.0
    ],
    [
      58.0,
      61.0,
      46.0,
      76.0,
      59.0,
      58.0,
      45.0,
      66.0,
      22.0,
      47.0,
      20.0,
      35.0,
      45.0,
      46.0,
      48.0,
      49.0,
      69.0,
      60.0,
      40.0,
      57.0,
      44.0,
      59.0,
      43.0,
      63.0,
      46.0,
      0.0,
      22.0,
      41.0,
      42.0,
      25.0,
      28.0,
      18.0,
      33.0,
      38.0,
      45.0,
      46.0,
      47.0,
      21.0
    ],
    [
      32.0,
      32.0,
      20.0,
      43.0,
      29.0,
      28.0,
      17.0,
      35.0,
      10.0,
      16.0,
      11.0,
      5.0,
      14.0,
      16.0,
      17.0,
      18.0,
      40.0,
      32.0,
      12.0,
      30.0,
      17.0,
      31.0,
      18.0,
      35.0,
      21.0,
      22.0,
      0.0,
      26.0,
      27.0,
      10.0,
      8.0,
      11.0,
      18.0,
      23.0,
      29.0,
      30.0,
      32.0,
      5.0
    ],
    [
      9.0,
      9.0,
      9.0,
      23.0,
      9.0,
      7.0,
      7.0,
      12.0,
      30.0,
      16.0,
      31.0,
      19.0,
      24.0,
      26.0,
      13.0,
      9.0,
      17.0,
      9.0,
      25.0,
      7.0,
      13.0,
      9.0,
      28.0,
      13.0,
      3.0,
      41.0,
      26.0,
      0.0,
      12.0,
      23.0,
      25.0,
      30.0,
      12.0,
      5.0,
      12.0,
      6.0,
      7.0,
      26.0
    ],
    [
      9.0,
      9.0,
      4.0,
      23.0,
      8.0,
      7.0,
      7.0,
      12.0,
      31.0,
      17.0,
      32.0,
      20.0,
      25.0,
      27.0,
      14.0,
      10.0,
      17.0,
      9.0,
      26.0,
      7.0,
      14.0,
      9.0,
      29.0,
      12.0,
      4.0,
      42.0,
      27.0,
      12.0,
      0.0,
      26.0,
      28.0,
      34.0,
      15.0,
      9.0,
      3.0,
      5.0,
      6.0,
      29.0
    ],
    [
      31.0,
      31.0,
      19.0,
      42.0,
      28.0,
      27.0,
      16.0,
      34.0,
      13.0,
      16.0,
      15.0,
      5.0,
      13.0,
      16.0,
      17.0,
      18.0,
      39.0,
      32.0,
      12.0,
      30.0,
      17.0,
      31.0,
      17.0,
      34.0,
      21.0,
      25.0,
      10.0,
      23.0,
      26.0,
      0.0,
      4.0,
      17.0,
      17.0,
      21.0,
      27.0,
      29.0,
      30.0,
      12.0
    ],
    [
      35.0,
      35.0,
      23.0,
      47.0,
      32.0,
      32.0,
      20.0,
      41.0,
      13.0,
      23.0,
      18.0,
      12.0,
      20.0,
      22.0,
      24.0,
      25.0,
      46.0,
      38.0,
      19.0,
      36.0,
      23.0,
      37.0,
      23.0,
      37.0,
      24.0,
      28.0,
      8.0,
      25.0,
      28.0,
      4.0,
      0.0,
      16.0,
      22.0,
      26.0,
      33.0,
      34.0,
      36.0,
      11.0
    ],
    [
      41.0,
      39.0,
      29.0,
      54.0,
      38.0,
      37.0,
      25.0,
      42.0,
      6.0,
      25.0,
      7.0,
      13.0,
      22.0,
      25.0,
      25.0,
      26.0,
      48.0,
      40.0,
      20.0,
      38.0,
      24.0,
      39.0,
      25.0,
      42.0,
      28.0,
      18.0,
      11.0,
      30.0,
      34.0,
      17.0,
      16.0,
      0.0,
      16.0,
      21.0,
      27.0,
      29.0,
      30.0,
      4.0
    ],
    [
      20.0,
      20.0,
      10.0,
      33.0,
      19.0,
      18.0,
      6.0,
      22.0,
      22.0,
      8.0,
      23.0,
      11.0,
      16.0,
      19.0,
      5.0,
      3.0,
      28.0,
      20.0,
      21.0,
      18.0,
      5.0,
      20.0,
      20.0,
      23.0,
      10.0,
      33.0,
      18.0,
      12.0,
      15.0,
      17.0,
      22.0,
      16.0,
      0.0,
      5.0,
      11.0,
      13.0,
      14.0,
      19.0
    ],
    [
      13.0,
      13.0,
      3.0,
      27.0,
      13.0,
      12.0,
      9.0,
      16.0,
      26.0,
      13.0,
      28.0,
      16.0,
      21.0,
      23.0,
      10.0,
      6.0,
      22.0,
      14.0,
      25.0,
      12.0,
      9.0,
      14.0,
      25.0,
      17.0,
      3.0,
      38.0,
      23.0,
      5.0,
      9.0,
      21.0,
      26.0,
      21.0,
      5.0,
      0.0,
      10.0,
      12.0,
      13.0,
      22.0
    ],
    [
      7.0,
      7.0,
      7.0,
      21.0,
      7.0,
      6.0,
      10.0,
      10.0,
      33.0,
      19.0,
      34.0,
      22.0,
      27.0,
      29.0,
      16.0,
      12.0,
      15.0,
      7.0,
      25.0,
      4.0,
      16.0,
      7.0,
      31.0,
      11.0,
      6.0,
      45.0,
      29.0,
      12.0,
      3.0,
      27.0,
      33.0,
      27.0,
      11.0,
      10.0,
      0.0,
      9.0,
      6.0,
      27.0
    ],
    [
      6.0,
      6.0,
      7.0,
      19.0,
      5.0,
      5.0,
      11.0,
      9.0,
      34.0,
      20.0,
      36.0,
      23.0,
      28.0,
      30.0,
      17.0,
      13.0,
      14.0,
      5.0,
      28.0,
      3.0,
      16.0,
      6.0,
      32.0,
      9.0,
      7.0,
      46.0,
      30.0,
      6.0,
      5.0,
      29.0,
      34.0,
      29.0,
      13.0,
      12.0,
      9.0,
      0.0,
      6.0,
      28.0
    ],
    [
      5.0,
      5.0,
      8.0,
      19.0,
      5.0,
      4.0,
      12.0,
      8.0,
      35.0,
      21.0,
      37.0,
      24.0,
      29.0,
      32.0,
      19.0,
      15.0,
      13.0,
      4.0,
      29.0,
      2.0,
      18.0,
      5.0,
      33.0,
      8.0,
      9.0,
      47.0,
      32.0,
      7.0,
      6.0,
      30.0,
      36.0,
      30.0,
      14.0,
      13.0,
      6.0,
      6.0,
      0.0,
      29.0
    ],
    [
      34.0,
      34.0,
      22.0,
      47.0,
      32.0,
      32.0,
      19.0,
      37.0,
      9.0,
      19.0,
      11.0,
      8.0,
      16.0,
      18.0,
      19.0,
      21.0,
      41.0,
      34.0,
      14.0,
      32.0,
      19.0,
      34.0,
      20.0,
      37.0,
      24.0,
      21.0,
      5.0,
      26.0,
      29.0,
      12.0,
      11.0,
      4.0,
      19.0,
      22.0,
      27.0,
      28.0,
      29.0,
      0.0
    ]
  ],
  "transit_dist_walk_matrix": [
    [
      0.0,
      NaN,
      NaN,
      NaN,
      NaN,
      NaN,
      NaN,
      NaN,
      NaN,
      NaN,
      NaN,
      NaN,
      NaN,
      NaN,
      NaN,
      NaN,
      NaN,
      NaN,
      NaN,
      NaN,
      NaN,
      NaN,
      NaN,
      NaN,
      NaN,
      NaN,
      NaN,
      NaN,
      NaN,
      NaN,
      NaN,
      NaN,
      NaN,
      NaN,
      NaN,
      NaN,
      NaN,
      NaN
    ],
    [
      NaN,
      0.0,
      NaN,
      NaN,
      NaN,
      NaN,
      NaN,
      NaN,
      NaN,
      NaN,
      NaN,
      NaN,
      NaN,
      NaN,
      NaN,
      NaN,
      NaN,
      NaN,
      NaN,
      NaN,
      NaN,
      NaN,
      NaN,
      NaN,
      NaN,
      NaN,
      NaN,
      NaN,
      NaN,
      NaN,
      NaN,
      NaN,
      NaN,
      NaN,
      NaN,
      NaN,
      NaN,
      NaN
    ],
    [
      NaN,
      NaN,
      0.0,
      NaN,
      NaN,
      NaN,
      NaN,
      NaN,
      NaN,
      NaN,
      NaN,
      NaN,
      NaN,
      NaN,
      NaN,
      NaN,
      NaN,
      NaN,
      NaN,
      NaN,
      NaN,
      NaN,
      NaN,
      NaN,
      NaN,
      NaN,
      NaN,
      NaN,
      NaN,
      NaN,
      NaN,
      NaN,
      NaN,
      NaN,
      NaN,
      NaN,
      NaN,
      NaN
    ],
    [
      NaN,
      NaN,
      NaN,
      0.0,
      NaN,
      NaN,
      NaN,
      NaN,
      NaN,
      NaN,
      NaN,
      NaN,
      NaN,
      NaN,
      NaN,
      NaN,
      NaN,
      NaN,
      NaN,
      NaN,
      NaN,
      NaN,
      NaN,
      NaN,
      NaN,
      NaN,
      NaN,
      NaN,
      NaN,
      NaN,
      NaN,
      NaN,
      NaN,
      NaN,
      NaN,
      NaN,
      NaN,
      NaN
    ],
    [
      NaN,
      NaN,
      NaN,
      NaN,
      0.0,
      NaN,
      NaN,
      NaN,
      NaN,
      NaN,
      NaN,
      NaN,
      NaN,
      NaN,
      NaN,
      NaN,
      NaN,
      NaN,
      NaN,
      NaN,
      NaN,
      NaN,
      NaN,
      NaN,
      NaN,
      NaN,
      NaN,
      NaN,
      NaN,
      NaN,
      NaN,
      NaN,
      NaN,
      NaN,
      NaN,
      NaN,
      NaN,
      NaN
    ],
    [
      NaN,
      NaN,
      NaN,
      NaN,
      NaN,
      0.0,
      NaN,
      NaN,
      NaN,
      NaN,
      NaN,
      NaN,
      NaN,
      NaN,
      NaN,
      NaN,
      NaN,
      NaN,
      NaN,
      NaN,
      NaN,
      NaN,
      NaN,
      NaN,
      NaN,
      NaN,
      NaN,
      NaN,
      NaN,
      NaN,
      NaN,
      NaN,
      NaN,
      NaN,
      NaN,
      NaN,
      NaN,
      NaN
    ],
    [
      NaN,
      NaN,
      NaN,
      NaN,
      NaN,
      NaN,
      0.0,
      NaN,
      NaN,
      NaN,
      NaN,
      NaN,
      NaN,
      NaN,
      NaN,
      NaN,
      NaN,
      NaN,
      NaN,
      NaN,
      NaN,
      NaN,
      NaN,
      NaN,
      NaN,
      NaN,
      NaN,
      NaN,
      NaN,
      NaN,
      NaN,
      NaN,
      NaN,
      NaN,
      NaN,
      NaN,
      NaN,
      NaN
    ],
    [
      NaN,
      NaN,
      NaN,
      NaN,
      NaN,
      NaN,
      NaN,
      0.0,
      NaN,
      NaN,
      NaN,
      NaN,
      NaN,
      NaN,
      NaN,
      NaN,
      NaN,
      NaN,
      NaN,
      NaN,
      NaN,
      NaN,
      NaN,
      NaN,
      NaN,
      NaN,
      NaN,
      NaN,
      NaN,
      NaN,
      NaN,
      NaN,
      NaN,
      NaN,
      NaN,
      NaN,
      NaN,
      NaN
    ],
    [
      NaN,
      NaN,
      NaN,
      NaN,
      NaN,
      NaN,
      NaN,
      NaN,
      0.0,
      NaN,
      NaN,
      NaN,
      NaN,
      NaN,
      NaN,
      NaN,
      NaN,
      NaN,
      NaN,
      NaN,
      NaN,
      NaN,
      NaN,
      NaN,
      NaN,
      NaN,
      NaN,
      NaN,
      NaN,
      NaN,
      NaN,
      NaN,
      NaN,
      NaN,
      NaN,
      NaN,
      NaN,
      NaN
    ],
    [
      NaN,
      NaN,
      NaN,
      NaN,
      NaN,
      NaN,
      NaN,
      NaN,
      NaN,
      0.0,
      NaN,
      NaN,
      NaN,
      NaN,
      NaN,
      NaN,
      NaN,
      NaN,
      NaN,
      NaN,
      NaN,
      NaN,
      NaN,
      NaN,
      NaN,
      NaN,
      NaN,
      NaN,
      NaN,
      NaN,
      NaN,
      NaN,
      NaN,
      NaN,
      NaN,
      NaN,
      NaN,
      NaN
    ],
    [
      NaN,
      NaN,
      NaN,
      NaN,
      NaN,
      NaN,
      NaN,
      NaN,
      NaN,
      NaN,
      0.0,
      NaN,
      NaN,
      NaN,
      NaN,
      NaN,
      NaN,
      NaN,
      NaN,
      NaN,
      NaN,
      NaN,
      NaN,
      NaN,
      NaN,
      NaN,
      NaN,
      NaN,
      NaN,
      NaN,
      NaN,
      NaN,
      NaN,
      NaN,
      NaN,
      NaN,
      NaN,
      NaN
    ],
    [
      NaN,
      NaN,
      NaN,
      NaN,
      NaN,
      NaN,
      NaN,
      NaN,
      NaN,
      NaN,
      NaN,
      0.0,
      NaN,
      NaN,
      NaN,
      NaN,
      NaN,
      NaN,
      NaN,
      NaN,
      NaN,
      NaN,
      NaN,
      NaN,
      NaN,
      NaN,
      NaN,
      NaN,
      NaN,
      NaN,
      NaN,
      NaN,
      NaN,
      NaN,
      NaN,
      NaN,
      NaN,
      NaN
    ],
    [
      NaN,
      NaN,
