{
  "drive_dist_matrix": [
    [
      0.0,
      0.12,
      10.6,
      0.35,
      0.083,
      1.1,
      0.11,
      4.5,
      0.09,
      0.55,
      0.22,
      0.22,
      0.12,
      0.15,
      0.18,
      0.26,
      1.5,
      0.3,
      0.35,
      0.7,
      2.2,
      0.45,
      0.8,
      8.3,
      5.2,
      0.4,
      0.35,
      2.1,
      3.5,
      0.11,
      2.0,
      6.5,
      0.094,
      0.5,
      0.7,
      0.3,
      0.35,
      2.7,
      0.6,
      3.1,
      0.45,
      0.65,
      0.7,
      4.2,
      0.098,
      0.7,
      0.068,
      6.6,
      0.6,
      6.7,
      14.6,
      0.8,
      0.35,
      0.5,
      32.0,
      35.3
    ],
    [
      0.12,
      0.0,
      10.7,
      0.45,
      0.24,
      3.3,
      0.005,
      4.6,
      0.21,
      0.45,
      0.1,
      0.099,
      0.13,
      0.16,
      0.27,
      0.35,
      1.5,
      0.4,
      0.35,
      0.75,
      2.2,
      0.5,
      0.9,
      8.4,
      5.2,
      0.55,
      0.35,
      2.2,
      3.5,
      0.27,
      2.1,
      7.5,
      0.19,
      0.65,
      0.75,
      0.4,
      0.35,
      2.7,
      0.7,
      3.1,
      0.55,
      0.7,
      0.65,
      4.3,
      0.18,
      0.65,
      0.089,
      6.7,
      0.65,
      6.7,
      14.6,
      0.85,
      0.22,
      0.55,
      32.1,
      35.4
    ],
    [
      10.6,
      10.7,
      0.0,
      5.8,
      5.5,
      7.1,
      5.6,
      7.3,
      5.8,
      5.8,
      5.6,
      5.6,
      5.9,
      5.9,
      5.5,
      5.6,
      6.2,
      6.7,
      6.0,
      6.4,
      7.7,
      6.0,
      5.1,
      20.8,
      7.4,
      5.7,
      6.0,
      7.6,
      6.9,
      5.5,
      5.1,
      6.7,
      5.5,
      5.7,
      6.4,
      5.8,
      6.0,
      5.2,
      8.6,
      6.9,
      8.8,
      8.4,
      6.1,
      2.0,
      5.5,
      6.3,
      5.6,
      4.6,
      6.0,
      10.5,
      13.5,
      6.3,
      6.2,
      6.1,
      30.9,
      49.4
    ],
    [
      0.35,
      0.45,
      5.8,
      0.0,
      0.4,
      0.75,
      0.4,
      4.1,
      0.5,
      0.65,
      0.55,
      0.45,
      0.3,
      0.28,
      0.29,
      0.4,
      1.8,
      0.35,
      0.21,
      0.65,
      0.55,
      0.26,
      2.5,
      7.9,
      6.5,
      0.6,
      0.23,
      0.8,
      4.7,
      0.35,
      3.9,
      8.7,
      0.35,
      0.7,
      0.65,
      0.045,
      0.23,
      3.9,
      0.27,
      0.85,
      0.12,
      0.29,
      0.3,
      5.4,
      0.35,
      0.55,
      0.35,
      7.8,
      0.21,
      6.3,
      19.3,
      0.65,
      0.5,
      0.3,
      35.8,
      34.9
    ],
    [
      0.083,
      0.24,
      5.5,
      0.4,
      0.0,
      2.7,
      0.24,
      3.3,
      0.11,
      0.65,
      0.35,
      0.35,
      0.24,
      0.27,
      0.15,
      0.18,
      1.7,
      0.35,
      0.45,
      0.65,
      2.1,
      0.5,
      0.8,
      8.2,
      4.7,
      0.3,
      0.5,
      2.1,
      3.7,
      0.036,
      1.6,
      6.9,
      0.055,
      0.4,
      0.65,
      0.35,
      0.5,
      2.9,
      0.65,
      2.6,
      0.5,
      0.65,
      0.7,
      4.4,
      0.059,
      0.8,
      0.15,
      6.1,
      0.6,
      6.6,
      14.2,
      0.7,
      0.45,
      0.55,
      34.4,
      35.2
    ],
    [
      1.1,
      3.3,
      7.1,
      0.75,
      2.7,
      0.0,
      2.8,
      3.4,
      3.2,
      3.0,
      2.8,
      2.7,
      2.4,
      2.3,
      2.5,
      1.7,
      3.6,
      0.9,
      2.4,
      0.75,
      0.15,
      1.0,
      2.8,
      7.4,
      5.0,
      2.5,
      2.4,
      0.26,
      5.5,
      2.5,
      1.8,
      7.2,
      2.5,
      2.6,
      0.75,
      0.75,
      2.4,
      4.7,
      0.65,
      0.17,
      0.6,
      0.45,
      0.85,
      5.3,
      2.4,
      2.7,
      2.4,
      6.4,
      0.85,
      5.6,
      18.5,
      0.65,
      2.7,
      1.0,
      35.1,
      36.4
    ],
    [
      0.11,
      0.005,
      5.6,
      0.4,
      0.24,
      2.8,
      0.0,
      4.6,
      0.2,
      0.45,
      0.11,
      0.1,
      0.12,
      0.15,
      0.27,
      0.35,
      1.5,
      0.4,
      0.35,
      0.75,
      2.2,
      0.45,
      0.9,
      8.4,
      5.2,
      0.55,
      0.35,
      2.2,
      3.5,
      0.26,
      2.1,
      7.5,
      0.18,
      0.65,
      0.75,
      0.4,
      0.35,
      2.7,
      0.7,
      3.1,
      0.5,
      0.7,
      0.75,
      4.3,
      0.18,
      0.65,
      0.084,
      6.6,
      0.55,
      6.7,
      14.6,
      0.85,
      0.23,
      0.5,
      36.2,
      35.4
    ],
    [
      4.5,
      4.6,
      7.3,
      4.1,
      3.3,
      3.4,
      4.6,
      0.0,
      5.3,
      6.3,
      5.0,
      4.9,
      4.5,
      4.5,
      4.6,
      4.8,
      5.8,
      3.8,
      4.6,
      3.6,
      3.6,
      4.6,
      4.9,
      7.8,
      3.5,
      4.7,
      4.6,
      3.5,
      7.7,
      4.7,
      3.9,
      6.7,
      4.6,
      4.8,
      3.6,
      4.4,
      4.6,
      6.2,
      4.5,
      3.3,
      4.8,
      4.3,
      4.7,
      6.1,
      4.6,
      5.3,
      4.6,
      9.1,
      4.6,
      3.4,
      16.2,
      3.4,
      4.8,
      4.7,
      32.7,
      36.8
    ],
    [
      0.09,
      0.21,
      5.8,
      0.5,
      0.11,
      3.2,
      0.2,
      5.3,
      0.0,
      0.7,
      0.3,
      0.3,
      0.21,
      0.24,
      0.25,
      0.29,
      2.2,
      0.45,
      0.4,
      0.75,
      2.6,
      0.55,
      0.7,
      10.0,
      4.8,
      0.4,
      0.45,
      2.6,
      4.2,
      0.14,
      1.7,
      7.0,
      0.16,
      0.45,
      0.75,
      0.45,
      0.45,
      3.4,
      0.75,
      2.7,
      0.6,
      0.75,
      0.8,
      5.1,
      0.16,
      0.8,
      0.17,
      6.2,
      0.65,
      6.6,
      14.3,
      0.8,
      0.5,
      0.6,
      34.5,
      35.7
    ],
    [
      0.55,
      0.45,
      5.8,
      0.65,
      0.65,
      3.0,
      0.45,
      6.3,
      0.7,
      0.0,
      0.35,
      1.6,
      0.45,
      0.45,
      0.7,
      0.8,
      1.2,
      0.8,
      0.4,
      4.6,
      3.2,
      0.55,
      3.1,
      10.1,
      6.9,
      3.5,
      0.4,
      3.2,
      3.2,
      0.7,
      4.3,
      7.1,
      0.6,
      3.6,
      4.6,
      0.65,
      0.4,
      2.4,
      0.9,
      4.6,
      0.75,
      0.9,
      0.75,
      3.9,
      0.6,
      0.45,
      0.5,
      6.3,
      0.65,
      7.7,
      15.1,
      4.4,
      0.24,
      0.55,
      32.6,
      36.3
    ],
    [
      0.22,
      0.1,
      5.6,
      0.55,
      0.35,
      2.8,
      0.11,
      5.0,
      0.3,
      0.35,
      0.0,
      0.16,
      0.23,
      0.26,
      0.35,
      0.45,
      1.4,
      0.5,
      0.45,
      0.85,
      3.4,
      0.55,
      1.0,
      10.3,
      5.2,
      0.65,
      0.4,
      3.4,
      3.2,
      0.35,
      2.1,
      5.9,
      0.29,
      0.75,
      0.85,
      0.5,
      0.4,
      1.3,
      0.8,
      3.1,
      0.65,
      0.8,
      0.75,
      2.8,
      0.28,
      0.6,
      0.19,
      5.2,
      0.65,
      7.0,
      13.9,
      1.0,
      0.17,
      0.6,
      31.4,
      36.5
    ],
    [
      0.22,
      0.099,
      5.6,
      0.45,
      0.35,
      2.7,
      0.1,
      4.9,
      0.3,
      1.6,
      0.16,
      0.0,
      0.23,
      0.22,
      0.35,
      0.45,
      1.5,
      0.5,
      0.4,
      0.9,
      2.2,
      0.5,
      1.0,
      8.4,
      5.2,
      0.65,
      0.4,
      2.2,
      3.5,
      0.35,
      2.1,
      7.4,
      0.29,
      0.75,
      0.9,
      0.4,
      0.4,
      2.7,
      0.7,
      3.1,
      0.55,
      0.7,
      0.7,
      4.3,
      0.28,
      0.55,
      0.19,
      6.6,
      0.6,
      6.7,
      14.6,
      0.85,
      0.13,
      0.55,
      34.2,
      36.6
    ],
    [
      0.12,
      0.13,
      5.9,
      0.3,
      0.24,
      2.4,
      0.12,
      4.5,
      0.21,
      0.45,
      0.23,
      0.23,
      0.0,
      0.029,
      0.27,
      0.35,
      1.4,
      0.4,
      0.21,
      0.75,
      2.1,
      0.35,
      0.95,
      8.2,
      5.1,
      0.55,
      0.23,
      2.1,
      3.4,
      0.27,
      2.0,
      7.3,
      0.19,
      0.65,
      0.75,
      0.26,
      0.23,
      2.6,
      0.55,
      2.3,
      0.4,
      0.6,
      0.55,
      4.2,
      0.18,
      0.55,
      0.09,
      6.3,
      0.45,
      6.6,
      14.5,
      0.7,
      0.3,
      0.4,
      31.9,
      36.5
    ],
    [
      0.15,
      0.16,
      5.9,
      0.28,
      0.27,
      2.3,
      0.15,
      4.5,
      0.24,
      0.45,
      0.26,
      0.22,
      0.029,
      0.0,
      0.3,
      0.4,
      1.4,
      0.4,
      0.18,
      0.7,
      0.85,
      0.3,
      1.0,
      8.2,
      5.1,
      0.6,
      0.2,
      2.0,
      3.4,
      0.3,
      1.9,
      7.3,
      0.22,
      0.7,
      0.7,
      0.23,
      0.2,
      2.6,
      0.55,
      2.2,
      0.4,
      0.55,
      0.5,
      4.1,
      0.21,
      0.55,
      0.12,
      6.2,
      0.4,
      6.6,
      14.5,
      0.7,
      0.29,
      0.35,
      31.9,
      36.5
    ],
    [
      0.18,
      0.27,
      5.5,
      0.29,
      0.15,
      2.5,
      0.27,
      4.6,
      0.25,
      0.7,
      0.35,
      0.35,
      0.27,
      0.3,
      0.0,
      0.2,
      1.6,
      0.25,
      0.45,
      0.65,
      0.85,
      0.55,
      0.85,
      8.2,
      4.8,
      0.35,
      0.5,
      2.0,
      3.6,
      0.11,
      1.6,
      7.0,
      0.089,
      0.9,
      0.65,
      0.25,
      0.5,
      2.8,
      0.55,
      2.2,
      0.4,
      0.55,
      0.6,
      4.4,
      0.085,
      0.8,
      0.14,
      6.1,
      0.5,
      6.6,
      17.9,
      0.7,
      0.45,
      0.6,
      34.4,
      35.2
    ],
    [
      0.26,
      0.35,
      5.6,
      0.4,
      0.18,
      1.7,
      0.35,
      4.8,
      0.29,
      0.8,
      0.45,
      0.45,
      0.35,
      0.4,
      0.2,
      0.0,
      1.8,
      0.19,
      0.55,
      0.45,
      0.95,
      0.6,
      0.85,
      9.1,
      4.4,
      0.14,
      0.6,
      2.1,
      3.8,
      0.15,
      1.3,
      6.6,
      0.24,
      0.25,
      0.45,
      0.35,
      0.6,
      3.0,
      0.55,
      1.6,
      0.5,
      0.65,
      0.7,
      4.8,
      0.25,
      0.9,
      0.28,
      5.8,
      0.6,
      5.7,
      14.0,
      0.55,
      0.6,
      0.65,
      34.1,
      39.0
    ],
    [
      1.5,
      1.5,
      6.2,
      1.8,
      1.7,
      3.6,
      1.5,
      5.8,
      2.2,
      1.2,
      1.4,
      1.5,
      1.4,
      1.4,
      1.6,
      1.8,
      0.0,
      3.6,
      3.1,
      3.4,
      2.1,
      3.1,
      3.3,
      8.9,
      6.8,
      4.8,
      3.1,
      2.0,
      3.8,
      3.2,
      4.1,
      9.0,
      3.1,
      4.9,
      3.4,
      2.9,
      3.1,
      3.1,
      3.0,
      2.2,
      3.2,
      2.8,
      3.2,
      4.6,
      3.1,
      1.8,
      3.1,
      7.0,
      3.1,
      6.6,
      19.5,
      3.2,
      2.0,
      3.2,
      36.1,
      35.1
    ],
    [
      0.3,
      0.4,
      6.7,
      0.35,
      0.35,
      0.9,
      0.4,
      3.8,
      0.45,
      0.8,
      0.5,
      0.5,
      0.4,
      0.4,
      0.25,
      0.19,
      3.6,
      0.0,
      0.5,
      0.35,
      0.8,
      0.6,
      1.0,
      7.9,
      4.6,
      0.4,
      0.55,
      1.0,
      3.8,
      0.3,
      1.4,
      6.8,
      0.29,
      0.5,
      0.35,
      0.3,
      0.55,
      3.0,
      0.4,
      1.4,
      0.45,
      0.5,
      0.65,
      4.6,
      0.29,
      0.85,
      0.29,
      6.0,
      0.55,
      6.1,
      14.1,
      0.4,
      0.6,
      0.65,
      34.3,
      35.4
    ],
    [
      0.35,
      0.35,
      6.0,
      0.21,
      0.45,
      2.4,
      0.35,
      4.6,
      0.4,
      0.4,
      0.45,
      0.4,
      0.21,
      0.18,
      0.45,
      0.55,
      3.1,
      0.5,
      0.0,
      0.8,
      0.75,
      0.24,
      1.5,
      10.1,
      5.6,
      0.75,
      0.024,
      1.0,
      3.2,
      0.5,
      2.4,
      6.3,
      0.4,
      0.85,
      0.8,
      0.22,
      0.024,
      2.4,
      0.45,
      3.4,
      0.3,
      0.45,
      0.45,
      3.9,
      0.4,
      0.35,
      1.9,
      6.3,
      0.35,
      7.8,
      14.3,
      0.8,
      0.27,
      0.27,
      31.7,
      36.3
    ],
    [
      0.7,
      0.75,
      6.4,
      0.65,
      0.65,
      0.75,
      0.75,
      3.6,
      0.75,
      4.6,
      0.85,
      0.9,
      0.75,
      0.7,
      0.65,
      0.45,
      3.4,
      0.35,
      0.8,
      0.0,
      0.7,
      0.9,
      2.0,
      8.9,
      4.2,
      0.45,
      0.85,
      1.0,
      5.6,
      0.6,
      1.1,
      6.4,
      0.7,
      0.55,
      0.0,
      0.6,
      0.85,
      3.9,
      0.5,
      1.4,
      0.55,
      0.6,
      1.0,
      4.5,
      0.7,
      2.9,
      0.75,
      5.6,
      2.6,
      5.5,
      13.8,
      0.078,
      0.95,
      0.95,
      33.9,
      38.8
    ],
    [
      2.2,
      2.2,
      7.7,
      0.55,
      2.1,
      0.15,
      2.2,
      3.6,
      2.6,
      3.2,
      3.4,
      2.2,
      2.1,
      0.85,
      0.85,
      0.95,
      2.1,
      0.8,
      0.75,
      0.7,
      0.0,
      0.8,
      2.7,
      7.4,
      5.0,
      2.5,
      0.8,
      0.26,
      5.5,
      2.5,
      1.8,
      7.2,
      0.9,
      2.6,
      1.4,
      0.6,
      0.8,
      4.7,
      0.5,
      0.25,
      0.45,
      0.29,
      0.75,
      6.3,
      0.9,
      1.1,
      0.9,
      6.3,
      0.7,
      5.6,
      18.5,
      0.65,
      2.7,
      0.85,
      35.1,
      36.4
    ],
    [
      0.45,
      0.5,
      6.0,
      0.26,
      0.5,
      1.0,
      0.45,
      4.6,
      0.55,
      0.55,
      0.55,
      0.5,
      0.35,
      0.3,
      0.55,
      0.6,
      3.1,
      0.6,
      0.24,
      0.9,
      0.8,
      0.0,
      2.5,
      8.7,
      6.5,
      0.8,
      0.21,
      0.8,
      4.6,
      0.6,
      3.8,
      8.7,
      0.45,
      0.9,
      0.9,
      0.28,
      0.21,
      3.8,
      0.5,
      1.9,
      0.35,
      0.55,
      0.22,
      5.4,
      0.45,
      0.29,
      0.45,
      7.7,
      0.1,
      6.2,
      19.2,
      0.85,
      0.4,
      0.046,
      35.8,
      34.9
    ],
    [
      0.8,
      0.9,
      5.1,
      2.5,
      0.8,
      2.8,
      0.9,
      4.9,
      0.7,
      3.1,
      1.0,
      1.0,
      0.95,
      1.0,
      0.85,
      0.85,
      3.3,
      1.0,
      1.5,
      2.0,
      2.7,
      2.5,
      0.0,
      10.1,
      4.9,
      0.8,
      1.6,
      3.8,
      4.8,
      1.1,
      1.7,
      7.1,
      0.9,
      0.75,
      3.2,
      1.4,
      1.6,
      0.8,
      3.0,
      2.7,
      3.3,
      2.9,
      1.7,
      5.2,
      0.9,
      1.9,
      0.9,
      6.2,
      1.6,
      6.7,
      14.4,
      2.2,
      1.1,
      1.8,
      34.5,
      40.1
    ],
    [
      8.3,
      8.4,
      20.8,
      7.9,
      8.2,
      7.4,
      8.4,
      7.8,
      10.0,
      10.1,
      10.3,
      8.4,
      8.2,
      8.2,
      8.2,
      9.1,
      8.9,
      7.9,
      10.1,
      8.9,
      7.4,
      8.7,
      10.1,
      0.0,
      10.6,
      10.3,
      9.1,
      8.0,
      12.2,
      9.2,
      9.6,
      15.0,
      9.1,
      10.4,
      9.2,
      8.9,
      9.1,
      11.4,
      9.0,
      8.1,
      9.2,
      8.8,
      9.2,
      12.9,
      9.1,
      9.5,
      9.1,
      20.0,
      9.1,
      7.6,
      20.2,
      9.0,
      9.3,
      9.2,
      36.8,
      37.2
    ],
    [
      5.2,
      5.2,
      7.4,
      6.5,
      4.7,
      5.0,
      5.2,
      3.5,
      4.8,
      6.9,
      5.2,
      5.2,
      5.1,
      5.1,
      4.8,
      4.4,
      6.8,
      4.6,
      5.6,
      4.2,
      5.0,
      6.5,
      4.9,
      10.6,
      0.0,
      4.3,
      5.1,
      5.0,
      7.2,
      4.6,
      3.2,
      5.3,
      4.7,
      4.4,
      4.5,
      4.9,
      5.1,
      5.5,
      5.9,
      5.2,
      6.2,
      5.8,
      5.3,
      6.1,
      4.7,
      5.4,
      4.7,
      7.8,
      5.1,
      6.0,
      14.0,
      4.3,
      5.4,
      5.3,
      30.6,
      38.7
    ],
    [
      0.4,
      0.55,
      5.7,
      0.6,
      0.3,
      2.5,
      0.55,
      4.7,
      0.4,
      3.5,
      0.65,
      0.65,
      0.55,
      0.6,
      0.35,
      0.14,
      4.8,
      0.4,
      0.75,
      0.45,
      2.5,
      0.8,
      0.8,
      10.3,
      4.3,
      0.0,
      0.8,
      2.5,
      5.3,
      0.28,
      1.2,
      6.6,
      0.4,
      0.12,
      0.45,
      0.55,
      0.8,
      3.6,
      0.6,
      2.0,
      0.7,
      0.8,
      0.9,
      4.2,
      0.4,
      2.2,
      0.45,
      5.2,
      0.8,
      6.2,
      13.4,
      0.55,
      0.8,
      0.85,
      34.1,
      42.2
    ],
    [
      0.35,
      0.35,
      6.0,
      0.23,
      0.5,
      2.4,
      0.35,
      4.6,
      0.45,
      0.4,
      0.4,
      0.4,
      0.23,
      0.2,
      0.5,
      0.6,
      3.1,
      0.55,
      0.024,
      0.85,
      0.8,
      0.21,
      1.6,
      9.1,
      5.1,
      0.8,
      0.0,
      1.0,
      3.2,
      0.5,
      2.4,
      6.2,
      0.4,
      0.9,
      0.85,
      0.24,
      NaN,
      2.4,
      0.5,
      3.4,
      0.35,
      0.5,
      0.4,
      3.9,
      0.4,
      0.35,
      0.3,
      6.3,
      0.3,
      7.7,
      14.3,
      0.8,
      0.25,
      0.25,
      31.7,
      36.3
    ],
    [
      2.1,
      2.2,
      7.6,
      0.8,
      2.1,
      0.26,
      2.2,
      3.5,
      2.6,
      3.2,
      3.4,
      2.2,
      2.1,
      2.0,
      2.0,
      2.1,
      2.0,
      1.0,
      1.0,
      1.0,
      0.26,
      0.8,
      3.8,
      8.0,
      5.0,
      2.5,
      1.0,
      0.0,
      4.6,
      1.6,
      4.0,
      8.9,
      1.5,
      2.4,
      1.0,
      0.8,
      1.0,
      3.8,
      0.75,
      0.35,
      0.65,
      0.5,
      0.6,
      5.3,
      1.5,
      1.0,
      1.5,
      7.7,
      0.7,
      6.4,
      19.4,
      0.85,
      1.7,
      0.8,
      35.9,
      34.8
    ],
    [
      3.5,
      3.5,
      6.9,
      4.7,
      3.7,
      5.5,
      3.5,
      7.7,
      4.2,
      3.2,
      3.2,
      3.5,
      3.4,
      3.4,
      3.6,
      3.8,
      3.8,
      3.8,
      3.2,
      5.6,
      5.5,
      4.6,
      4.8,
      12.2,
      7.2,
      5.3,
      3.2,
      4.6,
      0.0,
      3.6,
      4.5,
      7.4,
      3.6,
      3.8,
      4.1,
      3.8,
      4.1,
      2.6,
      5.7,
      4.9,
      5.9,
      5.5,
      4.2,
      4.1,
      3.6,
      4.5,
      3.7,
      6.5,
      4.1,
      9.3,
      15.4,
      5.7,
      4.7,
      4.2,
      32.8,
      37.8
    ],
    [
      0.11,
      0.27,
      5.5,
      0.35,
      0.036,
      2.5,
      0.26,
      4.7,
      0.14,
      0.7,
      0.35,
      0.35,
      0.27,
      0.3,
      0.11,
      0.15,
      3.2,
      0.3,
      0.5,
      0.6,
      2.5,
      0.6,
      1.1,
      9.2,
      4.6,
      0.28,
      0.5,
      1.6,
      3.6,
      0.0,
      1.5,
      6.9,
      0.1,
      0.4,
      0.6,
      0.3,
      0.5,
      2.9,
      0.6,
      2.3,
      0.45,
      0.6,
      0.7,
      4.5,
      0.1,
      0.85,
      0.11,
      6.1,
      0.55,
      6.6,
      17.8,
      0.7,
      0.5,
      0.7,
      33.7,
      35.3
    ],
    [
      2.0,
      2.1,
      5.1,
      3.9,
      1.6,
      1.8,
      2.1,
      3.9,
      1.7,
      4.3,
      2.1,
      2.1,
      2.0,
      1.9,
      1.6,
      1.3,
      4.1,
      1.4,
      2.4,
      1.1,
      1.8,
      3.8,
      1.7,
      9.6,
      3.2,
      1.2,
      2.4,
      4.0,
      4.5,
      1.5,
      0.0,
      5.4,
      1.5,
      1.0,
      1.4,
      1.7,
      2.0,
      2.9,
      3.8,
      1.7,
      4.0,
      3.6,
      2.1,
      3.5,
      1.5,
      2.3,
      1.5,
      4.5,
      2.0,
      5.8,
      16.3,
      1.2,
      2.2,
      2.1,
      32.8,
      39.1
    ],
    [
      6.5,
      7.5,
      6.7,
      8.7,
      6.9,
      7.2,
      7.5,
      6.7,
      7.0,
      7.1,
      5.9,
      7.4,
      7.3,
      7.3,
      7.0,
      6.6,
      9.0,
      6.8,
      6.3,
      6.4,
      7.2,
      8.7,
      7.1,
      15.0,
      5.3,
      6.6,
      6.2,
      8.9,
      7.4,
      6.9,
      5.4,
      0.0,
      4.7,
      4.9,
      5.5,
      4.9,
      5.2,
      4.7,
      7.7,
      5.9,
      8.0,
      7.5,
      5.3,
      3.1,
      4.7,
      5.5,
      4.7,
      3.8,
      5.2,
      12.6,
      9.3,
      5.4,
      5.4,
      5.3,
      26.8,
      45.3
    ],
    [
      0.094,
      0.19,
      5.5,
      0.35,
      0.055,
      2.5,
      0.18,
      4.6,
      0.16,
      0.6,
      0.29,
      0.29,
      0.19,
      0.22,
      0.089,
      0.24,
      3.1,
      0.29,
      0.4,
      0.7,
      0.9,
      0.45,
      0.9,
      9.1,
      4.7,
      0.4,
      0.4,
      1.5,
      3.6,
      0.1,
      1.5,
      4.7,
      0.0,
      0.45,
      0.7,
      0.29,
      0.4,
      2.8,
      0.6,
      2.2,
      0.45,
      0.6,
      0.65,
      4.4,
      0.005,
      0.75,
      0.096,
      6.1,
      0.55,
      6.6,
      17.9,
      0.75,
      0.4,
      0.5,
      34.4,
      35.2
    ],
    [
      0.5,
      0.65,
      5.7,
      0.7,
      0.4,
      2.6,
      0.65,
      4.8,
      0.45,
      3.6,
      0.75,
      0.75,
      0.65,
      0.7,
      0.9,
      0.25,
      4.9,
      0.5,
      0.85,
      0.55,
      2.6,
      0.9,
      0.75,
      10.4,
      4.4,
      0.12,
      0.9,
      2.4,
      3.8,
      0.4,
      1.0,
      4.9,
      0.45,
      0.0,
      0.55,
      1.6,
      0.9,
      3.5,
      0.7,
      1.9,
      0.8,
      0.9,
      1.9,
      4.1,
      1.3,
      2.1,
      0.55,
      5.7,
      0.9,
      6.1,
      17.4,
      0.65,
      0.9,
      1.9,
      33.3,
      42.2
    ],
    [
      0.7,
      0.75,
      6.4,
      0.65,
      0.65,
      0.75,
      0.75,
      3.6,
      0.75,
      4.6,
      0.85,
      0.9,
      0.75,
      0.7,
      0.65,
      0.45,
      3.4,
      0.35,
      0.8,
      0.0,
      1.4,
      0.9,
      3.2,
      9.2,
      4.5,
      0.45,
      0.85,
      1.0,
      4.1,
      0.6,
      1.4,
      5.5,
      0.7,
      0.55,
      0.0,
      0.6,
      0.85,
      3.9,
      0.5,
      0.9,
      0.55,
      0.6,
      1.0,
      4.5,
      0.7,
      2.9,
      0.75,
      5.6,
      0.85,
      5.5,
      17.4,
      0.079,
      0.95,
      0.95,
      33.2,
      38.8
    ],
    [
      0.3,
      0.4,
      5.8,
      0.045,
      0.35,
      0.75,
      0.4,
      4.4,
      0.45,
      0.65,
      0.5,
      0.4,
      0.26,
      0.23,
      0.25,
      0.35,
      2.9,
      0.3,
      0.22,
      0.6,
      0.6,
      0.28,
      1.4,
      8.9,
      4.9,
      0.55,
      0.24,
      0.8,
      3.8,
      0.3,
      1.7,
      4.9,
      0.29,
      1.6,
      0.6,
      0.0,
      0.24,
      2.6,
      0.3,
      2.0,
      0.15,
      0.3,
      0.35,
      4.2,
      0.29,
      0.55,
      0.29,
      6.5,
      0.25,
      6.3,
      19.3,
      0.6,
      0.5,
      0.35,
      34.0,
      35.0
    ],
    [
      0.35,
      0.35,
      6.0,
      0.23,
      0.5,
      2.4,
      0.35,
      4.6,
      0.45,
      0.4,
      0.4,
      0.4,
      0.23,
      0.2,
      0.5,
      0.6,
      3.1,
      0.55,
      0.024,
      0.85,
      0.8,
      0.21,
      1.6,
      9.1,
      5.1,
      0.8,
      NaN,
      1.0,
      4.1,
      0.5,
      2.0,
      5.2,
      0.4,
      0.9,
      0.85,
      0.24,
      0.0,
      2.4,
      0.5,
      3.4,
      0.35,
      0.5,
      0.4,
      3.9,
      0.4,
      0.3,
      0.3,
      6.3,
      0.3,
      7.7,
      14.3,
      0.8,
      0.25,
      0.25,
      30.7,
      36.3
    ],
    [
      2.7,
      2.7,
      5.2,
      3.9,
      2.9,
      4.7,
      2.7,
      6.2,
      3.4,
      2.4,
      1.3,
      2.7,
      2.6,
      2.6,
      2.8,
      3.0,
      3.1,
      3.0,
      2.4,
      3.9,
      4.7,
      3.8,
      0.8,
      11.4,
      5.5,
      3.6,
      2.4,
      3.8,
      2.6,
      2.9,
      2.9,
      4.7,
      2.8,
      3.5,
      3.9,
      2.6,
      2.4,
      0.0,
      5.4,
      3.6,
      5.7,
      5.2,
      2.5,
      1.5,
      1.9,
      2.7,
      2.0,
      3.9,
      2.4,
      7.4,
      12.8,
      3.1,
      2.6,
      2.5,
      29.2,
      42.4
    ],
    [
      0.6,
      0.7,
      8.6,
      0.27,
      0.65,
      0.65,
      0.7,
      4.5,
      0.75,
      0.9,
      0.8,
      0.7,
      0.55,
      0.55,
      0.55,
      0.55,
      3.0,
      0.4,
      0.45,
      0.5,
      0.5,
      0.5,
      3.0,
      9.0,
      5.9,
      0.6,
      0.5,
      0.75,
      5.7,
      0.6,
      3.8,
      7.7,
      0.6,
      0.7,
      0.5,
      0.3,
      0.5,
      5.4,
      0.0,
      0.8,
      0.15,
      0.24,
      0.6,
      5.4,
      0.6,
      0.8,
      0.6,
      7.7,
      0.5,
      6.9,
      19.8,
      0.45,
      0.75,
      0.55,
      36.4,
      35.5
    ],
    [
      3.1,
      3.1,
      6.9,
      0.85,
      2.6,
      0.17,
      3.1,
      3.3,
      2.7,
      4.6,
      3.1,
      3.1,
      2.3,
      2.2,
      2.2,
      1.6,
      2.2,
      1.4,
      3.4,
      1.4,
      0.25,
      1.9,
      2.7,
      8.1,
      5.2,
      2.0,
      3.4,
      0.35,
      4.9,
      2.3,
      1.7,
      5.9,
      2.2,
      1.9,
      0.9,
      2.0,
      3.4,
      3.6,
      0.8,
      0.0,
      0.7,
      0.55,
      1.0,
      5.5,
      1.7,
      1.9,
      1.6,
      6.8,
      0.95,
      4.8,
      17.8,
      0.8,
      1.9,
      1.8,
      34.3,
      35.6
    ],
    [
      0.45,
      0.55,
      8.8,
      0.12,
      0.5,
      0.6,
      0.5,
      4.8,
      0.6,
      0.75,
      0.65,
      0.55,
      0.4,
      0.4,
      0.4,
      0.5,
      3.2,
      0.45,
      0.3,
      0.55,
      0.45,
      0.35,
      3.3,
      9.2,
      6.2,
      0.7,
      0.35,
      0.65,
      5.9,
      0.45,
      4.0,
      8.0,
      0.45,
      0.8,
      0.55,
      0.15,
      0.35,
      5.7,
      0.15,
      0.7,
      0.0,
      0.16,
      0.45,
      5.1,
      0.45,
      0.65,
      0.45,
      7.5,
      0.35,
      6.6,
      19.6,
      0.55,
      0.6,
      0.4,
      36.1,
      35.3
    ],
    [
      0.65,
      0.7,
      8.4,
      0.29,
      0.65,
      0.45,
      0.7,
      4.3,
      0.75,
      0.9,
      0.8,
      0.7,
      0.6,
      0.55,
      0.55,
      0.65,
      2.8,
      0.5,
      0.45,
      0.6,
      0.29,
      0.55,
      2.9,
      8.8,
      5.8,
      0.8,
      0.5,
      0.5,
      5.5,
      0.6,
      3.6,
      7.5,
      0.6,
      0.9,
      0.6,
      0.3,
      0.5,
      5.2,
      0.24,
      0.55,
      0.16,
      0.0,
      0.45,
      5.0,
      0.6,
      0.8,
      0.6,
      7.3,
      0.4,
      6.5,
      19.4,
      0.55,
      0.75,
      0.6,
      36.0,
      35.1
    ],
    [
      0.7,
      0.65,
      6.1,
      0.3,
      0.7,
      0.85,
      0.75,
      4.7,
      0.8,
      0.75,
      0.75,
      0.7,
      0.55,
      0.5,
      0.6,
      0.7,
      3.2,
      0.65,
      0.45,
      1.0,
      0.75,
      0.22,
      1.7,
      9.2,
      5.3,
      0.9,
      0.4,
      0.6,
      4.2,
      0.7,
      2.1,
      5.3,
      0.65,
      1.9,
      1.0,
      0.35,
      0.4,
      2.5,
      0.6,
      1.0,
      0.45,
      0.45,
      0.0,
      5.1,
      0.65,
      0.45,
      1.4,
      7.5,
      0.13,
      6.0,
      19.0,
      0.95,
      0.6,
      0.2,
      35.5,
      34.6
    ],
    [
      4.2,
      4.3,
      2.0,
      5.4,
      4.4,
      5.3,
      4.3,
      6.1,
      5.1,
      3.9,
      2.8,
      4.3,
      4.2,
      4.1,
      4.4,
      4.8,
      4.6,
      4.6,
      3.9,
      4.5,
      6.3,
      5.4,
      5.2,
      12.9,
      6.1,
      4.2,
      3.9,
      5.3,
      4.1,
      4.5,
      3.5,
      3.1,
      4.4,
      4.1,
      4.5,
      4.2,
      3.9,
      1.5,
      5.4,
      5.5,
      5.1,
      5.0,
      5.1,
      0.0,
      3.2,
      3.9,
      3.2,
      2.6,
      3.6,
      8.5,
      11.4,
      4.4,
      3.9,
      3.8,
      28.8,
      47.4
    ],
    [
      0.098,
      0.18,
      5.5,
      0.35,
      0.059,
      2.4,
      0.18,
      4.6,
      0.16,
      0.6,
      0.28,
      0.28,
      0.18,
      0.21,
      0.085,
      0.25,
      3.1,
      0.29,
      0.4,
      0.7,
      0.9,
      0.45,
      0.9,
      9.1,
      4.7,
      0.4,
      0.4,
      1.5,
      3.6,
      0.1,
      1.5,
      4.7,
      0.005,
      1.3,
      0.7,
      0.29,
      0.4,
      1.9,
      0.6,
      1.7,
      0.45,
      0.6,
      0.65,
      3.2,
      0.0,
      0.75,
      0.091,
      6.1,
      0.55,
      6.5,
      14.3,
      0.75,
      0.4,
      0.5,
      33.8,
      35.2
    ],
    [
      0.7,
      0.65,
      6.3,
      0.55,
      0.8,
      2.7,
      0.65,
      5.3,
      0.8,
      0.45,
      0.6,
      0.55,
      0.55,
      0.55,
      0.8,
      0.9,
      1.8,
      0.85,
      0.35,
      2.9,
      1.1,
      0.29,
      1.9,
      9.5,
      5.4,
      2.2,
      0.35,
      1.0,
      4.5,
      0.85,
      2.3,
      5.5,
      0.75,
      2.1,
      2.9,
      0.55,
      0.3,
      2.7,
      0.8,
      1.9,
      0.65,
      0.8,
      0.45,
      3.9,
      0.75,
      0.0,
      0.65,
      6.3,
      0.4,
      7.7,
      14.0,
      3.0,
      0.4,
      0.26,
      31.8,
      36.3
    ],
    [
      0.068,
      0.089,
      5.6,
      0.35,
      0.15,
      2.4,
      0.084,
      4.6,
      0.17,
      0.5,
      0.19,
      0.19,
      0.09,
      0.12,
      0.14,
      0.28,
      3.1,
      0.29,
      1.9,
      0.75,
      0.9,
      0.45,
      0.9,
      9.1,
      4.7,
      0.45,
      0.3,
      1.5,
      3.7,
      0.11,
      1.5,
      4.7,
      0.096,
      0.55,
      0.75,
      0.29,
      0.3,
      2.0,
      0.6,
      1.6,
      0.45,
      0.6,
      1.4,
      3.2,
      0.091,
      0.65,
      0.0,
      6.6,
      0.55,
      6.7,
      14.6,
      0.75,
      0.3,
      0.5,
      32.0,
      35.3
    ],
    [
      6.6,
      6.7,
      4.6,
      7.8,
      6.1,
      6.4,
      6.6,
      9.1,
      6.2,
      6.3,
      5.2,
      6.6,
      6.3,
      6.2,
      6.1,
      5.8,
      7.0,
      6.0,
      6.3,
      5.6,
      6.3,
      7.7,
      6.2,
      20.0,
      7.8,
      5.2,
      6.3,
      7.7,
      6.5,
      6.1,
      4.5,
      3.8,
      6.1,
      5.7,
      5.6,
      6.5,
      6.3,
      3.9,
      7.7,
      6.8,
      7.5,
      7.3,
      7.5,
      2.6,
      6.1,
      6.3,
      6.6,
      0.0,
      5.3,
      15.9,
      11.0,
      5.7,
      5.6,
      5.5,
      30.6,
      50.2
    ],
    [
      0.6,
      0.65,
      6.0,
      0.21,
      0.6,
      0.85,
      0.55,
      4.6,
      0.65,
      0.65,
      0.65,
      0.6,
      0.45,
      0.4,
      0.5,
      0.6,
      3.1,
      0.55,
      0.35,
      2.6,
      0.7,
      0.1,
      1.6,
      9.1,
      5.1,
      0.8,
      0.3,
      0.7,
      4.1,
      0.55,
      2.0,
      5.2,
      0.55,
      0.9,
      0.85,
      0.25,
      0.3,
      2.4,
      0.5,
      0.95,
      0.35,
      0.4,
      0.13,
      3.6,
      0.55,
      0.4,
      0.55,
      5.3,
      0.0,
      6.1,
      19.1,
      0.85,
      0.5,
      0.16,
      35.6,
      34.7
    ],
    [
      6.7,
      6.7,
      10.5,
      6.3,
      6.6,
      5.6,
      6.7,
      3.4,
      6.6,
      7.7,
      7.0,
      6.7,
      6.6,
      6.6,
      6.6,
      5.7,
      6.6,
      6.1,
      7.8,
      5.5,
      5.6,
      6.2,
      6.7,
      7.6,
      6.0,
      6.2,
      7.7,
      6.4,
      9.3,
      6.6,
      5.8,
      12.6,
      6.6,
      6.1,
      5.5,
      6.3,
      7.7,
      7.4,
      6.9,
      4.8,
      6.6,
      6.5,
      6.0,
      8.5,
      6.5,
      7.7,
      6.7,
      15.9,
      6.1,
      0.0,
      15.9,
      5.5,
      6.9,
      6.8,
      32.4,
      37.2
    ],
    [
      14.6,
      14.6,
      13.5,
      19.3,
      14.2,
      18.5,
      14.6,
      16.2,
      14.3,
      15.1,
      13.9,
      14.6,
      14.5,
      14.5,
      17.9,
      14.0,
      19.5,
      14.1,
      14.3,
      13.8,
      18.5,
      19.2,
      14.4,
      20.2,
      14.0,
      13.4,
      14.3,
      19.4,
      15.4,
      17.8,
      16.3,
      9.3,
      17.9,
      17.4,
      17.4,
      19.3,
      14.3,
      12.8,
      19.8,
      17.8,
      19.6,
      19.4,
      19.0,
      11.4,
      14.3,
      14.0,
      14.6,
      11.0,
      19.1,
      15.9,
      0.0,
      13.3,
      13.3,
      13.2,
      19.2,
      49.1
    ],
    [
      0.8,
      0.85,
      6.3,
      0.65,
      0.7,
      0.65,
      0.85,
      3.4,
      0.8,
      4.4,
      1.0,
      0.85,
      0.7,
      0.7,
      0.7,
      0.55,
      3.2,
      0.4,
      0.8,
      0.078,
      0.65,
      0.85,
      2.2,
      9.0,
      4.3,
      0.55,
      0.8,
      0.85,
      5.7,
      0.7,
      1.2,
      5.4,
      0.75,
      0.65,
      0.079,
      0.6,
      0.8,
      3.1,
      0.45,
      0.8,
      0.55,
      0.55,
      0.95,
      4.4,
      0.75,
      3.0,
      0.75,
      5.7,
      0.85,
      5.5,
      13.3,
      0.0,
      0.9,
      2.7,
      33.9,
      38.8
    ],
    [
      0.35,
      0.22,
      6.2,
      0.5,
      0.45,
      2.7,
      0.23,
      4.8,
      0.5,
      0.24,
      0.17,
      0.13,
      0.3,
      0.29,
      0.45,
      0.6,
      2.0,
      0.6,
      0.27,
      0.95,
      2.7,
      0.4,
      1.1,
      9.3,
      5.4,
      0.8,
      0.25,
      1.7,
      4.7,
      0.5,
      2.2,
      5.4,
      0.4,
      0.9,
      0.95,
      0.5,
      0.25,
      2.6,
      0.75,
      1.9,
      0.6,
      0.75,
      0.6,
      3.9,
      0.4,
      0.4,
      0.3,
      5.6,
      0.5,
      6.9,
      13.3,
      0.9,
      0.0,
      0.4,
      31.4,
      36.3
    ],
    [
      0.5,
      0.55,
      6.1,
      0.3,
      0.55,
      1.0,
      0.5,
      4.7,
      0.6,
      0.55,
      0.6,
      0.55,
      0.4,
      0.35,
      0.6,
      0.65,
      3.2,
      0.65,
      0.27,
      0.95,
      0.85,
      0.046,
      1.8,
      9.2,
      5.3,
      0.85,
      0.25,
      0.8,
      4.2,
      0.7,
      2.1,
      5.3,
      0.5,
      1.9,
      0.95,
      0.35,
      0.25,
      2.5,
      0.55,
      1.8,
      0.4,
      0.6,
      0.2,
      3.8,
      0.5,
      0.26,
      0.5,
      5.5,
      0.16,
      6.8,
      13.2,
      2.7,
      0.4,
      0.0,
      35.7,
      34.8
    ],
    [
      32.0,
      32.1,
      30.9,
      35.8,
      34.4,
      35.1,
      36.2,
      32.7,
      34.5,
      32.6,
      31.4,
      34.2,
      31.9,
      31.9,
      34.4,
      34.1,
      36.1,
      34.3,
      31.7,
      33.9,
      35.1,
      35.8,
      34.5,
      36.8,
      30.6,
      34.1,
      31.7,
      35.9,
      32.8,
      33.7,
      32.8,
      26.8,
      34.4,
      33.3,
      33.2,
      34.0,
      30.7,
      29.2,
      36.4,
      34.3,
      36.1,
      36.0,
      35.5,
      28.8,
      33.8,
      31.8,
      32.0,
      30.6,
      35.6,
      32.4,
      19.2,
      33.9,
      31.4,
      35.7,
      0.0,
      67.7
    ],
    [
      35.3,
      35.4,
      49.4,
      34.9,
      35.2,
      36.4,
      35.4,
      36.8,
      35.7,
      36.3,
      36.5,
      36.6,
      36.5,
      36.5,
      35.2,
      39.0,
      35.1,
      35.4,
      36.3,
      38.8,
      36.4,
      34.9,
      40.1,
      37.2,
      38.7,
      42.2,
      36.3,
      34.8,
      37.8,
      35.3,
      39.1,
      45.3,
      35.2,
      42.2,
      38.8,
      35.0,
      36.3,
      42.4,
      35.5,
      35.6,
      35.3,
      35.1,
      34.6,
      47.4,
      35.2,
      36.3,
      35.3,
      50.2,
      34.7,
      37.2,
      49.1,
      38.8,
      36.3,
      34.8,
      67.7,
      0.0
    ]
  ],
  "drive_time_matrix": [
    [
      0.0,
      1.0,
      24.0,
      4.0,
      1.0,
      13.0,
      1.0,
      14.0,
      1.0,
      7.0,
      3.0,
      3.0,
      1.0,
      2.0,
      2.0,
      3.0,
      6.0,
      4.0,
      4.0,
      8.0,
      9.0,
      6.0,
      10.0,
      19.0,
      15.0,
      5.0,
      4.0,
      8.0,
      10.0,
      1.0,
      8.0,
      17.0,
      1.0,
      6.0,
      8.0,
      4.0,
      4.0,
      8.0,
      7.0,
      12.0,
      5.0,
      7.0,
      8.0,
      11.0,
      1.0,
      9.0,
      1.0,
      16.0,
      7.0,
      16.0,
      24.0,
      9.0,
      4.0,
      6.0,
      41.0,
      39.0
    ],
    [
      1.0,
      0.0,
      24.0,
      5.0,
      3.0,
      13.0,
      1.0,
      14.0,
      2.0,
      5.0,
      1.0,
      1.0,
      1.0,
      2.0,
      3.0,
      4.0,
      6.0,
      4.0,
      4.0,
      9.0,
      9.0,
      6.0,
      9.0,
      19.0,
      15.0,
      6.0,
      4.0,
      9.0,
      10.0,
      3.0,
      8.0,
      18.0,
      2.0,
      8.0,
      9.0,
      4.0,
      4.0,
      8.0,
      8.0,
      12.0,
      6.0,
      8.0,
      8.0,
      11.0,
      2.0,
      8.0,
      1.0,
      16.0,
      4.0,
      16.0,
      24.0,
      10.0,
      3.0,
      6.0,
      41.0,
      39.0
    ],
    [
      24.0,
      24.0,
      0.0,
      18.0,
      17.0,
      21.0,
      17.0,
      20.0,
      19.0,
      17.0,
      17.0,
      17.0,
      19.0,
      19.0,
      17.0,
      17.0,
      17.0,
      19.0,
      19.0,
      18.0,
      20.0,
      19.0,
      16.0,
      29.0,
      19.0,
      17.0,
      19.0,
      20.0,
      18.0,
      17.0,
      14.0,
      17.0,
      17.0,
      18.0,
      18.0,
      18.0,
      19.0,
      15.0,
      24.0,
      20.0,
      26.0,
      22.0,
      19.0,
      7.0,
      17.0,
      20.0,
      17.0,
      13.0,
      19.0,
      24.0,
      22.0,
      17.0,
      20.0,
      19.0,
      39.0,
      49.0
    ],
    [
      4.0,
      5.0,
      18.0,
      0.0,
      5.0,
      9.0,
      5.0,
      11.0,
      6.0,
      7.0,
      7.0,
      6.0,
      4.0,
      4.0,
      4.0,
      5.0,
      6.0,
      4.0,
      3.0,
      8.0,
      7.0,
      3.0,
      9.0,
      16.0,
      15.0,
      7.0,
      3.0,
      9.0,
      11.0,
      4.0,
      10.0,
      18.0,
      4.0,
      8.0,
      8.0,
      1.0,
      3.0,
      9.0,
      3.0,
      10.0,
      1.0,
      3.0,
      4.0,
      12.0,
      4.0,
      7.0,
      4.0,
      17.0,
      3.0,
      13.0,
      22.0,
      7.0,
      6.0,
      4.0,
      38.0,
      36.0
    ],
    [
      1.0,
      3.0,
      17.0,
      5.0,
      0.0,
      9.0,
      3.0,
      10.0,
      1.0,
      8.0,
      4.0,
      4.0,
      3.0,
      3.0,
      2.0,
      2.0,
      6.0,
      4.0,
      6.0,
      7.0,
      7.0,
      7.0,
      10.0,
      17.0,
      11.0,
      4.0,
      6.0,
      7.0,
      10.0,
      1.0,
      5.0,
      14.0,
      1.0,
      5.0,
      7.0,
      4.0,
      6.0,
      8.0,
      8.0,
      9.0,
      6.0,
      8.0,
      9.0,
      11.0,
      1.0,
      10.0,
      2.0,
      16.0,
      7.0,
      15.0,
      22.0,
      8.0,
      6.0,
      7.0,
      37.0,
      38.0
    ],
    [
      13.0,
      13.0,
      21.0,
      9.0,
      9.0,
      0.0,
      10.0,
      9.0,
      12.0,
      10.0,
      10.0,
      9.0,
      8.0,
      8.0,
      8.0,
      7.0,
      9.0,
      11.0,
      8.0,
      9.0,
      2.0,
      12.0,
      10.0,
      15.0,
      13.0,
      9.0,
      8.0,
