{
  "drive_dist_matrix": [
    [
      0.0,
      2.8,
      7.2,
      3.7,
      190.0,
      4.9,
      3.6,
      3.7,
      3.6,
      3.3,
      2.1,
      3.8,
      3.2,
      2.4,
      3.7,
      4.1,
      2.5,
      850.0,
      190.0,
      2.2
    ],
    [
      2.8,
      0.0,
      6.2,
      2.2,
      4.0,
      5.0,
      2.1,
      2.2,
      1.0,
      1.3,
      1.5,
      2.2,
      1.6,
      1.5,
      2.1,
      2.5,
      1.0,
      2.9,
      4.0,
      1.2
    ],
    [
      7.2,
      6.2,
      0.0,
      5.2,
      4.1,
      2.0,
      5.0,
      5.1,
      5.0,
      4.7,
      3.6,
      5.2,
      4.6,
      3.7,
      5.1,
      5.5,
      4.0,
      3.0,
      4.1,
      3.6
    ],
    [
      3.7,
      2.2,
      5.2,
      0.0,
      3.6,
      6.4,
      650.0,
      750.0,
      2.4,
      1.2,
      2.7,
      40.0,
      750.0,
      2.7,
      700.0,
      500.0,
      1.6,
      3.1,
      3.6,
      2.3
    ],
    [
      190.0,
      4.0,
      4.1,
      3.6,
      0.0,
      5.1,
      3.8,
      3.9,
      3.8,
      3.5,
      2.4,
      4.0,
      3.4,
      2.6,
      3.9,
      4.3,
      2.8,
      1.1,
      0.0,
      2.4
    ],
    [
      4.9,
      5.0,
      2.0,
      6.4,
      5.1,
      0.0,
      5.4,
      5.5,
      5.4,
      5.1,
      3.9,
      5.6,
      5.0,
      4.0,
      5.5,
      5.9,
      4.3,
      3.3,
      4.5,
      4.0
    ],
    [
      3.6,
      2.1,
      5.0,
      650.0,
      3.8,
      5.4,
      0.0,
      400.0,
      2.0,
      850.0,
      2.3,
      450.0,
      350.0,
      2.3,
      350.0,
      750.0,
      1.2,
      3.3,
      3.8,
      1.9
    ],
    [
      3.7,
      2.2,
      5.1,
      750.0,
      3.9,
      5.5,
      400.0,
      0.0,
      2.4,
      1.2,
      2.7,
      55.0,
      750.0,
      2.7,
      700.0,
      500.0,
      1.6,
      3.1,
      3.6,
      2.3
    ],
    [
      3.6,
      1.0,
      5.0,
      2.4,
      3.8,
      5.4,
      2.0,
      2.4,
      0.0,
      1.4,
      2.1,
      2.7,
      2.1,
      2.1,
      2.6,
      3.0,
      1.6,
      3.5,
      4.6,
      1.7
    ],
    [
      3.3,
      1.3,
      4.7,
      1.2,
      3.5,
      5.1,
      850.0,
      1.2,
      1.4,
      0.0,
      2.2,
      3.2,
      2.5,
      2.2,
      3.0,
      3.5,
      1.1,
      3.5,
      4.7,
      1.8
    ],
    [
      2.1,
      1.5,
      3.6,
      2.7,
      2.4,
      3.9,
      2.3,
      2.7,
      2.1,
      2.2,
      0.0,
      2.0,
      1.4,
      850.0,
      1.9,
      2.3,
      800.0,
      1.6,
      2.7,
      450.0
    ],
    [
      3.8,
      2.2,
      5.2,
      40.0,
      4.0,
      5.6,
      450.0,
      55.0,
      2.7,
      3.2,
      2.0,
      0.0,
      700.0,
      2.7,
      650.0,
      450.0,
      1.6,
      3.0,
      3.5,
      2.3
    ],
    [
      3.2,
      1.6,
      4.6,
      750.0,
      3.4,
      5.0,
      350.0,
      750.0,
      2.1,
      2.5,
      1.4,
      700.0,
      0.0,
      2.0,
      500.0,
      900.0,
      900.0,
      3.5,
      4.0,
      1.6
    ],
    [
      2.4,
      1.5,
      3.7,
      2.7,
      2.6,
      4.0,
      2.3,
      2.7,
      2.1,
      2.2,
      850.0,
      2.7,
      2.0,
      0.0,
      2.2,
      2.6,
      1.1,
      2.0,
      3.1,
      850.0
    ],
    [
      3.7,
      2.1,
      5.1,
      700.0,
      3.9,
      5.5,
      350.0,
      700.0,
      2.6,
      3.0,
      1.9,
      650.0,
      500.0,
      2.2,
      0.0,
      550.0,
      1.7,
      3.1,
      3.6,
      2.4
    ],
    [
      4.1,
      2.5,
      5.5,
      500.0,
      4.3,
      5.9,
      750.0,
      500.0,
      3.0,
      3.5,
      2.3,
      450.0,
      900.0,
      2.6,
      550.0,
      0.0,
      1.5,
      2.6,
      3.1,
      2.2
    ],
    [
      2.5,
      1.0,
      4.0,
      1.6,
      2.8,
      4.3,
      1.2,
      1.6,
      1.6,
      1.1,
      800.0,
      1.6,
      900.0,
      1.1,
      1.7,
      1.5,
      0.0,
      2.8,
      3.9,
      1.1
    ],
    [
      850.0,
      2.9,
      3.0,
      3.1,
      1.1,
      3.3,
      3.3,
      3.1,
      3.5,
      3.5,
      1.6,
      3.0,
      3.5,
      2.0,
      3.1,
      2.6,
      2.8,
      0.0,
      1.1,
      1.4
    ],
    [
      190.0,
      4.0,
      4.1,
      3.6,
      0.0,
      4.5,
      3.8,
      3.6,
      4.6,
      4.7,
      2.7,
      3.5,
      4.0,
      3.1,
      3.6,
      3.1,
      3.9,
      1.1,
      0.0,
      2.4
    ],
    [
      2.2,
      1.2,
      3.6,
      2.3,
      2.4,
      4.0,
      1.9,
      2.3,
      1.7,
      1.8,
      450.0,
      2.3,
      1.6,
      850.0,
      2.4,
      2.2,
      1.1,
      1.4,
      2.4,
      0.0
    ]
  ],
  "drive_time_matrix": [
    [
      0.0,
      8.0,
      14.0,
      10.0,
      1.0,
      10.0,
      10.0,
      10.0,
      9.0,
      8.0,
      6.0,
      10.0,
      8.0,
      7.0,
      10.0,
      11.0,
      6.0,
      2.0,
      1.0,
      6.0
    ],
    [
      8.0,
      0.0,
      13.0,
      7.0,
      10.0,
      10.0,
      7.0,
      6.0,
      3.0,
      4.0,
      4.0,
      7.0,
      5.0,
      4.0,
      7.0,
      7.0,
      4.0,
      7.0,
      10.0,
      3.0
    ],
    [
      14.0,
      13.0,
      0.0,
      12.0,
      9.0,
      5.0,
      12.0,
      12.0,
      11.0,
      10.0,
      8.0,
      12.0,
      10.0,
      8.0,
      11.0,
      13.0,
      8.0,
      6.0,
      9.0,
      8.0
    ],
    [
      10.0,
      7.0,
      12.0,
      0.0,
      9.0,
      14.0,
      3.0,
      3.0,
      8.0,
      4.0,
      8.0,
      1.0,
      2.0,
      8.0,
      2.0,
      2.0,
      5.0,
      7.0,
      8.0,
      7.0
    ],
    [
      1.0,
      10.0,
      9.0,
      9.0,
      0.0,
      12.0,
      12.0,
      12.0,
      11.0,
      10.0,
      8.0,
      12.0,
      10.0,
      8.0,
      11.0,
      12.0,
      8.0,
      4.0,
      1.0,
      8.0
    ],
    [
      10.0,
      10.0,
      5.0,
      14.0,
      12.0,
      0.0,
      13.0,
      12.0,
      11.0,
      11.0,
      8.0,
      12.0,
      11.0,
      9.0,
      12.0,
      13.0,
      9.0,
      7.0,
      10.0,
      9.0
    ],
    [
      10.0,
      7.0,
      12.0,
      3.0,
      12.0,
      13.0,
      0.0,
      2.0,
      6.0,
      2.0,
      7.0,
      2.0,
      1.0,
      7.0,
      1.0,
      3.0,
      4.0,
      8.0,
      9.0,
      6.0
    ],
    [
      10.0,
      6.0,
      12.0,
      3.0,
      12.0,
      12.0,
      2.0,
      0.0,
      7.0,
      4.0,
      8.0,
      1.0,
      2.0,
      8.0,
      3.0,
      2.0,
      5.0,
      7.0,
      9.0,
      7.0
    ],
    [
      9.0,
      3.0,
      11.0,
      8.0,
      11.0,
      11.0,
      6.0,
      7.0,
      0.0,
      5.0,
      5.0,
      8.0,
      6.0,
      5.0,
      7.0,
      8.0,
      5.0,
      8.0,
      11.0,
      3.0
    ],
    [
      8.0,
      4.0,
      10.0,
      4.0,
      10.0,
      11.0,
      2.0,
      4.0,
      5.0,
      0.0,
      6.0,
      7.0,
      5.0,
      6.0,
      6.0,
      8.0,
      3.0,
      9.0,
      12.0,
      5.0
    ],
    [
      6.0,
      4.0,
      8.0,
      8.0,
      8.0,
      8.0,
      7.0,
      8.0,
      5.0,
      6.0,
      0.0,
      6.0,
      4.0,
      3.0,
      5.0,
      7.0,
      2.0,
      5.0,
      8.0,
      2.0
    ],
    [
      10.0,
      7.0,
      12.0,
      1.0,
      12.0,
      12.0,
      2.0,
      1.0,
      8.0,
      7.0,
      6.0,
      0.0,
      2.0,
      8.0,
      2.0,
      1.0,
      5.0,
      6.0,
      8.0,
      6.0
    ],
    [
      8.0,
      5.0,
      10.0,
      2.0,
      10.0,
      11.0,
      1.0,
      2.0,
      6.0,
      5.0,
      4.0,
      2.0,
      0.0,
      6.0,
      1.0,
      2.0,
      3.0,
      7.0,
      9.0,
      4.0
    ],
    [
      7.0,
      4.0,
      8.0,
      8.0,
      8.0,
      9.0,
      7.0,
      8.0,
      5.0,
      6.0,
      3.0,
      8.0,
      6.0,
      0.0,
      7.0,
      8.0,
      4.0,
      6.0,
      9.0,
      3.0
    ],
    [
      10.0,
      7.0,
      11.0,
      2.0,
      11.0,
      12.0,
      1.0,
      3.0,
      7.0,
      6.0,
      5.0,
      2.0,
      1.0,
      7.0,
      0.0,
      2.0,
      5.0,
      7.0,
      9.0,
      7.0
    ],
    [
      11.0,
      7.0,
      13.0,
      2.0,
      12.0,
      13.0,
      3.0,
      2.0,
      8.0,
      8.0,
      7.0,
      1.0,
      2.0,
      8.0,
      2.0,
      0.0,
      4.0,
      5.0,
      7.0,
      6.0
    ],
    [
      6.0,
      4.0,
      8.0,
      5.0,
      8.0,
      9.0,
      4.0,
      5.0,
      5.0,
      3.0,
      2.0,
      5.0,
      3.0,
      4.0,
      5.0,
      4.0,
      0.0,
      6.0,
      9.0,
      2.0
    ],
    [
      2.0,
      7.0,
      6.0,
      7.0,
      4.0,
      7.0,
      8.0,
      7.0,
      8.0,
      9.0,
      5.0,
      6.0,
      7.0,
      6.0,
      7.0,
      5.0,
      6.0,
      0.0,
      3.0,
      4.0
    ],
    [
      1.0,
      10.0,
      9.0,
      8.0,
      1.0,
      10.0,
      9.0,
      9.0,
      11.0,
      12.0,
      8.0,
      8.0,
      9.0,
      9.0,
      9.0,
      7.0,
      9.0,
      3.0,
      0.0,
      7.0
    ],
    [
      6.0,
      3.0,
      8.0,
      7.0,
      8.0,
      9.0,
      6.0,
      7.0,
      3.0,
      5.0,
      2.0,
      6.0,
      4.0,
      3.0,
      7.0,
      6.0,
      2.0,
      4.0,
      7.0,
      0.0
    ]
  ],
  "transit_dist_walk_matrix": [
    [
      0.0,
      0.9166300000000001,
      0.66664,
      0.0,
      0.0,
      1.2499500000000001,
      0.0,
      0.0,
      0.58331,
      0.0,
      0.0,
      0.0,
      0.0,
      0.8333,
      0.0,
      0.66664,
      0.58331,
      0.49998,
      0.0,
      0.0
    ],
    [
      0.9166300000000001,
      0.0,
      0.58331,
      0.0,
      0.49998,
      0.9166300000000001,
      0.0,
      0.0,
      0.0,
      0.74997,
      0.0,
      0.0,
      0.74997,
      0.0,
      0.0,
      0.0,
      0.0,
      0.9166300000000001,
      0.66664,
      0.0
    ],
    [
      0.66664,
      0.58331,
      0.0,
      0.9166300000000001,
      0.41665,
      0.0,
      1.08329,
      0.8333,
      0.41665,
      0.49998,
      0.49998,
      0.9166300000000001,
      0.58331,
      0.33332,
      0.9166300000000001,
      1.2499500000000001,
      0.49998,
      0.74997,
      0.58331,
      0.58331
    ],
    [
      0.0,
      0.0,
      0.9166300000000001,
      0.0,
      0.0,
      1.16662,
      0.0,
      0.0,
      0.9166300000000001,
      0.0,
      0.0,
      0.0,
      0.0,
      0.0,
      0.0,
      0.0,
      0.0,
      0.0,
      0.0,
      0.0
    ],
    [
      0.0,
      0.49998,
      0.41665,
      0.0,
      0.0,
      0.74997,
      0.0,
      0.0,
      0.49998,
      0.0,
      0.0,
      0.0,
      0.0,
      0.24999,
      0.0,
      0.0,
      0.41665,
      0.66664,
      0.0,
      0.0
    ],
    [
      1.2499500000000001,
      0.9166300000000001,
      0.0,
      1.16662,
      0.74997,
      0.0,
      1.41661,
      1.16662,
      0.8333,
      0.8333,
      0.8333,
      1.2499500000000001,
      0.99996,
      0.74997,
      1.2499500000000001,
      1.58327,
      0.99996,
      1.2499500000000001,
      0.9166300000000001,
      0.99996
    ],
    [
      0.0,
      0.0,
      1.08329,
      0.0,
      0.0,
      1.41661,
      0.0,
      0.0,
      0.8333,
      0.0,
      0.0,
      0.0,
      0.0,
      0.0,
      0.0,
      0.0,
      0.0,
      0.0,
      0.0,
      0.0
    ],
    [
      0.0,
      0.0,
      0.8333,
      0.0,
      0.0,
      1.16662,
      0.0,
      0.0,
      0.74997,
      0.0,
      0.0,
      0.0,
      0.0,
      0.58331,
      0.0,
      0.0,
      0.0,
      0.0,
      0.0,
      0.0
    ],
    [
      0.58331,
      0.0,
      0.41665,
      0.9166300000000001,
      0.49998,
      0.8333,
      0.8333,
      0.74997,
      0.0,
      0.58331,
      0.49998,
      0.99996,
      0.66664,
      0.24999,
      0.9166300000000001,
      1.16662,
      0.33332,
      0.74997,
      0.41665,
      0.58331
    ],
    [
      0.0,
      0.74997,
      0.49998,
      0.0,
      0.0,
      0.8333,
      0.0,
      0.0,
      0.58331,
      0.0,
      0.58331,
      0.0,
      0.0,
      0.41665,
      0.0,
      0.0,
      0.0,
      0.8333,
      0.0,
      0.58331
    ],
    [
      0.0,
      0.0,
      0.49998,
      0.0,
      0.0,
      0.8333,
      0.0,
      0.0,
      0.49998,
      0.58331,
      0.0,
      0.0,
      0.66664,
      0.0,
      0.0,
      0.0,
      0.0,
      0.0,
      0.0,
      0.0
    ],
    [
      0.0,
      0.0,
      0.9166300000000001,
      0.0,
      0.0,
      1.2499500000000001,
      0.0,
      0.0,
      0.99996,
      0.0,
      0.0,
      0.0,
      0.0,
      0.0,
      0.0,
      0.0,
      0.0,
      0.0,
      0.0,
      0.0
    ],
    [
      0.0,
      0.74997,
      0.58331,
      0.0,
      0.0,
      0.99996,
      0.0,
      0.0,
      0.66664,
      0.0,
      0.66664,
      0.0,
      0.0,
      0.0,
      0.0,
      0.0,
      0.0,
      0.8333,
      0.0,
      0.58331
    ],
    [
      0.8333,
      0.0,
      0.33332,
      0.0,
      0.24999,
      0.74997,
      0.0,
      0.58331,
      0.24999,
      0.41665,
      0.0,
      0.0,
      0.0,
      0.0,
      0.0,
      1.08329,
      0.0,
      0.66664,
      0.41665,
      0.0
    ],
    [
      0.0,
      0.0,
      0.9166300000000001,
      0.0,
      0.0,
      1.2499500000000001,
      0.0,
      0.0,
      0.9166300000000001,
      0.0,
      0.0,
      0.0,
      0.0,
      0.0,
      0.0,
      0.0,
      0.0,
      0.0,
      0.0,
      0.0
    ],
    [
      0.66664,
      0.0,
      1.2499500000000001,
      0.0,
      0.0,
      1.58327,
      0.0,
      0.0,
      1.16662,
      0.0,
      0.0,
      0.0,
      0.0,
      1.08329,
      0.0,
      0.0,
      0.0,
      0.0,
      0.0,
      0.0
    ],
    [
      0.58331,
      0.0,
      0.49998,
      0.0,
      0.41665,
      0.99996,
      0.0,
      0.0,
      0.33332,
      0.0,
      0.0,
      0.0,
      0.0,
      0.0,
      0.0,
      0.0,
      0.0,
      0.74997,
      0.0,
      0.0
    ],
    [
      0.49998,
      0.9166300000000001,
      0.74997,
      0.0,
      0.66664,
      1.2499500000000001,
      0.0,
      0.0,
      0.74997,
      0.8333,
      0.0,
      0.0,
      0.8333,
      0.66664,
      0.0,
      0.0,
      0.74997,
      0.0,
      0.0,
      0.0
    ],
    [
      0.0,
      0.66664,
      0.58331,
      0.0,
      0.0,
      0.9166300000000001,
      0.0,
      0.0,
      0.41665,
      0.0,
      0.0,
      0.0,
      0.0,
      0.41665,
      0.0,
      0.0,
      0.0,
      0.0,
      0.0,
      0.0
    ],
    [
      0.0,
      0.0,
      0.58331,
      0.0,
      0.0,
      0.99996,
      0.0,
      0.0,
      0.58331,
      0.58331,
      0.0,
      0.0,
      0.58331,
      0.0,
      0.0,
      0.0,
      0.0,
      0.0,
      0.0,
      0.0
    ]
  ],
  "transit_time_matrix": [
    [
      0.0,
      17.0,
      21.0,
      10.0,
      6.0,
      26.0,
      10.0,
      10.0,
      16.0,
      15.0,
      7.0,
      10.0,
      9.0,
      16.0,
      10.0,
      9.0,
      12.0,
      7.0,
      5.0,
      12.0
    ],
    [
      17.0,
      0.0,
      26.0,
      18.0,
      13.0,
      31.0,
      21.0,
      17.0,
      12.0,
      13.0,
      14.0,
      19.0,
      13.0,
      7.0,
      18.0,
      25.0,
      7.0,
      20.0,
      15.0,
      9.0
    ],
    [
      21.0,
      26.0,
      0.0,
      23.0,
      17.0,
      5.0,
      25.0,
      22.0,
      26.0,
      22.0,
      18.0,
      23.0,
      23.0,
      21.0,
      23.0,
      27.0,
      23.0,
      19.0,
      19.0,
      24.0
    ],
    [
      10.0,
      18.0,
      23.0,
      0.0,
      6.0,
      29.0,
      2.0,
      1.0,
      18.0,
      9.0,
      9.0,
      1.0,
      3.0,
      17.0,
      1.0,
      6.0,
      11.0,
      15.0,
      5.0,
      15.0
    ],
    [
      6.0,
      13.0,
      17.0,
      6.0,
      0.0,
      24.0,
      9.0,
      5.0,
      13.0,
      9.0,
      4.0,
      7.0,
      7.0,
      7.0,
      6.0,
      10.0,
      9.0,
      11.0,
      2.0,
      9.0
    ],
    [
      26.0,
      31.0,
      5.0,
      29.0,
      24.0,
      0.0,
      32.0,
      29.0,
      37.0,
      29.0,
      25.0,
      30.0,
      30.0,
      26.0,
      30.0,
      34.0,
      30.0,
      25.0,
      23.0,
      29.0
    ],
    [
      10.0,
      21.0,
      25.0,
      2.0,
      9.0,
      32.0,
      0.0,
      2.0,
      15.0,
      9.0,
      10.0,
      1.0,
      4.0,
      19.0,
      3.0,
      3.0,
      12.0,
      14.0,
      5.0,
      16.0
    ],
    [
      10.0,
      17.0,
      22.0,
      1.0,
      5.0,
      29.0,
      2.0,
      0.0,
      14.0,
      9.0,
      8.0,
      1.0,
      3.0,
      11.0,
      1.0,
      6.0,
      10.0,
      14.0,
      4.0,
      14.0
    ],
    [
      16.0,
      12.0,
      26.0,
      18.0,
      13.0,
      37.0,
      15.0,
      14.0,
      0.0,
      12.0,
      14.0,
      17.0,
      13.0,
      8.0,
      16.0,
      20.0,
      8.0,
      21.0,
      14.0,
      12.0
    ],
    [
      15.0,
      13.0,
      22.0,
      9.0,
      9.0,
      29.0,
      9.0,
      9.0,
      12.0,
      0.0,
      10.0,
      11.0,
      7.0,
      12.0,
      10.0,
      14.0,
      7.0,
      17.0,
      11.0,
      12.0
    ],
    [
      7.0,
      14.0,
      18.0,
      9.0,
      4.0,
      25.0,
      10.0,
      8.0,
      14.0,
      10.0,
      0.0,
      11.0,
      11.0,
      8.0,
      10.0,
      14.0,
      9.0,
      12.0,
      6.0,
      5.0
    ],
    [
      10.0,
      19.0,
      23.0,
      1.0,
      7.0,
      30.0,
      1.0,
      1.0,
      17.0,
      11.0,
      11.0,
      0.0,
      4.0,
      18.0,
      1.0,
      5.0,
      11.0,
      14.0,
      5.0,
      15.0
    ],
    [
      9.0,
      13.0,
      23.0,
      3.0,
      7.0,
      30.0,
      4.0,
      3.0,
      13.0,
      7.0,
      11.0,
      4.0,
      0.0,
      18.0,
      3.0,
      7.0,
      8.0,
      17.0,
      4.0,
      12.0
    ],
    [
      16.0,
      7.0,
      21.0,
      17.0,
      7.0,
      26.0,
      19.0,
      11.0,
      8.0,
      12.0,
      8.0,
      18.0,
      18.0,
      0.0,
      19.0,
      18.0,
      13.0,
      14.0,
      10.0,
      3.0
    ],
    [
      10.0,
      18.0,
      23.0,
      1.0,
      6.0,
      30.0,
      3.0,
      1.0,
      16.0,
      10.0,
      10.0,
      1.0,
      3.0,
      19.0,
      0.0,
      7.0,
      11.0,
      15.0,
      5.0,
      15.0
    ],
    [
      9.0,
      25.0,
      27.0,
      6.0,
      10.0,
      34.0,
      3.0,
      6.0,
      20.0,
      14.0,
      14.0,
      5.0,
      7.0,
      18.0,
      7.0,
      0.0,
      14.0,
      15.0,
      6.0,
      17.0
    ],
    [
      12.0,
      7.0,
      23.0,
      11.0,
      9.0,
      30.0,
      12.0,
      10.0,
      8.0,
      7.0,
      9.0,
      11.0,
      8.0,
      13.0,
      11.0,
      14.0,
      0.0,
      17.0,
      12.0,
      11.0
    ],
    [
      7.0,
      20.0,
      19.0,
      15.0,
      11.0,
      25.0,
      14.0,
      14.0,
      21.0,
      17.0,
      12.0,
      14.0,
      17.0,
      14.0,
      15.0,
      15.0,
      17.0,
      0.0,
      11.0,
      15.0
    ],
    [
      5.0,
      15.0,
      19.0,
      5.0,
      2.0,
      23.0,
      5.0,
      4.0,
      14.0,
      11.0,
      6.0,
      5.0,
      4.0,
      10.0,
      5.0,
      6.0,
      12.0,
      11.0,
      0.0,
      11.0
    ],
    [
      12.0,
      9.0,
      24.0,
      15.0,
      9.0,
      29.0,
      16.0,
      14.0,
      12.0,
      12.0,
      5.0,
      15.0,
      12.0,
      3.0,
      15.0,
      17.0,
      11.0,
      15.0,
      11.0,
      0.0
    ]
  ],
  "walk_dist_matrix": [
    [
      0.0,
      1.7,
      3.2,
      750.0,
      550.0,
      3.7,
      800.0,
      650.0,
      2.3,
      1.3,
      600.0,
      800.0,
      750.0,
      1.3,
      750.0,
      900.0,
      1.2,
      900.0,
      450.0,
      1.0
    ],
    [
      1.7,
      0.0,
      4.3,
      1.4,
      1.3,
      4.7,
      1.5,
      1.3,
      1.0,
      1.3,
      1.2,
      1.4,
      1.4,
      600.0,
      1.4,
      1.9,
      600.0,
      2.1,
      1.5,
      800.0
    ],
    [
      3.2,
      4.3,
      0.0,
      3.6,
      3.3,
      450.0,
      3.8,
      3.5,
      5.0,
      4.1,
      3.4,
      3.7,
      3.8,
      3.6,
      3.6,
      3.9,
      4.0,
      3.0,
      3.4,
      3.4
    ],
    [
      750.0,
      1.4,
      3.6,
      0.0,
      450.0,
      4.1,
      170.0,
      49.0,
      1.9,
      750.0,
      700.0,
      40.0,
      270.0,
      1.4,
      120.0,
      500.0,
      900.0,
      1.3,
      350.0,
      1.2
    ],
    [
      550.0,
      1.3,
      3.3,
      450.0,
      0.0,
      3.8,
      650.0,
      400.0,
      1.8,
      750.0,
      300.0,
      500.0,
      600.0,
      1.0,
      450.0,
      750.0,
      750.0,
      900.0,
      200.0,
      800.0
    ],
    [
      3.7,
      4.7,
      450.0,
      4.1,
      3.8,
      0.0,
      4.2,
      4.0,
      5.4,
      4.5,
      3.8,
      4.1,
      4.2,
      4.1,
      4.1,
      4.4,
      4.5,
      3.5,
      3.8,
      3.9
    ],
    [
      800.0,
      1.5,
      3.8,
      170.0,
      650.0,
      4.2,
      0.0,
      220.0,
      2.0,
      850.0,
      900.0,
      130.0,
      350.0,
      1.6,
      290.0,
      290.0,
      1.1,
      1.2,
      450.0,
      1.4
    ],
    [
      650.0,
      1.3,
      3.5,
      49.0,
      400.0,
      4.0,
      220.0,
      0.0,
      1.9,
      700.0,
      650.0,
      89.0,
      250.0,
      1.3,
      47.0,
      550.0,
      800.0,
      1.2,
      300.0,
      1.1
    ],
    [
      2.3,
      1.0,
      5.0,
      1.9,
      1.8,
      5.4,
      2.0,
      1.9,
      0.0,
      1.3,
      1.8,
      2.0,
      1.7,
      1.5,
      1.9,
      2.2,
      1.1,
      2.7,
      2.0,
      1.6
    ],
    [
      1.3,
      1.3,
      4.1,
      750.0,
      750.0,
      4.5,
      850.0,
      700.0,
      1.3,
      0.0,
      1.1,
      800.0,
      500.0,
      1.7,
      700.0,
      1.0,
      650.0,
      1.6,
      900.0,
      1.5
    ],
    [
      600.0,
      1.2,
      3.4,
      700.0,
      300.0,
      3.8,
      900.0,
      650.0,
      1.8,
      1.1,
      0.0,
      750.0,
      850.0,
      700.0,
      700.0,
      1.0,
      750.0,
      1.0,
      450.0,
      450.0
    ],
    [
      800.0,
      1.4,
      3.7,
      40.0,
      500.0,
      4.1,
      130.0,
      89.0,
      2.0,
      800.0,
      750.0,
      0.0,
      300.0,
      1.4,
      160.0,
      450.0,
      900.0,
      1.2,
      450.0,
      1.2
    ],
    [
      750.0,
      1.4,
      3.8,
      270.0,
      600.0,
      4.2,
      350.0,
      250.0,
      1.7,
      500.0,
      850.0,
      300.0,
      0.0,
      1.5,
      200.0,
      550.0,
      750.0,
      1.3,
      400.0,
      1.3
    ],
    [
      1.3,
      600.0,
      3.6,
      1.4,
      1.0,
      4.1,
      1.6,
      1.3,
      1.5,
      1.7,
      700.0,
      1.4,
      1.5,
      0.0,
      1.4,
      1.7,
      1.1,
      1.5,
      1.1,
      270.0
    ],
    [
      750.0,
      1.4,
      3.6,
      120.0,
      450.0,
      4.1,
      290.0,
      47.0,
      1.9,
      700.0,
      700.0,
      160.0,
      200.0,
      1.4,
      0.0,
      600.0,
      850.0,
      1.2,
      350.0,
      1.2
    ],
    [
      900.0,
      1.9,
      3.9,
      500.0,
      750.0,
      4.4,
      290.0,
      550.0,
      2.2,
      1.0,
      1.0,
      450.0,
      550.0,
      1.7,
      600.0,
      0.0,
      1.2,
      1.3,
      550.0,
      1.5
    ],
    [
      1.2,
      600.0,
      4.0,
      900.0,
      750.0,
      4.5,
      1.1,
      800.0,
      1.1,
      650.0,
      750.0,
      900.0,
      750.0,
      1.1,
      850.0,
      1.2,
      0.0,
      1.6,
      950.0,
      900.0
    ],
    [
      900.0,
      2.1,
      3.0,
      1.3,
      900.0,
      3.5,
      1.2,
      1.2,
      2.7,
      1.6,
      1.0,
      1.2,
      1.3,
      1.5,
      1.2,
      1.3,
      1.6,
      0.0,
      1.0,
      1.3
    ],
    [
      450.0,
      1.5,
      3.4,
      350.0,
      200.0,
      3.8,
      450.0,
      300.0,
      2.0,
      900.0,
      450.0,
      450.0,
      400.0,
      1.1,
      350.0,
      550.0,
      950.0,
      1.0,
      0.0,
      900.0
    ],
    [
      1.0,
      800.0,
      3.4,
      1.2,
      800.0,
      3.9,
      1.4,
      1.1,
      1.6,
      1.5,
      450.0,
      1.2,
      1.3,
      270.0,
      1.2,
      1.5,
      900.0,
      1.3,
      900.0,
      0.0
    ]
  ],
  "walk_time_matrix": [
    [
      0.0,
      22.0,
      40.0,
      11.0,
      7.0,
      45.0,
      11.0,
      10.0,
      29.0,
      15.0,
      7.0,
      10.0,
      9.0,
      15.0,
      11.0,
      12.0,
      15.0,
      11.0,
      5.0,
      13.0
    ],
    [
      22.0,
      0.0,
      53.0,
      19.0,
      16.0,
      59.0,
      21.0,
      18.0,
      12.0,
      17.0,
      15.0,
      19.0,
      18.0,
      7.0,
      19.0,
      26.0,
      8.0,
      26.0,
      19.0,
      10.0
    ],
    [
      40.0,
      53.0,
      0.0,
      47.0,
      42.0,
      5.0,
      49.0,
      46.0,
      63.0,
      51.0,
      42.0,
      47.0,
      47.0,
      46.0,
      47.0,
      51.0,
      50.0,
      38.0,
      42.0,
      44.0
    ],
    [
      11.0,
      19.0,
      47.0,
      0.0,
      6.0,
      50.0,
      2.0,
      1.0,
      24.0,
      9.0,
      9.0,
      1.0,
      4.0,
      18.0,
      1.0,
      6.0,
      11.0,
      15.0,
      5.0,
      15.0
    ],
    [
      7.0,
      16.0,
      42.0,
      6.0,
      0.0,
      46.0,
      9.0,
      6.0,
      23.0,
      9.0,
      4.0,
      7.0,
      7.0,
      12.0,
      6.0,
      11.0,
      9.0,
      11.0,
      3.0,
      10.0
    ],
    [
      45.0,
      59.0,
      5.0,
      50.0,
      46.0,
      0.0,
      54.0,
      51.0,
      68.0,
      56.0,
      47.0,
      52.0,
      52.0,
      51.0,
      52.0,
      56.0,
      55.0,
      43.0,
      47.0,
      49.0
    ],
    [
      11.0,
      21.0,
      49.0,
      2.0,
      9.0,
      54.0,
      0.0,
      3.0,
      25.0,
      10.0,
      11.0,
      2.0,
      4.0,
      19.0,
      3.0,
      4.0,
      13.0,
      15.0,
      5.0,
      16.0
    ],
    [
      10.0,
      18.0,
      46.0,
      1.0,
      6.0,
      51.0,
      3.0,
      0.0,
      24.0,
      9.0,
      9.0,
      1.0,
      3.0,
      17.0,
      1.0,
      7.0,
      11.0,
      15.0,
      5.0,
      14.0
    ],
    [
      29.0,
      12.0,
      63.0,
      24.0,
      23.0,
      68.0,
      25.0,
      24.0,
      0.0,
      17.0,
      23.0,
      26.0,
      22.0,
      19.0,
      26.0,
      29.0,
      14.0,
      34.0,
      26.0,
      20.0
    ],
    [
      15.0,
      17.0,
      51.0,
      9.0,
      9.0,
      56.0,
      10.0,
      9.0,
      17.0,
      0.0,
      14.0,
      11.0,
      7.0,
      22.0,
      10.0,
      14.0,
      8.0,
      21.0,
      12.0,
      19.0
    ],
    [
      7.0,
      15.0,
      42.0,
      9.0,
      4.0,
      47.0,
      11.0,
      9.0,
      23.0,
      14.0,
      0.0,
      11.0,
      11.0,
      8.0,
      10.0,
      14.0,
      9.0,
      12.0,
      6.0,
      6.0
    ],
    [
      10.0,
      19.0,
      47.0,
      1.0,
      7.0,
      52.0,
      2.0,
      1.0,
      26.0,
      11.0,
      11.0,
      0.0,
      4.0,
      18.0,
      2.0,
      6.0,
      12.0,
      15.0,
      5.0,
      16.0
    ],
    [
      9.0,
      18.0,
      47.0,
      4.0,
      7.0,
      52.0,
      4.0,
      3.0,
      22.0,
      7.0,
      11.0,
      4.0,
      0.0,
      18.0,
      3.0,
      8.0,
      9.0,
      16.0,
      5.0,
      16.0
    ],
    [
      15.0,
      7.0,
      46.0,
      18.0,
      12.0,
      51.0,
      19.0,
      17.0,
      19.0,
      22.0,
      8.0,
      18.0,
      18.0,
      0.0,
      19.0,
      23.0,
      14.0,
      19.0,
      15.0,
      3.0
    ],
    [
      11.0,
      19.0,
      47.0,
      1.0,
      6.0,
      52.0,
      3.0,
      1.0,
      26.0,
      10.0,
      10.0,
      2.0,
      3.0,
      19.0,
      0.0,
      8.0,
      11.0,
      15.0,
      5.0,
      15.0
    ],
    [
      12.0,
      26.0,
      51.0,
      6.0,
      11.0,
      56.0,
      4.0,
      7.0,
      29.0,
      14.0,
      14.0,
      6.0,
      8.0,
      23.0,
      8.0,
      0.0,
      14.0,
      16.0,
      6.0,
      18.0
    ],
    [
      15.0,
      8.0,
      50.0,
      11.0,
      9.0,
      55.0,
      13.0,
      11.0,
      14.0,
      8.0,
      9.0,
      12.0,
      9.0,
      14.0,
      11.0,
      14.0,
      0.0,
      20.0,
      12.0,
      11.0
    ],
    [
      11.0,
      26.0,
      38.0,
      15.0,
      11.0,
      43.0,
      15.0,
      15.0,
      34.0,
      21.0,
      12.0,
      15.0,
      16.0,
      19.0,
      15.0,
      16.0,
      20.0,
      0.0,
      12.0,
      16.0
    ],
    [
      5.0,
      19.0,
      42.0,
      5.0,
      3.0,
      47.0,
      5.0,
      5.0,
      26.0,
      12.0,
      6.0,
      5.0,
      5.0,
      15.0,
      5.0,
      6.0,
      12.0,
      12.0,
      0.0,
      11.0
    ],
    [
      13.0,
      10.0,
      44.0,
      15.0,
      10.0,
      49.0,
      16.0,
      14.0,
      20.0,
      19.0,
      6.0,
      16.0,
      16.0,
      3.0,
      15.0,
      18.0,
      11.0,
      16.0,
      11.0,
      0.0
    ]
  ],
  "cycle_dist_matrix": [
    [
      0.0,
      1.7,
      3.2,
      750.0,
      550.0,
      3.7,
      800.0,
      650.0,
      2.3,
      1.3,
      600.0,
      800.0,
      750.0,
      1.3,
      750.0,
      900.0,
      1.2,
      900.0,
      450.0,
      1.0
    ],
    [
      1.7,
      0.0,
      4.3,
      1.4,
      1.3,
      4.7,
      1.5,
      1.3,
      1.0,
      1.3,
      1.2,
      1.4,
      1.4,
      600.0,
      1.4,
      1.9,
      600.0,
      2.1,
      1.5,
      800.0
    ],
    [
      3.2,
      4.3,
      0.0,
      3.6,
      3.3,
      450.0,
      3.8,
      3.5,
      5.0,
      4.1,
      3.4,
      3.7,
      3.8,
      3.6,
      3.6,
      3.9,
      4.0,
      3.0,
      3.4,
      3.4
    ],
    [
      750.0,
      1.4,
      3.6,
      0.0,
      450.0,
      4.1,
      170.0,
      49.0,
      1.9,
      750.0,
      700.0,
      40.0,
      270.0,
      1.4,
      120.0,
      500.0,
      900.0,
      1.3,
      350.0,
      1.2
    ],
    [
      550.0,
      1.3,
      3.3,
      450.0,
      0.0,
      3.8,
      650.0,
      400.0,
      1.8,
      750.0,
      300.0,
      500.0,
      600.0,
      1.0,
      450.0,
      750.0,
      750.0,
      900.0,
      200.0,
      800.0
    ],
    [
      3.7,
      4.7,
      450.0,
      4.1,
      3.8,
      0.0,
      4.2,
      4.0,
      5.4,
      4.5,
      3.8,
      4.1,
      4.2,
      4.1,
      4.1,
      4.4,
      4.5,
      3.5,
      3.8,
      3.9
    ],
    [
      800.0,
      1.5,
      3.8,
      170.0,
      650.0,
      4.2,
      0.0,
      220.0,
      2.0,
      850.0,
      900.0,
      130.0,
      350.0,
      1.6,
      290.0,
      290.0,
      1.1,
      1.2,
      450.0,
      1.4
    ],
    [
      650.0,
      1.3,
      3.5,
      49.0,
      400.0,
      4.0,
      220.0,
      0.0,
      1.9,
      700.0,
      650.0,
      89.0,
      250.0,
      1.3,
      47.0,
      550.0,
      800.0,
      1.2,
      300.0,
      1.1
    ],
    [
      2.3,
      1.0,
      5.0,
      1.9,
      1.8,
      5.4,
      2.0,
      1.9,
      0.0,
      1.3,
      1.8,
      2.0,
      1.7,
      1.5,
      1.9,
      2.2,
      1.1,
      2.7,
      2.0,
      1.6
    ],
    [
      1.3,
      1.3,
      4.1,
      750.0,
      750.0,
      4.5,
      850.0,
      700.0,
      1.3,
      0.0,
      1.1,
      800.0,
      500.0,
      1.7,
      700.0,
      1.0,
      650.0,
      1.6,
      900.0,
      1.5
    ],
    [
      600.0,
      1.2,
      3.4,
      700.0,
      300.0,
      3.8,
      900.0,
      650.0,
      1.8,
      1.1,
      0.0,
      750.0,
      850.0,
      700.0,
      700.0,
      1.0,
      750.0,
      1.0,
      450.0,
      450.0
    ],
    [
      800.0,
      1.4,
      3.7,
      40.0,
      500.0,
      4.1,
      130.0,
      89.0,
      2.0,
      800.0,
      750.0,
      0.0,
      300.0,
      1.4,
      160.0,
      450.0,
      900.0,
      1.2,
      450.0,
      1.2
    ],
    [
      750.0,
      1.4,
      3.8,
      270.0,
      600.0,
      4.2,
      350.0,
      250.0,
      1.7,
      500.0,
      850.0,
      300.0,
      0.0,
      1.5,
      200.0,
      550.0,
      750.0,
      1.3,
      400.0,
      1.3
    ],
    [
      1.3,
      600.0,
      3.6,
      1.4,
      1.0,
      4.1,
      1.6,
      1.3,
      1.5,
      1.7,
      700.0,
      1.4,
      1.5,
      0.0,
      1.4,
      1.7,
      1.1,
      1.5,
      1.1,
      270.0
    ],
    [
      750.0,
      1.4,
      3.6,
      120.0,
      450.0,
      4.1,
      290.0,
      47.0,
      1.9,
      700.0,
      700.0,
      160.0,
      200.0,
      1.4,
      0.0,
      600.0,
      850.0,
      1.2,
      350.0,
      1.2
    ],
    [
      900.0,
      1.9,
      3.9,
      500.0,
      750.0,
      4.4,
      290.0,
      550.0,
      2.2,
      1.0,
      1.0,
      450.0,
      550.0,
      1.7,
      600.0,
      0.0,
      1.2,
      1.3,
      550.0,
      1.5
    ],
    [
      1.2,
      600.0,
      4.0,
      900.0,
      750.0,
      4.5,
      1.1,
      800.0,
      1.1,
      650.0,
      750.0,
      900.0,
      750.0,
      1.1,
      850.0,
      1.2,
      0.0,
      1.6,
      950.0,
      900.0
    ],
    [
      900.0,
      2.1,
      3.0,
      1.3,
      900.0,
      3.5,
      1.2,
      1.2,
      2.7,
      1.6,
      1.0,
      1.2,
      1.3,
      1.5,
      1.2,
      1.3,
      1.6,
      0.0,
      1.0,
      1.3
    ],
    [
      450.0,
      1.5,
      3.4,
      350.0,
      200.0,
      3.8,
      450.0,
      300.0,
      2.0,
      900.0,
      450.0,
      450.0,
      400.0,
      1.1,
      350.0,
      550.0,
      950.0,
      1.0,
      0.0,
      900.0
    ],
    [
      1.0,
      800.0,
      3.4,
      1.2,
      800.0,
      3.9,
      1.4,
      1.1,
      1.6,
      1.5,
      450.0,
      1.2,
      1.3,
      270.0,
      1.2,
      1.5,
      900.0,
      1.3,
      900.0,
      0.0
    ]
  ],
  "cycle_time_matrix": [
    [
      0.0,
      22.0,
      40.0,
      11.0,
      7.0,
      45.0,
      11.0,
      10.0,
      29.0,
      15.0,
      7.0,
      10.0,
      9.0,
      15.0,
      11.0,
      12.0,
      15.0,
      11.0,
      5.0,
      13.0
    ],
    [
      22.0,
      0.0,
      53.0,
      19.0,
      16.0,
      59.0,
      21.0,
      18.0,
      12.0,
      17.0,
      15.0,
      19.0,
      18.0,
      7.0,
      19.0,
      26.0,
      8.0,
      26.0,
      19.0,
      10.0
    ],
    [
      40.0,
      53.0,
      0.0,
      47.0,
      42.0,
      5.0,
      49.0,
      46.0,
      63.0,
      51.0,
      42.0,
      47.0,
      47.0,
      46.0,
      47.0,
      51.0,
      50.0,
      38.0,
      42.0,
      44.0
    ],
    [
      11.0,
      19.0,
      47.0,
      0.0,
      6.0,
      50.0,
      2.0,
      1.0,
      24.0,
      9.0,
      9.0,
      1.0,
      4.0,
      18.0,
      1.0,
      6.0,
      11.0,
      15.0,
      5.0,
      15.0
    ],
    [
      7.0,
      16.0,
      42.0,
      6.0,
      0.0,
      46.0,
      9.0,
      6.0,
      23.0,
      9.0,
      4.0,
      7.0,
      7.0,
      12.0,
      6.0,
      11.0,
      9.0,
      11.0,
      3.0,
      10.0
    ],
    [
      45.0,
      59.0,
      5.0,
      50.0,
      46.0,
      0.0,
      54.0,
      51.0,
      68.0,
      56.0,
      47.0,
      52.0,
      52.0,
      51.0,
      52.0,
      56.0,
      55.0,
      43.0,
      47.0,
      49.0
    ],
    [
      11.0,
      21.0,
      49.0,
      2.0,
      9.0,
      54.0,
      0.0,
      3.0,
      25.0,
      10.0,
      11.0,
      2.0,
      4.0,
      19.0,
      3.0,
      4.0,
      13.0,
      15.0,
      5.0,
      16.0
    ],
    [
      10.0,
      18.0,
      46.0,
      1.0,
      6.0,
      51.0,
      3.0,
      0.0,
      24.0,
      9.0,
      9.0,
      1.0,
      3.0,
      17.0,
      1.0,
      7.0,
      11.0,
      15.0,
      5.0,
      14.0
    ],
    [
      29.0,
      12.0,
      63.0,
      24.0,
      23.0,
      68.0,
      25.0,
      24.0,
      0.0,
      17.0,
      23.0,
      26.0,
      22.0,
      19.0,
      26.0,
      29.0,
      14.0,
      34.0,
      26.0,
      20.0
    ],
    [
      15.0,
      17.0,
      51.0,
      9.0,
      9.0,
      56.0,
      10.0,
      9.0,
      17.0,
      0.0,
      14.0,
      11.0,
      7.0,
      22.0,
      10.0,
      14.0,
      8.0,
      21.0,
      12.0,
      19.0
    ],
    [
      7.0,
      15.0,
      42.0,
      9.0,
      4.0,
      47.0,
      11.0,
      9.0,
      23.0,
      14.0,
      0.0,
      11.0,
      11.0,
      8.0,
      10.0,
      14.0,
      9.0,
      12.0,
      6.0,
      6.0
    ],
    [
      10.0,
      19.0,
      47.0,
      1.0,
      7.0,
      52.0,
      2.0,
      1.0,
      26.0,
      11.0,
      11.0,
      0.0,
      4.0,
      18.0,
      2.0,
      6.0,
      12.0,
      15.0,
      5.0,
      16.0
    ],
    [
      9.0,
      18.0,
      47.0,
      4.0,
      7.0,
      52.0,
      4.0,
      3.0,
      22.0,
      7.0,
      11.0,
      4.0,
      0.0,
      18.0,
      3.0,
      8.0,
      9.0,
      16.0,
      5.0,
      16.0
    ],
    [
      15.0,
      7.0,
      46.0,
      18.0,
      12.0,
      51.0,
      19.0,
      17.0,
      19.0,
      22.0,
      8.0,
      18.0,
      18.0,
      0.0,
      19.0,
      23.0,
      14.0,
      19.0,
      15.0,
      3.0
    ],
    [
      11.0,
      19.0,
      47.0,
      1.0,
      6.0,
      52.0,
      3.0,
      1.0,
      26.0,
      10.0,
      10.0,
      2.0,
      3.0,
      19.0,
      0.0,
      8.0,
      11.0,
      15.0,
      5.0,
      15.0
    ],
    [
      12.0,
      26.0,
      51.0,
      6.0,
      11.0,
      56.0,
      4.0,
      7.0,
      29.0,
      14.0,
      14.0,
      6.0,
      8.0,
      23.0,
      8.0,
      0.0,
      14.0,
      16.0,
      6.0,
      18.0
    ],
    [
      15.0,
      8.0,
      50.0,
      11.0,
      9.0,
      55.0,
      13.0,
      11.0,
      14.0,
      8.0,
      9.0,
      12.0,
      9.0,
      14.0,
      11.0,
      14.0,
      0.0,
      20.0,
      12.0,
      11.0
    ],
    [
      11.0,
      26.0,
      38.0,
      15.0,
      11.0,
      43.0,
      15.0,
      15.0,
      34.0,
      21.0,
      12.0,
      15.0,
      16.0,
      19.0,
      15.0,
      16.0,
      20.0,
      0.0,
      12.0,
      16.0
    ],
    [
      5.0,
      19.0,
      42.0,
      5.0,
      3.0,
      47.0,
      5.0,
      5.0,
      26.0,
      12.0,
      6.0,
      5.0,
      5.0,
      15.0,
      5.0,
      6.0,
      12.0,
      12.0,
      0.0,
      11.0
    ],
    [
      13.0,
      10.0,
      44.0,
      15.0,
      10.0,
      49.0,
      16.0,
      14.0,
      20.0,
      19.0,
      6.0,
      16.0,
      16.0,
      3.0,
      15.0,
      18.0,
      11.0,
      16.0,
      11.0,
      0.0
    ]
  ]
}