{
  "drive_dist_matrix": [
    [
      0.0,
      2.8,
      7.1,
      0.75,
      0.55,
      4.9,
      0.8,
      0.65,
      3.5,
      3.2,
      0.6,
      0.8,
      0.75,
      2.3,
      0.75,
      0.9,
      2.5,
      0.9,
      0.45,
      2.1
    ],
    [
      2.8,
      0.0,
      6.2,
      2.2,
      4.0,
      5.0,
      2.1,
      2.2,
      1.0,
      1.3,
      1.2,
      2.2,
      1.6,
      0.6,
      2.1,
      2.5,
      0.6,
      2.9,
      4.0,
      0.8
    ],
    [
      7.1,
      6.2,
      0.0,
      5.2,
      4.1,
      0.45,
      5.0,
      5.1,
      5.0,
      4.7,
      3.6,
      5.2,
      4.6,
      3.7,
      5.1,
      5.5,
      4.0,
      3.0,
      4.1,
      3.6
    ],
    [
      0.75,
      2.2,
      5.2,
      0.0,
      0.45,
      6.4,
      0.17,
      0.049,
      2.4,
      0.75,
      0.7,
      0.04,
      0.27,
      2.7,
      0.12,
      0.5,
      1.6,
      1.2,
      0.35,
      2.3
    ],
    [
      0.55,
      4.0,
      4.1,
      0.45,
      0.0,
      5.1,
      0.65,
      0.4,
      3.8,
      0.75,
      0.3,
      0.5,
      3.4,
      2.6,
      0.45,
      0.75,
      0.75,
      0.9,
      0.2,
      0.8
    ],
    [
      4.9,
      5.0,
      0.45,
      6.4,
      5.1,
      0.0,
      5.4,
      5.5,
      5.4,
      5.1,
      3.9,
      5.6,
      5.0,
      4.0,
      5.5,
      5.9,
      4.3,
      3.3,
      4.5,
      4.0
    ],
    [
      0.8,
      2.1,
      5.0,
      0.17,
      0.65,
      5.4,
      0.0,
      0.22,
      2.0,
      0.85,
      0.9,
      0.13,
      0.35,
      2.3,
      0.29,
      0.29,
      1.2,
      3.3,
      0.45,
      1.9
    ],
    [
      0.65,
      2.2,
      5.1,
      0.049,
      0.4,
      5.5,
      0.22,
      0.0,
      2.4,
      0.7,
      0.65,
      0.055,
      0.25,
      2.7,
      0.047,
      0.5,
      0.8,
      1.2,
      0.3,
      2.3
    ],
    [
      3.5,
      1.0,
      5.0,
      2.4,
      3.8,
      5.4,
      2.0,
      2.4,
      0.0,
      1.4,
      2.1,
      2.8,
      2.2,
      2.1,
      2.7,
      3.1,
      1.1,
      3.5,
      4.6,
      1.7
    ],
    [
      3.2,
      1.3,
      4.7,
      0.75,
      0.75,
      5.1,
      0.85,
      0.7,
      1.4,
      0.0,
      1.6,
      0.8,
      0.5,
      2.2,
      0.7,
      2.6,
      0.65,
      3.5,
      0.9,
      1.8
    ],
    [
      0.6,
      1.2,
      3.6,
      0.7,
      0.3,
      3.9,
      0.9,
      0.65,
      2.1,
      1.6,
      0.0,
      0.75,
      0.85,
      0.7,
      0.7,
      2.3,
      0.75,
      1.6,
      0.45,
      0.45
    ],
    [
      0.8,
      2.2,
      5.2,
      0.04,
      0.5,
      5.6,
      0.13,
      0.055,
      2.8,
      0.8,
      0.75,
      0.0,
      0.3,
      2.7,
      0.16,
      0.45,
      0.9,
      1.2,
      0.45,
      2.3
    ],
    [
      0.75,
      1.6,
      4.6,
      0.27,
      3.4,
      5.0,
      0.35,
      0.25,
      2.2,
      0.5,
      0.85,
      0.3,
      0.0,
      2.0,
      0.2,
      0.55,
      0.75,
      1.3,
      0.4,
      1.6
    ],
    [
      2.3,
      0.6,
      3.7,
      2.7,
      2.6,
      4.0,
      2.3,
      2.7,
      2.1,
      2.2,
      0.7,
      2.7,
      2.0,
      0.0,
      2.2,
      2.6,
      1.1,
      2.0,
      3.1,
      0.27
    ],
    [
      0.75,
      2.1,
      5.1,
      0.12,
      0.45,
      5.5,
      0.29,
      0.047,
      2.7,
      0.7,
      0.7,
      0.16,
      0.2,
      2.2,
      0.0,
      0.55,
      0.85,
      3.1,
      0.35,
      2.4
    ],
    [
      0.9,
      2.5,
      5.5,
      0.5,
      0.75,
      5.9,
      0.29,
      0.5,
      3.1,
      2.6,
      2.3,
      0.45,
      0.55,
      2.6,
      0.55,
      0.0,
      1.5,
      2.6,
      0.55,
      2.2
    ],
    [
      2.5,
      0.6,
      4.0,
      1.6,
      0.75,
      4.3,
      1.2,
      0.8,
      1.1,
      0.65,
      0.75,
      0.9,
      0.75,
      1.1,
      0.85,
      1.5,
      0.0,
      2.8,
      0.95,
      0.9
    ],
    [
      0.9,
      2.9,
      3.0,
      1.2,
      0.9,
      3.3,
      3.3,
      1.2,
      3.5,
      3.5,
      1.6,
      1.2,
      1.3,
      2.0,
      3.1,
      2.6,
      2.8,
      0.0,
      1.0,
      1.4
    ],
    [
      0.45,
      4.0,
      4.1,
      0.35,
      0.2,
      4.5,
      0.45,
      0.3,
      4.6,
      0.9,
      0.45,
      0.45,
      0.4,
      3.1,
      0.35,
      0.55,
      0.95,
      1.0,
      0.0,
      2.4
    ],
    [
      2.1,
      0.8,
      3.6,
      2.3,
      0.8,
      4.0,
      1.9,
      2.3,
      1.7,
      1.8,
      0.45,
      2.3,
      1.6,
      0.27,
      2.4,
      2.2,
      0.9,
      1.4,
      2.4,
      0.0
    ]
  ],
  "drive_time_matrix": [
    [
      0.0,
      6.0,
      12.0,
      11.0,
      7.0,
      9.0,
      11.0,
      10.0,
      8.0,
      6.0,
      7.0,
      10.0,
      9.0,
      6.0,
      11.0,
      12.0,
      5.0,
      11.0,
      5.0,
      5.0
    ],
    [
      6.0,
      0.0,
      12.0,
      5.0,
      9.0,
      9.0,
      5.0,
      5.0,
      10.0,
      3.0,
      14.0,
      5.0,
      4.0,
      7.0,
      5.0,
      6.0,
      8.0,
      6.0,
      9.0,
      10.0
    ],
    [
      12.0,
      12.0,
      0.0,
      10.0,
      8.0,
      5.0,
      10.0,
      10.0,
      10.0,
      8.0,
      7.0,
      10.0,
      8.0,
      7.0,
      10.0,
      11.0,
      7.0,
      6.0,
      8.0,
      7.0
    ],
    [
      11.0,
      5.0,
      10.0,
      0.0,
      6.0,
      12.0,
      2.0,
      1.0,
      6.0,
      9.0,
      9.0,
      1.0,
      4.0,
      7.0,
      1.0,
      6.0,
      11.0,
      15.0,
      5.0,
      6.0
    ],
    [
      7.0,
      9.0,
      8.0,
      6.0,
      0.0,
      10.0,
      9.0,
      6.0,
      9.0,
      9.0,
      4.0,
      7.0,
      7.0,
      7.0,
      6.0,
      11.0,
      8.0,
      11.0,
      3.0,
      7.0
    ],
    [
      9.0,
      9.0,
      5.0,
      12.0,
      10.0,
      0.0,
      10.0,
      10.0,
      10.0,
      9.0,
      7.0,
      10.0,
      9.0,
      7.0,
      10.0,
      11.0,
      7.0,
      6.0,
      8.0,
      7.0
    ],
    [
      11.0,
      5.0,
      10.0,
      2.0,
      9.0,
      10.0,
      0.0,
      3.0,
      5.0,
      10.0,
      11.0,
      2.0,
      4.0,
      6.0,
      3.0,
      4.0,
      3.0,
      7.0,
      5.0,
      5.0
    ],
    [
      10.0,
      5.0,
      10.0,
      1.0,
      6.0,
      10.0,
      3.0,
      0.0,
      6.0,
      9.0,
      9.0,
      1.0,
      3.0,
      7.0,
      1.0,
      6.0,
      10.0,
      15.0,
      5.0,
      6.0
    ],
    [
      8.0,
      10.0,
      10.0,
      6.0,
      9.0,
      10.0,
      5.0,
      6.0,
      0.0,
      4.0,
      5.0,
      6.0,
      5.0,
      4.0,
      6.0,
      7.0,
      9.0,
      7.0,
      10.0,
      3.0
    ],
    [
      6.0,
      3.0,
      8.0,
      9.0,
      9.0,
      9.0,
      10.0,
      9.0,
      4.0,
      0.0,
      4.0,
      11.0,
      7.0,
      5.0,
      10.0,
      6.0,
      8.0,
      8.0,
      10.0,
      4.0
    ],
    [
      7.0,
      14.0,
      7.0,
      9.0,
      4.0,
      7.0,
      11.0,
      9.0,
      5.0,
      4.0,
      0.0,
      11.0,
      10.0,
      6.0,
      10.0,
      5.0,
      9.0,
      5.0,
      6.0,
      6.0
    ],
    [
      10.0,
      5.0,
      10.0,
      1.0,
      7.0,
      10.0,
      2.0,
      1.0,
      6.0,
      11.0,
      11.0,
      0.0,
      4.0,
      7.0,
      2.0,
      6.0,
      12.0,
      14.0,
      5.0,
      6.0
    ],
    [
      9.0,
      4.0,
      8.0,
      4.0,
      7.0,
      9.0,
      4.0,
      3.0,
      5.0,
      7.0,
      10.0,
      4.0,
      0.0,
      5.0,
      3.0,
      8.0,
      8.0,
      16.0,
      5.0,
      4.0
    ],
    [
      6.0,
      7.0,
      7.0,
      7.0,
      7.0,
      7.0,
      6.0,
      7.0,
      4.0,
      5.0,
      6.0,
      7.0,
      5.0,
      0.0,
      5.0,
      6.0,
      3.0,
      5.0,
      8.0,
      3.0
    ],
    [
      11.0,
      5.0,
      10.0,
      1.0,
      6.0,
      10.0,
      3.0,
      1.0,
      6.0,
      10.0,
      10.0,
      2.0,
      3.0,
      5.0,
      0.0,
      7.0,
      11.0,
      6.0,
      5.0,
      6.0
    ],
    [
      12.0,
      6.0,
      11.0,
      6.0,
      11.0,
      11.0,
      4.0,
      6.0,
      7.0,
      6.0,
      5.0,
      6.0,
      8.0,
      6.0,
      7.0,
      0.0,
      4.0,
      5.0,
      6.0,
      5.0
    ],
    [
      5.0,
      8.0,
      7.0,
      11.0,
      8.0,
      7.0,
      3.0,
      10.0,
      9.0,
      8.0,
      9.0,
      12.0,
      8.0,
      3.0,
      11.0,
      4.0,
      0.0,
      5.0,
      11.0,
      11.0
    ],
    [
      11.0,
      6.0,
      6.0,
      15.0,
      11.0,
      6.0,
      7.0,
      15.0,
      7.0,
      8.0,
      5.0,
      14.0,
      16.0,
      5.0,
      6.0,
      5.0,
      5.0,
      0.0,
      12.0,
      3.0
    ],
    [
      5.0,
      9.0,
      8.0,
      5.0,
      3.0,
      8.0,
      5.0,
      5.0,
      10.0,
      10.0,
      6.0,
      5.0,
      5.0,
      8.0,
      5.0,
      6.0,
      11.0,
      12.0,
      0.0,
      6.0
    ],
    [
      5.0,
      10.0,
      7.0,
      6.0,
      7.0,
      7.0,
      5.0,
      6.0,
      3.0,
      4.0,
      6.0,
      6.0,
      4.0,
      3.0,
      6.0,
      5.0,
      11.0,
      3.0,
      6.0,
      0.0
    ]
  ],
  "transit_dist_walk_matrix": [
    [
      0.0,
      0.9166300000000001,
      0.66664,
      NaN,
      NaN,
      0.9166300000000001,
      NaN,
      NaN,
      0.66664,
      NaN,
      NaN,
      NaN,
      NaN,
      0.74997,
      NaN,
      NaN,
      NaN,
      NaN,
      NaN,
      NaN
    ],
    [
      0.9166300000000001,
      0.0,
      1.16662,
      NaN,
      0.49998,
      0.9166300000000001,
      1.16662,
      NaN,
      0.49998,
      0.74997,
      NaN,
      1.08329,
      0.74997,
      NaN,
      0.99996,
      1.33328,
      NaN,
      0.9166300000000001,
      0.66664,
      NaN
    ],
    [
      0.66664,
      1.16662,
      0.0,
      0.74997,
      0.24999,
      NaN,
      0.9166300000000001,
      0.66664,
      0.33332,
      0.49998,
      0.33332,
      0.8333,
      0.49998,
      0.74997,
      0.74997,
      1.08329,
      0.41665,
      0.66664,
      0.41665,
      0.99996
    ],
    [
      NaN,
      NaN,
      0.74997,
      0.0,
      NaN,
      0.99996,
      NaN,
      NaN,
      0.8333,
      NaN,
      NaN,
      NaN,
      NaN,
      0.66664,
      NaN,
      NaN,
      NaN,
      NaN,
      NaN,
      0.8333
    ],
    [
      NaN,
      0.49998,
      0.24999,
      NaN,
      0.0,
      0.66664,
      NaN,
      NaN,
      0.33332,
      0.41665,
      NaN,
      NaN,
      NaN,
      0.24999,
      NaN,
      NaN,
      0.24999,
      0.66664,
      NaN,
      NaN
    ],
    [
      0.9166300000000001,
      0.9166300000000001,
      NaN,
      0.99996,
      0.66664,
      0.0,
      1.33328,
      1.08329,
      0.99996,
      0.8333,
      0.74997,
      1.16662,
      0.9166300000000001,
      0.74997,
      1.08329,
      1.49994,
      0.66664,
      NaN,
      0.74997,
      1.74993
    ],
    [
      NaN,
      1.16662,
      0.9166300000000001,
      NaN,
      NaN,
      1.33328,
      0.0,
      NaN,
      0.8333,
      NaN,
      NaN,
      NaN,
      NaN,
      0.66664,
      NaN,
      NaN,
      NaN,
      NaN,
      NaN,
      0.8333
    ],
    [
      NaN,
      NaN,
      0.66664,
      NaN,
      NaN,
      1.08329,
      NaN,
      0.0,
      0.66664,
      NaN,
      NaN,
      NaN,
      NaN,
      0.58331,
      NaN,
      NaN,
      NaN,
      NaN,
      NaN,
      0.74997
    ],
    [
      0.66664,
      0.49998,
      0.33332,
      0.8333,
      0.33332,
      0.99996,
      0.8333,
      0.66664,
      0.0,
      0.66664,
      0.58331,
      1.08329,
      0.74997,
      0.24999,
      0.99996,
      1.33328,
      0.49998,
      0.9166300000000001,
      0.58331,
      0.49998
    ],
    [
      NaN,
      0.74997,
      0.49998,
      NaN,
      0.41665,
      0.8333,
      NaN,
      NaN,
      0.66664,
      0.0,
      0.49998,
      NaN,
      NaN,
      NaN,
      NaN,
      NaN,
      NaN,
      0.74997,
      0.58331,
      0.99996
    ],
    [
      NaN,
      NaN,
      0.33332,
      NaN,
      NaN,
      0.74997,
      NaN,
      NaN,
      0.58331,
      0.49998,
      0.0,
      NaN,
      NaN,
      0.33332,
      NaN,
      NaN,
      NaN,
      NaN,
      NaN,
      NaN
    ],
    [
      NaN,
      1.08329,
      0.8333,
      NaN,
      NaN,
      1.16662,
      NaN,
      NaN,
      1.08329,
      NaN,
      NaN,
      0.0,
      NaN,
      NaN,
      NaN,
      NaN,
      NaN,
      NaN,
      NaN,
      NaN
    ],
    [
      NaN,
      0.74997,
      0.49998,
      NaN,
      NaN,
      0.9166300000000001,
      NaN,
      NaN,
      0.74997,
      NaN,
      NaN,
      NaN,
      0.0,
      NaN,
      NaN,
      NaN,
      NaN,
      0.9166300000000001,
      NaN,
      0.99996
    ],
    [
      0.74997,
      NaN,
      0.74997,
      0.66664,
      0.24999,
      0.74997,
      0.66664,
      0.58331,
      0.24999,
      NaN,
      0.33332,
      NaN,
      NaN,
      0.0,
      0.66664,
      NaN,
      0.49998,
      0.9166300000000001,
      0.33332,
      NaN
    ],
    [
      NaN,
      0.99996,
      0.74997,
      NaN,
      NaN,
      1.08329,
      NaN,
      NaN,
      0.99996,
      NaN,
      NaN,
      NaN,
      NaN,
      0.66664,
      0.0,
      NaN,
      NaN,
      NaN,
      NaN,
      NaN
    ],
    [
      NaN,
      1.33328,
      1.08329,
      NaN,
      NaN,
      1.49994,
      NaN,
      NaN,
      1.33328,
      NaN,
      NaN,
      NaN,
      NaN,
      NaN,
      NaN,
      0.0,
      NaN,
      NaN,
      NaN,
      NaN
    ],
    [
      NaN,
      NaN,
      0.41665,
      NaN,
      0.24999,
      0.66664,
      NaN,
      NaN,
      0.49998,
      NaN,
      NaN,
      NaN,
      NaN,
      0.49998,
      NaN,
      NaN,
      0.0,
      0.8333,
      0.49998,
      NaN
    ],
    [
      NaN,
      0.9166300000000001,
      0.66664,
      NaN,
      0.66664,
      NaN,
      NaN,
      NaN,
      0.9166300000000001,
      0.74997,
      NaN,
      NaN,
      0.9166300000000001,
      0.9166300000000001,
      NaN,
      NaN,
      0.8333,
      0.0,
      NaN,
      0.8333
    ],
    [
      NaN,
      0.66664,
      0.41665,
      NaN,
      NaN,
      0.74997,
      NaN,
      NaN,
      0.58331,
      0.58331,
      NaN,
      NaN,
      NaN,
      0.33332,
      NaN,
      NaN,
      0.49998,
      NaN,
      0.0,
      NaN
    ],
    [
      NaN,
      NaN,
      0.99996,
      0.8333,
      NaN,
      1.74993,
      0.8333,
      0.74997,
      0.49998,
      0.99996,
      NaN,
      NaN,
      0.99996,
      NaN,
      NaN,
      NaN,
      NaN,
      0.8333,
      NaN,
      0.0
    ]
  ],
  "transit_time_matrix": [
    [
      0.0,
      17.0,
      20.0,
      NaN,
      NaN,
      26.0,
      NaN,
      NaN,
      16.0,
      0.0,
      NaN,
      NaN,
      NaN,
      15.0,
      NaN,
      NaN,
      0.0,
      0.0,
      NaN,
      NaN
    ],
    [
      17.0,
      0.0,
      27.0,
      0.0,
      13.0,
      32.0,
      18.0,
      NaN,
      10.0,
      3.0,
      NaN,
      5.0,
      4.0,
      NaN,
      16.0,
      20.0,
      NaN,
      21.0,
      9.0,
      NaN
    ],
    [
      20.0,
      27.0,
      0.0,
      22.0,
      8.0,
      NaN,
      24.0,
      21.0,
      25.0,
      22.0,
      17.0,
      23.0,
      22.0,
      21.0,
      22.0,
      26.0,
      22.0,
      18.0,
      18.0,
      24.0
    ],
    [
      NaN,
      0.0,
      22.0,
      0.0,
      NaN,
      28.0,
      NaN,
      NaN,
      15.0,
      NaN,
      NaN,
      NaN,
      NaN,
      12.0,
      NaN,
      NaN,
      NaN,
      NaN,
      NaN,
      12.0
    ],
    [
      NaN,
      13.0,
      8.0,
      NaN,
      0.0,
      23.0,
      NaN,
      NaN,
      9.0,
      9.0,
      NaN,
      NaN,
      NaN,
      7.0,
      NaN,
      NaN,
      8.0,
      11.0,
      NaN,
      NaN
    ],
    [
      26.0,
      32.0,
      NaN,
      28.0,
      23.0,
      0.0,
      31.0,
      28.0,
      33.0,
      28.0,
      7.0,
      29.0,
      29.0,
      23.0,
      28.0,
      33.0,
      28.0,
      0.0,
      24.0,
      26.0
    ],
    [
      NaN,
      18.0,
      24.0,
      NaN,
      NaN,
      31.0,
      0.0,
      NaN,
      15.0,
      NaN,
      NaN,
      NaN,
      NaN,
      6.0,
      NaN,
      NaN,
      0.0,
      NaN,
      NaN,
      15.0
    ],
    [
      NaN,
      NaN,
      21.0,
      NaN,
      NaN,
      28.0,
      NaN,
      0.0,
      6.0,
      NaN,
      NaN,
      NaN,
      NaN,
      11.0,
      NaN,
      NaN,
      NaN,
      NaN,
      NaN,
      11.0
    ],
    [
      16.0,
      10.0,
      25.0,
      15.0,
      9.0,
      33.0,
      15.0,
      6.0,
      0.0,
      13.0,
      15.0,
      18.0,
      14.0,
      9.0,
      17.0,
      21.0,
      9.0,
      22.0,
      15.0,
      12.0
    ],
    [
      0.0,
      3.0,
      22.0,
      NaN,
      9.0,
      28.0,
      NaN,
      NaN,
      13.0,
      0.0,
      4.0,
      NaN,
      NaN,
      0.0,
      NaN,
      NaN,
      NaN,
      16.0,
      10.0,
      4.0
    ],
    [
      NaN,
      NaN,
      17.0,
      NaN,
      NaN,
      7.0,
      NaN,
      NaN,
      15.0,
      4.0,
      0.0,
      NaN,
      0.0,
      6.0,
      NaN,
      0.0,
      0.0,
      0.0,
      NaN,
      NaN
    ],
    [
      NaN,
      5.0,
      23.0,
      NaN,
      NaN,
      29.0,
      NaN,
      NaN,
      18.0,
      NaN,
      NaN,
      0.0,
      NaN,
      0.0,
      NaN,
      NaN,
      NaN,
      NaN,
      NaN,
      0.0
    ],
    [
      NaN,
      4.0,
      22.0,
      NaN,
      NaN,
      29.0,
      NaN,
      NaN,
      14.0,
      NaN,
      0.0,
      NaN,
      0.0,
      0.0,
      NaN,
      NaN,
      0.0,
      17.0,
      NaN,
      15.0
    ],
    [
      15.0,
      NaN,
      21.0,
      12.0,
      7.0,
      23.0,
      6.0,
      11.0,
      9.0,
      0.0,
      6.0,
      0.0,
      0.0,
      0.0,
      12.0,
      0.0,
      12.0,
      15.0,
      8.0,
      NaN
    ],
    [
      NaN,
      16.0,
      22.0,
      NaN,
      NaN,
      28.0,
      NaN,
      NaN,
      17.0,
      NaN,
      NaN,
      NaN,
      NaN,
      12.0,
      0.0,
      NaN,
      NaN,
      0.0,
      NaN,
      0.0
    ],
    [
      NaN,
      20.0,
      26.0,
      NaN,
      NaN,
      33.0,
      NaN,
      NaN,
      21.0,
      NaN,
      0.0,
      NaN,
      NaN,
      0.0,
      NaN,
      0.0,
      0.0,
      NaN,
      NaN,
      0.0
    ],
    [
      0.0,
      NaN,
      22.0,
      NaN,
      8.0,
      28.0,
      0.0,
      NaN,
      9.0,
      NaN,
      0.0,
      NaN,
      0.0,
      12.0,
      NaN,
      0.0,
      0.0,
      18.0,
      11.0,
      0.0
    ],
    [
      0.0,
      21.0,
      18.0,
      NaN,
      11.0,
      0.0,
      NaN,
      NaN,
      22.0,
      16.0,
      0.0,
      NaN,
      17.0,
      15.0,
      0.0,
      NaN,
      18.0,
      0.0,
      NaN,
      15.0
    ],
    [
      NaN,
      9.0,
      18.0,
      NaN,
      NaN,
      24.0,
      NaN,
      NaN,
      15.0,
      10.0,
      NaN,
      NaN,
      NaN,
      8.0,
      NaN,
      NaN,
      11.0,
      NaN,
      0.0,
      0.0
    ],
    [
      NaN,
      NaN,
      24.0,
      12.0,
      NaN,
      26.0,
      15.0,
      11.0,
      12.0,
      4.0,
      NaN,
      0.0,
      15.0,
      NaN,
      0.0,
      0.0,
      0.0,
      15.0,
      0.0,
      0.0
    ]
  ],
  "walk_dist_matrix": [
    [
      0.0,
      1.8,
      3.2,
      0.75,
      0.55,
      3.7,
      0.8,
      0.65,
      2.3,
      1.3,
      0.6,
      0.8,
      0.75,
      1.3,
      0.75,
      0.9,
      1.2,
      0.9,
      0.45,
      1.0
    ],
    [
      1.8,
      0.0,
      4.3,
      1.4,
      1.3,
      4.7,
      1.5,
      1.3,
      1.0,
      1.3,
      1.2,
      1.4,
      1.4,
      0.6,
      1.4,
      1.9,
      0.6,
      2.1,
      1.5,
      0.8
    ],
    [
      3.2,
      4.3,
      0.0,
      3.6,
      3.3,
      0.45,
      3.8,
      3.5,
      5.0,
      4.1,
      3.4,
      3.7,
      3.8,
      3.6,
      3.6,
      3.9,
      4.0,
      3.0,
      3.4,
      3.4
    ],
    [
      0.75,
      1.4,
      3.6,
      0.0,
      0.45,
      4.1,
      0.17,
      0.049,
      1.9,
      0.75,
      0.7,
      0.04,
      0.27,
      1.4,
      0.12,
      0.5,
      0.9,
      1.2,
      0.35,
      1.2
    ],
    [
      0.55,
      1.3,
      3.3,
      0.45,
      0.0,
      3.8,
      0.65,
      0.4,
      1.8,
      0.75,
      0.3,
      0.5,
      0.6,
      1.0,
      0.45,
      0.75,
      0.75,
      0.9,
      0.2,
      0.8
    ],
    [
      3.7,
      4.7,
      0.45,
      4.1,
      3.8,
      0.0,
      4.2,
      4.0,
      5.4,
      4.5,
      3.8,
      4.1,
      4.2,
      4.1,
      4.1,
      4.4,
      4.5,
      3.5,
      3.8,
      3.9
    ],
    [
      0.8,
      1.5,
      3.8,
      0.17,
      0.65,
      4.2,
      0.0,
      0.22,
      2.0,
      0.85,
      0.9,
      0.13,
      0.35,
      1.6,
      0.29,
      0.29,
      1.1,
      1.2,
      0.45,
      1.4
    ],
    [
      0.65,
      1.3,
      3.5,
      0.049,
      0.4,
      4.0,
      0.22,
      0.0,
      1.9,
      0.7,
      0.65,
      0.089,
      0.25,
      1.3,
      0.047,
      0.5,
      0.8,
      1.2,
      0.3,
      1.1
    ],
    [
      2.3,
      1.0,
      5.0,
      1.9,
      1.8,
      5.4,
      2.0,
      1.9,
      0.0,
      1.3,
      1.8,
      2.0,
      1.7,
      1.5,
      1.9,
      2.2,
      1.1,
      2.7,
      2.0,
      1.6
    ],
    [
      1.3,
      1.3,
      4.1,
      0.75,
      0.75,
      4.5,
      0.85,
      0.7,
      1.3,
      0.0,
      1.1,
      0.8,
      0.5,
      1.7,
      0.7,
      1.0,
      0.65,
      1.6,
      0.9,
      1.5
    ],
    [
      0.6,
      1.2,
      3.4,
      0.7,
      0.3,
      3.8,
      0.9,
      0.65,
      1.8,
      1.1,
      0.0,
      0.75,
      0.85,
      0.7,
      0.7,
      1.0,
      0.75,
      1.0,
      0.45,
      0.45
    ],
    [
      0.8,
      1.4,
      3.7,
      0.04,
      0.5,
      4.1,
      0.13,
      0.089,
      2.0,
      0.8,
      0.75,
      0.0,
      0.3,
      1.4,
      0.16,
      0.45,
      0.9,
      1.2,
      0.45,
      1.2
    ],
    [
      0.75,
      1.4,
      3.8,
      0.27,
      0.6,
      4.2,
      0.35,
      0.25,
      1.7,
      0.5,
      0.85,
      0.3,
      0.0,
      1.5,
      0.2,
      0.55,
      0.75,
      1.3,
      0.4,
      1.3
    ],
    [
      1.3,
      0.6,
      3.6,
      1.4,
      1.0,
      4.1,
      1.6,
      1.3,
      1.5,
      1.7,
      0.7,
      1.4,
      1.5,
      0.0,
      1.4,
      1.7,
      1.1,
      1.5,
      1.1,
      0.27
    ],
    [
      0.75,
      1.4,
      3.6,
      0.12,
      0.45,
      4.1,
      0.29,
      0.047,
      1.9,
      0.7,
      0.7,
      0.16,
      0.2,
      1.4,
      0.0,
      0.55,
      0.85,
      1.2,
      0.35,
      1.2
    ],
    [
      0.9,
      1.9,
      3.9,
      0.5,
      0.75,
      4.4,
      0.29,
      0.5,
      2.2,
      1.0,
      1.0,
      0.45,
      0.55,
      1.7,
      0.55,
      0.0,
      1.2,
      1.3,
      0.55,
      1.5
    ],
    [
      1.2,
      0.6,
      4.0,
      0.9,
      0.75,
      4.5,
      1.1,
      0.8,
      1.1,
      0.65,
      0.75,
      0.9,
      0.75,
      1.1,
      0.85,
      1.2,
      0.0,
      1.6,
      0.95,
      0.9
    ],
    [
      0.9,
      2.1,
      3.0,
      1.2,
      0.9,
      3.5,
      1.2,
      1.2,
      2.7,
      1.6,
      1.0,
      1.2,
      1.3,
      1.5,
      1.2,
      1.3,
      1.6,
      0.0,
      1.0,
      1.3
    ],
    [
      0.45,
      1.5,
      3.4,
      0.35,
      0.2,
      3.8,
      0.45,
      0.3,
      2.0,
      0.9,
      0.45,
      0.45,
      0.4,
      1.1,
      0.35,
      0.55,
      0.95,
      1.0,
      0.0,
      0.9
    ],
    [
      1.0,
      0.8,
      3.4,
      1.2,
      0.8,
      3.9,
      1.4,
      1.1,
      1.6,
      1.5,
      0.45,
      1.2,
      1.3,
      0.27,
      1.2,
      1.5,
      0.9,
      1.3,
      0.9,
      0.0
    ]
  ],
  "walk_time_matrix": [
    [
      0.0,
      17.0,
      40.0,
      11.0,
      7.0,
      26.0,
      11.0,
      10.0,
      16.0,
      15.0,
      7.0,
      10.0,
      9.0,
      15.0,
      11.0,
      12.0,
      15.0,
      10.0,
      5.0,
      12.0
    ],
    [
      17.0,
      0.0,
      53.0,
      19.0,
      17.0,
      59.0,
      21.0,
      18.0,
      12.0,
      13.0,
      15.0,
      19.0,
      13.0,
      7.0,
      16.0,
      26.0,
      8.0,
      21.0,
      19.0,
      10.0
    ],
    [
      40.0,
      53.0,
      0.0,
      47.0,
      42.0,
      5.0,
      49.0,
      46.0,
      63.0,
      51.0,
      42.0,
      47.0,
      47.0,
      21.0,
      47.0,
      51.0,
      50.0,
      38.0,
      18.0,
      24.0
    ],
    [
      11.0,
      19.0,
      47.0,
      0.0,
      6.0,
      50.0,
      2.0,
      1.0,
      24.0,
      9.0,
      9.0,
      1.0,
      4.0,
      12.0,
      1.0,
      6.0,
      11.0,
      14.0,
      5.0,
      12.0
    ],
    [
      7.0,
      17.0,
      42.0,
      6.0,
      0.0,
      23.0,
      9.0,
      6.0,
      12.0,
      9.0,
      4.0,
      7.0,
      7.0,
      7.0,
      6.0,
      11.0,
      8.0,
      11.0,
      3.0,
      10.0
    ],
    [
      26.0,
      59.0,
      5.0,
      50.0,
      23.0,
      0.0,
      31.0,
      28.0,
      68.0,
      56.0,
      47.0,
      29.0,
      52.0,
      51.0,
      52.0,
      56.0,
      28.0,
      43.0,
      47.0,
      49.0
    ],
    [
      11.0,
      21.0,
      49.0,
      2.0,
      9.0,
      31.0,
      0.0,
      3.0,
      25.0,
      10.0,
      11.0,
      2.0,
      4.0,
      19.0,
      3.0,
      4.0,
      13.0,
      15.0,
      5.0,
      16.0
    ],
    [
      10.0,
      18.0,
      46.0,
      1.0,
      6.0,
      28.0,
      3.0,
      0.0,
      24.0,
      9.0,
      9.0,
      1.0,
      3.0,
      11.0,
      1.0,
      6.0,
      10.0,
      14.0,
      5.0,
      11.0
    ],
    [
      16.0,
      12.0,
      63.0,
      24.0,
      12.0,
      68.0,
      25.0,
      24.0,
      0.0,
      17.0,
      15.0,
      26.0,
      22.0,
      19.0,
      26.0,
      29.0,
      14.0,
      34.0,
      15.0,
      12.0
    ],
    [
      15.0,
      13.0,
      51.0,
      9.0,
      9.0,
      56.0,
      10.0,
      9.0,
      17.0,
      0.0,
      14.0,
      11.0,
      7.0,
      22.0,
      10.0,
      14.0,
      8.0,
      16.0,
      12.0,
      15.0
    ],
    [
      7.0,
      15.0,
      42.0,
      9.0,
      4.0,
      47.0,
      11.0,
      9.0,
      15.0,
      14.0,
      0.0,
      11.0,
      11.0,
      8.0,
      10.0,
      14.0,
      9.0,
      12.0,
      6.0,
      6.0
    ],
    [
      10.0,
      19.0,
      47.0,
      1.0,
      7.0,
      29.0,
      2.0,
      1.0,
      26.0,
      11.0,
      11.0,
      0.0,
      4.0,
      18.0,
      2.0,
      6.0,
      12.0,
      14.0,
      5.0,
      16.0
    ],
    [
      9.0,
      13.0,
      47.0,
      4.0,
      7.0,
      52.0,
      4.0,
      3.0,
      22.0,
      7.0,
      11.0,
      4.0,
      0.0,
      18.0,
      3.0,
      8.0,
      8.0,
      17.0,
      5.0,
      16.0
    ],
    [
      15.0,
      7.0,
      21.0,
      12.0,
      7.0,
      51.0,
      19.0,
      11.0,
      19.0,
      22.0,
      8.0,
      18.0,
      18.0,
      0.0,
      19.0,
      23.0,
      14.0,
      19.0,
      15.0,
      3.0
    ],
    [
      11.0,
      16.0,
      47.0,
      1.0,
      6.0,
      52.0,
      3.0,
      1.0,
      26.0,
      10.0,
      10.0,
      2.0,
      3.0,
      19.0,
      0.0,
      7.0,
      11.0,
      15.0,
      5.0,
      15.0
    ],
    [
      12.0,
      26.0,
      51.0,
      6.0,
      11.0,
      56.0,
      4.0,
      6.0,
      29.0,
      14.0,
      14.0,
      6.0,
      8.0,
      23.0,
      7.0,
      0.0,
      14.0,
      16.0,
      6.0,
      18.0
    ],
    [
      15.0,
      8.0,
      50.0,
      11.0,
      8.0,
      28.0,
      13.0,
      10.0,
      14.0,
      8.0,
      9.0,
      12.0,
      8.0,
      14.0,
      11.0,
      14.0,
      0.0,
      20.0,
      11.0,
      11.0
    ],
    [
      10.0,
      21.0,
      38.0,
      14.0,
      11.0,
      43.0,
      15.0,
      14.0,
      34.0,
      16.0,
      12.0,
      14.0,
      17.0,
      19.0,
      15.0,
      16.0,
      20.0,
      0.0,
      12.0,
      16.0
    ],
    [
      5.0,
      19.0,
      18.0,
      5.0,
      3.0,
      47.0,
      5.0,
      5.0,
      15.0,
      12.0,
      6.0,
      5.0,
      5.0,
      15.0,
      5.0,
      6.0,
      11.0,
      12.0,
      0.0,
      11.0
    ],
    [
      12.0,
      10.0,
      24.0,
      12.0,
      10.0,
      49.0,
      16.0,
      11.0,
      12.0,
      15.0,
      6.0,
      16.0,
      16.0,
      3.0,
      15.0,
      18.0,
      11.0,
      16.0,
      11.0,
      0.0
    ]
  ],
  "cycle_dist_matrix": [
    [
      0.0,
      1.8,
      3.2,
      0.75,
      0.55,
      3.7,
      0.8,
      0.65,
      NaN,
      1.3,
      0.6,
      0.8,
      0.75,
      1.3,
      0.75,
      0.9,
      1.2,
      0.9,
      0.45,
      1.0
    ],
    [
      1.8,
      0.0,
      4.3,
      1.4,
      1.3,
      4.7,
      1.5,
      1.3,
      1.0,
      1.3,
      1.2,
      1.4,
      1.4,
      0.6,
      1.4,
      1.9,
      0.6,
      2.1,
      1.5,
      0.8
    ],
    [
      3.2,
      4.3,
      0.0,
      3.6,
      3.3,
      0.45,
      3.8,
      3.5,
      5.0,
      4.1,
      3.4,
      3.7,
      3.8,
      3.6,
      3.6,
      3.9,
      4.0,
      3.0,
      3.4,
      3.4
    ],
    [
      0.75,
      1.4,
      3.6,
      0.0,
      0.45,
      4.1,
      0.17,
      0.049,
      1.9,
      0.75,
      0.7,
      0.04,
      0.27,
      1.4,
      0.12,
      0.5,
      0.9,
      1.2,
      0.35,
      1.2
    ],
    [
      0.55,
      1.3,
      3.3,
      0.45,
      0.0,
      3.8,
      0.65,
      0.4,
      NaN,
      0.75,
      0.3,
      0.5,
      0.6,
      1.0,
      0.45,
      0.75,
      0.75,
      0.9,
      0.2,
      0.8
    ],
    [
      3.7,
      4.7,
      0.45,
      4.1,
      3.8,
      0.0,
      4.2,
      4.0,
      5.4,
      4.5,
      3.8,
      4.1,
      4.2,
      4.1,
      4.1,
      4.4,
      4.5,
      3.5,
      3.8,
      3.9
    ],
    [
      0.8,
      1.5,
      3.8,
      0.17,
      0.65,
      4.2,
      0.0,
      0.22,
      2.0,
      0.85,
      0.9,
      0.13,
      0.35,
      1.6,
      0.29,
      0.29,
      1.1,
      1.2,
      0.45,
      1.4
    ],
    [
      0.65,
      1.3,
      3.5,
      0.049,
      0.4,
      4.0,
      0.22,
      0.0,
      1.9,
      0.7,
      0.65,
      0.089,
      0.25,
      1.4,
      0.047,
      0.5,
      0.8,
      1.2,
      0.3,
      1.2
    ],
    [
      NaN,
      1.0,
      5.0,
      1.9,
      NaN,
      5.4,
      2.0,
      1.9,
      0.0,
      1.3,
      NaN,
      2.0,
      1.7,
      1.5,
      1.9,
      2.2,
      1.1,
      2.7,
      2.0,
      NaN
    ],
    [
      1.3,
      1.3,
      4.1,
      0.75,
      0.75,
      4.5,
      0.85,
      0.7,
      1.3,
      0.0,
      1.1,
      0.8,
      0.5,
      1.7,
      0.7,
      1.0,
      0.65,
      1.6,
      0.9,
      1.5
    ],
    [
      0.6,
      1.2,
      3.4,
      0.7,
      0.3,
      3.8,
      0.9,
      0.65,
      NaN,
      1.1,
      0.0,
      0.75,
      0.85,
      0.7,
      0.7,
      1.0,
      0.75,
      1.0,
      0.45,
      0.45
    ],
    [
      0.8,
      1.4,
      3.7,
      0.04,
      0.5,
      4.1,
      0.13,
      0.089,
      2.0,
      0.8,
      0.75,
      0.0,
      0.3,
      1.4,
      0.16,
      0.45,
      0.9,
      1.2,
      0.45,
      1.2
    ],
    [
      0.75,
      1.4,
      3.8,
      0.27,
      0.6,
      4.2,
      0.35,
      0.25,
      1.7,
      0.5,
      0.85,
      0.3,
      0.0,
      1.5,
      0.2,
      0.55,
      0.75,
      1.7,
      0.4,
      1.3
    ],
    [
      1.3,
      0.6,
      3.6,
      1.4,
      1.0,
      4.1,
      1.6,
      1.4,
      1.5,
      1.7,
      0.7,
      1.4,
      1.5,
      0.0,
      1.4,
      1.7,
      1.1,
      1.5,
      1.1,
      0.27
    ],
    [
      0.75,
      1.4,
      3.6,
      0.12,
      0.45,
      4.1,
      0.29,
      0.047,
      1.9,
      0.7,
      0.7,
      0.16,
      0.2,
      1.4,
      0.0,
      0.55,
      0.85,
      1.2,
      0.35,
      1.2
    ],
    [
      0.9,
      1.9,
      3.9,
      0.5,
      0.75,
      4.4,
      0.29,
      0.5,
      2.2,
      1.0,
      1.0,
      0.45,
      0.55,
      1.7,
      0.55,
      0.0,
      1.2,
      1.3,
      0.55,
      1.5
    ],
    [
      1.2,
      0.6,
      4.0,
      0.9,
      0.75,
      4.5,
      1.1,
      0.8,
      1.1,
      0.65,
      0.75,
      0.9,
      0.75,
      1.1,
      0.85,
      1.2,
      0.0,
      1.6,
      0.95,
      0.9
    ],
    [
      0.9,
      2.1,
      3.0,
      1.2,
      0.9,
      3.5,
      1.2,
      1.2,
      2.7,
      1.6,
      1.0,
      1.2,
      1.7,
      1.5,
      1.2,
      1.3,
      1.6,
      0.0,
      1.0,
      1.3
    ],
    [
      0.45,
      1.5,
      3.4,
      0.35,
      0.2,
      3.8,
      0.45,
      0.3,
      2.0,
      0.9,
      0.45,
      0.45,
      0.4,
      1.1,
      0.35,
      0.55,
      0.95,
      1.0,
      0.0,
      0.9
    ],
    [
      1.0,
      0.8,
      3.4,
      1.2,
      0.8,
      3.9,
      1.4,
      1.2,
      NaN,
      1.5,
      0.45,
      1.2,
      1.3,
      0.27,
      1.2,
      1.5,
      0.9,
      1.3,
      0.9,
      0.0
    ]
  ],
  "cycle_time_matrix": [
    [
      0.0,
      22.0,
      40.0,
      11.0,
      7.0,
      45.0,
      11.0,
      10.0,
      NaN,
      15.0,
      7.0,
      10.0,
      9.0,
      15.0,
      11.0,
      12.0,
      15.0,
      10.0,
      5.0,
      13.0
    ],
    [
      22.0,
      0.0,
      53.0,
      19.0,
      17.0,
      59.0,
      21.0,
      18.0,
      12.0,
      17.0,
      15.0,
      19.0,
      13.0,
      7.0,
      19.0,
      26.0,
      8.0,
      26.0,
      19.0,
      10.0
    ],
    [
      40.0,
      53.0,
      0.0,
      47.0,
      42.0,
      5.0,
      49.0,
      46.0,
      63.0,
      51.0,
      42.0,
      47.0,
      47.0,
      46.0,
      47.0,
      51.0,
      50.0,
      38.0,
      42.0,
      44.0
    ],
    [
      11.0,
      19.0,
      47.0,
      0.0,
      6.0,
      50.0,
      2.0,
      1.0,
      24.0,
      9.0,
      9.0,
      1.0,
      4.0,
      18.0,
      1.0,
      6.0,
      11.0,
      15.0,
      5.0,
      15.0
    ],
    [
      7.0,
      17.0,
      42.0,
      6.0,
      0.0,
      46.0,
      9.0,
      6.0,
      NaN,
      9.0,
      4.0,
      7.0,
      7.0,
      12.0,
      6.0,
      11.0,
      8.0,
      11.0,
      3.0,
      10.0
    ],
    [
      45.0,
      59.0,
      5.0,
      50.0,
      46.0,
      0.0,
      54.0,
      51.0,
      68.0,
      56.0,
      47.0,
      52.0,
      52.0,
      51.0,
      52.0,
      56.0,
      55.0,
      43.0,
      47.0,
      49.0
    ],
    [
      11.0,
      21.0,
      49.0,
      2.0,
      9.0,
      54.0,
      0.0,
      3.0,
      25.0,
      10.0,
      11.0,
      2.0,
      4.0,
      19.0,
      3.0,
      4.0,
      13.0,
      15.0,
      5.0,
      16.0
    ],
    [
      10.0,
      18.0,
      46.0,
      1.0,
      6.0,
      51.0,
      3.0,
      0.0,
      24.0,
      9.0,
      9.0,
      1.0,
      3.0,
      11.0,
      1.0,
      6.0,
      10.0,
      15.0,
      5.0,
      11.0
    ],
    [
      NaN,
      12.0,
      63.0,
      24.0,
      NaN,
      68.0,
      25.0,
      24.0,
      0.0,
      17.0,
      NaN,
      26.0,
      22.0,
      19.0,
      26.0,
      29.0,
      14.0,
      34.0,
      26.0,
      NaN
    ],
    [
      15.0,
      17.0,
      51.0,
      9.0,
      9.0,
      56.0,
      10.0,
      9.0,
      17.0,
      0.0,
      14.0,
      11.0,
      7.0,
      22.0,
      10.0,
      14.0,
      8.0,
      21.0,
      12.0,
      15.0
    ],
    [
      7.0,
      15.0,
      42.0,
      9.0,
      4.0,
      47.0,
      11.0,
      9.0,
      NaN,
      14.0,
      0.0,
      11.0,
      11.0,
      8.0,
      10.0,
      15.0,
      9.0,
      12.0,
      6.0,
      6.0
    ],
    [
      10.0,
      19.0,
      47.0,
      1.0,
      7.0,
      52.0,
      2.0,
      1.0,
      26.0,
      11.0,
      11.0,
      0.0,
      4.0,
      18.0,
      2.0,
      6.0,
      12.0,
      14.0,
      5.0,
      16.0
    ],
    [
      9.0,
      13.0,
      47.0,
      4.0,
      7.0,
      52.0,
      4.0,
      3.0,
      22.0,
      7.0,
      11.0,
      4.0,
      0.0,
      18.0,
      3.0,
      8.0,
      9.0,
      17.0,
      5.0,
      16.0
    ],
    [
      15.0,
      7.0,
      46.0,
      18.0,
      12.0,
      51.0,
      19.0,
      11.0,
      19.0,
      22.0,
      8.0,
      18.0,
      18.0,
      0.0,
      19.0,
      23.0,
      14.0,
      19.0,
      15.0,
      3.0
    ],
    [
      11.0,
      19.0,
      47.0,
      1.0,
      6.0,
      52.0,
      3.0,
      1.0,
      26.0,
      10.0,
      10.0,
      2.0,
      3.0,
      19.0,
      0.0,
      7.0,
      11.0,
      15.0,
      5.0,
      15.0
    ],
    [
      12.0,
      26.0,
      51.0,
      6.0,
      11.0,
      56.0,
      4.0,
      6.0,
      29.0,
      14.0,
      15.0,
      6.0,
      8.0,
      23.0,
      7.0,
      0.0,
      14.0,
      16.0,
      6.0,
      18.0
    ],
    [
      15.0,
      8.0,
      50.0,
      11.0,
      8.0,
      55.0,
      13.0,
      10.0,
      14.0,
      8.0,
      9.0,
      12.0,
      9.0,
      14.0,
      11.0,
      14.0,
      0.0,
      20.0,
      11.0,
      11.0
    ],
    [
      10.0,
      26.0,
      38.0,
      15.0,
      11.0,
      43.0,
      15.0,
      15.0,
      34.0,
      21.0,
      12.0,
      14.0,
      17.0,
      19.0,
      15.0,
      16.0,
      20.0,
      0.0,
      12.0,
      16.0
    ],
    [
      5.0,
      19.0,
      42.0,
      5.0,
      3.0,
      47.0,
      5.0,
      5.0,
      26.0,
      12.0,
      6.0,
      5.0,
      5.0,
      15.0,
      5.0,
      6.0,
      11.0,
      12.0,
      0.0,
      11.0
    ],
    [
      13.0,
      10.0,
      44.0,
      15.0,
      10.0,
      49.0,
      16.0,
      11.0,
      NaN,
      15.0,
      6.0,
      16.0,
      16.0,
      3.0,
      15.0,
      18.0,
      11.0,
      16.0,
      11.0,
      0.0
    ]
  ]
}