{
  "drive_dist_matrix": [
    [
      0.0,
      9.6,
      17.8,
      14.3,
      16.7,
      14.2,
      16.4,
      13.3,
      32.4,
      16.3,
      4.8,
      15.9,
      13.5,
      32.8,
      16.0,
      1.2,
      16.7,
      12.6,
      15.7,
      14.8,
      53.6,
      12.8,
      2.5,
      9.1,
      19.2,
      9.6,
      1.8,
      52.6,
      158.0,
      98.1,
      154.0,
      12.5,
      14.1,
      4.7,
      25.7,
      227.0,
      221.0
    ],
    [
      9.6,
      0.0,
      8.2,
      5.4,
      6.8,
      6.0,
      6.4,
      5.1,
      25.1,
      6.4,
      5.9,
      8.6,
      2.9,
      25.5,
      7.2,
      9.8,
      5.9,
      4.6,
      5.5,
      6.2,
      18.6,
      3.9,
      11.2,
      0.85,
      28.0,
      1.3,
      7.4,
      35.3,
      168.0,
      105.0,
      164.0,
      3.4,
      5.8,
      4.3,
      32.1,
      234.0,
      228.0
    ],
    [
      17.8,
      8.2,
      0.0,
      3.0,
      2.5,
      7.0,
      2.2,
      4.5,
      18.1,
      2.1,
      13.8,
      1.0,
      7.0,
      18.6,
      1.1,
      17.4,
      2.5,
      5.6,
      2.9,
      4.7,
      11.9,
      4.5,
      18.8,
      8.4,
      34.6,
      8.9,
      15.4,
      28.4,
      167.0,
      110.0,
      163.0,
      6.2,
      6.0,
      12.4,
      31.7,
      238.0,
      232.0
    ],
    [
      14.3,
      5.4,
      3.0,
      0.0,
      0.9,
      6.3,
      1.0,
      4.3,
      19.9,
      1.7,
      10.5,
      2.6,
      4.0,
      20.4,
      2.2,
      14.323126,
      0.5,
      5.3,
      0.5,
      3.6,
      13.6,
      1.6,
      15.7,
      5.5,
      32.4,
      5.9,
      11.9,
      30.2,
      168.0,
      111.0,
      164.0,
      6.3,
      7.0,
      8.8,
      32.4,
      240.0,
      234.0
    ],
    [
      16.7,
      6.8,
      2.5,
      0.9,
      0.0,
      5.6,
      0.6,
      3.7,
      20.0,
      1.5,
      11.1,
      2.7,
      4.6,
      20.5,
      2.3,
      14.9,
      0.4,
      4.7,
      0.6,
      2.9,
      13.7,
      2.1,
      16.2,
      6.1,
      33.0,
      6.5,
      12.4,
      30.3,
      168.0,
      112.0,
      164.0,
      6.9,
      6.3,
      9.4,
      32.4,
      239.0,
      232.0
    ],
    [
      14.2,
      6.0,
      7.0,
      6.3,
      5.6,
      0.0,
      4.8,
      2.7,
      21.6,
      4.7,
      10.4,
      5.2,
      2.8,
      22.1,
      5.3,
      14.0,
      4.7,
      2.6,
      3.6,
      1.7,
      15.2,
      5.6,
      15.4,
      5.8,
      31.3,
      6.2,
      12.0,
      31.9,
      169.0,
      108.0,
      165.0,
      2.8,
      4.1,
      9.0,
      33.5,
      237.0,
      231.0
    ],
    [
      16.4,
      6.4,
      2.2,
      1.0,
      0.6,
      4.8,
      0.0,
      4.1,
      20.5,
      0.35,
      11.5,
      3.2,
      5.0,
      20.9,
      2.7,
      15.3,
      0.5,
      5.1,
      1.0,
      3.4,
      14.2,
      2.6,
      16.7,
      6.5,
      33.4,
      7.0,
      12.9,
      30.7,
      168.0,
      112.0,
      165.0,
      7.3,
      6.8,
      9.8,
      32.9,
      239.0,
      233.0
    ],
    [
      13.3,
      5.1,
      4.5,
      4.3,
      3.7,
      2.7,
      4.1,
      0.0,
      19.9,
      3.6,
      11.3,
      3.4,
      3.1,
      20.3,
      3.5,
      14.9,
      4.0,
      2.0,
      2.6,
      0.8,
      13.5,
      4.6,
      16.2,
      7.4,
      32.1,
      7.8,
      12.9,
      30.2,
      167.0,
      110.0,
      164.0,
      2.3,
      2.7,
      9.8,
      31.8,
      238.0,
      232.0
    ],
    [
      32.4,
      25.1,
      18.1,
      19.9,
      20.0,
      21.6,
      20.5,
      19.9,
      0.0,
      17.9,
      28.9,
      17.1,
      22.1,
      0.65,
      17.5,
      32.5,
      18.3,
      20.7,
      21.2,
      19.8,
      20.2,
      20.2,
      33.9,
      25.0,
      49.1,
      25.5,
      30.6,
      11.4,
      174.0,
      131.0,
      171.0,
      21.3,
      23.2,
      27.5,
      45.4,
      252.0,
      245.0
    ],
    [
      16.3,
      6.4,
      2.1,
      1.7,
      1.5,
      4.7,
      0.35,
      3.6,
      17.9,
      0.0,
      11.6,
      3.2,
      5.1,
      20.9,
      2.8,
      15.4,
      0.65,
      5.2,
      1.1,
      3.4,
      14.2,
      2.6,
      16.7,
      6.5,
      33.5,
      7.0,
      12.9,
      30.8,
      168.0,
      112.0,
      165.0,
      7.4,
      6.8,
      9.9,
      32.9,
      239.0,
      233.0
    ],
    [
      4.8,
      5.9,
      13.8,
      10.5,
      11.1,
      10.4,
      11.5,
      11.3,
      28.9,
      11.6,
      0.0,
      12.8,
      8.5,
      29.7,
      12.9,
      4.6,
      11.5,
      9.5,
      11.1,
      11.7,
      57.3,
      9.5,
      6.4,
      5.5,
      23.1,
      6.0,
      2.9,
      39.5,
      162.0,
      102.0,
      159.0,
      9.3,
      11.0,
      1.5,
      30.0,
      231.0,
      225.0
    ],
    [
      15.9,
      8.6,
      1.0,
      2.6,
      2.7,
      5.2,
      3.2,
      3.4,
      17.1,
      3.2,
      12.8,
      0.0,
      6.0,
      18.0,
      0.35,
      16.4,
      2.6,
      4.5,
      3.0,
      3.6,
      11.0,
      4.5,
      17.7,
      8.9,
      33.6,
      9.3,
      14.4,
      27.8,
      165.0,
      108.0,
      161.0,
      5.1,
      5.1,
      11.3,
      29.7,
      236.0,
      230.0
    ],
    [
      13.5,
      2.9,
      7.0,
      4.0,
      4.6,
      2.8,
      5.0,
      3.1,
      22.1,
      5.1,
      8.5,
      6.0,
      0.0,
      23.4,
      6.2,
      12.2,
      4.9,
      3.0,
      4.5,
      3.2,
      16.5,
      3.0,
      13.6,
      3.5,
      30.3,
      4.0,
      9.8,
      33.2,
      170.0,
      108.0,
      167.0,
      2.7,
      4.3,
      6.7,
      34.9,
      237.0,
      230.0
    ],
    [
      32.8,
      25.5,
      18.6,
      20.4,
      20.5,
      22.1,
      20.9,
      20.3,
      0.65,
      20.9,
      29.7,
      18.0,
      23.4,
      0.0,
      18.1,
      33.2,
      18.9,
      21.3,
      21.8,
      20.4,
      20.5,
      20.9,
      34.5,
      25.7,
      49.7,
      26.1,
      31.2,
      11.6,
      175.0,
      131.0,
      171.0,
      21.9,
      23.8,
      28.1,
      46.0,
      252.0,
      246.0
    ],
    [
      16.0,
      7.2,
      1.1,
      2.2,
      2.3,
      5.3,
      2.7,
      3.5,
      17.5,
      2.8,
      12.9,
      0.35,
      6.2,
      18.1,
      0.0,
      16.3,
      2.1,
      4.5,
      2.5,
      3.6,
      11.3,
      4.1,
      17.7,
      8.8,
      33.5,
      9.2,
      14.3,
      28.0,
      165.0,
      108.0,
      162.0,
      5.0,
      5.3,
      11.2,
      30.0,
      236.0,
      230.0
    ],
    [
      1.2,
      9.8,
      17.4,
      14.323126,
      14.9,
      14.0,
      15.3,
      14.9,
      32.5,
      15.4,
      4.6,
      16.4,
      12.2,
      33.2,
      16.3,
      0.0,
      17.8,
      13.7,
      16.8,
      15.9,
      54.6,
      13.9,
      1.8,
      10.2,
      18.5,
      10.6,
      2.4,
      53.6,
      159.0,
      98.8,
      155.0,
      13.5,
      15.2,
      5.7,
      26.4,
      228.0,
      222.0
    ],
    [
      16.7,
      5.9,
      2.5,
      0.5,
      0.4,
      4.7,
      0.5,
      4.0,
      18.3,
      0.65,
      11.5,
      2.6,
      4.9,
      18.9,
      2.1,
      17.8,
      0.0,
      4.9,
      0.8,
      3.1,
      13.9,
      2.4,
      16.4,
      6.3,
      33.2,
      6.7,
      12.7,
      30.5,
      168.0,
      112.0,
      164.0,
      7.1,
      6.5,
      9.6,
      32.6,
      239.0,
      233.0
    ],
    [
      12.6,
      4.6,
      5.6,
      5.3,
      4.7,
      2.6,
      5.1,
      2.0,
      20.7,
      5.2,
      9.5,
      4.5,
      3.0,
      21.3,
      4.5,
      13.7,
      4.9,
      0.0,
      3.9,
      2.1,
      14.7,
      5.8,
      14.5,
      5.3,
      28.0,
      5.8,
      11.1,
      31.4,
      164.0,
      105.0,
      161.0,
      1.8,
      1.5,
      8.0,
      28.8,
      234.0,
      228.0
    ],
    [
      15.7,
      5.5,
      2.9,
      0.5,
      0.6,
      3.6,
      1.0,
      2.6,
      21.2,
      1.1,
      11.1,
      3.0,
      4.5,
      21.8,
      2.5,
      16.8,
      0.8,
      3.9,
      0.0,
      2.3,
      13.3,
      2.1,
      18.1,
      6.1,
      34.0,
      6.5,
      12.4,
      29.9,
      168.0,
      111.0,
      164.0,
      4.7,
      5.7,
      9.4,
      32.1,
      238.0,
      232.0
    ],
    [
      14.8,
      6.2,
      4.7,
      3.6,
      2.9,
      1.7,
      3.4,
      0.8,
      19.8,
      3.4,
      11.7,
      3.6,
      3.2,
      20.4,
      3.6,
      15.9,
      3.1,
      2.1,
      2.3,
      0.0,
      13.6,
      3.9,
      15.0,
      5.7,
      30.9,
      6.1,
      11.7,
      30.3,
      167.0,
      110.0,
      164.0,
      2.4,
      3.4,
      8.6,
      32.0,
      238.0,
      232.0
    ],
    [
      53.6,
      18.6,
      11.9,
      13.6,
      13.7,
      15.2,
      14.2,
      13.5,
      20.2,
      14.2,
      57.3,
      11.0,
      16.5,
      20.5,
      11.3,
      54.6,
      13.9,
      14.7,
      13.3,
      13.6,
      0.0,
      15.5,
      54.8,
      55.3,
      68.3,
      55.7,
      53.8,
      9.1,
      167.0,
      123.0,
      163.0,
      15.1,
      50.1,
      56.7,
      57.2,
      265.0,
      259.0
    ],
    [
      12.8,
      3.9,
      4.5,
      1.6,
      2.1,
      5.6,
      2.6,
      4.6,
      20.2,
      2.6,
      9.5,
      4.5,
      3.0,
      20.9,
      4.1,
      13.9,
      2.4,
      5.8,
      2.1,
      3.9,
      15.5,
      0.0,
      14.4,
      4.3,
      31.2,
      4.7,
      10.6,
      33.4,
      170.0,
      110.0,
      166.0,
      5.1,
      6.9,
      7.6,
      34.5,
      239.0,
      233.0
    ],
    [
      2.5,
      11.2,
      18.8,
      15.7,
      16.2,
      15.4,
      16.7,
      16.2,
      33.9,
      16.7,
      6.4,
      17.7,
      13.6,
      34.5,
      17.7,
      1.8,
      16.4,
      14.5,
      18.1,
      15.0,
      54.8,
      14.4,
      0.0,
      11.9,
      19.3,
      12.3,
      4.6,
      55.3,
      160.0,
      100.0,
      157.0,
      15.2,
      16.8,
      7.4,
      28.0,
      229.0,
      223.0
    ],
    [
      9.1,
      0.85,
      8.4,
      5.5,
      6.1,
      5.8,
      6.5,
      7.4,
      25.0,
      6.5,
      5.5,
      8.9,
      3.5,
      25.7,
      8.8,
      10.2,
      6.3,
      5.3,
      6.1,
      5.7,
      55.3,
      4.3,
      11.9,
      0.0,
      27.7,
      0.45,
      7.1,
      36.0,
      165.0,
      105.0,
      161.0,
      4.0,
      6.4,
      4.0,
      32.7,
      234.0,
      228.0
    ],
    [
      19.2,
      28.0,
      34.6,
      32.4,
      33.0,
      31.3,
      33.4,
      32.1,
      49.1,
      33.5,
      23.1,
      33.6,
      30.3,
      49.7,
      33.5,
      18.5,
      33.2,
      28.0,
      34.0,
      30.9,
      68.3,
      31.2,
      19.3,
      27.7,
      0.0,
      28.6,
      20.8,
      67.9,
      151.0,
      95.1,
      148.0,
      29.8,
      28.8,
      23.7,
      19.3,
      214.0,
      208.0
    ],
    [
      9.6,
      1.3,
      8.9,
      5.9,
      6.5,
      6.2,
      7.0,
      7.8,
      25.5,
      7.0,
      6.0,
      9.3,
      4.0,
      26.1,
      9.2,
      10.6,
      6.7,
      5.8,
      6.5,
      6.1,
      55.7,
      4.7,
      12.3,
      0.45,
      28.6,
      0.0,
      7.6,
      36.4,
      165.0,
      105.0,
      162.0,
      4.5,
      6.9,
      4.5,
      33.2,
      234.0,
      228.0
    ],
    [
      1.8,
      7.4,
      15.4,
      11.9,
      12.4,
      12.0,
      12.9,
      12.9,
      30.6,
      12.9,
      2.9,
      14.4,
      9.8,
      31.2,
      14.3,
      2.4,
      12.7,
      11.1,
      12.4,
      11.7,
      53.8,
      10.6,
      4.6,
      7.1,
      20.8,
      7.6,
      0.0,
      53.8,
      160.0,
      100.0,
      156.0,
      10.9,
      12.6,
      3.2,
      27.7,
      229.0,
      223.0
    ],
    [
      52.6,
      35.3,
      28.4,
      30.2,
      30.3,
      31.9,
      30.7,
      30.2,
      11.4,
      30.8,
      39.5,
      27.8,
      33.2,
      11.6,
      28.0,
      53.6,
      30.5,
      31.4,
      29.9,
      30.3,
      9.1,
      33.4,
      55.3,
      36.0,
      67.9,
      36.4,
      53.8,
      0.0,
      167.0,
      124.0,
      164.0,
      31.9,
      33.8,
      38.1,
      57.5,
      265.0,
      259.0
    ],
    [
      158.0,
      168.0,
      167.0,
      168.0,
      168.0,
      169.0,
      168.0,
      167.0,
      174.0,
      168.0,
      162.0,
      165.0,
      170.0,
      175.0,
      165.0,
      159.0,
      168.0,
      164.0,
      168.0,
      167.0,
      167.0,
      170.0,
      160.0,
      165.0,
      151.0,
      165.0,
      160.0,
      167.0,
      0.0,
      84.3,
      6.4,
      165.0,
      162.0,
      162.0,
      138.0,
      217.0,
      249.0
    ],
    [
      98.1,
      105.0,
      110.0,
      111.0,
      112.0,
      108.0,
      112.0,
      110.0,
      131.0,
      112.0,
      102.0,
      108.0,
      108.0,
      131.0,
      108.0,
      98.8,
      112.0,
      105.0,
      111.0,
      110.0,
      123.0,
      110.0,
      100.0,
      105.0,
      95.1,
      105.0,
      100.0,
      124.0,
      84.3,
      0.0,
      79.0,
      107.0,
      106.0,
      104.0,
      83.9,
      177.0,
      171.0
    ],
    [
      154.0,
      164.0,
      163.0,
      164.0,
      164.0,
      165.0,
      165.0,
      164.0,
      171.0,
      165.0,
      159.0,
      161.0,
      167.0,
      171.0,
      162.0,
      155.0,
      164.0,
      161.0,
      164.0,
      164.0,
      163.0,
      166.0,
      157.0,
      161.0,
      148.0,
      162.0,
      156.0,
      164.0,
      6.4,
      79.0,
      0.0,
      161.0,
      158.0,
      159.0,
      134.0,
      214.0,
      246.0
    ],
    [
      12.5,
      3.4,
      6.2,
      6.3,
      6.9,
      2.8,
      7.3,
      2.3,
      21.3,
      7.4,
      9.3,
      5.1,
      2.7,
      21.9,
      5.0,
      13.5,
      7.1,
      1.8,
      4.7,
      2.4,
      15.1,
      5.1,
      15.2,
      4.0,
      29.8,
      4.5,
      10.9,
      31.9,
      165.0,
      107.0,
      161.0,
      0.0,
      2.8,
      6.3,
      33.6,
      235.0,
      228.0
    ],
    [
      14.1,
      5.8,
      6.0,
      7.0,
      6.3,
      4.1,
      6.8,
      2.7,
      23.2,
      6.8,
      11.0,
      5.1,
      4.3,
      23.8,
      5.3,
      15.2,
      6.5,
      1.5,
      5.7,
      3.4,
      50.1,
      6.9,
      16.8,
      6.4,
      28.8,
      6.9,
      12.6,
      33.8,
      162.0,
      106.0,
      158.0,
      2.8,
      0.0,
      9.6,
      28.1,
      234.0,
      228.0
    ],
    [
      4.7,
      4.3,
      12.4,
      8.8,
      9.4,
      9.0,
      9.8,
      9.8,
      27.5,
      9.9,
      1.5,
      11.3,
      6.7,
      28.1,
      11.2,
      5.7,
      9.6,
      8.0,
      9.4,
      8.6,
      56.7,
      7.6,
      7.4,
      4.0,
      23.7,
      4.5,
      3.2,
      38.1,
      162.0,
      104.0,
      159.0,
      6.3,
      9.6,
      0.0,
      30.6,
      232.0,
      226.0
    ],
    [
      25.7,
      32.1,
      31.7,
      32.4,
      32.4,
      33.5,
      32.9,
      31.8,
      45.4,
      32.9,
      30.0,
      29.7,
      34.9,
      46.0,
      30.0,
      26.4,
      32.6,
      28.8,
      32.1,
      32.0,
      57.2,
      34.5,
      28.0,
      32.7,
      19.3,
      33.2,
      27.7,
      57.5,
      138.0,
      83.9,
      134.0,
      33.6,
      28.1,
      30.6,
      0.0,
      210.0,
      204.0
    ],
    [
      227.0,
      234.0,
      238.0,
      240.0,
      239.0,
      237.0,
      239.0,
      238.0,
      252.0,
      239.0,
      231.0,
      236.0,
      237.0,
      252.0,
      236.0,
      228.0,
      239.0,
      234.0,
      238.0,
      238.0,
      265.0,
      239.0,
      229.0,
      234.0,
      214.0,
      234.0,
      229.0,
      265.0,
      217.0,
      177.0,
      214.0,
      235.0,
      234.0,
      232.0,
      210.0,
      0.0,
      83.0
    ],
    [
      221.0,
      228.0,
      232.0,
      234.0,
      232.0,
      231.0,
      233.0,
      232.0,
      245.0,
      233.0,
      225.0,
      230.0,
      230.0,
      246.0,
      230.0,
      222.0,
      233.0,
      228.0,
      232.0,
      232.0,
      259.0,
      233.0,
      223.0,
      228.0,
      208.0,
      228.0,
      223.0,
      259.0,
      249.0,
      171.0,
      246.0,
      228.0,
      228.0,
      226.0,
      204.0,
      83.0,
      0.0
    ]
  ],
  "drive_time_matrix": [
    [
      0.0,
      21.0,
      29.0,
      30.0,
      29.0,
      25.0,
      29.0,
      24.0,
      41.0,
      29.0,
      9.0,
      25.0,
      23.0,
      43.0,
      25.0,
      4.0,
      30.0,
      21.0,
      27.0,
      24.0,
      56.0,
      30.0,
      6.0,
      19.0,
      28.0,
      22.0,
      4.0,
      50.0,
      124.0,
      79.0,
      115.0,
      21.0,
      27.0,
      7.0,
      30.0,
      153.0,
      153.0
    ],
    [
      21.0,
      0.0,
      21.0,
      12.0,
      17.0,
      16.0,
      16.0,
      15.0,
      33.0,
      16.0,
      14.0,
      16.0,
      7.0,
      34.0,
      18.0,
      19.0,
      13.0,
      13.0,
      11.0,
      13.0,
      60.0,
      11.0,
      22.0,
      14.0,
      43.0,
      5.0,
      15.0,
      47.0,
      138.0,
      94.0,
      128.0,
      11.0,
      19.0,
      12.0,
      40.0,
      168.0,
      167.0
    ],
    [
      29.0,
      21.0,
      0.0,
      8.0,
      7.0,
      18.0,
      7.0,
      13.0,
      26.0,
      6.0,
      25.0,
      4.0,
      17.0,
      27.0,
      4.0,
      29.0,
      7.0,
      15.0,
      9.0,
      12.0,
      51.0,
      12.0,
      32.0,
      19.0,
      53.0,
      21.0,
      27.0,
      40.0,
      133.0,
      95.0,
      124.0,
      16.0,
      19.0,
      24.0,
      36.0,
      168.0,
      167.0
    ],
    [
      30.0,
      12.0,
      8.0,
      0.0,
      8.0,
      16.0,
      4.0,
      13.0,
      34.0,
      6.0,
      22.0,
      11.0,
      10.0,
      35.0,
      10.0,
      28.0,
      2.0,
      15.0,
      4.0,
      9.0,
      59.0,
      5.0,
      31.0,
      12.0,
      54.0,
      14.0,
      23.0,
      48.0,
      141.0,
      100.0,
      132.0,
      16.0,
      21.0,
      21.0,
      43.0,
      174.0,
      173.0
    ],
    [
      29.0,
      17.0,
      7.0,
      8.0,
      0.0,
      16.0,
      8.0,
      13.0,
      33.0,
      8.0,
      23.0,
      9.0,
      11.0,
      34.0,
      8.0,
      29.0,
      5.0,
      15.0,
      7.0,
      9.0,
      58.0,
      5.0,
      32.0,
      13.0,
      55.0,
      15.0,
      24.0,
      47.0,
      140.0,
      101.0,
      130.0,
      17.0,
      22.0,
      22.0,
      42.0,
      174.0,
      173.0
    ],
    [
      25.0,
      16.0,
      18.0,
      16.0,
      16.0,
      0.0,
      15.0,
      9.0,
      31.0,
      14.0,
      23.0,
      14.0,
      8.0,
      32.0,
      15.0,
      26.0,
      15.0,
      9.0,
      10.0,
      5.0,
      58.0,
      16.0,
      29.0,
      15.0,
      48.0,
      17.0,
      24.0,
      45.0,
      137.0,
      97.0,
      128.0,
      9.0,
      16.0,
      21.0,
      40.0,
      171.0,
      170.0
    ],
    [
      29.0,
      16.0,
      7.0,
      4.0,
      8.0,
      15.0,
      0.0,
      14.0,
      34.0,
      5.0,
      24.0,
      11.0,
      12.0,
      35.0,
      10.0,
      30.0,
      6.0,
      17.0,
      4.0,
      10.0,
      59.0,
      6.0,
      33.0,
      14.0,
      56.0,
      16.0,
      26.0,
      48.0,
      141.0,
      102.0,
      131.0,
      18.0,
      22.0,
      23.0,
      43.0,
      175.0,
      175.0
    ],
    [
      24.0,
      15.0,
      13.0,
      13.0,
      13.0,
      9.0,
      14.0,
      0.0,
      25.0,
      11.0,
      21.0,
      8.0,
      11.0,
      26.0,
      8.0,
      24.0,
      12.0,
      7.0,
      10.0,
      12.0,
      47.0,
      16.0,
      27.0,
      16.0,
      46.0,
      18.0,
      22.0,
      39.0,
      131.0,
      93.0,
      121.0,
      9.0,
      9.0,
      19.0,
      34.0,
      165.0,
      164.0
    ],
    [
      41.0,
      33.0,
      26.0,
      34.0,
      33.0,
      31.0,
      34.0,
      25.0,
      0.0,
      27.0,
      37.0,
      22.0,
      30.0,
      8.0,
      24.0,
      41.0,
      28.0,
      27.0,
      28.0,
      24.0,
      33.0,
      32.0,
      44.0,
      33.0,
      65.0,
      35.0,
      39.0,
      19.0,
      135.0,
      103.0,
      125.0,
      29.0,
      29.0,
      36.0,
      47.0,
      179.0,
      179.0
    ],
    [
      29.0,
      16.0,
      6.0,
      6.0,
      8.0,
      14.0,
      5.0,
      11.0,
      27.0,
      0.0,
      24.0,
      11.0,
      12.0,
      35.0,
      10.0,
      30.0,
      3.0,
      17.0,
      5.0,
      10.0,
      60.0,
      7.0,
      33.0,
      14.0,
      56.0,
      17.0,
      26.0,
      48.0,
      142.0,
      103.0,
      132.0,
      18.0,
      23.0,
      23.0,
      44.0,
      176.0,
      175.0
    ],
    [
      9.0,
      14.0,
      25.0,
      22.0,
      23.0,
      23.0,
      24.0,
      21.0,
      37.0,
      24.0,
      0.0,
      22.0,
      20.0,
      40.0,
      22.0,
      10.0,
      25.0,
      19.0,
      23.0,
      21.0,
      64.0,
      23.0,
      14.0,
      13.0,
      34.0,
      16.0,
      6.0,
      55.0,
      133.0,
      88.0,
      123.0,
      19.0,
      25.0,
      5.0,
      37.0,
      162.0,
      161.0
    ],
    [
      25.0,
      16.0,
      4.0,
      11.0,
      9.0,
      14.0,
      11.0,
      8.0,
      22.0,
      11.0,
      22.0,
      0.0,
      14.0,
      25.0,
      5.0,
      25.0,
      7.0,
      11.0,
      9.0,
      8.0,
      48.0,
      11.0,
      28.0,
      17.0,
      47.0,
      19.0,
      23.0,
      38.0,
      132.0,
      94.0,
      122.0,
      13.0,
      16.0,
      20.0,
      35.0,
      166.0,
      165.0
    ],
    [
      23.0,
      7.0,
      17.0,
      10.0,
      11.0,
      8.0,
      12.0,
      11.0,
      30.0,
      12.0,
      20.0,
      14.0,
      0.0,
      34.0,
      16.0,
      25.0,
      12.0,
      9.0,
      9.0,
      11.0,
      60.0,
      9.0,
      28.0,
      8.0,
      48.0,
      11.0,
      21.0,
      46.0,
      139.0,
      95.0,
      130.0,
      8.0,
      14.0,
      18.0,
      42.0,
      169.0,
      169.0
    ],
    [
      43.0,
      34.0,
      27.0,
      35.0,
      34.0,
      32.0,
      35.0,
      26.0,
      8.0,
      35.0,
      40.0,
      25.0,
      34.0,
      0.0,
      26.0,
      44.0,
      31.0,
      30.0,
      30.0,
      26.0,
      34.0,
      34.0,
      46.0,
      35.0,
      68.0,
      37.0,
      42.0,
      20.0,
      136.0,
      104.0,
      126.0,
      31.0,
      32.0,
      38.0,
      49.0,
      182.0,
      181.0
    ],
    [
      25.0,
      18.0,
      4.0,
      10.0,
      8.0,
      15.0,
      10.0,
      8.0,
      24.0,
      10.0,
      22.0,
      5.0,
      16.0,
      26.0,
      0.0,
      25.0,
      7.0,
      11.0,
      8.0,
      8.0,
      49.0,
      11.0,
      28.0,
      17.0,
      47.0,
      19.0,
      23.0,
      39.0,
      133.0,
      95.0,
      123.0,
      13.0,
      17.0,
      20.0,
      36.0,
      167.0,
      166.0
    ],
    [
      4.0,
      19.0,
      29.0,
      28.0,
      29.0,
      26.0,
      30.0,
      24.0,
      41.0,
      30.0,
      10.0,
      25.0,
      25.0,
      44.0,
      25.0,
      0.0,
      31.0,
      23.0,
      29.0,
      26.0,
      57.0,
      32.0,
      5.0,
      21.0,
      26.0,
      23.0,
      6.0,
      54.0,
      125.0,
      80.0,
      115.0,
      23.0,
      29.0,
      9.0,
      30.0,
      154.0,
      153.0
    ],
    [
      30.0,
      13.0,
      7.0,
      2.0,
      5.0,
      15.0,
      6.0,
      12.0,
      28.0,
      3.0,
      25.0,
      7.0,
      12.0,
      31.0,
      7.0,
      31.0,
      0.0,
      16.0,
      10.0,
      9.0,
      59.0,
      6.0,
      33.0,
      13.0,
      55.0,
      16.0,
      25.0,
      47.0,
      141.0,
      102.0,
      131.0,
      17.0,
      22.0,
      22.0,
      43.0,
      175.0,
      174.0
    ],
    [
      21.0,
      13.0,
      15.0,
      15.0,
      15.0,
      9.0,
      17.0,
      7.0,
      27.0,
      17.0,
      19.0,
      11.0,
      9.0,
      30.0,
      11.0,
      23.0,
      16.0,
      0.0,
      13.0,
      8.0,
      56.0,
      17.0,
      26.0,
      14.0,
      46.0,
      17.0,
      22.0,
      43.0,
      134.0,
      95.0,
      124.0,
      6.0,
      6.0,
      19.0,
      36.0,
      169.0,
      168.0
    ],
    [
      27.0,
      11.0,
      9.0,
      4.0,
      7.0,
      10.0,
      4.0,
      10.0,
      28.0,
      5.0,
      23.0,
      9.0,
      9.0,
      30.0,
      8.0,
      29.0,
      10.0,
      13.0,
      0.0,
      6.0,
      56.0,
      7.0,
      32.0,
      15.0,
      53.0,
      17.0,
      26.0,
      45.0,
      138.0,
      100.0,
      128.0,
      14.0,
      19.0,
      24.0,
      40.0,
      172.0,
      172.0
    ],
    [
      24.0,
      13.0,
      12.0,
      9.0,
      9.0,
      5.0,
      10.0,
      12.0,
      24.0,
      10.0,
      21.0,
      8.0,
      11.0,
      26.0,
      8.0,
      26.0,
      9.0,
      8.0,
      6.0,
      0.0,
      54.0,
      11.0,
      28.0,
      15.0,
      47.0,
      17.0,
      23.0,
      42.0,
      133.0,
      95.0,
      124.0,
      8.0,
      13.0,
      21.0,
      36.0,
      167.0,
      167.0
    ],
    [
      56.0,
      60.0,
      51.0,
      59.0,
      58.0,
      58.0,
      59.0,
      47.0,
      33.0,
      60.0,
      64.0,
      48.0,
      60.0,
      34.0,
      49.0,
      57.0,
      59.0,
      56.0,
      56.0,
      54.0,
      0.0,
      61.0,
      60.0,
      61.0,
      72.0,
      63.0,
      57.0,
      20.0,
      128.0,
      96.0,
      119.0,
      58.0,
      53.0,
      60.0,
      57.0,
      180.0,
      180.0
    ],
    [
      30.0,
      11.0,
      12.0,
      5.0,
      5.0,
      16.0,
      6.0,
      16.0,
      32.0,
      7.0,
      23.0,
      11.0,
      9.0,
      34.0,
      11.0,
      32.0,
      6.0,
      17.0,
      7.0,
      11.0,
      61.0,
      0.0,
      30.0,
      10.0,
      53.0,
      13.0,
      22.0,
      53.0,
      143.0,
      99.0,
      134.0,
      14.0,
      21.0,
      20.0,
      45.0,
      173.0,
      172.0
    ],
    [
      6.0,
      22.0,
      32.0,
      31.0,
      32.0,
      29.0,
      33.0,
      27.0,
      44.0,
      33.0,
      14.0,
      28.0,
      28.0,
      46.0,
      28.0,
      5.0,
      33.0,
      26.0,
      32.0,
      28.0,
      60.0,
      30.0,
      0.0,
      25.0,
      28.0,
      28.0,
      10.0,
      58.0,
      129.0,
      84.0,
      120.0,
      27.0,
      34.0,
      13.0,
      35.0,
      158.0,
      158.0
    ],
    [
      19.0,
      14.0,
      19.0,
      12.0,
      13.0,
      15.0,
      14.0,
      16.0,
      33.0,
      14.0,
      13.0,
      17.0,
      8.0,
      35.0,
      17.0,
      21.0,
      13.0,
      14.0,
      15.0,
      15.0,
      61.0,
      10.0,
      25.0,
      0.0,
      42.0,
      3.0,
      14.0,
      48.0,
      138.0,
      93.0,
      128.0,
      12.0,
      20.0,
      11.0,
      42.0,
      167.0,
      166.0
    ],
    [
      28.0,
      43.0,
      53.0,
      54.0,
      55.0,
      48.0,
      56.0,
      46.0,
      65.0,
      56.0,
      34.0,
      47.0,
      48.0,
      68.0,
      47.0,
      26.0,
      55.0,
      46.0,
      53.0,
      47.0,
      72.0,
      53.0,
      28.0,
      42.0,
      0.0,
      46.0,
      29.0,
      68.0,
      128.0,
      87.0,
      118.0,
      45.0,
      43.0,
      33.0,
      34.0,
      158.0,
      158.0
    ],
    [
      22.0,
      5.0,
      21.0,
      14.0,
      15.0,
      17.0,
      16.0,
      18.0,
      35.0,
      17.0,
      16.0,
      19.0,
      11.0,
      37.0,
      19.0,
      23.0,
      16.0,
      17.0,
      17.0,
      17.0,
      63.0,
      13.0,
      28.0,
      3.0,
      46.0,
      0.0,
      17.0,
      53.0,
      140.0,
      96.0,
      131.0,
      15.0,
      22.0,
      14.0,
      44.0,
      170.0,
      169.0
    ],
    [
      4.0,
      15.0,
      27.0,
      23.0,
      24.0,
      24.0,
      26.0,
      22.0,
      39.0,
      26.0,
      6.0,
      23.0,
      21.0,
      42.0,
      23.0,
      6.0,
      25.0,
      22.0,
      26.0,
      23.0,
      57.0,
      22.0,
      10.0,
      14.0,
      29.0,
      17.0,
      0.0,
      54.0,
      127.0,
      83.0,
      118.0,
      19.0,
      25.0,
      5.0,
      33.0,
      157.0,
      156.0
    ],
    [
      50.0,
      47.0,
      40.0,
      48.0,
      47.0,
      45.0,
      48.0,
      39.0,
      19.0,
      48.0,
      55.0,
      38.0,
      46.0,
      20.0,
      39.0,
      54.0,
      47.0,
      43.0,
      45.0,
      42.0,
      20.0,
      53.0,
      58.0,
      48.0,
      68.0,
      53.0,
      54.0,
      0.0,
      125.0,
      93.0,
      116.0,
      45.0,
      46.0,
      55.0,
      54.0,
      177.0,
      177.0
    ],
    [
      124.0,
      138.0,
      133.0,
      141.0,
      140.0,
      137.0,
      141.0,
      131.0,
      135.0,
      142.0,
      133.0,
      132.0,
      139.0,
      136.0,
      133.0,
      125.0,
      141.0,
      134.0,
      138.0,
      133.0,
      128.0,
      143.0,
      129.0,
      138.0,
      128.0,
      140.0,
      127.0,
      125.0,
      0.0,
      80.0,
      18.0,
      135.0,
      130.0,
      130.0,
      105.0,
      162.0,
      182.0
    ],
    [
      79.0,
      94.0,
      95.0,
      100.0,
      101.0,
      97.0,
      102.0,
      93.0,
      103.0,
      103.0,
      88.0,
      94.0,
      95.0,
      104.0,
      95.0,
      80.0,
      102.0,
      95.0,
      100.0,
      95.0,
      96.0,
      99.0,
      84.0,
      93.0,
      87.0,
      96.0,
      83.0,
      93.0,
      80.0,
      0.0,
      71.0,
      94.0,
      93.0,
      87.0,
      70.0,
      131.0,
      130.0
    ],
    [
      115.0,
      128.0,
      124.0,
      132.0,
      130.0,
      128.0,
      131.0,
      121.0,
      125.0,
      132.0,
      123.0,
      122.0,
      130.0,
      126.0,
      123.0,
      115.0,
      131.0,
      124.0,
      128.0,
      124.0,
      119.0,
      134.0,
      120.0,
      128.0,
      118.0,
      131.0,
      118.0,
      116.0,
      18.0,
      71.0,
      0.0,
      126.0,
      121.0,
      121.0,
      96.0,
      153.0,
      173.0
    ],
    [
      21.0,
      11.0,
      16.0,
      16.0,
      17.0,
      9.0,
      18.0,
      9.0,
      29.0,
      18.0,
      19.0,
      13.0,
      8.0,
      31.0,
      13.0,
      23.0,
      17.0,
      6.0,
      14.0,
      8.0,
      58.0,
      14.0,
      27.0,
      12.0,
      45.0,
      15.0,
      19.0,
      45.0,
      135.0,
      94.0,
      126.0,
      0.0,
      12.0,
      13.0,
      36.0,
      162.0,
      162.0
    ],
    [
      27.0,
      19.0,
      19.0,
      21.0,
      22.0,
      16.0,
      22.0,
      9.0,
      29.0,
      23.0,
      25.0,
      16.0,
      14.0,
      32.0,
      17.0,
      29.0,
      22.0,
      6.0,
      19.0,
      13.0,
      53.0,
      21.0,
      34.0,
      20.0,
      43.0,
      22.0,
      25.0,
      46.0,
      130.0,
      93.0,
      121.0,
      12.0,
      0.0,
      25.0,
      33.0,
      165.0,
      164.0
    ],
    [
      7.0,
      12.0,
      24.0,
      21.0,
      22.0,
      21.0,
      23.0,
      19.0,
      36.0,
      23.0,
      5.0,
      20.0,
      18.0,
      38.0,
      20.0,
      9.0,
      22.0,
      19.0,
      24.0,
      21.0,
      60.0,
      20.0,
      13.0,
      11.0,
      33.0,
      14.0,
      5.0,
      55.0,
      130.0,
      87.0,
      121.0,
      13.0,
      25.0,
      0.0,
      38.0,
      163.0,
      162.0
    ],
    [
      30.0,
      40.0,
      36.0,
      43.0,
      42.0,
      40.0,
      43.0,
      34.0,
      47.0,
      44.0,
      37.0,
      35.0,
      42.0,
      49.0,
      36.0,
      30.0,
      43.0,
      36.0,
      40.0,
      36.0,
      57.0,
      45.0,
      35.0,
      42.0,
      34.0,
      44.0,
      33.0,
      54.0,
      105.0,
      70.0,
      96.0,
      36.0,
      33.0,
      38.0,
      0.0,
      140.0,
      140.0
    ],
    [
      153.0,
      168.0,
      168.0,
      174.0,
      174.0,
      171.0,
      175.0,
      165.0,
      179.0,
      176.0,
      162.0,
      166.0,
      169.0,
      182.0,
      167.0,
      154.0,
      175.0,
      169.0,
      172.0,
      167.0,
      180.0,
      173.0,
      158.0,
      167.0,
      158.0,
      170.0,
      157.0,
      177.0,
      162.0,
      131.0,
      153.0,
      162.0,
      165.0,
      163.0,
      140.0,
      0.0,
      82.0
    ],
    [
      153.0,
      167.0,
      167.0,
      173.0,
      173.0,
      170.0,
      175.0,
      164.0,
      179.0,
      175.0,
      161.0,
      165.0,
      169.0,
      181.0,
      166.0,
      153.0,
      174.0,
      168.0,
      172.0,
      167.0,
      180.0,
      172.0,
      158.0,
      166.0,
      158.0,
      169.0,
      156.0,
      177.0,
      182.0,
      130.0,
      173.0,
      162.0,
      164.0,
      162.0,
      140.0,
      82.0,
      0.0
    ]
  ],
  "transit_dist_walk_matrix": [
    [
      0.0,
      NaN,
      NaN,
      NaN,
      NaN,
      NaN,
      NaN,
      NaN,
      NaN,
      NaN,
      NaN,
      NaN,
      NaN,
      NaN,
      NaN,
      NaN,
      NaN,
      NaN,
      NaN,
      NaN,
      NaN,
      NaN,
      NaN,
      NaN,
      NaN,
      NaN,
      NaN,
      NaN,
      NaN,
      NaN,
      NaN,
      NaN,
      NaN,
      NaN,
      NaN,
      NaN,
      NaN
    ],
    [
      NaN,
      0.0,
      NaN,
      NaN,
      NaN,
      NaN,
      NaN,
      NaN,
      NaN,
      NaN,
      NaN,
      NaN,
      NaN,
      NaN,
      NaN,
      NaN,
      NaN,
      NaN,
      NaN,
      NaN,
      NaN,
      NaN,
      NaN,
      NaN,
      NaN,
      NaN,
      NaN,
      NaN,
      NaN,
      NaN,
      NaN,
      NaN,
      NaN,
      NaN,
      NaN,
      NaN,
      NaN
    ],
    [
      NaN,
      NaN,
      0.0,
      NaN,
      NaN,
      NaN,
      NaN,
      NaN,
      NaN,
      NaN,
      NaN,
      NaN,
      NaN,
      NaN,
      NaN,
      NaN,
      NaN,
      NaN,
      NaN,
      NaN,
      NaN,
      NaN,
      NaN,
      NaN,
      NaN,
      NaN,
      NaN,
      NaN,
      NaN,
      NaN,
      NaN,
      NaN,
      NaN,
      NaN,
      NaN,
      NaN,
      NaN
    ],
    [
      NaN,
      NaN,
      NaN,
      0.0,
      NaN,
      NaN,
      NaN,
      NaN,
      NaN,
      NaN,
      NaN,
      NaN,
      NaN,
      NaN,
      NaN,
      NaN,
      NaN,
      NaN,
      NaN,
      NaN,
      NaN,
      NaN,
      NaN,
      NaN,
      NaN,
      NaN,
      NaN,
      NaN,
      NaN,
      NaN,
      NaN,
      NaN,
      NaN,
      NaN,
      NaN,
      NaN,
      NaN
    ],
    [
      NaN,
      NaN,
      NaN,
      NaN,
      0.0,
      NaN,
      NaN,
      NaN,
      NaN,
      NaN,
      NaN,
      NaN,
      NaN,
      NaN,
      NaN,
      NaN,
      NaN,
      NaN,
      NaN,
      NaN,
      NaN,
      NaN,
      NaN,
      NaN,
      NaN,
      NaN,
      NaN,
      NaN,
      NaN,
      NaN,
      NaN,
      NaN,
      NaN,
      NaN,
      NaN,
      NaN,
      NaN
    ],
    [
      NaN,
      NaN,
      NaN,
      NaN,
      NaN,
      0.0,
      NaN,
      NaN,
      NaN,
      NaN,
      NaN,
      NaN,
      NaN,
      NaN,
      NaN,
      NaN,
      NaN,
      NaN,
      NaN,
      NaN,
      NaN,
      NaN,
      NaN,
      NaN,
      NaN,
      NaN,
      NaN,
      NaN,
      NaN,
      NaN,
      NaN,
      NaN,
      NaN,
      NaN,
      NaN,
      NaN,
      NaN
    ],
    [
      NaN,
      NaN,
      NaN,
      NaN,
      NaN,
      NaN,
      0.0,
      NaN,
      NaN,
      NaN,
      NaN,
      NaN,
      NaN,
      NaN,
      NaN,
      NaN,
      NaN,
      NaN,
      NaN,
      NaN,
      NaN,
      NaN,
      NaN,
      NaN,
      NaN,
      NaN,
      NaN,
      NaN,
      NaN,
      NaN,
      NaN,
      NaN,
      NaN,
      NaN,
      NaN,
      NaN,
      NaN
    ],
    [
      NaN,
      NaN,
      NaN,
      NaN,
      NaN,
      NaN,
      NaN,
      0.0,
      NaN,
      NaN,
      NaN,
      NaN,
      NaN,
      NaN,
      NaN,
      NaN,
      NaN,
      NaN,
      NaN,
      NaN,
      NaN,
      NaN,
      NaN,
      NaN,
      NaN,
      NaN,
      NaN,
      NaN,
      NaN,
      NaN,
      NaN,
      NaN,
      NaN,
      NaN,
      NaN,
      NaN,
      NaN
    ],
    [
      NaN,
      NaN,
      NaN,
      NaN,
      NaN,
      NaN,
      NaN,
      NaN,
      0.0,
      NaN,
      NaN,
      NaN,
      NaN,
      NaN,
      NaN,
      NaN,
      NaN,
      NaN,
      NaN,
      NaN,
      NaN,
      NaN,
      NaN,
      NaN,
      NaN,
      NaN,
      NaN,
      NaN,
      NaN,
      NaN,
      NaN,
      NaN,
      NaN,
      NaN,
      NaN,
      NaN,
      NaN
    ],
    [
      NaN,
      NaN,
      NaN,
      NaN,
      NaN,
      NaN,
      NaN,
      NaN,
      NaN,
      0.0,
      NaN,
      NaN,
      NaN,
      NaN,
      NaN,
      NaN,
      NaN,
      NaN,
      NaN,
      NaN,
      NaN,
      NaN,
      NaN,
      NaN,
      NaN,
      NaN,
      NaN,
      NaN,
      NaN,
      NaN,
      NaN,
      NaN,
      NaN,
      NaN,
      NaN,
      NaN,
      NaN
    ],
    [
      NaN,
      NaN,
      NaN,
      NaN,
      NaN,
      NaN,
      NaN,
      NaN,
      NaN,
      NaN,
      0.0,
      NaN,
      NaN,
      NaN,
      NaN,
      NaN,
      NaN,
      NaN,
      NaN,
      NaN,
      NaN,
      NaN,
      NaN,
      NaN,
      NaN,
      NaN,
      NaN,
      NaN,
      NaN,
      NaN,
      NaN,
      NaN,
      NaN,
      NaN,
      NaN,
      NaN,
      NaN
    ],
    [
      NaN,
      NaN,
      NaN,
      NaN,
      NaN,
      NaN,
      NaN,
      NaN,
      NaN,
      NaN,
      NaN,
      0.0,
      NaN,
      NaN,
      NaN,
      NaN,
      NaN,
      NaN,
      NaN,
      NaN,
      NaN,
      NaN,
      NaN,
      NaN,
      NaN,
      NaN,
      NaN,
      NaN,
      NaN,
      NaN,
      NaN,
      NaN,
      NaN,
      NaN,
      NaN,
      NaN,
      NaN
    ],
    [
      NaN,
      NaN,
      NaN,
      NaN,
      NaN,
      NaN,
      NaN,
      NaN,
      NaN,
      NaN,
      NaN,
      NaN,
      0.0,
      NaN,
      NaN,
      NaN,
      NaN,
      NaN,
      NaN,
      NaN,
      NaN,
      NaN,
      NaN,
      NaN,
      NaN,
      NaN,
      NaN,
      NaN,
      NaN,
      NaN,
      NaN,
      NaN,
      NaN,
      NaN,
      NaN,
      NaN,
      NaN
    ],
    [
      NaN,
      NaN,
      NaN,
      NaN,
      NaN,
      NaN,
      NaN,
      NaN,
      NaN,
      NaN,
      NaN,
      NaN,
      NaN,
      0.0,
      NaN,
      NaN,
      NaN,
      NaN,
      NaN,
      NaN,
      NaN,
      NaN,
      NaN,
      NaN,
      NaN,
      NaN,
      NaN,
      NaN,
      NaN,
      NaN,
      NaN,
      NaN,
      NaN,
      NaN,
      NaN,
      NaN,
      NaN
    ],
    [
      NaN,
      NaN,
      NaN,
      NaN,
      NaN,
      NaN,
      NaN,
      NaN,
      NaN,
      NaN,
      NaN,
      NaN,
      NaN,
      NaN,
      0.0,
      NaN,
      NaN,
      NaN,
      NaN,
      NaN,
      NaN,
      NaN,
      NaN,
      NaN,
      NaN,
      NaN,
      NaN,
      NaN,
      NaN,
      NaN,
      NaN,
      NaN,
      NaN,
