{
  "drive_dist_matrix": [
    [
      0.0,
      1.8,
      6.8,
      0.8,
      0.29,
      2.9,
      1.8,
      0.12,
      2.9,
      1.0,
      1.1,
      0.55,
      10.8,
      2.9,
      3.1,
      0.27,
      1.0,
      0.45,
      8.9,
      1.5,
      4.4,
      2.9,
      5.7,
      44.1,
      1.0,
      8.5,
      61.9,
      20.5,
      0.8,
      4.8,
      1.2,
      2.2,
      9.2,
      17.5,
      2.9,
      37.6,
      19.2,
      2.3,
      18.0,
      0.098,
      5.8,
      15.2,
      8.1,
      1.8,
      12.9
    ],
    [
      1.8,
      0.0,
      4.9,
      3.1,
      3.8,
      5.4,
      2.7,
      3.7,
      5.1,
      5.7,
      5.9,
      4.7,
      10.7,
      5.1,
      5.6,
      5.3,
      2.8,
      4.5,
      11.1,
      5.5,
      4.2,
      5.1,
      3.9,
      42.3,
      4.4,
      9.3,
      64.1,
      19.0,
      3.8,
      4.6,
      1.5,
      0.85,
      11.4,
      18.0,
      5.1,
      35.8,
      17.4,
      3.0,
      16.2,
      3.5,
      3.9,
      15.9,
      6.2,
      0.007,
      11.1
    ],
    [
      6.8,
      4.9,
      0.0,
      4.6,
      5.8,
      7.4,
      4.7,
      5.7,
      7.1,
      7.7,
      7.9,
      6.7,
      7.6,
      7.1,
      7.6,
      7.3,
      4.9,
      6.5,
      13.1,
      7.5,
      3.8,
      7.1,
      2.2,
      39.1,
      6.4,
      6.2,
      66.1,
      15.5,
      5.8,
      2.6,
      4.4,
      4.0,
      13.4,
      17.5,
      7.1,
      32.6,
      14.3,
      4.4,
      13.0,
      5.5,
      2.2,
      15.2,
      3.1,
      4.6,
      8.0
    ],
    [
      0.8,
      3.1,
      4.6,
      0.0,
      0.65,
      2.3,
      0.45,
      0.85,
      2.7,
      4.0,
      4.2,
      0.23,
      10.2,
      3.4,
      2.5,
      0.9,
      0.45,
      1.6,
      9.4,
      0.9,
      3.7,
      2.7,
      3.6,
      44.6,
      0.85,
      7.8,
      62.0,
      21.0,
      1.5,
      4.1,
      0.65,
      2.4,
      9.7,
      16.4,
      2.7,
      38.1,
      19.4,
      1.2,
      18.5,
      0.75,
      5.9,
      14.0,
      5.9,
      2.0,
      13.1
    ],
    [
      0.29,
      3.8,
      5.8,
      0.65,
      0.0,
      3.1,
      0.85,
      0.4,
      2.8,
      1.1,
      1.3,
      0.45,
      10.7,
      2.8,
      3.3,
      0.55,
      0.9,
      0.6,
      8.8,
      1.4,
      4.3,
      2.8,
      5.6,
      44.0,
      1.0,
      8.4,
      61.8,
      20.4,
      1.0,
      4.7,
      1.1,
      2.1,
      9.1,
      17.4,
      2.8,
      37.5,
      19.1,
      2.1,
      17.9,
      0.27,
      5.6,
      15.1,
      7.9,
      1.7,
      12.8
    ],
    [
      2.9,
      5.4,
      7.4,
      2.3,
      3.1,
      0.0,
      3.6,
      3.2,
      1.8,
      2.3,
      2.4,
      2.0,
      10.7,
      3.5,
      1.9,
      2.6,
      3.8,
      1.8,
      9.5,
      2.8,
      5.4,
      1.7,
      7.5,
      46.0,
      2.8,
      10.7,
      60.5,
      22.3,
      1.6,
      5.8,
      3.3,
      4.0,
      9.8,
      20.3,
      1.8,
      39.4,
      21.1,
      3.8,
      19.8,
      3.0,
      7.6,
      18.0,
      9.9,
      3.6,
      14.8
    ],
    [
      1.8,
      2.7,
      4.7,
      0.45,
      0.85,
      3.6,
      0.0,
      0.9,
      2.6,
      3.2,
      3.4,
      0.45,
      11.0,
      2.6,
      3.1,
      0.95,
      0.013,
      2.0,
      8.6,
      3.0,
      5.3,
      2.6,
      6.6,
      45.0,
      0.55,
      9.4,
      61.6,
      21.4,
      1.3,
      5.7,
      0.22,
      3.1,
      8.9,
      17.7,
      2.6,
      38.5,
      20.2,
      3.8,
      18.9,
      0.8,
      6.7,
      15.3,
      9.0,
      2.7,
      13.9
    ],
    [
      0.12,
      3.7,
      5.7,
      0.85,
      0.4,
      3.2,
      0.9,
      0.0,
      3.0,
      1.1,
      1.2,
      0.65,
      10.9,
      3.0,
      3.2,
      0.15,
      1.1,
      1.2,
      9.0,
      1.2,
      4.5,
      3.0,
      5.8,
      44.2,
      1.2,
      8.6,
      62.0,
      20.6,
      0.8,
      4.9,
      1.6,
      2.3,
      9.3,
      17.6,
      3.0,
      38.6,
      19.3,
      2.4,
      18.1,
      0.22,
      5.9,
      15.3,
      8.2,
      1.9,
      13.0
    ],
    [
      2.9,
      5.1,
      7.1,
      2.7,
      2.8,
      1.8,
      2.6,
      3.0,
      0.0,
      1.5,
      1.7,
      2.1,
      12.3,
      3.2,
      0.45,
      2.7,
      3.4,
      1.7,
      9.2,
      2.9,
      5.7,
      0.0,
      7.2,
      45.6,
      2.5,
      9.8,
      62.1,
      22.0,
      1.1,
      6.1,
      3.0,
      3.7,
      9.4,
      21.9,
      0.35,
      39.1,
      20.7,
      3.6,
      19.5,
      3.1,
      7.3,
      19.6,
      9.5,
      3.3,
      14.4
    ],
    [
      1.0,
      5.7,
      7.7,
      4.0,
      1.1,
      2.3,
      3.2,
      1.1,
      1.5,
      0.0,
      0.13,
      1.8,
      10.6,
      0.7,
      1.7,
      1.2,
      2.3,
      1.0,
      8.2,
      2.6,
      4.7,
      1.5,
      6.1,
      44.5,
      1.3,
      11.5,
      61.2,
      21.2,
      0.7,
      5.1,
      1.8,
      2.6,
      8.4,
      17.3,
      1.5,
      38.8,
      19.6,
      3.4,
      18.4,
      0.9,
      6.1,
      14.9,
      8.4,
      2.2,
      13.3
    ],
    [
      1.1,
      5.9,
      7.9,
      4.2,
      1.3,
      2.4,
      3.4,
      1.2,
      1.7,
      0.13,
      0.0,
      1.4,
      10.2,
      0.8,
      2.3,
      1.4,
      1.9,
      1.1,
      7.8,
      2.2,
      4.3,
      1.7,
      5.7,
      44.1,
      0.9,
      11.1,
      60.8,
      24.5,
      0.8,
      4.7,
      1.4,
      2.2,
      8.0,
      16.9,
      1.7,
      38.4,
      19.2,
      3.0,
      18.0,
      1.0,
      5.7,
      14.5,
      8.0,
      1.8,
      12.9
    ],
    [
      0.55,
      4.7,
      6.7,
      0.23,
      0.45,
      2.0,
      0.45,
      0.65,
      2.1,
      1.8,
      1.4,
      0.0,
      10.3,
      2.6,
      2.7,
      0.65,
      0.55,
      0.9,
      8.6,
      1.0,
      3.9,
      2.5,
      5.4,
      43.8,
      0.65,
      8.0,
      61.6,
      24.2,
      1.3,
      4.3,
      0.75,
      1.9,
      8.8,
      17.1,
      2.5,
      37.3,
      18.9,
      1.8,
      17.7,
      0.55,
      5.4,
      14.7,
      7.7,
      1.5,
      12.6
    ],
    [
      10.8,
      10.7,
      7.6,
      10.2,
      10.7,
      10.7,
      11.0,
      10.9,
      12.3,
      10.6,
      10.2,
      10.3,
      0.0,
      14.2,
      11.1,
      12.8,
      8.6,
      12.0,
      23.6,
      10.2,
      5.6,
      12.4,
      10.1,
      36.0,
      13.5,
      4.1,
      67.4,
      26.1,
      12.3,
      5.9,
      8.5,
      7.7,
      23.9,
      13.6,
      12.4,
      43.2,
      24.8,
      7.3,
      23.6,
      9.5,
      10.1,
      11.2,
      6.2,
      8.6,
      11.8
    ],
    [
      2.9,
      5.1,
      7.1,
      3.4,
      2.8,
      3.5,
      2.6,
      3.0,
      3.2,
      0.7,
      0.8,
      2.6,
      14.2,
      0.0,
      3.2,
      2.9,
      2.7,
      2.0,
      8.6,
      3.1,
      5.2,
      2.6,
      6.5,
      44.9,
      1.7,
      11.9,
      61.6,
      21.3,
      1.3,
      5.6,
      2.3,
      3.0,
      8.9,
      17.7,
      2.1,
      38.4,
      20.0,
      3.8,
      18.8,
      3.4,
      6.5,
      15.4,
      8.8,
      2.6,
      13.7
    ],
    [
      3.1,
      5.6,
      7.6,
      2.5,
      3.3,
      1.9,
      3.1,
      3.2,
      0.45,
      1.7,
      2.3,
      2.7,
      11.1,
      3.2,
      0.0,
      2.8,
      3.9,
      2.0,
      9.7,
      3.0,
      5.9,
      0.45,
      7.7,
      46.1,
      3.0,
      10.7,
      60.5,
      22.5,
      1.3,
      6.2,
      3.5,
      4.2,
      10.0,
      20.3,
      0.13,
      39.6,
      21.2,
      4.2,
      20.0,
      4.6,
      7.8,
      18.0,
      10.1,
      3.8,
      15.0
    ],
    [
      0.27,
      5.3,
      7.3,
      0.9,
      0.55,
      2.6,
      0.95,
      0.15,
      2.7,
      1.2,
      1.4,
      0.65,
      12.8,
      2.9,
      2.8,
      0.0,
      1.1,
      0.55,
      8.7,
      1.2,
      5.3,
      2.6,
      6.7,
      45.1,
      1.2,
      11.0,
      61.7,
      21.8,
      0.75,
      5.7,
      2.4,
      3.2,
      8.9,
      17.7,
      2.6,
      39.4,
      20.2,
      3.8,
      19.0,
      0.35,
      6.7,
      15.4,
      9.0,
      2.8,
      13.9
    ],
    [
      1.0,
      2.8,
      4.9,
      0.45,
      0.9,
      3.8,
      0.013,
      1.1,
      3.4,
      2.3,
      1.9,
      0.55,
      8.6,
      2.7,
      3.9,
      1.1,
      0.0,
      2.0,
      8.6,
      3.0,
      5.3,
      2.6,
      6.6,
      45.0,
      0.55,
      11.0,
      61.6,
      21.4,
      1.3,
      5.7,
      0.21,
      3.1,
      8.9,
      17.7,
      2.6,
      38.5,
      20.1,
      3.7,
      18.9,
      0.9,
      6.7,
      15.3,
      9.0,
      2.7,
      13.9
    ],
    [
      0.45,
      4.5,
      6.5,
      1.6,
      0.6,
      1.8,
      2.0,
      1.2,
      1.7,
      1.0,
      1.1,
      0.9,
      12.0,
      2.0,
      2.0,
      0.55,
      2.0,
      0.0,
      8.2,
      2.6,
      4.8,
      1.7,
      6.2,
      44.6,
      1.1,
      10.6,
      61.2,
      21.0,
      0.7,
      5.2,
      2.0,
      2.7,
      8.4,
      17.2,
      2.1,
      38.1,
      19.7,
      3.3,
      18.5,
      0.35,
      6.2,
      14.9,
      8.5,
      2.3,
      13.4
    ],
    [
      8.9,
      11.1,
      13.1,
      9.4,
      8.8,
      9.5,
      8.6,
      9.0,
      9.2,
      8.2,
      7.8,
      8.6,
      23.6,
      8.6,
      9.7,
      8.7,
      8.6,
      8.2,
      0.0,
      9.1,
      11.2,
      8.7,
      12.5,
      50.9,
      7.8,
      18.0,
      61.0,
      27.3,
      7.4,
      11.6,
      8.3,
      9.0,
      0.35,
      23.7,
      8.6,
      44.4,
      26.0,
      9.8,
      24.8,
      9.4,
      12.6,
      21.4,
      14.9,
      8.6,
      19.8
    ],
    [
      1.5,
      5.5,
      7.5,
      0.9,
      1.4,
      2.8,
      3.0,
      1.2,
      2.9,
      2.6,
      2.2,
      1.0,
      10.2,
      3.1,
      3.0,
      1.2,
      3.0,
      2.6,
      9.1,
      0.0,
      3.7,
      2.6,
      6.5,
      45.3,
      1.8,
      9.2,
      61.6,
      21.3,
      1.5,
      4.1,
      1.8,
      3.0,
      9.6,
      15.9,
      2.6,
      39.3,
      20.0,
      1.5,
      18.8,
      2.1,
      6.6,
      13.6,
      7.2,
      2.6,
      14.5
    ],
    [
      4.4,
      4.2,
      3.8,
      3.7,
      4.3,
      5.4,
      5.3,
      4.5,
      5.7,
      4.7,
      4.3,
      3.9,
      5.6,
      5.2,
      5.9,
      5.3,
      5.3,
      4.8,
      11.2,
      3.7,
      0.0,
      6.4,
      6.1,
      43.4,
      6.1,
      4.9,
      61.7,
      19.7,
      5.0,
      1.4,
      2.9,
      3.4,
      13.1,
      14.4,
      6.4,
      36.8,
      18.5,
      1.7,
      17.2,
      4.0,
      6.1,
      12.0,
      4.3,
      3.0,
      12.9
    ],
    [
      2.9,
      5.1,
      7.1,
      2.7,
      2.8,
      1.7,
      2.6,
      3.0,
      0.0,
      1.5,
      1.7,
      2.5,
      12.4,
      2.6,
      0.45,
      2.6,
      2.6,
      1.7,
      8.7,
      2.6,
      6.4,
      0.0,
      7.2,
      45.6,
      2.5,
      10.6,
      62.1,
      22.0,
      1.1,
      6.1,
      3.0,
      3.7,
      9.4,
      17.3,
      0.35,
      39.1,
      20.7,
      3.6,
      19.5,
      4.1,
      7.3,
      14.9,
      9.5,
      3.3,
      14.4
    ],
    [
      5.7,
      3.9,
      2.2,
      3.6,
      5.6,
      7.5,
      6.6,
      5.8,
      7.2,
      6.1,
      5.7,
      5.4,
      10.1,
      6.5,
      7.7,
      6.7,
      6.6,
      6.2,
      12.5,
      6.5,
      6.1,
      7.2,
      0.0,
      41.0,
      4.2,
      8.0,
      63.9,
      17.7,
      3.6,
      4.4,
      2.2,
      1.7,
      11.2,
      17.8,
      4.9,
      34.5,
      16.1,
      2.8,
      14.9,
      3.3,
      1.9,
      15.5,
      4.4,
      2.4,
      9.8
    ],
    [
      44.1,
      42.3,
      39.1,
      44.6,
      44.0,
      46.0,
      45.0,
      44.2,
      45.6,
      44.5,
      44.1,
      43.8,
      36.0,
      44.9,
      46.1,
      45.1,
      45.0,
      44.6,
      50.9,
      45.3,
      43.4,
      45.6,
      41.0,
      0.0,
      44.7,
      34.7,
      99.9,
      42.5,
      44.1,
      40.9,
      42.7,
      42.3,
      51.7,
      40.8,
      45.4,
      38.5,
      27.4,
      42.7,
      28.9,
      43.8,
      40.5,
      37.6,
      37.9,
      42.9,
      33.6
    ],
    [
      1.0,
      4.4,
      6.4,
      0.85,
      1.0,
      2.8,
      0.55,
      1.2,
      2.5,
      1.3,
      0.9,
      0.65,
      13.5,
      1.7,
      3.0,
      1.2,
      0.55,
      1.1,
      7.8,
      1.8,
      6.1,
      2.5,
      4.2,
      44.7,
      0.0,
      8.8,
      62.2,
      23.6,
      1.9,
      3.8,
      0.7,
      1.3,
      9.5,
      17.3,
      3.2,
      37.5,
      18.3,
      2.2,
      17.1,
      1.0,
      4.8,
      15.9,
      7.1,
      0.85,
      12.0
    ],
    [
      8.5,
      9.3,
      6.2,
      7.8,
      8.4,
      10.7,
      9.4,
      8.6,
      9.8,
      11.5,
      11.1,
      8.0,
      4.1,
      11.9,
      10.7,
      11.0,
      11.0,
      10.6,
      18.0,
      9.2,
      4.9,
      10.6,
      8.0,
      34.7,
      8.8,
      0.0,
      66.2,
      21.2,
      9.5,
      5.1,
      7.4,
      7.5,
      17.6,
      17.2,
      10.9,
      38.3,
      19.9,
      6.2,
      18.7,
      8.5,
      7.6,
      14.9,
      3.0,
      7.6,
      14.3
    ],
    [
      61.9,
      64.1,
      66.1,
      62.0,
      61.8,
      60.5,
      61.6,
      62.0,
      62.1,
      61.2,
      60.8,
      61.6,
      67.4,
      61.6,
      60.5,
      61.7,
      61.6,
      61.2,
      61.0,
      61.6,
      61.7,
      62.1,
      63.9,
      99.9,
      62.2,
      66.2,
      0.0,
      83.4,
      60.2,
      63.7,
      61.1,
      61.8,
      53.1,
      70.9,
      61.4,
      101.0,
      82.2,
      61.7,
      80.9,
      62.2,
      65.4,
      68.5,
      67.7,
      61.4,
      76.6
    ],
    [
      20.5,
      19.0,
      15.5,
      21.0,
      20.4,
      22.3,
      21.4,
      20.6,
      22.0,
      21.2,
      24.5,
      24.2,
      26.1,
      21.3,
      22.5,
      21.8,
      21.4,
      21.0,
      27.3,
      21.3,
      19.7,
      22.0,
      17.7,
      42.5,
      23.6,
      21.2,
      83.4,
      0.0,
      25.2,
      22.1,
      23.9,
      23.4,
      32.8,
      37.1,
      26.5,
      20.3,
      9.8,
      23.8,
      11.9,
      25.0,
      15.9,
      34.8,
      19.1,
      24.0,
      14.7
    ],
    [
      0.8,
      3.8,
      5.8,
      1.5,
      1.0,
      1.6,
      1.3,
      0.8,
      1.1,
      0.7,
      0.8,
      1.3,
      12.3,
      1.3,
      1.3,
      0.75,
      1.3,
      0.7,
      7.4,
      1.5,
      5.0,
      1.1,
      3.6,
      44.1,
      1.9,
      9.5,
      60.2,
      25.2,
      0.0,
      5.0,
      1.7,
      2.4,
      8.2,
      16.4,
      1.3,
      37.8,
      19.4,
      2.5,
      18.2,
      0.7,
      6.0,
      14.0,
      8.3,
      2.0,
      13.2
    ],
    [
      4.8,
      4.6,
      2.6,
      4.1,
      4.7,
      5.8,
      5.7,
      4.9,
      6.1,
      5.1,
      4.7,
      4.3,
      5.9,
      5.6,
      6.2,
      5.7,
      5.7,
      5.2,
      11.6,
      4.1,
      1.4,
      6.1,
      4.4,
      40.9,
      3.8,
      5.1,
      63.7,
      22.1,
      5.0,
      0.0,
      3.3,
      2.9,
      12.3,
      15.5,
      7.5,
      34.9,
      16.5,
      2.9,
      15.3,
      5.2,
      4.2,
      13.2,
      3.7,
      3.4,
      10.9
    ],
    [
      1.2,
      1.5,
      4.4,
      0.65,
      1.1,
      3.3,
      0.22,
      1.6,
      3.0,
      1.8,
      1.4,
      0.75,
      8.5,
      2.3,
      3.5,
      2.4,
      0.21,
      2.0,
      8.3,
      1.8,
      2.9,
      3.0,
      2.2,
      42.7,
      0.7,
      7.4,
      61.1,
      23.9,
      1.7,
      3.3,
      0.0,
      1.2,
      8.9,
      18.2,
      2.6,
      37.5,
      18.2,
      3.8,
      17.0,
      1.1,
      4.7,
      15.4,
      7.1,
      1.5,
      11.9
    ],
    [
      2.2,
      0.85,
      4.0,
      2.4,
      2.1,
      4.0,
      3.1,
      2.3,
      3.7,
      2.6,
      2.2,
      1.9,
      7.7,
      3.0,
      4.2,
      3.2,
      3.1,
      2.7,
      9.0,
      3.0,
      3.4,
      3.7,
      1.7,
      42.3,
      1.3,
      7.5,
      61.8,
      23.4,
      2.4,
      2.9,
      1.2,
      0.0,
      11.0,
      17.8,
      4.7,
      36.3,
      17.0,
      2.6,
      15.8,
      3.1,
      3.5,
      15.5,
      5.9,
      0.85,
      10.7
    ],
    [
      9.2,
      11.4,
      13.4,
      9.7,
      9.1,
      9.8,
      8.9,
      9.3,
      9.4,
      8.4,
      8.0,
      8.8,
      23.9,
      8.9,
      10.0,
      8.9,
      8.9,
      8.4,
      0.35,
      9.6,
      13.1,
      9.4,
      11.2,
      51.7,
      9.5,
      17.6,
      53.1,
      32.8,
      8.2,
      12.3,
      8.9,
      11.0,
      0.0,
      29.1,
      9.0,
      44.8,
      26.4,
      10.2,
      25.2,
      9.8,
      12.9,
      26.8,
      15.2,
      9.0,
      20.1
    ],
    [
      17.5,
      18.0,
      17.5,
      16.4,
      17.4,
      20.3,
      17.7,
      17.6,
      21.9,
      17.3,
      16.9,
      17.1,
      13.6,
      17.7,
      20.3,
      17.7,
      17.7,
      17.2,
      23.7,
      15.9,
      14.4,
      17.3,
      17.8,
      40.8,
      17.3,
      17.2,
      70.9,
      37.1,
      16.4,
      15.5,
      18.2,
      17.8,
      29.1,
      0.0,
      21.6,
      48.8,
      30.5,
      16.9,
      29.2,
      17.9,
      20.2,
      5.4,
      17.7,
      18.0,
      24.9
    ],
    [
      2.9,
      5.1,
      7.1,
      2.7,
      2.8,
      1.8,
      2.6,
      3.0,
      0.35,
      1.5,
      1.7,
      2.5,
      12.4,
      2.1,
      0.13,
      2.6,
      2.6,
      2.1,
      8.6,
      2.6,
      6.4,
      0.35,
      4.9,
      45.4,
      3.2,
      10.9,
      61.4,
      26.5,
      1.3,
      7.5,
      2.6,
      4.7,
      9.0,
      21.6,
      0.0,
      39.1,
      20.7,
      3.6,
      19.5,
      4.1,
      7.2,
      14.9,
      9.5,
      3.3,
      14.4
    ],
    [
      37.6,
      35.8,
      32.6,
      38.1,
      37.5,
      39.4,
      38.5,
      38.6,
      39.1,
      38.8,
      38.4,
      37.3,
      43.2,
      38.4,
      39.6,
      39.4,
      38.5,
      38.1,
      44.4,
      39.3,
      36.8,
      39.1,
      34.5,
      38.5,
      37.5,
      38.3,
      101.0,
      20.3,
      37.8,
      34.9,
      37.5,
      36.3,
      44.8,
      48.8,
      39.1,
      0.0,
      25.0,
      38.8,
      27.1,
      39.9,
      33.5,
      49.7,
      34.0,
      39.0,
      29.6
    ],
    [
      19.2,
      17.4,
      14.3,
      19.4,
      19.1,
      21.1,
      20.2,
      19.3,
      20.7,
      19.6,
      19.2,
      18.9,
      24.8,
      20.0,
      21.2,
      20.2,
      20.1,
      19.7,
      26.0,
      20.0,
      18.5,
      20.7,
      16.1,
      27.4,
      18.3,
      19.9,
      82.2,
      9.8,
      19.4,
      16.5,
      18.2,
      17.0,
      26.4,
      30.5,
      20.7,
      25.0,
      0.0,
      18.5,
      2.7,
      19.7,
      16.3,
      26.0,
      13.8,
      18.7,
      9.4
    ],
    [
      2.3,
      3.0,
      4.4,
      1.2,
      2.1,
      3.8,
      3.8,
      2.4,
      3.6,
      3.4,
      3.0,
      1.8,
      7.3,
      3.8,
      4.2,
      3.8,
      3.7,
      3.3,
      9.8,
      1.5,
      1.7,
      3.6,
      2.8,
      42.7,
      2.2,
      6.2,
      61.7,
      23.8,
      2.5,
      2.9,
      3.8,
      2.6,
      10.2,
      16.9,
      3.6,
      38.8,
      18.5,
      0.0,
      15.9,
      2.8,
      5.8,
      12.9,
      5.7,
      1.8,
      11.6
    ],
    [
      18.0,
      16.2,
      13.0,
      18.5,
      17.9,
      19.8,
      18.9,
      18.1,
      19.5,
      18.4,
      18.0,
      17.7,
      23.6,
      18.8,
      20.0,
      19.0,
      18.9,
      18.5,
      24.8,
      18.8,
      17.2,
      19.5,
      14.9,
      28.9,
      17.1,
      18.7,
      80.9,
      11.9,
      18.2,
      15.3,
      17.0,
      15.8,
      25.2,
      29.2,
      19.5,
      27.1,
      2.7,
      15.9,
      0.0,
      18.5,
      15.1,
      24.8,
      12.5,
      17.5,
      8.2
    ],
    [
      0.098,
      3.5,
      5.5,
      0.75,
      0.27,
      3.0,
      0.8,
      0.22,
      3.1,
      0.9,
      1.0,
      0.55,
      9.5,
      3.4,
      4.6,
      0.35,
      0.9,
      0.35,
      9.4,
      2.1,
      4.0,
      4.1,
      3.3,
      43.8,
      1.0,
      8.5,
      62.2,
      25.0,
      0.7,
      5.2,
      1.1,
      3.1,
      9.8,
      17.9,
      4.1,
      39.9,
      19.7,
      2.8,
      18.5,
      0.0,
      5.7,
      15.2,
      8.0,
      1.8,
      12.9
    ],
    [
      5.8,
      3.9,
      2.2,
      5.9,
      5.6,
      7.6,
      6.7,
      5.9,
      7.3,
      6.1,
      5.7,
      5.4,
      10.1,
      6.5,
      7.8,
      6.7,
      6.7,
      6.2,
      12.6,
      6.6,
      6.1,
      7.3,
      1.9,
      40.5,
      4.8,
      7.6,
      65.4,
      15.9,
      6.0,
      4.2,
      4.7,
      3.5,
      12.9,
      20.2,
      7.2,
      33.5,
      16.3,
      5.8,
      15.1,
      5.7,
      0.0,
      16.6,
      4.6,
      5.4,
      9.5
    ],
    [
      15.2,
      15.9,
      15.2,
      14.0,
      15.1,
      18.0,
      15.3,
      15.3,
      19.6,
      14.9,
      14.5,
      14.7,
      11.2,
      15.4,
      18.0,
      15.4,
      15.3,
      14.9,
      21.4,
      13.6,
      12.0,
      14.9,
      15.5,
      37.6,
      15.9,
      14.9,
      68.5,
      34.8,
      14.0,
      13.2,
      15.4,
      15.5,
      26.8,
      5.4,
      14.9,
      49.7,
      26.0,
      12.9,
      24.8,
      15.2,
      16.6,
      0.0,
      15.2,
      21.0,
      22.4
    ],
    [
      8.1,
      6.2,
      3.1,
      5.9,
      7.9,
      9.9,
      9.0,
      8.2,
      9.5,
      8.4,
      8.0,
      7.7,
      6.2,
      8.8,
      10.1,
      9.0,
      9.0,
      8.5,
      14.9,
      7.2,
      4.3,
      9.5,
      4.4,
      37.9,
      7.1,
      3.0,
      67.7,
      19.1,
      8.3,
      3.7,
      7.1,
      5.9,
      15.2,
      17.7,
      9.5,
      34.0,
      13.8,
      5.7,
      12.5,
      8.0,
      4.6,
      15.2,
      0.0,
      5.8,
      8.2
    ],
    [
      1.8,
      0.007,
      4.6,
      2.0,
      1.7,
      3.6,
      2.7,
      1.9,
      3.3,
      2.2,
      1.8,
      1.5,
      8.6,
      2.6,
      3.8,
      2.8,
      2.7,
      2.3,
      8.6,
      2.6,
      3.0,
      3.3,
      2.4,
      42.9,
      0.85,
      7.6,
      61.4,
      24.0,
      2.0,
      3.4,
      1.5,
      0.85,
      9.0,
      18.0,
      3.3,
      39.0,
      18.7,
      1.8,
      17.5,
      1.8,
      5.4,
      21.0,
      5.8,
      0.0,
      11.1
    ],
    [
      12.9,
      11.1,
      8.0,
      13.1,
      12.8,
      14.8,
      13.9,
      13.0,
      14.4,
      13.3,
      12.9,
      12.6,
      11.8,
      13.7,
      15.0,
      13.9,
      13.9,
      13.4,
      19.8,
      14.5,
      12.9,
      14.4,
      9.8,
      33.6,
      12.0,
      14.3,
      76.6,
      14.7,
      13.2,
      10.9,
      11.9,
      10.7,
      20.1,
      24.9,
      14.4,
      29.6,
      9.4,
      11.6,
      8.2,
      12.9,
      9.5,
      22.4,
      8.2,
      11.1,
      0.0
    ]
  ],
  "drive_time_matrix": [
    [
      0.0,
      7.0,
      16.0,
      10.0,
      3.0,
      9.0,
      9.0,
      2.0,
      10.0,
      12.0,
      14.0,
      7.0,
      27.0,
      8.0,
      10.0,
      4.0,
      13.0,
      6.0,
      15.0,
      7.0,
      14.0,
      10.0,
      12.0,
      42.0,
      6.0,
      24.0,
      57.0,
      32.0,
      11.0,
      15.0,
      15.0,
      7.0,
      16.0,
      31.0,
      10.0,
      39.0,
      29.0,
      7.0,
      29.0,
      1.0,
      13.0,
      29.0,
      19.0,
      7.0,
      23.0
    ],
    [
      7.0,
      0.0,
      9.0,
      11.0,
      10.0,
      11.0,
      6.0,
      10.0,
      11.0,
      10.0,
      10.0,
      10.0,
      27.0,
      9.0,
      12.0,
      13.0,
      7.0,
      10.0,
      16.0,
      13.0,
      13.0,
      11.0,
      5.0,
      36.0,
      9.0,
      18.0,
      58.0,
      27.0,
      8.0,
      14.0,
      20.0,
      11.0,
      17.0,
      34.0,
      11.0,
      32.0,
      22.0,
      9.0,
      22.0,
      9.0,
      6.0,
      32.0,
      12.0,
      1.0,
      17.0
    ],
    [
      16.0,
      9.0,
      0.0,
      15.0,
      13.0,
      15.0,
      10.0,
      13.0,
      15.0,
      14.0,
      14.0,
      13.0,
      23.0,
      13.0,
      15.0,
      17.0,
      11.0,
      14.0,
      19.0,
      16.0,
      12.0,
      15.0,
      3.0,
      31.0,
      12.0,
      14.0,
      62.0,
      22.0,
      11.0,
      9.0,
      9.0,
      7.0,
      20.0,
      33.0,
      15.0,
      28.0,
      18.0,
      13.0,
      18.0,
      12.0,
      4.0,
      31.0,
      8.0,
      9.0,
      12.0
    ],
    [
      10.0,
      11.0,
      15.0,
      0.0,
      8.0,
      6.0,
      6.0,
      12.0,
      10.0,
      11.0,
      11.0,
      3.0,
      23.0,
      10.0,
      7.0,
      12.0,
      6.0,
      8.0,
      16.0,
      13.0,
      11.0,
      10.0,
      14.0,
      44.0,
      10.0,
      20.0,
      55.0,
      34.0,
      7.0,
      12.0,
      9.0,
      9.0,
      17.0,
      28.0,
      10.0,
      40.0,
      31.0,
      15.0,
      30.0,
      10.0,
      15.0,
      26.0,
      21.0,
      9.0,
      26.0
    ],
    [
      3.0,
      10.0,
      13.0,
      8.0,
      0.0,
      8.0,
      11.0,
      6.0,
      9.0,
      15.0,
      16.0,
      5.0,
      25.0,
      7.0,
      10.0,
      8.0,
      11.0,
      8.0,
      14.0,
      6.0,
      13.0,
      9.0,
      10.0,
      41.0,
      12.0,
      22.0,
      56.0,
      32.0,
      13.0,
      14.0,
      14.0,
      6.0,
      14.0,
      30.0,
      9.0,
      38.0,
      28.0,
      6.0,
      28.0,
      4.0,
      12.0,
      27.0,
      19.0,
      6.0,
      23.0
    ],
    [
      9.0,
      11.0,
      15.0,
      6.0,
      8.0,
      0.0,
      8.0,
      11.0,
      4.0,
      16.0,
      17.0,
      5.0,
      20.0,
      6.0,
      25.0,
      8.0,
      9.0,
      16.0,
      12.0,
      8.0,
      13.0,
      23.0,
      11.0,
      42.0,
      5.0,
      21.0,
      51.0,
      32.0,
      14.0,
      14.0,
      7.0,
      7.0,
      13.0,
      24.0,
      24.0,
      38.0,
      28.0,
      7.0,
      28.0,
      10.0,
      13.0,
      22.0,
      19.0,
      6.0,
      23.0
    ],
    [
      9.0,
      6.0,
      10.0,
      6.0,
      11.0,
      8.0,
      0.0,
      12.0,
      7.0,
      5.0,
      5.0,
      5.0,
      25.0,
      4.0,
      7.0,
      13.0,
      1.0,
      5.0,
      11.0,
      8.0,
      15.0,
      6.0,
      10.0,
      41.0,
      7.0,
      24.0,
      53.0,
      31.0,
      3.0,
      16.0,
      3.0,
      5.0,
      12.0,
      29.0,
      6.0,
      38.0,
      28.0,
      8.0,
      28.0,
      10.0,
      11.0,
      27.0,
      18.0,
      5.0,
      22.0
    ],
    [
      2.0,
      10.0,
      13.0,
      12.0,
      6.0,
      11.0,
      12.0,
      0.0,
      11.0,
      13.0,
      15.0,
      7.0,
      26.0,
      9.0,
      11.0,
      2.0,
      13.0,
      7.0,
      16.0,
      16.0,
      15.0,
      11.0,
      12.0,
      43.0,
      14.0,
      24.0,
      58.0,
      33.0,
      9.0,
      16.0,
      8.0,
      8.0,
      16.0,
      30.0,
      11.0,
      40.0,
      30.0,
      8.0,
      29.0,
      3.0,
      14.0,
      28.0,
      20.0,
      7.0,
      24.0
    ],
    [
      10.0,
      11.0,
      15.0,
      10.0,
      9.0,
      4.0,
      7.0,
      11.0,
      0.0,
      18.0,
      19.0,
      6.0,
      24.0,
      6.0,
      6.0,
      9.0,
      10.0,
      21.0,
      13.0,
      9.0,
      16.0,
      1.0,
      12.0,
      43.0,
      6.0,
      25.0,
      55.0,
      33.0,
      14.0,
      17.0,
      7.0,
      7.0,
      14.0,
      29.0,
      5.0,
      39.0,
      29.0,
      9.0,
      29.0,
      11.0,
      13.0,
      26.0,
      19.0,
      7.0,
      24.0
    ],
    [
      12.0,
      10.0,
      14.0,
      11.0,
      15.0,
      16.0,
      5.0,
      13.0,
      18.0,
      0.0,
      2.0,
      5.0,
      25.0,
      9.0,
      26.0,
      18.0,
      7.0,
      13.0,
      11.0,
      8.0,
      15.0,
      24.0,
      9.0,
      40.0,
      3.0,
      23.0,
      53.0,
      31.0,
      10.0,
      16.0,
      5.0,
      5.0,
      11.0,
      30.0,
      24.0,
      36.0,
      27.0,
      8.0,
      26.0,
      12.0,
      10.0,
      27.0,
      16.0,
      4.0,
      21.0
    ],
    [
      14.0,
      10.0,
      14.0,
      11.0,
      16.0,
      17.0,
      5.0,
      15.0,
      19.0,
      2.0,
      0.0,
      4.0,
      24.0,
      11.0,
      6.0,
      19.0,
      6.0,
      15.0,
      9.0,
      6.0,
      13.0,
      25.0,
      8.0,
      39.0,
      2.0,
      21.0,
      52.0,
      30.0,
      11.0,
      14.0,
      3.0,
      3.0,
      10.0,
      28.0,
      26.0,
      35.0,
      25.0,
      7.0,
      25.0,
      14.0,
      9.0,
      26.0,
      15.0,
      3.0,
      20.0
    ],
    [
      7.0,
      10.0,
      13.0,
      3.0,
      5.0,
      5.0,
      5.0,
      7.0,
      6.0,
      5.0,
      4.0,
      0.0,
      23.0,
      7.0,
      8.0,
      10.0,
      7.0,
      5.0,
      13.0,
      14.0,
      11.0,
      9.0,
      9.0,
      40.0,
      8.0,
      21.0,
      56.0,
      31.0,
      5.0,
      12.0,
      10.0,
      5.0,
      14.0,
      27.0,
      9.0,
      37.0,
      26.0,
      4.0,
      26.0,
      7.0,
      11.0,
      25.0,
      16.0,
      4.0,
      21.0
    ],
    [
      27.0,
      27.0,
      23.0,
      23.0,
      25.0,
      20.0,
      25.0,
      26.0,
      24.0,
      25.0,
      24.0,
      23.0,
      0.0,
      27.0,
      22.0,
      29.0,
      32.0,
      25.0,
      30.0,
      27.0,
      17.0,
      25.0,
      23.0,
      51.0,
      26.0,
      13.0,
      61.0,
      38.0,
      24.0,
      20.0,
      28.0,
      28.0,
      31.0,
      23.0,
      24.0,
      44.0,
      33.0,
      24.0,
      33.0,
      30.0,
      24.0,
      20.0,
      20.0,
      29.0,
      28.0
    ],
    [
      8.0,
      9.0,
      13.0,
      10.0,
      7.0,
      6.0,
      4.0,
      9.0,
      6.0,
      9.0,
      11.0,
      7.0,
      27.0,
      0.0,
      7.0,
      8.0,
      7.0,
      5.0,
      10.0,
      8.0,
      15.0,
      6.0,
      8.0,
      39.0,
      2.0,
      22.0,
      52.0,
      29.0,
      2.0,
      16.0,
      4.0,
      4.0,
      11.0,
      27.0,
      31.0,
      36.0,
      26.0,
      7.0,
      26.0,
      7.0,
      10.0,
      25.0,
      16.0,
      3.0,
      21.0
    ],
    [
      10.0,
      12.0,
      15.0,
      7.0,
      10.0,
      25.0,
      7.0,
      11.0,
      6.0,
      26.0,
      6.0,
      8.0,
      22.0,
      7.0,
      0.0,
      9.0,
      10.0,
      6.0,
      13.0,
      8.0,
      14.0,
      6.0,
      12.0,
      43.0,
      6.0,
      21.0,
      51.0,
      33.0,
      15.0,
      15.0,
      7.0,
      7.0,
      14.0,
      24.0,
      2.0,
      40.0,
      30.0,
      8.0,
      30.0,
      11.0,
      13.0,
      22.0,
      20.0,
      7.0,
      25.0
    ],
    [
      4.0,
      13.0,
      17.0,
      12.0,
      8.0,
      8.0,
      13.0,
      2.0,
      9.0,
      18.0,
      19.0,
      10.0,
      29.0,
      8.0,
      9.0,
      0.0,
      14.0,
      7.0,
      14.0,
      16.0,
      19.0,
      9.0,
      13.0,
      44.0,
      15.0,
      27.0,
      56.0,
      35.0,
      9.0,
      20.0,
      8.0,
      8.0,
      14.0,
      30.0,
      9.0,
      40.0,
      30.0,
      11.0,
      30.0,
      5.0,
      14.0,
      28.0,
      21.0,
      8.0,
      25.0
    ],
    [
      13.0,
      7.0,
      11.0,
      6.0,
      11.0,
      9.0,
      1.0,
      13.0,
      10.0,
      7.0,
      6.0,
      7.0,
      32.0,
      7.0,
      10.0,
      14.0,
      0.0,
      5.0,
      11.0,
      8.0,
      16.0,
      6.0,
      10.0,
      41.0,
      7.0,
      25.0,
      54.0,
      31.0,
      3.0,
      18.0,
      3.0,
      5.0,
      12.0,
      28.0,
      6.0,
      37.0,
      27.0,
      8.0,
      27.0,
      11.0,
      11.0,
      25.0,
      19.0,
      5.0,
      23.0
    ],
    [
      6.0,
      10.0,
      14.0,
      8.0,
      8.0,
      16.0,
      5.0,
      7.0,
      21.0,
      13.0,
      15.0,
      5.0,
      25.0,
      5.0,
      6.0,
      7.0,
      5.0,
      0.0,
      11.0,
      8.0,
      17.0,
      25.0,
      10.0,
      42.0,
      14.0,
      24.0,
      54.0,
      32.0,
      9.0,
      18.0,
      6.0,
      6.0,
      12.0,
      28.0,
      7.0,
      38.0,
      28.0,
      8.0,
      28.0,
      5.0,
      11.0,
      26.0,
      19.0,
      5.0,
      23.0
    ],
    [
      15.0,
      16.0,
      19.0,
      16.0,
      14.0,
      12.0,
      11.0,
      16.0,
      13.0,
      11.0,
      9.0,
      13.0,
      30.0,
      10.0,
      13.0,
      14.0,
      11.0,
      11.0,
      0.0,
      13.0,
      21.0,
      12.0,
      14.0,
      46.0,
      8.0,
      29.0,
      53.0,
      36.0,
      8.0,
      23.0,
      10.0,
      10.0,
      4.0,
      33.0,
      12.0,
      42.0,
      32.0,
      13.0,
      32.0,
      13.0,
      16.0,
      31.0,
      23.0,
      10.0,
      27.0
    ],
    [
      7.0,
      13.0,
      16.0,
      13.0,
      6.0,
      8.0,
      8.0,
      16.0,
      9.0,
      8.0,
      6.0,
      14.0,
      27.0,
      8.0,
      8.0,
      16.0,
      8.0,
      8.0,
      13.0,
      0.0,
      12.0,
      10.0,
      14.0,
      45.0,
      8.0,
      22.0,
      55.0,
      36.0,
      7.0,
      13.0,
      8.0,
      10.0,
      16.0,
      25.0,
      10.0,
      41.0,
      32.0,
      4.0,
      32.0,
      11.0,
      15.0,
      23.0,
      21.0,
      9.0,
      26.0
    ],
    [
      14.0,
      13.0,
      12.0,
      11.0,
      13.0,
      13.0,
      15.0,
      15.0,
      16.0,
      15.0,
      13.0,
      11.0,
      17.0,
      15.0,
      14.0,
      19.0,
      16.0,
      17.0,
      21.0,
      12.0,
      0.0,
      13.0,
      13.0,
      39.0,
      13.0,
      13.0,
      55.0,
      30.0,
      10.0,
      5.0,
      11.0,
      12.0,
      20.0,
      21.0,
      12.0,
      36.0,
      26.0,
      6.0,
      26.0,
      15.0,
      14.0,
      19.0,
      12.0,
      12.0,
      20.0
    ],
    [
      10.0,
      11.0,
      15.0,
      10.0,
      9.0,
      23.0,
      6.0,
      11.0,
      1.0,
      24.0,
      25.0,
      9.0,
      25.0,
      6.0,
      6.0,
      9.0,
      6.0,
      25.0,
      12.0,
      10.0,
      13.0,
      0.0,
      12.0,
      43.0,
      6.0,
      25.0,
      55.0,
      34.0,
      14.0,
      18.0,
      7.0,
      7.0,
      14.0,
      28.0,
      5.0,
      40.0,
      30.0,
      9.0,
      30.0,
      11.0,
      13.0,
      26.0,
      21.0,
      7.0,
      25.0
    ],
    [
      12.0,
      5.0,
      3.0,
      14.0,
      10.0,
      11.0,
      10.0,
      12.0,
      12.0,
      9.0,
      8.0,
      9.0,
      23.0,
      8.0,
      12.0,
      13.0,
      10.0,
      10.0,
      14.0,
      14.0,
      13.0,
      12.0,
      0.0,
      36.0,
      9.0,
      19.0,
      58.0,
      26.0,
      8.0,
      15.0,
      6.0,
      4.0,
      17.0,
      35.0,
      12.0,
      32.0,
      22.0,
      12.0,
      22.0,
      9.0,
      5.0,
      33.0,
      12.0,
      7.0,
      17.0
    ],
    [
      42.0,
      36.0,
      31.0,
      44.0,
      41.0,
      42.0,
      41.0,
      43.0,
      43.0,
      40.0,
      39.0,
      40.0,
      51.0,
      39.0,
      43.0,
      44.0,
      41.0,
      42.0,
      46.0,
      45.0,
      39.0,
      43.0,
      36.0,
      0.0,
      53.0,
      51.0,
      96.0,
      41.0,
      53.0,
      50.0,
      50.0,
      49.0,
      61.0,
      47.0,
      56.0,
      36.0,
      42.0,
      54.0,
      39.0,
      53.0,
      46.0,
      51.0,
      49.0,
      51.0,
      40.0
    ],
    [
      6.0,
      9.0,
      12.0,
      10.0,
      12.0,
      5.0,
      7.0,
      14.0,
      6.0,
      3.0,
      2.0,
      8.0,
      26.0,
      2.0,
      6.0,
      15.0,
      7.0,
      14.0,
      8.0,
      8.0,
      13.0,
      6.0,
      9.0,
      53.0,
      0.0,
      21.0,
      55.0,
      28.0,
      4.0,
      15.0,
      9.0,
      1.0,
      13.0,
      32.0,
      8.0,
      33.0,
      24.0,
      9.0,
      24.0,
      13.0,
      7.0,
      28.0,
      15.0,
      1.0,
      19.0
    ],
    [
      24.0,
      18.0,
      14.0,
      20.0,
      22.0,
      21.0,
      24.0,
      24.0,
      25.0,
      23.0,
      21.0,
      21.0,
      13.0,
      22.0,
      21.0,
      27.0,
      25.0,
      24.0,
      29.0,
      22.0,
      13.0,
      25.0,
      19.0,
      51.0,
      21.0,
      0.0,
      63.0,
      34.0,
      21.0,
      14.0,
      22.0,
      22.0,
      31.0,
      26.0,
      23.0,
      40.0,
      30.0,
      17.0,
      29.0,
      25.0,
      18.0,
      24.0,
      11.0,
      22.0,
      24.0
    ],
    [
      57.0,
      58.0,
      62.0,
      55.0,
      56.0,
      51.0,
      53.0,
      58.0,
      55.0,
      53.0,
      52.0,
      56.0,
      61.0,
      52.0,
      51.0,
      56.0,
      54.0,
      54.0,
      53.0,
      55.0,
      55.0,
      55.0,
      58.0,
      96.0,
      55.0,
      63.0,
      0.0,
      78.0,
      52.0,
      62.0,
      53.0,
      53.0,
      44.0,
      58.0,
      54.0,
      84.0,
      74.0,
      54.0,
      75.0,
      56.0,
      59.0,
      56.0,
      66.0,
      53.0,
      68.0
    ],
    [
      32.0,
      27.0,
      22.0,
      34.0,
      32.0,
      32.0,
      31.0,
      33.0,
      33.0,
      31.0,
      30.0,
      31.0,
      38.0,
      29.0,
      33.0,
      35.0,
      31.0,
      32.0,
      36.0,
      36.0,
      30.0,
      34.0,
      26.0,
      41.0,
      28.0,
      34.0,
      78.0,
      0.0,
      29.0,
      28.0,
      27.0,
      26.0,
      38.0,
      46.0,
      33.0,
      22.0,
      16.0,
      31.0,
      19.0,
      30.0,
      24.0,
      44.0,
      25.0,
      28.0,
      17.0
    ],
    [
      11.0,
      8.0,
      11.0,
      7.0,
      13.0,
      14.0,
      3.0,
      9.0,
      14.0,
      10.0,
      11.0,
      5.0,
      24.0,
      2.0,
      15.0,
      9.0,
      3.0,
      9.0,
      8.0,
      7.0,
      10.0,
      14.0,
      8.0,
      53.0,
      4.0,
      21.0,
      52.0,
      29.0,
      0.0,
      14.0,
      4.0,
      3.0,
      10.0,
      25.0,
      4.0,
      36.0,
      26.0,
      5.0,
      26.0,
      10.0,
      9.0,
      23.0,
      17.0,
      3.0,
      21.0
    ],
    [
      15.0,
      14.0,
      9.0,
      12.0,
      14.0,
      14.0,
      16.0,
      16.0,
      17.0,
      16.0,
      14.0,
      12.0,
      20.0,
      16.0,
      15.0,
      20.0,
      18.0,
      18.0,
      23.0,
      13.0,
      5.0,
      18.0,
      15.0,
      50.0,
      15.0,
      14.0,
      62.0,
      28.0,
      14.0,
      0.0,
      14.0,
      13.0,
      26.0,
      25.0,
      17.0,
      34.0,
      23.0,
      11.0,
      23.0,
      18.0,
      12.0,
      23.0,
      11.0,
      17.0,
      18.0
    ],
    [
      15.0,
      20.0,
