{
  "drive_dist_matrix": [
    [
      0.0,
      2.6,
      4.2,
      4.1,
      7.9,
      3.6,
      0.65,
      1.7,
      4.1,
      3.3,
      0.29,
      5.1,
      0.7,
      3.3,
      3.2,
      7.2,
      1.2,
      4.8,
      2.4,
      2.4,
      4.6,
      5.9,
      4.7,
      0.85,
      4.8,
      4.7,
      14.3,
      1.2,
      2.7,
      0.7,
      0.45,
      2.5,
      4.9,
      4.2,
      0.9,
      3.3,
      6.0,
      3.6,
      4.9,
      2.5,
      12.5,
      2.3,
      3.3,
      2.9,
      5.0,
      8.9,
      4.0,
      3.3,
      3.6,
      31.8,
      6.4,
      37.2,
      12.2,
      6.2,
      33.2,
      2.3,
      43.6,
      4.9,
      8.6,
      37.0
    ],
    [
      2.6,
      0.0,
      2.4,
      3.2,
      7.7,
      1.9,
      0.6,
      1.0,
      2.3,
      3.1,
      0.75,
      3.2,
      2.8,
      2.1,
      3.0,
      7.0,
      0.9,
      4.6,
      0.25,
      1.2,
      2.8,
      4.5,
      2.3,
      0.27,
      4.6,
      2.3,
      12.6,
      0.9,
      1.5,
      0.9,
      2.7,
      1.3,
      2.1,
      1.0,
      0.19,
      3.1,
      5.8,
      2.5,
      3.2,
      2.4,
      11.3,
      2.8,
      3.1,
      2.7,
      3.5,
      7.7,
      2.2,
      3.1,
      2.9,
      31.6,
      4.9,
      37.1,
      11.0,
      4.8,
      23.8,
      0.45,
      43.4,
      3.2,
      7.2,
      36.9
    ],
    [
      4.2,
      2.4,
      0.0,
      5.9,
      6.5,
      1.2,
      3.3,
      2.8,
      1.5,
      3.0,
      4.2,
      0.7,
      4.6,
      2.1,
      3.2,
      6.2,
      3.0,
      6.4,
      2.6,
      2.3,
      0.45,
      3.9,
      2.3,
      2.9,
      6.4,
      2.3,
      11.8,
      3.0,
      1.8,
      3.6,
      4.5,
      2.7,
      5.0,
      2.6,
      2.9,
      3.1,
      4.6,
      2.5,
      0.7,
      3.4,
      10.8,
      4.6,
      3.1,
      3.3,
      5.0,
      7.1,
      1.6,
      3.0,
      2.7,
      30.8,
      4.4,
      36.2,
      10.5,
      4.2,
      23.0,
      2.7,
      42.6,
      0.75,
      6.6,
      31.3
    ],
    [
      4.1,
      3.2,
      5.9,
      0.0,
      10.1,
      5.1,
      3.5,
      4.2,
      5.6,
      5.5,
      1.3,
      6.4,
      1.8,
      5.3,
      5.4,
      9.4,
      4.5,
      7.1,
      3.5,
      4.4,
      6.1,
      7.7,
      5.5,
      3.0,
      7.0,
      5.5,
      14.1,
      4.4,
      4.8,
      2.3,
      1.1,
      4.5,
      2.2,
      4.3,
      3.0,
      5.6,
      8.2,
      5.7,
      6.4,
      4.8,
      14.6,
      4.0,
      5.5,
      5.2,
      3.2,
      10.9,
      5.5,
      5.5,
      5.8,
      34.0,
      8.2,
      39.5,
      14.3,
      8.0,
      25.3,
      3.6,
      45.9,
      6.4,
      10.4,
      39.3
    ],
    [
      7.9,
      7.7,
      6.5,
      10.1,
      0.0,
      6.1,
      7.9,
      6.7,
      7.2,
      5.6,
      7.3,
      6.0,
      7.6,
      5.6,
      6.0,
      4.9,
      6.9,
      6.5,
      6.9,
      6.0,
      6.5,
      3.9,
      7.8,
      7.5,
      6.4,
      7.8,
      17.4,
      6.9,
      5.6,
      8.2,
      7.6,
      6.2,
      9.4,
      7.2,
      7.5,
      5.6,
      3.8,
      5.9,
      6.8,
      5.7,
      8.2,
      7.6,
      5.1,
      6.2,
      9.4,
      4.6,
      7.0,
      5.6,
      5.2,
      30.4,
      6.9,
      35.8,
      7.9,
      3.6,
      31.9,
      6.8,
      42.2,
      6.8,
      4.1,
      35.7
    ],
    [
      3.6,
      1.9,
      1.2,
      5.1,
      6.1,
      0.0,
      2.5,
      1.9,
      1.7,
      2.7,
      3.3,
      2.0,
      3.7,
      1.8,
      2.9,
      5.9,
      2.2,
      5.6,
      1.7,
      1.5,
      1.2,
      3.6,
      2.3,
      2.1,
      5.6,
      2.3,
      12.0,
      2.2,
      0.9,
      2.8,
      3.6,
      1.9,
      4.1,
      1.8,
      2.1,
      2.8,
      4.3,
      2.2,
      2.0,
      3.3,
      10.5,
      3.7,
      2.8,
      3.7,
      4.2,
      6.8,
      0.45,
      2.7,
      2.4,
      30.5,
      4.1,
      35.9,
      10.2,
      3.9,
      23.2,
      1.8,
      42.3,
      2.0,
      6.3,
      35.7
    ],
    [
      0.65,
      0.6,
      3.3,
      3.5,
      7.9,
      2.5,
      0.0,
      1.6,
      3.0,
      3.7,
      0.75,
      3.8,
      4.3,
      2.7,
      3.6,
      7.6,
      1.8,
      5.3,
      0.85,
      1.8,
      3.5,
      5.1,
      2.9,
      0.5,
      5.2,
      2.9,
      13.2,
      1.8,
      2.1,
      0.4,
      3.3,
      1.9,
      0.75,
      2.4,
      0.45,
      3.8,
      6.4,
      3.1,
      3.8,
      3.0,
      11.9,
      3.4,
      3.7,
      3.3,
      3.8,
      8.3,
      2.9,
      3.7,
      3.6,
      32.2,
      5.5,
      37.7,
      11.6,
      5.4,
      24.4,
      1.0,
      44.1,
      3.8,
      7.8,
      37.5
    ],
    [
      1.7,
      1.0,
      2.8,
      4.2,
      6.7,
      1.9,
      1.6,
      0.0,
      2.4,
      2.1,
      1.4,
      3.4,
      1.8,
      1.6,
      2.0,
      6.0,
      0.4,
      3.7,
      0.8,
      0.55,
      2.9,
      4.0,
      3.0,
      1.2,
      3.6,
      3.0,
      12.6,
      0.35,
      1.0,
      1.9,
      1.7,
      0.3,
      3.2,
      2.5,
      1.2,
      2.2,
      4.8,
      2.0,
      3.2,
      0.55,
      10.8,
      0.6,
      2.1,
      0.9,
      3.3,
      7.2,
      2.3,
      2.2,
      2.4,
      30.6,
      4.4,
      36.1,
      10.5,
      4.3,
      23.9,
      0.65,
      42.5,
      3.2,
      6.7,
      35.9
    ],
    [
      4.1,
      2.3,
      1.5,
      5.6,
      7.2,
      1.7,
      3.0,
      2.4,
      0.0,
      3.5,
      3.8,
      3.1,
      4.2,
      2.7,
      3.8,
      7.0,
      2.7,
      6.1,
      2.2,
      2.0,
      0.6,
      4.7,
      0.6,
      2.6,
      6.1,
      0.6,
      10.2,
      2.7,
      2.1,
      3.3,
      4.1,
      2.4,
      4.6,
      2.1,
      2.6,
      3.5,
      5.4,
      3.1,
      1.6,
      3.8,
      11.6,
      4.2,
      3.6,
      4.2,
      4.0,
      7.9,
      0.7,
      3.5,
      3.5,
      26.8,
      5.2,
      30.5,
      11.2,
      5.0,
      21.4,
      2.3,
      34.8,
      1.6,
      7.4,
      32.0
    ],
    [
      3.3,
      3.1,
      3.0,
      5.5,
      5.6,
      2.7,
      3.7,
      2.1,
      3.5,
      0.0,
      2.7,
      2.6,
      3.0,
      1.0,
      0.24,
      5.3,
      2.3,
      3.6,
      2.8,
      1.9,
      3.0,
      3.0,
      4.3,
      3.3,
      3.5,
      4.3,
      14.0,
      2.2,
      1.5,
      4.0,
      3.0,
      1.1,
      5.3,
      3.8,
      3.2,
      0.061,
      3.7,
      0.75,
      3.4,
      0.8,
      9.8,
      3.0,
      0.4,
      0.35,
      5.4,
      6.2,
      3.6,
      0.002,
      0.35,
      25.0,
      3.4,
      35.3,
      9.5,
      3.3,
      26.5,
      2.7,
      33.0,
      3.4,
      5.7,
      30.3
    ],
    [
      0.29,
      0.75,
      4.2,
      1.3,
      7.3,
      3.3,
      0.75,
      1.4,
      3.8,
      2.7,
      0.0,
      4.8,
      1.0,
      3.0,
      2.9,
      6.9,
      1.3,
      4.5,
      0.85,
      2.1,
      4.3,
      5.4,
      4.4,
      0.5,
      4.5,
      4.4,
      14.0,
      1.3,
      2.4,
      0.85,
      0.29,
      2.2,
      4.6,
      3.9,
      0.6,
      3.0,
      5.7,
      3.3,
      4.6,
      2.2,
      12.2,
      2.0,
      3.0,
      2.6,
      4.7,
      8.8,
      3.7,
      3.0,
      3.3,
      31.5,
      6.1,
      36.9,
      11.9,
      5.9,
      32.9,
      2.0,
      39.5,
      4.6,
      8.3,
      36.7
    ],
    [
      5.1,
      3.2,
      0.7,
      6.4,
      6.0,
      2.0,
      3.8,
      3.4,
      3.1,
      2.6,
      4.8,
      0.0,
      4.3,
      2.1,
      3.1,
      6.2,
      2.7,
      6.2,
      2.3,
      1.9,
      1.6,
      3.9,
      2.9,
      2.6,
      6.1,
      2.9,
      12.5,
      2.7,
      1.5,
      3.3,
      4.2,
      2.4,
      4.7,
      2.4,
      2.6,
      3.1,
      4.6,
      2.4,
      0.75,
      3.4,
      10.8,
      4.3,
      3.1,
      4.2,
      4.7,
      7.1,
      2.2,
      3.0,
      2.7,
      26.0,
      4.4,
      36.2,
      10.5,
      4.2,
      23.7,
      2.4,
      34.0,
      0.75,
      6.6,
      31.3
    ],
    [
      0.7,
      2.8,
      4.6,
      1.8,
      7.6,
      3.7,
      4.3,
      1.8,
      4.2,
      3.0,
      1.0,
      4.3,
      0.0,
      4.1,
      3.6,
      7.6,
      2.7,
      5.3,
      4.3,
      3.2,
      5.5,
      6.4,
      5.6,
      3.8,
      5.2,
      5.6,
      14.9,
      2.7,
      3.5,
      3.1,
      3.2,
      3.3,
      3.1,
      5.1,
      3.9,
      3.8,
      6.4,
      4.0,
      5.8,
      3.0,
      13.2,
      2.2,
      3.7,
      3.3,
      4.0,
      9.6,
      4.8,
      3.7,
      4.0,
      32.2,
      6.8,
      37.7,
      12.9,
      6.7,
      26.1,
      3.2,
      40.2,
      5.8,
      9.1,
      37.5
    ],
    [
      3.3,
      2.1,
      2.1,
      5.3,
      5.6,
      1.8,
      2.7,
      1.6,
      2.7,
      1.0,
      3.0,
      2.1,
      4.1,
      0.0,
      1.1,
      4.9,
      2.0,
      3.4,
      2.0,
      0.65,
      2.6,
      2.7,
      3.5,
      2.5,
      3.4,
      3.5,
      13.1,
      2.0,
      0.29,
      3.2,
      3.5,
      0.75,
      4.6,
      3.0,
      2.5,
      1.0,
      3.4,
      0.35,
      3.0,
      1.4,
      9.5,
      3.1,
      1.2,
      1.0,
      4.6,
      5.9,
      2.8,
      1.0,
      0.85,
      24.7,
      3.1,
      35.0,
      9.2,
      3.0,
      31.0,
      1.9,
      32.7,
      3.0,
      5.4,
      34.8
    ],
    [
      3.2,
      3.0,
      3.2,
      5.4,
      6.0,
      2.9,
      3.6,
      2.0,
      3.8,
      0.24,
      2.9,
      3.1,
      3.6,
      1.1,
      0.0,
      4.7,
      1.7,
      2.4,
      2.2,
      2.2,
      4.1,
      4.0,
      4.5,
      2.7,
      2.3,
      4.5,
      14.1,
      1.7,
      2.5,
      3.4,
      2.4,
      1.0,
      4.7,
      4.0,
      2.7,
      0.3,
      3.5,
      0.8,
      4.4,
      0.55,
      10.9,
      2.4,
      0.8,
      0.16,
      4.8,
      7.2,
      3.8,
      0.24,
      0.65,
      29.3,
      4.5,
      34.8,
      10.6,
      4.3,
      30.8,
      2.1,
      37.3,
      4.4,
      6.7,
      34.6
    ],
    [
      7.2,
      7.0,
      6.2,
      9.4,
      4.9,
      5.9,
      7.6,
      6.0,
      7.0,
      5.3,
      6.9,
      6.2,
      7.6,
      4.9,
      4.7,
      0.0,
      6.4,
      5.3,
      7.1,
      6.2,
      6.7,
      6.6,
      8.0,
      7.7,
      5.3,
      8.0,
      17.6,
      6.4,
      5.8,
      8.4,
      7.2,
      6.4,
      9.6,
      7.4,
      7.7,
      5.8,
      3.8,
      5.7,
      7.0,
      5.3,
      8.6,
      7.2,
      4.4,
      5.8,
      9.6,
      9.8,
      7.2,
      5.8,
      5.4,
      26.5,
      7.1,
      32.0,
      8.3,
      6.9,
      28.0,
      7.0,
      34.5,
      7.0,
      9.3,
      31.8
    ],
    [
      1.2,
      0.9,
      3.0,
      4.5,
      6.9,
      2.2,
      1.8,
      0.4,
      2.7,
      2.3,
      1.3,
      2.7,
      2.7,
      2.0,
      1.7,
      6.4,
      0.0,
      3.9,
      0.7,
      0.7,
      3.2,
      4.2,
      3.3,
      1.1,
      3.8,
      3.3,
      12.9,
      0.049,
      1.3,
      2.1,
      1.2,
      0.8,
      3.5,
      2.7,
      1.1,
      2.4,
      5.0,
      2.2,
      3.5,
      1.0,
      11.1,
      0.8,
      2.3,
      1.9,
      3.5,
      7.4,
      2.5,
      2.3,
      2.6,
      30.8,
      4.7,
      36.3,
      10.8,
      4.5,
      24.1,
      0.6,
      38.8,
      3.5,
      6.9,
      36.1
    ],
    [
      4.8,
      4.6,
      6.4,
      7.1,
      6.5,
      5.6,
      5.3,
      3.7,
      6.1,
      3.6,
      4.5,
      6.2,
      5.3,
      3.4,
      2.4,
      5.3,
      3.9,
      0.0,
      4.4,
      4.4,
      6.2,
      6.2,
      6.7,
      4.9,
      0.18,
      6.7,
      16.3,
      3.8,
      4.7,
      5.6,
      4.6,
      4.4,
      6.9,
      6.2,
      4.8,
      3.6,
      4.8,
      3.8,
      6.6,
      2.7,
      19.5,
      4.6,
      2.1,
      3.2,
      6.9,
      9.4,
      6.0,
      3.6,
      3.8,
      29.8,
      6.6,
      35.3,
      19.2,
      6.5,
      31.3,
      4.3,
      37.8,
      6.6,
      8.9,
      35.1
    ],
    [
      2.4,
      0.25,
      2.6,
      3.5,
      6.9,
      1.7,
      0.85,
      0.8,
      2.2,
      2.8,
      0.85,
      2.3,
      4.3,
      2.0,
      2.2,
      7.1,
      0.7,
      4.4,
      0.0,
      0.95,
      2.7,
      4.2,
      2.1,
      0.4,
      4.3,
      2.1,
      13.5,
      0.7,
      1.3,
      1.2,
      2.4,
      1.0,
      2.5,
      0.9,
      0.45,
      2.9,
      4.9,
      2.2,
      3.1,
      2.1,
      11.1,
      2.5,
      2.8,
      2.5,
      2.6,
      7.4,
      2.1,
      2.9,
      2.7,
      31.3,
      4.7,
      36.8,
      10.8,
      4.5,
      24.7,
      0.2,
      39.3,
      3.1,
      6.9,
      36.6
    ],
    [
      2.4,
      1.2,
      2.3,
      4.4,
      6.0,
      1.5,
      1.8,
      0.55,
      2.0,
      1.9,
      2.1,
      1.9,
      3.2,
      0.65,
      2.2,
      6.2,
      0.7,
      4.4,
      0.95,
      0.0,
      2.5,
      3.4,
      2.6,
      1.4,
      4.3,
      2.6,
      12.2,
      0.7,
      0.4,
      2.1,
      2.4,
      0.24,
      3.5,
      2.0,
      1.4,
      1.8,
      4.0,
      1.3,
      2.8,
      1.0,
      10.2,
      2.5,
      1.9,
      1.0,
      3.5,
      6.6,
      1.9,
      1.8,
      1.8,
      30.2,
      3.8,
      35.7,
      9.9,
      3.7,
      23.4,
      0.85,
      33.4,
      2.8,
      6.1,
      35.5
    ],
    [
      4.6,
      2.8,
      0.45,
      6.1,
      6.5,
      1.2,
      3.5,
      2.9,
      0.6,
      3.0,
      4.3,
      1.6,
      5.5,
      2.6,
      4.1,
      6.7,
      3.2,
      6.2,
      2.7,
      2.5,
      0.0,
      6.3,
      1.9,
      4.2,
      7.7,
      1.9,
      11.5,
      4.3,
      3.8,
      4.9,
      5.8,
      4.0,
      6.3,
      3.7,
      4.2,
      5.2,
      7.0,
      4.7,
      0.7,
      5.5,
      13.2,
      5.9,
      5.2,
      5.8,
      6.7,
      9.6,
      1.0,
      5.2,
      5.2,
      33.2,
      6.8,
      31.8,
      12.9,
      6.6,
      22.7,
      3.9,
      34.3,
      1.1,
      9.0,
      31.6
    ],
    [
      5.9,
      4.5,
      3.9,
      7.7,
      3.9,
      3.6,
      5.1,
      4.0,
      4.7,
      3.0,
      5.4,
      3.9,
      6.4,
      2.7,
      4.0,
      6.6,
      4.2,
      6.2,
      4.2,
      3.4,
      6.3,
      0.0,
      5.2,
      4.9,
      6.8,
      5.2,
      14.8,
      4.3,
      3.0,
      5.6,
      5.7,
      3.6,
      7.0,
      4.6,
      4.9,
      3.0,
      4.6,
      3.3,
      4.2,
      3.8,
      6.8,
      5.6,
      3.1,
      3.7,
      6.8,
      3.2,
      4.5,
      3.0,
      2.6,
      22.1,
      1.3,
      27.5,
      6.5,
      0.3,
      23.5,
      4.2,
      30.0,
      4.2,
      2.7,
      27.3
    ],
    [
      4.7,
      2.3,
      2.3,
      5.5,
      7.8,
      2.3,
      2.9,
      3.0,
      0.6,
      4.3,
      4.4,
      2.9,
      5.6,
      3.5,
      4.5,
      8.0,
      3.3,
      6.7,
      2.1,
      2.6,
      1.9,
      5.2,
      0.0,
      2.5,
      6.7,
      NaN,
      10.4,
      3.3,
      2.7,
      3.2,
      4.7,
      3.0,
      3.7,
      1.6,
      2.4,
      4.1,
      6.0,
      3.7,
      1.9,
      4.4,
      12.1,
      4.8,
      4.2,
      4.8,
      3.5,
      8.5,
      1.3,
      4.1,
      4.1,
      27.4,
      5.8,
      30.7,
      11.8,
      5.6,
      21.6,
      2.2,
      33.3,
      1.9,
      8.0,
      30.6
    ],
    [
      0.85,
      0.27,
      2.9,
      3.0,
      7.5,
      2.1,
      0.5,
      1.2,
      2.6,
      3.3,
      0.5,
      2.6,
      3.8,
      2.5,
      2.7,
      7.7,
      1.1,
      4.9,
      0.4,
      1.4,
      4.2,
      4.9,
      2.5,
      0.0,
      4.8,
      2.5,
      12.8,
      1.1,
      1.7,
      0.7,
      2.9,
      1.5,
      1.9,
      1.0,
      0.19,
      3.4,
      6.0,
      2.7,
      3.4,
      2.6,
      11.6,
      3.0,
      3.3,
      3.0,
      3.3,
      7.9,
      2.5,
      3.3,
      3.2,
      31.8,
      5.2,
      37.3,
      11.3,
      5.0,
      24.0,
      0.6,
      39.8,
      3.4,
      7.4,
      37.1
    ],
    [
      4.8,
      4.6,
      6.4,
      7.0,
      6.4,
      5.6,
      5.2,
      3.6,
      6.1,
      3.5,
      4.5,
      6.1,
      5.2,
      3.4,
      2.3,
      5.3,
      3.8,
      0.18,
      4.3,
      4.3,
      7.7,
      6.8,
      6.7,
      4.8,
      0.0,
      6.6,
      16.3,
      3.8,
      4.6,
      5.5,
      4.6,
      4.4,
      6.9,
      6.1,
      4.8,
      3.5,
      4.8,
      3.8,
      6.5,
      2.7,
      19.4,
      4.5,
      2.1,
      3.1,
      6.9,
      9.4,
      5.9,
      3.5,
      3.8,
      29.7,
      6.6,
      35.2,
      19.1,
      6.4,
      31.2,
      4.2,
      41.6,
      6.5,
      8.8,
      35.0
    ],
    [
      4.7,
      2.3,
      2.3,
      5.5,
      7.8,
      2.3,
      2.9,
      3.0,
      0.6,
      4.3,
      4.4,
      2.9,
      5.6,
      3.5,
      4.5,
      8.0,
      3.3,
      6.7,
      2.1,
      2.6,
      1.9,
      5.2,
      NaN,
      2.5,
      6.6,
      0.0,
      10.4,
      3.3,
      2.7,
      3.2,
      4.7,
      3.0,
      3.7,
      1.6,
      2.4,
      4.1,
      6.0,
      3.7,
      1.9,
      4.4,
      12.1,
      4.8,
      4.2,
      4.8,
      3.5,
      8.5,
      1.3,
      4.1,
      4.1,
      27.4,
      5.8,
      30.7,
      11.8,
      5.6,
      21.6,
      2.2,
      33.3,
      1.9,
      8.0,
      30.6
    ],
    [
      14.3,
      12.6,
      11.8,
      14.1,
      17.4,
      12.0,
      13.2,
      12.6,
      10.2,
      14.0,
      14.0,
      12.5,
      14.9,
      13.1,
      14.1,
      17.6,
      12.9,
      16.3,
      13.5,
      12.2,
      11.5,
      14.8,
      10.4,
      12.8,
      16.3,
      10.4,
      0.0,
      12.9,
      12.4,
      13.5,
      14.4,
      12.6,
      12.8,
      12.3,
      13.7,
      13.8,
      15.6,
      13.3,
      11.5,
      14.1,
      21.8,
      14.5,
      13.8,
      14.4,
      11.7,
      18.2,
      10.7,
      13.8,
      13.8,
      24.9,
      15.4,
      30.0,
      21.5,
      15.2,
      20.9,
      13.6,
      32.5,
      11.5,
      17.6,
      29.8
    ],
    [
      1.2,
      0.9,
      3.0,
      4.4,
      6.9,
      2.2,
      1.8,
      0.35,
      2.7,
      2.2,
      1.3,
      2.7,
      2.7,
      2.0,
      1.7,
      6.4,
      0.049,
      3.8,
      0.7,
      0.7,
      4.3,
      4.3,
      3.3,
      1.1,
      3.8,
      3.3,
      12.9,
      0.0,
      1.2,
      2.1,
      1.2,
      0.7,
      3.5,
      2.7,
      1.4,
      2.3,
      5.0,
      2.2,
      3.5,
      0.9,
      11.0,
      0.75,
      2.3,
      1.9,
      3.5,
      7.4,
      2.5,
      2.3,
      2.6,
      30.8,
      4.7,
      36.3,
      10.7,
      4.5,
      24.1,
      0.55,
      42.6,
      3.5,
      6.9,
      36.1
    ],
    [
      2.7,
      1.5,
      1.8,
      4.8,
      5.6,
      0.9,
      2.1,
      1.0,
      2.1,
      1.5,
      2.4,
      1.5,
      3.5,
      0.29,
      2.5,
      5.8,
      1.3,
      4.7,
      1.3,
      0.4,
      3.8,
      3.0,
      2.7,
      1.7,
      4.6,
      2.7,
      12.4,
      1.2,
      0.0,
      2.4,
      2.7,
      0.65,
      3.8,
      2.2,
      1.7,
      1.4,
      3.7,
      0.55,
      2.2,
      1.9,
      9.8,
      2.8,
      1.5,
      0.95,
      3.8,
      6.2,
      2.0,
      1.4,
      1.0,
      25.0,
      3.4,
      30.5,
      9.5,
      3.3,
      23.6,
      1.2,
      34.6,
      2.2,
      5.7,
      35.1
    ],
    [
      0.7,
      0.9,
      3.6,
      2.3,
      8.2,
      2.8,
      0.4,
      1.9,
      3.3,
      4.0,
      0.85,
      3.3,
      3.1,
      3.2,
      3.4,
      8.4,
      2.1,
      5.6,
      1.2,
      2.1,
      4.9,
      5.6,
      3.2,
      0.7,
      5.5,
      3.2,
      13.5,
      2.1,
      2.4,
      0.0,
      3.6,
      2.2,
      0.7,
      2.7,
      0.7,
      4.1,
      6.7,
      3.4,
      4.1,
      3.3,
      12.2,
      3.7,
      4.0,
      3.6,
      2.6,
      8.6,
      3.2,
      4.0,
      3.9,
      32.5,
      5.9,
      38.0,
      11.9,
      5.7,
      24.7,
      1.3,
      40.5,
      4.1,
      8.1,
      37.8
    ],
    [
      0.45,
      2.7,
      4.5,
      1.1,
      7.6,
      3.6,
      3.3,
      1.7,
      4.1,
      3.0,
      0.29,
      4.2,
      3.2,
      3.5,
      2.4,
      7.2,
      1.2,
      4.6,
      2.4,
      2.4,
      5.8,
      5.7,
      4.7,
      2.9,
      4.6,
      4.7,
      14.4,
      1.2,
      2.7,
      3.6,
      0.0,
      2.5,
      4.9,
      4.2,
      2.8,
      3.3,
      6.0,
      3.6,
      4.9,
      2.5,
      12.8,
      2.3,
      3.3,
      2.9,
      5.0,
      9.1,
      4.0,
      3.3,
      3.6,
      31.8,
      6.4,
      37.2,
      12.5,
      6.2,
      33.2,
      2.3,
      39.7,
      4.9,
      8.6,
      37.0
    ],
    [
      2.5,
      1.3,
      2.7,
      4.5,
      6.2,
      1.9,
      1.9,
      0.3,
      2.4,
      1.1,
      2.2,
      2.4,
      3.3,
      0.75,
      1.0,
      6.4,
      0.8,
      4.4,
      1.0,
      0.24,
      4.0,
      3.6,
      3.0,
      1.5,
      4.4,
      3.0,
      12.6,
      0.7,
      0.65,
      2.2,
      2.5,
      0.0,
      3.6,
      2.5,
      1.5,
      2.0,
      4.3,
      1.6,
      3.2,
      0.75,
      10.4,
      0.95,
      2.1,
      0.75,
      3.6,
      6.8,
      2.3,
      2.0,
      2.0,
      25.6,
      4.0,
      31.1,
      10.1,
      3.9,
      23.8,
      0.95,
      33.6,
      3.2,
      6.3,
      30.9
    ],
    [
      4.9,
      2.1,
      5.0,
      2.2,
      9.4,
      4.1,
      0.75,
      3.2,
      4.6,
      5.3,
      4.6,
      4.7,
      3.1,
      4.6,
      4.7,
      9.6,
      3.5,
      6.9,
      2.5,
      3.5,
      6.3,
      7.0,
      3.7,
      1.9,
      6.9,
      3.7,
      12.8,
      3.5,
      3.8,
      0.7,
      4.9,
      3.6,
      0.0,
      1.9,
      1.9,
      5.4,
      8.1,
      4.7,
      5.5,
      4.6,
      13.6,
      5.0,
      5.4,
      5.0,
      1.9,
      10.0,
      3.9,
      5.4,
      5.7,
      33.9,
      7.2,
      39.3,
      13.3,
      7.1,
      24.0,
      2.6,
      41.7,
      5.5,
      9.5,
      39.1
    ],
    [
      4.2,
      1.0,
      2.6,
      4.3,
      7.2,
      1.8,
      2.4,
      2.5,
      2.1,
      3.8,
      3.9,
      2.4,
      5.1,
      3.0,
      4.0,
      7.4,
      2.7,
      6.2,
      0.9,
      2.0,
      3.7,
      4.6,
      1.6,
      1.0,
      6.1,
      1.6,
      12.3,
      2.7,
      2.2,
      2.7,
      4.2,
      2.5,
      1.9,
      0.0,
      0.85,
      3.6,
      5.5,
      3.1,
      3.1,
      3.9,
      11.6,
      4.3,
      3.7,
      4.3,
      1.8,
      8.0,
      2.0,
      3.6,
      3.6,
      26.8,
      5.2,
      37.1,
      11.3,
      5.1,
      23.5,
      1.1,
      34.8,
      3.1,
      7.5,
      36.9
    ],
    [
      0.9,
      0.19,
      2.9,
      3.0,
      7.5,
      2.1,
      0.45,
      1.2,
      2.6,
      3.2,
      0.6,
      2.6,
      3.9,
      2.5,
      2.7,
      7.7,
      1.1,
      4.8,
      0.45,
      1.4,
      4.2,
      4.9,
      2.4,
      0.19,
      4.8,
      2.4,
      13.7,
      1.4,
      1.7,
      0.7,
      2.8,
      1.5,
      1.9,
      0.85,
      0.0,
      3.3,
      6.0,
      2.7,
      3.4,
      2.6,
      11.5,
      3.0,
      3.3,
      2.9,
      3.4,
      7.9,
      2.4,
      3.3,
      3.6,
      31.8,
      5.1,
      37.3,
      11.2,
      5.0,
      24.0,
      0.55,
      39.8,
      3.4,
      7.4,
      37.1
    ],
    [
      3.3,
      3.1,
      3.1,
      5.6,
      5.6,
      2.8,
      3.8,
      2.2,
      3.5,
      0.061,
      3.0,
      3.1,
      3.8,
      1.0,
      0.3,
      5.8,
      2.4,
      3.6,
      2.9,
      1.8,
      5.2,
      3.0,
      4.1,
      3.4,
      3.5,
      4.1,
      13.8,
      2.3,
      1.4,
      4.1,
      3.3,
      2.0,
      5.4,
      3.6,
      3.3,
      0.0,
      3.7,
      0.7,
      3.4,
      0.85,
      9.9,
      3.0,
      0.3,
      0.4,
      5.4,
      6.2,
      3.7,
      0.063,
      0.4,
      25.1,
      3.5,
      30.6,
      9.6,
      3.3,
      26.6,
      2.7,
      32.7,
      3.4,
      5.7,
      30.4
    ],
    [
      6.0,
      5.8,
      4.6,
      8.2,
      3.8,
      4.3,
      6.4,
      4.8,
      5.4,
      3.7,
      5.7,
      4.6,
      6.4,
      3.4,
      3.5,
      3.8,
      5.0,
      4.8,
      4.9,
      4.0,
      7.0,
      4.6,
      6.0,
      6.0,
      4.8,
      6.0,
      15.6,
      5.0,
      3.7,
      6.7,
      6.0,
      4.3,
      8.1,
      5.5,
      6.0,
      3.7,
      0.0,
      4.0,
      4.9,
      3.9,
      11.4,
      5.7,
      3.3,
      4.5,
      7.6,
      7.7,
      5.2,
      3.7,
      3.3,
      28.5,
      5.0,
      34.0,
      11.1,
      4.8,
      30.0,
      4.9,
      36.5,
      4.9,
      7.2,
      33.8
    ],
    [
      3.6,
      2.5,
      2.5,
      5.7,
      5.9,
      2.2,
      3.1,
      2.0,
      3.1,
      0.75,
      3.3,
      2.4,
      4.0,
      0.35,
      0.8,
      5.7,
      2.2,
      3.8,
      2.2,
      1.3,
      4.7,
      3.3,
      3.7,
      2.7,
      3.8,
      3.7,
      13.3,
      2.2,
      0.55,
      3.4,
      3.6,
      1.6,
      4.7,
      3.1,
      2.7,
      0.7,
      4.0,
      0.0,
      3.1,
      1.2,
      9.7,
      3.0,
      0.85,
      0.8,
      4.8,
      6.1,
      3.0,
      0.7,
      0.6,
      24.9,
      3.3,
      35.1,
      9.4,
      3.2,
      31.2,
      2.1,
      32.9,
      3.1,
      5.5,
      34.9
    ],
    [
      4.9,
      3.2,
      0.7,
      6.4,
      6.8,
      2.0,
      3.8,
      3.2,
      1.6,
      3.4,
      4.6,
      0.75,
      5.8,
      3.0,
      4.4,
      7.0,
      3.5,
      6.6,
      3.1,
      2.8,
      0.7,
      4.2,
      1.9,
      3.4,
      6.5,
      1.9,
      11.5,
      3.5,
      2.2,
      4.1,
      4.9,
      3.2,
      5.5,
      3.1,
      3.4,
      3.4,
      4.9,
      3.1,
      0.0,
      5.5,
      13.2,
      5.9,
      5.3,
      5.9,
      6.8,
      9.6,
      2.1,
      5.2,
      5.2,
      28.5,
      1.5,
      31.9,
      12.9,
      6.7,
      22.8,
      4.0,
      34.4,
      0.4,
      9.1,
      31.7
    ],
    [
      2.5,
      2.4,
      3.4,
      4.8,
      5.7,
      3.3,
      3.0,
      0.55,
      3.8,
      0.8,
      2.2,
      3.4,
      3.0,
      1.4,
      0.55,
      5.3,
      1.0,
      2.7,
      2.1,
      1.0,
      5.5,
      3.8,
      4.4,
      2.6,
      2.7,
      4.4,
      14.1,
      0.9,
      1.9,
      3.3,
      2.5,
      0.75,
      4.6,
      3.9,
      2.6,
      0.85,
      3.9,
      1.2,
      5.5,
      0.0,
      11.2,
      0.5,
      1.0,
      0.65,
      4.2,
      7.5,
      3.3,
      0.8,
      2.0,
      30.7,
      4.8,
      36.2,
      10.9,
      4.6,
      24.8,
      1.6,
      38.7,
      4.2,
      7.0,
      36.0
    ],
    [
      12.5,
      11.3,
      10.8,
      14.6,
      8.2,
      10.5,
      11.9,
      10.8,
      11.6,
      9.8,
      12.2,
      10.8,
      13.2,
      9.5,
      10.9,
      8.6,
      11.1,
      19.5,
      11.1,
      10.2,
      13.2,
      6.8,
      12.1,
      11.6,
      19.4,
      12.1,
      21.8,
      11.0,
      9.8,
      12.2,
      12.8,
      10.4,
      13.6,
      11.6,
      11.5,
      9.9,
      11.4,
      9.7,
      13.2,
      11.2,
      0.0,
      12.3,
      9.7,
      10.4,
      13.5,
      7.3,
      11.1,
      9.7,
      9.3,
      19.0,
      7.9,
      24.4,
      0.5,
      6.3,
      20.4,
      10.8,
      26.9,
      10.9,
      6.8,
      24.2
    ],
    [
      2.3,
      2.8,
      4.6,
      4.0,
      7.6,
      3.7,
      3.4,
      0.6,
      4.2,
      3.0,
      2.0,
      4.3,
      2.2,
      3.1,
      2.4,
      7.2,
      0.8,
      4.6,
      2.5,
      2.5,
      5.9,
      5.6,
      4.8,
      3.0,
      4.5,
      4.8,
      14.5,
      0.75,
      2.8,
      3.7,
      2.3,
      0.95,
      5.0,
      4.3,
      3.0,
      3.0,
      5.7,
      3.0,
      5.9,
      0.5,
      12.3,
      0.0,
      2.3,
      2.0,
      4.4,
      8.2,
      3.5,
      2.3,
      2.6,
      30.8,
      5.4,
      36.3,
      11.5,
      5.3,
      32.3,
      1.8,
      38.8,
      4.4,
      7.7,
      36.1
    ],
    [
      3.3,
      3.1,
      3.1,
      5.5,
      5.1,
      2.8,
      3.7,
      2.1,
      3.6,
      0.4,
      3.0,
      3.1,
      3.7,
      1.2,
      0.8,
      4.4,
      2.3,
      2.1,
      2.8,
      1.9,
      5.2,
      3.1,
      4.2,
      3.3,
      2.1,
      4.2,
      13.8,
      2.3,
      1.5,
      4.0,
      3.3,
      2.1,
      5.4,
      3.7,
      3.3,
      0.3,
      3.3,
      0.85,
      5.3,
      1.0,
      9.7,
      2.3,
      0.0,
      1.3,
      5.1,
      6.3,
      4.1,
      0.4,
      0.45,
      29.0,
      3.5,
      34.5,
      9.6,
      3.4,
      30.5,
      2.4,
      37.0,
      3.5,
      5.8,
      34.3
    ],
    [
      2.9,
      2.7,
      3.3,
      5.2,
      6.2,
      3.7,
      3.3,
      0.9,
      4.2,
      0.35,
      2.6,
      4.2,
      3.3,
      1.0,
      0.16,
      5.8,
      1.9,
      3.2,
      2.5,
      1.0,
      5.8,
      3.7,
      4.8,
      3.0,
      3.1,
      4.8,
      14.4,
      1.9,
      0.95,
      3.6,
      2.9,
      0.75,
      5.0,
      4.3,
      2.9,
      0.4,
      4.5,
      0.8,
      5.9,
      0.65,
      10.4,
      2.0,
      1.3,
      0.0,
      4.9,
      7.3,
      3.9,
      0.35,
      0.7,
      29.4,
      4.6,
      34.9,
      10.7,
      4.4,
      30.9,
      2.2,
      37.4,
      4.5,
      6.8,
      34.7
    ],
    [
      5.0,
      3.5,
      5.0,
      3.2,
      9.4,
      4.2,
      3.8,
      3.3,
      4.0,
      5.4,
      4.7,
      4.7,
      4.0,
      4.6,
      4.8,
      9.6,
      3.5,
      6.9,
      2.6,
      3.5,
      6.7,
      6.8,
      3.5,
      3.3,
      6.9,
      3.5,
      11.7,
      3.5,
      3.8,
      2.6,
      5.0,
      3.6,
      1.9,
      1.8,
      3.4,
      5.4,
      7.6,
      4.8,
      6.8,
      4.2,
      13.5,
      4.4,
      5.1,
      4.9,
      0.0,
      10.0,
      3.8,
      5.4,
      5.7,
      33.9,
      7.2,
      31.3,
      13.3,
      7.1,
      22.2,
      2.7,
      33.9,
      5.5,
      9.5,
      31.2
    ],
    [
      8.9,
      7.7,
      7.1,
      10.9,
      4.6,
      6.8,
      8.3,
      7.2,
      7.9,
      6.2,
      8.8,
      7.1,
      9.6,
      5.9,
      7.2,
      9.8,
      7.4,
      9.4,
      7.4,
      6.6,
      9.6,
      3.2,
      8.5,
      7.9,
      9.4,
      8.5,
      18.2,
      7.4,
      6.2,
      8.6,
      9.1,
      6.8,
      10.0,
      8.0,
      7.9,
      6.2,
      7.7,
      6.1,
      9.6,
      7.5,
      7.3,
      8.2,
      6.3,
      7.3,
      10.0,
      0.0,
      7.7,
      6.2,
      5.8,
      22.7,
      4.5,
      28.2,
      7.2,
      2.9,
      24.2,
      7.4,
      30.7,
      7.4,
      0.5,
      28.0
    ],
    [
      4.0,
      2.2,
      1.6,
      5.5,
      7.0,
      0.45,
      2.9,
      2.3,
      0.7,
      3.6,
      3.7,
      2.2,
      4.8,
      2.8,
      3.8,
      7.2,
      2.5,
      6.0,
      2.1,
      1.9,
      1.0,
      4.5,
      1.3,
      2.5,
      5.9,
      1.3,
      10.7,
      2.5,
      2.0,
      3.2,
      4.0,
      2.3,
      3.9,
      2.0,
      2.4,
      3.7,
      5.2,
      3.0,
      2.1,
      3.3,
      11.1,
      3.5,
      4.1,
      3.9,
      3.8,
      7.7,
      0.0,
      3.4,
      3.4,
      26.7,
      5.0,
      31.0,
      11.1,
      4.9,
      21.9,
      2.2,
      33.5,
      2.1,
      7.3,
      30.8
    ],
    [
      3.3,
      3.1,
      3.0,
      5.5,
      5.6,
      2.7,
      3.7,
      2.2,
      3.5,
      0.002,
      3.0,
      3.0,
      3.7,
      1.0,
      0.24,
      5.8,
      2.3,
      3.6,
      2.9,
      1.8,
      5.2,
      3.0,
      4.1,
      3.3,
      3.5,
      4.1,
      13.8,
      2.3,
      1.4,
      4.0,
      3.3,
      2.0,
      5.4,
      3.6,
      3.3,
      0.063,
      3.7,
      0.7,
      5.2,
      0.8,
      9.7,
      2.3,
      0.4,
      0.35,
      5.4,
      6.2,
      3.4,
      0.0,
      0.4,
      25.1,
      3.4,
      30.5,
      9.5,
      3.3,
      26.5,
      2.7,
      33.0,
      3.4,
      5.7,
      30.3
    ],
    [
      3.6,
      2.9,
      2.7,
      5.8,
      5.2,
      2.4,
      3.6,
      2.4,
      3.5,
      0.35,
      3.3,
      2.7,
      4.0,
      0.85,
      0.65,
      5.4,
      2.6,
      3.8,
      2.7,
      1.8,
      5.2,
      2.6,
      4.1,
      3.2,
      3.8,
      4.1,
      13.8,
      2.6,
      1.0,
      3.9,
      3.6,
      2.0,
      5.7,
      3.6,
      3.6,
      0.4,
      3.3,
      0.6,
      5.2,
      2.0,
      9.3,
      2.6,
      0.45,
      0.7,
      5.7,
      5.8,
      3.4,
      0.4,
      0.0,
      24.7,
      3.1,
      30.2,
      9.2,
      2.9,
      26.2,
      2.8,
      32.7,
      3.0,
      5.3,
      30.0
    ],
    [
      31.8,
      31.6,
      30.8,
      34.0,
      30.4,
      30.5,
      32.2,
      30.6,
      26.8,
      25.0,
      31.5,
      26.0,
      32.2,
      24.7,
      29.3,
      26.5,
      30.8,
      29.8,
      31.3,
      30.2,
      33.2,
      22.1,
      27.4,
      31.8,
      29.7,
      27.4,
      24.9,
      30.8,
      25.0,
      32.5,
      31.8,
      25.6,
      33.9,
      26.8,
      31.8,
      25.1,
      28.5,
      24.9,
      28.5,
      30.7,
      19.0,
      30.8,
      29.0,
      29.4,
      33.9,
      22.7,
      26.7,
      25.1,
      24.7,
      0.0,
      22.5,
      7.0,
      17.2,
      20.9,
      4.4,
      30.1,
      9.6,
      30.1,
      21.4,
      6.8
    ],
    [
      6.4,
      4.9,
      4.4,
      8.2,
      6.9,
      4.1,
      5.5,
      4.4,
      5.2,
      3.4,
      6.1,
      4.4,
      6.8,
      3.1,
      4.5,
      7.1,
      4.7,
      6.6,
      4.7,
      3.8,
      6.8,
      1.3,
      5.8,
      5.2,
      6.6,
      5.8,
      15.4,
      4.7,
      3.4,
      5.9,
      6.4,
      4.0,
      7.2,
      5.2,
      5.1,
      3.5,
      5.0,
      3.3,
      1.5,
      4.8,
      7.9,
      5.4,
      3.5,
      4.6,
      7.2,
      4.5,
      5.0,
      3.4,
      3.1,
      22.5,
      0.0,
      28.8,
      7.8,
      0.85,
      24.8,
      4.6,
      31.3,
      1.1,
      4.0,
      28.6
    ],
    [
      37.2,
      37.1,
      36.2,
      39.5,
      35.8,
      35.9,
      37.7,
      36.1,
      30.5,
      35.3,
      36.9,
      36.2,
      37.7,
      35.0,
      34.8,
      32.0,
      36.3,
      35.3,
      36.8,
      35.7,
      31.8,
      27.5,
      30.7,
      37.3,
      35.2,
      30.7,
      30.0,
      36.3,
      30.5,
      38.0,
      37.2,
      31.1,
      39.3,
      37.1,
      37.3,
      30.6,
      34.0,
      35.1,
      31.9,
      36.2,
      24.4,
      36.3,
      34.5,
      34.9,
      31.3,
      28.2,
      31.0,
      30.5,
      30.2,
      7.0,
      28.8,
      0.0,
      22.0,
      25.7,
      10.4,
      34.8,
      2.9,
      34.9,
      26.1,
      0.55
    ],
    [
      12.2,
      11.0,
      10.5,
      14.3,
      7.9,
      10.2,
      11.6,
      10.5,
      11.2,
      9.5,
      11.9,
      10.5,
      12.9,
      9.2,
      10.6,
      8.3,
      10.8,
      19.2,
      10.8,
      9.9,
      12.9,
      6.5,
      11.8,
      11.3,
      19.1,
      11.8,
      21.5,
      10.7,
      9.5,
      11.9,
      12.5,
      10.1,
      13.3,
      11.3,
      11.2,
      9.6,
      11.1,
      9.4,
      12.9,
      10.9,
      0.5,
      11.5,
      9.6,
      10.7,
      13.3,
      7.2,
      11.1,
      9.5,
      9.2,
      17.2,
      7.8,
      22.0,
      0.0,
      6.7,
      20.8,
      11.2,
      27.3,
      11.2,
      7.1,
      24.6
    ],
    [
      6.2,
      4.8,
      4.2,
      8.0,
      3.6,
      3.9,
      5.4,
      4.3,
      5.0,
      3.3,
      5.9,
      4.2,
      6.7,
      3.0,
      4.3,
      6.9,
      4.5,
      6.5,
      4.5,
      3.7,
      6.6,
      0.3,
      5.6,
      5.0,
      6.4,
      5.6,
      15.2,
      4.5,
      3.3,
      5.7,
      6.2,
      3.9,
      7.1,
      5.1,
      5.0,
      3.3,
      4.8,
      3.2,
      6.7,
      4.6,
      6.3,
      5.3,
      3.4,
      4.4,
      7.1,
      2.9,
      4.9,
      3.3,
      2.9,
      20.9,
      0.85,
      25.7,
      6.7,
      0.0,
      23.2,
      4.5,
      29.7,
      4.5,
      2.4,
      27.0
    ],
    [
      33.2,
      23.8,
      23.0,
      25.3,
      31.9,
      23.2,
      24.4,
      23.9,
      21.4,
      26.5,
      32.9,
      23.7,
      26.1,
      31.0,
      30.8,
      28.0,
      24.1,
      31.3,
      24.7,
      23.4,
      22.7,
      23.5,
      21.6,
      24.0,
      31.2,
      21.6,
      20.9,
      24.1,
      23.6,
      24.7,
      33.2,
      23.8,
      24.0,
      23.5,
      24.0,
      26.6,
      30.0,
      31.2,
      22.8,
      24.8,
      20.4,
      32.3,
      30.5,
      30.9,
      22.2,
      24.2,
      21.9,
      26.5,
      26.2,
      4.4,
      24.8,
      10.4,
      20.8,
      23.2,
      0.0,
      31.6,
      13.6,
      31.7,
      22.9,
      10.9
    ],
    [
      2.3,
      0.45,
      2.7,
      3.6,
      6.8,
      1.8,
      1.0,
      0.65,
      2.3,
      2.7,
      2.0,
      2.4,
      3.2,
      1.9,
      2.1,
      7.0,
      0.6,
      4.3,
      0.2,
      0.85,
      3.9,
      4.2,
      2.2,
      0.6,
      4.2,
      2.2,
      13.6,
      0.55,
      1.2,
      1.3,
      2.3,
      0.95,
      2.6,
      1.1,
      0.55,
      2.7,
      4.9,
      2.1,
      4.0,
      1.6,
      10.8,
      1.8,
      2.4,
      2.2,
      2.7,
      7.4,
      2.2,
      2.7,
      2.8,
      30.1,
      4.6,
      34.8,
      11.2,
      4.5,
      31.6,
      0.0,
      39.2,
      3.1,
      6.8,
      36.5
    ],
    [
      43.6,
      43.4,
      42.6,
      45.9,
      42.2,
      42.3,
      44.1,
      42.5,
      34.8,
      33.0,
      39.5,
      34.0,
      40.2,
      32.7,
      37.3,
      34.5,
      38.8,
      37.8,
      39.3,
      33.4,
      34.3,
      30.0,
      33.3,
      39.8,
      41.6,
      33.3,
      32.5,
      42.6,
      34.6,
      40.5,
      39.7,
      33.6,
      41.7,
      34.8,
      39.8,
      32.7,
      36.5,
      32.9,
      34.4,
      38.7,
      26.9,
      38.8,
      37.0,
      37.4,
      33.9,
      30.7,
      33.5,
      33.0,
      32.7,
      9.6,
      31.3,
      2.9,
      27.3,
      29.7,
      13.6,
      39.2,
      0.0,
      37.8,
      29.1,
      2.6
    ],
    [
      4.9,
      3.2,
      0.75,
      6.4,
      6.8,
      2.0,
      3.8,
      3.2,
      1.6,
      3.4,
      4.6,
      0.75,
      5.8,
      3.0,
      4.4,
      7.0,
      3.5,
      6.6,
      3.1,
      2.8,
      1.1,
      4.2,
      1.9,
      3.4,
      6.5,
      1.9,
      11.5,
      3.5,
      2.2,
      4.1,
      4.9,
      3.2,
      5.5,
      3.1,
      3.4,
      3.4,
      4.9,
      3.1,
      0.4,
      4.2,
      10.9,
      4.4,
      3.5,
      4.5,
      5.5,
      7.4,
      2.1,
      3.4,
      3.0,
      30.1,
      1.1,
      34.9,
      11.2,
      4.5,
      31.7,
      3.1,
      37.8,
      0.0,
      9.1,
      31.7
    ],
    [
      8.6,
      7.2,
      6.6,
      10.4,
      4.1,
      6.3,
      7.8,
      6.7,
