{
  "drive_dist_matrix": [
    [
      0.0,
      52.9,
      31.2,
      42.2,
      12.8,
      4.5,
      4.8,
      35.7,
      10.1,
      29.5,
      43.8,
      42.2,
      18.8,
      59.6,
      22.5,
      5.3,
      10.5,
      4.8,
      56.3
    ],
    [
      52.9,
      0.0,
      43.0,
      80.5,
      61.9,
      53.5,
      54.3,
      22.5,
      44.3,
      26.5,
      11.9,
      81.6,
      68.3,
      97.8,
      32.6,
      54.4,
      42.4,
      53.8,
      91.7
    ],
    [
      31.2,
      43.0,
      0.0,
      50.0,
      40.7,
      32.2,
      33.1,
      22.6,
      27.2,
      18.5,
      33.5,
      67.9,
      47.1,
      67.3,
      22.2,
      31.5,
      26.7,
      32.0,
      78.0
    ],
    [
      42.2,
      80.5,
      50.0,
      0.0,
      52.3,
      43.2,
      44.3,
      58.5,
      47.2,
      54.4,
      70.2,
      77.2,
      58.3,
      17.9,
      54.0,
      42.5,
      46.7,
      43.0,
      101.0
    ],
    [
      12.8,
      61.9,
      40.7,
      52.3,
      0.0,
      9.2,
      12.6,
      45.1,
      19.5,
      40.3,
      53.2,
      39.5,
      6.9,
      70.4,
      31.9,
      10.0,
      19.9,
      9.5,
      64.0
    ],
    [
      4.5,
      53.5,
      32.2,
      43.2,
      9.2,
      0.0,
      4.9,
      36.5,
      10.7,
      31.6,
      44.6,
      42.3,
      14.8,
      61.7,
      23.3,
      0.85,
      11.2,
      0.35,
      56.4
    ],
    [
      4.8,
      54.3,
      33.1,
      44.3,
      12.6,
      4.9,
      0.0,
      37.3,
      10.7,
      32.3,
      45.4,
      37.5,
      14.2,
      62.2,
      24.1,
      5.7,
      12.1,
      5.2,
      51.6
    ],
    [
      35.7,
      22.5,
      22.6,
      58.5,
      45.1,
      36.5,
      37.3,
      0.0,
      26.1,
      5.3,
      13.7,
      63.5,
      52.7,
      76.7,
      14.4,
      36.2,
      24.3,
      35.7,
      73.5
    ],
    [
      10.1,
      44.3,
      27.2,
      47.2,
      19.5,
      10.7,
      10.7,
      26.1,
      0.0,
      29.3,
      35.6,
      44.9,
      24.9,
      65.0,
      14.3,
      11.8,
      2.3,
      11.3,
      54.9
    ],
    [
      29.5,
      26.5,
      18.5,
      54.4,
      40.3,
      31.6,
      32.3,
      5.3,
      29.3,
      0.0,
      18.1,
      66.1,
      47.2,
      74.1,
      12.6,
      31.7,
      26.9,
      32.2,
      76.2
    ],
    [
      43.8,
      11.9,
      33.5,
      70.2,
      53.2,
      44.6,
      45.4,
      13.7,
      35.6,
      18.1,
      0.0,
      72.6,
      61.9,
      88.8,
      23.5,
      45.3,
      33.4,
      44.8,
      82.7
    ],
    [
      42.2,
      81.6,
      67.9,
      77.2,
      39.5,
      42.3,
      37.5,
      63.5,
      44.9,
      66.1,
      72.6,
      0.0,
      35.3,
      83.0,
      50.5,
      43.4,
      47.3,
      42.8,
      32.3
    ],
    [
      18.8,
      68.3,
      47.1,
      58.3,
      6.9,
      14.8,
      14.2,
      52.7,
      24.9,
      47.2,
      61.9,
      35.3,
      0.0,
      76.4,
      39.9,
      16.3,
      26.3,
      15.8,
      59.3
    ],
    [
      59.6,
      97.8,
      67.3,
      17.9,
      70.4,
      61.7,
      62.2,
      76.7,
      65.0,
      74.1,
      88.8,
      83.0,
      76.4,
      0.0,
      73.8,
      62.3,
      66.5,
      62.8,
      95.3
    ],
    [
      22.5,
      32.6,
      22.2,
      54.0,
      31.9,
      23.3,
      24.1,
      14.4,
      14.3,
      12.6,
      23.5,
      50.5,
      39.9,
      73.8,
      0.0,
      25.3,
      13.4,
      24.8,
      62.7
    ],
    [
      5.3,
      54.4,
      31.5,
      42.5,
      10.0,
      0.85,
      5.7,
      36.2,
      11.8,
      31.7,
      45.3,
      43.4,
      16.3,
      62.3,
      25.3,
      0.0,
      13.1,
      0.75,
      57.3
    ],
    [
      10.5,
      42.4,
      26.7,
      46.7,
      19.9,
      11.2,
      12.1,
      24.3,
      2.3,
      26.9,
      33.4,
      47.3,
      26.3,
      66.5,
      13.4,
      13.1,
      0.0,
      12.8,
      57.6
    ],
    [
      4.8,
      53.8,
      32.0,
      43.0,
      9.5,
      0.35,
      5.2,
      35.7,
      11.3,
      32.2,
      44.8,
      42.8,
      15.8,
      62.8,
      24.8,
      0.75,
      12.8,
      0.0,
      56.8
    ],
    [
      56.3,
      91.7,
      78.0,
      101.0,
      64.0,
      56.4,
      51.6,
      73.5,
      54.9,
      76.2,
      82.7,
      32.3,
      59.3,
      95.3,
      62.7,
      57.3,
      57.6,
      56.8,
      0.0
    ]
  ],
  "drive_time_matrix": [
    [
      0.0,
      84.0,
      57.0,
      67.0,
      25.0,
      11.0,
      12.0,
      59.0,
      19.0,
      64.0,
      70.0,
      75.0,
      32.0,
      96.0,
      41.0,
      13.0,
      20.0,
      12.0,
      96.0
    ],
    [
      84.0,
      0.0,
      82.0,
      130.0,
      101.0,
      86.0,
      87.0,
      38.0,
      69.0,
      45.0,
      20.0,
      122.0,
      108.0,
      158.0,
      51.0,
      89.0,
      66.0,
      87.0,
      137.0
    ],
    [
      57.0,
      82.0,
      0.0,
      76.0,
      73.0,
      58.0,
      59.0,
      51.0,
      48.0,
      41.0,
      66.0,
      116.0,
      79.0,
      105.0,
      49.0,
      57.0,
      48.0,
      57.0,
      132.0
    ],
    [
      67.0,
      130.0,
      76.0,
      0.0,
      82.0,
      66.0,
      68.0,
      95.0,
      69.0,
      86.0,
      110.0,
      127.0,
      89.0,
      31.0,
      83.0,
      65.0,
      69.0,
      66.0,
      155.0
    ],
    [
      25.0,
      101.0,
      73.0,
      82.0,
      0.0,
      18.0,
      22.0,
      75.0,
      33.0,
      79.0,
      85.0,
      62.0,
      16.0,
      115.0,
      57.0,
      20.0,
      35.0,
      19.0,
      106.0
    ],
    [
      11.0,
      86.0,
      58.0,
      66.0,
      18.0,
      0.0,
      10.0,
      60.0,
      19.0,
      67.0,
      70.0,
      74.0,
      26.0,
      100.0,
      42.0,
      3.0,
      21.0,
      4.0,
      94.0
    ],
    [
      12.0,
      87.0,
      59.0,
      68.0,
      22.0,
      10.0,
      0.0,
      60.0,
      18.0,
      66.0,
      71.0,
      64.0,
      21.0,
      100.0,
      42.0,
      13.0,
      21.0,
      12.0,
      85.0
    ],
    [
      59.0,
      38.0,
      51.0,
      95.0,
      75.0,
      60.0,
      60.0,
      0.0,
      44.0,
      13.0,
      25.0,
      96.0,
      82.0,
      130.0,
      26.0,
      64.0,
      41.0,
      63.0,
      111.0
    ],
    [
      19.0,
      69.0,
      48.0,
      69.0,
      33.0,
      19.0,
      18.0,
      44.0,
      0.0,
      47.0,
      54.0,
      69.0,
      39.0,
      101.0,
      26.0,
      21.0,
      4.0,
      20.0,
      83.0
    ],
    [
      64.0,
      45.0,
      41.0,
      86.0,
      79.0,
      67.0,
      66.0,
      13.0,
      47.0,
      0.0,
      33.0,
      102.0,
      90.0,
      124.0,
      30.0,
      68.0,
      48.0,
      69.0,
      118.0
    ],
    [
      70.0,
      20.0,
      66.0,
      110.0,
      85.0,
      70.0,
      71.0,
      25.0,
      54.0,
      33.0,
      0.0,
      108.0,
      96.0,
      145.0,
      39.0,
      77.0,
      54.0,
      76.0,
      124.0
    ],
    [
      75.0,
      122.0,
      116.0,
      127.0,
      62.0,
      74.0,
      64.0,
      96.0,
      69.0,
      102.0,
      108.0,
      0.0,
      54.0,
      159.0,
      82.0,
      80.0,
      76.0,
      78.0,
      60.0
    ],
    [
      32.0,
      108.0,
      79.0,
      89.0,
      16.0,
      26.0,
      21.0,
      82.0,
      39.0,
      90.0,
      96.0,
      54.0,
      0.0,
      122.0,
      65.0,
      32.0,
      43.0,
      31.0,
      101.0
    ],
    [
      96.0,
      158.0,
      105.0,
      31.0,
      115.0,
      100.0,
      100.0,
      130.0,
      101.0,
      124.0,
      145.0,
      159.0,
      122.0,
      0.0,
      125.0,
      108.0,
      110.0,
      108.0,
      144.0
    ],
    [
      41.0,
      51.0,
      49.0,
      83.0,
      57.0,
      42.0,
      42.0,
      26.0,
      26.0,
      30.0,
      39.0,
      82.0,
      65.0,
      125.0,
      0.0,
      48.0,
      25.0,
      47.0,
      94.0
    ],
    [
      13.0,
      89.0,
      57.0,
      65.0,
      20.0,
      3.0,
      13.0,
      64.0,
      21.0,
      68.0,
      77.0,
      80.0,
      32.0,
      108.0,
      48.0,
      0.0,
      22.0,
      10.0,
      96.0
    ],
    [
      20.0,
      66.0,
      48.0,
      69.0,
      35.0,
      21.0,
      21.0,
      41.0,
      4.0,
      48.0,
      54.0,
      76.0,
      43.0,
      110.0,
      25.0,
      22.0,
      0.0,
      26.0,
      89.0
    ],
    [
      12.0,
      87.0,
      57.0,
      66.0,
      19.0,
      4.0,
      12.0,
      63.0,
      20.0,
      69.0,
      76.0,
      78.0,
      31.0,
      108.0,
      47.0,
      10.0,
      26.0,
      0.0,
      95.0
    ],
    [
      96.0,
      137.0,
      132.0,
      155.0,
      106.0,
      94.0,
      85.0,
      111.0,
      83.0,
      118.0,
      124.0,
      60.0,
      101.0,
      144.0,
      94.0,
      96.0,
      89.0,
      95.0,
      0.0
    ]
  ],
  "transit_dist_walk_matrix": [
    [
      0.0,
      NaN,
      NaN,
      NaN,
      NaN,
      NaN,
      NaN,
      NaN,
      NaN,
      NaN,
      NaN,
      NaN,
      NaN,
      NaN,
      NaN,
      NaN,
      NaN,
      NaN,
      NaN
    ],
    [
      NaN,
      0.0,
      NaN,
      NaN,
      NaN,
      NaN,
      NaN,
      NaN,
      NaN,
      NaN,
      NaN,
      NaN,
      NaN,
      NaN,
      NaN,
      NaN,
      NaN,
      NaN,
      NaN
    ],
    [
      NaN,
      NaN,
      0.0,
      NaN,
      NaN,
      NaN,
      NaN,
      NaN,
      NaN,
      NaN,
      NaN,
      NaN,
      NaN,
      NaN,
      NaN,
      NaN,
      NaN,
      NaN,
      NaN
    ],
    [
      NaN,
      NaN,
      NaN,
      0.0,
      NaN,
      NaN,
      NaN,
      NaN,
      NaN,
      NaN,
      NaN,
      NaN,
      NaN,
      NaN,
      NaN,
      NaN,
      NaN,
      NaN,
      NaN
    ],
    [
      NaN,
      NaN,
      NaN,
      NaN,
      0.0,
      NaN,
      NaN,
      NaN,
      NaN,
      NaN,
      NaN,
      NaN,
      NaN,
      NaN,
      NaN,
      NaN,
      NaN,
      NaN,
      NaN
    ],
    [
      NaN,
      NaN,
      NaN,
      NaN,
      NaN,
      0.0,
      NaN,
      NaN,
      NaN,
      NaN,
      NaN,
      NaN,
      NaN,
      NaN,
      NaN,
      NaN,
      NaN,
      NaN,
      NaN
    ],
    [
      NaN,
      NaN,
      NaN,
      NaN,
      NaN,
      NaN,
      0.0,
      NaN,
      NaN,
      NaN,
      NaN,
      NaN,
      NaN,
      NaN,
      NaN,
      NaN,
      NaN,
      NaN,
      NaN
    ],
    [
      NaN,
      NaN,
      NaN,
      NaN,
      NaN,
      NaN,
      NaN,
      0.0,
      NaN,
      NaN,
      NaN,
      NaN,
      NaN,
      NaN,
      NaN,
      NaN,
      NaN,
      NaN,
      NaN
    ],
    [
      NaN,
      NaN,
      NaN,
      NaN,
      NaN,
      NaN,
      NaN,
      NaN,
      0.0,
      NaN,
      NaN,
      NaN,
      NaN,
      NaN,
      NaN,
      NaN,
      NaN,
      NaN,
      NaN
    ],
    [
      NaN,
      NaN,
      NaN,
      NaN,
      NaN,
      NaN,
      NaN,
      NaN,
      NaN,
      0.0,
      NaN,
      NaN,
      NaN,
      NaN,
      NaN,
      NaN,
      NaN,
      NaN,
      NaN
    ],
    [
      NaN,
      NaN,
      NaN,
      NaN,
      NaN,
      NaN,
      NaN,
      NaN,
      NaN,
      NaN,
      0.0,
      NaN,
      NaN,
      NaN,
      NaN,
      NaN,
      NaN,
      NaN,
      NaN
    ],
    [
      NaN,
      NaN,
      NaN,
      NaN,
      NaN,
      NaN,
      NaN,
      NaN,
      NaN,
      NaN,
      NaN,
      0.0,
      NaN,
      NaN,
      NaN,
      NaN,
      NaN,
      NaN,
      NaN
    ],
    [
      NaN,
      NaN,
      NaN,
      NaN,
      NaN,
      NaN,
      NaN,
      NaN,
      NaN,
      NaN,
      NaN,
      NaN,
      0.0,
      NaN,
      NaN,
      NaN,
      NaN,
      NaN,
      NaN
    ],
    [
      NaN,
      NaN,
      NaN,
      NaN,
      NaN,
      NaN,
      NaN,
      NaN,
      NaN,
      NaN,
      NaN,
      NaN,
      NaN,
      0.0,
      NaN,
      NaN,
      NaN,
      NaN,
      NaN
    ],
    [
      NaN,
      NaN,
      NaN,
      NaN,
      NaN,
      NaN,
      NaN,
      NaN,
      NaN,
      NaN,
      NaN,
      NaN,
      NaN,
      NaN,
      0.0,
      NaN,
      NaN,
      NaN,
      NaN
    ],
    [
      NaN,
      NaN,
      NaN,
      NaN,
      NaN,
      NaN,
      NaN,
      NaN,
      NaN,
      NaN,
      NaN,
      NaN,
      NaN,
      NaN,
      NaN,
      0.0,
      NaN,
      NaN,
      NaN
    ],
    [
      NaN,
      NaN,
      NaN,
      NaN,
      NaN,
      NaN,
      NaN,
      NaN,
      NaN,
      NaN,
      NaN,
      NaN,
      NaN,
      NaN,
      NaN,
      NaN,
      0.0,
      NaN,
      NaN
    ],
    [
      NaN,
      NaN,
      NaN,
      NaN,
      NaN,
      NaN,
      NaN,
      NaN,
      NaN,
      NaN,
      NaN,
      NaN,
      NaN,
      NaN,
      NaN,
      NaN,
      NaN,
      0.0,
      NaN
    ],
    [
      NaN,
      NaN,
      NaN,
      NaN,
      NaN,
      NaN,
      NaN,
      NaN,
      NaN,
      NaN,
      NaN,
      NaN,
      NaN,
      NaN,
      NaN,
      NaN,
      NaN,
      NaN,
      0.0
    ]
  ],
  "transit_time_matrix": [
    [
      0.0,
      NaN,
      NaN,
      NaN,
      NaN,
      NaN,
      NaN,
      NaN,
      NaN,
      NaN,
      NaN,
      NaN,
      NaN,
      NaN,
      NaN,
      NaN,
      NaN,
      NaN,
      NaN
    ],
    [
      NaN,
      0.0,
      NaN,
      NaN,
      NaN,
      NaN,
      NaN,
      NaN,
      NaN,
      NaN,
      NaN,
      NaN,
      NaN,
      NaN,
      NaN,
      NaN,
      NaN,
      NaN,
      NaN
    ],
    [
      NaN,
      NaN,
      0.0,
      NaN,
      NaN,
      NaN,
      NaN,
      NaN,
      NaN,
      NaN,
      NaN,
      NaN,
      NaN,
      NaN,
      NaN,
      NaN,
      NaN,
      NaN,
      NaN
    ],
    [
      NaN,
      NaN,
      NaN,
      0.0,
      NaN,
      NaN,
      NaN,
      NaN,
      NaN,
      NaN,
      NaN,
      NaN,
      NaN,
      NaN,
      NaN,
      NaN,
      NaN,
      NaN,
      NaN
    ],
    [
      NaN,
      NaN,
      NaN,
      NaN,
      0.0,
      NaN,
      NaN,
      NaN,
      NaN,
      NaN,
      NaN,
      NaN,
      NaN,
      NaN,
      NaN,
      NaN,
      NaN,
      NaN,
      NaN
    ],
    [
      NaN,
      NaN,
      NaN,
      NaN,
      NaN,
      0.0,
      NaN,
      NaN,
      NaN,
      NaN,
      NaN,
      NaN,
      NaN,
      NaN,
      NaN,
      NaN,
      NaN,
      NaN,
      NaN
    ],
    [
      NaN,
      NaN,
      NaN,
      NaN,
      NaN,
      NaN,
      0.0,
      NaN,
      NaN,
      NaN,
      NaN,
      NaN,
      NaN,
      NaN,
      NaN,
      NaN,
      NaN,
      NaN,
      NaN
    ],
    [
      NaN,
      NaN,
      NaN,
      NaN,
      NaN,
      NaN,
      NaN,
      0.0,
      NaN,
      NaN,
      NaN,
      NaN,
      NaN,
      NaN,
      NaN,
      NaN,
      NaN,
      NaN,
      NaN
    ],
    [
      NaN,
      NaN,
      NaN,
      NaN,
      NaN,
      NaN,
      NaN,
      NaN,
      0.0,
      NaN,
      NaN,
      NaN,
      NaN,
      NaN,
      NaN,
      NaN,
      NaN,
      NaN,
      NaN
    ],
    [
      NaN,
      NaN,
      NaN,
      NaN,
      NaN,
      NaN,
      NaN,
      NaN,
      NaN,
      0.0,
      NaN,
      NaN,
      NaN,
      NaN,
      NaN,
      NaN,
      NaN,
      NaN,
      NaN
    ],
    [
      NaN,
      NaN,
      NaN,
      NaN,
      NaN,
      NaN,
      NaN,
      NaN,
      NaN,
      NaN,
      0.0,
      NaN,
      NaN,
      NaN,
      NaN,
      NaN,
      NaN,
      NaN,
      NaN
    ],
    [
      NaN,
      NaN,
      NaN,
      NaN,
      NaN,
      NaN,
      NaN,
      NaN,
      NaN,
      NaN,
      NaN,
      0.0,
      NaN,
      NaN,
      NaN,
      NaN,
      NaN,
      NaN,
      NaN
    ],
    [
      NaN,
      NaN,
      NaN,
      NaN,
      NaN,
      NaN,
      NaN,
      NaN,
      NaN,
      NaN,
      NaN,
      NaN,
      0.0,
      NaN,
      NaN,
      NaN,
      NaN,
      NaN,
      NaN
    ],
    [
      NaN,
      NaN,
      NaN,
      NaN,
      NaN,
      NaN,
      NaN,
      NaN,
      NaN,
      NaN,
      NaN,
      NaN,
      NaN,
      0.0,
      NaN,
      NaN,
      NaN,
      NaN,
      NaN
    ],
    [
      NaN,
      NaN,
      NaN,
      NaN,
      NaN,
      NaN,
      NaN,
      NaN,
      NaN,
      NaN,
      NaN,
      NaN,
      NaN,
      NaN,
      0.0,
      NaN,
      NaN,
      NaN,
      NaN
    ],
    [
      NaN,
      NaN,
      NaN,
      NaN,
      NaN,
      NaN,
      NaN,
      NaN,
      NaN,
      NaN,
      NaN,
      NaN,
      NaN,
      NaN,
      NaN,
      0.0,
      NaN,
      NaN,
      NaN
    ],
    [
      NaN,
      NaN,
      NaN,
      NaN,
      NaN,
      NaN,
      NaN,
      NaN,
      NaN,
      NaN,
      NaN,
      NaN,
      NaN,
      NaN,
      NaN,
      NaN,
      0.0,
      NaN,
      NaN
    ],
    [
      NaN,
      NaN,
      NaN,
      NaN,
      NaN,
      NaN,
      NaN,
      NaN,
      NaN,
      NaN,
      NaN,
      NaN,
      NaN,
      NaN,
      NaN,
      NaN,
      NaN,
      0.0,
      NaN
    ],
    [
      NaN,
      NaN,
      NaN,
      NaN,
      NaN,
      NaN,
      NaN,
      NaN,
      NaN,
      NaN,
      NaN,
      NaN,
      NaN,
      NaN,
      NaN,
      NaN,
      NaN,
      NaN,
      0.0
    ]
  ],
  "walk_dist_matrix": [
    [
      0.0,
      48.8,
      28.6,
      39.3,
      10.7,
      1.7,
      3.9,
      29.4,
      9.7,
      27.9,
      39.4,
      39.6,
      16.0,
      54.4,
      20.3,
      2.6,
      10.2,
      2.0,
      53.8
    ],
    [
      48.8,
      0.0,
      41.5,
      76.3,
      59.5,
      50.5,
      51.4,
      21.5,
      41.8,
      24.9,
      11.9,
      79.4,
      64.6,
      91.4,
      30.9,
      50.3,
      40.0,
      50.6,
      89.8
    ],
    [
      28.6,
      41.5,
      0.0,
      45.9,
      39.1,
      30.2,
      31.2,
      21.6,
      25.5,
      17.8,
      32.1,
      65.8,
      44.4,
      61.0,
      20.9,
      29.6,
      24.9,
      29.9,
      76.9
    ],
    [
      39.3,
      76.3,
      45.9,
      0.0,
      49.2,
      40.3,
      42.0,
      56.3,
      43.9,
      52.6,
      66.8,
      74.2,
      55.0,
      15.9,
      50.2,
      39.7,
      43.3,
      40.0,
      91.9
    ],
    [
      10.7,
      59.5,
      39.1,
      49.2,
      0.0,
      9.0,
      12.0,
      40.1,
      19.1,
      38.7,
      50.1,
      38.5,
      6.9,
      64.3,
      30.0,
      9.9,
      19.9,
      9.3,
      59.1
    ],
    [
      1.7,
      50.5,
      30.2,
      40.3,
      9.0,
      0.0,
      4.4,
      31.1,
      10.5,
      29.6,
      41.1,
      40.2,
      14.7,
      55.4,
      21.4,
      1.0,
      11.2,
      0.35,
      54.3
    ],
    [
      3.9,
      51.4,
      31.2,
      42.0,
      12.0,
      4.4,
      0.0,
      32.0,
      10.4,
      30.5,
      42.0,
      35.8,
      14.1,
      57.1,
      21.9,
      5.4,
      11.7,
      4.7,
      50.0
    ],
    [
      29.4,
      21.5,
      21.6,
      56.3,
      40.1,
      31.1,
      32.0,
      0.0,
      22.4,
      4.7,
      12.0,
      60.1,
      45.2,
      71.4,
      11.6,
      30.8,
      20.6,
      31.2,
      70.5
    ],
    [
      9.7,
      41.8,
      25.5,
      43.9,
      19.1,
      10.5,
      10.4,
      22.4,
      0.0,
      21.0,
      32.4,
      43.0,
      24.2,
      59.0,
      12.2,
      11.5,
      2.3,
      10.8,
      53.4
    ],
    [
      27.9,
      24.9,
      17.8,
      52.6,
      38.7,
      29.6,
      30.5,
      4.7,
      21.0,
      0.0,
      15.4,
      58.7,
      43.7,
      67.7,
      10.2,
      29.4,
      19.1,
      29.8,
      69.1
    ],
    [
      39.4,
      11.9,
      32.1,
      66.8,
      50.1,
      41.1,
      42.0,
      12.0,
      32.4,
      15.4,
      0.0,
      70.0,
      55.2,
      82.0,
      21.5,
      40.9,
      30.6,
      41.2,
      80.4
    ],
    [
      39.6,
      79.4,
      65.8,
      74.2,
      38.5,
      40.2,
      35.8,
      60.1,
      43.0,
      58.7,
      70.0,
      0.0,
      32.0,
      80.1,
      48.8,
      41.2,
      44.9,
      40.6,
      31.1
    ],
    [
      16.0,
      64.6,
      44.4,
      55.0,
      6.9,
      14.7,
      14.1,
      45.2,
      24.2,
      43.7,
      55.2,
      32.0,
      0.0,
      70.1,
      35.1,
      15.7,
      24.9,
      15.1,
      53.8
    ],
    [
      54.4,
      91.4,
      61.0,
      15.9,
      64.3,
      55.4,
      57.1,
      71.4,
      59.0,
      67.7,
      82.0,
      80.1,
      70.1,
      0.0,
      65.3,
      54.8,
      58.4,
      55.1,
      93.2
    ],
    [
      20.3,
      30.9,
      20.9,
      50.2,
      30.0,
      21.4,
      21.9,
      11.6,
      12.2,
      10.2,
      21.5,
      48.8,
      35.1,
      65.3,
      0.0,
      22.4,
      10.6,
      21.7,
      59.2
    ],
    [
      2.6,
      50.3,
      29.6,
      39.7,
      9.9,
      1.0,
      5.4,
      30.8,
      11.5,
      29.4,
      40.9,
      41.2,
      15.7,
      54.8,
      22.4,
      0.0,
      12.2,
      0.75,
      55.3
    ],
    [
      10.2,
      40.0,
      24.9,
      43.3,
      19.9,
      11.2,
      11.7,
      20.6,
      2.3,
      19.1,
      30.6,
      44.9,
      24.9,
      58.4,
      10.6,
      12.2,
      0.0,
      11.6,
      55.4
    ],
    [
      2.0,
      50.6,
      29.9,
      40.0,
      9.3,
      0.35,
      4.7,
      31.2,
      10.8,
      29.8,
      41.2,
      40.6,
      15.1,
      55.1,
      21.7,
      0.75,
      11.6,
      0.0,
      54.7
    ],
    [
      53.8,
      89.8,
      76.9,
      91.9,
      59.1,
      54.3,
      50.0,
      70.5,
      53.4,
      69.1,
      80.4,
      31.1,
      53.8,
      93.2,
      59.2,
      55.3,
      55.4,
      54.7,
      0.0
    ]
  ],
  "walk_time_matrix": [
    [
      0.0,
      608.0,
      354.0,
      538.0,
      144.0,
      23.0,
      49.0,
      361.0,
      117.0,
      342.0,
      489.0,
      533.0,
      214.0,
      736.0,
      247.0,
      35.0,
      123.0,
      27.0,
      686.0
    ],
    [
      608.0,
      0.0,
      521.0,
      1007.0,
      763.0,
      643.0,
      652.0,
      269.0,
      528.0,
      312.0,
      153.0,
      1027.0,
      830.0,
      1205.0,
      387.0,
      639.0,
      505.0,
      644.0,
      1135.0
    ],
    [
      354.0,
      521.0,
      0.0,
      628.0,
      507.0,
      387.0,
      400.0,
      270.0,
      322.0,
      223.0,
      405.0,
      866.0,
      578.0,
      826.0,
      261.0,
      379.0,
      314.0,
      384.0,
      975.0
    ],
    [
      538.0,
      1007.0,
      628.0,
      0.0,
      598.0,
      478.0,
      497.0,
      667.0,
      515.0,
      620.0,
      802.0,
      973.0,
      674.0,
      207.0,
      592.0,
      471.0,
      507.0,
      475.0,
      1134.0
    ],
    [
      144.0,
      763.0,
      507.0,
      598.0,
      0.0,
      102.0,
      137.0,
      482.0,
      222.0,
      464.0,
      611.0,
      526.0,
      95.0,
      848.0,
      355.0,
      114.0,
      231.0,
      106.0,
      766.0
    ],
    [
      23.0,
      643.0,
      387.0,
      478.0,
      102.0,
      0.0,
      53.0,
      382.0,
      125.0,
      363.0,
      510.0,
      538.0,
      196.0,
      747.0,
      259.0,
      12.0,
      134.0,
      4.0,
      690.0
    ],
    [
      49.0,
      652.0,
      400.0,
      497.0,
      137.0,
      53.0,
      0.0,
      394.0,
      126.0,
      375.0,
      523.0,
      485.0,
      188.0,
      770.0,
      267.0,
      69.0,
      142.0,
      61.0,
      637.0
    ],
    [
      361.0,
      269.0,
      270.0,
      667.0,
      482.0,
      382.0,
      394.0,
      0.0,
      284.0,
      58.0,
      154.0,
      787.0,
      586.0,
      954.0,
      146.0,
      396.0,
      261.0,
      400.0,
      895.0
    ],
    [
      117.0,
      528.0,
      322.0,
      515.0,
      222.0,
      125.0,
      126.0,
      284.0,
      0.0,
      259.0,
      404.0,
      573.0,
      320.0,
      795.0,
      150.0,
      149.0,
      29.0,
      141.0,
      680.0
    ],
    [
      342.0,
      312.0,
      223.0,
      620.0,
      464.0,
      363.0,
      375.0,
      58.0,
      259.0,
      0.0,
      197.0,
      769.0,
      568.0,
      907.0,
      128.0,
      377.0,
      243.0,
      382.0,
      876.0
    ],
    [
      489.0,
      153.0,
      405.0,
      802.0,
      611.0,
      510.0,
      523.0,
      154.0,
      404.0,
      197.0,
      0.0,
      905.0,
      708.0,
      1082.0,
      264.0,
      517.0,
      383.0,
      521.0,
      1013.0
    ],
    [
      533.0,
      1027.0,
      866.0,
      973.0,
      526.0,
      538.0,
      485.0,
      787.0,
      573.0,
      769.0,
      905.0,
      0.0,
      408.0,
      1027.0,
      582.0,
      502.0,
      539.0,
      494.0,
      384.0
    ],
    [
      214.0,
      830.0,
      578.0,
      674.0,
      95.0,
      196.0,
      188.0,
      586.0,
      320.0,
      568.0,
      708.0,
      408.0,
      0.0,
      918.0,
      417.0,
      184.0,
      293.0,
      176.0,
      691.0
    ],
    [
      736.0,
      1205.0,
      826.0,
      207.0,
      848.0,
      747.0,
      770.0,
      954.0,
      795.0,
      907.0,
      1082.0,
      1027.0,
      918.0,
      0.0,
      821.0,
      700.0,
      736.0,
      704.0,
      1153.0
    ],
    [
      247.0,
      387.0,
      261.0,
      592.0,
      355.0,
      259.0,
      267.0,
      146.0,
      150.0,
      128.0,
      264.0,
      582.0,
      417.0,
      821.0,
      0.0,
      288.0,
      135.0,
      279.0,
      753.0
    ],
    [
      35.0,
      639.0,
      379.0,
      471.0,
      114.0,
      12.0,
      69.0,
      396.0,
      149.0,
      377.0,
      517.0,
      502.0,
      184.0,
      700.0,
      288.0,
      0.0,
      147.0,
      10.0,
      703.0
    ],
    [
      123.0,
      505.0,
      314.0,
      507.0,
      231.0,
      134.0,
      142.0,
      261.0,
      29.0,
      243.0,
      383.0,
      539.0,
      293.0,
      736.0,
      135.0,
      147.0,
      0.0,
      150.0,
      704.0
    ],
    [
      27.0,
      644.0,
      384.0,
      475.0,
      106.0,
      4.0,
      61.0,
      400.0,
      141.0,
      382.0,
      521.0,
      494.0,
      176.0,
      704.0,
      279.0,
      10.0,
      150.0,
      0.0,
      694.0
    ],
    [
      686.0,
      1135.0,
      975.0,
      1134.0,
      766.0,
      690.0,
      637.0,
      895.0,
      680.0,
      876.0,
      1013.0,
      384.0,
      691.0,
      1153.0,
      753.0,
      703.0,
      704.0,
      694.0,
      0.0
    ]
  ],
  "cycle_dist_matrix": [
    [
      0.0,
      48.8,
      28.6,
      39.3,
      10.7,
      1.7,
      3.9,
      29.4,
      9.7,
      27.9,
      39.4,
      39.6,
      16.0,
      54.4,
      20.3,
      2.6,
      10.2,
      2.0,
      53.8
    ],
    [
      48.8,
      0.0,
      41.5,
      76.3,
      59.5,
      50.5,
      51.4,
      21.5,
      41.8,
      24.9,
      11.9,
      79.4,
      64.6,
      91.4,
      30.9,
      50.3,
      40.0,
      50.6,
      89.8
    ],
    [
      28.6,
      41.5,
      0.0,
      45.9,
      39.1,
      30.2,
      31.2,
      21.6,
      25.5,
      17.8,
      32.1,
      65.8,
      44.4,
      61.0,
      20.9,
      29.6,
      24.9,
      29.9,
      76.9
    ],
    [
      39.3,
      76.3,
      45.9,
      0.0,
      49.2,
      40.3,
      42.0,
      56.3,
      43.9,
      52.6,
      66.8,
      74.2,
      55.0,
      15.9,
      50.2,
      39.7,
      43.3,
      40.0,
      91.9
    ],
    [
      10.7,
      59.5,
      39.1,
      49.2,
      0.0,
      9.0,
      12.0,
      40.1,
      19.1,
      38.7,
      50.1,
      38.5,
      6.9,
      64.3,
      30.0,
      9.9,
      19.9,
      9.3,
      59.1
    ],
    [
      1.7,
      50.5,
      30.2,
      40.3,
      9.0,
      0.0,
      4.4,
      31.1,
      10.5,
      29.6,
      41.1,
      40.2,
      14.7,
      55.4,
      21.4,
      1.0,
      11.2,
      0.35,
      54.3
    ],
    [
      3.9,
      51.4,
      31.2,
      42.0,
      12.0,
      4.4,
      0.0,
      32.0,
      10.4,
      30.5,
      42.0,
      35.8,
      14.1,
      57.1,
      21.9,
      5.4,
      11.7,
      4.7,
      50.0
    ],
    [
      29.4,
      21.5,
      21.6,
      56.3,
      40.1,
      31.1,
      32.0,
      0.0,
      22.4,
      4.7,
      12.0,
      60.1,
      45.2,
      71.4,
      11.6,
      30.8,
      20.6,
      31.2,
      70.5
    ],
    [
      9.7,
      41.8,
      25.5,
      43.9,
      19.1,
      10.5,
      10.4,
      22.4,
      0.0,
      21.0,
      32.4,
      43.0,
      24.2,
      59.0,
      12.2,
      11.5,
      2.3,
      10.8,
      53.4
    ],
    [
      27.9,
      24.9,
      17.8,
      52.6,
      38.7,
      29.6,
      30.5,
      4.7,
      21.0,
      0.0,
      15.4,
      58.7,
      43.7,
      67.7,
      10.2,
      29.4,
      19.1,
      29.8,
      69.1
    ],
    [
      39.4,
      11.9,
      32.1,
      66.8,
      50.1,
      41.1,
      42.0,
      12.0,
      32.4,
      15.4,
      0.0,
      70.0,
      55.2,
      82.0,
      21.5,
      40.9,
      30.6,
      41.2,
      80.4
    ],
    [
      39.6,
      79.4,
      65.8,
      74.2,
      38.5,
      40.2,
      35.8,
      60.1,
      43.0,
      58.7,
      70.0,
      0.0,
      32.0,
      80.1,
      48.8,
      41.2,
      44.9,
      40.6,
      31.1
    ],
    [
      16.0,
      64.6,
      44.4,
      55.0,
      6.9,
      14.7,
      14.1,
      45.2,
      24.2,
      43.7,
      55.2,
      32.0,
      0.0,
      70.1,
      35.1,
      15.7,
      24.9,
      15.1,
      53.8
    ],
    [
      54.4,
      91.4,
      61.0,
      15.9,
      64.3,
      55.4,
      57.1,
      71.4,
      59.0,
      67.7,
      82.0,
      80.1,
      70.1,
      0.0,
      65.3,
      54.8,
      58.4,
      55.1,
      93.2
    ],
    [
      20.3,
      30.9,
      20.9,
      50.2,
      30.0,
      21.4,
      21.9,
      11.6,
      12.2,
      10.2,
      21.5,
      48.8,
      35.1,
      65.3,
      0.0,
      22.4,
      10.6,
      21.7,
      59.2
    ],
    [
      2.6,
      50.3,
      29.6,
      39.7,
      9.9,
      1.0,
      5.4,
      30.8,
      11.5,
      29.4,
      40.9,
      41.2,
      15.7,
      54.8,
      22.4,
      0.0,
      12.2,
      0.75,
      55.3
    ],
    [
      10.2,
      40.0,
      24.9,
      43.3,
      19.9,
      11.2,
      11.7,
      20.6,
      2.3,
      19.1,
      30.6,
      44.9,
      24.9,
      58.4,
      10.6,
      12.2,
      0.0,
      11.6,
      55.4
    ],
    [
      2.0,
      50.6,
      29.9,
      40.0,
      9.3,
      0.35,
      4.7,
      31.2,
      10.8,
      29.8,
      41.2,
      40.6,
      15.1,
      55.1,
      21.7,
      0.75,
      11.6,
      0.0,
      54.7
    ],
    [
      53.8,
      89.8,
      76.9,
      91.9,
      59.1,
      54.3,
      50.0,
      70.5,
      53.4,
      69.1,
      80.4,
      31.1,
      53.8,
      93.2,
      59.2,
      55.3,
      55.4,
      54.7,
      0.0
    ]
  ],
  "cycle_time_matrix": [
    [
      0.0,
      608.0,
      354.0,
      538.0,
      144.0,
      23.0,
      49.0,
      361.0,
      117.0,
      342.0,
      489.0,
      533.0,
      214.0,
      736.0,
      247.0,
      35.0,
      123.0,
      27.0,
      686.0
    ],
    [
      608.0,
      0.0,
      521.0,
      1007.0,
      763.0,
      643.0,
      652.0,
      269.0,
      528.0,
      312.0,
      153.0,
      1027.0,
      830.0,
      1205.0,
      387.0,
      639.0,
      505.0,
      644.0,
      1135.0
    ],
    [
      354.0,
      521.0,
      0.0,
      628.0,
      507.0,
      387.0,
      400.0,
      270.0,
      322.0,
      223.0,
      405.0,
      866.0,
      578.0,
      826.0,
      261.0,
      379.0,
      314.0,
      384.0,
      975.0
    ],
    [
      538.0,
      1007.0,
      628.0,
      0.0,
      598.0,
      478.0,
      497.0,
      667.0,
      515.0,
      620.0,
      802.0,
      973.0,
      674.0,
      207.0,
      592.0,
      471.0,
      507.0,
      475.0,
      1134.0
    ],
    [
      144.0,
      763.0,
      507.0,
      598.0,
      0.0,
      102.0,
      137.0,
      482.0,
      222.0,
      464.0,
      611.0,
      526.0,
      95.0,
      848.0,
      355.0,
      114.0,
      231.0,
      106.0,
      766.0
    ],
    [
      23.0,
      643.0,
      387.0,
      478.0,
      102.0,
      0.0,
      53.0,
      382.0,
      125.0,
      363.0,
      510.0,
      538.0,
      196.0,
      747.0,
      259.0,
      12.0,
      134.0,
      4.0,
      690.0
    ],
    [
      49.0,
      652.0,
      400.0,
      497.0,
      137.0,
      53.0,
      0.0,
      394.0,
      126.0,
      375.0,
      523.0,
      485.0,
      188.0,
      770.0,
      267.0,
      69.0,
      142.0,
      61.0,
      637.0
    ],
    [
      361.0,
      269.0,
      270.0,
      667.0,
      482.0,
      382.0,
      394.0,
      0.0,
      284.0,
      58.0,
      154.0,
      787.0,
      586.0,
      954.0,
      146.0,
      396.0,
      261.0,
      400.0,
      895.0
    ],
    [
      117.0,
      528.0,
      322.0,
      515.0,
      222.0,
      125.0,
      126.0,
      284.0,
      0.0,
      259.0,
      404.0,
      573.0,
      320.0,
      795.0,
      150.0,
      149.0,
      29.0,
      141.0,
      680.0
    ],
    [
      342.0,
      312.0,
      223.0,
      620.0,
      464.0,
      363.0,
      375.0,
      58.0,
      259.0,
      0.0,
      197.0,
      769.0,
      568.0,
      907.0,
      128.0,
      377.0,
      243.0,
      382.0,
      876.0
    ],
    [
      489.0,
      153.0,
      405.0,
      802.0,
      611.0,
      510.0,
      523.0,
      154.0,
      404.0,
      197.0,
      0.0,
      905.0,
      708.0,
      1082.0,
      264.0,
      517.0,
      383.0,
      521.0,
      1013.0
    ],
    [
      533.0,
      1027.0,
      866.0,
      973.0,
      526.0,
      538.0,
      485.0,
      787.0,
      573.0,
      769.0,
      905.0,
      0.0,
      408.0,
      1027.0,
      582.0,
      502.0,
      539.0,
      494.0,
      384.0
    ],
    [
      214.0,
      830.0,
      578.0,
      674.0,
      95.0,
      196.0,
      188.0,
      586.0,
      320.0,
      568.0,
      708.0,
      408.0,
      0.0,
      918.0,
      417.0,
      184.0,
      293.0,
      176.0,
      691.0
    ],
    [
      736.0,
      1205.0,
      826.0,
      207.0,
      848.0,
      747.0,
      770.0,
      954.0,
      795.0,
      907.0,
      1082.0,
      1027.0,
      918.0,
      0.0,
      821.0,
      700.0,
      736.0,
      704.0,
      1153.0
    ],
    [
      247.0,
      387.0,
      261.0,
      592.0,
      355.0,
      259.0,
      267.0,
      146.0,
      150.0,
      128.0,
      264.0,
      582.0,
      417.0,
      821.0,
      0.0,
      288.0,
      135.0,
      279.0,
      753.0
    ],
    [
      35.0,
      639.0,
      379.0,
      471.0,
      114.0,
      12.0,
      69.0,
      396.0,
      149.0,
      377.0,
      517.0,
      502.0,
      184.0,
      700.0,
      288.0,
      0.0,
      147.0,
      10.0,
      703.0
    ],
    [
      123.0,
      505.0,
      314.0,
      507.0,
      231.0,
      134.0,
      142.0,
      261.0,
      29.0,
      243.0,
      383.0,
      539.0,
      293.0,
      736.0,
      135.0,
      147.0,
      0.0,
      150.0,
      704.0
    ],
    [
      27.0,
      644.0,
      384.0,
      475.0,
      106.0,
      4.0,
      61.0,
      400.0,
      141.0,
      382.0,
      521.0,
      494.0,
      176.0,
      704.0,
      279.0,
      10.0,
      150.0,
      0.0,
      694.0
    ],
    [
      686.0,
      1135.0,
      975.0,
      1134.0,
      766.0,
      690.0,
      637.0,
      895.0,
      680.0,
      876.0,
      1013.0,
      384.0,
      691.0,
      1153.0,
      753.0,
      703.0,
      704.0,
      694.0,
      0.0
    ]
  ],
  "avg_dd": [
    [
      37.49335180055396
    ]
  ]
}