{
  "drive_dist_matrix": [
    [
      0.0,
      52.9,
      31.2,
      42.2,
      12.8,
      4.5,
      4.8,
      35.7,
      10.1,
      29.5,
      43.8,
      42.2,
      18.8,
      59.6,
      22.5,
      5.3,
      10.5,
      4.8,
      62.8
    ],
    [
      52.9,
      0.0,
      43.0,
      80.5,
      61.9,
      53.5,
      56.0,
      22.5,
      44.3,
      26.7,
      11.9,
      82.4,
      68.3,
      97.8,
      32.6,
      55.1,
      42.4,
      53.8,
      98.3
    ],
    [
      31.2,
      43.0,
      0.0,
      50.0,
      40.7,
      32.4,
      33.1,
      22.6,
      27.0,
      18.5,
      33.5,
      72.9,
      47.1,
      67.3,
      26.6,
      31.7,
      26.5,
      32.2,
      88.5
    ],
    [
      42.2,
      80.5,
      50.0,
      0.0,
      52.3,
      43.6,
      44.3,
      59.3,
      47.2,
      54.4,
      70.2,
      77.2,
      58.3,
      17.9,
      54.0,
      42.9,
      46.7,
      43.4,
      108.0
    ],
    [
      12.8,
      61.9,
      40.7,
      52.3,
      0.0,
      9.2,
      12.6,
      45.1,
      19.5,
      40.3,
      53.2,
      39.5,
      6.9,
      70.4,
      31.9,
      10.0,
      19.9,
      9.5,
      69.2
    ],
    [
      4.5,
      53.5,
      32.4,
      43.6,
      9.2,
      0.0,
      4.9,
      36.5,
      10.7,
      31.6,
      44.6,
      42.3,
      14.8,
      61.7,
      23.3,
      0.85,
      11.2,
      0.35,
      63.0
    ],
    [
      4.8,
      56.0,
      33.1,
      44.3,
      12.6,
      4.9,
      0.0,
      38.4,
      10.7,
      32.3,
      45.4,
      37.5,
      14.2,
      62.2,
      25.2,
      6.0,
      12.1,
      5.5,
      58.2
    ],
    [
      35.7,
      22.5,
      22.6,
      59.3,
      45.1,
      36.5,
      38.4,
      0.0,
      26.1,
      5.3,
      13.7,
      64.3,
      52.7,
      77.7,
      14.4,
      36.9,
      24.3,
      35.7,
      80.1
    ],
    [
      10.1,
      44.3,
      27.0,
      47.2,
      19.5,
      10.7,
      10.7,
      26.1,
      0.0,
      29.4,
      35.6,
      45.7,
      24.9,
      65.0,
      14.3,
      11.8,
      2.3,
      11.3,
      61.5
    ],
    [
      29.5,
      26.7,
      18.5,
      54.4,
      40.3,
      31.6,
      32.3,
      5.3,
      29.4,
      0.0,
      18.1,
      66.9,
      55.4,
      75.5,
      12.6,
      39.5,
      26.9,
      38.3,
      82.7
    ],
    [
      43.8,
      11.9,
      33.5,
      70.2,
      53.2,
      44.6,
      45.4,
      13.7,
      35.6,
      18.1,
      0.0,
      73.4,
      61.9,
      88.8,
      23.5,
      46.0,
      33.4,
      44.8,
      89.2
    ],
    [
      42.2,
      82.4,
      72.9,
      77.2,
      39.5,
      42.3,
      37.5,
      64.3,
      45.7,
      66.9,
      73.4,
      0.0,
      35.3,
      83.0,
      50.5,
      43.4,
      45.6,
      42.8,
      32.3
    ],
    [
      18.8,
      68.3,
      47.1,
      58.3,
      6.9,
      14.8,
      14.2,
      52.7,
      24.9,
      55.4,
      61.9,
      35.3,
      0.0,
      76.4,
      39.9,
      15.7,
      26.3,
      15.2,
      59.3
    ],
    [
      59.6,
      97.8,
      67.3,
      17.9,
      70.4,
      61.7,
      62.2,
      77.7,
      65.0,
      75.5,
      88.8,
      83.0,
      76.4,
      0.0,
      73.8,
      62.3,
      66.5,
      62.8,
      95.3
    ],
    [
      22.5,
      32.6,
      26.6,
      54.0,
      31.9,
      23.3,
      25.2,
      14.4,
      14.3,
      12.6,
      23.5,
      50.5,
      39.9,
      73.8,
      0.0,
      24.0,
      13.4,
      22.7,
      69.2
    ],
    [
      5.3,
      55.1,
      31.7,
      42.9,
      10.0,
      0.85,
      6.0,
      36.9,
      11.8,
      39.5,
      46.0,
      43.4,
      15.7,
      62.3,
      24.0,
      0.0,
      13.1,
      0.75,
      63.8
    ],
    [
      10.5,
      42.4,
      26.5,
      46.7,
      19.9,
      11.2,
      12.1,
      24.3,
      2.3,
      26.9,
      33.4,
      45.6,
      26.3,
      66.5,
      13.4,
      13.1,
      0.0,
      12.8,
      64.1
    ],
    [
      4.8,
      53.8,
      32.2,
      43.4,
      9.5,
      0.35,
      5.5,
      35.7,
      11.3,
      38.3,
      44.8,
      42.8,
      15.2,
      62.8,
      22.7,
      0.75,
      12.8,
      0.0,
      63.3
    ],
    [
      62.8,
      98.3,
      88.5,
      108.0,
      69.2,
      63.0,
      58.2,
      80.1,
      61.5,
      82.7,
      89.2,
      32.3,
      59.3,
      95.3,
      69.2,
      63.8,
      64.1,
      63.3,
      0.0
    ]
  ],
  "drive_time_matrix": [
    [
      0.0,
      88.0,
      59.0,
      72.0,
      28.0,
      12.0,
      13.0,
      63.0,
      20.0,
      67.0,
      74.0,
      78.0,
      35.0,
      103.0,
      45.0,
      14.0,
      22.0,
      13.0,
      103.0
    ],
    [
      88.0,
      0.0,
      88.0,
      141.0,
      109.0,
      94.0,
      94.0,
      40.0,
      75.0,
      49.0,
      22.0,
      129.0,
      116.0,
      171.0,
      55.0,
      96.0,
      72.0,
      95.0,
      147.0
    ],
    [
      59.0,
      88.0,
      0.0,
      81.0,
      76.0,
      60.0,
      61.0,
      59.0,
      50.0,
      48.0,
      76.0,
      123.0,
      83.0,
      111.0,
      59.0,
      58.0,
      49.0,
      59.0,
      141.0
    ],
    [
      72.0,
      141.0,
      81.0,
      0.0,
      87.0,
      72.0,
      73.0,
      100.0,
      72.0,
      92.0,
      115.0,
      128.0,
      93.0,
      32.0,
      87.0,
      69.0,
      71.0,
      70.0,
      163.0
    ],
    [
      28.0,
      109.0,
      76.0,
      87.0,
      0.0,
      19.0,
      24.0,
      81.0,
      35.0,
      84.0,
      91.0,
      61.0,
      16.0,
      122.0,
      61.0,
      21.0,
      38.0,
      20.0,
      115.0
    ],
    [
      12.0,
      94.0,
      60.0,
      72.0,
      19.0,
      0.0,
      12.0,
      66.0,
      20.0,
      70.0,
      76.0,
      76.0,
      28.0,
      106.0,
      47.0,
      3.0,
      22.0,
      4.0,
      102.0
    ],
    [
      13.0,
      94.0,
      61.0,
      73.0,
      24.0,
      12.0,
      0.0,
      64.0,
      20.0,
      70.0,
      76.0,
      66.0,
      23.0,
      106.0,
      47.0,
      15.0,
      24.0,
      14.0,
      92.0
    ],
    [
      63.0,
      40.0,
      59.0,
      100.0,
      81.0,
      66.0,
      64.0,
      0.0,
      48.0,
      14.0,
      26.0,
      100.0,
      86.0,
      142.0,
      27.0,
      68.0,
      44.0,
      68.0,
      119.0
    ],
    [
      20.0,
      75.0,
      50.0,
      72.0,
      35.0,
      20.0,
      20.0,
      48.0,
      0.0,
      53.0,
      59.0,
      73.0,
      42.0,
      106.0,
      30.0,
      24.0,
      4.0,
      23.0,
      89.0
    ],
    [
      67.0,
      49.0,
      48.0,
      92.0,
      84.0,
      70.0,
      70.0,
      14.0,
      53.0,
      0.0,
      36.0,
      108.0,
      93.0,
      134.0,
      35.0,
      76.0,
      53.0,
      75.0,
      126.0
    ],
    [
      74.0,
      22.0,
      76.0,
      115.0,
      91.0,
      76.0,
      76.0,
      26.0,
      59.0,
      36.0,
      0.0,
      115.0,
      100.0,
      159.0,
      41.0,
      82.0,
      58.0,
      81.0,
      134.0
    ],
    [
      78.0,
      129.0,
      123.0,
      128.0,
      61.0,
      76.0,
      66.0,
      100.0,
      73.0,
      108.0,
      115.0,
      0.0,
      55.0,
      160.0,
      82.0,
      80.0,
      78.0,
      79.0,
      58.0
    ],
    [
      35.0,
      116.0,
      83.0,
      93.0,
      16.0,
      28.0,
      23.0,
      86.0,
      42.0,
      93.0,
      100.0,
      55.0,
      0.0,
      130.0,
      67.0,
      32.0,
      47.0,
      31.0,
      102.0
    ],
    [
      103.0,
      171.0,
      111.0,
      32.0,
      122.0,
      106.0,
      106.0,
      142.0,
      106.0,
      134.0,
      159.0,
      160.0,
      130.0,
      0.0,
      129.0,
      111.0,
      115.0,
      112.0,
      142.0
    ],
    [
      45.0,
      55.0,
      59.0,
      87.0,
      61.0,
      47.0,
      47.0,
      27.0,
      30.0,
      35.0,
      41.0,
      82.0,
      67.0,
      129.0,
      0.0,
      53.0,
      27.0,
      53.0,
      100.0
    ],
    [
      14.0,
      96.0,
      58.0,
      69.0,
      21.0,
      3.0,
      15.0,
      68.0,
      24.0,
      76.0,
      82.0,
      80.0,
      32.0,
      111.0,
      53.0,
      0.0,
      25.0,
      10.0,
      105.0
    ],
    [
      22.0,
      72.0,
      49.0,
      71.0,
      38.0,
      22.0,
      24.0,
      44.0,
      4.0,
      53.0,
      58.0,
      78.0,
      47.0,
      115.0,
      27.0,
      25.0,
      0.0,
      29.0,
      95.0
    ],
    [
      13.0,
      95.0,
      59.0,
      70.0,
      20.0,
      4.0,
      14.0,
      68.0,
      23.0,
      75.0,
      81.0,
      79.0,
      31.0,
      112.0,
      53.0,
      10.0,
      29.0,
      0.0,
      104.0
    ],
    [
      103.0,
      147.0,
      141.0,
      163.0,
      115.0,
      102.0,
      92.0,
      119.0,
      89.0,
      126.0,
      134.0,
      58.0,
      102.0,
      142.0,
      100.0,
      105.0,
      95.0,
      104.0,
      0.0
    ]
  ],
  "transit_dist_walk_matrix": [
    [
      0.0,
      NaN,
      NaN,
      NaN,
      NaN,
      NaN,
      NaN,
      NaN,
      NaN,
      NaN,
      NaN,
      NaN,
      NaN,
      NaN,
      NaN,
      NaN,
      NaN,
      NaN,
      NaN
    ],
    [
      NaN,
      0.0,
      NaN,
      NaN,
      NaN,
      NaN,
      NaN,
      NaN,
      NaN,
      NaN,
      NaN,
      NaN,
      NaN,
      NaN,
      NaN,
      NaN,
      NaN,
      NaN,
      NaN
    ],
    [
      NaN,
      NaN,
      0.0,
      NaN,
      NaN,
      NaN,
      NaN,
      NaN,
      NaN,
      NaN,
      NaN,
      NaN,
      NaN,
      NaN,
      NaN,
      NaN,
      NaN,
      NaN,
      NaN
    ],
    [
      NaN,
      NaN,
      NaN,
      0.0,
      NaN,
      NaN,
      NaN,
      NaN,
      NaN,
      NaN,
      NaN,
      NaN,
      NaN,
      NaN,
      NaN,
      NaN,
      NaN,
      NaN,
      NaN
    ],
    [
      NaN,
      NaN,
      NaN,
      NaN,
      0.0,
      NaN,
      NaN,
      NaN,
      NaN,
      NaN,
      NaN,
      NaN,
      NaN,
      NaN,
      NaN,
      NaN,
      NaN,
      NaN,
      NaN
    ],
    [
      NaN,
      NaN,
      NaN,
      NaN,
      NaN,
      0.0,
      NaN,
      NaN,
      NaN,
      NaN,
      NaN,
      NaN,
      NaN,
      NaN,
      NaN,
      NaN,
      NaN,
      NaN,
      NaN
    ],
    [
      NaN,
      NaN,
      NaN,
      NaN,
      NaN,
      NaN,
      0.0,
      NaN,
      NaN,
      NaN,
      NaN,
      NaN,
      NaN,
      NaN,
      NaN,
      NaN,
      NaN,
      NaN,
      NaN
    ],
    [
      NaN,
      NaN,
      NaN,
      NaN,
      NaN,
      NaN,
      NaN,
      0.0,
      NaN,
      NaN,
      NaN,
      NaN,
      NaN,
      NaN,
      NaN,
      NaN,
      NaN,
      NaN,
      NaN
    ],
    [
      NaN,
      NaN,
      NaN,
      NaN,
      NaN,
      NaN,
      NaN,
      NaN,
      0.0,
      NaN,
      NaN,
      NaN,
      NaN,
      NaN,
      NaN,
      NaN,
      NaN,
      NaN,
      NaN
    ],
    [
      NaN,
      NaN,
      NaN,
      NaN,
      NaN,
      NaN,
      NaN,
      NaN,
      NaN,
      0.0,
      NaN,
      NaN,
      NaN,
      NaN,
      NaN,
      NaN,
      NaN,
      NaN,
      NaN
    ],
    [
      NaN,
      NaN,
      NaN,
      NaN,
      NaN,
      NaN,
      NaN,
      NaN,
      NaN,
      NaN,
      0.0,
      NaN,
      NaN,
      NaN,
      NaN,
      NaN,
      NaN,
      NaN,
      NaN
    ],
    [
      NaN,
      NaN,
      NaN,
      NaN,
      NaN,
      NaN,
      NaN,
      NaN,
      NaN,
      NaN,
      NaN,
      0.0,
      NaN,
      NaN,
      NaN,
      NaN,
      NaN,
      NaN,
      NaN
    ],
    [
      NaN,
      NaN,
      NaN,
      NaN,
      NaN,
      NaN,
      NaN,
      NaN,
      NaN,
      NaN,
      NaN,
      NaN,
      0.0,
      NaN,
      NaN,
      NaN,
      NaN,
      NaN,
      NaN
    ],
    [
      NaN,
      NaN,
      NaN,
      NaN,
      NaN,
      NaN,
      NaN,
      NaN,
      NaN,
      NaN,
      NaN,
      NaN,
      NaN,
      0.0,
      NaN,
      NaN,
      NaN,
      NaN,
      NaN
    ],
    [
      NaN,
      NaN,
      NaN,
      NaN,
      NaN,
      NaN,
      NaN,
      NaN,
      NaN,
      NaN,
      NaN,
      NaN,
      NaN,
      NaN,
      0.0,
      NaN,
      NaN,
      NaN,
      NaN
    ],
    [
      NaN,
      NaN,
      NaN,
      NaN,
      NaN,
      NaN,
      NaN,
      NaN,
      NaN,
      NaN,
      NaN,
      NaN,
      NaN,
      NaN,
      NaN,
      0.0,
      NaN,
      NaN,
      NaN
    ],
    [
      NaN,
      NaN,
      NaN,
      NaN,
      NaN,
      NaN,
      NaN,
      NaN,
      NaN,
      NaN,
      NaN,
      NaN,
      NaN,
      NaN,
      NaN,
      NaN,
      0.0,
      NaN,
      NaN
    ],
    [
      NaN,
      NaN,
      NaN,
      NaN,
      NaN,
      NaN,
      NaN,
      NaN,
      NaN,
      NaN,
      NaN,
      NaN,
      NaN,
      NaN,
      NaN,
      NaN,
      NaN,
      0.0,
      NaN
    ],
    [
      NaN,
      NaN,
      NaN,
      NaN,
      NaN,
      NaN,
      NaN,
      NaN,
      NaN,
      NaN,
      NaN,
      NaN,
      NaN,
      NaN,
      NaN,
      NaN,
      NaN,
      NaN,
      0.0
    ]
  ],
  "transit_time_matrix": [
    [
      0.0,
      NaN,
      NaN,
      NaN,
      NaN,
      NaN,
      NaN,
      NaN,
      NaN,
      NaN,
      NaN,
      NaN,
      NaN,
      NaN,
      NaN,
      NaN,
      NaN,
      NaN,
      NaN
    ],
    [
      NaN,
      0.0,
      NaN,
      NaN,
      NaN,
      NaN,
      NaN,
      NaN,
      NaN,
      NaN,
      NaN,
      NaN,
      NaN,
      NaN,
      NaN,
      NaN,
      NaN,
      NaN,
      NaN
    ],
    [
      NaN,
      NaN,
      0.0,
      NaN,
      NaN,
      NaN,
      NaN,
      NaN,
      NaN,
      NaN,
      NaN,
      NaN,
      NaN,
      NaN,
      NaN,
      NaN,
      NaN,
      NaN,
      NaN
    ],
    [
      NaN,
      NaN,
      NaN,
      0.0,
      NaN,
      NaN,
      NaN,
      NaN,
      NaN,
      NaN,
      NaN,
      NaN,
      NaN,
      NaN,
      NaN,
      NaN,
      NaN,
      NaN,
      NaN
    ],
    [
      NaN,
      NaN,
      NaN,
      NaN,
      0.0,
      NaN,
      NaN,
      NaN,
      NaN,
      NaN,
      NaN,
      NaN,
      NaN,
      NaN,
      NaN,
      NaN,
      NaN,
      NaN,
      NaN
    ],
    [
      NaN,
      NaN,
      NaN,
      NaN,
      NaN,
      0.0,
      NaN,
      NaN,
      NaN,
      NaN,
      NaN,
      NaN,
      NaN,
      NaN,
      NaN,
      NaN,
      NaN,
      NaN,
      NaN
    ],
    [
      NaN,
      NaN,
      NaN,
      NaN,
      NaN,
      NaN,
      0.0,
      NaN,
      NaN,
      NaN,
      NaN,
      NaN,
      NaN,
      NaN,
      NaN,
      NaN,
      NaN,
      NaN,
      NaN
    ],
    [
      NaN,
      NaN,
      NaN,
      NaN,
      NaN,
      NaN,
      NaN,
      0.0,
      NaN,
      NaN,
      NaN,
      NaN,
      NaN,
      NaN,
      NaN,
      NaN,
      NaN,
      NaN,
      NaN
    ],
    [
      NaN,
      NaN,
      NaN,
      NaN,
      NaN,
      NaN,
      NaN,
      NaN,
      0.0,
      NaN,
      NaN,
      NaN,
      NaN,
      NaN,
      NaN,
      NaN,
      NaN,
      NaN,
      NaN
    ],
    [
      NaN,
      NaN,
      NaN,
      NaN,
      NaN,
      NaN,
      NaN,
      NaN,
      NaN,
      0.0,
      NaN,
      NaN,
      NaN,
      NaN,
      NaN,
      NaN,
      NaN,
      NaN,
      NaN
    ],
    [
      NaN,
      NaN,
      NaN,
      NaN,
      NaN,
      NaN,
      NaN,
      NaN,
      NaN,
      NaN,
      0.0,
      NaN,
      NaN,
      NaN,
      NaN,
      NaN,
      NaN,
      NaN,
      NaN
    ],
    [
      NaN,
      NaN,
      NaN,
      NaN,
      NaN,
      NaN,
      NaN,
      NaN,
      NaN,
      NaN,
      NaN,
      0.0,
      NaN,
      NaN,
      NaN,
      NaN,
      NaN,
      NaN,
      NaN
    ],
    [
      NaN,
      NaN,
      NaN,
      NaN,
      NaN,
      NaN,
      NaN,
      NaN,
      NaN,
      NaN,
      NaN,
      NaN,
      0.0,
      NaN,
      NaN,
      NaN,
      NaN,
      NaN,
      NaN
    ],
    [
      NaN,
      NaN,
      NaN,
      NaN,
      NaN,
      NaN,
      NaN,
      NaN,
      NaN,
      NaN,
      NaN,
      NaN,
      NaN,
      0.0,
      NaN,
      NaN,
      NaN,
      NaN,
      NaN
    ],
    [
      NaN,
      NaN,
      NaN,
      NaN,
      NaN,
      NaN,
      NaN,
      NaN,
      NaN,
      NaN,
      NaN,
      NaN,
      NaN,
      NaN,
      0.0,
      NaN,
      NaN,
      NaN,
      NaN
    ],
    [
      NaN,
      NaN,
      NaN,
      NaN,
      NaN,
      NaN,
      NaN,
      NaN,
      NaN,
      NaN,
      NaN,
      NaN,
      NaN,
      NaN,
      NaN,
      0.0,
      NaN,
      NaN,
      NaN
    ],
    [
      NaN,
      NaN,
      NaN,
      NaN,
      NaN,
      NaN,
      NaN,
      NaN,
      NaN,
      NaN,
      NaN,
      NaN,
      NaN,
      NaN,
      NaN,
      NaN,
      0.0,
      NaN,
      NaN
    ],
    [
      NaN,
      NaN,
      NaN,
      NaN,
      NaN,
      NaN,
      NaN,
      NaN,
      NaN,
      NaN,
      NaN,
      NaN,
      NaN,
      NaN,
      NaN,
      NaN,
      NaN,
      0.0,
      NaN
    ],
    [
      NaN,
      NaN,
      NaN,
      NaN,
      NaN,
      NaN,
      NaN,
      NaN,
      NaN,
      NaN,
      NaN,
      NaN,
      NaN,
      NaN,
      NaN,
      NaN,
      NaN,
      NaN,
      0.0
    ]
  ],
  "walk_dist_matrix": [
    [
      0.0,
      48.8,
      28.6,
      39.3,
      10.7,
      1.7,
      3.9,
      29.4,
      9.7,
      27.9,
      39.4,
      39.6,
      16.0,
      54.4,
      20.3,
      2.6,
      10.2,
      2.0,
      53.7
    ],
    [
      48.8,
      0.0,
      41.5,
      76.2,
      59.6,
      50.6,
      51.5,
      21.4,
      41.8,
      24.9,
      11.9,
      79.4,
      64.7,
      91.4,
      30.9,
      50.4,
      40.0,
      50.7,
      89.6
    ],
    [
      28.6,
      41.5,
      0.0,
      45.9,
      39.1,
      30.2,
      31.2,
      21.6,
      25.5,
      17.8,
      32.1,
      65.8,
      44.4,
      61.0,
      20.9,
      29.6,
      24.9,
      29.9,
      76.8
    ],
    [
      39.3,
      76.2,
      45.9,
      0.0,
      49.2,
      40.3,
      42.0,
      56.3,
      43.9,
      52.6,
      66.9,
      74.2,
      55.0,
      15.9,
      50.2,
      39.7,
      43.3,
      40.0,
      91.8
    ],
    [
      10.7,
      59.6,
      39.1,
      49.2,
      0.0,
      9.0,
      12.0,
      40.1,
      19.1,
      38.7,
      50.1,
      38.5,
      6.9,
      64.3,
      30.0,
      9.9,
      19.9,
      9.3,
      59.1
    ],
    [
      1.7,
      50.6,
      30.2,
      40.3,
      9.0,
      0.0,
      4.4,
      31.1,
      10.5,
      29.6,
      41.1,
      40.2,
      14.7,
      55.4,
      21.4,
      1.0,
      11.2,
      0.35,
      54.2
    ],
    [
      3.9,
      51.5,
      31.2,
      42.0,
      12.0,
      4.4,
      0.0,
      32.0,
      10.4,
      30.5,
      42.0,
      35.8,
      14.1,
      57.1,
      21.9,
      5.4,
      11.7,
      4.7,
      49.8
    ],
    [
      29.4,
      21.4,
      21.6,
      56.3,
      40.1,
      31.1,
      32.0,
      0.0,
      22.4,
      4.7,
      12.1,
      60.1,
      45.2,
      71.4,
      11.6,
      30.9,
      20.5,
      31.3,
      70.4
    ],
    [
      9.7,
      41.8,
      25.5,
      43.9,
      19.1,
      10.5,
      10.4,
      22.4,
      0.0,
      21.0,
      32.4,
      43.0,
      24.2,
      59.0,
      12.2,
      11.5,
      2.3,
      10.8,
      53.3
    ],
    [
      27.9,
      24.9,
      17.8,
      52.6,
      38.7,
      29.6,
      30.5,
      4.7,
      21.0,
      0.0,
      15.5,
      58.7,
      43.8,
      67.7,
      10.2,
      29.5,
      19.1,
      29.9,
      69.0
    ],
    [
      39.4,
      11.9,
      32.1,
      66.9,
      50.1,
      41.1,
      42.0,
      12.1,
      32.4,
      15.5,
      0.0,
      70.0,
      55.3,
      82.0,
      21.5,
      41.0,
      30.6,
      41.3,
      80.2
    ],
    [
      39.6,
      79.4,
      65.8,
      74.2,
      38.5,
      40.2,
      35.8,
      60.1,
      43.0,
      58.7,
      70.0,
      0.0,
      32.0,
      80.0,
      48.8,
      41.2,
      44.9,
      40.6,
      31.1
    ],
    [
      16.0,
      64.7,
      44.4,
      55.0,
      6.9,
      14.7,
      14.1,
      45.2,
      24.2,
      43.8,
      55.3,
      32.0,
      0.0,
      70.1,
      35.1,
      15.7,
      24.9,
      15.1,
      53.8
    ],
    [
      54.4,
      91.4,
      61.0,
      15.9,
      64.3,
      55.4,
      57.1,
      71.4,
      59.0,
      67.7,
      82.0,
      80.0,
      70.1,
      0.0,
      65.3,
      54.8,
      58.4,
      55.1,
      93.2
    ],
    [
      20.3,
      30.9,
      20.9,
      50.2,
      30.0,
      21.4,
      21.9,
      11.6,
      12.2,
      10.2,
      21.5,
      48.8,
      35.1,
      65.3,
      0.0,
      22.4,
      10.6,
      21.7,
      59.1
    ],
    [
      2.6,
      50.4,
      29.6,
      39.7,
      9.9,
      1.0,
      5.4,
      30.9,
      11.5,
      29.5,
      41.0,
      41.2,
      15.7,
      54.8,
      22.4,
      0.0,
      12.2,
      0.75,
      55.2
    ],
    [
      10.2,
      40.0,
      24.9,
      43.3,
      19.9,
      11.2,
      11.7,
      20.5,
      2.3,
      19.1,
      30.6,
      44.9,
      24.9,
      58.4,
      10.6,
      12.2,
      0.0,
      11.6,
      55.2
    ],
    [
      2.0,
      50.7,
      29.9,
      40.0,
      9.3,
      0.35,
      4.7,
      31.3,
      10.8,
      29.9,
      41.3,
      40.6,
      15.1,
      55.1,
      21.7,
      0.75,
      11.6,
      0.0,
      54.6
    ],
    [
      53.7,
      89.6,
      76.8,
      91.8,
      59.1,
      54.2,
      49.8,
      70.4,
      53.3,
      69.0,
      80.2,
      31.1,
      53.8,
      93.2,
      59.1,
      55.2,
      55.2,
      54.6,
      0.0
    ]
  ],
  "walk_time_matrix": [
    [
      0.0,
      608.0,
      354.0,
      538.0,
      144.0,
      23.0,
      49.0,
      361.0,
      117.0,
      342.0,
      489.0,
      533.0,
      214.0,
      736.0,
      247.0,
      34.0,
      123.0,
      27.0,
      680.0
    ],
    [
      608.0,
      0.0,
      521.0,
      1007.0,
      764.0,
      643.0,
      653.0,
      269.0,
      528.0,
      312.0,
      153.0,
      1028.0,
      831.0,
      1205.0,
      387.0,
      640.0,
      505.0,
      645.0,
      1130.0
    ],
    [
      354.0,
      521.0,
      0.0,
      628.0,
      506.0,
      387.0,
      400.0,
      270.0,
      322.0,
      223.0,
      405.0,
      866.0,
      577.0,
      826.0,
      261.0,
      379.0,
      314.0,
      383.0,
      969.0
    ],
    [
      538.0,
      1007.0,
      628.0,
      0.0,
      598.0,
      478.0,
      497.0,
      667.0,
      515.0,
      620.0,
      802.0,
      972.0,
      674.0,
      207.0,
      592.0,
      471.0,
      507.0,
      475.0,
      1128.0
    ],
    [
      144.0,
      764.0,
      506.0,
      598.0,
      0.0,
      102.0,
      137.0,
      482.0,
      222.0,
      464.0,
      611.0,
      525.0,
      94.0,
      848.0,
      355.0,
      114.0,
      231.0,
      106.0,
      764.0
    ],
    [
      23.0,
      643.0,
      387.0,
      478.0,
      102.0,
      0.0,
      53.0,
      382.0,
      125.0,
      363.0,
      510.0,
      538.0,
      196.0,
      747.0,
      259.0,
      12.0,
      134.0,
      4.0,
      685.0
    ],
    [
      49.0,
      653.0,
      400.0,
      497.0,
      137.0,
      53.0,
      0.0,
      394.0,
      126.0,
      375.0,
      522.0,
      485.0,
      188.0,
      770.0,
      267.0,
      69.0,
      142.0,
      61.0,
      632.0
    ],
    [
      361.0,
      269.0,
      270.0,
      667.0,
      482.0,
      382.0,
      394.0,
      0.0,
      284.0,
      58.0,
      154.0,
      787.0,
      587.0,
      954.0,
      146.0,
      396.0,
      261.0,
      400.0,
      889.0
    ],
    [
      117.0,
      528.0,
      322.0,
      515.0,
      222.0,
      125.0,
      126.0,
      284.0,
      0.0,
      259.0,
      404.0,
      573.0,
      320.0,
      795.0,
      151.0,
      149.0,
      29.0,
      141.0,
      675.0
    ],
    [
      342.0,
      312.0,
      223.0,
      620.0,
      464.0,
      363.0,
      375.0,
      58.0,
      259.0,
      0.0,
      196.0,
      769.0,
      569.0,
      908.0,
      128.0,
      378.0,
      243.0,
      382.0,
      871.0
    ],
    [
      489.0,
      153.0,
      405.0,
      802.0,
      611.0,
      510.0,
      522.0,
      154.0,
      404.0,
      196.0,
      0.0,
      905.0,
      709.0,
      1083.0,
      264.0,
      518.0,
      383.0,
      522.0,
      1007.0
    ],
    [
      533.0,
      1028.0,
      866.0,
      972.0,
      525.0,
      538.0,
      485.0,
      787.0,
      573.0,
      769.0,
      905.0,
      0.0,
      408.0,
      1026.0,
      582.0,
      503.0,
      539.0,
      494.0,
      384.0
    ],
    [
      214.0,
      831.0,
      577.0,
      674.0,
      94.0,
      196.0,
      188.0,
      587.0,
      320.0,
      569.0,
      709.0,
      408.0,
      0.0,
      919.0,
      418.0,
      184.0,
      293.0,
      176.0,
      690.0
    ],
    [
      736.0,
      1205.0,
      826.0,
      207.0,
      848.0,
      747.0,
      770.0,
      954.0,
      795.0,
      908.0,
      1083.0,
      1026.0,
      919.0,
      0.0,
      821.0,
      700.0,
      736.0,
      704.0,
      1154.0
    ],
    [
      247.0,
      387.0,
      261.0,
      592.0,
      355.0,
      259.0,
      267.0,
      146.0,
      151.0,
      128.0,
      264.0,
      582.0,
      418.0,
      821.0,
      0.0,
      288.0,
      135.0,
      280.0,
      747.0
    ],
    [
      34.0,
      640.0,
      379.0,
      471.0,
      114.0,
      12.0,
      69.0,
      396.0,
      149.0,
      378.0,
      518.0,
      503.0,
      184.0,
      700.0,
      288.0,
      0.0,
      147.0,
      10.0,
      698.0
    ],
    [
      123.0,
      505.0,
      314.0,
      507.0,
      231.0,
      134.0,
      142.0,
      261.0,
      29.0,
      243.0,
      383.0,
      539.0,
      293.0,
      736.0,
      135.0,
      147.0,
      0.0,
      150.0,
      699.0
    ],
    [
      27.0,
      645.0,
      383.0,
      475.0,
      106.0,
      4.0,
      61.0,
      400.0,
      141.0,
      382.0,
      522.0,
      494.0,
      176.0,
      704.0,
      280.0,
      10.0,
      150.0,
      0.0,
      689.0
    ],
    [
      680.0,
      1130.0,
      969.0,
      1128.0,
      764.0,
      685.0,
      632.0,
      889.0,
      675.0,
      871.0,
      1007.0,
      384.0,
      690.0,
      1154.0,
      747.0,
      698.0,
      699.0,
      689.0,
      0.0
    ]
  ],
  "cycle_dist_matrix": [
    [
      0.0,
      48.8,
      28.6,
      39.3,
      10.7,
      1.7,
      3.9,
      29.4,
      9.7,
      27.9,
      39.4,
      39.6,
      16.0,
      54.4,
      20.3,
      2.6,
      10.2,
      2.0,
      53.7
    ],
    [
      48.8,
      0.0,
      41.5,
      76.2,
      59.6,
      50.6,
      51.5,
      21.4,
      41.8,
      24.9,
      11.9,
      79.4,
      64.7,
      91.4,
      30.9,
      50.4,
      40.0,
      50.7,
      89.6
    ],
    [
      28.6,
      41.5,
      0.0,
      45.9,
      39.1,
      30.2,
      31.2,
      21.6,
      25.5,
      17.8,
      32.1,
      65.8,
      44.4,
      61.0,
      20.9,
      29.6,
      24.9,
      29.9,
      76.8
    ],
    [
      39.3,
      76.2,
      45.9,
      0.0,
      49.2,
      40.3,
      42.0,
      56.3,
      43.9,
      52.6,
      66.9,
      74.2,
      55.0,
      15.9,
      50.2,
      39.7,
      43.3,
      40.0,
      91.8
    ],
    [
      10.7,
      59.6,
      39.1,
      49.2,
      0.0,
      9.0,
      12.0,
      40.1,
      19.1,
      38.7,
      50.1,
      38.5,
      6.9,
      64.3,
      30.0,
      9.9,
      19.9,
      9.3,
      59.1
    ],
    [
      1.7,
      50.6,
      30.2,
      40.3,
      9.0,
      0.0,
      4.4,
      31.1,
      10.5,
      29.6,
      41.1,
      40.2,
      14.7,
      55.4,
      21.4,
      1.0,
      11.2,
      0.35,
      54.2
    ],
    [
      3.9,
      51.5,
      31.2,
      42.0,
      12.0,
      4.4,
      0.0,
      32.0,
      10.4,
      30.5,
      42.0,
      35.8,
      14.1,
      57.1,
      21.9,
      5.4,
      11.7,
      4.7,
      49.8
    ],
    [
      29.4,
      21.4,
      21.6,
      56.3,
      40.1,
      31.1,
      32.0,
      0.0,
      22.4,
      4.7,
      12.1,
      60.1,
      45.2,
      71.4,
      11.6,
      30.9,
      20.5,
      31.3,
      70.4
    ],
    [
      9.7,
      41.8,
      25.5,
      43.9,
      19.1,
      10.5,
      10.4,
      22.4,
      0.0,
      21.0,
      32.4,
      43.0,
      24.2,
      59.0,
      12.2,
      11.5,
      2.3,
      10.8,
      53.3
    ],
    [
      27.9,
      24.9,
      17.8,
      52.6,
      38.7,
      29.6,
      30.5,
      4.7,
      21.0,
      0.0,
      15.5,
      58.7,
      43.8,
      67.7,
      10.2,
      29.5,
      19.1,
      29.9,
      69.0
    ],
    [
      39.4,
      11.9,
      32.1,
      66.9,
      50.1,
      41.1,
      42.0,
      12.1,
      32.4,
      15.5,
      0.0,
      70.0,
      55.3,
      82.0,
      21.5,
      41.0,
      30.6,
      41.3,
      80.2
    ],
    [
      39.6,
      79.4,
      65.8,
      74.2,
      38.5,
      40.2,
      35.8,
      60.1,
      43.0,
      58.7,
      70.0,
      0.0,
      32.0,
      80.0,
      48.8,
      41.2,
      44.9,
      40.6,
      31.1
    ],
    [
      16.0,
      64.7,
      44.4,
      55.0,
      6.9,
      14.7,
      14.1,
      45.2,
      24.2,
      43.8,
      55.3,
      32.0,
      0.0,
      70.1,
      35.1,
      15.7,
      24.9,
      15.1,
      53.8
    ],
    [
      54.4,
      91.4,
      61.0,
      15.9,
      64.3,
      55.4,
      57.1,
      71.4,
      59.0,
      67.7,
      82.0,
      80.0,
      70.1,
      0.0,
      65.3,
      54.8,
      58.4,
      55.1,
      93.2
    ],
    [
      20.3,
      30.9,
      20.9,
      50.2,
      30.0,
      21.4,
      21.9,
      11.6,
      12.2,
      10.2,
      21.5,
      48.8,
      35.1,
      65.3,
      0.0,
      22.4,
      10.6,
      21.7,
      59.1
    ],
    [
      2.6,
      50.4,
      29.6,
      39.7,
      9.9,
      1.0,
      5.4,
      30.9,
      11.5,
      29.5,
      41.0,
      41.2,
      15.7,
      54.8,
      22.4,
      0.0,
      12.2,
      0.75,
      55.2
    ],
    [
      10.2,
      40.0,
      24.9,
      43.3,
      19.9,
      11.2,
      11.7,
      20.5,
      2.3,
      19.1,
      30.6,
      44.9,
      24.9,
      58.4,
      10.6,
      12.2,
      0.0,
      11.6,
      55.2
    ],
    [
      2.0,
      50.7,
      29.9,
      40.0,
      9.3,
      0.35,
      4.7,
      31.3,
      10.8,
      29.9,
      41.3,
      40.6,
      15.1,
      55.1,
      21.7,
      0.75,
      11.6,
      0.0,
      54.6
    ],
    [
      53.7,
      89.6,
      76.8,
      91.8,
      59.1,
      54.2,
      49.8,
      70.4,
      53.3,
      69.0,
      80.2,
      31.1,
      53.8,
      93.2,
      59.1,
      55.2,
      55.2,
      54.6,
      0.0
    ]
  ],
  "cycle_time_matrix": [
    [
      0.0,
      608.0,
      354.0,
      538.0,
      144.0,
      23.0,
      49.0,
      361.0,
      117.0,
      342.0,
      489.0,
      533.0,
      214.0,
      736.0,
      247.0,
      34.0,
      123.0,
      27.0,
      680.0
    ],
    [
      608.0,
      0.0,
      521.0,
      1007.0,
      764.0,
      643.0,
      653.0,
      269.0,
      528.0,
      312.0,
      153.0,
      1028.0,
      831.0,
      1205.0,
      387.0,
      640.0,
      505.0,
      645.0,
      1130.0
    ],
    [
      354.0,
      521.0,
      0.0,
      628.0,
      506.0,
      387.0,
      400.0,
      270.0,
      322.0,
      223.0,
      405.0,
      866.0,
      577.0,
      826.0,
      261.0,
      379.0,
      314.0,
      383.0,
      969.0
    ],
    [
      538.0,
      1007.0,
      628.0,
      0.0,
      598.0,
      478.0,
      497.0,
      667.0,
      515.0,
      620.0,
      802.0,
      972.0,
      674.0,
      207.0,
      592.0,
      471.0,
      507.0,
      475.0,
      1128.0
    ],
    [
      144.0,
      764.0,
      506.0,
      598.0,
      0.0,
      102.0,
      137.0,
      482.0,
      222.0,
      464.0,
      611.0,
      525.0,
      94.0,
      848.0,
      355.0,
      114.0,
      231.0,
      106.0,
      764.0
    ],
    [
      23.0,
      643.0,
      387.0,
      478.0,
      102.0,
      0.0,
      53.0,
      382.0,
      125.0,
      363.0,
      510.0,
      538.0,
      196.0,
      747.0,
      259.0,
      12.0,
      134.0,
      4.0,
      685.0
    ],
    [
      49.0,
      653.0,
      400.0,
      497.0,
      137.0,
      53.0,
      0.0,
      394.0,
      126.0,
      375.0,
      522.0,
      485.0,
      188.0,
      770.0,
      267.0,
      69.0,
      142.0,
      61.0,
      632.0
    ],
    [
      361.0,
      269.0,
      270.0,
      667.0,
      482.0,
      382.0,
      394.0,
      0.0,
      284.0,
      58.0,
      154.0,
      787.0,
      587.0,
      954.0,
      146.0,
      396.0,
      261.0,
      400.0,
      889.0
    ],
    [
      117.0,
      528.0,
      322.0,
      515.0,
      222.0,
      125.0,
      126.0,
      284.0,
      0.0,
      259.0,
      404.0,
      573.0,
      320.0,
      795.0,
      151.0,
      149.0,
      29.0,
      141.0,
      675.0
    ],
    [
      342.0,
      312.0,
      223.0,
      620.0,
      464.0,
      363.0,
      375.0,
      58.0,
      259.0,
      0.0,
      196.0,
      769.0,
      569.0,
      908.0,
      128.0,
      378.0,
      243.0,
      382.0,
      871.0
    ],
    [
      489.0,
      153.0,
      405.0,
      802.0,
      611.0,
      510.0,
      522.0,
      154.0,
      404.0,
      196.0,
      0.0,
      905.0,
      709.0,
      1083.0,
      264.0,
      518.0,
      383.0,
      522.0,
      1007.0
    ],
    [
      533.0,
      1028.0,
      866.0,
      972.0,
      525.0,
      538.0,
      485.0,
      787.0,
      573.0,
      769.0,
      905.0,
      0.0,
      408.0,
      1026.0,
      582.0,
      503.0,
      539.0,
      494.0,
      384.0
    ],
    [
      214.0,
      831.0,
      577.0,
      674.0,
      94.0,
      196.0,
      188.0,
      587.0,
      320.0,
      569.0,
      709.0,
      408.0,
      0.0,
      919.0,
      418.0,
      184.0,
      293.0,
      176.0,
      690.0
    ],
    [
      736.0,
      1205.0,
      826.0,
      207.0,
      848.0,
      747.0,
      770.0,
      954.0,
      795.0,
      908.0,
      1083.0,
      1026.0,
      919.0,
      0.0,
      821.0,
      700.0,
      736.0,
      704.0,
      1154.0
    ],
    [
      247.0,
      387.0,
      261.0,
      592.0,
      355.0,
      259.0,
      267.0,
      146.0,
      151.0,
      128.0,
      264.0,
      582.0,
      418.0,
      821.0,
      0.0,
      288.0,
      135.0,
      280.0,
      747.0
    ],
    [
      34.0,
      640.0,
      379.0,
      471.0,
      114.0,
      12.0,
      69.0,
      396.0,
      149.0,
      378.0,
      518.0,
      503.0,
      184.0,
      700.0,
      288.0,
      0.0,
      147.0,
      10.0,
      698.0
    ],
    [
      123.0,
      505.0,
      314.0,
      507.0,
      231.0,
      134.0,
      142.0,
      261.0,
      29.0,
      243.0,
      383.0,
      539.0,
      293.0,
      736.0,
      135.0,
      147.0,
      0.0,
      150.0,
      699.0
    ],
    [
      27.0,
      645.0,
      383.0,
      475.0,
      106.0,
      4.0,
      61.0,
      400.0,
      141.0,
      382.0,
      522.0,
      494.0,
      176.0,
      704.0,
      280.0,
      10.0,
      150.0,
      0.0,
      689.0
    ],
    [
      680.0,
      1130.0,
      969.0,
      1128.0,
      764.0,
      685.0,
      632.0,
      889.0,
      675.0,
      871.0,
      1007.0,
      384.0,
      690.0,
      1154.0,
      747.0,
      698.0,
      699.0,
      689.0,
      0.0
    ]
  ]
}