{
  "drive_dist_matrix": [
    [
      0.0,
      3.8,
      12.6,
      9.5,
      0.55,
      6.9,
      9.9,
      0.3,
      0.16,
      13.3,
      6.4,
      0.9,
      3.8,
      0.7,
      0.14,
      9.3,
      10.1,
      3.1,
      0.45,
      8.9
    ],
    [
      3.8,
      0.0,
      9.3,
      6.1,
      4.2,
      5.4,
      6.5,
      4.6,
      3.9,
      10.0,
      4.0,
      3.1,
      0.11,
      4.9,
      4.0,
      8.9,
      6.8,
      1.4,
      4.0,
      5.6
    ],
    [
      12.6,
      9.3,
      0.0,
      3.0,
      12.3,
      14.6,
      2.2,
      12.8,
      12.0,
      4.1,
      9.0,
      11.2,
      9.8,
      12.7,
      12.1,
      13.0,
      10.2,
      11.3,
      12.1,
      4.4
    ],
    [
      9.5,
      6.1,
      3.0,
      0.0,
      9.0,
      8.6,
      1.4,
      10.0,
      8.7,
      5.7,
      7.1,
      7.9,
      5.2,
      9.4,
      8.8,
      13.2,
      6.9,
      7.9,
      8.8,
      1.9
    ],
    [
      0.55,
      4.2,
      12.3,
      9.0,
      0.0,
      7.8,
      10.2,
      0.5,
      0.5,
      13.6,
      6.6,
      1.9,
      4.2,
      0.26,
      0.4,
      10.8,
      10.5,
      3.4,
      0.6,
      9.3
    ],
    [
      6.9,
      5.4,
      14.6,
      8.6,
      7.8,
      0.0,
      9.0,
      7.5,
      7.4,
      13.2,
      2.0,
      6.7,
      5.0,
      10.5,
      7.5,
      2.7,
      11.1,
      4.8,
      7.5,
      6.5
    ],
    [
      9.9,
      6.5,
      2.2,
      1.4,
      10.2,
      9.0,
      0.0,
      10.6,
      9.2,
      4.2,
      8.0,
      8.5,
      7.0,
      9.9,
      9.4,
      11.8,
      7.5,
      8.5,
      9.4,
      2.7
    ],
    [
      0.3,
      4.6,
      12.8,
      10.0,
      0.5,
      7.5,
      10.6,
      0.0,
      0.45,
      14.0,
      6.9,
      2.4,
      5.2,
      0.7,
      0.35,
      10.0,
      10.8,
      4.1,
      0.75,
      9.6
    ],
    [
      0.16,
      3.9,
      12.0,
      8.7,
      0.5,
      7.4,
      9.2,
      0.45,
      0.0,
      13.0,
      6.1,
      0.85,
      3.5,
      0.65,
      0.22,
      9.4,
      9.8,
      2.7,
      0.27,
      8.6
    ],
    [
      13.3,
      10.0,
      4.1,
      5.7,
      13.6,
      13.2,
      4.2,
      14.0,
      13.0,
      0.0,
      13.9,
      12.4,
      10.9,
      13.8,
      13.3,
      17.5,
      11.4,
      12.4,
      13.3,
      7.8
    ],
    [
      6.4,
      4.0,
      9.0,
      7.1,
      6.6,
      2.0,
      8.0,
      6.9,
      6.1,
      13.9,
      0.0,
      6.1,
      4.8,
      9.9,
      6.9,
      3.4,
      10.1,
      4.5,
      6.9,
      5.5
    ],
    [
      0.9,
      3.1,
      11.2,
      7.9,
      1.9,
      6.7,
      8.5,
      2.4,
      0.85,
      12.4,
      6.1,
      0.0,
      2.9,
      2.2,
      1.1,
      8.5,
      9.2,
      2.1,
      0.85,
      7.9
    ],
    [
      3.8,
      0.11,
      9.8,
      5.2,
      4.2,
      5.0,
      7.0,
      5.2,
      3.5,
      10.9,
      4.8,
      2.9,
      0.0,
      4.9,
      4.0,
      8.9,
      6.8,
      1.4,
      4.0,
      5.6
    ],
    [
      0.7,
      4.9,
      12.7,
      9.4,
      0.26,
      10.5,
      9.9,
      0.7,
      0.65,
      13.8,
      9.9,
      2.2,
      4.9,
      0.0,
      0.55,
      10.5,
      10.7,
      3.6,
      0.8,
      9.5
    ],
    [
      0.14,
      4.0,
      12.1,
      8.8,
      0.4,
      7.5,
      9.4,
      0.35,
      0.22,
      13.3,
      6.9,
      1.1,
      4.0,
      0.55,
      0.0,
      9.3,
      10.1,
      3.0,
      0.45,
      8.9
    ],
    [
      9.3,
      8.9,
      13.0,
      13.2,
      10.8,
      2.7,
      11.8,
      10.0,
      9.4,
      17.5,
      3.4,
      8.5,
      8.9,
      10.5,
      9.3,
      0.0,
      12.5,
      8.0,
      9.6,
      7.9
    ],
    [
      10.1,
      6.8,
      10.2,
      6.9,
      10.5,
      11.1,
      7.5,
      10.8,
      9.8,
      11.4,
      10.1,
      9.2,
      6.8,
      10.7,
      10.1,
      12.5,
      0.0,
      7.0,
      7.8,
      5.5
    ],
    [
      3.1,
      1.4,
      11.3,
      7.9,
      3.4,
      4.8,
      8.5,
      4.1,
      2.7,
      12.4,
      4.5,
      2.1,
      1.4,
      3.6,
      3.0,
      8.0,
      7.0,
      0.0,
      2.8,
      7.2
    ],
    [
      0.45,
      4.0,
      12.1,
      8.8,
      0.6,
      7.5,
      9.4,
      0.75,
      0.27,
      13.3,
      6.9,
      0.85,
      4.0,
      0.8,
      0.45,
      9.6,
      7.8,
      2.8,
      0.0,
      8.3
    ],
    [
      8.9,
      5.6,
      4.4,
      1.9,
      9.3,
      6.5,
      2.7,
      9.6,
      8.6,
      7.8,
      5.5,
      7.9,
      5.6,
      9.5,
      8.9,
      7.9,
      5.5,
      7.2,
      8.3,
      0.0
    ]
  ],
  "drive_time_matrix": [
    [
      0.0,
      11.0,
      20.0,
      16.0,
      7.0,
      19.0,
      16.0,
      4.0,
      2.0,
      20.0,
      17.0,
      11.0,
      11.0,
      9.0,
      2.0,
      21.0,
      15.0,
      9.0,
      6.0,
      15.0
    ],
    [
      11.0,
      0.0,
      14.0,
      10.0,
      10.0,
      14.0,
      10.0,
      11.0,
      10.0,
      14.0,
      11.0,
      7.0,
      1.0,
      11.0,
      10.0,
      17.0,
      9.0,
      3.0,
      10.0,
      9.0
    ],
    [
      20.0,
      14.0,
      0.0,
      8.0,
      18.0,
      20.0,
      6.0,
      21.0,
      18.0,
      9.0,
      20.0,
      16.0,
      16.0,
      19.0,
      18.0,
      21.0,
      15.0,
      15.0,
      18.0,
      11.0
    ],
    [
      16.0,
      10.0,
      8.0,
      0.0,
      15.0,
      19.0,
      5.0,
      18.0,
      15.0,
      12.0,
      17.0,
      12.0,
      13.0,
      16.0,
      14.0,
      22.0,
      11.0,
      12.0,
      14.0,
      5.0
    ],
    [
      7.0,
      10.0,
      18.0,
      15.0,
      0.0,
      18.0,
      14.0,
      7.0,
      6.0,
      18.0,
      15.0,
      4.0,
      10.0,
      3.0,
      5.0,
      22.0,
      13.0,
      7.0,
      8.0,
      13.0
    ],
    [
      19.0,
      14.0,
      20.0,
      19.0,
      18.0,
      0.0,
      19.0,
      19.0,
      18.0,
      22.0,
      6.0,
      14.0,
      13.0,
      19.0,
      17.0,
      7.0,
      17.0,
      12.0,
      17.0,
      14.0
    ],
    [
      16.0,
      10.0,
      6.0,
      5.0,
      14.0,
      19.0,
      0.0,
      17.0,
      13.0,
      10.0,
      16.0,
      11.0,
      11.0,
      15.0,
      13.0,
      18.0,
      10.0,
      11.0,
      13.0,
      8.0
    ],
    [
      4.0,
      11.0,
      21.0,
      18.0,
      7.0,
      19.0,
      17.0,
      0.0,
      6.0,
      22.0,
      16.0,
      6.0,
      12.0,
      9.0,
      4.0,
      20.0,
      16.0,
      11.0,
      9.0,
      16.0
    ],
    [
      2.0,
      10.0,
      18.0,
      15.0,
      6.0,
      18.0,
      13.0,
      6.0,
      0.0,
      19.0,
      15.0,
      10.0,
      10.0,
      8.0,
      3.0,
      21.0,
      14.0,
      7.0,
      3.0,
      14.0
    ],
    [
      20.0,
      14.0,
      9.0,
      12.0,
      18.0,
      22.0,
      10.0,
      22.0,
      19.0,
      0.0,
      21.0,
      16.0,
      16.0,
      20.0,
      18.0,
      25.0,
      15.0,
      16.0,
      18.0,
      13.0
    ],
    [
      17.0,
      11.0,
      20.0,
      17.0,
      15.0,
      6.0,
      16.0,
      16.0,
      15.0,
      21.0,
      0.0,
      13.0,
      15.0,
      18.0,
      16.0,
      9.0,
      17.0,
      12.0,
      16.0,
      13.0
    ],
    [
      11.0,
      7.0,
      16.0,
      12.0,
      4.0,
      14.0,
      11.0,
      6.0,
      10.0,
      16.0,
      13.0,
      0.0,
      8.0,
      6.0,
      3.0,
      18.0,
      12.0,
      5.0,
      11.0,
      11.0
    ],
    [
      11.0,
      1.0,
      16.0,
      13.0,
      10.0,
      13.0,
      11.0,
      12.0,
      10.0,
      16.0,
      15.0,
      8.0,
      0.0,
      12.0,
      10.0,
      18.0,
      10.0,
      3.0,
      10.0,
      9.0
    ],
    [
      9.0,
      11.0,
      19.0,
      16.0,
      3.0,
      19.0,
      15.0,
      9.0,
      8.0,
      20.0,
      18.0,
      6.0,
      12.0,
      0.0,
      7.0,
      23.0,
      14.0,
      8.0,
      10.0,
      14.0
    ],
    [
      2.0,
      10.0,
      18.0,
      14.0,
      5.0,
      17.0,
      13.0,
      4.0,
      3.0,
      18.0,
      16.0,
      3.0,
      10.0,
      7.0,
      0.0,
      21.0,
      14.0,
      8.0,
      5.0,
      14.0
    ],
    [
      21.0,
      17.0,
      21.0,
      22.0,
      22.0,
      7.0,
      18.0,
      20.0,
      21.0,
      25.0,
      9.0,
      18.0,
      18.0,
      23.0,
      21.0,
      0.0,
      20.0,
      16.0,
      20.0,
      17.0
    ],
    [
      15.0,
      9.0,
      15.0,
      11.0,
      13.0,
      17.0,
      10.0,
      16.0,
      14.0,
      15.0,
      17.0,
      12.0,
      10.0,
      14.0,
      14.0,
      20.0,
      0.0,
      9.0,
      12.0,
      9.0
    ],
    [
      9.0,
      3.0,
      15.0,
      12.0,
      7.0,
      12.0,
      11.0,
      11.0,
      7.0,
      16.0,
      12.0,
      5.0,
      3.0,
      8.0,
      8.0,
      16.0,
      9.0,
      0.0,
      8.0,
      11.0
    ],
    [
      6.0,
      10.0,
      18.0,
      14.0,
      8.0,
      17.0,
      13.0,
      9.0,
      3.0,
      18.0,
      16.0,
      11.0,
      10.0,
      10.0,
      5.0,
      20.0,
      12.0,
      8.0,
      0.0,
      12.0
    ],
    [
      15.0,
      9.0,
      11.0,
      5.0,
      13.0,
      14.0,
      8.0,
      16.0,
      14.0,
      13.0,
      13.0,
      11.0,
      9.0,
      14.0,
      14.0,
      17.0,
      9.0,
      11.0,
      12.0,
      0.0
    ]
  ],
  "transit_dist_walk_matrix": [
    [
      0.0,
      NaN,
      NaN,
      NaN,
      NaN,
      NaN,
      NaN,
      NaN,
      NaN,
      NaN,
      NaN,
      NaN,
      NaN,
      NaN,
      NaN,
      NaN,
      NaN,
      NaN,
      NaN,
      NaN
    ],
    [
      NaN,
      0.0,
      NaN,
      NaN,
      NaN,
      NaN,
      NaN,
      NaN,
      NaN,
      NaN,
      NaN,
      NaN,
      NaN,
      NaN,
      NaN,
      NaN,
      NaN,
      NaN,
      NaN,
      NaN
    ],
    [
      NaN,
      NaN,
      0.0,
      NaN,
      NaN,
      NaN,
      NaN,
      NaN,
      NaN,
      NaN,
      NaN,
      NaN,
      NaN,
      NaN,
      NaN,
      NaN,
      NaN,
      NaN,
      NaN,
      NaN
    ],
    [
      NaN,
      NaN,
      NaN,
      0.0,
      NaN,
      NaN,
      NaN,
      NaN,
      NaN,
      NaN,
      NaN,
      NaN,
      NaN,
      NaN,
      NaN,
      NaN,
      NaN,
      NaN,
      NaN,
      NaN
    ],
    [
      NaN,
      NaN,
      NaN,
      NaN,
      0.0,
      NaN,
      NaN,
      NaN,
      NaN,
      NaN,
      NaN,
      NaN,
      NaN,
      NaN,
      NaN,
      NaN,
      NaN,
      NaN,
      NaN,
      NaN
    ],
    [
      NaN,
      NaN,
      NaN,
      NaN,
      NaN,
      0.0,
      NaN,
      NaN,
      NaN,
      NaN,
      NaN,
      NaN,
      NaN,
      NaN,
      NaN,
      NaN,
      NaN,
      NaN,
      NaN,
      NaN
    ],
    [
      NaN,
      NaN,
      NaN,
      NaN,
      NaN,
      NaN,
      0.0,
      NaN,
      NaN,
      NaN,
      NaN,
      NaN,
      NaN,
      NaN,
      NaN,
      NaN,
      NaN,
      NaN,
      NaN,
      NaN
    ],
    [
      NaN,
      NaN,
      NaN,
      NaN,
      NaN,
      NaN,
      NaN,
      0.0,
      NaN,
      NaN,
      NaN,
      NaN,
      NaN,
      NaN,
      NaN,
      NaN,
      NaN,
      NaN,
      NaN,
      NaN
    ],
    [
      NaN,
      NaN,
      NaN,
      NaN,
      NaN,
      NaN,
      NaN,
      NaN,
      0.0,
      NaN,
      NaN,
      NaN,
      NaN,
      NaN,
      NaN,
      NaN,
      NaN,
      NaN,
      NaN,
      NaN
    ],
    [
      NaN,
      NaN,
      NaN,
      NaN,
      NaN,
      NaN,
      NaN,
      NaN,
      NaN,
      0.0,
      NaN,
      NaN,
      NaN,
      NaN,
      NaN,
      NaN,
      NaN,
      NaN,
      NaN,
      NaN
    ],
    [
      NaN,
      NaN,
      NaN,
      NaN,
      NaN,
      NaN,
      NaN,
      NaN,
      NaN,
      NaN,
      0.0,
      NaN,
      NaN,
      NaN,
      NaN,
      NaN,
      NaN,
      NaN,
      NaN,
      NaN
    ],
    [
      NaN,
      NaN,
      NaN,
      NaN,
      NaN,
      NaN,
      NaN,
      NaN,
      NaN,
      NaN,
      NaN,
      0.0,
      NaN,
      NaN,
      NaN,
      NaN,
      NaN,
      NaN,
      NaN,
      NaN
    ],
    [
      NaN,
      NaN,
      NaN,
      NaN,
      NaN,
      NaN,
      NaN,
      NaN,
      NaN,
      NaN,
      NaN,
      NaN,
      0.0,
      NaN,
      NaN,
      NaN,
      NaN,
      NaN,
      NaN,
      NaN
    ],
    [
      NaN,
      NaN,
      NaN,
      NaN,
      NaN,
      NaN,
      NaN,
      NaN,
      NaN,
      NaN,
      NaN,
      NaN,
      NaN,
      0.0,
      NaN,
      NaN,
      NaN,
      NaN,
      NaN,
      NaN
    ],
    [
      NaN,
      NaN,
      NaN,
      NaN,
      NaN,
      NaN,
      NaN,
      NaN,
      NaN,
      NaN,
      NaN,
      NaN,
      NaN,
      NaN,
      0.0,
      NaN,
      NaN,
      NaN,
      NaN,
      NaN
    ],
    [
      NaN,
      NaN,
      NaN,
      NaN,
      NaN,
      NaN,
      NaN,
      NaN,
      NaN,
      NaN,
      NaN,
      NaN,
      NaN,
      NaN,
      NaN,
      0.0,
      NaN,
      NaN,
      NaN,
      NaN
    ],
    [
      NaN,
      NaN,
      NaN,
      NaN,
      NaN,
      NaN,
      NaN,
      NaN,
      NaN,
      NaN,
      NaN,
      NaN,
      NaN,
      NaN,
      NaN,
      NaN,
      0.0,
      NaN,
      NaN,
      NaN
    ],
    [
      NaN,
      NaN,
      NaN,
      NaN,
      NaN,
      NaN,
      NaN,
      NaN,
      NaN,
      NaN,
      NaN,
      NaN,
      NaN,
      NaN,
      NaN,
      NaN,
      NaN,
      0.0,
      NaN,
      NaN
    ],
    [
      NaN,
      NaN,
      NaN,
      NaN,
      NaN,
      NaN,
      NaN,
      NaN,
      NaN,
      NaN,
      NaN,
      NaN,
      NaN,
      NaN,
      NaN,
      NaN,
      NaN,
      NaN,
      0.0,
      NaN
    ],
    [
      NaN,
      NaN,
      NaN,
      NaN,
      NaN,
      NaN,
      NaN,
      NaN,
      NaN,
      NaN,
      NaN,
      NaN,
      NaN,
      NaN,
      NaN,
      NaN,
      NaN,
      NaN,
      NaN,
      0.0
    ]
  ],
  "transit_time_matrix": [
    [
      0.0,
      NaN,
      NaN,
      NaN,
      NaN,
      NaN,
      NaN,
      NaN,
      NaN,
      NaN,
      NaN,
      NaN,
      NaN,
      NaN,
      NaN,
      NaN,
      NaN,
      NaN,
      NaN,
      NaN
    ],
    [
      NaN,
      0.0,
      NaN,
      NaN,
      NaN,
      NaN,
      NaN,
      NaN,
      NaN,
      NaN,
      NaN,
      NaN,
      NaN,
      NaN,
      NaN,
      NaN,
      NaN,
      NaN,
      NaN,
      NaN
    ],
    [
      NaN,
      NaN,
      0.0,
      NaN,
      NaN,
      NaN,
      NaN,
      NaN,
      NaN,
      NaN,
      NaN,
      NaN,
      NaN,
      NaN,
      NaN,
      NaN,
      NaN,
      NaN,
      NaN,
      NaN
    ],
    [
      NaN,
      NaN,
      NaN,
      0.0,
      NaN,
      NaN,
      NaN,
      NaN,
      NaN,
      NaN,
      NaN,
      NaN,
      NaN,
      NaN,
      NaN,
      NaN,
      NaN,
      NaN,
      NaN,
      NaN
    ],
    [
      NaN,
      NaN,
      NaN,
      NaN,
      0.0,
      NaN,
      NaN,
      NaN,
      NaN,
      NaN,
      NaN,
      NaN,
      NaN,
      NaN,
      NaN,
      NaN,
      NaN,
      NaN,
      NaN,
      NaN
    ],
    [
      NaN,
      NaN,
      NaN,
      NaN,
      NaN,
      0.0,
      NaN,
      NaN,
      NaN,
      NaN,
      NaN,
      NaN,
      NaN,
      NaN,
      NaN,
      NaN,
      NaN,
      NaN,
      NaN,
      NaN
    ],
    [
      NaN,
      NaN,
      NaN,
      NaN,
      NaN,
      NaN,
      0.0,
      NaN,
      NaN,
      NaN,
      NaN,
      NaN,
      NaN,
      NaN,
      NaN,
      NaN,
      NaN,
      NaN,
      NaN,
      NaN
    ],
    [
      NaN,
      NaN,
      NaN,
      NaN,
      NaN,
      NaN,
      NaN,
      0.0,
      NaN,
      NaN,
      NaN,
      NaN,
      NaN,
      NaN,
      NaN,
      NaN,
      NaN,
      NaN,
      NaN,
      NaN
    ],
    [
      NaN,
      NaN,
      NaN,
      NaN,
      NaN,
      NaN,
      NaN,
      NaN,
      0.0,
      NaN,
      NaN,
      NaN,
      NaN,
      NaN,
      NaN,
      NaN,
      NaN,
      NaN,
      NaN,
      NaN
    ],
    [
      NaN,
      NaN,
      NaN,
      NaN,
      NaN,
      NaN,
      NaN,
      NaN,
      NaN,
      0.0,
      NaN,
      NaN,
      NaN,
      NaN,
      NaN,
      NaN,
      NaN,
      NaN,
      NaN,
      NaN
    ],
    [
      NaN,
      NaN,
      NaN,
      NaN,
      NaN,
      NaN,
      NaN,
      NaN,
      NaN,
      NaN,
      0.0,
      NaN,
      NaN,
      NaN,
      NaN,
      NaN,
      NaN,
      NaN,
      NaN,
      NaN
    ],
    [
      NaN,
      NaN,
      NaN,
      NaN,
      NaN,
      NaN,
      NaN,
      NaN,
      NaN,
      NaN,
      NaN,
      0.0,
      NaN,
      NaN,
      NaN,
      NaN,
      NaN,
      NaN,
      NaN,
      NaN
    ],
    [
      NaN,
      NaN,
      NaN,
      NaN,
      NaN,
      NaN,
      NaN,
      NaN,
      NaN,
      NaN,
      NaN,
      NaN,
      0.0,
      NaN,
      NaN,
      NaN,
      NaN,
      NaN,
      NaN,
      NaN
    ],
    [
      NaN,
      NaN,
      NaN,
      NaN,
      NaN,
      NaN,
      NaN,
      NaN,
      NaN,
      NaN,
      NaN,
      NaN,
      NaN,
      0.0,
      NaN,
      NaN,
      NaN,
      NaN,
      NaN,
      NaN
    ],
    [
      NaN,
      NaN,
      NaN,
      NaN,
      NaN,
      NaN,
      NaN,
      NaN,
      NaN,
      NaN,
      NaN,
      NaN,
      NaN,
      NaN,
      0.0,
      NaN,
      NaN,
      NaN,
      NaN,
      NaN
    ],
    [
      NaN,
      NaN,
      NaN,
      NaN,
      NaN,
      NaN,
      NaN,
      NaN,
      NaN,
      NaN,
      NaN,
      NaN,
      NaN,
      NaN,
      NaN,
      0.0,
      NaN,
      NaN,
      NaN,
      NaN
    ],
    [
      NaN,
      NaN,
      NaN,
      NaN,
      NaN,
      NaN,
      NaN,
      NaN,
      NaN,
      NaN,
      NaN,
      NaN,
      NaN,
      NaN,
      NaN,
      NaN,
      0.0,
      NaN,
      NaN,
      NaN
    ],
    [
      NaN,
      NaN,
      NaN,
      NaN,
      NaN,
      NaN,
      NaN,
      NaN,
      NaN,
      NaN,
      NaN,
      NaN,
      NaN,
      NaN,
      NaN,
      NaN,
      NaN,
      0.0,
      NaN,
      NaN
    ],
    [
      NaN,
      NaN,
      NaN,
      NaN,
      NaN,
      NaN,
      NaN,
      NaN,
      NaN,
      NaN,
      NaN,
      NaN,
      NaN,
      NaN,
      NaN,
      NaN,
      NaN,
      NaN,
      0.0,
      NaN
    ],
    [
      NaN,
      NaN,
      NaN,
      NaN,
      NaN,
      NaN,
      NaN,
      NaN,
      NaN,
      NaN,
      NaN,
      NaN,
      NaN,
      NaN,
      NaN,
      NaN,
      NaN,
      NaN,
      NaN,
      0.0
    ]
  ],
  "walk_dist_matrix": [
    [
      0.0,
      3.3,
      9.6,
      8.1,
      0.55,
      6.2,
      8.9,
      0.3,
      0.16,
      12.3,
      5.7,
      0.9,
      3.3,
      0.7,
      0.14,
      7.7,
      6.4,
      2.3,
      0.45,
      6.8
    ],
    [
      3.3,
      0.0,
      6.6,
      5.0,
      3.6,
      4.8,
      5.8,
      3.6,
      3.2,
      9.2,
      3.7,
      2.5,
      0.11,
      3.7,
      3.3,
      6.5,
      5.0,
      1.2,
      3.1,
      3.6
    ],
    [
      9.6,
      6.6,
      0.0,
      2.0,
      9.9,
      8.3,
      1.2,
      9.9,
      9.6,
      3.6,
      7.2,
      8.9,
      6.6,
      10.1,
      9.7,
      9.8,
      6.8,
      7.5,
      9.4,
      3.1
    ],
    [
      8.1,
      5.0,
      2.0,
      0.0,
      8.4,
      7.7,
      1.3,
      8.4,
      8.0,
      5.1,
      6.3,
      7.3,
      4.9,
      8.5,
      8.1,
      9.2,
      5.2,
      6.0,
      7.8,
      1.5
    ],
    [
      0.55,
      3.6,
      9.9,
      8.4,
      0.0,
      6.6,
      9.1,
      0.5,
      0.5,
      12.5,
      6.1,
      1.3,
      3.6,
      0.26,
      0.4,
      8.1,
      6.5,
      2.6,
      0.6,
      7.0
    ],
    [
      6.2,
      4.8,
      8.3,
      7.7,
      6.6,
      0.0,
      8.6,
      6.5,
      6.2,
      11.9,
      1.5,
      5.5,
      4.7,
      6.9,
      6.3,
      2.0,
      8.6,
      4.8,
      6.2,
      6.2
    ],
    [
      8.9,
      5.8,
      1.2,
      1.3,
      9.1,
      8.6,
      0.0,
      9.2,
      8.8,
      3.7,
      7.3,
      8.1,
      5.7,
      9.3,
      8.9,
      10.2,
      5.6,
      6.7,
      8.6,
      2.5
    ],
    [
      0.3,
      3.6,
      9.9,
      8.4,
      0.5,
      6.5,
      9.2,
      0.0,
      0.45,
      12.5,
      5.9,
      1.1,
      3.5,
      0.7,
      0.35,
      7.9,
      6.6,
      2.5,
      0.75,
      7.0
    ],
    [
      0.16,
      3.2,
      9.6,
      8.0,
      0.5,
      6.2,
      8.8,
      0.45,
      0.0,
      12.2,
      5.7,
      0.85,
      3.2,
      0.65,
      0.22,
      7.7,
      6.3,
      2.2,
      0.27,
      6.7
    ],
    [
      12.3,
      9.2,
      3.6,
      5.1,
      12.5,
      11.9,
      3.7,
      12.5,
      12.2,
      0.0,
      10.8,
      11.5,
      9.1,
      12.7,
      12.3,
      13.4,
      8.1,
      10.2,
      11.9,
      6.2
    ],
    [
      5.7,
      3.7,
      7.2,
      6.3,
      6.1,
      1.5,
      7.3,
      5.9,
      5.7,
      10.8,
      0.0,
      4.9,
      3.6,
      6.2,
      5.8,
      3.4,
      7.5,
      3.9,
      5.6,
      4.8
    ],
    [
      0.9,
      2.5,
      8.9,
      7.3,
      1.3,
      5.5,
      8.1,
      1.1,
      0.85,
      11.5,
      4.9,
      0.0,
      2.5,
      1.5,
      0.9,
      6.9,
      6.4,
      1.5,
      0.85,
      6.0
    ],
    [
      3.3,
      0.11,
      6.6,
      4.9,
      3.6,
      4.7,
      5.7,
      3.5,
      3.2,
      9.1,
      3.6,
      2.5,
      0.0,
      3.8,
      3.4,
      6.5,
      5.0,
      1.3,
      3.2,
      3.6
    ],
    [
      0.7,
      3.7,
      10.1,
      8.5,
      0.26,
      6.9,
      9.3,
      0.7,
      0.65,
      12.7,
      6.2,
      1.5,
      3.8,
      0.0,
      0.55,
      8.3,
      6.7,
      2.8,
      0.8,
      7.2
    ],
    [
      0.14,
      3.3,
      9.7,
      8.1,
      0.4,
      6.3,
      8.9,
      0.35,
      0.22,
      12.3,
      5.8,
      0.9,
      3.4,
      0.55,
      0.0,
      7.8,
      6.3,
      2.3,
      0.45,
      6.8
    ],
    [
      7.7,
      6.5,
      9.8,
      9.2,
      8.1,
      2.0,
      10.2,
      7.9,
      7.7,
      13.4,
      3.4,
      6.9,
      6.5,
      8.3,
      7.8,
      0.0,
      10.6,
      6.5,
      7.7,
      7.8
    ],
    [
      6.4,
      5.0,
      6.8,
      5.2,
      6.5,
      8.6,
      5.6,
      6.6,
      6.3,
      8.1,
      7.5,
      6.4,
      5.0,
      6.7,
      6.3,
      10.6,
      0.0,
      5.8,
      6.2,
      4.7
    ],
    [
      2.3,
      1.2,
      7.5,
      6.0,
      2.6,
      4.8,
      6.7,
      2.5,
      2.2,
      10.2,
      3.9,
      1.5,
      1.3,
      2.8,
      2.3,
      6.5,
      5.8,
      0.0,
      2.1,
      4.6
    ],
    [
      0.45,
      3.1,
      9.4,
      7.8,
      0.6,
      6.2,
      8.6,
      0.75,
      0.27,
      11.9,
      5.6,
      0.85,
      3.2,
      0.8,
      0.45,
      7.7,
      6.2,
      2.1,
      0.0,
      6.5
    ],
    [
      6.8,
      3.6,
      3.1,
      1.5,
      7.0,
      6.2,
      2.5,
      7.0,
      6.7,
      6.2,
      4.8,
      6.0,
      3.6,
      7.2,
      6.8,
      7.8,
      4.7,
      4.6,
      6.5,
      0.0
    ]
  ],
  "walk_time_matrix": [
    [
      0.0,
      40.0,
      118.0,
      100.0,
      7.0,
      76.0,
      110.0,
      4.0,
      2.0,
      152.0,
      69.0,
      11.0,
      40.0,
      9.0,
      2.0,
      93.0,
      82.0,
      28.0,
      6.0,
      83.0
    ],
    [
      40.0,
      0.0,
      82.0,
      62.0,
      46.0,
      59.0,
      72.0,
      46.0,
      42.0,
      114.0,
      45.0,
      33.0,
      1.0,
      48.0,
      43.0,
      79.0,
      66.0,
      15.0,
      41.0,
      45.0
    ],
    [
      118.0,
      82.0,
      0.0,
      26.0,
      130.0,
      106.0,
      16.0,
      129.0,
      125.0,
      45.0,
      92.0,
      116.0,
      87.0,
      132.0,
      127.0,
      124.0,
      91.0,
      98.0,
      123.0,
      41.0
    ],
    [
      100.0,
      62.0,
      26.0,
      0.0,
      109.0,
      96.0,
      17.0,
      109.0,
      104.0,
      63.0,
      80.0,
      95.0,
      65.0,
      111.0,
      106.0,
      115.0,
      70.0,
      77.0,
      102.0,
      19.0
    ],
    [
      7.0,
      46.0,
      130.0,
      109.0,
      0.0,
      80.0,
      113.0,
      7.0,
      6.0,
      154.0,
      73.0,
      16.0,
      44.0,
      3.0,
      5.0,
      98.0,
      82.0,
      31.0,
      8.0,
      86.0
    ],
    [
      76.0,
      59.0,
      106.0,
      96.0,
      80.0,
      0.0,
      110.0,
      85.0,
      82.0,
      149.0,
      19.0,
      72.0,
      62.0,
      90.0,
      84.0,
      24.0,
      114.0,
      64.0,
      82.0,
      79.0
    ],
    [
      110.0,
      72.0,
      16.0,
      17.0,
      113.0,
      110.0,
      0.0,
      120.0,
      115.0,
      46.0,
      94.0,
      106.0,
      75.0,
      121.0,
      116.0,
      128.0,
      76.0,
      88.0,
      112.0,
      32.0
    ],
    [
      4.0,
      46.0,
      129.0,
      109.0,
      7.0,
      85.0,
      120.0,
      0.0,
      6.0,
      155.0,
      71.0,
      13.0,
      43.0,
      9.0,
      4.0,
      95.0,
      85.0,
      31.0,
      9.0,
      86.0
    ],
    [
      2.0,
      42.0,
      125.0,
      104.0,
      6.0,
      82.0,
      115.0,
      6.0,
      0.0,
      150.0,
      69.0,
      10.0,
      39.0,
      8.0,
      3.0,
      93.0,
      81.0,
      27.0,
      3.0,
      82.0
    ],
    [
      152.0,
      114.0,
      45.0,
      63.0,
      154.0,
      149.0,
      46.0,
      155.0,
      150.0,
      0.0,
      138.0,
      150.0,
      120.0,
      166.0,
      161.0,
      169.0,
      109.0,
      132.0,
      156.0,
      80.0
    ],
    [
      69.0,
      45.0,
      92.0,
      80.0,
      73.0,
      19.0,
      94.0,
      71.0,
      69.0,
      138.0,
      0.0,
      64.0,
      48.0,
      81.0,
      76.0,
      41.0,
      99.0,
      51.0,
      74.0,
      62.0
    ],
    [
      11.0,
      33.0,
      116.0,
      95.0,
      16.0,
      72.0,
      106.0,
      13.0,
      10.0,
      150.0,
      64.0,
      0.0,
      31.0,
      19.0,
      12.0,
      83.0,
      82.0,
      19.0,
      11.0,
      74.0
    ],
    [
      40.0,
      1.0,
      87.0,
      65.0,
      44.0,
      62.0,
      75.0,
      43.0,
      39.0,
      120.0,
      48.0,
      31.0,
      0.0,
      49.0,
      44.0,
      79.0,
      66.0,
      16.0,
      41.0,
      44.0
    ],
    [
      9.0,
      48.0,
      132.0,
      111.0,
      3.0,
      90.0,
      121.0,
      9.0,
      8.0,
      166.0,
      81.0,
      19.0,
      49.0,
      0.0,
      7.0,
      100.0,
      85.0,
      34.0,
      10.0,
      88.0
    ],
    [
      2.0,
      43.0,
      127.0,
      106.0,
      5.0,
      84.0,
      116.0,
      4.0,
      3.0,
      161.0,
      76.0,
      12.0,
      44.0,
      7.0,
      0.0,
      94.0,
      80.0,
      29.0,
      5.0,
      83.0
    ],
    [
      93.0,
      79.0,
      124.0,
      115.0,
      98.0,
      24.0,
      128.0,
      95.0,
      93.0,
      169.0,
      41.0,
      83.0,
      79.0,
      100.0,
      94.0,
      0.0,
      139.0,
      85.0,
      101.0,
      100.0
    ],
    [
      82.0,
      66.0,
      91.0,
      70.0,
      82.0,
      114.0,
      76.0,
      85.0,
      81.0,
      109.0,
      99.0,
      82.0,
      66.0,
      85.0,
      80.0,
      139.0,
      0.0,
      74.0,
      79.0,
      58.0
    ],
    [
      28.0,
      15.0,
      98.0,
      77.0,
      31.0,
      64.0,
      88.0,
      31.0,
      27.0,
      132.0,
      51.0,
      19.0,
      16.0,
      34.0,
      29.0,
      85.0,
      74.0,
      0.0,
      28.0,
      57.0
    ],
    [
      6.0,
      41.0,
      123.0,
      102.0,
      8.0,
      82.0,
      112.0,
      9.0,
      3.0,
      156.0,
      74.0,
      11.0,
      41.0,
      10.0,
      5.0,
      101.0,
      79.0,
      28.0,
      0.0,
      80.0
    ],
    [
      83.0,
      45.0,
      41.0,
      19.0,
      86.0,
      79.0,
      32.0,
      86.0,
      82.0,
      80.0,
      62.0,
      74.0,
      44.0,
      88.0,
      83.0,
      100.0,
      58.0,
      57.0,
      80.0,
      0.0
    ]
  ],
  "cycle_dist_matrix": [
    [
      0.0,
      3.3,
      9.6,
      8.1,
      0.55,
      6.2,
      8.9,
      0.3,
      0.16,
      12.3,
      5.7,
      0.9,
      3.3,
      0.7,
      0.14,
      7.7,
      6.4,
      2.3,
      0.45,
      6.8
    ],
    [
      3.3,
      0.0,
      6.6,
      5.0,
      3.6,
      4.8,
      5.8,
      3.6,
      3.2,
      9.2,
      3.7,
      2.5,
      0.11,
      3.7,
      3.3,
      6.5,
      5.0,
      1.2,
      3.1,
      3.6
    ],
    [
      9.6,
      6.6,
      0.0,
      2.0,
      9.9,
      8.3,
      1.2,
      9.9,
      9.6,
      3.6,
      7.2,
      8.9,
      6.6,
      10.1,
      9.7,
      9.8,
      6.8,
      7.5,
      9.4,
      3.1
    ],
    [
      8.1,
      5.0,
      2.0,
      0.0,
      8.4,
      7.7,
      1.3,
      8.4,
      8.0,
      5.1,
      6.3,
      7.3,
      4.9,
      8.5,
      8.1,
      9.2,
      5.2,
      6.0,
      7.8,
      1.5
    ],
    [
      0.55,
      3.6,
      9.9,
      8.4,
      0.0,
      6.6,
      9.1,
      0.5,
      0.5,
      12.5,
      6.1,
      1.3,
      3.6,
      0.26,
      0.4,
      8.1,
      6.5,
      2.6,
      0.6,
      7.0
    ],
    [
      6.2,
      4.8,
      8.3,
      7.7,
      6.6,
      0.0,
      8.6,
      6.5,
      6.2,
      11.9,
      1.5,
      5.5,
      4.7,
      6.9,
      6.3,
      2.0,
      8.6,
      4.8,
      6.2,
      6.2
    ],
    [
      8.9,
      5.8,
      1.2,
      1.3,
      9.1,
      8.6,
      0.0,
      9.2,
      8.8,
      3.7,
      7.3,
      8.1,
      5.7,
      9.3,
      8.9,
      10.2,
      5.6,
      6.7,
      8.6,
      2.5
    ],
    [
      0.3,
      3.6,
      9.9,
      8.4,
      0.5,
      6.5,
      9.2,
      0.0,
      0.45,
      12.5,
      5.9,
      1.1,
      3.5,
      0.7,
      0.35,
      7.9,
      6.6,
      2.5,
      0.75,
      7.0
    ],
    [
      0.16,
      3.2,
      9.6,
      8.0,
      0.5,
      6.2,
      8.8,
      0.45,
      0.0,
      12.2,
      5.7,
      0.85,
      3.2,
      0.65,
      0.22,
      7.7,
      6.3,
      2.2,
      0.27,
      6.7
    ],
    [
      12.3,
      9.2,
      3.6,
      5.1,
      12.5,
      11.9,
      3.7,
      12.5,
      12.2,
      0.0,
      10.8,
      11.5,
      9.1,
      12.7,
      12.3,
      13.4,
      8.1,
      10.2,
      11.9,
      6.2
    ],
    [
      5.7,
      3.7,
      7.2,
      6.3,
      6.1,
      1.5,
      7.3,
      5.9,
      5.7,
      10.8,
      0.0,
      4.9,
      3.6,
      6.2,
      5.8,
      3.4,
      7.5,
      3.9,
      5.6,
      4.8
    ],
    [
      0.9,
      2.5,
      8.9,
      7.3,
      1.3,
      5.5,
      8.1,
      1.1,
      0.85,
      11.5,
      4.9,
      0.0,
      2.5,
      1.5,
      0.9,
      6.9,
      6.4,
      1.5,
      0.85,
      6.0
    ],
    [
      3.3,
      0.11,
      6.6,
      4.9,
      3.6,
      4.7,
      5.7,
      3.5,
      3.2,
      9.1,
      3.6,
      2.5,
      0.0,
      3.8,
      3.4,
      6.5,
      5.0,
      1.3,
      3.2,
      3.6
    ],
    [
      0.7,
      3.7,
      10.1,
      8.5,
      0.26,
      6.9,
      9.3,
      0.7,
      0.65,
      12.7,
      6.2,
      1.5,
      3.8,
      0.0,
      0.55,
      8.3,
      6.7,
      2.8,
      0.8,
      7.2
    ],
    [
      0.14,
      3.3,
      9.7,
      8.1,
      0.4,
      6.3,
      8.9,
      0.35,
      0.22,
      12.3,
      5.8,
      0.9,
      3.4,
      0.55,
      0.0,
      7.8,
      6.3,
      2.3,
      0.45,
      6.8
    ],
    [
      7.7,
      6.5,
      9.8,
      9.2,
      8.1,
      2.0,
      10.2,
      7.9,
      7.7,
      13.4,
      3.4,
      6.9,
      6.5,
      8.3,
      7.8,
      0.0,
      10.6,
      6.5,
      7.7,
      7.8
    ],
    [
      6.4,
      5.0,
      6.8,
      5.2,
      6.5,
      8.6,
      5.6,
      6.6,
      6.3,
      8.1,
      7.5,
      6.4,
      5.0,
      6.7,
      6.3,
      10.6,
      0.0,
      5.8,
      6.2,
      4.7
    ],
    [
      2.3,
      1.2,
      7.5,
      6.0,
      2.6,
      4.8,
      6.7,
      2.5,
      2.2,
      10.2,
      3.9,
      1.5,
      1.3,
      2.8,
      2.3,
      6.5,
      5.8,
      0.0,
      2.1,
      4.6
    ],
    [
      0.45,
      3.1,
      9.4,
      7.8,
      0.6,
      6.2,
      8.6,
      0.75,
      0.27,
      11.9,
      5.6,
      0.85,
      3.2,
      0.8,
      0.45,
      7.7,
      6.2,
      2.1,
      0.0,
      6.5
    ],
    [
      6.8,
      3.6,
      3.1,
      1.5,
      7.0,
      6.2,
      2.5,
      7.0,
      6.7,
      6.2,
      4.8,
      6.0,
      3.6,
      7.2,
      6.8,
      7.8,
      4.7,
      4.6,
      6.5,
      0.0
    ]
  ],
  "cycle_time_matrix": [
    [
      0.0,
      40.0,
      118.0,
      100.0,
      7.0,
      76.0,
      110.0,
      4.0,
      2.0,
      152.0,
      69.0,
      11.0,
      40.0,
      9.0,
      2.0,
      93.0,
      82.0,
      28.0,
      6.0,
      83.0
    ],
    [
      40.0,
      0.0,
      82.0,
      62.0,
      46.0,
      59.0,
      72.0,
      46.0,
      42.0,
      114.0,
      45.0,
      33.0,
      1.0,
      48.0,
      43.0,
      79.0,
      66.0,
      15.0,
      41.0,
      45.0
    ],
    [
      118.0,
      82.0,
      0.0,
      26.0,
      130.0,
      106.0,
      16.0,
      129.0,
      125.0,
      45.0,
      92.0,
      116.0,
      87.0,
      132.0,
      127.0,
      124.0,
      91.0,
      98.0,
      123.0,
      41.0
    ],
    [
      100.0,
      62.0,
      26.0,
      0.0,
      109.0,
      96.0,
      17.0,
      109.0,
      104.0,
      63.0,
      80.0,
      95.0,
      65.0,
      111.0,
      106.0,
      115.0,
      70.0,
      77.0,
      102.0,
      19.0
    ],
    [
      7.0,
      46.0,
      130.0,
      109.0,
      0.0,
      80.0,
      113.0,
      7.0,
      6.0,
      154.0,
      73.0,
      16.0,
      44.0,
      3.0,
      5.0,
      98.0,
      82.0,
      31.0,
      8.0,
      86.0
    ],
    [
      76.0,
      59.0,
      106.0,
      96.0,
      80.0,
      0.0,
      110.0,
      85.0,
      82.0,
      149.0,
      19.0,
      72.0,
      62.0,
      90.0,
      84.0,
      24.0,
      114.0,
      64.0,
      82.0,
      79.0
    ],
    [
      110.0,
      72.0,
      16.0,
      17.0,
      113.0,
      110.0,
      0.0,
      120.0,
      115.0,
      46.0,
      94.0,
      106.0,
      75.0,
      121.0,
      116.0,
      128.0,
      76.0,
      88.0,
      112.0,
      32.0
    ],
    [
      4.0,
      46.0,
      129.0,
      109.0,
      7.0,
      85.0,
      120.0,
      0.0,
      6.0,
      155.0,
      71.0,
      13.0,
      43.0,
      9.0,
      4.0,
      95.0,
      85.0,
      31.0,
      9.0,
      86.0
    ],
    [
      2.0,
      42.0,
      125.0,
      104.0,
      6.0,
      82.0,
      115.0,
      6.0,
      0.0,
      150.0,
      69.0,
      10.0,
      39.0,
      8.0,
      3.0,
      93.0,
      81.0,
      27.0,
      3.0,
      82.0
    ],
    [
      152.0,
      114.0,
      45.0,
      63.0,
      154.0,
      149.0,
      46.0,
      155.0,
      150.0,
      0.0,
      138.0,
      150.0,
      120.0,
      166.0,
      161.0,
      169.0,
      109.0,
      132.0,
      156.0,
      80.0
    ],
    [
      69.0,
      45.0,
      92.0,
      80.0,
      73.0,
      19.0,
      94.0,
      71.0,
      69.0,
      138.0,
      0.0,
      64.0,
      48.0,
      81.0,
      76.0,
      41.0,
      99.0,
      51.0,
      74.0,
      62.0
    ],
    [
      11.0,
      33.0,
      116.0,
      95.0,
      16.0,
      72.0,
      106.0,
      13.0,
      10.0,
      150.0,
      64.0,
      0.0,
      31.0,
      19.0,
      12.0,
      83.0,
      82.0,
      19.0,
      11.0,
      74.0
    ],
    [
      40.0,
      1.0,
      87.0,
      65.0,
      44.0,
      62.0,
      75.0,
      43.0,
      39.0,
      120.0,
      48.0,
      31.0,
      0.0,
      49.0,
      44.0,
      79.0,
      66.0,
      16.0,
      41.0,
      44.0
    ],
    [
      9.0,
      48.0,
      132.0,
      111.0,
      3.0,
      90.0,
      121.0,
      9.0,
      8.0,
      166.0,
      81.0,
      19.0,
      49.0,
      0.0,
      7.0,
      100.0,
      85.0,
      34.0,
      10.0,
      88.0
    ],
    [
      2.0,
      43.0,
      127.0,
      106.0,
      5.0,
      84.0,
      116.0,
      4.0,
      3.0,
      161.0,
      76.0,
      12.0,
      44.0,
      7.0,
      0.0,
      94.0,
      80.0,
      29.0,
      5.0,
      83.0
    ],
    [
      93.0,
      79.0,
      124.0,
      115.0,
      98.0,
      24.0,
      128.0,
      95.0,
      93.0,
      169.0,
      41.0,
      83.0,
      79.0,
      100.0,
      94.0,
      0.0,
      139.0,
      85.0,
      101.0,
      100.0
    ],
    [
      82.0,
      66.0,
      91.0,
      70.0,
      82.0,
      114.0,
      76.0,
      85.0,
      81.0,
      109.0,
      99.0,
      82.0,
      66.0,
      85.0,
      80.0,
      139.0,
      0.0,
      74.0,
      79.0,
      58.0
    ],
    [
      28.0,
      15.0,
      98.0,
      77.0,
      31.0,
      64.0,
      88.0,
      31.0,
      27.0,
      132.0,
      51.0,
      19.0,
      16.0,
      34.0,
      29.0,
      85.0,
      74.0,
      0.0,
      28.0,
      57.0
    ],
    [
      6.0,
      41.0,
      123.0,
      102.0,
      8.0,
      82.0,
      112.0,
      9.0,
      3.0,
      156.0,
      74.0,
      11.0,
      41.0,
      10.0,
      5.0,
      101.0,
      79.0,
      28.0,
      0.0,
      80.0
    ],
    [
      83.0,
      45.0,
      41.0,
      19.0,
      86.0,
      79.0,
      32.0,
      86.0,
      82.0,
      80.0,
      62.0,
      74.0,
      44.0,
      88.0,
      83.0,
      100.0,
      58.0,
      57.0,
      80.0,
      0.0
    ]
  ],
  "avg_dd": [
    [
      6.445300000000008
    ]
  ]
}