{
  "drive_dist_matrix": [
    [
      0.0,
      0.80467,
      11.426314,
      35.083612,
      3.057746,
      0.32186800000000004,
      43.45218,
      0.48280199999999995,
      23.979166,
      0.80467,
      19.31208,
      35.083612,
      0.6437360000000001,
      0.9656039999999999,
      0.9656039999999999,
      0.80467
    ],
    [
      0.80467,
      0.0,
      12.07005,
      35.566414,
      2.2530759999999996,
      0.48280199999999995,
      44.095915999999995,
      0.32186800000000004,
      24.622902,
      0.177,
      19.955816000000002,
      35.727348,
      0.48280199999999995,
      0.16093400000000002,
      0.16093400000000002,
      0.194
    ],
    [
      11.426314,
      12.07005,
      0.0,
      24.1401,
      13.518456,
      11.748182,
      32.669602,
      11.909116000000001,
      13.196587999999998,
      12.07005,
      29.289987999999997,
      24.301033999999998,
      12.07005,
      11.587248,
      12.391918,
      12.07005
    ],
    [
      35.083612,
      35.566414,
      24.1401,
      0.0,
      37.01482,
      35.083612,
      8.85137,
      35.244546,
      12.230984,
      35.566414,
      52.625418,
      0.351,
      35.40548,
      35.083612,
      35.888282000000004,
      35.566414
    ],
    [
      3.057746,
      2.2530759999999996,
      13.518456,
      37.01482,
      0.0,
      2.735878,
      45.544322,
      2.5749440000000003,
      26.071308,
      2.2530759999999996,
      22.208892000000002,
      37.175754000000005,
      2.735878,
      1.9312079999999998,
      1.9312079999999998,
      2.2530759999999996
    ],
    [
      0.32186800000000004,
      0.48280199999999995,
      11.748182,
      35.083612,
      2.735878,
      0.0,
      43.613114,
      0.16093400000000002,
      24.1401,
      0.48280199999999995,
      19.473014,
      35.244546,
      0.32186800000000004,
      0.6437360000000001,
      0.6437360000000001,
      0.48280199999999995
    ],
    [
      43.45218,
      44.095915999999995,
      32.669602,
      8.85137,
      45.544322,
      43.613114,
      0.0,
      43.774048,
      20.760486,
      44.095915999999995,
      61.15492,
      9.012303999999999,
      43.934982,
      43.613114,
      44.25685,
      44.095915999999995
    ],
    [
      0.48280199999999995,
      0.32186800000000004,
      11.909116000000001,
      35.244546,
      2.5749440000000003,
      0.16093400000000002,
      43.774048,
      0.0,
      24.301033999999998,
      0.32186800000000004,
      19.633948,
      35.40548,
      0.459,
      0.48280199999999995,
      0.48280199999999995,
      0.32186800000000004
    ],
    [
      23.979166,
      24.622902,
      13.196587999999998,
      12.230984,
      26.071308,
      24.1401,
      20.760486,
      24.301033999999998,
      0.0,
      24.622902,
      41.681906,
      12.391918,
      24.461968,
      24.1401,
      24.783836,
      24.622902
    ],
    [
      0.80467,
      0.177,
      12.07005,
      35.566414,
      2.2530759999999996,
      0.48280199999999995,
      44.095915999999995,
      0.32186800000000004,
      24.622902,
      0.0,
      19.955816000000002,
      35.727348,
      0.48280199999999995,
      0.16093400000000002,
      0.16093400000000002,
      0.013
    ],
    [
      19.31208,
      19.955816000000002,
      29.289987999999997,
      52.625418,
      22.208892000000002,
      19.473014,
      61.15492,
      19.633948,
      41.681906,
      19.955816000000002,
      0.0,
      52.947286,
      19.794882,
      20.277684,
      20.277684,
      19.955816000000002
    ],
    [
      35.083612,
      35.727348,
      24.301033999999998,
      0.351,
      37.175754000000005,
      35.244546,
      9.012303999999999,
      35.40548,
      12.391918,
      35.727348,
      52.947286,
      0.0,
      35.566414,
      35.244546,
      35.888282000000004,
      35.727348
    ],
    [
      0.6437360000000001,
      0.48280199999999995,
      12.07005,
      35.40548,
      2.735878,
      0.32186800000000004,
      43.934982,
      0.459,
      24.461968,
      0.48280199999999995,
      19.794882,
      35.566414,
      0.0,
      0.6437360000000001,
      0.6437360000000001,
      0.48280199999999995
    ],
    [
      0.9656039999999999,
      0.16093400000000002,
      11.587248,
      35.083612,
      1.9312079999999998,
      0.6437360000000001,
      43.613114,
      0.48280199999999995,
      24.1401,
      0.16093400000000002,
      20.277684,
      35.244546,
      0.6437360000000001,
      0.0,
      0.16093400000000002,
      0.16093400000000002
    ],
    [
      0.9656039999999999,
      0.16093400000000002,
      12.391918,
      35.888282000000004,
      1.9312079999999998,
      0.6437360000000001,
      44.25685,
      0.48280199999999995,
      24.783836,
      0.16093400000000002,
      20.277684,
      35.888282000000004,
      0.6437360000000001,
      0.16093400000000002,
      0.0,
      0.16093400000000002
    ],
    [
      0.80467,
      0.194,
      12.07005,
      35.566414,
      2.2530759999999996,
      0.48280199999999995,
      44.095915999999995,
      0.32186800000000004,
      24.622902,
      0.013,
      19.955816000000002,
      35.727348,
      0.48280199999999995,
      0.16093400000000002,
      0.16093400000000002,
      0.0
    ]
  ],
  "drive_time_matrix": [
    [
      0.0,
      11.0,
      11.0,
      29.0,
      9.0,
      1.0,
      35.0,
      6.0,
      23.0,
      11.0,
      19.0,
      30.0,
      5.0,
      15.0,
      8.0,
      11.0
    ],
    [
      11.0,
      0.0,
      12.0,
      30.0,
      7.0,
      5.0,
      36.0,
      5.0,
      24.0,
      1.0,
      20.0,
      31.0,
      6.0,
      4.0,
      3.0,
      1.0
    ],
    [
      11.0,
      12.0,
      0.0,
      21.0,
      17.0,
      10.0,
      27.0,
      11.0,
      15.0,
      12.0,
      26.0,
      22.0,
      11.0,
      12.0,
      12.0,
      12.0
    ],
    [
      29.0,
      30.0,
      21.0,
      0.0,
      36.0,
      29.0,
      7.0,
      30.0,
      11.0,
      31.0,
      45.0,
      1.0,
      30.0,
      31.0,
      31.0,
      31.0
    ],
    [
      9.0,
      7.0,
      17.0,
      36.0,
      0.0,
      8.0,
      42.0,
      8.0,
      30.0,
      7.0,
      27.0,
      37.0,
      8.0,
      6.0,
      6.0,
      7.0
    ],
    [
      1.0,
      5.0,
      10.0,
      29.0,
      8.0,
      0.0,
      35.0,
      2.0,
      22.0,
      7.0,
      19.0,
      30.0,
      4.0,
      11.0,
      10.0,
      7.0
    ],
    [
      35.0,
      36.0,
      27.0,
      7.0,
      42.0,
      35.0,
      0.0,
      35.0,
      16.0,
      36.0,
      50.0,
      7.0,
      35.0,
      36.0,
      37.0,
      36.0
    ],
    [
      6.0,
      5.0,
      11.0,
      30.0,
      8.0,
      2.0,
      35.0,
      0.0,
      23.0,
      1.0,
      19.0,
      30.0,
      2.0,
      9.0,
      8.0,
      6.0
    ],
    [
      23.0,
      24.0,
      15.0,
      11.0,
      30.0,
      22.0,
      16.0,
      23.0,
      0.0,
      24.0,
      38.0,
      11.0,
      23.0,
      24.0,
      25.0,
      24.0
    ],
    [
      11.0,
      1.0,
      12.0,
      31.0,
      7.0,
      7.0,
      36.0,
      1.0,
      24.0,
      0.0,
      20.0,
      31.0,
      6.0,
      5.0,
      1.0,
      1.0
    ],
    [
      19.0,
      20.0,
      26.0,
      45.0,
      27.0,
      19.0,
      50.0,
      19.0,
      38.0,
      20.0,
      0.0,
      46.0,
      19.0,
      21.0,
      21.0,
      20.0
    ],
    [
      30.0,
      31.0,
      22.0,
      1.0,
      37.0,
      30.0,
      7.0,
      30.0,
      11.0,
      31.0,
      46.0,
      0.0,
      30.0,
      31.0,
      32.0,
      31.0
    ],
    [
      5.0,
      6.0,
      11.0,
      30.0,
      8.0,
      4.0,
      35.0,
      2.0,
      23.0,
      6.0,
      19.0,
      30.0,
      0.0,
      6.0,
      4.0,
      7.0
    ],
    [
      15.0,
      4.0,
      12.0,
      31.0,
      6.0,
      11.0,
      36.0,
      9.0,
      24.0,
      5.0,
      21.0,
      31.0,
      6.0,
      0.0,
      3.0,
      4.0
    ],
    [
      8.0,
      3.0,
      12.0,
      31.0,
      6.0,
      10.0,
      37.0,
      8.0,
      25.0,
      1.0,
      21.0,
      32.0,
      4.0,
      3.0,
      0.0,
      3.0
    ],
    [
      11.0,
      1.0,
      12.0,
      31.0,
      7.0,
      7.0,
      36.0,
      6.0,
      24.0,
      1.0,
      20.0,
      31.0,
      7.0,
      4.0,
      3.0,
      0.0
    ]
  ],
  "transit_dist_walk_matrix": [
    [
      0.0,
      NaN,
      0.41665,
      NaN,
      NaN,
      NaN,
      NaN,
      NaN,
      NaN,
      NaN,
      NaN,
      NaN,
      NaN,
      NaN,
      NaN,
      NaN
    ],
    [
      NaN,
      0.0,
      0.66664,
      NaN,
      NaN,
      NaN,
      NaN,
      NaN,
      NaN,
      NaN,
      NaN,
      NaN,
      NaN,
      NaN,
      NaN,
      NaN
    ],
    [
      0.41665,
      0.66664,
      0.0,
      NaN,
      3.6665200000000002,
      0.58331,
      NaN,
      0.33332,
      NaN,
      0.66664,
      NaN,
      NaN,
      0.49998,
      1.2499500000000001,
      1.16662,
      0.66664
    ],
    [
      NaN,
      NaN,
      NaN,
      0.0,
      NaN,
      NaN,
      NaN,
      NaN,
      NaN,
      NaN,
      NaN,
      NaN,
      NaN,
      NaN,
      NaN,
      NaN
    ],
    [
      NaN,
      NaN,
      3.6665200000000002,
      NaN,
      0.0,
      NaN,
      NaN,
      NaN,
      NaN,
      NaN,
      NaN,
      NaN,
      NaN,
      NaN,
      NaN,
      NaN
    ],
    [
      NaN,
      NaN,
      0.58331,
      NaN,
      NaN,
      0.0,
      NaN,
      NaN,
      NaN,
      NaN,
      NaN,
      NaN,
      NaN,
      NaN,
      NaN,
      NaN
    ],
    [
      NaN,
      NaN,
      NaN,
      NaN,
      NaN,
      NaN,
      0.0,
      NaN,
      NaN,
      NaN,
      NaN,
      NaN,
      NaN,
      NaN,
      NaN,
      NaN
    ],
    [
      NaN,
      NaN,
      0.33332,
      NaN,
      NaN,
      NaN,
      NaN,
      0.0,
      NaN,
      NaN,
      NaN,
      NaN,
      NaN,
      NaN,
      NaN,
      NaN
    ],
    [
      NaN,
      NaN,
      NaN,
      NaN,
      NaN,
      NaN,
      NaN,
      NaN,
      0.0,
      NaN,
      NaN,
      NaN,
      NaN,
      NaN,
      NaN,
      NaN
    ],
    [
      NaN,
      NaN,
      0.66664,
      NaN,
      NaN,
      NaN,
      NaN,
      NaN,
      NaN,
      0.0,
      NaN,
      NaN,
      NaN,
      NaN,
      NaN,
      NaN
    ],
    [
      NaN,
      NaN,
      NaN,
      NaN,
      NaN,
      NaN,
      NaN,
      NaN,
      NaN,
      NaN,
      0.0,
      NaN,
      NaN,
      NaN,
      NaN,
      NaN
    ],
    [
      NaN,
      NaN,
      NaN,
      NaN,
      NaN,
      NaN,
      NaN,
      NaN,
      NaN,
      NaN,
      NaN,
      0.0,
      NaN,
      NaN,
      NaN,
      NaN
    ],
    [
      NaN,
      NaN,
      0.49998,
      NaN,
      NaN,
      NaN,
      NaN,
      NaN,
      NaN,
      NaN,
      NaN,
      NaN,
      0.0,
      NaN,
      NaN,
      NaN
    ],
    [
      NaN,
      NaN,
      1.2499500000000001,
      NaN,
      NaN,
      NaN,
      NaN,
      NaN,
      NaN,
      NaN,
      NaN,
      NaN,
      NaN,
      0.0,
      NaN,
      NaN
    ],
    [
      NaN,
      NaN,
      1.16662,
      NaN,
      NaN,
      NaN,
      NaN,
      NaN,
      NaN,
      NaN,
      NaN,
      NaN,
      NaN,
      NaN,
      0.0,
      NaN
    ],
    [
      NaN,
      NaN,
      0.66664,
      NaN,
      NaN,
      NaN,
      NaN,
      NaN,
      NaN,
      NaN,
      NaN,
      NaN,
      NaN,
      NaN,
      NaN,
      0.0
    ]
  ],
  "transit_time_matrix": [
    [
      0.0,
      0.0,
      36.0,
      NaN,
      0.0,
      NaN,
      NaN,
      NaN,
      NaN,
      0.0,
      NaN,
      NaN,
      0.0,
      0.0,
      0.0,
      0.0
    ],
    [
      0.0,
      0.0,
      44.0,
      NaN,
      NaN,
      NaN,
      NaN,
      NaN,
      NaN,
      NaN,
      NaN,
      NaN,
      NaN,
      NaN,
      NaN,
      NaN
    ],
    [
      36.0,
      44.0,
      0.0,
      NaN,
      105.0,
      34.0,
      NaN,
      37.0,
      NaN,
      41.0,
      NaN,
      NaN,
      11.0,
      41.0,
      40.0,
      41.0
    ],
    [
      NaN,
      NaN,
      NaN,
      0.0,
      NaN,
      NaN,
      NaN,
      NaN,
      NaN,
      NaN,
      NaN,
      NaN,
      NaN,
      NaN,
      NaN,
      NaN
    ],
    [
      0.0,
      NaN,
      105.0,
      NaN,
      0.0,
      NaN,
      NaN,
      NaN,
      NaN,
      NaN,
      NaN,
      NaN,
      NaN,
      NaN,
      NaN,
      NaN
    ],
    [
      NaN,
      NaN,
      34.0,
      NaN,
      NaN,
      0.0,
      NaN,
      NaN,
      NaN,
      NaN,
      NaN,
      NaN,
      NaN,
      NaN,
      NaN,
      NaN
    ],
    [
      NaN,
      NaN,
      NaN,
      NaN,
      NaN,
      NaN,
      0.0,
      NaN,
      NaN,
      NaN,
      NaN,
      NaN,
      NaN,
      NaN,
      NaN,
      NaN
    ],
    [
      NaN,
      NaN,
      37.0,
      NaN,
      NaN,
      NaN,
      NaN,
      0.0,
      NaN,
      NaN,
      NaN,
      NaN,
      NaN,
      NaN,
      NaN,
      NaN
    ],
    [
      NaN,
      NaN,
      NaN,
      NaN,
      NaN,
      NaN,
      NaN,
      NaN,
      0.0,
      NaN,
      NaN,
      NaN,
      NaN,
      NaN,
      NaN,
      NaN
    ],
    [
      0.0,
      NaN,
      41.0,
      NaN,
      NaN,
      NaN,
      NaN,
      NaN,
      NaN,
      0.0,
      NaN,
      NaN,
      NaN,
      NaN,
      NaN,
      NaN
    ],
    [
      NaN,
      NaN,
      NaN,
      NaN,
      NaN,
      NaN,
      NaN,
      NaN,
      NaN,
      NaN,
      0.0,
      NaN,
      NaN,
      NaN,
      NaN,
      NaN
    ],
    [
      NaN,
      NaN,
      NaN,
      NaN,
      NaN,
      NaN,
      NaN,
      NaN,
      NaN,
      NaN,
      NaN,
      0.0,
      NaN,
      NaN,
      NaN,
      NaN
    ],
    [
      0.0,
      NaN,
      11.0,
      NaN,
      NaN,
      NaN,
      NaN,
      NaN,
      NaN,
      NaN,
      NaN,
      NaN,
      0.0,
      0.0,
      0.0,
      0.0
    ],
    [
      0.0,
      NaN,
      41.0,
      NaN,
      NaN,
      NaN,
      NaN,
      NaN,
      NaN,
      NaN,
      NaN,
      NaN,
      0.0,
      0.0,
      NaN,
      NaN
    ],
    [
      0.0,
      NaN,
      40.0,
      NaN,
      NaN,
      NaN,
      NaN,
      NaN,
      NaN,
      NaN,
      NaN,
      NaN,
      0.0,
      NaN,
      0.0,
      NaN
    ],
    [
      0.0,
      NaN,
      41.0,
      NaN,
      NaN,
      NaN,
      NaN,
      NaN,
      NaN,
      NaN,
      NaN,
      NaN,
      0.0,
      NaN,
      NaN,
      0.0
    ]
  ],
  "walk_dist_matrix": [
    [
      0.0,
      0.80467,
      12.230984,
      34.761744,
      3.21868,
      0.32186800000000004,
      43.291246,
      0.48280199999999995,
      23.818232000000002,
      0.80467,
      19.151146,
      34.922678,
      0.6437360000000001,
      0.9656039999999999,
      0.9656039999999999,
      0.80467
    ],
    [
      0.80467,
      0.0,
      12.552852,
      35.083612,
      2.41401,
      0.48280199999999995,
      43.45218,
      0.32186800000000004,
      23.979166,
      0.177,
      19.473014,
      35.083612,
      0.48280199999999995,
      0.16093400000000002,
      0.16093400000000002,
      0.194
    ],
    [
      12.230984,
      12.552852,
      0.0,
      23.979166,
      14.162192000000001,
      12.552852,
      32.347734,
      12.713786,
      12.87472,
      12.552852,
      30.094658,
      23.979166,
      12.87472,
      12.391918,
      12.713786,
      12.552852
    ],
    [
      34.761744,
      35.083612,
      23.979166,
      0.0,
      36.692952,
      35.083612,
      8.85137,
      35.244546,
      12.230984,
      35.083612,
      52.625418,
      0.351,
      35.40548,
      34.922678,
      35.244546,
      35.083612
    ],
    [
      3.21868,
      2.41401,
      14.162192000000001,
      36.692952,
      0.0,
      2.896812,
      45.222454,
      2.735878,
      25.74944,
      2.5749440000000003,
      21.887024,
      36.853885999999996,
      2.896812,
      2.2530759999999996,
      2.2530759999999996,
      2.5749440000000003
    ],
    [
      0.32186800000000004,
      0.48280199999999995,
      12.552852,
      35.083612,
      2.896812,
      0.0,
      43.613114,
      0.16093400000000002,
      24.1401,
      0.48280199999999995,
      19.473014,
      35.244546,
      0.32186800000000004,
      0.6437360000000001,
      0.6437360000000001,
      0.48280199999999995
    ],
    [
      43.291246,
      43.45218,
      32.347734,
      8.85137,
      45.222454,
      43.613114,
      0.0,
      43.774048,
      20.760486,
      43.613114,
      61.15492,
      9.012303999999999,
      43.934982,
      43.45218,
      43.774048,
      43.613114
    ],
    [
      0.48280199999999995,
      0.32186800000000004,
      12.713786,
      35.244546,
      2.735878,
      0.16093400000000002,
      43.774048,
      0.0,
      24.301033999999998,
      0.32186800000000004,
      19.633948,
      35.40548,
      0.459,
      0.48280199999999995,
      0.48280199999999995,
      0.32186800000000004
    ],
    [
      23.818232000000002,
      23.979166,
      12.87472,
      12.230984,
      25.74944,
      24.1401,
      20.760486,
      24.301033999999998,
      0.0,
      24.1401,
      41.681906,
      12.230984,
      24.461968,
      23.979166,
      24.1401,
      24.1401
    ],
    [
      0.80467,
      0.177,
      12.552852,
      35.083612,
      2.5749440000000003,
      0.48280199999999995,
      43.613114,
      0.32186800000000004,
      24.1401,
      0.0,
      19.633948,
      35.244546,
      0.48280199999999995,
      0.16093400000000002,
      0.16093400000000002,
      0.013
    ],
    [
      19.151146,
      19.473014,
      30.094658,
      52.625418,
      21.887024,
      19.473014,
      61.15492,
      19.633948,
      41.681906,
      19.633948,
      0.0,
      52.786351999999994,
      19.794882,
      19.633948,
      19.633948,
      19.633948
    ],
    [
      34.922678,
      35.083612,
      23.979166,
      0.351,
      36.853885999999996,
      35.244546,
      9.012303999999999,
      35.40548,
      12.230984,
      35.244546,
      52.786351999999994,
      0.0,
      35.566414,
      35.083612,
      35.244546,
      35.244546
    ],
    [
      0.6437360000000001,
      0.48280199999999995,
      12.87472,
      35.40548,
      2.896812,
      0.32186800000000004,
      43.934982,
      0.459,
      24.461968,
      0.48280199999999995,
      19.794882,
      35.566414,
      0.0,
      0.6437360000000001,
      0.6437360000000001,
      0.48280199999999995
    ],
    [
      0.9656039999999999,
      0.16093400000000002,
      12.391918,
      34.922678,
      2.2530759999999996,
      0.6437360000000001,
      43.45218,
      0.48280199999999995,
      23.979166,
      0.16093400000000002,
      19.633948,
      35.083612,
      0.6437360000000001,
      0.0,
      0.16093400000000002,
      0.16093400000000002
    ],
    [
      0.9656039999999999,
      0.16093400000000002,
      12.713786,
      35.244546,
      2.2530759999999996,
      0.6437360000000001,
      43.774048,
      0.48280199999999995,
      24.1401,
      0.16093400000000002,
      19.633948,
      35.244546,
      0.6437360000000001,
      0.16093400000000002,
      0.0,
      0.16093400000000002
    ],
    [
      0.80467,
      0.194,
      12.552852,
      35.083612,
      2.5749440000000003,
      0.48280199999999995,
      43.613114,
      0.32186800000000004,
      24.1401,
      0.013,
      19.633948,
      35.244546,
      0.48280199999999995,
      0.16093400000000002,
      0.16093400000000002,
      0.0
    ]
  ],
  "walk_time_matrix": [
    [
      0.0,
      10.0,
      150.0,
      425.0,
      47.0,
      5.0,
      532.0,
      6.0,
      291.0,
      10.0,
      251.0,
      426.0,
      8.0,
      15.0,
      14.0,
      11.0
    ],
    [
      10.0,
      0.0,
      152.0,
      427.0,
      38.0,
      5.0,
      534.0,
      5.0,
      293.0,
      1.0,
      255.0,
      429.0,
      6.0,
      4.0,
      3.0,
      1.0
    ],
    [
      150.0,
      152.0,
      0.0,
      294.0,
      181.0,
      153.0,
      401.0,
      155.0,
      160.0,
      153.0,
      384.0,
      295.0,
      157.0,
      154.0,
      155.0,
      153.0
    ],
    [
      425.0,
      427.0,
      294.0,
      0.0,
      456.0,
      427.0,
      113.0,
      429.0,
      149.0,
      427.0,
      658.0,
      2.0,
      431.0,
      428.0,
      429.0,
      427.0
    ],
    [
      47.0,
      38.0,
      181.0,
      456.0,
      0.0,
      36.0,
      556.0,
      34.0,
      315.0,
      31.0,
      284.0,
      451.0,
      36.0,
      28.0,
      28.0,
      31.0
    ],
    [
      5.0,
      5.0,
      153.0,
      427.0,
      36.0,
      0.0,
      536.0,
      2.0,
      295.0,
      7.0,
      254.0,
      431.0,
      4.0,
      11.0,
      10.0,
      7.0
    ],
    [
      532.0,
      534.0,
      401.0,
      113.0,
      556.0,
      536.0,
      0.0,
      537.0,
      257.0,
      536.0,
      766.0,
      116.0,
      539.0,
      536.0,
      538.0,
      536.0
    ],
    [
      6.0,
      5.0,
      155.0,
      429.0,
      34.0,
      2.0,
      537.0,
      0.0,
      297.0,
      6.0,
      256.0,
      433.0,
      2.0,
      9.0,
      8.0,
      6.0
    ],
    [
      291.0,
      293.0,
      160.0,
      149.0,
      315.0,
      295.0,
      257.0,
      297.0,
      0.0,
      294.0,
      525.0,
      151.0,
      297.0,
      295.0,
      296.0,
      294.0
    ],
    [
      10.0,
      1.0,
      153.0,
      427.0,
      31.0,
      7.0,
      536.0,
      6.0,
      294.0,
      0.0,
      256.0,
      430.0,
      6.0,
      5.0,
      3.0,
      1.0
    ],
    [
      251.0,
      255.0,
      384.0,
      658.0,
      284.0,
      254.0,
      766.0,
      256.0,
      525.0,
      256.0,
      0.0,
      640.0,
      236.0,
      238.0,
      237.0,
      235.0
    ],
    [
      426.0,
      429.0,
      295.0,
      2.0,
      451.0,
      431.0,
      116.0,
      433.0,
      151.0,
      430.0,
      640.0,
      0.0,
      433.0,
      430.0,
      432.0,
      429.0
    ],
    [
      8.0,
      6.0,
      157.0,
      431.0,
      36.0,
      4.0,
      539.0,
      2.0,
      297.0,
      6.0,
      236.0,
      433.0,
      0.0,
      11.0,
      9.0,
      7.0
    ],
    [
      15.0,
      4.0,
      154.0,
      428.0,
      28.0,
      11.0,
      536.0,
      9.0,
      295.0,
      5.0,
      238.0,
      430.0,
      11.0,
      0.0,
      3.0,
      4.0
    ],
    [
      14.0,
      3.0,
      155.0,
      429.0,
      28.0,
      10.0,
      538.0,
      8.0,
      296.0,
      3.0,
      237.0,
      432.0,
      9.0,
      3.0,
      0.0,
      3.0
    ],
    [
      11.0,
      1.0,
      153.0,
      427.0,
      31.0,
      7.0,
      536.0,
      6.0,
      294.0,
      1.0,
      235.0,
      429.0,
      7.0,
      4.0,
      3.0,
      0.0
    ]
  ],
  "cycle_dist_matrix": [
    [
      0.0,
      0.80467,
      12.230984,
      36.371084,
      3.7014819999999995,
      0.32186800000000004,
      44.900586,
      0.48280199999999995,
      25.427572,
      0.80467,
      19.31208,
      36.532018,
      0.6437360000000001,
      1.1265379999999998,
      0.9656039999999999,
      0.80467
    ],
    [
      0.80467,
      0.0,
      12.552852,
      36.532018,
      2.896812,
      0.48280199999999995,
      45.06152,
      0.48280199999999995,
      25.588506,
      0.177,
      19.633948,
      36.692952,
      0.48280199999999995,
      0.16093400000000002,
      0.16093400000000002,
      0.194
    ],
    [
      12.230984,
      12.552852,
      0.0,
      24.301033999999998,
      14.966862,
      12.552852,
      32.830535999999995,
      12.713786,
      13.357522000000001,
      12.552852,
      30.416525999999998,
      24.461968,
      12.87472,
      12.391918,
      12.713786,
      12.552852
    ],
    [
      36.371084,
      36.532018,
      24.301033999999998,
      0.0,
      38.785094,
      36.371084,
      8.85137,
      36.532018,
      12.230984,
      36.371084,
      54.23475800000001,
      0.351,
      36.692952,
      36.21015,
      36.532018,
      35.083612
    ],
    [
      3.7014819999999995,
      2.896812,
      14.966862,
      38.785094,
      0.0,
      3.057746,
      45.222454,
      2.896812,
      27.35878,
      2.5749440000000003,
      22.53076,
      38.463226,
      3.057746,
      2.2530759999999996,
      2.41401,
      2.5749440000000003
    ],
    [
      0.32186800000000004,
      0.48280199999999995,
      12.552852,
      36.371084,
      3.057746,
      0.0,
      43.613114,
      0.16093400000000002,
      25.74944,
      0.48280199999999995,
      19.633948,
      36.853885999999996,
      0.32186800000000004,
      0.6437360000000001,
      0.6437360000000001,
      0.48280199999999995
    ],
    [
      44.900586,
      45.06152,
      32.830535999999995,
      8.85137,
      45.222454,
      43.613114,
      0.0,
      45.06152,
      20.760486,
      44.900586,
      62.603325999999996,
      9.012303999999999,
      45.222454,
      44.739652,
      45.06152,
      44.900586
    ],
    [
      0.48280199999999995,
      0.48280199999999995,
      12.713786,
      36.532018,
      2.896812,
      0.16093400000000002,
      45.06152,
      0.0,
      25.910374,
      0.32186800000000004,
      19.794882,
      37.01482,
      0.469,
      0.6437360000000001,
      0.48280199999999995,
      0.32186800000000004
    ],
    [
      25.427572,
      25.588506,
      13.357522000000001,
      12.230984,
      27.35878,
      25.74944,
      20.760486,
      25.910374,
      0.0,
      25.427572,
      43.130312,
      12.391918,
      25.74944,
      25.266638,
      25.588506,
      25.427572
    ],
    [
      0.80467,
      0.177,
      12.552852,
      36.371084,
      2.5749440000000003,
      0.48280199999999995,
      44.900586,
      0.32186800000000004,
      25.427572,
      0.0,
      19.794882,
      36.692952,
      0.48280199999999995,
      0.16093400000000002,
      0.16093400000000002,
      0.013
    ],
    [
      19.31208,
      19.633948,
      30.416525999999998,
      54.23475800000001,
      22.53076,
      19.633948,
      62.603325999999996,
      19.794882,
      43.130312,
      19.794882,
      0.0,
      54.71756,
      19.955816000000002,
      19.794882,
      19.794882,
      19.633948
    ],
    [
      36.532018,
      36.692952,
      24.461968,
      0.351,
      38.463226,
      36.853885999999996,
      9.012303999999999,
      37.01482,
      12.391918,
      36.692952,
      54.71756,
      0.0,
      36.853885999999996,
      36.371084,
      36.692952,
      36.532018
    ],
    [
      0.6437360000000001,
      0.48280199999999995,
      12.87472,
      36.692952,
      3.057746,
      0.32186800000000004,
      45.222454,
      0.469,
      25.74944,
      0.48280199999999995,
      19.955816000000002,
      36.853885999999996,
      0.0,
      0.80467,
      0.6437360000000001,
      0.48280199999999995
    ],
    [
      1.1265379999999998,
      0.16093400000000002,
      12.391918,
      36.21015,
      2.2530759999999996,
      0.6437360000000001,
      44.739652,
      0.6437360000000001,
      25.266638,
      0.16093400000000002,
      19.794882,
      36.371084,
      0.80467,
      0.0,
      0.16093400000000002,
      0.16093400000000002
    ],
    [
      0.9656039999999999,
      0.16093400000000002,
      12.713786,
      36.532018,
      2.41401,
      0.6437360000000001,
      45.06152,
      0.48280199999999995,
      25.588506,
      0.16093400000000002,
      19.794882,
      36.692952,
      0.6437360000000001,
      0.16093400000000002,
      0.0,
      0.16093400000000002
    ],
    [
      0.80467,
      0.194,
      12.552852,
      35.083612,
      2.5749440000000003,
      0.48280199999999995,
      44.900586,
      0.32186800000000004,
      25.427572,
      0.013,
      19.633948,
      36.532018,
      0.48280199999999995,
      0.16093400000000002,
      0.16093400000000002,
      0.0
    ]
  ],
  "cycle_time_matrix": [
    [
      0.0,
      5.0,
      39.0,
      117.0,
      23.0,
      2.0,
      147.0,
      2.0,
      83.0,
      5.0,
      85.0,
      118.0,
      3.0,
      7.0,
      6.0,
      5.0
    ],
    [
      5.0,
      0.0,
      39.0,
      118.0,
      20.0,
      2.0,
      147.0,
      1.0,
      83.0,
      1.0,
      86.0,
      119.0,
      2.0,
      4.0,
      3.0,
      1.0
    ],
    [
      39.0,
      39.0,
      0.0,
      81.0,
      58.0,
      40.0,
      111.0,
      40.0,
      47.0,
      40.0,
      119.0,
      82.0,
      41.0,
      42.0,
      42.0,
      40.0
    ],
    [
      117.0,
      118.0,
      81.0,
      0.0,
      133.0,
      114.0,
      34.0,
      115.0,
      40.0,
      115.0,
      194.0,
      1.0,
      115.0,
      117.0,
      117.0,
      427.0
    ],
    [
      23.0,
      20.0,
      58.0,
      133.0,
      0.0,
      11.0,
      556.0,
      10.0,
      91.0,
      31.0,
      96.0,
      127.0,
      11.0,
      9.0,
      9.0,
      9.0
    ],
    [
      2.0,
      2.0,
      40.0,
      114.0,
      11.0,
      0.0,
      536.0,
      1.0,
      84.0,
      3.0,
      86.0,
      119.0,
      1.0,
      11.0,
      4.0,
      7.0
    ],
    [
      147.0,
      147.0,
      111.0,
      34.0,
      556.0,
      536.0,
      0.0,
      146.0,
      71.0,
      146.0,
      225.0,
      36.0,
      147.0,
      149.0,
      148.0,
      146.0
    ],
    [
      2.0,
      1.0,
      40.0,
      115.0,
      10.0,
      1.0,
      146.0,
      0.0,
      84.0,
      6.0,
      86.0,
      120.0,
      1.0,
      6.0,
      8.0,
      2.0
    ],
    [
      83.0,
      83.0,
      47.0,
      40.0,
      91.0,
      84.0,
      71.0,
      84.0,
      0.0,
      81.0,
      160.0,
      41.0,
      81.0,
      295.0,
      82.0,
      81.0
    ],
    [
      5.0,
      1.0,
      40.0,
      115.0,
      31.0,
      3.0,
      146.0,
      6.0,
      81.0,
      0.0,
      86.0,
      119.0,
      6.0,
      5.0,
      3.0,
      1.0
    ],
    [
      85.0,
      86.0,
      119.0,
      194.0,
      96.0,
      86.0,
      225.0,
      86.0,
      160.0,
      86.0,
      0.0,
      640.0,
      59.0,
      62.0,
      60.0,
      59.0
    ],
    [
      118.0,
      119.0,
      82.0,
      1.0,
      127.0,
      119.0,
      36.0,
      120.0,
      41.0,
      119.0,
      640.0,
      0.0,
      116.0,
      118.0,
      118.0,
      116.0
    ],
    [
      3.0,
      2.0,
      41.0,
      115.0,
      11.0,
      1.0,
      147.0,
      1.0,
      81.0,
      6.0,
      59.0,
      116.0,
      0.0,
      7.0,
      9.0,
      3.0
    ],
    [
      7.0,
      4.0,
      42.0,
      117.0,
      9.0,
      11.0,
      149.0,
      6.0,
      295.0,
      5.0,
      62.0,
      118.0,
      7.0,
      0.0,
      3.0,
      4.0
    ],
    [
      6.0,
      3.0,
      42.0,
      117.0,
      9.0,
      4.0,
      148.0,
      8.0,
      82.0,
      3.0,
      60.0,
      118.0,
      9.0,
      3.0,
      0.0,
      1.0
    ],
    [
      5.0,
      1.0,
      40.0,
      427.0,
      9.0,
      7.0,
      146.0,
      2.0,
      81.0,
      1.0,
      59.0,
      116.0,
      3.0,
      4.0,
      1.0,
      0.0
    ]
  ]
}