{
  "drive_dist_matrix": [
    [
      0.0,
      0.80467,
      31.38213,
      13.035654,
      2.735878,
      3.8624159999999996,
      20.92142,
      5.149888000000001,
      0.32186800000000004,
      15.28873,
      9.173238,
      6.759228,
      0.80467,
      5.63269,
      2.092142,
      3.057746,
      0.48280199999999995,
      6.43736,
      7.24203,
      14.323126,
      17.70274,
      5.471756,
      4.9889540000000006,
      18.990212,
      8.207633999999999,
      18.50741,
      24.301033999999998,
      10.621644,
      32.99147,
      18.185542,
      12.391918,
      28.16345,
      26.071308,
      27.841582000000002,
      20.92142,
      26.875978,
      10.621644,
      14.48406,
      9.334171999999999,
      32.508668,
      18.990212,
      10.299776000000001,
      11.26538,
      40.716302,
      13.67939,
      44.739652,
      46.831794,
      2.896812,
      11.909116000000001,
      11.26538,
      4.184284,
      25.74944,
      5.149888000000001,
      22.369826,
      2.5749440000000003,
      19.151146,
      28.485318
    ],
    [
      0.80467,
      0.0,
      32.1868,
      13.035654,
      1.448406,
      4.02335,
      17.863674,
      5.149888000000001,
      0.80467,
      14.48406,
      9.173238,
      6.759228,
      1.60934,
      6.43736,
      1.2874720000000002,
      3.8624159999999996,
      0.23,
      6.276426,
      8.0467,
      12.391918,
      17.70274,
      4.506151999999999,
      4.9889540000000006,
      19.31208,
      9.173238,
      18.829278,
      25.266638,
      8.690436,
      33.957074,
      18.346476,
      10.46071,
      29.129054000000004,
      25.266638,
      27.036912,
      20.11675,
      18.024607999999997,
      9.816974,
      14.323126,
      10.138842,
      38.463226,
      18.024607999999997,
      11.26538,
      9.65604,
      39.911632000000004,
      14.001257999999998,
      42.808444,
      47.797398,
      3.057746,
      12.713786,
      9.173238,
      5.471756,
      27.841582000000002,
      4.345218,
      24.301033999999998,
      2.092142,
      19.473014,
      28.646252
    ],
    [
      31.38213,
      32.1868,
      0.0,
      14.162192000000001,
      25.588506,
      30.255592,
      10.138842,
      21.72609,
      31.543064,
      23.496364,
      35.244546,
      34.278942,
      30.738394000000003,
      30.738394000000003,
      31.543064,
      29.450922000000002,
      31.864932,
      24.622902,
      33.79614,
      26.393175999999997,
      9.816974,
      27.680647999999998,
      32.1868,
      42.003774,
      37.980424,
      41.520972,
      12.552852,
      23.818232000000002,
      2.092142,
      41.03817,
      22.047957999999998,
      5.63269,
      11.909116000000001,
      17.219938,
      27.519714,
      9.012303999999999,
      34.60081,
      13.840323999999999,
      32.508668,
      18.668343999999998,
      15.28873,
      36.21015,
      17.70274,
      32.347734,
      36.692952,
      36.532018,
      17.70274,
      32.669602,
      39.589764,
      23.174496,
      32.99147,
      51.016078,
      28.002515999999996,
      46.831794,
      32.025866,
      42.164708,
      51.49888
    ],
    [
      13.035654,
      13.035654,
      14.162192000000001,
      0.0,
      11.748182,
      17.380872,
      5.149888000000001,
      8.207633999999999,
      13.357522000000001,
      10.46071,
      22.369826,
      21.404222,
      12.552852,
      18.668343999999998,
      12.552852,
      12.391918,
      13.035654,
      8.207633999999999,
      21.72609,
      13.518456,
      8.529501999999999,
      14.805927999999998,
      19.31208,
      29.933724,
      25.910374,
      29.450922000000002,
      11.748182,
      9.334171999999999,
      15.771532,
      28.96812,
      6.276426,
      10.943512,
      16.254334,
      22.852628,
      16.0934,
      9.65604,
      21.565156,
      1.7702740000000001,
      14.805927999999998,
      23.174496,
      12.552852,
      17.380872,
      5.149888000000001,
      35.566414,
      24.622902,
      39.589764,
      30.094658,
      16.0934,
      27.519714,
      9.65604,
      20.92142,
      38.946028,
      15.127796,
      34.761744,
      15.932466,
      30.094658,
      39.267896
    ],
    [
      2.735878,
      1.448406,
      25.588506,
      11.748182,
      0.0,
      5.471756,
      16.576202000000002,
      3.7014819999999995,
      2.092142,
      13.840323999999999,
      10.782578,
      9.816974,
      2.2530759999999996,
      7.0810960000000005,
      0.48280199999999995,
      4.506151999999999,
      1.60934,
      4.9889540000000006,
      8.690436,
      12.87472,
      16.576202000000002,
      4.184284,
      6.43736,
      20.438617999999998,
      9.65604,
      19.955816000000002,
      22.691694,
      9.173238,
      27.197846,
      19.633948,
      10.943512,
      22.53076,
      24.783836,
      26.393175999999997,
      20.11675,
      17.541806,
      9.977908000000001,
      13.035654,
      10.782578,
      31.060262,
      17.541806,
      11.748182,
      9.816974,
      39.267896,
      12.07005,
      43.291246,
      46.67086,
      4.506151999999999,
      13.357522000000001,
      9.816974,
      6.9201619999999995,
      27.197846,
      3.7014819999999995,
      23.818232000000002,
      3.5405480000000003,
      20.599552000000003,
      29.933724
    ],
    [
      3.8624159999999996,
      4.02335,
      30.255592,
      17.380872,
      5.471756,
      0.0,
      22.53076,
      9.012303999999999,
      3.7014819999999995,
      12.713786,
      5.63269,
      4.667085999999999,
      4.667085999999999,
      12.713786,
      4.667085999999999,
      5.793624,
      3.8624159999999996,
      10.299776000000001,
      10.138842,
      10.621644,
      27.036912,
      4.02335,
      2.5749440000000003,
      21.72609,
      11.26538,
      21.082354,
      27.197846,
      8.690436,
      32.1868,
      20.760486,
      12.07005,
      27.35878,
      23.496364,
      25.266638,
      18.346476,
      26.071308,
      7.885766,
      19.151146,
      13.357522000000001,
      36.853885999999996,
      16.415267999999998,
      14.644993999999999,
      14.323126,
      38.141358,
      14.966862,
      42.164708,
      46.509926,
      2.735878,
      17.863674,
      9.173238,
      6.598293999999999,
      28.807185999999998,
      3.7014819999999995,
      25.427572,
      2.092142,
      20.438617999999998,
      29.129054000000004
    ],
    [
      20.92142,
      17.863674,
      10.138842,
      5.149888000000001,
      16.576202000000002,
      22.53076,
      0.0,
      14.644993999999999,
      20.11675,
      15.449663999999999,
      31.060262,
      24.1401,
      19.473014,
      19.473014,
      18.990212,
      18.185542,
      20.438617999999998,
      13.196587999999998,
      22.369826,
      28.002515999999996,
      9.173238,
      29.289987999999997,
      30.255592,
      32.025866,
      26.715044000000002,
      31.543064,
      5.793624,
      15.127796,
      14.48406,
      31.221196,
      11.909116000000001,
      9.65604,
      14.966862,
      21.082354,
      29.129054000000004,
      8.207633999999999,
      36.21015,
      5.9545580000000005,
      21.243288,
      21.72609,
      16.576202000000002,
      24.783836,
      9.495106,
      34.118007999999996,
      25.266638,
      38.141358,
      23.979166,
      22.691694,
      28.324384000000002,
      15.28873,
      21.565156,
      39.589764,
      21.082354,
      35.566414,
      21.72609,
      30.738394000000003,
      40.072565999999995
    ],
    [
      5.149888000000001,
      5.149888000000001,
      21.72609,
      8.207633999999999,
      3.7014819999999995,
      9.012303999999999,
      14.644993999999999,
      0.0,
      5.471756,
      17.059003999999998,
      14.48406,
      11.748182,
      4.506151999999999,
      7.24203,
      4.506151999999999,
      4.345218,
      5.149888000000001,
      1.2874720000000002,
      10.138842,
      14.644993999999999,
      15.127796,
      7.24203,
      10.138842,
      18.50741,
      12.07005,
      18.024607999999997,
      19.151146,
      10.943512,
      23.33543,
      17.70274,
      12.713786,
      18.50741,
      28.16345,
      29.450922000000002,
      22.047957999999998,
      15.28873,
      13.518456,
      9.334171999999999,
      7.885766,
      35.083612,
      18.990212,
      10.46071,
      11.748182,
      47.314595999999995,
      13.196587999999998,
      51.49888,
      42.969378,
      8.207633999999999,
      16.254334,
      11.587248,
      9.334171999999999,
      27.519714,
      6.43736,
      21.082354,
      7.885766,
      18.668343999999998,
      28.002515999999996
    ],
    [
      0.32186800000000004,
      0.80467,
      31.543064,
      13.357522000000001,
      2.092142,
      3.7014819999999995,
      20.11675,
      5.471756,
      0.0,
      16.254334,
      9.173238,
      6.115492,
      0.9656039999999999,
      5.310822,
      2.41401,
      2.735878,
      0.80467,
      6.598293999999999,
      6.9201619999999995,
      14.644993999999999,
      18.024607999999997,
      5.63269,
      4.82802,
      20.277684,
      8.0467,
      19.633948,
      24.1401,
      10.782578,
      32.830535999999995,
      19.31208,
      12.552852,
      28.002515999999996,
      27.036912,
      28.807185999999998,
      21.72609,
      26.55411,
      10.782578,
      14.644993999999999,
      9.012303999999999,
      32.830535999999995,
      19.794882,
      10.138842,
      11.587248,
      41.520972,
      10.46071,
      45.705256,
      46.67086,
      2.896812,
      11.587248,
      11.426314,
      4.02335,
      25.588506,
      5.310822,
      22.208892000000002,
      2.735878,
      18.990212,
      28.16345
    ],
    [
      15.28873,
      14.48406,
      23.496364,
      10.46071,
      13.840323999999999,
      12.713786,
      15.449663999999999,
      17.059003999999998,
      16.254334,
      0.0,
      12.87472,
      16.89807,
      17.219938,
      24.94477,
      14.162192000000001,
      18.50741,
      14.966862,
      18.185542,
      22.53076,
      3.8624159999999996,
      14.644993999999999,
      10.46071,
      14.805927999999998,
      34.118007999999996,
      23.657297999999997,
      33.474272,
      21.887024,
      6.43736,
      24.94477,
      33.152404000000004,
      4.82802,
      20.11675,
      16.415267999999998,
      18.185542,
      6.43736,
      18.829278,
      11.587248,
      11.748182,
      25.74944,
      29.611855999999996,
      8.529501999999999,
      27.036912,
      6.9201619999999995,
      19.473014,
      27.197846,
      29.77279,
      39.42883,
      15.28873,
      30.255592,
      5.471756,
      18.829278,
      41.199104000000005,
      10.299776000000001,
      37.658556,
      14.644993999999999,
      32.830535999999995,
      41.520972
    ],
    [
      9.173238,
      9.173238,
      35.244546,
      22.369826,
      10.782578,
      5.63269,
      31.060262,
      14.48406,
      9.173238,
      12.87472,
      0.0,
      4.184284,
      10.138842,
      12.552852,
      10.943512,
      10.138842,
      9.012303999999999,
      18.346476,
      9.977908000000001,
      10.621644,
      32.669602,
      10.46071,
      3.8624159999999996,
      20.11675,
      11.104446000000001,
      19.633948,
      34.761744,
      14.323126,
      37.81949,
      20.599552000000003,
      17.863674,
      32.99147,
      29.129054000000004,
      30.899327999999997,
      18.024607999999997,
      31.703998,
      8.207633999999999,
      24.783836,
      13.196587999999998,
      42.486576,
      22.047957999999998,
      14.48406,
      19.955816000000002,
      36.371084,
      14.805927999999998,
      47.797398,
      57.292504,
      6.115492,
      17.70274,
      15.610598,
      6.115492,
      29.129054000000004,
      8.368568,
      25.266638,
      7.563898,
      20.277684,
      28.807185999999998
    ],
    [
      6.759228,
      6.759228,
      34.278942,
      21.404222,
      9.816974,
      4.667085999999999,
      24.1401,
      11.748182,
      6.115492,
      16.89807,
      4.184284,
      0.0,
      6.598293999999999,
      6.115492,
      6.759228,
      7.0810960000000005,
      5.9545580000000005,
      12.07005,
      10.299776000000001,
      13.840323999999999,
      30.255592,
      6.115492,
      2.2530759999999996,
      20.438617999999998,
      11.426314,
      19.794882,
      28.646252,
      10.138842,
      35.40548,
      20.92142,
      15.449663999999999,
      30.57746,
      26.875978,
      28.646252,
      21.565156,
      29.450922000000002,
      11.26538,
      22.369826,
      13.357522000000001,
      40.072565999999995,
      19.633948,
      14.805927999999998,
      17.70274,
      41.360037999999996,
      14.966862,
      45.544322,
      51.016078,
      3.21868,
      18.024607999999997,
      10.782578,
      3.8624159999999996,
      29.289987999999997,
      5.793624,
      25.427572,
      4.184284,
      20.438617999999998,
      29.289987999999997
    ],
    [
      0.80467,
      1.60934,
      30.738394000000003,
      12.552852,
      2.2530759999999996,
      4.667085999999999,
      19.473014,
      4.506151999999999,
      0.9656039999999999,
      17.219938,
      10.138842,
      6.598293999999999,
      0.0,
      4.9889540000000006,
      2.735878,
      2.41401,
      1.1265379999999998,
      5.9545580000000005,
      6.598293999999999,
      13.840323999999999,
      17.219938,
      6.276426,
      5.63269,
      19.794882,
      7.724831999999999,
      19.31208,
      23.818232000000002,
      9.977908000000001,
      32.508668,
      18.990212,
      11.909116000000001,
      27.680647999999998,
      27.841582000000002,
      29.611855999999996,
      21.082354,
      26.232242,
      11.26538,
      13.840323999999999,
      8.690436,
      32.025866,
      19.473014,
      9.816974,
      10.782578,
      42.325642,
      13.035654,
      46.509926,
      46.188058,
      3.7014819999999995,
      11.26538,
      10.621644,
      4.82802,
      27.35878,
      5.793624,
      21.72609,
      3.5405480000000003,
      18.50741,
      27.841582000000002
    ],
    [
      5.63269,
      6.43736,
      30.738394000000003,
      18.668343999999998,
      7.0810960000000005,
      12.713786,
      19.473014,
      7.24203,
      5.310822,
      24.94477,
      12.552852,
      6.115492,
      4.9889540000000006,
      0.0,
      7.563898,
      3.7014819999999995,
      5.9545580000000005,
      7.885766,
      3.057746,
      18.50741,
      27.841582000000002,
      10.782578,
      6.759228,
      11.26538,
      4.9889540000000006,
      10.621644,
      24.461968,
      14.805927999999998,
      33.152404000000004,
      10.299776000000001,
      23.174496,
      28.324384000000002,
      33.635206,
      36.371084,
      29.289987999999997,
      26.875978,
      19.31208,
      20.599552000000003,
      5.471756,
      40.394434000000004,
      27.35878,
      5.471756,
      15.610598,
      43.291246,
      5.793624,
      53.269154,
      46.992728,
      5.793624,
      6.9201619999999995,
      15.449663999999999,
      2.092142,
      20.92142,
      10.46071,
      17.380872,
      7.24203,
      9.012303999999999,
      22.047957999999998
    ],
    [
      2.092142,
      1.2874720000000002,
      31.543064,
      12.552852,
      0.48280199999999995,
      4.667085999999999,
      18.990212,
      4.506151999999999,
      2.41401,
      14.162192000000001,
      10.943512,
      6.759228,
      2.735878,
      7.563898,
      0.0,
      4.9889540000000006,
      1.448406,
      6.43736,
      9.173238,
      11.26538,
      17.219938,
      3.7014819999999995,
      5.793624,
      21.404222,
      10.299776000000001,
      20.92142,
      26.393175999999997,
      7.402963999999999,
      33.313338,
      20.599552000000003,
      9.334171999999999,
      28.485318,
      24.783836,
      26.55411,
      19.473014,
      17.541806,
      9.173238,
      13.67939,
      11.26538,
      37.980424,
      17.541806,
      12.391918,
      9.816974,
      39.267896,
      16.576202000000002,
      43.45218,
      47.314595999999995,
      3.8624159999999996,
      13.840323999999999,
      8.0467,
      6.276426,
      28.646252,
      3.21868,
      25.105704,
      2.896812,
      22.047957999999998,
      33.635206
    ],
    [
      3.057746,
      3.8624159999999996,
      29.450922000000002,
      12.391918,
      4.506151999999999,
      5.793624,
      18.185542,
      4.345218,
      2.735878,
      18.50741,
      10.138842,
      7.0810960000000005,
      2.41401,
      3.7014819999999995,
      4.9889540000000006,
      0.0,
      3.8624159999999996,
      5.793624,
      5.9545580000000005,
      16.737136,
      17.059003999999998,
      8.368568,
      6.276426,
      17.541806,
      8.0467,
      17.059003999999998,
      23.818232000000002,
      12.87472,
      32.508668,
      16.737136,
      14.805927999999998,
      27.680647999999998,
      32.99147,
      30.738394000000003,
      23.818232000000002,
      26.393175999999997,
      13.357522000000001,
      13.67939,
      6.759228,
      39.911632000000004,
      21.887024,
      8.529501999999999,
      13.67939,
      52.142616,
      10.782578,
      47.636464000000004,
      45.06152,
      4.02335,
      9.977908000000001,
      13.518456,
      5.149888000000001,
      25.105704,
      8.0467,
      20.438617999999998,
      4.667085999999999,
      16.254334,
      25.588506
    ],
    [
      0.48280199999999995,
      0.23,
      31.864932,
      13.035654,
      1.60934,
      3.8624159999999996,
      20.438617999999998,
      5.149888000000001,
      0.80467,
      14.966862,
      9.012303999999999,
      5.9545580000000005,
      1.1265379999999998,
      5.9545580000000005,
      1.448406,
      3.8624159999999996,
      0.0,
      6.43736,
      7.563898,
      12.552852,
      17.70274,
      4.667085999999999,
      4.82802,
      19.31208,
      8.690436,
      18.668343999999998,
      24.783836,
      8.85137,
      33.474272,
      18.346476,
      10.621644,
      28.646252,
      25.588506,
      27.197846,
      20.277684,
      18.024607999999997,
      9.977908000000001,
      14.48406,
      9.816974,
      38.785094,
      18.346476,
      10.782578,
      9.65604,
      40.072565999999995,
      13.840323999999999,
      44.095915999999995,
      47.314595999999995,
      3.057746,
      12.230984,
      9.495106,
      5.310822,
      28.16345,
      4.506151999999999,
      24.301033999999998,
      2.092142,
      19.31208,
      28.646252
    ],
    [
      6.43736,
      6.276426,
      24.622902,
      8.207633999999999,
      4.9889540000000006,
      10.299776000000001,
      13.196587999999998,
      1.2874720000000002,
      6.598293999999999,
      18.185542,
      18.346476,
      12.07005,
      5.9545580000000005,
      7.885766,
      6.43736,
      5.793624,
      6.43736,
      0.0,
      10.46071,
      15.771532,
      16.0934,
      8.207633999999999,
      11.426314,
      18.668343999999998,
      14.644993999999999,
      18.185542,
      17.70274,
      12.07005,
      23.496364,
      17.70274,
      13.840323999999999,
      18.668343999999998,
      26.875978,
      32.99147,
      23.013562,
      20.11675,
      14.805927999999998,
      9.495106,
      8.0467,
      33.635206,
      20.11675,
      10.621644,
      12.713786,
      46.027124,
      13.196587999999998,
      50.050474,
      41.520972,
      9.495106,
      16.254334,
      12.713786,
      9.495106,
      27.519714,
      7.724831999999999,
      21.243288,
      9.334171999999999,
      18.829278,
      28.002515999999996
    ],
    [
      7.24203,
      8.0467,
      33.79614,
      21.72609,
      8.690436,
      10.138842,
      22.369826,
      10.138842,
      6.9201619999999995,
      22.53076,
      9.977908000000001,
      10.299776000000001,
      6.598293999999999,
      3.057746,
      9.173238,
      5.9545580000000005,
      7.563898,
      10.46071,
      0.0,
      19.794882,
      30.255592,
      13.840323999999999,
      8.690436,
      9.334171999999999,
      2.2530759999999996,
      8.85137,
      26.875978,
      17.70274,
      35.566414,
      8.529501999999999,
      21.243288,
      30.738394000000003,
      32.669602,
      34.439876,
      27.35878,
      29.289987999999997,
      17.380872,
      22.852628,
      4.82802,
      45.86619,
      25.427572,
      3.7014819999999995,
      23.496364,
      41.360037999999996,
      3.8624159999999996,
      51.337945999999995,
      50.050474,
      7.24203,
      5.149888000000001,
      18.990212,
      3.5405480000000003,
      20.277684,
      12.87472,
      16.89807,
      11.748182,
      7.24203,
      20.277684
    ],
    [
      14.323126,
      12.391918,
      26.393175999999997,
      13.518456,
      12.87472,
      10.621644,
      28.002515999999996,
      14.644993999999999,
      14.644993999999999,
      3.8624159999999996,
      10.621644,
      13.840323999999999,
      13.840323999999999,
      18.50741,
      11.26538,
      16.737136,
      12.552852,
      15.771532,
      19.794882,
      0.0,
      23.013562,
      8.368568,
      12.230984,
      31.864932,
      21.565156,
      30.094658,
      30.094658,
      5.793624,
      28.16345,
      31.060262,
      8.0467,
      23.33543,
      19.633948,
      21.404222,
      8.368568,
      22.208892000000002,
      8.529501999999999,
      14.966862,
      23.657297999999997,
      32.830535999999995,
      12.391918,
      24.94477,
      10.299776000000001,
      22.208892000000002,
      25.266638,
      32.830535999999995,
      42.64751,
      13.035654,
      28.16345,
      5.310822,
      16.89807,
      39.106962,
      8.207633999999999,
      35.727348,
      11.909116000000001,
      30.738394000000003,
      39.42883
    ],
    [
      17.70274,
      17.70274,
      9.816974,
      8.529501999999999,
      16.576202000000002,
      27.036912,
      9.173238,
      15.127796,
      18.024607999999997,
      14.644993999999999,
      32.669602,
      30.255592,
      17.219938,
      27.841582000000002,
      17.219938,
      17.059003999999998,
      17.70274,
      16.0934,
      30.255592,
      23.013562,
      0.0,
      23.979166,
      28.324384000000002,
      39.267896,
      35.244546,
      38.785094,
      9.495106,
      19.955816000000002,
      11.587248,
      38.302292,
      10.943512,
      6.759228,
      9.495106,
      15.610598,
      23.657297999999997,
      0.9656039999999999,
      30.738394000000003,
      8.207633999999999,
      29.77279,
      16.254334,
      8.0467,
      33.474272,
      8.529501999999999,
      28.646252,
      33.957074,
      32.669602,
      25.910374,
      28.807185999999998,
      36.853885999999996,
      19.473014,
      30.094658,
      48.2802,
      24.301033999999998,
      44.095915999999995,
      28.324384000000002,
      39.42883,
      48.602067999999996
    ],
    [
      5.471756,
      4.506151999999999,
      27.680647999999998,
      14.805927999999998,
      4.184284,
      4.02335,
      29.289987999999997,
      7.24203,
      5.63269,
      10.46071,
      10.46071,
      6.115492,
      6.276426,
      10.782578,
      3.7014819999999995,
      8.368568,
      4.667085999999999,
      8.207633999999999,
      13.840323999999999,
      8.368568,
      23.979166,
      0.0,
      4.9889540000000006,
      24.1401,
      15.127796,
      23.657297999999997,
      31.543064,
      4.345218,
      29.611855999999996,
      23.174496,
      7.724831999999999,
      24.783836,
      20.92142,
      22.691694,
      15.771532,
      23.496364,
      8.207633999999999,
      14.644993999999999,
      17.219938,
      34.278942,
      13.840323999999999,
      18.50741,
      9.977908000000001,
      35.566414,
      18.829278,
      39.589764,
      43.934982,
      5.149888000000001,
      21.72609,
      4.9889540000000006,
      10.46071,
      32.669602,
      1.448406,
      29.289987999999997,
      3.7014819999999995,
      24.301033999999998,
      32.99147
    ],
    [
      4.9889540000000006,
      4.9889540000000006,
      32.1868,
      19.31208,
      6.43736,
      2.5749440000000003,
      30.255592,
      10.138842,
      4.82802,
      14.805927999999998,
      3.8624159999999996,
      2.2530759999999996,
      5.63269,
      6.759228,
      5.793624,
      6.276426,
      4.82802,
      11.426314,
      8.690436,
      12.230984,
      28.324384000000002,
      4.9889540000000006,
      0.0,
      18.990212,
      9.977908000000001,
      18.50741,
      28.002515999999996,
      9.012303999999999,
      33.957074,
      18.024607999999997,
      14.001257999999998,
      29.289987999999997,
      25.427572,
      27.197846,
      20.11675,
      28.002515999999996,
      9.334171999999999,
      20.92142,
      12.07005,
      38.62416,
      18.185542,
      13.357522000000001,
      16.254334,
      40.072565999999995,
      13.67939,
      44.095915999999995,
      48.441134000000005,
      2.092142,
      16.576202000000002,
      9.65604,
      4.667085999999999,
      27.519714,
      4.667085999999999,
      23.979166,
      3.057746,
      19.151146,
      27.841582000000002
    ],
    [
      18.990212,
      19.31208,
      42.003774,
      29.933724,
      20.438617999999998,
      21.72609,
      32.025866,
      18.50741,
      20.277684,
      34.118007999999996,
      20.11675,
      20.438617999999998,
      19.794882,
      11.26538,
      21.404222,
      17.541806,
      19.31208,
      18.668343999999998,
      9.334171999999999,
      31.864932,
      39.267896,
      24.1401,
      18.990212,
      0.0,
      8.0467,
      2.2530759999999996,
      36.692952,
      29.611855999999996,
      45.383388,
      1.9312079999999998,
      33.152404000000004,
      40.555368,
      44.578718,
      46.348992,
      39.267896,
      39.106962,
      29.289987999999997,
      32.830535999999995,
      8.690436,
      52.786351999999994,
      37.336687999999995,
      7.24203,
      35.40548,
      53.269154,
      6.43736,
      63.24706199999999,
      51.659814000000004,
      19.151146,
      5.149888000000001,
      30.899327999999997,
      16.576202000000002,
      12.87472,
      24.783836,
      11.26538,
      23.657297999999997,
      2.41401,
      14.162192000000001
    ],
    [
      8.207633999999999,
      9.173238,
      37.980424,
      25.910374,
      9.65604,
      11.26538,
      26.715044000000002,
      12.07005,
      8.0467,
      23.657297999999997,
      11.104446000000001,
      11.426314,
      7.724831999999999,
      4.9889540000000006,
      10.299776000000001,
      8.0467,
      8.690436,
      14.644993999999999,
      2.2530759999999996,
      21.565156,
      35.244546,
      15.127796,
      9.977908000000001,
      8.0467,
      0.0,
      7.402963999999999,
      31.060262,
      19.151146,
      39.589764,
      7.0810960000000005,
      22.691694,
      34.761744,
      34.118007999999996,
      35.727348,
      28.807185999999998,
      33.474272,
      18.829278,
      27.036912,
      6.9201619999999995,
      47.314595999999995,
      26.875978,
      3.379614,
      24.783836,
      42.808444,
      3.7014819999999995,
      52.786351999999994,
      53.430088000000005,
      8.529501999999999,
      3.7014819999999995,
      20.438617999999998,
      4.9889540000000006,
      19.473014,
      14.323126,
      15.127796,
      9.977908000000001,
      5.793624,
      19.955816000000002
    ],
    [
      18.50741,
      18.829278,
      41.520972,
      29.450922000000002,
      19.955816000000002,
      21.082354,
      31.543064,
      18.024607999999997,
      19.633948,
      33.474272,
      19.633948,
      19.794882,
      19.31208,
      10.621644,
      20.92142,
      17.059003999999998,
      18.668343999999998,
      18.185542,
      8.85137,
      30.094658,
      38.785094,
      23.657297999999997,
      18.50741,
      2.2530759999999996,
      7.402963999999999,
      0.0,
      36.21015,
      29.129054000000004,
      44.900586,
      0.6437360000000001,
      32.669602,
      40.072565999999995,
      44.095915999999995,
      45.86619,
      38.785094,
      38.62416,
      28.807185999999998,
      32.347734,
      9.65604,
      52.30355,
      36.853885999999996,
      7.24203,
      34.922678,
      52.786351999999994,
      5.9545580000000005,
      62.76426,
      58.74091,
      18.668343999999998,
      4.667085999999999,
      30.416525999999998,
      16.0934,
      13.840323999999999,
      24.301033999999998,
      12.391918,
      23.174496,
      1.9312079999999998,
      13.67939
    ],
    [
      24.301033999999998,
      25.266638,
      12.552852,
      11.748182,
      22.691694,
      27.197846,
      5.793624,
      19.151146,
      24.1401,
      21.887024,
      34.761744,
      28.646252,
      23.818232000000002,
      24.461968,
      26.393175999999997,
      23.818232000000002,
      24.783836,
      17.70274,
      26.875978,
      30.094658,
      9.495106,
      31.543064,
      28.002515999999996,
      36.692952,
      31.060262,
      36.21015,
      0.0,
      21.243288,
      14.323126,
      34.278942,
      17.70274,
      11.426314,
      16.576202000000002,
      22.852628,
      30.899327999999997,
      9.977908000000001,
      37.980424,
      10.943512,
      25.74944,
      23.496364,
      13.518456,
      29.289987999999997,
      14.48406,
      35.888282000000004,
      29.77279,
      39.911632000000004,
      18.346476,
      27.197846,
      32.669602,
      21.404222,
      26.071308,
      44.095915999999995,
      31.38213,
      39.911632000000004,
      26.232242,
      35.244546,
      44.578718
    ],
    [
      10.621644,
      8.690436,
      23.818232000000002,
      9.334171999999999,
      9.173238,
      8.690436,
      15.127796,
      10.943512,
      10.782578,
      6.43736,
      14.323126,
      10.138842,
      9.977908000000001,
      14.805927999999998,
      7.402963999999999,
      12.87472,
      8.85137,
      12.07005,
      17.70274,
      5.793624,
      19.955816000000002,
      4.345218,
      9.012303999999999,
      29.611855999999996,
      19.151146,
      29.129054000000004,
      21.243288,
      0.0,
      25.588506,
      28.807185999999998,
      3.7014819999999995,
      20.760486,
      17.059003999999998,
      18.668343999999998,
      11.587248,
      19.473014,
      12.07005,
      10.621644,
      22.852628,
      30.255592,
      8.368568,
      24.1401,
      5.63269,
      31.543064,
      24.301033999999998,
      35.566414,
      40.072565999999995,
      9.173238,
      27.35878,
      0.80467,
      15.932466,
      38.302292,
      5.471756,
      34.761744,
      7.885766,
      29.933724,
      38.62416
    ],
    [
      32.99147,
      33.957074,
      2.092142,
      15.771532,
      27.197846,
      32.1868,
      14.48406,
      23.33543,
      32.830535999999995,
      24.94477,
      37.81949,
      35.40548,
      32.508668,
      33.152404000000004,
      33.313338,
      32.508668,
      33.474272,
      23.496364,
      35.566414,
      28.16345,
      11.587248,
      29.611855999999996,
      33.957074,
      45.383388,
      39.589764,
      44.900586,
      14.323126,
      25.588506,
      0.0,
      43.130312,
      24.1401,
      7.563898,
      13.840323999999999,
      19.151146,
      29.450922000000002,
      10.943512,
      36.532018,
      15.771532,
      34.439876,
      20.599552000000003,
      17.219938,
      38.141358,
      19.633948,
      34.278942,
      38.62416,
      38.463226,
      19.633948,
      34.60081,
      41.520972,
      25.266638,
      34.922678,
      52.947286,
      29.933724,
      48.763002,
      33.957074,
      44.095915999999995,
      53.430088000000005
    ],
    [
      18.185542,
      18.346476,
      41.03817,
      28.96812,
      19.633948,
      20.760486,
      31.221196,
      17.70274,
      19.31208,
      33.152404000000004,
      20.599552000000003,
      20.92142,
      18.990212,
      10.299776000000001,
      20.599552000000003,
      16.737136,
      18.346476,
      17.70274,
      8.529501999999999,
      31.060262,
      38.302292,
      23.174496,
      18.024607999999997,
      1.9312079999999998,
      7.0810960000000005,
      0.6437360000000001,
      34.278942,
      28.807185999999998,
      43.130312,
      0.0,
      32.347734,
      39.750698,
      43.774048,
      45.383388,
      38.463226,
      38.302292,
      28.324384000000002,
      32.025866,
      9.334171999999999,
      51.820748,
      36.532018,
      6.9201619999999995,
      34.439876,
      52.464484,
      5.63269,
      62.28145800000001,
      58.419042,
      18.185542,
      4.345218,
      30.094658,
      15.771532,
      13.518456,
      23.979166,
      11.909116000000001,
      22.852628,
      1.448406,
      13.357522000000001
    ],
    [
      12.391918,
      10.46071,
      22.047957999999998,
      6.276426,
      10.943512,
      12.07005,
      11.909116000000001,
      12.713786,
      12.552852,
      4.82802,
      17.863674,
      15.449663999999999,
      11.909116000000001,
      23.174496,
      9.334171999999999,
      14.805927999999998,
      10.621644,
      13.840323999999999,
      21.243288,
      8.0467,
      10.943512,
      7.724831999999999,
      14.001257999999998,
      33.152404000000004,
      22.691694,
      32.669602,
      17.70274,
      3.7014819999999995,
      24.1401,
      32.347734,
      0.0,
      19.151146,
      15.449663999999999,
      17.059003999999998,
      10.299776000000001,
      11.26538,
      15.932466,
      7.402963999999999,
      24.301033999999998,
      28.646252,
      6.759228,
      25.74944,
      2.735878,
      29.933724,
      25.910374,
      33.957074,
      38.463226,
      14.001257999999998,
      28.96812,
      3.8624159999999996,
      17.541806,
      39.911632000000004,
      9.334171999999999,
      36.371084,
      13.357522000000001,
      31.38213,
      40.2335
    ],
    [
      28.16345,
      29.129054000000004,
      5.63269,
      10.943512,
      22.53076,
      27.35878,
      9.65604,
      18.50741,
      28.002515999999996,
      20.11675,
      32.99147,
      30.57746,
      27.680647999999998,
      28.324384000000002,
      28.485318,
      27.680647999999998,
      28.646252,
      18.668343999999998,
      30.738394000000003,
      23.33543,
      6.759228,
      24.783836,
      29.289987999999997,
      40.555368,
      34.761744,
      40.072565999999995,
      11.426314,
      20.760486,
      7.563898,
      39.750698,
      19.151146,
      0.0,
      7.402963999999999,
      12.87472,
      24.301033999999998,
      5.793624,
      31.38213,
      10.782578,
      29.450922000000002,
      14.162192000000001,
      12.07005,
      32.99147,
      14.162192000000001,
      29.289987999999997,
      33.474272,
      33.313338,
      21.72609,
      30.899327999999997,
      36.532018,
      20.11675,
      29.77279,
      47.797398,
      24.783836,
      43.774048,
      28.807185999999998,
      38.946028,
      48.2802
    ],
    [
      26.071308,
      25.266638,
      11.909116000000001,
      16.254334,
      24.783836,
      23.496364,
      14.966862,
      28.16345,
      27.036912,
      16.415267999999998,
      29.129054000000004,
      26.875978,
      27.841582000000002,
      33.635206,
      24.783836,
      32.99147,
      25.588506,
      26.875978,
      32.669602,
      19.633948,
      9.495106,
      20.92142,
      25.427572,
      44.578718,
      34.118007999999996,
      44.095915999999995,
      16.576202000000002,
      17.059003999999998,
      13.840323999999999,
      43.774048,
      15.449663999999999,
      7.402963999999999,
      0.0,
      6.115492,
      20.11675,
      8.529501999999999,
      27.35878,
      15.932466,
      35.888282000000004,
      14.323126,
      7.24203,
      37.336687999999995,
      12.230984,
      25.105704,
      37.497622,
      27.197846,
      28.002515999999996,
      25.588506,
      40.555368,
      16.0934,
      29.129054000000004,
      51.337945999999995,
      20.92142,
      47.958332,
      24.94477,
      42.969378,
      51.820748
    ],
    [
      27.841582000000002,
      27.036912,
      17.219938,
      22.852628,
      26.393175999999997,
      25.266638,
      21.082354,
      29.450922000000002,
      28.807185999999998,
      18.185542,
      30.899327999999997,
      28.646252,
      29.611855999999996,
      36.371084,
      26.55411,
      30.738394000000003,
      27.197846,
      32.99147,
      34.439876,
      21.404222,
      15.610598,
      22.691694,
      27.197846,
      46.348992,
      35.727348,
      45.86619,
      22.852628,
      18.668343999999998,
      19.151146,
      45.383388,
      17.059003999999998,
      12.87472,
      6.115492,
      0.0,
      19.473014,
      13.840323999999999,
      28.807185999999998,
      21.404222,
      37.336687999999995,
      16.415267999999998,
      9.977908000000001,
      38.62416,
      16.89807,
      24.461968,
      38.785094,
      24.622902,
      34.439876,
      26.875978,
      41.84284,
      17.541806,
      30.416525999999998,
      52.786351999999994,
      22.208892000000002,
      49.245804,
      26.232242,
      44.25685,
      53.10822
    ],
    [
      20.92142,
      20.11675,
      27.519714,
      16.0934,
      20.11675,
      18.346476,
      29.129054000000004,
      22.047957999999998,
      21.72609,
      6.43736,
      18.024607999999997,
      21.565156,
      21.082354,
      29.289987999999997,
      19.473014,
      23.818232000000002,
      20.277684,
      23.013562,
      27.35878,
      8.368568,
      23.657297999999997,
      15.771532,
      20.11675,
      39.267896,
      28.807185999999998,
      38.785094,
      30.899327999999997,
      11.587248,
      29.450922000000002,
      38.463226,
      10.299776000000001,
      24.301033999999998,
      20.11675,
      19.473014,
      0.0,
      22.852628,
      10.46071,
      17.219938,
      31.221196,
      33.313338,
      13.357522000000001,
      32.508668,
      12.391918,
      14.323126,
      32.669602,
      26.232242,
      43.45218,
      20.760486,
      35.727348,
      10.621644,
      24.301033999999998,
      46.67086,
      15.127796,
      43.130312,
      20.11675,
      38.302292,
      46.992728
    ],
    [
      26.875978,
      18.024607999999997,
      9.012303999999999,
      9.65604,
      17.541806,
      26.071308,
      8.207633999999999,
      15.28873,
      26.55411,
      18.829278,
      31.703998,
      29.450922000000002,
      26.232242,
      26.875978,
      17.541806,
      26.393175999999997,
      18.024607999999997,
      20.11675,
      29.289987999999997,
      22.208892000000002,
      0.9656039999999999,
      23.496364,
      28.002515999999996,
      39.106962,
      33.474272,
      38.62416,
      9.977908000000001,
      19.473014,
      10.943512,
      38.302292,
      11.26538,
      5.793624,
      8.529501999999999,
      13.840323999999999,
      22.852628,
      0.0,
      31.060262,
      8.529501999999999,
      30.094658,
      16.576202000000002,
      7.724831999999999,
      33.635206,
      8.690436,
      28.807185999999998,
      34.118007999999996,
      32.99147,
      26.232242,
      29.129054000000004,
      37.01482,
      14.48406,
      30.416525999999998,
      48.441134000000005,
      24.461968,
      44.25685,
      28.485318,
      39.589764,
      48.923936
    ],
