{
  "drive_dist_matrix": [
    [
      0.0,
      14.4,
      14.4,
      10.4,
      7.4,
      14.2,
      10.8,
      14.1,
      14.9,
      10.4,
      27.0,
      15.0,
      21.5,
      92.2,
      8.5,
      104.0,
      97.6,
      110.0,
      86.6,
      8.5,
      83.2,
      15.9,
      83.1,
      111.0,
      1.2,
      82.5,
      77.2,
      95.2,
      75.3,
      93.1,
      22.1,
      98.4,
      6.8,
      89.3,
      99.7,
      10.3,
      110.0,
      96.9,
      91.3,
      75.1,
      98.8,
      99.0,
      9.6,
      12.2,
      99.9
    ],
    [
      14.4,
      0.0,
      3.4,
      3.1,
      5.8,
      3.7,
      6.7,
      3.6,
      10.8,
      1.5,
      30.3,
      3.4,
      24.9,
      95.5,
      4.4,
      98.7,
      92.0,
      105.0,
      89.9,
      10.0,
      86.5,
      12.6,
      86.4,
      105.0,
      12.0,
      85.8,
      80.5,
      98.5,
      78.7,
      96.4,
      14.2,
      102.0,
      5.2,
      92.6,
      103.0,
      1.1,
      122.0,
      100.0,
      94.6,
      78.4,
      102.0,
      93.4,
      3.2,
      8.1,
      103.0
    ],
    [
      14.4,
      3.4,
      0.0,
      0.35,
      5.9,
      0.25,
      6.8,
      0.14,
      10.9,
      2.2,
      30.3,
      0.017,
      24.9,
      95.5,
      4.4,
      98.7,
      92.0,
      105.0,
      90.0,
      10.0,
      86.6,
      12.6,
      86.5,
      105.0,
      12.0,
      85.9,
      80.5,
      98.6,
      78.7,
      96.5,
      14.3,
      102.0,
      5.2,
      92.7,
      103.0,
      2.9,
      122.0,
      100.0,
      94.7,
      78.5,
      102.0,
      93.4,
      0.21,
      8.2,
      103.0
    ],
    [
      10.4,
      3.1,
      0.35,
      0.0,
      8.4,
      0.6,
      9.8,
      0.5,
      11.0,
      1.9,
      35.7,
      0.35,
      30.2,
      101.0,
      6.3,
      96.8,
      90.1,
      103.0,
      95.3,
      8.2,
      91.9,
      8.4,
      91.8,
      104.0,
      16.1,
      91.2,
      85.9,
      104.0,
      84.0,
      102.0,
      13.0,
      107.0,
      8.0,
      98.0,
      108.0,
      4.6,
      104.0,
      106.0,
      100.0,
      83.8,
      101.0,
      91.5,
      0.13,
      7.8,
      109.0
    ],
    [
      7.4,
      5.8,
      5.9,
      8.4,
      0.0,
      10.6,
      3.1,
      10.5,
      9.4,
      5.4,
      31.0,
      10.8,
      25.6,
      96.2,
      3.0,
      98.9,
      92.2,
      105.0,
      90.6,
      10.0,
      87.2,
      17.4,
      87.1,
      106.0,
      12.7,
      86.5,
      81.2,
      99.2,
      79.4,
      91.5,
      13.8,
      102.0,
      7.0,
      93.3,
      104.0,
      5.3,
      122.0,
      101.0,
      95.3,
      79.1,
      93.9,
      93.6,
      5.2,
      6.7,
      104.0
    ],
    [
      14.2,
      3.7,
      0.25,
      0.6,
      10.6,
      0.0,
      8.0,
      0.11,
      10.2,
      2.5,
      31.5,
      0.23,
      26.1,
      96.7,
      5.6,
      94.6,
      87.8,
      100.0,
      91.1,
      10.6,
      87.7,
      9.3,
      87.6,
      101.0,
      13.2,
      87.0,
      81.7,
      99.8,
      79.9,
      97.6,
      10.1,
      103.0,
      6.4,
      93.8,
      104.0,
      3.1,
      118.0,
      101.0,
      95.8,
      79.6,
      103.0,
      89.3,
      0.45,
      8.0,
      104.0
    ],
    [
      10.8,
      6.7,
      6.8,
      9.8,
      3.1,
      8.0,
      0.0,
      19.8,
      15.4,
      15.5,
      34.6,
      20.1,
      29.2,
      99.8,
      9.0,
      109.0,
      103.0,
      115.0,
      94.2,
      13.6,
      86.6,
      21.0,
      86.6,
      116.0,
      16.3,
      90.1,
      84.8,
      103.0,
      83.0,
      88.5,
      27.2,
      106.0,
      12.4,
      97.0,
      107.0,
      15.4,
      113.0,
      105.0,
      98.9,
      82.7,
      90.9,
      104.0,
      15.4,
      12.7,
      108.0
    ],
    [
      14.1,
      3.6,
      0.14,
      0.5,
      10.5,
      0.11,
      19.8,
      0.0,
      10.8,
      2.4,
      31.4,
      0.12,
      26.0,
      96.6,
      5.5,
      95.2,
      88.4,
      101.0,
      91.0,
      9.3,
      87.6,
      9.9,
      87.5,
      102.0,
      13.1,
      86.9,
      81.6,
      99.6,
      79.8,
      97.5,
      10.7,
      103.0,
      6.3,
      93.7,
      104.0,
      3.0,
      119.0,
      101.0,
      95.7,
      79.5,
      103.0,
      89.8,
      0.35,
      8.6,
      104.0
    ],
    [
      14.9,
      10.8,
      10.9,
      11.0,
      9.4,
      10.2,
      15.4,
      10.8,
      0.0,
      11.5,
      37.9,
      8.9,
      32.5,
      103.0,
      4.7,
      97.0,
      90.3,
      103.0,
      97.5,
      16.4,
      94.1,
      11.2,
      94.0,
      104.0,
      19.6,
      93.4,
      88.1,
      106.0,
      86.3,
      99.8,
      10.5,
      109.0,
      14.1,
      100.0,
      111.0,
      11.6,
      120.0,
      108.0,
      102.0,
      86.0,
      102.0,
      91.7,
      11.7,
      4.0,
      111.0
    ],
    [
      10.4,
      1.5,
      2.2,
      1.9,
      5.4,
      2.5,
      15.5,
      2.4,
      11.5,
      0.0,
      36.5,
      2.2,
      31.1,
      102.0,
      6.8,
      94.6,
      87.9,
      101.0,
      96.2,
      9.1,
      92.8,
      8.2,
      92.7,
      101.0,
      15.9,
      92.1,
      86.7,
      105.0,
      84.9,
      103.0,
      10.2,
      108.0,
      12.7,
      98.9,
      109.0,
      1.0,
      118.0,
      106.0,
      101.0,
      84.7,
      108.0,
      89.3,
      0.25,
      8.1,
      109.0
    ],
    [
      27.0,
      30.3,
      30.3,
      35.7,
      31.0,
      31.5,
      34.6,
      31.4,
      37.9,
      36.5,
      0.0,
      24.1,
      18.8,
      89.5,
      21.6,
      114.0,
      107.0,
      120.0,
      83.9,
      17.8,
      80.5,
      25.2,
      80.4,
      120.0,
      15.4,
      79.8,
      74.4,
      92.5,
      72.6,
      90.4,
      31.4,
      95.7,
      16.4,
      86.6,
      97.0,
      19.4,
      115.0,
      94.2,
      88.6,
      72.4,
      96.1,
      108.0,
      19.4,
      25.3,
      97.2
    ],
    [
      15.0,
      3.4,
      0.017,
      0.35,
      10.8,
      0.23,
      20.1,
      0.12,
      8.9,
      2.2,
      24.1,
      0.0,
      24.9,
      95.5,
      4.4,
      98.7,
      92.0,
      105.0,
      90.0,
      10.0,
      86.6,
      12.6,
      86.5,
      105.0,
      12.1,
      85.9,
      80.5,
      98.6,
      78.7,
      96.5,
      14.3,
      102.0,
      5.3,
      92.7,
      103.0,
      2.9,
      122.0,
      100.0,
      94.7,
      78.5,
      102.0,
      93.4,
      0.23,
      8.2,
      103.0
    ],
    [
      21.5,
      24.9,
      24.9,
      30.2,
      25.6,
      26.1,
      29.2,
      26.0,
      32.5,
      31.1,
      18.8,
      24.9,
      0.0,
      83.5,
      35.9,
      132.0,
      125.0,
      138.0,
      77.9,
      35.2,
      74.5,
      42.6,
      74.4,
      138.0,
      27.4,
      73.8,
      68.5,
      86.5,
      66.7,
      84.4,
      48.8,
      89.7,
      33.8,
      80.6,
      91.0,
      36.9,
      122.0,
      88.2,
      82.6,
      66.4,
      90.1,
      126.0,
      36.8,
      39.7,
      91.2
    ],
    [
      92.2,
      95.5,
      95.5,
      101.0,
      96.2,
      96.7,
      99.8,
      96.6,
      103.0,
      102.0,
      89.5,
      95.5,
      83.5,
      0.0,
      93.8,
      186.0,
      179.0,
      192.0,
      9.7,
      90.0,
      15.3,
      97.4,
      15.2,
      193.0,
      87.6,
      9.6,
      15.9,
      10.0,
      16.3,
      35.2,
      104.0,
      14.9,
      88.6,
      3.7,
      14.7,
      91.7,
      176.0,
      19.9,
      5.2,
      17.6,
      41.0,
      181.0,
      91.6,
      97.6,
      14.9
    ],
    [
      8.5,
      4.4,
      4.4,
      6.3,
      3.0,
      5.6,
      9.0,
      5.5,
      4.7,
      6.8,
      21.6,
      4.4,
      35.9,
      93.8,
      0.0,
      98.2,
      91.5,
      104.0,
      91.5,
      14.1,
      88.1,
      12.3,
      88.0,
      105.0,
      13.6,
      87.4,
      82.1,
      100.0,
      80.2,
      94.7,
      13.2,
      103.0,
      6.8,
      94.2,
      105.0,
      6.0,
      122.0,
      102.0,
      96.2,
      80.0,
      97.1,
      92.9,
      5.9,
      6.5,
      105.0
    ],
    [
      104.0,
      98.7,
      98.7,
      96.8,
      98.9,
      94.6,
      109.0,
      95.2,
      97.0,
      94.6,
      114.0,
      98.7,
      132.0,
      186.0,
      98.2,
      0.0,
      7.7,
      8.3,
      185.0,
      97.8,
      181.0,
      89.5,
      181.0,
      14.8,
      107.0,
      181.0,
      175.0,
      193.0,
      174.0,
      191.0,
      91.4,
      197.0,
      100.0,
      188.0,
      198.0,
      95.1,
      31.5,
      195.0,
      190.0,
      173.0,
      193.0,
      7.1,
      95.3,
      94.9,
      198.0
    ],
    [
      97.6,
      92.0,
      92.0,
      90.1,
      92.2,
      87.8,
      103.0,
      88.4,
      90.3,
      87.9,
      107.0,
      92.0,
      125.0,
      179.0,
      91.5,
      7.7,
      0.0,
      10.3,
      180.0,
      93.2,
      177.0,
      84.8,
      177.0,
      18.7,
      102.0,
      176.0,
      171.0,
      189.0,
      169.0,
      187.0,
      86.8,
      192.0,
      95.7,
      183.0,
      193.0,
      90.5,
      35.4,
      191.0,
      185.0,
      169.0,
      192.0,
      4.3,
      90.6,
      90.2,
      193.0
    ],
    [
      110.0,
      105.0,
      105.0,
      103.0,
      105.0,
      100.0,
      115.0,
      101.0,
      103.0,
      101.0,
      120.0,
      105.0,
      138.0,
      192.0,
      104.0,
      8.3,
      10.3,
      0.0,
      185.0,
      97.9,
      182.0,
      89.6,
      181.0,
      20.5,
      107.0,
      181.0,
      176.0,
      194.0,
      174.0,
      191.0,
      91.5,
      197.0,
      100.0,
      188.0,
      198.0,
      95.2,
      28.1,
      195.0,
      190.0,
      173.0,
      197.0,
      7.1,
      95.3,
      95.0,
      198.0
    ],
    [
      86.6,
      89.9,
      90.0,
      95.3,
      90.6,
      91.1,
      94.2,
      91.0,
      97.5,
      96.2,
      83.9,
      90.0,
      77.9,
      9.7,
      91.5,
      185.0,
      180.0,
      185.0,
      0.0,
      87.6,
      15.0,
      95.0,
      14.9,
      190.0,
      85.2,
      6.4,
      13.5,
      17.9,
      13.8,
      32.6,
      101.0,
      23.0,
      86.2,
      12.0,
      22.3,
      89.2,
      174.0,
      19.6,
      14.0,
      15.2,
      38.3,
      178.0,
      89.2,
      95.1,
      22.6
    ],
    [
      8.5,
      10.0,
      10.0,
      8.2,
      10.0,
      10.6,
      13.6,
      9.3,
      16.4,
      9.1,
      17.8,
      10.0,
      35.2,
      90.0,
      14.1,
      97.8,
      93.2,
      97.9,
      87.6,
      0.0,
      85.0,
      10.6,
      84.9,
      106.0,
      10.4,
      84.3,
      79.0,
      97.0,
      77.2,
      94.9,
      16.8,
      100.0,
      6.0,
      91.1,
      101.0,
      9.0,
      103.0,
      98.7,
      93.1,
      76.9,
      101.0,
      93.8,
      9.0,
      13.5,
      102.0
    ],
    [
      83.2,
      86.5,
      86.6,
      91.9,
      87.2,
      87.7,
      86.6,
      87.6,
      94.1,
      92.8,
      80.5,
      86.6,
      74.5,
      15.3,
      88.1,
      181.0,
      177.0,
      182.0,
      15.0,
      85.0,
      0.0,
      93.0,
      0.1,
      188.0,
      83.2,
      9.2,
      12.2,
      14.6,
      12.3,
      23.7,
      99.1,
      19.7,
      84.2,
      11.4,
      19.0,
      87.2,
      172.0,
      16.3,
      10.6,
      14.6,
      32.4,
      176.0,
      87.2,
      93.1,
      19.2
    ],
    [
      15.9,
      12.6,
      12.6,
      8.4,
      17.4,
      9.3,
      21.0,
      9.9,
      11.2,
      8.2,
      25.2,
      12.6,
      42.6,
      97.4,
      12.3,
      89.5,
      84.8,
      89.6,
      95.0,
      10.6,
      93.0,
      0.0,
      96.4,
      97.2,
      20.6,
      95.8,
      90.4,
      108.0,
      88.6,
      106.0,
      6.2,
      112.0,
      16.4,
      103.0,
      113.0,
      11.2,
      114.0,
      110.0,
      105.0,
      88.4,
      109.0,
      85.2,
      11.4,
      9.4,
      113.0
    ],
    [
      83.1,
      86.4,
      86.5,
      91.8,
      87.1,
      87.6,
      86.6,
      87.5,
      94.0,
      92.7,
      80.4,
      86.5,
      74.4,
      15.2,
      88.0,
      181.0,
      177.0,
      181.0,
      14.9,
      84.9,
      0.1,
      96.4,
      0.0,
      188.0,
      83.1,
      9.1,
      12.1,
      14.5,
      12.2,
      23.6,
      99.0,
      19.5,
      84.1,
      11.3,
      18.9,
      87.1,
      172.0,
      16.1,
      10.5,
      12.5,
      32.3,
      176.0,
      87.1,
      93.0,
      19.1
    ],
    [
      111.0,
      105.0,
      105.0,
      104.0,
      106.0,
      101.0,
      116.0,
      102.0,
      104.0,
      101.0,
      120.0,
      105.0,
      138.0,
      193.0,
      105.0,
      14.8,
      18.7,
      20.5,
      190.0,
      106.0,
      188.0,
      97.2,
      188.0,
      0.0,
      116.0,
      190.0,
      185.0,
      203.0,
      183.0,
      201.0,
      101.0,
      206.0,
      110.0,
      197.0,
      207.0,
      104.0,
      45.8,
      204.0,
      199.0,
      183.0,
      206.0,
      14.8,
      104.0,
      104.0,
      207.0
    ],
    [
      1.2,
      12.0,
      12.0,
      16.1,
      12.7,
      13.2,
      16.3,
      13.1,
      19.6,
      15.9,
      15.4,
      12.1,
      27.4,
      87.6,
      13.6,
      107.0,
      102.0,
      107.0,
      85.2,
      10.4,
      83.2,
      20.6,
      83.1,
      116.0,
      0.0,
      83.7,
      78.3,
      96.4,
      76.5,
      94.3,
      23.3,
      99.6,
      8.5,
      90.5,
      101.0,
      11.5,
      111.0,
      98.1,
      92.5,
      76.3,
      100.0,
      100.0,
      11.5,
      13.4,
      101.0
    ],
    [
      82.5,
      85.8,
      85.9,
      91.2,
      86.5,
      87.0,
      90.1,
      86.9,
      93.4,
      92.1,
      79.8,
      85.9,
      73.8,
      9.6,
      87.4,
      181.0,
      176.0,
      181.0,
      6.4,
      84.3,
      9.2,
      95.8,
      9.1,
      190.0,
      83.7,
      0.0,
      8.8,
      19.5,
      7.9,
      32.3,
      96.4,
      24.5,
      81.5,
      13.6,
      23.9,
      84.5,
      169.0,
      21.1,
      15.5,
      8.8,
      38.0,
      173.0,
      84.5,
      90.4,
      24.1
    ],
    [
      77.2,
      80.5,
      80.5,
      85.9,
      81.2,
      81.7,
      84.8,
      81.6,
      88.1,
      86.7,
      74.4,
      80.5,
      68.5,
      15.9,
      82.1,
      175.0,
      171.0,
      176.0,
      13.5,
      79.0,
      12.2,
      90.4,
      12.1,
      185.0,
      78.3,
      8.8,
      0.0,
      23.8,
      0.45,
      32.3,
      90.5,
      28.9,
      75.6,
      17.9,
      28.3,
      78.6,
      163.0,
      25.5,
      19.9,
      0.9,
      38.0,
      167.0,
      78.6,
      84.5,
      28.5
    ],
    [
      95.2,
      98.5,
      98.6,
      104.0,
      99.2,
      99.8,
      103.0,
      99.6,
      106.0,
      105.0,
      92.5,
      98.6,
      86.5,
      10.0,
      100.0,
      193.0,
      189.0,
      194.0,
      17.9,
      97.0,
      14.6,
      108.0,
      14.5,
      203.0,
      96.4,
      19.5,
      23.8,
      0.0,
      21.1,
      24.5,
      108.0,
      5.4,
      93.5,
      10.1,
      5.2,
      96.5,
      181.0,
      6.1,
      4.8,
      22.4,
      36.7,
      185.0,
      96.4,
      102.0,
      5.4
    ],
    [
      75.3,
      78.7,
      78.7,
      84.0,
      79.4,
      79.9,
      83.0,
      79.8,
      86.3,
      84.9,
      72.6,
      78.7,
      66.7,
      16.3,
      80.2,
      174.0,
      169.0,
      174.0,
      13.8,
      77.2,
      12.3,
      88.6,
      12.2,
      183.0,
      76.5,
      7.9,
      0.45,
      21.1,
      0.0,
      32.1,
      91.7,
      27.9,
      76.8,
      16.9,
      27.3,
      79.8,
      165.0,
      24.5,
      18.9,
      0.6,
      37.8,
      169.0,
      79.8,
      85.7,
      27.5
    ],
    [
      93.1,
      96.4,
      96.5,
      102.0,
      91.5,
      97.6,
      88.5,
      97.5,
      99.8,
      103.0,
      90.4,
      96.5,
      84.4,
      35.2,
      94.7,
      191.0,
      187.0,
      191.0,
      32.6,
      94.9,
      23.7,
      106.0,
      23.6,
      201.0,
      94.3,
      32.3,
      32.3,
      24.5,
      32.1,
      0.0,
      110.0,
      31.9,
      94.6,
      33.8,
      26.3,
      97.6,
      182.0,
      24.0,
      33.0,
      34.8,
      34.1,
      187.0,
      97.6,
      99.0,
      26.6
    ],
    [
      22.1,
      14.2,
      14.3,
      13.0,
      13.8,
      10.1,
      27.2,
      10.7,
      10.5,
      10.2,
      31.4,
      14.3,
      48.8,
      104.0,
      13.2,
      91.4,
      86.8,
      91.5,
      101.0,
      16.8,
      99.1,
      6.2,
      99.0,
      101.0,
      23.3,
      96.4,
      90.5,
      108.0,
      91.7,
      110.0,
      0.0,
      116.0,
      13.5,
      107.0,
      117.0,
      12.8,
      120.0,
      115.0,
      109.0,
      92.8,
      104.0,
      91.5,
      12.9,
      3.2,
      118.0
    ],
    [
      98.4,
      102.0,
      102.0,
      107.0,
      102.0,
      103.0,
      106.0,
      103.0,
      109.0,
      108.0,
      95.7,
      102.0,
      89.7,
      14.9,
      103.0,
      197.0,
      192.0,
      197.0,
      23.0,
      100.0,
      19.7,
      112.0,
      19.5,
      206.0,
      99.6,
      24.5,
      28.9,
      5.4,
      27.9,
      31.9,
      116.0,
      0.0,
      92.4,
      6.2,
      8.1,
      95.4,
      180.0,
      9.0,
      2.8,
      21.3,
      40.4,
      184.0,
      95.3,
      101.0,
      8.3
    ],
    [
      6.8,
      5.2,
      5.2,
      8.0,
      7.0,
      6.4,
      12.4,
      6.3,
      14.1,
      12.7,
      16.4,
      5.3,
      33.8,
      88.6,
      6.8,
      100.0,
      95.7,
      100.0,
      86.2,
      6.0,
      84.2,
      16.4,
      84.1,
      110.0,
      8.5,
      81.5,
      75.6,
      93.5,
      76.8,
      94.6,
      13.5,
      92.4,
      0.0,
      88.2,
      98.5,
      7.3,
      105.0,
      95.8,
      90.1,
      73.9,
      97.7,
      96.0,
      7.3,
      11.9,
      98.7
    ],
    [
      89.3,
      92.6,
      92.7,
      98.0,
      93.3,
      93.8,
      97.0,
      93.7,
      100.0,
      98.9,
      86.6,
      92.7,
      80.6,
      3.7,
      94.2,
      188.0,
      183.0,
      188.0,
      12.0,
      91.1,
      11.4,
      103.0,
      11.3,
      197.0,
      90.5,
      13.6,
      17.9,
      10.1,
      16.9,
      33.8,
      107.0,
      6.2,
      88.2,
      0.0,
      12.1,
      92.0,
      177.0,
      16.5,
      2.6,
      18.0,
      45.0,
      181.0,
      92.0,
      97.9,
      12.4
    ],
    [
      99.7,
      103.0,
      103.0,
      108.0,
      104.0,
      104.0,
      107.0,
      104.0,
      111.0,
      109.0,
      97.0,
      103.0,
      91.0,
      14.7,
      105.0,
      198.0,
      193.0,
      198.0,
      22.3,
      101.0,
      19.0,
      113.0,
      18.9,
      207.0,
      101.0,
      23.9,
      28.3,
      5.2,
      27.3,
      26.3,
      117.0,
      8.1,
      98.5,
      12.1,
      0.0,
      101.0,
      186.0,
      3.5,
      9.1,
      27.4,
      39.0,
      190.0,
      101.0,
      107.0,
      0.5
    ],
    [
      10.3,
      1.1,
      2.9,
      4.6,
      5.3,
      3.1,
      15.4,
      3.0,
      11.6,
      1.0,
      19.4,
      2.9,
      36.9,
      91.7,
      6.0,
      95.1,
      90.5,
      95.2,
      89.2,
      9.0,
      87.2,
      11.2,
      87.1,
      104.0,
      11.5,
      84.5,
      78.6,
      96.5,
      79.8,
      97.6,
      12.8,
      95.4,
      7.3,
      92.0,
      101.0,
      0.0,
      118.0,
      107.0,
      101.0,
      84.8,
      109.0,
      89.2,
      2.7,
      7.9,
      110.0
    ],
    [
      110.0,
      122.0,
      122.0,
      104.0,
      122.0,
      118.0,
      113.0,
      119.0,
      120.0,
      118.0,
      115.0,
      122.0,
      122.0,
      176.0,
      122.0,
      31.5,
      35.4,
      28.1,
      174.0,
      103.0,
      172.0,
      114.0,
      172.0,
      45.8,
      111.0,
      169.0,
      163.0,
      181.0,
      165.0,
      182.0,
      120.0,
      180.0,
      105.0,
      177.0,
      186.0,
      118.0,
      0.0,
      184.0,
      179.0,
      162.0,
      186.0,
      34.1,
      103.0,
      108.0,
      187.0
    ],
    [
      96.9,
      100.0,
      100.0,
      106.0,
      101.0,
      101.0,
      105.0,
      101.0,
      108.0,
      106.0,
      94.2,
      100.0,
      88.2,
      19.9,
      102.0,
      195.0,
      191.0,
      195.0,
      19.6,
      98.7,
      16.3,
      110.0,
      16.1,
      204.0,
      98.1,
      21.1,
      25.5,
      6.1,
      24.5,
      24.0,
      115.0,
      9.0,
      95.8,
      16.5,
      3.5,
      107.0,
      184.0,
      0.0,
      11.5,
      26.7,
      35.5,
      190.0,
      101.0,
      107.0,
      3.0
    ],
    [
      91.3,
      94.6,
      94.7,
      100.0,
      95.3,
      95.8,
      98.9,
      95.7,
      102.0,
      101.0,
      88.6,
      94.7,
      82.6,
      5.2,
      96.2,
      190.0,
      185.0,
      190.0,
      14.0,
      93.1,
      10.6,
      105.0,
      10.5,
      199.0,
      92.5,
      15.5,
      19.9,
      4.8,
      18.9,
      33.0,
      109.0,
      2.8,
      90.1,
      2.6,
      9.1,
      101.0,
      179.0,
      11.5,
      0.0,
      18.5,
      41.8,
      181.0,
      92.5,
      98.4,
      15.8
    ],
    [
      75.1,
      78.4,
      78.5,
      83.8,
      79.1,
      79.6,
      82.7,
      79.5,
      86.0,
      84.7,
      72.4,
      78.5,
      66.4,
      17.6,
      80.0,
      173.0,
      169.0,
      173.0,
      15.2,
      76.9,
      14.6,
      88.4,
      12.5,
      183.0,
      76.3,
      8.8,
      0.9,
      22.4,
      0.6,
      34.8,
      92.8,
      21.3,
      73.9,
      18.0,
      27.4,
      84.8,
      162.0,
      26.7,
      18.5,
      0.0,
      38.5,
      168.0,
      79.2,
      85.2,
      28.1
    ],
    [
      98.8,
      102.0,
      102.0,
      101.0,
      93.9,
      103.0,
      90.9,
      103.0,
      102.0,
      108.0,
      96.1,
      102.0,
      90.1,
      41.0,
      97.1,
      193.0,
      192.0,
      197.0,
      38.3,
      101.0,
      32.4,
      109.0,
      32.3,
      206.0,
      100.0,
      38.0,
      38.0,
      36.7,
      37.8,
      34.1,
      104.0,
      40.4,
      97.7,
      45.0,
      39.0,
      109.0,
      186.0,
      35.5,
      41.8,
      38.5,
      0.0,
      158.0,
      69.3,
      66.6,
      46.1
    ],
    [
      99.0,
      93.4,
      93.4,
      91.5,
      93.6,
      89.3,
      104.0,
      89.8,
      91.7,
      89.3,
      108.0,
      93.4,
      126.0,
      181.0,
      92.9,
      7.1,
      4.3,
      7.1,
      178.0,
      93.8,
      176.0,
      85.2,
      176.0,
      14.8,
      100.0,
      173.0,
      167.0,
      185.0,
      169.0,
      187.0,
      91.5,
      184.0,
      96.0,
      181.0,
      190.0,
      89.2,
      34.1,
      190.0,
      181.0,
      168.0,
      158.0,
      0.0,
      92.4,
      92.0,
      195.0
    ],
    [
      9.6,
      3.2,
      0.21,
      0.13,
      5.2,
      0.45,
      15.4,
      0.35,
      11.7,
      0.25,
      19.4,
      0.23,
      36.8,
      91.6,
      5.9,
      95.3,
      90.6,
      95.3,
      89.2,
      9.0,
      87.2,
      11.4,
      87.1,
      104.0,
      11.5,
      84.5,
      78.6,
      96.4,
      79.8,
      97.6,
      12.9,
      95.3,
      7.3,
      92.0,
      101.0,
      2.7,
      103.0,
      101.0,
      92.5,
      79.2,
      69.3,
      92.4,
      0.0,
      7.9,
      110.0
    ],
    [
      12.2,
      8.1,
      8.2,
      7.8,
      6.7,
      8.0,
      12.7,
      8.6,
      4.0,
      8.1,
      25.3,
      8.2,
      39.7,
      97.6,
      6.5,
      94.9,
      90.2,
      95.0,
      95.1,
      13.5,
      93.1,
      9.4,
      93.0,
      104.0,
      13.4,
      90.4,
      84.5,
      102.0,
      85.7,
      99.0,
      3.2,
      101.0,
      11.9,
      97.9,
      107.0,
      7.9,
      108.0,
      107.0,
      98.4,
      85.2,
      66.6,
      92.0,
      7.9,
      0.0,
      108.0
    ],
    [
      99.9,
      103.0,
      103.0,
      109.0,
      104.0,
      104.0,
      108.0,
      104.0,
      111.0,
      109.0,
      97.2,
      103.0,
      91.2,
      14.9,
      105.0,
      198.0,
      193.0,
      198.0,
      22.6,
      102.0,
      19.2,
      113.0,
      19.1,
      207.0,
      101.0,
      24.1,
      28.5,
      5.4,
      27.5,
      26.6,
      118.0,
      8.3,
      98.7,
      12.4,
      0.5,
      110.0,
      187.0,
      3.0,
      15.8,
      28.1,
      46.1,
      195.0,
      110.0,
      108.0,
      0.0
    ]
  ],
  "drive_time_matrix": [
    [
      0.0,
      18.0,
      18.0,
      13.0,
      11.0,
      18.0,
      11.0,
      18.0,
      24.0,
      13.0,
      20.0,
      18.0,
      16.0,
      63.0,
      11.0,
      84.0,
      76.0,
      88.0,
      65.0,
      9.0,
      57.0,
      14.0,
      56.0,
      92.0,
      15.0,
      53.0,
      50.0,
      65.0,
      48.0,
      63.0,
      19.0,
      73.0,
      10.0,
      60.0,
      66.0,
      13.0,
      99.0,
      63.0,
      62.0,
      48.0,
      65.0,
      77.0,
      13.0,
      15.0,
      67.0
    ],
    [
      18.0,
      0.0,
      53.0,
      47.0,
      10.0,
      58.0,
      11.0,
      56.0,
      20.0,
      23.0,
      23.0,
      53.0,
      19.0,
      66.0,
      7.0,
      83.0,
      74.0,
      87.0,
      68.0,
      11.0,
      60.0,
      15.0,
      59.0,
      90.0,
      14.0,
      56.0,
      54.0,
      68.0,
      53.0,
      66.0,
      15.0,
      74.0,
      7.0,
      63.0,
      69.0,
      23.0,
      97.0,
      66.0,
      64.0,
      53.0,
      67.0,
      75.0,
      49.0,
      11.0,
      70.0
    ],
    [
      18.0,
      53.0,
      0.0,
      6.0,
      10.0,
      5.0,
      12.0,
      3.0,
      20.0,
      35.0,
      23.0,
      1.0,
      19.0,
      66.0,
      7.0,
      82.0,
      74.0,
      86.0,
      68.0,
      11.0,
      60.0,
      15.0,
      59.0,
      90.0,
      14.0,
      56.0,
      54.0,
      68.0,
      53.0,
      66.0,
      15.0,
      75.0,
      7.0,
      63.0,
      70.0,
      48.0,
      97.0,
      66.0,
      64.0,
      53.0,
      67.0,
      75.0,
      4.0,
      11.0,
      70.0
    ],
    [
      13.0,
      47.0,
      6.0,
      0.0,
      12.0,
      12.0,
      13.0,
      9.0,
      18.0,
      29.0,
      26.0,
      7.0,
      21.0,
      69.0,
      7.0,
      82.0,
      74.0,
      86.0,
      71.0,
      11.0,
      63.0,
      11.0,
      62.0,
      89.0,
      17.0,
      59.0,
      57.0,
      70.0,
      56.0,
      69.0,
      14.0,
      76.0,
      13.0,
      66.0,
      73.0,
      7.0,
      97.0,
      69.0,
      67.0,
      56.0,
      73.0,
      74.0,
      2.0,
      10.0,
      73.0
    ],
    [
      11.0,
      10.0,
      10.0,
      12.0,
      0.0,
      14.0,
      5.0,
      13.0,
      16.0,
      9.0,
      23.0,
      13.0,
      19.0,
      67.0,
      4.0,
      83.0,
      75.0,
      87.0,
      68.0,
      10.0,
      60.0,
      15.0,
      60.0,
      91.0,
      14.0,
      56.0,
      55.0,
      68.0,
      53.0,
      65.0,
      16.0,
      73.0,
      11.0,
      64.0,
      70.0,
      9.0,
      98.0,
      66.0,
      65.0,
      54.0,
      65.0,
      76.0,
      9.0,
      9.0,
      70.0
    ],
    [
      18.0,
      58.0,
      5.0,
      12.0,
      14.0,
      0.0,
      14.0,
      2.0,
      18.0,
      40.0,
      26.0,
      5.0,
      21.0,
      69.0,
      9.0,
      78.0,
      69.0,
      81.0,
      71.0,
      13.0,
      63.0,
      11.0,
      62.0,
      85.0,
      16.0,
      59.0,
      57.0,
      70.0,
      56.0,
      68.0,
      11.0,
      75.0,
      10.0,
      66.0,
      73.0,
      54.0,
      93.0,
      69.0,
      67.0,
      56.0,
      70.0,
      71.0,
      9.0,
      11.0,
      72.0
    ],
    [
      11.0,
      11.0,
      12.0,
      13.0,
      5.0,
      14.0,
      0.0,
      20.0,
      24.0,
      16.0,
      24.0,
      21.0,
      20.0,
      68.0,
      12.0,
      86.0,
      77.0,
      89.0,
      69.0,
      12.0,
      60.0,
      16.0,
      60.0,
      94.0,
      15.0,
      57.0,
      56.0,
      69.0,
      55.0,
      60.0,
      22.0,
      74.0,
      12.0,
      65.0,
      71.0,
      16.0,
      103.0,
      67.0,
      66.0,
      55.0,
      60.0,
      79.0,
      16.0,
      16.0,
      71.0
    ],
    [
      18.0,
      56.0,
      3.0,
      9.0,
      13.0,
      2.0,
      20.0,
      0.0,
      19.0,
      38.0,
      25.0,
      3.0,
      20.0,
      68.0,
      9.0,
      79.0,
      70.0,
      82.0,
      70.0,
      14.0,
      62.0,
      12.0,
      61.0,
      87.0,
      16.0,
      58.0,
      56.0,
      69.0,
      55.0,
      68.0,
      12.0,
      76.0,
      9.0,
      65.0,
      71.0,
      51.0,
      94.0,
      68.0,
      66.0,
      55.0,
      70.0,
      72.0,
      7.0,
      12.0,
      72.0
    ],
    [
      24.0,
      20.0,
      20.0,
      18.0,
      16.0,
      18.0,
      24.0,
      19.0,
      0.0,
      20.0,
      36.0,
      16.0,
      32.0,
      80.0,
      11.0,
      86.0,
      77.0,
      89.0,
      82.0,
      23.0,
      75.0,
      16.0,
      74.0,
      95.0,
      27.0,
      70.0,
      68.0,
      81.0,
      68.0,
      78.0,
      15.0,
      87.0,
      22.0,
      77.0,
      84.0,
      20.0,
      101.0,
      80.0,
      78.0,
      68.0,
      78.0,
      79.0,
      21.0,
      9.0,
      85.0
    ],
    [
      13.0,
      23.0,
      35.0,
      29.0,
      9.0,
      40.0,
      16.0,
      38.0,
      20.0,
      0.0,
      29.0,
      35.0,
      24.0,
      72.0,
      10.0,
      78.0,
      70.0,
      82.0,
      74.0,
      13.0,
      66.0,
      12.0,
      66.0,
      86.0,
      19.0,
      62.0,
      60.0,
      74.0,
      60.0,
      72.0,
      11.0,
      79.0,
      15.0,
      69.0,
      76.0,
      19.0,
      93.0,
      72.0,
      70.0,
      60.0,
      74.0,
      71.0,
      1.0,
      11.0,
      76.0
    ],
    [
      20.0,
      23.0,
      23.0,
      26.0,
      23.0,
      26.0,
      24.0,
      25.0,
      36.0,
      29.0,
      0.0,
      20.0,
      14.0,
      61.0,
      19.0,
      87.0,
      78.0,
      89.0,
      62.0,
      12.0,
      55.0,
      17.0,
      54.0,
      94.0,
      11.0,
      49.0,
      48.0,
      62.0,
      47.0,
      61.0,
      22.0,
      68.0,
      11.0,
      58.0,
      64.0,
      16.0,
      100.0,
      60.0,
      58.0,
      47.0,
      62.0,
      80.0,
      16.0,
      23.0,
      64.0
    ],
    [
      18.0,
      53.0,
      1.0,
      7.0,
      13.0,
      5.0,
      21.0,
      3.0,
      16.0,
      35.0,
      20.0,
      0.0,
      19.0,
      66.0,
      7.0,
      82.0,
      73.0,
      84.0,
      68.0,
      11.0,
      60.0,
      14.0,
      60.0,
      89.0,
      14.0,
      56.0,
      54.0,
      67.0,
      53.0,
      66.0,
      15.0,
      73.0,
      7.0,
      64.0,
      70.0,
      49.0,
      96.0,
      67.0,
      65.0,
      54.0,
      68.0,
      74.0,
      5.0,
      11.0,
      70.0
    ],
    [
      16.0,
      19.0,
      19.0,
      21.0,
      19.0,
      21.0,
      20.0,
      20.0,
      32.0,
      24.0,
      14.0,
      19.0,
      0.0,
      63.0,
      33.0,
      105.0,
      94.0,
      106.0,
      65.0,
      29.0,
      57.0,
      33.0,
      57.0,
      111.0,
      23.0,
      53.0,
      50.0,
      65.0,
      49.0,
      63.0,
      38.0,
      71.0,
      28.0,
      60.0,
      66.0,
      32.0,
      110.0,
      63.0,
      61.0,
      50.0,
      64.0,
      95.0,
      31.0,
      36.0,
      66.0
    ],
    [
      63.0,
      66.0,
      66.0,
      69.0,
      67.0,
      69.0,
      68.0,
      68.0,
      80.0,
      72.0,
      61.0,
      66.0,
      63.0,
      0.0,
      69.0,
      139.0,
      130.0,
      142.0,
      18.0,
      62.0,
      17.0,
      67.0,
      17.0,
      147.0,
      61.0,
      11.0,
      18.0,
      17.0,
      19.0,
      36.0,
      72.0,
      24.0,
      61.0,
      7.0,
      20.0,
      65.0,
      143.0,
      18.0,
      9.0,
      20.0,
      38.0,
      131.0,
      65.0,
      73.0,
      20.0
    ],
    [
      11.0,
      7.0,
      7.0,
      7.0,
      4.0,
      9.0,
      12.0,
      9.0,
      11.0,
      10.0,
      19.0,
      7.0,
      33.0,
      69.0,
      0.0,
      82.0,
      73.0,
      85.0,
      73.0,
      14.0,
      66.0,
      14.0,
      66.0,
      90.0,
      18.0,
      62.0,
      59.0,
      73.0,
      59.0,
      70.0,
      15.0,
      79.0,
      12.0,
      69.0,
      75.0,
      11.0,
      97.0,
      72.0,
      70.0,
      59.0,
      70.0,
      75.0,
      10.0,
      8.0,
      76.0
    ],
    [
      84.0,
      83.0,
      82.0,
      82.0,
      83.0,
      78.0,
      86.0,
      79.0,
      86.0,
      78.0,
      87.0,
      82.0,
      105.0,
      139.0,
      82.0,
      0.0,
      12.0,
      14.0,
      143.0,
      81.0,
      136.0,
      74.0,
      136.0,
      22.0,
      86.0,
      132.0,
      130.0,
      142.0,
      129.0,
      142.0,
      76.0,
      147.0,
      83.0,
      138.0,
      146.0,
      81.0,
      32.0,
      142.0,
      139.0,
      129.0,
      143.0,
      12.0,
      81.0,
      81.0,
      146.0
    ],
    [
      76.0,
      74.0,
      74.0,
      74.0,
      75.0,
      69.0,
      77.0,
      70.0,
      77.0,
      70.0,
      78.0,
      73.0,
      94.0,
      130.0,
      73.0,
      12.0,
      0.0,
      17.0,
      135.0,
      73.0,
      128.0,
      66.0,
      128.0,
      24.0,
      78.0,
      124.0,
      122.0,
      135.0,
      121.0,
      134.0,
      68.0,
      139.0,
      76.0,
      131.0,
      139.0,
      73.0,
      32.0,
      135.0,
      132.0,
      122.0,
      137.0,
      7.0,
      74.0,
      74.0,
      139.0
    ],
    [
      88.0,
      87.0,
      86.0,
      86.0,
      87.0,
      81.0,
      89.0,
      82.0,
      89.0,
      82.0,
      89.0,
      84.0,
      106.0,
      142.0,
      85.0,
      14.0,
      17.0,
      0.0,
      145.0,
      83.0,
      138.0,
      75.0,
      137.0,
      30.0,
      87.0,
      133.0,
      131.0,
      144.0,
      130.0,
      144.0,
      77.0,
      149.0,
      85.0,
      140.0,
      148.0,
      82.0,
      27.0,
      143.0,
      141.0,
      131.0,
      145.0,
      11.0,
      83.0,
      82.0,
      148.0
    ],
    [
      65.0,
      68.0,
      68.0,
      71.0,
      68.0,
      71.0,
      69.0,
      70.0,
      82.0,
      74.0,
      62.0,
      68.0,
      65.0,
      18.0,
      73.0,
      143.0,
      135.0,
      145.0,
      0.0,
      62.0,
      18.0,
      67.0,
      18.0,
      148.0,
      61.0,
      12.0,
      18.0,
      21.0,
      19.0,
      35.0,
      73.0,
      27.0,
      62.0,
      17.0,
      24.0,
      66.0,
      143.0,
      20.0,
      18.0,
      20.0,
      36.0,
      132.0,
      66.0,
      74.0,
      24.0
    ],
    [
      9.0,
      11.0,
      11.0,
      11.0,
      10.0,
      13.0,
      12.0,
      14.0,
      23.0,
      13.0,
      12.0,
      11.0,
      29.0,
      62.0,
      14.0,
      81.0,
      73.0,
      83.0,
      62.0,
      0.0,
      60.0,
      11.0,
      60.0,
      89.0,
      11.0,
      56.0,
      54.0,
      67.0,
      53.0,
      66.0,
      16.0,
      72.0,
      9.0,
      63.0,
      70.0,
      13.0,
      99.0,
      66.0,
      64.0,
      54.0,
      68.0,
      74.0,
      13.0,
      17.0,
      70.0
    ],
    [
      57.0,
      60.0,
      60.0,
      63.0,
      60.0,
      63.0,
      60.0,
      62.0,
      75.0,
      66.0,
      55.0,
      60.0,
      57.0,
      17.0,
      66.0,
      136.0,
      128.0,
      138.0,
      18.0,
      60.0,
      0.0,
      63.0,
      1.0,
      143.0,
      57.0,
      12.0,
      14.0,
      17.0,
      15.0,
      23.0,
      69.0,
      24.0,
      58.0,
      14.0,
      19.0,
      62.0,
      139.0,
      15.0,
      14.0,
      16.0,
      27.0,
      127.0,
      62.0,
      69.0,
      20.0
    ],
    [
      14.0,
      15.0,
      15.0,
      11.0,
      15.0,
      11.0,
      16.0,
      12.0,
      16.0,
      12.0,
      17.0,
      14.0,
      33.0,
      67.0,
      14.0,
      74.0,
      66.0,
      75.0,
      67.0,
      11.0,
      63.0,
      0.0,
      66.0,
      80.0,
      19.0,
      62.0,
      60.0,
      73.0,
      59.0,
      72.0,
      6.0,
      78.0,
      14.0,
      69.0,
      76.0,
      12.0,
      87.0,
      72.0,
      70.0,
      60.0,
      74.0,
      65.0,
      12.0,
      9.0,
      76.0
    ],
    [
      56.0,
      59.0,
      59.0,
      62.0,
      60.0,
      62.0,
      60.0,
      61.0,
      74.0,
      66.0,
      54.0,
      60.0,
      57.0,
      17.0,
      66.0,
      136.0,
      128.0,
      137.0,
      18.0,
      60.0,
      1.0,
      66.0,
      0.0,
      143.0,
      57.0,
      12.0,
      13.0,
      17.0,
      15.0,
      23.0,
      69.0,
      23.0,
      58.0,
      14.0,
      19.0,
      62.0,
      140.0,
      15.0,
      13.0,
      17.0,
      26.0,
      128.0,
      62.0,
      70.0,
      20.0
    ],
    [
      92.0,
      90.0,
      90.0,
      89.0,
      91.0,
      85.0,
      94.0,
      87.0,
      95.0,
      86.0,
      94.0,
      89.0,
      111.0,
      147.0,
      90.0,
      22.0,
      24.0,
      30.0,
      148.0,
      89.0,
      143.0,
      80.0,
      143.0,
      0.0,
      101.0,
      147.0,
      145.0,
      158.0,
      144.0,
      158.0,
      91.0,
      163.0,
      99.0,
      154.0,
      162.0,
      97.0,
      54.0,
      158.0,
      155.0,
      146.0,
      160.0,
      25.0,
      97.0,
      97.0,
      162.0
    ],
    [
      15.0,
      14.0,
      14.0,
      17.0,
      14.0,
      16.0,
      15.0,
      16.0,
      27.0,
      19.0,
      11.0,
      14.0,
      23.0,
      61.0,
      18.0,
      86.0,
      78.0,
      87.0,
      61.0,
      11.0,
      57.0,
      19.0,
      57.0,
      101.0,
      0.0,
      55.0,
      53.0,
      66.0,
      53.0,
      66.0,
      21.0,
      72.0,
      11.0,
      63.0,
      69.0,
      15.0,
      102.0,
      65.0,
      63.0,
      53.0,
      67.0,
      79.0,
      15.0,
      18.0,
      70.0
    ],
    [
      53.0,
      56.0,
      56.0,
      59.0,
      56.0,
      59.0,
      57.0,
      58.0,
      70.0,
      62.0,
      49.0,
      56.0,
      53.0,
      11.0,
      62.0,
      132.0,
      124.0,
      133.0,
      12.0,
      56.0,
      12.0,
      62.0,
      12.0,
      147.0,
      55.0,
      0.0,
      13.0,
      21.0,
      11.0,
      34.0,
      67.0,
      28.0,
      56.0,
      17.0,
      24.0,
      60.0,
      137.0,
      20.0,
      18.0,
      14.0,
      36.0,
      126.0,
      60.0,
      67.0,
      25.0
    ],
    [
      50.0,
      54.0,
      54.0,
      57.0,
      55.0,
      57.0,
      56.0,
      56.0,
      68.0,
      60.0,
      48.0,
      54.0,
      50.0,
      18.0,
      59.0,
      130.0,
      122.0,
      131.0,
      18.0,
      54.0,
      14.0,
      60.0,
      13.0,
      145.0,
      53.0,
      13.0,
      0.0,
      22.0,
      2.0,
      31.0,
      62.0,
      29.0,
      51.0,
      19.0,
      25.0,
      55.0,
      132.0,
