{
  "drive_dist_matrix": [
    [
      0.0,
      0.9,
      0.9,
      0.65,
      2.1,
      1.0,
      0.8,
      0.75,
      4.0,
      1.0,
      2.7,
      1.1,
      12.2,
      0.9,
      5.8,
      0.6,
      2.8,
      2.6,
      0.75,
      0.75,
      1.2,
      3.4,
      0.75,
      0.65,
      1.1,
      7.2,
      0.3,
      0.6,
      7.5,
      0.3,
      13.9,
      0.4,
      3.7,
      0.032,
      0.65,
      0.65,
      1.4,
      1.0,
      1.4,
      2.4,
      0.75,
      0.65,
      0.9,
      7.5,
      6.0,
      17.8,
      12.8,
      12.8,
      2.3,
      21.0,
      12.8,
      7.9,
      2.8,
      0.75,
      6.6,
      13.0,
      1.3,
      45.4
    ],
    [
      0.9,
      0.0,
      0.55,
      0.24,
      3.7,
      2.8,
      0.093,
      0.6,
      5.7,
      2.2,
      0.25,
      2.8,
      13.9,
      2.2,
      5.3,
      0.6,
      0.24,
      0.9,
      0.55,
      0.65,
      0.75,
      1.5,
      2.8,
      0.28,
      0.3,
      5.4,
      0.75,
      0.4,
      8.2,
      0.75,
      13.5,
      0.5,
      1.2,
      2.9,
      0.7,
      2.3,
      0.19,
      2.3,
      0.7,
      0.55,
      0.7,
      0.24,
      0.6,
      6.0,
      4.4,
      19.6,
      14.6,
      11.0,
      2.3,
      22.8,
      10.9,
      8.8,
      0.75,
      2.0,
      5.1,
      11.2,
      2.5,
      47.1
    ],
    [
      0.9,
      0.55,
      0.0,
      0.6,
      2.1,
      1.5,
      0.55,
      0.089,
      4.4,
      0.75,
      0.85,
      1.5,
      12.5,
      0.55,
      4.8,
      0.29,
      0.9,
      1.6,
      0.9,
      0.12,
      0.3,
      1.7,
      3.1,
      0.45,
      0.55,
      5.5,
      0.75,
      0.35,
      7.7,
      0.75,
      13.0,
      0.5,
      1.9,
      1.5,
      0.35,
      2.5,
      0.45,
      0.65,
      0.45,
      0.95,
      0.16,
      0.65,
      0.018,
      5.9,
      5.2,
      18.2,
      13.2,
      10.7,
      0.9,
      21.4,
      10.7,
      8.3,
      0.65,
      0.65,
      4.4,
      11.0,
      1.2,
      40.4
    ],
    [
      0.65,
      0.24,
      0.6,
      0.0,
      3.8,
      2.9,
      0.23,
      0.45,
      5.8,
      2.3,
      0.35,
      2.9,
      14.0,
      0.95,
      5.8,
      0.45,
      0.4,
      1.4,
      0.35,
      0.55,
      0.75,
      1.1,
      1.0,
      0.13,
      0.5,
      5.0,
      0.5,
      0.24,
      8.3,
      0.5,
      13.9,
      0.29,
      1.3,
      3.0,
      0.55,
      0.85,
      0.19,
      2.4,
      0.75,
      0.75,
      0.5,
      0.0,
      0.55,
      5.3,
      4.5,
      19.7,
      14.7,
      10.6,
      2.4,
      22.9,
      10.6,
      8.9,
      1.0,
      0.8,
      4.6,
      10.9,
      2.6,
      36.3
    ],
    [
      2.1,
      3.7,
      2.1,
      3.8,
      0.0,
      1.1,
      6.3,
      5.2,
      4.8,
      0.55,
      5.4,
      2.4,
      12.9,
      0.7,
      10.7,
      3.1,
      5.4,
      6.3,
      3.6,
      5.2,
      5.7,
      6.0,
      4.5,
      6.2,
      5.3,
      9.9,
      6.3,
      3.1,
      5.5,
      6.3,
      16.3,
      4.0,
      6.4,
      2.9,
      3.1,
      3.9,
      5.6,
      0.6,
      5.4,
      5.0,
      6.1,
      5.6,
      5.2,
      10.2,
      8.6,
      18.6,
      13.5,
      15.5,
      6.3,
      21.8,
      15.5,
      6.1,
      5.8,
      0.85,
      9.5,
      15.7,
      0.75,
      46.1
    ],
    [
      1.0,
      2.8,
      1.5,
      2.9,
      1.1,
      0.0,
      4.1,
      0.95,
      3.7,
      0.7,
      3.8,
      0.035,
      11.8,
      0.55,
      9.1,
      0.8,
      3.9,
      4.7,
      2.0,
      0.85,
      4.2,
      4.5,
      1.4,
      4.0,
      3.7,
      8.4,
      0.9,
      1.5,
      8.3,
      0.9,
      15.8,
      0.85,
      4.8,
      1.4,
      0.7,
      1.2,
      4.7,
      0.65,
      3.9,
      3.5,
      0.85,
      4.7,
      3.6,
      8.6,
      7.0,
      17.5,
      12.4,
      14.0,
      5.2,
      20.7,
      13.9,
      7.5,
      3.9,
      0.4,
      7.9,
      14.2,
      0.35,
      45.0
    ],
    [
      0.8,
      0.093,
      0.55,
      0.23,
      6.3,
      4.1,
      0.0,
      0.5,
      5.8,
      2.3,
      0.35,
      2.9,
      NaN,
      2.3,
      5.9,
      0.5,
      0.35,
      1.0,
      0.55,
      0.55,
      0.75,
      1.1,
      2.9,
      0.19,
      0.27,
      5.0,
      7.3,
      0.3,
      8.3,
      0.65,
      13.6,
      0.4,
      1.3,
      0.85,
      3.1,
      2.4,
      0.093,
      2.4,
      0.6,
      0.8,
      0.6,
      0.27,
      0.5,
      5.3,
      4.5,
      19.7,
      14.7,
      10.6,
      2.4,
      22.9,
      10.6,
      8.9,
      0.8,
      0.9,
      4.6,
      10.8,
      2.6,
      41.4
    ],
    [
      0.75,
      0.6,
      0.089,
      0.45,
      5.2,
      0.95,
      0.5,
      0.0,
      4.4,
      0.7,
      0.8,
      1.5,
      12.5,
      0.55,
      4.8,
      0.23,
      0.85,
      1.6,
      0.8,
      0.068,
      0.4,
      1.8,
      3.1,
      0.4,
      0.65,
      5.5,
      0.65,
      0.28,
      7.6,
      0.65,
      12.9,
      0.45,
      1.9,
      1.5,
      0.3,
      1.0,
      0.4,
      0.6,
      0.55,
      1.0,
      0.11,
      0.6,
      0.13,
      5.9,
      5.0,
      18.2,
      13.2,
      10.7,
      1.0,
      21.4,
      10.7,
      8.3,
      0.75,
      0.55,
      4.4,
      10.9,
      1.2,
      40.4
    ],
    [
      4.0,
      5.7,
      4.4,
      5.8,
      4.8,
      3.7,
      5.8,
      4.4,
      0.0,
      5.8,
      6.5,
      3.6,
      11.5,
      5.8,
      11.0,
      4.3,
      6.6,
      7.4,
      4.7,
      7.1,
      6.9,
      7.2,
      5.6,
      7.4,
      6.4,
      10.2,
      4.3,
      4.3,
      9.2,
      4.3,
      14.8,
      5.1,
      7.4,
      4.2,
      4.3,
      5.1,
      7.4,
      5.9,
      6.6,
      6.2,
      7.3,
      7.4,
      7.1,
      10.6,
      9.0,
      17.1,
      12.1,
      16.6,
      7.9,
      20.3,
      16.6,
      8.5,
      6.6,
      5.6,
      10.6,
      16.9,
      3.5,
      44.7
    ],
    [
      1.0,
      2.2,
      0.75,
      2.3,
      0.55,
      0.7,
      2.3,
      0.7,
      5.8,
      0.0,
      3.2,
      0.7,
      11.7,
      0.19,
      8.5,
      0.7,
      3.2,
      4.1,
      1.4,
      0.65,
      3.5,
      3.8,
      2.3,
      3.4,
      3.1,
      7.7,
      0.9,
      0.9,
      8.2,
      0.9,
      15.1,
      0.85,
      4.2,
      0.7,
      0.55,
      1.2,
      3.4,
      0.099,
      3.3,
      2.8,
      4.0,
      3.4,
      0.8,
      8.0,
      6.5,
      17.4,
      12.4,
      13.3,
      4.6,
      20.6,
      13.3,
      7.5,
      3.6,
      0.35,
      7.1,
      13.5,
      0.4,
      39.0
    ],
    [
      2.7,
      0.25,
      0.85,
      0.35,
      5.4,
      3.8,
      0.35,
      0.8,
      6.5,
      3.2,
      0.0,
      2.7,
      13.8,
      2.1,
      5.2,
      0.85,
      0.051,
      0.95,
      0.55,
      0.9,
      0.95,
      1.3,
      2.7,
      0.55,
      0.45,
      5.2,
      0.85,
      0.65,
      8.1,
      0.85,
      13.4,
      0.65,
      1.1,
      2.7,
      0.9,
      2.1,
      0.45,
      2.1,
      0.75,
      0.6,
      0.9,
      0.35,
      0.85,
      5.5,
      4.2,
      19.5,
      14.4,
      10.8,
      2.1,
      22.7,
      10.8,
      9.5,
      0.8,
      1.9,
      4.6,
      11.1,
      2.4,
      40.8
    ],
    [
      1.1,
      2.8,
      1.5,
      2.9,
      2.4,
      0.035,
      2.9,
      1.5,
      3.6,
      0.7,
      2.7,
      0.0,
      11.8,
      3.2,
      9.2,
      1.5,
      3.9,
      4.8,
      2.0,
      3.6,
      4.2,
      4.5,
      3.0,
      4.1,
      3.8,
      8.4,
      5.2,
      1.5,
      8.3,
      5.2,
      15.9,
      2.5,
      4.9,
      1.448406,
      1.5,
      2.4,
      4.1,
      3.2,
      3.9,
      3.5,
      4.7,
      4.1,
      3.6,
      8.7,
      7.2,
      17.5,
      12.5,
      14.0,
      5.2,
      20.7,
      14.0,
      7.6,
      4.3,
      3.0,
      7.7,
      14.2,
      1.1,
      39.750698
    ],
    [
      12.2,
      13.9,
      12.5,
      14.0,
      12.9,
      11.8,
      NaN,
      12.5,
      11.5,
      11.7,
      13.8,
      11.8,
      0.0,
      13.9,
      18.3,
      10.7,
      14.7,
      13.8,
      12.8,
      15.2,
      15.0,
      13.6,
      13.8,
      15.5,
      14.6,
      18.4,
      12.4,
      10.7,
      15.7,
      12.4,
      17.8,
      13.3,
      15.8,
      10.6,
      10.7,
      13.2,
      15.6,
      14.0,
      14.7,
      14.3,
      15.5,
      15.6,
      15.2,
      17.7,
      15.5,
      6.0,
      16.3,
      26.5,
      16.0,
      14.9,
      26.4,
      14.9,
      14.8,
      13.8,
      17.0,
      25.1,
      9.9,
      48.9
    ],
    [
      0.9,
      2.2,
      0.55,
      0.95,
      0.7,
      0.55,
      2.3,
      0.55,
      5.8,
      0.19,
      2.1,
      3.2,
      13.9,
      0.0,
      5.3,
      0.5,
      1.7,
      2.1,
      1.7,
      0.45,
      0.75,
      2.2,
      2.6,
      0.8,
      1.4,
      6.0,
      0.75,
      0.7,
      7.1,
      0.75,
      13.5,
      0.65,
      2.4,
      1.0,
      0.4,
      1.1,
      0.95,
      0.091,
      0.95,
      2.0,
      0.45,
      0.95,
      0.6,
      6.4,
      5.5,
      17.7,
      12.7,
      11.3,
      1.2,
      20.9,
      11.2,
      7.8,
      2.3,
      0.15,
      5.0,
      11.5,
      0.6,
      40.9
    ],
    [
      5.8,
      5.3,
      4.8,
      5.8,
      10.7,
      9.1,
      5.9,
      4.8,
      11.0,
      8.5,
      5.2,
      9.2,
      18.3,
      5.3,
      0.0,
      6.4,
      5.1,
      4.9,
      6.9,
      4.7,
      4.5,
      4.9,
      8.7,
      5.0,
      4.9,
      8.4,
      15.7,
      6.4,
      10.8,
      15.7,
      10.4,
      7.4,
      4.9,
      6.2,
      6.4,
      8.1,
      5.1,
      5.3,
      4.4,
      6.1,
      5.4,
      5.1,
      4.7,
      8.8,
      7.9,
      24.2,
      13.1,
      16.6,
      4.5,
      21.3,
      16.5,
      11.4,
      7.2,
      5.4,
      6.6,
      16.8,
      5.9,
      39.0
    ],
    [
      0.6,
      0.6,
      0.29,
      0.45,
      3.1,
      0.8,
      0.5,
      0.23,
      4.3,
      0.7,
      0.85,
      1.5,
      10.7,
      0.5,
      6.4,
      0.0,
      0.9,
      2.6,
      0.65,
      0.17,
      0.6,
      2.7,
      1.0,
      0.35,
      0.85,
      7.3,
      0.5,
      0.22,
      7.6,
      0.5,
      16.3,
      0.25,
      3.8,
      0.3,
      0.16,
      0.85,
      0.45,
      0.6,
      0.75,
      2.4,
      0.18,
      0.5,
      0.35,
      7.6,
      6.1,
      17.9,
      12.9,
      12.9,
      1.2,
      21.1,
      12.9,
      8.0,
      3.2,
      0.4,
      6.7,
      13.1,
      0.85,
      38.6
    ],
    [
      2.8,
      0.24,
      0.9,
      0.4,
      5.4,
      3.9,
      0.35,
      0.85,
      6.6,
      3.2,
      0.051,
      3.9,
      14.7,
      1.7,
      5.1,
      0.9,
      0.0,
      0.8,
      0.6,
      0.9,
      0.9,
      1.1,
      2.6,
      0.55,
      0.45,
      5.4,
      0.9,
      2.8,
      8.0,
      0.9,
      13.3,
      0.65,
      1.0,
      2.7,
      0.95,
      2.1,
      0.45,
      2.1,
      0.65,
      0.5,
      2.6,
      0.4,
      0.85,
      5.8,
      4.2,
      19.4,
      14.4,
      10.8,
      2.1,
      22.6,
      10.8,
      9.4,
      0.7,
      1.9,
      4.8,
      11.0,
      2.3,
      41.3
    ],
    [
      2.6,
      0.9,
      1.6,
      1.4,
      6.3,
      4.7,
      1.0,
      1.6,
      7.4,
      4.1,
      0.95,
      4.8,
      13.8,
      2.1,
      4.9,
      2.6,
      0.8,
      0.0,
      2.3,
      2.3,
      1.1,
      0.55,
      4.0,
      2.7,
      0.95,
      4.3,
      9.0,
      4.2,
      9.1,
      9.0,
      13.2,
      2.7,
      0.5,
      4.0,
      4.2,
      3.4,
      1.0,
      2.9,
      0.85,
      0.75,
      3.6,
      2.7,
      2.3,
      4.6,
      3.8,
      21.4,
      16.4,
      9.9,
      3.0,
      23.0,
      9.9,
      10.8,
      0.9,
      3.2,
      3.7,
      10.2,
      3.7,
      40.8
    ],
    [
      0.75,
      0.55,
      0.9,
      0.35,
      3.6,
      2.0,
      0.55,
      0.8,
      4.7,
      1.4,
      0.55,
      2.0,
      12.8,
      1.7,
      6.9,
      0.65,
      0.6,
      2.3,
      0.0,
      0.85,
      1.8,
      2.5,
      0.8,
      0.45,
      0.8,
      6.4,
      0.5,
      0.55,
      8.1,
      0.5,
      15.3,
      0.45,
      2.8,
      0.85,
      0.75,
      0.7,
      0.55,
      1.2,
      1.9,
      1.0,
      0.8,
      0.35,
      0.85,
      6.6,
      5.0,
      19.8,
      14.8,
      12.0,
      2.9,
      23.0,
      11.9,
      8.5,
      2.3,
      0.95,
      5.7,
      12.2,
      1.4,
      42.7
    ],
    [
      0.75,
      0.65,
      0.12,
      0.55,
      5.2,
      0.85,
      0.55,
      0.068,
      7.1,
      0.65,
      0.9,
      3.6,
      15.2,
      0.45,
      4.7,
      0.17,
      0.9,
      2.3,
      0.85,
      0.0,
      0.45,
      1.7,
      3.1,
      0.4,
      0.65,
      5.5,
      0.65,
      0.29,
      7.6,
      0.65,
      12.9,
      0.4,
      1.9,
      1.5,
      0.24,
      1.0,
      0.45,
      0.55,
      0.6,
      1.1,
      0.043,
      0.55,
      0.16,
      5.8,
      5.2,
      18.2,
      13.2,
      10.7,
      1.0,
      21.4,
      10.7,
      8.2,
      0.8,
      0.5,
      4.4,
      10.9,
      1.2,
      41.4
    ],
    [
      1.2,
      0.75,
      0.3,
      0.75,
      5.7,
      4.2,
      0.75,
      0.4,
      6.9,
      3.5,
      0.95,
      4.2,
      15.0,
      0.75,
      4.5,
      0.6,
      0.9,
      1.1,
      1.8,
      0.45,
      0.0,
      1.5,
      3.3,
      0.65,
      0.45,
      5.3,
      1.0,
      0.6,
      7.0,
      6.1,
      13.8,
      0.75,
      1.7,
      1.7,
      0.65,
      2.8,
      0.65,
      0.8,
      0.21,
      0.7,
      0.45,
      0.8,
      0.27,
      5.6,
      5.0,
      18.4,
      13.4,
      10.5,
      0.8,
      21.6,
      10.5,
      7.5,
      0.4,
      0.85,
      4.2,
      10.7,
      1.4,
      41.2
    ],
    [
      3.4,
      1.5,
      1.7,
      1.1,
      6.0,
      4.5,
      1.1,
      1.8,
      7.2,
      3.8,
      1.3,
      4.5,
      13.6,
      2.2,
      4.9,
      2.7,
      1.1,
      0.55,
      2.5,
      1.7,
      1.5,
      0.0,
      3.6,
      2.4,
      1.4,
      4.8,
      8.6,
      3.8,
      8.8,
      8.6,
      13.7,
      2.3,
      0.018,
      3.6,
      3.7,
      3.0,
      2.4,
      3.0,
      1.6,
      1.1,
      3.3,
      2.4,
      2.0,
      5.2,
      3.7,
      21.0,
      16.0,
      10.3,
      2.9,
      24.2,
      10.2,
      10.3,
      1.2,
      2.8,
      4.4,
      10.5,
      3.2,
      41.2
    ],
    [
      0.75,
      2.8,
      3.1,
      1.0,
      4.5,
      1.4,
      2.9,
      3.1,
      5.6,
      2.3,
      2.7,
      3.0,
      13.8,
      2.6,
      8.7,
      1.0,
      2.6,
      4.0,
      0.8,
      3.1,
      3.3,
      3.6,
      0.0,
      2.7,
      2.4,
      6.9,
      0.55,
      2.6,
      8.8,
      0.45,
      16.0,
      0.75,
      3.5,
      2.4,
      1.0,
      0.12,
      2.7,
      1.8,
      2.6,
      2.2,
      3.3,
      2.7,
      2.2,
      7.3,
      5.7,
      20.5,
      15.5,
      12.7,
      3.6,
      23.7,
      12.6,
      9.2,
      3.0,
      1.1,
      6.4,
      12.9,
      2.0,
      43.4
    ],
    [
      0.65,
      0.28,
      0.45,
      0.13,
      6.2,
      4.0,
      0.19,
      0.4,
      7.4,
      3.4,
      0.55,
      4.1,
      15.5,
      0.8,
      5.0,
      0.35,
      0.55,
      2.7,
      0.45,
      0.4,
      0.65,
      2.4,
      2.7,
      0.0,
      0.45,
      5.8,
      0.5,
      0.11,
      8.4,
      0.5,
      13.7,
      0.24,
      1.5,
      3.1,
      0.45,
      2.5,
      0.098,
      0.9,
      0.65,
      0.75,
      0.4,
      0.23,
      0.4,
      6.2,
      4.7,
      19.8,
      14.8,
      10.8,
      2.5,
      23.0,
      10.7,
      9.9,
      0.85,
      0.7,
      4.5,
      11.0,
      2.7,
      41.5
    ],
    [
      1.1,
      0.3,
      0.55,
      0.5,
      5.3,
      3.7,
      0.27,
      0.65,
      6.4,
      3.1,
      0.45,
      3.8,
      14.6,
      1.4,
      4.9,
      0.85,
      0.45,
      0.95,
      0.8,
      0.65,
      0.45,
      1.4,
      2.4,
      0.45,
      0.0,
      5.8,
      0.95,
      0.55,
      8.4,
      0.9,
      13.7,
      0.65,
      1.4,
      3.1,
      0.8,
      2.5,
      0.35,
      2.5,
      0.35,
      0.5,
      0.75,
      0.5,
      0.55,
      6.2,
      4.6,
      19.8,
      14.8,
      11.2,
      1.1,
      23.0,
      11.1,
      9.8,
      0.5,
      2.2,
      5.3,
      11.8,
      2.7,
      41.2
    ],
    [
      7.2,
      5.4,
      5.5,
      5.0,
      9.9,
      8.4,
      5.0,
      5.5,
      10.2,
      7.7,
      5.2,
      8.4,
      18.4,
      6.0,
      8.4,
      7.3,
      5.4,
      4.3,
      6.4,
      5.5,
      5.3,
      4.8,
      6.9,
      5.8,
      5.8,
      0.0,
      11.2,
      7.5,
      15.5,
      11.2,
      16.5,
      6.1,
      4.1,
      7.4,
      7.5,
      6.8,
      7.0,
      6.8,
      6.2,
      5.8,
      7.9,
      7.0,
      6.6,
      0.55,
      0.094,
      23.6,
      18.5,
      7.2,
      7.5,
      26.8,
      7.2,
      14.8,
      6.2,
      6.6,
      5.1,
      7.5,
      7.0,
      32.9
    ],
    [
      0.3,
      0.75,
      0.75,
      0.5,
      6.3,
      0.9,
      7.3,
      0.65,
      4.3,
      0.9,
      0.85,
      5.2,
      12.4,
      0.75,
      15.7,
      0.5,
      0.9,
      9.0,
      0.5,
      0.65,
      1.0,
      8.6,
      0.55,
      0.5,
      0.95,
      11.2,
      0.0,
      0.5,
      8.6,
      0.057,
      15.8,
      0.29,
      3.4,
      2.2,
      0.5,
      0.4,
      0.6,
      0.85,
      2.3,
      1.9,
      0.65,
      0.5,
      0.8,
      6.3,
      4.8,
      20.2,
      15.2,
      12.5,
      3.6,
      23.4,
      12.5,
      8.9,
      2.4,
      0.6,
      6.3,
      12.7,
      1.8,
      43.3
    ],
    [
      0.6,
      0.4,
      0.35,
      0.24,
      3.1,
      1.5,
      0.3,
      0.28,
      4.3,
      0.9,
      0.65,
      1.5,
      10.7,
      0.7,
      6.4,
      0.22,
      2.8,
      4.2,
      0.55,
      0.29,
      0.6,
      3.8,
      2.6,
      0.11,
      0.55,
      7.5,
      0.5,
      0.0,
      7.6,
      0.5,
      17.7,
      0.2,
      3.8,
      0.35,
      0.35,
      0.85,
      0.25,
      0.8,
      0.65,
      0.9,
      0.3,
      0.35,
      0.4,
      7.6,
      6.0,
      17.9,
      12.9,
      12.9,
      1.2,
      21.1,
      12.9,
      8.0,
      0.85,
      0.6,
      6.7,
      13.1,
      0.85,
      38.6
    ],
    [
      7.5,
      8.2,
      7.7,
      8.3,
      5.5,
      8.3,
      8.3,
      7.6,
      9.2,
      8.2,
      8.1,
      8.3,
      15.7,
      7.1,
      10.8,
      7.6,
      8.0,
      9.1,
      8.1,
      7.6,
      7.0,
      8.8,
      8.8,
      8.4,
      8.4,
      15.5,
      8.6,
      7.6,
      0.0,
      9.7,
      19.1,
      9.8,
      8.4,
      8.6,
      8.8,
      9.7,
      7.6,
      7.1,
      6.9,
      11.6,
      6.1,
      7.6,
      7.3,
      16.1,
      14.5,
      22.8,
      17.8,
      17.2,
      6.3,
      26.0,
      17.2,
      2.4,
      12.1,
      7.2,
      10.9,
      17.4,
      8.0,
      46.6
    ],
    [
      0.3,
      0.75,
      0.75,
      0.5,
      6.3,
      0.9,
      0.65,
      0.65,
      4.3,
      0.9,
      0.85,
      5.2,
      12.4,
      0.75,
      15.7,
      0.5,
      0.9,
      9.0,
      0.5,
      0.65,
      6.1,
      8.6,
      0.45,
      0.5,
      0.9,
      11.2,
      0.057,
      0.5,
      9.7,
      0.0,
      15.8,
      0.29,
      3.4,
      2.2,
      0.5,
      0.35,
      0.6,
      0.85,
      2.3,
      1.9,
      0.65,
      0.5,
      2.8,
      6.3,
      4.8,
      20.2,
      15.2,
      12.5,
      3.6,
      23.4,
      12.5,
      8.9,
      2.4,
      0.6,
      6.3,
      12.7,
      1.8,
      38.2
    ],
    [
      13.9,
      13.5,
      13.0,
      13.9,
      16.3,
      15.8,
      13.6,
      12.9,
      14.8,
      15.1,
      13.4,
      15.9,
      17.8,
      13.5,
      10.4,
      16.3,
      13.3,
      13.2,
      15.3,
      12.9,
      13.8,
      13.7,
      16.0,
      13.7,
      13.7,
      16.5,
      15.8,
      17.7,
      19.1,
      15.8,
      0.0,
      15.5,
      13.0,
      14.3,
      14.5,
      18.9,
      13.1,
      13.4,
      12.5,
      14.2,
      13.5,
      13.2,
      12.8,
      16.9,
      16.2,
      26.6,
      11.1,
      24.7,
      12.6,
      17.6,
      24.6,
      21.7,
      15.3,
      13.5,
      14.7,
      24.9,
      14.0,
      47.1
    ],
    [
      0.4,
      0.5,
      0.5,
      0.29,
      4.0,
      0.85,
      0.4,
      0.45,
      5.1,
      0.85,
      0.65,
      2.5,
      13.3,
      0.65,
      7.4,
      0.25,
      0.65,
      2.7,
      0.45,
      0.4,
      0.75,
      2.3,
      0.75,
      0.24,
      0.65,
      6.1,
      0.29,
      0.2,
      9.8,
      0.29,
      15.5,
      0.0,
      3.0,
      1.3,
      0.3,
      0.65,
      0.35,
      0.75,
      0.8,
      1.0,
      0.4,
      0.29,
      0.55,
      8.6,
      7.0,
      18.0,
      13.0,
      11.8,
      2.5,
      21.2,
      11.8,
      8.1,
      3.9,
      0.6,
      5.6,
      12.1,
      0.95,
      41.5
    ],
    [
      3.7,
      1.2,
      1.9,
      1.3,
      6.4,
      4.8,
      1.3,
      1.9,
      7.4,
      4.2,
      1.1,
      4.9,
      15.8,
      2.4,
      4.9,
      3.8,
      1.0,
      0.5,
      2.8,
      1.9,
      1.7,
      0.018,
      3.5,
      1.5,
      1.4,
      4.1,
      3.4,
      3.8,
      8.4,
      3.4,
      13.0,
      3.0,
      0.0,
      3.9,
      4.0,
      3.3,
      2.7,
      3.3,
      1.8,
      1.1,
      3.6,
      2.7,
      2.3,
      5.5,
      3.9,
      21.3,
      16.3,
      10.5,
      3.1,
      24.5,
      10.5,
      10.6,
      1.2,
      3.0,
      4.3,
      10.7,
      3.5,
      36.2
    ],
    [
      0.032,
      2.9,
      1.5,
      3.0,
      2.9,
      1.4,
      0.85,
      1.5,
      4.2,
      0.7,
      2.7,
      1.448406,
      10.6,
      1.0,
      6.2,
      0.3,
      2.7,
      4.0,
      0.85,
      1.5,
      1.7,
      3.6,
      2.4,
      3.1,
      3.1,
      7.4,
      2.2,
      0.35,
      8.6,
      2.2,
      14.3,
      1.3,
      3.9,
      0.0,
      0.35,
      1.2,
      0.8,
      0.55,
      1.3,
      2.3,
      2.0,
      1.4,
      0.95,
      7.4,
      5.9,
      17.8,
      12.8,
      12.8,
      2.3,
      21.0,
      12.8,
      7.9,
      2.8,
      0.29,
      6.6,
      13.0,
      0.75,
      38.463226
    ],
    [
      0.65,
      0.7,
      0.35,
      0.55,
      3.1,
      0.7,
      3.1,
      0.3,
      4.3,
      0.55,
      0.9,
      1.5,
      10.7,
      0.4,
      6.4,
      0.16,
      0.95,
      4.2,
      0.75,
      0.24,
      0.65,
      3.7,
      1.0,
      0.45,
      0.8,
      7.5,
      0.5,
      0.35,
      8.8,
      0.5,
      14.5,
      0.3,
      4.0,
      0.35,
      0.0,
      0.85,
      0.6,
      0.45,
      0.8,
      2.4,
      0.24,
      0.55,
      0.4,
      7.5,
      5.9,
      17.8,
      12.8,
      12.9,
      1.1,
      21.0,
      12.8,
      7.9,
      2.8,
      0.28,
      6.6,
      13.1,
      0.8,
      38.5
    ],
    [
      0.65,
      2.3,
      2.5,
      0.85,
      3.9,
      1.2,
      2.4,
      1.0,
      5.1,
      1.2,
      2.1,
      2.4,
      13.2,
      1.1,
      8.1,
      0.85,
      2.1,
      3.4,
      0.7,
      1.0,
      2.8,
      3.0,
      0.12,
      2.5,
      2.5,
      6.8,
      0.4,
      0.85,
      9.7,
      0.35,
      18.9,
      0.65,
      3.3,
      1.2,
      0.85,
      0.0,
      1.0,
      1.2,
      2.5,
      2.1,
      1.0,
      0.85,
      2.1,
      7.2,
      5.6,
      20.4,
      15.4,
      12.5,
      3.5,
      23.6,
      12.5,
      9.0,
      2.5,
      1.5,
      6.3,
      12.8,
      1.5,
      38.2
    ],
    [
      1.4,
      0.19,
      0.45,
      0.19,
      5.6,
      4.7,
      0.093,
      0.4,
      7.4,
      3.4,
      0.45,
      4.1,
      15.6,
      0.95,
      5.1,
      0.45,
      0.45,
      1.0,
      0.55,
      0.45,
      0.65,
      2.4,
      2.7,
      0.098,
      0.35,
      7.0,
      0.6,
      0.25,
      7.6,
      0.6,
      13.1,
      0.35,
      2.7,
      0.8,
      0.6,
      1.0,
      0.0,
      2.4,
      0.6,
      0.8,
      0.5,
      0.23,
      0.4,
      5.3,
      4.6,
      19.7,
      14.7,
      10.7,
      2.4,
      22.9,
      10.6,
      9.8,
      1.2,
      0.8,
      4.4,
      10.9,
      2.6,
      36.3
    ],
    [
      1.0,
      2.3,
      0.65,
      2.4,
      0.6,
      0.65,
      2.4,
      0.6,
      5.9,
      0.099,
      2.1,
      3.2,
      14.0,
      0.091,
      5.3,
      0.6,
      2.1,
      2.9,
      1.2,
      0.55,
      0.8,
      3.0,
      1.8,
      0.9,
      2.5,
      6.8,
      0.85,
      0.8,
      7.1,
      0.85,
      13.4,
      0.75,
      3.3,
      0.55,
      0.45,
      1.2,
      2.4,
      0.0,
      3.6,
      3.1,
      0.55,
      3.8,
      0.7,
      8.3,
      6.7,
      17.7,
      12.7,
      13.6,
      1.3,
      20.9,
      13.6,
      7.8,
      3.6,
      0.25,
      7.4,
      13.8,
      0.5,
      45.2
    ],
    [
      1.4,
      0.7,
      0.45,
      0.75,
      5.4,
      3.9,
      0.6,
      0.55,
      6.6,
      3.3,
      0.75,
      3.9,
      14.7,
      0.95,
      4.4,
      0.75,
      0.65,
      0.85,
      1.9,
      0.6,
      0.21,
      1.6,
      2.6,
      0.65,
      0.35,
      6.2,
      2.3,
      0.65,
      6.9,
      2.3,
      12.5,
      0.8,
      1.8,
      1.3,
      0.8,
      2.5,
      0.6,
      3.6,
      0.0,
      0.45,
      0.65,
      0.8,
      0.45,
      5.4,
      4.7,
      20.0,
      14.9,
      10.3,
      0.75,
      22.3,
      10.2,
      7.8,
      0.18,
      1.1,
      4.0,
      10.5,
      1.6,
      39.9
    ],
    [
      2.4,
      0.55,
      0.95,
      0.75,
      5.0,
      3.5,
      0.8,
      1.0,
      6.2,
      2.8,
      0.6,
      3.5,
      14.3,
      2.0,
      6.1,
      2.4,
      0.5,
      0.75,
      1.0,
      1.1,
      0.7,
      1.1,
      2.2,
      0.75,
      0.5,
      5.8,
      1.9,
      0.9,
      11.6,
      1.9,
      14.2,
      1.0,
      1.1,
      2.3,
      2.4,
      2.1,
      0.8,
      3.1,
      0.45,
      0.0,
      2.5,
      0.75,
      1.0,
      6.7,
      5.2,
      21.1,
      16.1,
      11.0,
      2.0,
      24.3,
      11.0,
      8.5,
      0.3,
      1.8,
      4.7,
      11.2,
      2.4,
      40.7
    ],
    [
      0.75,
      0.7,
      0.16,
      0.5,
      6.1,
      0.85,
      0.6,
      0.11,
      7.3,
      4.0,
      0.9,
      4.7,
      15.5,
      0.45,
      5.4,
      0.18,
      2.6,
      3.6,
      0.8,
      0.043,
      0.45,
      3.3,
      3.3,
      0.4,
      0.75,
      7.9,
      0.65,
      0.3,
      6.1,
      0.65,
      13.5,
      0.4,
      3.6,
      2.0,
      0.24,
      1.0,
      0.5,
      0.55,
      0.65,
      2.5,
      0.0,
      0.6,
      0.2,
      6.9,
      6.2,
      19.3,
      14.2,
      11.8,
      1.0,
      22.4,
      11.7,
      6.7,
      0.85,
      0.5,
      5.5,
      12.0,
      2.2,
      41.1
    ],
    [
      0.65,
      0.24,
      0.65,
      0.0,
      5.6,
      4.7,
      0.27,
      0.6,
      7.4,
      3.4,
      0.35,
      4.1,
      15.6,
      0.95,
      5.1,
      0.5,
      0.4,
      2.7,
      0.35,
      0.55,
      0.8,
      2.4,
      2.7,
      0.23,
      0.5,
      7.0,
      0.5,
      0.35,
      7.6,
      0.5,
      13.2,
      0.29,
      2.7,
      1.4,
      0.55,
      0.85,
      0.23,
      3.8,
      0.8,
      0.75,
      0.6,
      0.0,
      0.6,
      6.1,
      4.5,
      19.7,
      14.7,
      10.6,
      2.4,
      22.9,
      10.6,
      9.7,
      1.0,
      0.8,
      4.4,
      10.8,
      2.6,
      36.3
    ],
    [
      0.9,
      0.6,
      0.018,
      0.55,
      5.2,
      3.6,
      0.5,
      0.13,
      7.1,
      0.8,
      0.85,
      3.6,
      15.2,
      0.6,
      4.7,
      0.35,
      0.85,
      2.3,
      0.85,
      0.16,
      0.27,
      2.0,
      2.2,
      0.4,
      0.55,
      6.6,
      0.8,
      0.4,
      7.3,
      2.8,
      12.8,
      0.55,
      2.3,
      0.95,
      0.4,
      2.1,
      0.4,
      0.7,
      0.45,
      1.0,
      0.2,
      0.6,
      0.0,
      5.9,
      5.2,
      18.2,
      13.2,
      10.7,
      0.85,
      21.4,
      10.7,
      8.3,
      0.65,
      0.7,
      4.4,
      10.9,
      1.2,
      40.4
    ],
    [
      7.5,
      6.0,
      5.9,
      5.3,
      10.2,
      8.6,
      5.3,
      5.9,
      10.6,
      8.0,
      5.5,
      8.7,
      17.7,
      6.4,
      8.8,
      7.6,
      5.8,
      4.6,
      6.6,
      5.8,
      5.6,
      5.2,
      7.3,
      6.2,
      6.2,
      0.55,
      6.3,
      7.6,
      16.1,
      6.3,
      16.9,
      8.6,
      5.5,
      7.4,
      7.5,
      7.2,
      5.3,
      8.3,
      5.4,
      6.7,
      6.9,
      6.1,
      5.9,
      0.0,
      2.2,
      24.4,
      19.4,
      6.8,
      7.8,
      29.3,
      6.8,
      15.6,
      7.0,
      7.4,
      6.0,
      7.0,
      7.8,
      32.5
    ],
    [
      6.0,
      4.4,
      5.2,
      4.5,
      8.6,
      7.0,
      4.5,
      5.0,
      9.0,
      6.5,
      4.2,
      7.2,
      15.5,
      5.5,
      7.9,
      6.1,
      4.2,
      3.8,
      5.0,
      5.2,
      5.0,
      3.7,
      5.7,
      4.7,
      4.6,
      0.094,
      4.8,
      6.0,
      14.5,
      4.8,
      16.2,
      7.0,
      3.9,
      5.9,
      5.9,
      5.6,
      4.6,
      6.7,
      4.7,
      5.2,
      6.2,
      4.5,
      5.2,
      2.2,
      0.0,
      24.0,
      19.0,
      7.4,
      6.9,
      27.2,
      7.4,
      15.2,
      6.7,
      7.0,
      5.1,
      7.6,
      7.5,
      33.1
    ],
    [
      17.8,
      19.6,
      18.2,
      19.7,
      18.6,
      17.5,
      19.7,
      18.2,
      17.1,
      17.4,
      19.5,
      17.5,
      6.0,
      17.7,
      24.2,
      17.9,
      19.4,
      21.4,
      19.8,
      18.2,
      18.4,
      21.0,
      20.5,
      19.8,
      19.8,
      23.6,
      20.2,
      17.9,
      22.8,
      20.2,
      26.6,
      18.0,
      21.3,
      17.8,
      17.8,
      20.4,
      19.7,
      17.7,
      20.0,
      21.1,
      19.3,
      19.7,
      18.2,
      24.4,
      24.0,
      0.0,
      22.1,
      32.3,
      21.9,
      30.3,
      32.3,
      21.8,
      20.6,
      19.6,
      24.5,
      32.5,
      17.9,
      54.7
    ],
    [
      12.8,
      14.6,
      13.2,
      14.7,
      13.5,
      12.4,
      14.7,
      13.2,
      12.1,
      12.4,
      14.4,
      12.5,
      16.3,
      12.7,
      13.1,
      12.9,
      14.4,
      16.4,
      14.8,
      13.2,
      13.4,
      16.0,
      15.5,
      14.8,
      14.8,
      18.5,
      15.2,
      12.9,
      17.8,
      15.2,
      11.1,
      13.0,
      16.3,
      12.8,
      12.8,
      15.4,
      14.7,
      12.7,
      14.9,
      16.1,
      14.2,
      14.7,
      13.2,
      19.4,
      19.0,
      22.1,
      0.0,
      22.9,
      15.5,
      12.1,
      22.9,
      17.8,
      16.6,
      15.6,
      17.6,
      23.1,
      13.9,
      45.3
    ],
    [
      12.8,
      11.0,
      10.7,
      10.6,
      15.5,
      14.0,
      10.6,
      10.7,
      16.6,
      13.3,
      10.8,
      14.0,
      26.5,
      11.3,
      16.6,
      12.9,
      10.8,
      9.9,
      12.0,
      10.7,
      10.5,
      10.3,
      12.7,
      10.8,
      11.2,
      7.2,
      12.5,
      12.9,
      17.2,
      12.5,
      24.7,
      11.8,
      10.5,
      12.8,
      12.9,
      12.5,
      10.7,
      13.6,
      10.3,
      11.0,
      11.8,
      10.6,
      10.7,
      6.8,
      7.4,
      32.3,
      22.9,
      0.0,
      16.5,
      33.9,
      0.15,
      24.7,
      16.5,
      17.1,
      14.7,
      0.24,
      17.6,
      24.8
    ],
    [
      2.3,
      2.3,
      0.9,
      2.4,
      6.3,
      5.2,
      2.4,
      1.0,
      7.9,
      4.6,
      2.1,
      5.2,
      16.0,
      1.2,
      4.5,
      1.2,
      2.1,
      3.0,
      2.9,
      1.0,
      0.8,
      2.9,
      3.6,
      2.5,
      1.1,
      7.5,
      3.6,
      1.2,
      6.3,
      3.6,
      12.6,
      2.5,
      3.1,
      2.3,
      1.1,
      3.5,
      2.4,
      1.3,
      0.75,
      2.0,
      1.0,
      2.4,
      0.85,
      7.8,
      6.9,
      21.9,
      15.5,
      16.5,
      0.0,
      22.6,
      11.0,
      6.9,
      1.0,
      1.7,
      4.7,
      11.2,
      2.2,
      40.3
    ],
    [
      21.0,
      22.8,
      21.4,
      22.9,
      21.8,
      20.7,
      22.9,
      21.4,
      20.3,
      20.6,
      22.7,
      20.7,
      14.9,
      20.9,
      21.3,
      21.1,
      22.6,
      23.0,
      23.0,
      21.4,
      21.6,
      24.2,
      23.7,
      23.0,
      23.0,
      26.8,
      23.4,
      21.1,
      26.0,
      23.4,
      17.6,
      21.2,
      24.5,
      21.0,
      21.0,
      23.6,
      22.9,
      20.9,
      22.3,
      24.3,
      22.4,
      22.9,
      21.4,
      29.3,
      27.2,
      30.3,
      12.1,
      33.9,
      22.6,
      0.0,
      30.4,
      25.8,
      24.2,
      23.2,
      25.1,
      30.7,
      20.8,
      52.9
    ],
    [
      12.8,
      10.9,
      10.7,
      10.6,
      15.5,
      13.9,
      10.6,
      10.7,
      16.6,
      13.3,
      10.8,
      14.0,
      26.4,
      11.2,
      16.5,
      12.9,
      10.8,
      9.9,
      11.9,
      10.7,
      10.5,
      10.2,
      12.6,
      10.7,
      11.1,
      7.2,
      12.5,
      12.9,
      17.2,
      12.5,
      24.6,
      11.8,
      10.5,
      12.8,
      12.8,
      12.5,
      10.6,
      13.6,
      10.2,
      11.0,
      11.7,
      10.6,
      10.7,
      6.8,
      7.4,
      32.3,
      22.9,
      0.15,
      11.0,
      30.4,
      0.0,
      24.8,
      16.6,
      17.2,
      14.8,
      0.35,
      17.7,
      24.9
    ],
    [
      7.9,
      8.8,
      8.3,
      8.9,
      6.1,
      7.5,
      8.9,
      8.3,
      8.5,
      7.5,
      9.5,
      7.6,
      14.9,
      7.8,
      11.4,
      8.0,
      9.4,
      10.8,
      8.5,
      8.2,
      7.5,
      10.3,
      9.2,
      9.9,
      9.8,
      14.8,
      8.9,
      8.0,
      2.4,
      8.9,
      21.7,
      8.1,
      10.6,
      7.9,
      7.9,
      9.0,
      9.8,
      7.8,
      7.8,
      8.5,
      6.7,
      9.7,
      8.3,
      15.6,
      15.2,
      21.8,
      17.8,
      24.7,
      6.9,
      25.8,
      24.8,
      0.0,
      11.4,
      7.8,
      11.5,
      21.7,
      7.2,
      49.4
    ],
    [
      2.8,
      0.75,
      0.65,
      1.0,
      5.8,
      3.9,
      0.8,
      0.75,
      6.6,
      3.6,
      0.8,
      4.3,
      14.8,
      2.3,
      7.2,
      3.2,
      0.7,
      0.9,
      2.3,
      0.8,
      0.4,
      1.2,
      3.0,
      0.85,
      0.5,
      6.2,
      2.4,
      0.85,
      12.1,
      2.4,
      15.3,
      3.9,
      1.2,
      2.8,
      2.8,
      2.5,
      1.2,
      3.6,
      0.18,
      0.3,
      0.85,
      1.0,
      0.65,
      7.0,
      6.7,
      20.6,
      16.6,
      16.5,
      1.0,
      24.2,
      16.6,
      11.4,
      0.0,
      1.3,
      4.2,
      10.7,
      1.8,
      36.2
    ],
    [
      0.75,
      2.0,
      0.65,
      0.8,
      0.85,
      0.4,
      0.9,
      0.55,
      5.6,
      0.35,
      1.9,
      3.0,
      13.8,
      0.15,
      5.4,
      0.4,
      1.9,
      3.2,
      0.95,
      0.5,
      0.85,
      2.8,
      1.1,
      0.7,
      2.2,
      6.6,
      0.6,
      0.6,
      7.2,
      0.6,
      13.5,
      0.6,
      3.0,
      0.29,
      0.28,
      1.5,
      0.8,
      0.25,
      1.1,
      1.8,
      0.5,
      0.8,
      0.7,
      7.4,
      7.0,
      19.6,
      15.6,
      17.1,
      1.7,
      23.2,
      17.2,
      7.8,
      1.3,
      0.0,
      5.1,
      11.6,
      0.5,
      37.0
    ],
    [
      6.6,
      5.1,
      4.4,
      4.6,
      9.5,
      7.9,
      4.6,
      4.4,
      10.6,
      7.1,
      4.6,
      7.7,
      17.0,
      5.0,
      6.6,
      6.7,
      4.8,
      3.7,
      5.7,
      4.4,
      4.2,
      4.4,
      6.4,
      4.5,
      5.3,
      5.1,
      6.3,
      6.7,
      10.9,
      6.3,
      14.7,
      5.6,
      4.3,
      6.6,
      6.6,
      6.3,
      4.4,
      7.4,
      4.0,
      4.7,
      5.5,
      4.4,
      4.4,
      6.0,
      5.1,
      24.5,
      17.6,
      14.7,
      4.7,
      25.1,
      14.8,
      11.5,
      4.2,
      5.1,
      0.0,
      9.7,
      5.4,
      35.1
    ],
    [
      13.0,
      11.2,
      11.0,
      10.9,
      15.7,
      14.2,
      10.8,
      10.9,
      16.9,
      13.5,
      11.1,
      14.2,
      25.1,
      11.5,
      16.8,
      13.1,
      11.0,
      10.2,
      12.2,
      10.9,
      10.7,
      10.5,
      12.9,
      11.0,
      11.8,
      7.5,
      12.7,
      13.1,
      17.4,
      12.7,
      24.9,
      12.1,
      10.7,
      13.0,
      13.1,
      12.8,
      10.9,
      13.8,
      10.5,
      11.2,
      12.0,
      10.8,
      10.9,
      7.0,
      7.6,
      32.5,
      23.1,
      0.24,
      11.2,
      30.7,
      0.35,
      21.7,
      10.7,
      11.6,
      9.7,
      0.0,
      17.4,
      24.6
    ],
    [
      1.3,
      2.5,
      1.2,
      2.6,
      0.75,
      0.35,
      2.6,
      1.2,
      3.5,
      0.4,
      2.4,
      1.1,
      9.9,
      0.6,
      5.9,
      0.85,
      2.3,
      3.7,
      1.4,
      1.2,
      1.4,
      3.2,
      2.0,
      2.7,
      2.7,
      7.0,
      1.8,
      0.85,
      8.0,
      1.8,
      14.0,
      0.95,
      3.5,
      0.75,
      0.8,
      1.5,
      2.6,
      0.5,
      1.6,
      2.4,
      2.2,
      2.6,
      1.2,
      7.8,
      7.5,
      17.9,
      13.9,
      17.6,
      2.2,
      20.8,
      17.7,
      7.2,
      1.8,
      0.5,
      5.4,
      17.4,
      0.0,
      39.2
    ],
    [
      45.4,
      47.1,
      40.4,
      36.3,
      46.1,
      45.0,
      41.4,
      40.4,
      44.7,
      39.0,
      40.8,
      39.750698,
      48.9,
      40.9,
      39.0,
      38.6,
      41.3,
      40.8,
      42.7,
      41.4,
      41.2,
      41.2,
      43.4,
      41.5,
      41.2,
      32.9,
      43.3,
      38.6,
      46.6,
      38.2,
      47.1,
      41.5,
      36.2,
      38.463226,
      38.5,
      38.2,
      36.3,
      45.2,
      39.9,
      40.7,
      41.1,
      36.3,
      40.4,
      32.5,
      33.1,
      54.7,
      45.3,
      24.8,
      40.3,
      52.9,
      24.9,
      49.4,
      36.2,
      37.0,
      35.1,
      24.6,
      39.2,
      0.0
    ]
  ],
  "drive_time_matrix": [
    [
      0.0,
      8.0,
      12.0,
      9.0,
      7.0,
      10.0,
      8.0,
      10.0,
      13.0,
      10.0,
      9.0,
      5.0,
      25.0,
      11.0,
      22.0,
      8.0,
      9.0,
      11.0,
      10.0,
      11.0,
      4.0,
      12.0,
      9.0,
      8.0,
      8.0,
      21.0,
      4.0,
      8.0,
      21.0,
      4.0,
      37.0,
      6.0,
      10.0,
      3.0,
      8.0,
      8.0,
      6.0,
      13.0,
      5.0,
      6.0,
      11.0,
      9.0,
      12.0,
      21.0,
      17.0,
      29.0,
      24.0,
      33.0,
      7.0,
      41.0,
      33.0,
      20.0,
      8.0,
      9.0,
      20.0,
      34.0,
      10.0,
      72.0
    ],
    [
