{
  "drive_dist_matrix": [
    [
      0.0,
      0.32186800000000004,
      5.471756,
      7.885766,
      7.0810960000000005,
      6.598293999999999,
      8.85137,
      0.6437360000000001,
      20.438617999999998,
      2.092142,
      6.9201619999999995,
      4.345218,
      0.6437360000000001,
      10.943512,
      0.48280199999999995,
      0.16093400000000002,
      14.323126,
      4.184284,
      8.0467,
      0.32186800000000004,
      3.5405480000000003,
      0.6437360000000001,
      27.197846,
      1.2874720000000002,
      0.16093400000000002,
      19.633948,
      16.89807,
      6.276426,
      0.80467,
      6.9201619999999995,
      0.32186800000000004,
      8.85137,
      0.80467,
      20.760486,
      2.2530759999999996,
      0.16093400000000002,
      18.990212,
      2.5749440000000003,
      0.32186800000000004,
      13.035654,
      0.32186800000000004,
      21.243288,
      0.16093400000000002,
      31.38213,
      5.793624,
      42.64751,
      1.9312079999999998,
      16.576202000000002,
      0.16093400000000002,
      29.77279,
      0.32186800000000004,
      18.50741,
      45.705256,
      0.32186800000000004,
      20.92142,
      24.94477,
      22.852628,
      0.9656039999999999,
      6.598293999999999,
      2.092142
    ],
    [
      0.32186800000000004,
      0.0,
      5.149888000000001,
      9.334171999999999,
      5.63269,
      5.149888000000001,
      4.667085999999999,
      0.9656039999999999,
      18.990212,
      1.9312079999999998,
      5.471756,
      7.24203,
      0.80467,
      9.495106,
      0.6437360000000001,
      0.32186800000000004,
      12.87472,
      3.8624159999999996,
      9.334171999999999,
      0.6437360000000001,
      3.7014819999999995,
      0.32186800000000004,
      27.35878,
      2.092142,
      0.16093400000000002,
      19.794882,
      15.449663999999999,
      6.115492,
      2.5749440000000003,
      5.471756,
      0.6437360000000001,
      7.402963999999999,
      1.9312079999999998,
      19.31208,
      3.057746,
      0.16093400000000002,
      18.829278,
      2.5749440000000003,
      0.43,
      13.035654,
      0.32186800000000004,
      21.404222,
      0.48280199999999995,
      31.543064,
      4.345218,
      42.486576,
      2.092142,
      16.737136,
      0.16093400000000002,
      29.933724,
      0.16093400000000002,
      18.668343999999998,
      46.027124,
      0.16093400000000002,
      20.92142,
      25.105704,
      26.875978,
      0.80467,
      6.9201619999999995,
      1.9312079999999998
    ],
    [
      5.471756,
      5.149888000000001,
      0.0,
      16.415267999999998,
      3.21868,
      2.896812,
      1.60934,
      9.977908000000001,
      19.633948,
      4.02335,
      3.057746,
      14.323126,
      9.816974,
      3.7014819999999995,
      10.299776000000001,
      5.471756,
      9.334171999999999,
      1.9312079999999998,
      16.576202000000002,
      8.85137,
      5.471756,
      8.0467,
      30.899327999999997,
      10.46071,
      5.471756,
      24.1401,
      11.909116000000001,
      13.357522000000001,
      9.65604,
      3.21868,
      8.85137,
      11.748182,
      9.495106,
      15.771532,
      11.104446000000001,
      5.471756,
      26.071308,
      3.5405480000000003,
      8.529501999999999,
      20.11675,
      8.85137,
      24.94477,
      8.85137,
      35.083612,
      4.506151999999999,
      49.08487,
      9.173238,
      20.11675,
      5.471756,
      31.703998,
      5.471756,
      22.208892000000002,
      49.406738,
      5.471756,
      26.232242,
      28.646252,
      30.416525999999998,
      9.977908000000001,
      13.196587999999998,
      9.173238
    ],
    [
      7.885766,
      9.334171999999999,
      16.415267999999998,
      0.0,
      14.162192000000001,
      13.67939,
      15.932466,
      8.207633999999999,
      27.519714,
      13.035654,
      14.001257999999998,
      4.345218,
      7.563898,
      18.024607999999997,
      7.563898,
      8.0467,
      21.404222,
      14.323126,
      0.413,
      7.724831999999999,
      14.644993999999999,
      9.495106,
      34.922678,
      6.598293999999999,
      8.368568,
      27.197846,
      23.979166,
      4.9889540000000006,
      8.690436,
      14.001257999999998,
      7.724831999999999,
      15.932466,
      8.529501999999999,
      27.841582000000002,
      6.759228,
      8.368568,
      7.402963999999999,
      12.87472,
      9.334171999999999,
      4.506151999999999,
      7.885766,
      28.96812,
      7.885766,
      39.106962,
      12.87472,
      42.486576,
      14.001257999999998,
      24.1401,
      8.368568,
      37.336687999999995,
      8.0467,
      26.232242,
      53.430088000000005,
      8.0467,
      17.380872,
      32.508668,
      21.404222,
      8.368568,
      14.323126,
      8.207633999999999
    ],
    [
      7.0810960000000005,
      5.63269,
      3.21868,
      14.162192000000001,
      0.0,
      0.6437360000000001,
      2.41401,
      8.529501999999999,
      18.668343999999998,
      4.345218,
      0.171,
      13.035654,
      8.529501999999999,
      4.82802,
      9.012303999999999,
      7.724831999999999,
      8.207633999999999,
      2.092142,
      15.28873,
      7.563898,
      4.02335,
      6.598293999999999,
      25.105704,
      9.173238,
      7.0810960000000005,
      23.174496,
      10.782578,
      12.07005,
      8.368568,
      0.469,
      7.563898,
      10.46071,
      8.207633999999999,
      14.644993999999999,
      9.816974,
      7.24203,
      24.783836,
      3.8624159999999996,
      7.24203,
      18.829278,
      7.563898,
      19.151146,
      7.563898,
      29.289987999999997,
      4.667085999999999,
      43.291246,
      7.885766,
      14.323126,
      7.0810960000000005,
      30.738394000000003,
      6.598293999999999,
      16.415267999999998,
      43.613114,
      6.598293999999999,
      24.94477,
      22.852628,
      29.129054000000004,
      8.690436,
      7.24203,
      7.885766
    ],
    [
      6.598293999999999,
      5.149888000000001,
      2.896812,
      13.67939,
      0.6437360000000001,
      0.0,
      2.41401,
      6.9201619999999995,
      19.473014,
      4.02335,
      0.6437360000000001,
      11.26538,
      6.759228,
      5.63269,
      7.24203,
      5.9545580000000005,
      9.012303999999999,
      1.7702740000000001,
      13.518456,
      5.793624,
      3.7014819999999995,
      4.9889540000000006,
      30.57746,
      7.402963999999999,
      5.471756,
      23.818232000000002,
      11.587248,
      10.299776000000001,
      6.598293999999999,
      0.6437360000000001,
      5.9545580000000005,
      8.690436,
      6.43736,
      15.449663999999999,
      8.0467,
      5.471756,
      23.013562,
      3.5405480000000003,
      5.471756,
      17.059003999999998,
      5.793624,
      24.622902,
      5.793624,
      34.761744,
      4.345218,
      48.763002,
      6.115492,
      19.955816000000002,
      5.471756,
      31.38213,
      4.82802,
      21.887024,
      49.08487,
      4.9889540000000006,
      23.174496,
      28.324384000000002,
      27.35878,
      6.9201619999999995,
      6.9201619999999995,
      6.115492
    ],
    [
      8.85137,
      4.667085999999999,
      1.60934,
      15.932466,
      2.41401,
      2.41401,
      0.0,
      8.207633999999999,
      18.990212,
      3.5405480000000003,
      2.41401,
      13.67939,
      8.207633999999999,
      3.379614,
      8.529501999999999,
      4.82802,
      8.529501999999999,
      1.2874720000000002,
      15.932466,
      7.24203,
      4.9889540000000006,
      4.9889540000000006,
      30.255592,
      8.690436,
      4.9889540000000006,
      23.33543,
      11.104446000000001,
      12.552852,
      8.0467,
      2.41401,
      7.24203,
      8.368568,
      8.690436,
      14.966862,
      10.299776000000001,
      4.9889540000000006,
      25.427572,
      3.057746,
      7.724831999999999,
      19.473014,
      4.9889540000000006,
      24.1401,
      8.0467,
      34.439876,
      3.8624159999999996,
      48.2802,
      8.368568,
      19.473014,
      4.9889540000000006,
      31.060262,
      4.9889540000000006,
      21.404222,
      48.763002,
      4.9889540000000006,
      25.427572,
      27.841582000000002,
      29.611855999999996,
      9.334171999999999,
      12.391918,
      8.529501999999999
    ],
    [
      0.6437360000000001,
      0.9656039999999999,
      9.977908000000001,
      8.207633999999999,
      8.529501999999999,
      6.9201619999999995,
      8.207633999999999,
      0.0,
      20.599552000000003,
      2.5749440000000003,
      7.0810960000000005,
      4.345218,
      1.1265379999999998,
      11.104446000000001,
      0.6437360000000001,
      0.6437360000000001,
      14.48406,
      7.563898,
      8.0467,
      0.48280199999999995,
      4.02335,
      1.60934,
      28.646252,
      1.2874720000000002,
      0.6437360000000001,
      20.92142,
      17.059003999999998,
      4.184284,
      2.896812,
      7.24203,
      0.48280199999999995,
      9.173238,
      0.32186800000000004,
      20.92142,
      2.092142,
      0.6437360000000001,
      19.151146,
      2.896812,
      0.80467,
      13.196587999999998,
      0.80467,
      22.53076,
      0.48280199999999995,
      32.669602,
      5.9545580000000005,
      42.808444,
      2.41401,
      17.863674,
      0.6437360000000001,
      31.060262,
      0.80467,
      19.794882,
      47.153662000000004,
      0.80467,
      21.243288,
      26.232242,
      23.174496,
      0.16093400000000002,
      8.0467,
      2.2530759999999996
    ],
    [
      20.438617999999998,
      18.990212,
      19.633948,
      27.519714,
      18.668343999999998,
      19.473014,
      18.990212,
      20.599552000000003,
      0.0,
      18.024607999999997,
      18.829278,
      25.105704,
      20.599552000000003,
      10.299776000000001,
      20.92142,
      19.794882,
      13.035654,
      18.829278,
      27.35878,
      19.633948,
      20.92142,
      18.668343999999998,
      33.313338,
      21.243288,
      19.151146,
      26.393175999999997,
      12.87472,
      24.1401,
      20.438617999999998,
      18.990212,
      19.633948,
      14.805927999999998,
      20.277684,
      6.759228,
      21.887024,
      19.151146,
      30.899327999999997,
      17.541806,
      19.31208,
      29.933724,
      19.633948,
      27.197846,
      19.633948,
      37.497622,
      15.932466,
      45.705256,
      20.277684,
      22.53076,
      19.151146,
      23.657297999999997,
      18.668343999999998,
      24.461968,
      51.820748,
      18.668343999999998,
      40.2335,
      24.1401,
      43.45218,
      21.243288,
      24.301033999999998,
      19.955816000000002
    ],
    [
      2.092142,
      1.9312079999999998,
      4.02335,
      13.035654,
      4.345218,
      4.02335,
      3.5405480000000003,
      2.5749440000000003,
      18.024607999999997,
      0.0,
      4.184284,
      9.173238,
      2.41401,
      6.759228,
      2.5749440000000003,
      1.7702740000000001,
      11.587248,
      2.735878,
      12.552852,
      2.092142,
      3.057746,
      1.7702740000000001,
      27.680647999999998,
      3.057746,
      1.7702740000000001,
      19.955816000000002,
      14.162192000000001,
      8.207633999999999,
      5.63269,
      4.345218,
      2.092142,
      6.43736,
      2.41401,
      18.024607999999997,
      3.8624159999999996,
      1.7702740000000001,
      22.047957999999998,
      0.80467,
      2.41401,
      16.0934,
      1.9312079999999998,
      21.565156,
      2.092142,
      31.864932,
      3.21868,
      41.84284,
      2.735878,
      16.89807,
      1.7702740000000001,
      33.957074,
      1.7702740000000001,
      18.829278,
      46.188058,
      1.7702740000000001,
      20.277684,
      25.266638,
      24.301033999999998,
      2.5749440000000003,
      7.0810960000000005,
      5.149888000000001
    ],
    [
      6.9201619999999995,
      5.471756,
      3.057746,
      14.001257999999998,
      0.171,
      0.6437360000000001,
      2.41401,
      7.0810960000000005,
      18.829278,
      4.184284,
      0.0,
      11.587248,
      7.0810960000000005,
      4.9889540000000006,
      7.402963999999999,
      6.276426,
      9.173238,
      2.092142,
      13.840323999999999,
      6.115492,
      3.5405480000000003,
      5.149888000000001,
      25.266638,
      7.724831999999999,
      5.63269,
      17.541806,
      11.748182,
      10.621644,
      6.9201619999999995,
      0.299,
      6.115492,
      9.012303999999999,
      6.759228,
      15.610598,
      8.368568,
      5.63269,
      23.33543,
      3.7014819999999995,
      5.793624,
      17.380872,
      6.115492,
      19.31208,
      6.115492,
      29.450922000000002,
      4.667085999999999,
      43.291246,
      6.276426,
      14.48406,
      5.63269,
      31.703998,
      5.149888000000001,
      16.576202000000002,
      43.774048,
      5.149888000000001,
      23.496364,
      22.852628,
      27.680647999999998,
      7.24203,
      10.299776000000001,
      6.43736
    ],
    [
      4.345218,
      7.24203,
      14.323126,
      4.345218,
      13.035654,
      11.26538,
      13.67939,
      4.345218,
      25.105704,
      9.173238,
      11.587248,
      0.0,
      4.02335,
      15.771532,
      4.02335,
      4.506151999999999,
      19.151146,
      11.909116000000001,
      4.506151999999999,
      4.184284,
      10.138842,
      7.24203,
      32.830535999999995,
      3.057746,
      4.82802,
      25.266638,
      21.72609,
      0.9656039999999999,
      6.598293999999999,
      11.909116000000001,
      4.184284,
      13.840323999999999,
      4.9889540000000006,
      25.588506,
      2.896812,
      4.82802,
      10.943512,
      9.495106,
      7.24203,
      8.529501999999999,
      4.506151999999999,
      26.875978,
      4.345218,
      37.01482,
      10.621644,
      38.463226,
      8.207633999999999,
      22.208892000000002,
      4.82802,
      35.40548,
      4.506151999999999,
      24.1401,
      51.337945999999995,
      4.506151999999999,
      16.89807,
      30.57746,
      19.31208,
      4.82802,
      12.391918,
      5.9545580000000005
    ],
    [
      0.6437360000000001,
      0.80467,
      9.816974,
      7.563898,
      8.529501999999999,
      6.759228,
      8.207633999999999,
      1.1265379999999998,
      20.599552000000003,
      2.41401,
      7.0810960000000005,
      4.02335,
      0.0,
      10.943512,
      0.48280199999999995,
      0.80467,
      14.323126,
      7.24203,
      7.724831999999999,
      0.48280199999999995,
      5.63269,
      1.1265379999999998,
      28.324384000000002,
      0.80467,
      0.6437360000000001,
      20.760486,
      15.449663999999999,
      3.8624159999999996,
      0.16093400000000002,
      7.0810960000000005,
      0.6437360000000001,
      8.85137,
      1.2874720000000002,
      20.760486,
      1.7702740000000001,
      0.6437360000000001,
      18.50741,
      4.9889540000000006,
      0.6437360000000001,
      12.552852,
      0.80467,
      22.369826,
      0.6437360000000001,
      32.508668,
      5.793624,
      42.164708,
      2.5749440000000003,
      17.541806,
      0.6437360000000001,
      30.899327999999997,
      0.80467,
      19.633948,
      46.831794,
      0.80467,
      20.438617999999998,
      26.071308,
      24.461968,
      0.9656039999999999,
      7.724831999999999,
      0.80467
    ],
    [
      10.943512,
      9.495106,
      3.7014819999999995,
      18.024607999999997,
      4.82802,
      5.63269,
      3.379614,
      11.104446000000001,
      10.299776000000001,
      6.759228,
      4.9889540000000006,
      15.771532,
      10.943512,
      0.0,
      11.426314,
      10.138842,
      7.724831999999999,
      4.345218,
      17.70274,
      9.977908000000001,
      8.207633999999999,
      9.012303999999999,
      28.324384000000002,
      11.587248,
      9.495106,
      21.565156,
      7.885766,
      14.48406,
      10.782578,
      4.82802,
      9.977908000000001,
      12.87472,
      10.621644,
      11.26538,
      12.230984,
      9.495106,
      27.197846,
      6.115492,
      9.65604,
      21.243288,
      9.977908000000001,
      22.369826,
      9.977908000000001,
      32.508668,
      6.9201619999999995,
      46.509926,
      10.138842,
      17.541806,
      9.495106,
      29.611855999999996,
      9.012303999999999,
      19.633948,
      46.831794,
      9.012303999999999,
      27.35878,
      26.071308,
      31.543064,
      11.104446000000001,
      14.162192000000001,
      10.299776000000001
    ],
    [
      0.48280199999999995,
      0.6437360000000001,
      10.299776000000001,
      7.563898,
      9.012303999999999,
      7.24203,
      8.529501999999999,
      0.6437360000000001,
      20.92142,
      2.5749440000000003,
      7.402963999999999,
      4.02335,
      0.48280199999999995,
      11.426314,
      0.0,
      0.6437360000000001,
      14.323126,
      7.24203,
      7.563898,
      0.16093400000000002,
      5.471756,
      0.9656039999999999,
      28.16345,
      0.9656039999999999,
      0.6437360000000001,
      20.438617999999998,
      16.89807,
      3.8624159999999996,
      0.48280199999999995,
      7.0810960000000005,
      0.16093400000000002,
      9.012303999999999,
      0.80467,
      20.760486,
      1.7702740000000001,
      0.6437360000000001,
      18.50741,
      4.667085999999999,
      0.6437360000000001,
      12.552852,
      0.6437360000000001,
      22.047957999999998,
      0.32186800000000004,
      32.347734,
      5.793624,
      42.164708,
      2.2530759999999996,
      17.380872,
      0.6437360000000001,
      30.57746,
      0.6437360000000001,
      19.31208,
      46.67086,
      0.6437360000000001,
      20.438617999999998,
      25.74944,
      22.852628,
      0.80467,
      7.563898,
      1.60934
    ],
    [
      0.16093400000000002,
      0.32186800000000004,
      5.471756,
      8.0467,
      7.724831999999999,
      5.9545580000000005,
      4.82802,
      0.6437360000000001,
      19.794882,
      1.7702740000000001,
      6.276426,
      4.506151999999999,
      0.80467,
      10.138842,
      0.6437360000000001,
      0.0,
      13.035654,
      4.02335,
      8.207633999999999,
      0.32186800000000004,
      3.379614,
      0.48280199999999995,
      27.036912,
      1.448406,
      0.32186800000000004,
      19.473014,
      15.610598,
      6.276426,
      2.735878,
      5.793624,
      0.32186800000000004,
      7.563898,
      0.80467,
      19.473014,
      2.41401,
      0.32186800000000004,
      19.151146,
      2.2530759999999996,
      0.32186800000000004,
      13.196587999999998,
      0.16093400000000002,
      21.082354,
      0.32186800000000004,
      31.221196,
      4.506151999999999,
      42.64751,
      1.7702740000000001,
      16.415267999999998,
      0.32186800000000004,
      29.611855999999996,
      0.32186800000000004,
      18.346476,
      45.705256,
      0.16093400000000002,
      21.082354,
      24.783836,
      22.852628,
      0.6437360000000001,
      6.598293999999999,
      2.2530759999999996
    ],
    [
      14.323126,
      12.87472,
      9.334171999999999,
      21.404222,
      8.207633999999999,
      9.012303999999999,
      8.529501999999999,
      14.48406,
      13.035654,
      11.587248,
      9.173238,
      19.151146,
      14.323126,
      7.724831999999999,
      14.323126,
      13.035654,
      0.0,
      9.495106,
      20.92142,
      13.196587999999998,
      8.529501999999999,
      12.230984,
      21.565156,
      14.644993999999999,
      12.713786,
      14.644993999999999,
      0.6437360000000001,
      17.541806,
      14.001257999999998,
      8.0467,
      13.196587999999998,
      16.0934,
      13.67939,
      9.173238,
      15.771532,
      12.713786,
      30.416525999999998,
      10.46071,
      12.87472,
      24.461968,
      13.196587999999998,
      15.449663999999999,
      13.035654,
      25.74944,
      12.87472,
      39.589764,
      13.357522000000001,
      10.782578,
      12.713786,
      15.610598,
      12.230984,
      12.713786,
      40.072565999999995,
      12.230984,
      28.485318,
      19.151146,
      31.703998,
      14.323126,
      16.576202000000002,
      13.518456
    ],
    [
      4.184284,
      3.8624159999999996,
      1.9312079999999998,
      14.323126,
      2.092142,
      1.7702740000000001,
      1.2874720000000002,
      7.563898,
      18.829278,
      2.735878,
      2.092142,
      11.909116000000001,
      7.24203,
      4.345218,
      7.24203,
      4.02335,
      9.495106,
      0.0,
      14.323126,
      6.598293999999999,
      4.345218,
      4.184284,
      31.221196,
      8.207633999999999,
      4.184284,
      24.461968,
      12.230984,
      11.104446000000001,
      7.402963999999999,
      2.092142,
      6.759228,
      7.724831999999999,
      4.9889540000000006,
      16.0934,
      8.85137,
      4.184284,
      23.818232000000002,
      2.2530759999999996,
      6.276426,
      17.863674,
      4.345218,
      25.266638,
      6.598293999999999,
      35.40548,
      3.21868,
      45.705256,
      6.9201619999999995,
      20.599552000000003,
      4.184284,
      32.025866,
      4.184284,
      22.53076,
      49.88954,
      4.184284,
      23.979166,
      28.96812,
      28.16345,
      7.724831999999999,
      7.563898,
      6.9201619999999995
    ],
    [
      8.0467,
      9.334171999999999,
      16.576202000000002,
      0.413,
      15.28873,
      13.518456,
      15.932466,
      8.0467,
      27.35878,
      12.552852,
      13.840323999999999,
      4.506151999999999,
      7.724831999999999,
      17.70274,
      7.563898,
      8.207633999999999,
      20.92142,
      14.323126,
      0.0,
      7.402963999999999,
      14.323126,
      9.173238,
      36.21015,
      6.276426,
      8.0467,
      27.036912,
      23.657297999999997,
      4.82802,
      8.368568,
      13.840323999999999,
      7.402963999999999,
      15.771532,
      8.207633999999999,
      27.519714,
      6.43736,
      8.0467,
      7.563898,
      12.552852,
      9.012303999999999,
      4.667085999999999,
      7.563898,
      28.646252,
      7.563898,
      38.785094,
      12.552852,
      42.164708,
      13.67939,
      23.818232000000002,
      8.0467,
      37.175754000000005,
      7.724831999999999,
      25.910374,
      53.10822,
      7.724831999999999,
      17.541806,
      32.347734,
      21.565156,
      8.0467,
      15.610598,
      7.885766
    ],
    [
      0.32186800000000004,
      0.6437360000000001,
      8.85137,
      7.724831999999999,
      7.563898,
      5.793624,
      7.24203,
      0.48280199999999995,
      19.633948,
      2.092142,
      6.115492,
      4.184284,
      0.48280199999999995,
      9.977908000000001,
      0.16093400000000002,
      0.32186800000000004,
      13.196587999999998,
      6.598293999999999,
      7.402963999999999,
      0.0,
      5.63269,
      0.80467,
      28.324384000000002,
      1.1265379999999998,
      0.32186800000000004,
      20.599552000000003,
      16.737136,
      6.115492,
      0.6437360000000001,
      6.759228,
      0.102,
      8.690436,
      1.1265379999999998,
      20.599552000000003,
      1.9312079999999998,
      0.32186800000000004,
      18.829278,
      4.82802,
      0.48280199999999995,
      12.87472,
      0.48280199999999995,
      22.369826,
      0.16093400000000002,
      32.508668,
      5.471756,
      42.486576,
      2.41401,
      17.541806,
      0.32186800000000004,
      30.738394000000003,
      0.48280199999999995,
      19.473014,
      46.831794,
      0.48280199999999995,
      20.760486,
      25.910374,
      23.013562,
      0.48280199999999995,
      7.724831999999999,
      1.9312079999999998
    ],
    [
      3.5405480000000003,
      3.7014819999999995,
      5.471756,
      14.644993999999999,
      4.02335,
      3.7014819999999995,
      4.9889540000000006,
      4.02335,
      20.92142,
      3.057746,
      3.5405480000000003,
      10.138842,
      5.63269,
      8.207633999999999,
      5.471756,
      3.379614,
      8.529501999999999,
      4.345218,
      14.323126,
      5.63269,
      0.0,
      6.115492,
      23.979166,
      5.310822,
      3.8624159999999996,
      16.415267999999998,
      9.173238,
      8.529501999999999,
      7.885766,
      4.02335,
      4.506151999999999,
      9.65604,
      3.379614,
      17.70274,
      5.793624,
      3.8624159999999996,
      24.301033999999998,
      2.735878,
      6.759228,
      18.346476,
      4.02335,
      18.024607999999997,
      3.8624159999999996,
      28.16345,
      6.43736,
      42.003774,
      2.735878,
      13.196587999999998,
      3.8624159999999996,
      26.55411,
      3.7014819999999995,
      15.28873,
      42.486576,
      3.7014819999999995,
      20.438617999999998,
      21.72609,
      33.474272,
      4.184284,
      4.345218,
      7.402963999999999
    ],
    [
      0.6437360000000001,
      0.32186800000000004,
      8.0467,
      9.495106,
      6.598293999999999,
      4.9889540000000006,
      4.9889540000000006,
      1.60934,
      18.668343999999998,
      1.7702740000000001,
      5.149888000000001,
      7.24203,
      1.1265379999999998,
      9.012303999999999,
      0.9656039999999999,
      0.48280199999999995,
      12.230984,
      4.184284,
      9.173238,
      0.80467,
      6.115492,
      0.0,
      27.35878,
      1.9312079999999998,
      0.48280199999999995,
      19.794882,
      15.127796,
      5.9545580000000005,
      2.2530759999999996,
      5.149888000000001,
      0.80467,
      7.0810960000000005,
      1.7702740000000001,
      18.990212,
      2.735878,
      0.80467,
      18.668343999999998,
      2.5749440000000003,
      0.32186800000000004,
      12.713786,
      0.32186800000000004,
      21.404222,
      0.80467,
      31.543064,
      4.02335,
      42.325642,
      2.092142,
      16.576202000000002,
      0.48280199999999995,
      34.922678,
      0.32186800000000004,
      18.668343999999998,
      45.86619,
      0.48280199999999995,
      20.760486,
      25.105704,
      26.55411,
      1.9312079999999998,
      6.759228,
      1.7702740000000001
    ],
    [
      27.197846,
      27.35878,
      30.899327999999997,
      34.922678,
      25.105704,
      30.57746,
      30.255592,
      28.646252,
      33.313338,
      27.680647999999998,
      25.266638,
      32.830535999999995,
      28.324384000000002,
      28.324384000000002,
      28.16345,
      27.036912,
      21.565156,
      31.221196,
      36.21015,
      28.324384000000002,
      23.979166,
      27.35878,
      0.0,
      27.680647999999998,
      27.197846,
      16.89807,
      20.599552000000003,
      30.255592,
      30.416525999999998,
      24.301033999999998,
      26.393175999999997,
      32.508668,
      25.74944,
      28.96812,
      27.680647999999998,
      27.197846,
      46.67086,
      27.35878,
      29.129054000000004,
      40.877235999999996,
      29.450922000000002,
      6.598293999999999,
      29.450922000000002,
      7.402963999999999,
      29.289987999999997,
      23.979166,
      24.622902,
      11.426314,
      27.197846,
      9.495106,
      28.646252,
      9.012303999999999,
      21.887024,
      28.646252,
      35.727348,
      4.506151999999999,
      38.946028,
      26.071308,
      23.657297999999997,
      29.77279
    ],
    [
      1.2874720000000002,
      2.092142,
      10.46071,
      6.598293999999999,
      9.173238,
      7.402963999999999,
      8.690436,
      1.2874720000000002,
      21.243288,
      3.057746,
      7.724831999999999,
      3.057746,
      0.80467,
      11.587248,
      0.9656039999999999,
      1.448406,
      14.644993999999999,
      8.207633999999999,
      6.276426,
      1.1265379999999998,
      5.310822,
      1.9312079999999998,
      27.680647999999998,
      0.0,
      1.7702740000000001,
      20.438617999999998,
      18.668343999999998,
      3.7014819999999995,
      0.6437360000000001,
      8.690436,
      1.1265379999999998,
      10.621644,
      1.9312079999999998,
      22.53076,
      0.9656039999999999,
      1.7702740000000001,
      17.70274,
      4.82802,
      1.7702740000000001,
      10.138842,
      1.2874720000000002,
      22.208892000000002,
      1.2874720000000002,
      32.347734,
      7.402963999999999,
      41.199104000000005,
      2.896812,
      17.380872,
      1.7702740000000001,
      30.738394000000003,
      1.448406,
      19.473014,
      46.67086,
      1.448406,
      19.633948,
      25.910374,
      35.244546,
      1.7702740000000001,
      7.563898,
      1.2874720000000002
    ],
    [
      0.16093400000000002,
      0.16093400000000002,
      5.471756,
      8.368568,
      7.0810960000000005,
      5.471756,
      4.9889540000000006,
      0.6437360000000001,
      19.151146,
      1.7702740000000001,
      5.63269,
      4.82802,
      0.6437360000000001,
      9.495106,
      0.6437360000000001,
      0.32186800000000004,
      12.713786,
      4.184284,
      8.0467,
      0.32186800000000004,
      3.8624159999999996,
      0.48280199999999995,
      27.197846,
      1.7702740000000001,
      0.0,
      19.794882,
      15.610598,
      6.598293999999999,
      0.80467,
      5.63269,
      0.32186800000000004,
      7.563898,
      1.448406,
      19.473014,
      2.5749440000000003,
      0.01,
      19.31208,
      2.5749440000000003,
      0.249,
      13.357522000000001,
      0.341,
      21.404222,
      0.32186800000000004,
      31.703998,
      4.345218,
      42.969378,
      2.092142,
      16.737136,
      0.026,
      28.646252,
      0.489,
      18.668343999999998,
      46.027124,
      0.486,
      21.243288,
      25.105704,
      28.807185999999998,
      0.6437360000000001,
      6.9201619999999995,
      2.41401
    ],
    [
      19.633948,
      19.794882,
      24.1401,
      27.197846,
      23.174496,
      23.818232000000002,
      23.33543,
      20.92142,
      26.393175999999997,
      19.955816000000002,
      17.541806,
      25.266638,
      20.760486,
      21.565156,
      20.438617999999998,
      19.473014,
      14.644993999999999,
      24.461968,
      27.036912,
      20.599552000000003,
      16.415267999999998,
      19.794882,
      16.89807,
      20.438617999999998,
      19.794882,
      0.0,
      13.357522000000001,
      22.047957999999998,
      22.208892000000002,
      22.047957999999998,
      18.185542,
      24.301033999999998,
      17.541806,
      21.72609,
      19.473014,
      19.151146,
      37.497622,
      19.31208,
      21.082354,
      40.072565999999995,
      21.404222,
      12.552852,
      21.404222,
      21.887024,
      21.082354,
      20.760486,
      16.576202000000002,
      8.207633999999999,
      19.151146,
      20.760486,
      20.438617999999998,
      9.816974,
      36.853885999999996,
      20.438617999999998,
      16.737136,
      16.576202000000002,
      19.955816000000002,
      17.863674,
      8.85137,
      21.72609
    ],
    [
      16.89807,
      15.449663999999999,
      11.909116000000001,
      23.979166,
      10.782578,
      11.587248,
      11.104446000000001,
      17.059003999999998,
      12.87472,
      14.162192000000001,
      11.748182,
      21.72609,
      15.449663999999999,
      7.885766,
      16.89807,
      15.610598,
      0.6437360000000001,
      12.230984,
      23.657297999999997,
      16.737136,
      9.173238,
      15.127796,
      20.599552000000003,
      18.668343999999998,
      15.610598,
      13.357522000000001,
      0.0,
      18.829278,
      15.127796,
      9.173238,
      14.48406,
      17.219938,
      14.966862,
      8.85137,
      17.059003999999998,
      14.001257999999998,
      31.543064,
      11.587248,
      14.001257999999998,
      25.588506,
      14.323126,
      15.127796,
      14.323126,
      25.266638,
      14.162192000000001,
      39.267896,
      17.059003999999998,
      10.46071,
      14.001257999999998,
      15.28873,
      13.357522000000001,
      12.391918,
      39.750698,
      13.357522000000001,
      28.16345,
      18.829278,
      31.38213,
      15.449663999999999,
      16.254334,
      14.644993999999999
    ],
    [
      6.276426,
      6.115492,
      13.357522000000001,
      4.9889540000000006,
      12.07005,
      10.299776000000001,
      12.552852,
      4.184284,
      24.1401,
      8.207633999999999,
      10.621644,
      0.9656039999999999,
      3.8624159999999996,
      14.48406,
      3.8624159999999996,
      6.276426,
      17.541806,
      11.104446000000001,
      4.82802,
      6.115492,
      8.529501999999999,
      5.9545580000000005,
      30.255592,
      3.7014819999999995,
      6.598293999999999,
      22.047957999999998,
      18.829278,
      0.0,
      5.471756,
      10.782578,
      4.02335,
      12.713786,
      4.345218,
      24.622902,
      2.2530759999999996,
      4.667085999999999,
      11.748182,
      8.0467,
      6.115492,
      9.173238,
      4.184284,
      25.427572,
      6.43736,
      35.727348,
      9.65604,
      37.497622,
      6.759228,
      20.760486,
      4.667085999999999,
      33.957074,
      4.184284,
      22.691694,
      50.050474,
      4.345218,
      15.771532,
      29.129054000000004,
      23.979166,
      4.184284,
      10.943512,
      4.9889540000000006
    ],
    [
      0.80467,
      2.5749440000000003,
      9.65604,
      8.690436,
      8.368568,
      6.598293999999999,
      8.0467,
      2.896812,
      20.438617999999998,
      5.63269,
      6.9201619999999995,
      6.598293999999999,
      0.16093400000000002,
      10.782578,
      0.48280199999999995,
      2.735878,
      14.001257999999998,
      7.402963999999999,
      8.368568,
      0.6437360000000001,
      7.885766,
      2.2530759999999996,
      30.416525999999998,
      0.6437360000000001,
      0.80467,
      22.208892000000002,
      15.127796,
      5.471756,
      0.0,
      7.0810960000000005,
      0.6437360000000001,
      9.012303999999999,
      1.60934,
      20.92142,
      1.448406,
      0.80467,
      18.024607999999997,
      4.506151999999999,
      0.80467,
      10.46071,
      0.80467,
      21.887024,
      0.80467,
      32.1868,
      5.793624,
      40.072565999999995,
      2.735878,
      17.219938,
      0.80467,
      30.416525999999998,
      0.9656039999999999,
      19.151146,
      46.509926,
      0.9656039999999999,
      18.50741,
      25.588506,
      22.53076,
      0.9656039999999999,
      7.402963999999999,
      0.80467
    ],
    [
      6.9201619999999995,
      5.471756,
      3.21868,
      14.001257999999998,
      0.469,
      0.6437360000000001,
      2.41401,
      7.24203,
      18.990212,
      4.345218,
      0.299,
      11.909116000000001,
      7.0810960000000005,
      4.82802,
      7.0810960000000005,
      5.793624,
      8.0467,
      2.092142,
      13.840323999999999,
      6.759228,
      4.02335,
      5.149888000000001,
      24.301033999999998,
      8.690436,
      5.63269,
      22.047957999999998,
      9.173238,
      10.782578,
      7.0810960000000005,
      0.0,
      7.724831999999999,
      10.621644,
      8.207633999999999,
      14.805927999999998,
      10.46071,
      7.24203,
      24.94477,
      3.8624159999999996,
      7.402963999999999,
      18.990212,
      7.724831999999999,
      19.151146,
      7.563898,
      29.450922000000002,
      4.667085999999999,
      43.291246,
      7.885766,
      14.48406,
      7.24203,
      30.738394000000003,
      6.759228,
      16.415267999999998,
      43.774048,
      6.759228,
      25.105704,
      22.852628,
      29.289987999999997,
      8.85137,
      7.24203,
      8.0467
    ],
    [
      0.32186800000000004,
      0.6437360000000001,
      8.85137,
      7.724831999999999,
      7.563898,
      5.9545580000000005,
      7.24203,
      0.48280199999999995,
      19.633948,
      2.092142,
      6.115492,
      4.184284,
      0.6437360000000001,
      9.977908000000001,
      0.16093400000000002,
      0.32186800000000004,
      13.196587999999998,
      6.759228,
      7.402963999999999,
      0.102,
      4.506151999999999,
      0.80467,
      26.393175999999997,
      1.1265379999999998,
      0.32186800000000004,
      18.185542,
      14.48406,
      4.02335,
      0.6437360000000001,
      7.724831999999999,
      0.0,
      8.690436,
      0.80467,
      20.599552000000003,
      1.9312079999999998,
      0.48280199999999995,
      18.829278,
      4.82802,
      0.48280199999999995,
      12.87472,
      0.48280199999999995,
      22.208892000000002,
      0.16093400000000002,
      32.508668,
      5.63269,
      42.486576,
      2.41401,
      17.541806,
      0.32186800000000004,
      30.738394000000003,
      0.48280199999999995,
      19.473014,
      46.831794,
      0.48280199999999995,
      20.760486,
      25.910374,
      22.852628,
      0.80467,
      7.724831999999999,
      1.9312079999999998
    ],
    [
      8.85137,
      7.402963999999999,
      11.748182,
      15.932466,
      10.46071,
      8.690436,
      8.368568,
      9.173238,
      14.805927999999998,
      6.43736,
      9.012303999999999,
      13.840323999999999,
      8.85137,
      12.87472,
      9.012303999999999,
      7.563898,
      16.0934,
      7.724831999999999,
      15.771532,
      8.690436,
      9.65604,
      7.0810960000000005,
      32.508668,
      10.621644,
      7.563898,
      24.301033999999998,
      17.219938,
      12.713786,
      9.012303999999999,
      10.621644,
      8.690436,
      0.0,
      9.334171999999999,
      18.185542,
      11.909116000000001,
      8.207633999999999,
      23.174496,
      6.598293999999999,
      8.368568,
      22.208892000000002,
      8.690436,
      28.002515999999996,
      8.690436,
      38.141358,
      4.9889540000000006,
      48.119265999999996,
      9.334171999999999,
      23.174496,
      8.207633999999999,
      36.532018,
      7.724831999999999,
      25.266638,
      52.464484,
      7.724831999999999,
      26.55411,
      31.703998,
      30.738394000000003,
      10.299776000000001,
      13.357522000000001,
      9.012303999999999
    ],
    [
      0.80467,
      1.9312079999999998,
      9.495106,
      8.529501999999999,
      8.207633999999999,
      6.43736,
      8.690436,
      0.32186800000000004,
      20.277684,
      2.41401,
      6.759228,
      4.9889540000000006,
      1.2874720000000002,
      10.621644,
      0.80467,
      0.80467,
      13.67939,
      4.9889540000000006,
      8.207633999999999,
      1.1265379999999998,
      3.379614,
      1.7702740000000001,
      25.74944,
      1.9312079999999998,
      1.448406,
      17.541806,
      14.966862,
      4.345218,
      1.60934,
      8.207633999999999,
      0.80467,
      9.334171999999999,
      0.0,
      21.243288,
      2.41401,
      1.2874720000000002,
      19.473014,
      4.345218,
      1.60934,
      13.518456,
      1.1265379999999998,
      21.72609,
      0.6437360000000001,
      31.864932,
      7.0810960000000005,
      39.750698,
      0.80467,
      16.89807,
      1.2874720000000002,
      30.094658,
      1.2874720000000002,
      18.990212,
      46.188058,
      1.1265379999999998,
      18.185542,
      25.266638,
      22.369826,
      0.32186800000000004,
      7.0810960000000005,
      2.5749440000000003
    ],
    [
      20.760486,
      19.31208,
      15.771532,
      27.841582000000002,
      14.644993999999999,
      15.449663999999999,
      14.966862,
      20.92142,
