{
  "drive_dist_matrix": [
    [
      0.0,
      0.80467,
      1.1265379999999998,
      7.0810960000000005,
      13.67939,
      1.2874720000000002,
      0.9656039999999999,
      1.1265379999999998,
      0.48280199999999995,
      1.2874720000000002,
      0.16093400000000002,
      0.80467,
      1.448406,
      0.9656039999999999,
      1.448406,
      1.2874720000000002,
      1.2874720000000002,
      1.7702740000000001,
      0.48280199999999995,
      1.60934,
      1.60934,
      0.328,
      2.2530759999999996,
      23.174496,
      0.16093400000000002,
      11.426314,
      1.60934,
      0.6437360000000001,
      23.013562,
      28.96812,
      0.48280199999999995,
      0.9656039999999999,
      2.2530759999999996,
      25.588506,
      2.2530759999999996,
      18.024607999999997,
      1.1265379999999998,
      1.2874720000000002,
      1.1265379999999998,
      1.2874720000000002,
      0.80467,
      2.092142,
      0.32186800000000004,
      2.092142,
      0.80467,
      0.9656039999999999,
      2.41401,
      1.448406,
      49.406738,
      0.6437360000000001,
      1.2874720000000002,
      0.446,
      1.2874720000000002,
      0.16093400000000002,
      0.32186800000000004
    ],
    [
      0.80467,
      0.0,
      0.80467,
      6.43736,
      14.805927999999998,
      0.6437360000000001,
      0.16093400000000002,
      0.80467,
      0.32186800000000004,
      0.32186800000000004,
      0.6437360000000001,
      0.48280199999999995,
      0.6437360000000001,
      0.6437360000000001,
      0.6437360000000001,
      0.6437360000000001,
      0.48280199999999995,
      0.9656039999999999,
      0.48280199999999995,
      0.9656039999999999,
      0.6437360000000001,
      0.80467,
      1.60934,
      24.1401,
      0.6437360000000001,
      12.552852,
      0.9656039999999999,
      0.6437360000000001,
      22.369826,
      30.094658,
      1.1265379999999998,
      0.9656039999999999,
      0.9656039999999999,
      25.910374,
      0.9656039999999999,
      18.990212,
      0.32186800000000004,
      0.6437360000000001,
      1.1265379999999998,
      0.48280199999999995,
      0.16093400000000002,
      0.9656039999999999,
      0.80467,
      1.1265379999999998,
      1.7702740000000001,
      0.80467,
      2.092142,
      0.80467,
      49.728606,
      0.433,
      0.6437360000000001,
      0.80467,
      0.6437360000000001,
      0.6437360000000001,
      0.80467
    ],
    [
      1.1265379999999998,
      0.80467,
      0.0,
      7.24203,
      14.805927999999998,
      1.448406,
      0.9656039999999999,
      0.036,
      0.6437360000000001,
      0.6437360000000001,
      0.9656039999999999,
      1.2874720000000002,
      1.60934,
      0.16093400000000002,
      0.80467,
      1.448406,
      0.6437360000000001,
      0.80467,
      0.9656039999999999,
      0.6437360000000001,
      0.9656039999999999,
      1.1265379999999998,
      1.448406,
      24.1401,
      0.9656039999999999,
      12.552852,
      1.7702740000000001,
      0.9656039999999999,
      23.174496,
      30.094658,
      0.48280199999999995,
      0.16093400000000002,
      1.60934,
      25.266638,
      1.60934,
      18.990212,
      0.9656039999999999,
      1.448406,
      0.32186800000000004,
      1.2874720000000002,
      0.48280199999999995,
      1.448406,
      1.2874720000000002,
      2.2530759999999996,
      2.092142,
      0.16093400000000002,
      1.448406,
      0.32186800000000004,
      49.08487,
      0.6437360000000001,
      1.448406,
      0.9656039999999999,
      1.448406,
      0.9656039999999999,
      0.80467
    ],
    [
      7.0810960000000005,
      6.43736,
      7.24203,
      0.0,
      17.219938,
      5.9545580000000005,
      6.276426,
      7.24203,
      6.598293999999999,
      6.598293999999999,
      7.0810960000000005,
      6.43736,
      5.793624,
      7.24203,
      6.759228,
      5.9545580000000005,
      6.598293999999999,
      6.9201619999999995,
      6.598293999999999,
      7.0810960000000005,
      6.9201619999999995,
      7.0810960000000005,
      7.402963999999999,
      26.715044000000002,
      6.9201619999999995,
      14.966862,
      5.9545580000000005,
      6.9201619999999995,
      20.11675,
      32.508668,
      7.563898,
      7.402963999999999,
      7.24203,
      32.347734,
      7.0810960000000005,
      21.565156,
      6.43736,
      5.793624,
      7.563898,
      6.43736,
      6.9201619999999995,
      7.0810960000000005,
      6.9201619999999995,
      5.9545580000000005,
      6.598293999999999,
      7.24203,
      9.012303999999999,
      7.0810960000000005,
      56.00503199999999,
      6.598293999999999,
      5.9545580000000005,
      7.24203,
      6.276426,
      6.9201619999999995,
      7.0810960000000005
    ],
    [
      13.67939,
      14.805927999999998,
      14.805927999999998,
      17.219938,
      0.0,
      14.966862,
      15.28873,
      14.48406,
      14.001257999999998,
      15.610598,
      14.323126,
      13.67939,
      14.805927999999998,
      15.127796,
      15.771532,
      15.127796,
      15.610598,
      15.932466,
      14.162192000000001,
      16.0934,
      15.932466,
      13.840323999999999,
      16.415267999999998,
      10.782578,
      14.001257999999998,
      3.8624159999999996,
      14.966862,
      14.323126,
      28.485318,
      16.737136,
      14.48406,
      14.966862,
      16.254334,
      21.72609,
      16.0934,
      5.63269,
      15.449663999999999,
      14.966862,
      14.966862,
      15.449663999999999,
      14.323126,
      16.0934,
      13.840323999999999,
      14.966862,
      13.196587999999998,
      14.966862,
      18.024607999999997,
      16.0934,
      44.900586,
      14.001257999999998,
      14.966862,
      14.001257999999998,
      15.28873,
      14.162192000000001,
      14.323126
    ],
    [
      1.2874720000000002,
      0.6437360000000001,
      1.448406,
      5.9545580000000005,
      14.966862,
      0.0,
      0.48280199999999995,
      1.2874720000000002,
      0.80467,
      0.6437360000000001,
      1.2874720000000002,
      0.6437360000000001,
      0.16093400000000002,
      1.448406,
      0.6437360000000001,
      0.32186800000000004,
      0.6437360000000001,
      1.1265379999999998,
      0.6437360000000001,
      1.2874720000000002,
      0.80467,
      1.448406,
      1.60934,
      23.979166,
      1.448406,
      12.391918,
      0.48280199999999995,
      0.6437360000000001,
      22.208892000000002,
      29.933724,
      1.7702740000000001,
      1.448406,
      0.6437360000000001,
      26.55411,
      0.80467,
      18.829278,
      0.48280199999999995,
      0.16093400000000002,
      1.7702740000000001,
      0.6437360000000001,
      0.80467,
      1.2874720000000002,
      1.60934,
      0.48280199999999995,
      1.9312079999999998,
      1.448406,
      3.21868,
      1.1265379999999998,
      50.211408,
      0.80467,
      0.16093400000000002,
      1.2874720000000002,
      0.32186800000000004,
      1.2874720000000002,
      1.2874720000000002
    ],
    [
      0.9656039999999999,
      0.16093400000000002,
      0.9656039999999999,
      6.276426,
      15.28873,
      0.48280199999999995,
      0.0,
      0.9656039999999999,
      0.48280199999999995,
      0.32186800000000004,
      0.80467,
      0.6437360000000001,
      0.48280199999999995,
      0.6437360000000001,
      0.48280199999999995,
      0.48280199999999995,
      0.32186800000000004,
      0.80467,
      0.48280199999999995,
      0.80467,
      0.6437360000000001,
      0.9656039999999999,
      1.60934,
      24.1401,
      0.80467,
      12.552852,
      0.80467,
      0.6437360000000001,
      22.369826,
      30.094658,
      1.2874720000000002,
      1.1265379999999998,
      0.80467,
      26.071308,
      0.80467,
      18.990212,
      0.479,
      0.48280199999999995,
      1.448406,
      0.32186800000000004,
      0.32186800000000004,
      0.80467,
      0.9656039999999999,
      0.9656039999999999,
      1.9312079999999998,
      0.9656039999999999,
      2.2530759999999996,
      0.80467,
      49.88954,
      0.32186800000000004,
      0.48280199999999995,
      0.9656039999999999,
      0.48280199999999995,
      0.80467,
      0.80467
    ],
    [
      1.1265379999999998,
      0.80467,
      0.036,
      7.24203,
      14.48406,
      1.2874720000000002,
      0.9656039999999999,
      0.0,
      0.6437360000000001,
      0.6437360000000001,
      0.9656039999999999,
      1.2874720000000002,
      1.60934,
      0.16093400000000002,
      0.80467,
      1.448406,
      0.6437360000000001,
      0.80467,
      0.9656039999999999,
      0.6437360000000001,
      0.9656039999999999,
      1.1265379999999998,
      1.448406,
      24.1401,
      0.9656039999999999,
      12.552852,
      1.7702740000000001,
      0.9656039999999999,
      23.174496,
      30.094658,
      0.48280199999999995,
      0.16093400000000002,
      1.60934,
      25.266638,
      1.60934,
      18.990212,
      0.9656039999999999,
      1.60934,
      0.32186800000000004,
      1.2874720000000002,
      0.48280199999999995,
      1.60934,
      1.2874720000000002,
      2.2530759999999996,
      2.092142,
      0.16093400000000002,
      1.448406,
      0.32186800000000004,
      49.08487,
      0.6437360000000001,
      1.448406,
      0.9656039999999999,
      1.448406,
      0.9656039999999999,
      0.80467
    ],
    [
      0.48280199999999995,
      0.32186800000000004,
      0.6437360000000001,
      6.598293999999999,
      14.001257999999998,
      0.80467,
      0.48280199999999995,
      0.6437360000000001,
      0.0,
      0.6437360000000001,
      0.48280199999999995,
      0.32186800000000004,
      0.9656039999999999,
      0.6437360000000001,
      0.80467,
      0.9656039999999999,
      0.6437360000000001,
      1.2874720000000002,
      0.16093400000000002,
      1.2874720000000002,
      0.9656039999999999,
      0.6437360000000001,
      1.9312079999999998,
      23.174496,
      0.48280199999999995,
      11.426314,
      1.2874720000000002,
      0.32186800000000004,
      22.691694,
      28.96812,
      0.80467,
      0.80467,
      1.7702740000000001,
      25.588506,
      1.7702740000000001,
      18.024607999999997,
      0.48280199999999995,
      0.9656039999999999,
      1.1265379999999998,
      0.9656039999999999,
      0.32186800000000004,
      1.7702740000000001,
      0.6437360000000001,
      1.7702740000000001,
      1.60934,
      0.6437360000000001,
      2.092142,
      0.80467,
      49.406738,
      0.16093400000000002,
      0.80467,
      0.48280199999999995,
      0.9656039999999999,
      0.32186800000000004,
      0.48280199999999995
    ],
    [
      1.2874720000000002,
      0.32186800000000004,
      0.6437360000000001,
      6.598293999999999,
      15.610598,
      0.6437360000000001,
      0.32186800000000004,
      0.6437360000000001,
      0.6437360000000001,
      0.0,
      0.80467,
      0.80467,
      0.80467,
      0.32186800000000004,
      0.32186800000000004,
      0.80467,
      0.295,
      0.48280199999999995,
      0.80467,
      0.6437360000000001,
      0.48280199999999995,
      1.2874720000000002,
      1.2874720000000002,
      24.622902,
      0.9656039999999999,
      12.87472,
      1.2874720000000002,
      0.9656039999999999,
      22.691694,
      30.416525999999998,
      0.9656039999999999,
      0.80467,
      0.9656039999999999,
      25.74944,
      1.1265379999999998,
      19.473014,
      0.32186800000000004,
      0.80467,
      0.9656039999999999,
      0.6437360000000001,
      0.32186800000000004,
      0.80467,
      1.2874720000000002,
      1.7702740000000001,
      2.092142,
      0.80467,
      2.092142,
      0.48280199999999995,
      49.567672,
      0.48280199999999995,
      0.80467,
      1.1265379999999998,
      0.80467,
      0.80467,
      0.6437360000000001
    ],
    [
      0.16093400000000002,
      0.6437360000000001,
      0.9656039999999999,
      7.0810960000000005,
      14.323126,
      1.2874720000000002,
      0.80467,
      0.9656039999999999,
      0.48280199999999995,
      0.80467,
      0.0,
      0.6437360000000001,
      1.448406,
      0.80467,
      1.448406,
      1.2874720000000002,
      1.2874720000000002,
      1.448406,
      0.48280199999999995,
      1.448406,
      1.60934,
      0.32186800000000004,
      2.092142,
      23.33543,
      0.16093400000000002,
      11.748182,
      1.60934,
      0.6437360000000001,
      23.013562,
      29.289987999999997,
      0.48280199999999995,
      1.1265379999999998,
      2.2530759999999996,
      25.427572,
      2.2530759999999996,
      18.185542,
      0.9656039999999999,
      1.2874720000000002,
      1.1265379999999998,
      1.2874720000000002,
      0.6437360000000001,
      2.092142,
      0.32186800000000004,
      2.092142,
      1.1265379999999998,
      0.80467,
      2.2530759999999996,
      1.1265379999999998,
      49.08487,
      0.6437360000000001,
      1.2874720000000002,
      0.16093400000000002,
      1.2874720000000002,
      0.348,
      0.16093400000000002
    ],
    [
      0.80467,
      0.48280199999999995,
      1.2874720000000002,
      6.43736,
      13.67939,
      0.6437360000000001,
      0.6437360000000001,
      1.2874720000000002,
      0.32186800000000004,
      0.80467,
      0.6437360000000001,
      0.0,
      0.6437360000000001,
      0.80467,
      1.1265379999999998,
      0.6437360000000001,
      0.9656039999999999,
      1.60934,
      0.16093400000000002,
      1.448406,
      1.2874720000000002,
      0.80467,
      2.2530759999999996,
      23.013562,
      0.48280199999999995,
      11.26538,
      1.2874720000000002,
      0.341,
      22.53076,
      28.807185999999998,
      1.2874720000000002,
      1.1265379999999998,
      1.9312079999999998,
      25.910374,
      1.9312079999999998,
      17.863674,
      0.80467,
      0.6437360000000001,
      1.448406,
      0.9656039999999999,
      0.6437360000000001,
      1.7702740000000001,
      0.48280199999999995,
      1.60934,
      0.80467,
      1.1265379999999998,
      2.41401,
      1.448406,
      49.728606,
      0.48280199999999995,
      0.6437360000000001,
      0.80467,
      0.80467,
      0.6437360000000001,
      0.80467
    ],
    [
      1.448406,
      0.6437360000000001,
      1.60934,
      5.793624,
      14.805927999999998,
      0.16093400000000002,
      0.48280199999999995,
      1.60934,
      0.9656039999999999,
      0.80467,
      1.448406,
      0.6437360000000001,
      0.0,
      1.448406,
      0.6437360000000001,
      0.436,
      0.80467,
      1.2874720000000002,
      0.80467,
      1.448406,
      0.80467,
      1.60934,
      1.7702740000000001,
      23.818232000000002,
      1.2874720000000002,
      12.07005,
      0.32186800000000004,
      0.80467,
      21.887024,
      29.611855999999996,
      1.9312079999999998,
      1.60934,
      0.6437360000000001,
      26.55411,
      1.448406,
      18.668343999999998,
      0.6437360000000001,
      0.115,
      1.9312079999999998,
      0.6437360000000001,
      0.80467,
      0.80467,
      1.2874720000000002,
      0.48280199999999995,
      1.60934,
      1.60934,
      3.379614,
      1.2874720000000002,
      50.372342,
      0.80467,
      0.226,
      1.448406,
      0.32186800000000004,
      1.448406,
      1.448406
    ],
    [
      0.9656039999999999,
      0.6437360000000001,
      0.16093400000000002,
      7.24203,
      15.127796,
      1.448406,
      0.6437360000000001,
      0.16093400000000002,
      0.6437360000000001,
      0.32186800000000004,
      0.80467,
      0.80467,
      1.448406,
      0.0,
      0.48280199999999995,
      1.1265379999999998,
      0.48280199999999995,
      0.6437360000000001,
      0.80467,
      0.48280199999999995,
      0.6437360000000001,
      1.448406,
      1.2874720000000002,
      24.783836,
      0.9656039999999999,
      13.035654,
      1.7702740000000001,
      0.9656039999999999,
      22.852628,
      30.57746,
      0.6437360000000001,
      0.48280199999999995,
      1.60934,
      25.427572,
      1.448406,
      19.633948,
      0.80467,
      1.1265379999999998,
      0.48280199999999995,
      0.9656039999999999,
      0.48280199999999995,
      1.448406,
      1.60934,
      2.092142,
      2.2530759999999996,
      0.32186800000000004,
      1.7702740000000001,
      0.32186800000000004,
      49.245804,
      0.48280199999999995,
      1.1265379999999998,
      0.80467,
      1.1265379999999998,
      0.80467,
      0.6437360000000001
    ],
    [
      1.448406,
      0.6437360000000001,
      0.80467,
      6.759228,
      15.771532,
      0.6437360000000001,
      0.48280199999999995,
      0.80467,
      0.80467,
      0.32186800000000004,
      1.448406,
      1.1265379999999998,
      0.6437360000000001,
      0.48280199999999995,
      0.0,
      0.80467,
      0.16093400000000002,
      0.32186800000000004,
      0.9656039999999999,
      0.32186800000000004,
      0.16093400000000002,
      1.2874720000000002,
      0.9656039999999999,
      24.622902,
      1.2874720000000002,
      13.035654,
      1.1265379999999998,
      1.2874720000000002,
      22.852628,
      30.57746,
      1.1265379999999998,
      0.9656039999999999,
      0.9656039999999999,
      25.910374,
      0.9656039999999999,
      19.473014,
      0.32186800000000004,
      0.80467,
      1.1265379999999998,
      0.48280199999999995,
      0.48280199999999995,
      0.80467,
      1.448406,
      1.448406,
      2.2530759999999996,
      0.80467,
      2.092142,
      0.48280199999999995,
      49.728606,
      0.6437360000000001,
      0.80467,
      1.2874720000000002,
      0.6437360000000001,
      1.1265379999999998,
      0.9656039999999999
    ],
    [
      1.2874720000000002,
      0.6437360000000001,
      1.448406,
      5.9545580000000005,
      15.127796,
      0.32186800000000004,
      0.48280199999999995,
      1.448406,
      0.9656039999999999,
      0.80467,
      1.2874720000000002,
      0.6437360000000001,
      0.436,
      1.1265379999999998,
      0.80467,
      0.0,
      0.80467,
      1.60934,
      0.80467,
      1.448406,
      1.2874720000000002,
      1.448406,
      2.092142,
      23.496364,
      1.2874720000000002,
      11.909116000000001,
      0.48280199999999995,
      0.80467,
      21.72609,
      29.450922000000002,
      1.9312079999999998,
      1.60934,
      0.80467,
      26.715044000000002,
      0.9656039999999999,
      18.346476,
      0.48280199999999995,
      0.322,
      1.9312079999999998,
      0.80467,
      0.9656039999999999,
      0.9656039999999999,
      1.2874720000000002,
      0.6437360000000001,
      1.2874720000000002,
      1.60934,
      2.896812,
      1.448406,
      50.372342,
      0.80467,
      0.21,
      1.60934,
      0.48280199999999995,
      1.2874720000000002,
      1.448406
    ],
    [
      1.2874720000000002,
      0.48280199999999995,
      0.6437360000000001,
      6.598293999999999,
      15.610598,
      0.6437360000000001,
      0.32186800000000004,
      0.6437360000000001,
      0.6437360000000001,
      0.295,
      1.2874720000000002,
      0.9656039999999999,
      0.80467,
      0.48280199999999995,
      0.16093400000000002,
      0.80467,
      0.0,
      0.48280199999999995,
      0.80467,
      0.48280199999999995,
      0.32186800000000004,
      1.1265379999999998,
      1.2874720000000002,
      24.461968,
      0.9656039999999999,
      12.87472,
      1.2874720000000002,
      0.9656039999999999,
      22.53076,
      30.255592,
      0.9656039999999999,
      0.9656039999999999,
      0.9656039999999999,
      25.910374,
      0.9656039999999999,
      19.31208,
      0.32186800000000004,
      0.80467,
      0.9656039999999999,
      0.6437360000000001,
      0.32186800000000004,
      0.9656039999999999,
      1.2874720000000002,
      1.60934,
      2.092142,
      0.80467,
      2.092142,
      0.48280199999999995,
      49.728606,
      0.48280199999999995,
      0.6437360000000001,
      0.9656039999999999,
      0.80467,
      0.9656039999999999,
      0.80467
    ],
    [
      1.7702740000000001,
      0.9656039999999999,
      0.80467,
      6.9201619999999995,
      15.932466,
      1.1265379999999998,
      0.80467,
      0.80467,
      1.2874720000000002,
      0.48280199999999995,
      1.448406,
      1.60934,
      1.2874720000000002,
      0.6437360000000001,
      0.32186800000000004,
      1.60934,
      0.48280199999999995,
      0.0,
      1.60934,
      0.266,
      0.16093400000000002,
      1.7702740000000001,
      0.6437360000000001,
      24.94477,
      1.7702740000000001,
      13.196587999999998,
      1.1265379999999998,
      1.60934,
      23.013562,
      30.738394000000003,
      1.1265379999999998,
      0.9656039999999999,
      0.80467,
      25.910374,
      0.80467,
      19.794882,
      0.6437360000000001,
      1.60934,
      1.1265379999999998,
      0.48280199999999995,
      0.80467,
      0.6437360000000001,
      1.9312079999999998,
      1.448406,
      2.5749440000000003,
      0.80467,
      2.2530759999999996,
      0.6437360000000001,
      49.728606,
      0.9656039999999999,
      1.448406,
      1.60934,
      0.6437360000000001,
      1.60934,
      1.448406
    ],
    [
      0.48280199999999995,
      0.48280199999999995,
      0.9656039999999999,
      6.598293999999999,
      14.162192000000001,
      0.6437360000000001,
      0.48280199999999995,
      0.9656039999999999,
      0.16093400000000002,
      0.80467,
      0.48280199999999995,
      0.16093400000000002,
      0.80467,
      0.80467,
      0.9656039999999999,
      0.80467,
      0.80467,
      1.60934,
      0.0,
      1.448406,
      1.2874720000000002,
      0.6437360000000001,
      2.092142,
      23.013562,
      0.32186800000000004,
      11.426314,
      1.2874720000000002,
      0.331,
      22.53076,
      28.96812,
      1.2874720000000002,
      1.1265379999999998,
      1.7702740000000001,
      25.910374,
      1.7702740000000001,
      17.863674,
      0.6437360000000001,
      0.80467,
      1.2874720000000002,
      0.9656039999999999,
      0.48280199999999995,
      1.60934,
      0.32186800000000004,
      1.60934,
      0.9656039999999999,
      0.9656039999999999,
      2.2530759999999996,
      1.2874720000000002,
      49.567672,
      0.32186800000000004,
      0.80467,
      0.6437360000000001,
      0.9656039999999999,
      0.32186800000000004,
      0.6437360000000001
    ],
    [
      1.60934,
      0.9656039999999999,
      0.6437360000000001,
      7.0810960000000005,
      16.0934,
      1.2874720000000002,
      0.80467,
      0.6437360000000001,
      1.2874720000000002,
      0.6437360000000001,
      1.448406,
      1.448406,
      1.448406,
      0.48280199999999995,
      0.32186800000000004,
      1.448406,
      0.48280199999999995,
      0.266,
      1.448406,
      0.0,
      0.16093400000000002,
      1.60934,
      0.6437360000000001,
      24.94477,
      1.60934,
      13.196587999999998,
      1.1265379999999998,
      1.448406,
      23.013562,
      30.738394000000003,
      1.1265379999999998,
      0.9656039999999999,
      0.9656039999999999,
      25.74944,
      0.9656039999999999,
      19.794882,
      0.80467,
      1.448406,
      1.1265379999999998,
      0.48280199999999995,
      0.80467,
      0.80467,
      1.7702740000000001,
      1.448406,
      2.5749440000000003,
      0.80467,
      2.2530759999999996,
      0.48280199999999995,
      49.567672,
      0.9656039999999999,
      1.2874720000000002,
      1.448406,
      0.80467,
      1.448406,
      1.448406
    ],
    [
      1.60934,
      0.6437360000000001,
      0.9656039999999999,
      6.9201619999999995,
      15.932466,
      0.80467,
      0.6437360000000001,
      0.9656039999999999,
      0.9656039999999999,
      0.48280199999999995,
      1.60934,
      1.2874720000000002,
      0.80467,
      0.6437360000000001,
      0.16093400000000002,
      1.2874720000000002,
      0.32186800000000004,
      0.16093400000000002,
      1.2874720000000002,
      0.16093400000000002,
      0.0,
      1.448406,
      0.80467,
      24.461968,
      1.448406,
      12.87472,
      0.80467,
      1.2874720000000002,
      22.691694,
      30.416525999999998,
      1.60934,
      1.448406,
      0.6437360000000001,
      22.53076,
      0.6437360000000001,
      19.31208,
      0.48280199999999995,
      0.9656039999999999,
      1.7702740000000001,
      0.32186800000000004,
      0.6437360000000001,
      0.48280199999999995,
      1.60934,
      0.9656039999999999,
      2.41401,
      0.9656039999999999,
      2.735878,
      0.6437360000000001,
      50.211408,
      0.80467,
      0.9656039999999999,
      1.2874720000000002,
      0.48280199999999995,
      1.2874720000000002,
      1.2874720000000002
    ],
    [
      0.328,
      0.80467,
      1.1265379999999998,
      7.0810960000000005,
      13.840323999999999,
      1.448406,
      0.9656039999999999,
      1.1265379999999998,
      0.6437360000000001,
      1.2874720000000002,
      0.32186800000000004,
      0.80467,
      1.60934,
      1.448406,
      1.2874720000000002,
      1.448406,
      1.1265379999999998,
      1.7702740000000001,
      0.6437360000000001,
      1.60934,
      1.448406,
      0.0,
      2.2530759999999996,
      23.174496,
      0.32186800000000004,
      11.426314,
      1.60934,
      0.6437360000000001,
      23.013562,
      28.96812,
      0.6437360000000001,
      0.9656039999999999,
      2.2530759999999996,
      25.588506,
      2.2530759999999996,
      18.024607999999997,
      1.1265379999999998,
      1.2874720000000002,
      1.1265379999999998,
      1.2874720000000002,
      0.80467,
      2.092142,
      0.48280199999999995,
      2.092142,
      0.80467,
      0.9656039999999999,
      2.41401,
      1.448406,
      49.406738,
      0.80467,
      1.2874720000000002,
      0.16093400000000002,
      1.2874720000000002,
      0.32186800000000004,
      0.48280199999999995
    ],
    [
      2.2530759999999996,
      1.60934,
      1.448406,
      7.402963999999999,
      16.415267999999998,
      1.60934,
      1.60934,
      1.448406,
      1.9312079999999998,
      1.2874720000000002,
      2.092142,
      2.2530759999999996,
      1.7702740000000001,
      1.2874720000000002,
      0.9656039999999999,
      2.092142,
      1.2874720000000002,
      0.6437360000000001,
      2.092142,
      0.6437360000000001,
      0.80467,
      2.2530759999999996,
      0.0,
      25.266638,
      2.2530759999999996,
      13.67939,
      1.448406,
      2.2530759999999996,
      23.496364,
      31.221196,
      1.7702740000000001,
      1.60934,
      1.2874720000000002,
      25.588506,
      1.1265379999999998,
      20.11675,
      1.7702740000000001,
      2.092142,
      1.448406,
      1.2874720000000002,
      1.448406,
      1.1265379999999998,
      2.41401,
      1.9312079999999998,
      3.21868,
      1.448406,
      2.092142,
      0.9656039999999999,
      50.211408,
      1.7702740000000001,
      1.9312079999999998,
      2.2530759999999996,
      1.448406,
      2.2530759999999996,
      2.092142
    ],
    [
      23.174496,
      24.1401,
      24.1401,
      26.715044000000002,
      10.782578,
      23.979166,
      24.1401,
      24.1401,
      23.174496,
      24.622902,
      23.33543,
      23.013562,
      23.818232000000002,
      24.783836,
      24.622902,
      23.496364,
      24.461968,
      24.94477,
      23.013562,
      24.94477,
      24.461968,
      23.174496,
      25.266638,
      0.0,
      22.852628,
      13.357522000000001,
      23.979166,
      23.174496,
      37.497622,
      9.173238,
      23.496364,
      23.979166,
      25.266638,
      24.94477,
      25.105704,
      5.310822,
      24.461968,
      23.818232000000002,
      23.979166,
      24.301033999999998,
      23.174496,
      25.105704,
      22.691694,
      23.979166,
      22.047957999999998,
      23.818232000000002,
      27.036912,
      25.105704,
      47.958332,
      22.852628,
      23.979166,
      23.013562,
      24.301033999999998,
      23.013562,
      23.174496
    ],
    [
      0.16093400000000002,
      0.6437360000000001,
      0.9656039999999999,
      6.9201619999999995,
      14.001257999999998,
      1.448406,
      0.80467,
      0.9656039999999999,
      0.48280199999999995,
      0.9656039999999999,
      0.16093400000000002,
      0.48280199999999995,
      1.2874720000000002,
      0.9656039999999999,
      1.2874720000000002,
      1.2874720000000002,
      0.9656039999999999,
      1.7702740000000001,
      0.32186800000000004,
      1.60934,
      1.448406,
      0.32186800000000004,
      2.2530759999999996,
      22.852628,
      0.0,
      11.748182,
      1.448406,
      0.32186800000000004,
      22.852628,
      29.289987999999997,
      0.6437360000000001,
      0.9656039999999999,
      2.092142,
      25.588506,
      1.9312079999999998,
      18.185542,
      0.9656039999999999,
      1.1265379999999998,
      1.1265379999999998,
      1.1265379999999998,
      0.6437360000000001,
      1.9312079999999998,
      0.16093400000000002,
      1.9312079999999998,
      0.80467,
      0.9656039999999999,
      2.41401,
      1.60934,
      49.245804,
      0.6437360000000001,
      1.1265379999999998,
      0.32186800000000004,
      1.1265379999999998,
      0.374,
      0.32186800000000004
    ],
    [
      11.426314,
      12.552852,
      12.552852,
      14.966862,
      3.8624159999999996,
      12.391918,
      12.552852,
      12.552852,
      11.426314,
      12.87472,
      11.748182,
      11.26538,
      12.07005,
      13.035654,
      13.035654,
      11.909116000000001,
      12.87472,
      13.196587999999998,
      11.426314,
      13.196587999999998,
      12.87472,
      11.426314,
      13.67939,
      13.357522000000001,
      11.748182,
      0.0,
      13.035654,
      12.391918,
      26.715044000000002,
      20.11675,
      12.552852,
      13.035654,
      14.323126,
      22.691694,
      14.323126,
      9.012303999999999,
      13.518456,
      13.035654,
      13.196587999999998,
      13.518456,
      12.391918,
      14.162192000000001,
      11.909116000000001,
      13.035654,
      11.26538,
      13.035654,
      15.771532,
      14.162192000000001,
      45.86619,
      12.07005,
      13.196587999999998,
      12.230984,
      13.357522000000001,
      12.230984,
      12.391918
    ],
    [
      1.60934,
      0.9656039999999999,
      1.7702740000000001,
      5.9545580000000005,
      14.966862,
      0.48280199999999995,
      0.80467,
      1.7702740000000001,
      1.2874720000000002,
      1.2874720000000002,
      1.60934,
      1.2874720000000002,
      0.32186800000000004,
      1.7702740000000001,
      1.1265379999999998,
      0.48280199999999995,
      1.2874720000000002,
      1.1265379999999998,
      1.2874720000000002,
      1.1265379999999998,
      0.80467,
      1.60934,
      1.448406,
      23.979166,
      1.448406,
      13.035654,
      0.0,
      1.448406,
      21.887024,
      29.611855999999996,
      2.2530759999999996,
      1.9312079999999998,
      0.32186800000000004,
      26.875978,
      0.48280199999999995,
      18.668343999999998,
      0.80467,
      0.32186800000000004,
      2.2530759999999996,
      0.48280199999999995,
      1.60934,
      0.48280199999999995,
      1.60934,
      0.32186800000000004,
      1.7702740000000001,
      1.9312079999999998,
      3.057746,
      1.60934,
      50.69421,
      1.448406,
      0.48280199999999995,
      1.7702740000000001,
      0.32186800000000004,
      1.7702740000000001,
      1.9312079999999998
    ],
    [
      0.6437360000000001,
      0.6437360000000001,
      0.9656039999999999,
      6.9201619999999995,
      14.323126,
      0.6437360000000001,
      0.6437360000000001,
      0.9656039999999999,
      0.32186800000000004,
      0.9656039999999999,
      0.6437360000000001,
      0.341,
      0.80467,
      0.9656039999999999,
      1.2874720000000002,
      0.80467,
      0.9656039999999999,
      1.60934,
      0.331,
      1.448406,
      1.2874720000000002,
      0.6437360000000001,
      2.2530759999999996,
      23.174496,
      0.32186800000000004,
      12.391918,
      1.448406,
      0.0,
      22.369826,
      28.807185999999998,
      1.2874720000000002,
      1.2874720000000002,
      1.9312079999999998,
      26.071308,
      1.9312079999999998,
      17.70274,
      0.80467,
      0.80467,
      1.448406,
      0.9656039999999999,
      0.6437360000000001,
      1.7702740000000001,
      0.32186800000000004,
      1.60934,
      0.80467,
      1.1265379999999998,
      2.41401,
      1.448406,
      49.728606,
      0.48280199999999995,
      0.6437360000000001,
      0.80467,
      0.80467,
      0.48280199999999995,
      0.6437360000000001
    ],
    [
      23.013562,
      22.369826,
      23.174496,
      20.11675,
      28.485318,
      22.208892000000002,
      22.369826,
      23.174496,
      22.691694,
      22.691694,
      23.013562,
      22.53076,
      21.887024,
      22.852628,
      22.852628,
      21.72609,
      22.53076,
      23.013562,
      22.53076,
      23.013562,
      22.691694,
      23.013562,
      23.496364,
      37.497622,
      22.852628,
      26.715044000000002,
      21.887024,
      22.369826,
      0.0,
      43.774048,
      24.1401,
      23.33543,
      23.174496,
      46.348992,
      23.013562,
      32.669602,
      22.369826,
      21.72609,
      24.1401,
      22.369826,
      22.852628,
      23.013562,
      22.852628,
      21.887024,
      22.53076,
      23.818232000000002,
      24.94477,
      23.013562,
      69.523488,
      22.53076,
      21.887024,
      23.174496,
      22.208892000000002,
      22.852628,
      23.013562
    ],
    [
      28.96812,
      30.094658,
      30.094658,
      32.508668,
      16.737136,
      29.933724,
      30.094658,
      30.094658,
      28.96812,
      30.416525999999998,
      29.289987999999997,
      28.807185999999998,
      29.611855999999996,
      30.57746,
      30.57746,
      29.450922000000002,
      30.255592,
      30.738394000000003,
      28.96812,
      30.738394000000003,
      30.416525999999998,
      28.96812,
      31.221196,
      9.173238,
      29.289987999999997,
      20.11675,
      29.611855999999996,
      28.807185999999998,
      43.774048,
      0.0,
      29.289987999999997,
      29.77279,
      31.060262,
      30.738394000000003,
      30.899327999999997,
      11.26538,
      30.255592,
      29.77279,
      29.77279,
      30.255592,
      29.129054000000004,
      30.899327999999997,
      28.646252,
      29.77279,
      28.002515999999996,
      29.77279,
      32.830535999999995,
      31.38213,
      53.91289,
      28.807185999999998,
      29.77279,
      28.807185999999998,
      30.094658,
      28.96812,
      29.129054000000004
    ],
    [
      0.48280199999999995,
      1.1265379999999998,
      0.48280199999999995,
      7.563898,
      14.48406,
      1.7702740000000001,
      1.2874720000000002,
      0.48280199999999995,
      0.80467,
      0.9656039999999999,
      0.48280199999999995,
      1.2874720000000002,
      1.9312079999999998,
      0.6437360000000001,
      1.1265379999999998,
      1.9312079999999998,
      0.9656039999999999,
      1.1265379999999998,
      1.2874720000000002,
      1.1265379999999998,
      1.60934,
      0.6437360000000001,
      1.7702740000000001,
      23.496364,
      0.6437360000000001,
      12.552852,
      2.2530759999999996,
      1.2874720000000002,
      24.1401,
      29.289987999999997,
      0.0,
      0.80467,
      2.092142,
      25.105704,
      1.9312079999999998,
      18.50741,
      1.448406,
      1.7702740000000001,
      0.80467,
      1.60934,
      0.9656039999999999,
      1.9312079999999998,
      0.80467,
      2.5749440000000003,
      1.448406,
      0.48280199999999995,
      1.9312079999999998,
      0.80467,
      48.763002,
      0.9656039999999999,
      1.7702740000000001,
      0.48280199999999995,
      2.092142,
      0.6437360000000001,
      0.32186800000000004
    ],
    [
      0.9656039999999999,
      0.9656039999999999,
      0.16093400000000002,
      7.402963999999999,
      14.966862,
      1.448406,
      1.1265379999999998,
      0.16093400000000002,
      0.80467,
      0.80467,
      1.1265379999999998,
      1.1265379999999998,
      1.60934,
      0.48280199999999995,
      0.9656039999999999,
      1.60934,
      0.9656039999999999,
      0.9656039999999999,
      1.1265379999999998,
      0.9656039999999999,
      1.448406,
      0.9656039999999999,
      1.60934,
      23.979166,
      0.9656039999999999,
      13.035654,
      1.9312079999999998,
      1.2874720000000002,
      23.33543,
      29.77279,
      0.80467,
      0.0,
      1.9312079999999998,
      25.266638,
      1.7702740000000001,
      18.990212,
      1.2874720000000002,
      1.7702740000000001,
      0.207,
      1.448406,
      0.80467,
      1.7702740000000001,
      1.1265379999999998,
      2.41401,
      2.2530759999999996,
      0.48280199999999995,
      1.60934,
      0.48280199999999995,
      48.923936,
      0.80467,
      1.60934,
      1.1265379999999998,
      1.60934,
      1.1265379999999998,
      0.80467
    ],
    [
      2.2530759999999996,
      0.9656039999999999,
      1.60934,
      7.24203,
      16.254334,
      0.6437360000000001,
      0.80467,
      1.60934,
      1.7702740000000001,
      0.9656039999999999,
      2.2530759999999996,
      1.9312079999999998,
      0.6437360000000001,
      1.60934,
      0.9656039999999999,
      0.80467,
      0.9656039999999999,
      0.80467,
      1.7702740000000001,
      0.9656039999999999,
      0.6437360000000001,
      2.2530759999999996,
      1.2874720000000002,
      25.266638,
      2.092142,
      14.323126,
      0.32186800000000004,
      1.9312079999999998,
      23.174496,
      31.060262,
      2.092142,
      1.9312079999999998,
      0.0,
      28.002515999999996,
      0.446,
      18.829278,
      0.6437360000000001,
      0.80467,
      3.379614,
      0.48280199999999995,
      1.1265379999999998,
      0.16093400000000002,
      2.5749440000000003,
      0.48280199999999995,
      2.2530759999999996,
      2.896812,
      4.184284,
      2.735878,
      51.820748,
      0.9656039999999999,
      0.80467,
      2.896812,
      0.32186800000000004,
      2.735878,
      2.896812
    ],
    [
      25.588506,
      25.910374,
      25.266638,
      32.347734,
      21.72609,
      26.55411,
      26.071308,
      25.266638,
      25.588506,
      25.74944,
      25.427572,
      25.910374,
      26.55411,
      25.427572,
      25.910374,
      26.715044000000002,
      25.910374,
      25.910374,
      25.910374,
      25.74944,
      22.53076,
      25.588506,
      25.588506,
      24.94477,
      25.588506,
      22.691694,
      26.875978,
      26.071308,
      46.348992,
      30.738394000000003,
      25.105704,
      25.266638,
      28.002515999999996,
      0.0,
      25.910374,
      19.473014,
      25.266638,
      25.74944,
      24.1401,
      25.427572,
      24.783836,
      25.910374,
      24.783836,
      26.55411,
      26.232242,
      24.461968,
      25.105704,
      25.105704,
      23.979166,
      24.783836,
      25.588506,
      24.301033999999998,
      25.588506,
      24.94477,
      25.105704
    ],
    [
      2.2530759999999996,
      0.9656039999999999,
      1.60934,
      7.0810960000000005,
      16.0934,
      0.80467,
      0.80467,
      1.60934,
      1.7702740000000001,
