{
  "drive_dist_matrix": [
    [
      0.0,
      0.48280199999999995,
      7.563898,
      1.1265379999999998,
      4.345218,
      10.782578,
      0.80467,
      6.759228,
      3.5405480000000003,
      0.48280199999999995,
      12.07005,
      4.667085999999999,
      3.5405480000000003,
      4.82802,
      3.5405480000000003,
      3.8624159999999996,
      4.667085999999999,
      9.495106,
      1.60934,
      5.471756,
      7.24203,
      0.269,
      2.896812,
      2.41401,
      0.9656039999999999,
      0.6437360000000001,
      2.2530759999999996,
      0.6437360000000001,
      3.5405480000000003,
      0.48280199999999995,
      3.379614,
      0.6437360000000001,
      4.9889540000000006,
      12.391918,
      0.32186800000000004,
      4.02335,
      3.5405480000000003,
      4.667085999999999,
      4.184284,
      6.759228,
      17.059003999999998,
      3.5405480000000003,
      3.8624159999999996,
      23.496364,
      4.667085999999999,
      6.759228,
      0.9656039999999999,
      0.32186800000000004,
      4.02335,
      0.48280199999999995,
      7.24203,
      15.771532,
      1.9312079999999998,
      13.518456,
      6.759228,
      7.24203
    ],
    [
      0.48280199999999995,
      0.0,
      9.012303999999999,
      0.80467,
      4.184284,
      10.138842,
      0.9656039999999999,
      8.690436,
      2.896812,
      0.6437360000000001,
      11.426314,
      4.345218,
      4.345218,
      6.759228,
      4.9889540000000006,
      4.506151999999999,
      4.345218,
      8.85137,
      5.793624,
      5.310822,
      6.598293999999999,
      0.6437360000000001,
      6.43736,
      9.816974,
      0.6437360000000001,
      0.80467,
      5.63269,
      0.80467,
      4.345218,
      0.9656039999999999,
      4.9889540000000006,
      0.80467,
      4.82802,
      18.829278,
      0.6437360000000001,
      5.310822,
      4.345218,
      4.345218,
      3.5405480000000003,
      6.115492,
      16.415267999999998,
      4.345218,
      3.057746,
      22.852628,
      4.345218,
      8.207633999999999,
      0.48280199999999995,
      0.6437360000000001,
      3.379614,
      0.6437360000000001,
      8.85137,
      15.127796,
      7.0810960000000005,
      12.87472,
      8.207633999999999,
      9.173238
    ],
    [
      7.563898,
      9.012303999999999,
      0.0,
      16.415267999999998,
      14.48406,
      11.748182,
      10.621644,
      13.840323999999999,
      8.85137,
      10.782578,
      18.024607999999997,
      14.805927999999998,
      13.035654,
      11.909116000000001,
      4.82802,
      13.357522000000001,
      14.805927999999998,
      12.713786,
      9.65604,
      15.610598,
      8.368568,
      10.621644,
      4.82802,
      8.690436,
      6.598293999999999,
      9.334171999999999,
      5.9545580000000005,
      16.415267999999998,
      13.035654,
      10.782578,
      13.518456,
      9.334171999999999,
      12.391918,
      8.368568,
      10.46071,
      4.345218,
      12.87472,
      14.805927999999998,
      8.85137,
      10.138842,
      20.277684,
      13.035654,
      9.173238,
      24.461968,
      14.805927999999998,
      0.9656039999999999,
      6.759228,
      10.782578,
      9.334171999999999,
      9.65604,
      0.32186800000000004,
      16.737136,
      7.402963999999999,
      8.529501999999999,
      0.32186800000000004,
      14.323126
    ],
    [
      1.1265379999999998,
      0.80467,
      16.415267999999998,
      0.0,
      3.7014819999999995,
      10.299776000000001,
      2.5749440000000003,
      8.207633999999999,
      2.735878,
      0.80467,
      11.748182,
      4.02335,
      3.8624159999999996,
      6.276426,
      5.310822,
      4.02335,
      3.8624159999999996,
      8.0467,
      5.9545580000000005,
      4.82802,
      6.9201619999999995,
      0.80467,
      6.759228,
      9.334171999999999,
      6.598293999999999,
      0.48280199999999995,
      5.9545580000000005,
      0.279,
      3.8624159999999996,
      0.80467,
      4.506151999999999,
      0.48280199999999995,
      4.345218,
      18.346476,
      0.9656039999999999,
      5.471756,
      3.8624159999999996,
      4.02335,
      3.5405480000000003,
      5.9545580000000005,
      10.782578,
      3.8624159999999996,
      3.057746,
      23.013562,
      4.02335,
      8.529501999999999,
      1.1265379999999998,
      0.80467,
      3.21868,
      0.32186800000000004,
      9.012303999999999,
      15.28873,
      7.402963999999999,
      13.196587999999998,
      8.529501999999999,
      8.85137
    ],
    [
      4.345218,
      4.184284,
      14.48406,
      3.7014819999999995,
      0.0,
      23.33543,
      2.5749440000000003,
      4.9889540000000006,
      5.63269,
      4.02335,
      30.57746,
      0.6437360000000001,
      0.32186800000000004,
      3.057746,
      6.276426,
      0.80467,
      0.32186800000000004,
      15.28873,
      7.0810960000000005,
      2.735878,
      10.138842,
      3.8624159999999996,
      7.885766,
      6.115492,
      3.8624159999999996,
      4.02335,
      4.9889540000000006,
      3.7014819999999995,
      0.32186800000000004,
      4.02335,
      1.2874720000000002,
      4.02335,
      7.563898,
      15.127796,
      3.7014819999999995,
      6.759228,
      0.48280199999999995,
      0.48280199999999995,
      6.9201619999999995,
      9.816974,
      14.162192000000001,
      0.48280199999999995,
      5.471756,
      37.01482,
      0.6437360000000001,
      12.87472,
      4.02335,
      4.02335,
      6.115492,
      4.02335,
      13.035654,
      29.289987999999997,
      4.667085999999999,
      27.036912,
      12.713786,
      5.471756
    ],
    [
      10.782578,
      10.138842,
      11.748182,
      10.299776000000001,
      23.33543,
      0.0,
      10.782578,
      23.979166,
      8.368568,
      10.299776000000001,
      6.43736,
      24.94477,
      23.174496,
      22.047957999999998,
      7.0810960000000005,
      23.496364,
      24.94477,
      7.885766,
      8.690436,
      25.74944,
      5.793624,
      10.138842,
      9.816974,
      18.990212,
      9.495106,
      8.690436,
      8.690436,
      9.334171999999999,
      23.174496,
      9.012303999999999,
      23.657297999999997,
      8.690436,
      16.576202000000002,
      18.50741,
      9.977908000000001,
      8.0467,
      23.013562,
      24.94477,
      7.563898,
      6.9201619999999995,
      19.151146,
      23.174496,
      8.690436,
      16.415267999999998,
      24.94477,
      10.621644,
      9.65604,
      10.299776000000001,
      8.207633999999999,
      9.012303999999999,
      12.391918,
      8.690436,
      10.138842,
      6.43736,
      10.782578,
      24.461968
    ],
    [
      0.80467,
      0.9656039999999999,
      10.621644,
      2.5749440000000003,
      2.5749440000000003,
      10.782578,
      0.0,
      6.9201619999999995,
      5.310822,
      0.9656039999999999,
      14.48406,
      3.21868,
      2.735878,
      6.276426,
      4.82802,
      2.896812,
      3.057746,
      11.748182,
      2.735878,
      4.82802,
      8.690436,
      0.80467,
      3.7014819999999995,
      3.057746,
      2.41401,
      3.057746,
      3.5405480000000003,
      2.735878,
      2.735878,
      2.5749440000000003,
      3.057746,
      3.057746,
      8.85137,
      13.035654,
      2.2530759999999996,
      5.310822,
      2.896812,
      3.057746,
      6.115492,
      8.529501999999999,
      12.391918,
      2.735878,
      4.82802,
      25.910374,
      3.057746,
      7.563898,
      2.5749440000000003,
      2.5749440000000003,
      5.471756,
      1.1265379999999998,
      8.207633999999999,
      18.024607999999997,
      3.21868,
      14.162192000000001,
      7.563898,
      7.402963999999999
    ],
    [
      6.759228,
      8.690436,
      13.840323999999999,
      8.207633999999999,
      4.9889540000000006,
      23.979166,
      6.9201619999999995,
      0.0,
      10.138842,
      6.9201619999999995,
      30.899327999999997,
      6.598293999999999,
      4.82802,
      3.5405480000000003,
      9.334171999999999,
      5.149888000000001,
      6.598293999999999,
      19.473014,
      7.402963999999999,
      0.6437360000000001,
      13.357522000000001,
      6.9201619999999995,
      8.0467,
      6.43736,
      6.9201619999999995,
      8.529501999999999,
      8.0467,
      8.207633999999999,
      4.82802,
      6.9201619999999995,
      5.310822,
      8.529501999999999,
      11.748182,
      15.28873,
      6.598293999999999,
      9.495106,
      4.667085999999999,
      6.598293999999999,
      11.426314,
      13.357522000000001,
      18.346476,
      4.82802,
      9.977908000000001,
      37.336687999999995,
      6.598293999999999,
      13.196587999999998,
      7.0810960000000005,
      6.9201619999999995,
      10.621644,
      8.529501999999999,
      13.196587999999998,
      29.611855999999996,
      7.563898,
      27.35878,
      13.035654,
      1.7702740000000001
    ],
    [
      3.5405480000000003,
      2.896812,
      8.85137,
      2.735878,
      5.63269,
      8.368568,
      5.310822,
      10.138842,
      0.0,
      3.21868,
      10.943512,
      6.759228,
      6.598293999999999,
      9.012303999999999,
      5.149888000000001,
      6.759228,
      6.759228,
      5.471756,
      5.9545580000000005,
      7.563898,
      7.0810960000000005,
      3.21868,
      6.598293999999999,
      7.24203,
      6.598293999999999,
      2.735878,
      5.793624,
      3.057746,
      6.598293999999999,
      3.21868,
      7.402963999999999,
      2.735878,
      4.667085999999999,
      14.48406,
      7.0810960000000005,
      5.471756,
      6.598293999999999,
      6.759228,
      2.092142,
      3.379614,
      12.552852,
      6.598293999999999,
      1.1265379999999998,
      23.013562,
      6.759228,
      8.368568,
      6.759228,
      3.21868,
      0.48280199999999995,
      3.057746,
      9.012303999999999,
      11.909116000000001,
      7.24203,
      13.035654,
      8.368568,
      11.426314
    ],
    [
      0.48280199999999995,
      0.6437360000000001,
      10.782578,
      0.80467,
      4.02335,
      10.299776000000001,
      0.9656039999999999,
      6.9201619999999995,
      3.21868,
      0.0,
      11.909116000000001,
      4.02335,
      3.7014819999999995,
      4.82802,
      3.7014819999999995,
      3.8624159999999996,
      4.02335,
      9.173238,
      1.7702740000000001,
      5.793624,
      7.0810960000000005,
      0.32186800000000004,
      3.057746,
      2.41401,
      1.2874720000000002,
      0.80467,
      2.41401,
      0.80467,
      3.7014819999999995,
      0.374,
      3.5405480000000003,
      1.1265379999999998,
      4.82802,
      12.552852,
      0.48280199999999995,
      4.184284,
      3.7014819999999995,
      4.02335,
      4.02335,
      6.598293999999999,
      16.737136,
      3.7014819999999995,
      3.5405480000000003,
      23.174496,
      4.02335,
      6.759228,
      1.448406,
      0.16093400000000002,
      3.7014819999999995,
      0.6437360000000001,
      7.24203,
      15.449663999999999,
      2.092142,
      13.357522000000001,
      6.759228,
      7.24203
    ],
    [
      12.07005,
      11.426314,
      18.024607999999997,
      11.748182,
      30.57746,
      6.43736,
      14.48406,
      30.899327999999997,
      10.943512,
      11.909116000000001,
      0.0,
      31.864932,
      30.255592,
      28.96812,
      14.001257999999998,
      30.57746,
      31.864932,
      6.43736,
      13.035654,
      32.669602,
      12.87472,
      12.552852,
      15.28873,
      25.910374,
      13.67939,
      12.230984,
      12.87472,
      12.87472,
      30.255592,
      12.552852,
      30.738394000000003,
      12.230984,
      15.28873,
      25.588506,
      14.162192000000001,
      14.966862,
      29.933724,
      16.415267999999998,
      10.299776000000001,
      8.368568,
      9.816974,
      30.255592,
      12.552852,
      16.415267999999998,
      31.864932,
      16.254334,
      13.840323999999999,
      12.552852,
      11.104446000000001,
      12.391918,
      19.31208,
      0.9656039999999999,
      14.323126,
      12.07005,
      16.415267999999998,
      31.38213
    ],
    [
      4.667085999999999,
      4.345218,
      14.805927999999998,
      4.02335,
      0.6437360000000001,
      24.94477,
      3.21868,
      6.598293999999999,
      6.759228,
      4.02335,
      31.864932,
      0.0,
      0.9656039999999999,
      4.184284,
      6.759228,
      0.6437360000000001,
      0.32186800000000004,
      15.127796,
      8.207633999999999,
      2.41401,
      10.782578,
      4.345218,
      9.012303999999999,
      7.24203,
      4.345218,
      4.184284,
      5.471756,
      3.8624159999999996,
      0.32186800000000004,
      4.506151999999999,
      1.7702740000000001,
      4.184284,
      7.402963999999999,
      16.0934,
      4.184284,
      10.299776000000001,
      0.48280199999999995,
      0.32186800000000004,
      6.9201619999999995,
      9.012303999999999,
      14.001257999999998,
      0.9656039999999999,
      5.471756,
      38.141358,
      0.135,
      14.001257999999998,
      4.506151999999999,
      4.506151999999999,
      6.276426,
      4.184284,
      14.162192000000001,
      30.416525999999998,
      5.149888000000001,
      28.16345,
      13.840323999999999,
      6.598293999999999
    ],
    [
      3.5405480000000003,
      4.345218,
      13.035654,
      3.8624159999999996,
      0.32186800000000004,
      23.174496,
      2.735878,
      4.82802,
      6.598293999999999,
      3.7014819999999995,
      30.255592,
      0.9656039999999999,
      0.0,
      2.5749440000000003,
      6.115492,
      0.48280199999999995,
      0.453,
      15.28873,
      6.759228,
      2.735878,
      10.621644,
      3.7014819999999995,
      7.402963999999999,
      5.793624,
      3.7014819999999995,
      4.02335,
      4.82802,
      3.7014819999999995,
      0.387,
      3.7014819999999995,
      0.9656039999999999,
      4.02335,
      7.563898,
      14.644993999999999,
      3.379614,
      8.85137,
      0.16093400000000002,
      1.1265379999999998,
      6.9201619999999995,
      8.85137,
      14.162192000000001,
      0.013,
      5.471756,
      36.692952,
      0.32186800000000004,
      12.552852,
      3.8624159999999996,
      3.7014819999999995,
      6.115492,
      4.02335,
      12.552852,
      28.807185999999998,
      4.345218,
      26.715044000000002,
      12.230984,
      4.9889540000000006
    ],
    [
      4.82802,
      6.759228,
      11.909116000000001,
      6.276426,
      3.057746,
      22.047957999999998,
      6.276426,
      3.5405480000000003,
      9.012303999999999,
      4.82802,
      28.96812,
      4.184284,
      2.5749440000000003,
      0.0,
      8.529501999999999,
      3.5405480000000003,
      4.82802,
      17.863674,
      5.63269,
      5.793624,
      12.552852,
      6.598293999999999,
      6.43736,
      4.667085999999999,
      6.598293999999999,
      6.759228,
      7.0810960000000005,
      6.598293999999999,
      3.21868,
      6.759228,
      3.7014819999999995,
      6.759228,
      10.138842,
      13.67939,
      6.43736,
      7.885766,
      2.896812,
      4.82802,
      9.65604,
      11.587248,
      16.737136,
      3.21868,
      8.207633999999999,
      35.566414,
      4.82802,
      11.426314,
      6.759228,
      6.759228,
      9.012303999999999,
      6.9201619999999995,
      11.587248,
      27.841582000000002,
      7.402963999999999,
      25.74944,
      11.26538,
      3.7014819999999995
    ],
    [
      3.5405480000000003,
      4.9889540000000006,
      4.82802,
      5.310822,
      6.276426,
      7.0810960000000005,
      4.82802,
      9.334171999999999,
      5.149888000000001,
      3.7014819999999995,
      14.001257999999998,
      6.759228,
      6.115492,
      8.529501999999999,
      0.0,
      6.276426,
      6.9201619999999995,
      8.690436,
      2.092142,
      11.104446000000001,
      4.506151999999999,
      3.5405480000000003,
      2.735878,
      3.379614,
      2.896812,
      5.149888000000001,
      2.092142,
      5.793624,
      5.9545580000000005,
      3.7014819999999995,
      5.793624,
      5.149888000000001,
      8.207633999999999,
      10.621644,
      3.379614,
      1.1265379999999998,
      8.368568,
      6.9201619999999995,
      4.82802,
      5.9545580000000005,
      16.254334,
      5.9545580000000005,
      4.9889540000000006,
      21.404222,
      6.9201619999999995,
      4.184284,
      2.896812,
      3.7014819999999995,
      5.310822,
      5.471756,
      4.667085999999999,
      13.518456,
      3.5405480000000003,
      9.977908000000001,
      4.184284,
      9.65604
    ],
    [
      3.8624159999999996,
      4.506151999999999,
      13.357522000000001,
      4.02335,
      0.80467,
      23.496364,
      2.896812,
      5.149888000000001,
      6.759228,
      3.8624159999999996,
      30.57746,
      0.6437360000000001,
      0.48280199999999995,
      3.5405480000000003,
      6.276426,
      0.0,
      0.48280199999999995,
      15.610598,
      6.43736,
      2.896812,
      13.196587999999998,
      3.5405480000000003,
      7.0810960000000005,
      5.471756,
      3.5405480000000003,
      4.345218,
      4.667085999999999,
      4.02335,
      0.48280199999999995,
      3.7014819999999995,
      0.6437360000000001,
      4.345218,
      7.885766,
      14.323126,
      3.379614,
      8.529501999999999,
      0.16093400000000002,
      0.32186800000000004,
      7.402963999999999,
      9.173238,
      14.48406,
      0.32186800000000004,
      5.63269,
      36.371084,
      1.448406,
      12.230984,
      3.7014819999999995,
      3.7014819999999995,
      6.43736,
      4.345218,
      12.230984,
      28.485318,
      4.345218,
      26.393175999999997,
      11.909116000000001,
      4.667085999999999
    ],
    [
      4.667085999999999,
      4.345218,
      14.805927999999998,
      3.8624159999999996,
      0.32186800000000004,
      24.94477,
      3.057746,
      6.598293999999999,
      6.759228,
      4.02335,
      31.864932,
      0.32186800000000004,
      0.453,
      4.82802,
      6.9201619999999995,
      0.48280199999999995,
      0.0,
      14.966862,
      8.207633999999999,
      2.41401,
      10.621644,
      4.345218,
      8.85137,
      7.24203,
      4.345218,
      4.02335,
      5.471756,
      3.7014819999999995,
      0.184,
      4.506151999999999,
      1.7702740000000001,
      4.02335,
      7.402963999999999,
      16.0934,
      4.184284,
      10.299776000000001,
      0.16093400000000002,
      0.0,
      7.24203,
      8.85137,
      17.541806,
      0.9656039999999999,
      5.471756,
      38.141358,
      0.16093400000000002,
      14.001257999999998,
      4.506151999999999,
      4.345218,
      6.276426,
      4.184284,
      14.001257999999998,
      30.255592,
      4.9889540000000006,
      28.16345,
      13.67939,
      6.43736
    ],
    [
      9.495106,
      8.85137,
      12.713786,
      8.0467,
      15.28873,
      7.885766,
      11.748182,
      19.473014,
      5.471756,
      9.173238,
      6.43736,
      15.127796,
      15.28873,
      17.863674,
      8.690436,
      15.610598,
      14.966862,
      0.0,
      9.495106,
      15.28873,
      8.0467,
      9.173238,
      10.299776000000001,
      10.782578,
      10.138842,
      8.690436,
      9.495106,
      9.334171999999999,
      14.805927999999998,
      9.012303999999999,
      15.932466,
      8.690436,
      9.012303999999999,
      22.53076,
      9.334171999999999,
      9.012303999999999,
      15.28873,
      14.805927999999998,
      4.9889540000000006,
      3.21868,
      8.529501999999999,
      15.127796,
      6.43736,
      19.794882,
      14.805927999999998,
      12.07005,
      10.299776000000001,
      9.173238,
      4.82802,
      9.012303999999999,
      16.254334,
      7.0810960000000005,
      10.943512,
      15.449663999999999,
      12.07005,
      19.473014
    ],
    [
      1.60934,
      5.793624,
      9.65604,
      5.9545580000000005,
      7.0810960000000005,
      8.690436,
      2.735878,
      7.402963999999999,
      5.9545580000000005,
      1.7702740000000001,
      13.035654,
      8.207633999999999,
      6.759228,
      5.63269,
      2.092142,
      6.43736,
      8.207633999999999,
      9.495106,
      0.0,
      9.173238,
      6.115492,
      1.7702740000000001,
      1.1265379999999998,
      1.448406,
      1.448406,
      6.276426,
      1.60934,
      6.9201619999999995,
      6.598293999999999,
      1.7702740000000001,
      3.8624159999999996,
      6.276426,
      9.334171999999999,
      11.587248,
      1.60934,
      2.735878,
      6.43736,
      8.368568,
      5.793624,
      6.9201619999999995,
      17.219938,
      6.598293999999999,
      6.115492,
      23.657297999999997,
      8.368568,
      5.310822,
      1.60934,
      1.7702740000000001,
      6.276426,
      6.43736,
      5.793624,
      15.932466,
      2.092142,
      11.426314,
      5.149888000000001,
      7.885766
    ],
    [
      5.471756,
      5.310822,
      15.610598,
      4.82802,
      2.735878,
      25.74944,
      4.82802,
      0.6437360000000001,
      7.563898,
      5.793624,
      32.669602,
      2.41401,
      2.735878,
      5.793624,
      11.104446000000001,
      2.896812,
      2.41401,
      15.28873,
      9.173238,
      0.0,
      11.587248,
      5.9545580000000005,
      9.816974,
      8.0467,
      5.9545580000000005,
      4.9889540000000006,
      7.0810960000000005,
      4.667085999999999,
      2.41401,
      5.149888000000001,
      3.21868,
      4.9889540000000006,
      7.563898,
      17.059003999999998,
      5.63269,
      11.26538,
      2.5749440000000003,
      2.41401,
      7.885766,
      13.518456,
      14.323126,
      2.5749440000000003,
      6.43736,
      38.946028,
      2.41401,
      14.966862,
      6.115492,
      5.149888000000001,
      10.782578,
      4.9889540000000006,
      14.966862,
      31.221196,
      6.598293999999999,
      29.129054000000004,
      14.644993999999999,
      7.402963999999999
    ],
    [
      7.24203,
      6.598293999999999,
      8.368568,
      6.9201619999999995,
      10.138842,
      5.793624,
      8.690436,
      13.357522000000001,
      7.0810960000000005,
      7.0810960000000005,
      12.87472,
      10.782578,
      10.621644,
      12.552852,
      4.506151999999999,
      13.196587999999998,
      10.621644,
      8.0467,
      6.115492,
      11.587248,
      0.0,
      7.563898,
      6.598293999999999,
      7.402963999999999,
      6.759228,
      7.0810960000000005,
      6.115492,
      7.563898,
      23.818232000000002,
      7.402963999999999,
      9.816974,
      7.0810960000000005,
      11.104446000000001,
      19.151146,
      7.24203,
      5.310822,
      23.657297999999997,
      25.588506,
      5.9545580000000005,
      5.471756,
      19.151146,
      23.818232000000002,
      6.9201619999999995,
      19.794882,
      25.588506,
      7.724831999999999,
      6.9201619999999995,
      7.402963999999999,
      6.759228,
      7.24203,
      13.035654,
      12.07005,
      7.563898,
      9.977908000000001,
      7.724831999999999,
      25.105704
    ],
    [
      0.269,
      0.6437360000000001,
      10.621644,
      0.80467,
      3.8624159999999996,
      10.138842,
      0.80467,
      6.9201619999999995,
      3.21868,
      0.32186800000000004,
      12.552852,
      4.345218,
      3.7014819999999995,
      6.598293999999999,
      3.5405480000000003,
      3.5405480000000003,
      4.345218,
      9.173238,
      1.7702740000000001,
      5.9545580000000005,
      7.563898,
      0.0,
      2.896812,
      2.41401,
      1.2874720000000002,
      0.80467,
      2.41401,
      0.9656039999999999,
      3.7014819999999995,
      0.32186800000000004,
      3.379614,
      0.80467,
      4.82802,
      12.552852,
      0.32186800000000004,
      4.02335,
      3.7014819999999995,
      4.184284,
      4.02335,
      6.598293999999999,
      16.89807,
      3.7014819999999995,
      3.5405480000000003,
      23.33543,
      4.184284,
      6.759228,
      1.2874720000000002,
      0.32186800000000004,
      3.8624159999999996,
      0.48280199999999995,
      7.402963999999999,
      15.610598,
      1.9312079999999998,
      13.357522000000001,
      6.759228,
      7.24203
    ],
    [
      2.896812,
      6.43736,
      4.82802,
      6.759228,
      7.885766,
      9.816974,
      3.7014819999999995,
      8.0467,
      6.598293999999999,
      3.057746,
      15.28873,
      9.012303999999999,
      7.402963999999999,
      6.43736,
      2.735878,
      7.0810960000000005,
      8.85137,
      10.299776000000001,
      1.1265379999999998,
      9.816974,
      6.598293999999999,
      2.896812,
      0.0,
      2.41401,
      2.2530759999999996,
      6.759228,
      2.2530759999999996,
      7.402963999999999,
      7.563898,
      3.057746,
      4.82802,
      6.759228,
      9.816974,
      9.334171999999999,
      2.735878,
      1.60934,
      7.402963999999999,
      9.334171999999999,
      6.43736,
      7.563898,
      17.863674,
      7.563898,
      6.598293999999999,
      23.013562,
      9.334171999999999,
      4.02335,
      2.41401,
      3.057746,
      6.759228,
      7.0810960000000005,
      4.506151999999999,
      15.28873,
      3.057746,
      11.587248,
      4.02335,
      8.0467
    ],
    [
      2.41401,
      9.816974,
      8.690436,
      9.334171999999999,
      6.115492,
      18.990212,
      3.057746,
      6.43736,
      7.24203,
      2.41401,
      25.910374,
      7.24203,
      5.793624,
      4.667085999999999,
      3.379614,
      5.471756,
      7.24203,
      10.782578,
      1.448406,
      8.0467,
      7.402963999999999,
      2.41401,
      2.41401,
      0.0,
      3.5405480000000003,
      9.334171999999999,
      3.8624159999999996,
      9.012303999999999,
      5.63269,
      3.5405480000000003,
      6.115492,
      9.334171999999999,
      12.552852,
      10.621644,
      3.21868,
      4.667085999999999,
      5.471756,
      7.24203,
      8.207633999999999,
      14.162192000000001,
      19.151146,
      5.63269,
      10.621644,
      32.508668,
      7.402963999999999,
      8.368568,
      3.5405480000000003,
      3.5405480000000003,
      11.426314,
      9.334171999999999,
      8.529501999999999,
      24.783836,
      4.184284,
      22.53076,
      8.207633999999999,
      6.9201619999999995
    ],
    [
      0.9656039999999999,
      0.6437360000000001,
      6.598293999999999,
      6.598293999999999,
      3.8624159999999996,
      9.495106,
      2.41401,
      6.9201619999999995,
      6.598293999999999,
      1.2874720000000002,
      13.67939,
      4.345218,
      3.7014819999999995,
      6.598293999999999,
      2.896812,
      3.5405480000000003,
      4.345218,
      10.138842,
      1.448406,
      5.9545580000000005,
      6.759228,
      1.2874720000000002,
      2.2530759999999996,
      3.5405480000000003,
      0.0,
      1.1265379999999998,
      1.60934,
      4.345218,
      3.7014819999999995,
      1.2874720000000002,
      3.379614,
      1.1265379999999998,
      9.977908000000001,
      12.87472,
      0.80467,
      3.21868,
      3.7014819999999995,
      4.667085999999999,
      6.43736,
      7.563898,
      17.863674,
      3.7014819999999995,
      6.759228,
      24.301033999999998,
      4.667085999999999,
      5.793624,
      0.6437360000000001,
      1.2874720000000002,
      6.9201619999999995,
      1.1265379999999998,
      6.43736,
      15.771532,
      0.80467,
      12.07005,
      5.793624,
      7.24203
    ],
    [
      0.6437360000000001,
      0.80467,
      9.334171999999999,
      0.48280199999999995,
      4.02335,
      8.690436,
      3.057746,
      8.529501999999999,
      2.735878,
      0.80467,
      12.230984,
      4.184284,
      4.02335,
      6.759228,
      5.149888000000001,
      4.345218,
      4.02335,
      8.690436,
      6.276426,
      4.9889540000000006,
      7.0810960000000005,
      0.80467,
      6.759228,
      9.334171999999999,
      1.1265379999999998,
      0.0,
      5.793624,
      0.32186800000000004,
      3.5405480000000003,
      0.80467,
      4.02335,
      0.0,
      4.667085999999999,
      18.668343999999998,
      0.9656039999999999,
      5.310822,
      3.7014819999999995,
      4.345218,
      3.379614,
      5.9545580000000005,
      16.415267999999998,
      4.345218,
      3.057746,
      22.852628,
      4.345218,
      8.368568,
      0.80467,
      0.80467,
      3.21868,
      0.6437360000000001,
      8.85137,
      15.127796,
      7.24203,
      13.035654,
      8.368568,
      9.173238
    ],
    [
      2.2530759999999996,
      5.63269,
      5.9545580000000005,
      5.9545580000000005,
      4.9889540000000006,
      8.690436,
      3.5405480000000003,
      8.0467,
      5.793624,
      2.41401,
      12.87472,
      5.471756,
      4.82802,
      7.0810960000000005,
      2.092142,
      4.667085999999999,
      5.471756,
      9.495106,
      1.60934,
      7.0810960000000005,
      6.115492,
      2.41401,
      2.2530759999999996,
      3.8624159999999996,
      1.60934,
      5.793624,
      0.0,
      6.759228,
      4.82802,
      2.41401,
      4.506151999999999,
      6.115492,
      9.173238,
      12.87472,
      2.092142,
      2.5749440000000003,
      4.82802,
      5.9545580000000005,
      5.793624,
      6.9201619999999995,
      17.059003999999998,
      4.82802,
      5.9545580000000005,
      23.657297999999997,
      5.63269,
      5.149888000000001,
      1.7702740000000001,
      2.41401,
      6.115492,
      6.43736,
      5.63269,
      15.127796,
      0.9656039999999999,
      11.426314,
      5.149888000000001,
      8.368568
    ],
    [
      0.6437360000000001,
      0.80467,
      16.415267999999998,
      0.279,
      3.7014819999999995,
      9.334171999999999,
      2.735878,
      8.207633999999999,
      3.057746,
      0.80467,
      12.87472,
      3.8624159999999996,
      3.7014819999999995,
      6.598293999999999,
      5.793624,
      4.02335,
      3.7014819999999995,
      9.334171999999999,
      6.9201619999999995,
      4.667085999999999,
      7.563898,
      0.9656039999999999,
      7.402963999999999,
      9.012303999999999,
      4.345218,
      0.32186800000000004,
      6.759228,
      0.0,
      3.379614,
      0.80467,
      3.8624159999999996,
      0.32186800000000004,
      4.345218,
      18.50741,
      1.1265379999999998,
      5.471756,
      3.379614,
      4.02335,
      3.5405480000000003,
      5.9545580000000005,
      16.576202000000002,
      3.379614,
      3.057746,
      23.013562,
      4.02335,
      8.529501999999999,
      1.1265379999999998,
      0.80467,
      3.21868,
      0.16093400000000002,
      9.012303999999999,
      15.28873,
      7.402963999999999,
      13.196587999999998,
      8.529501999999999,
      8.85137
    ],
    [
      3.5405480000000003,
      4.345218,
      13.035654,
      3.8624159999999996,
      0.32186800000000004,
      23.174496,
      2.735878,
      4.82802,
      6.598293999999999,
      3.7014819999999995,
      30.255592,
      0.32186800000000004,
      0.387,
      3.21868,
      5.9545580000000005,
      0.48280199999999995,
      0.184,
      14.805927999999998,
      6.598293999999999,
      2.41401,
      23.818232000000002,
      3.7014819999999995,
      7.563898,
      5.63269,
      3.7014819999999995,
      3.5405480000000003,
      4.82802,
      3.379614,
      0.0,
      3.5405480000000003,
      0.9656039999999999,
      4.02335,
      7.402963999999999,
      14.644993999999999,
      3.379614,
      8.85137,
      0.16093400000000002,
      0.472,
      6.9201619999999995,
      8.85137,
      14.001257999999998,
      0.0,
      5.471756,
      36.692952,
      0.32186800000000004,
      12.552852,
      3.8624159999999996,
      3.5405480000000003,
      6.276426,
      4.184284,
      12.552852,
      28.807185999999998,
      4.345218,
      26.715044000000002,
      12.230984,
      4.9889540000000006
    ],
    [
      0.48280199999999995,
      0.9656039999999999,
      10.782578,
      0.80467,
      4.02335,
      9.012303999999999,
      2.5749440000000003,
      6.9201619999999995,
      3.21868,
      0.374,
      12.552852,
      4.506151999999999,
      3.7014819999999995,
      6.759228,
      3.7014819999999995,
      3.7014819999999995,
      4.506151999999999,
      9.012303999999999,
      1.7702740000000001,
      5.149888000000001,
      7.402963999999999,
      0.32186800000000004,
      3.057746,
      3.5405480000000003,
      1.2874720000000002,
      0.80467,
      2.41401,
      0.80467,
      3.5405480000000003,
      0.0,
      3.5405480000000003,
      0.80467,
      4.82802,
      12.552852,
      0.48280199999999995,
      4.184284,
      3.7014819999999995,
      4.345218,
      4.02335,
      6.43736,
      16.737136,
      3.7014819999999995,
      3.5405480000000003,
      23.33543,
      4.02335,
      6.759228,
      1.448406,
      0.486,
      3.7014819999999995,
      0.6437360000000001,
      7.24203,
      15.449663999999999,
      2.092142,
      13.357522000000001,
      6.759228,
      7.24203
    ],
    [
      3.379614,
      4.9889540000000006,
      13.518456,
      4.506151999999999,
      1.2874720000000002,
      23.657297999999997,
      3.057746,
      5.310822,
      7.402963999999999,
      3.5405480000000003,
      30.738394000000003,
      1.7702740000000001,
      0.9656039999999999,
      3.7014819999999995,
      5.793624,
      0.6437360000000001,
      1.7702740000000001,
      15.932466,
      3.8624159999999996,
      3.21868,
      9.816974,
      3.379614,
      4.82802,
      6.115492,
      3.379614,
      4.02335,
      4.506151999999999,
      3.8624159999999996,
      0.9656039999999999,
      3.5405480000000003,
      0.0,
      4.667085999999999,
      8.368568,
      15.127796,
      3.21868,
      6.276426,
      0.80467,
      1.9312079999999998,
      7.563898,
      9.495106,
      14.966862,
      0.9656039999999999,
      6.115492,
      37.175754000000005,
      1.9312079999999998,
      13.035654,
      3.5405480000000003,
      3.5405480000000003,
      6.9201619999999995,
      4.82802,
      13.035654,
      29.289987999999997,
      4.184284,
      27.197846,
      12.713786,
      5.471756
    ],
    [
      0.6437360000000001,
      0.80467,
      9.334171999999999,
      0.48280199999999995,
      4.02335,
      8.690436,
      3.057746,
      8.529501999999999,
      2.735878,
      1.1265379999999998,
      12.230984,
      4.184284,
      4.02335,
      6.759228,
      5.149888000000001,
      4.345218,
      4.02335,
      8.690436,
      6.276426,
      4.9889540000000006,
      7.0810960000000005,
      0.80467,
      6.759228,
      9.334171999999999,
      1.1265379999999998,
      0.0,
      6.115492,
      0.32186800000000004,
      4.02335,
      0.80467,
      4.667085999999999,
      0.0,
      4.667085999999999,
      18.668343999999998,
      0.9656039999999999,
      5.310822,
      3.7014819999999995,
      4.345218,
      3.379614,
      5.9545580000000005,
      16.415267999999998,
      3.5405480000000003,
      3.057746,
      22.852628,
      4.345218,
      8.368568,
      0.80467,
      0.9656039999999999,
      3.21868,
      0.6437360000000001,
      8.85137,
      15.127796,
      7.24203,
      13.035654,
      8.368568,
      9.173238
    ],
    [
      4.9889540000000006,
      4.82802,
      12.391918,
      4.345218,
      7.563898,
      16.576202000000002,
      8.85137,
      11.748182,
      4.667085999999999,
      4.82802,
      15.28873,
      7.402963999999999,
      7.563898,
      10.138842,
      8.207633999999999,
      7.885766,
      7.402963999999999,
      9.012303999999999,
      9.334171999999999,
      7.563898,
      11.104446000000001,
      4.82802,
      9.816974,
      12.552852,
      9.977908000000001,
      4.667085999999999,
      9.173238,
      4.345218,
      7.402963999999999,
      4.82802,
      8.368568,
      4.667085999999999,
      0.0,
      22.369826,
      8.690436,
      7.24203,
      8.529501999999999,
      8.0467,
      5.149888000000001,
      5.9545580000000005,
      10.138842,
      8.529501999999999,
      2.735878,
      24.622902,
      8.0467,
      10.138842,
      8.368568,
      5.793624,
      3.057746,
      7.0810960000000005,
      10.621644,
      16.89807,
      8.85137,
      14.805927999999998,
      9.977908000000001,
      12.713786
    ],
    [
      12.391918,
      18.829278,
      8.368568,
      18.346476,
      15.127796,
      18.50741,
      13.035654,
      15.28873,
      14.48406,
      12.552852,
      25.588506,
      16.0934,
      14.644993999999999,
      13.67939,
      10.621644,
      14.323126,
      16.0934,
      22.53076,
      11.587248,
      17.059003999999998,
      19.151146,
      12.552852,
      9.334171999999999,
      10.621644,
      12.87472,
      18.668343999999998,
      12.87472,
      18.50741,
      14.644993999999999,
      12.552852,
      15.127796,
      18.668343999999998,
      22.369826,
      0.0,
      11.909116000000001,
      9.65604,
      14.48406,
      16.415267999999998,
      14.162192000000001,
      21.082354,
      33.152404000000004,
      14.805927999999998,
      19.794882,
      31.703998,
      16.415267999999998,
      7.563898,
      12.552852,
      12.230984,
      14.644993999999999,
      18.50741,
      7.563898,
      23.979166,
      13.035654,
      15.127796,
      7.24203,
      15.932466
    ],
    [
      0.32186800000000004,
      0.6437360000000001,
      10.46071,
      0.9656039999999999,
      3.7014819999999995,
      9.977908000000001,
      2.2530759999999996,
      6.598293999999999,
      7.0810960000000005,
      0.48280199999999995,
      14.162192000000001,
      4.184284,
      3.379614,
      6.43736,
      3.379614,
      3.379614,
      4.184284,
      9.334171999999999,
      1.60934,
      5.63269,
      7.24203,
      0.32186800000000004,
      2.735878,
      3.21868,
      0.80467,
      0.9656039999999999,
      2.092142,
      1.1265379999999998,
      3.379614,
      0.48280199999999995,
      3.21868,
      0.9656039999999999,
      8.690436,
      11.909116000000001,
      0.0,
      3.8624159999999996,
      3.379614,
      4.345218,
      4.184284,
      6.759228,
      17.059003999999998,
      3.379614,
      3.8624159999999996,
      23.496364,
      4.667085999999999,
      6.598293999999999,
      1.1265379999999998,
      0.48280199999999995,
      4.02335,
      0.80467,
      7.0810960000000005,
      15.771532,
      1.7702740000000001,
      13.67939,
      6.598293999999999,
      6.9201619999999995
    ],
    [
      4.02335,
      5.310822,
      4.345218,
      5.471756,
      6.759228,
      8.0467,
      5.310822,
      9.495106,
      5.471756,
      4.184284,
      14.966862,
      10.299776000000001,
      8.85137,
      7.885766,
      1.1265379999999998,
      8.529501999999999,
      10.299776000000001,
      9.012303999999999,
      2.735878,
      11.26538,
      5.310822,
      4.02335,
      1.60934,
      4.667085999999999,
      3.21868,
      5.310822,
      2.5749440000000003,
      5.471756,
      8.85137,
      4.184284,
      6.276426,
      5.310822,
      7.24203,
      9.65604,
      3.8624159999999996,
      0.0,
      8.690436,
      14.162192000000001,
      4.9889540000000006,
      6.115492,
      16.415267999999998,
      6.43736,
