{
  "drive_dist_matrix": [
    [
      0.0,
      0.65,
      6.5,
      1.0,
      0.95,
      1.7,
      7.0,
      0.6,
      7.8,
      3.0,
      1.9,
      19.6,
      0.85,
      2.5,
      0.45,
      10.3,
      7.8,
      8.6,
      2.7,
      1.7,
      6.1,
      1.8,
      30.6,
      0.16,
      0.5,
      0.5,
      2.8,
      1.8,
      1.5,
      12.0,
      0.5,
      2.5,
      2.1,
      2.3,
      0.6,
      36.7,
      36.9,
      2.4,
      23.9,
      0.55,
      36.0,
      21.2,
      30.2,
      2.9,
      43.7,
      34.7,
      27.9,
      28.0,
      56.3,
      16.6,
      18.3,
      24.2,
      26.7
    ],
    [
      0.65,
      0.0,
      5.1,
      2.3,
      0.75,
      1.4,
      6.7,
      0.6,
      7.5,
      2.7,
      1.6,
      19.3,
      1.9,
      2.2,
      1.6,
      10.1,
      6.1,
      11.7,
      2.5,
      1.0,
      4.2,
      0.75,
      31.2,
      0.8,
      0.55,
      0.75,
      0.75,
      0.5,
      1.2,
      12.5,
      0.6,
      3.1,
      1.9,
      2.8,
      0.4,
      37.3,
      36.5,
      0.0,
      23.6,
      0.29,
      35.7,
      21.8,
      29.9,
      2.7,
      42.2,
      35.3,
      28.5,
      28.6,
      56.9,
      17.2,
      17.9,
      23.8,
      27.2
    ],
    [
      6.5,
      5.1,
      0.0,
      6.4,
      5.4,
      5.2,
      3.2,
      5.3,
      4.0,
      5.5,
      5.7,
      13.1,
      6.1,
      5.3,
      5.7,
      6.5,
      1.7,
      2.7,
      4.9,
      5.4,
      8.3,
      5.6,
      40.9,
      6.0,
      6.7,
      5.5,
      5.0,
      5.6,
      5.3,
      17.2,
      6.7,
      7.2,
      6.0,
      7.0,
      5.7,
      46.8,
      33.2,
      5.1,
      20.3,
      5.7,
      32.2,
      24.9,
      28.0,
      5.1,
      42.3,
      44.9,
      32.2,
      32.3,
      66.5,
      21.2,
      14.6,
      20.5,
      30.0
    ],
    [
      1.0,
      2.3,
      6.4,
      0.0,
      1.5,
      1.6,
      6.8,
      2.4,
      7.7,
      2.8,
      1.8,
      19.4,
      0.7,
      2.3,
      1.1,
      10.1,
      7.6,
      8.5,
      2.5,
      1.6,
      6.0,
      1.6,
      30.4,
      0.8,
      0.75,
      0.85,
      2.6,
      1.6,
      1.3,
      11.8,
      0.75,
      0.75,
      1.9,
      1.0,
      1.4,
      36.5,
      36.7,
      2.2,
      23.8,
      1.1,
      35.9,
      21.0,
      30.0,
      2.8,
      43.5,
      34.5,
      27.7,
      27.8,
      56.1,
      16.4,
      18.1,
      24.0,
      26.5
    ],
    [
      0.95,
      0.75,
      5.4,
      1.5,
      0.0,
      0.8,
      5.9,
      0.8,
      6.8,
      2.0,
      1.1,
      18.6,
      1.2,
      1.5,
      0.6,
      9.2,
      6.7,
      11.8,
      1.8,
      0.45,
      4.8,
      0.18,
      30.5,
      1.2,
      1.0,
      0.6,
      1.0,
      0.3,
      0.4,
      11.8,
      1.0,
      2.4,
      1.2,
      2.1,
      0.65,
      36.6,
      35.8,
      0.75,
      22.9,
      0.3,
      34.9,
      21.1,
      29.2,
      2.0,
      42.3,
      34.6,
      27.8,
      27.9,
      56.2,
      16.5,
      17.2,
      23.1,
      26.5
    ],
    [
      1.7,
      1.4,
      5.2,
      1.6,
      0.8,
      0.0,
      6.2,
      1.8,
      7.0,
      1.8,
      0.45,
      18.4,
      2.3,
      0.75,
      1.1,
      9.5,
      7.0,
      7.9,
      0.9,
      0.45,
      5.4,
      0.8,
      30.3,
      2.3,
      2.9,
      0.75,
      2.0,
      0.9,
      0.27,
      11.9,
      2.9,
      2.2,
      0.9,
      2.0,
      1.5,
      36.4,
      36.1,
      1.6,
      23.2,
      1.2,
      35.2,
      20.9,
      29.0,
      1.0,
      42.9,
      34.4,
      27.8,
      27.9,
      56.0,
      16.6,
      17.5,
      23.4,
      26.6
    ],
    [
      7.0,
      6.7,
      3.2,
      6.8,
      5.9,
      6.2,
      0.0,
      6.8,
      0.9,
      5.5,
      6.4,
      10.4,
      6.6,
      5.2,
      6.2,
      4.0,
      3.4,
      4.6,
      4.9,
      5.9,
      10.4,
      6.1,
      38.1,
      6.5,
      7.2,
      6.0,
      7.0,
      6.1,
      6.2,
      16.0,
      7.2,
      7.3,
      6.1,
      7.2,
      6.2,
      44.1,
      32.4,
      6.6,
      19.7,
      6.2,
      31.6,
      22.1,
      25.3,
      5.0,
      44.1,
      42.2,
      29.5,
      29.6,
      63.8,
      20.7,
      14.1,
      19.7,
      27.3
    ],
    [
      0.6,
      0.6,
      5.3,
      2.4,
      0.8,
      1.8,
      6.8,
      0.0,
      7.6,
      2.9,
      1.7,
      19.4,
      1.4,
      2.4,
      0.6,
      10.2,
      6.3,
      11.9,
      2.6,
      1.2,
      4.3,
      1.0,
      31.3,
      0.8,
      0.044,
      1.0,
      0.75,
      0.8,
      1.2,
      12.7,
      0.2,
      3.2,
      2.0,
      3.0,
      0.7,
      37.4,
      36.6,
      0.6,
      23.7,
      0.6,
      35.8,
      21.9,
      30.1,
      2.9,
      42.4,
      35.4,
      28.6,
      28.7,
      57.0,
      17.3,
      18.1,
      24.0,
      27.4
    ],
    [
      7.8,
      7.5,
      4.0,
      7.7,
      6.8,
      7.0,
      0.9,
      7.6,
      0.0,
      5.0,
      7.2,
      9.4,
      7.4,
      6.0,
      7.0,
      3.2,
      4.2,
      5.3,
      5.1,
      6.8,
      11.0,
      7.0,
      27.9,
      7.3,
      8.0,
      6.8,
      7.7,
      7.0,
      7.1,
      15.1,
      8.0,
      6.8,
      5.6,
      6.7,
      7.0,
      43.1,
      30.4,
      7.4,
      18.5,
      7.0,
      29.6,
      21.2,
      24.3,
      5.3,
      45.0,
      41.3,
      28.6,
      28.6,
      62.9,
      19.8,
      14.9,
      17.7,
      26.4
    ],
    [
      3.0,
      2.7,
      5.5,
      2.8,
      2.0,
      1.8,
      5.5,
      2.9,
      5.0,
      0.0,
      2.0,
      17.6,
      2.2,
      0.5,
      2.2,
      7.4,
      6.6,
      7.6,
      0.6,
      1.8,
      6.2,
      2.3,
      29.7,
      2.2,
      2.8,
      1.9,
      2.9,
      2.3,
      1.6,
      11.2,
      2.8,
      2.1,
      0.55,
      2.0,
      2.2,
      35.7,
      35.8,
      2.5,
      22.9,
      2.2,
      35.0,
      20.4,
      28.2,
      0.45,
      43.9,
      33.7,
      25.2,
      25.3,
      55.3,
      15.8,
      17.3,
      26.0,
      24.0
    ],
    [
      1.9,
      1.6,
      5.7,
      1.8,
      1.1,
      0.45,
      6.4,
      1.7,
      7.2,
      2.0,
      0.0,
      16.5,
      1.5,
      0.9,
      1.1,
      8.3,
      5.9,
      6.7,
      0.7,
      0.6,
      5.3,
      1.1,
      30.8,
      1.4,
      2.1,
      0.9,
      2.0,
      1.1,
      0.6,
      12.1,
      2.1,
      2.6,
      1.4,
      2.4,
      1.1,
      36.8,
      34.9,
      1.5,
      22.0,
      1.1,
      34.1,
      21.3,
      29.5,
      0.8,
      42.4,
      34.8,
      28.0,
      28.1,
      56.4,
      16.7,
      16.3,
      22.2,
      29.6
    ],
    [
      19.6,
      19.3,
      13.1,
      19.4,
      18.6,
      18.4,
      10.4,
      19.4,
      9.4,
      17.6,
      16.5,
      0.0,
      20.6,
      19.6,
      20.6,
      7.9,
      13.5,
      16.4,
      19.8,
      20.2,
      24.6,
      19.0,
      39.0,
      20.6,
      21.2,
      20.3,
      21.3,
      20.4,
      19.9,
      16.9,
      21.2,
      19.9,
      19.1,
      19.7,
      20.6,
      44.9,
      37.0,
      20.8,
      22.8,
      20.6,
      33.7,
      19.2,
      26.1,
      20.0,
      72.6,
      43.1,
      30.3,
      30.4,
      64.7,
      21.5,
      19.5,
      8.9,
      28.1
    ],
    [
      0.85,
      1.9,
      6.1,
      0.7,
      1.2,
      2.3,
      6.6,
      1.4,
      7.4,
      2.2,
      1.5,
      20.6,
      0.0,
      2.0,
      0.8,
      9.8,
      7.3,
      8.2,
      2.2,
      1.3,
      5.7,
      1.2,
      30.1,
      1.0,
      1.3,
      0.6,
      2.4,
      1.3,
      1.0,
      11.5,
      0.6,
      1.0,
      1.6,
      1.2,
      0.9,
      36.2,
      36.4,
      1.9,
      23.5,
      0.85,
      35.6,
      20.7,
      29.7,
      2.5,
      43.2,
      34.2,
      27.4,
      27.5,
      55.8,
      16.1,
      17.8,
      23.7,
      26.2
    ],
    [
      2.5,
      2.2,
      5.3,
      2.3,
      1.5,
      0.75,
      5.2,
      2.4,
      6.0,
      0.5,
      0.9,
      19.6,
      2.0,
      0.0,
      2.0,
      7.9,
      6.8,
      7.6,
      0.5,
      1.6,
      6.0,
      1.8,
      30.0,
      1.9,
      2.6,
      1.7,
      2.7,
      1.8,
      0.95,
      11.3,
      2.6,
      1.8,
      0.35,
      1.6,
      2.0,
      36.0,
      35.8,
      2.2,
      22.9,
      2.0,
      35.0,
      20.5,
      28.6,
      0.55,
      43.5,
      34.1,
      27.2,
      27.3,
      55.7,
      16.0,
      17.3,
      23.2,
      26.0
    ],
    [
      0.45,
      1.6,
      5.7,
      1.1,
      0.6,
      1.1,
      6.2,
      0.6,
      7.0,
      2.2,
      1.1,
      20.6,
      0.8,
      2.0,
      0.0,
      9.4,
      7.0,
      7.8,
      2.0,
      0.85,
      5.3,
      0.55,
      30.1,
      0.6,
      0.55,
      0.4,
      0.85,
      0.35,
      1.0,
      11.5,
      0.65,
      2.0,
      1.4,
      1.8,
      0.12,
      36.2,
      36.0,
      0.3,
      23.1,
      0.058,
      35.2,
      20.7,
      29.7,
      2.3,
      42.9,
      34.2,
      27.4,
      27.5,
      55.8,
      16.1,
      17.5,
      23.4,
      26.2
    ],
    [
      10.3,
      10.1,
      6.5,
      10.1,
      9.2,
      9.5,
      4.0,
      10.2,
      3.2,
      7.4,
      8.3,
      7.9,
      9.8,
      7.9,
      9.4,
      0.0,
      6.7,
      7.8,
      7.6,
      9.2,
      13.4,
      9.3,
      27.2,
      9.8,
      10.4,
      9.3,
      10.0,
      9.3,
      8.9,
      14.5,
      10.4,
      8.8,
      8.0,
      8.7,
      9.5,
      42.5,
      31.3,
      10.1,
      19.3,
      9.5,
      30.4,
      19.9,
      23.7,
      7.7,
      47.3,
      40.6,
      27.9,
      28.0,
      62.2,
      16.2,
      14.7,
      18.6,
      25.7
    ],
    [
      7.8,
      6.1,
      1.7,
      7.6,
      6.7,
      7.0,
      3.4,
      6.3,
      4.2,
      6.6,
      5.9,
      13.5,
      7.3,
      6.8,
      7.0,
      6.7,
      0.0,
      1.6,
      6.0,
      6.7,
      9.4,
      6.9,
      31.5,
      7.3,
      7.9,
      6.8,
      6.1,
      6.9,
      6.3,
      18.8,
      7.9,
      8.5,
      7.3,
      8.3,
      7.0,
      46.8,
      31.5,
      6.2,
      18.6,
      7.0,
      30.7,
      24.9,
      28.0,
      6.1,
      43.4,
      44.9,
      32.2,
      32.3,
      66.5,
      21.2,
      13.0,
      18.9,
      30.0
    ],
    [
      8.6,
      11.7,
      2.7,
      8.5,
      11.8,
      7.9,
      4.6,
      11.9,
      5.3,
      7.6,
      6.7,
      16.4,
      8.2,
      7.6,
      7.8,
      7.8,
      1.6,
      0.0,
      7.1,
      7.4,
      10.4,
      7.8,
      42.0,
      8.2,
      8.8,
      7.7,
      7.1,
      7.8,
      7.4,
      18.4,
      8.8,
      9.4,
      8.2,
      9.2,
      7.9,
      47.9,
      34.0,
      7.2,
      21.1,
      7.9,
      33.0,
      26.0,
      29.2,
      7.3,
      39.4,
      46.1,
      33.4,
      33.4,
      67.7,
      22.4,
      15.4,
      21.1,
      31.2
    ],
    [
      2.7,
      2.5,
      4.9,
      2.5,
      1.8,
      0.9,
      4.9,
      2.6,
      5.1,
      0.6,
      0.7,
      19.8,
      2.2,
      0.5,
      2.0,
      7.6,
      6.0,
      7.1,
      0.0,
      1.8,
      6.2,
      2.0,
      30.2,
      2.2,
      2.8,
      1.9,
      2.9,
      2.0,
      1.1,
      11.6,
      2.8,
      2.1,
      0.7,
      1.9,
      2.2,
      36.3,
      35.5,
      2.5,
      22.6,
      2.2,
      34.7,
      20.8,
      28.9,
      0.25,
      43.0,
      34.3,
      27.5,
      27.6,
      55.9,
      16.2,
      17.0,
      22.8,
      26.3
    ],
    [
      1.7,
      1.0,
      5.4,
      1.6,
      0.45,
      0.45,
      5.9,
      1.2,
      6.8,
      1.8,
      0.6,
      20.2,
      1.3,
      1.6,
      0.85,
      9.2,
      6.7,
      7.4,
      1.8,
      0.0,
      5.2,
      0.45,
      30.6,
      1.3,
      2.0,
      0.7,
      1.9,
      0.6,
      0.4,
      12.0,
      2.0,
      2.5,
      1.3,
      2.3,
      1.0,
      36.7,
      35.4,
      1.0,
      22.5,
      0.85,
      34.6,
      21.2,
      29.4,
      2.2,
      42.7,
      34.7,
      27.9,
      28.0,
      56.3,
      16.6,
      16.8,
      22.7,
      26.7
    ],
    [
      6.1,
      4.2,
      8.3,
      6.0,
      4.8,
      5.4,
      10.4,
      4.3,
      11.0,
      6.2,
      5.3,
      24.6,
      5.7,
      6.0,
      5.3,
      13.4,
      9.4,
      10.4,
      6.2,
      5.2,
      0.0,
      4.5,
      34.8,
      5.5,
      6.1,
      5.0,
      3.3,
      4.5,
      4.7,
      16.2,
      6.1,
      6.7,
      5.5,
      6.5,
      5.2,
      40.9,
      40.1,
      4.2,
      27.2,
      5.2,
      39.3,
      25.4,
      33.6,
      6.3,
      45.1,
      38.9,
      32.1,
      32.2,
      60.5,
      20.8,
      21.6,
      27.4,
      30.9
    ],
    [
      1.8,
      0.75,
      5.6,
      1.6,
      0.18,
      0.8,
      6.1,
      1.0,
      7.0,
      2.3,
      1.1,
      19.0,
      1.2,
      1.8,
      0.55,
      9.3,
      6.9,
      7.8,
      2.0,
      0.45,
      4.5,
      0.0,
      30.7,
      1.1,
      0.95,
      0.6,
      1.0,
      0.29,
      0.65,
      12.1,
      1.0,
      2.6,
      1.4,
      2.4,
      0.65,
      36.8,
      36.0,
      0.75,
      23.1,
      0.55,
      35.2,
      21.3,
      29.5,
      2.2,
      42.5,
      34.8,
      28.0,
      28.1,
      56.4,
      16.7,
      17.4,
      23.3,
      31.5
    ],
    [
      30.6,
      31.2,
      40.9,
      30.4,
      30.5,
      30.3,
      38.1,
      31.3,
      27.9,
      29.7,
      30.8,
      39.0,
      30.1,
      30.0,
      30.1,
      27.2,
      31.5,
      42.0,
      30.2,
      30.6,
      34.8,
      30.7,
      0.0,
      28.0,
      28.6,
      30.4,
      29.1,
      28.6,
      28.2,
      16.2,
      28.6,
      29.9,
      30.1,
      29.8,
      28.0,
      18.2,
      57.5,
      29.1,
      49.3,
      28.0,
      54.2,
      8.9,
      15.9,
      28.3,
      73.4,
      11.0,
      14.4,
      14.5,
      34.4,
      12.2,
      44.7,
      31.0,
      13.2
    ],
    [
      0.16,
      0.8,
      6.0,
      0.8,
      1.2,
      2.3,
      6.5,
      0.8,
      7.3,
      2.2,
      1.4,
      20.6,
      1.0,
      1.9,
      0.6,
      9.8,
      7.3,
      8.2,
      2.2,
      1.3,
      5.5,
      1.1,
      28.0,
      0.0,
      0.7,
      0.6,
      2.3,
      0.85,
      0.95,
      11.4,
      0.65,
      1.9,
      1.6,
      1.7,
      0.7,
      36.2,
      36.3,
      0.8,
      23.4,
      0.65,
      35.5,
      20.7,
      29.7,
      2.4,
      43.2,
      34.2,
      27.4,
      27.4,
      55.8,
      16.1,
      17.8,
      27.5,
      26.1
    ],
    [
      0.5,
      0.55,
      6.7,
      0.75,
      1.0,
      2.9,
      7.2,
      0.044,
      8.0,
      2.8,
      2.1,
      21.2,
      1.3,
      2.6,
      0.55,
      10.4,
      7.9,
      8.8,
      2.8,
      2.0,
      6.1,
      0.95,
      28.6,
      0.7,
      0.0,
      1.0,
      0.75,
      0.75,
      1.6,
      12.1,
      0.086,
      2.6,
      2.2,
      2.4,
      0.65,
      36.8,
      37.0,
      0.55,
      24.1,
      0.55,
      36.2,
      21.3,
      30.3,
      3.1,
      43.8,
      34.8,
      28.0,
      28.1,
      56.4,
      16.7,
      18.4,
      28.1,
      26.8
    ],
    [
      0.5,
      0.75,
      5.5,
      0.85,
      0.6,
      0.75,
      6.0,
      1.0,
      6.8,
      1.9,
      0.9,
      20.3,
      0.6,
      1.7,
      0.4,
      9.3,
      6.8,
      7.7,
      1.9,
      0.7,
      5.0,
      0.6,
      30.4,
      0.6,
      1.0,
      0.0,
      1.8,
      0.7,
      0.6,
      11.2,
      1.0,
      1.7,
      1.2,
      1.5,
      0.55,
      35.9,
      35.8,
      0.75,
      22.9,
      0.5,
      35.0,
      20.4,
      29.4,
      2.1,
      42.7,
      33.9,
      27.1,
      27.2,
      55.5,
      15.8,
      17.3,
      23.2,
      25.9
    ],
    [
      2.8,
      0.75,
      5.0,
      2.6,
      1.0,
      2.0,
      7.0,
      0.75,
      7.7,
      2.9,
      2.0,
      21.3,
      2.4,
      2.7,
      0.85,
      10.0,
      6.1,
      7.1,
      2.9,
      1.9,
      3.3,
      1.0,
      29.1,
      2.3,
      0.75,
      1.8,
      0.0,
      0.9,
      1.4,
      12.8,
      0.9,
      3.4,
      2.2,
      3.1,
      0.9,
      37.6,
      36.8,
      0.75,
      23.9,
      1.9,
      36.0,
      22.1,
      30.2,
      3.0,
      41.8,
      35.6,
      28.8,
      27.3,
      57.2,
      17.5,
      18.2,
      24.1,
      32.3
    ],
    [
      1.8,
      0.5,
      5.6,
      1.6,
      0.3,
      0.9,
      6.1,
      0.8,
      7.0,
      2.3,
      1.1,
      20.4,
      1.3,
      1.8,
      0.35,
      9.3,
      6.9,
      7.8,
      2.0,
      0.6,
      4.5,
      0.29,
      28.6,
      0.85,
      0.75,
      0.7,
      0.9,
      0.0,
      0.8,
      12.1,
      0.8,
      2.6,
      1.4,
      2.4,
      0.4,
      36.8,
      36.0,
      0.5,
      23.1,
      0.35,
      35.2,
      21.3,
      29.5,
      2.2,
      42.5,
      34.8,
      26.4,
      26.5,
      56.4,
      17.0,
      17.4,
      23.3,
      31.5
    ],
    [
      1.5,
      1.2,
      5.3,
      1.3,
      0.4,
      0.27,
      6.2,
      1.2,
      7.1,
      1.6,
      0.6,
      19.9,
      1.0,
      0.95,
      1.0,
      8.9,
      6.3,
      7.4,
      1.1,
      0.4,
      4.7,
      0.65,
      28.2,
      0.95,
      1.6,
      0.6,
      1.4,
      0.8,
      0.0,
      12.1,
      1.8,
      2.3,
      0.85,
      2.1,
      1.1,
      36.5,
      35.4,
      1.2,
      22.5,
      1.0,
      34.6,
      21.3,
      29.1,
      1.7,
      42.9,
      34.5,
      28.0,
      28.1,
      56.2,
      16.7,
      16.8,
      22.7,
      24.9
    ],
    [
      12.0,
      12.5,
      17.2,
      11.8,
      11.8,
      11.9,
      16.0,
      12.7,
      15.1,
      11.2,
      12.1,
      16.9,
      11.5,
      11.3,
      11.5,
      14.5,
      18.8,
      18.4,
      11.6,
      12.0,
      16.2,
      12.1,
      16.2,
      11.4,
      12.1,
      11.2,
      12.8,
      12.1,
      12.1,
      0.0,
      12.8,
      11.4,
      11.1,
      11.3,
      12.2,
      30.8,
      47.4,
      13.3,
      33.3,
      12.2,
      44.2,
      9.6,
      17.8,
      12.5,
      57.6,
      21.7,
      16.3,
      16.4,
      50.6,
      5.0,
      28.7,
      23.5,
      15.1
    ],
    [
      0.5,
      0.6,
      6.7,
      0.75,
      1.0,
      2.9,
      7.2,
      0.2,
      8.0,
      2.8,
      2.1,
      21.2,
      0.6,
      2.6,
      0.65,
      10.4,
      7.9,
      8.8,
      2.8,
      2.0,
      6.1,
      1.0,
      28.6,
      0.65,
      0.086,
      1.0,
      0.9,
      0.8,
      1.8,
      12.8,
      0.0,
      2.6,
      2.2,
      2.4,
      0.7,
      36.8,
      37.0,
      0.6,
      24.1,
      1.5,
      36.2,
      21.3,
      30.3,
      3.1,
      43.8,
      34.8,
      28.0,
      28.1,
      56.4,
      16.7,
      18.4,
      24.3,
      26.8
    ],
    [
      2.5,
      3.1,
      7.2,
      0.75,
      2.4,
      2.2,
      7.3,
      3.2,
      6.8,
      2.1,
      2.6,
      19.9,
      1.0,
      1.8,
      2.0,
      8.8,
      8.5,
      9.4,
      2.1,
      2.5,
      6.7,
      2.6,
      29.9,
      1.9,
      2.6,
      1.7,
      3.4,
      2.6,
      2.3,
      11.4,
      2.6,
      0.0,
      1.5,
      0.2,
      2.0,
      35.4,
      37.5,
      3.1,
      24.6,
      2.0,
      36.7,
      19.9,
      29.0,
      2.3,
      44.4,
      33.4,
      26.6,
      26.7,
      55.0,
      15.3,
      19.0,
      26.8,
      25.4
    ],
    [
      2.1,
      1.9,
      6.0,
      1.9,
      1.2,
      0.9,
      6.1,
      2.0,
      5.6,
      0.55,
      1.4,
      19.1,
      1.6,
      0.35,
      1.4,
      8.0,
      7.3,
      8.2,
      0.7,
      1.3,
      5.5,
      1.4,
      30.1,
      1.6,
      2.2,
      1.2,
      2.2,
      1.4,
      0.85,
      11.1,
      2.2,
      1.5,
      0.0,
      1.3,
      1.6,
      35.6,
      36.3,
      1.9,
      23.4,
      1.6,
      35.5,
      20.3,
      28.2,
      0.6,
      43.2,
      33.6,
      27.0,
      27.1,
      55.2,
      15.7,
      17.8,
      26.0,
      30.2
    ],
    [
      2.3,
      2.8,
      7.0,
      1.0,
      2.1,
      2.0,
      7.2,
      3.0,
      6.7,
      2.0,
      2.4,
      19.7,
      1.2,
      1.6,
      1.8,
      8.7,
      8.3,
      9.2,
      1.9,
      2.3,
      6.5,
      2.4,
      29.8,
      1.7,
      2.4,
      1.5,
      3.1,
      2.4,
      2.1,
      11.3,
      2.4,
      0.2,
      1.3,
      0.0,
      1.8,
      35.3,
      50.5,
      2.8,
      24.4,
      1.8,
      36.5,
      19.8,
      28.8,
      2.1,
      44.1,
      33.3,
      26.5,
      26.6,
      54.9,
      15.2,
      18.7,
      26.6,
      25.3
    ],
    [
      0.6,
      0.4,
      5.7,
      1.4,
      0.65,
      1.5,
      6.2,
      0.7,
      7.0,
      2.2,
      1.1,
      20.6,
      0.9,
      2.0,
      0.12,
      9.5,
      7.0,
      7.9,
      2.2,
      1.0,
      5.2,
      0.65,
      28.0,
      0.7,
      0.65,
      0.55,
      0.9,
      0.4,
      1.1,
      12.2,
      0.7,
      2.0,
      1.6,
      1.8,
      0.0,
      36.2,
      36.0,
      0.4,
      23.1,
      0.004,
      35.2,
      20.7,
      29.7,
      2.3,
      42.9,
      34.2,
      27.4,
      27.5,
      55.8,
      16.1,
      17.5,
      23.4,
      26.2
    ],
    [
      36.7,
      37.3,
      46.8,
      36.5,
      36.6,
      36.4,
      44.1,
      37.4,
      43.1,
      35.7,
      36.8,
      44.9,
      36.2,
      36.0,
      36.2,
      42.5,
      46.8,
      47.9,
      36.3,
      36.7,
      40.9,
      36.8,
      18.2,
      36.2,
      36.8,
      35.9,
      37.6,
      36.8,
      36.5,
      30.8,
      36.8,
      35.4,
      35.6,
      35.3,
      36.2,
      0.0,
      75.5,
      37.3,
      61.4,
      36.2,
      72.3,
      25.0,
      31.4,
      36.5,
      85.7,
      18.9,
      29.9,
      30.0,
      21.6,
      28.3,
      56.8,
      51.6,
      28.7
    ],
    [
      36.9,
      36.5,
      33.2,
      36.7,
      35.8,
      36.1,
      32.4,
      36.6,
      30.4,
      35.8,
      34.9,
      37.0,
      36.4,
      35.8,
      36.0,
      31.3,
      31.5,
      34.0,
      35.5,
      35.4,
      40.1,
      36.0,
      57.5,
      36.3,
      37.0,
      35.8,
      36.8,
      36.0,
      35.4,
      47.4,
      37.0,
      37.5,
      36.3,
      50.5,
      36.0,
      75.5,
      0.0,
      36.2,
      32.4,
      35.8,
      3.0,
      56.1,
      45.3,
      35.2,
      52.2,
      58.4,
      49.8,
      49.9,
      94.2,
      48.9,
      29.8,
      31.8,
      47.7
    ],
    [
      2.4,
      0.0,
      5.1,
      2.2,
      0.75,
      1.6,
      6.6,
      0.6,
      7.4,
      2.5,
      1.5,
      20.8,
      1.9,
      2.2,
      0.3,
      10.1,
      6.2,
      7.2,
      2.5,
      1.0,
      4.2,
      0.75,
      29.1,
      0.8,
      0.55,
      0.75,
      0.75,
      0.5,
      1.2,
      13.3,
      0.6,
      3.1,
      1.9,
      2.8,
      0.4,
      37.3,
      36.2,
      0.0,
      23.6,
      0.29,
      35.7,
      21.8,
      29.9,
      2.7,
      42.2,
      35.3,
      26.9,
      27.0,
      56.9,
      17.2,
      17.9,
      23.8,
      32.0
    ],
    [
      23.9,
      23.6,
      20.3,
      23.8,
      22.9,
      23.2,
      19.7,
      23.7,
      18.5,
      22.9,
      22.0,
      22.8,
      23.5,
      22.9,
      23.1,
      19.3,
      18.6,
      21.1,
      22.6,
      22.5,
      27.2,
      23.1,
      49.3,
      23.4,
      24.1,
      22.9,
      23.9,
      23.1,
      22.5,
      33.3,
      24.1,
      24.6,
      23.4,
      24.4,
      23.1,
      61.4,
      32.4,
      23.6,
      0.0,
      23.2,
      32.3,
      41.3,
      44.5,
      22.6,
      44.6,
      61.4,
      47.0,
      48.1,
      83.0,
      37.7,
      4.8,
      19.4,
      46.5
    ],
    [
      0.55,
      0.29,
      5.7,
      1.1,
      0.3,
      1.2,
      6.2,
      0.6,
      7.0,
      2.2,
      1.1,
      20.6,
      0.85,
      2.0,
      0.058,
      9.5,
      7.0,
      7.9,
      2.2,
      0.85,
      5.2,
      0.55,
      28.0,
      0.65,
      0.55,
      0.5,
      1.9,
      0.35,
      1.0,
      12.2,
      1.5,
      2.0,
      1.6,
      1.8,
      0.004,
      36.2,
      35.8,
      0.29,
      23.2,
      0.0,
      35.2,
      20.7,
      29.7,
      2.3,
      42.9,
      34.2,
      27.4,
      27.5,
      55.8,
      16.1,
      17.5,
      23.4,
      26.2
    ],
    [
      36.0,
      35.7,
      32.2,
      35.9,
      34.9,
      35.2,
      31.6,
      35.8,
      29.6,
      35.0,
      34.1,
      33.7,
      35.6,
      35.0,
      35.2,
      30.4,
      30.7,
      33.0,
      34.7,
      34.6,
      39.3,
      35.2,
      54.2,
      35.5,
      36.2,
      35.0,
      36.0,
      35.2,
      34.6,
      44.2,
      36.2,
      36.7,
      35.5,
      36.5,
      35.2,
      72.3,
      3.0,
      35.7,
      32.3,
      35.2,
      0.0,
      55.5,
      44.6,
      36.4,
      53.3,
      57.8,
      49.2,
      49.3,
      93.6,
      48.2,
      30.0,
      33.0,
      47.0
    ],
    [
      21.2,
      21.8,
      24.9,
      21.0,
      21.1,
      20.9,
      22.1,
      21.9,
      21.2,
      20.4,
      21.3,
      19.2,
      20.7,
      20.5,
      20.7,
      19.9,
      24.9,
      26.0,
      20.8,
      21.2,
      25.4,
      21.3,
      8.9,
      20.7,
      21.3,
      20.4,
      22.1,
      21.3,
      21.3,
      9.6,
      21.3,
      19.9,
      20.3,
      19.8,
      20.7,
      25.0,
      56.1,
      21.8,
      41.3,
      20.7,
      55.5,
      0.0,
      11.7,
      21.8,
      64.0,
      12.5,
      9.8,
      9.9,
      41.1,
      5.7,
      38.4,
      24.7,
      8.6
    ],
    [
      30.2,
      29.9,
      28.0,
      30.0,
      29.2,
      29.0,
      25.3,
      30.1,
      24.3,
      28.2,
      29.5,
      26.1,
      29.7,
      28.6,
      29.7,
      23.7,
      28.0,
      29.2,
      28.9,
      29.4,
      33.6,
      29.5,
      15.9,
      29.7,
      30.3,
      29.4,
      30.2,
      29.5,
      29.1,
      17.8,
      30.3,
      29.0,
      28.2,
      28.8,
      29.7,
      31.4,
      45.3,
      29.9,
      44.5,
      29.7,
      44.6,
      11.7,
      0.0,
      28.9,
      82.1,
      16.9,
      6.0,
      6.1,
      44.9,
      13.9,
      37.7,
      32.5,
      3.9
    ],
    [
      2.9,
      2.7,
      5.1,
      2.8,
      2.0,
      1.0,
      5.0,
      2.9,
      5.3,
      0.45,
      0.8,
      20.0,
      2.5,
      0.55,
      2.3,
      7.7,
      6.1,
      7.3,
      0.25,
      2.2,
      6.3,
      2.2,
      28.3,
      2.4,
      3.1,
      2.1,
      3.0,
      2.2,
      1.7,
      12.5,
      3.1,
      2.3,
      0.6,
      2.1,
      2.3,
      36.5,
      35.2,
      2.7,
      22.6,
      2.3,
      36.4,
      21.8,
      28.9,
      0.0,
      43.3,
      34.4,
      27.6,
      27.7,
      56.0,
      16.3,
      17.2,
      23.1,
      31.1
    ],
    [
      43.7,
      42.2,
      42.3,
      43.5,
      42.3,
      42.9,
      44.1,
      42.4,
      45.0,
      43.9,
      42.4,
      72.6,
      43.2,
      43.5,
      42.9,
      47.3,
      43.4,
      39.4,
      43.0,
      42.7,
      45.1,
      42.5,
      73.4,
      43.2,
      43.8,
      42.7,
      41.8,
      42.5,
      42.9,
      57.6,
      43.8,
      44.4,
      43.2,
      44.1,
      42.9,
      85.7,
      52.2,
      42.2,
      44.6,
      42.9,
      53.3,
      64.0,
      82.1,
      43.3,
      0.0,
      95.4,
      86.8,
      86.9,
      106.0,
      60.3,
      39.0,
      61.1,
      84.6
    ],
    [
      34.7,
      35.3,
      44.9,
      34.5,
      34.6,
      34.4,
      42.2,
      35.4,
      41.3,
      33.7,
      34.8,
      43.1,
      34.2,
      34.1,
      34.2,
      40.6,
      44.9,
      46.1,
      34.3,
      34.7,
      38.9,
      34.8,
      11.0,
      34.2,
      34.8,
      33.9,
      35.6,
      34.8,
      34.5,
      21.7,
      34.8,
      33.4,
      33.6,
      33.3,
      34.2,
      18.9,
      58.4,
      35.3,
      61.4,
      34.2,
      57.8,
      12.5,
      16.9,
      34.4,
      95.4,
      0.0,
      15.2,
      15.3,
      30.2,
      17.8,
      55.5,
      50.3,
      14.0
    ],
    [
      27.9,
      28.5,
      32.2,
      27.7,
      27.8,
      27.8,
      29.5,
      28.6,
      28.6,
      25.2,
      28.0,
      30.3,
      27.4,
      27.2,
      27.4,
      27.9,
      32.2,
      33.4,
      27.5,
      27.9,
      32.1,
      28.0,
      14.4,
      27.4,
      28.0,
      27.1,
      28.8,
      26.4,
      28.0,
      16.3,
      28.0,
      26.6,
      27.0,
      26.5,
      27.4,
      29.9,
      49.8,
      26.9,
      47.0,
      27.4,
      49.2,
      9.8,
      6.0,
      27.6,
      86.8,
      15.2,
      0.0,
      1.2,
      43.3,
      12.3,
      42.4,
      39.4,
      2.4
    ],
    [
      28.0,
      28.6,
      32.3,
      27.8,
      27.9,
      27.9,
      29.6,
      28.7,
      28.6,
      25.3,
      28.1,
      30.4,
      27.5,
      27.3,
      27.5,
      28.0,
      32.3,
      33.4,
      27.6,
      28.0,
      32.2,
      28.1,
      14.5,
      27.4,
      28.1,
      27.2,
      27.3,
      26.5,
      28.1,
      16.4,
      28.1,
      26.7,
      27.1,
      26.6,
      27.5,
      30.0,
      49.9,
      27.0,
      48.1,
      27.5,
      49.3,
      9.9,
      6.1,
      27.7,
      86.9,
      15.3,
      1.2,
      0.0,
      43.4,
      12.4,
      42.5,
      39.5,
      2.5
    ],
    [
      56.3,
      56.9,
      66.5,
      56.1,
      56.2,
      56.0,
      63.8,
      57.0,
      62.9,
      55.3,
      56.4,
      64.7,
      55.8,
      55.7,
      55.8,
      62.2,
      66.5,
      67.7,
      55.9,
      56.3,
      60.5,
      56.4,
      34.4,
      55.8,
      56.4,
      55.5,
      57.2,
      56.4,
      56.2,
      50.6,
      56.4,
      55.0,
      55.2,
      54.9,
      55.8,
      21.6,
      94.2,
      56.9,
      83.0,
      55.8,
      93.6,
      41.1,
      44.9,
      56.0,
      106.0,
      30.2,
      43.3,
      43.4,
      0.0,
      44.3,
      76.3,
      71.2,
      41.7
    ],
    [
      16.6,
      17.2,
      21.2,
      16.4,
      16.5,
      16.6,
      20.7,
      17.3,
      19.8,
      15.8,
      16.7,
      21.5,
      16.1,
      16.0,
      16.1,
      16.2,
      21.2,
      22.4,
      16.2,
      16.6,
      20.8,
      16.7,
      12.2,
      16.1,
      16.7,
      15.8,
      17.5,
      17.0,
      16.7,
      5.0,
      16.7,
      15.3,
      15.7,
      15.2,
      16.1,
      28.3,
      48.9,
      17.2,
      37.7,
      16.1,
      48.2,
      5.7,
      13.9,
      16.3,
      60.3,
      17.8,
      12.3,
      12.4,
      44.3,
      0.0,
      33.4,
      28.2,
      11.1
    ],
    [
      18.3,
      17.9,
      14.6,
      18.1,
      17.2,
      17.5,
      14.1,
      18.1,
      14.9,
      17.3,
      16.3,
      19.5,
      17.8,
      17.3,
      17.5,
      14.7,
      13.0,
      15.4,
      17.0,
      16.8,
      21.6,
      17.4,
      44.7,
      17.8,
      18.4,
      17.3,
      18.2,
      17.4,
      16.8,
      28.7,
      18.4,
      19.0,
      17.8,
      18.7,
      17.5,
      56.8,
      29.8,
      17.9,
      4.8,
      17.5,
      30.0,
      38.4,
      37.7,
      17.2,
      39.0,
      55.5,
      42.4,
      42.5,
      76.3,
      33.4,
      0.0,
      21.4,
      40.1
    ],
    [
      24.2,
      23.8,
      20.5,
      24.0,
      23.1,
      23.4,
      19.7,
      24.0,
      17.7,
      26.0,
      22.2,
      8.9,
      23.7,
      23.2,
      23.4,
      18.6,
      18.9,
      21.1,
      22.8,
      22.7,
      27.4,
      23.3,
      31.0,
      27.5,
      28.1,
      23.2,
      24.1,
      23.3,
      22.7,
      23.5,
      24.3,
      26.8,
      26.0,
      26.6,
      23.4,
      51.6,
      31.8,
      23.8,
      19.4,
      23.4,
      33.0,
      24.7,
      32.5,
      23.1,
      61.1,
      50.3,
      39.4,
      39.5,
      71.2,
      28.2,
      21.4,
      0.0,
      34.9
    ],
    [
      26.7,
      27.2,
      30.0,
      26.5,
      26.5,
      26.6,
      27.3,
      27.4,
      26.4,
      24.0,
      29.6,
      28.1,
      26.2,
      26.0,
      26.2,
      25.7,
      30.0,
      31.2,
      26.3,
      26.7,
      30.9,
      31.5,
      13.2,
      26.1,
      26.8,
      25.9,
      32.3,
      31.5,
      24.9,
      15.1,
      26.8,
      25.4,
      30.2,
      25.3,
      26.2,
      28.7,
      47.7,
      32.0,
      46.5,
      26.2,
      47.0,
      8.6,
      3.9,
      31.1,
      84.6,
      14.0,
      2.4,
      2.5,
      41.7,
      11.1,
      40.1,
      34.9,
      0.0
    ]
  ],
  "drive_time_matrix": [
    [
      0.0,
      10.0,
      19.0,
      14.0,
      13.0,
      5.0,
      19.0,
      9.0,
      22.0,
      10.0,
      6.0,
      37.0,
      13.0,
      7.0,
      7.0,
      28.0,
      21.0,
      27.0,
      7.0,
      6.0,
      16.0,
      13.0,
      46.0,
      2.0,
      7.0,
      8.0,
      8.0,
      6.0,
      5.0,
      22.0,
      7.0,
      7.0,
      6.0,
      6.0,
      8.0,
      54.0,
      52.0,
      10.0,
      47.0,
      8.0,
      50.0,
      40.0,
      50.0,
      9.0,
      54.0,
      54.0,
      55.0,
      54.0,
      81.0,
      31.0,
      36.0,
      51.0,
      54.0
    ],
    [
      10.0,
      0.0,
      16.0,
      8.0,
      9.0,
      5.0,
      18.0,
      7.0,
      21.0,
      9.0,
      6.0,
      39.0,
      6.0,
      7.0,
      6.0,
      28.0,
      22.0,
      23.0,
      8.0,
      13.0,
      10.0,
      10.0,
      49.0,
      12.0,
      6.0,
      11.0,
      10.0,
      7.0,
      14.0,
      25.0,
      8.0,
      9.0,
      7.0,
      9.0,
      6.0,
      56.0,
      51.0,
      1.0,
      45.0,
      5.0,
      48.0,
      42.0,
      52.0,
      9.0,
      49.0,
      57.0,
      57.0,
      56.0,
      83.0,
      33.0,
      34.0,
      50.0,
      56.0
    ],
    [
      19.0,
      16.0,
      0.0,
      19.0,
      16.0,
      15.0,
      10.0,
      16.0,
      13.0,
      17.0,
      19.0,
      35.0,
      17.0,
      17.0,
      17.0,
      20.0,
      9.0,
      11.0,
      16.0,
      16.0,
      23.0,
      17.0,
      62.0,
      17.0,
      19.0,
      16.0,
      15.0,
      17.0,
      17.0,
      36.0,
      19.0,
      21.0,
      17.0,
      20.0,
      17.0,
      67.0,
      44.0,
      16.0,
      38.0,
      17.0,
      40.0,
      54.0,
      54.0,
      16.0,
      47.0,
      69.0,
      62.0,
      61.0,
      94.0,
      47.0,
      27.0,
      42.0,
      58.0
    ],
    [
      14.0,
      8.0,
      19.0,
      0.0,
      5.0,
      5.0,
      18.0,
      7.0,
      21.0,
      9.0,
      5.0,
      37.0,
      10.0,
      7.0,
      4.0,
      28.0,
      21.0,
      26.0,
      8.0,
      5.0,
      15.0,
      5.0,
      47.0,
      11.0,
      3.0,
      3.0,
      8.0,
      5.0,
      4.0,
      22.0,
      3.0,
      12.0,
      6.0,
      14.0,
      13.0,
      54.0,
      51.0,
      7.0,
      46.0,
      4.0,
      48.0,
      39.0,
      50.0,
      9.0,
      54.0,
      54.0,
      54.0,
      53.0,
      80.0,
      31.0,
      35.0,
      50.0,
      53.0
    ],
    [
      13.0,
      9.0,
      16.0,
      5.0,
      0.0,
      10.0,
      16.0,
      3.0,
      19.0,
      8.0,
      12.0,
      37.0,
      13.0,
      5.0,
      8.0,
      26.0,
      19.0,
      24.0,
      6.0,
      6.0,
      12.0,
      3.0,
      47.0,
      14.0,
      12.0,
      8.0,
      13.0,
      4.0,
      2.0,
      23.0,
      14.0,
      7.0,
      5.0,
      7.0,
      9.0,
      55.0,
      48.0,
      9.0,
      44.0,
      1.0,
      46.0,
      40.0,
      51.0,
      8.0,
      50.0,
      55.0,
      55.0,
      54.0,
      81.0,
      32.0,
      33.0,
      48.0,
      54.0
    ],
    [
      5.0,
      5.0,
      15.0,
      5.0,
      10.0,
      0.0,
      17.0,
      6.0,
      20.0,
      6.0,
      5.0,
      36.0,
      7.0,
      10.0,
      12.0,
      27.0,
      20.0,
      25.0,
      11.0,
      6.0,
      14.0,
      10.0,
      48.0,
      7.0,
      9.0,
      7.0,
      6.0,
      11.0,
      3.0,
      25.0,
      9.0,
      7.0,
      8.0,
      7.0,
      6.0,
      55.0,
      49.0,
      6.0,
      44.0,
      13.0,
      47.0,
      41.0,
      49.0,
      12.0,
      52.0,
      56.0,
      56.0,
      55.0,
      82.0,
      33.0,
      34.0,
      49.0,
      54.0
    ],
    [
      19.0,
      18.0,
      10.0,
      18.0,
      16.0,
      17.0,
      0.0,
      18.0,
      7.0,
      15.0,
      18.0,
      26.0,
      18.0,
      16.0,
      17.0,
      13.0,
      9.0,
      15.0,
      15.0,
      17.0,
      27.0,
      17.0,
      55.0,
      18.0,
      20.0,
      17.0,
      19.0,
      17.0,
      18.0,
      30.0,
      20.0,
      22.0,
      18.0,
      21.0,
      17.0,
      60.0,
      40.0,
      18.0,
      35.0,
      17.0,
      37.0,
      48.0,
      43.0,
      16.0,
      51.0,
      61.0,
      54.0,
      53.0,
      87.0,
      39.0,
      24.0,
      38.0,
      51.0
    ],
    [
      9.0,
      7.0,
      16.0,
      7.0,
      3.0,
      6.0,
      18.0,
      0.0,
      22.0,
      10.0,
      6.0,
      40.0,
      18.0,
      8.0,
      10.0,
      29.0,
      22.0,
      23.0,
      9.0,
      5.0,
      10.0,
      15.0,
      53.0,
      11.0,
      1.0,
      16.0,
      12.0,
      12.0,
      5.0,
      27.0,
      3.0,
      10.0,
      7.0,
      10.0,
      12.0,
      57.0,
      51.0,
      9.0,
      46.0,
      10.0,
      48.0,
      44.0,
      53.0,
      10.0,
      50.0,
      58.0,
      58.0,
      57.0,
      84.0,
      35.0,
      35.0,
      49.0,
      57.0
    ],
    [
      22.0,
      21.0,
      13.0,
      21.0,
      19.0,
      20.0,
      7.0,
      22.0,
      0.0,
      17.0,
      21.0,
      23.0,
      20.0,
      18.0,
      19.0,
      10.0,
      11.0,
      19.0,
      17.0,
      19.0,
      28.0,
      20.0,
      55.0,
      20.0,
      22.0,
      19.0,
      21.0,
      19.0,
      21.0,
      28.0,
      22.0,
      23.0,
      20.0,
      23.0,
      19.0,
      59.0,
      40.0,
      21.0,
      37.0,
      19.0,
      37.0,
      46.0,
      41.0,
      18.0,
      51.0,
      60.0,
      52.0,
      52.0,
      86.0,
      37.0,
      26.0,
      37.0,
      50.0
    ],
    [
      10.0,
      9.0,
      17.0,
      9.0,
      8.0,
      6.0,
      15.0,
      10.0,
      17.0,
      0.0,
      6.0,
      34.0,
      7.0,
      6.0,
      7.0,
      25.0,
      19.0,
      25.0,
      7.0,
      6.0,
      17.0,
      9.0,
      47.0,
      7.0,
      8.0,
      6.0,
      9.0,
      9.0,
      5.0,
      23.0,
      8.0,
      8.0,
      7.0,
      8.0,
      7.0,
      53.0,
      49.0,
      8.0,
      44.0,
      7.0,
      47.0,
      40.0,
      46.0,
      6.0,
      54.0,
      54.0,
      53.0,
      52.0,
      81.0,
      31.0,
      33.0,
      47.0,
      52.0
    ],
    [
      6.0,
      6.0,
      19.0,
      5.0,
      12.0,
      5.0,
      18.0,
      6.0,
      21.0,
      6.0,
      0.0,
      36.0,
      4.0,
      12.0,
      3.0,
      22.0,
      15.0,
      21.0,
      8.0,
      8.0,
      13.0,
      3.0,
      48.0,
      4.0,
      6.0,
      2.0,
      5.0,
      3.0,
      8.0,
      23.0,
      6.0,
      7.0,
