{
  "drive_dist_matrix": [
    [
      0.0,
      7.8,
      6.3,
      12.9,
      15.4,
      5.8,
      9.0,
      8.2,
      5.0,
      8.2,
      8.7,
      8.0,
      11.8,
      8.7,
      8.9,
      5.8,
      8.9,
      8.6,
      6.9,
      7.6,
      18.9,
      6.9,
      8.4,
      7.5,
      10.9,
      9.8,
      9.0,
      5.4,
      9.5,
      6.3,
      6.6,
      8.9,
      7.5,
      14.0,
      8.9,
      9.4,
      7.1,
      9.0,
      7.7,
      7.8,
      6.9,
      10.6,
      9.2,
      7.2
    ],
    [
      7.8,
      0.0,
      5.8,
      6.7,
      12.4,
      5.0,
      0.75,
      0.16,
      3.7,
      0.35,
      0.25,
      0.17,
      10.7,
      0.3,
      4.4,
      3.2,
      6.5,
      6.2,
      4.4,
      1.5,
      12.8,
      2.6,
      10.0,
      5.3,
      15.6,
      3.2,
      2.5,
      3.9,
      3.4,
      4.9,
      4.4,
      2.3,
      0.85,
      7.9,
      3.1,
      3.7,
      4.7,
      0.6,
      0.18,
      0.0,
      7.5,
      5.7,
      0.85,
      1.5
    ],
    [
      6.3,
      5.8,
      0.0,
      9.0,
      9.1,
      7.0,
      4.6,
      5.2,
      5.7,
      4.1,
      4.5,
      5.0,
      14.5,
      4.5,
      2.6,
      5.2,
      3.6,
      3.1,
      5.0,
      4.6,
      16.3,
      3.0,
      9.3,
      1.2,
      17.2,
      6.6,
      5.8,
      1.0,
      5.4,
      0.6,
      0.35,
      4.4,
      3.1,
      9.9,
      3.5,
      3.2,
      2.7,
      4.9,
      4.8,
      4.8,
      5.7,
      3.9,
      5.0,
      4.6
    ],
    [
      12.9,
      6.7,
      9.0,
      0.0,
      11.6,
      10.6,
      5.7,
      7.2,
      9.3,
      5.4,
      5.8,
      7.0,
      15.4,
      5.8,
      6.2,
      8.8,
      7.6,
      7.1,
      8.5,
      6.7,
      7.0,
      6.5,
      15.7,
      9.5,
      21.2,
      5.3,
      4.6,
      8.0,
      3.9,
      9.2,
      8.7,
      5.6,
      6.6,
      2.0,
      5.4,
      5.6,
      9.0,
      5.7,
      6.8,
      6.8,
      12.0,
      7.5,
      5.7,
      7.0
    ],
    [
      15.4,
      12.4,
      9.1,
      11.6,
      0.0,
      13.2,
      12.7,
      13.3,
      12.1,
      11.0,
      12.6,
      12.0,
      21.7,
      12.6,
      6.4,
      12.7,
      5.4,
      6.7,
      12.0,
      12.7,
      14.6,
      11.1,
      11.7,
      9.3,
      23.0,
      13.6,
      13.9,
      11.7,
      13.4,
      7.9,
      8.4,
      12.5,
      11.2,
      13.1,
      9.3,
      6.5,
      7.0,
      12.9,
      11.8,
      11.8,
      8.6,
      6.3,
      13.1,
      12.7
    ],
    [
      5.8,
      5.0,
      7.0,
      10.6,
      13.2,
      0.0,
      6.4,
      5.5,
      2.0,
      5.6,
      6.0,
      5.4,
      10.5,
      6.1,
      7.1,
      1.1,
      7.1,
      6.8,
      5.0,
      4.1,
      16.3,
      4.7,
      8.7,
      5.7,
      14.0,
      8.0,
      6.4,
      3.6,
      6.9,
      4.5,
      4.8,
      6.3,
      5.3,
      11.4,
      6.7,
      7.6,
      5.3,
      6.4,
      5.1,
      5.2,
      6.2,
      8.8,
      6.6,
      4.5
    ],
    [
      9.0,
      0.75,
      4.6,
      5.7,
      12.7,
      6.4,
      0.0,
      0.8,
      3.8,
      0.55,
      0.95,
      0.9,
      11.2,
      1.0,
      3.1,
      3.3,
      5.3,
      5.0,
      3.7,
      1.5,
      11.5,
      0.85,
      10.2,
      4.0,
      15.7,
      3.5,
      2.7,
      3.2,
      2.2,
      3.7,
      3.2,
      0.18,
      0.5,
      7.2,
      1.4,
      2.5,
      3.5,
      1.7,
      0.8,
      0.75,
      6.5,
      4.5,
      1.9,
      1.5
    ],
    [
      8.2,
      0.16,
      5.2,
      7.2,
      13.3,
      5.5,
      0.8,
      0.0,
      4.4,
      0.3,
      0.15,
      0.2,
      10.8,
      0.2,
      4.0,
      3.9,
      6.2,
      5.9,
      4.6,
      1.7,
      11.3,
      2.6,
      11.0,
      4.9,
      16.3,
      2.9,
      2.2,
      4.1,
      1.7,
      4.6,
      4.1,
      0.75,
      2.7,
      6.2,
      2.5,
      3.4,
      4.4,
      0.5,
      0.35,
      0.16,
      7.4,
      5.4,
      0.75,
      2.2
    ],
    [
      5.0,
      3.7,
      5.7,
      9.3,
      12.1,
      2.0,
      3.8,
      4.4,
      0.0,
      4.4,
      4.8,
      4.1,
      10.8,
      4.8,
      6.0,
      0.8,
      6.0,
      5.7,
      3.9,
      3.4,
      15.1,
      4.0,
      7.6,
      4.6,
      12.7,
      5.9,
      5.2,
      2.5,
      5.7,
      3.5,
      3.7,
      5.0,
      4.6,
      10.2,
      5.5,
      6.5,
      4.2,
      5.2,
      3.9,
      3.9,
      5.1,
      7.7,
      5.3,
      3.3
    ],
    [
      8.2,
      0.35,
      4.1,
      5.4,
      11.0,
      5.6,
      0.55,
      0.3,
      4.4,
      0.0,
      0.45,
      0.5,
      10.9,
      0.5,
      4.1,
      4.0,
      6.3,
      6.0,
      4.7,
      1.8,
      11.4,
      2.7,
      11.1,
      5.0,
      16.4,
      3.0,
      2.2,
      4.2,
      1.8,
      4.7,
      4.1,
      0.5,
      0.75,
      6.3,
      2.5,
      3.5,
      4.5,
      0.75,
      0.4,
      0.35,
      7.5,
      5.4,
      0.75,
      2.3
    ],
    [
      8.7,
      0.25,
      4.5,
      5.8,
      12.6,
      6.0,
      0.95,
      0.15,
      4.8,
      0.45,
      0.0,
      0.29,
      10.8,
      0.049,
      4.2,
      4.1,
      6.3,
      6.1,
      4.8,
      1.9,
      11.5,
      2.8,
      11.2,
      5.1,
      16.5,
      2.8,
      2.1,
      4.3,
      1.8,
      4.8,
      4.2,
      0.9,
      2.9,
      6.3,
      2.6,
      3.5,
      4.5,
      0.4,
      0.45,
      0.25,
      7.6,
      5.5,
      0.65,
      2.3
    ],
    [
      8.0,
      0.17,
      5.0,
      7.0,
      12.0,
      5.4,
      0.9,
      0.2,
      4.1,
      0.5,
      0.29,
      0.0,
      11.0,
      0.28,
      4.2,
      4.1,
      6.4,
      6.1,
      4.8,
      0.95,
      11.5,
      2.8,
      11.2,
      5.1,
      16.5,
      3.1,
      2.3,
      4.3,
      1.9,
      4.8,
      4.2,
      0.85,
      2.9,
      6.4,
      2.6,
      3.6,
      4.6,
      0.55,
      0.25,
      0.17,
      7.6,
      5.5,
      0.85,
      2.4
    ],
    [
      11.8,
      10.7,
      14.5,
      15.4,
      21.7,
      10.5,
      11.2,
      10.8,
      10.8,
      10.9,
      10.8,
      11.0,
      0.0,
      11.4,
      16.0,
      10.7,
      16.6,
      16.3,
      15.0,
      9.4,
      19.7,
      13.1,
      17.5,
      15.4,
      21.3,
      10.3,
      10.0,
      12.0,
      10.6,
      15.0,
      14.5,
      11.2,
      13.1,
      13.7,
      13.7,
      13.8,
      14.8,
      10.6,
      12.2,
      12.2,
      15.2,
      17.2,
      10.7,
      12.8
    ],
    [
      8.7,
      0.3,
      4.5,
      5.8,
      12.6,
      6.1,
      1.0,
      0.2,
      4.8,
      0.5,
      0.049,
      0.28,
      11.4,
      0.0,
      5.8,
      4.1,
      6.4,
      6.1,
      4.8,
      1.9,
      11.5,
      2.8,
      11.2,
      5.1,
      16.5,
      2.9,
      2.1,
      4.3,
      1.9,
      4.8,
      4.2,
      0.95,
      2.9,
      6.4,
      2.6,
      3.6,
      4.6,
      0.35,
      0.5,
      0.3,
      7.6,
      7.0,
      0.6,
      2.4
    ],
    [
      8.9,
      4.4,
      2.6,
      6.2,
      6.4,
      7.1,
      3.1,
      4.0,
      6.0,
      4.1,
      4.2,
      4.2,
      16.0,
      5.8,
      0.0,
      6.7,
      2.0,
      1.5,
      7.0,
      4.3,
      12.0,
      5.0,
      9.4,
      3.2,
      17.0,
      6.2,
      5.4,
      5.6,
      4.9,
      3.1,
      2.4,
      4.0,
      3.0,
      7.6,
      3.1,
      0.8,
      2.1,
      4.4,
      4.4,
      4.5,
      5.7,
      1.7,
      4.6,
      4.3
    ],
    [
      5.8,
      3.2,
      5.2,
      8.8,
      12.7,
      1.1,
      3.3,
      3.9,
      0.8,
      4.0,
      4.1,
      4.1,
      10.7,
      4.1,
      6.7,
      0.0,
      6.8,
      6.6,
      4.6,
      2.8,
      14.5,
      2.9,
      8.4,
      5.4,
      13.5,
      5.4,
      4.6,
      3.3,
      5.1,
      4.3,
      4.5,
      4.5,
      3.5,
      9.6,
      4.9,
      5.5,
      5.0,
      4.6,
      3.3,
      3.4,
      5.9,
      8.5,
      4.8,
      2.8
    ],
    [
      8.9,
      6.5,
      3.6,
      7.6,
      5.4,
      7.1,
      5.3,
      6.2,
      6.0,
      6.3,
      6.3,
      6.4,
      16.6,
      6.4,
      2.0,
      6.8,
      0.0,
      1.6,
      6.9,
      6.6,
      13.6,
      5.0,
      8.6,
      3.2,
      17.0,
      8.5,
      7.8,
      5.7,
      7.3,
      2.9,
      3.3,
      6.4,
      5.1,
      9.3,
      4.7,
      2.6,
      1.9,
      6.8,
      6.7,
      6.8,
      5.5,
      3.5,
      6.9,
      6.6
    ],
    [
      8.6,
      6.2,
      3.1,
      7.1,
      6.7,
      6.8,
      5.0,
      5.9,
      5.7,
      6.0,
      6.1,
      6.1,
      16.3,
      6.1,
      1.5,
      6.6,
      1.6,
      0.0,
      7.3,
      5.2,
      12.9,
      5.3,
      9.6,
      3.5,
      17.2,
      8.9,
      8.1,
      5.9,
      7.6,
      2.7,
      2.6,
      6.7,
      5.4,
      8.6,
      4.0,
      1.9,
      0.8,
      7.1,
      5.4,
      5.5,
      6.0,
      2.6,
      7.3,
      5.2
    ],
    [
      6.9,
      4.4,
      5.0,
      8.5,
      12.0,
      5.0,
      3.7,
      4.6,
      3.9,
      4.7,
      4.8,
      4.8,
      15.0,
      4.8,
      7.0,
      4.6,
      6.9,
      7.3,
      0.0,
      4.3,
      15.6,
      3.6,
      6.3,
      3.3,
      12.7,
      6.5,
      5.7,
      0.8,
      6.2,
      2.2,
      2.4,
      5.6,
      4.2,
      10.7,
      5.6,
      5.3,
      3.0,
      5.7,
      4.4,
      4.5,
      3.8,
      6.4,
      5.8,
      3.8
    ],
    [
      7.6,
      1.5,
      4.6,
      6.7,
      12.7,
      4.1,
      1.5,
      1.7,
      3.4,
      1.8,
      1.9,
      0.95,
      9.4,
      1.9,
      4.3,
      2.8,
      6.6,
      5.2,
      4.3,
      0.0,
      12.5,
      2.7,
      10.0,
      5.3,
      15.7,
      3.0,
      2.2,
      3.9,
      2.9,
      5.9,
      4.4,
      1.9,
      3.3,
      7.4,
      3.2,
      3.8,
      4.7,
      2.4,
      0.95,
      1.4,
      7.5,
      5.7,
      2.5,
      1.5
    ],
    [
      18.9,
      12.8,
      16.3,
      7.0,
      14.6,
      16.3,
      11.5,
      11.3,
      15.1,
      11.4,
      11.5,
      11.5,
      19.7,
      11.5,
      12.0,
      14.5,
      13.6,
      12.9,
      15.6,
      12.5,
      0.0,
      12.3,
      23.0,
      16.9,
      44.9,
      15.9,
      11.5,
      13.8,
      14.1,
      16.8,
      16.0,
      11.7,
      12.4,
      6.1,
      11.1,
      11.3,
      13.5,
      12.3,
      12.9,
      13.0,
      19.4,
      13.3,
      11.9,
      12.8
    ],
    [
      6.9,
      2.6,
      3.0,
      6.5,
      11.1,
      4.7,
      0.85,
      2.6,
      4.0,
      2.7,
      2.8,
      2.8,
      13.1,
      2.8,
      5.0,
      2.9,
      5.0,
      5.3,
      3.6,
      2.7,
      12.3,
      0.0,
      9.7,
      3.6,
      15.5,
      4.8,
      4.0,
      2.8,
      3.6,
      3.3,
      2.7,
      1.0,
      0.35,
      8.0,
      1.5,
      4.8,
      3.1,
      3.0,
      3.0,
      3.0,
      6.1,
      5.5,
      3.2,
      0.95
    ],
    [
      8.4,
      10.0,
      9.3,
      15.7,
      11.7,
      8.7,
      10.2,
      11.0,
      7.6,
      11.1,
      11.2,
      11.2,
      17.5,
      11.2,
      9.4,
      8.4,
      8.6,
      9.6,
      6.3,
      10.0,
      23.0,
      9.7,
      0.0,
      6.3,
      11.0,
      11.6,
      10.9,
      5.4,
      10.4,
      4.4,
      5.4,
      9.5,
      8.2,
      14.9,
      8.5,
      8.2,
      5.1,
      9.9,
      8.4,
      8.5,
      2.6,
      8.3,
      10.1,
      7.9
    ],
    [
      7.5,
      5.3,
      1.2,
      9.5,
      9.3,
      5.7,
      4.0,
      4.9,
      4.6,
      5.0,
      5.1,
      5.1,
      15.4,
      5.1,
      3.2,
      5.4,
      3.2,
      3.5,
      3.3,
      5.3,
      16.9,
      3.6,
      6.3,
      0.0,
      16.0,
      5.3,
      4.6,
      3.3,
      4.1,
      1.7,
      1.1,
      3.2,
      1.9,
      8.6,
      2.2,
      3.2,
      1.5,
      3.6,
      3.6,
      3.6,
      4.5,
      3.9,
      3.8,
      3.4
    ],
    [
      10.9,
      15.6,
      17.2,
      21.2,
      23.0,
      14.0,
      15.7,
      16.3,
      12.7,
      16.4,
      16.5,
      16.5,
      21.3,
      16.5,
      17.0,
      13.5,
      17.0,
      17.2,
      12.7,
      15.7,
      44.9,
      15.5,
      11.0,
      16.0,
      0.0,
      17.5,
      16.7,
      13.1,
      17.2,
      14.0,
      14.3,
      16.6,
      15.2,
      21.7,
      16.6,
      17.1,
      14.8,
      16.7,
      15.4,
      15.5,
      13.1,
      18.3,
      16.9,
      14.8
    ],
    [
      9.8,
      3.2,
      6.6,
      5.3,
      13.6,
      8.0,
      3.5,
      2.9,
      5.9,
      3.0,
      2.8,
      3.1,
      10.3,
      2.9,
      6.2,
      5.4,
      8.5,
      8.9,
      6.5,
      3.0,
      15.9,
      4.8,
      11.6,
      5.3,
      17.5,
      0.0,
      0.5,
      6.5,
      3.1,
      7.0,
      6.4,
      3.1,
      5.1,
      8.1,
      5.6,
      5.7,
      6.7,
      2.5,
      2.6,
      2.7,
      9.8,
      7.7,
      2.6,
      3.7
    ],
    [
      9.0,
      2.5,
      5.8,
      4.6,
      13.9,
      6.4,
      2.7,
      2.2,
      5.2,
      2.2,
      2.1,
      2.3,
      10.0,
      2.1,
      5.4,
      4.6,
      7.8,
      8.1,
      5.7,
      2.2,
      11.5,
      4.0,
      10.9,
      4.6,
      16.7,
      0.5,
      0.0,
      5.8,
      2.3,
      6.2,
      5.7,
      2.4,
      4.3,
      5.2,
      4.9,
      5.0,
      6.0,
      1.8,
      1.9,
      1.9,
      9.1,
      7.0,
      1.9,
      2.9
    ],
    [
      5.4,
      3.9,
      1.0,
      8.0,
      11.7,
      3.6,
      3.2,
      4.1,
      2.5,
      4.2,
      4.3,
      4.3,
      12.0,
      4.3,
      5.6,
      3.3,
      5.7,
      5.9,
      0.8,
      3.9,
      13.8,
      2.8,
      5.4,
      3.3,
      13.1,
      6.5,
      5.8,
      0.0,
      5.1,
      3.0,
      0.8,
      4.2,
      2.9,
      9.6,
      4.3,
      6.1,
      3.7,
      4.6,
      4.0,
      4.0,
      4.6,
      7.2,
      4.7,
      3.4
    ],
    [
      9.5,
      3.4,
      5.4,
      3.9,
      13.4,
      6.9,
      2.2,
      1.7,
      5.7,
      1.8,
      1.8,
      1.9,
      10.6,
      1.9,
      4.9,
      5.1,
      7.3,
      7.6,
      6.2,
      2.9,
      14.1,
      3.6,
      10.4,
      4.1,
      17.2,
      3.1,
      2.3,
      5.1,
      0.0,
      5.6,
      5.1,
      1.8,
      3.7,
      4.6,
      2.7,
      4.0,
      5.4,
      1.8,
      2.9,
      3.0,
      8.4,
      7.8,
      1.0,
      3.3
    ],
    [
      6.3,
      4.9,
      0.6,
      9.2,
      7.9,
      4.5,
      3.7,
      4.6,
      3.5,
      4.7,
      4.8,
      4.8,
      15.0,
      4.8,
      3.1,
      4.3,
      2.9,
      2.7,
      2.2,
      5.9,
      16.8,
      3.3,
      4.4,
      1.7,
      14.0,
      7.0,
      6.2,
      3.0,
      5.6,
      0.0,
      1.2,
      4.7,
      3.4,
      10.1,
      3.7,
      3.6,
      1.1,
      5.1,
      5.0,
      5.1,
      3.1,
      4.5,
      5.2,
      4.9
    ],
    [
      6.6,
      4.4,
      0.35,
      8.7,
      8.4,
      4.8,
      3.2,
      4.1,
      3.7,
      4.1,
      4.2,
      4.2,
      14.5,
      4.2,
      2.4,
      4.5,
      3.3,
      2.6,
      2.4,
      4.4,
      16.0,
      2.7,
      5.4,
      1.1,
      14.3,
      6.4,
      5.7,
      0.8,
      5.1,
      1.2,
      0.0,
      4.1,
      2.8,
      9.5,
      3.1,
      2.8,
      2.4,
      4.5,
      4.4,
      4.5,
      5.4,
      3.5,
      4.6,
      4.3
    ],
    [
      8.9,
      2.3,
      4.4,
      5.6,
      12.5,
      6.3,
      0.18,
      0.75,
      5.0,
      0.5,
      0.9,
      0.85,
      11.2,
      0.95,
      4.0,
      4.5,
      6.4,
      6.7,
      5.6,
      1.9,
      11.7,
      1.0,
      9.5,
      3.2,
      16.6,
      3.1,
      2.4,
      4.2,
      1.8,
      4.7,
      4.1,
      0.0,
      0.65,
      7.3,
      2.5,
      2.7,
      3.6,
      1.9,
      1.8,
      0.65,
      6.7,
      4.6,
      0.9,
      1.7
    ],
    [
      7.5,
      0.85,
      3.1,
      6.6,
      11.2,
      5.3,
      0.5,
      2.7,
      4.6,
      0.75,
      2.9,
      2.9,
      13.1,
      2.9,
      3.0,
      3.5,
      5.1,
      5.4,
      4.2,
      3.3,
      12.4,
      0.35,
      8.2,
      1.9,
      15.2,
      5.1,
      4.3,
      2.9,
      3.7,
      3.4,
      2.8,
      0.65,
      0.0,
      7.9,
      1.4,
      3.7,
      4.7,
      2.9,
      0.75,
      0.85,
      7.5,
      5.7,
      3.0,
      1.5
    ],
    [
      14.0,
      7.9,
      9.9,
      2.0,
      13.1,
      11.4,
      7.2,
      6.2,
      10.2,
      6.3,
      6.3,
      6.4,
      13.7,
      6.4,
      7.6,
      9.6,
      9.3,
      8.6,
      10.7,
      7.4,
      6.1,
      8.0,
      14.9,
      8.6,
      21.7,
      8.1,
      5.2,
      9.6,
      4.6,
      10.1,
      9.5,
      7.3,
      7.9,
      0.0,
      6.8,
      7.0,
      9.2,
      6.3,
      7.4,
      7.5,
      12.9,
      9.0,
      6.4,
      7.8
    ],
    [
      8.9,
      3.1,
      3.5,
      5.4,
      9.3,
      6.7,
      1.4,
      2.5,
      5.5,
      2.5,
      2.6,
      2.6,
      13.7,
      2.6,
      3.1,
      4.9,
      4.7,
      4.0,
      5.6,
      3.2,
      11.1,
      1.5,
      8.5,
      2.2,
      16.6,
      5.6,
      4.9,
      4.3,
      2.7,
      3.7,
      3.1,
      2.5,
      1.4,
      6.8,
      0.0,
      2.8,
      3.8,
      3.0,
      3.7,
      3.7,
      6.8,
      4.6,
      2.4,
      4.0
    ],
    [
      9.4,
      3.7,
      3.2,
      5.6,
      6.5,
      7.6,
      2.5,
      3.4,
      6.5,
      3.5,
      3.5,
      3.6,
      13.8,
      3.6,
      0.8,
      5.5,
      2.6,
      1.9,
      5.3,
      3.8,
      11.3,
      4.8,
      8.2,
      3.2,
      17.1,
      5.7,
      5.0,
      6.1,
      4.0,
      3.6,
      2.8,
      2.7,
      3.7,
      7.0,
      2.8,
      0.0,
      2.6,
      4.0,
      4.0,
      4.0,
      6.3,
      2.4,
      4.1,
      3.8
    ],
    [
      7.1,
      4.7,
      2.7,
      9.0,
      7.0,
      5.3,
      3.5,
      4.4,
      4.2,
      4.5,
      4.5,
      4.6,
      14.8,
      4.6,
      2.1,
      5.0,
      1.9,
      0.8,
      3.0,
      4.7,
      13.5,
      3.1,
      5.1,
      1.5,
      14.8,
      6.7,
      6.0,
      3.7,
      5.4,
      1.1,
      2.4,
      3.6,
      4.7,
      9.2,
      3.8,
      2.6,
      0.0,
      5.0,
      4.9,
      4.9,
      3.9,
      3.7,
      5.1,
      4.7
    ],
    [
      9.0,
      0.6,
      4.9,
      5.7,
      12.9,
      6.4,
      1.7,
      0.5,
      5.2,
      0.75,
      0.4,
      0.55,
      10.6,
      0.35,
      4.4,
      4.6,
      6.8,
      7.1,
      5.7,
      2.4,
      12.3,
      3.0,
      9.9,
      3.6,
      16.7,
      2.5,
      1.8,
      4.6,
      1.8,
      5.1,
      4.5,
      1.9,
      2.9,
      6.3,
      3.0,
      4.0,
      5.0,
      0.0,
      2.5,
      0.6,
      8.2,
      6.1,
      0.55,
      3.1
    ],
    [
      7.7,
      0.18,
      4.8,
      6.8,
      11.8,
      5.1,
      0.8,
      0.35,
      3.9,
      0.4,
      0.45,
      0.25,
      12.2,
      0.5,
      4.4,
      3.3,
      6.7,
      5.4,
      4.4,
      0.95,
      12.9,
      3.0,
      8.4,
      3.6,
      15.4,
      2.6,
      1.9,
      4.0,
      2.9,
      5.0,
      4.4,
      1.8,
      0.75,
      7.4,
      3.7,
      4.0,
      4.9,
      2.5,
      0.0,
      0.18,
      7.5,
      5.7,
      1.0,
      1.4
    ],
    [
      7.8,
      0.0,
      4.8,
      6.8,
      11.8,
      5.2,
      0.75,
      0.16,
      3.9,
      0.35,
      0.25,
      0.17,
      12.2,
      0.3,
      4.5,
      3.4,
      6.8,
      5.5,
      4.5,
      1.4,
      13.0,
      3.0,
      8.5,
      3.6,
      15.5,
      2.7,
      1.9,
      4.0,
      3.0,
      5.1,
      4.5,
      0.65,
      0.85,
      7.5,
      3.7,
      4.0,
      4.9,
      0.6,
      0.18,
      0.0,
      7.5,
      5.7,
      0.85,
      1.5
    ],
    [
      6.9,
      7.5,
      5.7,
      12.0,
      8.6,
      6.2,
      6.5,
      7.4,
      5.1,
      7.5,
      7.6,
      7.6,
      15.2,
      7.6,
      5.7,
      5.9,
      5.5,
      6.0,
      3.8,
      7.5,
      19.4,
      6.1,
      2.6,
      4.5,
      13.1,
      9.8,
      9.1,
      4.6,
      8.4,
      3.1,
      5.4,
      6.7,
      7.5,
      12.9,
      6.8,
      6.3,
      3.9,
      8.2,
      7.5,
      7.5,
      0.0,
      7.1,
      8.4,
      7.1
    ],
    [
      10.6,
      5.7,
      3.9,
      7.5,
      6.3,
      8.8,
      4.5,
      5.4,
      7.7,
      5.4,
      5.5,
      5.5,
      17.2,
      7.0,
      1.7,
      8.5,
      3.5,
      2.6,
      6.4,
      5.7,
      13.3,
      5.5,
      8.3,
      3.9,
      18.3,
      7.7,
      7.0,
      7.2,
      7.8,
      4.5,
      3.5,
      4.6,
      5.7,
      9.0,
      4.6,
      2.4,
      3.7,
      6.1,
      5.7,
      5.7,
      7.1,
      0.0,
      11.6,
      11.2
    ],
    [
      9.2,
      0.85,
      5.0,
      5.7,
      13.1,
      6.6,
      1.9,
      0.75,
      5.3,
      0.75,
      0.65,
      0.85,
      10.7,
      0.6,
      4.6,
      4.8,
      6.9,
      7.3,
      5.8,
      2.5,
      11.9,
      3.2,
      10.1,
      3.8,
      16.9,
      2.6,
      1.9,
      4.7,
      1.0,
      5.2,
      4.6,
      0.9,
      3.0,
      6.4,
      2.4,
      4.1,
      5.1,
      0.55,
      1.0,
      0.85,
      8.4,
      11.6,
      0.0,
      2.5
    ],
    [
      7.2,
      1.5,
      4.6,
      7.0,
      12.7,
      4.5,
      1.5,
      2.2,
      3.3,
      2.3,
      2.3,
      2.4,
      12.8,
      2.4,
      4.3,
      2.8,
      6.6,
      5.2,
      3.8,
      1.5,
      12.8,
      0.95,
      7.9,
      3.4,
      14.8,
      3.7,
      2.9,
      3.4,
      3.3,
      4.9,
      4.3,
      1.7,
      1.5,
      7.8,
      4.0,
      3.8,
      4.7,
      3.1,
      1.4,
      1.5,
      7.1,
      11.2,
      2.5,
      0.0
    ]
  ],
  "drive_time_matrix": [
    [
      0.0,
      15.0,
      11.0,
      24.0,
      26.0,
      10.0,
      17.0,
      15.0,
      9.0,
      15.0,
      17.0,
      15.0,
      18.0,
      17.0,
      16.0,
      11.0,
      15.0,
      16.0,
      13.0,
      14.0,
      29.0,
      13.0,
      16.0,
      13.0,
      16.0,
      20.0,
      18.0,
      10.0,
      17.0,
      11.0,
      11.0,
      17.0,
      14.0,
      27.0,
      19.0,
      17.0,
      12.0,
      17.0,
      15.0,
      15.0,
      14.0,
      17.0,
      17.0,
      14.0
    ],
    [
      15.0,
      0.0,
      11.0,
      15.0,
      22.0,
      11.0,
      9.0,
      2.0,
      8.0,
      4.0,
      3.0,
      3.0,
      18.0,
      4.0,
      11.0,
      8.0,
      13.0,
      13.0,
      9.0,
      5.0,
      20.0,
      7.0,
      18.0,
      11.0,
      23.0,
      9.0,
      7.0,
      9.0,
      8.0,
      12.0,
      10.0,
      9.0,
      11.0,
      17.0,
      9.0,
      10.0,
      10.0,
      7.0,
      2.0,
      1.0,
      16.0,
      14.0,
      8.0,
      5.0
    ],
    [
      11.0,
      11.0,
      0.0,
      15.0,
      15.0,
      14.0,
      8.0,
      9.0,
      11.0,
      7.0,
      8.0,
      9.0,
      22.0,
      9.0,
      5.0,
      11.0,
      7.0,
      6.0,
      9.0,
      9.0,
      21.0,
      6.0,
      15.0,
      3.0,
      25.0,
      12.0,
      10.0,
      14.0,
      9.0,
      8.0,
      9.0,
      7.0,
      5.0,
      19.0,
      9.0,
      6.0,
      5.0,
      9.0,
      9.0,
      10.0,
      12.0,
      7.0,
      9.0,
      10.0
    ],
    [
      24.0,
      15.0,
      15.0,
      0.0,
      21.0,
      20.0,
      11.0,
      14.0,
      18.0,
      11.0,
      12.0,
      14.0,
      21.0,
      12.0,
      12.0,
      18.0,
      15.0,
      15.0,
      18.0,
      13.0,
      9.0,
      16.0,
      26.0,
      17.0,
      33.0,
      12.0,
      10.0,
      18.0,
      8.0,
      18.0,
      15.0,
      11.0,
      14.0,
      6.0,
      11.0,
      11.0,
      16.0,
      13.0,
      14.0,
      15.0,
      23.0,
      15.0,
      12.0,
      15.0
    ],
    [
      26.0,
      22.0,
      15.0,
      21.0,
      0.0,
      21.0,
      19.0,
      22.0,
      20.0,
      18.0,
      20.0,
      21.0,
      34.0,
      20.0,
      13.0,
      21.0,
      10.0,
      13.0,
      20.0,
      21.0,
      24.0,
      18.0,
      19.0,
      15.0,
      32.0,
      24.0,
      22.0,
      19.0,
      21.0,
      14.0,
      13.0,
      19.0,
      17.0,
      25.0,
      20.0,
      13.0,
      12.0,
      21.0,
      21.0,
      21.0,
      16.0,
      10.0,
      21.0,
      22.0
    ],
    [
      10.0,
      11.0,
      14.0,
      20.0,
      21.0,
      0.0,
      12.0,
      10.0,
      4.0,
      10.0,
      12.0,
      10.0,
      14.0,
      12.0,
      13.0,
      13.0,
      13.0,
      13.0,
      10.0,
      9.0,
      25.0,
      10.0,
      15.0,
      11.0,
      19.0,
      15.0,
      13.0,
      7.0,
      13.0,
      9.0,
      9.0,
      12.0,
      10.0,
      22.0,
      14.0,
      15.0,
      10.0,
      13.0,
      10.0,
      10.0,
      13.0,
      15.0,
      12.0,
      10.0
    ],
    [
      17.0,
      9.0,
      8.0,
      11.0,
      19.0,
      12.0,
      0.0,
      10.0,
      8.0,
      7.0,
      12.0,
      12.0,
      19.0,
      13.0,
      7.0,
      7.0,
      9.0,
      9.0,
      9.0,
      4.0,
      16.0,
      6.0,
      16.0,
      7.0,
      22.0,
      8.0,
      6.0,
      8.0,
      5.0,
      7.0,
      5.0,
      2.0,
      6.0,
      14.0,
      22.0,
      6.0,
      6.0,
      5.0,
      10.0,
      9.0,
      13.0,
      9.0,
      5.0,
      5.0
    ],
    [
      15.0,
      2.0,
      9.0,
      14.0,
      22.0,
      10.0,
      10.0,
      0.0,
      9.0,
      4.0,
      2.0,
      3.0,
      17.0,
      3.0,
      9.0,
      8.0,
      10.0,
      10.0,
      10.0,
      4.0,
      15.0,
      7.0,
      18.0,
      8.0,
      24.0,
      7.0,
      5.0,
      9.0,
      4.0,
      9.0,
      7.0,
      9.0,
      5.0,
      13.0,
      6.0,
      8.0,
      7.0,
      6.0,
      4.0,
      2.0,
      14.0,
      11.0,
      10.0,
      6.0
    ],
    [
      9.0,
      8.0,
      11.0,
      18.0,
      20.0,
      4.0,
      8.0,
      9.0,
      0.0,
      8.0,
      9.0,
      7.0,
      14.0,
      9.0,
      10.0,
      2.0,
      10.0,
      11.0,
      8.0,
      6.0,
      22.0,
      7.0,
      13.0,
      8.0,
      17.0,
      13.0,
      11.0,
      5.0,
      10.0,
      7.0,
      6.0,
      9.0,
      8.0,
      20.0,
      12.0,
      12.0,
      7.0,
      10.0,
      7.0,
      8.0,
      10.0,
      12.0,
      10.0,
      7.0
    ],
    [
      15.0,
      4.0,
      7.0,
      11.0,
      18.0,
      10.0,
      7.0,
      4.0,
      8.0,
      0.0,
      6.0,
      7.0,
      18.0,
      7.0,
      9.0,
      9.0,
      10.0,
      11.0,
      10.0,
      4.0,
      15.0,
      7.0,
      18.0,
      9.0,
      24.0,
      7.0,
      5.0,
      9.0,
      4.0,
      9.0,
      7.0,
      6.0,
      9.0,
      14.0,
      7.0,
      8.0,
      8.0,
      10.0,
      5.0,
      4.0,
      14.0,
      12.0,
      10.0,
      6.0
    ],
    [
      17.0,
      3.0,
      8.0,
      12.0,
      20.0,
      12.0,
      12.0,
      2.0,
      9.0,
      6.0,
      0.0,
      4.0,
      18.0,
      1.0,
      10.0,
      9.0,
      11.0,
      11.0,
      11.0,
      5.0,
      16.0,
      8.0,
      19.0,
      9.0,
      25.0,
      8.0,
      5.0,
      10.0,
      5.0,
      10.0,
      8.0,
      11.0,
      6.0,
      14.0,
      7.0,
      9.0,
      8.0,
      5.0,
      5.0,
      3.0,
      15.0,
      12.0,
      8.0,
      7.0
    ],
    [
      15.0,
      3.0,
      9.0,
      14.0,
      21.0,
      10.0,
      12.0,
      3.0,
      7.0,
      7.0,
      4.0,
      0.0,
      18.0,
      4.0,
      9.0,
      9.0,
      11.0,
      11.0,
      10.0,
      13.0,
      15.0,
      7.0,
      18.0,
      9.0,
      24.0,
      7.0,
      5.0,
      9.0,
      4.0,
      9.0,
      7.0,
      11.0,
      6.0,
      13.0,
      7.0,
      8.0,
      8.0,
      7.0,
      3.0,
      2.0,
      14.0,
      11.0,
      11.0,
      6.0
    ],
    [
      18.0,
      18.0,
      22.0,
      21.0,
      34.0,
      14.0,
      19.0,
      17.0,
      14.0,
      18.0,
      18.0,
      18.0,
      0.0,
      15.0,
      21.0,
      16.0,
      22.0,
      22.0,
      21.0,
      14.0,
      22.0,
      19.0,
      28.0,
      20.0,
      27.0,
      15.0,
      13.0,
      19.0,
      14.0,
      20.0,
      18.0,
      13.0,
      17.0,
      21.0,
      19.0,
      19.0,
      19.0,
      15.0,
      18.0,
      18.0,
      25.0,
      23.0,
      14.0,
      18.0
    ],
    [
      17.0,
      4.0,
      9.0,
      12.0,
      20.0,
      12.0,
      13.0,
      3.0,
      9.0,
      7.0,
      1.0,
      4.0,
      15.0,
      0.0,
      11.0,
      10.0,
      12.0,
      12.0,
      11.0,
      5.0,
      17.0,
      8.0,
      19.0,
      10.0,
      25.0,
      8.0,
      6.0,
      10.0,
      5.0,
      10.0,
      8.0,
      12.0,
      7.0,
      15.0,
      8.0,
      9.0,
      9.0,
      5.0,
      6.0,
      4.0,
      16.0,
      13.0,
      8.0,
      7.0
    ],
    [
      16.0,
      11.0,
      5.0,
      12.0,
      13.0,
      13.0,
      7.0,
      9.0,
      10.0,
      9.0,
      10.0,
      9.0,
      21.0,
      11.0,
      0.0,
      12.0,
      4.0,
      4.0,
      12.0,
      10.0,
      18.0,
      9.0,
      15.0,
      6.0,
      23.0,
      14.0,
      12.0,
      10.0,
      11.0,
      6.0,
      4.0,
      9.0,
      7.0,
      17.0,
      8.0,
      11.0,
      5.0,
      11.0,
      11.0,
      11.0,
      11.0,
      3.0,
      11.0,
      11.0
    ],
    [
      11.0,
      8.0,
      11.0,
      18.0,
      21.0,
      13.0,
      7.0,
      8.0,
      2.0,
      9.0,
      9.0,
      9.0,
      16.0,
      10.0,
      12.0,
      0.0,
      13.0,
      13.0,
      9.0,
      6.0,
      22.0,
      7.0,
      15.0,
      10.0,
      19.0,
      13.0,
      11.0,
      7.0,
      9.0,
      9.0,
      8.0,
      9.0,
      7.0,
      19.0,
      11.0,
      12.0,
      10.0,
      10.0,
      7.0,
      7.0,
      12.0,
      14.0,
      10.0,
      6.0
    ],
    [
      15.0,
      13.0,
      7.0,
      15.0,
      10.0,
      13.0,
      9.0,
      10.0,
      10.0,
      10.0,
      11.0,
      11.0,
      22.0,
      12.0,
      4.0,
      13.0,
      0.0,
      4.0,
      12.0,
      12.0,
      20.0,
      9.0,
      14.0,
      6.0,
      25.0,
      15.0,
      13.0,
      11.0,
      12.0,
      5.0,
      5.0,
      10.0,
      8.0,
      19.0,
      11.0,
      6.0,
      4.0,
      12.0,
      13.0,
      13.0,
      11.0,
      39.0,
      12.0,
      13.0
    ],
    [
      16.0,
      13.0,
      6.0,
      15.0,
      13.0,
      13.0,
      9.0,
      10.0,
      11.0,
      11.0,
      11.0,
      11.0,
      22.0,
      12.0,
      4.0,
      13.0,
      4.0,
      0.0,
      12.0,
      12.0,
      19.0,
      10.0,
      15.0,
      6.0,
      23.0,
      15.0,
      13.0,
      10.0,
      12.0,
      6.0,
      4.0,
      11.0,
      9.0,
      18.0,
      10.0,
      5.0,
      10.0,
      12.0,
      13.0,
      13.0,
      12.0,
      5.0,
      12.0,
      13.0
    ],
    [
      13.0,
      9.0,
      9.0,
      18.0,
      20.0,
      10.0,
      9.0,
      10.0,
      8.0,
      10.0,
      11.0,
      10.0,
      21.0,
      11.0,
      12.0,
      9.0,
      12.0,
      12.0,
      0.0,
      8.0,
      23.0,
      7.0,
      11.0,
      6.0,
      17.0,
      14.0,
      12.0,
      9.0,
      11.0,
      5.0,
      5.0,
      10.0,
      8.0,
      21.0,
      13.0,
      10.0,
      6.0,
      11.0,
      9.0,
      9.0,
      8.0,
      10.0,
      11.0,
      8.0
    ],
    [
      14.0,
      5.0,
      9.0,
      13.0,
      21.0,
      9.0,
      4.0,
      4.0,
      6.0,
      4.0,
      5.0,
      13.0,
      14.0,
      5.0,
      10.0,
      6.0,
      12.0,
      12.0,
      8.0,
      0.0,
      18.0,
      6.0,
      17.0,
      10.0,
      22.0,
      8.0,
      6.0,
      8.0,
      6.0,
      11.0,
      9.0,
      4.0,
      6.0,
      16.0,
      8.0,
      9.0,
      9.0,
      6.0,
      12.0,
      4.0,
      15.0,
      12.0,
      6.0,
      4.0
    ],
    [
      29.0,
      20.0,
      21.0,
      9.0,
      24.0,
      25.0,
      16.0,
      15.0,
      22.0,
      15.0,
      16.0,
      15.0,
      22.0,
      17.0,
      18.0,
      22.0,
      20.0,
      19.0,
      23.0,
      18.0,
      0.0,
      19.0,
      30.0,
      21.0,
      36.0,
      19.0,
      17.0,
      21.0,
      14.0,
      22.0,
      20.0,
      16.0,
      18.0,
      10.0,
      15.0,
      16.0,
      19.0,
      18.0,
      20.0,
      21.0,
      27.0,
      19.0,
      17.0,
      20.0
    ],
    [
      13.0,
      7.0,
      6.0,
      16.0,
      18.0,
      10.0,
      6.0,
      7.0,
      7.0,
      7.0,
      8.0,
      7.0,
      19.0,
      8.0,
      9.0,
      7.0,
      9.0,
      10.0,
      7.0,
      6.0,
      19.0,
      0.0,
      16.0,
      7.0,
      23.0,
      10.0,
      7.0,
      7.0,
      6.0,
      7.0,
      5.0,
      9.0,
      4.0,
      16.0,
      23.0,
      9.0,
      6.0,
      7.0,
      7.0,
      7.0,
      13.0,
      10.0,
      7.0,
      13.0
    ],
    [
      16.0,
      18.0,
      15.0,
      26.0,
      19.0,
      15.0,
      16.0,
      18.0,
      13.0,
      18.0,
      19.0,
      18.0,
      28.0,
      19.0,
      15.0,
      15.0,
      14.0,
      15.0,
      11.0,
      17.0,
      30.0,
      16.0,
      0.0,
      10.0,
      18.0,
      20.0,
      18.0,
      9.0,
      17.0,
      7.0,
      8.0,
      15.0,
      13.0,
      26.0,
      17.0,
      14.0,
      9.0,
      17.0,
      15.0,
      15.0,
      5.0,
      13.0,
      16.0,
      14.0
    ],
    [
      13.0,
      11.0,
      3.0,
      17.0,
      15.0,
      11.0,
      7.0,
      8.0,
      8.0,
      9.0,
      9.0,
      9.0,
      20.0,
      10.0,
      6.0,
      10.0,
      6.0,
      6.0,
      6.0,
      10.0,
      21.0,
      7.0,
      10.0,
      0.0,
      22.0,
      10.0,
      7.0,
      6.0,
      6.0,
      4.0,
      2.0,
      5.0,
      3.0,
      16.0,
      6.0,
      6.0,
      3.0,
      7.0,
      7.0,
      7.0,
      9.0,
      6.0,
      6.0,
      7.0
    ],
    [
      16.0,
      23.0,
      25.0,
      33.0,
      32.0,
      19.0,
      22.0,
      24.0,
      17.0,
      24.0,
      25.0,
      24.0,
      27.0,
      25.0,
      23.0,
      19.0,
      25.0,
      23.0,
      17.0,
      22.0,
      36.0,
      23.0,
      18.0,
      22.0,
      0.0,
      29.0,
      26.0,
      18.0,
      25.0,
      20.0,
      19.0,
      24.0,
      21.0,
      35.0,
      26.0,
      25.0,
      21.0,
      25.0,
      22.0,
      23.0,
      22.0,
      25.0,
      25.0,
      22.0
    ],
    [
      20.0,
      9.0,
      12.0,
      12.0,
      24.0,
      15.0,
      8.0,
      7.0,
      13.0,
      7.0,
      8.0,
      7.0,
      15.0,
      8.0,
      14.0,
      13.0,
      15.0,
      15.0,
      14.0,
      8.0,
      19.0,
      10.0,
      20.0,
      10.0,
      29.0,
      0.0,
      8.0,
      14.0,
      8.0,
      14.0,
      12.0,
      7.0,
      11.0,
      17.0,
      13.0,
      13.0,
      13.0,
      8.0,
      8.0,
      8.0,
      19.0,
      17.0,
      7.0,
      11.0
    ],
    [
      18.0,
      7.0,
      10.0,
      10.0,
      22.0,
      13.0,
      6.0,
      5.0,
      11.0,
      5.0,
      5.0,
      5.0,
      13.0,
      6.0,
      12.0,
      11.0,
      13.0,
      13.0,
      12.0,
      6.0,
      17.0,
      7.0,
      18.0,
      7.0,
      26.0,
      8.0,
      0.0,
      12.0,
      6.0,
      12.0,
      10.0,
      5.0,
      9.0,
      13.0,
      11.0,
      11.0,
      11.0,
      6.0,
      6.0,
      6.0,
      17.0,
      15.0,
      5.0,
      9.0
    ],
    [
      10.0,
      9.0,
      14.0,
      18.0,
      19.0,
      7.0,
      8.0,
      9.0,
      5.0,
      9.0,
      10.0,
      9.0,
      19.0,
      10.0,
      10.0,
      7.0,
      11.0,
      10.0,
      9.0,
      8.0,
      21.0,
      7.0,
      9.0,
      6.0,
      18.0,
      14.0,
      12.0,
      0.0,
      10.0,
      6.0,
      9.0,
      8.0,
      6.0,
      19.0,
      11.0,
      11.0,
      7.0,
      10.0,
      9.0,
      9.0,
      10.0,
      11.0,
      9.0,
      8.0
    ],
    [
      17.0,
      8.0,
      9.0,
      8.0,
      21.0,
      13.0,
      5.0,
      4.0,
      10.0,
      4.0,
      5.0,
      4.0,
      14.0,
      5.0,
      11.0,
      9.0,
      12.0,
      12.0,
      11.0,
      6.0,
      14.0,
      6.0,
      17.0,
      6.0,
      25.0,
      8.0,
      6.0,
      10.0,
      0.0,
      10.0,
      8.0,
      3.0,
      6.0,
      10.0,
      6.0,
      9.0,
      9.0,
      5.0,
      6.0,
      7.0,
      15.0,
      13.0,
      12.0,
      8.0
    ],
    [
      11.0,
      12.0,
      8.0,
      18.0,
      14.0,
      9.0,
      7.0,
      9.0,
      7.0,
      9.0,
      10.0,
      9.0,
      20.0,
      10.0,
      6.0,
      9.0,
      5.0,
      6.0,
      5.0,
      11.0,
      22.0,
      7.0,
      7.0,
      4.0,
      20.0,
      14.0,
      12.0,
      6.0,
      10.0,
      0.0,
      13.0,
      8.0,
      6.0,
      19.0,
      10.0,
      7.0,
      2.0,
      10.0,
      10.0,
      10.0,
      7.0,
      6.0,
      9.0,
      10.0
    ],
    [
      11.0,
      10.0,
      9.0,
      15.0,
      13.0,
      9.0,
      5.0,
      7.0,
      6.0,
      7.0,
      8.0,
      7.0,
      18.0,
      8.0,
      4.0,
      8.0,
      5.0,
      4.0,
      5.0,
      9.0,
      20.0,
      5.0,
      8.0,
      2.0,
      19.0,
      12.0,
      10.0,
      9.0,
      8.0,
      13.0,
      0.0,
      6.0,
      4.0,
      18.0,
      8.0,
      5.0,
      4.0,
      8.0,
      8.0,
      9.0,
      11.0,
      6.0,
      8.0,
      8.0
    ],
    [
      17.0,
      9.0,
      7.0,
      11.0,
      19.0,
      12.0,
      2.0,
      9.0,
      9.0,
      6.0,
      11.0,
      11.0,
      13.0,
      12.0,
      9.0,
      9.0,
      10.0,
      11.0,
      10.0,
      4.0,
      16.0,
      9.0,
      15.0,
      5.0,
      24.0,
      7.0,
      5.0,
      8.0,
      3.0,
      8.0,
      6.0,
      0.0,
      9.0,
      14.0,
      5.0,
      6.0,
      6.0,
      5.0,
      9.0,
      8.0,
      12.0,
      9.0,
      12.0,
      5.0
    ],
    [
      14.0,
      11.0,
      5.0,
      14.0,
      17.0,
      10.0,
      6.0,
      5.0,
      8.0,
      9.0,
      6.0,
      6.0,
      17.0,
      7.0,
      7.0,
      7.0,
      8.0,
      9.0,
      8.0,
      6.0,
      18.0,
      4.0,
      13.0,
      3.0,
      21.0,
      11.0,
      9.0,
      6.0,
      6.0,
      6.0,
      4.0,
      9.0,
      0.0,
      16.0,
      22.0,
      9.0,
      9.0,
      7.0,
      10.0,
      11.0,
      15.0,
      12.0,
      6.0,
      4.0
    ],
    [
      27.0,
      17.0,
      19.0,
      6.0,
      25.0,
      22.0,
      14.0,
      13.0,
      20.0,
      14.0,
      14.0,
      13.0,
      21.0,
      15.0,
      17.0,
      19.0,
      19.0,
      18.0,
      21.0,
      16.0,
      10.0,
      16.0,
      26.0,
      16.0,
      35.0,
      17.0,
      13.0,
      19.0,
      10.0,
      19.0,
      18.0,
      14.0,
      16.0,
      0.0,
      13.0,
      13.0,
      17.0,
      15.0,
