{
  "drive_dist_matrix": [
    [
      0.0,
      1.4,
      0.85,
      6.4,
      1.1,
      1.2,
      1.4,
      4.6,
      2.5,
      1.4,
      0.75,
      1.2,
      1.5,
      4.1,
      2.0,
      1.5,
      1.0,
      1.1,
      1.4,
      1.5,
      1.2,
      1.3,
      1.2,
      1.1,
      0.8,
      1.4,
      5.2,
      21.5,
      0.75,
      26.0,
      3.9,
      0.75,
      0.8,
      35.6,
      1.4,
      1.9,
      1.1,
      2.0,
      1.3,
      21.9,
      1.0,
      24.0,
      5.7,
      21.1,
      1.2,
      19.1,
      23.5,
      3.5,
      28.3,
      53.9,
      4.0,
      22.7,
      32.1,
      35.3,
      21.7
    ],
    [
      1.4,
      0.0,
      4.0,
      8.4,
      4.1,
      4.7,
      4.5,
      7.4,
      5.3,
      2.7,
      1.1,
      1.2,
      1.6,
      6.9,
      3.1,
      5.0,
      1.3,
      2.8,
      4.6,
      1.5,
      0.24,
      4.9,
      1.0,
      3.1,
      1.2,
      4.7,
      8.0,
      30.1,
      0.9,
      26.1,
      4.3,
      1.1,
      1.2,
      44.2,
      1.5,
      4.7,
      2.8,
      4.7,
      5.1,
      30.5,
      1.4,
      32.6,
      8.6,
      29.7,
      1.3,
      27.8,
      32.1,
      6.2,
      36.9,
      50.3,
      6.9,
      31.3,
      44.0,
      44.0,
      30.4
    ],
    [
      0.85,
      4.0,
      0.0,
      6.6,
      0.29,
      0.45,
      0.55,
      4.8,
      2.7,
      1.6,
      0.29,
      0.9,
      0.7,
      4.3,
      2.2,
      0.75,
      0.4,
      0.65,
      0.55,
      1.7,
      1.0,
      0.55,
      0.85,
      0.55,
      0.4,
      0.6,
      5.4,
      21.7,
      0.55,
      26.2,
      4.1,
      0.23,
      0.35,
      35.8,
      0.6,
      0.75,
      0.65,
      1.0,
      0.65,
      22.1,
      0.55,
      24.1,
      5.9,
      21.3,
      0.95,
      19.3,
      23.7,
      3.7,
      28.5,
      54.1,
      4.2,
      22.9,
      32.3,
      35.5,
      21.8
    ],
    [
      6.4,
      8.4,
      6.6,
      0.0,
      12.1,
      11.5,
      11.9,
      11.4,
      11.9,
      5.1,
      6.0,
      9.2,
      10.6,
      11.1,
      4.5,
      5.4,
      6.2,
      5.3,
      11.4,
      10.0,
      8.9,
      5.4,
      9.0,
      5.2,
      6.2,
      11.5,
      11.9,
      24.1,
      5.8,
      31.3,
      4.0,
      6.2,
      6.3,
      38.2,
      12.3,
      11.2,
      5.3,
      11.0,
      5.5,
      24.5,
      5.1,
      26.6,
      14.7,
      23.7,
      9.2,
      21.7,
      26.1,
      8.1,
      30.9,
      43.1,
      13.1,
      25.3,
      34.7,
      37.9,
      24.4
    ],
    [
      1.1,
      4.1,
      0.29,
      12.1,
      0.0,
      0.65,
      0.6,
      3.3,
      0.8,
      2.0,
      0.4,
      0.85,
      0.5,
      2.8,
      2.0,
      0.95,
      0.55,
      0.9,
      0.75,
      1.2,
      1.2,
      0.75,
      0.8,
      0.7,
      0.65,
      0.8,
      3.9,
      20.6,
      0.6,
      26.6,
      4.9,
      0.5,
      0.65,
      34.8,
      0.4,
      0.55,
      0.9,
      0.9,
      0.8,
      21.0,
      0.7,
      23.1,
      4.5,
      20.2,
      0.85,
      18.3,
      22.6,
      2.7,
      27.5,
      53.1,
      2.8,
      21.9,
      31.3,
      34.5,
      20.8
    ],
    [
      1.2,
      4.7,
      0.45,
      11.5,
      0.65,
      0.0,
      0.4,
      4.3,
      2.5,
      0.7,
      0.65,
      1.8,
      1.1,
      3.8,
      1.0,
      0.35,
      0.5,
      1.1,
      0.26,
      2.6,
      4.4,
      0.1,
      2.3,
      0.45,
      0.55,
      0.21,
      4.9,
      20.5,
      0.85,
      25.8,
      2.9,
      0.45,
      0.6,
      34.6,
      1.0,
      0.85,
      0.75,
      0.65,
      0.24,
      20.9,
      0.55,
      23.0,
      5.5,
      20.1,
      1.8,
      18.1,
      22.5,
      1.9,
      27.3,
      47.5,
      3.8,
      21.7,
      34.4,
      34.3,
      20.6
    ],
    [
      1.4,
      4.5,
      0.55,
      11.9,
      0.6,
      0.4,
      0.0,
      4.5,
      0.65,
      1.2,
      0.8,
      2.1,
      1.0,
      4.0,
      1.2,
      0.6,
      2.2,
      1.3,
      0.24,
      2.8,
      4.6,
      0.5,
      2.5,
      0.75,
      0.85,
      0.3,
      5.1,
      20.7,
      1.8,
      26.1,
      3.1,
      0.8,
      0.95,
      34.8,
      0.9,
      0.65,
      1.3,
      0.5,
      0.65,
      21.1,
      0.85,
      23.2,
      5.7,
      20.3,
      2.1,
      18.3,
      22.7,
      2.2,
      27.5,
      47.7,
      4.0,
      21.9,
      34.6,
      34.5,
      20.9
    ],
    [
      4.6,
      7.4,
      4.8,
      11.4,
      3.3,
      4.3,
      4.5,
      0.0,
      3.0,
      4.9,
      3.8,
      3.8,
      3.6,
      0.0,
      4.4,
      3.9,
      4.0,
      4.6,
      3.5,
      4.5,
      6.8,
      3.8,
      4.6,
      4.5,
      4.0,
      3.6,
      1.9,
      15.4,
      4.0,
      40.4,
      7.4,
      4.0,
      4.0,
      30.7,
      3.3,
      2.6,
      4.6,
      3.0,
      3.8,
      17.0,
      4.2,
      19.1,
      2.5,
      15.0,
      3.8,
      13.1,
      18.6,
      3.5,
      23.4,
      52.2,
      2.8,
      17.9,
      27.2,
      30.5,
      20.0
    ],
    [
      2.5,
      5.3,
      2.7,
      11.9,
      0.8,
      2.5,
      0.65,
      3.0,
      0.0,
      2.0,
      2.0,
      2.0,
      3.4,
      2.6,
      2.0,
      1.5,
      2.2,
      2.8,
      0.75,
      2.7,
      5.0,
      1.4,
      2.8,
      2.0,
      2.2,
      0.8,
      3.7,
      20.6,
      2.2,
      41.2,
      4.9,
      2.1,
      2.2,
      34.7,
      1.5,
      0.26,
      2.8,
      0.55,
      1.5,
      21.0,
      1.9,
      23.1,
      4.3,
      20.2,
      2.0,
      18.3,
      22.6,
      2.7,
      27.4,
      53.1,
      1.0,
      21.9,
      34.6,
      34.5,
      20.8
    ],
    [
      1.4,
      2.7,
      1.6,
      5.1,
      2.0,
      0.7,
      1.2,
      4.9,
      2.0,
      0.0,
      1.0,
      1.3,
      2.7,
      4.7,
      0.3,
      0.55,
      0.6,
      0.5,
      0.95,
      2.1,
      4.2,
      0.6,
      1.8,
      0.4,
      0.65,
      0.8,
      5.7,
      22.1,
      1.0,
      25.0,
      2.4,
      0.9,
      0.7,
      36.6,
      3.5,
      2.4,
      0.5,
      2.6,
      0.45,
      22.9,
      0.4,
      24.5,
      6.3,
      21.7,
      1.3,
      20.1,
      22.8,
      2.9,
      29.3,
      47.1,
      4.6,
      23.7,
      32.7,
      36.3,
      22.2
    ],
    [
      0.75,
      1.1,
      0.29,
      6.0,
      0.4,
      0.65,
      0.8,
      3.8,
      2.0,
      1.0,
      0.0,
      0.65,
      0.9,
      4.1,
      2.0,
      1.0,
      0.5,
      0.6,
      0.9,
      1.5,
      0.85,
      0.75,
      0.65,
      0.6,
      0.35,
      0.9,
      5.2,
      21.5,
      0.29,
      26.0,
      3.9,
      0.25,
      0.3,
      35.6,
      0.75,
      0.9,
      0.6,
      2.0,
      0.85,
      21.9,
      0.55,
      24.0,
      5.7,
      21.1,
      0.7,
      19.2,
      23.5,
      3.5,
      28.3,
      53.9,
      4.1,
      22.7,
      35.4,
      35.4,
      21.7
    ],
    [
      1.2,
      1.2,
      0.9,
      9.2,
      0.85,
      1.8,
      2.1,
      3.8,
      2.0,
      1.3,
      0.65,
      0.0,
      0.35,
      4.7,
      3.0,
      3.2,
      1.0,
      1.0,
      2.8,
      0.45,
      1.0,
      3.1,
      0.3,
      2.7,
      0.95,
      2.9,
      5.8,
      22.3,
      0.4,
      27.6,
      8.3,
      0.85,
      0.95,
      36.4,
      0.5,
      2.4,
      1.0,
      2.8,
      3.2,
      22.7,
      1.0,
      24.8,
      6.3,
      21.9,
      0.011,
      20.0,
      24.3,
      4.4,
      29.1,
      51.2,
      4.6,
      23.6,
      36.3,
      36.2,
      22.5
    ],
    [
      1.5,
      1.6,
      0.7,
      10.6,
      0.5,
      1.1,
      1.0,
      3.6,
      3.4,
      2.7,
      0.9,
      0.35,
      0.0,
      3.2,
      4.7,
      4.2,
      1.0,
      1.3,
      3.8,
      0.8,
      7.1,
      1.2,
      0.65,
      1.1,
      1.1,
      3.8,
      4.3,
      19.2,
      0.8,
      43.3,
      6.7,
      0.9,
      4.3,
      34.6,
      0.75,
      0.9,
      1.3,
      3.8,
      4.2,
      20.9,
      1.1,
      22.9,
      4.9,
      18.8,
      0.35,
      16.9,
      22.5,
      4.4,
      27.3,
      55.2,
      1.7,
      21.7,
      34.4,
      34.3,
      22.9
    ],
    [
      4.1,
      6.9,
      4.3,
      11.1,
      2.8,
      3.8,
      4.0,
      0.0,
      2.6,
      4.7,
      4.1,
      4.7,
      3.2,
      0.0,
      5.5,
      5.0,
      5.1,
      5.6,
      4.6,
      5.6,
      7.9,
      4.9,
      5.7,
      5.5,
      5.1,
      4.6,
      1.4,
      16.3,
      5.0,
      41.1,
      8.1,
      5.0,
      5.1,
      31.6,
      4.4,
      4.1,
      5.6,
      3.7,
      5.0,
      17.9,
      5.4,
      20.0,
      2.0,
      15.9,
      4.8,
      14.0,
      19.5,
      4.3,
      24.3,
      53.0,
      3.9,
      18.8,
      31.5,
      31.4,
      20.7
    ],
    [
      2.0,
      3.1,
      2.2,
      4.5,
      2.0,
      1.0,
      1.2,
      4.4,
      2.0,
      0.3,
      2.0,
      3.0,
      4.7,
      5.5,
      0.0,
      0.55,
      0.8,
      0.75,
      1.0,
      2.3,
      4.1,
      0.65,
      2.1,
      0.6,
      0.85,
      2.8,
      6.0,
      22.3,
      1.3,
      24.9,
      2.2,
      1.7,
      1.8,
      36.4,
      3.8,
      2.7,
      0.8,
      2.8,
      0.55,
      22.7,
      0.7,
      24.8,
      6.6,
      21.9,
      1.6,
      20.0,
      24.3,
      2.8,
      29.1,
      47.1,
      4.9,
      23.5,
      36.2,
      36.2,
      22.6
    ],
    [
      1.5,
      5.0,
      0.75,
      5.4,
      0.95,
      0.35,
      0.6,
      3.9,
      1.5,
      0.55,
      1.0,
      3.2,
      4.2,
      5.0,
      0.55,
      0.0,
      0.7,
      0.75,
      0.5,
      2.3,
      4.1,
      0.26,
      2.0,
      0.5,
      0.75,
      0.4,
      5.9,
      22.3,
      1.2,
      25.8,
      3.2,
      0.75,
      0.8,
      36.4,
      3.7,
      2.6,
      0.75,
      0.75,
      0.26,
      22.6,
      0.6,
      24.7,
      6.5,
      21.8,
      1.5,
      19.9,
      24.2,
      4.3,
      29.1,
      48.1,
      4.8,
      23.5,
      36.2,
      36.1,
      22.4
    ],
    [
      1.0,
      1.3,
      0.4,
      6.2,
      0.55,
      0.5,
      2.2,
      4.0,
      2.2,
      0.6,
      0.5,
      1.0,
      1.0,
      5.1,
      0.8,
      0.7,
      0.0,
      0.35,
      0.75,
      1.6,
      1.1,
      0.5,
      0.85,
      0.24,
      0.093,
      2.1,
      5.2,
      21.5,
      0.7,
      25.5,
      3.8,
      0.28,
      0.023,
      35.6,
      0.9,
      1.9,
      0.35,
      2.0,
      0.5,
      21.9,
      0.22,
      24.0,
      5.8,
      21.1,
      1.0,
      19.2,
      23.5,
      3.6,
      28.3,
      47.9,
      4.1,
      22.8,
      35.5,
      35.4,
      21.7
    ],
    [
      1.1,
      2.8,
      0.65,
      5.3,
      0.9,
      1.1,
      1.3,
      4.6,
      2.8,
      0.5,
      0.6,
      1.0,
      1.3,
      5.6,
      0.75,
      0.75,
      0.35,
      0.0,
      1.0,
      2.0,
      1.2,
      0.65,
      0.85,
      0.3,
      0.3,
      1.0,
      5.7,
      22.0,
      0.95,
      25.4,
      2.8,
      0.55,
      0.35,
      36.1,
      3.4,
      2.3,
      0.0,
      2.5,
      0.6,
      22.4,
      0.23,
      24.4,
      6.2,
      21.6,
      1.0,
      19.6,
      24.0,
      3.4,
      28.8,
      47.7,
      4.5,
      23.2,
      35.9,
      35.8,
      22.1
    ],
    [
      1.4,
      4.6,
      0.55,
      11.4,
      0.75,
      0.26,
      0.24,
      3.5,
      0.75,
      0.95,
      0.9,
      2.8,
      3.8,
      4.6,
      1.0,
      0.5,
      0.75,
      1.0,
      0.0,
      2.6,
      4.5,
      0.35,
      2.4,
      0.7,
      0.8,
      0.1,
      4.9,
      20.5,
      1.6,
      25.9,
      2.9,
      0.7,
      0.85,
      34.6,
      1.1,
      0.75,
      1.0,
      0.5,
      0.5,
      20.9,
      0.8,
      23.0,
      5.5,
      20.1,
      1.9,
      18.2,
      22.5,
      2.0,
      27.3,
      47.5,
      3.8,
      21.7,
      34.4,
      34.4,
      20.7
    ],
    [
      1.5,
      1.5,
      1.7,
      10.0,
      1.2,
      2.6,
      2.8,
      4.5,
      2.7,
      2.1,
      1.5,
      0.45,
      0.8,
      5.6,
      2.3,
      2.3,
      1.6,
      2.0,
      2.6,
      0.0,
      1.3,
      2.4,
      0.45,
      2.0,
      2.2,
      2.1,
      5.0,
      21.6,
      0.75,
      27.4,
      5.9,
      1.2,
      1.3,
      35.7,
      0.85,
      1.7,
      1.3,
      2.1,
      2.5,
      22.0,
      1.9,
      24.1,
      5.6,
      21.2,
      0.45,
      19.3,
      23.6,
      3.6,
      28.4,
      51.1,
      3.9,
      22.8,
      35.5,
      35.5,
      21.8
    ],
    [
      1.2,
      0.24,
      1.0,
      8.9,
      1.2,
      4.4,
      4.6,
      6.8,
      5.0,
      4.2,
      0.85,
      1.0,
      7.1,
      7.9,
      4.1,
      4.1,
      1.1,
      1.2,
      4.5,
      1.3,
      0.0,
      2.3,
      0.8,
      1.2,
      1.0,
      2.1,
      5.2,
      21.5,
      0.65,
      26.1,
      4.0,
      0.85,
      0.9,
      35.7,
      1.2,
      1.9,
      1.2,
      2.0,
      2.5,
      21.9,
      1.2,
      24.0,
      5.8,
      21.1,
      1.0,
      19.2,
      23.5,
      3.6,
      28.3,
      51.0,
      4.1,
      22.8,
      35.5,
      35.4,
      21.7
    ],
    [
      1.3,
      4.9,
      0.55,
      5.4,
      0.75,
      0.1,
      0.5,
      3.8,
      1.4,
      0.6,
      0.75,
      3.1,
      1.2,
      4.9,
      0.65,
      0.26,
      0.5,
      0.65,
      0.35,
      2.4,
      2.3,
      0.0,
      1.8,
      0.35,
      0.55,
      0.3,
      5.8,
      22.1,
      1.0,
      26.0,
      3.5,
      0.55,
      0.6,
      36.2,
      1.1,
      0.95,
      0.65,
      0.75,
      0.14,
      22.5,
      0.45,
      24.6,
      6.4,
      21.7,
      1.4,
      19.8,
      24.1,
      4.1,
      28.9,
      48.3,
      4.7,
      23.3,
      36.0,
      36.0,
      22.3
    ],
    [
      1.2,
      1.0,
      0.85,
      9.0,
      0.8,
      2.3,
      2.5,
      4.6,
      2.8,
      1.8,
      0.65,
      0.3,
      0.65,
      5.7,
      2.1,
      2.0,
      0.85,
      0.85,
      2.4,
      0.45,
      0.8,
      1.8,
      0.0,
      1.6,
      0.8,
      1.8,
      4.7,
      21.2,
      0.35,
      25.9,
      5.5,
      0.8,
      0.75,
      35.3,
      0.55,
      1.4,
      0.85,
      1.7,
      2.1,
      21.6,
      1.5,
      23.7,
      5.2,
      20.8,
      0.3,
      18.9,
      23.2,
      3.3,
      28.0,
      53.7,
      3.6,
      22.4,
      35.2,
      35.1,
      21.4
    ],
    [
      1.1,
      3.1,
      0.55,
      5.2,
      0.7,
      0.45,
      0.75,
      4.5,
      2.0,
      0.4,
      0.6,
      2.7,
      1.1,
      5.5,
      0.6,
      0.5,
      0.24,
      0.3,
      0.7,
      2.0,
      1.2,
      0.35,
      1.6,
      0.0,
      0.27,
      0.65,
      5.5,
      21.8,
      0.8,
      25.7,
      3.2,
      0.5,
      0.35,
      35.9,
      1.0,
      2.2,
      0.3,
      2.3,
      0.3,
      22.2,
      0.097,
      24.3,
      6.1,
      21.4,
      1.1,
      19.5,
      23.8,
      3.8,
      28.6,
      48.0,
      4.4,
      23.0,
      35.7,
      35.7,
      22.0
    ],
    [
      0.8,
      1.2,
      0.4,
      6.2,
      0.65,
      0.55,
      0.85,
      4.0,
      2.2,
      0.65,
      0.35,
      0.95,
      1.1,
      5.1,
      0.85,
      0.75,
      0.093,
      0.3,
      0.8,
      2.2,
      1.0,
      0.55,
      0.8,
      0.27,
      0.0,
      0.75,
      5.2,
      21.5,
      0.55,
      25.2,
      3.1,
      0.28,
      0.067,
      35.6,
      1.0,
      1.9,
      0.3,
      2.0,
      0.55,
      21.9,
      0.24,
      24.0,
      5.7,
      21.1,
      1.0,
      19.2,
      23.5,
      3.5,
      28.3,
      47.9,
      4.0,
      22.7,
      35.4,
      35.4,
      21.7
    ],
    [
      1.4,
      4.7,
      0.6,
      11.5,
      0.8,
      0.21,
      0.3,
      3.6,
      0.8,
      0.8,
      0.9,
      2.9,
      3.8,
      4.6,
      2.8,
      0.4,
      2.1,
      1.0,
      0.1,
      2.1,
      2.1,
      0.3,
      1.8,
      0.65,
      0.75,
      0.0,
      4.9,
      20.4,
      1.5,
      25.8,
      2.8,
      0.7,
      0.8,
      34.5,
      2.9,
      0.8,
      1.0,
      0.45,
      0.45,
      20.8,
      0.75,
      22.9,
      5.4,
      20.0,
      1.8,
      18.1,
      22.4,
      1.9,
      27.2,
      47.5,
      3.7,
      21.7,
      34.4,
      34.3,
      20.6
    ],
    [
      5.2,
      8.0,
      5.4,
      11.9,
      3.9,
      4.9,
      5.1,
      1.9,
      3.7,
      5.7,
      5.2,
      5.8,
      4.3,
      1.4,
      6.0,
      5.9,
      5.2,
      5.7,
      4.9,
      5.0,
      5.2,
      5.8,
      4.7,
      5.5,
      5.2,
      4.9,
      0.0,
      14.1,
      4.8,
      42.4,
      9.4,
      4.8,
      4.9,
      29.5,
      4.2,
      3.8,
      5.4,
      4.4,
      4.8,
      15.8,
      5.2,
      17.9,
      0.55,
      13.7,
      4.6,
      11.8,
      17.4,
      4.4,
      22.2,
      54.2,
      3.7,
      16.6,
      29.3,
      29.2,
      20.9
    ],
    [
      21.5,
      30.1,
      21.7,
      24.1,
      20.6,
      20.5,
      20.7,
      15.4,
      20.6,
      22.1,
      21.5,
      22.3,
      19.2,
      16.3,
      22.3,
      22.3,
      21.5,
      22.0,
      20.5,
      21.6,
      21.5,
      22.1,
      21.2,
      21.8,
      21.5,
      20.4,
      14.1,
      0.0,
      20.7,
      53.5,
      20.5,
      20.7,
      20.8,
      14.4,
      20.1,
      19.0,
      20.7,
      18.7,
      19.6,
      3.8,
      20.0,
      10.7,
      14.7,
      0.4,
      20.5,
      3.9,
      3.5,
      18.2,
      9.7,
      68.5,
      18.4,
      4.5,
      17.7,
      16.7,
      29.0
    ],
    [
      0.75,
      0.9,
      0.55,
      5.8,
      0.6,
      0.85,
      1.8,
      4.0,
      2.2,
      1.0,
      0.29,
      0.4,
      0.8,
      5.0,
      1.3,
      1.2,
      0.7,
      0.95,
      1.6,
      0.75,
      0.65,
      1.0,
      0.35,
      0.8,
      0.55,
      1.5,
      4.8,
      20.7,
      0.0,
      26.1,
      4.0,
      0.45,
      0.5,
      35.7,
      0.65,
      2.0,
      0.7,
      2.1,
      1.0,
      22.0,
      0.75,
      24.1,
      5.9,
      21.2,
      0.45,
      19.3,
      23.6,
      3.6,
      28.4,
      54.1,
      4.2,
      22.8,
      35.5,
      35.5,
      21.8
    ],
    [
      26.0,
      26.1,
      26.2,
      31.3,
      26.6,
      25.8,
      26.1,
      40.4,
      41.2,
      25.0,
      26.0,
      27.6,
      43.3,
      41.1,
      24.9,
      25.8,
      25.5,
      25.4,
      25.9,
      27.4,
      26.1,
      26.0,
      25.9,
      25.7,
      25.2,
      25.8,
      42.4,
      53.5,
      26.1,
      0.0,
      25.4,
      26.0,
      26.1,
      68.8,
      28.1,
      27.0,
      25.4,
      27.1,
      26.8,
      55.1,
      25.4,
      57.2,
      45.3,
      54.3,
      25.9,
      52.3,
      56.7,
      38.7,
      61.5,
      37.5,
      29.2,
      55.9,
      68.6,
      68.5,
      55.0
    ],
    [
      3.9,
      4.3,
      4.1,
      4.0,
      4.9,
      2.9,
      3.1,
      7.4,
      4.9,
      2.4,
      3.9,
      8.3,
      6.7,
      8.1,
      2.2,
      3.2,
      3.8,
      2.8,
      2.9,
      5.9,
      4.0,
      3.5,
      5.5,
      3.2,
      3.1,
      2.8,
      9.4,
      20.5,
      4.0,
      25.4,
      0.0,
      2.9,
      3.0,
      35.2,
      4.1,
      3.0,
      2.0,
      3.1,
      1.9,
      21.5,
      1.8,
      23.6,
      11.7,
      20.7,
      2.7,
      18.8,
      23.1,
      2.6,
      27.9,
      46.4,
      5.6,
      22.4,
      35.1,
      35.0,
      21.4
    ],
    [
      0.75,
      1.1,
      0.23,
      6.2,
      0.5,
      0.45,
      0.8,
      4.0,
      2.1,
      0.9,
      0.25,
      0.85,
      0.9,
      5.0,
      1.7,
      0.75,
      0.28,
      0.55,
      0.7,
      1.2,
      0.85,
      0.55,
      0.8,
      0.5,
      0.28,
      0.7,
      4.8,
      20.7,
      0.45,
      26.0,
      2.9,
      0.0,
      0.25,
      35.7,
      0.8,
      0.95,
      1.2,
      2.1,
      0.65,
      22.0,
      0.5,
      24.1,
      5.9,
      21.2,
      0.85,
      19.3,
      23.6,
      3.6,
      28.4,
      54.1,
      4.2,
      22.8,
      32.2,
      35.5,
      21.8
    ],
    [
      0.8,
      1.2,
      0.35,
      6.3,
      0.65,
      0.6,
      0.95,
      4.0,
      2.2,
      0.7,
      0.3,
      0.95,
      4.3,
      5.1,
      1.8,
      0.8,
      0.023,
      0.35,
      0.85,
      1.3,
      0.9,
      0.6,
      0.75,
      0.35,
      0.067,
      0.8,
      4.9,
      20.8,
      0.5,
      26.1,
      3.0,
      0.25,
      0.0,
      35.5,
      0.95,
      1.8,
      0.35,
      1.9,
      0.6,
      21.8,
      0.28,
      23.9,
      5.7,
      21.0,
      0.95,
      19.1,
      23.4,
      3.5,
      28.2,
      48.0,
      4.0,
      22.6,
      32.0,
      35.3,
      21.6
    ],
    [
      35.6,
      44.2,
      35.8,
      38.2,
      34.8,
      34.6,
      34.8,
      30.7,
      34.7,
      36.6,
      35.6,
      36.4,
      34.6,
      31.6,
      36.4,
      36.4,
      35.6,
      36.1,
      34.6,
      35.7,
      35.7,
      36.2,
      35.3,
      35.9,
      35.6,
      34.5,
      29.5,
      14.4,
      35.7,
      68.8,
      35.2,
      35.7,
      35.5,
      0.0,
      34.5,
      33.4,
      35.1,
      33.2,
      34.0,
      17.5,
      34.4,
      19.4,
      29.3,
      18.7,
      35.0,
      22.9,
      17.6,
      32.7,
      11.3,
      81.6,
      33.6,
      16.8,
      9.0,
      1.9,
      42.0
    ],
    [
      1.4,
      1.5,
      0.6,
      12.3,
      0.4,
      1.0,
      0.9,
      3.3,
      1.5,
      3.5,
      0.75,
      0.5,
      0.75,
      4.4,
      3.8,
      3.7,
      0.9,
      3.4,
      1.1,
      0.85,
      1.2,
      1.1,
      0.55,
      1.0,
      1.0,
      2.9,
      4.2,
      20.1,
      0.65,
      28.1,
      4.1,
      0.8,
      0.95,
      34.5,
      0.0,
      0.8,
      1.2,
      3.3,
      3.7,
      23.2,
      1.0,
      25.3,
      6.8,
      22.4,
      0.55,
      20.5,
      24.8,
      4.9,
      29.6,
      51.5,
      5.1,
      24.0,
      36.7,
      36.7,
      23.0
    ],
    [
      1.9,
      4.7,
      0.75,
      11.2,
      0.55,
      0.85,
      0.65,
      2.6,
      0.26,
      2.4,
      0.9,
      2.4,
      0.9,
      4.1,
      2.7,
      2.6,
      1.9,
      2.3,
      0.75,
      1.7,
      1.9,
      0.95,
      1.4,
      2.2,
      1.9,
      0.8,
      3.8,
      19.0,
      2.0,
      27.0,
      3.0,
      0.95,
      1.8,
      33.4,
      0.8,
      0.0,
      2.2,
      0.6,
      1.4,
      20.9,
      1.8,
      23.0,
      4.1,
      20.1,
      1.8,
      18.2,
      22.5,
      2.5,
      27.3,
      53.0,
      1.0,
      21.7,
      34.4,
      34.4,
      20.7
    ],
    [
      1.1,
      2.8,
      0.65,
      5.3,
      0.9,
      0.75,
      1.3,
      4.6,
      2.8,
      0.5,
      0.6,
      1.0,
      1.3,
      5.6,
      0.8,
      0.75,
      0.35,
      0.0,
      1.0,
      1.3,
      1.2,
      0.65,
      0.85,
      0.3,
      0.3,
      1.0,
      5.4,
      20.7,
      0.7,
      25.4,
      2.0,
      1.2,
      0.35,
      35.1,
      1.2,
      2.2,
      0.0,
      2.5,
      0.6,
      22.4,
      0.23,
      24.4,
      6.2,
      21.6,
      1.0,
      19.6,
      24.0,
      3.4,
      28.8,
      47.7,
      4.5,
      23.2,
      32.6,
      35.8,
      22.1
    ],
    [
      2.0,
      4.7,
      1.0,
      11.0,
      0.9,
      0.65,
      0.5,
      3.0,
      0.55,
      2.6,
      2.0,
      2.8,
      3.8,
      3.7,
      2.8,
      0.75,
      2.0,
      2.5,
      0.5,
      2.1,
      2.0,
      0.75,
      1.7,
      2.3,
      2.0,
      0.45,
      4.4,
      18.7,
      2.1,
      27.1,
      3.1,
      2.1,
      1.9,
      33.2,
      3.3,
      0.6,
      2.5,
      0.0,
      0.9,
      20.4,
      1.4,
      22.5,
      5.0,
      19.6,
      2.3,
      17.7,
      22.0,
      1.7,
      26.8,
      47.9,
      3.3,
      21.2,
      30.5,
      33.9,
      20.2
    ],
    [
      1.3,
      5.1,
      0.65,
      5.5,
      0.8,
      0.24,
      0.65,
      3.8,
      1.5,
      0.45,
      0.85,
      3.2,
      4.2,
      5.0,
      0.55,
      0.26,
      0.5,
      0.6,
      0.5,
      2.5,
      2.5,
      0.14,
      2.1,
      0.3,
      0.55,
      0.45,
      4.8,
      19.6,
      1.0,
      26.8,
      1.9,
      0.65,
      0.6,
      34.0,
      3.7,
      1.4,
      0.6,
      0.9,
      0.0,
      22.5,
      0.4,
      24.6,
      6.4,
      21.7,
      1.4,
      19.8,
      24.1,
      4.2,
      28.9,
      48.3,
      4.7,
      23.3,
      32.7,
      36.0,
      22.3
    ],
    [
      21.9,
      30.5,
      22.1,
      24.5,
      21.0,
      20.9,
      21.1,
      17.0,
      21.0,
      22.9,
      21.9,
      22.7,
      20.9,
      17.9,
      22.7,
      22.6,
      21.9,
      22.4,
      20.9,
      22.0,
      21.9,
      22.5,
      21.6,
      22.2,
      21.9,
      20.8,
      15.8,
      3.8,
      22.0,
      55.1,
      21.5,
      22.0,
      21.8,
      17.5,
      23.2,
      20.9,
      22.4,
      20.4,
      22.5,
      0.0,
      21.3,
      7.5,
      16.2,
      2.2,
      21.9,
      4.5,
      0.3,
      19.5,
      6.6,
      68.4,
      20.5,
      1.4,
      14.6,
      17.8,
      28.9
    ],
    [
      1.0,
      1.4,
      0.55,
      5.1,
      0.7,
      0.55,
      0.85,
      4.2,
      1.9,
      0.4,
      0.55,
      1.0,
      1.1,
      5.4,
      0.7,
      0.6,
      0.22,
      0.23,
      0.8,
      1.9,
      1.2,
      0.45,
      1.5,
      0.097,
      0.24,
      0.75,
      5.2,
      20.0,
      0.75,
      25.4,
      1.8,
      0.5,
      0.28,
      34.4,
      1.0,
      1.8,
      0.23,
      1.4,
      0.4,
      21.3,
      0.0,
      24.2,
      5.9,
      21.3,
      1.0,
      19.3,
      23.7,
      3.7,
      28.5,
      47.9,
      4.2,
      22.9,
      35.6,
      35.5,
      21.9
    ],
    [
      24.0,
      32.6,
      24.1,
      26.6,
      23.1,
      23.0,
      23.2,
      19.1,
      23.1,
      24.5,
      24.0,
      24.8,
      22.9,
      20.0,
      24.8,
      24.7,
      24.0,
      24.4,
      23.0,
      24.1,
      24.0,
      24.6,
      23.7,
      24.3,
      24.0,
      22.9,
      17.9,
      10.7,
      24.1,
      57.2,
      23.6,
      24.1,
      23.9,
      19.4,
      25.3,
      23.0,
      24.4,
      22.5,
      24.6,
      7.5,
      24.2,
      0.0,
      19.6,
      7.5,
      25.3,
      8.6,
      6.6,
      23.0,
      10.4,
      71.9,
      23.9,
      6.7,
      16.2,
      19.5,
      32.4
    ],
    [
      5.7,
      8.6,
      5.9,
      14.7,
      4.5,
      5.5,
      5.7,
      2.5,
      4.3,
      6.3,
      5.7,
      6.3,
      4.9,
      2.0,
      6.6,
      6.5,
      5.8,
      6.2,
      5.5,
      5.6,
      5.8,
      6.4,
      5.2,
      6.1,
      5.7,
      5.4,
      0.55,
      14.7,
      5.9,
      45.3,
      11.7,
      5.9,
      5.7,
      29.3,
      6.8,
      4.1,
      6.2,
      5.0,
      6.4,
      16.2,
      5.9,
      19.6,
      0.0,
      13.8,
      4.9,
      11.8,
      17.4,
      5.0,
      22.2,
      54.2,
      3.9,
      16.6,
      26.0,
      29.3,
      22.1
    ],
    [
      21.1,
      29.7,
      21.3,
      23.7,
      20.2,
      20.1,
      20.3,
      15.0,
      20.2,
      21.7,
      21.1,
      21.9,
      18.8,
      15.9,
      21.9,
      21.8,
      21.1,
      21.6,
      20.1,
      21.2,
      21.1,
      21.7,
      20.8,
      21.4,
      21.1,
      20.0,
      13.7,
      0.4,
      21.2,
      54.3,
      20.7,
      21.2,
      21.0,
      18.7,
      22.4,
      20.1,
      21.6,
      19.6,
      21.7,
      2.2,
      21.3,
      7.5,
      13.8,
      0.0,
      19.6,
      3.0,
      2.5,
      17.3,
      9.3,
      67.6,
      17.5,
      3.6,
      17.2,
      15.8,
      28.0
    ],
    [
      1.2,
      1.3,
      0.95,
      9.2,
      0.85,
      1.8,
      2.1,
      3.8,
      2.0,
      1.3,
      0.7,
      0.011,
      0.35,
      4.8,
      1.6,
      1.5,
      1.0,
      1.0,
      1.9,
      0.45,
      1.0,
      1.4,
      0.3,
      1.1,
      1.0,
      1.8,
      4.6,
      20.5,
      0.45,
      25.9,
      2.7,
      0.85,
      0.95,
      35.0,
      0.55,
      1.8,
      1.0,
      2.3,
      1.4,
      21.9,
      1.0,
      25.3,
      4.9,
      19.6,
      0.0,
      20.0,
      24.3,
      4.4,
      29.1,
      51.2,
      4.6,
      23.6,
      36.3,
      36.2,
      22.5
    ],
    [
      19.1,
      27.8,
      19.3,
      21.7,
      18.3,
      18.1,
      18.3,
      13.1,
      18.3,
      20.1,
      19.2,
      20.0,
      16.9,
      14.0,
      20.0,
      19.9,
      19.2,
      19.6,
      18.2,
      19.3,
      19.2,
      19.8,
      18.9,
      19.5,
      19.2,
      18.1,
      11.8,
      3.9,
      19.3,
      52.3,
      18.8,
      19.3,
      19.1,
      22.9,
      20.5,
      18.2,
      19.6,
      17.7,
      19.8,
      4.5,
      19.3,
      8.6,
      11.8,
      3.0,
      20.0,
      0.0,
      4.8,
      15.3,
      9.5,
      65.6,
      15.5,
      4.3,
      20.1,
      23.4,
      26.1
    ],
    [
      23.5,
      32.1,
      23.7,
      26.1,
      22.6,
      22.5,
      22.7,
      18.6,
      22.6,
      22.8,
      23.5,
      24.3,
      22.5,
      19.5,
      24.3,
      24.2,
      23.5,
      24.0,
      22.5,
      23.6,
      23.5,
      24.1,
      23.2,
      23.8,
      23.5,
      22.4,
      17.4,
      3.5,
      23.6,
      56.7,
      23.1,
      23.6,
      23.4,
      17.6,
      24.8,
      22.5,
      24.0,
      22.0,
      24.1,
      0.3,
      23.7,
      6.6,
      17.4,
      2.5,
      24.3,
      4.8,
      0.0,
      20.8,
      6.6,
      69.7,
      21.8,
      1.4,
      14.6,
      17.9,
      30.2
    ],
    [
      3.5,
      6.2,
      3.7,
      8.1,
      2.7,
      1.9,
      2.2,
      3.5,
      2.7,
      2.9,
      3.5,
      4.4,
      4.4,
      4.3,
      2.8,
      4.3,
      3.6,
      3.4,
      2.0,
      3.6,
      3.6,
      4.1,
      3.3,
      3.8,
      3.5,
      1.9,
      4.4,
      18.2,
      3.6,
      38.7,
      2.6,
      3.6,
      3.5,
      32.7,
      4.9,
      2.5,
      3.4,
      1.7,
      4.2,
      19.5,
      3.7,
      23.0,
      5.0,
      17.3,
      4.4,
      15.3,
      20.8,
      0.0,
      26.2,
      51.8,
      3.1,
      20.6,
      33.3,
      33.3,
      19.6
    ],
    [
      28.3,
      36.9,
      28.5,
      30.9,
      27.5,
      27.3,
      27.5,
      23.4,
      27.4,
      29.3,
      28.3,
      29.1,
      27.3,
      24.3,
      29.1,
      29.1,
      28.3,
      28.8,
      27.3,
      28.4,
      28.3,
      28.9,
      28.0,
      28.6,
      28.3,
      27.2,
      22.2,
      9.7,
      28.4,
      61.5,
      27.9,
      28.4,
      28.2,
      11.3,
      29.6,
      27.3,
      28.8,
      26.8,
      28.9,
      6.6,
      28.5,
      10.4,
      22.2,
      9.3,
      29.1,
      9.5,
      6.6,
      26.2,
      0.0,
      74.1,
      26.2,
      5.2,
      7.7,
      11.0,
      34.6
    ],
    [
      53.9,
      50.3,
      54.1,
      43.1,
      53.1,
      47.5,
      47.7,
      52.2,
      53.1,
      47.1,
      53.9,
      51.2,
      55.2,
      53.0,
      47.1,
      48.1,
      47.9,
      47.7,
      47.5,
      51.1,
      51.0,
      48.3,
      53.7,
      48.0,
      47.9,
      47.5,
      54.2,
      68.5,
      54.1,
      37.5,
      46.4,
      54.1,
      48.0,
      81.6,
      51.5,
      53.0,
      47.7,
      47.9,
      48.3,
      68.4,
      47.9,
      71.9,
      54.2,
      67.6,
      51.2,
      65.6,
      69.7,
      51.8,
      74.1,
      0.0,
      60.0,
      66.8,
      79.5,
      79.4,
      62.4
    ],
    [
      4.0,
      6.9,
      4.2,
      13.1,
      2.8,
      3.8,
      4.0,
      2.8,
      1.0,
      4.6,
      4.1,
      4.6,
      1.7,
      3.9,
      4.9,
      4.8,
      4.1,
      4.5,
      3.8,
      3.9,
      4.1,
      4.7,
      3.6,
      4.4,
      4.0,
      3.7,
      3.7,
      18.4,
      4.2,
      29.2,
      5.6,
      4.2,
      4.0,
      33.6,
      5.1,
      1.0,
      4.5,
      3.3,
      4.7,
      20.5,
      4.2,
      23.9,
      3.9,
      17.5,
      4.6,
      15.5,
      21.8,
      3.1,
      26.2,
      60.0,
      0.0,
      20.9,
      33.6,
      33.5,
      22.1
    ],
    [
      22.7,
      31.3,
      22.9,
      25.3,
      21.9,
      21.7,
      21.9,
      17.9,
      21.9,
      23.7,
      22.7,
      23.6,
      21.7,
      18.8,
      23.5,
      23.5,
      22.8,
      23.2,
      21.7,
      22.8,
      22.8,
      23.3,
      22.4,
      23.0,
      22.7,
      21.7,
      16.6,
      4.5,
      22.8,
      55.9,
      22.4,
      22.8,
      22.6,
      16.8,
      24.0,
      21.7,
      23.2,
      21.2,
      23.3,
      1.4,
      22.9,
      6.7,
      16.6,
      3.6,
      23.6,
      4.3,
      1.4,
      20.6,
      5.2,
      66.8,
      20.9,
      0.0,
      13.4,
      16.7,
      29.0
    ],
    [
      32.1,
      44.0,
      32.3,
      34.7,
      31.3,
      34.4,
      34.6,
      27.2,
      34.6,
      32.7,
      35.4,
      36.3,
      34.4,
      31.5,
      36.2,
      36.2,
      35.5,
      35.9,
      34.4,
      35.5,
      35.5,
      36.0,
      35.2,
      35.7,
      35.4,
      34.4,
      29.3,
      17.7,
      35.5,
      68.6,
      35.1,
      32.2,
      32.0,
      9.0,
      36.7,
      34.4,
      32.6,
      30.5,
      32.7,
      14.6,
      35.6,
      16.2,
      26.0,
      17.2,
      36.3,
      20.1,
      14.6,
      33.3,
      7.7,
      79.5,
      33.6,
      13.4,
      0.0,
      13.7,
      22.1
    ],
    [
      35.3,
      44.0,
      35.5,
      37.9,
      34.5,
      34.3,
      34.5,
      30.5,
      34.5,
      36.3,
      35.4,
      36.2,
      34.3,
      31.4,
      36.2,
      36.1,
      35.4,
      35.8,
      34.4,
      35.5,
      35.4,
      36.0,
      35.1,
      35.7,
      35.4,
      34.3,
      29.2,
      16.7,
      35.5,
      68.5,
      35.0,
      35.5,
      35.3,
      1.9,
      36.7,
      34.4,
      35.8,
      33.9,
      36.0,
      17.8,
      35.5,
      19.5,
      29.3,
      15.8,
      36.2,
      23.4,
      17.9,
      33.3,
      11.0,
      79.4,
      33.5,
      16.7,
      13.7,
      0.0,
      41.9
    ],
    [
      21.7,
      30.4,
      21.8,
      24.4,
      20.8,
      20.6,
      20.9,
      20.0,
      20.8,
      22.2,
      21.7,
      22.5,
      22.9,
      20.7,
      22.6,
      22.4,
      21.7,
      22.1,
      20.7,
      21.8,
      21.7,
      22.3,
      21.4,
      22.0,
      21.7,
      20.6,
      20.9,
      29.0,
      21.8,
      55.0,
      21.4,
      21.8,
      21.6,
      42.0,
      23.0,
      20.7,
      22.1,
      20.2,
      22.3,
      28.9,
      21.9,
      32.4,
      22.1,
      28.0,
      22.5,
      26.1,
      30.2,
      19.6,
      34.6,
      62.4,
      22.1,
      29.0,
      22.1,
      41.9,
      0.0
    ]
  ],
  "drive_time_matrix": [
    [
      0.0,
      25.0,
      11.0,
      14.0,
      14.0,
      15.0,
      18.0,
      10.0,
      6.0,
      19.0,
      10.0,
      16.0,
      20.0,
      9.0,
      6.0,
      19.0,
      13.0,
      14.0,
      18.0,
      20.0,
      20.0,
      16.0,
      4.0,
      14.0,
      11.0,
      17.0,
      11.0,
      25.0,
      11.0,
      46.0,
      10.0,
      10.0,
      11.0,
      30.0,
      18.0,
      5.0,
      14.0,
      4.0,
      17.0,
      23.0,
      14.0,
      38.0,
      13.0,
      24.0,
      16.0,
      22.0,
      24.0,
      7.0,
      26.0,
      57.0,
      10.0,
      22.0,
      32.0,
      29.0,
      22.0
    ],
    [
      25.0,
      0.0,
      10.0,
      13.0,
      8.0,
      12.0,
      13.0,
      16.0,
      12.0,
      7.0,
      16.0,
      18.0,
      22.0,
      14.0,
      8.0,
      13.0,
      19.0,
      7.0,
      12.0,
      22.0,
      3.0,
      12.0,
      15.0,
      9.0,
      17.0,
      12.0,
      16.0,
      31.0,
      14.0,
      46.0,
      11.0,
      16.0,
      16.0,
      36.0,
      21.0,
      11.0,
      7.0,
      11.0,
      13.0,
      29.0,
      19.0,
      45.0,
      17.0,
      30.0,
      18.0,
      27.0,
      30.0,
      14.0,
      32.0,
      56.0,
      16.0,
      28.0,
      39.0,
      35.0,
      30.0
    ],
    [
      11.0,
      10.0,
      0.0,
      14.0,
      4.0,
      6.0,
      7.0,
      10.0,
      7.0,
      5.0,
      3.0,
      12.0,
      9.0,
      9.0,
      6.0,
      10.0,
      5.0,
      8.0,
      7.0,
      5.0,
      17.0,
      7.0,
      11.0,
      7.0,
      5.0,
      7.0,
      11.0,
      25.0,
      7.0,
      47.0,
      11.0,
      3.0,
      5.0,
      30.0,
      8.0,
      9.0,
      8.0,
      10.0,
      8.0,
      23.0,
      7.0,
      38.0,
      13.0,
      24.0,
      12.0,
      21.0,
      24.0,
      7.0,
      26.0,
      57.0,
      10.0,
      22.0,
      32.0,
      29.0,
      22.0
    ],
    [
      14.0,
      13.0,
      14.0,
      0.0,
      15.0,
      15.0,
      17.0,
      15.0,
      16.0,
      10.0,
      13.0,
      13.0,
      18.0,
      14.0,
      9.0,
      11.0,
      14.0,
      11.0,
      14.0,
      15.0,
      12.0,
      11.0,
      12.0,
      12.0,
      14.0,
      15.0,
      15.0,
      24.0,
      12.0,
      41.0,
      8.0,
      14.0,
      14.0,
      30.0,
      16.0,
      14.0,
      11.0,
      14.0,
      11.0,
      22.0,
      11.0,
      39.0,
      16.0,
      23.0,
      13.0,
      21.0,
      24.0,
      12.0,
      25.0,
      45.0,
      19.0,
      22.0,
      32.0,
      29.0,
      23.0
    ],
    [
      14.0,
      8.0,
      4.0,
      15.0,
      0.0,
      8.0,
      7.0,
      7.0,
      9.0,
      5.0,
      5.0,
      8.0,
      7.0,
      5.0,
      5.0,
      12.0,
      7.0,
      12.0,
      9.0,
      12.0,
      18.0,
      9.0,
      10.0,
      9.0,
      9.0,
      10.0,
      7.0,
      22.0,
      8.0,
      47.0,
      11.0,
      6.0,
      8.0,
      28.0,
      5.0,
      7.0,
      12.0,
      8.0,
      10.0,
      20.0,
      9.0,
      35.0,
      9.0,
      21.0,
      8.0,
      19.0,
      21.0,
      5.0,
      23.0,
      55.0,
      7.0,
      20.0,
      30.0,
      27.0,
      20.0
    ],
    [
      15.0,
      12.0,
      6.0,
      15.0,
      8.0,
      0.0,
      5.0,
      11.0,
      8.0,
      9.0,
      8.0,
      6.0,
      13.0,
      10.0,
      3.0,
      5.0,
      6.0,
      4.0,
      3.0,
      8.0,
      11.0,
      1.0,
      6.0,
      5.0,
      7.0,
      3.0,
      12.0,
      23.0,
      11.0,
      45.0,
      7.0,
      6.0,
      7.0,
      29.0,
      12.0,
      10.0,
      9.0,
      8.0,
      3.0,
      22.0,
      7.0,
      36.0,
      13.0,
      22.0,
      5.0,
      20.0,
      23.0,
      6.0,
      24.0,
      54.0,
      11.0,
      21.0,
      32.0,
      28.0,
      21.0
    ],
    [
      18.0,
      13.0,
      7.0,
      17.0,
      7.0,
      5.0,
      0.0,
      12.0,
      8.0,
      5.0,
      7.0,
      6.0,
      13.0,
      10.0,
      3.0,
      6.0,
      10.0,
      5.0,
      3.0,
      9.0,
      12.0,
      7.0,
      7.0,
      10.0,
      11.0,
      4.0,
      12.0,
      24.0,
      5.0,
      45.0,
      7.0,
      10.0,
      10.0,
      29.0,
      11.0,
      8.0,
      5.0,
      6.0,
      8.0,
