{
  "drive_dist_matrix": [
    [
      0.0,
      10.782578,
      8.207633999999999,
      4.9889540000000006,
      5.310822,
      8.529501999999999,
      15.28873,
      3.379614,
      20.599552000000003,
      1.60934,
      9.173238,
      0.374,
      3.7014819999999995,
      11.748182,
      9.012303999999999,
      16.737136,
      14.162192000000001,
      17.219938,
      11.104446000000001,
      4.9889540000000006,
      6.598293999999999,
      1.9312079999999998,
      5.63269,
      5.471756,
      23.174496,
      4.506151999999999,
      5.793624,
      26.55411,
      20.277684,
      9.012303999999999,
      8.529501999999999,
      4.82802,
      0.80467,
      5.310822,
      0.9656039999999999,
      19.955816000000002,
      1.9312079999999998,
      16.737136,
      0.9656039999999999,
      0.80467,
      5.310822,
      4.345218,
      7.0810960000000005,
      1.9312079999999998,
      0.80467,
      8.690436,
      8.529501999999999,
      8.85137,
      5.310822,
      19.955816000000002,
      25.588506,
      9.816974,
      2.5749440000000003,
      20.438617999999998
    ],
    [
      10.782578,
      0.0,
      4.02335,
      13.840323999999999,
      6.598293999999999,
      3.379614,
      24.1401,
      7.885766,
      15.28873,
      9.495106,
      13.196587999999998,
      11.26538,
      12.87472,
      2.735878,
      11.587248,
      25.588506,
      23.013562,
      26.071308,
      4.82802,
      6.9201619999999995,
      4.82802,
      10.943512,
      4.506151999999999,
      5.9545580000000005,
      17.863674,
      13.357522000000001,
      5.149888000000001,
      21.243288,
      14.966862,
      11.587248,
      11.26538,
      6.43736,
      11.26538,
      4.506151999999999,
      10.46071,
      14.644993999999999,
      9.495106,
      25.74944,
      12.230984,
      11.909116000000001,
      6.598293999999999,
      10.621644,
      4.667085999999999,
      9.816974,
      11.26538,
      11.26538,
      17.380872,
      21.887024,
      5.793624,
      14.644993999999999,
      20.277684,
      4.82802,
      7.563898,
      15.127796
    ],
    [
      8.207633999999999,
      4.02335,
      0.0,
      11.104446000000001,
      3.7014819999999995,
      1.448406,
      21.565156,
      4.9889540000000006,
      16.254334,
      5.63269,
      10.621644,
      6.9201619999999995,
      10.299776000000001,
      4.184284,
      9.012303999999999,
      22.852628,
      20.438617999999998,
      23.496364,
      5.9545580000000005,
      4.02335,
      0.80467,
      8.368568,
      0.48280199999999995,
      0.6437360000000001,
      18.829278,
      10.782578,
      0.6437360000000001,
      22.208892000000002,
      15.932466,
      9.012303999999999,
      8.529501999999999,
      3.5405480000000003,
      8.529501999999999,
      0.80467,
      7.885766,
      15.771532,
      6.598293999999999,
      23.013562,
      9.495106,
      7.885766,
      3.7014819999999995,
      8.0467,
      1.7702740000000001,
      6.9201619999999995,
      8.368568,
      8.529501999999999,
      14.644993999999999,
      19.151146,
      0.80467,
      15.771532,
      21.243288,
      2.735878,
      4.667085999999999,
      16.0934
    ],
    [
      4.9889540000000006,
      13.840323999999999,
      11.104446000000001,
      0.0,
      9.012303999999999,
      11.26538,
      12.07005,
      7.885766,
      23.33543,
      4.82802,
      11.909116000000001,
      3.8624159999999996,
      5.793624,
      14.48406,
      11.748182,
      13.518456,
      11.104446000000001,
      14.162192000000001,
      13.840323999999999,
      9.012303999999999,
      11.748182,
      3.21868,
      9.65604,
      9.495106,
      25.910374,
      6.115492,
      9.816974,
      29.289987999999997,
      23.013562,
      11.748182,
      11.26538,
      8.85137,
      3.379614,
      9.334171999999999,
      3.8624159999999996,
      22.691694,
      6.43736,
      18.668343999999998,
      3.21868,
      4.82802,
      9.012303999999999,
      6.759228,
      12.07005,
      6.598293999999999,
      3.21868,
      11.426314,
      5.310822,
      7.24203,
      9.334171999999999,
      22.691694,
      28.324384000000002,
      12.552852,
      6.598293999999999,
      23.174496
    ],
    [
      5.310822,
      6.598293999999999,
      3.7014819999999995,
      9.012303999999999,
      0.0,
      3.21868,
      19.955816000000002,
      2.41401,
      18.50741,
      3.8624159999999996,
      8.690436,
      5.471756,
      6.43736,
      5.9545580000000005,
      8.529501999999999,
      21.243288,
      18.829278,
      21.887024,
      8.0467,
      1.448406,
      2.5749440000000003,
      6.759228,
      1.7702740000000001,
      1.448406,
      20.92142,
      9.173238,
      1.7702740000000001,
      24.301033999999998,
      18.024607999999997,
      8.529501999999999,
      8.0467,
      0.6437360000000001,
      5.793624,
      1.60934,
      5.149888000000001,
      17.863674,
      4.02335,
      21.404222,
      6.276426,
      5.310822,
      0.16093400000000002,
      5.310822,
      3.057746,
      4.184284,
      5.63269,
      8.207633999999999,
      13.035654,
      13.035654,
      1.448406,
      17.863674,
      23.33543,
      4.02335,
      3.057746,
      18.185542
    ],
    [
      8.529501999999999,
      3.379614,
      1.448406,
      11.26538,
      3.21868,
      0.0,
      21.887024,
      5.471756,
      15.932466,
      5.9545580000000005,
      10.943512,
      7.24203,
      10.621644,
      3.7014819999999995,
      9.334171999999999,
      23.174496,
      20.760486,
      23.818232000000002,
      6.115492,
      4.345218,
      1.448406,
      8.690436,
      1.9312079999999998,
      3.379614,
      18.50741,
      11.104446000000001,
      2.5749440000000003,
      21.887024,
      15.610598,
      9.334171999999999,
      8.85137,
      3.8624159999999996,
      8.85137,
      1.9312079999999998,
      8.207633999999999,
      15.28873,
      7.0810960000000005,
      23.33543,
      7.885766,
      8.207633999999999,
      4.184284,
      8.368568,
      1.448406,
      7.24203,
      8.690436,
      8.85137,
      14.966862,
      19.473014,
      3.379614,
      15.28873,
      20.92142,
      1.2874720000000002,
      5.149888000000001,
      15.771532
    ],
    [
      15.28873,
      24.1401,
      21.565156,
      12.07005,
      19.955816000000002,
      21.887024,
      0.0,
      16.89807,
      33.79614,
      15.127796,
      22.208892000000002,
      14.805927999999998,
      16.0934,
      24.783836,
      22.208892000000002,
      0.6437360000000001,
      1.1265379999999998,
      1.9312079999999998,
      24.1401,
      19.473014,
      22.047957999999998,
      14.323126,
      20.11675,
      19.794882,
      36.371084,
      16.576202000000002,
      20.11675,
      39.750698,
      33.474272,
      22.208892000000002,
      21.72609,
      19.151146,
      14.48406,
      19.794882,
      14.644993999999999,
      33.152404000000004,
      15.449663999999999,
      23.174496,
      13.67939,
      13.840323999999999,
      19.473014,
      17.219938,
      22.53076,
      15.610598,
      13.518456,
      21.72609,
      8.529501999999999,
      14.001257999999998,
      19.794882,
      33.152404000000004,
      38.785094,
      22.852628,
      17.059003999999998,
      33.474272
    ],
    [
      3.379614,
      7.885766,
      4.9889540000000006,
      7.885766,
      2.41401,
      5.471756,
      16.89807,
      0.0,
      18.668343999999998,
      2.896812,
      9.334171999999999,
      3.5405480000000003,
      5.9545580000000005,
      7.885766,
      8.368568,
      18.346476,
      15.932466,
      18.990212,
      9.173238,
      1.9312079999999998,
      4.506151999999999,
      4.667085999999999,
      3.5405480000000003,
      3.379614,
      21.243288,
      7.724831999999999,
      3.7014819999999995,
      24.622902,
      18.346476,
      8.368568,
      7.885766,
      2.735878,
      3.7014819999999995,
      3.21868,
      4.506151999999999,
      18.024607999999997,
      1.9312079999999998,
      20.11675,
      4.184284,
      3.21868,
      2.41401,
      4.9889540000000006,
      4.9889540000000006,
      2.2530759999999996,
      3.7014819999999995,
      7.885766,
      11.748182,
      11.104446000000001,
      3.21868,
      18.024607999999997,
      23.657297999999997,
      5.793624,
      0.80467,
      18.50741
    ],
    [
      20.599552000000003,
      15.28873,
      16.254334,
      23.33543,
      18.50741,
      15.932466,
      33.79614,
      18.668343999999998,
      0.0,
      18.668343999999998,
      22.369826,
      20.438617999999998,
      22.047957999999998,
      13.840323999999999,
      20.760486,
      34.60081,
      32.1868,
      35.244546,
      12.87472,
      17.863674,
      18.50741,
      20.11675,
      18.50741,
      18.185542,
      6.276426,
      22.53076,
      18.50741,
      10.621644,
      4.345218,
      20.760486,
      20.277684,
      17.541806,
      20.277684,
      18.346476,
      19.633948,
      4.02335,
      19.633948,
      29.450922000000002,
      21.243288,
      20.92142,
      17.863674,
      19.794882,
      16.737136,
      19.955816000000002,
      21.565156,
      20.277684,
      26.393175999999997,
      30.899327999999997,
      18.185542,
      4.02335,
      9.65604,
      16.415267999999998,
      18.024607999999997,
      4.506151999999999
    ],
    [
      1.60934,
      9.495106,
      5.63269,
      4.82802,
      3.8624159999999996,
      5.9545580000000005,
      15.127796,
      2.896812,
      18.668343999999998,
      0.0,
      7.402963999999999,
      1.60934,
      3.5405480000000003,
      10.299776000000001,
      7.724831999999999,
      16.89807,
      14.48406,
      17.541806,
      9.65604,
      4.506151999999999,
      7.563898,
      2.2530759999999996,
      4.9889540000000006,
      4.82802,
      21.72609,
      4.667085999999999,
      5.149888000000001,
      25.266638,
      18.990212,
      7.724831999999999,
      7.24203,
      4.184284,
      1.7702740000000001,
      4.667085999999999,
      1.2874720000000002,
      18.668343999999998,
      1.9312079999999998,
      17.059003999999998,
      1.9312079999999998,
      2.2530759999999996,
      4.82802,
      3.057746,
      8.0467,
      2.2530759999999996,
      2.41401,
      7.24203,
      8.690436,
      9.816974,
      4.667085999999999,
      18.668343999999998,
      24.1401,
      8.368568,
      2.2530759999999996,
      18.990212
    ],
    [
      9.173238,
      13.196587999999998,
      10.621644,
      11.909116000000001,
      8.690436,
      10.943512,
      22.208892000000002,
      9.334171999999999,
      22.369826,
      7.402963999999999,
      0.0,
      8.85137,
      7.885766,
      14.48406,
      10.46071,
      23.657297999999997,
      21.243288,
      24.301033999999998,
      13.840323999999999,
      9.012303999999999,
      10.46071,
      9.173238,
      9.65604,
      9.334171999999999,
      25.910374,
      10.299776000000001,
      9.65604,
      29.289987999999997,
      23.013562,
      10.46071,
      9.977908000000001,
      8.690436,
      9.012303999999999,
      9.334171999999999,
      8.690436,
      22.852628,
      9.334171999999999,
      22.53076,
      9.173238,
      9.334171999999999,
      9.012303999999999,
      6.43736,
      10.943512,
      9.495106,
      9.65604,
      9.977908000000001,
      15.449663999999999,
      19.955816000000002,
      9.334171999999999,
      22.852628,
      28.324384000000002,
      11.909116000000001,
      7.724831999999999,
      23.174496
    ],
    [
      0.374,
      11.26538,
      6.9201619999999995,
      3.8624159999999996,
      5.471756,
      7.24203,
      14.805927999999998,
      3.5405480000000003,
      20.438617999999998,
      1.60934,
      8.85137,
      0.0,
      3.7014819999999995,
      11.587248,
      9.012303999999999,
      16.576202000000002,
      14.162192000000001,
      17.219938,
      10.943512,
      4.82802,
      6.43736,
      1.7702740000000001,
      5.63269,
      5.310822,
      23.013562,
      4.506151999999999,
      5.63269,
      26.393175999999997,
      20.11675,
      9.012303999999999,
      8.529501999999999,
      4.667085999999999,
      0.80467,
      5.310822,
      0.9656039999999999,
      19.955816000000002,
      1.7702740000000001,
      16.737136,
      2.2530759999999996,
      0.80467,
      5.310822,
      4.184284,
      6.9201619999999995,
      1.9312079999999998,
      0.80467,
      8.529501999999999,
      8.368568,
      8.85137,
      5.310822,
      19.955816000000002,
      25.427572,
      9.65604,
      2.5749440000000003,
      20.277684
    ],
    [
      3.7014819999999995,
      12.87472,
      10.299776000000001,
      5.793624,
      6.43736,
      10.621644,
      16.0934,
      5.9545580000000005,
      22.047957999999998,
      3.5405480000000003,
      7.885766,
      3.7014819999999995,
      0.0,
      13.518456,
      8.690436,
      17.863674,
      15.449663999999999,
      18.50741,
      12.87472,
      7.0810960000000005,
      8.690436,
      3.7014819999999995,
      7.724831999999999,
      7.402963999999999,
      24.94477,
      4.82802,
      7.885766,
      28.324384000000002,
      22.047957999999998,
      8.690436,
      8.207633999999999,
      6.759228,
      3.8624159999999996,
      7.402963999999999,
      3.5405480000000003,
      21.72609,
      5.471756,
      17.219938,
      4.02335,
      4.184284,
      7.0810960000000005,
      3.21868,
      9.012303999999999,
      5.793624,
      4.506151999999999,
      8.207633999999999,
      9.65604,
      14.162192000000001,
      7.402963999999999,
      21.72609,
      27.35878,
      11.587248,
      4.9889540000000006,
      22.208892000000002
    ],
    [
      11.748182,
      2.735878,
      4.184284,
      14.48406,
      5.9545580000000005,
      3.7014819999999995,
      24.783836,
      7.885766,
      13.840323999999999,
      10.299776000000001,
      14.48406,
      11.587248,
      13.518456,
      0.0,
      11.748182,
      26.393175999999997,
      23.818232000000002,
      26.875978,
      3.057746,
      7.0810960000000005,
      3.7014819999999995,
      11.104446000000001,
      4.667085999999999,
      6.115492,
      16.89807,
      13.518456,
      5.310822,
      20.438617999999998,
      14.162192000000001,
      11.748182,
      11.26538,
      6.598293999999999,
      11.26538,
      4.667085999999999,
      10.621644,
      13.840323999999999,
      9.816974,
      26.393175999999997,
      11.748182,
      11.909116000000001,
      6.9201619999999995,
      10.782578,
      3.7014819999999995,
      9.977908000000001,
      12.552852,
      11.26538,
      18.185542,
      22.691694,
      6.115492,
      13.840323999999999,
      19.31208,
      3.057746,
      7.885766,
      14.162192000000001
    ],
    [
      9.012303999999999,
      11.587248,
      9.012303999999999,
      11.748182,
      8.529501999999999,
      9.334171999999999,
      22.208892000000002,
      8.368568,
      20.760486,
      7.724831999999999,
      10.46071,
      9.012303999999999,
      8.690436,
      11.748182,
      0.0,
      23.657297999999997,
      21.082354,
      24.1401,
      12.07005,
      8.85137,
      9.977908000000001,
      9.012303999999999,
      9.495106,
      9.173238,
      24.1401,
      11.426314,
      9.495106,
      27.519714,
      21.243288,
      0.0,
      1.9312079999999998,
      8.529501999999999,
      9.334171999999999,
      9.173238,
      8.529501999999999,
      20.92142,
      9.65604,
      23.657297999999997,
      10.299776000000001,
      9.816974,
      8.85137,
      7.0810960000000005,
      10.299776000000001,
      9.977908000000001,
      10.621644,
      0.48280199999999995,
      15.449663999999999,
      19.955816000000002,
      9.173238,
      20.92142,
      26.55411,
      10.782578,
      8.0467,
      21.404222
    ],
    [
      16.737136,
      25.588506,
      22.852628,
      13.518456,
      21.243288,
      23.174496,
      0.6437360000000001,
      18.346476,
      34.60081,
      16.89807,
      23.657297999999997,
      16.576202000000002,
      17.863674,
      26.393175999999997,
      23.657297999999997,
      0.0,
      2.41401,
      1.60934,
      25.427572,
      20.760486,
      23.33543,
      15.610598,
      21.404222,
      21.082354,
      37.658556,
      17.863674,
      21.404222,
      41.03817,
      34.761744,
      23.496364,
      23.013562,
      20.438617999999998,
      15.771532,
      21.082354,
      15.932466,
      34.439876,
      16.737136,
      24.461968,
      14.966862,
      15.127796,
      20.760486,
      18.346476,
      23.818232000000002,
      16.737136,
      14.805927999999998,
      23.013562,
      9.816974,
      15.28873,
      21.082354,
      34.439876,
      40.072565999999995,
      24.1401,
      18.346476,
      34.761744
    ],
    [
      14.162192000000001,
      23.013562,
      20.438617999999998,
      11.104446000000001,
      18.829278,
      20.760486,
      1.1265379999999998,
      15.932466,
      32.1868,
      14.48406,
      21.243288,
      14.162192000000001,
      15.449663999999999,
      23.818232000000002,
      21.082354,
      2.41401,
      0.0,
      3.057746,
      23.174496,
      18.346476,
      20.92142,
      13.196587999999998,
      18.990212,
      18.668343999999998,
      35.244546,
      15.449663999999999,
      18.990212,
      38.62416,
      32.347734,
      21.082354,
      20.599552000000003,
      18.024607999999997,
      13.357522000000001,
      18.668343999999998,
      13.518456,
      32.025866,
      14.323126,
      22.047957999999998,
      12.552852,
      12.713786,
      18.346476,
      16.0934,
      21.404222,
      14.48406,
      12.552852,
      20.599552000000003,
      7.402963999999999,
      12.87472,
      18.668343999999998,
      32.025866,
      37.658556,
      21.72609,
      15.932466,
      32.508668
    ],
    [
      17.219938,
      26.071308,
      23.496364,
      14.162192000000001,
      21.887024,
      23.818232000000002,
      1.9312079999999998,
      18.990212,
      35.244546,
      17.541806,
      24.301033999999998,
      17.219938,
      18.50741,
      26.875978,
      24.1401,
      1.60934,
      3.057746,
      0.0,
      26.071308,
      21.404222,
      23.979166,
      16.254334,
      22.047957999999998,
      21.72609,
      38.141358,
      18.50741,
      22.047957999999998,
      41.520972,
      35.244546,
      24.1401,
      23.657297999999997,
      21.082354,
      16.415267999999998,
      21.72609,
      16.415267999999998,
      35.083612,
      17.380872,
      25.105704,
      15.610598,
      15.610598,
      21.404222,
      18.990212,
      24.461968,
      17.380872,
      15.449663999999999,
      23.657297999999997,
      10.46071,
      15.771532,
      21.72609,
      35.083612,
      40.555368,
      24.783836,
      18.990212,
      35.40548
    ],
    [
      11.104446000000001,
      4.82802,
      5.9545580000000005,
      13.840323999999999,
      8.0467,
      6.115492,
      24.1401,
      9.173238,
      12.87472,
      9.65604,
      13.840323999999999,
      10.943512,
      12.87472,
      3.057746,
      12.07005,
      25.427572,
      23.174496,
      26.071308,
      0.0,
      9.495106,
      6.115492,
      11.909116000000001,
      6.43736,
      9.977908000000001,
      15.610598,
      14.323126,
      7.0810960000000005,
      18.990212,
      12.713786,
      12.552852,
      12.07005,
      9.334171999999999,
      12.07005,
      7.0810960000000005,
      11.426314,
      12.391918,
      11.426314,
      26.55411,
      12.391918,
      12.713786,
      9.495106,
      11.587248,
      6.115492,
      11.748182,
      13.357522000000001,
      12.07005,
      18.185542,
      22.691694,
      9.816974,
      12.391918,
      18.024607999999997,
      5.471756,
      9.816974,
      12.87472
    ],
    [
      4.9889540000000006,
      6.9201619999999995,
      4.02335,
      9.012303999999999,
      1.448406,
      4.345218,
      19.473014,
      1.9312079999999998,
      17.863674,
      4.506151999999999,
      9.012303999999999,
      4.82802,
      7.0810960000000005,
      7.0810960000000005,
      8.85137,
      20.760486,
      18.346476,
      21.404222,
      9.495106,
      0.0,
      3.5405480000000003,
      5.793624,
      2.735878,
      2.41401,
      21.082354,
      8.0467,
      2.735878,
      24.461968,
      18.185542,
      8.529501999999999,
      8.207633999999999,
      1.7702740000000001,
      5.310822,
      2.41401,
      4.9889540000000006,
      17.863674,
      3.5405480000000003,
      20.438617999999998,
      5.793624,
      4.82802,
      1.448406,
      5.310822,
      4.02335,
      3.7014819999999995,
      5.149888000000001,
      8.207633999999999,
      12.07005,
      12.552852,
      2.41401,
      17.863674,
      23.496364,
      4.9889540000000006,
      2.5749440000000003,
      18.185542
    ],
    [
      6.598293999999999,
      4.82802,
      0.80467,
      11.748182,
      2.5749440000000003,
      1.448406,
      22.047957999999998,
      4.506151999999999,
      18.50741,
      7.563898,
      10.46071,
      6.43736,
      8.690436,
      3.7014819999999995,
      9.977908000000001,
      23.33543,
      20.92142,
      23.979166,
      6.115492,
      3.5405480000000003,
      0.0,
      9.495106,
      2.735878,
      4.02335,
      19.31208,
      11.909116000000001,
      3.057746,
      22.691694,
      16.415267999999998,
      9.977908000000001,
      9.65604,
      4.667085999999999,
      9.65604,
      2.735878,
      9.012303999999999,
      16.0934,
      7.724831999999999,
      24.1401,
      10.621644,
      9.012303999999999,
      4.82802,
      9.012303999999999,
      0.48280199999999995,
      8.0467,
      9.495106,
      9.65604,
      15.771532,
      20.277684,
      4.02335,
      16.0934,
      21.72609,
      1.2874720000000002,
      5.793624,
      16.415267999999998
    ],
    [
      1.9312079999999998,
      10.943512,
      8.368568,
      3.21868,
      6.759228,
      8.690436,
      14.323126,
      4.667085999999999,
      20.11675,
      2.2530759999999996,
      9.173238,
      1.7702740000000001,
      3.7014819999999995,
      11.104446000000001,
      9.012303999999999,
      15.610598,
      13.196587999999998,
      16.254334,
      11.909116000000001,
      5.793624,
      9.495106,
      0.0,
      8.207633999999999,
      7.885766,
      24.461968,
      4.667085999999999,
      8.368568,
      27.841582000000002,
      21.565156,
      10.299776000000001,
      9.816974,
      7.24203,
      0.9656039999999999,
      7.885766,
      1.60934,
      21.243288,
      3.5405480000000003,
      16.89807,
      0.80467,
      1.9312079999999998,
      7.563898,
      4.506151999999999,
      10.621644,
      3.7014819999999995,
      1.2874720000000002,
      9.816974,
      6.598293999999999,
      8.368568,
      7.885766,
      21.243288,
      26.875978,
      10.943512,
      5.149888000000001,
      21.72609
    ],
    [
      5.63269,
      4.506151999999999,
      0.48280199999999995,
      9.65604,
      1.7702740000000001,
      1.9312079999999998,
      20.11675,
      3.5405480000000003,
      18.50741,
      4.9889540000000006,
      9.65604,
      5.63269,
      7.724831999999999,
      4.667085999999999,
      9.495106,
      21.404222,
      18.990212,
      22.047957999999998,
      6.43736,
      2.735878,
      2.735878,
      8.207633999999999,
      0.0,
      0.80467,
      19.151146,
      11.104446000000001,
      0.80467,
      22.53076,
      16.254334,
      9.334171999999999,
      8.85137,
      3.8624159999999996,
      8.85137,
      0.9656039999999999,
      8.207633999999999,
      15.932466,
      6.9201619999999995,
      23.33543,
      9.816974,
      8.207633999999999,
      4.02335,
      8.368568,
      1.2874720000000002,
      7.24203,
      8.690436,
      8.85137,
      14.966862,
      19.473014,
      0.32186800000000004,
      15.932466,
      21.565156,
      2.2530759999999996,
      4.9889540000000006,
      16.415267999999998
    ],
    [
      5.471756,
      5.9545580000000005,
      0.6437360000000001,
      9.495106,
      1.448406,
      3.379614,
      19.794882,
      3.379614,
      18.185542,
      4.82802,
      9.334171999999999,
      5.310822,
      7.402963999999999,
      6.115492,
      9.173238,
      21.082354,
      18.668343999999998,
      21.72609,
      9.977908000000001,
      2.41401,
      4.02335,
      7.885766,
      0.80467,
      0.0,
      19.473014,
      11.426314,
      0.32186800000000004,
      22.852628,
      16.576202000000002,
      9.65604,
      9.173238,
      2.092142,
      9.173238,
      0.32186800000000004,
      8.529501999999999,
      16.254334,
      6.115492,
      23.657297999999997,
      10.138842,
      7.402963999999999,
      2.41401,
      6.759228,
      1.60934,
      6.43736,
      7.885766,
      9.173238,
      15.28873,
      19.794882,
      0.151,
      16.254334,
      21.887024,
      2.5749440000000003,
      4.184284,
      16.576202000000002
    ],
    [
      23.174496,
      17.863674,
      18.829278,
      25.910374,
      20.92142,
      18.50741,
      36.371084,
      21.243288,
      6.276426,
      21.72609,
      25.910374,
      23.013562,
      24.94477,
      16.89807,
      24.1401,
      37.658556,
      35.244546,
      38.141358,
      15.610598,
      21.082354,
      19.31208,
      24.461968,
      19.151146,
      19.473014,
      0.0,
      25.588506,
      21.565156,
      4.9889540000000006,
      8.207633999999999,
      23.818232000000002,
      23.33543,
      20.599552000000003,
      23.33543,
      21.404222,
      22.691694,
      6.115492,
      24.783836,
      23.818232000000002,
      24.461968,
      23.979166,
      20.92142,
      22.852628,
      19.794882,
      24.783836,
      24.783836,
      23.33543,
      29.450922000000002,
      34.118007999999996,
      21.243288,
      6.115492,
      4.02335,
      19.473014,
      21.082354,
      4.345218
    ],
    [
      4.506151999999999,
      13.357522000000001,
      10.782578,
      6.115492,
      9.173238,
      11.104446000000001,
      16.576202000000002,
      7.724831999999999,
      22.53076,
      4.667085999999999,
      10.299776000000001,
      4.506151999999999,
      4.82802,
      13.518456,
      11.426314,
      17.863674,
      15.449663999999999,
      18.50741,
      14.323126,
      8.0467,
      11.909116000000001,
      4.667085999999999,
      11.104446000000001,
      11.426314,
      25.588506,
      0.0,
      9.977908000000001,
      25.266638,
      23.174496,
      11.909116000000001,
      11.426314,
      9.012303999999999,
      4.345218,
      9.495106,
      4.345218,
      22.852628,
      6.276426,
      12.230984,
      4.506151999999999,
      4.82802,
      9.173238,
      6.115492,
      12.230984,
      6.276426,
      4.82802,
      11.587248,
      10.138842,
      14.644993999999999,
      9.495106,
      22.852628,
      26.071308,
      12.713786,
      6.759228,
      23.33543
    ],
    [
      5.793624,
      5.149888000000001,
      0.6437360000000001,
      9.816974,
      1.7702740000000001,
      2.5749440000000003,
      20.11675,
      3.7014819999999995,
      18.50741,
      5.149888000000001,
      9.65604,
      5.63269,
      7.885766,
      5.310822,
      9.495106,
      21.404222,
      18.990212,
      22.047957999999998,
      7.0810960000000005,
      2.735878,
      3.057746,
      8.368568,
      0.80467,
      0.32186800000000004,
      21.565156,
      9.977908000000001,
      0.0,
      24.94477,
      18.668343999999998,
      9.012303999999999,
      8.529501999999999,
      1.7702740000000001,
      6.43736,
      0.48280199999999995,
      6.9201619999999995,
      18.346476,
      5.793624,
      22.047957999999998,
      6.598293999999999,
      6.9201619999999995,
      2.092142,
      6.276426,
      1.7702740000000001,
      5.9545580000000005,
      7.402963999999999,
      8.529501999999999,
      13.67939,
      14.805927999999998,
      0.32186800000000004,
      18.346476,
      23.979166,
      2.735878,
      3.8624159999999996,
      18.829278
    ],
    [
      26.55411,
      21.243288,
      22.208892000000002,
      29.289987999999997,
      24.301033999999998,
      21.887024,
      39.750698,
      24.622902,
      10.621644,
      25.266638,
      29.289987999999997,
      26.393175999999997,
      28.324384000000002,
      20.438617999999998,
      27.519714,
      41.03817,
      38.62416,
      41.520972,
      18.990212,
      24.461968,
      22.691694,
      27.841582000000002,
      22.53076,
      22.852628,
      4.9889540000000006,
      25.266638,
      24.94477,
      0.0,
      10.138842,
      27.197846,
      26.875978,
      23.979166,
      26.875978,
      24.783836,
      26.071308,
      8.0467,
      28.16345,
      19.151146,
      27.841582000000002,
      27.519714,
      24.301033999999998,
      26.232242,
      23.174496,
      28.16345,
      28.16345,
      26.875978,
      32.99147,
      37.497622,
      24.622902,
      8.0467,
      1.2874720000000002,
      22.852628,
      24.622902,
      6.276426
    ],
    [
      20.277684,
      14.966862,
      15.932466,
      23.013562,
      18.024607999999997,
      15.610598,
      33.474272,
      18.346476,
      4.345218,
      18.990212,
      23.013562,
      20.11675,
      22.047957999999998,
      14.162192000000001,
      21.243288,
      34.761744,
      32.347734,
      35.244546,
      12.713786,
      18.185542,
      16.415267999999998,
      21.565156,
      16.254334,
      16.576202000000002,
      8.207633999999999,
      23.174496,
      18.668343999999998,
      10.138842,
      0.0,
      20.92142,
      20.599552000000003,
      17.70274,
      20.599552000000003,
      18.50741,
      19.955816000000002,
      3.5405480000000003,
      19.955816000000002,
      28.96812,
      21.565156,
      21.243288,
      18.024607999999997,
      19.955816000000002,
      16.89807,
      20.277684,
      21.887024,
      20.599552000000003,
      26.715044000000002,
      31.221196,
      18.346476,
      3.5405480000000003,
      9.173238,
      16.576202000000002,
      18.346476,
      4.02335
    ],
    [
      9.012303999999999,
      11.587248,
      9.012303999999999,
      11.748182,
      8.529501999999999,
      9.334171999999999,
      22.208892000000002,
      8.368568,
      20.760486,
      7.724831999999999,
      10.46071,
      9.012303999999999,
      8.690436,
      11.748182,
      0.0,
      23.496364,
      21.082354,
      24.1401,
      12.552852,
      8.529501999999999,
      9.977908000000001,
      10.299776000000001,
      9.334171999999999,
      9.65604,
      23.818232000000002,
      11.909116000000001,
      9.012303999999999,
      27.197846,
      20.92142,
      0.0,
      1.9312079999999998,
      8.529501999999999,
      9.334171999999999,
      9.173238,
      8.529501999999999,
      20.92142,
      9.65604,
      23.657297999999997,
      10.299776000000001,
      9.816974,
      8.85137,
      7.0810960000000005,
      10.299776000000001,
      9.977908000000001,
      10.621644,
      0.48280199999999995,
      15.449663999999999,
      19.955816000000002,
      9.173238,
      20.92142,
      26.55411,
      10.782578,
      8.0467,
      21.404222
    ],
    [
      8.529501999999999,
      11.26538,
      8.529501999999999,
      11.26538,
      8.0467,
      8.85137,
      21.72609,
      7.885766,
      20.277684,
      7.24203,
      9.977908000000001,
      8.529501999999999,
      8.207633999999999,
      11.26538,
      1.9312079999999998,
      23.013562,
      20.599552000000003,
      23.657297999999997,
      12.07005,
      8.207633999999999,
      9.65604,
      9.816974,
      8.85137,
      9.173238,
      23.33543,
      11.426314,
      8.529501999999999,
      26.875978,
      20.599552000000003,
      1.9312079999999998,
      0.0,
      8.207633999999999,
      8.85137,
      8.690436,
      8.207633999999999,
      20.599552000000003,
      9.334171999999999,
      23.33543,
      9.816974,
      9.495106,
      8.368568,
      6.598293999999999,
      9.977908000000001,
      9.495106,
      10.138842,
      1.448406,
      14.966862,
      19.473014,
      8.690436,
      20.599552000000003,
      26.071308,
      10.299776000000001,
      7.724831999999999,
      20.92142
    ],
    [
      4.82802,
      6.43736,
      3.5405480000000003,
      8.85137,
      0.6437360000000001,
      3.8624159999999996,
      19.151146,
      2.735878,
      17.541806,
      4.184284,
      8.690436,
      4.667085999999999,
      6.759228,
      6.598293999999999,
      8.529501999999999,
      20.438617999999998,
      18.024607999999997,
      21.082354,
      9.334171999999999,
      1.7702740000000001,
      4.667085999999999,
      7.24203,
      3.8624159999999996,
      2.092142,
      20.599552000000003,
      9.012303999999999,
      1.7702740000000001,
      23.979166,
      17.70274,
      8.529501999999999,
      8.207633999999999,
      0.0,
      5.63269,
      0.80467,
      6.115492,
      17.541806,
      4.9889540000000006,
      21.243288,
      5.793624,
      6.115492,
      0.48280199999999995,
      5.471756,
      2.5749440000000003,
      5.149888000000001,
      6.598293999999999,
      7.724831999999999,
      12.87472,
      14.001257999999998,
      0.9656039999999999,
      17.541806,
      23.174496,
      4.02335,
      3.057746,
      18.024607999999997
    ],
    [
      0.80467,
      11.26538,
      8.529501999999999,
      3.379614,
      5.793624,
      8.85137,
      14.48406,
      3.7014819999999995,
      20.277684,
      1.7702740000000001,
      9.012303999999999,
      0.80467,
      3.8624159999999996,
      11.26538,
      9.334171999999999,
      15.771532,
      13.357522000000001,
      16.415267999999998,
      12.07005,
      5.310822,
      9.65604,
      0.9656039999999999,
      8.85137,
      9.173238,
      23.33543,
      4.345218,
      6.43736,
      26.875978,
      20.599552000000003,
      9.334171999999999,
      8.85137,
      5.63269,
      0.0,
      6.759228,
      1.2874720000000002,
      20.277684,
      2.41401,
      16.254334,
      0.32186800000000004,
      0.6437360000000001,
      5.793624,
      4.506151999999999,
      8.368568,
      2.41401,
      0.32186800000000004,
      8.85137,
      7.402963999999999,
      8.0467,
      6.759228,
      20.277684,
      25.910374,
      9.977908000000001,
      3.379614,
      20.760486
    ],
    [
      5.310822,
      4.506151999999999,
      0.80467,
      9.334171999999999,
      1.60934,
      1.9312079999999998,
      19.794882,
      3.21868,
      18.346476,
      4.667085999999999,
      9.334171999999999,
      5.310822,
      7.402963999999999,
      4.667085999999999,
      9.173238,
      21.082354,
      18.668343999999998,
      21.72609,
      7.0810960000000005,
      2.41401,
      2.735878,
      7.885766,
      0.9656039999999999,
      0.32186800000000004,
      21.404222,
      9.495106,
      0.48280199999999995,
      24.783836,
      18.50741,
      9.173238,
      8.690436,
      0.80467,
      6.759228,
      0.0,
      6.598293999999999,
      18.185542,
      5.471756,
      21.72609,
      6.43736,
      6.759228,
      1.7702740000000001,
      5.9545580000000005,
      1.9312079999999998,
      5.793624,
      7.24203,
      8.368568,
      13.357522000000001,
      14.48406,
      0.32186800000000004,
      18.185542,
      23.657297999999997,
      3.21868,
      3.5405480000000003,
      18.50741
    ],
    [
      0.9656039999999999,
      10.46071,
      7.885766,
      3.8624159999999996,
      5.149888000000001,
      8.207633999999999,
      14.644993999999999,
      4.506151999999999,
      19.633948,
      1.2874720000000002,
      8.690436,
      0.9656039999999999,
      3.5405480000000003,
      10.621644,
      8.529501999999999,
      15.932466,
      13.518456,
      16.415267999999998,
      11.426314,
      4.9889540000000006,
      9.012303999999999,
      1.60934,
      8.207633999999999,
      8.529501999999999,
      22.691694,
      4.345218,
      6.9201619999999995,
      26.071308,
      19.955816000000002,
      8.529501999999999,
      8.207633999999999,
      6.115492,
      1.2874720000000002,
      6.598293999999999,
      0.0,
      19.473014,
      2.41401,
      16.254334,
      1.60934,
      1.9312079999999998,
      5.793624,
      4.184284,
      8.85137,
      2.5749440000000003,
      1.448406,
      8.0467,
      7.885766,
      9.495106,
      6.115492,
      19.473014,
      25.105704,
      9.173238,
      3.21868,
      19.794882
    ],
    [
      19.955816000000002,
      14.644993999999999,
      15.771532,
      22.691694,
      17.863674,
      15.28873,
      33.152404000000004,
      18.024607999999997,
      4.02335,
      18.668343999999998,
      22.852628,
      19.955816000000002,
      21.72609,
      13.840323999999999,
      20.92142,
      34.439876,
      32.025866,
      35.083612,
      12.391918,
      17.863674,
      16.0934,
      21.243288,
      15.932466,
      16.254334,
      6.115492,
      22.852628,
      18.346476,
      8.0467,
      3.5405480000000003,
      20.92142,
      20.599552000000003,
      17.541806,
      20.277684,
      18.185542,
      19.473014,
      0.0,
      19.633948,
      26.875978,
      21.243288,
      20.92142,
      17.70274,
      19.794882,
      17.059003999999998,
      19.955816000000002,
      21.565156,
      20.277684,
      26.393175999999997,
      30.899327999999997,
      18.024607999999997,
      0.003,
      7.0810960000000005,
      16.254334,
      18.024607999999997,
      1.9312079999999998
    ],
    [
      1.9312079999999998,
      9.495106,
      6.598293999999999,
      6.43736,
      4.02335,
      7.0810960000000005,
      15.449663999999999,
      1.9312079999999998,
      19.633948,
      1.9312079999999998,
      9.334171999999999,
      1.7702740000000001,
      5.471756,
      9.816974,
      9.65604,
      16.737136,
      14.323126,
      17.380872,
      11.426314,
      3.5405480000000003,
      7.724831999999999,
      3.5405480000000003,
      6.9201619999999995,
      6.115492,
      24.783836,
      6.276426,
      5.793624,
      28.16345,
      19.955816000000002,
      9.65604,
      9.334171999999999,
      4.9889540000000006,
      2.41401,
      5.471756,
      2.41401,
      19.633948,
      0.0,
      18.185542,
      2.735878,
      1.7702740000000001,
      4.184284,
      4.82802,
      6.598293999999999,
      0.80467,
      2.2530759999999996,
      9.012303999999999,
      9.977908000000001,
      9.65604,
      4.9889540000000006,
      20.438617999999998,
      26.071308,
      7.563898,
      2.5749440000000003,
      20.92142
    ],
    [
      16.737136,
      25.74944,
      23.013562,
      18.668343999999998,
      21.404222,
      23.33543,
      23.174496,
      20.11675,
      29.450922000000002,
      17.059003999999998,
      22.53076,
      16.737136,
      17.219938,
      26.393175999999997,
      23.657297999999997,
      24.461968,
      22.047957999999998,
      25.105704,
      26.55411,
      20.438617999999998,
      24.1401,
      16.89807,
      23.33543,
      23.657297999999997,
      23.818232000000002,
      12.230984,
      22.047957999999998,
      19.151146,
      28.96812,
      23.657297999999997,
