{
  "drive_dist_matrix": [
    [
      0.0,
      3.3,
      1.9,
      2.1,
      3.2,
      0.7,
      0.19,
      4.4,
      1.6,
      6.8,
      1.3,
      1.6,
      4.1,
      3.3,
      1.6,
      0.95,
      3.7,
      0.18,
      1.5,
      1.2,
      1.0,
      20.0,
      0.12,
      9.5,
      21.3,
      1.5,
      3.7,
      6.6,
      37.8,
      28.7,
      2.1,
      2.0,
      1.0,
      42.5,
      5.7,
      5.7,
      30.2,
      5.7,
      5.2,
      52.8,
      0.29,
      4.6,
      1.0,
      2.8,
      0.28,
      1.3,
      2.0,
      0.55,
      2.6,
      1.9,
      15.1,
      28.4,
      1.7,
      7.8,
      0.5,
      0.9,
      34.2,
      33.2,
      1.6,
      110.0
    ],
    [
      3.3,
      0.0,
      2.6,
      0.088,
      0.6,
      1.7,
      2.3,
      3.2,
      3.4,
      9.7,
      2.9,
      0.75,
      6.5,
      1.0,
      0.7,
      2.8,
      5.2,
      2.3,
      0.85,
      3.0,
      2.0,
      21.5,
      2.4,
      8.6,
      22.7,
      0.5,
      5.2,
      6.4,
      36.9,
      27.8,
      3.6,
      1.4,
      3.3,
      44.9,
      8.7,
      8.2,
      29.3,
      4.8,
      4.4,
      52.6,
      2.3,
      4.4,
      2.8,
      5.2,
      2.1,
      2.4,
      1.0,
      1.8,
      1.7,
      0.95,
      14.1,
      27.5,
      0.35,
      6.9,
      1.9,
      0.95,
      34.0,
      33.0,
      2.2,
      109.0
    ],
    [
      1.9,
      2.6,
      0.0,
      2.5,
      3.3,
      1.0,
      0.65,
      4.4,
      2.4,
      6.9,
      2.1,
      1.7,
      4.7,
      4.1,
      1.6,
      1.7,
      4.5,
      0.6,
      2.3,
      2.0,
      1.7,
      20.8,
      0.65,
      9.5,
      22.1,
      1.8,
      4.6,
      6.6,
      37.8,
      28.7,
      2.9,
      2.0,
      0.8,
      43.0,
      5.9,
      6.2,
      30.2,
      5.7,
      5.2,
      53.6,
      0.55,
      5.4,
      2.2,
      2.9,
      0.65,
      2.1,
      2.0,
      0.85,
      2.6,
      2.3,
      15.1,
      28.4,
      2.0,
      7.8,
      0.7,
      1.4,
      35.0,
      34.0,
      2.4,
      110.0
    ],
    [
      2.1,
      0.088,
      2.5,
      0.0,
      0.7,
      2.4,
      3.0,
      3.1,
      2.8,
      10.8,
      3.3,
      0.65,
      6.8,
      0.95,
      0.6,
      3.6,
      6.0,
      3.0,
      0.75,
      3.8,
      2.4,
      22.3,
      3.3,
      9.9,
      23.5,
      0.4,
      6.0,
      7.8,
      38.2,
      29.1,
      4.4,
      1.0,
      4.1,
      45.2,
      9.8,
      8.4,
      30.6,
      6.1,
      4.5,
      52.0,
      3.0,
      3.7,
      3.6,
      6.5,
      2.8,
      3.2,
      0.9,
      2.5,
      3.1,
      0.4,
      15.5,
      28.8,
      0.27,
      8.2,
      2.6,
      0.85,
      33.4,
      32.4,
      2.1,
      111.0
    ],
    [
      3.2,
      0.6,
      3.3,
      0.7,
      0.0,
      2.2,
      2.8,
      2.8,
      3.4,
      9.8,
      2.9,
      2.1,
      7.0,
      2.2,
      2.0,
      4.7,
      5.2,
      2.8,
      1.2,
      4.9,
      2.0,
      21.5,
      2.8,
      7.7,
      22.8,
      0.75,
      5.2,
      8.2,
      36.0,
      26.9,
      3.6,
      1.9,
      3.8,
      45.4,
      8.8,
      8.6,
      28.4,
      3.9,
      3.5,
      52.7,
      2.8,
      4.4,
      4.6,
      5.6,
      2.6,
      2.5,
      1.4,
      2.3,
      1.1,
      1.0,
      13.3,
      26.6,
      0.75,
      6.0,
      2.4,
      1.7,
      34.1,
      33.2,
      2.2,
      108.0
    ],
    [
      0.7,
      1.7,
      1.0,
      2.4,
      2.2,
      0.0,
      0.5,
      4.1,
      2.1,
      7.3,
      1.8,
      0.55,
      4.6,
      3.8,
      0.55,
      1.4,
      4.2,
      0.5,
      1.1,
      1.7,
      1.4,
      20.5,
      0.6,
      9.2,
      21.8,
      1.6,
      4.3,
      6.3,
      37.5,
      28.4,
      2.6,
      0.4,
      1.7,
      43.0,
      6.2,
      6.2,
      29.9,
      5.4,
      4.9,
      53.3,
      0.45,
      5.1,
      1.5,
      3.3,
      0.4,
      1.8,
      1.0,
      0.13,
      2.2,
      2.0,
      14.8,
      28.1,
      1.0,
      7.5,
      0.26,
      0.4,
      34.7,
      33.7,
      2.1,
      110.0
    ],
    [
      0.19,
      2.3,
      0.65,
      3.0,
      2.8,
      0.5,
      0.0,
      4.0,
      1.9,
      7.0,
      1.0,
      1.3,
      4.4,
      3.6,
      1.2,
      1.2,
      4.0,
      0.009,
      1.7,
      1.4,
      1.0,
      20.3,
      0.14,
      9.1,
      21.5,
      1.4,
      4.0,
      6.2,
      37.4,
      28.3,
      2.4,
      0.9,
      1.0,
      42.8,
      6.0,
      6.0,
      29.8,
      5.3,
      4.8,
      53.1,
      0.19,
      4.8,
      0.85,
      3.0,
      0.085,
      1.5,
      1.6,
      0.4,
      2.2,
      1.9,
      14.7,
      28.1,
      1.6,
      7.4,
      0.29,
      0.7,
      34.5,
      33.5,
      1.8,
      110.0
    ],
    [
      4.4,
      3.2,
      4.4,
      3.1,
      2.8,
      4.1,
      4.0,
      0.0,
      7.7,
      13.1,
      8.3,
      5.3,
      10.3,
      5.7,
      5.3,
      8.0,
      9.6,
      6.1,
      5.5,
      8.2,
      6.2,
      25.6,
      6.1,
      8.4,
      26.8,
      5.0,
      9.6,
      7.8,
      36.8,
      27.7,
      9.2,
      5.1,
      7.1,
      48.7,
      12.1,
      11.9,
      29.2,
      5.8,
      0.45,
      52.3,
      6.9,
      5.9,
      7.9,
      9.4,
      5.9,
      8.3,
      5.6,
      5.6,
      4.1,
      5.2,
      14.1,
      27.4,
      5.0,
      6.7,
      5.7,
      5.0,
      33.7,
      32.7,
      6.4,
      107.0
    ],
    [
      1.6,
      3.4,
      2.4,
      2.8,
      3.4,
      2.1,
      1.9,
      7.7,
      0.0,
      8.3,
      0.95,
      2.3,
      4.3,
      1.9,
      2.3,
      1.0,
      3.5,
      1.9,
      1.4,
      1.3,
      0.75,
      19.8,
      1.7,
      11.3,
      21.0,
      2.9,
      3.5,
      8.4,
      39.6,
      30.5,
      1.7,
      3.7,
      3.3,
      42.7,
      7.3,
      5.9,
      32.0,
      7.5,
      5.7,
      52.6,
      1.9,
      3.8,
      1.1,
      4.0,
      2.0,
      0.7,
      2.0,
      2.4,
      4.3,
      2.5,
      16.9,
      30.3,
      2.8,
      9.6,
      2.0,
      2.4,
      34.0,
      33.0,
      1.2,
      112.0
    ],
    [
      6.8,
      9.7,
      6.9,
      10.8,
      9.8,
      7.3,
      7.0,
      13.1,
      8.3,
      0.0,
      7.2,
      7.6,
      5.9,
      9.2,
      7.6,
      6.8,
      9.6,
      6.4,
      7.7,
      7.1,
      6.9,
      23.9,
      6.3,
      15.1,
      25.1,
      7.7,
      9.7,
      9.3,
      38.0,
      28.9,
      8.0,
      7.9,
      5.7,
      41.6,
      0.35,
      7.5,
      32.2,
      11.3,
      12.8,
      58.7,
      6.5,
      10.5,
      6.7,
      4.5,
      6.6,
      7.2,
      7.9,
      7.3,
      8.5,
      8.6,
      15.3,
      28.6,
      8.3,
      13.4,
      7.4,
      7.3,
      40.1,
      39.2,
      8.8,
      116.0
    ],
    [
      1.3,
      2.9,
      2.1,
      3.3,
      2.9,
      1.8,
      1.0,
      8.3,
      0.95,
      7.2,
      0.0,
      1.6,
      4.3,
      2.7,
      1.6,
      0.75,
      3.4,
      1.0,
      1.1,
      1.0,
      0.21,
      19.7,
      0.95,
      9.7,
      20.9,
      1.3,
      3.4,
      7.5,
      38.0,
      28.9,
      1.4,
      2.2,
      2.6,
      42.6,
      6.5,
      6.4,
      30.4,
      5.9,
      5.5,
      52.5,
      1.1,
      4.3,
      0.8,
      3.5,
      1.0,
      0.9,
      1.7,
      1.7,
      2.8,
      1.7,
      15.2,
      28.6,
      1.5,
      8.0,
      1.3,
      1.7,
      33.9,
      32.9,
      1.2,
      110.0
    ],
    [
      1.6,
      0.75,
      1.7,
      0.65,
      2.1,
      0.55,
      1.3,
      5.3,
      2.3,
      7.6,
      1.6,
      0.0,
      5.4,
      2.3,
      0.007,
      2.2,
      4.6,
      0.8,
      0.85,
      2.4,
      1.4,
      20.9,
      1.8,
      9.0,
      22.1,
      0.29,
      4.6,
      6.9,
      37.3,
      28.2,
      3.0,
      0.6,
      3.1,
      43.8,
      7.2,
      7.6,
      29.7,
      5.2,
      4.8,
      52.8,
      0.75,
      4.5,
      2.2,
      4.3,
      0.75,
      1.8,
      0.6,
      0.6,
      2.2,
      0.75,
      14.6,
      28.0,
      0.5,
      7.3,
      0.6,
      0.23,
      34.2,
      33.2,
      1.8,
      110.0
    ],
    [
      4.1,
      6.5,
      4.7,
      6.8,
      7.0,
      4.6,
      4.4,
      10.3,
      4.3,
      5.9,
      4.3,
      5.4,
      0.0,
      6.1,
      6.0,
      3.7,
      6.5,
      4.2,
      5.2,
      3.9,
      4.2,
      18.7,
      4.1,
      12.9,
      19.9,
      5.3,
      6.5,
      10.2,
      40.7,
      31.6,
      6.1,
      5.8,
      3.9,
      39.7,
      4.7,
      1.9,
      33.1,
      9.1,
      9.0,
      56.6,
      4.2,
      8.3,
      3.6,
      3.8,
      4.4,
      4.0,
      5.7,
      5.7,
      6.3,
      6.4,
      18.0,
      31.3,
      6.1,
      11.2,
      5.8,
      5.7,
      37.9,
      36.9,
      5.3,
      114.0
    ],
    [
      3.3,
      1.0,
      4.1,
      0.95,
      2.2,
      3.8,
      3.6,
      5.7,
      1.9,
      9.2,
      2.7,
      2.3,
      6.1,
      0.0,
      1.7,
      2.7,
      5.2,
      2.3,
      0.7,
      3.0,
      1.7,
      21.5,
      2.3,
      9.2,
      22.7,
      0.9,
      5.2,
      7.1,
      37.5,
      28.4,
      3.6,
      1.8,
      3.4,
      44.4,
      9.0,
      7.6,
      29.9,
      5.4,
      3.8,
      51.3,
      2.3,
      3.1,
      2.8,
      5.7,
      2.1,
      2.4,
      1.2,
      1.8,
      2.4,
      0.65,
      14.8,
      28.1,
      0.85,
      7.5,
      1.9,
      1.4,
      32.7,
      31.7,
      1.4,
      110.0
    ],
    [
      1.6,
      0.7,
      1.6,
      0.6,
      2.0,
      0.55,
      1.2,
      5.3,
      2.3,
      7.6,
      1.6,
      0.007,
      6.0,
      1.7,
      0.0,
      2.2,
      4.6,
      1.9,
      0.6,
      2.4,
      1.4,
      20.9,
      1.8,
      9.0,
      22.1,
      0.24,
      4.6,
      6.9,
      37.3,
      28.2,
      3.0,
      0.55,
      3.1,
      43.8,
      7.2,
      7.6,
      29.7,
      5.2,
      4.8,
      52.8,
      0.75,
      4.5,
      2.2,
      4.3,
      0.75,
      1.8,
      0.55,
      0.65,
      2.2,
      0.7,
      14.6,
      28.0,
      0.45,
      7.3,
      0.65,
      1.0,
      34.2,
      33.2,
      1.8,
      110.0
    ],
    [
      0.95,
      2.8,
      1.7,
      3.6,
      4.7,
      1.4,
      1.2,
      8.0,
      1.0,
      6.8,
      0.75,
      2.2,
      3.7,
      2.7,
      2.2,
      0.0,
      2.8,
      1.2,
      2.0,
      0.23,
      0.95,
      19.1,
      1.1,
      10.6,
      20.3,
      2.1,
      2.8,
      7.8,
      39.0,
      29.8,
      0.7,
      3.5,
      2.6,
      42.0,
      6.6,
      5.2,
      31.3,
      6.8,
      6.7,
      51.9,
      1.3,
      3.7,
      0.5,
      3.3,
      1.4,
      1.0,
      2.5,
      2.1,
      4.0,
      2.6,
      16.2,
      29.6,
      2.3,
      9.0,
      2.1,
      2.1,
      33.3,
      32.3,
      2.1,
      111.0
    ],
    [
      3.7,
      5.2,
      4.5,
      6.0,
      5.2,
      4.2,
      4.0,
      9.6,
      3.5,
      9.6,
      3.4,
      4.6,
      6.5,
      5.2,
      4.6,
      2.8,
      0.0,
      4.3,
      4.7,
      3.1,
      3.8,
      20.9,
      4.2,
      13.7,
      22.1,
      4.8,
      0.011,
      10.9,
      42.0,
      32.9,
      2.6,
      6.5,
      5.7,
      45.1,
      9.7,
      7.6,
      34.4,
      9.9,
      7.1,
      50.7,
      4.3,
      2.5,
      3.5,
      6.4,
      4.5,
      3.5,
      6.0,
      5.2,
      6.4,
      5.3,
      19.3,
      32.7,
      5.5,
      12.1,
      4.8,
      5.2,
      32.1,
      31.1,
      4.8,
      114.0
    ],
    [
      0.18,
      2.3,
      0.6,
      3.0,
      2.8,
      0.5,
      0.009,
      6.1,
      1.9,
      6.4,
      1.0,
      0.8,
      4.2,
      2.3,
      1.9,
      1.2,
      4.3,
      0.0,
      1.7,
      1.4,
      1.1,
      20.3,
      0.19,
      9.1,
      21.5,
      1.4,
      4.0,
      6.2,
      37.4,
      28.3,
      2.4,
      1.6,
      1.7,
      42.8,
      6.0,
      6.0,
      29.8,
      5.3,
      4.8,
      53.1,
      0.15,
      4.8,
      0.85,
      3.0,
      0.24,
      1.5,
      1.6,
      0.45,
      2.2,
      1.9,
      14.7,
      28.1,
      1.6,
      7.4,
      0.35,
      0.8,
      34.5,
      33.5,
      1.8,
      110.0
    ],
    [
      1.5,
      0.85,
      2.3,
      0.75,
      1.2,
      1.1,
      1.7,
      5.5,
      1.4,
      7.7,
      1.1,
      0.85,
      5.2,
      0.7,
      0.6,
      2.0,
      4.7,
      1.7,
      0.0,
      2.1,
      1.0,
      20.6,
      1.7,
      8.9,
      21.8,
      0.6,
      4.3,
      6.7,
      37.2,
      28.1,
      2.7,
      1.5,
      2.6,
      43.6,
      7.1,
      7.3,
      29.6,
      5.1,
      4.7,
      53.4,
      1.9,
      4.2,
      2.0,
      4.1,
      1.3,
      1.6,
      0.55,
      1.5,
      2.1,
      0.7,
      14.5,
      27.8,
      0.5,
      7.2,
      1.1,
      0.75,
      34.8,
      33.8,
      1.0,
      110.0
    ],
    [
      1.2,
      3.0,
      2.0,
      3.8,
      4.9,
      1.7,
      1.4,
      8.2,
      1.3,
      7.1,
      1.0,
      2.4,
      3.9,
      3.0,
      2.4,
      0.23,
      3.1,
      1.4,
      2.1,
      0.0,
      1.0,
      19.0,
      1.2,
      10.8,
      20.3,
      2.0,
      2.7,
      7.9,
      39.1,
      30.0,
      0.65,
      3.6,
      2.8,
      42.2,
      6.8,
      5.4,
      31.5,
      7.0,
      6.9,
      51.8,
      1.4,
      3.6,
      0.65,
      3.5,
      1.5,
      1.2,
      2.4,
      2.2,
      4.2,
      2.5,
      16.4,
      29.8,
      2.3,
      9.1,
      2.1,
      2.4,
      33.2,
      32.2,
      2.0,
      111.0
    ],
    [
      1.0,
      2.0,
      1.7,
      2.4,
      2.0,
      1.4,
      1.0,
      6.2,
      0.75,
      6.9,
      0.21,
      1.4,
      4.2,
      1.7,
      1.4,
      0.95,
      3.8,
      1.1,
      1.0,
      1.0,
      0.0,
      19.7,
      0.95,
      9.7,
      20.9,
      1.3,
      3.4,
      8.3,
      38.0,
      28.9,
      1.8,
      2.2,
      2.6,
      42.6,
      6.5,
      6.4,
      30.4,
      5.9,
      5.4,
      52.5,
      1.1,
      4.2,
      0.75,
      3.9,
      1.0,
      0.85,
      1.0,
      1.7,
      2.8,
      1.7,
      15.2,
      28.6,
      1.5,
      8.0,
      1.2,
      1.7,
      33.9,
      32.9,
      1.1,
      110.0
    ],
    [
      20.0,
      21.5,
      20.8,
      22.3,
      21.5,
      20.5,
      20.3,
      25.6,
      19.8,
      23.9,
      19.7,
      20.9,
      18.7,
      21.5,
      20.9,
      19.1,
      20.9,
      20.3,
      20.6,
      19.0,
      19.7,
      0.0,
      16.7,
      26.3,
      17.0,
      17.4,
      17.5,
      23.4,
      54.6,
      45.5,
      15.2,
      18.3,
      18.2,
      44.9,
      19.0,
      13.8,
      47.0,
      22.5,
      21.5,
      57.3,
      16.9,
      17.4,
      16.0,
      19.0,
      17.0,
      16.0,
      17.7,
      17.7,
      18.9,
      17.8,
      31.9,
      45.2,
      17.6,
      24.6,
      17.4,
      17.8,
      47.2,
      46.1,
      17.3,
      127.0
    ],
    [
      0.12,
      2.4,
      0.65,
      3.3,
      2.8,
      0.6,
      0.14,
      6.1,
      1.7,
      6.3,
      0.95,
      1.8,
      4.1,
      2.3,
      1.8,
      1.1,
      4.2,
      0.19,
      1.7,
      1.2,
      0.95,
      16.7,
      0.0,
      9.1,
      21.4,
      1.6,
      3.9,
      6.3,
      37.4,
      28.3,
      2.2,
      1.6,
      0.95,
      42.6,
      5.9,
      5.8,
      29.8,
      5.3,
      4.8,
      53.0,
      0.26,
      4.7,
      0.75,
      2.9,
      0.17,
      1.4,
      1.7,
      0.45,
      2.2,
      2.1,
      14.7,
      28.1,
      1.8,
      7.5,
      0.35,
      1.1,
      34.4,
      33.3,
      1.7,
      110.0
    ],
    [
      9.5,
      8.6,
      9.5,
      9.9,
      7.7,
      9.2,
      9.1,
      8.4,
      11.3,
      15.1,
      9.7,
      9.0,
      12.9,
      9.2,
      9.0,
      10.6,
      13.7,
      9.1,
      8.9,
      10.8,
      9.7,
      26.3,
      9.1,
      0.0,
      30.9,
      8.4,
      13.4,
      8.0,
      34.5,
      25.4,
      11.8,
      8.0,
      9.7,
      51.3,
      15.3,
      14.5,
      26.9,
      4.8,
      7.5,
      67.4,
      9.5,
      12.1,
      10.5,
      11.5,
      8.8,
      10.9,
      9.0,
      8.5,
      7.0,
      8.6,
      11.7,
      25.1,
      8.4,
      2.4,
      8.6,
      8.4,
      48.8,
      47.7,
      9.9,
      102.0
    ],
    [
      21.3,
      22.7,
      22.1,
      23.5,
      22.8,
      21.8,
      21.5,
      26.8,
      21.0,
      25.1,
      20.9,
      22.1,
      19.9,
      22.7,
      22.1,
      20.3,
      22.1,
      21.5,
      21.8,
      20.3,
      20.9,
      17.0,
      21.4,
      30.9,
      0.0,
      22.0,
      22.1,
      28.0,
      59.2,
      50.1,
      19.8,
      22.9,
      22.9,
      47.0,
      23.6,
      18.4,
      55.4,
      27.1,
      26.2,
      44.2,
      21.5,
      22.0,
      20.7,
      23.7,
      21.6,
      20.7,
      22.4,
      22.3,
      23.5,
      22.4,
      36.5,
      49.8,
      22.2,
      29.2,
      22.0,
      22.4,
      34.0,
      33.0,
      21.9,
      132.0
    ],
    [
      1.5,
      0.5,
      1.8,
      0.4,
      0.75,
      1.6,
      1.4,
      5.0,
      2.9,
      7.7,
      1.3,
      0.29,
      5.3,
      0.9,
      0.24,
      2.1,
      4.8,
      1.4,
      0.6,
      2.0,
      1.3,
      17.4,
      1.6,
      8.4,
      22.0,
      0.0,
      4.5,
      6.2,
      36.7,
      27.6,
      2.9,
      0.65,
      2.5,
      44.2,
      7.1,
      7.5,
      29.1,
      4.6,
      4.2,
      52.2,
      1.4,
      3.9,
      2.0,
      4.1,
      1.2,
      1.7,
      0.6,
      0.9,
      1.6,
      0.45,
      14.0,
      27.3,
      0.2,
      6.7,
      1.0,
      0.5,
      33.6,
      32.5,
      2.3,
      109.0
    ],
    [
      3.7,
      5.2,
      4.6,
      6.0,
      5.2,
      4.3,
      4.0,
      9.6,
      3.5,
      9.7,
      3.4,
      4.6,
      6.5,
      5.2,
      4.6,
      2.8,
      0.011,
      4.0,
      4.3,
      2.7,
      3.4,
      17.5,
      3.9,
      13.4,
      22.1,
      4.5,
      0.0,
      10.9,
      42.1,
      32.9,
      2.6,
      6.5,
      5.7,
      45.1,
      9.7,
      7.6,
      34.4,
      9.9,
      7.1,
      50.8,
      4.4,
      2.5,
      3.5,
      6.4,
      4.5,
      3.5,
      6.0,
      5.2,
      6.4,
      5.3,
      19.3,
      32.7,
      5.5,
      12.1,
      4.9,
      5.2,
      32.2,
      31.1,
      4.8,
      114.0
    ],
    [
      6.6,
      6.4,
      6.6,
      7.8,
      8.2,
      6.3,
      6.2,
      7.8,
      8.4,
      9.3,
      7.5,
      6.9,
      10.2,
      7.1,
      6.9,
      7.8,
      10.9,
      6.2,
      6.7,
      7.9,
      8.3,
      23.4,
      6.3,
      8.0,
      28.0,
      6.2,
      10.9,
      0.0,
      32.9,
      23.8,
      8.6,
      4.9,
      6.6,
      48.7,
      8.3,
      11.8,
      25.3,
      5.7,
      5.7,
      54.9,
      6.4,
      8.6,
      7.3,
      8.8,
      5.6,
      7.8,
      5.9,
      5.3,
      3.9,
      6.4,
      10.2,
      23.5,
      5.3,
      5.5,
      5.4,
      5.3,
      36.3,
      35.3,
      6.7,
      108.0
    ],
    [
      37.8,
      36.9,
      37.8,
      38.2,
      36.0,
      37.5,
      37.4,
      36.8,
      39.6,
      38.0,
      38.0,
      37.3,
      40.7,
      37.5,
      37.3,
      39.0,
      42.0,
      37.4,
      37.2,
      39.1,
      38.0,
      54.6,
      37.4,
      34.5,
      59.2,
      36.7,
      42.1,
      32.9,
      0.0,
      10.5,
      40.5,
      36.7,
      38.4,
      59.2,
      38.8,
      42.4,
      18.0,
      33.5,
      36.2,
      86.4,
      38.2,
      40.8,
      39.2,
      39.4,
      37.5,
      39.6,
      37.7,
      37.2,
      35.7,
      37.3,
      22.7,
      10.2,
      37.1,
      33.3,
      37.3,
      37.1,
      67.8,
      66.8,
      38.6,
      133.0
    ],
    [
      28.7,
      27.8,
      28.7,
      29.1,
      26.9,
      28.4,
      28.3,
      27.7,
      30.5,
      28.9,
      28.9,
      28.2,
      31.6,
      28.4,
      28.2,
      29.8,
      32.9,
      28.3,
      28.1,
      30.0,
      28.9,
      45.5,
      28.3,
      25.4,
      50.1,
      27.6,
      32.9,
      23.8,
      10.5,
      0.0,
      31.3,
      27.6,
      29.3,
      50.1,
      29.7,
      33.3,
      2.0,
      24.4,
      27.1,
      77.3,
      29.1,
      31.7,
      30.1,
      30.3,
      28.4,
      30.5,
      28.6,
      28.1,
      26.6,
      28.2,
      13.6,
      0.29,
      28.0,
      24.2,
      28.2,
      28.0,
      58.7,
      57.7,
      29.5,
      124.0
    ],
    [
      2.1,
      3.6,
      2.9,
      4.4,
      3.6,
      2.6,
      2.4,
      9.2,
      1.7,
      8.0,
      1.4,
      3.0,
      6.1,
      3.6,
      3.0,
      0.7,
      2.6,
      2.4,
      2.7,
      0.65,
      1.8,
      15.2,
      2.2,
      11.8,
      19.8,
      2.9,
      2.6,
      8.6,
      40.5,
      31.3,
      0.0,
      3.8,
      3.7,
      43.1,
      7.7,
      5.3,
      32.5,
      8.0,
      7.0,
      51.3,
      2.4,
      3.1,
      1.5,
      4.4,
      2.5,
      1.7,
      3.2,
      3.2,
      4.4,
      3.3,
      17.3,
      30.7,
      3.0,
      10.1,
      2.9,
      3.2,
      32.7,
      31.7,
      2.3,
      112.0
    ],
    [
      2.0,
      1.4,
      2.0,
      1.0,
      1.9,
      0.4,
      0.9,
      5.1,
      3.7,
      7.9,
      2.2,
      0.6,
      5.8,
      1.8,
      0.55,
      3.5,
      6.5,
      1.6,
      1.5,
      3.6,
      2.2,
      18.3,
      1.6,
      8.0,
      22.9,
      0.65,
      6.5,
      4.9,
      36.7,
      27.6,
      3.8,
      0.0,
      2.1,
      43.8,
      7.3,
      7.0,
      29.5,
      5.0,
      4.2,
      52.8,
      0.85,
      4.5,
      1.9,
      3.7,
      0.8,
      2.2,
      1.2,
      0.5,
      1.5,
      1.1,
      14.3,
      27.7,
      0.8,
      7.1,
      0.65,
      0.5,
      34.2,
      33.2,
      2.2,
      109.0
    ],
    [
      1.0,
      3.3,
      0.8,
      4.1,
      3.8,
      1.7,
      1.0,
      7.1,
      3.3,
      5.7,
      2.6,
      3.1,
      3.9,
      3.4,
      3.1,
      2.6,
      5.7,
      1.7,
      2.6,
      2.8,
      2.6,
      18.2,
      0.95,
      9.7,
      22.9,
      2.5,
      5.7,
      6.6,
      38.4,
      29.3,
      3.7,
      2.1,
      0.0,
      42.3,
      5.1,
      5.5,
      30.3,
      5.8,
      5.7,
      53.5,
      1.1,
      5.2,
      1.0,
      2.2,
      1.3,
      1.9,
      2.7,
      2.0,
      3.0,
      3.1,
      15.2,
      28.5,
      2.8,
      7.9,
      2.1,
      2.1,
      34.9,
      33.9,
      2.6,
      110.0
    ],
    [
      42.5,
      44.9,
      43.0,
      45.2,
      45.4,
      43.0,
      42.8,
      48.7,
      42.7,
      41.6,
      42.6,
      43.8,
      39.7,
      44.4,
      43.8,
      42.0,
      45.1,
      42.8,
      43.6,
      42.2,
      42.6,
      44.9,
      42.6,
      51.3,
      47.0,
      44.2,
      45.1,
      48.7,
      59.2,
      50.1,
      43.1,
      43.8,
      42.3,
      0.0,
      41.9,
      41.4,
      49.8,
      48.2,
      48.1,
      95.3,
      43.3,
      47.1,
      42.7,
      41.7,
      43.4,
      43.1,
      44.8,
      44.8,
      45.4,
      45.5,
      55.9,
      50.2,
      45.2,
      50.3,
      44.9,
      44.7,
      76.7,
      75.7,
      44.4,
      153.0
    ],
    [
      5.7,
      8.7,
      5.9,
      9.8,
      8.8,
      6.2,
      6.0,
      12.1,
      7.3,
      0.35,
      6.5,
      7.2,
      4.7,
      9.0,
      7.2,
      6.6,
      9.7,
      6.0,
      7.1,
      6.8,
      6.5,
      19.0,
      5.9,
      15.3,
      23.6,
      7.1,
      9.7,
      8.3,
      38.8,
      29.7,
      7.7,
      7.3,
      5.1,
      41.9,
      0.0,
      6.5,
      31.1,
      10.3,
      10.1,
      58.1,
      5.5,
      9.8,
      6.1,
      3.5,
      5.6,
      6.5,
      7.6,
      6.5,
      7.5,
      7.6,
      14.3,
      27.6,
      7.2,
      12.4,
      6.6,
      6.6,
      39.5,
      38.5,
      7.8,
      115.0
    ],
    [
      5.7,
      8.2,
      6.2,
      8.4,
      8.6,
      6.2,
      6.0,
      11.9,
      5.9,
      7.5,
      6.4,
      7.6,
      1.9,
      7.6,
      7.6,
      5.2,
      7.6,
      6.0,
      7.3,
      5.4,
      6.4,
      13.8,
      5.8,
      14.5,
      18.4,
      7.5,
      7.6,
      11.8,
      42.4,
      33.3,
      5.3,
      7.0,
      5.5,
      41.4,
      6.5,
      0.0,
      36.1,
      11.6,
      10.6,
      54.7,
      6.0,
      6.4,
      5.1,
      5.3,
      6.1,
      5.1,
      6.8,
      6.8,
      8.0,
      6.9,
      20.9,
      34.3,
      6.6,
      13.7,
      6.5,
      6.8,
      36.1,
      35.1,
      6.4,
      116.0
    ],
    [
      30.2,
      29.3,
      30.2,
      30.6,
      28.4,
      29.9,
      29.8,
      29.2,
      32.0,
      32.2,
      30.4,
      29.7,
      33.1,
      29.9,
      29.7,
      31.3,
      34.4,
      29.8,
      29.6,
      31.5,
      30.4,
      47.0,
      29.8,
      26.9,
      55.4,
      29.1,
      34.4,
      25.3,
      18.0,
      2.0,
      32.5,
      29.5,
      30.3,
      49.8,
      31.1,
      36.1,
      0.0,
      25.9,
      28.6,
      78.8,
      30.6,
      33.2,
      31.6,
      31.8,
      29.9,
      32.0,
      30.1,
      29.6,
      28.1,
      29.7,
      15.1,
      8.7,
      29.5,
      25.7,
      29.7,
      29.5,
      60.2,
      59.2,
      31.0,
      126.0
    ],
    [
      5.7,
      4.8,
      5.7,
      6.1,
      3.9,
      5.4,
      5.3,
      5.8,
      7.5,
      11.3,
      5.9,
      5.2,
      9.1,
      5.4,
      5.2,
      6.8,
      9.9,
      5.3,
      5.1,
      7.0,
      5.9,
      22.5,
      5.3,
      4.8,
      27.1,
      4.6,
      9.9,
      5.7,
      33.5,
      24.4,
      8.0,
      5.0,
      5.8,
      48.2,
      10.3,
      11.6,
      25.9,
      0.0,
      5.5,
      55.8,
      7.5,
      10.1,
      8.5,
      9.6,
      6.8,
      9.0,
      7.1,
      6.5,
      5.1,
      6.7,
      9.6,
      23.0,
      6.4,
      2.4,
      6.6,
      6.5,
      37.2,
      36.1,
      7.9,
      105.0
    ],
    [
      5.2,
      4.4,
      5.2,
      4.5,
      3.5,
      4.9,
      4.8,
      0.45,
      5.7,
      12.8,
      5.5,
      4.8,
      9.0,
      3.8,
      4.8,
      6.7,
      7.1,
      4.8,
      4.7,
      6.9,
      5.4,
      21.5,
      4.8,
      7.5,
      26.2,
      4.2,
      7.1,
      5.7,
      36.2,
      27.1,
      7.0,
      4.2,
      5.7,
      48.1,
      10.1,
      10.6,
      28.6,
      5.5,
      0.0,
      52.9,
      5.8,
      6.6,
      6.8,
      8.3,
      4.8,
      7.2,
      4.5,
      4.5,
      2.2,
      4.1,
      12.6,
      26.0,
      3.9,
      5.4,
      4.6,
      3.9,
      34.3,
      33.3,
      5.3,
      107.0
    ],
    [
      52.8,
      52.6,
      53.6,
      52.0,
      52.7,
      53.3,
      53.1,
      52.3,
      52.6,
      58.7,
      52.5,
      52.8,
      56.6,
      51.3,
      52.8,
      51.9,
      50.7,
      53.1,
      53.4,
      51.8,
      52.5,
      57.3,
      53.0,
      67.4,
      44.2,
      52.2,
      50.8,
      54.9,
      86.4,
      77.3,
      51.3,
      52.8,
      53.5,
      95.3,
      58.1,
      54.7,
      78.8,
      55.8,
      52.9,
      0.0,
      54.6,
      48.3,
      53.7,
      56.6,
      52.7,
      52.6,
      51.9,
      52.4,
      52.3,
      51.4,
      63.2,
      76.5,
      51.4,
      57.2,
      52.5,
      51.9,
      22.2,
      26.8,
      51.6,
      144.0
    ],
    [
      0.29,
      2.3,
      0.55,
      3.0,
      2.8,
      0.45,
      0.19,
      6.9,
      1.9,
      6.5,
      1.1,
      0.75,
      4.2,
      2.3,
      0.75,
      1.3,
      4.3,
      0.15,
      1.9,
      1.4,
      1.1,
      16.9,
      0.26,
      9.5,
      21.5,
      1.4,
      4.4,
      6.4,
      38.2,
      29.1,
      2.4,
      0.85,
      1.1,
      43.3,
      5.5,
      6.0,
      30.6,
      7.5,
      5.8,
      54.6,
      0.0,
      4.8,
      0.95,
      3.0,
      0.1,
      1.5,
      1.4,
      0.3,
      2.8,
      1.7,
      15.2,
      28.6,
      1.5,
      8.0,
      0.23,
      0.65,
      34.4,
      33.4,
      1.8,
      110.0
    ],
    [
      4.6,
      4.4,
      5.4,
      3.7,
      4.4,
      5.1,
      4.8,
      5.9,
      3.8,
      10.5,
      4.3,
      4.5,
      8.3,
      3.1,
      4.5,
      3.7,
      2.5,
      4.8,
      4.2,
      3.6,
      4.2,
      17.4,
      4.7,
      12.1,
      22.0,
      3.9,
      2.5,
      8.6,
      40.8,
      31.7,
      3.1,
      4.5,
      5.2,
      47.1,
      9.8,
      6.4,
      33.2,
      10.1,
      6.6,
      48.3,
      4.8,
      0.0,
      5.6,
      8.5,
      5.1,
      5.6,
      4.3,
      4.8,
      5.4,
      3.8,
      17.8,
      31.1,
      3.8,
      10.5,
      4.9,
      4.4,
      29.8,
      28.8,
      3.8,
      111.0
    ],
    [
      1.0,
      2.8,
      2.2,
      3.6,
      4.6,
      1.5,
      0.85,
      7.9,
      1.1,
      6.7,
      0.8,
      2.2,
      3.6,
      2.8,
      2.2,
      0.5,
      3.5,
      0.85,
      2.0,
      0.65,
      0.75,
      16.0,
      0.75,
      10.5,
      20.7,
      2.0,
      3.5,
      7.3,
      39.2,
      30.1,
      1.5,
      1.9,
      1.0,
      42.7,
      6.1,
      5.1,
      31.6,
      8.5,
      6.8,
      53.7,
      0.95,
      5.6,
      0.0,
      3.2,
      0.85,
      1.1,
      2.3,
      1.7,
      3.0,
      2.4,
      15.5,
      28.8,
      2.1,
      8.2,
      1.8,
      1.8,
      34.1,
      33.1,
      1.9,
      111.0
    ],
    [
      2.8,
      5.2,
      2.9,
      6.5,
      5.6,
      3.3,
      3.0,
      9.4,
      4.0,
      4.5,
      3.5,
      4.3,
      3.8,
      5.7,
      4.3,
      3.3,
      6.4,
      3.0,
      4.1,
      3.5,
      3.9,
      19.0,
      2.9,
      11.5,
      23.7,
      4.1,
      6.4,
      8.8,
      39.4,
      30.3,
      4.4,
      3.7,
      2.2,
      41.7,
      3.5,
      5.3,
      31.8,
      9.6,
      8.3,
      56.6,
      3.0,
      8.5,
      3.2,
      0.0,
      3.1,
      3.8,
      4.4,
      3.8,
      5.4,
      4.7,
      16.5,
      29.9,
      4.8,
      9.9,
      3.9,
      3.8,
      36.7,
      35.7,
      5.1,
      112.0
    ],
    [
      0.28,
      2.1,
      0.65,
      2.8,
      2.6,
      0.4,
      0.085,
      5.9,
      2.0,
      6.6,
      1.0,
      0.75,
      4.4,
      2.1,
      0.75,
      1.4,
      4.5,
      0.24,
      1.3,
      1.5,
      1.0,
      17.0,
      0.17,
      8.8,
      21.6,
      1.2,
      4.5,
      5.6,
      37.5,
      28.4,
      2.5,
      0.8,
      1.3,
      43.4,
      5.6,
      6.1,
      29.9,
      6.8,
      4.8,
      52.7,
      0.1,
      5.1,
      0.85,
      3.1,
      0.0,
      1.4,
      2.1,
      0.29,
      2.7,
      2.0,
      15.2,
      28.5,
      1.8,
      7.9,
      0.2,
      0.65,
      34.3,
      33.3,
      1.7,
      110.0
    ],
    [
      1.3,
      2.4,
      2.1,
      3.2,
      2.5,
      1.8,
      1.5,
      8.3,
      0.7,
      7.2,
      0.9,
      1.8,
      4.0,
      2.4,
      1.8,
      1.0,
      3.5,
      1.5,
      1.6,
      1.2,
      0.85,
      16.0,
      1.4,
      10.9,
      20.7,
      1.7,
      3.5,
      7.8,
      39.6,
      30.5,
      1.7,
      2.2,
      1.9,
      43.1,
      6.5,
      5.1,
      32.0,
      9.0,
      7.2,
      52.6,
      1.5,
      5.6,
      1.1,
      3.8,
      1.4,
      0.0,
      2.3,
      2.8,
      3.5,
      2.4,
      16.8,
      30.2,
      2.2,
      9.6,
      2.0,
      2.3,
      33.4,
      32.4,
      1.6,
      112.0
    ],
    [
      2.0,
      1.0,
      2.0,
      0.9,
      1.4,
      1.0,
      1.6,
      5.6,
      2.0,
      7.9,
      1.7,
      0.6,
      5.7,
      1.2,
      0.55,
      2.5,
      6.0,
      1.6,
      0.55,
      2.4,
      1.0,
      17.7,
      1.7,
      9.0,
      22.4,
      0.6,
      6.0,
      5.9,
      37.7,
      28.6,
      3.2,
      1.2,
      2.7,
      44.8,
      7.6,
      6.8,
      30.1,
      7.1,
      4.5,
      51.9,
      1.4,
      4.3,
      2.3,
      4.4,
      2.1,
      2.3,
      0.0,
      0.9,
      2.4,
      1.3,
      14.9,
      28.2,
      0.65,
      7.6,
      0.9,
      0.7,
      34.8,
      33.8,
      1.3,
      110.0
    ],
    [
      0.55,
      1.8,
      0.85,
      2.5,
      2.3,
      0.13,
      0.4,
      5.6,
      2.4,
      7.3,
      1.7,
      0.6,
      5.7,
      1.8,
      0.65,
      2.1,
      5.2,
      0.45,
      1.5,
      2.2,
      1.7,
      17.7,
      0.45,
      8.5,
      22.3,
      0.9,
      5.2,
      5.3,
      37.2,
      28.1,
      3.2,
      0.5,
      2.0,
      44.8,
      6.5,
      6.8,
      29.6,
      6.5,
      4.5,
      52.4,
      0.3,
      4.8,
      1.7,
      3.8,
      0.29,
      2.8,
      0.9,
      0.0,
      2.1,
      1.9,
      14.6,
      28.0,
      1.7,
      7.4,
      0.13,
      1.0,
      34.6,
      33.6,
      2.0,
      110.0
    ],
    [
      2.6,
      1.7,
      2.6,
      3.1,
      1.1,
      2.2,
      2.2,
      4.1,
      4.3,
      8.5,
      2.8,
      2.2,
      6.3,
      2.4,
      2.2,
      4.0,
      6.4,
      2.2,
      2.1,
      4.2,
      2.8,
      18.9,
      2.2,
      7.0,
      23.5,
      1.6,
      6.4,
      3.9,
      35.7,
      26.6,
      4.4,
      1.5,
      3.0,
      45.4,
      7.5,
      8.0,
      28.1,
      5.1,
      2.2,
      52.3,
      2.8,
      5.4,
      3.0,
      5.4,
      2.7,
      3.5,
      2.4,
      2.1,
      0.0,
      1.9,
      12.5,
      25.8,
      1.6,
      5.2,
      1.8,
      1.6,
      34.2,
      33.2,
      3.1,
      108.0
    ],
    [
      1.9,
      0.95,
      2.3,
      0.4,
      1.0,
      2.0,
      1.9,
      5.2,
      2.5,
      8.6,
      1.7,
      0.75,
      6.4,
      0.65,
      0.7,
      2.6,
      5.3,
      1.9,
      0.7,
      2.5,
      1.7,
      17.8,
      2.1,
      8.6,
      22.4,
      0.45,
      5.3,
      6.4,
      37.3,
      28.2,
      3.3,
      1.1,
      3.1,
      45.5,
      7.6,
      6.9,
      29.7,
      6.7,
      4.1,
      51.4,
      1.7,
      3.8,
      2.4,
      4.7,
      2.0,
      2.4,
      1.3,
      1.9,
      1.9,
      0.0,
      15.3,
      28.6,
      0.3,
      8.0,
      2.4,
      0.9,
      33.2,
      32.2,
      1.9,
      110.0
    ],
    [
      15.1,
      14.1,
      15.1,
      15.5,
      13.3,
      14.8,
      14.7,
      14.1,
      16.9,
      15.3,
      15.2,
      14.6,
      18.0,
      14.8,
      14.6,
      16.2,
      19.3,
      14.7,
      14.5,
      16.4,
      15.2,
      31.9,
      14.7,
      11.7,
      36.5,
      14.0,
      19.3,
      10.2,
      22.7,
      13.6,
      17.3,
      14.3,
      15.2,
      55.9,
      14.3,
      20.9,
      15.1,
      9.6,
      12.6,
      63.2,
      15.2,
      17.8,
      15.5,
      16.5,
      15.2,
      16.8,
      14.9,
      14.6,
      12.5,
      15.3,
      0.0,
      13.4,
      14.4,
      10.6,
      14.5,
      14.4,
      45.1,
      44.1,
      15.8,
      111.0
    ],
    [
      28.4,
      27.5,
      28.4,
      28.8,
      26.6,
      28.1,
      28.1,
      27.4,
      30.3,
      28.6,
      28.6,
      28.0,
      31.3,
      28.1,
      28.0,
      29.6,
      32.7,
      28.1,
      27.8,
      29.8,
      28.6,
      45.2,
      28.1,
      25.1,
      49.8,
      27.3,
      32.7,
      23.5,
      10.2,
      0.29,
      30.7,
      27.7,
      28.5,
      50.2,
      27.6,
      34.3,
      8.7,
      23.0,
      26.0,
      76.5,
      28.6,
      31.1,
      28.8,
      29.9,
      28.5,
      30.2,
      28.2,
      28.0,
      25.8,
      28.6,
      13.4,
      0.0,
      27.7,
      23.9,
      27.9,
      27.8,
      58.5,
      57.4,
      29.2,
      124.0
    ],
    [
      1.7,
      0.35,
      2.0,
      0.27,
      0.75,
      1.0,
      1.6,
      5.0,
      2.8,
      8.3,
      1.5,
      0.5,
      6.1,
      0.85,
      0.45,
      2.3,
      5.5,
      1.6,
      0.5,
      2.3,
      1.5,
      17.6,
      1.8,
      8.4,
      22.2,
      0.2,
      5.5,
      5.3,
      37.1,
      28.0,
      3.0,
      0.8,
      2.8,
      45.2,
      7.2,
      6.6,
      29.5,
      6.4,
      3.9,
      51.4,
      1.5,
      3.8,
      2.1,
      4.8,
      1.8,
      2.2,
      0.65,
      1.7,
      1.6,
      0.3,
      14.4,
      27.7,
      0.0,
      6.7,
      1.2,
      0.65,
      33.4,
      32.4,
      1.5,
      109.0
    ],
    [
      7.8,
      6.9,
      7.8,
      8.2,
      6.0,
      7.5,
      7.4,
      6.7,
      9.6,
      13.4,
      8.0,
      7.3,
      11.2,
      7.5,
      7.3,
      9.0,
      12.1,
      7.4,
      7.2,
      9.1,
      8.0,
      24.6,
      7.5,
      2.4,
      29.2,
      6.7,
      12.1,
      5.5,
      33.3,
      24.2,
      10.1,
      7.1,
      7.9,
      50.3,
      12.4,
      13.7,
      25.7,
      2.4,
      5.4,
      57.2,
      8.0,
      10.5,
      8.2,
      9.9,
      7.9,
      9.6,
      7.6,
      7.4,
      5.2,
      8.0,
      10.6,
      23.9,
      6.7,
      0.0,
      6.9,
      6.7,
      39.5,
      38.5,
      8.2,
      103.0
    ],
    [
      0.5,
      1.9,
      0.7,
      2.6,
      2.4,
      0.26,
      0.29,
      5.7,
      2.0,
      7.4,
      1.3,
      0.6,
      5.8,
      1.9,
      0.65,
      2.1,
      4.8,
      0.35,
      1.1,
      2.1,
      1.2,
      17.4,
      0.35,
      8.6,
      22.0,
      1.0,
      4.9,
      5.4,
      37.3,
      28.2,
      2.9,
      0.65,
      2.1,
      44.9,
      6.6,
      6.5,
      29.7,
      6.6,
      4.6,
      52.5,
      0.23,
      4.9,
      1.8,
      3.9,
      0.2,
      2.0,
      0.9,
      0.13,
      1.8,
      2.4,
      14.5,
      27.9,
      1.2,
      6.9,
      0.0,
      0.9,
      34.5,
      33.5,
      1.9,
      110.0
    ],
    [
      0.9,
      0.95,
      1.4,
      0.85,
      1.7,
      0.4,
      0.7,
      5.0,
      2.4,
      7.3,
      1.7,
      0.23,
      5.7,
      1.4,
      1.0,
      2.1,
      5.2,
      0.8,
      0.75,
      2.4,
      1.7,
      17.8,
      1.1,
      8.4,
      22.4,
      0.5,
      5.2,
      5.3,
      37.1,
      28.0,
      3.2,
      0.5,
      2.1,
      44.7,
      6.6,
      6.8,
      29.5,
      6.5,
      3.9,
      51.9,
      0.65,
      4.4,
      1.8,
      3.8,
      0.65,
      2.3,
      0.7,
      1.0,
      1.6,
      0.9,
      14.4,
      27.8,
      0.65,
      6.7,
      0.9,
      0.0,
      34.2,
      33.1,
      1.8,
      109.0
    ],
    [
      34.2,
      34.0,
      35.0,
      33.4,
      34.1,
      34.7,
      34.5,
      33.7,
      34.0,
      40.1,
      33.9,
      34.2,
      37.9,
      32.7,
      34.2,
      33.3,
      32.1,
      34.5,
      34.8,
      33.2,
      33.9,
      47.2,
      34.4,
      48.8,
      34.0,
      33.6,
      32.2,
      36.3,
      67.8,
      58.7,
      32.7,
      34.2,
      34.9,
      76.7,
      39.5,
      36.1,
      60.2,
      37.2,
      34.3,
      22.2,
      34.4,
      29.8,
      34.1,
      36.7,
      34.3,
      33.4,
      34.8,
      34.6,
      34.2,
      33.2,
      45.1,
      58.5,
      33.4,
      39.5,
      34.5,
      34.2,
      0.0,
      4.6,
      33.0,
      122.0
    ],
    [
      33.2,
      33.0,
      34.0,
      32.4,
      33.2,
      33.7,
      33.5,
      32.7,
      33.0,
      39.2,
      32.9,
      33.2,
      36.9,
      31.7,
      33.2,
