{
  "drive_dist_matrix": [
    [
      0.0,
      13.0,
      5.7,
      4.0,
      0.35,
      3.6,
      2.1,
      1.1,
      5.1,
      3.6,
      11.6,
      13.6,
      0.35,
      5.3,
      1.3,
      0.3,
      13.0,
      0.14,
      8.0,
      3.4,
      0.4,
      5.9,
      4.5,
      6.1,
      2.8,
      4.5,
      5.5,
      0.27,
      31.8,
      2.5,
      5.0,
      0.22,
      2.1,
      32.5,
      7.2,
      0.4,
      6.3,
      5.2,
      0.26,
      8.1,
      5.5,
      4.0,
      2.7,
      7.2,
      4.0,
      5.0,
      8.2,
      13.0,
      4.6,
      42.5
    ],
    [
      13.0,
      0.0,
      13.5,
      11.3,
      12.1,
      14.9,
      13.0,
      10.6,
      10.4,
      14.9,
      2.2,
      3.3,
      12.2,
      16.6,
      10.7,
      12.2,
      0.11,
      12.4,
      10.1,
      14.7,
      12.1,
      13.7,
      8.8,
      6.5,
      7.4,
      15.7,
      16.8,
      12.2,
      21.5,
      11.4,
      16.3,
      12.3,
      13.4,
      22.2,
      9.3,
      12.2,
      8.0,
      16.5,
      12.2,
      5.7,
      13.2,
      15.2,
      14.0,
      15.6,
      15.2,
      16.3,
      7.5,
      1.2,
      11.7,
      32.2
    ],
    [
      5.7,
      13.5,
      0.0,
      2.4,
      5.3,
      6.7,
      6.6,
      4.1,
      3.6,
      8.1,
      12.1,
      14.1,
      5.4,
      9.8,
      3.9,
      5.4,
      13.5,
      5.6,
      6.4,
      6.7,
      5.3,
      0.1,
      4.5,
      6.1,
      4.8,
      8.9,
      10.0,
      5.4,
      32.2,
      7.6,
      9.5,
      5.5,
      6.5,
      33.0,
      5.6,
      5.4,
      6.2,
      9.7,
      5.4,
      8.6,
      0.6,
      8.4,
      7.2,
      12.3,
      8.4,
      9.5,
      9.1,
      13.5,
      3.0,
      43.0
    ],
    [
      4.0,
      11.3,
      2.4,
      0.0,
      3.8,
      6.5,
      4.7,
      2.6,
      1.4,
      6.6,
      9.9,
      11.9,
      3.8,
      8.2,
      2.4,
      3.9,
      11.3,
      4.1,
      4.3,
      6.4,
      3.7,
      2.6,
      2.8,
      4.4,
      3.3,
      7.4,
      8.5,
      3.9,
      30.1,
      6.1,
      8.0,
      3.9,
      5.0,
      30.8,
      3.5,
      3.9,
      5.2,
      8.2,
      3.9,
      6.4,
      2.2,
      6.9,
      5.7,
      10.7,
      6.9,
      8.0,
      6.9,
      11.3,
      0.85,
      40.9
    ],
    [
      0.35,
      12.1,
      5.3,
      3.8,
      0.0,
      5.5,
      4.0,
      1.4,
      4.0,
      5.5,
      10.5,
      12.4,
      0.0,
      7.2,
      1.6,
      0.3,
      11.9,
      0.25,
      6.9,
      5.3,
      0.2,
      4.8,
      3.4,
      5.0,
      3.8,
      6.4,
      7.4,
      0.065,
      30.6,
      3.4,
      6.9,
      0.17,
      4.0,
      31.3,
      6.1,
      0.17,
      5.1,
      7.2,
      0.074,
      7.0,
      4.3,
      5.9,
      4.6,
      8.8,
      5.9,
      7.0,
      7.5,
      11.9,
      3.5,
      41.4
    ],
    [
      3.6,
      14.9,
      6.7,
      6.5,
      5.5,
      0.0,
      0.24,
      6.2,
      9.9,
      0.9,
      14.0,
      15.4,
      5.9,
      2.5,
      6.4,
      5.2,
      14.8,
      6.1,
      12.8,
      0.11,
      5.8,
      6.8,
      9.3,
      9.1,
      8.6,
      1.4,
      2.0,
      5.9,
      33.5,
      4.2,
      4.0,
      5.0,
      1.6,
      34.2,
      11.0,
      5.2,
      10.3,
      3.8,
      5.0,
      11.6,
      9.9,
      0.9,
      2.2,
      8.5,
      1.3,
      2.8,
      12.0,
      14.8,
      8.4,
      44.3
    ],
    [
      2.1,
      13.0,
      6.6,
      4.7,
      4.0,
      0.24,
      0.0,
      3.0,
      5.9,
      2.3,
      12.3,
      14.3,
      1.9,
      4.0,
      3.2,
      2.0,
      13.7,
      2.1,
      8.8,
      0.4,
      1.8,
      6.7,
      5.3,
      6.9,
      5.6,
      3.1,
      4.2,
      1.9,
      32.5,
      3.3,
      3.7,
      2.0,
      0.75,
      33.2,
      7.9,
      2.0,
      7.0,
      3.9,
      1.9,
      8.8,
      6.2,
      2.6,
      1.4,
      7.7,
      2.6,
      3.7,
      9.3,
      13.7,
      5.3,
      43.2
    ],
    [
      1.1,
      10.6,
      4.1,
      2.6,
      1.4,
      6.2,
      3.0,
      0.0,
      4.1,
      4.5,
      8.1,
      9.5,
      1.4,
      6.2,
      0.23,
      1.2,
      8.9,
      1.2,
      7.0,
      4.3,
      1.9,
      4.9,
      2.5,
      2.5,
      2.0,
      5.4,
      6.4,
      1.3,
      27.7,
      2.3,
      5.9,
      1.3,
      3.0,
      28.4,
      6.2,
      1.4,
      5.2,
      6.1,
      2.1,
      5.1,
      4.4,
      4.8,
      3.6,
      7.6,
      4.8,
      5.9,
      5.5,
      8.9,
      3.5,
      38.4
    ],
    [
      5.1,
      10.4,
      3.6,
      1.4,
      4.0,
      9.9,
      5.9,
      4.1,
      0.0,
      7.7,
      9.0,
      11.0,
      4.9,
      9.3,
      3.5,
      5.0,
      10.4,
      5.1,
      3.4,
      7.5,
      4.8,
      3.7,
      3.9,
      5.7,
      4.4,
      8.5,
      9.6,
      5.0,
      29.2,
      7.2,
      9.1,
      5.0,
      6.1,
      29.9,
      2.5,
      5.0,
      4.3,
      9.3,
      5.0,
      5.5,
      3.3,
      8.0,
      6.8,
      11.8,
      8.0,
      9.1,
      6.0,
      10.4,
      1.8,
      39.9
    ],
    [
      3.6,
      14.9,
      8.1,
      6.6,
      5.5,
      0.9,
      2.3,
      4.5,
      7.7,
      0.0,
      14.2,
      16.1,
      3.7,
      1.5,
      5.0,
      3.5,
      15.6,
      3.9,
      10.6,
      1.0,
      3.6,
      8.5,
      7.1,
      8.7,
      8.6,
      1.8,
      1.1,
      3.8,
      34.3,
      4.2,
      3.0,
      3.8,
      1.6,
      35.0,
      9.8,
      3.5,
      8.8,
      2.9,
      3.8,
      10.7,
      8.0,
      1.3,
      2.2,
      8.5,
      0.35,
      1.9,
      11.1,
      15.6,
      7.1,
      45.1
    ],
    [
      11.6,
      2.2,
      12.1,
      9.9,
      10.5,
      14.0,
      12.3,
      8.1,
      9.0,
      14.2,
      0.0,
      4.1,
      10.8,
      15.0,
      9.4,
      10.9,
      2.2,
      11.0,
      8.8,
      13.3,
      10.7,
      12.3,
      7.5,
      5.1,
      6.1,
      14.4,
      15.3,
      10.9,
      22.3,
      10.1,
      14.8,
      10.9,
      12.0,
      23.0,
      7.9,
      10.9,
      6.1,
      15.0,
      10.9,
      4.3,
      11.9,
      13.9,
      12.5,
      14.3,
      15.8,
      14.8,
      6.1,
      3.6,
      10.4,
      33.1
    ],
    [
      13.6,
      3.3,
      14.1,
      11.9,
      12.4,
      15.4,
      14.3,
      9.5,
      11.0,
      16.1,
      4.1,
      0.0,
      12.8,
      17.1,
      11.4,
      12.9,
      2.6,
      13.1,
      10.8,
      15.4,
      12.8,
      14.3,
      9.5,
      7.1,
      8.1,
      16.4,
      17.3,
      12.9,
      19.2,
      12.1,
      17.0,
      12.9,
      14.0,
      19.9,
      9.9,
      12.9,
      8.7,
      17.2,
      12.9,
      6.3,
      13.9,
      15.9,
      14.7,
      16.3,
      15.9,
      17.0,
      8.2,
      0.7,
      12.4,
      30.0
    ],
    [
      0.35,
      12.2,
      5.4,
      3.8,
      0.0,
      5.9,
      1.9,
      1.4,
      4.9,
      3.7,
      10.8,
      12.8,
      0.0,
      8.3,
      1.6,
      0.3,
      11.8,
      0.25,
      6.9,
      5.3,
      0.2,
      4.7,
      3.4,
      5.0,
      3.8,
      6.4,
      8.5,
      0.065,
      30.6,
      3.4,
      8.0,
      0.17,
      4.0,
      31.3,
      6.0,
      0.17,
      5.1,
      7.1,
      0.074,
      7.0,
      4.3,
      5.9,
      4.6,
      9.0,
      9.0,
      6.9,
      7.4,
      11.8,
      3.4,
      41.4
    ],
    [
      5.3,
      16.6,
      9.8,
      8.2,
      7.2,
      2.5,
      4.0,
      6.2,
      9.3,
      1.5,
      15.0,
      17.1,
      8.3,
      0.0,
      6.7,
      5.1,
      17.2,
      5.6,
      12.2,
      2.3,
      5.3,
      10.1,
      8.7,
      10.2,
      9.7,
      3.3,
      0.45,
      5.4,
      36.0,
      5.2,
      1.7,
      5.5,
      3.2,
      36.7,
      11.4,
      5.1,
      10.5,
      1.5,
      5.4,
      12.3,
      9.7,
      2.8,
      2.6,
      9.6,
      1.5,
      0.5,
      12.8,
      17.2,
      8.8,
      46.7
    ],
    [
      1.3,
      10.7,
      3.9,
      2.4,
      1.6,
      6.4,
      3.2,
      0.23,
      3.5,
      5.0,
      9.4,
      11.4,
      1.6,
      6.7,
      0.0,
      1.4,
      11.8,
      1.4,
      6.8,
      4.5,
      2.2,
      4.1,
      2.8,
      2.8,
      2.0,
      5.6,
      7.7,
      1.5,
      30.6,
      2.6,
      6.1,
      1.5,
      3.2,
      31.3,
      6.0,
      1.4,
      5.1,
      7.4,
      1.5,
      6.9,
      3.7,
      5.1,
      4.9,
      7.9,
      5.1,
      7.2,
      6.2,
      11.8,
      3.4,
      41.3
    ],
    [
      0.3,
      12.2,
      5.4,
      3.9,
      0.3,
      5.2,
      2.0,
      1.2,
      5.0,
      3.5,
      10.9,
      12.9,
      0.3,
      5.1,
      1.4,
      0.0,
      12.8,
      0.45,
      7.9,
      3.2,
      0.2,
      5.7,
      4.4,
      6.0,
      4.5,
      4.3,
      6.5,
      0.3,
      31.6,
      2.4,
      6.0,
      0.4,
      1.9,
      32.3,
      7.0,
      0.19,
      6.1,
      5.1,
      0.35,
      7.9,
      5.3,
      3.8,
      3.7,
      7.0,
      7.0,
      6.0,
      8.4,
      12.8,
      4.4,
      42.3
    ],
    [
      13.0,
      0.11,
      13.5,
      11.3,
      11.9,
      14.8,
      13.7,
      8.9,
      10.4,
      15.6,
      2.2,
      2.6,
      11.8,
      17.2,
      11.8,
      12.8,
      0.0,
      12.4,
      10.1,
      14.7,
      12.1,
      13.7,
      8.8,
      6.5,
      7.4,
      15.7,
      16.8,
      12.2,
      21.5,
      11.4,
      16.3,
      12.3,
      13.4,
      22.2,
      9.3,
      12.2,
      8.0,
      16.5,
      12.2,
      5.7,
      13.2,
      15.2,
      14.0,
      15.6,
      15.2,
      16.3,
      7.5,
      1.3,
      11.7,
      32.2
    ],
    [
      0.14,
      12.4,
      5.6,
      4.1,
      0.25,
      6.1,
      2.1,
      1.2,
      5.1,
      3.9,
      11.0,
      13.1,
      0.25,
      5.6,
      1.4,
      0.45,
      12.4,
      0.0,
      6.7,
      5.1,
      0.35,
      4.5,
      3.2,
      4.8,
      3.6,
      6.2,
      8.3,
      0.19,
      30.4,
      3.1,
      7.8,
      0.14,
      3.8,
      31.1,
      5.8,
      0.3,
      4.9,
      6.9,
      0.18,
      6.7,
      4.1,
      5.6,
      5.5,
      8.5,
      8.8,
      6.7,
      7.2,
      11.6,
      3.2,
      41.2
    ],
    [
      8.0,
      10.1,
      6.4,
      4.3,
      6.9,
      12.8,
      8.8,
      7.0,
      3.4,
      10.6,
      8.8,
      10.8,
      6.9,
      12.2,
      6.8,
      7.9,
      10.1,
      6.7,
      0.0,
      9.2,
      6.6,
      6.7,
      4.6,
      5.5,
      6.0,
      10.3,
      11.3,
      6.8,
      29.0,
      9.0,
      10.8,
      6.8,
      7.9,
      29.7,
      2.3,
      6.8,
      3.3,
      11.1,
      6.8,
      5.3,
      6.2,
      9.8,
      8.5,
      13.6,
      9.8,
      10.9,
      5.8,
      10.2,
      4.7,
      39.7
    ],
    [
      3.4,
      14.7,
      6.7,
      6.4,
      5.3,
      0.11,
      0.4,
      4.3,
      7.5,
      1.0,
      13.3,
      15.4,
      5.3,
      2.3,
      4.5,
      3.2,
      14.7,
      5.1,
      9.2,
      0.0,
      3.4,
      6.8,
      6.9,
      8.5,
      8.4,
      1.2,
      1.8,
      3.5,
      34.1,
      4.0,
      3.8,
      3.6,
      1.4,
      34.8,
      9.5,
      3.3,
      8.6,
      3.6,
      3.6,
      10.5,
      7.8,
      0.7,
      2.0,
      8.3,
      1.1,
      2.6,
      10.9,
      15.3,
      6.9,
      44.9
    ],
    [
      0.4,
      12.1,
      5.3,
      3.7,
      0.2,
      5.8,
      1.8,
      1.9,
      4.8,
      3.6,
      10.7,
      12.8,
      0.2,
      5.3,
      2.2,
      0.2,
      12.1,
      0.35,
      6.6,
      3.4,
      0.0,
      4.8,
      3.5,
      5.1,
      3.9,
      6.5,
      8.6,
      0.22,
      30.7,
      3.5,
      8.1,
      0.3,
      4.1,
      31.4,
      6.1,
      0.028,
      5.2,
      7.2,
      0.23,
      7.1,
      4.4,
      6.0,
      5.8,
      8.0,
      9.1,
      8.1,
      7.5,
      11.9,
      3.5,
      41.5
    ],
    [
      5.9,
      13.7,
      0.1,
      2.6,
      4.8,
      6.8,
      6.7,
      4.9,
      3.7,
      8.5,
      12.3,
      14.3,
      4.7,
      10.1,
      4.1,
      5.7,
      13.7,
      4.5,
      6.7,
      6.8,
      4.8,
      0.0,
      4.7,
      6.3,
      5.0,
      9.3,
      10.3,
      5.8,
      32.4,
      7.8,
      9.9,
      5.8,
      6.7,
      33.2,
      5.8,
      5.6,
      6.4,
      10.6,
      5.6,
      8.8,
      0.7,
      8.6,
      7.4,
      12.5,
      8.6,
      9.9,
      9.3,
      13.7,
      3.2,
      43.2
    ],
    [
      4.5,
      8.8,
      4.5,
      2.8,
      3.4,
      9.3,
      5.3,
      2.5,
      3.9,
      7.1,
      7.5,
      9.5,
      3.4,
      8.7,
      2.8,
      4.4,
      8.8,
      3.2,
      4.6,
      6.9,
      3.5,
      4.7,
      0.0,
      1.6,
      2.0,
      8.0,
      9.0,
      4.4,
      27.0,
      6.3,
      8.5,
      4.5,
      5.6,
      27.8,
      3.5,
      4.5,
      2.6,
      8.7,
      4.4,
      3.1,
      4.2,
      7.4,
      6.2,
      10.6,
      7.4,
      8.5,
      3.6,
      8.3,
      3.3,
      37.8
    ],
    [
      6.1,
      6.5,
      6.1,
      4.4,
      5.0,
      9.1,
      6.9,
      2.5,
      5.7,
      8.7,
      5.1,
      7.1,
      5.0,
      10.2,
      2.8,
      6.0,
      6.5,
      4.8,
      5.5,
      8.5,
      5.1,
      6.3,
      1.6,
      0.0,
      1.3,
      10.0,
      10.4,
      6.1,
      25.5,
      5.2,
      9.9,
      6.1,
      7.5,
      26.2,
      4.7,
      5.0,
      3.7,
      10.1,
      6.1,
      2.8,
      5.9,
      9.5,
      7.6,
      9.4,
      10.9,
      9.9,
      3.2,
      6.7,
      5.0,
      36.2
    ],
    [
      2.8,
      7.4,
      4.8,
      3.3,
      3.8,
      8.6,
      5.6,
      2.0,
      4.4,
      8.6,
      6.1,
      8.1,
      3.8,
      9.7,
      2.0,
      4.5,
      7.4,
      3.6,
      6.0,
      8.4,
      3.9,
      5.0,
      2.0,
      1.3,
      0.0,
      9.6,
      10.0,
      5.5,
      25.8,
      4.8,
      9.5,
      5.5,
      7.1,
      26.5,
      5.1,
      4.6,
      4.1,
      9.7,
      5.5,
      3.8,
      4.6,
      9.1,
      7.2,
      9.0,
      10.5,
      9.5,
      4.3,
      7.0,
      3.9,
      36.6
    ],
    [
      4.5,
      15.7,
      8.9,
      7.4,
      6.4,
      1.4,
      3.1,
      5.4,
      8.5,
      1.8,
      14.4,
      16.4,
      6.4,
      3.3,
      5.6,
      4.3,
      15.7,
      6.2,
      10.3,
      1.2,
      6.5,
      9.3,
      8.0,
      10.0,
      9.6,
      0.0,
      2.9,
      4.6,
      38.0,
      5.0,
      4.8,
      4.7,
      2.4,
      35.9,
      10.6,
      4.3,
      9.7,
      4.7,
      4.6,
      11.5,
      8.9,
      0.8,
      3.1,
      9.4,
      2.1,
      3.7,
      12.0,
      16.4,
      8.0,
      45.9
    ],
    [
      5.5,
      16.8,
      10.0,
      8.5,
      7.4,
      2.0,
      4.2,
      6.4,
      9.6,
      1.1,
      15.3,
      17.3,
      8.5,
      0.45,
      7.7,
      6.5,
      16.8,
      8.3,
      11.3,
      1.8,
      8.6,
      10.3,
      9.0,
      10.4,
      10.0,
      2.9,
      0.0,
      5.7,
      39.0,
      5.5,
      2.0,
      5.7,
      3.5,
      36.9,
      11.7,
      5.4,
      10.8,
      1.8,
      5.7,
      12.6,
      10.0,
      2.4,
      2.9,
      9.9,
      1.0,
      0.8,
      13.1,
      17.5,
      9.1,
      47.0
    ],
    [
      0.27,
      12.2,
      5.4,
      3.9,
      0.065,
      5.9,
      1.9,
      1.3,
      5.0,
      3.8,
      10.9,
      12.9,
      0.065,
      5.4,
      1.5,
      0.3,
      12.2,
      0.19,
      6.8,
      3.5,
      0.22,
      5.8,
      4.4,
      6.1,
      5.5,
      4.6,
      5.7,
      0.0,
      30.5,
      3.3,
      6.8,
      0.11,
      3.9,
      30.7,
      6.0,
      0.19,
      5.1,
      7.1,
      0.01,
      6.4,
      4.2,
      5.8,
      5.6,
      7.8,
      8.9,
      6.9,
      7.4,
      11.8,
      3.4,
      41.3
    ],
    [
      31.8,
      21.5,
      32.2,
      30.1,
      30.6,
      33.5,
      32.5,
      27.7,
      29.2,
      34.3,
      22.3,
      19.2,
      30.6,
      36.0,
      30.6,
      31.6,
      21.5,
      30.4,
      29.0,
      34.1,
      30.7,
      32.4,
      27.0,
      25.5,
      25.8,
      38.0,
      39.0,
      30.5,
      0.0,
      23.7,
      28.4,
      24.5,
      25.6,
      2.5,
      21.5,
      24.5,
      20.3,
      28.6,
      24.5,
      17.9,
      25.5,
      27.5,
      26.1,
      27.9,
      27.5,
      28.4,
      19.8,
      13.6,
      24.0,
      23.4
    ],
    [
      2.5,
      11.4,
      7.6,
      6.1,
      3.4,
      4.2,
      3.3,
      2.3,
      7.2,
      4.2,
      10.1,
      12.1,
      3.4,
      5.2,
      2.6,
      2.4,
      11.4,
      3.1,
      9.0,
      4.0,
      3.5,
      7.8,
      6.3,
      5.2,
      4.8,
      5.0,
      5.5,
      3.3,
      23.7,
      0.0,
      5.0,
      3.3,
      2.6,
      30.3,
      9.2,
      2.3,
      8.1,
      5.2,
      3.3,
      7.7,
      7.5,
      4.6,
      2.7,
      4.5,
      6.0,
      5.0,
      8.1,
      10.9,
      6.6,
      40.4
    ],
    [
      5.0,
      16.3,
      9.5,
      8.0,
      6.9,
      4.0,
      3.7,
      5.9,
      9.1,
      3.0,
      14.8,
      17.0,
      8.0,
      1.7,
      6.1,
      6.0,
      16.3,
      7.8,
      10.8,
      3.8,
      8.1,
      9.9,
      8.5,
      9.9,
      9.5,
      4.8,
      2.0,
      6.8,
      28.4,
      5.0,
      0.0,
      4.5,
      2.3,
      35.8,
      10.5,
      4.2,
      9.6,
      1.8,
      4.5,
      11.4,
      8.8,
      3.9,
      1.7,
      8.7,
      2.6,
      1.6,
      11.9,
      16.3,
      7.9,
      45.8
    ],
    [
      0.22,
      12.3,
      5.5,
      3.9,
      0.17,
      5.0,
      2.0,
      1.3,
      5.0,
      3.8,
      10.9,
      12.9,
      0.17,
      5.5,
      1.5,
      0.4,
      12.3,
      0.14,
      6.8,
      3.6,
      0.3,
      5.8,
      4.5,
      6.1,
      5.5,
      4.7,
      5.7,
      0.11,
      24.5,
      3.3,
      4.5,
      0.0,
      3.9,
      31.2,
      5.9,
      0.29,
      5.0,
      7.0,
      0.095,
      6.9,
      4.2,
      5.8,
      4.5,
      8.6,
      5.7,
      6.8,
      7.3,
      11.7,
      3.3,
      41.3
    ],
    [
      2.1,
      13.4,
      6.5,
      5.0,
      4.0,
      1.6,
      0.75,
      3.0,
      6.1,
      1.6,
      12.0,
      14.0,
      4.0,
      3.2,
      3.2,
      1.9,
      13.4,
      3.8,
      7.9,
      1.4,
      4.1,
      6.7,
      5.6,
      7.5,
      7.1,
      2.4,
      3.5,
      3.9,
      25.6,
      2.6,
      2.3,
      3.9,
      0.0,
      33.4,
      8.2,
      1.9,
      7.2,
      3.3,
      2.2,
      9.1,
      6.4,
      2.0,
      0.65,
      6.9,
      2.0,
      3.1,
      9.6,
      14.0,
      5.5,
      43.5
    ],
    [
      32.5,
      22.2,
      33.0,
      30.8,
      31.3,
      34.2,
      33.2,
      28.4,
      29.9,
      35.0,
      23.0,
      19.9,
      31.3,
      36.7,
      31.3,
      32.3,
      22.2,
      31.1,
      29.7,
      34.8,
      31.4,
      33.2,
      27.8,
      26.2,
      26.5,
      35.9,
      36.9,
      30.7,
      2.5,
      30.3,
      35.8,
      31.2,
      33.4,
      0.0,
      19.0,
      22.0,
      17.8,
      26.3,
      22.0,
      15.4,
      23.0,
      25.0,
      23.8,
      25.4,
      25.0,
      26.1,
      17.3,
      11.1,
      21.5,
      20.9
    ],
    [
      7.2,
      9.3,
      5.6,
      3.5,
      6.1,
      11.0,
      7.9,
      6.2,
      2.5,
      9.8,
      7.9,
      9.9,
      6.0,
      11.4,
      6.0,
      7.0,
      9.3,
      5.8,
      2.3,
      9.5,
      6.1,
      5.8,
      3.5,
      4.7,
      5.1,
      10.6,
      11.7,
      6.0,
      21.5,
      9.2,
      10.5,
      5.9,
      8.2,
      19.0,
      0.0,
      5.7,
      4.0,
      9.9,
      5.6,
      5.2,
      4.0,
      8.7,
      7.4,
      12.5,
      8.7,
      9.7,
      5.6,
      10.0,
      2.5,
      39.6
    ],
    [
      0.4,
      12.2,
      5.4,
      3.9,
      0.17,
      5.2,
      2.0,
      1.4,
      5.0,
      3.5,
      10.9,
      12.9,
      0.17,
      5.1,
      1.4,
      0.19,
      12.2,
      0.3,
      6.8,
      3.3,
      0.028,
      5.6,
      4.5,
      5.0,
      4.6,
      4.3,
      5.4,
      0.19,
      24.5,
      2.3,
      4.2,
      0.29,
      1.9,
      22.0,
      5.7,
      0.0,
      6.1,
      5.1,
      0.2,
      7.9,
      5.3,
      3.8,
      2.5,
      7.0,
      3.8,
      4.9,
      8.4,
      12.8,
      4.4,
      42.3
    ],
    [
      6.3,
      8.0,
      6.2,
      5.2,
      5.1,
      10.3,
      7.0,
      5.2,
      4.3,
      8.8,
      6.1,
      8.7,
      5.1,
      10.5,
      5.1,
      6.1,
      8.0,
      4.9,
      3.3,
      8.6,
      5.2,
      6.4,
      2.6,
      3.7,
      4.1,
      9.7,
      10.8,
      5.1,
      20.3,
      8.1,
      9.6,
      5.0,
      7.2,
      17.8,
      4.0,
      6.1,
      0.0,
      10.7,
      6.4,
      2.1,
      6.2,
      9.4,
      8.2,
      12.3,
      9.4,
      10.5,
      1.4,
      7.6,
      6.5,
      38.2
    ],
    [
      5.2,
      16.5,
      9.7,
      8.2,
      7.2,
      3.8,
      3.9,
      6.1,
      9.3,
      2.9,
      15.0,
      17.2,
      7.1,
      1.5,
      7.4,
      5.1,
      16.5,
      6.9,
      11.1,
      3.6,
      7.2,
      10.6,
      8.7,
      10.1,
      9.7,
      4.7,
      1.8,
      7.1,
      28.6,
      5.2,
      1.8,
      7.0,
      3.3,
      26.3,
      9.9,
      5.1,
      10.7,
      0.0,
      5.2,
      12.1,
      9.5,
      4.0,
      2.4,
      9.4,
      2.7,
      0.7,
      12.6,
      17.0,
      8.6,
      46.5
    ],
    [
      0.26,
      12.2,
      5.4,
      3.9,
      0.074,
      5.0,
      1.9,
      2.1,
      5.0,
      3.8,
      10.9,
      12.9,
      0.074,
      5.4,
      1.5,
      0.35,
      12.2,
      0.18,
      6.8,
      3.6,
      0.23,
      5.6,
      4.4,
      6.1,
      5.5,
      4.6,
      5.7,
      0.01,
      24.5,
      3.3,
      4.5,
      0.095,
      2.2,
      22.0,
      5.6,
      0.2,
      6.4,
      5.2,
      0.0,
      6.9,
      4.2,
      5.8,
      4.5,
      8.7,
      5.8,
      6.9,
      7.4,
      11.8,
      3.4,
      41.3
    ],
    [
      8.1,
      5.7,
      8.6,
      6.4,
      7.0,
      11.6,
      8.8,
      5.1,
      5.5,
      10.7,
      4.3,
      6.3,
      7.0,
      12.3,
      6.9,
      7.9,
      5.7,
      6.7,
      5.3,
      10.5,
      7.1,
      8.8,
      3.1,
      2.8,
      3.8,
      11.5,
      12.6,
      6.4,
      17.9,
      7.7,
      11.4,
      6.9,
      9.1,
      15.4,
      5.2,
      7.9,
      2.1,
      12.1,
      6.9,
      0.0,
      8.4,
      10.4,
      9.2,
      11.9,
      10.4,
      11.5,
      2.1,
      5.8,
      6.9,
      35.3
    ],
    [
      5.5,
      13.2,
      0.6,
      2.2,
      4.3,
      9.9,
      6.2,
      4.4,
      3.3,
      8.0,
      11.9,
      13.9,
      4.3,
      9.7,
      3.7,
      5.3,
      13.2,
      4.1,
      6.2,
      7.8,
      4.4,
      0.7,
      4.2,
      5.9,
      4.6,
      8.9,
      10.0,
      4.2,
      25.5,
      7.5,
      8.8,
      4.2,
      6.4,
      23.0,
      4.0,
      5.3,
      6.2,
      9.5,
      4.2,
      8.4,
      0.0,
      8.2,
      6.9,
      12.0,
      8.2,
      9.3,
      8.8,
      13.2,
      2.7,
      42.8
    ],
    [
      4.0,
      15.2,
      8.4,
      6.9,
      5.9,
      0.9,
      2.6,
      4.8,
      8.0,
      1.3,
      13.9,
      15.9,
      5.9,
      2.8,
      5.1,
      3.8,
      15.2,
      5.6,
      9.8,
      0.7,
      6.0,
      8.6,
      7.4,
      9.5,
      9.1,
      0.8,
      2.4,
      5.8,
      27.5,
      4.6,
      3.9,
      5.8,
      2.0,
      25.0,
      8.7,
      3.8,
      9.4,
      4.0,
      5.8,
      10.4,
      8.2,
      0.0,
      2.6,
      8.9,
      1.6,
      3.2,
      11.5,
      15.9,
      7.5,
      45.4
    ],
    [
      2.7,
      14.0,
      7.2,
      5.7,
      4.6,
      2.2,
      1.4,
      3.6,
      6.8,
      2.2,
      12.5,
      14.7,
      4.6,
      2.6,
      4.9,
      3.7,
      14.0,
      5.5,
      8.5,
      2.0,
      5.8,
      7.4,
      6.2,
      7.6,
      7.2,
      3.1,
      2.9,
      5.6,
      26.1,
      2.7,
      1.7,
      4.5,
      0.65,
      23.8,
      7.4,
      2.5,
      8.2,
      2.4,
      4.5,
      9.2,
      6.9,
      2.6,
      0.0,
      7.1,
      3.3,
      2.3,
      10.2,
      14.6,
      6.2,
      44.2
    ],
    [
      7.2,
      15.6,
      12.3,
      10.7,
      8.8,
      8.5,
      7.7,
      7.6,
      11.8,
      8.5,
      14.3,
      16.3,
      9.0,
      9.6,
      7.9,
      7.0,
      15.6,
      8.5,
      13.6,
      8.3,
      8.0,
      12.5,
      10.6,
      9.4,
      9.0,
      9.4,
      9.9,
      7.8,
      27.9,
      4.5,
      8.7,
      8.6,
      6.9,
      25.4,
      12.5,
      7.0,
      12.3,
      9.4,
      8.7,
      11.9,
      12.0,
      8.9,
      7.1,
      0.0,
      6.4,
      5.4,
      12.2,
      14.9,
      9.4,
      44.4
    ],
    [
      4.0,
      15.2,
      8.4,
      6.9,
      5.9,
      1.3,
      2.6,
      4.8,
      8.0,
      0.35,
      15.8,
      15.9,
      9.0,
      1.5,
      5.1,
      7.0,
      15.2,
      8.8,
      9.8,
      1.1,
      9.1,
      8.6,
      7.4,
      10.9,
      10.5,
      2.1,
      1.0,
      8.9,
      27.5,
      6.0,
      2.6,
      5.7,
      2.0,
      25.0,
      8.7,
      3.8,
      9.4,
      2.7,
      5.8,
      10.4,
      8.2,
      1.6,
      3.3,
      6.4,
      0.0,
      1.8,
      11.5,
      15.9,
      7.5,
      45.4
    ],
    [
      5.0,
      16.3,
      9.5,
      8.0,
      7.0,
      2.8,
      3.7,
      5.9,
      9.1,
      1.9,
      14.8,
      17.0,
      6.9,
      0.5,
      7.2,
      6.0,
      16.3,
      6.7,
      10.9,
      2.6,
      8.1,
      9.9,
      8.5,
      9.9,
      9.5,
      3.7,
      0.8,
      6.9,
      28.4,
      5.0,
      1.6,
      6.8,
      3.1,
      26.1,
      9.7,
      4.9,
      10.5,
      0.7,
      6.9,
      11.5,
      9.3,
      3.2,
      2.3,
      5.4,
      1.8,
      0.0,
      12.7,
      17.1,
      8.7,
      46.7
    ],
    [
      8.2,
      7.5,
      9.1,
      6.9,
      7.5,
      12.0,
      9.3,
      5.5,
      6.0,
      11.1,
      6.1,
      8.2,
      7.4,
      12.8,
      6.2,
      8.4,
      7.5,
      7.2,
      5.8,
      10.9,
      7.5,
      9.3,
      3.6,
      3.2,
      4.3,
      12.0,
      13.1,
      7.4,
      19.8,
      8.1,
      11.9,
      7.3,
      9.6,
      17.3,
      5.6,
      8.4,
      1.4,
      12.6,
      7.4,
      2.1,
      8.8,
      11.5,
      10.2,
      12.2,
      11.5,
      12.7,
      0.0,
      7.7,
      7.3,
      37.2
    ],
    [
      13.0,
      1.2,
      13.5,
      11.3,
      11.9,
      14.8,
      13.7,
      8.9,
      10.4,
      15.6,
      3.6,
      0.7,
      11.8,
      17.2,
      11.8,
      12.8,
      1.3,
      11.6,
      10.2,
      15.3,
      11.9,
      13.7,
      8.3,
      6.7,
      7.0,
      16.4,
      17.5,
      11.8,
      13.6,
      10.9,
      16.3,
      11.7,
      14.0,
      11.1,
      10.0,
      12.8,
      7.6,
      17.0,
      11.8,
      5.8,
      13.2,
      15.9,
      14.6,
      14.9,
      15.9,
      17.1,
      7.7,
      0.0,
      12.3,
      29.6
    ],
    [
      4.6,
      11.7,
      3.0,
      0.85,
      3.5,
      8.4,
      5.3,
      3.5,
      1.8,
      7.1,
      10.4,
      12.4,
      3.4,
      8.8,
      3.4,
      4.4,
      11.7,
      3.2,
      4.7,
      6.9,
      3.5,
      3.2,
      3.3,
      5.0,
      3.9,
      8.0,
      9.1,
      3.4,
      24.0,
      6.6,
      7.9,
      3.3,
      5.5,
      21.5,
      2.5,
      4.4,
      6.5,
      8.6,
      3.4,
      6.9,
      2.7,
      7.5,
      6.2,
      9.4,
      7.5,
      8.7,
      7.3,
      12.3,
      0.0,
      41.3
    ],
    [
      42.5,
      32.2,
      43.0,
      40.9,
      41.4,
      44.3,
      43.2,
      38.4,
      39.9,
      45.1,
      33.1,
      30.0,
      41.4,
      46.7,
      41.3,
      42.3,
      32.2,
      41.2,
      39.7,
      44.9,
      41.5,
      43.2,
      37.8,
      36.2,
      36.6,
      45.9,
      47.0,
      41.3,
      23.4,
      40.4,
      45.8,
      41.3,
      43.5,
      20.9,
      39.6,
      42.3,
      38.2,
      46.5,
      41.3,
      35.3,
      42.8,
      45.4,
      44.2,
      44.4,
      45.4,
      46.7,
      37.2,
      29.6,
      41.3,
      0.0
    ]
  ],
  "drive_time_matrix": [
    [
      0.0,
      26.0,
      13.0,
      9.0,
      4.0,
      13.0,
      6.0,
      14.0,
      12.0,
      13.0,
      26.0,
      25.0,
      4.0,
      12.0,
      17.0,
      1.0,
      26.0,
      2.0,
      22.0,
      12.0,
      5.0,
      14.0,
      11.0,
      14.0,
      14.0,
      15.0,
      12.0,
      3.0,
      57.0,
      6.0,
      13.0,
      2.0,
      6.0,
      47.0,
      17.0,
      4.0,
      18.0,
      13.0,
      3.0,
      21.0,
      14.0,
      14.0,
      8.0,
      20.0,
      16.0,
      12.0,
      20.0,
      24.0,
      12.0,
      59.0
    ],
    [
      26.0,
      0.0,
      25.0,
      20.0,
      25.0,
      35.0,
      28.0,
      26.0,
      18.0,
      35.0,
      8.0,
      8.0,
      25.0,
      35.0,
      25.0,
      26.0,
      1.0,
      25.0,
      21.0,
      35.0,
      24.0,
      26.0,
      17.0,
      15.0,
      19.0,
      37.0,
      34.0,
      24.0,
      39.0,
      27.0,
      35.0,
      25.0,
      28.0,
      29.0,
      15.0,
      25.0,
      17.0,
      34.0,
      24.0,
      13.0,
      26.0,
      36.0,
      29.0,
      38.0,
      37.0,
      33.0,
      19.0,
      14.0,
      21.0,
      40.0
    ],
    [
      13.0,
      25.0,
      0.0,
      7.0,
      13.0,
      84.0,
      82.0,
      15.0,
      9.0,
      23.0,
      26.0,
      25.0,
      13.0,
      22.0,
      14.0,
      14.0,
      26.0,
      13.0,
      20.0,
      83.0,
      13.0,
      1.0,
      12.0,
      16.0,
      16.0,
      25.0,
      22.0,
      13.0,
      56.0,
      19.0,
      23.0,
      13.0,
      16.0,
      46.0,
      14.0,
      14.0,
      19.0,
      23.0,
      13.0,
      20.0,
      8.0,
      24.0,
      17.0,
      32.0,
      25.0,
      21.0,
      21.0,
      23.0,
      9.0,
      57.0
    ],
    [
      9.0,
      20.0,
      7.0,
      0.0,
      8.0,
      19.0,
      11.0,
      12.0,
      3.0,
      19.0,
      20.0,
      19.0,
      8.0,
      18.0,
      11.0,
      9.0,
      21.0,
      8.0,
      15.0,
      18.0,
      8.0,
      7.0,
      9.0,
      12.0,
      14.0,
      21.0,
      18.0,
      8.0,
      51.0,
      14.0,
      19.0,
      8.0,
      12.0,
      41.0,
      9.0,
      9.0,
      14.0,
      19.0,
      8.0,
      15.0,
      8.0,
      20.0,
      14.0,
      28.0,
      21.0,
      18.0,
      16.0,
      18.0,
      3.0,
      51.0
    ],
    [
      4.0,
      25.0,
      13.0,
      8.0,
      0.0,
      19.0,
      12.0,
      18.0,
      9.0,
      19.0,
      24.0,
      23.0,
      1.0,
      18.0,
      21.0,
      3.0,
      24.0,
      3.0,
      21.0,
      18.0,
      2.0,
      12.0,
      10.0,
      13.0,
      13.0,
      21.0,
      18.0,
      1.0,
      55.0,
      10.0,
      19.0,
      2.0,
      11.0,
      45.0,
      14.0,
      2.0,
      17.0,
      18.0,
      1.0,
      19.0,
      13.0,
      19.0,
      13.0,
      24.0,
      20.0,
      17.0,
      20.0,
      22.0,
      9.0,
      55.0
    ],
    [
      13.0,
      35.0,
      84.0,
      19.0,
      19.0,
      0.0,
      3.0,
      22.0,
      27.0,
      4.0,
      43.0,
      41.0,
      18.0,
      11.0,
      23.0,
      17.0,
      42.0,
      19.0,
      37.0,
      1.0,
      18.0,
      85.0,
      27.0,
      28.0,
      27.0,
      5.0,
      10.0,
      18.0,
      73.0,
      14.0,
      17.0,
      17.0,
      9.0,
      64.0,
      30.0,
      18.0,
      33.0,
      14.0,
      17.0,
      38.0,
      29.0,
      3.0,
      10.0,
      27.0,
      6.0,
      12.0,
      38.0,
      40.0,
      26.0,
      73.0
    ],
    [
      6.0,
      28.0,
      82.0,
      11.0,
      12.0,
      3.0,
      0.0,
      11.0,
      15.0,
      11.0,
      30.0,
      29.0,
      6.0,
      11.0,
      10.0,
      7.0,
      30.0,
      6.0,
      25.0,
      5.0,
      6.0,
      83.0,
      15.0,
      18.0,
      18.0,
      14.0,
      11.0,
      6.0,
      61.0,
      9.0,
      12.0,
      7.0,
      4.0,
      51.0,
      20.0,
      7.0,
      22.0,
      11.0,
      7.0,
      26.0,
      18.0,
      13.0,
      6.0,
      22.0,
      14.0,
      10.0,
      26.0,
      29.0,
      15.0,
      62.0
    ],
    [
      14.0,
      26.0,
      15.0,
      12.0,
      18.0,
      22.0,
      11.0,
      0.0,
      13.0,
      18.0,
      27.0,
      27.0,
      18.0,
      16.0,
      3.0,
      5.0,
      27.0,
      16.0,
      22.0,
      17.0,
      6.0,
      15.0,
      12.0,
      13.0,
      10.0,
      20.0,
      17.0,
      17.0,
      58.0,
      9.0,
      17.0,
      17.0,
      10.0,
      48.0,
      17.0,
      18.0,
      20.0,
      17.0,
      7.0,
      22.0,
      16.0,
      19.0,
      12.0,
      23.0,
      20.0,
      16.0,
      22.0,
      25.0,
      13.0,
      59.0
    ],
    [
      12.0,
      18.0,
      9.0,
      3.0,
      9.0,
      27.0,
      15.0,
      13.0,
      0.0,
      23.0,
      20.0,
      19.0,
      11.0,
      21.0,
      14.0,
      12.0,
      20.0,
      11.0,
      13.0,
      22.0,
      11.0,
      10.0,
      12.0,
      13.0,
      17.0,
      25.0,
      22.0,
      11.0,
      50.0,
      17.0,
      22.0,
      11.0,
      15.0,
      40.0,
      7.0,
      12.0,
      13.0,
      22.0,
      11.0,
      15.0,
      11.0,
      24.0,
      17.0,
      30.0,
      25.0,
      21.0,
      16.0,
      18.0,
      6.0,
      51.0
    ],
    [
      13.0,
      35.0,
      23.0,
      19.0,
      19.0,
      4.0,
      11.0,
      18.0,
      23.0,
      0.0,
      36.0,
      36.0,
      13.0,
      7.0,
      17.0,
      13.0,
      36.0,
      13.0,
      31.0,
      13.0,
      12.0,
      23.0,
      22.0,
      25.0,
      26.0,
      6.0,
      5.0,
      13.0,
      68.0,
      14.0,
      12.0,
      13.0,
      8.0,
      58.0,
      26.0,
      13.0,
      29.0,
      10.0,
      13.0,
      32.0,
      24.0,
      16.0,
      10.0,
      27.0,
      4.0,
      8.0,
      32.0,
      35.0,
      21.0,
      69.0
    ],
    [
      26.0,
      8.0,
      26.0,
      20.0,
      24.0,
      43.0,
      30.0,
      27.0,
      20.0,
      36.0,
      0.0,
      10.0,
      24.0,
      35.0,
      25.0,
      26.0,
      8.0,
      25.0,
      20.0,
      36.0,
      25.0,
      24.0,
      17.0,
      14.0,
      18.0,
      39.0,
      36.0,
      25.0,
      41.0,
      27.0,
      36.0,
      25.0,
      30.0,
      32.0,
      14.0,
      26.0,
      17.0,
      36.0,
      25.0,
      12.0,
      26.0,
      38.0,
      31.0,
      39.0,
      39.0,
      35.0,
      17.0,
      9.0,
      20.0,
      42.0
    ],
    [
      25.0,
      8.0,
      25.0,
      19.0,
      23.0,
      41.0,
      29.0,
      27.0,
      19.0,
      36.0,
      10.0,
      0.0,
      27.0,
      38.0,
      27.0,
      28.0,
      8.0,
      27.0,
      22.0,
      38.0,
      27.0,
      27.0,
      19.0,
      17.0,
      21.0,
      41.0,
      38.0,
      27.0,
      35.0,
      29.0,
      39.0,
      27.0,
      32.0,
      26.0,
      16.0,
      28.0,
      19.0,
      38.0,
      27.0,
      14.0,
      27.0,
      39.0,
      33.0,
      41.0,
      40.0,
      36.0,
      19.0,
      9.0,
      22.0,
      37.0
    ],
    [
      4.0,
      25.0,
      13.0,
      8.0,
      1.0,
      18.0,
      6.0,
      18.0,
      11.0,
      13.0,
      24.0,
      27.0,
      0.0,
      17.0,
      21.0,
      3.0,
      25.0,
      3.0,
      19.0,
      19.0,
      2.0,
      12.0,
      10.0,
      13.0,
      14.0,
      22.0,
      18.0,
      1.0,
      56.0,
      10.0,
      18.0,
      2.0,
      12.0,
      46.0,
      14.0,
      2.0,
      16.0,
      19.0,
      1.0,
      19.0,
      12.0,
      21.0,
      13.0,
      24.0,
      21.0,
      18.0,
      20.0,
      22.0,
      9.0,
      57.0
    ],
    [
      12.0,
      35.0,
      22.0,
      18.0,
      18.0,
      11.0,
      11.0,
      16.0,
      21.0,
      7.0,
      35.0,
      38.0,
      17.0,
      0.0,
      16.0,
      11.0,
      35.0,
      12.0,
      29.0,
      8.0,
      11.0,
      23.0,
      21.0,
      23.0,
      22.0,
      11.0,
      6.0,
      11.0,
      67.0,
      10.0,
      6.0,
      11.0,
      7.0,
      57.0,
      25.0,
      11.0,
      28.0,
      4.0,
      11.0,
      30.0,
      24.0,
      10.0,
      6.0,
      23.0,
      5.0,
      6.0,
      31.0,
      33.0,
      21.0,
      68.0
    ],
    [
      17.0,
      25.0,
      14.0,
      11.0,
      21.0,
      23.0,
      10.0,
      3.0,
      14.0,
      17.0,
      25.0,
      27.0,
      21.0,
      16.0,
      0.0,
      6.0,
      26.0,
      19.0,
      21.0,
      20.0,
      8.0,
      15.0,
      12.0,
      14.0,
      10.0,
      23.0,
      18.0,
      20.0,
      58.0,
      11.0,
      20.0,
      19.0,
      12.0,
      48.0,
      16.0,
      6.0,
      19.0,
      19.0,
      20.0,
      21.0,
      16.0,
      22.0,
      13.0,
      25.0,
      22.0,
      17.0,
      22.0,
      24.0,
      12.0,
      58.0
    ],
    [
      1.0,
      26.0,
      14.0,
      9.0,
      3.0,
      17.0,
      7.0,
      5.0,
      12.0,
      13.0,
      26.0,
      28.0,
      3.0,
      11.0,
      6.0,
      0.0,
      25.0,
      6.0,
      20.0,
      15.0,
      3.0,
      14.0,
      11.0,
      14.0,
      15.0,
      18.0,
      13.0,
      4.0,
      56.0,
      6.0,
      14.0,
      6.0,
      7.0,
      46.0,
      16.0,
      3.0,
      19.0,
      14.0,
      5.0,
      21.0,
      15.0,
      17.0,
      8.0,
      19.0,
      16.0,
      12.0,
      21.0,
      23.0,
      12.0,
      58.0
    ],
    [
      26.0,
      1.0,
      26.0,
      21.0,
      24.0,
      42.0,
      30.0,
      27.0,
      20.0,
      36.0,
      8.0,
      8.0,
      25.0,
      35.0,
      26.0,
      25.0,
      0.0,
      25.0,
      20.0,
      36.0,
      25.0,
      26.0,
      17.0,
      15.0,
      20.0,
      39.0,
      37.0,
      25.0,
      38.0,
      28.0,
      37.0,
      25.0,
      30.0,
      29.0,
      15.0,
      26.0,
      17.0,
      37.0,
      25.0,
      13.0,
      27.0,
      38.0,
      31.0,
      40.0,
      39.0,
      36.0,
      18.0,
      16.0,
      21.0,
      40.0
    ],
    [
      2.0,
      25.0,
      13.0,
      8.0,
      3.0,
      19.0,
      6.0,
      16.0,
      11.0,
      13.0,
      25.0,
      27.0,
      3.0,
      12.0,
      19.0,
      6.0,
      25.0,
      0.0,
      18.0,
      19.0,
      4.0,
      12.0,
      9.0,
      12.0,
      13.0,
      22.0,
      18.0,
      2.0,
      53.0,
      10.0,
      19.0,
      2.0,
      12.0,
      43.0,
      13.0,
      4.0,
      16.0,
      20.0,
      2.0,
      19.0,
      12.0,
      21.0,
      13.0,
      25.0,
      20.0,
      18.0,
      19.0,
      21.0,
      9.0,
      54.0
    ],
    [
      22.0,
      21.0,
      20.0,
      15.0,
      21.0,
      37.0,
      25.0,
      22.0,
      13.0,
      31.0,
      20.0,
      22.0,
