{
  "drive_dist_matrix": [
    [
      0.0,
      13.1,
      5.5,
      4.0,
      0.35,
      5.4,
      2.1,
      1.1,
      5.1,
      5.4,
      11.7,
      13.7,
      0.35,
      6.5,
      1.3,
      0.5,
      13.1,
      0.14,
      6.1,
      5.2,
      0.4,
      5.7,
      4.5,
      5.2,
      4.8,
      6.3,
      6.7,
      0.27,
      33.0,
      2.2,
      6.2,
      0.22,
      3.8,
      32.7,
      5.2,
      0.4,
      7.0,
      6.4,
      0.26,
      8.2,
      6.0,
      3.9,
      6.7,
      7.2,
      6.2,
      8.7,
      10.9,
      4.6,
      42.6
    ],
    [
      13.1,
      0.0,
      13.5,
      11.3,
      12.9,
      15.6,
      13.8,
      9.8,
      10.4,
      17.4,
      2.2,
      3.3,
      12.9,
      16.9,
      9.1,
      13.0,
      0.11,
      13.1,
      10.1,
      15.7,
      12.8,
      13.7,
      8.8,
      7.0,
      8.1,
      16.8,
      17.2,
      12.9,
      24.8,
      11.7,
      16.4,
      13.0,
      13.5,
      22.3,
      9.3,
      13.0,
      8.0,
      17.4,
      13.0,
      5.7,
      13.2,
      13.6,
      15.9,
      17.4,
      16.4,
      7.5,
      1.2,
      11.7,
      32.2
    ],
    [
      5.5,
      13.5,
      0.0,
      2.4,
      5.3,
      6.7,
      6.6,
      4.1,
      3.6,
      8.3,
      11.6,
      13.6,
      5.4,
      10.0,
      3.9,
      5.4,
      13.0,
      5.6,
      6.0,
      6.7,
      5.3,
      0.1,
      4.5,
      5.0,
      4.8,
      9.2,
      10.2,
      5.4,
      35.1,
      7.6,
      9.7,
      5.5,
      6.8,
      32.6,
      5.2,
      5.4,
      7.0,
      9.9,
      5.4,
      8.2,
      0.6,
      7.4,
      11.7,
      8.6,
      9.7,
      8.6,
      13.0,
      3.0,
      42.6
    ],
    [
      4.0,
      11.3,
      2.4,
      0.0,
      3.8,
      6.8,
      4.7,
      2.6,
      1.4,
      6.8,
      9.9,
      11.9,
      3.8,
      8.5,
      2.4,
      3.9,
      11.3,
      4.1,
      4.3,
      6.6,
      3.7,
      2.6,
      2.8,
      4.4,
      3.3,
      7.6,
      10.2,
      3.9,
      33.4,
      6.1,
      8.2,
      3.9,
      5.2,
      30.9,
      3.5,
      3.9,
      5.2,
      8.4,
      3.9,
      6.4,
      2.2,
      5.9,
      10.2,
      10.7,
      9.8,
      6.9,
      11.3,
      1.0,
      40.9
    ],
    [
      0.35,
      12.9,
      5.3,
      3.8,
      0.0,
      7.3,
      4.0,
      1.4,
      4.0,
      9.1,
      10.6,
      12.6,
      0.0,
      8.4,
      1.6,
      0.3,
      12.0,
      0.25,
      4.9,
      7.1,
      0.2,
      4.6,
      3.4,
      4.0,
      3.8,
      8.2,
      8.6,
      0.065,
      34.1,
      3.4,
      8.1,
      0.17,
      5.7,
      31.6,
      4.1,
      0.17,
      5.9,
      8.3,
      0.074,
      7.1,
      4.3,
      5.8,
      7.9,
      9.1,
      8.1,
      7.6,
      12.0,
      3.5,
      41.5
    ],
    [
      5.4,
      15.6,
      6.7,
      6.8,
      7.3,
      0.0,
      0.24,
      6.2,
      10.0,
      0.9,
      14.0,
      15.4,
      6.1,
      2.5,
      6.4,
      5.2,
      14.8,
      6.3,
      11.1,
      0.11,
      6.0,
      6.8,
      10.3,
      9.1,
      8.7,
      1.4,
      2.0,
      6.1,
      36.9,
      4.2,
      4.0,
      6.2,
      1.6,
      34.4,
      10.3,
      5.2,
      12.0,
      3.8,
      6.1,
      11.6,
      10.9,
      2.2,
      8.7,
      1.3,
      2.8,
      12.0,
      14.8,
      9.5,
      44.3
    ],
    [
      2.1,
      13.8,
      6.6,
      4.7,
      4.0,
      0.24,
      0.0,
      3.0,
      5.9,
      2.3,
      12.4,
      14.4,
      1.9,
      4.0,
      3.2,
      2.0,
      13.8,
      2.1,
      6.8,
      0.4,
      1.8,
      6.7,
      5.3,
      8.3,
      7.9,
      3.1,
      4.2,
      1.9,
      35.9,
      3.3,
      3.7,
      2.0,
      1.1,
      33.4,
      6.0,
      2.0,
      7.8,
      3.9,
      1.9,
      9.0,
      6.2,
      1.4,
      7.8,
      2.6,
      3.7,
      9.4,
      13.8,
      5.3,
      43.4
    ],
    [
      1.1,
      9.8,
      4.1,
      2.6,
      1.4,
      6.2,
      3.0,
      0.0,
      3.7,
      8.1,
      8.1,
      9.5,
      1.4,
      7.3,
      0.23,
      1.2,
      12.1,
      1.2,
      5.0,
      6.1,
      1.9,
      4.3,
      2.5,
      2.5,
      2.0,
      7.1,
      7.5,
      1.3,
      34.2,
      2.3,
      7.1,
      1.3,
      4.6,
      31.7,
      4.2,
      1.4,
      6.0,
      7.3,
      1.3,
      7.2,
      3.9,
      4.8,
      6.8,
      8.0,
      7.1,
      6.2,
      12.1,
      3.1,
      41.6
    ],
    [
      5.1,
      10.4,
      3.6,
      1.4,
      4.0,
      10.0,
      5.9,
      3.7,
      0.0,
      7.9,
      9.0,
      11.0,
      4.9,
      11.2,
      3.5,
      5.0,
      10.4,
      5.1,
      3.4,
      7.7,
      4.8,
      3.7,
      3.9,
      5.7,
      4.4,
      8.7,
      11.4,
      5.0,
      32.5,
      7.2,
      9.3,
      5.0,
      6.3,
      30.0,
      1.1,
      5.0,
      4.3,
      9.5,
      5.0,
      5.5,
      3.3,
      7.0,
      11.4,
      11.8,
      10.9,
      6.0,
      10.4,
      1.8,
      39.9
    ],
    [
      5.4,
      17.4,
      8.3,
      6.8,
      9.1,
      0.9,
      2.3,
      8.1,
      7.9,
      0.0,
      14.0,
      15.4,
      6.1,
      1.5,
      6.4,
      5.2,
      14.8,
      6.3,
      11.0,
      1.0,
      6.0,
      10.7,
      10.4,
      9.1,
      8.7,
      1.8,
      1.1,
      6.1,
      36.9,
      4.2,
      3.0,
      6.2,
      1.6,
      34.4,
      10.2,
      5.2,
      12.0,
      2.9,
      6.1,
      11.6,
      10.9,
      2.2,
      8.7,
      0.35,
      1.9,
      12.1,
      14.8,
      9.5,
      44.3
    ],
    [
      11.7,
      2.2,
      11.6,
      9.9,
      10.6,
      14.0,
      12.4,
      8.1,
      9.0,
      14.0,
      0.0,
      4.1,
      11.6,
      15.1,
      10.3,
      11.6,
      2.2,
      11.8,
      8.8,
      13.9,
      11.5,
      12.3,
      6.2,
      5.4,
      6.5,
      15.0,
      15.4,
      11.6,
      25.7,
      10.2,
      14.9,
      11.7,
      12.5,
      23.2,
      7.9,
      11.6,
      6.1,
      15.1,
      11.6,
      4.3,
      11.9,
      12.6,
      14.4,
      15.9,
      14.9,
      6.1,
      3.6,
      10.4,
      33.1
    ],
    [
      13.7,
      3.3,
      13.6,
      11.9,
      12.6,
      15.4,
      14.4,
      9.5,
      11.0,
      15.4,
      4.1,
      0.0,
      13.6,
      16.8,
      9.8,
      13.7,
      2.6,
      13.8,
      10.8,
      15.6,
      13.5,
      14.3,
      9.5,
      7.4,
      8.0,
      16.6,
      17.0,
      13.6,
      22.5,
      11.8,
      16.5,
      13.7,
      14.1,
      20.0,
      9.9,
      13.7,
      8.7,
      16.8,
      13.6,
      6.3,
      13.9,
      14.3,
      16.1,
      17.5,
      16.6,
      8.2,
      0.7,
      12.4,
      30.0
    ],
    [
      0.35,
      12.9,
      5.4,
      3.8,
      0.0,
      6.1,
      1.9,
      1.4,
      4.9,
      6.1,
      11.6,
      13.6,
      0.0,
      8.3,
      1.6,
      2.2,
      12.0,
      0.25,
      4.9,
      7.1,
      0.2,
      4.7,
      3.4,
      3.9,
      3.8,
      8.2,
      8.6,
      0.065,
      34.1,
      3.4,
      8.1,
      0.17,
      5.7,
      31.6,
      4.1,
      0.17,
      5.9,
      8.3,
      0.074,
      7.1,
      4.3,
      5.8,
      7.9,
      9.1,
      8.1,
      7.5,
      12.0,
      3.4,
      41.5
    ],
    [
      6.5,
      16.9,
      10.0,
      8.5,
      8.4,
      2.5,
      4.0,
      7.3,
      11.2,
      1.5,
      15.1,
      16.8,
      8.3,
      0.0,
      7.5,
      6.3,
      15.9,
      7.4,
      12.1,
      2.3,
      7.1,
      11.9,
      11.3,
      10.2,
      9.8,
      3.3,
      0.45,
      7.2,
      38.0,
      5.2,
      1.7,
      7.3,
      3.2,
      35.5,
      11.2,
      6.3,
      13.1,
      1.5,
      7.2,
      12.7,
      11.5,
      2.6,
      9.7,
      1.5,
      0.5,
      13.1,
      15.9,
      10.6,
      45.4
    ],
    [
      1.3,
      9.1,
      3.9,
      2.4,
      1.6,
      6.4,
      3.2,
      0.23,
      3.5,
      6.4,
      10.3,
      9.8,
      1.6,
      7.5,
      0.0,
      1.4,
      11.9,
      1.4,
      4.9,
      6.3,
      2.2,
      4.1,
      2.8,
      2.8,
      2.0,
      7.4,
      7.8,
      1.5,
      34.0,
      2.6,
      7.3,
      1.5,
      4.9,
      31.5,
      4.0,
      1.4,
      5.8,
      7.5,
      1.5,
      7.0,
      3.7,
      5.0,
      7.1,
      8.3,
      7.3,
      7.5,
      11.9,
      3.0,
      41.4
    ],
    [
      0.5,
      13.0,
      5.4,
      3.9,
      0.3,
      5.2,
      2.0,
      1.2,
      5.0,
      5.2,
      11.6,
      13.7,
      2.2,
      6.3,
      1.4,
      0.0,
      10.7,
      0.45,
      5.9,
      5.0,
      0.2,
      5.7,
      4.4,
      5.0,
      4.6,
      6.1,
      6.5,
      0.3,
      35.0,
      2.4,
      6.0,
      0.4,
      3.6,
      30.3,
      5.1,
      0.19,
      6.9,
      6.2,
      0.35,
      7.5,
      5.3,
      3.7,
      6.9,
      7.0,
      6.0,
      8.5,
      12.9,
      4.4,
      42.5
    ],
    [
      13.1,
      0.11,
      13.0,
      11.3,
      12.0,
      14.8,
      13.8,
      12.1,
      10.4,
      14.8,
      2.2,
      2.6,
      12.0,
      15.9,
      11.9,
      10.7,
      0.0,
      13.1,
      10.1,
      15.4,
      12.8,
      13.7,
      8.8,
      6.7,
      7.8,
      16.5,
      16.9,
      12.9,
      24.8,
      11.7,
      16.4,
      13.0,
      14.0,
      22.3,
      9.3,
      11.8,
      8.0,
      17.1,
      13.0,
      5.7,
      13.2,
      14.1,
      15.9,
      17.4,
      16.4,
      7.5,
      1.3,
      11.7,
      32.2
    ],
    [
      0.14,
      13.1,
      5.6,
      4.1,
      0.25,
      6.3,
      2.1,
      1.2,
      5.1,
      6.3,
      11.8,
      13.8,
      0.25,
      7.4,
      1.4,
      0.45,
      13.1,
      0.0,
      4.7,
      6.9,
      0.35,
      4.5,
      3.2,
      3.7,
      3.6,
      7.9,
      8.3,
      0.19,
      33.8,
      3.1,
      7.9,
      0.14,
      5.5,
      31.3,
      3.9,
      0.3,
      5.7,
      8.1,
      0.18,
      6.9,
      4.1,
      5.6,
      7.6,
      8.9,
      7.9,
      7.3,
      11.7,
      3.2,
      41.3
    ],
    [
      6.1,
      10.1,
      6.0,
      4.3,
      4.9,
      11.1,
      6.8,
      5.0,
      3.4,
      11.0,
      8.8,
      10.8,
      4.9,
      12.1,
      4.9,
      5.9,
      10.1,
      4.7,
      0.0,
      8.6,
      5.8,
      6.2,
      4.6,
      5.5,
      6.6,
      9.7,
      10.7,
      6.0,
      32.3,
      8.2,
      10.2,
      6.0,
      7.3,
      29.8,
      2.3,
      6.0,
      3.3,
      10.5,
      6.0,
      5.3,
      5.8,
      7.9,
      12.3,
      9.2,
      10.3,
      5.8,
      10.2,
      4.7,
      39.7
    ],
    [
      5.2,
      15.7,
      6.7,
      6.6,
      7.1,
      0.11,
      0.4,
      6.1,
      7.7,
      1.0,
      13.9,
      15.6,
      7.1,
      2.3,
      6.3,
      5.0,
      15.4,
      6.9,
      8.6,
      0.0,
      5.8,
      10.5,
      10.1,
      8.9,
      8.5,
      1.2,
      1.8,
      5.9,
      36.7,
      4.0,
      4.3,
      6.0,
      1.4,
      34.2,
      10.0,
      5.0,
      11.8,
      3.6,
      5.9,
      11.4,
      10.7,
      2.0,
      8.5,
      1.1,
      2.6,
      11.9,
      14.6,
      9.3,
      44.1
    ],
    [
      0.4,
      12.8,
      5.3,
      3.7,
      0.2,
      6.0,
      1.8,
      1.9,
      4.8,
      6.0,
      11.5,
      13.5,
      0.2,
      7.1,
      2.2,
      0.2,
      12.8,
      0.35,
      5.8,
      5.8,
      0.0,
      4.8,
      3.5,
      4.0,
      3.9,
      8.3,
      8.6,
      0.22,
      34.2,
      3.5,
      8.2,
      0.3,
      5.8,
      31.7,
      4.2,
      2.3,
      6.0,
      8.4,
      0.23,
      7.2,
      4.4,
      5.9,
      8.0,
      9.7,
      8.2,
      7.6,
      12.0,
      3.5,
      41.6
    ],
    [
      5.7,
      13.7,
      0.1,
      2.6,
      4.6,
      6.8,
      6.7,
      4.3,
      3.7,
      10.7,
      12.3,
      14.3,
      4.7,
      11.9,
      4.1,
      5.7,
      13.7,
      4.5,
      6.2,
      10.5,
      4.8,
      0.0,
      4.7,
      5.2,
      5.0,
      9.4,
      10.4,
      5.6,
      35.3,
      7.8,
      9.9,
      5.7,
      7.0,
      32.8,
      5.4,
      5.6,
      7.6,
      10.1,
      5.6,
      8.8,
      0.7,
      7.6,
      11.9,
      8.8,
      9.9,
      8.8,
      13.2,
      3.2,
      42.8
    ],
    [
      4.5,
      8.8,
      4.5,
      2.8,
      3.4,
      10.3,
      5.3,
      2.5,
      3.9,
      10.4,
      6.2,
      9.5,
      3.4,
      11.3,
      2.8,
      4.4,
      8.8,
      3.2,
      4.6,
      10.1,
      3.5,
      4.7,
      0.0,
      1.6,
      2.0,
      8.2,
      11.5,
      4.4,
      30.4,
      6.3,
      11.0,
      4.5,
      5.8,
      27.9,
      3.5,
      4.5,
      2.6,
      11.3,
      4.4,
      3.1,
      4.2,
      8.8,
      10.6,
      12.6,
      11.1,
      3.6,
      8.3,
      3.3,
      37.8
    ],
    [
      5.2,
      7.0,
      5.0,
      4.4,
      4.0,
      9.1,
      8.3,
      2.5,
      5.7,
      9.1,
      5.4,
      7.4,
      3.9,
      10.2,
      2.8,
      5.0,
      6.7,
      3.7,
      5.5,
      8.9,
      4.0,
      5.2,
      1.6,
      0.0,
      1.3,
      10.0,
      10.4,
      5.9,
      25.3,
      5.2,
      9.9,
      6.0,
      7.5,
      26.1,
      4.7,
      5.0,
      3.2,
      10.1,
      5.9,
      3.7,
      4.8,
      7.6,
      9.7,
      10.9,
      9.9,
      3.2,
      6.5,
      5.0,
      36.1
    ],
    [
      4.8,
      8.1,
      4.8,
      3.3,
      3.8,
      8.7,
      7.9,
      2.0,
      4.4,
      8.7,
      6.5,
      8.0,
      3.8,
      9.8,
      2.0,
      4.6,
      7.8,
      3.6,
      6.6,
      8.5,
      3.9,
      5.0,
      2.0,
      1.3,
      0.0,
      9.6,
      10.0,
      5.5,
      29.1,
      4.8,
      9.5,
      5.5,
      7.1,
      26.6,
      5.1,
      4.6,
      4.3,
      9.7,
      5.5,
      3.8,
      4.6,
      7.2,
      9.0,
      10.5,
      9.5,
      4.3,
      7.0,
      3.9,
      36.6
    ],
    [
      6.3,
      16.8,
      9.2,
      7.6,
      8.2,
      1.4,
      3.1,
      7.1,
      8.7,
      1.8,
      15.0,
      16.6,
      8.2,
      3.3,
      7.4,
      6.1,
      16.5,
      7.9,
      9.7,
      1.2,
      8.3,
      9.4,
      8.2,
      10.0,
      9.6,
      0.0,
      2.9,
      7.0,
      37.8,
      5.0,
      5.4,
      7.1,
      2.4,
      35.3,
      11.0,
      6.1,
      12.9,
      4.7,
      7.0,
      12.5,
      11.7,
      3.1,
      9.5,
      2.1,
      3.7,
      12.9,
      15.7,
      10.4,
      45.2
    ],
    [
      6.7,
      17.2,
      10.2,
      10.2,
      8.6,
      2.0,
      4.2,
      7.5,
      11.4,
      1.1,
      15.4,
      17.0,
      8.6,
      0.45,
      7.8,
      6.5,
      16.9,
      8.3,
      10.7,
      1.8,
      8.6,
      10.4,
      11.5,
      10.4,
      10.0,
      2.9,
      0.0,
      7.5,
      38.2,
      5.5,
      2.0,
      7.5,
      3.5,
      35.7,
      11.5,
      6.6,
      13.4,
      1.8,
      7.5,
      12.9,
      11.7,
      2.9,
      10.0,
      1.0,
      0.8,
      13.4,
      16.1,
      10.9,
      45.7
    ],
    [
      0.27,
      12.9,
      5.4,
      3.9,
      0.065,
      6.1,
      1.9,
      1.3,
      5.0,
      6.1,
      11.6,
      13.6,
      0.065,
      7.2,
      1.5,
      0.3,
      12.9,
      0.19,
      6.0,
      5.9,
      0.22,
      5.6,
      4.4,
      5.9,
      5.5,
      7.0,
      7.5,
      0.0,
      34.0,
      3.3,
      8.0,
      0.11,
      5.6,
      31.5,
      4.0,
      0.19,
      5.8,
      8.2,
      0.01,
      7.0,
      4.2,
      5.7,
      7.8,
      9.5,
      8.0,
      7.5,
      11.9,
      3.4,
      41.4
    ],
    [
      33.0,
      24.8,
      35.1,
      33.4,
      34.1,
      36.9,
      35.9,
      34.2,
      32.5,
      36.9,
      25.7,
      22.5,
      34.1,
      38.0,
      34.0,
      35.0,
      24.8,
      33.8,
      32.3,
      36.7,
      34.2,
      35.3,
      30.4,
      25.3,
      29.1,
      37.8,
      38.2,
      34.0,
      0.0,
      23.1,
      27.8,
      25.3,
      25.4,
      2.5,
      21.5,
      25.3,
      20.3,
      28.5,
      25.2,
      17.9,
      25.5,
      25.5,
      27.7,
      29.1,
      28.2,
      19.8,
      13.6,
      24.0,
      23.4
    ],
    [
      2.2,
      11.7,
      7.6,
      6.1,
      3.4,
      4.2,
      3.3,
      2.3,
      7.2,
      4.2,
      10.2,
      11.8,
      3.4,
      5.2,
      2.6,
      2.4,
      11.7,
      3.1,
      8.2,
      4.0,
      3.5,
      7.8,
      6.3,
      5.2,
      4.8,
      5.0,
      5.5,
      3.3,
      23.1,
      0.0,
      5.0,
      3.3,
      2.6,
      30.5,
      6.4,
      2.3,
      8.1,
      5.2,
      3.3,
      7.7,
      7.1,
      2.7,
      4.5,
      6.0,
      5.0,
      8.1,
      10.9,
      5.7,
      40.4
    ],
    [
      6.2,
      16.4,
      9.7,
      8.2,
      8.1,
      4.0,
      3.7,
      7.1,
      9.3,
      3.0,
      14.9,
      16.5,
      8.1,
      1.7,
      7.3,
      6.0,
      16.4,
      7.9,
      10.2,
      4.3,
      8.2,
      9.9,
      11.0,
      9.9,
      9.5,
      5.4,
      2.0,
      8.0,
      27.8,
      5.0,
      0.0,
      6.3,
      2.3,
      34.5,
      10.3,
      5.4,
      12.2,
      1.8,
      6.3,
      11.7,
      10.6,
      1.7,
      8.8,
      3.1,
      1.6,
      12.2,
      14.9,
      9.7,
      44.5
    ],
    [
      0.22,
      13.0,
      5.5,
      3.9,
      0.17,
      6.2,
      2.0,
      1.3,
      5.0,
      6.2,
      11.7,
      13.7,
      0.17,
      7.3,
      1.5,
      0.4,
      13.0,
      0.14,
      6.0,
      6.0,
      0.3,
      5.7,
      4.5,
      6.0,
      5.5,
      7.1,
      7.5,
      0.11,
      25.3,
      3.3,
      6.3,
      0.0,
      5.6,
      31.5,
      4.0,
      0.29,
      5.8,
      8.2,
      0.095,
      7.0,
      4.2,
      5.7,
      7.8,
      9.5,
      8.0,
      7.4,
      11.9,
      3.3,
      41.4
    ],
    [
      3.8,
      13.5,
      6.8,
      5.2,
      5.7,
      1.6,
      1.1,
      4.6,
      6.3,
      1.6,
      12.5,
      14.1,
      5.7,
      3.2,
      4.9,
      3.6,
      14.0,
      5.5,
      7.3,
      1.4,
      5.8,
      7.0,
      5.8,
      7.5,
      7.1,
      2.4,
      3.5,
      5.6,
      25.4,
      2.6,
      2.3,
      5.6,
      0.0,
      32.8,
      8.6,
      3.6,
      10.5,
      3.3,
      4.6,
      10.0,
      9.3,
      0.65,
      7.1,
      2.0,
      3.1,
      10.5,
      13.2,
      7.9,
      42.7
    ],
    [
      32.7,
      22.3,
      32.6,
      30.9,
      31.6,
      34.4,
      33.4,
      31.7,
      30.0,
      34.4,
      23.2,
      20.0,
      31.6,
      35.5,
      31.5,
      30.3,
      22.3,
      31.3,
      29.8,
      34.2,
      31.7,
      32.8,
      27.9,
      26.1,
      26.6,
      35.3,
      35.7,
      31.5,
      2.5,
      30.5,
      34.5,
      31.5,
      32.8,
      0.0,
      19.0,
      22.8,
      17.8,
      25.9,
      22.7,
      15.4,
      23.0,
      23.4,
      25.2,
      26.6,
      25.7,
      17.3,
      11.1,
      21.5,
      20.9
    ],
    [
      5.2,
      9.3,
      5.2,
      3.5,
      4.1,
      10.3,
      6.0,
      4.2,
      1.1,
      10.2,
      7.9,
      9.9,
      4.1,
      11.2,
      4.0,
      5.1,
      9.3,
      3.9,
      2.3,
      10.0,
      4.2,
      5.4,
      3.5,
      4.7,
      5.1,
      11.0,
      11.5,
      4.0,
      21.5,
      6.4,
      10.3,
      4.0,
      8.6,
      19.0,
      0.0,
      5.7,
      4.0,
      12.2,
      5.6,
      5.2,
      4.0,
      7.6,
      12.7,
      9.0,
      11.5,
      5.6,
      10.0,
      2.5,
      39.6
    ],
    [
      0.4,
      13.0,
      5.4,
      3.9,
      0.17,
      5.2,
      2.0,
      1.4,
      5.0,
      5.2,
      11.6,
      13.7,
      0.17,
      6.3,
      1.4,
      0.19,
      11.8,
      0.3,
      6.0,
      5.0,
      2.3,
      5.6,
      4.5,
      5.0,
      4.6,
      6.1,
      6.6,
      0.19,
      25.3,
      2.3,
      5.4,
      0.29,
      3.6,
      22.8,
      5.7,
      0.0,
      6.9,
      6.2,
      0.2,
      8.1,
      5.3,
      3.7,
      7.0,
      7.0,
      6.0,
      8.5,
      12.9,
      4.4,
      42.5
    ],
    [
      7.0,
      8.0,
      7.0,
      5.2,
      5.9,
      12.0,
      7.8,
      6.0,
      4.3,
      12.0,
      6.1,
      8.7,
      5.9,
      13.1,
      5.8,
      6.9,
      8.0,
      5.7,
      3.3,
      11.8,
      6.0,
      7.6,
      2.6,
      3.2,
      4.3,
      12.9,
      13.4,
      5.8,
      20.3,
      8.1,
      12.2,
      5.8,
      10.5,
      17.8,
      4.0,
      6.9,
      0.0,
      13.0,
      6.4,
      2.1,
      8.0,
      10.5,
      12.3,
      13.8,
      12.8,
      1.4,
      7.6,
      6.5,
      37.2
    ],
    [
      6.4,
      17.4,
      9.9,
      8.4,
      8.3,
      3.8,
      3.9,
      7.3,
      9.5,
      2.9,
      15.1,
      16.8,
      8.3,
      1.5,
      7.5,
      6.2,
      17.1,
      8.1,
      10.5,
      3.6,
      8.4,
      10.1,
      11.3,
      10.1,
      9.7,
      4.7,
      1.8,
      8.2,
      28.5,
      5.2,
      1.8,
      8.2,
      3.3,
      25.9,
      12.2,
      6.2,
      13.0,
      0.0,
      7.0,
      12.5,
      11.3,
      2.4,
      9.4,
      2.7,
      0.7,
      12.9,
      15.7,
      10.4,
      45.2
    ],
    [
      0.26,
      13.0,
      5.4,
      3.9,
      0.074,
      6.1,
      1.9,
      1.3,
      5.0,
      6.1,
      11.6,
      13.6,
      0.074,
      7.2,
      1.5,
      0.35,
      13.0,
      0.18,
      6.0,
      5.9,
      0.23,
      5.6,
      4.4,
      5.9,
      5.5,
      7.0,
      7.5,
      0.01,
      25.2,
      3.3,
      6.3,
      0.095,
      4.6,
      22.7,
      5.6,
      0.2,
      6.4,
      7.0,
      0.0,
      7.0,
      4.2,
      5.7,
      7.8,
      9.0,
      8.0,
      7.5,
      11.9,
      3.4,
      41.4
    ],
    [
      8.2,
      5.7,
      8.2,
      6.4,
      7.1,
      11.6,
      9.0,
      7.2,
      5.5,
      11.6,
      4.3,
      6.3,
      7.1,
      12.7,
      7.0,
      7.5,
      5.7,
      6.9,
      5.3,
      11.4,
      7.2,
      8.8,
      3.1,
      3.7,
      3.8,
      12.5,
      12.9,
      7.0,
      17.9,
      7.7,
      11.7,
      7.0,
      10.0,
      15.4,
      5.2,
      8.1,
      2.1,
      12.5,
      7.0,
      0.0,
      8.4,
      10.1,
      11.9,
      13.4,
      12.4,
      2.1,
      5.8,
      6.9,
      35.3
    ],
    [
      6.0,
      13.2,
      0.6,
      2.2,
      4.3,
      10.9,
      6.2,
      3.9,
      3.3,
      10.9,
      11.9,
      13.9,
      4.3,
      11.5,
      3.7,
      5.3,
      13.2,
      4.1,
      5.8,
      10.7,
      4.4,
      0.7,
      4.2,
      4.8,
      4.6,
      11.7,
      11.7,
      4.2,
      25.5,
      7.1,
      10.6,
      4.2,
      9.3,
      23.0,
      4.0,
      5.3,
      8.0,
      11.3,
      4.2,
      8.4,
      0.0,
      7.1,
      12.0,
      8.4,
      9.5,
      8.8,
      12.8,
      2.7,
      42.3
    ],
    [
      3.9,
      13.6,
      7.4,
      5.9,
      5.8,
      2.2,
      1.4,
      4.8,
      7.0,
      2.2,
      12.6,
      14.3,
      5.8,
      2.6,
      5.0,
      3.7,
      14.1,
      5.6,
      7.9,
      2.0,
      5.9,
      7.6,
      8.8,
      7.6,
      7.2,
      3.1,
      2.9,
      5.7,
      25.5,
      2.7,
      1.7,
      5.7,
      0.65,
      23.4,
      7.6,
      3.7,
      10.5,
      2.4,
      5.7,
      10.1,
      7.1,
      0.0,
      7.1,
      3.3,
      2.3,
      10.6,
      13.4,
      8.1,
      42.9
    ],
    [
      6.7,
      15.9,
      11.7,
      10.2,
      7.9,
      8.7,
      7.8,
      6.8,
      11.4,
      8.7,
      14.4,
      16.1,
      7.9,
      9.7,
      7.1,
      6.9,
      15.9,
      7.6,
      12.3,
      8.5,
      8.0,
      11.9,
      10.6,
      9.7,
      9.0,
      9.5,
      10.0,
      7.8,
      27.7,
      4.5,
      8.8,
      7.8,
      7.1,
      25.2,
      12.7,
      7.0,
      12.3,
      9.4,
      7.8,
      11.9,
      12.0,
      7.1,
      0.0,
      6.0,
      5.0,
      12.2,
      14.9,
      9.6,
      44.4
    ],
    [
      7.2,
      17.4,
      8.6,
      10.7,
      9.1,
      1.3,
      2.6,
      8.0,
      11.8,
      0.35,
      15.9,
      17.5,
      9.1,
      1.5,
      8.3,
      7.0,
      17.4,
      8.9,
      9.2,
      1.1,
      9.7,
      8.8,
      12.6,
      10.9,
      10.5,
      2.1,
      1.0,
      9.5,
      29.1,
      6.0,
      3.1,
      9.5,
      2.0,
      26.6,
      9.0,
      7.0,
      13.8,
      2.7,
      9.0,
      13.4,
      8.4,
      3.3,
      6.0,
      0.0,
      1.8,
      13.9,
      16.6,
      11.3,
      46.1
    ],
    [
      6.2,
      16.4,
      9.7,
      9.8,
      8.1,
      2.8,
      3.7,
      7.1,
      10.9,
      1.9,
      14.9,
      16.6,
      8.1,
      0.5,
      7.3,
      6.0,
      16.4,
      7.9,
      10.3,
      2.6,
      8.2,
      9.9,
      11.1,
      9.9,
      9.5,
      3.7,
      0.8,
      8.0,
      28.2,
      5.0,
      1.6,
      8.0,
      3.1,
      25.7,
      11.5,
      6.0,
      12.8,
      0.7,
      8.0,
      12.4,
      9.5,
      2.3,
      5.0,
      1.8,
      0.0,
      13.1,
      15.8,
      10.5,
      45.3
    ],
    [
      8.7,
      7.5,
      8.6,
      6.9,
      7.6,
      12.0,
      9.4,
      6.2,
      6.0,
      12.1,
      6.1,
      8.2,
      7.5,
      13.1,
      7.5,
      8.5,
      7.5,
      7.3,
      5.8,
      11.9,
      7.6,
      8.8,
      3.6,
      3.2,
      4.3,
      12.9,
      13.4,
      7.5,
      19.8,
      8.1,
      12.2,
      7.4,
      10.5,
      17.3,
      5.6,
      8.5,
      1.4,
      12.9,
      7.5,
      2.1,
      8.8,
      10.6,
      12.2,
      13.9,
      13.1,
      0.0,
      7.7,
      7.3,
      37.2
    ],
    [
      10.9,
      1.2,
      13.0,
      11.3,
      12.0,
      14.8,
      13.8,
      12.1,
      10.4,
      14.8,
      3.6,
      0.7,
      12.0,
      15.9,
      11.9,
      12.9,
      1.3,
      11.7,
      10.2,
      14.6,
      12.0,
      13.2,
      8.3,
      6.5,
      7.0,
      15.7,
      16.1,
      11.9,
      13.6,
      10.9,
      14.9,
      11.9,
      13.2,
      11.1,
      10.0,
      12.9,
      7.6,
      15.7,
      11.9,
      5.8,
      12.8,
      13.4,
      14.9,
      16.6,
      15.8,
      7.7,
      0.0,
      12.3,
      29.6
    ],
    [
      4.6,
      11.7,
      3.0,
      1.0,
      3.5,
      9.5,
      5.3,
      3.1,
      1.8,
      9.5,
      10.4,
      12.4,
      3.4,
      10.6,
      3.0,
      4.4,
      11.7,
      3.2,
      4.7,
      9.3,
      3.5,
      3.2,
      3.3,
      5.0,
      3.9,
      10.4,
      10.9,
      3.4,
      24.0,
      5.7,
      9.7,
      3.3,
      7.9,
      21.5,
      2.5,
      4.4,
      6.5,
      10.4,
      3.4,
      6.9,
      2.7,
      8.1,
      9.6,
      11.3,
      10.5,
      7.3,
      12.3,
      0.0,
      41.3
    ],
    [
      42.6,
      32.2,
      42.6,
      40.9,
      41.5,
      44.3,
      43.4,
      41.6,
      39.9,
      44.3,
      33.1,
      30.0,
      41.5,
      45.4,
      41.4,
      42.5,
      32.2,
      41.3,
      39.7,
      44.1,
      41.6,
      42.8,
      37.8,
      36.1,
      36.6,
      45.2,
      45.7,
      41.4,
      23.4,
      40.4,
      44.5,
      41.4,
      42.7,
      20.9,
      39.6,
      42.5,
      37.2,
      45.2,
      41.4,
      35.3,
      42.3,
      42.9,
      44.4,
      46.1,
      45.3,
      37.2,
      29.6,
      41.3,
      0.0
    ]
  ],
  "drive_time_matrix": [
    [
      0.0,
      21.0,
      11.0,
      8.0,
      4.0,
      14.0,
      5.0,
      14.0,
      11.0,
      14.0,
      21.0,
      21.0,
      4.0,
      11.0,
      17.0,
      6.0,
      22.0,
      2.0,
      13.0,
      13.0,
      5.0,
      12.0,
      10.0,
      11.0,
      10.0,
      16.0,
      11.0,
      3.0,
      50.0,
      4.0,
      12.0,
      2.0,
      7.0,
      42.0,
      10.0,
      4.0,
      15.0,
      11.0,
      3.0,
      16.0,
      13.0,
      7.0,
      16.0,
      13.0,
      10.0,
      16.0,
      19.0,
      10.0,
      54.0
    ],
    [
      21.0,
      0.0,
      21.0,
      17.0,
      21.0,
      31.0,
      24.0,
      19.0,
      16.0,
      30.0,
      7.0,
      7.0,
      21.0,
      27.0,
      20.0,
      22.0,
      1.0,
      21.0,
      16.0,
      30.0,
      21.0,
      21.0,
      15.0,
      13.0,
      15.0,
      33.0,
      27.0,
      21.0,
      37.0,
      21.0,
      29.0,
      21.0,
      23.0,
      28.0,
      13.0,
      22.0,
      16.0,
      29.0,
      21.0,
      11.0,
      23.0,
      23.0,
      33.0,
      30.0,
      27.0,
      15.0,
      14.0,
      18.0,
      39.0
    ],
    [
      11.0,
      21.0,
      0.0,
      6.0,
      11.0,
      84.0,
      82.0,
      10.0,
      8.0,
      23.0,
      23.0,
      23.0,
      11.0,
      21.0,
      10.0,
      12.0,
      23.0,
      11.0,
      14.0,
      83.0,
      11.0,
      1.0,
      11.0,
      13.0,
      12.0,
      25.0,
      21.0,
      11.0,
      54.0,
      15.0,
      22.0,
      11.0,
      16.0,
      44.0,
      12.0,
      12.0,
      17.0,
      22.0,
      11.0,
      18.0,
      8.0,
      17.0,
      27.0,
      24.0,
      21.0,
      18.0,
      21.0,
      8.0,
      56.0
    ],
    [
      8.0,
      17.0,
      6.0,
      0.0,
      8.0,
      19.0,
      10.0,
      7.0,
      4.0,
      19.0,
      17.0,
      17.0,
      8.0,
      18.0,
      7.0,
      8.0,
      18.0,
      8.0,
      9.0,
      18.0,
      7.0,
      7.0,
      7.0,
      10.0,
      9.0,
      21.0,
      17.0,
      7.0,
      47.0,
      12.0,
      19.0,
      7.0,
      12.0,
      38.0,
      6.0,
      8.0,
      11.0,
      18.0,
      7.0,
      12.0,
      8.0,
      14.0,
      23.0,
      19.0,
      16.0,
      12.0,
      15.0,
      13.0,
      49.0
    ],
    [
      4.0,
      21.0,
      11.0,
      8.0,
      0.0,
      18.0,
      10.0,
      18.0,
      9.0,
      16.0,
      20.0,
      19.0,
      1.0,
      14.0,
      21.0,
      3.0,
      20.0,
      3.0,
      11.0,
      17.0,
      2.0,
      11.0,
      8.0,
      11.0,
      10.0,
      20.0,
      15.0,
      1.0,
      50.0,
      7.0,
      16.0,
      2.0,
      10.0,
      41.0,
      9.0,
      2.0,
      14.0,
      15.0,
      1.0,
      15.0,
      12.0,
      11.0,
      19.0,
      17.0,
      13.0,
      14.0,
      18.0,
      9.0,
      53.0
    ],
    [
      14.0,
      31.0,
      84.0,
      19.0,
      18.0,
      0.0,
      3.0,
      15.0,
      23.0,
      4.0,
      29.0,
      29.0,
      14.0,
      8.0,
      17.0,
      13.0,
      30.0,
      14.0,
      25.0,
      1.0,
      14.0,
      85.0,
      21.0,
      19.0,
      19.0,
      5.0,
      7.0,
      14.0,
      61.0,
      11.0,
      13.0,
      14.0,
      7.0,
      50.0,
      23.0,
      13.0,
      25.0,
      11.0,
      14.0,
      24.0,
      26.0,
      9.0,
      23.0,
      5.0,
      9.0,
      24.0,
      27.0,
      23.0,
      63.0
    ],
    [
      5.0,
      24.0,
      82.0,
      10.0,
      10.0,
      3.0,
      0.0,
      10.0,
      15.0,
      10.0,
      25.0,
      24.0,
      6.0,
      9.0,
      10.0,
      6.0,
      25.0,
      6.0,
      16.0,
      5.0,
      6.0,
      83.0,
      14.0,
      16.0,
      15.0,
      13.0,
      10.0,
      6.0,
      57.0,
      7.0,
      10.0,
      6.0,
      14.0,
      46.0,
      14.0,
      6.0,
      19.0,
      10.0,
      6.0,
      20.0,
      17.0,
      5.0,
      19.0,
      11.0,
      8.0,
      20.0,
      23.0,
      14.0,
      59.0
    ],
    [
      14.0,
      19.0,
      10.0,
      7.0,
      18.0,
      15.0,
      10.0,
      0.0,
      11.0,
      14.0,
      20.0,
      20.0,
      18.0,
      12.0,
      3.0,
      4.0,
      21.0,
      16.0,
      12.0,
      15.0,
      5.0,
      13.0,
      9.0,
      9.0,
      8.0,
      18.0,
      13.0,
      17.0,
      50.0,
      6.0,
      13.0,
      17.0,
      9.0,
      42.0,
      10.0,
      18.0,
      15.0,
      13.0,
      17.0,
      16.0,
      14.0,
      9.0,
      18.0,
      14.0,
      12.0,
      15.0,
      19.0,
      11.0,
      54.0
    ],
    [
      11.0,
      16.0,
      8.0,
      4.0,
      9.0,
      23.0,
      15.0,
      11.0,
      0.0,
      21.0,
      16.0,
      15.0,
      10.0,
      19.0,
      9.0,
      10.0,
      16.0,
      10.0,
      8.0,
      20.0,
      9.0,
      9.0,
      10.0,
      10.0,
      11.0,
      23.0,
      20.0,
      10.0,
      45.0,
      14.0,
      21.0,
      10.0,
      15.0,
      36.0,
      14.0,
      10.0,
      11.0,
      21.0,
      10.0,
      11.0,
      10.0,
      16.0,
      26.0,
      21.0,
      18.0,
      11.0,
      14.0,
      5.0,
      46.0
    ],
    [
      14.0,
      30.0,
      23.0,
      19.0,
      16.0,
      4.0,
      10.0,
      14.0,
      21.0,
      0.0,
      28.0,
      28.0,
      14.0,
      5.0,
      16.0,
      13.0,
      29.0,
      14.0,
      24.0,
      13.0,
      14.0,
      24.0,
      20.0,
      18.0,
      18.0,
      6.0,
      4.0,
      14.0,
      60.0,
      11.0,
      10.0,
      14.0,
      7.0,
      49.0,
      22.0,
      13.0,
      23.0,
      8.0,
      14.0,
      24.0,
      25.0,
      8.0,
      23.0,
      4.0,
      5.0,
      23.0,
      27.0,
      22.0,
      62.0
    ],
    [
      21.0,
      7.0,
      23.0,
      17.0,
      20.0,
      29.0,
      25.0,
      20.0,
      16.0,
      28.0,
      0.0,
      9.0,
      20.0,
      25.0,
      21.0,
      21.0,
      7.0,
      20.0,
      16.0,
      28.0,
      20.0,
      21.0,
      14.0,
      12.0,
      14.0,
      30.0,
      25.0,
      20.0,
      39.0,
      19.0,
      26.0,
      20.0,
      22.0,
      31.0,
      12.0,
      21.0,
      14.0,
      26.0,
      20.0,
      10.0,
      22.0,
      22.0,
      31.0,
      27.0,
      24.0,
      14.0,
      7.0,
      17.0,
      41.0
    ],
    [
      21.0,
      7.0,
      23.0,
      17.0,
      19.0,
      29.0,
      24.0,
      20.0,
      15.0,
      28.0,
      9.0,
      0.0,
      21.0,
      28.0,
      21.0,
      22.0,
      7.0,
      21.0,
      17.0,
      30.0,
      21.0,
      23.0,
      16.0,
      14.0,
      15.0,
      33.0,
      28.0,
      21.0,
      34.0,
      21.0,
      28.0,
      21.0,
      24.0,
      26.0,
      14.0,
      22.0,
      16.0,
      28.0,
      21.0,
      12.0,
      23.0,
      24.0,
      33.0,
      30.0,
      27.0,
      15.0,
      9.0,
      19.0,
      36.0
    ],
    [
      4.0,
      21.0,
      11.0,
      8.0,
      1.0,
      14.0,
      6.0,
      18.0,
      10.0,
      14.0,
      20.0,
      21.0,
      0.0,
      13.0,
      21.0,
      5.0,
      20.0,
      3.0,
      12.0,
      16.0,
      2.0,
      11.0,
      9.0,
      11.0,
      10.0,
      19.0,
      14.0,
      1.0,
      49.0,
      7.0,
      14.0,
      2.0,
      10.0,
      41.0,
      9.0,
      2.0,
      14.0,
      14.0,
      1.0,
      15.0,
      12.0,
      10.0,
      19.0,
      16.0,
      13.0,
      14.0,
      18.0,
      8.0,
      53.0
    ],
    [
      11.0,
      27.0,
      21.0,
      18.0,
      14.0,
      8.0,
      9.0,
      12.0,
      19.0,
      5.0,
      25.0,
      28.0,
      13.0,
      0.0,
      14.0,
      10.0,
      27.0,
      11.0,
      22.0,
      6.0,
      11.0,
      22.0,
      18.0,
      16.0,
      15.0,
      9.0,
      6.0,
      11.0,
      58.0,
      8.0,
      6.0,
      11.0,
      6.0,
      47.0,
      20.0,
      10.0,
      21.0,
      4.0,
      11.0,
      21.0,
      23.0,
      5.0,
      20.0,
      4.0,
      6.0,
      21.0,
      24.0,
      19.0,
      59.0
    ],
    [
      17.0,
      20.0,
      10.0,
      7.0,
      21.0,
      17.0,
      10.0,
      3.0,
      9.0,
      16.0,
      21.0,
      21.0,
      21.0,
      14.0,
      0.0,
      5.0,
      21.0,
      19.0,
      13.0,
      15.0,
      6.0,
      12.0,
      9.0,
      10.0,
      8.0,
      18.0,
      13.0,
      20.0,
      52.0,
      6.0,
      14.0,
      19.0,
      9.0,
      42.0,
      10.0,
      5.0,
      16.0,
      14.0,
      20.0,
      16.0,
      13.0,
      9.0,
      18.0,
      15.0,
      12.0,
      15.0,
      19.0,
      10.0,
      55.0
    ],
    [
      6.0,
      22.0,
      12.0,
      8.0,
      3.0,
      13.0,
      6.0,
      4.0,
      10.0,
      13.0,
      21.0,
      22.0,
      5.0,
      10.0,
      5.0,
      0.0,
      20.0,
      6.0,
      13.0,
      12.0,
      3.0,
      12.0,
      10.0,
      10.0,
      10.0,
      15.0,
      10.0,
      4.0,
      50.0,
      4.0,
      10.0,
      6.0,
      6.0,
      40.0,
      10.0,
      3.0,
      16.0,
      10.0,
      5.0,
      15.0,
      13.0,
      6.0,
      17.0,
      12.0,
      9.0,
      15.0,
      19.0,
      10.0,
      55.0
    ],
    [
      22.0,
      1.0,
      23.0,
      18.0,
      20.0,
      30.0,
      25.0,
      21.0,
      16.0,
      29.0,
      7.0,
      7.0,
      20.0,
      27.0,
      21.0,
      20.0,
      0.0,
      21.0,
      17.0,
      28.0,
      21.0,
      22.0,
      16.0,
      12.0,
      14.0,
      31.0,
      26.0,
      21.0,
      37.0,
      20.0,
      27.0,
      21.0,
      22.0,
      29.0,
      14.0,
      21.0,
      16.0,
      27.0,
      21.0,
      11.0,
      23.0,
      22.0,
      32.0,
      29.0,
      25.0,
      15.0,
      16.0,
      18.0,
      40.0
    ],
    [
      2.0,
      21.0,
      11.0,
      8.0,
      3.0,
      14.0,
      6.0,
      16.0,
      10.0,
      14.0,
      20.0,
      21.0,
      3.0,
      11.0,
      19.0,
      6.0,
      21.0,
      0.0,
      11.0,
      16.0,
      4.0,
      10.0,
      8.0,
      10.0,
      9.0,
      18.0,
      14.0,
      2.0,
      47.0,
      6.0,
      14.0,
      2.0,
      10.0,
      38.0,
      8.0,
      4.0,
      13.0,
      14.0,
      2.0,
      14.0,
      11.0,
      9.0,
      19.0,
      16.0,
      12.0,
      14.0,
      16.0,
      7.0,
      50.0
    ],
    [
      13.0,
      16.0,
      14.0,
      9.0,
      11.0,
      25.0,
      16.0,
      12.0,
      8.0,
      24.0,
      16.0,
      17.0,
      12.0,
      22.0,
      13.0,
      13.0,
      17.0,
      11.0,
      0.0,
      23.0,
      13.0,
      15.0,
      11.0,
      11.0,
      13.0,
      26.0,
      23.0,
      13.0,
      45.0,
      17.0,
      24.0,
      13.0,
      18.0,
      36.0,
      6.0,
      13.0,
      11.0,
      24.0,
      13.0,
      12.0,
      16.0,
      19.0,
      29.0,
      26.0,
      22.0,
      12.0,
      15.0,
      11.0,
      48.0
    ],
    [
      13.0,
      30.0,
      83.0,
      18.0,
      17.0,
      1.0,
      5.0,
      15.0,
      20.0,
      13.0,
      28.0,
      30.0,
      16.0,
      6.0,
      15.0,
      12.0,
      28.0,
      16.0,
      23.0,
      0.0,
      13.0,
      23.0,
      20.0,
      18.0,
      17.0,
      4.0,
      7.0,
      13.0,
      58.0,
      10.0,
      12.0,
      13.0,
      6.0,
      48.0,
      21.0,
      12.0,
      23.0,
      11.0,
      13.0,
      24.0,
      24.0,
      7.0,
      22.0,
      5.0,
      8.0,
      23.0,
      26.0,
      21.0,
      61.0
    ],
    [
      5.0,
      21.0,
      11.0,
      7.0,
      2.0,
      14.0,
      6.0,
      5.0,
      9.0,
      14.0,
      20.0,
      21.0,
      2.0,
      11.0,
      6.0,
      3.0,
      21.0,
      4.0,
      13.0,
      13.0,
      0.0,
      10.0,
