{
  "drive_dist_matrix": [
    [
      0.0,
      8.3,
      5.2,
      11.0,
      9.2,
      3.3,
      4.0,
      1.9,
      12.4,
      3.8,
      3.5,
      3.3,
      0.6,
      1.8,
      51.8,
      4.1,
      33.5,
      3.4,
      3.5,
      5.8
    ],
    [
      8.3,
      0.0,
      7.6,
      3.9,
      16.3,
      5.7,
      6.9,
      8.6,
      16.9,
      5.2,
      7.5,
      8.5,
      9.0,
      8.5,
      39.6,
      6.8,
      34.8,
      10.1,
      6.4,
      6.3
    ],
    [
      5.2,
      7.6,
      0.0,
      9.1,
      13.0,
      4.6,
      5.3,
      4.8,
      16.0,
      4.0,
      4.8,
      3.0,
      5.2,
      4.7,
      49.0,
      5.4,
      26.6,
      6.3,
      4.8,
      2.2
    ],
    [
      11.0,
      3.9,
      9.1,
      0.0,
      22.3,
      11.7,
      12.9,
      14.6,
      23.8,
      11.2,
      13.4,
      14.4,
      15.0,
      14.5,
      38.4,
      12.8,
      32.2,
      16.1,
      12.4,
      12.2
    ],
    [
      9.2,
      16.3,
      13.0,
      22.3,
      0.0,
      17.4,
      18.1,
      14.6,
      21.3,
      17.9,
      20.8,
      15.4,
      16.4,
      14.7,
      66.8,
      21.4,
      24.4,
      14.5,
      17.6,
      17.9
    ],
    [
      3.3,
      5.7,
      4.6,
      11.7,
      17.4,
      0.0,
      1.1,
      3.0,
      13.0,
      0.5,
      1.8,
      4.4,
      3.3,
      2.8,
      44.0,
      2.4,
      34.6,
      4.4,
      0.75,
      3.3
    ],
    [
      4.0,
      6.9,
      5.3,
      12.9,
      18.1,
      1.1,
      0.0,
      4.1,
      13.7,
      0.55,
      2.5,
      5.5,
      4.4,
      3.9,
      44.1,
      3.1,
      35.6,
      5.5,
      0.85,
      3.5
    ],
    [
      1.9,
      8.6,
      4.8,
      14.6,
      14.6,
      3.0,
      4.1,
      0.0,
      11.2,
      3.5,
      3.7,
      3.0,
      1.9,
      0.25,
      51.4,
      4.3,
      32.5,
      1.5,
      3.2,
      6.3
    ],
    [
      12.4,
      16.9,
      16.0,
      23.8,
      21.3,
      13.0,
      13.7,
      11.2,
      0.0,
      13.8,
      11.2,
      14.0,
      12.6,
      11.3,
      55.2,
      10.8,
      34.0,
      11.0,
      13.4,
      15.9
    ],
    [
      3.8,
      5.2,
      4.0,
      11.2,
      17.9,
      0.5,
      0.55,
      3.5,
      13.8,
      0.0,
      1.9,
      4.9,
      3.8,
      3.3,
      43.4,
      2.5,
      35.0,
      4.9,
      0.8,
      2.8
    ],
    [
      3.5,
      7.5,
      4.8,
      13.4,
      20.8,
      1.8,
      2.5,
      3.7,
      11.2,
      1.9,
      0.0,
      3.8,
      3.3,
      3.3,
      46.1,
      0.65,
      33.6,
      3.8,
      2.3,
      4.7
    ],
    [
      3.3,
      8.5,
      3.0,
      14.4,
      15.4,
      4.4,
      5.5,
      3.0,
      14.0,
      4.9,
      3.8,
      0.0,
      3.3,
      2.8,
      50.2,
      4.4,
      28.2,
      4.4,
      4.6,
      2.7
    ],
    [
      0.6,
      9.0,
      5.2,
      15.0,
      16.4,
      3.3,
      4.4,
      1.9,
      12.6,
      3.8,
      3.3,
      3.3,
      0.0,
      1.8,
      51.8,
      4.1,
      33.6,
      3.4,
      3.5,
      5.8
    ],
    [
      1.8,
      8.5,
      4.7,
      14.5,
      14.7,
      2.8,
      3.9,
      0.25,
      11.3,
      3.3,
      3.3,
      2.8,
      1.8,
      0.0,
      51.3,
      4.2,
      32.6,
      1.6,
      3.0,
      6.2
    ],
    [
      51.8,
      39.6,
      49.0,
      38.4,
      66.8,
      44.0,
      44.1,
      51.4,
      55.2,
      43.4,
      46.1,
      50.2,
      51.8,
      51.3,
      0.0,
      36.8,
      57.4,
      40.2,
      36.5,
      36.3
    ],
    [
      4.1,
      6.8,
      5.4,
      12.8,
      21.4,
      2.4,
      3.1,
      4.3,
      10.8,
      2.5,
      0.65,
      4.4,
      4.1,
      4.2,
      36.8,
      0.0,
      34.5,
      4.7,
      2.8,
      5.3
    ],
    [
      33.5,
      34.8,
      26.6,
      32.2,
      24.4,
      34.6,
      35.6,
      32.5,
      34.0,
      35.0,
      33.6,
      28.2,
      33.6,
      32.6,
      57.4,
      34.5,
      0.0,
      26.5,
      29.2,
      28.5
    ],
    [
      3.4,
      10.1,
      6.3,
      16.1,
      14.5,
      4.4,
      5.5,
      1.5,
      11.0,
      4.9,
      3.8,
      4.4,
      3.4,
      1.6,
      40.2,
      4.7,
      26.5,
      0.0,
      4.6,
      7.2
    ],
    [
      3.5,
      6.4,
      4.8,
      12.4,
      17.6,
      0.75,
      0.85,
      3.2,
      13.4,
      0.8,
      2.3,
      4.6,
      3.5,
      3.0,
      36.5,
      2.8,
      29.2,
      4.6,
      0.0,
      3.5
    ],
    [
      5.8,
      6.3,
      2.2,
      12.2,
      17.9,
      3.3,
      3.5,
      6.3,
      15.9,
      2.8,
      4.7,
      2.7,
      5.8,
      6.2,
      36.3,
      5.3,
      28.5,
      7.2,
      3.5,
      0.0
    ]
  ],
  "drive_time_matrix": [
    [
      0.0,
      12.0,
      10.0,
      19.0,
      13.0,
      7.0,
      9.0,
      5.0,
      16.0,
      8.0,
      8.0,
      7.0,
      8.0,
      5.0,
      52.0,
      9.0,
      27.0,
      7.0,
      8.0,
      11.0
    ],
    [
      12.0,
      0.0,
      12.0,
      8.0,
      22.0,
      11.0,
      14.0,
      14.0,
      21.0,
      9.0,
      13.0,
      14.0,
      16.0,
      14.0,
      44.0,
      11.0,
      36.0,
      15.0,
      13.0,
      12.0
    ],
    [
      10.0,
      12.0,
      0.0,
      15.0,
      16.0,
      7.0,
      10.0,
      8.0,
      19.0,
      8.0,
      8.0,
      5.0,
      10.0,
      8.0,
      44.0,
      9.0,
      30.0,
      10.0,
      8.0,
      4.0
    ],
    [
      19.0,
      8.0,
      15.0,
      0.0,
      25.0,
      15.0,
      18.0,
      18.0,
      25.0,
      13.0,
      17.0,
      18.0,
      20.0,
      18.0,
      41.0,
      15.0,
      37.0,
      19.0,
      17.0,
      16.0
    ],
    [
      13.0,
      22.0,
      16.0,
      25.0,
      0.0,
      19.0,
      21.0,
      16.0,
      19.0,
      20.0,
      20.0,
      17.0,
      20.0,
      17.0,
      59.0,
      21.0,
      15.0,
      17.0,
      20.0,
      21.0
    ],
    [
      7.0,
      11.0,
      7.0,
      15.0,
      19.0,
      0.0,
      16.0,
      3.0,
      14.0,
      1.0,
      4.0,
      5.0,
      5.0,
      3.0,
      48.0,
      5.0,
      26.0,
      5.0,
      2.0,
      6.0
    ],
    [
      9.0,
      14.0,
      10.0,
      18.0,
      21.0,
      16.0,
      0.0,
      7.0,
      17.0,
      7.0,
      7.0,
      9.0,
      9.0,
      7.0,
      50.0,
      8.0,
      30.0,
      9.0,
      11.0,
      8.0
    ],
    [
      5.0,
      14.0,
      8.0,
      18.0,
      16.0,
      3.0,
      7.0,
      0.0,
      13.0,
      4.0,
      6.0,
      4.0,
      4.0,
      3.0,
      49.0,
      7.0,
      24.0,
      2.0,
      4.0,
      9.0
    ],
    [
      16.0,
      21.0,
      19.0,
      25.0,
      19.0,
      14.0,
      17.0,
      13.0,
      0.0,
      15.0,
      12.0,
      16.0,
      17.0,
      13.0,
      58.0,
      11.0,
      24.0,
      12.0,
      16.0,
      18.0
    ],
    [
      8.0,
      9.0,
      8.0,
      13.0,
      20.0,
      1.0,
      7.0,
      4.0,
      15.0,
      0.0,
      4.0,
      6.0,
      6.0,
      4.0,
      46.0,
      5.0,
      27.0,
      6.0,
      10.0,
      5.0
    ],
    [
      8.0,
      13.0,
      8.0,
      17.0,
      20.0,
      4.0,
      7.0,
      6.0,
      12.0,
      4.0,
      0.0,
      7.0,
      8.0,
      7.0,
      52.0,
      1.0,
      26.0,
      7.0,
      6.0,
      8.0
    ],
    [
      7.0,
      14.0,
      5.0,
      18.0,
      17.0,
      5.0,
      9.0,
      4.0,
      16.0,
      6.0,
      7.0,
      0.0,
      7.0,
      5.0,
      45.0,
      8.0,
      26.0,
      7.0,
      7.0,
      4.0
    ],
    [
      8.0,
      16.0,
      10.0,
      20.0,
      20.0,
      5.0,
      9.0,
      4.0,
      17.0,
      6.0,
      8.0,
      7.0,
      0.0,
      5.0,
      52.0,
      9.0,
      27.0,
      7.0,
      8.0,
      11.0
    ],
    [
      5.0,
      14.0,
      8.0,
      18.0,
      17.0,
      3.0,
      7.0,
      3.0,
      13.0,
      4.0,
      7.0,
      5.0,
      5.0,
      0.0,
      49.0,
      7.0,
      24.0,
      2.0,
      4.0,
      9.0
    ],
    [
      52.0,
      44.0,
      44.0,
      41.0,
      59.0,
      48.0,
      50.0,
      49.0,
      58.0,
      46.0,
      52.0,
      45.0,
      52.0,
      49.0,
      0.0,
      32.0,
      52.0,
      36.0,
      34.0,
      33.0
    ],
    [
      9.0,
      11.0,
      9.0,
      15.0,
      21.0,
      5.0,
      8.0,
      7.0,
      11.0,
      5.0,
      1.0,
      8.0,
      9.0,
      7.0,
      32.0,
      0.0,
      26.0,
      8.0,
      6.0,
      8.0
    ],
    [
      27.0,
      36.0,
      30.0,
      37.0,
      15.0,
      26.0,
      30.0,
      24.0,
      24.0,
      27.0,
      26.0,
      26.0,
      27.0,
      24.0,
      52.0,
      26.0,
      0.0,
      23.0,
      27.0,
      25.0
    ],
    [
      7.0,
      15.0,
      10.0,
      19.0,
      17.0,
      5.0,
      9.0,
      2.0,
      12.0,
      6.0,
      7.0,
      7.0,
      7.0,
      2.0,
      36.0,
      8.0,
      23.0,
      0.0,
      7.0,
      10.0
    ],
    [
      8.0,
      13.0,
      8.0,
      17.0,
      20.0,
      2.0,
      11.0,
      4.0,
      16.0,
      10.0,
      6.0,
      7.0,
      8.0,
      4.0,
      34.0,
      6.0,
      27.0,
      7.0,
      0.0,
      8.0
    ],
    [
      11.0,
      12.0,
      4.0,
      16.0,
      21.0,
      6.0,
      8.0,
      9.0,
      18.0,
      5.0,
      8.0,
      4.0,
      11.0,
      9.0,
      33.0,
      8.0,
      25.0,
      10.0,
      8.0,
      0.0
    ]
  ],
  "transit_dist_walk_matrix": [
    [
      0.0,
      NaN,
      NaN,
      NaN,
      NaN,
      NaN,
      NaN,
      NaN,
      NaN,
      NaN,
      NaN,
      NaN,
      NaN,
      NaN,
      NaN,
      NaN,
      NaN,
      NaN,
      NaN,
      NaN
    ],
    [
      NaN,
      0.0,
      NaN,
      NaN,
      NaN,
      NaN,
      NaN,
      NaN,
      NaN,
      NaN,
      NaN,
      NaN,
      NaN,
      NaN,
      NaN,
      NaN,
      NaN,
      NaN,
      NaN,
      NaN
    ],
    [
      NaN,
      NaN,
      0.0,
      NaN,
      NaN,
      NaN,
      NaN,
      NaN,
      NaN,
      NaN,
      NaN,
      NaN,
      NaN,
      NaN,
      NaN,
      NaN,
      NaN,
      NaN,
      NaN,
      NaN
    ],
    [
      NaN,
      NaN,
      NaN,
      0.0,
      NaN,
      NaN,
      NaN,
      NaN,
      NaN,
      NaN,
      NaN,
      NaN,
      NaN,
      NaN,
      NaN,
      NaN,
      NaN,
      NaN,
      NaN,
      NaN
    ],
    [
      NaN,
      NaN,
      NaN,
      NaN,
      0.0,
      NaN,
      NaN,
      NaN,
      NaN,
      NaN,
      NaN,
      NaN,
      NaN,
      NaN,
      NaN,
      NaN,
      NaN,
      NaN,
      NaN,
      NaN
    ],
    [
      NaN,
      NaN,
      NaN,
      NaN,
      NaN,
      0.0,
      NaN,
      NaN,
      NaN,
      NaN,
      NaN,
      NaN,
      NaN,
      NaN,
      NaN,
      NaN,
      NaN,
      NaN,
      NaN,
      NaN
    ],
    [
      NaN,
      NaN,
      NaN,
      NaN,
      NaN,
      NaN,
      0.0,
      NaN,
      NaN,
      NaN,
      NaN,
      NaN,
      NaN,
      NaN,
      NaN,
      NaN,
      NaN,
      NaN,
      NaN,
      NaN
    ],
    [
      NaN,
      NaN,
      NaN,
      NaN,
      NaN,
      NaN,
      NaN,
      0.0,
      NaN,
      NaN,
      NaN,
      NaN,
      NaN,
      NaN,
      NaN,
      NaN,
      NaN,
      NaN,
      NaN,
      NaN
    ],
    [
      NaN,
      NaN,
      NaN,
      NaN,
      NaN,
      NaN,
      NaN,
      NaN,
      0.0,
      NaN,
      NaN,
      NaN,
      NaN,
      NaN,
      NaN,
      NaN,
      NaN,
      NaN,
      NaN,
      NaN
    ],
    [
      NaN,
      NaN,
      NaN,
      NaN,
      NaN,
      NaN,
      NaN,
      NaN,
      NaN,
      0.0,
      NaN,
      NaN,
      NaN,
      NaN,
      NaN,
      NaN,
      NaN,
      NaN,
      NaN,
      NaN
    ],
    [
      NaN,
      NaN,
      NaN,
      NaN,
      NaN,
      NaN,
      NaN,
      NaN,
      NaN,
      NaN,
      0.0,
      NaN,
      NaN,
      NaN,
      NaN,
      NaN,
      NaN,
      NaN,
      NaN,
      NaN
    ],
    [
      NaN,
      NaN,
      NaN,
      NaN,
      NaN,
      NaN,
      NaN,
      NaN,
      NaN,
      NaN,
      NaN,
      0.0,
      NaN,
      NaN,
      NaN,
      NaN,
      NaN,
      NaN,
      NaN,
      NaN
    ],
    [
      NaN,
      NaN,
      NaN,
      NaN,
      NaN,
      NaN,
      NaN,
      NaN,
      NaN,
      NaN,
      NaN,
      NaN,
      0.0,
      NaN,
      NaN,
      NaN,
      NaN,
      NaN,
      NaN,
      NaN
    ],
    [
      NaN,
      NaN,
      NaN,
      NaN,
      NaN,
      NaN,
      NaN,
      NaN,
      NaN,
      NaN,
      NaN,
      NaN,
      NaN,
      0.0,
      NaN,
      NaN,
      NaN,
      NaN,
      NaN,
      NaN
    ],
    [
      NaN,
      NaN,
      NaN,
      NaN,
      NaN,
      NaN,
      NaN,
      NaN,
      NaN,
      NaN,
      NaN,
      NaN,
      NaN,
      NaN,
      0.0,
      NaN,
      NaN,
      NaN,
      NaN,
      NaN
    ],
    [
      NaN,
      NaN,
      NaN,
      NaN,
      NaN,
      NaN,
      NaN,
      NaN,
      NaN,
      NaN,
      NaN,
      NaN,
      NaN,
      NaN,
      NaN,
      0.0,
      NaN,
      NaN,
      NaN,
      NaN
    ],
    [
      NaN,
      NaN,
      NaN,
      NaN,
      NaN,
      NaN,
      NaN,
      NaN,
      NaN,
      NaN,
      NaN,
      NaN,
      NaN,
      NaN,
      NaN,
      NaN,
      0.0,
      NaN,
      NaN,
      NaN
    ],
    [
      NaN,
      NaN,
      NaN,
      NaN,
      NaN,
      NaN,
      NaN,
      NaN,
      NaN,
      NaN,
      NaN,
      NaN,
      NaN,
      NaN,
      NaN,
      NaN,
      NaN,
      0.0,
      NaN,
      NaN
    ],
    [
      NaN,
      NaN,
      NaN,
      NaN,
      NaN,
      NaN,
      NaN,
      NaN,
      NaN,
      NaN,
      NaN,
      NaN,
      NaN,
      NaN,
      NaN,
      NaN,
      NaN,
      NaN,
      0.0,
      NaN
    ],
    [
      NaN,
      NaN,
      NaN,
      NaN,
      NaN,
      NaN,
      NaN,
      NaN,
      NaN,
      NaN,
      NaN,
      NaN,
      NaN,
      NaN,
      NaN,
      NaN,
      NaN,
      NaN,
      NaN,
      0.0
    ]
  ],
  "transit_time_matrix": [
    [
      0.0,
      NaN,
      NaN,
      NaN,
      NaN,
      NaN,
      NaN,
      NaN,
      NaN,
      NaN,
      NaN,
      NaN,
      NaN,
      NaN,
      NaN,
      NaN,
      NaN,
      NaN,
      NaN,
      NaN
    ],
    [
      NaN,
      0.0,
      NaN,
      NaN,
      NaN,
      NaN,
      NaN,
      NaN,
      NaN,
      NaN,
      NaN,
      NaN,
      NaN,
      NaN,
      NaN,
      NaN,
      NaN,
      NaN,
      NaN,
      NaN
    ],
    [
      NaN,
      NaN,
      0.0,
      NaN,
      NaN,
      NaN,
      NaN,
      NaN,
      NaN,
      NaN,
      NaN,
      NaN,
      NaN,
      NaN,
      NaN,
      NaN,
      NaN,
      NaN,
      NaN,
      NaN
    ],
    [
      NaN,
      NaN,
      NaN,
      0.0,
      NaN,
      NaN,
      NaN,
      NaN,
      NaN,
      NaN,
      NaN,
      NaN,
      NaN,
      NaN,
      NaN,
      NaN,
      NaN,
      NaN,
      NaN,
      NaN
    ],
    [
      NaN,
      NaN,
      NaN,
      NaN,
      0.0,
      NaN,
      NaN,
      NaN,
      NaN,
      NaN,
      NaN,
      NaN,
      NaN,
      NaN,
      NaN,
      NaN,
      NaN,
      NaN,
      NaN,
      NaN
    ],
    [
      NaN,
      NaN,
      NaN,
      NaN,
      NaN,
      0.0,
      NaN,
      NaN,
      NaN,
      NaN,
      NaN,
      NaN,
      NaN,
      NaN,
      NaN,
      NaN,
      NaN,
      NaN,
      NaN,
      NaN
    ],
    [
      NaN,
      NaN,
      NaN,
      NaN,
      NaN,
      NaN,
      0.0,
      NaN,
      NaN,
      NaN,
      NaN,
      NaN,
      NaN,
      NaN,
      NaN,
      NaN,
      NaN,
      NaN,
      NaN,
      NaN
    ],
    [
      NaN,
      NaN,
      NaN,
      NaN,
      NaN,
      NaN,
      NaN,
      0.0,
      NaN,
      NaN,
      NaN,
      NaN,
      NaN,
      NaN,
      NaN,
      NaN,
      NaN,
      NaN,
      NaN,
      NaN
    ],
    [
      NaN,
      NaN,
      NaN,
      NaN,
      NaN,
      NaN,
      NaN,
      NaN,
      0.0,
      NaN,
      NaN,
      NaN,
      NaN,
      NaN,
      NaN,
      NaN,
      NaN,
      NaN,
      NaN,
      NaN
    ],
    [
      NaN,
      NaN,
      NaN,
      NaN,
      NaN,
      NaN,
      NaN,
      NaN,
      NaN,
      0.0,
      NaN,
      NaN,
      NaN,
      NaN,
      NaN,
      NaN,
      NaN,
      NaN,
      NaN,
      NaN
    ],
    [
      NaN,
      NaN,
      NaN,
      NaN,
      NaN,
      NaN,
      NaN,
      NaN,
      NaN,
      NaN,
      0.0,
      NaN,
      NaN,
      NaN,
      NaN,
      NaN,
      NaN,
      NaN,
      NaN,
      NaN
    ],
    [
      NaN,
      NaN,
      NaN,
      NaN,
      NaN,
      NaN,
      NaN,
      NaN,
      NaN,
      NaN,
      NaN,
      0.0,
      NaN,
      NaN,
      NaN,
      NaN,
      NaN,
      NaN,
      NaN,
      NaN
    ],
    [
      NaN,
      NaN,
      NaN,
      NaN,
      NaN,
      NaN,
      NaN,
      NaN,
      NaN,
      NaN,
      NaN,
      NaN,
      0.0,
      NaN,
      NaN,
      NaN,
      NaN,
      NaN,
      NaN,
      NaN
    ],
    [
      NaN,
      NaN,
      NaN,
      NaN,
      NaN,
      NaN,
      NaN,
      NaN,
      NaN,
      NaN,
      NaN,
      NaN,
      NaN,
      0.0,
      NaN,
      NaN,
      NaN,
      NaN,
      NaN,
      NaN
    ],
    [
      NaN,
      NaN,
      NaN,
      NaN,
      NaN,
      NaN,
      NaN,
      NaN,
      NaN,
      NaN,
      NaN,
      NaN,
      NaN,
      NaN,
      0.0,
      NaN,
      NaN,
      NaN,
      NaN,
      NaN
    ],
    [
      NaN,
      NaN,
      NaN,
      NaN,
      NaN,
      NaN,
      NaN,
      NaN,
      NaN,
      NaN,
      NaN,
      NaN,
      NaN,
      NaN,
      NaN,
      0.0,
      NaN,
      NaN,
      NaN,
      NaN
    ],
    [
      NaN,
      NaN,
      NaN,
      NaN,
      NaN,
      NaN,
      NaN,
      NaN,
      NaN,
      NaN,
      NaN,
      NaN,
      NaN,
      NaN,
      NaN,
      NaN,
      0.0,
      NaN,
      NaN,
      NaN
    ],
    [
      NaN,
      NaN,
      NaN,
      NaN,
      NaN,
      NaN,
      NaN,
      NaN,
      NaN,
      NaN,
      NaN,
      NaN,
      NaN,
      NaN,
      NaN,
      NaN,
      NaN,
      0.0,
      NaN,
      NaN
    ],
    [
      NaN,
      NaN,
      NaN,
      NaN,
      NaN,
      NaN,
      NaN,
      NaN,
      NaN,
      NaN,
      NaN,
      NaN,
      NaN,
      NaN,
      NaN,
      NaN,
      NaN,
      NaN,
      0.0,
      NaN
    ],
    [
      NaN,
      NaN,
      NaN,
      NaN,
      NaN,
      NaN,
      NaN,
      NaN,
      NaN,
      NaN,
      NaN,
      NaN,
      NaN,
      NaN,
      NaN,
      NaN,
      NaN,
      NaN,
      NaN,
      0.0
    ]
  ],
  "walk_dist_matrix": [
    [
      0.0,
      6.8,
      4.6,
      9.5,
      9.1,
      1.8,
      2.5,
      1.7,
      11.5,
      2.4,
      2.9,
      3.2,
      0.6,
      1.6,
      46.1,
      3.4,
      25.7,
      2.9,
      2.0,
      4.5
    ],
    [
      6.8,
      0.0,
      7.7,
      4.0,
      15.1,
      5.0,
      5.0,
      8.2,
      17.0,
      4.5,
      6.3,
      8.4,
      6.4,
      7.9,
      49.4,
      6.1,
      32.1,
      9.5,
      5.2,
      6.5
    ],
    [
      4.6,
      7.7,
      0.0,
      10.4,
      12.4,
      5.8,
      5.8,
      4.6,
      14.9,
      5.3,
      6.4,
      1.9,
      4.8,
      4.3,
      43.6,
      6.9,
      26.0,
      5.9,
      6.0,
      2.1
    ],
    [
      9.5,
      4.0,
      10.4,
      0.0,
      17.8,
      7.7,
      7.7,
      10.9,
      19.6,
      7.2,
      9.0,
      11.1,
      9.1,
      10.6,
      48.3,
      8.8,
      34.8,
      12.2,
      7.9,
      9.2
    ],
    [
      9.1,
      15.1,
      12.4,
      17.8,
      0.0,
      10.1,
      10.8,
      8.2,
      11.2,
      10.8,
      9.2,
      10.7,
      9.7,
      8.4,
      53.1,
      9.8,
      25.9,
      6.8,
      10.3,
      12.4
    ],
    [
      1.8,
      5.0,
      5.8,
      7.7,
      10.1,
      0.0,
      1.1,
      3.2,
      12.4,
      0.9,
      1.8,
      4.5,
      1.4,
      2.9,
      47.5,
      2.3,
      27.0,
      4.4,
      0.75,
      4.6
    ],
    [
      2.5,
      5.0,
      5.8,
      7.7,
      10.8,
      1.1,
      0.0,
      3.9,
      13.1,
      0.55,
      2.5,
      5.2,
      2.1,
      3.6,
      48.2,
      2.7,
      27.7,
      5.1,
      0.85,
      4.6
    ],
    [
      1.7,
      8.2,
      4.6,
      10.9,
      8.2,
      3.2,
      3.9,
      0.0,
      11.1,
      3.8,
      3.2,
      3.2,
      2.0,
      0.25,
      46.1,
      3.8,
      24.0,
      1.4,
      3.4,
      4.5
    ],
    [
      11.5,
      17.0,
      14.9,
      19.6,
      11.2,
      12.4,
      13.1,
      11.1,
      0.0,
      12.9,
      10.8,
      13.5,
      12.2,
      11.0,
      56.4,
      11.4,
      31.6,
      9.7,
      12.6,
      14.8
    ],
    [
      2.4,
      4.5,
      5.3,
      7.2,
      10.8,
      0.9,
      0.55,
      3.8,
      12.9,
      0.0,
      2.2,
      5.2,
      2.0,
      3.5,
      48.1,
      2.5,
      27.7,
      5.1,
      0.8,
      4.1
    ],
    [
      2.9,
      6.3,
      6.4,
      9.0,
      9.2,
      1.8,
      2.5,
      3.2,
      10.8,
      2.2,
      0.0,
      4.9,
      2.4,
      3.1,
      47.8,
      0.65,
      27.1,
      3.8,
      2.0,
      6.0
    ],
    [
      3.2,
      8.4,
      1.9,
      11.1,
      10.7,
      4.5,
      5.2,
      3.2,
      13.5,
      5.2,
      4.9,
      0.0,
      3.3,
      2.8,
      44.2,
      5.5,
      24.3,
      4.5,
      4.7,
      2.8
    ],
    [
      0.6,
      6.4,
      4.8,
      9.1,
      9.7,
      1.4,
      2.1,
      2.0,
      12.2,
      2.0,
      2.4,
      3.3,
      0.0,
      1.7,
      46.3,
      2.9,
      25.9,
      3.2,
      1.6,
      4.7
    ],
    [
      1.6,
      7.9,
      4.3,
      10.6,
      8.4,
      2.9,
      3.6,
      0.25,
      11.0,
      3.5,
      3.1,
      2.8,
      1.7,
      0.0,
      45.7,
      3.7,
      24.0,
      1.6,
      3.3,
      4.1
    ],
    [
      46.1,
      49.4,
      43.6,
      48.3,
      53.1,
      47.5,
      48.2,
      46.1,
      56.4,
      48.1,
      47.8,
      44.2,
      46.3,
      45.7,
      0.0,
      48.4,
      49.7,
      47.2,
      47.7,
      45.2
    ],
    [
      3.4,
      6.1,
      6.9,
      8.8,
      9.8,
      2.3,
      2.7,
      3.8,
      11.4,
      2.5,
      0.65,
      5.5,
      2.9,
      3.7,
      48.4,
      0.0,
      27.7,
      4.4,
      2.5,
      6.2
    ],
    [
      25.7,
      32.1,
      26.0,
      34.8,
      25.9,
      27.0,
      27.7,
      24.0,
      31.6,
      27.7,
      27.1,
      24.3,
      25.9,
      24.0,
      49.7,
      27.7,
      0.0,
      24.0,
      27.2,
      26.8
    ],
    [
      2.9,
      9.5,
      5.9,
      12.2,
      6.8,
      4.4,
      5.1,
      1.4,
      9.7,
      5.1,
      3.8,
      4.5,
      3.2,
      1.6,
      47.2,
      4.4,
      24.0,
      0.0,
      4.6,
      5.8
    ],
    [
      2.0,
      5.2,
      6.0,
      7.9,
      10.3,
      0.75,
      0.85,
      3.4,
      12.6,
      0.8,
      2.0,
      4.7,
      1.6,
      3.3,
      47.7,
      2.5,
      27.2,
      4.6,
      0.0,
      4.8
    ],
    [
      4.5,
      6.5,
      2.1,
      9.2,
      12.4,
      4.6,
      4.6,
      4.5,
      14.8,
      4.1,
      6.0,
      2.8,
      4.7,
      4.1,
      45.2,
      6.2,
      26.8,
      5.8,
      4.8,
      0.0
    ]
  ],
  "walk_time_matrix": [
    [
      0.0,
      84.0,
      58.0,
      118.0,
      116.0,
      23.0,
      31.0,
      21.0,
      141.0,
      30.0,
      35.0,
      40.0,
      8.0,
      19.0,
      570.0,
      41.0,
      317.0,
      35.0,
      25.0,
      56.0
    ],
    [
      84.0,
      0.0,
      96.0,
      49.0,
      191.0,
      62.0,
      63.0,
      103.0,
      208.0,
      55.0,
      78.0,
      106.0,
      79.0,
      100.0,
      611.0,
      74.0,
      396.0,
      120.0,
      64.0,
      80.0
    ],
    [
      58.0,
      96.0,
      0.0,
      130.0,
      156.0,
      75.0,
      75.0,
      58.0,
      185.0,
      68.0,
      79.0,
      24.0,
      61.0,
      53.0,
      536.0,
      86.0,
      318.0,
      74.0,
      76.0,
      26.0
    ],
    [
      118.0,
      49.0,
      130.0,
      0.0,
      224.0,
      95.0,
      96.0,
      136.0,
      241.0,
      88.0,
      111.0,
      138.0,
      112.0,
      133.0,
      596.0,
      107.0,
      428.0,
      152.0,
      97.0,
      113.0
    ],
    [
      116.0,
      191.0,
      156.0,
      224.0,
      0.0,
      131.0,
      139.0,
      104.0,
      138.0,
      138.0,
      115.0,
      135.0,
      126.0,
      104.0,
      654.0,
      122.0,
      318.0,
      86.0,
      133.0,
      155.0
    ],
    [
      23.0,
      62.0,
      75.0,
      95.0,
      131.0,
      0.0,
      16.0,
      43.0,
      155.0,
      13.0,
      25.0,
      59.0,
      19.0,
      40.0,
      588.0,
      31.0,
      336.0,
      60.0,
      11.0,
      59.0
    ],
    [
      31.0,
      63.0,
      75.0,
      96.0,
      139.0,
      16.0,
      0.0,
      50.0,
      161.0,
      7.0,
      31.0,
      66.0,
      26.0,
      47.0,
      595.0,
      33.0,
      342.0,
      66.0,
      11.0,
      58.0
    ],
    [
      21.0,
      103.0,
      58.0,
      136.0,
      104.0,
      43.0,
      50.0,
      0.0,
      138.0,
      50.0,
      40.0,
      40.0,
      28.0,
      3.0,
      570.0,
      47.0,
      297.0,
      18.0,
      44.0,
      56.0
    ],
    [
      141.0,
      208.0,
      185.0,
      241.0,
      138.0,
      155.0,
      161.0,
      138.0,
      0.0,
      159.0,
      133.0,
      168.0,
      151.0,
      138.0,
      697.0,
      140.0,
      389.0,
      119.0,
      156.0,
      183.0
    ],
    [
      30.0,
      55.0,
      68.0,
      88.0,
      138.0,
      13.0,
      7.0,
      50.0,
      159.0,
      0.0,
      28.0,
      65.0,
      25.0,
      46.0,
      594.0,
      30.0,
      342.0,
      66.0,
      10.0,
      51.0
    ],
    [
      35.0,
      78.0,
      79.0,
      111.0,
      115.0,
      25.0,
      31.0,
      40.0,
      133.0,
      28.0,
      0.0,
      62.0,
      31.0,
      39.0,
      592.0,
      8.0,
      336.0,
      48.0,
      26.0,
      75.0
    ],
    [
      40.0,
      106.0,
      24.0,
      138.0,
      135.0,
      59.0,
      66.0,
      40.0,
      168.0,
      65.0,
      62.0,
      0.0,
      43.0,
      35.0,
      543.0,
      68.0,
      299.0,
      56.0,
      60.0,
      36.0
    ],
    [
      8.0,
      79.0,
      61.0,
      112.0,
      126.0,
      19.0,
      26.0,
      28.0,
      151.0,
      25.0,
      31.0,
      43.0,
      0.0,
      24.0,
      572.0,
      36.0,
      319.0,
      43.0,
      19.0,
      58.0
    ],
    [
      19.0,
      100.0,
      53.0,
      133.0,
      104.0,
      40.0,
      47.0,
      3.0,
      138.0,
      46.0,
      39.0,
      35.0,
      24.0,
      0.0,
      565.0,
      45.0,
      296.0,
      22.0,
      41.0,
      51.0
    ],
    [
      570.0,
      611.0,
      536.0,
      596.0,
      654.0,
      588.0,
      595.0,
      570.0,
      697.0,
      594.0,
      592.0,
      543.0,
      572.0,
      565.0,
      0.0,
      596.0,
      610.0,
      579.0,
      587.0,
      554.0
    ],
    [
      41.0,
      74.0,
      86.0,
      107.0,
      122.0,
      31.0,
      33.0,
      47.0,
      140.0,
      30.0,
      8.0,
      68.0,
      36.0,
      45.0,
      596.0,
      0.0,
      343.0,
      56.0,
      33.0,
      78.0
    ],
    [
      317.0,
      396.0,
      318.0,
      428.0,
      318.0,
      336.0,
      342.0,
      297.0,
      389.0,
      342.0,
      336.0,
      299.0,
      319.0,
      296.0,
      610.0,
      343.0,
      0.0,
      293.0,
      333.0,
      329.0
    ],
    [
      35.0,
      120.0,
      74.0,
      152.0,
      86.0,
      60.0,
      66.0,
      18.0,
      119.0,
      66.0,
      48.0,
      56.0,
      43.0,
      22.0,
      579.0,
      56.0,
      293.0,
      0.0,
      61.0,
      72.0
    ],
    [
      25.0,
      64.0,
      76.0,
      97.0,
      133.0,
      11.0,
      11.0,
      44.0,
      156.0,
      10.0,
      26.0,
      60.0,
      19.0,
      41.0,
      587.0,
      33.0,
      333.0,
      61.0,
      0.0,
      60.0
    ],
    [
      56.0,
      80.0,
      26.0,
      113.0,
      155.0,
      59.0,
      58.0,
      56.0,
      183.0,
      51.0,
      75.0,
      36.0,
      58.0,
      51.0,
      554.0,
      78.0,
      329.0,
      72.0,
      60.0,
      0.0
    ]
  ],
  "cycle_dist_matrix": [
    [
      0.0,
      6.8,
      4.6,
      9.5,
      9.1,
      1.8,
      2.5,
      1.7,
      11.5,
      2.4,
      2.9,
      3.2,
      0.6,
      1.6,
      46.1,
      3.4,
      25.7,
      2.9,
      2.0,
      4.5
    ],
    [
      6.8,
      0.0,
      7.7,
      4.0,
      15.1,
      5.0,
      5.0,
      8.2,
      17.0,
      4.5,
      6.3,
      8.4,
      6.4,
      7.9,
      49.4,
      6.1,
      32.1,
      9.5,
      5.2,
      6.5
    ],
    [
      4.6,
      7.7,
      0.0,
      10.4,
      12.4,
      5.8,
      5.8,
      4.6,
      14.9,
      5.3,
      6.4,
      1.9,
      4.8,
      4.3,
      43.6,
      6.9,
      26.0,
      5.9,
      6.0,
      2.1
    ],
    [
      9.5,
      4.0,
      10.4,
      0.0,
      17.8,
      7.7,
      7.7,
      10.9,
      19.6,
      7.2,
      9.0,
      11.1,
      9.1,
      10.6,
      48.3,
      8.8,
      34.8,
      12.2,
      7.9,
      9.2
    ],
    [
      9.1,
      15.1,
      12.4,
      17.8,
      0.0,
      10.1,
      10.8,
      8.2,
      11.2,
      10.8,
      9.2,
      10.7,
      9.7,
      8.4,
      53.1,
      9.8,
      25.9,
      6.8,
      10.3,
      12.4
    ],
    [
      1.8,
      5.0,
      5.8,
      7.7,
      10.1,
      0.0,
      1.1,
      3.2,
      12.4,
      0.9,
      1.8,
      4.5,
      1.4,
      2.9,
      47.5,
      2.3,
      27.0,
      4.4,
      0.75,
      4.6
    ],
    [
      2.5,
      5.0,
      5.8,
      7.7,
      10.8,
      1.1,
      0.0,
      3.9,
      13.1,
      0.55,
      2.5,
      5.2,
      2.1,
      3.6,
      48.2,
      2.7,
      27.7,
      5.1,
      0.85,
      4.6
    ],
    [
      1.7,
      8.2,
      4.6,
      10.9,
      8.2,
      3.2,
      3.9,
      0.0,
      11.1,
      3.8,
      3.2,
      3.2,
      2.0,
      0.25,
      46.1,
      3.8,
      24.0,
      1.4,
      3.4,
      4.5
    ],
    [
      11.5,
      17.0,
      14.9,
      19.6,
      11.2,
      12.4,
      13.1,
      11.1,
      0.0,
      12.9,
      10.8,
      13.5,
      12.2,
      11.0,
      56.4,
      11.4,
      31.6,
      9.7,
      12.6,
      14.8
    ],
    [
      2.4,
      4.5,
      5.3,
      7.2,
      10.8,
      0.9,
      0.55,
      3.8,
      12.9,
      0.0,
      2.2,
      5.2,
      2.0,
      3.5,
      48.1,
      2.5,
      27.7,
      5.1,
      0.8,
      4.1
    ],
    [
      2.9,
      6.3,
      6.4,
      9.0,
      9.2,
      1.8,
      2.5,
      3.2,
      10.8,
      2.2,
      0.0,
      4.9,
      2.4,
      3.1,
      47.8,
      0.65,
      27.1,
      3.8,
      2.0,
      6.0
    ],
    [
      3.2,
      8.4,
      1.9,
      11.1,
      10.7,
      4.5,
      5.2,
      3.2,
      13.5,
      5.2,
      4.9,
      0.0,
      3.3,
      2.8,
      44.2,
      5.5,
      24.3,
      4.5,
      4.7,
      2.8
    ],
    [
      0.6,
      6.4,
      4.8,
      9.1,
      9.7,
      1.4,
      2.1,
      2.0,
      12.2,
      2.0,
      2.4,
      3.3,
      0.0,
      1.7,
      46.3,
      2.9,
      25.9,
      3.2,
      1.6,
      4.7
    ],
    [
      1.6,
      7.9,
      4.3,
      10.6,
      8.4,
      2.9,
      3.6,
      0.25,
      11.0,
      3.5,
      3.1,
      2.8,
      1.7,
      0.0,
      45.7,
      3.7,
      24.0,
      1.6,
      3.3,
      4.1
    ],
    [
      46.1,
      49.4,
      43.6,
      48.3,
      53.1,
      47.5,
      48.2,
      46.1,
      56.4,
      48.1,
      47.8,
      44.2,
      46.3,
      45.7,
      0.0,
      48.4,
      49.7,
      47.2,
      47.7,
      45.2
    ],
    [
      3.4,
      6.1,
      6.9,
      8.8,
      9.8,
      2.3,
      2.7,
      3.8,
      11.4,
      2.5,
      0.65,
      5.5,
      2.9,
      3.7,
      48.4,
      0.0,
      27.7,
      4.4,
      2.5,
      6.2
    ],
    [
      25.7,
      32.1,
      26.0,
      34.8,
      25.9,
      27.0,
      27.7,
      24.0,
      31.6,
      27.7,
      27.1,
      24.3,
      25.9,
      24.0,
      49.7,
      27.7,
      0.0,
      24.0,
      27.2,
      26.8
    ],
    [
      2.9,
      9.5,
      5.9,
      12.2,
      6.8,
      4.4,
      5.1,
      1.4,
      9.7,
      5.1,
      3.8,
      4.5,
      3.2,
      1.6,
      47.2,
      4.4,
      24.0,
      0.0,
      4.6,
      5.8
    ],
    [
      2.0,
      5.2,
      6.0,
      7.9,
      10.3,
      0.75,
      0.85,
      3.4,
      12.6,
      0.8,
      2.0,
      4.7,
      1.6,
      3.3,
      47.7,
      2.5,
      27.2,
      4.6,
      0.0,
      4.8
    ],
    [
      4.5,
      6.5,
      2.1,
      9.2,
      12.4,
      4.6,
      4.6,
      4.5,
      14.8,
      4.1,
      6.0,
      2.8,
      4.7,
      4.1,
      45.2,
      6.2,
      26.8,
      5.8,
      4.8,
      0.0
    ]
  ],
  "cycle_time_matrix": [
    [
      0.0,
      84.0,
      58.0,
      118.0,
      116.0,
      23.0,
      31.0,
      21.0,
      141.0,
      30.0,
      35.0,
      40.0,
      8.0,
      19.0,
      570.0,
      41.0,
      317.0,
      35.0,
      25.0,
      56.0
    ],
    [
      84.0,
      0.0,
      96.0,
      49.0,
      191.0,
      62.0,
      63.0,
      103.0,
      208.0,
      55.0,
      78.0,
      106.0,
      79.0,
      100.0,
      611.0,
      74.0,
      396.0,
      120.0,
      64.0,
      80.0
    ],
    [
      58.0,
      96.0,
      0.0,
      130.0,
      156.0,
      75.0,
      75.0,
      58.0,
      185.0,
      68.0,
      79.0,
      24.0,
      61.0,
      53.0,
      536.0,
      86.0,
      318.0,
      74.0,
      76.0,
      26.0
    ],
    [
      118.0,
      49.0,
      130.0,
      0.0,
      224.0,
      95.0,
      96.0,
      136.0,
      241.0,
      88.0,
      111.0,
      138.0,
      112.0,
      133.0,
      596.0,
      107.0,
      428.0,
      152.0,
      97.0,
      113.0
    ],
    [
      116.0,
      191.0,
      156.0,
      224.0,
      0.0,
      131.0,
      139.0,
      104.0,
      138.0,
      138.0,
      115.0,
      135.0,
      126.0,
      104.0,
      654.0,
      122.0,
      318.0,
      86.0,
      133.0,
      155.0
    ],
    [
      23.0,
      62.0,
      75.0,
      95.0,
      131.0,
      0.0,
      16.0,
      43.0,
      155.0,
      13.0,
      25.0,
      59.0,
      19.0,
      40.0,
      588.0,
      31.0,
      336.0,
      60.0,
      11.0,
      59.0
    ],
    [
      31.0,
      63.0,
      75.0,
      96.0,
      139.0,
      16.0,
      0.0,
      50.0,
      161.0,
      7.0,
      31.0,
      66.0,
      26.0,
      47.0,
      595.0,
      33.0,
      342.0,
      66.0,
      11.0,
      58.0
    ],
    [
      21.0,
      103.0,
      58.0,
      136.0,
      104.0,
      43.0,
      50.0,
      0.0,
      138.0,
      50.0,
      40.0,
      40.0,
      28.0,
      3.0,
      570.0,
      47.0,
      297.0,
      18.0,
      44.0,
      56.0
    ],
    [
      141.0,
      208.0,
      185.0,
      241.0,
      138.0,
      155.0,
      161.0,
      138.0,
      0.0,
      159.0,
      133.0,
      168.0,
      151.0,
      138.0,
      697.0,
      140.0,
      389.0,
      119.0,
      156.0,
      183.0
    ],
    [
      30.0,
      55.0,
      68.0,
      88.0,
      138.0,
      13.0,
      7.0,
      50.0,
      159.0,
      0.0,
      28.0,
      65.0,
      25.0,
      46.0,
      594.0,
      30.0,
      342.0,
      66.0,
      10.0,
      51.0
    ],
    [
      35.0,
      78.0,
      79.0,
      111.0,
      115.0,
      25.0,
      31.0,
      40.0,
      133.0,
      28.0,
      0.0,
      62.0,
      31.0,
      39.0,
      592.0,
      8.0,
      336.0,
      48.0,
      26.0,
      75.0
    ],
    [
      40.0,
      106.0,
      24.0,
      138.0,
      135.0,
      59.0,
      66.0,
      40.0,
      168.0,
      65.0,
      62.0,
      0.0,
      43.0,
      35.0,
      543.0,
      68.0,
      299.0,
      56.0,
      60.0,
      36.0
    ],
    [
      8.0,
      79.0,
      61.0,
      112.0,
      126.0,
      19.0,
      26.0,
      28.0,
      151.0,
      25.0,
      31.0,
      43.0,
      0.0,
      24.0,
      572.0,
      36.0,
      319.0,
      43.0,
      19.0,
      58.0
    ],
    [
      19.0,
      100.0,
      53.0,
      133.0,
      104.0,
      40.0,
      47.0,
      3.0,
      138.0,
      46.0,
      39.0,
      35.0,
      24.0,
      0.0,
      565.0,
      45.0,
      296.0,
      22.0,
      41.0,
      51.0
    ],
    [
      570.0,
      611.0,
      536.0,
      596.0,
      654.0,
      588.0,
      595.0,
      570.0,
      697.0,
      594.0,
      592.0,
      543.0,
      572.0,
      565.0,
      0.0,
      596.0,
      610.0,
      579.0,
      587.0,
      554.0
    ],
    [
      41.0,
      74.0,
      86.0,
      107.0,
      122.0,
      31.0,
      33.0,
      47.0,
      140.0,
      30.0,
      8.0,
      68.0,
      36.0,
      45.0,
      596.0,
      0.0,
      343.0,
      56.0,
      33.0,
      78.0
    ],
    [
      317.0,
      396.0,
      318.0,
      428.0,
      318.0,
      336.0,
      342.0,
      297.0,
      389.0,
      342.0,
      336.0,
      299.0,
      319.0,
      296.0,
      610.0,
      343.0,
      0.0,
      293.0,
      333.0,
      329.0
    ],
    [
      35.0,
      120.0,
      74.0,
      152.0,
      86.0,
      60.0,
      66.0,
      18.0,
      119.0,
      66.0,
      48.0,
      56.0,
      43.0,
      22.0,
      579.0,
      56.0,
      293.0,
      0.0,
      61.0,
      72.0
    ],
    [
      25.0,
      64.0,
      76.0,
      97.0,
      133.0,
      11.0,
      11.0,
      44.0,
      156.0,
      10.0,
      26.0,
      60.0,
      19.0,
      41.0,
      587.0,
      33.0,
      333.0,
      61.0,
      0.0,
      60.0
    ],
    [
      56.0,
      80.0,
      26.0,
      113.0,
      155.0,
      59.0,
      58.0,
      56.0,
      183.0,
      51.0,
      75.0,
      36.0,
      58.0,
      51.0,
      554.0,
      78.0,
      329.0,
      72.0,
      60.0,
      0.0
    ]
  ],
  "avg_dd": [
    [
      12.899250000000018
    ]
  ]
}