{
  "drive_dist_matrix": [
    [
      0.0,
      1.0,
      4.9,
      2.6,
      1.3,
      1.8,
      3.0,
      0.6,
      0.95,
      1.2,
      3.2,
      20.3,
      8.0,
      0.7,
      2.4,
      0.9,
      1.3,
      19.8,
      4.5,
      8.8
    ],
    [
      1.0,
      0.0,
      4.0,
      4.5,
      1.2,
      4.0,
      5.5,
      2.2,
      0.55,
      1.1,
      5.6,
      21.0,
      7.1,
      2.4,
      3.7,
      2.7,
      1.2,
      18.9,
      1.0,
      9.5
    ],
    [
      4.9,
      4.0,
      0.0,
      3.8,
      1.6,
      1.8,
      2.9,
      2.9,
      4.5,
      1.5,
      2.8,
      22.0,
      6.1,
      3.2,
      1.1,
      2.8,
      1.6,
      17.1,
      0.6,
      10.5
    ],
    [
      2.6,
      4.5,
      3.8,
      0.0,
      3.5,
      2.4,
      1.7,
      2.7,
      4.2,
      3.4,
      1.9,
      18.0,
      6.3,
      2.0,
      3.5,
      1.6,
      3.5,
      15.9,
      3.5,
      6.5
    ],
    [
      1.3,
      1.2,
      1.6,
      3.5,
      0.0,
      0.5,
      1.9,
      1.6,
      3.1,
      0.14,
      2.0,
      20.7,
      3.5,
      0.7,
      0.3,
      1.1,
      0.034,
      14.6,
      1.3,
      9.2
    ],
    [
      1.8,
      4.0,
      1.8,
      2.4,
      0.5,
      0.0,
      0.85,
      2.7,
      4.2,
      0.35,
      1.7,
      20.4,
      3.2,
      0.85,
      0.2,
      0.95,
      0.45,
      13.8,
      1.4,
      9.7
    ],
    [
      3.0,
      5.5,
      2.9,
      1.7,
      1.9,
      0.85,
      0.0,
      2.8,
      3.8,
      2.3,
      0.5,
      19.3,
      4.1,
      2.0,
      2.4,
      1.6,
      2.4,
      20.7,
      2.3,
      7.8
    ],
    [
      0.6,
      2.2,
      2.9,
      2.7,
      1.6,
      2.7,
      2.8,
      0.0,
      1.2,
      3.8,
      5.3,
      20.7,
      7.3,
      0.6,
      3.8,
      0.75,
      3.9,
      19.1,
      3.8,
      9.2
    ],
    [
      0.95,
      0.55,
      4.5,
      4.2,
      3.1,
      4.2,
      3.8,
      1.2,
      0.0,
      3.2,
      5.2,
      20.6,
      6.7,
      2.0,
      3.3,
      2.3,
      3.3,
      18.5,
      3.2,
      9.1
    ],
    [
      1.2,
      1.1,
      1.5,
      3.4,
      0.14,
      0.35,
      2.3,
      3.8,
      3.2,
      0.0,
      1.8,
      20.6,
      3.4,
      0.8,
      0.16,
      1.4,
      0.1,
      14.5,
      1.2,
      9.1
    ],
    [
      3.2,
      5.6,
      2.8,
      1.9,
      2.0,
      1.7,
      0.5,
      5.3,
      5.2,
      1.8,
      0.0,
      19.6,
      4.5,
      2.5,
      2.4,
      2.2,
      2.5,
      20.1,
      2.4,
      8.1
    ],
    [
      20.3,
      21.0,
      22.0,
      18.0,
      20.7,
      20.4,
      19.3,
      20.7,
      20.6,
      20.6,
      19.6,
      0.0,
      24.3,
      17.6,
      19.1,
      17.1,
      19.1,
      36.1,
      20.8,
      17.6
    ],
    [
      8.0,
      7.1,
      6.1,
      6.3,
      3.5,
      3.2,
      4.1,
      7.3,
      6.7,
      3.4,
      4.5,
      24.3,
      0.0,
      3.5,
      2.3,
      3.5,
      2.5,
      12.3,
      3.1,
      11.0
    ],
    [
      0.7,
      2.4,
      3.2,
      2.0,
      0.7,
      0.85,
      2.0,
      0.6,
      2.0,
      0.8,
      2.5,
      17.6,
      3.5,
      0.0,
      0.75,
      0.5,
      0.7,
      19.2,
      2.3,
      8.5
    ],
    [
      2.4,
      3.7,
      1.1,
      3.5,
      0.3,
      0.2,
      2.4,
      3.8,
      3.3,
      0.16,
      2.4,
      19.1,
      2.3,
      0.75,
      0.0,
      1.2,
      0.26,
      13.8,
      1.2,
      8.9
    ],
    [
      0.9,
      2.7,
      2.8,
      1.6,
      1.1,
      0.95,
      1.6,
      0.75,
      2.3,
      1.4,
      2.2,
      17.1,
      3.5,
      0.5,
      1.2,
      0.0,
      1.9,
      20.8,
      2.7,
      8.0
    ],
    [
      1.3,
      1.2,
      1.6,
      3.5,
      0.034,
      0.45,
      2.4,
      3.9,
      3.3,
      0.1,
      2.5,
      19.1,
      2.5,
      0.7,
      0.26,
      1.9,
      0.0,
      14.6,
      1.3,
      9.2
    ],
    [
      19.8,
      18.9,
      17.1,
      15.9,
      14.6,
      13.8,
      20.7,
      19.1,
      18.5,
      14.5,
      20.1,
      36.1,
      12.3,
      19.2,
      13.8,
      20.8,
      14.6,
      0.0,
      14.1,
      23.4
    ],
    [
      4.5,
      1.0,
      0.6,
      3.5,
      1.3,
      1.4,
      2.3,
      3.8,
      3.2,
      1.2,
      2.4,
      20.8,
      3.1,
      2.3,
      1.2,
      2.7,
      1.3,
      14.1,
      0.0,
      10.7
    ],
    [
      8.8,
      9.5,
      10.5,
      6.5,
      9.2,
      9.7,
      7.8,
      9.2,
      9.1,
      9.1,
      8.1,
      17.6,
      11.0,
      8.5,
      8.9,
      8.0,
      9.2,
      23.4,
      10.7,
      0.0
    ]
  ],
  "drive_time_matrix": [
    [
      0.0,
      11.0,
      11.0,
      8.0,
      16.0,
      12.0,
      11.0,
      8.0,
      11.0,
      16.0,
      12.0,
      29.0,
      15.0,
      9.0,
      9.0,
      12.0,
      17.0,
      26.0,
      10.0,
      20.0
    ],
    [
      11.0,
      0.0,
      9.0,
      10.0,
      14.0,
      10.0,
      12.0,
      6.0,
      7.0,
      13.0,
      13.0,
      27.0,
      13.0,
      6.0,
      9.0,
      7.0,
      15.0,
      24.0,
      11.0,
      18.0
    ],
    [
      11.0,
      9.0,
      0.0,
      12.0,
      6.0,
      8.0,
      9.0,
      9.0,
      12.0,
      5.0,
      10.0,
      33.0,
      11.0,
      10.0,
      11.0,
      10.0,
      6.0,
      23.0,
      3.0,
      24.0
    ],
    [
      8.0,
      10.0,
      12.0,
      0.0,
      10.0,
      11.0,
      6.0,
      6.0,
      10.0,
      10.0,
      7.0,
      22.0,
      13.0,
      6.0,
      10.0,
      4.0,
      10.0,
      28.0,
      10.0,
      13.0
    ],
    [
      16.0,
      14.0,
      6.0,
      10.0,
      0.0,
      6.0,
      8.0,
      5.0,
      9.0,
      2.0,
      9.0,
      30.0,
      10.0,
      7.0,
      4.0,
      11.0,
      1.0,
      27.0,
      4.0,
      20.0
    ],
    [
      12.0,
      10.0,
      8.0,
      11.0,
      6.0,
      0.0,
      9.0,
      8.0,
      12.0,
      5.0,
      8.0,
      31.0,
      9.0,
      9.0,
      3.0,
      9.0,
      6.0,
      25.0,
      5.0,
      21.0
    ],
    [
      11.0,
      12.0,
      9.0,
      6.0,
      8.0,
      9.0,
      0.0,
      7.0,
      10.0,
      7.0,
      7.0,
      26.0,
      11.0,
      6.0,
      8.0,
      4.0,
      8.0,
      26.0,
      7.0,
      16.0
    ],
    [
      8.0,
      6.0,
      9.0,
      6.0,
      5.0,
      8.0,
      7.0,
      0.0,
      9.0,
      7.0,
      12.0,
      26.0,
      12.0,
      6.0,
      8.0,
      10.0,
      8.0,
      23.0,
      7.0,
      16.0
    ],
    [
      11.0,
      7.0,
      12.0,
      10.0,
      9.0,
      12.0,
      10.0,
      9.0,
      0.0,
      7.0,
      12.0,
      26.0,
      11.0,
      4.0,
      8.0,
      5.0,
      8.0,
      23.0,
      6.0,
      17.0
    ],
    [
      16.0,
      13.0,
      5.0,
      10.0,
      2.0,
      5.0,
      7.0,
      7.0,
      7.0,
      0.0,
      8.0,
      29.0,
      9.0,
      10.0,
      2.0,
      5.0,
      1.0,
      26.0,
      4.0,
      19.0
    ],
    [
      12.0,
      13.0,
      10.0,
      7.0,
      9.0,
      8.0,
      7.0,
      12.0,
      12.0,
      8.0,
      0.0,
      27.0,
      10.0,
      9.0,
      8.0,
      7.0,
      8.0,
      25.0,
      7.0,
      18.0
    ],
    [
      29.0,
      27.0,
      33.0,
      22.0,
      30.0,
      31.0,
      26.0,
      26.0,
      26.0,
      29.0,
      27.0,
      0.0,
      33.0,
      26.0,
      31.0,
      26.0,
      31.0,
      48.0,
      33.0,
      21.0
    ],
    [
      15.0,
      13.0,
      11.0,
      13.0,
      10.0,
      9.0,
      11.0,
      12.0,
      11.0,
      9.0,
      10.0,
      33.0,
      0.0,
      11.0,
      6.0,
      10.0,
      7.0,
      21.0,
      8.0,
      22.0
    ],
    [
      9.0,
      6.0,
      10.0,
      6.0,
      7.0,
      9.0,
      6.0,
      6.0,
      4.0,
      10.0,
      9.0,
      26.0,
      11.0,
      0.0,
      6.0,
      7.0,
      8.0,
      26.0,
      6.0,
      18.0
    ],
    [
      9.0,
      9.0,
      11.0,
      10.0,
      4.0,
      3.0,
      8.0,
      8.0,
      8.0,
      2.0,
      8.0,
      31.0,
      6.0,
      6.0,
      0.0,
      4.0,
      3.0,
      24.0,
      4.0,
      18.0
    ],
    [
      12.0,
      7.0,
      10.0,
      4.0,
      11.0,
      9.0,
      4.0,
      10.0,
      5.0,
      5.0,
      7.0,
      26.0,
      10.0,
      7.0,
      4.0,
      0.0,
      6.0,
      26.0,
      7.0,
      16.0
    ],
    [
      17.0,
      15.0,
      6.0,
      10.0,
      1.0,
      6.0,
      8.0,
      8.0,
      8.0,
      1.0,
      8.0,
      31.0,
      7.0,
      8.0,
      3.0,
      6.0,
      0.0,
      26.0,
      5.0,
      20.0
    ],
    [
      26.0,
      24.0,
      23.0,
      28.0,
      27.0,
      25.0,
      26.0,
      23.0,
      23.0,
      26.0,
      25.0,
      48.0,
      21.0,
      26.0,
      24.0,
      26.0,
      26.0,
      0.0,
      24.0,
      37.0
    ],
    [
      10.0,
      11.0,
      3.0,
      10.0,
      4.0,
      5.0,
      7.0,
      7.0,
      6.0,
      4.0,
      7.0,
      33.0,
      8.0,
      6.0,
      4.0,
      7.0,
      5.0,
      24.0,
      0.0,
      21.0
    ],
    [
      20.0,
      18.0,
      24.0,
      13.0,
      20.0,
      21.0,
      16.0,
      16.0,
      17.0,
      19.0,
      18.0,
      21.0,
      22.0,
      18.0,
      18.0,
      16.0,
      20.0,
      37.0,
      21.0,
      0.0
    ]
  ],
  "transit_dist_walk_matrix": [
    [
      0.0,
      NaN,
      NaN,
      1.2499500000000001,
      0.99996,
      0.99996,
      1.33328,
      NaN,
      NaN,
      0.99996,
      0.99996,
      0.8333,
      1.33328,
      NaN,
      0.8333,
      NaN,
      NaN,
      1.2499500000000001,
      1.08329,
      2.16658
    ],
    [
      NaN,
      0.0,
      NaN,
      1.49994,
      NaN,
      0.58331,
      1.08329,
      1.2499500000000001,
      NaN,
      NaN,
      NaN,
      0.41665,
      1.6666,
      0.66664,
      NaN,
      0.66664,
      NaN,
      1.16662,
      NaN,
      1.58327
    ],
    [
      NaN,
      NaN,
      0.0,
      0.9166300000000001,
      NaN,
      0.66664,
      NaN,
      0.9166300000000001,
      1.2499500000000001,
      NaN,
      0.49998,
      0.41665,
      NaN,
      0.9166300000000001,
      0.66664,
      0.9166300000000001,
      NaN,
      1.49994,
      NaN,
      1.58327
    ],
    [
      1.2499500000000001,
      1.49994,
      0.9166300000000001,
      0.0,
      1.08329,
      0.74997,
      0.58331,
      0.58331,
      0.8333,
      1.08329,
      1.08329,
      0.58331,
      1.08329,
      1.16662,
      0.9166300000000001,
      0.9166300000000001,
      1.16662,
      0.74997,
      NaN,
      1.6666
    ],
    [
      0.99996,
      NaN,
      NaN,
      1.08329,
      0.0,
      NaN,
      0.41665,
      0.33332,
      0.9166300000000001,
      NaN,
      0.8333,
      0.8333,
      1.16662,
      0.33332,
      NaN,
      0.74997,
      NaN,
      1.41661,
      0.9166300000000001,
      1.58327
    ],
    [
      0.99996,
      0.58331,
      0.66664,
      0.74997,
      NaN,
      0.0,
      0.33332,
      NaN,
      0.66664,
      NaN,
      0.49998,
      0.41665,
      0.8333,
      0.41665,
      NaN,
      0.58331,
      NaN,
      1.33328,
      NaN,
      1.58327
    ],
    [
      1.33328,
      1.08329,
      NaN,
      0.58331,
      0.41665,
      0.33332,
      0.0,
      0.41665,
      1.33328,
      0.49998,
      NaN,
      0.74997,
      NaN,
      0.41665,
      0.33332,
      0.9166300000000001,
      0.49998,
      0.33332,
      0.41665,
      1.49994
    ],
    [
      NaN,
      1.2499500000000001,
      0.9166300000000001,
      0.58331,
      0.33332,
      NaN,
      0.41665,
      0.0,
      NaN,
      0.8333,
      1.08329,
      0.33332,
      0.66664,
      0.24999,
      0.74997,
      NaN,
      0.74997,
      0.49998,
      0.49998,
      1.41661
    ],
    [
      NaN,
      NaN,
      1.2499500000000001,
      0.8333,
      0.9166300000000001,
      0.66664,
      1.33328,
      NaN,
      0.0,
      0.9166300000000001,
      1.49994,
      0.8333,
      1.08329,
      0.66664,
      0.74997,
      0.9166300000000001,
      0.8333,
      0.74997,
      1.16662,
      2.66656
    ],
    [
      0.99996,
      NaN,
      NaN,
      1.08329,
      NaN,
      NaN,
      0.49998,
      0.8333,
      0.9166300000000001,
      0.0,
      0.74997,
      0.8333,
      0.9166300000000001,
      0.49998,
      NaN,
      0.99996,
      NaN,
      0.66664,
      0.58331,
      1.6666
    ],
    [
      0.99996,
      NaN,
      0.49998,
      1.08329,
      0.8333,
      0.49998,
      NaN,
      1.08329,
      1.49994,
      0.74997,
      0.0,
      0.99996,
      1.41661,
      0.24999,
      0.66664,
      0.49998,
      0.9166300000000001,
      0.9166300000000001,
      0.33332,
      1.99992
    ],
    [
      0.8333,
      0.41665,
      0.41665,
      0.58331,
      0.8333,
      0.41665,
      0.74997,
      0.33332,
      0.8333,
      0.8333,
      0.99996,
      0.0,
      0.99996,
      0.74997,
      0.49998,
      0.49998,
      0.74997,
      0.33332,
      0.33332,
      1.41661
    ],
    [
      1.33328,
      1.6666,
      NaN,
      1.08329,
      1.16662,
      0.8333,
      NaN,
      0.66664,
      1.08329,
      0.9166300000000001,
      1.41661,
      0.99996,
      0.0,
      NaN,
      0.58331,
      0.66664,
      NaN,
      0.66664,
      0.74997,
      1.91659
    ],
    [
      NaN,
      0.66664,
      0.9166300000000001,
      1.16662,
      0.33332,
      0.41665,
      0.41665,
      0.24999,
      0.66664,
      0.49998,
      0.24999,
      0.74997,
      NaN,
      0.0,
      0.16666,
      NaN,
      0.49998,
      0.74997,
      0.99996,
      1.33328
    ],
    [
      0.8333,
      NaN,
      0.66664,
      0.9166300000000001,
      NaN,
      NaN,
      0.33332,
      0.74997,
      0.74997,
      NaN,
      0.66664,
      0.49998,
      0.58331,
      0.16666,
      0.0,
      0.9166300000000001,
      NaN,
      0.49998,
      0.41665,
      1.41661
    ],
    [
      NaN,
      0.66664,
      0.9166300000000001,
      0.9166300000000001,
      0.74997,
      0.58331,
      0.9166300000000001,
      NaN,
      0.9166300000000001,
      0.99996,
      0.49998,
      0.49998,
      0.66664,
      NaN,
      0.9166300000000001,
      0.0,
      0.8333,
      0.24999,
      0.9166300000000001,
      2.08325
    ],
    [
      NaN,
      NaN,
      NaN,
      1.16662,
      NaN,
      NaN,
      0.49998,
      0.74997,
      0.8333,
      NaN,
      0.9166300000000001,
      0.74997,
      NaN,
      0.49998,
      NaN,
      0.8333,
      0.0,
      0.8333,
      0.66664,
      1.58327
    ],
    [
      1.2499500000000001,
      1.16662,
      1.49994,
      0.74997,
      1.41661,
      1.33328,
      0.33332,
      0.49998,
      0.74997,
      0.66664,
      0.9166300000000001,
      0.33332,
      0.66664,
      0.74997,
      0.49998,
      0.24999,
      0.8333,
      0.0,
      0.41665,
      1.49994
    ],
    [
      1.08329,
      NaN,
      NaN,
      NaN,
      0.9166300000000001,
      NaN,
      0.41665,
      0.49998,
      1.16662,
      0.58331,
      0.33332,
      0.33332,
      0.74997,
      0.99996,
      0.41665,
      0.9166300000000001,
      0.66664,
      0.41665,
      0.0,
      1.58327
    ],
    [
      2.16658,
      1.58327,
      1.58327,
      1.6666,
      1.58327,
      1.58327,
      1.49994,
      1.41661,
      2.66656,
      1.6666,
      1.99992,
      1.41661,
      1.91659,
      1.33328,
      1.41661,
      2.08325,
      1.58327,
      1.49994,
      1.58327,
      0.0
    ]
  ],
  "transit_time_matrix": [
    [
      0.0,
      NaN,
      NaN,
      20.0,
      16.0,
      16.0,
      11.0,
      NaN,
      NaN,
      16.0,
      30.0,
      87.0,
      30.0,
      NaN,
      14.0,
      NaN,
      0.0,
      53.0,
      16.0,
      60.0
    ],
    [
      NaN,
      0.0,
      NaN,
      31.0,
      0.0,
      14.0,
      12.0,
      17.0,
      NaN,
      0.0,
      0.0,
      84.0,
      13.0,
      10.0,
      0.0,
      12.0,
      0.0,
      24.0,
      0.0,
      57.0
    ],
    [
      NaN,
      NaN,
      0.0,
      22.0,
      NaN,
      11.0,
      0.0,
      9.0,
      24.0,
      NaN,
      14.0,
      98.0,
      0.0,
      18.0,
      11.0,
      17.0,
      NaN,
      39.0,
      NaN,
      56.0
    ],
    [
      20.0,
      31.0,
      22.0,
      0.0,
      17.0,
      15.0,
      12.0,
      27.0,
      10.0,
      19.0,
      7.0,
      57.0,
      32.0,
      18.0,
      17.0,
      15.0,
      10.0,
      61.0,
      0.0,
      35.0
    ],
    [
      16.0,
      0.0,
      NaN,
      17.0,
      0.0,
      NaN,
      10.0,
      8.0,
      9.0,
      NaN,
      14.0,
      63.0,
      22.0,
      10.0,
      NaN,
      14.0,
      NaN,
      38.0,
      4.0,
      48.0
    ],
    [
      16.0,
      14.0,
      11.0,
      15.0,
      NaN,
      0.0,
      9.0,
      0.0,
      12.0,
      NaN,
      11.0,
      59.0,
      9.0,
      9.0,
      NaN,
      9.0,
      NaN,
      37.0,
      0.0,
      46.0
    ],
    [
      11.0,
      12.0,
      0.0,
      12.0,
      10.0,
      9.0,
      0.0,
      7.0,
      10.0,
      11.0,
      NaN,
      63.0,
      0.0,
      16.0,
      9.0,
      14.0,
      14.0,
      52.0,
      12.0,
      16.0
    ],
    [
      NaN,
      17.0,
      9.0,
      27.0,
      8.0,
      0.0,
      7.0,
      0.0,
      0.0,
      15.0,
      12.0,
      82.0,
      21.0,
      6.0,
      8.0,
      NaN,
      8.0,
      55.0,
      7.0,
      52.0
    ],
    [
      NaN,
      NaN,
      24.0,
      10.0,
      9.0,
      12.0,
      10.0,
      0.0,
      0.0,
      7.0,
      27.0,
      89.0,
      28.0,
      12.0,
      8.0,
      16.0,
      17.0,
      68.0,
      15.0,
      59.0
    ],
    [
      16.0,
      0.0,
      NaN,
      19.0,
      NaN,
      NaN,
      11.0,
      15.0,
      7.0,
      0.0,
      13.0,
      64.0,
      17.0,
      9.0,
      NaN,
      5.0,
      NaN,
      53.0,
      12.0,
      47.0
    ],
    [
      30.0,
      0.0,
      14.0,
      7.0,
      14.0,
      11.0,
      NaN,
      12.0,
      27.0,
      13.0,
      0.0,
      67.0,
      21.0,
      9.0,
      14.0,
      7.0,
      17.0,
      59.0,
      7.0,
      18.0
    ],
    [
      87.0,
      84.0,
      98.0,
      57.0,
      63.0,
      59.0,
      63.0,
      82.0,
      89.0,
      64.0,
      67.0,
      0.0,
      65.0,
      54.0,
      53.0,
      51.0,
      54.0,
      97.0,
      65.0,
      112.0
    ],
    [
      30.0,
      13.0,
      0.0,
      32.0,
      22.0,
      9.0,
      0.0,
      21.0,
      28.0,
      17.0,
      21.0,
      65.0,
      0.0,
      0.0,
      15.0,
      18.0,
      0.0,
      42.0,
      27.0,
      73.0
    ],
    [
      NaN,
      10.0,
      18.0,
      18.0,
      10.0,
      9.0,
      16.0,
      6.0,
      12.0,
      9.0,
      9.0,
      54.0,
      0.0,
      0.0,
      6.0,
      NaN,
      8.0,
      47.0,
      15.0,
      47.0
    ],
    [
      14.0,
      0.0,
      11.0,
      17.0,
      NaN,
      NaN,
      9.0,
      8.0,
      8.0,
      NaN,
      14.0,
      53.0,
      15.0,
      6.0,
      0.0,
      12.0,
      NaN,
      51.0,
      10.0,
      44.0
    ],
    [
      NaN,
      12.0,
      17.0,
      15.0,
      14.0,
      9.0,
      14.0,
      NaN,
      16.0,
      5.0,
      7.0,
      51.0,
      18.0,
      NaN,
      12.0,
      0.0,
      13.0,
      41.0,
      19.0,
      16.0
    ],
    [
      0.0,
      0.0,
      NaN,
      10.0,
      NaN,
      NaN,
      14.0,
      8.0,
      17.0,
      NaN,
      17.0,
      54.0,
      0.0,
      8.0,
      NaN,
      13.0,
      0.0,
      55.0,
      13.0,
      48.0
    ],
    [
      53.0,
      24.0,
      39.0,
      61.0,
      38.0,
      37.0,
      52.0,
      55.0,
      68.0,
      53.0,
      59.0,
      97.0,
      42.0,
      47.0,
      51.0,
      41.0,
      55.0,
      0.0,
      49.0,
      112.0
    ],
    [
      16.0,
      0.0,
      NaN,
      0.0,
      4.0,
      0.0,
      12.0,
      7.0,
      15.0,
      12.0,
      7.0,
      65.0,
      27.0,
      15.0,
      10.0,
      19.0,
      13.0,
      49.0,
      0.0,
      57.0
    ],
    [
      60.0,
      57.0,
      56.0,
      35.0,
      48.0,
      46.0,
      16.0,
      52.0,
      59.0,
      47.0,
      18.0,
      112.0,
      73.0,
      47.0,
      44.0,
      16.0,
      48.0,
      112.0,
      57.0,
      0.0
    ]
  ],
  "walk_dist_matrix": [
    [
      0.0,
      1.0,
      1.6,
      2.4,
      1.3,
      1.5,
      2.3,
      0.6,
      0.95,
      1.2,
      2.8,
      13.1,
      3.5,
      0.7,
      1.3,
      0.9,
      1.3,
      13.4,
      1.6,
      8.4
    ],
    [
      1.0,
      0.0,
      1.2,
      2.7,
      1.2,
      1.4,
      2.2,
      1.6,
      0.55,
      1.1,
      2.7,
      14.0,
      3.4,
      1.1,
      1.2,
      1.5,
      1.2,
      12.8,
      1.0,
      9.0
    ],
    [
      1.6,
      1.2,
      0.0,
      3.3,
      1.2,
      1.3,
      1.8,
      2.2,
      1.6,
      1.0,
      1.9,
      14.6,
      2.1,
      1.7,
      1.1,
      2.0,
      1.1,
      12.3,
      0.5,
      9.4
    ],
    [
      2.4,
      2.7,
      3.3,
      0.0,
      2.2,
      2.1,
      1.7,
      2.2,
      2.9,
      2.4,
      2.0,
      11.6,
      4.5,
      2.0,
      2.3,
      1.6,
      2.3,
      15.5,
      3.5,
      6.3
    ],
    [
      1.3,
      1.2,
      1.2,
      2.2,
      0.0,
      0.5,
      1.3,
      1.2,
      1.4,
      0.14,
      1.8,
      13.6,
      2.6,
      0.7,
      0.3,
      1.1,
      0.034,
      13.6,
      1.3,
      8.4
    ],
    [
      1.5,
      1.4,
      1.3,
      2.1,
      0.5,
      0.0,
      0.85,
      1.4,
      1.6,
      0.35,
      1.3,
      13.4,
      2.4,
      0.85,
      0.2,
      0.95,
      0.45,
      13.5,
      1.4,
      8.2
    ],
    [
      2.3,
      2.2,
      1.8,
      1.7,
      1.3,
      0.85,
      0.0,
      2.2,
      2.4,
      1.2,
      0.5,
      13.1,
      2.8,
      1.7,
      1.0,
      1.4,
      1.3,
      14.0,
      1.9,
      7.8
    ],
    [
      0.6,
      1.6,
      2.2,
      2.2,
      1.2,
      1.4,
      2.2,
      0.0,
      1.2,
      1.4,
      2.6,
      12.5,
      3.5,
      0.6,
      1.3,
      0.75,
      1.3,
      14.0,
      2.3,
      7.7
    ],
    [
      0.95,
      0.55,
      1.6,
      2.9,
      1.4,
      1.6,
      2.4,
      1.2,
      0.0,
      1.3,
      2.9,
      13.6,
      3.6,
      1.3,
      1.4,
      1.6,
      1.4,
      13.2,
      1.4,
      8.9
    ],
    [
      1.2,
      1.1,
      1.0,
      2.4,
      0.14,
      0.35,
      1.2,
      1.4,
      1.3,
      0.0,
      1.7,
      13.7,
      2.4,
      0.8,
      0.16,
      1.2,
      0.1,
      13.0,
      1.2,
      8.5
    ],
    [
      2.8,
      2.7,
      1.9,
      2.0,
      1.8,
      1.3,
      0.5,
      2.6,
      2.9,
      1.7,
      0.0,
      13.3,
      2.5,
      2.1,
      1.5,
      1.9,
      1.8,
      13.5,
      2.3,
      8.1
    ],
    [
      13.1,
      14.0,
      14.6,
      11.6,
      13.6,
      13.4,
      13.1,
      12.5,
      13.6,
      13.7,
      13.3,
      0.0,
      15.9,
      12.9,
      13.6,
      12.6,
      13.6,
      26.5,
      14.7,
      11.2
    ],
    [
      3.5,
      3.4,
      2.1,
      4.5,
      2.6,
      2.4,
      2.8,
      3.5,
      3.6,
      2.4,
      2.5,
      15.9,
      0.0,
      3.0,
      2.3,
      3.3,
      2.5,
      11.7,
      2.6,
      10.6
    ],
    [
      0.7,
      1.1,
      1.7,
      2.0,
      0.7,
      0.85,
      1.7,
      0.6,
      1.3,
      0.8,
      2.1,
      12.9,
      3.0,
      0.0,
      0.75,
      0.5,
      0.7,
      13.6,
      1.8,
      7.9
    ],
    [
      1.3,
      1.2,
      1.1,
      2.3,
      0.3,
      0.2,
      1.0,
      1.3,
      1.4,
      0.16,
      1.5,
      13.6,
      2.3,
      0.75,
      0.0,
      1.1,
      0.26,
      13.3,
      1.2,
      8.4
    ],
    [
      0.9,
      1.5,
      2.0,
      1.6,
      1.1,
      0.95,
      1.4,
      0.75,
      1.6,
      1.2,
      1.9,
      12.6,
      3.3,
      0.5,
      1.1,
      0.0,
      1.1,
      13.9,
      2.2,
      7.5
    ],
    [
      1.3,
      1.2,
      1.1,
      2.3,
      0.034,
      0.45,
      1.3,
      1.3,
      1.4,
      0.1,
      1.8,
      13.6,
      2.5,
      0.7,
      0.26,
      1.1,
      0.0,
      13.1,
      1.3,
      8.4
    ],
    [
      13.4,
      12.8,
      12.3,
      15.5,
      13.6,
      13.5,
      14.0,
      14.0,
      13.2,
      13.0,
      13.5,
      26.5,
      11.7,
      13.6,
      13.3,
      13.9,
      13.1,
      0.0,
      12.1,
      21.6
    ],
    [
      1.6,
      1.0,
      0.5,
      3.5,
      1.3,
      1.4,
      1.9,
      2.3,
      1.4,
      1.2,
      2.3,
      14.7,
      2.6,
      1.8,
      1.2,
      2.2,
      1.3,
      12.1,
      0.0,
      9.6
    ],
    [
      8.4,
      9.0,
      9.4,
      6.3,
      8.4,
      8.2,
      7.8,
      7.7,
      8.9,
      8.5,
      8.1,
      11.2,
      10.6,
      7.9,
      8.4,
      7.5,
      8.4,
      21.6,
      9.6,
      0.0
    ]
  ],
  "walk_time_matrix": [
    [
      0.0,
      11.0,
      20.0,
      20.0,
      16.0,
      16.0,
      31.0,
      8.0,
      11.0,
      16.0,
      37.0,
      186.0,
      30.0,
      9.0,
      14.0,
      12.0,
      17.0,
      53.0,
      20.0,
      60.0
    ],
    [
      11.0,
      0.0,
      16.0,
      36.0,
      16.0,
      19.0,
      22.0,
      20.0,
      7.0,
      15.0,
      36.0,
      197.0,
      41.0,
      10.0,
      16.0,
      20.0,
      16.0,
      162.0,
      12.0,
      121.0
    ],
    [
      20.0,
      16.0,
      0.0,
      44.0,
      15.0,
      18.0,
      24.0,
      28.0,
      21.0,
      14.0,
      14.0,
      204.0,
      26.0,
      18.0,
      11.0,
      27.0,
      15.0,
      39.0,
      7.0,
      56.0
    ],
    [
      20.0,
      36.0,
      44.0,
      0.0,
      17.0,
      15.0,
      22.0,
      29.0,
      34.0,
      31.0,
      18.0,
      57.0,
      57.0,
      18.0,
      30.0,
      21.0,
      18.0,
      195.0,
      10.0,
      35.0
    ],
    [
      16.0,
      16.0,
      15.0,
      17.0,
      0.0,
      6.0,
      18.0,
      15.0,
      20.0,
      2.0,
      14.0,
      63.0,
      31.0,
      10.0,
      4.0,
      14.0,
      1.0,
      170.0,
      16.0,
      112.0
    ],
    [
      16.0,
      19.0,
      18.0,
      15.0,
      6.0,
      0.0,
      11.0,
      17.0,
      20.0,
      5.0,
      11.0,
      59.0,
      29.0,
      9.0,
      3.0,
      9.0,
      6.0,
      37.0,
      18.0,
      46.0
    ],
    [
      31.0,
      22.0,
      24.0,
      22.0,
      18.0,
      11.0,
      0.0,
      28.0,
      31.0,
      11.0,
      7.0,
      186.0,
      35.0,
      22.0,
      14.0,
      18.0,
      17.0,
      174.0,
      12.0,
      104.0
    ],
    [
      8.0,
      20.0,
      28.0,
      29.0,
      15.0,
      17.0,
      28.0,
      0.0,
      14.0,
      15.0,
      35.0,
      82.0,
      21.0,
      8.0,
      14.0,
      10.0,
      14.0,
      55.0,
      29.0,
      52.0
    ],
    [
      11.0,
      7.0,
      21.0,
      34.0,
      20.0,
      20.0,
      31.0,
      14.0,
      0.0,
      17.0,
      39.0,
      193.0,
      28.0,
      17.0,
      18.0,
      16.0,
      19.0,
      166.0,
      15.0,
      118.0
    ],
    [
      16.0,
      15.0,
      14.0,
      31.0,
      2.0,
      5.0,
      11.0,
      15.0,
      17.0,
      0.0,
      22.0,
      64.0,
      30.0,
      10.0,
      2.0,
      15.0,
      1.0,
      165.0,
      15.0,
      47.0
    ],
    [
      37.0,
      36.0,
      14.0,
      18.0,
      14.0,
      11.0,
      7.0,
      35.0,
      39.0,
      22.0,
      0.0,
      67.0,
      32.0,
      28.0,
      14.0,
      25.0,
      17.0,
      171.0,
      29.0,
      48.0
    ],
    [
      186.0,
      197.0,
      204.0,
      57.0,
      63.0,
      59.0,
      186.0,
      82.0,
      193.0,
      64.0,
      67.0,
      0.0,
      65.0,
      153.0,
      162.0,
      51.0,
      54.0,
      324.0,
      65.0,
      142.0
    ],
    [
      30.0,
      41.0,
      26.0,
      57.0,
      31.0,
      29.0,
      35.0,
      21.0,
      28.0,
      30.0,
      32.0,
      65.0,
      0.0,
      38.0,
      15.0,
      43.0,
      33.0,
      42.0,
      27.0,
      73.0
    ],
    [
      9.0,
      10.0,
      18.0,
      18.0,
      10.0,
      9.0,
      22.0,
      8.0,
      17.0,
      10.0,
      28.0,
      153.0,
      38.0,
      0.0,
      10.0,
      7.0,
      9.0,
      171.0,
      22.0,
      47.0
    ],
    [
      14.0,
      16.0,
      11.0,
      30.0,
      4.0,
      3.0,
      14.0,
      14.0,
      18.0,
      2.0,
      14.0,
      162.0,
      15.0,
      10.0,
      0.0,
      12.0,
      3.0,
      51.0,
      15.0,
      44.0
    ],
    [
      12.0,
      20.0,
      27.0,
      21.0,
      14.0,
      9.0,
      18.0,
      10.0,
      16.0,
      15.0,
      25.0,
      51.0,
      43.0,
      7.0,
      12.0,
      0.0,
      14.0,
      41.0,
      28.0,
      101.0
    ],
    [
      17.0,
      16.0,
      15.0,
      18.0,
      1.0,
      6.0,
      17.0,
      14.0,
      19.0,
      1.0,
      17.0,
      54.0,
      33.0,
      9.0,
      3.0,
      14.0,
      0.0,
      55.0,
      16.0,
      48.0
    ],
    [
      53.0,
      162.0,
      39.0,
      195.0,
      170.0,
      37.0,
      174.0,
      55.0,
      166.0,
      165.0,
      171.0,
      324.0,
      42.0,
      171.0,
      51.0,
      41.0,
      55.0,
      0.0,
      49.0,
      280.0
    ],
    [
      20.0,
      12.0,
      7.0,
      10.0,
      16.0,
      18.0,
      12.0,
      29.0,
      15.0,
      15.0,
      29.0,
      65.0,
      27.0,
      22.0,
      15.0,
      28.0,
      16.0,
      49.0,
      0.0,
      128.0
    ],
    [
      60.0,
      121.0,
      56.0,
      35.0,
      112.0,
      46.0,
      104.0,
      52.0,
      118.0,
      47.0,
      48.0,
      142.0,
      73.0,
      47.0,
      44.0,
      101.0,
      48.0,
      280.0,
      128.0,
      0.0
    ]
  ],
  "cycle_dist_matrix": [
    [
      0.0,
      1.0,
      1.6,
      2.6,
      1.4,
      1.5,
      2.6,
      0.6,
      0.95,
      1.2,
      2.8,
      14.0,
      3.6,
      1.2,
      1.4,
      1.1,
      1.4,
      14.4,
      2.0,
      8.8
    ],
    [
      1.0,
      0.0,
      1.8,
      3.1,
      1.2,
      1.7,
      2.6,
      1.6,
      0.55,
      1.3,
      2.7,
      14.5,
      3.4,
      1.2,
      1.2,
      1.5,
      1.2,
      14.1,
      1.0,
      9.0
    ],
    [
      1.6,
      1.8,
      0.0,
      3.3,
      1.2,
      1.3,
      1.8,
      2.4,
      2.4,
      1.0,
      2.3,
      15.2,
      2.2,
      1.7,
      1.2,
      2.4,
      1.5,
      13.0,
      0.5,
      10.0
    ],
    [
      2.6,
      3.1,
      3.3,
      0.0,
      2.7,
      2.6,
      1.7,
      2.2,
      3.1,
      3.0,
      2.0,
      12.0,
      4.5,
      2.0,
      2.3,
      1.6,
      2.8,
      15.5,
      3.5,
      6.3
    ],
    [
      1.4,
      1.2,
      1.2,
      2.7,
      0.0,
      0.5,
      1.4,
      1.2,
      1.6,
      0.14,
      1.8,
      14.0,
      2.6,
      0.75,
      0.3,
      1.1,
      0.034,
      13.8,
      1.3,
      8.8
    ],
    [
      1.5,
      1.7,
      1.3,
      2.6,
      0.5,
      0.0,
      1.2,
      1.4,
      1.6,
      0.35,
      1.6,
      13.4,
      2.8,
      0.85,
      0.2,
      0.95,
      0.45,
      13.5,
      1.4,
      8.8
    ],
    [
      2.6,
      2.6,
      1.8,
      1.7,
      1.4,
      1.2,
      0.0,
      2.2,
      3.1,
      1.3,
      0.5,
      13.1,
      3.4,
      2.0,
      1.2,
      1.6,
      1.3,
      14.0,
      1.9,
      8.1
    ],
    [
      0.6,
      1.6,
      2.4,
      2.2,
      1.2,
      1.4,
      2.2,
      0.0,
      1.5,
      2.0,
      2.6,
      12.5,
      4.3,
      0.6,
      2.1,
      0.75,
      2.1,
      14.0,
      2.7,
      7.9
    ],
    [
      0.95,
      0.55,
      2.4,
      3.1,
      1.6,
      1.6,
      3.1,
      1.5,
      0.0,
      1.3,
      4.1,
      14.7,
      4.3,
      1.3,
      2.5,
      2.8,
      1.4,
      15.1,
      2.6,
      9.6
    ],
    [
      1.2,
      1.3,
      1.0,
      3.0,
      0.14,
      0.35,
      1.3,
      2.0,
      1.3,
      0.0,
      1.7,
      13.7,
      2.9,
      0.8,
      0.16,
      1.3,
      0.1,
      13.7,
      1.2,
      9.0
    ],
    [
      2.8,
      2.7,
      2.3,
      2.0,
      1.8,
      1.6,
      0.5,
      2.6,
      4.1,
      1.7,
      0.0,
      13.7,
      2.5,
      2.7,
      1.6,
      2.2,
      1.9,
      13.5,
      2.4,
      8.2
    ],
    [
      14.0,
      14.5,
      15.2,
      12.0,
      14.0,
      13.4,
      13.1,
      12.5,
      14.7,
      13.7,
      13.7,
      0.0,
      16.9,
      13.2,
      14.1,
      12.7,
      13.9,
      27.4,
      15.3,
      15.0
    ],
    [
      3.6,
      3.4,
      2.2,
      4.5,
      2.6,
      2.8,
      3.4,
      4.3,
      4.3,
      2.9,
      2.5,
      16.9,
      0.0,
      3.0,
      2.3,
      3.3,
      2.6,
      11.7,
      2.8,
      10.6
    ],
    [
      1.2,
      1.2,
      1.7,
      2.0,
      0.75,
      0.85,
      2.0,
      0.6,
      1.3,
      0.8,
      2.7,
      13.2,
      3.0,
      0.0,
      0.75,
      0.5,
      0.8,
      14.1,
      2.0,
      8.6
    ],
    [
      1.4,
      1.2,
      1.2,
      2.3,
      0.3,
      0.2,
      1.2,
      2.1,
      2.5,
      0.16,
      1.6,
      14.1,
      2.3,
      0.75,
      0.0,
      1.2,
      0.26,
      13.8,
      1.2,
      8.9
    ],
    [
      1.1,
      1.5,
      2.4,
      1.6,
      1.1,
      0.95,
      1.6,
      0.75,
      2.8,
      1.3,
      2.2,
      12.7,
      3.3,
      0.5,
      1.2,
      0.0,
      1.1,
      14.4,
      2.4,
      7.9
    ],
    [
      1.4,
      1.2,
      1.5,
      2.8,
      0.034,
      0.45,
      1.3,
      2.1,
      1.4,
      0.1,
      1.9,
      13.9,
      2.6,
      0.8,
      0.26,
      1.1,
      0.0,
      13.8,
      1.3,
      8.9
    ],
    [
      14.4,
      14.1,
      13.0,
      15.5,
      13.8,
      13.5,
      14.0,
      14.0,
      15.1,
      13.7,
      13.5,
      27.4,
      11.7,
      14.1,
      13.8,
      14.4,
      13.8,
      0.0,
      13.8,
      22.1
    ],
    [
      2.0,
      1.0,
      0.5,
      3.5,
      1.3,
      1.4,
      1.9,
      2.7,
      2.6,
      1.2,
      2.4,
      15.3,
      2.8,
      2.0,
      1.2,
      2.4,
      1.3,
      13.8,
      0.0,
      9.9
    ],
    [
      8.8,
      9.0,
      10.0,
      6.3,
      8.8,
      8.8,
      8.1,
      7.9,
      9.6,
      9.0,
      8.2,
      15.0,
      10.6,
      8.6,
      8.9,
      7.9,
      8.9,
      22.1,
      9.9,
      0.0
    ]
  ],
  "cycle_time_matrix": [
    [
      0.0,
      11.0,
      20.0,
      12.0,
      6.0,
      16.0,
      10.0,
      8.0,
      11.0,
      16.0,
      37.0,
      78.0,
      11.0,
      6.0,
      6.0,
      6.0,
      17.0,
      47.0,
      7.0,
      38.0
    ],
    [
      11.0,
      0.0,
      9.0,
      16.0,
      16.0,
      11.0,
      13.0,
      20.0,
      7.0,
      8.0,
      36.0,
      83.0,
      13.0,
      10.0,
      16.0,
      20.0,
      16.0,
      49.0,
      12.0,
      121.0
    ],
    [
      20.0,
      9.0,
      0.0,
      44.0,
      15.0,
      9.0,
      9.0,
      10.0,
      9.0,
      6.0,
      11.0,
      84.0,
      7.0,
      18.0,
      6.0,
      11.0,
      7.0,
      43.0,
      2.0,
      43.0
    ],
    [
      12.0,
      16.0,
      44.0,
      0.0,
      13.0,
      14.0,
      22.0,
      29.0,
      13.0,
      14.0,
      9.0,
      73.0,
      57.0,
      26.0,
      30.0,
      21.0,
      14.0,
      53.0,
      45.0,
      28.0
    ],
    [
      6.0,
      16.0,
      15.0,
      13.0,
      0.0,
      6.0,
      6.0,
      4.0,
      20.0,
      1.0,
      8.0,
      78.0,
      31.0,
      4.0,
      4.0,
      14.0,
      1.0,
      46.0,
      6.0,
      38.0
    ],
    [
      16.0,
      11.0,
      9.0,
      14.0,
      6.0,
      0.0,
      6.0,
      17.0,
      20.0,
      5.0,
      8.0,
      189.0,
      11.0,
      9.0,
      3.0,
      9.0,
      6.0,
      46.0,
      18.0,
      37.0
    ],
    [
      10.0,
      13.0,
      9.0,
      22.0,
      6.0,
      6.0,
      0.0,
      28.0,
      11.0,
      7.0,
      3.0,
      186.0,
      12.0,
      8.0,
      6.0,
      6.0,
      17.0,
      46.0,
      9.0,
      35.0
    ],
    [
      8.0,
      20.0,
      10.0,
      29.0,
      4.0,
      17.0,
      28.0,
      0.0,
      4.0,
      7.0,
      35.0,
      179.0,
      13.0,
      3.0,
      7.0,
      10.0,
      8.0,
      177.0,
      9.0,
      34.0
    ],
    [
      11.0,
      7.0,
      9.0,
      13.0,
      20.0,
      20.0,
      11.0,
      4.0,
      0.0,
      17.0,
      16.0,
      193.0,
      14.0,
      17.0,
      9.0,
      16.0,
      19.0,
      50.0,
      15.0,
      39.0
    ],
    [
      16.0,
      8.0,
      6.0,
      14.0,
      1.0,
      5.0,
      7.0,
      7.0,
      17.0,
      0.0,
      8.0,
      193.0,
      9.0,
      10.0,
      2.0,
      6.0,
      1.0,
      46.0,
      5.0,
      38.0
    ],
    [
      37.0,
      36.0,
      11.0,
      9.0,
      8.0,
      8.0,
      3.0,
      35.0,
      16.0,
      8.0,
      0.0,
      79.0,
      32.0,
      12.0,
      8.0,
      10.0,
      9.0,
      171.0,
      11.0,
      36.0
    ],
    [
      78.0,
      83.0,
      84.0,
      73.0,
      78.0,
      189.0,
      186.0,
      179.0,
      193.0,
      193.0,
      79.0,
      0.0,
      189.0,
      35.0,
      40.0,
      34.0,
      39.0,
      83.0,
      43.0,
      48.0
    ],
    [
      11.0,
      13.0,
      7.0,
      57.0,
      31.0,
      11.0,
      12.0,
      13.0,
      14.0,
      9.0,
      32.0,
      189.0,
      0.0,
      38.0,
      9.0,
      43.0,
      10.0,
      39.0,
      9.0,
      141.0
    ],
    [
      6.0,
      10.0,
      18.0,
      26.0,
      4.0,
      9.0,
      8.0,
      3.0,
      17.0,
      10.0,
      12.0,
      35.0,
      38.0,
      0.0,
      10.0,
      7.0,
      5.0,
      47.0,
      8.0,
      35.0
    ],
    [
      6.0,
      16.0,
      6.0,
      30.0,
      4.0,
      3.0,
      6.0,
      7.0,
      9.0,
      2.0,
      8.0,
      40.0,
      9.0,
      10.0,
      0.0,
      5.0,
      3.0,
      45.0,
      5.0,
      38.0
    ],
    [
      6.0,
      20.0,
      11.0,
      21.0,
      14.0,
      9.0,
      6.0,
      10.0,
      16.0,
      6.0,
      10.0,
      34.0,
      43.0,
      7.0,
      5.0,
      0.0,
      14.0,
      176.0,
      9.0,
      33.0
    ],
    [
      17.0,
      16.0,
      7.0,
      14.0,
      1.0,
      6.0,
      17.0,
      8.0,
      19.0,
      1.0,
      9.0,
      39.0,
      10.0,
      5.0,
      3.0,
      14.0,
      0.0,
      46.0,
      16.0,
      38.0
    ],
    [
      47.0,
      49.0,
      43.0,
      53.0,
      46.0,
      46.0,
      46.0,
      177.0,
      50.0,
      46.0,
      171.0,
      83.0,
      39.0,
      47.0,
      45.0,
      176.0,
      46.0,
      0.0,
      45.0,
      79.0
    ],
    [
      7.0,
      12.0,
      2.0,
      45.0,
      6.0,
      18.0,
      9.0,
