{
  "drive_dist_matrix": [
    [
      0.0,
      6.5,
      7.6,
      7.5,
      1.7,
      0.27,
      0.65,
      0.3,
      0.85,
      0.45,
      4.2,
      5.3,
      7.7,
      0.8,
      3.9,
      0.034,
      0.95,
      1.0,
      0.9,
      0.35,
      6.4,
      3.9,
      1.8,
      6.3,
      0.7,
      2.9,
      2.6,
      1.3,
      1.8,
      5.3,
      0.15,
      0.85,
      3.9,
      2.4,
      3.5,
      0.22,
      0.22,
      3.9,
      0.23,
      2.0,
      7.4,
      1.8,
      6.0,
      3.7,
      6.8,
      1.4,
      0.15,
      0.65,
      0.95,
      2.7,
      0.7,
      0.036,
      3.1,
      6.4,
      0.7
    ],
    [
      6.5,
      0.0,
      9.2,
      9.3,
      2.3,
      3.2,
      2.5,
      4.7,
      2.8,
      2.6,
      0.21,
      5.8,
      9.4,
      2.7,
      0.45,
      3.4,
      2.7,
      2.5,
      3.4,
      4.6,
      6.5,
      4.6,
      5.2,
      7.9,
      4.3,
      2.9,
      1.6,
      1.9,
      5.2,
      7.0,
      3.5,
      2.7,
      0.65,
      3.0,
      2.8,
      2.8,
      3.1,
      0.2,
      3.2,
      5.2,
      8.9,
      5.2,
      7.6,
      4.7,
      8.4,
      3.6,
      3.4,
      4.7,
      2.8,
      1.8,
      3.2,
      3.4,
      1.0,
      8.0,
      2.7
    ],
    [
      7.6,
      9.2,
      0.0,
      0.65,
      9.1,
      8.8,
      7.7,
      7.6,
      9.3,
      8.2,
      10.8,
      5.3,
      16.0,
      9.3,
      10.6,
      9.0,
      9.3,
      9.1,
      10.2,
      7.5,
      4.5,
      11.1,
      8.3,
      1.8,
      6.9,
      6.9,
      9.2,
      8.4,
      8.3,
      13.6,
      9.0,
      9.2,
      10.5,
      7.6,
      9.8,
      8.4,
      8.7,
      10.5,
      8.8,
      7.1,
      20.9,
      8.3,
      4.2,
      11.9,
      1.9,
      10.1,
      9.0,
      7.2,
      9.3,
      9.3,
      10.6,
      9.0,
      9.3,
      1.7,
      9.3
    ],
    [
      7.5,
      9.3,
      0.65,
      0.0,
      9.1,
      8.8,
      7.7,
      7.6,
      9.3,
      8.2,
      10.8,
      6.7,
      16.0,
      9.3,
      10.6,
      9.0,
      9.3,
      9.1,
      10.2,
      7.5,
      4.3,
      11.1,
      8.3,
      2.7,
      6.9,
      6.9,
      9.2,
      8.4,
      8.3,
      13.6,
      9.0,
      9.2,
      10.5,
      7.6,
      9.8,
      8.4,
      8.7,
      10.5,
      8.8,
      7.1,
      20.7,
      8.3,
      5.6,
      11.9,
      3.2,
      10.1,
      9.0,
      7.2,
      9.3,
      9.3,
      10.6,
      9.0,
      9.0,
      2.8,
      9.3
    ],
    [
      1.7,
      2.3,
      9.1,
      9.1,
      0.0,
      1.8,
      0.8,
      3.8,
      0.4,
      0.7,
      2.7,
      4.6,
      7.6,
      0.4,
      2.5,
      1.7,
      0.3,
      0.21,
      0.7,
      3.7,
      5.6,
      3.8,
      3.4,
      7.0,
      3.4,
      2.1,
      1.1,
      0.35,
      3.4,
      5.2,
      1.8,
      0.4,
      2.4,
      2.1,
      1.4,
      0.9,
      1.4,
      2.4,
      1.8,
      4.3,
      7.9,
      3.4,
      6.8,
      3.6,
      7.6,
      1.3,
      1.7,
      2.5,
      0.29,
      1.2,
      0.8,
      1.7,
      2.1,
      7.1,
      0.4
    ],
    [
      0.27,
      3.2,
      8.8,
      8.8,
      1.8,
      0.0,
      0.85,
      0.55,
      0.9,
      0.5,
      4.4,
      5.5,
      7.9,
      0.9,
      4.2,
      0.25,
      1.6,
      1.0,
      0.8,
      0.6,
      5.9,
      4.1,
      0.75,
      7.3,
      0.9,
      3.1,
      2.8,
      1.5,
      0.75,
      5.4,
      0.2,
      0.9,
      4.2,
      2.6,
      3.3,
      0.45,
      0.047,
      4.1,
      0.035,
      2.4,
      7.6,
      0.75,
      5.5,
      3.8,
      7.8,
      1.5,
      0.35,
      0.7,
      1.0,
      2.9,
      0.6,
      0.23,
      3.3,
      7.4,
      0.75
    ],
    [
      0.65,
      2.5,
      7.7,
      7.7,
      0.8,
      0.85,
      0.0,
      0.5,
      0.7,
      0.5,
      3.9,
      4.4,
      8.2,
      0.65,
      3.6,
      0.7,
      0.75,
      0.65,
      1.7,
      2.7,
      4.7,
      4.5,
      2.6,
      6.1,
      0.85,
      1.9,
      2.3,
      0.5,
      2.6,
      5.8,
      0.75,
      0.7,
      3.6,
      0.35,
      2.8,
      0.5,
      1.2,
      3.6,
      0.85,
      3.3,
      8.6,
      2.6,
      5.8,
      4.2,
      6.6,
      1.9,
      0.6,
      2.8,
      0.75,
      2.3,
      1.5,
      0.65,
      2.8,
      6.2,
      0.55
    ],
    [
      0.3,
      4.7,
      7.6,
      7.6,
      3.8,
      0.55,
      0.5,
      0.0,
      0.8,
      0.45,
      3.7,
      4.5,
      8.1,
      0.75,
      3.5,
      0.35,
      0.95,
      0.9,
      1.6,
      0.14,
      4.8,
      4.4,
      2.5,
      6.2,
      0.6,
      2.0,
      2.1,
      1.0,
      2.5,
      5.7,
      0.4,
      0.8,
      3.5,
      0.8,
      2.7,
      0.8,
      0.5,
      3.4,
      0.5,
      2.7,
      8.4,
      2.5,
      5.9,
      4.1,
      6.7,
      1.8,
      0.25,
      0.8,
      0.85,
      2.2,
      0.9,
      0.29,
      2.6,
      6.3,
      0.65
    ],
    [
      0.85,
      2.8,
      9.3,
      9.3,
      0.4,
      0.9,
      0.7,
      0.8,
      0.0,
      0.45,
      3.6,
      5.3,
      7.2,
      0.24,
      3.4,
      0.9,
      0.11,
      0.17,
      0.4,
      0.95,
      7.4,
      3.4,
      3.0,
      8.8,
      2.7,
      3.8,
      2.0,
      0.65,
      3.0,
      4.8,
      0.8,
      0.0,
      3.4,
      3.9,
      2.9,
      0.65,
      0.9,
      3.3,
      0.9,
      2.6,
      7.5,
      3.0,
      8.5,
      3.1,
      9.3,
      0.85,
      0.8,
      2.0,
      0.18,
      2.4,
      0.5,
      0.85,
      3.8,
      8.9,
      0.13
    ],
    [
      0.45,
      2.6,
      8.2,
      8.2,
      0.7,
      0.5,
      0.5,
      0.45,
      0.45,
      0.0,
      3.7,
      4.6,
      8.0,
      0.35,
      3.4,
      0.5,
      0.5,
      0.5,
      0.6,
      0.55,
      5.9,
      4.3,
      1.8,
      6.5,
      2.4,
      2.1,
      2.1,
      0.8,
      1.8,
      5.6,
      0.35,
      0.4,
      3.4,
      1.9,
      2.6,
      0.27,
      0.45,
      3.4,
      0.5,
      2.3,
      8.3,
      1.8,
      4.8,
      4.0,
      7.0,
      1.7,
      0.45,
      1.7,
      0.5,
      2.1,
      0.4,
      0.45,
      2.5,
      6.6,
      0.26
    ],
    [
      4.2,
      0.21,
      10.8,
      10.8,
      2.7,
      4.4,
      3.9,
      3.7,
      3.6,
      3.7,
      0.0,
      6.7,
      7.6,
      3.6,
      0.3,
      4.9,
      3.6,
      3.4,
      4.3,
      5.5,
      7.4,
      4.5,
      6.1,
      8.8,
      5.1,
      3.8,
      2.3,
      2.8,
      6.2,
      5.2,
      5.0,
      3.6,
      0.5,
      3.9,
      2.3,
      3.7,
      4.6,
      0.065,
      4.2,
      6.1,
      8.1,
      6.2,
      6.8,
      4.1,
      9.3,
      4.5,
      5.0,
      5.6,
      3.7,
      2.5,
      4.1,
      5.0,
      1.9,
      8.9,
      3.6
    ],
    [
      5.3,
      5.8,
      5.3,
      6.7,
      4.6,
      5.5,
      4.4,
      4.5,
      5.3,
      4.6,
      6.7,
      0.0,
      12.2,
      4.5,
      6.5,
      5.3,
      4.5,
      4.3,
      5.1,
      6.6,
      7.6,
      6.9,
      7.4,
      4.6,
      6.0,
      2.9,
      6.3,
      4.2,
      7.4,
      9.8,
      5.4,
      4.4,
      6.4,
      3.5,
      6.7,
      4.7,
      5.0,
      6.3,
      5.2,
      6.2,
      13.0,
      7.4,
      1.6,
      9.4,
      4.2,
      6.0,
      5.3,
      6.3,
      4.5,
      6.5,
      4.9,
      5.3,
      5.1,
      4.5,
      4.6
    ],
    [
      7.7,
      9.4,
      16.0,
      16.0,
      7.6,
      7.9,
      8.2,
      8.1,
      7.2,
      8.0,
      7.6,
      12.2,
      0.0,
      7.5,
      7.3,
      8.1,
      7.2,
      7.3,
      7.5,
      10.7,
      11.4,
      3.9,
      9.0,
      12.8,
      10.4,
      9.1,
      7.9,
      8.0,
      9.0,
      1.0,
      8.2,
      7.4,
      7.3,
      9.2,
      6.7,
      8.0,
      7.8,
      9.4,
      8.4,
      11.3,
      3.1,
      9.0,
      12.5,
      2.8,
      14.6,
      6.9,
      8.1,
      8.9,
      7.3,
      7.8,
      7.3,
      8.1,
      7.8,
      14.2,
      7.4
    ],
    [
      0.8,
      2.7,
      9.3,
      9.3,
      0.4,
      0.9,
      0.65,
      0.75,
      0.24,
      0.35,
      3.6,
      4.5,
      7.5,
      0.0,
      3.0,
      0.85,
      0.22,
      0.2,
      0.85,
      4.5,
      6.5,
      3.6,
      3.2,
      7.9,
      4.2,
      2.9,
      1.6,
      0.65,
      3.2,
      5.0,
      0.75,
      0.25,
      3.0,
      2.0,
      1.9,
      0.6,
      0.85,
      2.9,
      0.9,
      2.8,
      7.7,
      3.2,
      7.6,
      3.4,
      8.4,
      1.1,
      0.75,
      2.3,
      0.21,
      1.5,
      0.65,
      0.8,
      2.8,
      8.0,
      0.086
    ],
    [
      3.9,
      0.45,
      10.6,
      10.6,
      2.5,
      4.2,
      3.6,
      3.5,
      3.4,
      3.4,
      0.3,
      6.5,
      7.3,
      3.0,
      0.0,
      4.6,
      3.4,
      3.2,
      4.0,
      5.2,
      7.2,
      4.2,
      5.9,
      8.6,
      4.9,
      3.6,
      2.1,
      2.5,
      5.9,
      5.5,
      4.7,
      3.3,
      0.18,
      3.7,
      2.1,
      3.5,
      4.4,
      0.24,
      3.9,
      5.8,
      7.9,
      5.9,
      6.6,
      3.8,
      9.1,
      4.2,
      4.7,
      5.3,
      3.5,
      2.3,
      3.9,
      4.7,
      1.6,
      8.7,
      3.4
    ],
    [
      0.034,
      3.4,
      9.0,
      9.0,
      1.7,
      0.25,
      0.7,
      0.35,
      0.9,
      0.5,
      4.9,
      5.3,
      8.1,
      0.85,
      4.6,
      0.0,
      1.0,
      1.0,
      0.9,
      0.35,
      6.4,
      3.9,
      1.8,
      6.3,
      0.7,
      2.9,
      2.6,
      1.3,
      1.8,
      5.3,
      0.13,
      0.9,
      3.9,
      2.4,
      3.5,
      0.26,
      0.21,
      3.9,
      0.22,
      2.0,
      8.0,
      1.8,
      6.0,
      3.7,
      6.8,
      1.4,
      0.16,
      0.65,
      1.0,
      2.7,
      0.75,
      0.069,
      3.1,
      7.1,
      0.75
    ],
    [
      0.95,
      2.7,
      9.3,
      9.3,
      0.3,
      1.6,
      0.75,
      0.95,
      0.11,
      0.5,
      3.6,
      4.5,
      7.2,
      0.22,
      3.4,
      1.0,
      0.0,
      0.06,
      0.4,
      1.0,
      5.9,
      3.6,
      3.2,
      7.3,
      3.0,
      2.0,
      1.4,
      0.5,
      3.2,
      5.0,
      0.9,
      0.11,
      2.7,
      1.7,
      1.7,
      0.7,
      1.0,
      2.7,
      1.0,
      2.8,
      7.7,
      3.2,
      7.1,
      3.4,
      7.9,
      1.1,
      0.85,
      2.3,
      0.07,
      1.5,
      0.55,
      0.9,
      2.3,
      7.4,
      0.22
    ],
    [
      1.0,
      2.5,
      9.1,
      9.1,
      0.21,
      1.0,
      0.65,
      0.9,
      0.17,
      0.5,
      3.4,
      4.3,
      7.3,
      0.2,
      3.2,
      1.0,
      0.06,
      0.0,
      0.45,
      1.0,
      5.9,
      3.6,
      3.2,
      7.3,
      2.9,
      2.0,
      1.3,
      0.45,
      3.2,
      5.0,
      0.85,
      0.17,
      2.6,
      1.7,
      1.6,
      0.7,
      1.0,
      2.8,
      1.0,
      2.8,
      7.7,
      3.2,
      7.0,
      3.3,
      7.8,
      1.1,
      0.85,
      2.3,
      0.01,
      1.3,
      0.6,
      0.9,
      2.2,
      7.4,
      0.19
    ],
    [
      0.9,
      3.4,
      10.2,
      10.2,
      0.7,
      0.8,
      1.7,
      1.6,
      0.4,
      0.6,
      4.3,
      5.1,
      7.5,
      0.85,
      4.0,
      0.9,
      0.4,
      0.45,
      0.0,
      1.1,
      6.7,
      3.7,
      2.0,
      8.1,
      2.7,
      3.1,
      1.9,
      1.1,
      2.0,
      5.0,
      0.8,
      0.4,
      3.1,
      2.1,
      2.1,
      0.85,
      0.85,
      3.1,
      0.85,
      2.6,
      7.2,
      2.0,
      7.8,
      3.4,
      8.6,
      0.5,
      0.95,
      2.0,
      0.45,
      1.7,
      0.18,
      0.9,
      3.0,
      8.2,
      0.5
    ],
    [
      0.35,
      4.6,
      7.5,
      7.5,
      3.7,
      0.6,
      2.7,
      0.14,
      0.95,
      0.55,
      5.5,
      6.6,
      10.7,
      4.5,
      5.2,
      0.35,
      1.0,
      1.0,
      1.1,
      0.0,
      4.9,
      4.4,
      2.6,
      6.3,
      0.5,
      2.1,
      2.2,
      1.1,
      2.6,
      5.8,
      0.45,
      0.95,
      3.6,
      0.9,
      2.8,
      0.29,
      0.55,
      3.7,
      0.55,
      2.8,
      8.5,
      2.6,
      6.0,
      4.2,
      6.8,
      1.9,
      0.26,
      0.7,
      1.1,
      2.3,
      1.0,
      0.35,
      2.7,
      6.4,
      0.8
    ],
    [
      6.4,
      6.5,
      4.5,
      4.3,
      5.6,
      5.9,
      4.7,
      4.8,
      7.4,
      5.9,
      7.4,
      7.6,
      11.4,
      6.5,
      7.2,
      6.4,
      5.9,
      5.9,
      6.7,
      4.9,
      0.0,
      8.4,
      5.6,
      5.0,
      4.1,
      4.8,
      6.5,
      5.7,
      5.6,
      10.8,
      6.2,
      6.5,
      7.8,
      4.9,
      7.1,
      5.8,
      7.9,
      7.8,
      6.2,
      3.9,
      18.3,
      5.6,
      7.0,
      9.2,
      8.8,
      7.4,
      8.2,
      4.5,
      6.6,
      6.5,
      7.3,
      8.2,
      6.3,
      8.7,
      6.5
    ],
    [
      3.9,
      4.6,
      11.1,
      11.1,
      3.8,
      4.1,
      4.5,
      4.4,
      3.4,
      4.3,
      4.5,
      6.9,
      3.9,
      3.6,
      4.2,
      3.9,
      3.6,
      3.6,
      3.7,
      4.4,
      8.4,
      0.0,
      3.6,
      9.2,
      5.6,
      4.3,
      3.1,
      3.2,
      3.6,
      3.0,
      3.6,
      2.8,
      4.3,
      4.3,
      2.8,
      3.4,
      3.3,
      4.9,
      3.8,
      5.1,
      4.5,
      3.6,
      9.0,
      1.2,
      9.8,
      1.9,
      3.6,
      4.3,
      2.8,
      2.9,
      2.8,
      3.6,
      4.2,
      9.3,
      2.9
    ],
    [
      1.8,
      5.2,
      8.3,
      8.3,
      3.4,
      0.75,
      2.6,
      2.5,
      3.0,
      1.8,
      6.1,
      7.4,
      9.0,
      3.2,
      5.9,
      1.8,
      3.2,
      3.2,
      2.0,
      2.6,
      5.6,
      3.6,
      0.0,
      6.2,
      2.5,
      3.8,
      4.3,
      2.2,
      0.0,
      6.0,
      1.0,
      2.2,
      5.8,
      3.3,
      4.5,
      1.8,
      0.8,
      5.8,
      0.8,
      1.7,
      7.1,
      NaN,
      5.9,
      4.4,
      6.7,
      3.1,
      1.2,
      0.9,
      2.4,
      4.3,
      1.7,
      1.2,
      5.4,
      6.3,
      2.1
    ],
    [
      6.3,
      7.9,
      1.8,
      2.7,
      7.0,
      7.3,
      6.1,
      6.2,
      8.8,
      6.5,
      8.8,
      4.6,
      12.8,
      7.9,
      8.6,
      6.3,
      7.3,
      7.3,
      8.1,
      6.3,
      5.0,
      9.2,
      6.2,
      0.0,
      5.1,
      5.1,
      7.4,
      6.6,
      6.5,
      12.3,
      7.0,
      7.4,
      9.3,
      5.8,
      8.0,
      6.6,
      6.9,
      9.2,
      7.0,
      5.1,
      25.2,
      6.5,
      2.9,
      10.1,
      0.65,
      8.3,
      7.2,
      5.4,
      7.5,
      7.5,
      8.3,
      7.2,
      7.2,
      0.1,
      7.5
    ],
    [
      0.7,
      4.3,
      6.9,
      6.9,
      3.4,
      0.9,
      0.85,
      0.6,
      2.7,
      2.4,
      5.1,
      6.0,
      10.4,
      4.2,
      4.9,
      0.7,
      3.0,
      2.9,
      2.7,
      0.5,
      4.1,
      5.6,
      2.5,
      5.1,
      0.0,
      2.5,
      4.1,
      1.3,
      1.5,
      6.2,
      0.8,
      1.4,
      4.0,
      2.0,
      3.2,
      0.75,
      0.85,
      4.1,
      0.9,
      1.3,
      9.0,
      1.5,
      4.7,
      4.6,
      5.5,
      2.3,
      0.65,
      0.4,
      1.5,
      2.7,
      1.9,
      0.75,
      4.0,
      5.1,
      1.2
    ],
    [
      2.9,
      2.9,
      6.9,
      6.9,
      2.1,
      3.1,
      1.9,
      2.0,
      3.8,
      2.1,
      3.8,
      2.9,
      9.1,
      2.9,
      3.6,
      2.9,
      2.0,
      2.0,
      3.1,
      2.1,
      4.8,
      4.3,
      3.8,
      5.1,
      2.5,
      0.0,
      2.2,
      1.4,
      4.7,
      7.1,
      2.5,
      1.5,
      3.6,
      0.6,
      2.8,
      1.8,
      2.1,
      3.7,
      2.3,
      2.8,
      8.6,
      4.7,
      3.3,
      4.9,
      6.0,
      3.1,
      2.5,
      2.2,
      1.7,
      2.3,
      2.1,
      2.5,
      1.7,
      5.6,
      1.6
    ],
    [
      2.6,
      1.6,
      9.2,
      9.2,
      1.1,
      2.8,
      2.3,
      2.1,
      2.0,
      2.1,
      2.3,
      6.3,
      7.9,
      1.6,
      2.1,
      2.6,
      1.4,
      1.3,
      1.9,
      2.2,
      6.5,
      3.1,
      4.3,
      7.4,
      4.1,
      2.2,
      0.0,
      1.5,
      4.0,
      4.5,
      3.0,
      1.6,
      2.0,
      2.6,
      0.5,
      2.4,
      2.7,
      2.0,
      2.8,
      4.8,
      6.6,
      4.0,
      7.2,
      2.8,
      8.0,
      2.3,
      3.0,
      4.3,
      1.8,
      0.13,
      2.2,
      3.0,
      2.0,
      7.6,
      1.7
    ],
    [
      1.3,
      1.9,
      8.4,
      8.4,
      0.35,
      1.5,
      0.5,
      1.0,
      0.65,
      0.8,
      2.8,
      4.2,
      8.0,
      0.65,
      2.5,
      1.3,
      0.5,
      0.45,
      1.1,
      1.1,
      5.7,
      3.2,
      2.2,
      6.6,
      1.3,
      1.4,
      1.5,
      0.0,
      2.9,
      5.6,
      2.2,
      0.65,
      2.7,
      0.65,
      1.9,
      0.9,
      1.8,
      2.8,
      1.3,
      3.8,
      8.1,
      2.9,
      6.2,
      4.0,
      7.0,
      1.7,
      2.2,
      3.2,
      0.5,
      1.4,
      1.3,
      2.2,
      1.8,
      6.6,
      0.65
    ],
    [
      1.8,
      5.2,
      8.3,
      8.3,
      3.4,
      0.75,
      2.6,
      2.5,
      3.0,
      1.8,
      6.2,
      7.4,
      9.0,
      3.2,
      5.9,
      1.8,
      3.2,
      3.2,
      2.0,
      2.6,
      5.6,
      3.6,
      0.0,
      6.5,
      1.5,
      4.7,
      4.0,
      2.9,
      0.0,
      6.0,
      1.0,
      2.2,
      5.8,
      3.3,
      4.5,
      1.8,
      0.8,
      5.8,
      0.8,
      1.7,
      7.1,
      0.0,
      5.9,
      4.8,
      6.7,
      3.1,
      1.2,
      0.9,
      2.4,
      4.3,
      1.7,
      1.2,
      5.4,
      6.3,
      2.1
    ],
    [
      5.3,
      7.0,
      13.6,
      13.6,
      5.2,
      5.4,
      5.8,
      5.7,
      4.8,
      5.6,
      5.2,
      9.8,
      1.0,
      5.0,
      5.5,
      5.3,
      5.0,
      5.0,
      5.0,
      5.8,
      10.8,
      3.0,
      6.0,
      12.3,
      6.2,
      7.1,
      4.5,
      5.6,
      6.0,
      0.0,
      6.2,
      5.4,
      4.9,
      7.2,
      4.7,
      6.0,
      5.8,
      5.8,
      6.4,
      9.3,
      5.4,
      6.4,
      10.3,
      2.4,
      12.6,
      4.8,
      6.1,
      6.9,
      5.3,
      6.0,
      5.3,
      6.1,
      7.0,
      12.2,
      5.4
    ],
    [
      0.15,
      3.5,
      9.0,
      9.0,
      1.8,
      0.2,
      0.75,
      0.4,
      0.8,
      0.35,
      5.0,
      5.4,
      8.2,
      0.75,
      4.7,
      0.13,
      0.9,
      0.85,
      0.8,
      0.45,
      6.2,
      3.6,
      1.0,
      7.0,
      0.8,
      2.5,
      3.0,
      2.2,
      1.0,
      6.2,
      0.0,
      0.75,
      3.8,
      2.3,
      3.4,
      0.35,
      0.15,
      3.8,
      0.16,
      1.9,
      8.0,
      1.0,
      5.2,
      3.6,
      7.4,
      1.3,
      0.25,
      0.7,
      0.85,
      2.6,
      0.6,
      0.11,
      3.0,
      6.3,
      0.6
    ],
    [
      0.85,
      2.7,
      9.2,
      9.2,
      0.4,
      0.9,
      0.7,
      0.8,
      0.0,
      0.4,
      3.6,
      4.4,
      7.4,
      0.25,
      3.3,
      0.9,
      0.11,
      0.17,
      0.4,
      0.95,
      6.5,
      2.8,
      2.2,
      7.4,
      1.4,
      1.5,
      1.6,
      0.65,
      2.2,
      5.4,
      0.75,
      0.0,
      2.8,
      1.8,
      1.8,
      0.65,
      0.9,
      2.8,
      0.9,
      2.7,
      7.6,
      3.1,
      7.5,
      3.2,
      8.3,
      1.0,
      0.8,
      2.1,
      0.18,
      1.6,
      0.5,
      0.85,
      2.7,
      7.9,
      0.13
    ],
    [
      3.9,
      0.65,
      10.5,
      10.5,
      2.4,
      4.2,
      3.6,
      3.5,
      3.4,
      3.4,
      0.5,
      6.4,
      7.3,
      3.0,
      0.18,
      3.9,
      2.7,
      2.6,
      3.1,
      3.6,
      7.8,
      4.3,
      5.8,
      9.3,
      4.0,
      3.6,
      2.0,
      2.7,
      5.8,
      4.9,
      3.8,
      2.8,
      0.0,
      3.6,
      2.1,
      3.4,
      4.4,
      0.45,
      3.9,
      5.8,
      7.6,
      5.9,
      6.6,
      3.8,
      9.1,
      4.2,
      4.1,
      5.3,
      3.4,
      2.3,
      3.8,
      4.7,
      1.6,
      8.7,
      3.4
    ],
    [
      2.4,
      3.0,
      7.6,
      7.6,
      2.1,
      2.6,
      0.35,
      0.8,
      3.9,
      1.9,
      3.9,
      3.5,
      9.2,
      2.0,
      3.7,
      2.4,
      1.7,
      1.7,
      2.1,
      0.9,
      4.9,
      4.3,
      3.3,
      5.8,
      2.0,
      0.6,
      2.6,
      0.65,
      3.3,
      7.2,
      2.3,
      1.8,
      3.6,
      0.0,
      2.6,
      0.85,
      1.8,
      3.3,
      1.9,
      3.3,
      8.4,
      3.1,
      4.0,
      4.2,
      6.5,
      2.0,
      2.1,
      2.7,
      1.2,
      2.0,
      1.6,
      2.1,
      1.8,
      6.1,
      1.1
    ],
    [
      3.5,
      2.8,
      9.8,
      9.8,
      1.4,
      3.3,
      2.8,
      2.7,
      2.9,
      2.6,
      2.3,
      6.7,
      6.7,
      1.9,
      2.1,
      3.5,
      1.7,
      1.6,
      2.1,
      2.8,
      7.1,
      2.8,
      4.5,
      8.0,
      3.2,
      2.8,
      0.5,
      1.9,
      4.5,
      4.7,
      3.4,
      1.8,
      2.1,
      2.6,
      0.0,
      2.8,
      2.9,
      2.6,
      3.3,
      5.2,
      6.6,
      4.1,
      7.7,
      2.6,
      8.5,
      2.5,
      3.2,
      4.7,
      1.9,
      0.4,
      2.3,
      3.2,
      2.1,
      8.1,
      1.9
    ],
    [
      0.22,
      2.8,
      8.4,
      8.4,
      0.9,
      0.45,
      0.5,
      0.8,
      0.65,
      0.27,
      3.7,
      4.7,
      8.0,
      0.6,
      3.5,
      0.26,
      0.7,
      0.7,
      0.85,
      0.29,
      5.8,
      3.4,
      1.8,
      6.6,
      0.75,
      1.8,
      2.4,
      0.9,
      1.8,
      6.0,
      0.35,
      0.65,
      3.4,
      0.85,
      2.8,
      0.0,
      0.4,
      3.5,
      0.4,
      2.8,
      8.5,
      2.5,
      4.7,
      4.1,
      6.8,
      1.9,
      0.16,
      0.8,
      0.7,
      2.3,
      0.75,
      0.21,
      2.7,
      6.3,
      0.5
    ],
    [
      0.22,
      3.1,
      8.7,
      8.7,
      1.4,
      0.047,
      1.2,
      0.5,
      0.9,
      0.45,
      4.6,
      5.0,
      7.8,
      0.85,
      4.4,
      0.21,
      1.0,
      1.0,
      0.85,
      0.55,
      7.9,
      3.3,
      0.8,
      6.9,
      0.85,
      2.1,
      2.7,
      1.8,
      0.8,
      5.8,
      0.15,
      0.9,
      4.4,
      1.8,
      2.9,
      0.4,
      0.0,
      3.8,
      0.012,
      1.6,
      8.0,
      0.8,
      5.6,
      3.6,
      6.4,
      1.3,
      0.3,
      0.65,
      1.0,
      2.6,
      0.65,
      0.18,
      3.0,
      6.0,
      0.7
    ],
    [
      3.9,
      0.2,
      10.5,
      10.5,
      2.4,
      4.1,
      3.6,
      3.4,
      3.3,
      3.4,
      0.065,
      6.3,
      9.4,
      2.9,
      0.24,
      3.9,
      2.7,
      2.8,
      3.1,
      3.7,
      7.8,
      4.9,
      5.8,
      9.2,
      4.1,
      3.7,
      2.0,
      2.8,
      5.8,
      5.8,
      3.8,
      2.8,
      0.45,
      3.3,
      2.6,
      3.5,
      3.8,
      0.0,
      3.4,
      5.4,
      8.8,
      5.4,
      7.0,
      4.8,
      8.6,
      3.8,
      3.6,
      4.9,
      3.0,
      2.0,
      3.4,
      3.6,
      2.6,
      8.2,
      2.9
    ],
    [
      0.23,
      3.2,
      8.8,
      8.8,
      1.8,
      0.035,
      0.85,
      0.5,
      0.9,
      0.5,
      4.2,
      5.2,
      8.4,
      0.9,
      3.9,
      0.22,
      1.0,
      1.0,
      0.85,
      0.55,
      6.2,
      3.8,
      0.8,
      7.0,
      0.9,
      2.3,
      2.8,
      1.3,
      0.8,
      6.4,
      0.16,
      0.9,
      3.9,
      1.9,
      3.3,
      0.4,
      0.012,
      3.4,
      0.0,
      2.4,
      7.1,
      0.8,
      5.6,
      3.8,
      7.8,
      1.5,
      0.35,
      0.65,
      1.0,
      2.9,
      0.65,
      0.2,
      3.3,
      7.4,
      0.75
    ],
    [
      2.0,
      5.2,
      7.1,
      7.1,
      4.3,
      2.4,
      3.3,
      2.7,
      2.6,
      2.3,
      6.1,
      6.2,
      11.3,
      2.8,
      5.8,
      2.0,
      2.8,
      2.8,
      2.6,
      2.8,
      3.9,
      5.1,
      1.7,
      5.1,
      1.3,
      2.8,
      4.8,
      3.8,
      1.7,
      9.3,
      1.9,
      2.7,
      5.8,
      3.3,
      5.2,
      2.8,
      1.6,
      5.4,
      2.4,
      0.0,
      8.7,
      2.9,
      5.4,
      6.4,
      6.2,
      4.7,
      3.4,
      1.0,
      5.3,
      5.9,
      3.9,
      3.4,
      7.0,
      5.7,
      3.2
    ],
    [
      7.4,
      8.9,
      20.9,
      20.7,
      7.9,
      7.6,
      8.6,
      8.4,
      7.5,
      8.3,
      8.1,
      13.0,
      3.1,
      7.7,
      7.9,
      8.0,
      7.7,
      7.7,
      7.2,
      8.5,
      18.3,
      4.5,
      7.1,
      25.2,
      9.0,
      8.6,
      6.6,
      8.1,
      7.1,
      5.4,
      8.0,
      7.6,
      7.6,
      8.4,
      6.6,
      8.5,
      8.0,
      8.8,
      7.1,
      8.7,
      0.0,
      6.8,
      25.9,
      4.1,
      23.5,
      6.9,
      8.2,
      8.9,
      7.3,
      8.0,
      7.3,
      8.2,
      9.0,
      23.4,
      7.5
    ],
    [
      1.8,
      5.2,
      8.3,
      8.3,
      3.4,
      0.75,
      2.6,
      2.5,
      3.0,
      1.8,
      6.2,
      7.4,
      9.0,
      3.2,
      5.9,
      1.8,
      3.2,
      3.2,
      2.0,
      2.6,
      5.6,
      3.6,
      NaN,
      6.5,
      1.5,
      4.7,
      4.0,
      2.9,
      0.0,
      6.4,
      1.0,
      3.1,
      5.9,
      3.1,
      4.1,
      2.5,
      0.8,
      5.4,
      0.8,
      2.9,
      6.8,
      0.0,
      5.9,
      4.8,
      6.7,
      3.1,
      1.2,
      0.9,
      2.4,
      4.3,
      1.7,
      1.2,
      5.4,
      6.3,
      2.1
    ],
    [
      6.0,
      7.6,
      4.2,
      5.6,
      6.8,
      5.5,
      5.8,
      5.9,
      8.5,
      4.8,
      6.8,
      1.6,
      12.5,
      7.6,
      6.6,
      6.0,
      7.1,
      7.0,
      7.8,
      6.0,
      7.0,
      9.0,
      5.9,
      2.9,
      4.7,
      3.3,
      7.2,
      6.2,
      5.9,
      10.3,
      5.2,
      7.5,
      6.6,
      4.0,
      7.7,
      4.7,
      5.6,
      7.0,
      5.6,
      5.4,
      25.9,
      5.9,
      0.0,
      10.0,
      3.5,
      8.2,
      7.1,
      5.3,
      7.4,
      7.4,
      5.4,
      7.1,
      5.6,
      3.9,
      7.3
    ],
    [
      3.7,
      4.7,
      11.9,
      11.9,
      3.6,
      3.8,
      4.2,
      4.1,
      3.1,
      4.0,
      4.1,
      9.4,
      2.8,
      3.4,
      3.8,
      3.7,
      3.4,
      3.3,
      3.4,
      4.2,
      9.2,
      1.2,
      4.4,
      10.1,
      4.6,
      4.9,
      2.8,
      4.0,
      4.8,
      2.4,
      3.6,
      3.2,
      3.8,
      4.2,
      2.6,
      4.1,
      3.6,
      4.8,
      3.8,
      6.4,
      4.1,
      4.8,
      10.0,
      0.0,
      10.7,
      3.0,
      4.3,
      5.0,
      3.4,
      4.1,
      3.4,
      4.3,
      5.1,
      10.3,
      3.6
    ],
    [
      6.8,
      8.4,
      1.9,
      3.2,
      7.6,
      7.8,
      6.6,
      6.7,
      9.3,
      7.0,
      9.3,
      4.2,
      14.6,
      8.4,
      9.1,
      6.8,
      7.9,
      7.8,
      8.6,
      6.8,
      8.8,
      9.8,
      6.7,
      0.65,
      5.5,
      6.0,
      8.0,
      7.0,
      6.7,
      12.6,
      7.4,
      8.3,
      9.1,
      6.5,
      8.5,
      6.8,
      6.4,
      8.6,
      7.8,
      6.2,
      23.5,
      6.7,
      3.5,
      10.7,
      0.0,
      9.4,
      8.1,
      6.5,
      8.7,
      8.6,
      9.1,
      8.3,
      7.5,
      0.35,
      8.6
    ],
    [
      1.4,
      3.6,
      10.1,
      10.1,
      1.3,
      1.5,
      1.9,
      1.8,
      0.85,
      1.7,
      4.5,
      6.0,
      6.9,
      1.1,
      4.2,
      1.4,
      1.1,
      1.1,
      0.5,
      1.9,
      7.4,
      1.9,
      3.1,
      8.3,
      2.3,
      3.1,
      2.3,
      1.7,
      3.1,
      4.8,
      1.3,
      1.0,
      4.2,
      2.0,
      2.5,
      1.9,
      1.3,
      3.8,
      1.5,
      4.7,
      6.9,
      3.1,
      8.2,
      3.0,
      9.4,
      0.0,
      1.9,
      2.6,
      1.4,
      1.8,
      0.55,
      1.9,
      3.1,
      8.2,
      1.5
    ],
    [
      0.15,
      3.4,
      9.0,
      9.0,
      1.7,
      0.35,
      0.6,
      0.25,
      0.8,
      0.45,
      5.0,
      5.3,
      8.1,
      0.75,
      4.7,
      0.16,
      0.85,
      0.85,
      0.95,
      0.26,
      8.2,
      3.6,
      1.2,
      7.2,
      0.65,
      2.5,
      3.0,
      2.2,
      1.2,
      6.1,
      0.25,
      0.8,
      4.1,
      2.1,
      3.2,
      0.16,
      0.3,
      3.6,
      0.35,
      3.4,
      8.2,
      1.2,
      7.1,
      4.3,
      8.1,
      1.9,
      0.0,
      0.65,
      0.85,
      2.7,
      0.75,
      0.13,
      3.0,
      6.3,
      0.65
    ],
    [
      0.65,
      4.7,
      7.2,
      7.2,
      2.5,
      0.7,
      2.8,
      0.8,
      2.0,
      1.7,
      5.6,
      6.3,
      8.9,
      2.3,
      5.3,
      0.65,
      2.3,
      2.3,
      2.0,
      0.7,
      4.5,
      4.3,
      0.9,
      5.4,
      0.4,
      2.2,
      4.3,
      3.2,
      0.9,
      6.9,
      0.7,
      2.1,
      5.3,
      2.7,
      4.7,
      0.8,
      0.65,
      4.9,
      0.65,
      1.0,
      8.9,
      0.9,
      5.3,
      5.0,
      6.5,
      2.6,
      0.65,
      0.0,
      2.6,
      4.6,
      2.3,
      0.7,
      4.3,
      5.4,
      2.4
    ],
    [
      0.95,
      2.8,
      9.3,
      9.3,
      0.29,
      1.0,
      0.75,
      0.85,
      0.18,
      0.5,
      3.7,
      4.5,
      7.3,
      0.21,
      3.5,
      1.0,
      0.07,
      0.01,
      0.45,
      1.1,
      6.6,
      2.8,
      2.4,
      7.5,
      1.5,
      1.7,
      1.8,
      0.5,
      2.4,
      5.3,
      0.85,
      0.18,
      3.4,
      1.2,
      1.9,
      0.7,
      1.0,
      3.0,
      1.0,
      5.3,
      7.3,
      2.4,
      7.4,
      3.4,
      8.7,
      1.4,
      0.85,
      2.6,
      0.0,
      1.5,
      0.6,
      0.9,
      2.4,
      7.4,
      0.21
    ],
    [
      2.7,
      1.8,
      9.3,
      9.3,
      1.2,
      2.9,
      2.3,
      2.2,
      2.4,
      2.1,
      2.5,
      6.5,
      7.8,
      1.5,
      2.3,
      2.7,
      1.5,
      1.3,
      1.7,
      2.3,
      6.5,
      2.9,
      4.3,
      7.5,
      2.7,
      2.3,
      0.13,
      1.4,
      4.3,
      6.0,
      2.6,
      1.6,
      2.3,
      2.0,
      0.4,
      2.3,
      2.6,
      2.0,
      2.9,
      5.9,
      8.0,
      4.3,
      7.4,
      4.1,
      8.6,
      1.8,
      2.7,
      4.6,
      1.5,
      0.0,
      2.2,
      3.1,
      1.6,
      7.6,
      1.7
    ],
    [
      0.7,
      3.2,
      10.6,
      10.6,
      0.8,
      0.6,
      1.5,
      0.9,
      0.5,
      0.4,
      4.1,
      4.9,
      7.3,
      0.65,
      3.9,
      0.75,
      0.55,
      0.6,
      0.18,
      1.0,
      7.3,
      2.8,
      1.7,
      8.3,
      1.9,
      2.1,
      2.2,
      1.3,
      1.7,
      5.3,
      0.6,
      0.5,
      3.8,
      1.6,
      2.3,
      0.75,
      0.65,
      3.4,
      0.65,
      3.9,
      7.3,
      1.7,
      5.4,
      3.4,
      9.1,
      0.55,
      0.75,
      2.3,
      0.6,
      2.2,
      0.0,
      0.7,
      3.7,
      8.8,
      0.65
    ],
    [
      0.036,
      3.4,
      9.0,
      9.0,
      1.7,
      0.23,
      0.65,
      0.29,
      0.85,
      0.45,
      5.0,
      5.3,
      8.1,
      0.8,
      4.7,
      0.069,
      0.9,
      0.9,
      0.9,
      0.35,
      8.2,
      3.6,
      1.2,
      7.2,
      0.75,
      2.5,
      3.0,
      2.2,
      1.2,
      6.1,
      0.11,
      0.85,
      4.7,
      2.1,
      3.2,
      0.21,
      0.18,
      3.6,
      0.2,
      3.4,
      8.2,
      1.2,
      7.1,
      4.3,
      8.3,
      1.9,
      0.13,
      0.7,
      0.9,
      3.1,
      0.7,
      0.0,
      3.0,
      6.3,
      0.7
    ],
    [
      3.1,
      1.0,
      9.3,
      9.0,
      2.1,
      3.3,
      2.8,
      2.6,
      3.8,
      2.5,
      1.9,
      5.1,
      7.8,
      2.8,
      1.6,
      3.1,
      2.3,
      2.2,
      3.0,
      2.7,
      6.3,
      4.2,
      5.4,
      7.2,
      4.0,
      1.7,
      2.0,
      1.8,
      5.4,
      7.0,
      3.0,
      2.7,
      1.6,
      1.8,
      2.1,
      2.7,
      3.0,
      2.6,
      3.3,
      7.0,
      9.0,
      5.4,
      5.6,
      5.1,
      7.5,
      3.1,
      3.0,
      4.3,
      2.4,
      1.6,
      3.7,
      3.0,
      0.0,
      7.9,
      2.6
    ],
    [
      6.4,
      8.0,
      1.7,
      2.8,
      7.1,
      7.4,
      6.2,
      6.3,
      8.9,
      6.6,
      8.9,
      4.5,
      14.2,
      8.0,
      8.7,
      7.1,
      7.4,
      7.4,
      8.2,
      6.4,
      8.7,
      9.3,
      6.3,
      0.1,
      5.1,
      5.6,
      7.6,
      6.6,
      6.3,
      12.2,
      6.3,
      7.9,
      8.7,
      6.1,
      8.1,
      6.3,
      6.0,
      8.2,
      7.4,
      5.7,
      23.4,
      6.3,
      3.9,
      10.3,
      0.35,
      8.2,
      6.3,
      5.4,
      7.4,
      7.6,
      8.8,
      6.3,
      7.9,
      0.0,
      6.6
    ],
    [
      0.7,
      2.7,
      9.3,
      9.3,
      0.4,
      0.75,
      0.55,
      0.65,
      0.13,
      0.26,
      3.6,
      4.6,
      7.4,
      0.086,
      3.4,
      0.75,
      0.22,
      0.19,
      0.5,
      0.8,
      6.5,
      2.9,
      2.1,
      7.5,
      1.2,
      1.6,
      1.7,
      0.65,
      2.1,
      5.4,
      0.6,
      0.13,
      3.4,
      1.1,
      1.9,
      0.5,
      0.7,
      2.9,
      0.75,
      3.2,
      7.5,
      2.1,
      7.3,
      3.6,
      8.6,
      1.5,
      0.65,
      2.4,
      0.21,
      1.7,
      0.65,
      0.7,
      2.6,
      6.6,
      0.0
    ]
  ],
  "drive_time_matrix": [
    [
      0.0,
      14.0,
      20.0,
      23.0,
      7.0,
      3.0,
      9.0,
      4.0,
      10.0,
      6.0,
      14.0,
      17.0,
      17.0,
      11.0,
      13.0,
      1.0,
      10.0,
      11.0,
      8.0,
      4.0,
      15.0,
      9.0,
      7.0,
      17.0,
      8.0,
      10.0,
      9.0,
      5.0,
      7.0,
      12.0,
      2.0,
      11.0,
      13.0,
      9.0,
      11.0,
      3.0,
      3.0,
      11.0,
      3.0,
      8.0,
      20.0,
      7.0,
      19.0,
      9.0,
      19.0,
      5.0,
      2.0,
      6.0,
      11.0,
      10.0,
      7.0,
      1.0,
      11.0,
      18.0,
      10.0
    ],
    [
      14.0,
      0.0,
      18.0,
      19.0,
      5.0,
      10.0,
      7.0,
      11.0,
      7.0,
      8.0,
      3.0,
      18.0,
      20.0,
      7.0,
      6.0,
      11.0,
      7.0,
      6.0,
      11.0,
      11.0,
      10.0,
      13.0,
      12.0,
      14.0,
      9.0,
      7.0,
      4.0,
      4.0,
      11.0,
      15.0,
      12.0,
      7.0,
      8.0,
      7.0,
      7.0,
      9.0,
      10.0,
      3.0,
      10.0,
      12.0,
      23.0,
      11.0,
      16.0,
      12.0,
      16.0,
      7.0,
      11.0,
      11.0,
      7.0,
      5.0,
      9.0,
      11.0,
      12.0,
      15.0,
      7.0
    ],
    [
      20.0,
      18.0,
      0.0,
      8.0,
      18.0,
      22.0,
      18.0,
      18.0,
      20.0,
      20.0,
      23.0,
      11.0,
      32.0,
      20.0,
      21.0,
      23.0,
      20.0,
      19.0,
      22.0,
      18.0,
      12.0,
      24.0,
      20.0,
      4.0,
      15.0,
      16.0,
      18.0,
      17.0,
      20.0,
      26.0,
      24.0,
      19.0,
      21.0,
      18.0,
      20.0,
      21.0,
      22.0,
      19.0,
      22.0,
      17.0,
      25.0,
      20.0,
      8.0,
      25.0,
      4.0,
      19.0,
      24.0,
      16.0,
      20.0,
      18.0,
      21.0,
      24.0,
      20.0,
      3.0,
      19.0
    ],
    [
      23.0,
      19.0,
      8.0,
      0.0,
      18.0,
      23.0,
      19.0,
      18.0,
      20.0,
      20.0,
      23.0,
      14.0,
      31.0,
      20.0,
      21.0,
      24.0,
      20.0,
      19.0,
      21.0,
      18.0,
      11.0,
      23.0,
      20.0,
      6.0,
      16.0,
      16.0,
      18.0,
      16.0,
      20.0,
      27.0,
      24.0,
      19.0,
      21.0,
      18.0,
      21.0,
      21.0,
      22.0,
      19.0,
      23.0,
      17.0,
      25.0,
      20.0,
      11.0,
      24.0,
      6.0,
      19.0,
      24.0,
      17.0,
      20.0,
      18.0,
      22.0,
      24.0,
      19.0,
      6.0,
      19.0
    ],
    [
      7.0,
      5.0,
      18.0,
      18.0,
      0.0,
      8.0,
      9.0,
      11.0,
      5.0,
      9.0,
      8.0,
      17.0,
      17.0,
      5.0,
      7.0,
      7.0,
      4.0,
      2.0,
      9.0,
      10.0,
      10.0,
      9.0,
      9.0,
      14.0,
      9.0,
      6.0,
      3.0,
      4.0,
      9.0,
      12.0,
      8.0,
      5.0,
      7.0,
      6.0,
      5.0,
      10.0,
      6.0,
      5.0,
      8.0,
      11.0,
      20.0,
      10.0,
      14.0,
      9.0,
      14.0,
      5.0,
      7.0,
      10.0,
      4.0,
      4.0,
      10.0,
      7.0,
      6.0,
      14.0,
      5.0
    ],
    [
      3.0,
      10.0,
      22.0,
      23.0,
      8.0,
      0.0,
      12.0,
      7.0,
      8.0,
      7.0,
      14.0,
      19.0,
      18.0,
      10.0,
      13.0,
      3.0,
      6.0,
      9.0,
      6.0,
      7.0,
      15.0,
      10.0,
      10.0,
      19.0,
      11.0,
      10.0,
      10.0,
      5.0,
      10.0,
      12.0,
      3.0,
      10.0,
      13.0,
      9.0,
      12.0,
      6.0,
      1.0,
      11.0,
      1.0,
      10.0,
      20.0,
      10.0,
      18.0,
      10.0,
      20.0,
      5.0,
      5.0,
      6.0,
      10.0,
      10.0,
      6.0,
      3.0,
      11.0,
      19.0,
      11.0
    ],
    [
      9.0,
      7.0,
      18.0,
      19.0,
      9.0,
      12.0,
      0.0,
      6.0,
      6.0,
      6.0,
      12.0,
      15.0,
      19.0,
      5.0,
      11.0,
      8.0,
      6.0,
      6.0,
      8.0,
      10.0,
      10.0,
      12.0,
      9.0,
      14.0,
      6.0,
      6.0,
      8.0,
      7.0,
      9.0,
      14.0,
      9.0,
      8.0,
      11.0,
      5.0,
      10.0,
      6.0,
      5.0,
      9.0,
      10.0,
      11.0,
      22.0,
      9.0,
      15.0,
      11.0,
      15.0,
      7.0,
      7.0,
      10.0,
      7.0,
      8.0,
      6.0,
      8.0,
      9.0,
      15.0,
      7.0
    ],
    [
      4.0,
      11.0,
      18.0,
      18.0,
      11.0,
      7.0,
      6.0,
      0.0,
      8.0,
      6.0,
      11.0,
      15.0,
      18.0,
      7.0,
      10.0,
      4.0,
      4.0,
      8.0,
      7.0,
      2.0,
      11.0,
      11.0,
      9.0,
      15.0,
      7.0,
      6.0,
      7.0,
      11.0,
      9.0,
      14.0,
      5.0,
      8.0,
      10.0,
      11.0,
      10.0,
      4.0,
      6.0,
      8.0,
      6.0,
      12.0,
      22.0,
      10.0,
      16.0,
      11.0,
      17.0,
      7.0,
      3.0,
      9.0,
      8.0,
      8.0,
      9.0,
      3.0,
      10.0,
      16.0,
      7.0
    ],
    [
      10.0,
      7.0,
      20.0,
      20.0,
      5.0,
      8.0,
      6.0,
      8.0,
      0.0,
      6.0,
      12.0,
      17.0,
      15.0,
      3.0,
      11.0,
      9.0,
      2.0,
      2.0,
      5.0,
      11.0,
      14.0,
      7.0,
      8.0,
      17.0,
      10.0,
      10.0,
      8.0,
      8.0,
      8.0,
      10.0,
      7.0,
      1.0,
