{
  "drive_dist_matrix": [
    [
      0.0,
      0.7,
      0.14,
      2.2,
      0.75,
      2.3,
      2.6,
      0.21,
      13.3,
      0.7,
      0.9,
      0.14,
      7.0,
      0.9,
      7.4,
      0.7,
      5.1,
      0.55,
      9.2
    ],
    [
      0.7,
      0.0,
      0.65,
      0.6,
      2.1,
      0.75,
      1.6,
      0.85,
      14.2,
      0.067,
      1.3,
      0.55,
      8.0,
      2.1,
      8.3,
      0.004,
      6.3,
      0.15,
      10.1
    ],
    [
      0.14,
      0.65,
      0.0,
      2.2,
      0.7,
      2.3,
      2.6,
      0.23,
      13.3,
      0.6,
      0.8,
      0.18,
      7.0,
      1.2,
      7.4,
      0.6,
      5.1,
      0.5,
      9.2
    ],
    [
      2.2,
      0.6,
      2.2,
      0.0,
      2.4,
      1.6,
      0.55,
      1.3,
      14.5,
      0.6,
      1.7,
      1.0,
      10.5,
      2.5,
      10.8,
      1.1,
      6.7,
      0.7,
      10.5
    ],
    [
      0.75,
      2.1,
      0.7,
      2.4,
      0.0,
      2.4,
      2.7,
      0.65,
      12.9,
      2.6,
      0.9,
      0.85,
      6.6,
      1.1,
      7.0,
      1.9,
      4.7,
      1.8,
      8.8
    ],
    [
      2.3,
      0.75,
      2.3,
      1.6,
      2.4,
      0.0,
      2.0,
      1.1,
      13.0,
      1.6,
      1.8,
      0.75,
      8.4,
      2.5,
      8.8,
      1.1,
      6.8,
      0.85,
      8.9
    ],
    [
      2.6,
      1.6,
      2.6,
      0.55,
      2.7,
      2.0,
      0.0,
      1.7,
      14.6,
      1.5,
      1.9,
      1.4,
      10.1,
      3.9,
      10.5,
      1.5,
      6.8,
      1.4,
      10.5
    ],
    [
      0.21,
      0.85,
      0.23,
      1.3,
      0.65,
      1.1,
      1.7,
      0.0,
      13.3,
      0.85,
      1.1,
      0.29,
      7.0,
      0.75,
      7.4,
      0.85,
      5.1,
      0.7,
      9.2
    ],
    [
      13.3,
      14.2,
      13.3,
      14.5,
      12.9,
      13.0,
      14.6,
      13.3,
      0.0,
      13.4,
      18.4,
      14.4,
      15.1,
      12.5,
      15.1,
      14.1,
      14.3,
      13.9,
      3.7
    ],
    [
      0.7,
      0.067,
      0.6,
      0.6,
      2.6,
      1.6,
      1.5,
      0.85,
      13.4,
      0.0,
      2.0,
      0.55,
      8.6,
      2.8,
      9.0,
      0.064,
      7.0,
      0.14,
      10.1
    ],
    [
      0.9,
      1.3,
      0.8,
      1.7,
      0.9,
      1.8,
      1.9,
      1.1,
      18.4,
      2.0,
      0.0,
      1.0,
      6.8,
      2.3,
      7.2,
      1.3,
      5.2,
      1.2,
      14.7
    ],
    [
      0.14,
      0.55,
      0.18,
      1.0,
      0.85,
      0.75,
      1.4,
      0.29,
      14.4,
      0.55,
      1.0,
      0.0,
      7.2,
      1.4,
      7.5,
      0.55,
      5.3,
      0.4,
      9.4
    ],
    [
      7.0,
      8.0,
      7.0,
      10.5,
      6.6,
      8.4,
      10.1,
      7.0,
      15.1,
      8.6,
      6.8,
      7.2,
      0.0,
      5.1,
      0.5,
      7.9,
      0.8,
      7.8,
      11.6
    ],
    [
      0.9,
      2.1,
      1.2,
      2.5,
      1.1,
      2.5,
      3.9,
      0.75,
      12.5,
      2.8,
      2.3,
      1.4,
      5.1,
      0.0,
      5.1,
      2.7,
      4.3,
      2.5,
      8.5
    ],
    [
      7.4,
      8.3,
      7.4,
      10.8,
      7.0,
      8.8,
      10.5,
      7.4,
      15.1,
      9.0,
      7.2,
      7.5,
      0.5,
      5.1,
      0.0,
      8.3,
      0.75,
      8.2,
      11.6
    ],
    [
      0.7,
      0.004,
      0.6,
      1.1,
      1.9,
      1.1,
      1.5,
      0.85,
      14.1,
      0.064,
      1.3,
      0.55,
      7.9,
      2.7,
      8.3,
      0.0,
      6.3,
      0.15,
      9.4
    ],
    [
      5.1,
      6.3,
      5.1,
      6.7,
      4.7,
      6.8,
      6.8,
      5.1,
      14.3,
      7.0,
      5.2,
      5.3,
      0.8,
      4.3,
      0.75,
      6.3,
      0.0,
      6.1,
      10.8
    ],
    [
      0.55,
      0.15,
      0.5,
      0.7,
      1.8,
      0.85,
      1.4,
      0.7,
      13.9,
      0.14,
      1.2,
      0.4,
      7.8,
      2.5,
      8.2,
      0.15,
      6.1,
      0.0,
      9.3
    ],
    [
      9.2,
      10.1,
      9.2,
      10.5,
      8.8,
      8.9,
      10.5,
      9.2,
      3.7,
      10.1,
      14.7,
      9.4,
      11.6,
      8.5,
      11.6,
      9.4,
      10.8,
      9.3,
      0.0
    ]
  ],
  "drive_time_matrix": [
    [
      0.0,
      7.0,
      2.0,
      6.0,
      10.0,
      6.0,
      7.0,
      3.0,
      20.0,
      7.0,
      9.0,
      2.0,
      12.0,
      8.0,
      13.0,
      8.0,
      11.0,
      8.0,
      15.0
    ],
    [
      7.0,
      0.0,
      7.0,
      7.0,
      7.0,
      9.0,
      4.0,
      8.0,
      19.0,
      1.0,
      4.0,
      7.0,
      14.0,
      8.0,
      15.0,
      1.0,
      13.0,
      2.0,
      14.0
    ],
    [
      2.0,
      7.0,
      0.0,
      6.0,
      8.0,
      6.0,
      7.0,
      3.0,
      20.0,
      9.0,
      8.0,
      2.0,
      12.0,
      5.0,
      13.0,
      9.0,
      11.0,
      7.0,
      15.0
    ],
    [
      6.0,
      7.0,
      6.0,
      0.0,
      7.0,
      4.0,
      5.0,
      4.0,
      19.0,
      8.0,
      5.0,
      7.0,
      13.0,
      8.0,
      14.0,
      4.0,
      13.0,
      9.0,
      14.0
    ],
    [
      10.0,
      7.0,
      8.0,
      7.0,
      0.0,
      6.0,
      7.0,
      8.0,
      19.0,
      7.0,
      10.0,
      11.0,
      11.0,
      10.0,
      12.0,
      6.0,
      10.0,
      5.0,
      14.0
    ],
    [
      6.0,
      9.0,
      6.0,
      4.0,
      6.0,
      0.0,
      4.0,
      3.0,
      16.0,
      11.0,
      4.0,
      2.0,
      14.0,
      7.0,
      15.0,
      3.0,
      13.0,
      13.0,
      11.0
    ],
    [
      7.0,
      4.0,
      7.0,
      5.0,
      7.0,
      4.0,
      0.0,
      4.0,
      19.0,
      3.0,
      5.0,
      3.0,
      12.0,
      10.0,
      13.0,
      4.0,
      13.0,
      3.0,
      14.0
    ],
    [
      3.0,
      8.0,
      3.0,
      4.0,
      8.0,
      3.0,
      4.0,
      0.0,
      20.0,
      10.0,
      4.0,
      4.0,
      12.0,
      6.0,
      13.0,
      9.0,
      11.0,
      10.0,
      14.0
    ],
    [
      20.0,
      19.0,
      20.0,
      19.0,
      19.0,
      16.0,
      19.0,
      20.0,
      0.0,
      21.0,
      22.0,
      21.0,
      21.0,
      20.0,
      21.0,
      23.0,
      18.0,
      22.0,
      7.0
    ],
    [
      7.0,
      1.0,
      9.0,
      8.0,
      7.0,
      11.0,
      3.0,
      10.0,
      21.0,
      0.0,
      5.0,
      7.0,
      14.0,
      8.0,
      15.0,
      1.0,
      14.0,
      2.0,
      14.0
    ],
    [
      9.0,
      4.0,
      8.0,
      5.0,
      10.0,
      4.0,
      5.0,
      4.0,
      22.0,
      5.0,
      0.0,
      9.0,
      10.0,
      6.0,
      11.0,
      4.0,
      10.0,
      3.0,
      14.0
    ],
    [
      2.0,
      7.0,
      2.0,
      7.0,
      11.0,
      2.0,
      3.0,
      4.0,
      21.0,
      7.0,
      9.0,
      0.0,
      12.0,
      5.0,
      13.0,
      8.0,
      11.0,
      6.0,
      15.0
    ],
    [
      12.0,
      14.0,
      12.0,
      13.0,
      11.0,
      14.0,
      12.0,
      12.0,
      21.0,
      14.0,
      10.0,
      12.0,
      0.0,
      11.0,
      2.0,
      13.0,
      2.0,
      13.0,
      13.0
    ],
    [
      8.0,
      8.0,
      5.0,
      8.0,
      10.0,
      7.0,
      10.0,
      6.0,
      20.0,
      8.0,
      6.0,
      5.0,
      11.0,
      0.0,
      11.0,
      8.0,
      8.0,
      7.0,
      12.0
    ],
    [
      13.0,
      15.0,
      13.0,
      14.0,
      12.0,
      15.0,
      13.0,
      13.0,
      21.0,
      15.0,
      11.0,
      13.0,
      2.0,
      11.0,
      0.0,
      14.0,
      2.0,
      13.0,
      13.0
    ],
    [
      8.0,
      1.0,
      9.0,
      4.0,
      6.0,
      3.0,
      4.0,
      9.0,
      23.0,
      1.0,
      4.0,
      8.0,
      13.0,
      8.0,
      14.0,
      0.0,
      13.0,
      2.0,
      14.0
    ],
    [
      11.0,
      13.0,
      11.0,
      13.0,
      10.0,
      13.0,
      13.0,
      11.0,
      18.0,
      14.0,
      10.0,
      11.0,
      2.0,
      8.0,
      2.0,
      13.0,
      0.0,
      12.0,
      11.0
    ],
    [
      8.0,
      2.0,
      7.0,
      9.0,
      5.0,
      13.0,
      3.0,
      10.0,
      22.0,
      2.0,
      3.0,
      6.0,
      13.0,
      7.0,
      13.0,
      2.0,
      12.0,
      0.0,
      13.0
    ],
    [
      15.0,
      14.0,
      15.0,
      14.0,
      14.0,
      11.0,
      14.0,
      14.0,
      7.0,
      14.0,
      14.0,
      15.0,
      13.0,
      12.0,
      13.0,
      14.0,
      11.0,
      13.0,
      0.0
    ]
  ],
  "transit_dist_walk_matrix": [
    [
      0.0,
      0.49998,
      NaN,
      NaN,
      NaN,
      NaN,
      0.33332,
      NaN,
      NaN,
      0.49998,
      NaN,
      NaN,
      0.99996,
      0.33332,
      0.58331,
      0.58331,
      0.33332,
      NaN,
      1.08329
    ],
    [
      0.49998,
      0.0,
      NaN,
      NaN,
      0.99996,
      NaN,
      0.49998,
      NaN,
      NaN,
      NaN,
      NaN,
      NaN,
      1.16662,
      NaN,
      0.74997,
      NaN,
      0.49998,
      NaN,
      0.41665
    ],
    [
      NaN,
      NaN,
      0.0,
      0.49998,
      NaN,
      NaN,
      0.41665,
      NaN,
      NaN,
      NaN,
      NaN,
      NaN,
      1.08329,
      0.41665,
      0.66664,
      NaN,
      0.41665,
      NaN,
      1.16662
    ],
    [
      NaN,
      NaN,
      0.49998,
      0.0,
      0.8333,
      NaN,
      0.33332,
      0.49998,
      NaN,
      NaN,
      NaN,
      0.41665,
      0.99996,
      0.33332,
      0.58331,
      NaN,
      0.33332,
      0.58331,
      0.58331
    ],
    [
      NaN,
      0.99996,
      NaN,
      0.8333,
      0.0,
      NaN,
      0.74997,
      NaN,
      NaN,
      0.9166300000000001,
      0.66664,
      NaN,
      1.41661,
      0.74997,
      0.99996,
      0.99996,
      0.49998,
      0.99996,
      0.49998
    ],
    [
      NaN,
      NaN,
      NaN,
      NaN,
      NaN,
      0.0,
      0.9166300000000001,
      NaN,
      NaN,
      NaN,
      1.08329,
      NaN,
      1.49994,
      0.41665,
      0.74997,
      NaN,
      0.33332,
      NaN,
      0.99996
    ],
    [
      0.33332,
      0.49998,
      0.41665,
      0.33332,
      0.74997,
      0.9166300000000001,
      0.0,
      0.41665,
      NaN,
      0.58331,
      0.99996,
      0.33332,
      0.9166300000000001,
      0.24999,
      0.49998,
      0.49998,
      0.24999,
      0.49998,
      0.74997
    ],
    [
      NaN,
      NaN,
      NaN,
      0.49998,
      NaN,
      NaN,
      0.41665,
      0.0,
      NaN,
      0.74997,
      NaN,
      NaN,
      1.08329,
      0.41665,
      0.66664,
      0.66664,
      0.49998,
      NaN,
      0.99996
    ],
    [
      NaN,
      NaN,
      NaN,
      NaN,
      NaN,
      NaN,
      NaN,
      NaN,
      0.0,
      NaN,
      NaN,
      NaN,
      NaN,
      NaN,
      NaN,
      NaN,
      NaN,
      NaN,
      NaN
    ],
    [
      0.49998,
      NaN,
      NaN,
      NaN,
      0.9166300000000001,
      NaN,
      0.58331,
      0.74997,
      NaN,
      0.0,
      0.49998,
      NaN,
      1.16662,
      0.49998,
      0.74997,
      NaN,
      0.49998,
      NaN,
      0.41665
    ],
    [
      NaN,
      NaN,
      NaN,
      NaN,
      0.66664,
      1.08329,
      0.99996,
      NaN,
      NaN,
      0.49998,
      0.0,
      NaN,
      1.8332600000000001,
      0.41665,
      1.58327,
      0.58331,
      1.33328,
      0.58331,
      0.33332
    ],
    [
      NaN,
      NaN,
      NaN,
      0.41665,
      NaN,
      NaN,
      0.33332,
      NaN,
      NaN,
      NaN,
      NaN,
      0.0,
      1.41661,
      0.33332,
      1.08329,
      NaN,
      0.66664,
      NaN,
      0.33332
    ],
    [
      0.99996,
      1.16662,
      1.08329,
      0.99996,
      1.41661,
      1.49994,
      0.9166300000000001,
      1.08329,
      NaN,
      1.16662,
      1.8332600000000001,
      1.41661,
      0.0,
      0.9166300000000001,
      NaN,
      1.16662,
      NaN,
      1.16662,
      0.99996
    ],
    [
      0.33332,
      NaN,
      0.41665,
      0.33332,
      0.74997,
      0.41665,
      0.24999,
      0.41665,
      NaN,
      0.49998,
      0.41665,
      0.33332,
      0.9166300000000001,
      0.0,
      0.9166300000000001,
      0.49998,
      0.49998,
      0.49998,
      0.66664
    ],
    [
      0.58331,
      0.74997,
      0.66664,
      0.58331,
      0.99996,
      0.74997,
      0.49998,
      0.66664,
      NaN,
      0.74997,
      1.58327,
      1.08329,
      NaN,
      0.9166300000000001,
      0.0,
      0.74997,
      NaN,
      0.74997,
      0.58331
    ],
    [
      0.58331,
      NaN,
      NaN,
      NaN,
      0.99996,
      NaN,
      0.49998,
      0.66664,
      NaN,
      NaN,
      0.58331,
      NaN,
      1.16662,
      0.49998,
      0.74997,
      0.0,
      0.49998,
      NaN,
      0.49998
    ],
    [
      0.33332,
      0.49998,
      0.41665,
      0.33332,
      0.49998,
      0.33332,
      0.24999,
      0.49998,
      NaN,
      0.49998,
      1.33328,
      0.66664,
      NaN,
      0.49998,
      NaN,
      0.49998,
      0.0,
      0.49998,
      0.08333
    ],
    [
      NaN,
      NaN,
      NaN,
      0.58331,
      0.99996,
      NaN,
      0.49998,
      NaN,
      NaN,
      NaN,
      0.58331,
      NaN,
      1.16662,
      0.49998,
      0.74997,
      NaN,
      0.49998,
      0.0,
      0.41665
    ],
    [
      1.08329,
      0.41665,
      1.16662,
      0.58331,
      0.49998,
      0.99996,
      0.74997,
      0.99996,
      NaN,
      0.41665,
      0.33332,
      0.33332,
      0.99996,
      0.66664,
      0.58331,
      0.49998,
      0.08333,
      0.41665,
      0.0
    ]
  ],
  "transit_time_matrix": [
    [
      0.0,
      7.0,
      NaN,
      0.0,
      NaN,
      NaN,
      7.0,
      NaN,
      NaN,
      7.0,
      0.0,
      NaN,
      33.0,
      8.0,
      28.0,
      8.0,
      11.0,
      NaN,
      15.0
    ],
    [
      7.0,
      0.0,
      NaN,
      NaN,
      16.0,
      NaN,
      8.0,
      0.0,
      NaN,
      NaN,
      0.0,
      NaN,
      14.0,
      0.0,
      30.0,
      NaN,
      27.0,
      NaN,
      29.0
    ],
    [
      NaN,
      NaN,
      0.0,
      8.0,
      NaN,
      NaN,
      8.0,
      NaN,
      NaN,
      NaN,
      0.0,
      NaN,
      34.0,
      9.0,
      29.0,
      NaN,
      11.0,
      NaN,
      23.0
    ],
    [
      0.0,
      NaN,
      8.0,
      0.0,
      15.0,
      NaN,
      5.0,
      8.0,
      NaN,
      NaN,
      0.0,
      7.0,
      35.0,
      10.0,
      30.0,
      NaN,
      13.0,
      9.0,
      31.0
    ],
    [
      NaN,
      16.0,
      NaN,
      15.0,
      0.0,
      0.0,
      13.0,
      NaN,
      NaN,
      7.0,
      10.0,
      NaN,
      35.0,
      10.0,
      30.0,
      14.0,
      17.0,
      14.0,
      14.0
    ],
    [
      NaN,
      NaN,
      NaN,
      NaN,
      0.0,
      0.0,
      14.0,
      NaN,
      NaN,
      NaN,
      21.0,
      NaN,
      31.0,
      12.0,
      31.0,
      NaN,
      13.0,
      NaN,
      20.0
    ],
    [
      7.0,
      8.0,
      8.0,
      5.0,
      13.0,
      14.0,
      0.0,
      8.0,
      NaN,
      10.0,
      5.0,
      7.0,
      35.0,
      10.0,
      30.0,
      9.0,
      13.0,
      9.0,
      14.0
    ],
    [
      NaN,
      0.0,
      NaN,
      8.0,
      NaN,
      NaN,
      8.0,
      0.0,
      NaN,
      10.0,
      NaN,
      NaN,
      31.0,
      6.0,
      13.0,
      9.0,
      11.0,
      NaN,
      21.0
    ],
    [
      NaN,
      NaN,
      NaN,
      NaN,
      NaN,
      NaN,
      NaN,
      NaN,
      0.0,
      NaN,
      NaN,
      NaN,
      NaN,
      NaN,
      NaN,
      NaN,
      NaN,
      NaN,
      NaN
    ],
    [
      7.0,
      NaN,
      NaN,
      NaN,
      7.0,
      NaN,
      10.0,
      10.0,
      NaN,
      0.0,
      11.0,
      NaN,
      14.0,
      10.0,
      15.0,
      NaN,
      27.0,
      NaN,
      29.0
    ],
    [
      0.0,
      0.0,
      0.0,
      0.0,
      10.0,
      21.0,
      5.0,
      NaN,
      NaN,
      11.0,
      0.0,
      0.0,
      43.0,
      6.0,
      37.0,
      4.0,
      10.0,
      10.0,
      14.0
    ],
    [
      NaN,
      NaN,
      NaN,
      7.0,
      NaN,
      NaN,
      7.0,
      NaN,
      NaN,
      NaN,
      0.0,
      0.0,
      12.0,
      8.0,
      25.0,
      NaN,
      20.0,
      NaN,
      15.0
    ],
    [
      33.0,
      14.0,
      34.0,
      35.0,
      35.0,
      31.0,
      35.0,
      31.0,
      NaN,
      14.0,
      43.0,
      12.0,
      0.0,
      26.0,
      NaN,
      13.0,
      NaN,
      36.0,
      13.0
    ],
    [
      8.0,
      0.0,
      9.0,
      10.0,
      10.0,
      12.0,
      10.0,
      6.0,
      NaN,
      10.0,
      6.0,
      8.0,
      26.0,
      0.0,
      11.0,
      13.0,
      18.0,
      7.0,
      17.0
    ],
    [
      28.0,
      30.0,
      29.0,
      30.0,
      30.0,
      31.0,
      30.0,
      13.0,
      NaN,
      15.0,
      37.0,
      25.0,
      NaN,
      11.0,
      0.0,
      31.0,
      NaN,
      31.0,
      51.0
    ],
    [
      8.0,
      NaN,
      NaN,
      NaN,
      14.0,
      NaN,
      9.0,
      9.0,
      NaN,
      NaN,
      4.0,
      NaN,
      13.0,
      13.0,
      31.0,
      0.0,
      27.0,
      NaN,
      30.0
    ],
    [
      11.0,
      27.0,
      11.0,
      13.0,
      17.0,
      13.0,
      13.0,
      11.0,
      NaN,
      27.0,
      10.0,
      20.0,
      NaN,
      18.0,
      NaN,
      27.0,
      0.0,
      12.0,
      45.0
    ],
    [
      NaN,
      NaN,
      NaN,
      9.0,
      14.0,
      NaN,
      9.0,
      NaN,
      NaN,
      NaN,
      10.0,
      NaN,
      36.0,
      7.0,
      31.0,
      NaN,
      12.0,
      0.0,
      31.0
    ],
    [
      15.0,
      29.0,
      23.0,
      31.0,
      14.0,
      20.0,
      14.0,
      21.0,
      NaN,
      29.0,
      14.0,
      15.0,
      13.0,
      17.0,
      51.0,
      30.0,
      45.0,
      31.0,
      0.0
    ]
  ],
  "walk_dist_matrix": [
    [
      0.0,
      0.7,
      0.14,
      1.1,
      0.75,
      0.9,
      1.5,
      0.21,
      12.0,
      0.7,
      0.9,
      0.14,
      5.6,
      0.9,
      5.2,
      0.7,
      4.9,
      0.55,
      8.3
    ],
    [
      0.7,
      0.0,
      0.65,
      0.6,
      1.3,
      0.75,
      1.1,
      0.85,
      12.3,
      0.067,
      1.2,
      0.55,
      6.1,
      1.3,
      5.7,
      0.004,
      5.4,
      0.15,
      8.3
    ],
    [
      0.14,
      0.65,
      0.0,
      1.0,
      0.7,
      1.0,
      1.4,
      0.23,
      12.1,
      0.6,
      0.8,
      0.18,
      5.5,
      1.0,
      5.1,
      0.6,
      4.8,
      0.5,
      8.4
    ],
    [
      1.1,
      0.6,
      1.0,
      0.0,
      1.8,
      1.0,
      0.55,
      1.3,
      12.6,
      0.6,
      1.4,
      1.0,
      6.5,
      1.8,
      6.2,
      0.65,
      5.8,
      0.7,
      8.6
    ],
    [
      0.75,
      1.3,
      0.7,
      1.8,
      0.0,
      1.5,
      2.1,
      0.65,
      12.2,
      1.3,
      0.9,
      0.85,
      5.1,
      1.1,
      4.7,
      1.3,
      4.4,
      1.2,
      8.5
    ],
    [
      0.9,
      0.75,
      1.0,
      1.0,
      1.5,
      0.0,
      1.6,
      0.9,
      11.6,
      0.7,
      1.7,
      0.8,
      6.3,
      1.3,
      5.9,
      0.8,
      5.6,
      0.85,
      7.6
    ],
    [
      1.5,
      1.1,
      1.4,
      0.55,
      2.1,
      1.6,
      0.0,
      1.7,
      13.0,
      1.1,
      1.7,
      1.4,
      6.9,
      2.2,
      6.5,
      1.1,
      6.2,
      1.1,
      9.1
    ],
    [
      0.21,
      0.85,
      0.23,
      1.3,
      0.65,
      0.9,
      1.7,
      0.0,
      11.9,
      0.85,
      0.85,
      0.29,
      5.4,
      0.75,
      5.1,
      0.85,
      4.7,
      0.7,
      8.2
    ],
    [
      12.0,
      12.3,
      12.1,
      12.6,
      12.2,
      11.6,
      13.0,
      11.9,
      0.0,
      12.3,
      12.8,
      12.4,
      14.8,
      11.3,
      14.4,
      12.4,
      14.0,
      12.5,
      3.7
    ],
    [
      0.7,
      0.067,
      0.6,
      0.6,
      1.3,
      0.7,
      1.1,
      0.85,
      12.3,
      0.0,
      1.2,
      0.55,
      6.1,
      1.3,
      5.7,
      0.064,
      5.4,
      0.14,
      8.3
    ],
    [
      0.9,
      1.2,
      0.8,
      1.4,
      0.9,
      1.7,
      1.7,
      0.85,
      12.8,
      1.2,
      0.0,
      1.0,
      5.4,
      1.7,
      5.0,
      1.2,
      4.8,
      1.1,
      9.1
    ],
    [
      0.14,
      0.55,
      0.18,
      1.0,
      0.85,
      0.8,
      1.4,
      0.29,
      12.4,
      0.55,
      1.0,
      0.0,
      5.7,
      0.9,
      5.3,
      0.55,
      5.0,
      0.4,
      8.4
    ],
    [
      5.6,
      6.1,
      5.5,
      6.5,
      5.1,
      6.3,
      6.9,
      5.4,
      14.8,
      6.1,
      5.4,
      5.7,
      0.0,
      5.1,
      0.5,
      6.1,
      0.8,
      5.9,
      11.2
    ],
    [
      0.9,
      1.3,
      1.0,
      1.8,
      1.1,
      1.3,
      2.2,
      0.75,
      11.3,
      1.3,
      1.7,
      0.9,
      5.1,
      0.0,
      4.7,
      1.3,
      4.3,
      1.2,
      7.7
    ],
    [
      5.2,
      5.7,
      5.1,
      6.2,
      4.7,
      5.9,
      6.5,
      5.1,
      14.4,
      5.7,
      5.0,
      5.3,
      0.5,
      4.7,
      0.0,
      5.7,
      0.4,
      5.6,
      10.8
    ],
    [
      0.7,
      0.004,
      0.6,
      0.65,
      1.3,
      0.8,
      1.1,
      0.85,
      12.4,
      0.064,
      1.2,
      0.55,
      6.1,
      1.3,
      5.7,
      0.0,
      5.4,
      0.15,
      8.3
    ],
    [
      4.9,
      5.4,
      4.8,
      5.8,
      4.4,
      5.6,
      6.2,
      4.7,
      14.0,
      5.4,
      4.8,
      5.0,
      0.8,
      4.3,
      0.4,
      5.4,
      0.0,
      5.2,
      10.4
    ],
    [
      0.55,
      0.15,
      0.5,
      0.7,
      1.2,
      0.85,
      1.1,
      0.7,
      12.5,
      0.14,
      1.1,
      0.4,
      5.9,
      1.2,
      5.6,
      0.15,
      5.2,
      0.0,
      8.5
    ],
    [
      8.3,
      8.3,
      8.4,
      8.6,
      8.5,
      7.6,
      9.1,
      8.2,
      3.7,
      8.3,
      9.1,
      8.4,
      11.2,
      7.7,
      10.8,
      8.3,
      10.4,
      8.5,
      0.0
    ]
  ],
  "walk_time_matrix": [
    [
      0.0,
      7.0,
      2.0,
      14.0,
      10.0,
      11.0,
      7.0,
      3.0,
      149.0,
      7.0,
      11.0,
      2.0,
      33.0,
      8.0,
      65.0,
      10.0,
      61.0,
      8.0,
      105.0
    ],
    [
      7.0,
      0.0,
      7.0,
      7.0,
      15.0,
      9.0,
      8.0,
      9.0,
      151.0,
      1.0,
      15.0,
      7.0,
      35.0,
      16.0,
      71.0,
      1.0,
      66.0,
      2.0,
      29.0
    ],
    [
      2.0,
      7.0,
      0.0,
      8.0,
      8.0,
      12.0,
      18.0,
      3.0,
      150.0,
      9.0,
      9.0,
      2.0,
      68.0,
      9.0,
      64.0,
      9.0,
      59.0,
      7.0,
      106.0
    ],
    [
      14.0,
      7.0,
      8.0,
      0.0,
      21.0,
      13.0,
      5.0,
      16.0,
      155.0,
      8.0,
      16.0,
      13.0,
      81.0,
      22.0,
      77.0,
      9.0,
      72.0,
      9.0,
      31.0
    ],
    [
      10.0,
      15.0,
      8.0,
      21.0,
      0.0,
      18.0,
      27.0,
      8.0,
      151.0,
      13.0,
      11.0,
      11.0,
      64.0,
      13.0,
      59.0,
      18.0,
      55.0,
      16.0,
      107.0
    ],
    [
      11.0,
      9.0,
      12.0,
      13.0,
      18.0,
      0.0,
      21.0,
      11.0,
      142.0,
      11.0,
      21.0,
      10.0,
      79.0,
      17.0,
      75.0,
      12.0,
      70.0,
      13.0,
      95.0
    ],
    [
      7.0,
      8.0,
      18.0,
      5.0,
      27.0,
      21.0,
      0.0,
      8.0,
      159.0,
      10.0,
      15.0,
      7.0,
      86.0,
      10.0,
      81.0,
      9.0,
      77.0,
      9.0,
      113.0
    ],
    [
      3.0,
      9.0,
      3.0,
      16.0,
      8.0,
      11.0,
      8.0,
      0.0,
      148.0,
      10.0,
      11.0,
      4.0,
      68.0,
      10.0,
      64.0,
      9.0,
      59.0,
      10.0,
      103.0
    ],
    [
      149.0,
      151.0,
      150.0,
      155.0,
      151.0,
      142.0,
      159.0,
      148.0,
      0.0,
      151.0,
      157.0,
      150.0,
      181.0,
      139.0,
      176.0,
      152.0,
      171.0,
      153.0,
      45.0
    ],
    [
      7.0,
      1.0,
      9.0,
      8.0,
      13.0,
      11.0,
      10.0,
      10.0,
      151.0,
      0.0,
      11.0,
      7.0,
      76.0,
      16.0,
      71.0,
      1.0,
      27.0,
      2.0,
      29.0
    ],
    [
      11.0,
      15.0,
      9.0,
      16.0,
      11.0,
      21.0,
      15.0,
      11.0,
      157.0,
      11.0,
      0.0,
      11.0,
      67.0,
      21.0,
      63.0,
      11.0,
      61.0,
      10.0,
      114.0
    ],
    [
      2.0,
      7.0,
      2.0,
      13.0,
      11.0,
      10.0,
      7.0,
      4.0,
      150.0,
      7.0,
      11.0,
      0.0,
      71.0,
      8.0,
      66.0,
      8.0,
      20.0,
      6.0,
      105.0
    ],
    [
      33.0,
      35.0,
      68.0,
      81.0,
      64.0,
      79.0,
      86.0,
      68.0,
      181.0,
      76.0,
      67.0,
      71.0,
      0.0,
      26.0,
      7.0,
      76.0,
      10.0,
      75.0,
      138.0
    ],
    [
      8.0,
      16.0,
      9.0,
      22.0,
      13.0,
      17.0,
      10.0,
      10.0,
      139.0,
      16.0,
      21.0,
      8.0,
      26.0,
      0.0,
      59.0,
      18.0,
      54.0,
      16.0,
      96.0
    ],
    [
      65.0,
      71.0,
      64.0,
      77.0,
      59.0,
      75.0,
      81.0,
      64.0,
      176.0,
      71.0,
      63.0,
      66.0,
      7.0,
      59.0,
      0.0,
      71.0,
      5.0,
      31.0,
      51.0
    ],
    [
      10.0,
      1.0,
      9.0,
      9.0,
      18.0,
      12.0,
      9.0,
      9.0,
      152.0,
      1.0,
      11.0,
      8.0,
      76.0,
      18.0,
      71.0,
      0.0,
      66.0,
      2.0,
      30.0
    ],
    [
      61.0,
      66.0,
      59.0,
      72.0,
      55.0,
      70.0,
      77.0,
      59.0,
      171.0,
      27.0,
      61.0,
      20.0,
      10.0,
      54.0,
      5.0,
      66.0,
      0.0,
      65.0,
      128.0
    ],
    [
      8.0,
      2.0,
      7.0,
      9.0,
      16.0,
      13.0,
      9.0,
      10.0,
      153.0,
      2.0,
      10.0,
      6.0,
      75.0,
      16.0,
      31.0,
      2.0,
      65.0,
      0.0,
      106.0
    ],
    [
      105.0,
      29.0,
      106.0,
      31.0,
      107.0,
      95.0,
      113.0,
      103.0,
      45.0,
      29.0,
      114.0,
      105.0,
      138.0,
      96.0,
      51.0,
      30.0,
      128.0,
      106.0,
      0.0
    ]
  ],
  "cycle_dist_matrix": [
    [
      0.0,
      0.7,
      0.15,
      1.1,
      0.75,
      1.1,
      1.5,
      0.21,
      13.1,
      0.7,
      1.1,
      0.5,
      5.9,
      1.2,
      5.5,
      0.7,
      5.1,
      0.6,
      9.5
    ],
    [
      0.7,
      0.0,
      0.65,
      0.6,
      1.4,
      1.0,
      1.2,
      0.9,
      12.9,
      0.067,
      1.2,
      0.55,
      6.5,
      1.3,
      6.1,
      0.004,
      5.6,
      0.15,
      9.3
    ],
    [
      0.15,
      0.65,
      0.0,
      1.1,
      0.7,
      1.0,
      1.5,
      0.23,
      13.0,
      0.6,
      0.9,
      0.45,
      5.5,
      1.2,
      5.3,
      0.6,
      4.9,
      0.5,
      9.4
    ],
    [
      1.1,
      0.6,
      1.1,
      0.0,
      1.8,
      2.1,
      0.55,
      1.4,
      12.6,
      0.7,
      1.4,
      1.0,
      6.8,
      1.9,
      6.4,
      1.1,
      6.0,
      1.0,
      10.1
    ],
    [
      0.75,
      1.4,
      0.7,
      1.8,
      0.0,
      1.6,
      2.3,
      0.65,
      13.2,
      1.7,
      0.95,
      1.0,
      5.2,
      1.1,
      4.8,
      1.7,
      4.4,
      1.5,
      9.6
    ],
    [
      1.1,
      1.0,
      1.0,
      2.1,
      1.6,
      0.0,
      1.8,
      1.1,
      12.1,
      0.95,
      1.7,
      1.0,
      6.6,
      1.5,
      6.2,
      0.8,
      5.7,
      0.85,
      8.5
    ],
    [
      1.5,
      1.2,
      1.5,
      0.55,
      2.3,
      1.8,
      0.0,
      1.7,
      14.2,
      1.1,
      1.7,
      1.4,
      7.3,
      2.3,
      6.9,
      1.5,
      6.5,
      1.4,
      10.6
    ],
    [
      0.21,
      0.9,
      0.23,
      1.4,
      0.65,
      1.1,
      1.7,
      0.0,
      12.8,
      0.85,
      0.9,
      0.29,
      5.7,
      1.2,
      5.3,
      0.85,
      4.9,
      0.7,
      9.2
    ],
    [
      13.1,
      12.9,
      13.0,
      12.6,
      13.2,
      12.1,
      14.2,
      12.8,
      0.0,
      12.3,
      15.4,
      14.6,
      16.5,
      14.0,
      16.1,
      14.9,
      15.7,
      14.8,
      3.7
    ],
    [
      0.7,
      0.067,
      0.6,
      0.7,
      1.7,
      0.95,
      1.1,
      0.85,
      12.3,
      0.0,
      1.2,
      0.55,
      6.5,
      1.5,
      6.0,
      0.064,
      5.6,
      0.14,
      9.3
    ],
    [
      1.1,
      1.2,
      0.9,
      1.4,
      0.95,
      1.7,
      1.7,
      0.9,
      15.4,
      1.2,
      0.0,
      1.1,
      5.8,
      1.7,
      5.4,
      1.2,
      4.9,
      1.1,
      10.1
    ],
    [
      0.5,
      0.55,
      0.45,
      1.0,
      1.0,
      1.0,
      1.4,
      0.29,
      14.6,
      0.55,
      1.1,
      0.0,
      5.9,
      1.1,
      5.5,
      0.75,
      5.1,
      0.6,
      9.4
    ],
    [
      5.9,
      6.5,
      5.5,
      6.8,
      5.2,
      6.6,
      7.3,
      5.7,
      16.5,
      6.5,
      5.8,
      5.9,
      0.0,
      5.3,
      0.5,
      6.6,
      0.8,
      6.5,
      12.4
    ],
    [
      1.2,
      1.3,
      1.2,
      1.9,
      1.1,
      1.5,
      2.3,
      1.2,
      14.0,
      1.5,
      1.7,
      1.1,
      5.3,
      0.0,
      4.9,
      1.5,
      4.5,
      1.4,
      8.5
    ],
    [
      5.5,
      6.1,
      5.3,
      6.4,
      4.8,
      6.2,
      6.9,
      5.3,
      16.1,
      6.0,
      5.4,
      5.5,
      0.5,
      4.9,
      0.0,
      6.2,
      0.4,
      5.6,
      12.0
    ],
    [
      0.7,
      0.004,
      0.6,
      1.1,
      1.7,
      0.8,
      1.5,
      0.85,
      14.9,
      0.064,
      1.2,
      0.75,
      6.6,
      1.5,
      6.2,
      0.0,
      5.6,
      0.15,
      9.6
    ],
    [
      5.1,
      5.6,
      4.9,
      6.0,
      4.4,
      5.7,
      6.5,
      4.9,
      15.7,
      5.6,
      4.9,
      5.1,
      0.8,
      4.5,
      0.4,
      5.6,
      0.0,
      5.7,
      11.6
    ],
    [
      0.6,
      0.15,
      0.5,
      1.0,
      1.5,
      0.85,
      1.4,
      0.7,
      14.8,
      0.14,
      1.1,
      0.6,
      6.5,
      1.4,
      5.6,
      0.15,
      5.7,
      0.0,
      8.5
    ],
    [
      9.5,
      9.3,
      9.4,
      10.1,
      9.6,
      8.5,
      10.6,
      9.2,
      3.7,
      9.3,
      10.1,
      9.4,
      12.4,
      8.5,
      12.0,
      9.6,
      11.6,
      8.5,
      0.0
    ]
  ],
  "cycle_time_matrix": [
    [
      0.0,
      4.0,
      1.0,
      14.0,
      10.0,
      5.0,
      6.0,
      3.0,
      42.0,
      5.0,
      3.0,
      2.0,
      19.0,
      4.0,
      18.0,
      10.0,
      17.0,
      3.0,
      31.0
    ],
    [
      4.0,
      0.0,
      7.0,
      2.0,
      5.0,
      5.0,
      4.0,
      9.0,
      42.0,
      1.0,
      15.0,
      2.0,
      21.0,
      16.0,
      20.0,
      1.0,
      18.0,
      1.0,
      31.0
    ],
    [
      1.0,
      7.0,
      0.0,
      4.0,
      8.0,
      12.0,
      6.0,
      3.0,
      42.0,
      9.0,
      9.0,
      2.0,
      68.0,
      4.0,
      18.0,
      9.0,
      16.0,
      3.0,
      31.0
    ],
    [
      14.0,
      2.0,
      4.0,
      0.0,
      21.0,
      8.0,
      3.0,
      4.0,
      155.0,
      5.0,
      16.0,
      13.0,
      81.0,
      6.0,
      21.0,
      9.0,
      20.0,
      5.0,
      32.0
    ],
    [
      10.0,
      5.0,
      8.0,
      21.0,
      0.0,
      8.0,
      10.0,
      8.0,
      43.0,
      10.0,
      4.0,
      5.0,
      20.0,
      13.0,
      19.0,
      9.0,
      17.0,
      16.0,
      32.0
    ],
    [
      5.0,
      5.0,
      12.0,
      8.0,
      8.0,
      0.0,
      10.0,
      5.0,
      40.0,
      11.0,
      21.0,
      5.0,
      79.0,
      7.0,
      22.0,
      12.0,
      21.0,
      13.0,
      29.0
    ],
    [
      6.0,
      4.0,
      6.0,
      3.0,
      10.0,
      10.0,
      0.0,
      6.0,
      159.0,
      6.0,
      5.0,
      5.0,
      24.0,
      8.0,
      23.0,
      7.0,
      21.0,
      6.0,
      34.0
    ],
    [
      3.0,
      9.0,
      3.0,
      4.0,
      8.0,
      5.0,
      6.0,
      0.0,
      40.0,
      6.0,
      2.0,
      4.0,
      19.0,
      4.0,
      18.0,
      9.0,
      16.0,
      4.0,
      29.0
    ],
    [
      42.0,
      42.0,
      42.0,
      155.0,
      43.0,
      40.0,
      159.0,
      40.0,
      0.0,
      151.0,
      48.0,
      47.0,
      181.0,
      45.0,
      55.0,
      152.0,
      53.0,
      153.0,
      12.0
    ],
    [
      5.0,
      1.0,
      9.0,
      5.0,
      10.0,
      11.0,
      6.0,
      6.0,
      151.0,
      0.0,
      4.0,
      3.0,
      22.0,
      6.0,
      21.0,
      1.0,
      19.0,
      2.0,
      32.0
    ],
    [
      3.0,
      15.0,
      9.0,
      16.0,
      4.0,
      21.0,
      5.0,
      2.0,
      48.0,
      4.0,
      0.0,
      4.0,
      20.0,
      5.0,
      19.0,
      6.0,
      17.0,
      5.0,
      32.0
    ],
    [
      2.0,
      2.0,
      2.0,
      13.0,
      5.0,
      5.0,
      5.0,
      4.0,
      47.0,
      3.0,
      4.0,
      0.0,
      19.0,
      4.0,
      18.0,
      4.0,
      17.0,
      4.0,
      31.0
    ],
    [
      19.0,
      21.0,
      68.0,
      81.0,
      20.0,
      79.0,
      24.0,
      19.0,
      181.0,
      22.0,
      20.0,
      19.0,
      0.0,
      17.0,
      2.0,
      23.0,
      3.0,
      23.0,
      42.0
    ],
    [
      4.0,
      16.0,
      4.0,
      6.0,
      13.0,
      7.0,
      8.0,
      4.0,
      45.0,
      6.0,
      5.0,
      4.0,
      17.0,
      0.0,
      17.0,
      8.0,
      15.0,
      16.0,
      28.0
    ],
    [
      18.0,
      20.0,
      18.0,
      21.0,
      19.0,
      22.0,
      23.0,
      18.0,
      55.0,
      21.0,
      19.0,
      18.0,
      2.0,
      17.0,
      0.0,
      22.0,
      2.0,
      69.0,
      133.0
    ],
    [
      10.0,
      1.0,
      9.0,
      9.0,
      9.0,
      12.0,
      7.0,
      9.0,
      152.0,
      1.0,
      6.0,
      4.0,
      23.0,
      8.0,
      22.0,
      0.0,
      18.0,
      1.0,
      31.0
    ],
    [
      17.0,
      18.0,
      16.0,
      20.0,
      17.0,
      21.0,
      21.0,
      16.0,
      53.0,
      19.0,
      17.0,
      17.0,
      3.0,
      15.0,
      2.0,
      18.0,
      0.0,
      19.0,
      39.0
    ],
    [
      3.0,
      1.0,
      3.0,
      5.0,
      16.0,
      13.0,
      6.0,
      4.0,
      153.0,
      2.0,
      5.0,
      4.0,
      23.0,
      16.0,
      69.0,
      1.0,
      19.0,
      0.0,
      106.0
    ],
    [
      31.0,
      31.0,
      31.0,
      32.0,
      32.0,
      29.0,
      34.0,
      29.0,
      12.0,
      32.0,
      32.0,
      31.0,
      42.0,
      28.0,
      133.0,
      31.0,
      39.0,
      106.0,
      0.0
    ]
  ],
  "avg_dd": [
    [
      4.608947368421049
    ]
  ]
}