{
  "drive_dist_matrix": [
    [
      0.0,
      1.9,
      2.4,
      0.22,
      0.5,
      1.8,
      0.85,
      0.65,
      1.4,
      2.0,
      1.9,
      11.1,
      0.25,
      0.35,
      11.1,
      0.042,
      2.0,
      2.4,
      14.4,
      0.65,
      8.5,
      0.75,
      0.22,
      7.6,
      2.2,
      13.9,
      0.55,
      10.8,
      7.9,
      2.3,
      10.3,
      0.14,
      7.1,
      42.5,
      0.011,
      10.3,
      2.0,
      33.7,
      0.2,
      15.9,
      15.6,
      32.2,
      20.1,
      0.4,
      1.1,
      27.6,
      1.2,
      0.13,
      42.1,
      51.5,
      0.11,
      53.8,
      28.8,
      27.5,
      27.0,
      0.85,
      76.6,
      27.8
    ],
    [
      1.9,
      0.0,
      1.6,
      3.2,
      2.3,
      0.6,
      2.0,
      2.1,
      0.6,
      2.7,
      2.6,
      16.3,
      1.9,
      3.3,
      16.2,
      3.2,
      2.7,
      3.2,
      16.9,
      4.4,
      8.2,
      4.3,
      1.9,
      7.5,
      4.2,
      16.7,
      2.7,
      16.0,
      7.2,
      2.6,
      12.3,
      3.3,
      11.9,
      45.3,
      3.2,
      13.1,
      2.3,
      33.2,
      3.2,
      20.3,
      18.1,
      31.8,
      20.0,
      3.3,
      1.1,
      30.4,
      1.7,
      3.0,
      42.5,
      54.2,
      2.9,
      56.5,
      31.6,
      30.2,
      28.5,
      5.3,
      78.1,
      30.5
    ],
    [
      2.4,
      1.6,
      0.0,
      1.8,
      1.9,
      1.9,
      2.8,
      0.75,
      1.9,
      5.4,
      5.4,
      14.3,
      2.7,
      1.9,
      14.3,
      1.8,
      3.5,
      5.0,
      13.6,
      1.5,
      8.9,
      1.5,
      2.7,
      7.5,
      2.2,
      14.7,
      1.3,
      14.0,
      6.1,
      3.4,
      10.3,
      1.9,
      9.9,
      43.3,
      1.8,
      11.1,
      3.1,
      32.1,
      1.9,
      15.2,
      14.8,
      30.6,
      25.1,
      1.7,
      2.5,
      28.4,
      2.5,
      1.6,
      41.4,
      52.3,
      1.6,
      54.5,
      29.6,
      28.3,
      26.3,
      3.3,
      75.9,
      28.6
    ],
    [
      0.22,
      3.2,
      1.8,
      0.0,
      0.65,
      1.8,
      0.75,
      0.8,
      1.4,
      0.9,
      0.9,
      11.1,
      0.29,
      0.23,
      11.0,
      0.25,
      2.0,
      2.4,
      14.4,
      0.65,
      8.5,
      0.9,
      0.27,
      7.6,
      2.2,
      13.9,
      0.5,
      13.2,
      7.9,
      2.3,
      10.3,
      0.18,
      7.0,
      42.5,
      0.23,
      10.3,
      1.9,
      33.7,
      0.35,
      15.9,
      15.6,
      32.2,
      20.0,
      0.4,
      1.1,
      27.6,
      1.1,
      0.21,
      42.1,
      50.5,
      0.24,
      53.7,
      28.8,
      27.5,
      27.0,
      0.85,
      76.6,
      27.8
    ],
    [
      0.5,
      2.3,
      1.9,
      0.65,
      0.0,
      1.2,
      2.1,
      0.21,
      1.2,
      2.8,
      1.9,
      9.5,
      0.7,
      1.2,
      9.4,
      0.45,
      2.8,
      3.2,
      12.8,
      0.85,
      8.3,
      0.85,
      0.7,
      6.9,
      1.5,
      14.1,
      0.65,
      9.2,
      7.2,
      2.7,
      9.6,
      0.5,
      9.2,
      42.6,
      0.45,
      10.4,
      2.4,
      33.3,
      0.35,
      14.3,
      14.0,
      31.8,
      19.9,
      0.8,
      1.7,
      27.7,
      1.8,
      0.45,
      39.9,
      50.7,
      0.45,
      53.9,
      28.9,
      27.6,
      24.8,
      2.6,
      74.4,
      27.9
    ],
    [
      1.8,
      0.6,
      1.9,
      1.8,
      1.2,
      0.0,
      1.9,
      2.0,
      0.85,
      2.6,
      2.5,
      16.2,
      1.8,
      3.1,
      16.1,
      3.1,
      2.6,
      3.1,
      15.5,
      4.3,
      8.2,
      4.2,
      1.8,
      7.4,
      4.1,
      16.6,
      2.6,
      15.9,
      7.1,
      2.5,
      12.2,
      3.2,
      11.8,
      45.2,
      3.1,
      13.0,
      2.2,
      33.2,
      3.1,
      17.1,
      16.7,
      31.7,
      19.7,
      3.0,
      1.6,
      30.3,
      1.6,
      2.9,
      42.4,
      53.2,
      2.8,
      56.4,
      31.5,
      30.1,
      28.4,
      4.8,
      78.0,
      30.4
    ],
    [
      0.85,
      2.0,
      2.8,
      0.75,
      2.1,
      1.9,
      0.0,
      2.5,
      1.9,
      0.7,
      0.65,
      9.8,
      1.4,
      0.8,
      9.8,
      0.9,
      0.65,
      1.0,
      13.1,
      1.6,
      13.4,
      1.8,
      0.7,
      7.4,
      2.6,
      12.6,
      1.9,
      9.5,
      8.3,
      2.1,
      12.2,
      0.8,
      5.8,
      41.2,
      0.85,
      9.0,
      1.8,
      43.6,
      1.4,
      14.6,
      14.3,
      40.1,
      20.0,
      1.2,
      0.95,
      26.3,
      0.8,
      0.95,
      40.8,
      49.3,
      1.0,
      52.5,
      27.5,
      26.2,
      25.7,
      2.0,
      75.3,
      26.5
    ],
    [
      0.65,
      2.1,
      0.75,
      0.8,
      0.21,
      2.0,
      2.5,
      0.0,
      1.7,
      2.1,
      1.9,
      14.3,
      0.9,
      0.9,
      14.3,
      0.65,
      2.5,
      5.0,
      12.7,
      0.8,
      9.5,
      0.55,
      0.85,
      8.1,
      1.5,
      14.7,
      0.65,
      14.0,
      6.7,
      3.2,
      9.6,
      0.7,
      9.9,
      43.3,
      0.65,
      11.1,
      2.9,
      32.7,
      0.55,
      14.3,
      13.9,
      31.2,
      25.1,
      0.95,
      2.1,
      28.4,
      2.2,
      0.6,
      39.8,
      51.3,
      0.55,
      54.5,
      29.6,
      28.3,
      24.7,
      2.6,
      74.4,
      28.6
    ],
    [
      1.4,
      0.6,
      1.9,
      1.4,
      1.2,
      0.85,
      1.9,
      1.7,
      0.0,
      2.6,
      2.5,
      16.3,
      1.7,
      3.2,
      16.3,
      3.1,
      2.0,
      3.0,
      18.0,
      2.6,
      7.1,
      2.5,
      1.6,
      5.6,
      4.7,
      16.7,
      2.4,
      16.1,
      8.5,
      1.7,
      16.4,
      3.2,
      11.9,
      37.9,
      3.1,
      13.1,
      1.4,
      32.3,
      3.3,
      21.4,
      19.2,
      30.6,
      18.7,
      3.1,
      0.8,
      30.4,
      0.9,
      2.7,
      39.9,
      47.3,
      2.7,
      56.6,
      31.6,
      30.3,
      29.6,
      3.9,
      79.2,
      30.6
    ],
    [
      2.0,
      2.7,
      5.4,
      0.9,
      2.8,
      2.6,
      0.7,
      2.1,
      2.6,
      0.0,
      0.16,
      9.6,
      1.6,
      0.7,
      9.6,
      1.0,
      0.75,
      0.7,
      12.9,
      1.5,
      13.6,
      1.6,
      1.0,
      7.8,
      2.4,
      12.9,
      1.7,
      9.4,
      14.9,
      2.5,
      12.0,
      1.1,
      5.7,
      41.4,
      1.0,
      9.2,
      2.1,
      43.4,
      1.2,
      14.5,
      14.1,
      40.4,
      20.3,
      0.85,
      1.9,
      26.5,
      1.9,
      1.3,
      40.7,
      49.5,
      2.0,
      52.7,
      27.7,
      26.4,
      25.6,
      1.8,
      75.2,
      26.7
    ],
    [
      1.9,
      2.6,
      5.4,
      0.9,
      1.9,
      2.5,
      0.65,
      1.9,
      2.5,
      0.16,
      0.0,
      9.6,
      1.5,
      0.7,
      9.5,
      1.0,
      0.55,
      0.5,
      12.9,
      1.4,
      13.5,
      1.6,
      1.5,
      7.7,
      2.4,
      12.8,
      1.7,
      9.3,
      14.8,
      2.4,
      12.0,
      1.1,
      5.5,
      41.4,
      1.0,
      9.2,
      2.0,
      43.4,
      1.2,
      14.4,
      14.1,
      40.2,
      20.2,
      0.9,
      1.7,
      26.5,
      1.8,
      1.3,
      40.6,
      49.4,
      2.0,
      52.6,
      27.7,
      26.3,
      25.5,
      1.8,
      75.1,
      26.6
    ],
    [
      11.1,
      16.3,
      14.3,
      11.1,
      9.5,
      16.2,
      9.8,
      14.3,
      16.3,
      9.6,
      9.6,
      0.0,
      10.5,
      9.5,
      0.5,
      9.7,
      9.6,
      9.5,
      11.9,
      9.3,
      19.5,
      9.2,
      10.5,
      18.6,
      9.4,
      5.2,
      9.4,
      0.6,
      13.8,
      12.3,
      6.6,
      9.8,
      4.1,
      42.3,
      9.7,
      10.1,
      12.6,
      42.4,
      9.9,
      7.3,
      13.1,
      42.8,
      29.1,
      9.7,
      10.8,
      24.1,
      10.8,
      9.7,
      39.6,
      50.3,
      9.6,
      53.5,
      25.3,
      24.0,
      24.5,
      8.7,
      74.1,
      24.2
    ],
    [
      0.25,
      1.9,
      2.7,
      0.29,
      0.7,
      1.8,
      1.4,
      0.9,
      1.7,
      1.6,
      1.5,
      10.5,
      0.0,
      0.5,
      13.5,
      0.29,
      2.0,
      2.4,
      14.4,
      1.6,
      8.4,
      1.0,
      0.02,
      7.0,
      2.2,
      13.9,
      0.75,
      13.2,
      7.8,
      2.3,
      10.3,
      0.21,
      7.0,
      42.5,
      0.26,
      10.3,
      1.9,
      33.7,
      0.35,
      15.9,
      15.5,
      32.0,
      20.0,
      0.6,
      0.95,
      27.6,
      1.0,
      0.35,
      42.1,
      50.5,
      0.35,
      53.7,
      28.8,
      27.5,
      27.0,
      3.3,
      76.6,
      27.8
    ],
    [
      0.35,
      3.3,
      1.9,
      0.23,
      1.2,
      3.1,
      0.8,
      0.9,
      3.2,
      0.7,
      0.7,
      9.5,
      0.5,
      0.0,
      9.7,
      0.35,
      2.4,
      1.7,
      13.0,
      0.55,
      8.8,
      0.75,
      0.5,
      7.4,
      1.6,
      13.0,
      0.4,
      9.5,
      8.2,
      2.7,
      12.2,
      0.4,
      8.2,
      41.6,
      0.35,
      9.4,
      2.3,
      43.5,
      0.5,
      14.6,
      14.2,
      32.4,
      20.4,
      0.2,
      1.4,
      26.7,
      1.5,
      0.28,
      40.8,
      49.6,
      0.3,
      52.8,
      27.9,
      26.5,
      25.7,
      0.65,
      75.3,
      26.8
    ],
    [
      11.1,
      16.2,
      14.3,
      11.0,
      9.4,
      16.1,
      9.8,
      14.3,
      16.3,
      9.6,
      9.5,
      0.5,
      13.5,
      9.7,
      0.0,
      9.7,
      9.6,
      9.5,
      11.8,
      8.6,
      19.4,
      9.2,
      10.5,
      18.6,
      9.4,
      5.2,
      9.4,
      0.35,
      13.8,
      12.3,
      6.4,
      9.8,
      4.0,
      42.2,
      9.7,
      10.1,
      12.6,
      42.4,
      9.9,
      7.3,
      13.0,
      42.7,
      29.1,
      9.7,
      10.7,
      24.1,
      10.8,
      9.7,
      39.6,
      50.3,
      9.6,
      53.5,
      25.3,
      23.9,
      24.5,
      8.6,
      74.1,
      24.2
    ],
    [
      0.042,
      3.2,
      1.8,
      0.25,
      0.45,
      3.1,
      0.9,
      0.65,
      3.1,
      1.0,
      1.0,
      9.7,
      0.29,
      0.35,
      9.7,
      0.0,
      2.0,
      2.4,
      14.3,
      0.7,
      8.4,
      0.75,
      0.26,
      7.0,
      2.1,
      13.9,
      0.55,
      10.8,
      7.8,
      2.3,
      10.2,
      0.14,
      7.0,
      42.4,
      0.031,
      10.3,
      1.9,
      33.6,
      0.16,
      15.9,
      15.5,
      31.9,
      20.0,
      0.45,
      1.0,
      27.6,
      1.1,
      0.11,
      42.1,
      50.5,
      0.092,
      53.7,
      28.8,
      27.4,
      27.0,
      0.9,
      76.6,
      27.7
    ],
    [
      2.0,
      2.7,
      3.5,
      2.0,
      2.8,
      2.6,
      0.65,
      2.5,
      2.0,
      0.75,
      0.55,
      9.6,
      2.0,
      2.4,
      9.6,
      2.0,
      0.0,
      0.6,
      15.1,
      2.9,
      13.2,
      3.0,
      1.8,
      7.4,
      5.4,
      12.2,
      6.0,
      11.5,
      10.2,
      1.9,
      14.2,
      2.6,
      5.6,
      40.8,
      2.5,
      8.6,
      1.6,
      41.3,
      2.6,
      16.7,
      16.3,
      39.9,
      19.8,
      2.5,
      1.4,
      25.9,
      1.5,
      2.8,
      42.9,
      48.8,
      6.2,
      52.0,
      27.1,
      25.8,
      27.8,
      3.2,
      77.4,
      26.1
    ],
    [
      2.4,
      3.2,
      5.0,
      2.4,
      3.2,
      3.1,
      1.0,
      5.0,
      3.0,
      0.7,
      0.5,
      9.5,
      2.4,
      1.7,
      9.5,
      2.4,
      0.6,
      0.0,
      12.8,
      2.6,
      15.7,
      3.0,
      1.9,
      8.1,
      2.6,
      12.1,
      3.2,
      9.3,
      14.8,
      2.8,
      11.9,
      1.9,
      5.3,
      40.7,
      1.8,
      8.5,
      2.4,
      43.3,
      2.0,
      14.4,
      14.0,
      42.3,
      22.4,
      1.8,
      2.1,
      25.8,
      2.2,
      2.1,
      40.6,
      48.7,
      3.4,
      51.9,
      27.0,
      25.6,
      25.5,
      2.0,
      75.1,
      25.9
    ],
    [
      14.4,
      16.9,
      13.6,
      14.4,
      12.8,
      15.5,
      13.1,
      12.7,
      18.0,
      12.9,
      12.9,
      11.9,
      14.4,
      13.0,
      11.8,
      14.3,
      15.1,
      12.8,
      0.0,
      11.0,
      17.5,
      11.1,
      13.8,
      16.6,
      12.7,
      9.7,
      11.0,
      11.8,
      11.8,
      16.4,
      2.5,
      13.1,
      14.9,
      51.5,
      13.0,
      19.3,
      14.3,
      41.5,
      13.2,
      3.8,
      4.1,
      35.3,
      31.2,
      13.1,
      14.1,
      22.7,
      14.2,
      12.0,
      38.8,
      59.5,
      11.3,
      62.7,
      22.0,
      22.5,
      10.3,
      12.0,
      73.3,
      22.8
    ],
    [
      0.65,
      4.4,
      1.5,
      0.65,
      0.85,
      4.3,
      1.6,
      0.8,
      2.6,
      1.5,
      1.4,
      9.3,
      1.6,
      0.55,
      8.6,
      0.7,
      2.9,
      2.6,
      11.0,
      0.0,
      10.0,
      0.35,
      0.85,
      8.6,
      0.9,
      13.4,
      0.23,
      8.4,
      8.3,
      2.9,
      9.0,
      0.75,
      8.6,
      42.0,
      0.7,
      9.8,
      2.6,
      42.5,
      0.85,
      13.5,
      13.1,
      32.7,
      23.8,
      0.4,
      1.7,
      27.1,
      1.8,
      0.65,
      39.7,
      50.1,
      0.6,
      53.3,
      28.3,
      27.0,
      24.6,
      0.5,
      74.2,
      27.3
    ],
    [
      8.5,
      8.2,
      8.9,
      8.5,
      8.3,
      8.2,
      13.4,
      9.5,
      7.1,
      13.6,
      13.5,
      19.5,
      8.4,
      8.8,
      19.4,
      8.4,
      13.2,
      15.7,
      17.5,
      10.0,
      0.0,
      10.2,
      8.5,
      2.4,
      10.0,
      24.2,
      10.3,
      19.2,
      8.5,
      8.0,
      16.4,
      10.9,
      21.2,
      38.2,
      10.7,
      22.4,
      7.7,
      27.9,
      10.8,
      21.4,
      19.2,
      26.3,
      16.4,
      10.7,
      7.9,
      39.7,
      7.7,
      10.6,
      34.1,
      47.6,
      10.6,
      53.8,
      40.9,
      39.5,
      29.6,
      19.3,
      79.2,
      39.8
    ],
    [
      0.75,
      4.3,
      1.5,
      0.9,
      0.85,
      4.2,
      1.8,
      0.55,
      2.5,
      1.6,
      1.6,
      9.2,
      1.0,
      0.75,
      9.2,
      0.75,
      3.0,
      3.0,
      11.1,
      0.35,
      10.2,
      0.0,
      1.0,
      8.6,
      0.65,
      13.7,
      0.35,
      8.9,
      8.3,
      3.1,
      9.3,
      0.85,
      8.9,
      42.3,
      0.75,
      10.1,
      2.8,
      42.3,
      0.75,
      14.0,
      13.6,
      32.7,
      24.1,
      0.65,
      1.9,
      27.4,
      1.9,
      0.7,
      39.6,
      50.3,
      0.65,
      53.5,
      28.6,
      27.3,
      24.5,
      0.75,
      74.1,
      27.6
    ],
    [
      0.22,
      1.9,
      2.7,
      0.27,
      0.7,
      1.8,
      0.7,
      0.85,
      1.6,
      1.0,
      1.5,
      10.5,
      0.02,
      0.5,
      10.5,
      0.26,
      1.8,
      1.9,
      13.8,
      0.85,
      8.5,
      1.0,
      0.0,
      7.6,
      2.1,
      13.9,
      0.7,
      10.8,
      7.8,
      2.3,
      10.3,
      0.19,
      7.0,
      42.5,
      0.23,
      10.3,
      1.9,
      33.6,
      0.35,
      15.9,
      15.5,
      32.0,
      20.0,
      0.6,
      0.95,
      27.6,
      1.0,
      0.3,
      42.1,
      50.5,
      0.35,
      53.7,
      28.8,
      27.4,
      27.0,
      3.3,
      76.6,
      27.7
    ],
    [
      7.6,
      7.5,
      7.5,
      7.6,
      6.9,
      7.4,
      7.4,
      8.1,
      5.6,
      7.8,
      7.7,
      18.6,
      7.0,
      7.4,
      18.6,
      7.0,
      7.4,
      8.1,
      16.6,
      8.6,
      2.4,
      8.6,
      7.6,
      0.0,
      8.6,
      22.8,
      8.9,
      17.7,
      7.1,
      6.6,
      15.0,
      9.4,
      20.2,
      37.2,
      9.3,
      21.4,
      6.3,
      29.0,
      9.4,
      20.0,
      17.8,
      27.3,
      17.2,
      9.3,
      6.5,
      38.7,
      6.3,
      9.2,
      35.2,
      46.6,
      9.1,
      52.8,
      39.9,
      38.5,
      28.2,
      17.9,
      77.8,
      38.8
    ],
    [
      2.2,
      4.2,
      2.2,
      2.2,
      1.5,
      4.1,
      2.6,
      1.5,
      4.7,
      2.4,
      2.4,
      9.4,
      2.2,
      1.6,
      9.4,
      2.1,
      5.4,
      2.6,
      12.7,
      0.9,
      10.0,
      0.65,
      2.1,
      8.6,
      0.0,
      13.6,
      1.0,
      8.2,
      6.2,
      7.1,
      8.4,
      1.9,
      8.8,
      42.2,
      1.8,
      10.0,
      5.6,
      41.4,
      1.9,
      13.3,
      12.9,
      32.9,
      23.9,
      1.7,
      2.8,
      27.3,
      2.9,
      1.6,
      38.6,
      50.2,
      1.6,
      53.4,
      28.5,
      27.1,
      23.5,
      1.3,
      73.1,
      27.4
    ],
    [
      13.9,
      16.7,
      14.7,
      13.9,
      14.1,
      16.6,
      12.6,
      14.7,
      16.7,
      12.9,
      12.8,
      5.2,
      13.9,
      13.0,
      5.2,
      13.9,
      12.2,
      12.1,
      9.7,
      13.4,
      24.2,
      13.7,
      13.9,
      22.8,
      13.6,
      0.0,
      13.1,
      5.6,
      18.8,
      12.4,
      8.3,
      12.6,
      5.0,
      42.4,
      12.5,
      10.2,
      12.8,
      47.4,
      13.6,
      11.9,
      18.1,
      47.8,
      29.3,
      13.5,
      13.2,
      18.8,
      14.7,
      13.4,
      44.6,
      50.5,
      13.3,
      53.7,
      18.6,
      18.7,
      22.3,
      12.2,
      79.1,
      19.0
    ],
    [
      0.55,
      2.7,
      1.3,
      0.5,
      0.65,
      2.6,
      1.9,
      0.65,
      2.4,
      1.7,
      1.7,
      9.4,
      0.75,
      0.4,
      9.4,
      0.55,
      6.0,
      3.2,
      11.0,
      0.23,
      10.3,
      0.35,
      0.7,
      8.9,
      1.0,
      13.1,
      0.0,
      9.4,
      8.4,
      2.8,
      12.1,
      0.65,
      8.1,
      41.5,
      0.55,
      9.3,
      2.5,
      43.5,
      0.7,
      14.5,
      14.2,
      32.5,
      23.3,
      0.35,
      1.6,
      26.6,
      1.7,
      0.5,
      40.7,
      49.6,
      0.45,
      52.8,
      27.8,
      26.5,
      25.6,
      1.6,
      75.2,
      26.8
    ],
    [
      10.8,
      16.0,
      14.0,
      13.2,
      9.2,
      15.9,
      9.5,
      14.0,
      16.1,
      9.4,
      9.3,
      0.6,
      13.2,
      9.5,
      0.35,
      10.8,
      11.5,
      9.3,
      11.8,
      8.4,
      19.2,
      8.9,
      10.8,
      17.7,
      8.2,
      5.6,
      9.4,
      0.0,
      13.4,
      11.9,
      6.3,
      9.4,
      3.7,
      41.9,
      9.3,
      9.7,
      12.2,
      42.0,
      9.5,
      7.9,
      12.7,
      42.4,
      28.7,
      9.4,
      10.4,
      23.7,
      10.5,
      9.3,
      39.2,
      49.9,
      9.3,
      53.1,
      24.9,
      23.6,
      24.1,
      8.3,
      73.8,
      23.9
    ],
    [
      7.9,
      7.2,
      6.1,
      7.9,
      7.2,
      7.1,
      8.3,
      6.7,
      8.5,
      14.9,
      14.8,
      13.8,
      7.8,
      8.2,
      13.8,
      7.8,
      10.2,
      14.8,
      11.8,
      8.3,
      8.5,
      8.3,
      7.8,
      7.1,
      6.2,
      18.8,
      8.4,
      13.4,
      0.0,
      9.7,
      10.9,
      7.5,
      16.7,
      41.8,
      7.4,
      21.1,
      9.4,
      26.1,
      7.5,
      15.9,
      13.7,
      24.4,
      21.8,
      7.4,
      7.4,
      36.8,
      9.4,
      7.3,
      28.9,
      51.2,
      7.2,
      57.4,
      38.0,
      36.6,
      24.1,
      13.8,
      73.7,
      36.9
    ],
    [
      2.3,
      2.6,
      3.4,
      2.3,
      2.7,
      2.5,
      2.1,
      3.2,
      1.7,
      2.5,
      2.4,
      12.3,
      2.3,
      2.7,
      12.3,
      2.3,
      1.9,
      2.8,
      16.4,
      2.9,
      8.0,
      3.1,
      2.3,
      6.6,
      7.1,
      12.4,
      2.8,
      11.9,
      9.7,
      0.0,
      15.6,
      3.8,
      8.2,
      41.6,
      3.7,
      9.4,
      0.35,
      40.5,
      3.9,
      18.0,
      17.7,
      38.8,
      19.0,
      3.8,
      2.1,
      26.7,
      2.2,
      7.6,
      44.2,
      49.6,
      7.6,
      52.8,
      27.9,
      26.5,
      29.1,
      6.5,
      78.8,
      26.8
    ],
    [
      10.3,
      12.3,
      10.3,
      10.3,
      9.6,
      12.2,
      12.2,
      9.6,
      16.4,
      12.0,
      12.0,
      6.6,
      10.3,
      12.2,
      6.4,
      10.2,
      14.2,
      11.9,
      2.5,
      9.0,
      16.4,
      9.3,
      10.3,
      15.0,
      8.4,
      8.3,
      12.1,
      6.3,
      10.9,
      15.6,
      0.0,
      9.6,
      10.4,
      48.6,
      9.5,
      16.5,
      11.7,
      40.9,
      9.6,
      4.3,
      6.3,
      34.4,
      30.5,
      9.4,
      10.5,
      30.5,
      10.6,
      9.3,
      38.1,
      52.8,
      9.3,
      59.9,
      31.7,
      30.3,
      13.8,
      9.4,
      72.6,
      30.6
    ],
    [
      0.14,
      3.3,
      1.9,
      0.18,
      0.5,
      3.2,
      0.8,
      0.7,
      3.2,
      1.1,
      1.1,
      9.8,
      0.21,
      0.4,
      9.8,
      0.14,
      2.6,
      1.9,
      13.1,
      0.75,
      10.9,
      0.85,
      0.19,
      9.4,
      1.9,
      12.6,
      0.65,
      9.4,
      7.5,
      3.8,
      9.6,
      0.0,
      6.9,
      42.3,
      0.15,
      10.2,
      1.8,
      33.5,
      0.15,
      15.8,
      15.4,
      31.8,
      19.9,
      0.5,
      0.9,
      27.5,
      1.0,
      0.23,
      42.0,
      50.4,
      0.23,
      53.6,
      28.7,
      27.3,
      26.9,
      1.0,
      76.5,
      27.6
    ],
    [
      7.1,
      11.9,
      9.9,
      7.0,
      9.2,
      11.8,
      5.8,
      9.9,
      11.9,
      5.7,
      5.5,
      4.1,
      7.0,
      8.2,
      4.0,
      7.0,
      5.6,
      5.3,
      14.9,
      8.6,
      21.2,
      8.9,
      7.0,
      20.2,
      8.8,
      5.0,
      8.1,
      3.7,
      16.7,
      8.2,
      10.4,
      6.9,
      0.0,
      39.2,
      9.3,
      7.0,
      9.5,
      45.0,
      10.4,
      11.0,
      15.7,
      45.4,
      26.0,
      10.2,
      9.9,
      21.0,
      10.0,
      10.1,
      42.3,
      44.9,
      10.1,
      50.4,
      22.2,
      20.9,
      27.2,
      9.0,
      76.8,
      21.2
    ],
    [
      42.5,
      45.3,
      43.3,
      42.5,
      42.6,
      45.2,
      41.2,
      43.3,
      37.9,
      41.4,
      41.4,
      42.3,
      42.5,
      41.6,
      42.2,
      42.4,
      40.8,
      40.7,
      51.5,
      42.0,
      38.2,
      42.3,
      42.5,
      37.2,
      42.2,
      42.4,
      41.5,
      41.9,
      41.8,
      41.6,
      48.6,
      42.3,
      39.2,
      0.0,
      42.6,
      35.2,
      38.8,
      64.7,
      43.7,
      50.6,
      53.5,
      63.0,
      27.1,
      43.5,
      38.0,
      57.4,
      38.4,
      43.4,
      70.9,
      9.9,
      43.4,
      18.7,
      58.6,
      57.2,
      64.9,
      42.3,
      115.0,
      57.5
    ],
    [
      0.011,
      3.2,
      1.8,
      0.23,
      0.45,
      3.1,
      0.85,
      0.65,
      3.1,
      1.0,
      1.0,
      9.7,
      0.26,
      0.35,
      9.7,
      0.031,
      2.5,
      1.8,
      13.0,
      0.7,
      10.7,
      0.75,
      0.23,
      9.3,
      1.8,
      12.5,
      0.55,
      9.3,
      7.4,
      3.7,
      9.5,
      0.15,
      9.3,
      42.6,
      0.0,
      10.3,
      1.9,
      33.6,
      0.19,
      15.9,
      15.5,
      32.0,
      20.0,
      0.4,
      1.0,
      27.6,
      1.1,
      0.12,
      42.1,
      50.5,
      0.097,
      53.7,
      28.8,
      27.4,
      27.0,
      0.9,
      76.6,
      27.7
    ],
    [
      10.3,
      13.1,
      11.1,
      10.3,
      10.4,
      13.0,
      9.0,
      11.1,
      13.1,
      9.2,
      9.2,
      10.1,
      10.3,
      9.4,
      10.1,
      10.3,
      8.6,
      8.5,
      19.3,
      9.8,
      22.4,
      10.1,
      10.3,
      21.4,
      10.0,
      10.2,
      9.3,
      9.7,
      21.1,
      9.4,
      16.5,
      10.2,
      7.0,
      35.2,
      10.3,
      0.0,
      9.0,
      48.9,
      9.8,
      16.8,
      19.6,
      45.3,
      25.5,
      9.7,
      9.4,
      23.5,
      9.5,
      9.6,
      46.2,
      42.6,
      9.6,
      45.8,
      24.7,
      23.4,
      31.1,
      8.4,
      80.7,
      23.7
    ],
    [
      2.0,
      2.3,
      3.1,
      1.9,
      2.4,
      2.2,
      1.8,
      2.9,
      1.4,
      2.1,
      2.0,
      12.6,
      1.9,
      2.3,
      12.6,
      1.9,
      1.6,
      2.4,
      14.3,
      2.6,
      7.7,
      2.8,
      1.9,
      6.3,
      5.6,
      12.8,
      2.5,
      12.2,
      9.4,
      0.35,
      11.7,
      1.8,
      9.5,
      38.8,
      1.9,
      9.0,
      0.0,
      40.8,
      2.6,
      18.4,
      18.0,
      39.2,
      19.3,
      2.5,
      0.95,
      27.0,
      0.85,
      3.0,
      44.6,
      50.0,
      3.0,
      53.2,
      28.2,
      26.9,
      29.5,
      3.3,
      79.1,
      27.2
    ],
    [
      33.7,
      33.2,
      32.1,
      33.7,
      33.3,
      33.2,
      43.6,
      32.7,
      32.3,
      43.4,
      43.4,
      42.4,
      33.7,
      43.5,
      42.4,
      33.6,
      41.3,
      43.3,
      41.5,
      42.5,
      27.9,
      42.3,
      33.6,
      29.0,
      41.4,
      47.4,
      43.5,
      42.0,
      26.1,
      40.5,
      40.9,
      33.5,
      45.0,
      64.7,
      33.6,
      48.9,
      40.8,
      0.0,
      42.0,
      48.7,
      31.0,
      0.65,
      33.5,
      41.9,
      33.1,
      58.7,
      32.9,
      41.8,
      7.4,
      72.5,
      41.7,
      78.7,
      57.9,
      58.5,
      32.5,
      42.4,
      78.7,
      58.8
    ],
    [
      0.2,
      3.2,
      1.9,
      0.35,
      0.35,
      3.1,
      1.4,
      0.55,
      3.3,
      1.2,
      1.2,
      9.9,
      0.35,
      0.5,
      9.9,
      0.16,
      2.6,
      2.0,
      13.2,
      0.85,
      10.8,
      0.75,
      0.35,
      9.4,
      1.9,
      13.6,
      0.7,
      9.5,
      7.5,
      3.9,
      9.6,
      0.15,
      10.4,
      43.7,
      0.19,
      9.8,
      2.6,
      42.0,
      0.0,
      14.8,
      14.4,
      32.1,
      19.9,
      1.6,
      1.1,
      28.2,
      1.2,
      0.27,
      40.4,
      51.1,
      0.26,
      54.3,
      29.4,
      28.1,
      25.2,
      3.1,
      74.9,
      28.4
    ],
    [
      15.9,
      20.3,
      15.2,
      15.9,
      14.3,
      17.1,
      14.6,
      14.3,
      21.4,
      14.5,
      14.4,
      7.3,
      15.9,
      14.6,
      7.3,
      15.9,
      16.7,
      14.4,
      3.8,
      13.5,
      21.4,
      14.0,
      15.9,
      20.0,
      13.3,
      11.9,
      14.5,
      7.9,
      15.9,
      18.0,
      4.3,
      15.8,
      11.0,
      50.6,
      15.9,
      16.8,
      18.4,
      48.7,
      14.8,
      0.0,
      5.9,
      50.2,
      32.9,
      14.4,
      15.4,
      18.4,
      15.5,
      14.4,
      47.1,
      57.3,
      14.3,
      60.5,
      17.7,
      18.3,
      11.1,
      13.3,
      71.8,
      18.6
    ],
    [
      15.6,
      18.1,
      14.8,
      15.6,
      14.0,
      16.7,
      14.3,
      13.9,
      19.2,
      14.1,
      14.1,
      13.1,
      15.5,
      14.2,
      13.0,
      15.5,
      16.3,
      14.0,
      4.1,
      13.1,
      19.2,
      13.6,
      15.5,
      17.8,
      12.9,
      18.1,
      14.2,
      12.7,
      13.7,
      17.7,
      6.3,
      15.4,
      15.7,
      53.5,
      15.5,
      19.6,
      18.0,
      31.0,
      14.4,
      5.9,
      0.0,
      32.0,
      32.3,
      14.2,
      15.2,
      36.0,
      15.3,
      13.9,
      28.9,
      60.6,
      13.9,
      63.8,
      37.2,
      35.9,
      9.9,
      13.1,
      63.2,
      36.2
    ],
    [
      32.2,
      31.8,
      30.6,
      32.2,
      31.8,
      31.7,
      40.1,
      31.2,
      30.6,
      40.4,
      40.2,
      42.8,
      32.0,
      32.4,
      42.7,
      31.9,
      39.9,
      42.3,
      35.3,
      32.7,
      26.3,
      32.7,
      32.0,
      27.3,
      32.9,
      47.8,
      32.5,
      42.4,
      24.4,
      38.8,
      34.4,
      31.8,
      45.4,
      63.0,
      32.0,
      45.3,
      39.2,
      0.65,
      32.1,
      50.2,
      32.0,
      0.0,
      33.1,
      33.1,
      32.7,
      59.9,
      32.5,
      33.0,
      9.0,
      72.1,
      32.9,
      78.3,
      59.1,
      59.7,
      33.7,
      43.6,
      79.9,
      60.0
    ],
    [
      20.1,
      20.0,
      25.1,
      20.0,
      19.9,
      19.7,
      20.0,
      25.1,
      18.7,
      20.3,
      20.2,
      29.1,
      20.0,
      20.4,
      29.1,
      20.0,
      19.8,
      22.4,
      31.2,
      23.8,
      16.4,
      24.1,
      20.0,
      17.2,
      23.9,
      29.3,
      23.3,
      28.7,
      21.8,
      19.0,
      30.5,
      19.9,
      26.0,
      27.1,
      20.0,
      25.5,
      19.3,
      33.5,
      19.9,
      32.9,
      32.3,
      33.1,
      0.0,
      27.6,
      21.8,
      46.5,
      22.2,
      27.5,
      42.4,
      33.9,
      27.5,
      42.6,
      47.7,
      46.4,
      45.7,
      26.3,
      95.3,
      46.7
    ],
    [
      0.4,
      3.3,
      1.7,
      0.4,
      0.8,
      3.0,
      1.2,
      0.95,
      3.1,
      0.85,
      0.9,
      9.7,
      0.6,
      0.2,
      9.7,
      0.45,
      2.5,
      1.8,
      13.1,
      0.4,
      10.7,
      0.65,
      0.6,
      9.3,
      1.7,
      13.5,
      0.35,
      9.4,
      7.4,
      3.8,
      9.4,
      0.5,
      10.2,
      43.5,
      0.4,
      9.7,
      2.5,
      41.9,
      1.6,
      14.4,
      14.2,
      33.1,
      27.6,
      0.0,
      1.8,
      26.2,
      1.9,
      0.5,
      40.3,
      49.2,
      0.55,
      52.4,
      27.4,
      26.1,
      25.2,
      0.45,
      74.8,
      26.4
    ],
    [
      1.1,
      1.1,
      2.5,
      1.1,
      1.7,
      1.6,
      0.95,
      2.1,
      0.8,
      1.9,
      1.7,
      10.8,
      0.95,
      1.4,
      10.7,
      1.0,
      1.4,
      2.1,
      14.1,
      1.7,
      7.9,
      1.9,
      0.95,
      6.5,
      2.8,
      13.2,
      1.6,
      10.4,
      7.4,
      2.1,
      10.5,
      0.9,
      9.9,
      38.0,
      1.0,
      9.4,
      0.95,
      33.1,
      1.1,
      15.4,
      15.2,
      32.7,
      21.8,
      1.8,
      0.0,
      30.7,
      0.13,
      2.6,
      40.2,
      47.6,
      2.6,
      56.9,
      31.9,
      30.6,
      29.9,
      3.4,
      79.5,
      30.9
    ],
    [
      27.6,
      30.4,
      28.4,
      27.6,
      27.7,
      30.3,
      26.3,
      28.4,
      30.4,
      26.5,
      26.5,
      24.1,
      27.6,
      26.7,
      24.1,
      27.6,
      25.9,
      25.8,
      22.7,
      27.1,
      39.7,
      27.4,
      27.6,
      38.7,
      27.3,
      18.8,
      26.6,
      23.7,
      36.8,
      26.7,
      30.5,
      27.5,
      21.0,
      57.4,
      27.6,
      23.5,
      27.0,
      58.7,
      28.2,
      18.4,
      36.0,
      59.9,
      46.5,
      26.2,
      30.7,
      0.0,
      31.6,
      30.3,
      56.5,
      67.4,
      30.2,
      70.6,
      0.079,
      0.4,
      26.6,
      29.1,
      81.2,
      0.19
    ],
    [
      1.2,
      1.7,
      2.5,
      1.1,
      1.8,
      1.6,
      0.8,
      2.2,
      0.9,
      1.9,
      1.8,
      10.8,
      1.0,
      1.5,
      10.8,
      1.1,
      1.5,
      2.2,
      14.2,
      1.8,
      7.7,
      1.9,
      1.0,
      6.3,
      2.9,
      14.7,
      1.7,
      10.5,
      9.4,
      2.2,
      10.6,
      1.0,
      10.0,
      38.4,
      1.1,
      9.5,
      0.85,
      32.9,
      1.2,
      15.5,
      15.3,
      32.5,
      22.2,
      1.9,
      0.13,
      31.6,
      0.0,
      2.6,
      41.8,
      49.7,
      2.5,
      52.9,
      27.9,
      26.6,
      26.7,
      3.0,
      76.3,
      26.9
    ],
    [
      0.13,
      3.0,
      1.6,
      0.21,
      0.45,
      2.9,
      0.95,
      0.6,
      2.7,
      1.3,
      1.3,
      9.7,
      0.35,
      0.28,
      9.7,
      0.11,
      2.8,
      2.1,
      12.0,
      0.65,
      10.6,
      0.7,
      0.3,
      9.2,
      1.6,
      13.4,
      0.5,
      9.3,
      7.3,
      7.6,
      9.3,
      0.23,
      10.1,
      43.4,
      0.12,
      9.6,
      3.0,
      41.8,
      0.27,
      14.4,
      13.9,
      33.0,
      27.5,
      0.5,
      2.6,
      30.3,
      2.6,
      0.0,
      40.7,
      49.5,
      0.036,
      52.7,
      27.7,
      26.4,
      25.6,
      0.8,
      75.2,
      26.7
    ],
    [
      42.1,
      42.5,
      41.4,
      42.1,
      39.9,
      42.4,
      40.8,
      39.8,
      39.9,
      40.7,
      40.6,
      39.6,
      42.1,
      40.8,
      39.6,
      42.1,
      42.9,
      40.6,
      38.8,
      39.7,
      34.1,
      39.6,
      42.1,
      35.2,
      38.6,
      44.6,
      40.7,
      39.2,
      28.9,
      44.2,
      38.1,
      42.0,
      42.3,
      70.9,
      42.1,
      46.2,
      44.6,
      7.4,
      40.4,
      47.1,
      28.9,
      9.0,
      42.4,
      40.3,
      40.2,
      56.5,
      41.8,
      40.7,
      0.0,
      78.2,
      37.4,
      88.7,
      53.5,
      54.1,
      28.1,
      38.0,
      74.3,
      54.4
    ],
    [
      51.5,
      54.2,
      52.3,
      50.5,
      50.7,
      53.2,
      49.3,
      51.3,
      47.3,
      49.5,
      49.4,
      50.3,
      50.5,
      49.6,
      50.3,
      50.5,
      48.8,
      48.7,
      59.5,
      50.1,
      47.6,
      50.3,
      50.5,
      46.6,
      50.2,
      50.5,
      49.6,
      49.9,
      51.2,
      49.6,
      52.8,
      50.4,
      44.9,
      9.9,
      50.5,
      42.6,
      50.0,
      72.5,
      51.1,
      57.3,
      60.6,
      72.1,
      33.9,
      49.2,
      47.6,
      67.4,
      49.7,
      49.5,
      78.2,
      0.0,
      50.8,
      12.6,
      66.0,
      64.6,
      72.3,
      49.7,
      122.0,
      64.9
    ],
    [
      0.11,
      2.9,
      1.6,
      0.24,
      0.45,
      2.8,
      1.0,
      0.55,
      2.7,
      2.0,
      2.0,
      9.6,
      0.35,
      0.3,
      9.6,
      0.092,
      6.2,
      3.4,
      11.3,
      0.6,
      10.6,
      0.65,
      0.35,
      9.1,
      1.6,
      13.3,
      0.45,
      9.3,
      7.2,
      7.6,
      9.3,
      0.23,
      10.1,
      43.4,
      0.097,
      9.6,
      3.0,
      41.7,
      0.26,
      14.3,
      13.9,
      32.9,
      27.5,
      0.55,
      2.6,
      30.2,
      2.5,
      0.036,
      37.4,
      50.8,
      0.0,
      53.9,
      29.0,
      27.6,
      24.8,
      2.6,
      74.4,
      27.9
    ],
    [
      53.8,
      56.5,
      54.5,
      53.7,
      53.9,
      56.4,
      52.5,
      54.5,
      56.6,
      52.7,
      52.6,
      53.5,
      53.7,
      52.8,
      53.5,
      53.7,
      52.0,
      51.9,
      62.7,
      53.3,
      53.8,
      53.5,
      53.7,
      52.8,
      53.4,
      53.7,
      52.8,
      53.1,
      57.4,
      52.8,
      59.9,
      53.6,
      50.4,
      18.7,
      53.7,
      45.8,
      53.2,
      78.7,
      54.3,
      60.5,
      63.8,
      78.3,
      42.6,
      52.4,
      56.9,
      70.6,
      52.9,
      52.7,
      88.7,
      12.6,
      53.9,
      0.0,
      68.9,
      67.6,
      75.3,
      52.7,
      125.0,
      67.9
    ],
    [
      28.8,
      31.6,
      29.6,
      28.8,
      28.9,
      31.5,
      27.5,
      29.6,
      31.6,
      27.7,
      27.7,
      25.3,
      28.8,
      27.9,
      25.3,
      28.8,
      27.1,
      27.0,
      22.0,
      28.3,
      40.9,
      28.6,
      28.8,
      39.9,
      28.5,
      18.6,
      27.8,
      24.9,
      38.0,
      27.9,
      31.7,
      28.7,
      22.2,
      58.6,
      28.8,
      24.7,
      28.2,
      57.9,
      29.4,
      17.7,
      37.2,
      59.1,
      47.7,
      27.4,
      31.9,
      0.079,
      27.9,
      27.7,
      53.5,
      66.0,
      29.0,
      68.9,
      0.0,
      0.45,
      25.7,
      28.2,
      80.3,
      0.27
    ],
    [
      27.5,
      30.2,
      28.3,
      27.5,
      27.6,
      30.1,
      26.2,
      28.3,
      30.3,
      26.4,
      26.3,
      24.0,
      27.5,
      26.5,
      23.9,
      27.4,
      25.8,
      25.6,
      22.5,
      27.0,
      39.5,
      27.3,
      27.4,
      38.5,
      27.1,
      18.7,
      26.5,
      23.6,
      36.6,
      26.5,
      30.3,
      27.3,
      20.9,
      57.2,
      27.4,
      23.4,
      26.9,
      58.5,
      28.1,
      18.3,
      35.9,
      59.7,
      46.4,
      26.1,
      30.6,
      0.4,
      26.6,
      26.4,
      54.1,
      64.6,
      27.6,
      67.6,
      0.45,
      0.0,
      26.5,
      29.0,
      81.1,
      0.35
    ],
    [
      27.0,
      28.5,
      26.3,
      27.0,
      24.8,
      28.4,
      25.7,
      24.7,
      29.6,
      25.6,
      25.5,
      24.5,
      27.0,
      25.7,
      24.5,
      27.0,
      27.8,
      25.5,
      10.3,
      24.6,
      29.6,
      24.5,
      27.0,
      28.2,
      23.5,
      22.3,
      25.6,
      24.1,
      24.1,
      29.1,
      13.8,
      26.9,
      27.2,
      64.9,
      27.0,
      31.1,
      29.5,
      32.5,
      25.2,
      11.1,
      9.9,
      33.7,
      45.7,
      25.2,
      29.9,
      26.6,
      26.7,
      25.6,
      28.1,
      72.3,
      24.8,
      75.3,
      25.7,
      26.5,
      0.0,
      22.8,
      58.6,
      30.9
    ],
    [
      0.85,
      5.3,
      3.3,
      0.85,
      2.6,
      4.8,
      2.0,
      2.6,
      3.9,
      1.8,
      1.8,
      8.7,
      3.3,
      0.65,
      8.6,
      0.9,
      3.2,
      2.0,
      12.0,
      0.5,
      19.3,
      0.75,
      3.3,
      17.9,
      1.3,
      12.2,
      1.6,
      8.3,
      13.8,
      6.5,
      9.4,
      1.0,
      9.0,
      42.3,
      0.9,
      8.4,
      3.3,
      42.4,
      3.1,
      13.3,
      13.1,
      43.6,
      26.3,
      0.45,
      3.4,
      29.1,
      3.0,
      0.8,
      38.0,
      49.7,
      2.6,
      52.7,
      28.2,
      29.0,
      22.8,
      0.0,
      74.6,
      26.6
    ],
    [
      76.6,
      78.1,
      75.9,
      76.6,
      74.4,
      78.0,
      75.3,
      74.4,
      79.2,
      75.2,
      75.1,
      74.1,
      76.6,
      75.3,
      74.1,
      76.6,
      77.4,
      75.1,
      73.3,
      74.2,
      79.2,
      74.1,
      76.6,
      77.8,
      73.1,
      79.1,
      75.2,
      73.8,
      73.7,
      78.8,
      72.6,
      76.5,
      76.8,
      115.0,
      76.6,
      80.7,
      79.1,
      78.7,
      74.9,
      71.8,
      63.2,
      79.9,
      95.3,
      74.8,
      79.5,
      81.2,
      76.3,
      75.2,
      74.3,
      122.0,
      74.4,
      125.0,
      80.3,
      81.1,
      58.6,
      74.6,
      0.0,
      83.1
    ],
    [
      27.8,
      30.5,
      28.6,
      27.8,
      27.9,
      30.4,
      26.5,
      28.6,
      30.6,
      26.7,
      26.6,
      24.2,
      27.8,
      26.8,
      24.2,
      27.7,
      26.1,
      25.9,
      22.8,
      27.3,
      39.8,
      27.6,
      27.7,
      38.8,
      27.4,
      19.0,
      26.8,
      23.9,
      36.9,
      26.8,
      30.6,
      27.6,
      21.2,
      57.5,
      27.7,
      23.7,
      27.2,
      58.8,
      28.4,
      18.6,
      36.2,
      60.0,
      46.7,
      26.4,
      30.9,
      0.19,
      26.9,
      26.7,
      54.4,
      64.9,
      27.9,
      67.9,
      0.27,
      0.35,
      30.9,
      26.6,
      83.1,
      0.0
    ]
  ],
  "drive_time_matrix": [
    [
      0.0,
      6.0,
      7.0,
      3.0,
      6.0,
      6.0,
      11.0,
      8.0,
