{
  "drive_dist_matrix": [
    [
      0.0,
      0.7,
      2.6,
      1.6,
      0.6,
      2.9,
      42.9,
      1.8,
      0.35,
      1.1,
      1.9,
      2.0,
      8.4,
      1.7,
      0.55,
      0.0,
      3.7,
      1.1,
      2.2,
      0.9,
      2.0,
      1.2,
      4.6,
      2.9,
      1.7,
      2.7,
      4.5,
      2.2,
      2.1,
      1.6,
      5.4,
      1.6,
      1.2,
      2.5,
      1.5,
      38.4,
      9.1,
      37.0,
      42.2,
      43.8,
      1.9,
      39.1,
      0.45,
      20.5,
      29.2,
      1.2,
      43.8,
      19.0,
      39.6,
      20.9,
      2.5,
      41.6,
      36.3
    ],
    [
      0.7,
      0.0,
      2.0,
      2.0,
      0.45,
      2.4,
      46.1,
      1.8,
      0.6,
      0.95,
      2.2,
      1.4,
      7.3,
      1.7,
      0.35,
      0.7,
      4.0,
      0.8,
      1.9,
      1.1,
      2.0,
      0.6,
      4.0,
      2.4,
      1.6,
      2.1,
      3.5,
      1.8,
      2.0,
      1.5,
      5.5,
      1.0,
      1.6,
      1.9,
      1.8,
      41.5,
      7.3,
      40.1,
      45.4,
      46.9,
      2.2,
      42.3,
      0.7,
      19.9,
      32.3,
      1.6,
      43.4,
      18.4,
      42.7,
      20.3,
      1.9,
      44.8,
      39.5
    ],
    [
      2.6,
      2.0,
      0.0,
      3.4,
      3.1,
      2.8,
      41.4,
      2.8,
      2.3,
      2.3,
      3.7,
      1.9,
      6.1,
      2.8,
      3.1,
      2.6,
      2.1,
      2.0,
      3.2,
      2.6,
      3.1,
      1.7,
      4.1,
      2.8,
      2.7,
      2.8,
      2.3,
      3.0,
      3.1,
      2.6,
      3.9,
      1.6,
      2.9,
      3.0,
      2.6,
      36.8,
      6.1,
      35.4,
      40.7,
      42.3,
      3.7,
      37.6,
      2.3,
      21.0,
      27.7,
      2.9,
      42.3,
      19.5,
      42.1,
      21.4,
      3.0,
      40.1,
      34.8
    ],
    [
      1.6,
      2.0,
      3.4,
      0.0,
      2.2,
      4.5,
      43.7,
      2.8,
      1.4,
      2.8,
      0.27,
      3.5,
      9.2,
      3.8,
      2.2,
      1.7,
      4.4,
      2.6,
      2.3,
      1.7,
      2.8,
      2.5,
      6.9,
      4.5,
      2.9,
      4.2,
      5.3,
      2.5,
      2.8,
      2.9,
      6.2,
      3.2,
      2.0,
      4.0,
      2.0,
      39.1,
      9.8,
      37.7,
      43.0,
      44.6,
      0.5,
      39.9,
      1.4,
      21.0,
      30.0,
      2.0,
      44.6,
      19.5,
      40.4,
      21.4,
      4.0,
      42.4,
      37.1
    ],
    [
      0.6,
      0.45,
      3.1,
      2.2,
      0.0,
      3.0,
      43.4,
      1.8,
      0.5,
      1.1,
      2.3,
      2.0,
      7.9,
      1.8,
      0.28,
      0.6,
      4.1,
      1.0,
      2.7,
      1.2,
      2.1,
      1.0,
      4.6,
      3.0,
      1.7,
      2.7,
      4.1,
      2.2,
      2.1,
      1.6,
      5.9,
      1.6,
      1.5,
      2.5,
      1.9,
      38.8,
      7.9,
      37.4,
      42.7,
      40.3,
      2.3,
      39.6,
      0.85,
      20.5,
      29.6,
      1.5,
      44.3,
      19.0,
      40.1,
      20.9,
      2.5,
      42.1,
      36.8
    ],
    [
      2.9,
      2.4,
      2.8,
      4.5,
      3.0,
      0.0,
      44.7,
      1.8,
      3.4,
      2.7,
      4.8,
      1.8,
      5.9,
      1.8,
      4.1,
      3.7,
      4.5,
      2.0,
      2.6,
      2.9,
      2.1,
      2.0,
      2.0,
      0.008,
      1.7,
      0.19,
      2.2,
      2.2,
      2.1,
      1.6,
      6.1,
      1.9,
      2.6,
      2.0,
      4.1,
      40.1,
      5.6,
      38.7,
      44.0,
      45.6,
      4.8,
      40.9,
      3.4,
      19.8,
      31.0,
      2.6,
      45.6,
      18.2,
      45.4,
      20.2,
      1.7,
      43.4,
      38.1
    ],
    [
      42.9,
      46.1,
      41.4,
      43.7,
      43.4,
      44.7,
      0.0,
      15.7,
      14.3,
      15.5,
      15.7,
      15.0,
      12.5,
      16.0,
      15.0,
      14.6,
      11.7,
      15.2,
      16.0,
      15.4,
      15.9,
      14.9,
      19.2,
      16.5,
      15.9,
      17.2,
      14.9,
      16.2,
      16.5,
      15.8,
      10.1,
      14.8,
      15.6,
      16.2,
      14.48406,
      40.4,
      14.6,
      39.0,
      44.3,
      45.8,
      15.7,
      41.2,
      14.3,
      36.6,
      31.2,
      15.6,
      45.9,
      35.0,
      43.6,
      37.0,
      15.8,
      43.7,
      38.4
    ],
    [
      1.8,
      1.8,
      2.8,
      2.8,
      1.8,
      1.8,
      15.7,
      0.0,
      1.8,
      0.55,
      3.1,
      1.8,
      7.8,
      0.5,
      1.5,
      1.5,
      4.7,
      0.9,
      0.3,
      0.85,
      0.45,
      1.4,
      3.5,
      1.8,
      0.28,
      1.6,
      4.1,
      0.3,
      0.45,
      0.25,
      6.4,
      1.9,
      0.6,
      1.4,
      3.0,
      42.0,
      7.2,
      40.6,
      45.9,
      43.4,
      2.3,
      42.8,
      1.9,
      19.0,
      32.8,
      0.65,
      43.5,
      17.5,
      43.2,
      19.4,
      1.5,
      45.2,
      40.0
    ],
    [
      0.35,
      0.6,
      2.3,
      1.4,
      0.5,
      3.4,
      14.3,
      1.8,
      0.0,
      1.3,
      1.6,
      2.5,
      8.1,
      2.0,
      0.75,
      0.35,
      3.4,
      1.2,
      1.9,
      1.0,
      2.3,
      1.4,
      5.1,
      3.4,
      1.9,
      3.2,
      4.3,
      2.2,
      2.3,
      1.8,
      5.1,
      2.1,
      1.6,
      3.0,
      1.2,
      38.1,
      8.8,
      36.7,
      42.0,
      43.5,
      1.6,
      38.9,
      0.13,
      21.0,
      28.9,
      1.6,
      43.6,
      19.5,
      43.3,
      21.4,
      3.0,
      41.3,
      36.1
    ],
    [
      1.1,
      0.95,
      2.3,
      2.8,
      1.1,
      2.7,
      15.5,
      0.55,
      1.3,
      0.0,
      3.0,
      1.7,
      7.6,
      0.8,
      0.85,
      1.1,
      4.2,
      0.45,
      0.7,
      0.65,
      1.9,
      0.8,
      4.3,
      2.6,
      2.0,
      2.4,
      3.7,
      0.55,
      0.9,
      0.65,
      5.8,
      0.85,
      0.7,
      2.2,
      2.8,
      41.8,
      7.6,
      40.4,
      45.6,
      47.2,
      2.6,
      42.5,
      1.8,
      20.4,
      32.6,
      0.7,
      47.2,
      18.8,
      43.0,
      20.8,
      2.2,
      45.0,
      39.7
    ],
    [
      1.9,
      2.2,
      3.7,
      0.27,
      2.3,
      4.8,
      15.7,
      3.1,
      1.6,
      3.0,
      0.0,
      3.8,
      9.4,
      4.1,
      2.4,
      2.0,
      4.7,
      2.7,
      2.6,
      2.0,
      3.1,
      2.8,
      7.2,
      4.7,
      3.2,
      4.5,
      5.6,
      2.8,
      3.1,
      3.1,
      6.4,
      3.4,
      2.3,
      4.2,
      2.2,
      39.4,
      10.1,
      38.0,
      43.2,
      41.2,
      0.75,
      40.2,
      1.7,
      21.3,
      30.2,
      2.3,
      41.2,
      19.8,
      44.6,
      21.7,
      4.3,
      42.6,
      37.4
    ],
    [
      2.0,
      1.4,
      1.9,
      3.5,
      2.0,
      1.8,
      15.0,
      1.8,
      2.5,
      1.7,
      3.8,
      0.0,
      6.3,
      2.0,
      2.9,
      2.5,
      3.6,
      1.0,
      2.3,
      1.7,
      2.4,
      0.8,
      3.7,
      2.1,
      1.9,
      1.8,
      2.5,
      2.2,
      2.5,
      1.8,
      4.6,
      0.35,
      2.0,
      2.1,
      2.9,
      40.5,
      6.3,
      39.1,
      44.4,
      45.9,
      3.1,
      41.3,
      2.2,
      20.2,
      31.3,
      2.0,
      46.0,
      18.6,
      41.8,
      20.6,
      2.1,
      43.8,
      38.5
    ],
    [
      8.4,
      7.3,
      6.1,
      9.2,
      7.9,
      5.9,
      12.5,
      7.8,
      8.1,
      7.6,
      9.4,
      6.3,
      0.0,
      7.9,
      8.6,
      8.1,
      5.5,
      7.0,
      8.2,
      7.6,
      8.3,
      6.7,
      8.5,
      5.7,
      7.4,
      6.4,
      4.2,
      8.1,
      8.3,
      7.6,
      3.6,
      6.7,
      7.9,
      7.9,
      8.5,
      36.7,
      3.9,
      35.3,
      40.5,
      42.1,
      9.2,
      37.4,
      7.8,
      26.3,
      27.5,
      7.9,
      42.1,
      27.1,
      41.9,
      26.6,
      7.9,
      39.9,
      34.6
    ],
    [
      1.7,
      1.7,
      2.8,
      3.8,
      1.8,
      1.8,
      16.0,
      0.5,
      2.0,
      0.8,
      4.1,
      2.0,
      7.9,
      0.0,
      2.2,
      2.1,
      4.9,
      0.9,
      0.8,
      1.8,
      0.45,
      1.5,
      3.5,
      1.9,
      0.35,
      1.6,
      4.1,
      0.85,
      0.45,
      0.45,
      6.5,
      2.0,
      1.5,
      0.6,
      3.6,
      42.0,
      8.3,
      40.6,
      45.9,
      43.8,
      3.8,
      42.8,
      2.9,
      18.9,
      32.9,
      1.5,
      43.9,
      17.4,
      43.3,
      19.3,
      0.7,
      45.3,
      40.0
    ],
    [
      0.55,
      0.35,
      3.1,
      2.2,
      0.28,
      4.1,
      15.0,
      1.5,
      0.75,
      0.85,
      2.4,
      2.9,
      8.6,
      2.2,
      0.0,
      0.55,
      4.1,
      0.75,
      2.7,
      1.0,
      2.1,
      0.9,
      4.6,
      3.0,
      1.7,
      2.7,
      4.1,
      2.2,
      2.1,
      1.6,
      5.9,
      1.6,
      2.3,
      2.5,
      1.9,
      38.8,
      7.9,
      37.4,
      42.7,
      44.3,
      2.3,
      39.6,
      0.55,
      20.5,
      29.6,
      2.3,
      44.3,
      19.0,
      40.1,
      20.9,
      2.5,
      42.1,
      36.8
    ],
    [
      0.0,
      0.7,
      2.6,
      1.7,
      0.6,
      3.7,
      14.6,
      1.5,
      0.35,
      1.1,
      2.0,
      2.5,
      8.1,
      2.1,
      0.55,
      0.0,
      3.7,
      1.1,
      2.2,
      0.9,
      2.0,
      1.2,
      4.6,
      2.9,
      1.7,
      2.7,
      4.5,
      2.2,
      2.1,
      1.6,
      5.4,
      1.6,
      1.2,
      2.5,
      1.5,
      38.4,
      9.1,
      37.0,
      42.2,
      43.8,
      1.9,
      39.1,
      0.45,
      20.5,
      29.2,
      1.2,
      43.8,
      19.0,
      43.6,
      20.9,
      2.5,
      41.6,
      36.3
    ],
    [
      3.7,
      4.0,
      2.1,
      4.4,
      4.1,
      4.5,
      11.7,
      4.7,
      3.4,
      4.2,
      4.7,
      3.6,
      5.5,
      4.9,
      4.1,
      3.7,
      0.0,
      3.8,
      5.0,
      4.4,
      4.9,
      3.3,
      9.6,
      4.5,
      4.6,
      4.4,
      2.9,
      4.9,
      4.9,
      4.5,
      1.8,
      3.3,
      4.7,
      4.8,
      3.5,
      35.5,
      5.1,
      34.1,
      39.4,
      37.3,
      4.7,
      36.3,
      3.3,
      27.4,
      26.4,
      4.7,
      41.0,
      26.4,
      40.8,
      27.8,
      4.8,
      38.8,
      33.5
    ],
    [
      1.1,
      0.8,
      2.0,
      2.6,
      1.0,
      2.0,
      15.2,
      0.9,
      1.2,
      0.45,
      2.7,
      1.0,
      7.0,
      0.9,
      0.75,
      1.1,
      3.8,
      0.0,
      1.5,
      0.95,
      1.1,
      0.4,
      3.6,
      1.9,
      0.75,
      1.7,
      3.4,
      1.0,
      1.1,
      0.75,
      5.5,
      0.65,
      1.0,
      1.4,
      2.5,
      41.4,
      7.2,
      40.0,
      45.3,
      43.2,
      2.2,
      42.2,
      1.5,
      20.1,
      32.3,
      1.2,
      43.3,
      18.5,
      42.7,
      20.4,
      1.4,
      44.7,
      39.4
    ],
    [
      2.2,
      1.9,
      3.2,
      2.3,
      2.7,
      2.6,
      16.0,
      0.3,
      1.9,
      0.7,
      2.6,
      2.3,
      8.2,
      0.8,
      2.7,
      2.2,
      5.0,
      1.5,
      0.0,
      3.4,
      0.5,
      3.6,
      5.1,
      4.1,
      0.55,
      3.8,
      6.0,
      0.21,
      0.5,
      0.5,
      17.2,
      4.1,
      0.35,
      2.2,
      4.5,
      44.0,
      12.5,
      49.8,
      55.0,
      45.8,
      3.2,
      52.0,
      3.9,
      19.3,
      42.0,
      0.4,
      45.8,
      17.7,
      56.4,
      19.7,
      2.2,
      54.4,
      49.2
    ],
    [
      0.9,
      1.1,
      2.6,
      1.7,
      1.2,
      2.9,
      15.4,
      0.85,
      1.0,
      0.65,
      2.0,
      1.7,
      7.6,
      1.8,
      1.0,
      0.9,
      4.4,
      0.95,
      3.4,
      0.0,
      1.1,
      1.3,
      5.6,
      2.8,
      1.2,
      2.5,
      4.3,
      0.6,
      1.1,
      1.1,
      6.3,
      1.8,
      0.25,
      2.0,
      2.5,
      39.4,
      13.1,
      38.0,
      43.2,
      42.8,
      1.5,
      40.1,
      1.4,
      19.8,
      30.2,
      0.28,
      44.8,
      18.3,
      44.6,
      20.2,
      2.0,
      42.6,
      37.3
    ],
    [
      2.0,
      2.0,
      3.1,
      2.8,
      2.1,
      2.1,
      15.9,
      0.45,
      2.3,
      1.9,
      3.1,
      2.4,
      8.3,
      0.45,
      2.1,
      2.0,
      4.9,
      1.1,
      0.5,
      1.1,
      0.0,
      1.6,
      4.4,
      2.1,
      0.35,
      1.8,
      4.3,
      0.5,
      0.031,
      0.5,
      6.6,
      2.2,
      0.85,
      0.85,
      3.0,
      42.2,
      8.0,
      38.4,
      43.7,
      44.0,
      2.3,
      43.0,
      1.9,
      18.6,
      33.4,
      0.9,
      44.1,
      17.1,
      43.5,
      19.0,
      0.95,
      43.1,
      37.8
    ],
    [
      1.2,
      0.6,
      1.7,
      2.5,
      1.0,
      2.0,
      14.9,
      1.4,
      1.4,
      0.8,
      2.8,
      0.8,
      6.7,
      1.5,
      0.9,
      1.2,
      3.3,
      0.4,
      3.6,
      1.3,
      1.6,
      0.0,
      4.4,
      2.8,
      2.0,
      2.5,
      3.5,
      2.3,
      2.4,
      1.9,
      5.1,
      0.7,
      2.7,
      2.3,
      2.0,
      38.1,
      7.3,
      36.7,
      41.9,
      43.5,
      2.7,
      38.8,
      1.3,
      20.3,
      28.9,
      2.7,
      43.5,
      18.8,
      43.3,
      20.7,
      2.3,
      41.3,
      36.0
    ],
    [
      4.6,
      4.0,
      4.1,
      6.9,
      4.6,
      2.0,
      19.2,
      3.5,
      5.1,
      4.3,
      7.2,
      3.7,
      8.5,
      3.5,
      4.6,
      4.6,
      9.6,
      3.6,
      5.1,
      5.6,
      4.4,
      4.4,
      0.0,
      2.0,
      3.4,
      2.4,
      3.9,
      4.9,
      3.7,
      3.3,
      8.9,
      3.5,
      5.5,
      3.0,
      5.7,
      43.0,
      4.3,
      41.6,
      46.8,
      46.4,
      6.5,
      43.7,
      5.0,
      21.7,
      33.8,
      5.5,
      48.4,
      20.6,
      48.2,
      22.0,
      2.9,
      46.2,
      40.9
    ],
    [
      2.9,
      2.4,
      2.8,
      4.5,
      3.0,
      0.008,
      16.5,
      1.8,
      3.4,
      2.6,
      4.7,
      2.1,
      5.7,
      1.9,
      3.0,
      2.9,
      4.5,
      1.9,
      4.1,
      2.8,
      2.1,
      2.8,
      2.0,
      0.0,
      1.7,
      0.2,
      2.2,
      2.2,
      2.1,
      1.6,
      6.1,
      1.9,
      2.5,
      2.0,
      4.1,
      40.1,
      5.6,
      38.7,
      44.0,
      45.6,
      4.7,
      40.9,
      3.4,
      19.9,
      31.0,
      2.5,
      45.6,
      18.4,
      45.4,
      20.3,
      1.7,
      43.4,
      38.1
    ],
    [
      1.7,
      1.6,
      2.7,
      2.9,
      1.7,
      1.7,
      15.9,
      0.28,
      1.9,
      2.0,
      3.2,
      1.9,
      7.4,
      0.35,
      1.7,
      1.7,
      4.6,
      0.75,
      0.55,
      1.2,
      0.35,
      2.0,
      3.4,
      1.7,
      0.0,
      1.6,
      4.1,
      0.6,
      0.4,
      0.11,
      6.4,
      2.0,
      1.0,
      0.85,
      3.1,
      42.0,
      7.2,
      41.0,
      46.2,
      47.8,
      2.4,
      43.1,
      2.0,
      19.0,
      33.2,
      0.9,
      47.8,
      17.4,
      47.6,
      19.3,
      0.9,
      45.6,
      40.3
    ],
    [
      2.7,
      2.1,
      2.8,
      4.2,
      2.7,
      0.19,
      17.2,
      1.6,
      3.2,
      2.4,
      4.5,
      1.8,
      6.4,
      1.6,
      2.7,
      2.7,
      4.4,
      1.7,
      3.8,
      2.5,
      1.8,
      2.5,
      2.4,
      0.2,
      1.6,
      0.0,
      2.7,
      3.2,
      3.1,
      2.6,
      6.7,
      2.3,
      3.5,
      2.4,
      5.6,
      40.7,
      5.8,
      39.3,
      44.5,
      46.1,
      5.7,
      41.4,
      4.4,
      19.8,
      31.5,
      3.5,
      42.5,
      18.2,
      45.9,
      20.2,
      2.2,
      43.9,
      38.6
    ],
    [
      4.5,
      3.5,
      2.3,
      5.3,
      4.1,
      2.2,
      14.9,
      4.1,
      4.3,
      3.7,
      5.6,
      2.5,
      4.2,
      4.1,
      4.1,
      4.5,
      2.9,
      3.4,
      6.0,
      4.3,
      4.3,
      3.5,
      3.9,
      2.2,
      4.1,
      2.7,
      0.0,
      4.8,
      5.1,
      4.4,
      4.7,
      3.4,
      4.6,
      4.8,
      4.8,
      38.7,
      4.1,
      37.3,
      42.5,
      44.1,
      6.0,
      39.5,
      4.6,
      26.5,
      29.5,
      4.6,
      44.2,
      25.5,
      43.9,
      26.9,
      4.8,
      41.9,
      36.6
    ],
    [
      2.2,
      1.8,
      3.0,
      2.5,
      2.2,
      2.2,
      16.2,
      0.3,
      2.2,
      0.55,
      2.8,
      2.2,
      8.1,
      0.85,
      2.2,
      2.2,
      4.9,
      1.0,
      0.21,
      0.6,
      0.5,
      2.3,
      4.9,
      2.2,
      0.6,
      3.2,
      4.8,
      0.0,
      0.5,
      0.55,
      6.3,
      1.8,
      0.35,
      1.4,
      2.5,
      39.4,
      8.1,
      38.0,
      43.2,
      41.1,
      1.8,
      40.1,
      1.4,
      19.2,
      30.2,
      0.4,
      41.2,
      17.7,
      42.5,
      19.6,
      1.5,
      42.6,
      37.3
    ],
    [
      2.1,
      2.0,
      3.1,
      2.8,
      2.1,
      2.1,
      16.5,
      0.45,
      2.3,
      0.9,
      3.1,
      2.5,
      8.3,
      0.45,
      2.1,
      2.1,
      4.9,
      1.1,
      0.5,
      1.1,
      0.031,
      2.4,
      3.7,
      2.1,
      0.4,
      3.1,
      5.1,
      0.5,
      0.0,
      0.5,
      6.6,
      2.2,
      0.85,
      0.85,
      3.0,
      42.3,
      7.9,
      38.5,
      43.7,
      44.0,
      2.3,
      43.0,
      1.9,
      18.6,
      30.7,
      0.9,
      44.1,
      17.0,
      43.5,
      19.0,
      0.9,
      43.1,
      37.8
    ],
    [
      1.6,
      1.5,
      2.6,
      2.9,
      1.6,
      1.6,
      15.8,
      0.25,
      1.8,
      0.65,
      3.1,
      1.8,
      7.6,
      0.45,
      1.6,
      1.6,
      4.5,
      0.75,
      0.5,
      1.1,
      0.5,
      1.9,
      3.3,
      1.6,
      0.11,
      2.6,
      4.4,
      0.55,
      0.5,
      0.0,
      6.1,
      1.7,
      0.85,
      1.0,
      3.0,
      41.8,
      6.9,
      40.7,
      45.9,
      47.5,
      2.4,
      42.9,
      2.0,
      19.1,
      32.9,
      0.85,
      47.6,
      17.5,
      43.0,
      19.4,
      1.0,
      45.3,
      40.1
    ],
    [
      5.4,
      5.5,
      3.9,
      6.2,
      5.9,
      6.1,
      10.1,
      6.4,
      5.1,
      5.8,
      6.4,
      4.6,
      3.6,
      6.5,
      5.9,
      5.4,
      1.8,
      5.5,
      17.2,
      6.3,
      6.6,
      5.1,
      8.9,
      6.1,
      6.4,
      6.7,
      4.7,
      6.3,
      6.6,
      6.1,
      0.0,
      4.9,
      6.2,
      6.3,
      4.9,
      34.3,
      3.9,
      32.9,
      38.2,
      39.7,
      6.1,
      35.1,
      4.7,
      26.3,
      25.1,
      6.2,
      39.8,
      25.3,
      39.5,
      26.6,
      6.3,
      37.5,
      32.3
    ],
    [
      1.6,
      1.0,
      1.6,
      3.2,
      1.6,
      1.9,
      14.8,
      1.9,
      2.1,
      0.85,
      3.4,
      0.35,
      6.7,
      2.0,
      1.6,
      1.6,
      3.3,
      0.65,
      4.1,
      1.8,
      2.2,
      0.7,
      3.5,
      1.9,
      2.0,
      2.3,
      3.4,
      1.8,
      2.2,
      1.7,
      4.9,
      0.0,
      2.0,
      1.8,
      2.8,
      41.1,
      6.9,
      39.7,
      44.9,
      46.5,
      3.1,
      41.8,
      2.1,
      19.6,
      31.9,
      2.0,
      46.5,
      18.0,
      46.3,
      20.0,
      1.7,
      44.3,
      39.0
    ],
    [
      1.2,
      1.6,
      2.9,
      2.0,
      1.5,
      2.6,
      15.6,
      0.6,
      1.6,
      0.7,
      2.3,
      2.0,
      7.9,
      1.5,
      2.3,
      1.2,
      4.7,
      1.0,
      0.35,
      0.25,
      0.85,
      2.7,
      5.5,
      2.5,
      1.0,
      3.5,
      4.6,
      0.35,
      0.85,
      0.85,
      6.2,
      2.0,
      0.0,
      1.8,
      2.2,
      39.4,
      12.8,
      38.0,
      43.2,
      44.8,
      1.4,
      40.2,
      1.4,
      19.5,
      30.2,
      0.19,
      44.9,
      18.0,
      44.6,
      19.9,
      1.8,
      42.6,
      37.3
    ],
    [
      2.5,
      1.9,
      3.0,
      4.0,
      2.5,
      2.0,
      16.2,
      1.4,
      3.0,
      2.2,
      4.2,
      2.1,
      7.9,
      0.6,
      2.5,
      2.5,
      4.8,
      1.4,
      2.2,
      2.0,
      0.85,
      2.3,
      3.0,
      2.0,
      0.85,
      2.4,
      4.8,
      1.4,
      0.85,
      1.0,
      6.3,
      1.8,
      1.8,
      0.0,
      4.3,
      42.3,
      7.4,
      44.7,
      49.9,
      44.1,
      3.5,
      46.8,
      3.3,
      18.0,
      36.9,
      2.5,
      44.1,
      16.5,
      43.5,
      18.4,
      0.069,
      49.3,
      44.0
    ],
    [
      1.5,
      1.8,
      2.6,
      2.0,
      1.9,
      4.1,
      14.48406,
      3.0,
      1.2,
      2.8,
      2.2,
      2.9,
      8.5,
      3.6,
      1.9,
      1.5,
      3.5,
      2.5,
      4.5,
      2.5,
      3.0,
      2.0,
      5.7,
      4.1,
      3.1,
      5.6,
      4.8,
      2.5,
      3.0,
      3.0,
      4.9,
      2.8,
      2.2,
      4.3,
      0.0,
      38.6,
      8.9,
      36.8,
      42.0,
      43.6,
      2.3,
      38.9,
      1.3,
      21.8,
      29.0,
      2.3,
      43.6,
      20.3,
      39.8,
      22.2,
      3.6,
      41.4,
      36.1
    ],
    [
      38.4,
      41.5,
      36.8,
      39.1,
      38.8,
      40.1,
      40.4,
      42.0,
      38.1,
      41.8,
      39.4,
      40.5,
      36.7,
      42.0,
      38.8,
      38.4,
      35.5,
      41.4,
      44.0,
      39.4,
      42.2,
      38.1,
      43.0,
      40.1,
      42.0,
      40.7,
      38.7,
      39.4,
      42.3,
      41.8,
      34.3,
      41.1,
      39.4,
      42.3,
      38.6,
      0.0,
      39.4,
      2.3,
      2.3,
      2.7,
      40.4,
      4.5,
      43.2,
      65.5,
      8.8,
      44.6,
      2.8,
      64.0,
      0.75,
      65.9,
      41.0,
      4.2,
      0.9
    ],
    [
      9.1,
      7.3,
      6.1,
      9.8,
      7.9,
      5.6,
      14.6,
      7.2,
      8.8,
      7.6,
      10.1,
      6.3,
      3.9,
      8.3,
      7.9,
      9.1,
      5.1,
      7.2,
      12.5,
      13.1,
      8.0,
      7.3,
      4.3,
      5.6,
      7.2,
      5.8,
      4.1,
      8.1,
      7.9,
      6.9,
      3.9,
      6.9,
      12.8,
      7.4,
      8.9,
      39.4,
      0.0,
      37.3,
      42.5,
      44.1,
      9.9,
      39.4,
      8.6,
      22.4,
      29.5,
      13.0,
      44.1,
      21.4,
      43.9,
      22.8,
      6.8,
      41.9,
      36.6
    ],
    [
      37.0,
      40.1,
      35.4,
      37.7,
      37.4,
      38.7,
      39.0,
      40.6,
      36.7,
      40.4,
      38.0,
      39.1,
      35.3,
      40.6,
      37.4,
      37.0,
      34.1,
      40.0,
      49.8,
      38.0,
      38.4,
      36.7,
      41.6,
      38.7,
      41.0,
      39.3,
      37.3,
      38.0,
      38.5,
      40.7,
      32.9,
      39.7,
      38.0,
      44.7,
      36.8,
      2.3,
      37.3,
      0.0,
      3.6,
      2.0,
      45.9,
      2.4,
      44.5,
      66.8,
      9.2,
      45.9,
      2.1,
      65.2,
      3.4,
      67.2,
      46.1,
      6.6,
      0.95
    ],
    [
      42.2,
      45.4,
      40.7,
      43.0,
      42.7,
      44.0,
      44.3,
      45.9,
      42.0,
      45.6,
      43.2,
      44.4,
      40.5,
      45.9,
      42.7,
      42.2,
      39.4,
      45.3,
      55.0,
      43.2,
      43.7,
      41.9,
      46.8,
      44.0,
      46.2,
      44.5,
      42.5,
      43.2,
      43.7,
      45.9,
      38.2,
      44.9,
      43.2,
      49.9,
      42.0,
      2.3,
      42.5,
      3.6,
      0.0,
      2.4,
      39.9,
      4.7,
      38.5,
      60.9,
      8.6,
      39.9,
      2.4,
      59.3,
      2.2,
      61.3,
      40.1,
      4.0,
      1.9
    ],
    [
      43.8,
      46.9,
      42.3,
      44.6,
      40.3,
      45.6,
      45.8,
      43.4,
      43.5,
      47.2,
      41.2,
      45.9,
      42.1,
      43.8,
      44.3,
      43.8,
      37.3,
      43.2,
      45.8,
      42.8,
      44.0,
      43.5,
      46.4,
      45.6,
      47.8,
      46.1,
      44.1,
      41.1,
      44.0,
      47.5,
      39.7,
      46.5,
      44.8,
      44.1,
      43.6,
      2.7,
      44.1,
      2.0,
      2.4,
      0.0,
      41.0,
      2.4,
      39.6,
      61.9,
      9.6,
      40.9,
      0.22,
      60.3,
      0.7,
      62.3,
      41.5,
      4.6,
      1.6
    ],
    [
      1.9,
      2.2,
      3.7,
      0.5,
      2.3,
      4.8,
      15.7,
      2.3,
      1.6,
      2.6,
      0.75,
      3.1,
      9.2,
      3.8,
      2.3,
      1.9,
      4.7,
      2.2,
      3.2,
      1.5,
      2.3,
      2.7,
      6.5,
      4.7,
      2.4,
      5.7,
      6.0,
      1.8,
      2.3,
      2.4,
      6.1,
      3.1,
      1.4,
      3.5,
      2.3,
      40.4,
      9.9,
      45.9,
      39.9,
      41.0,
      0.0,
      40.0,
      1.5,
      20.7,
      30.1,
      1.6,
      44.7,
      19.1,
      44.5,
      21.1,
      3.6,
      42.5,
      37.2
    ],
    [
      39.1,
      42.3,
      37.6,
      39.9,
      39.6,
      40.9,
      41.2,
      42.8,
      38.9,
      42.5,
      40.2,
      41.3,
      37.4,
      42.8,
      39.6,
      39.1,
      36.3,
      42.2,
      52.0,
      40.1,
      43.0,
      38.8,
      43.7,
      40.9,
      43.1,
      41.4,
      39.5,
      40.1,
      43.0,
      42.9,
      35.1,
      41.8,
      40.2,
      46.8,
      38.9,
      4.5,
      39.4,
      2.4,
      4.7,
      2.4,
      40.0,
      0.0,
      46.2,
      68.5,
      10.9,
      42.5,
      2.5,
      66.9,
      3.8,
      68.9,
      43.1,
      6.8,
      2.9
    ],
    [
      0.45,
      0.7,
      2.3,
      1.4,
      0.85,
      3.4,
      14.3,
      1.9,
      0.13,
      1.8,
      1.7,
      2.2,
      7.8,
      2.9,
      0.55,
      0.45,
      3.3,
      1.5,
      3.9,
      1.4,
      1.9,
      1.3,
      5.0,
      3.4,
      2.0,
      4.4,
      4.6,
      1.4,
      1.9,
      2.0,
      4.7,
      2.1,
      1.4,
      3.3,
      1.3,
      43.2,
      8.6,
      44.5,
      38.5,
      39.6,
      1.5,
      46.2,
      0.0,
      21.0,
      28.9,
      1.6,
      43.5,
      19.4,
      43.3,
      21.3,
      2.9,
      41.3,
      36.0
    ],
    [
      20.5,
      19.9,
      21.0,
      21.0,
      20.5,
      19.8,
      36.6,
      19.0,
      21.0,
      20.4,
      21.3,
      20.2,
      26.3,
      18.9,
      20.5,
      20.5,
      27.4,
      20.1,
      19.3,
      19.8,
      18.6,
      20.3,
      21.7,
      19.9,
      19.0,
      19.8,
      26.5,
      19.2,
      18.6,
      19.1,
      26.3,
      19.6,
      19.5,
      18.0,
      21.8,
      65.5,
      22.4,
      66.8,
      60.9,
      61.9,
      20.7,
      68.5,
      21.0,
      0.0,
      52.0,
      19.4,
      66.7,
      8.8,
      66.4,
      0.8,
      18.0,
      64.5,
      59.2
    ],
    [
      29.2,
      32.3,
      27.7,
      30.0,
      29.6,
      31.0,
      31.2,
      32.8,
      28.9,
      32.6,
      30.2,
      31.3,
      27.5,
      32.9,
      29.6,
      29.2,
      26.4,
      32.3,
      42.0,
      30.2,
      33.4,
      28.9,
      33.8,
      31.0,
      33.2,
      31.5,
      29.5,
      30.2,
      30.7,
      32.9,
      25.1,
      31.9,
      30.2,
      36.9,
      29.0,
      8.8,
      29.5,
      9.2,
      8.6,
      9.6,
      30.1,
      10.9,
      28.9,
      52.0,
      0.0,
      31.4,
      10.3,
      50.8,
      10.0,
      52.8,
      32.0,
      15.0,
      8.2
    ],
    [
      1.2,
      1.6,
      2.9,
      2.0,
      1.5,
      2.6,
      15.6,
      0.65,
      1.6,
      0.7,
      2.3,
      2.0,
      7.9,
      1.5,
      2.3,
      1.2,
      4.7,
      1.2,
      0.4,
      0.28,
      0.9,
      2.7,
      5.5,
      2.5,
      0.9,
      3.5,
      4.6,
      0.4,
      0.9,
      0.85,
      6.2,
      2.0,
      0.19,
      2.5,
      2.3,
      44.6,
      13.0,
      45.9,
      39.9,
      40.9,
      1.6,
      42.5,
      1.6,
      19.4,
      31.4,
      0.0,
      44.9,
      18.0,
      44.6,
      19.9,
      1.8,
      42.6,
      37.4
    ],
    [
      43.8,
      43.4,
      42.3,
      44.6,
      44.3,
      45.6,
      45.9,
      43.5,
      43.6,
      47.2,
      41.2,
      46.0,
      42.1,
      43.9,
      44.3,
      43.8,
      41.0,
      43.3,
      45.8,
      44.8,
      44.1,
      43.5,
      48.4,
      45.6,
      47.8,
      42.5,
      44.2,
      41.2,
      44.1,
      47.6,
      39.8,
      46.5,
      44.9,
      44.1,
      43.6,
      2.8,
      44.1,
      2.1,
      2.4,
      0.22,
      44.7,
      2.5,
      43.5,
      66.7,
      10.3,
      44.9,
      0.0,
      60.4,
      0.6,
      62.4,
      41.5,
      4.6,
      0.8
    ],
    [
      19.0,
      18.4,
      19.5,
      19.5,
      19.0,
      18.2,
      35.0,
      17.5,
      19.5,
      18.8,
      19.8,
      18.6,
      27.1,
      17.4,
      19.0,
      19.0,
      26.4,
      18.5,
      17.7,
      18.3,
      17.1,
      18.8,
      20.6,
      18.4,
      17.4,
      18.2,
      25.5,
      17.7,
      17.0,
      17.5,
      25.3,
      18.0,
      18.0,
      16.5,
      20.3,
      64.0,
      21.4,
      65.2,
      59.3,
      60.3,
      19.1,
      66.9,
      19.4,
      8.8,
      50.8,
      18.0,
      60.4,
      0.0,
      65.1,
      7.4,
      17.5,
      63.2,
      57.9
    ],
    [
      39.6,
      42.7,
      42.1,
      40.4,
      40.1,
      45.4,
      43.6,
      43.2,
      43.3,
      43.0,
      44.6,
      41.8,
      41.9,
      43.3,
      40.1,
      43.6,
      40.8,
      42.7,
      56.4,
      44.6,
      43.5,
      43.3,
      48.2,
      45.4,
      47.6,
      45.9,
      43.9,
      42.5,
      43.5,
      43.0,
      39.5,
      46.3,
      44.6,
      43.5,
      39.8,
      0.75,
      43.9,
      3.4,
      2.2,
      0.7,
      44.5,
      3.8,
      43.3,
      66.4,
      10.0,
      44.6,
      0.6,
      65.1,
      0.0,
      67.3,
      46.5,
      4.9,
      0.9
    ],
    [
      20.9,
      20.3,
      21.4,
      21.4,
      20.9,
      20.2,
      37.0,
      19.4,
      21.4,
      20.8,
      21.7,
      20.6,
      26.6,
      19.3,
      20.9,
      20.9,
      27.8,
      20.4,
      19.7,
      20.2,
      19.0,
      20.7,
      22.0,
      20.3,
      19.3,
      20.2,
      26.9,
      19.6,
      19.0,
      19.4,
      26.6,
      20.0,
      19.9,
      18.4,
      22.2,
      65.9,
      22.8,
      67.2,
      61.3,
      62.3,
      21.1,
      68.9,
      21.3,
      0.8,
      52.8,
      19.9,
      62.4,
      7.4,
      67.3,
      0.0,
      18.5,
      64.9,
      59.6
    ],
    [
      2.5,
      1.9,
      3.0,
      4.0,
      2.5,
      1.7,
      15.8,
      1.5,
      3.0,
      2.2,
      4.3,
      2.1,
      7.9,
      0.7,
      2.5,
      2.5,
      4.8,
      1.4,
      2.2,
      2.0,
      0.95,
      2.3,
      2.9,
      1.7,
      0.9,
      2.2,
      4.8,
      1.5,
      0.9,
      1.0,
      6.3,
      1.7,
      1.8,
      0.069,
      3.6,
      41.0,
      6.8,
      46.1,
      40.1,
      41.5,
      3.6,
      43.1,
      2.9,
      18.0,
      32.0,
      1.8,
      41.5,
      17.5,
      46.5,
      18.5,
      0.0,
      45.0,
      39.7
    ],
    [
      41.6,
      44.8,
      40.1,
      42.4,
      42.1,
      43.4,
      43.7,
      45.2,
      41.3,
      45.0,
      42.6,
      43.8,
      39.9,
      45.3,
      42.1,
      41.6,
      38.8,
      44.7,
      54.4,
      42.6,
      43.1,
      41.3,
      46.2,
      43.4,
      45.6,
      43.9,
      41.9,
      42.6,
      43.1,
      45.3,
      37.5,
      44.3,
      42.6,
      49.3,
      41.4,
      4.2,
      41.9,
      6.6,
      4.0,
      4.6,
      42.5,
      6.8,
      41.3,
      64.5,
      15.0,
      42.6,
      4.6,
      63.2,
      4.9,
      64.9,
      45.0,
      0.0,
      6.0
    ],
    [
      36.3,
      39.5,
      34.8,
      37.1,
      36.8,
      38.1,
      38.4,
      40.0,
      36.1,
      39.7,
      37.4,
      38.5,
      34.6,
      40.0,
      36.8,
      36.3,
      33.5,
      39.4,
      49.2,
      37.3,
      37.8,
      36.0,
      40.9,
      38.1,
      40.3,
      38.6,
      36.6,
      37.3,
      37.8,
      40.1,
      32.3,
      39.0,
      37.3,
      44.0,
      36.1,
      0.9,
      36.6,
      0.95,
      1.9,
      1.6,
      37.2,
      2.9,
      36.0,
      59.2,
      8.2,
      37.4,
      0.8,
      57.9,
      0.9,
      59.6,
      39.7,
      6.0,
      0.0
    ]
  ],
  "drive_time_matrix": [
    [
      0.0,
      8.0,
      6.0,
      4.0,
      7.0,
      8.0,
      39.0,
      6.0,
      4.0,
      13.0,
      5.0,
      6.0,
      13.0,
      6.0,
      7.0,
      1.0,
      8.0,
      13.0,
      6.0,
      11.0,
      6.0,
      15.0,
      12.0,
      8.0,
      5.0,
      7.0,
      10.0,
      6.0,
      6.0,
      5.0,
      9.0,
      5.0,
      13.0,
      6.0,
      3.0,
      43.0,
      12.0,
      42.0,
      42.0,
      46.0,
      5.0,
      46.0,
      6.0,
      22.0,
      29.0,
      14.0,
      46.0,
      22.0,
      46.0,
      24.0,
      6.0,
      41.0,
      40.0
    ],
    [
      8.0,
      0.0,
      5.0,
      5.0,
      6.0,
      6.0,
      42.0,
      5.0,
      7.0,
      12.0,
      7.0,
      5.0,
      13.0,
      5.0,
      4.0,
      8.0,
      9.0,
      9.0,
      6.0,
      13.0,
      5.0,
      7.0,
      11.0,
      6.0,
      5.0,
      6.0,
      8.0,
      5.0,
      5.0,
      4.0,
      10.0,
      4.0,
      4.0,
      4.0,
      5.0,
      45.0,
      11.0,
      44.0,
      44.0,
      48.0,
      6.0,
      47.0,
      9.0,
      20.0,
      31.0,
      4.0,
      47.0,
      20.0,
      48.0,
      24.0,
      5.0,
      43.0,
      42.0
    ],
    [
      6.0,
      5.0,
      0.0,
      7.0,
      7.0,
      7.0,
      36.0,
      8.0,
      5.0,
      7.0,
      9.0,
      6.0,
      9.0,
      8.0,
      7.0,
      5.0,
      5.0,
      6.0,
      10.0,
      7.0,
      8.0,
      5.0,
      10.0,
      7.0,
      8.0,
      8.0,
      5.0,
      9.0,
      8.0,
      7.0,
      6.0,
      5.0,
      8.0,
      8.0,
      6.0,
      40.0,
      8.0,
      39.0,
      39.0,
      42.0,
      8.0,
      43.0,
      5.0,
      22.0,
      26.0,
      8.0,
      42.0,
      23.0,
      44.0,
      25.0,
      8.0,
      38.0,
      37.0
    ],
    [
      4.0,
      5.0,
      7.0,
      0.0,
      6.0,
      11.0,
      42.0,
      7.0,
      4.0,
      8.0,
      4.0,
      9.0,
      16.0,
      9.0,
      6.0,
      5.0,
      10.0,
      7.0,
      7.0,
      5.0,
      7.0,
      7.0,
      14.0,
      11.0,
      7.0,
      11.0,
      12.0,
      6.0,
      7.0,
      7.0,
      12.0,
      8.0,
      5.0,
      8.0,
      5.0,
      46.0,
      14.0,
      45.0,
      45.0,
      48.0,
      1.0,
      48.0,
      4.0,
      21.0,
      32.0,
      5.0,
      49.0,
      21.0,
      49.0,
      23.0,
      8.0,
      44.0,
      43.0
    ],
    [
      7.0,
      6.0,
      7.0,
      6.0,
      0.0,
      9.0,
      41.0,
      6.0,
      6.0,
      14.0,
      7.0,
      7.0,
      15.0,
      7.0,
      3.0,
      7.0,
      9.0,
      13.0,
      7.0,
      15.0,
      7.0,
      12.0,
      13.0,
      9.0,
      6.0,
      8.0,
      10.0,
      7.0,
      7.0,
      6.0,
      11.0,
      6.0,
      15.0,
      7.0,
      5.0,
      45.0,
      13.0,
      44.0,
      45.0,
      47.0,
      6.0,
      48.0,
      7.0,
      22.0,
      31.0,
      16.0,
      47.0,
      22.0,
      48.0,
      24.0,
      7.0,
      43.0,
      43.0
    ],
    [
      8.0,
      6.0,
      7.0,
      11.0,
      9.0,
      0.0,
      38.0,
      6.0,
      9.0,
      8.0,
      13.0,
      6.0,
      10.0,
      6.0,
      11.0,
      9.0,
      10.0,
      7.0,
      9.0,
      8.0,
      6.0,
      6.0,
      6.0,
      1.0,
      5.0,
      2.0,
      6.0,
      7.0,
      6.0,
      5.0,
      9.0,
      6.0,
      8.0,
      6.0,
      11.0,
      42.0,
      8.0,
      41.0,
      42.0,
      45.0,
      12.0,
      46.0,
      9.0,
      20.0,
      28.0,
      8.0,
      45.0,
      20.0,
      46.0,
      22.0,
      5.0,
      41.0,
      40.0
    ],
    [
      39.0,
      42.0,
      36.0,
      42.0,
      41.0,
      38.0,
      0.0,
      20.0,
      17.0,
      20.0,
      21.0,
      18.0,
      11.0,
      21.0,
      19.0,
      18.0,
      12.0,
      18.0,
      22.0,
      19.0,
      21.0,
      17.0,
      17.0,
      17.0,
      20.0,
      19.0,
      13.0,
      21.0,
      22.0,
      20.0,
      10.0,
      18.0,
      20.0,
      20.0,
      18.0,
      41.0,
      12.0,
      41.0,
      41.0,
      44.0,
      20.0,
      45.0,
      17.0,
      26.0,
      27.0,
      20.0,
      44.0,
      25.0,
      45.0,
      28.0,
      21.0,
      40.0,
      39.0
    ],
    [
      6.0,
      5.0,
      8.0,
      7.0,
      6.0,
      6.0,
      20.0,
      0.0,
      5.0,
      7.0,
      9.0,
      6.0,
      14.0,
      6.0,
      5.0,
      4.0,
      11.0,
      8.0,
      4.0,
      9.0,
      6.0,
      4.0,
      9.0,
      5.0,
      3.0,
      5.0,
      10.0,
      4.0,
      6.0,
      3.0,
      12.0,
      6.0,
      8.0,
      4.0,
      7.0,
      47.0,
      12.0,
      46.0,
      46.0,
      49.0,
      7.0,
      50.0,
      5.0,
      17.0,
      33.0,
      8.0,
      50.0,
      17.0,
      50.0,
      20.0,
      4.0,
      45.0,
      44.0
    ],
    [
      4.0,
      7.0,
      5.0,
      4.0,
      6.0,
      9.0,
      17.0,
      5.0,
      0.0,
      4.0,
      5.0,
      6.0,
      13.0,
      7.0,
      5.0,
      4.0,
      7.0,
      3.0,
      5.0,
      9.0,
      7.0,
      4.0,
      13.0,
      8.0,
      6.0,
      8.0,
      10.0,
      6.0,
      7.0,
      6.0,
      9.0,
      5.0,
      4.0,
      7.0,
      3.0,
      43.0,
      12.0,
      43.0,
      43.0,
      46.0,
      4.0,
      47.0,
      2.0,
      22.0,
      29.0,
      4.0,
      46.0,
      22.0,
      47.0,
      24.0,
      7.0,
      42.0,
      41.0
    ],
    [
      13.0,
      12.0,
      7.0,
      8.0,
      14.0,
      8.0,
      20.0,
      7.0,
      4.0,
      0.0,
      9.0,
      6.0,
      15.0,
      10.0,
      10.0,
      13.0,
      10.0,
      5.0,
      9.0,
      8.0,
      6.0,
      6.0,
      13.0,
      8.0,
      7.0,
      8.0,
      10.0,
      6.0,
      11.0,
      8.0,
      12.0,
      8.0,
      8.0,
      6.0,
      8.0,
      47.0,
      12.0,
      47.0,
      47.0,
      51.0,
      7.0,
      51.0,
      6.0,
      21.0,
      33.0,
      9.0,
      51.0,
      22.0,
      51.0,
      24.0,
      6.0,
      46.0,
      46.0
    ],
    [
      5.0,
      7.0,
      9.0,
      4.0,
      7.0,
      13.0,
      21.0,
      9.0,
      5.0,
      9.0,
      0.0,
      11.0,
      18.0,
      12.0,
      8.0,
      6.0,
      12.0,
      8.0,
      9.0,
      6.0,
      9.0,
      9.0,
      16.0,
      13.0,
      9.0,
      13.0,
      14.0,
      8.0,
      9.0,
      9.0,
      14.0,
      10.0,
      7.0,
      10.0,
      7.0,
      48.0,
      17.0,
      48.0,
      48.0,
      51.0,
      10.0,
      53.0,
      6.0,
      23.0,
      34.0,
      7.0,
      51.0,
      23.0,
      53.0,
      25.0,
      10.0,
      47.0,
      46.0
    ],
    [
      6.0,
      5.0,
      6.0,
      9.0,
      7.0,
      6.0,
      18.0,
      6.0,
      6.0,
      6.0,
      11.0,
      0.0,
      11.0,
      6.0,
      8.0,
      6.0,
      7.0,
      10.0,
      7.0,
      5.0,
      6.0,
