{
  "drive_dist_matrix": [
    [
      0.0,
      17.380872,
      0.9656039999999999,
      4.9889540000000006,
      9.977908000000001,
      20.11675,
      4.667085999999999,
      1.448406,
      7.724831999999999,
      1.1265379999999998,
      1.1265379999999998,
      16.0934,
      2.735878,
      5.471756,
      3.21868,
      0.6437360000000001,
      3.8624159999999996,
      24.622902,
      25.74944,
      8.85137,
      0.9656039999999999,
      10.621644,
      3.7014819999999995,
      5.63269,
      2.41401,
      32.025866,
      3.21868,
      16.89807,
      4.184284,
      3.057746,
      1.7702740000000001,
      1.9312079999999998,
      1.9312079999999998,
      1.60934,
      2.092142,
      4.667085999999999,
      5.9545580000000005,
      8.0467,
      1.2874720000000002,
      2.2530759999999996,
      9.012303999999999,
      0.32186800000000004,
      2.5749440000000003,
      12.552852,
      5.793624,
      2.092142,
      1.9312079999999998,
      2.092142,
      2.41401,
      2.092142,
      2.735878,
      10.782578,
      1.2874720000000002
    ],
    [
      17.380872,
      0.0,
      18.668343999999998,
      19.633948,
      18.346476,
      26.393175999999997,
      21.887024,
      16.254334,
      27.680647999999998,
      16.737136,
      18.50741,
      31.38213,
      18.668343999999998,
      22.369826,
      17.863674,
      16.89807,
      19.794882,
      31.060262,
      40.716302,
      28.646252,
      17.219938,
      13.840323999999999,
      15.28873,
      17.541806,
      16.415267999999998,
      13.518456,
      12.87472,
      26.875978,
      19.151146,
      12.87472,
      19.151146,
      17.863674,
      16.0934,
      16.89807,
      14.001257999999998,
      15.127796,
      19.794882,
      27.841582000000002,
      16.415267999999998,
      16.254334,
      28.96812,
      17.380872,
      16.576202000000002,
      21.082354,
      17.70274,
      19.473014,
      16.0934,
      24.783836,
      20.92142,
      17.380872,
      23.174496,
      28.96812,
      17.219938
    ],
    [
      0.9656039999999999,
      18.668343999999998,
      0.0,
      5.471756,
      9.65604,
      19.633948,
      5.149888000000001,
      2.735878,
      7.402963999999999,
      2.092142,
      0.16093400000000002,
      15.771532,
      2.2530759999999996,
      6.115492,
      3.8624159999999996,
      2.092142,
      2.2530759999999996,
      24.1401,
      24.1401,
      8.368568,
      2.2530759999999996,
      11.587248,
      4.345218,
      5.310822,
      3.057746,
      33.152404000000004,
      6.43736,
      16.576202000000002,
      4.82802,
      4.506151999999999,
      0.6437360000000001,
      2.5749440000000003,
      3.057746,
      2.2530759999999996,
      3.21868,
      5.793624,
      4.184284,
      7.563898,
      2.5749440000000003,
      2.896812,
      8.529501999999999,
      1.7702740000000001,
      3.21868,
      12.230984,
      5.310822,
      0.9656039999999999,
      2.5749440000000003,
      2.2530759999999996,
      0.9656039999999999,
      2.735878,
      3.21868,
      9.012303999999999,
      1.7702740000000001
    ],
    [
      4.9889540000000006,
      19.633948,
      5.471756,
      0.0,
      4.9889540000000006,
      14.966862,
      1.1265379999999998,
      5.9545580000000005,
      8.85137,
      6.9201619999999995,
      7.24203,
      15.127796,
      9.173238,
      1.1265379999999998,
      2.896812,
      6.759228,
      9.012303999999999,
      19.473014,
      25.588506,
      9.816974,
      6.276426,
      10.138842,
      4.9889540000000006,
      12.07005,
      6.276426,
      35.888282000000004,
      5.310822,
      26.071308,
      2.41401,
      5.149888000000001,
      7.0810960000000005,
      6.276426,
      7.24203,
      5.63269,
      6.43736,
      9.173238,
      11.748182,
      9.012303999999999,
      6.598293999999999,
      6.115492,
      9.977908000000001,
      6.9201619999999995,
      3.7014819999999995,
      7.563898,
      12.07005,
      7.24203,
      7.885766,
      5.793624,
      7.402963999999999,
      5.149888000000001,
      4.345218,
      13.518456,
      4.82802
    ],
    [
      9.977908000000001,
      18.346476,
      9.65604,
      4.9889540000000006,
      0.0,
      12.230984,
      5.793624,
      8.690436,
      11.426314,
      9.65604,
      9.977908000000001,
      15.127796,
      11.909116000000001,
      6.276426,
      8.368568,
      9.334171999999999,
      11.587248,
      16.737136,
      28.324384000000002,
      12.552852,
      9.012303999999999,
      6.43736,
      8.0467,
      18.829278,
      9.012303999999999,
      32.1868,
      9.495106,
      30.094658,
      6.115492,
      9.173238,
      9.816974,
      9.495106,
      9.816974,
      8.368568,
      9.173238,
      14.323126,
      14.48406,
      11.748182,
      9.334171999999999,
      8.85137,
      12.713786,
      9.65604,
      9.173238,
      4.82802,
      18.990212,
      9.816974,
      11.748182,
      8.529501999999999,
      10.138842,
      7.724831999999999,
      7.0810960000000005,
      16.0934,
      8.529501999999999
    ],
    [
      20.11675,
      26.393175999999997,
      19.633948,
      14.966862,
      12.230984,
      0.0,
      15.28873,
      18.185542,
      20.92142,
      19.151146,
      19.473014,
      24.622902,
      23.979166,
      15.771532,
      17.863674,
      18.829278,
      21.082354,
      13.67939,
      37.81949,
      22.047957999999998,
      18.50741,
      14.48406,
      16.254334,
      27.036912,
      18.50741,
      40.394434000000004,
      17.70274,
      38.302292,
      15.771532,
      17.380872,
      19.31208,
      19.473014,
      19.31208,
      17.863674,
      18.668343999999998,
      22.53076,
      23.979166,
      21.243288,
      18.829278,
      18.346476,
      22.208892000000002,
      19.151146,
      18.668343999999998,
      14.323126,
      27.036912,
      19.31208,
      21.243288,
      18.024607999999997,
      19.633948,
      17.219938,
      16.576202000000002,
      25.588506,
      18.185542
    ],
    [
      4.667085999999999,
      21.887024,
      5.149888000000001,
      1.1265379999999998,
      5.793624,
      15.28873,
      0.0,
      4.184284,
      9.173238,
      4.9889540000000006,
      6.115492,
      15.610598,
      7.724831999999999,
      2.735878,
      2.092142,
      4.82802,
      9.334171999999999,
      19.955816000000002,
      25.910374,
      10.299776000000001,
      4.345218,
      10.621644,
      4.02335,
      10.943512,
      4.506151999999999,
      36.371084,
      4.506151999999999,
      22.208892000000002,
      1.1265379999999998,
      4.345218,
      5.9545580000000005,
      5.310822,
      5.471756,
      3.8624159999999996,
      4.667085999999999,
      7.402963999999999,
      12.230984,
      9.495106,
      4.667085999999999,
      4.345218,
      10.46071,
      4.9889540000000006,
      2.896812,
      7.885766,
      10.943512,
      6.115492,
      6.9201619999999995,
      4.345218,
      7.885766,
      3.379614,
      4.82802,
      13.840323999999999,
      4.02335
    ],
    [
      1.448406,
      16.254334,
      2.735878,
      5.9545580000000005,
      8.690436,
      18.185542,
      4.184284,
      0.0,
      8.529501999999999,
      1.2874720000000002,
      2.735878,
      16.89807,
      4.184284,
      4.82802,
      2.5749440000000003,
      1.1265379999999998,
      5.310822,
      23.33543,
      25.427572,
      9.65604,
      0.6437360000000001,
      5.9545580000000005,
      2.092142,
      7.0810960000000005,
      0.9656039999999999,
      30.57746,
      1.60934,
      18.346476,
      3.5405480000000003,
      1.60934,
      2.896812,
      1.7702740000000001,
      1.60934,
      0.48280199999999995,
      0.32186800000000004,
      3.5405480000000003,
      7.402963999999999,
      8.85137,
      1.1265379999999998,
      0.6437360000000001,
      9.816974,
      1.2874720000000002,
      1.2874720000000002,
      11.426314,
      7.0810960000000005,
      3.21868,
      3.057746,
      3.057746,
      3.5405480000000003,
      0.9656039999999999,
      1.60934,
      13.357522000000001,
      0.9656039999999999
    ],
    [
      7.724831999999999,
      27.680647999999998,
      7.402963999999999,
      8.85137,
      11.426314,
      20.92142,
      9.173238,
      8.529501999999999,
      0.0,
      9.495106,
      6.759228,
      8.207633999999999,
      6.759228,
      9.495106,
      8.207633999999999,
      9.173238,
      6.759228,
      25.427572,
      20.599552000000003,
      1.2874720000000002,
      8.85137,
      16.0934,
      9.977908000000001,
      8.0467,
      8.85137,
      42.003774,
      10.138842,
      21.243288,
      9.495106,
      10.138842,
      6.598293999999999,
      9.816974,
      9.65604,
      8.207633999999999,
      9.012303999999999,
      11.748182,
      5.793624,
      0.32186800000000004,
      9.173238,
      8.690436,
      2.5749440000000003,
      9.495106,
      9.012303999999999,
      13.518456,
      8.0467,
      6.598293999999999,
      9.173238,
      5.63269,
      6.115492,
      7.563898,
      6.9201619999999995,
      8.529501999999999,
      7.885766
    ],
    [
      1.1265379999999998,
      16.737136,
      2.092142,
      6.9201619999999995,
      9.65604,
      19.151146,
      4.9889540000000006,
      1.2874720000000002,
      9.495106,
      0.0,
      2.735878,
      17.059003999999998,
      2.896812,
      5.310822,
      3.057746,
      0.48280199999999995,
      4.02335,
      26.875978,
      25.910374,
      9.816974,
      0.48280199999999995,
      9.65604,
      3.5405480000000003,
      5.9545580000000005,
      2.2530759999999996,
      31.060262,
      4.345218,
      17.219938,
      4.02335,
      2.896812,
      2.735878,
      0.32186800000000004,
      0.48280199999999995,
      1.448406,
      1.7702740000000001,
      3.7014819999999995,
      6.276426,
      9.012303999999999,
      0.16093400000000002,
      2.092142,
      9.977908000000001,
      0.9656039999999999,
      2.41401,
      11.426314,
      5.9545580000000005,
      3.057746,
      1.9312079999999998,
      2.896812,
      3.379614,
      1.9312079999999998,
      2.5749440000000003,
      11.104446000000001,
      1.1265379999999998
    ],
    [
      1.1265379999999998,
      18.50741,
      0.16093400000000002,
      7.24203,
      9.977908000000001,
      19.473014,
      6.115492,
      2.735878,
      6.759228,
      2.735878,
      0.0,
      14.805927999999998,
      1.9312079999999998,
      6.598293999999999,
      4.345218,
      1.9312079999999998,
      1.9312079999999998,
      28.485318,
      24.94477,
      7.563898,
      2.41401,
      11.26538,
      4.506151999999999,
      4.82802,
      3.21868,
      32.830535999999995,
      5.9545580000000005,
      16.0934,
      5.310822,
      6.115492,
      0.6437360000000001,
      2.5749440000000003,
      2.5749440000000003,
      2.41401,
      4.184284,
      5.310822,
      3.7014819999999995,
      6.759228,
      2.5749440000000003,
      3.057746,
      7.724831999999999,
      1.60934,
      3.379614,
      12.391918,
      4.82802,
      1.1265379999999998,
      2.5749440000000003,
      2.5749440000000003,
      0.80467,
      2.896812,
      3.7014819999999995,
      7.0810960000000005,
      2.092142
    ],
    [
      16.0934,
      31.38213,
      15.771532,
      15.127796,
      15.127796,
      24.622902,
      15.610598,
      16.89807,
      8.207633999999999,
      17.059003999999998,
      14.805927999999998,
      0.0,
      23.818232000000002,
      15.127796,
      15.932466,
      21.72609,
      23.657297999999997,
      28.002515999999996,
      18.346476,
      8.690436,
      21.243288,
      18.668343999999998,
      20.438617999999998,
      22.208892000000002,
      21.243288,
      44.578718,
      21.887024,
      19.955816000000002,
      15.28873,
      21.565156,
      16.737136,
      22.208892000000002,
      25.588506,
      20.599552000000003,
      21.404222,
      26.715044000000002,
      14.162192000000001,
      9.977908000000001,
      21.565156,
      21.082354,
      11.909116000000001,
      21.887024,
      21.404222,
      10.943512,
      22.208892000000002,
      16.737136,
      27.197846,
      15.771532,
      16.254334,
      20.11675,
      19.31208,
      17.059003999999998,
      20.92142
    ],
    [
      2.735878,
      18.668343999999998,
      2.2530759999999996,
      9.173238,
      11.909116000000001,
      23.979166,
      7.724831999999999,
      4.184284,
      6.759228,
      2.896812,
      1.9312079999999998,
      23.818232000000002,
      0.0,
      8.0467,
      5.793624,
      3.21868,
      0.32186800000000004,
      28.807185999999998,
      23.979166,
      7.724831999999999,
      3.379614,
      11.426314,
      7.24203,
      4.184284,
      6.598293999999999,
      32.99147,
      6.276426,
      15.127796,
      6.759228,
      6.276426,
      2.41401,
      2.896812,
      2.896812,
      4.184284,
      4.506151999999999,
      5.63269,
      3.21868,
      6.9201619999999995,
      2.896812,
      4.667085999999999,
      7.885766,
      3.057746,
      6.759228,
      14.162192000000001,
      4.184284,
      2.735878,
      2.896812,
      4.184284,
      2.2530759999999996,
      4.667085999999999,
      5.310822,
      7.24203,
      3.7014819999999995
    ],
    [
      5.471756,
      22.369826,
      6.115492,
      1.1265379999999998,
      6.276426,
      15.771532,
      2.735878,
      4.82802,
      9.495106,
      5.310822,
      6.598293999999999,
      15.127796,
      8.0467,
      0.0,
      2.735878,
      6.598293999999999,
      8.85137,
      19.31208,
      25.427572,
      9.65604,
      6.115492,
      9.977908000000001,
      4.82802,
      11.909116000000001,
      6.115492,
      35.888282000000004,
      5.149888000000001,
      23.174496,
      2.2530759999999996,
      4.9889540000000006,
      7.0810960000000005,
      6.115492,
      7.0810960000000005,
      5.471756,
      6.276426,
      9.012303999999999,
      11.587248,
      8.85137,
      6.43736,
      5.9545580000000005,
      9.816974,
      6.759228,
      3.5405480000000003,
      7.402963999999999,
      12.07005,
      7.0810960000000005,
      7.724831999999999,
      5.793624,
      7.24203,
      4.9889540000000006,
      4.184284,
      13.357522000000001,
      4.667085999999999
    ],
    [
      3.21868,
      17.863674,
      3.8624159999999996,
      2.896812,
      8.368568,
      17.863674,
      2.092142,
      2.5749440000000003,
      8.207633999999999,
      3.057746,
      4.345218,
      15.932466,
      5.793624,
      2.735878,
      0.0,
      2.896812,
      6.276426,
      20.599552000000003,
      25.105704,
      9.334171999999999,
      2.41401,
      6.276426,
      2.092142,
      9.012303999999999,
      2.5749440000000003,
      32.025866,
      2.41401,
      20.277684,
      1.1265379999999998,
      2.2530759999999996,
      4.184284,
      3.379614,
      3.5405480000000003,
      1.9312079999999998,
      2.735878,
      5.471756,
      8.368568,
      8.529501999999999,
      2.735878,
      2.41401,
      9.495106,
      3.057746,
      0.6437360000000001,
      9.173238,
      9.012303999999999,
      4.184284,
      4.9889540000000006,
      2.5749440000000003,
      4.82802,
      0.80467,
      1.2874720000000002,
      13.035654,
      2.092142
    ],
    [
      0.6437360000000001,
      16.89807,
      2.092142,
      6.759228,
      9.334171999999999,
      18.829278,
      4.82802,
      1.1265379999999998,
      9.173238,
      0.48280199999999995,
      1.9312079999999998,
      21.72609,
      3.21868,
      6.598293999999999,
      2.896812,
      0.0,
      4.506151999999999,
      23.174496,
      26.393175999999997,
      9.334171999999999,
      0.32186800000000004,
      9.977908000000001,
      3.21868,
      6.43736,
      1.9312079999999998,
      31.543064,
      2.5749440000000003,
      17.70274,
      3.7014819999999995,
      2.5749440000000003,
      2.092142,
      0.9656039999999999,
      1.448406,
      0.80467,
      1.448406,
      4.184284,
      6.598293999999999,
      8.529501999999999,
      0.80467,
      1.60934,
      9.495106,
      0.48280199999999995,
      2.092142,
      11.104446000000001,
      6.43736,
      2.41401,
      2.41401,
      2.5749440000000003,
      2.896812,
      1.60934,
      2.092142,
      11.587248,
      0.6437360000000001
    ],
    [
      3.8624159999999996,
      19.794882,
      2.2530759999999996,
      9.012303999999999,
      11.587248,
      21.082354,
      9.334171999999999,
      5.310822,
      6.759228,
      4.02335,
      1.9312079999999998,
      23.657297999999997,
      0.32186800000000004,
      8.85137,
      6.276426,
      4.506151999999999,
      0.0,
      29.289987999999997,
      24.461968,
      7.402963999999999,
      3.7014819999999995,
      12.07005,
      5.793624,
      5.310822,
      4.506151999999999,
      33.635206,
      6.759228,
      15.610598,
      6.276426,
      6.9201619999999995,
      1.9312079999999998,
      3.379614,
      3.379614,
      3.7014819999999995,
      4.9889540000000006,
      6.115492,
      3.057746,
      6.598293999999999,
      3.379614,
      4.345218,
      7.563898,
      2.5749440000000003,
      4.667085999999999,
      13.67939,
      5.471756,
      2.2530759999999996,
      3.379614,
      3.7014819999999995,
      0.9656039999999999,
      4.184284,
      4.667085999999999,
      6.9201619999999995,
      3.21868
    ],
    [
      24.622902,
      31.060262,
      24.1401,
      19.473014,
      16.737136,
      13.67939,
      19.955816000000002,
      23.33543,
      25.427572,
      26.875978,
      28.485318,
      28.002515999999996,
      28.807185999999998,
      19.31208,
      20.599552000000003,
      23.174496,
      29.289987999999997,
      0.0,
      42.486576,
      26.875978,
      23.174496,
      19.473014,
      21.243288,
      32.025866,
      23.174496,
      45.383388,
      22.691694,
      43.291246,
      20.438617999999998,
      22.369826,
      24.1401,
      27.036912,
      26.393175999999997,
      22.691694,
      23.496364,
      27.519714,
      28.807185999999998,
      26.071308,
      23.657297999999997,
      23.013562,
      27.036912,
      23.979166,
      23.33543,
      19.151146,
      32.025866,
      24.1401,
      28.002515999999996,
      22.852628,
      24.461968,
      22.047957999999998,
      21.404222,
      30.416525999999998,
      22.852628
    ],
    [
      25.74944,
      40.716302,
      24.1401,
      25.588506,
      28.324384000000002,
      37.81949,
      25.910374,
      25.427572,
      20.599552000000003,
      25.910374,
      24.94477,
      18.346476,
      23.979166,
      25.427572,
      25.105704,
      26.393175999999997,
      24.461968,
      42.486576,
      0.0,
      18.185542,
      25.74944,
      32.99147,
      26.875978,
      22.208892000000002,
      25.74944,
      47.958332,
      29.129054000000004,
      18.50741,
      26.393175999999997,
      27.036912,
      25.266638,
      25.910374,
      25.910374,
      25.105704,
      25.910374,
      28.646252,
      22.691694,
      20.277684,
      25.910374,
      25.588506,
      21.243288,
      25.910374,
      25.910374,
      27.197846,
      22.369826,
      23.496364,
      25.74944,
      22.53076,
      23.013562,
      24.461968,
      23.818232000000002,
      17.059003999999998,
      24.783836
    ],
    [
      8.85137,
      28.646252,
      8.368568,
      9.816974,
      12.552852,
      22.047957999999998,
      10.299776000000001,
      9.65604,
      1.2874720000000002,
      9.816974,
      7.563898,
      8.690436,
      7.724831999999999,
      9.65604,
      9.334171999999999,
      9.334171999999999,
      7.402963999999999,
      26.875978,
      18.185542,
      0.0,
      9.816974,
      17.059003999999998,
      10.943512,
      8.690436,
      9.816974,
      42.969378,
      11.104446000000001,
      19.151146,
      10.46071,
      11.104446000000001,
      7.563898,
      10.782578,
      10.621644,
      9.173238,
      9.977908000000001,
      12.713786,
      6.43736,
      1.448406,
      10.138842,
      9.65604,
      3.5405480000000003,
      10.46071,
      9.977908000000001,
      14.48406,
      8.690436,
      7.563898,
      10.138842,
      6.598293999999999,
      7.0810960000000005,
      8.529501999999999,
      7.885766,
      6.598293999999999,
      8.85137
    ],
    [
      0.9656039999999999,
      17.219938,
      2.2530759999999996,
      6.276426,
      9.012303999999999,
      18.50741,
      4.345218,
      0.6437360000000001,
      8.85137,
      0.48280199999999995,
      2.41401,
      21.243288,
      3.379614,
      6.115492,
      2.41401,
      0.32186800000000004,
      3.7014819999999995,
      23.174496,
      25.74944,
      9.816974,
      0.0,
      9.65604,
      3.379614,
      6.598293999999999,
      2.092142,
      31.221196,
      2.5749440000000003,
      17.863674,
      3.8624159999999996,
      2.41401,
      2.5749440000000003,
      0.6437360000000001,
      1.1265379999999998,
      0.6437360000000001,
      1.2874720000000002,
      3.7014819999999995,
      6.9201619999999995,
      8.690436,
      0.32186800000000004,
      1.2874720000000002,
      9.65604,
      0.80467,
      2.2530759999999996,
      11.748182,
      6.598293999999999,
      2.735878,
      2.5749440000000003,
      2.5749440000000003,
      3.21868,
      1.448406,
      2.092142,
      11.748182,
      0.48280199999999995
    ],
    [
      10.621644,
      13.840323999999999,
      11.587248,
      10.138842,
      6.43736,
      14.48406,
      10.621644,
      5.9545580000000005,
      16.0934,
      9.65604,
      11.26538,
      18.668343999999998,
      11.426314,
      9.977908000000001,
      6.276426,
      9.977908000000001,
      12.07005,
      19.473014,
      32.99147,
      17.059003999999998,
      9.65604,
      0.0,
      3.8624159999999996,
      14.644993999999999,
      5.63269,
      27.197846,
      4.667085999999999,
      25.910374,
      7.0810960000000005,
      4.345218,
      8.368568,
      7.563898,
      9.012303999999999,
      5.9545580000000005,
      5.63269,
      10.138842,
      14.966862,
      16.415267999999998,
      6.9201619999999995,
      5.63269,
      17.380872,
      7.24203,
      5.793624,
      9.495106,
      14.644993999999999,
      8.529501999999999,
      10.621644,
      8.690436,
      9.012303999999999,
      6.43736,
      7.0810960000000005,
      20.92142,
      6.598293999999999
    ],
    [
      3.7014819999999995,
      15.28873,
      4.345218,
      4.9889540000000006,
      8.0467,
      16.254334,
      4.02335,
      2.092142,
      9.977908000000001,
      3.5405480000000003,
      4.506151999999999,
      20.438617999999998,
      7.24203,
      4.82802,
      2.092142,
      3.21868,
      5.793624,
      21.243288,
      26.875978,
      10.943512,
      3.379614,
      3.8624159999999996,
      0.0,
      9.173238,
      1.9312079999999998,
      29.611855999999996,
      0.9656039999999999,
      20.599552000000003,
      3.21868,
      0.6437360000000001,
      4.506151999999999,
      3.8624159999999996,
      3.7014819999999995,
      2.2530759999999996,
      1.9312079999999998,
      5.63269,
      9.495106,
      10.46071,
      3.21868,
      1.7702740000000001,
      11.426314,
      3.5405480000000003,
      2.092142,
      10.943512,
      9.334171999999999,
      4.82802,
      5.310822,
      4.506151999999999,
      5.310822,
      2.5749440000000003,
      3.21868,
      14.966862,
      2.896812
    ],
    [
      5.63269,
      17.541806,
      5.310822,
      12.07005,
      18.829278,
      27.036912,
      10.943512,
      7.0810960000000005,
      8.0467,
      5.9545580000000005,
      4.82802,
      22.208892000000002,
      4.184284,
      11.909116000000001,
      9.012303999999999,
      6.43736,
      5.310822,
      32.025866,
      22.208892000000002,
      8.690436,
      6.598293999999999,
      14.644993999999999,
      9.173238,
      0.0,
      9.977908000000001,
      24.622902,
      9.65604,
      13.518456,
      10.138842,
      9.65604,
      5.793624,
      6.276426,
      6.276426,
      7.563898,
      7.885766,
      8.85137,
      3.057746,
      8.207633999999999,
      6.276426,
      8.0467,
      9.173238,
      6.276426,
      10.138842,
      22.047957999999998,
      0.16093400000000002,
      6.115492,
      5.793624,
      7.563898,
      5.63269,
      7.885766,
      8.529501999999999,
      5.793624,
      7.0810960000000005
    ],
    [
      2.41401,
      16.415267999999998,
      3.057746,
      6.276426,
      9.012303999999999,
      18.50741,
      4.506151999999999,
      0.9656039999999999,
      8.85137,
      2.2530759999999996,
      3.21868,
      21.243288,
      6.598293999999999,
      6.115492,
      2.5749440000000003,
      1.9312079999999998,
      4.506151999999999,
      23.174496,
      25.74944,
      9.816974,
      2.092142,
      5.63269,
      1.9312079999999998,
      9.977908000000001,
      0.0,
      30.899327999999997,
      1.9312079999999998,
      19.473014,
      2.092142,
      1.7702740000000001,
      3.379614,
      2.735878,
      2.5749440000000003,
      0.80467,
      0.6437360000000001,
      4.667085999999999,
      8.368568,
      8.690436,
      2.092142,
      0.48280199999999995,
      9.65604,
      2.41401,
      0.48280199999999995,
      11.104446000000001,
      8.207633999999999,
      3.7014819999999995,
      4.184284,
      2.5749440000000003,
      4.184284,
      0.16093400000000002,
      2.092142,
      13.035654,
      1.1265379999999998
    ],
    [
      32.025866,
      13.518456,
      33.152404000000004,
      35.888282000000004,
      32.1868,
      40.394434000000004,
      36.371084,
      30.57746,
      42.003774,
      31.060262,
      32.830535999999995,
      44.578718,
      32.99147,
      35.888282000000004,
      32.025866,
      31.543064,
      33.635206,
      45.383388,
      47.958332,
      42.969378,
      31.221196,
      27.197846,
      29.611855999999996,
      24.622902,
      30.899327999999997,
      0.0,
      26.715044000000002,
      40.716302,
      31.060262,
      26.875978,
      25.910374,
      28.485318,
      23.013562,
      24.1401,
      28.002515999999996,
      22.369826,
      26.875978,
      39.750698,
      23.657297999999997,
      28.16345,
      40.716302,
      24.461968,
      28.485318,
      32.99147,
      24.94477,
      26.232242,
      23.33543,
      26.232242,
      32.830535999999995,
      24.622902,
      35.083612,
      36.21015,
      24.461968
    ],
    [
      3.21868,
      12.87472,
      6.43736,
      5.310822,
      9.495106,
      17.70274,
      4.506151999999999,
      1.60934,
      10.138842,
      4.345218,
      5.9545580000000005,
      21.887024,
      6.276426,
      5.149888000000001,
      2.41401,
      2.5749440000000003,
      6.759228,
      22.691694,
      29.129054000000004,
      11.104446000000001,
      2.5749440000000003,
      4.667085999999999,
      0.9656039999999999,
      9.65604,
      1.9312079999999998,
      26.715044000000002,
      0.0,
      20.760486,
      3.5405480000000003,
      0.32186800000000004,
      4.667085999999999,
      3.379614,
      3.21868,
      2.5749440000000003,
      1.60934,
      4.9889540000000006,
      9.816974,
      10.943512,
      2.735878,
      1.7702740000000001,
      11.909116000000001,
      3.057746,
      2.092142,
      12.391918,
      9.495106,
      4.82802,
      4.82802,
      4.82802,
      5.310822,
      3.057746,
      3.7014819999999995,
      14.644993999999999,
      2.896812
    ],
    [
      16.89807,
      26.875978,
      16.576202000000002,
      26.071308,
      30.094658,
      38.302292,
      22.208892000000002,
      18.346476,
      21.243288,
      17.219938,
      16.0934,
      19.955816000000002,
      15.127796,
      23.174496,
      20.277684,
      17.70274,
      15.610598,
      43.291246,
      18.50741,
      19.151146,
      17.863674,
      25.910374,
      20.599552000000003,
      13.518456,
      19.473014,
      40.716302,
      20.760486,
      0.0,
      21.243288,
      20.760486,
      16.737136,
      17.219938,
      17.380872,
      18.50741,
      18.990212,
      19.955816000000002,
      14.001257999999998,
      24.622902,
      17.380872,
      19.151146,
      25.588506,
      17.380872,
      21.243288,
      34.761744,
      13.67939,
      17.219938,
      17.219938,
      18.50741,
      16.415267999999998,
      18.990212,
      19.633948,
      11.26538,
      18.185542
    ],
    [
      4.184284,
      19.151146,
      4.82802,
      2.41401,
      6.115492,
      15.771532,
      1.1265379999999998,
      3.5405480000000003,
      9.495106,
      4.02335,
      5.310822,
      15.28873,
      6.759228,
      2.2530759999999996,
      1.1265379999999998,
      3.7014819999999995,
      6.276426,
      20.438617999999998,
      26.393175999999997,
      10.46071,
      3.8624159999999996,
      7.0810960000000005,
      3.21868,
      10.138842,
      2.092142,
      31.060262,
      3.5405480000000003,
      21.243288,
      0.0,
      3.379614,
      4.9889540000000006,
      4.345218,
      4.345218,
      2.896812,
      3.7014819999999995,
      6.43736,
      9.334171999999999,
      9.977908000000001,
      3.7014819999999995,
      3.379614,
      10.943512,
      4.02335,
      1.9312079999999998,
      8.529501999999999,
      9.977908000000001,
      5.149888000000001,
      7.724831999999999,
      3.379614,
      5.793624,
      2.41401,
      2.2530759999999996,
      14.48406,
      3.057746
    ],
    [
      3.057746,
      12.87472,
      4.506151999999999,
      5.149888000000001,
      9.173238,
      17.380872,
      4.345218,
      1.60934,
      10.138842,
      2.896812,
      6.115492,
      21.565156,
      6.276426,
      4.9889540000000006,
      2.2530759999999996,
      2.5749440000000003,
      6.9201619999999995,
      22.369826,
      27.036912,
      11.104446000000001,
      2.41401,
      4.345218,
      0.6437360000000001,
      9.65604,
      1.7702740000000001,
      26.875978,
      0.32186800000000004,
      20.760486,
      3.379614,
      0.0,
      4.82802,
      3.21868,
      3.21868,
      2.41401,
      1.448406,
      5.63269,
      9.012303999999999,
      10.782578,
      2.5749440000000003,
      1.60934,
      11.748182,
      2.896812,
      2.2530759999999996,
      12.07005,
      8.690436,
      4.9889540000000006,
      4.667085999999999,
      4.667085999999999,
      5.471756,
      2.896812,
      3.5405480000000003,
      15.127796,
      2.896812
    ],
    [
      1.7702740000000001,
      19.151146,
      0.6437360000000001,
      7.0810960000000005,
      9.816974,
      19.31208,
      5.9545580000000005,
      2.896812,
      6.598293999999999,
      2.735878,
      0.6437360000000001,
      16.737136,
      2.41401,
      7.0810960000000005,
      4.184284,
      2.092142,
      1.9312079999999998,
      24.1401,
      25.266638,
      7.563898,
      2.5749440000000003,
      8.368568,
      4.506151999999999,
      5.793624,
      3.379614,
      25.910374,
      4.667085999999999,
      16.737136,
      4.9889540000000006,
      4.82802,
      0.0,
      3.379614,
      3.379614,
      2.2530759999999996,
      3.379614,
      6.115492,
      3.8624159999999996,
      6.598293999999999,
      2.735878,
      3.057746,
      7.563898,
      1.9312079999999998,
      3.379614,
      12.230984,
      5.63269,
      0.48280199999999995,
      3.379614,
      2.41401,
      0.48280199999999995,
      2.735878,
      3.5405480000000003,
      6.598293999999999,
      1.9312079999999998
    ],
    [
      1.9312079999999998,
      17.863674,
      2.5749440000000003,
      6.276426,
      9.495106,
      19.473014,
      5.310822,
      1.7702740000000001,
      9.816974,
      0.32186800000000004,
      2.5749440000000003,
      22.208892000000002,
      2.896812,
      6.115492,
      3.379614,
      0.9656039999999999,
      3.379614,
      27.036912,
      25.910374,
      10.782578,
      0.6437360000000001,
      7.563898,
      3.8624159999999996,
      6.276426,
      2.735878,
      28.485318,
      3.379614,
      17.219938,
      4.345218,
      3.21868,
      3.379614,
      0.0,
      0.48280199999999995,
      1.2874720000000002,
      1.60934,
      3.21868,
      6.43736,
      9.65604,
      0.16093400000000002,
      1.7702740000000001,
      10.621644,
      1.448406,
      2.41401,
      12.07005,
      6.276426,
      3.21868,
      2.092142,
      3.057746,
      3.7014819999999995,
      1.7702740000000001,
      2.41401,
      11.426314,
      1.2874720000000002
    ],
    [
      1.9312079999999998,
      16.0934,
      3.057746,
      7.24203,
      9.816974,
      19.31208,
      5.471756,
      1.60934,
      9.65604,
      0.48280199999999995,
      2.5749440000000003,
      25.588506,
      2.896812,
      7.0810960000000005,
      3.5405480000000003,
      1.448406,
      3.379614,
      26.393175999999997,
      25.910374,
      10.621644,
      1.1265379999999998,
      9.012303999999999,
      3.7014819999999995,
      6.276426,
      2.5749440000000003,
      23.013562,
      3.21868,
      17.380872,
      4.345218,
      3.21868,
      3.379614,
      0.48280199999999995,
      0.0,
      1.7702740000000001,
      2.2530759999999996,
      3.379614,
      5.9545580000000005,
      9.334171999999999,
      0.6437360000000001,
      2.41401,
      10.299776000000001,
      1.7702740000000001,
      2.896812,
      16.415267999999998,
      5.63269,
      3.5405480000000003,
      1.60934,
      3.21868,
      4.9889540000000006,
      2.2530759999999996,
      2.896812,
      10.782578,
      1.448406
    ],
    [
      1.60934,
      16.89807,
      2.2530759999999996,
      5.63269,
      8.368568,
      17.863674,
      3.8624159999999996,
      0.48280199999999995,
      8.207633999999999,
      1.448406,
      2.41401,
      20.599552000000003,
      4.184284,
      5.471756,
      1.9312079999999998,
      0.80467,
      3.7014819999999995,
      22.691694,
      25.105704,
      9.173238,
      0.6437360000000001,
      5.9545580000000005,
      2.2530759999999996,
      7.563898,
      0.80467,
      24.1401,
      2.5749440000000003,
      18.50741,
      2.896812,
      2.41401,
      2.2530759999999996,
      1.2874720000000002,
      1.7702740000000001,
      0.0,
      0.80467,
      3.7014819999999995,
      7.563898,
      8.529501999999999,
      0.9656039999999999,
      0.80467,
      9.495106,
      1.2874720000000002,
      1.1265379999999998,
      10.943512,
      7.402963999999999,
      2.735878,
      3.057746,
      2.5749440000000003,
      3.057746,
      1.1265379999999998,
      1.2874720000000002,
      12.87472,
      0.48280199999999995
    ],
    [
      2.092142,
      14.001257999999998,
      3.21868,
      6.43736,
      9.173238,
      18.668343999999998,
      4.667085999999999,
      0.32186800000000004,
      9.012303999999999,
      1.7702740000000001,
      4.184284,
      21.404222,
      4.506151999999999,
      6.276426,
      2.735878,
      1.448406,
      4.9889540000000006,
      23.496364,
      25.910374,
      9.977908000000001,
      1.2874720000000002,
      5.63269,
      1.9312079999999998,
      7.885766,
      0.6437360000000001,
      28.002515999999996,
      1.60934,
      18.990212,
      3.7014819999999995,
      1.448406,
      3.379614,
      1.60934,
      2.2530759999999996,
      0.80467,
      0.0,
      4.02335,
      7.885766,
      9.334171999999999,
      1.60934,
      0.32186800000000004,
      10.299776000000001,
      1.9312079999999998,
      1.1265379999999998,
      11.909116000000001,
      7.724831999999999,
      3.7014819999999995,
      3.7014819999999995,
      3.7014819999999995,
      4.184284,
      1.448406,
      2.092142,
      13.840323999999999,
      1.7702740000000001
    ],
    [
      4.667085999999999,
      15.127796,
      5.793624,
      9.173238,
      14.323126,
      22.53076,
      7.402963999999999,
      3.5405480000000003,
      11.748182,
      3.7014819999999995,
      5.310822,
      26.715044000000002,
      5.63269,
      9.012303999999999,
      5.471756,
      4.184284,
      6.115492,
      27.519714,
      28.646252,
      12.713786,
      3.7014819999999995,
      10.138842,
      5.63269,
      8.85137,
      4.667085999999999,
      22.369826,
      4.9889540000000006,
      19.955816000000002,
      6.43736,
      5.63269,
      6.115492,
      3.21868,
      3.379614,
      3.7014819999999995,
      4.02335,
      0.0,
      8.690436,
      11.909116000000001,
      3.5405480000000003,
      5.149888000000001,
      12.87472,
      4.667085999999999,
      5.471756,
      17.380872,
      8.529501999999999,
      6.43736,
      3.5405480000000003,
      6.115492,
      7.724831999999999,
      4.02335,
      4.667085999999999,
      13.67939,
      4.345218
    ],
    [
      5.9545580000000005,
      19.794882,
      4.184284,
      11.748182,
      14.48406,
      23.979166,
      12.230984,
      7.402963999999999,
      5.793624,
      6.276426,
      3.7014819999999995,
      14.162192000000001,
      3.21868,
      11.587248,
      8.368568,
      6.598293999999999,
      3.057746,
      28.807185999999998,
      22.691694,
      6.43736,
      6.9201619999999995,
      14.966862,
      9.495106,
      3.057746,
      8.368568,
      26.875978,
      9.816974,
      14.001257999999998,
      9.334171999999999,
      9.012303999999999,
      3.8624159999999996,
      6.43736,
      5.9545580000000005,
      7.563898,
      7.885766,
      8.690436,
      0.0,
      5.63269,
      6.759228,
      8.368568,
      6.598293999999999,
      6.759228,
      10.621644,
      16.0934,
      3.057746,
      3.7014819999999995,
      6.598293999999999,
      5.793624,
      3.21868,
      8.368568,
      9.495106,
      4.184284,
      7.563898
    ],
    [
      8.0467,
      27.841582000000002,
      7.563898,
      9.012303999999999,
      11.748182,
      21.243288,
      9.495106,
      8.85137,
      0.32186800000000004,
      9.012303999999999,
      6.759228,
      9.977908000000001,
      6.9201619999999995,
      8.85137,
      8.529501999999999,
      8.529501999999999,
      6.598293999999999,
      26.071308,
      20.277684,
      1.448406,
      8.690436,
      16.415267999999998,
      10.46071,
      8.207633999999999,
      8.690436,
      39.750698,
      10.943512,
      24.622902,
      9.977908000000001,
      10.782578,
      6.598293999999999,
      9.65604,
      9.334171999999999,
      8.529501999999999,
      9.334171999999999,
      11.909116000000001,
      5.63269,
      0.0,
      9.334171999999999,
      8.85137,
      2.735878,
      9.65604,
      9.173238,
      13.67939,
      8.207633999999999,
      6.759228,
      9.334171999999999,
      5.793624,
      6.276426,
      7.724831999999999,
      7.0810960000000005,
      8.690436,
      8.0467
    ],
    [
      1.2874720000000002,
      16.415267999999998,
      2.5749440000000003,
      6.598293999999999,
      9.334171999999999,
      18.829278,
      4.667085999999999,
      1.1265379999999998,
      9.173238,
      0.16093400000000002,
      2.5749440000000003,
      21.565156,
      2.896812,
      6.43736,
      2.735878,
      0.80467,
      3.379614,
      23.657297999999997,
