{
  "drive_dist_matrix": [
    [
      0.0,
      1.2,
      9.5,
      1.8,
      2.8,
      2.2,
      1.9,
      2.1,
      1.2,
      4.6,
      1.4,
      12.4,
      10.9,
      3.3,
      2.1,
      25.8,
      1.8,
      1.9,
      15.9,
      0.9,
      10.2,
      1.0,
      2.6,
      3.6,
      10.2,
      20.0,
      3.0,
      2.4,
      6.7,
      7.2,
      27.0,
      1.9,
      5.8,
      6.1,
      3.2,
      35.6,
      2.9,
      1.0,
      2.9,
      1.7,
      1.3,
      66.0,
      3.6,
      13.0,
      13.1,
      10.4,
      13.5,
      5.6,
      2.0,
      27.3,
      12.2,
      1.8,
      6.0,
      0.55
    ],
    [
      1.2,
      0.0,
      8.9,
      1.2,
      2.4,
      1.9,
      0.5,
      1.5,
      0.4,
      0.5,
      1.1,
      12.1,
      10.6,
      3.0,
      1.4,
      25.5,
      0.65,
      1.3,
      15.5,
      0.3,
      9.6,
      0.45,
      2.0,
      3.0,
      9.6,
      19.6,
      2.6,
      1.8,
      6.4,
      6.6,
      26.6,
      1.3,
      5.4,
      5.7,
      1.6,
      37.3,
      2.3,
      0.14,
      1.3,
      0.5,
      1.2,
      65.6,
      3.0,
      12.7,
      12.8,
      10.0,
      13.2,
      5.2,
      0.75,
      27.0,
      11.9,
      1.1,
      3.8,
      0.16
    ],
    [
      9.5,
      8.9,
      0.0,
      7.9,
      11.0,
      9.2,
      10.2,
      8.2,
      8.4,
      6.6,
      10.1,
      14.2,
      12.3,
      9.6,
      8.1,
      31.3,
      8.4,
      8.8,
      22.5,
      8.1,
      2.2,
      8.6,
      7.7,
      2.6,
      2.1,
      28.3,
      11.3,
      8.5,
      12.0,
      3.4,
      32.4,
      8.0,
      12.2,
      12.1,
      8.9,
      42.2,
      9.0,
      8.6,
      8.4,
      7.9,
      9.9,
      71.5,
      8.1,
      14.9,
      18.6,
      18.7,
      15.4,
      12.2,
      7.6,
      32.8,
      17.4,
      10.0,
      9.0,
      8.5
    ],
    [
      1.8,
      1.2,
      7.9,
      0.0,
      3.1,
      1.3,
      2.3,
      0.3,
      2.3,
      0.9,
      0.85,
      10.0,
      8.5,
      1.7,
      0.23,
      23.4,
      0.65,
      0.7,
      14.6,
      0.9,
      8.4,
      1.9,
      0.65,
      1.8,
      8.3,
      20.4,
      3.4,
      0.6,
      4.1,
      5.4,
      24.5,
      0.061,
      4.3,
      4.2,
      0.7,
      34.3,
      1.1,
      2.5,
      0.24,
      0.7,
      1.0,
      63.6,
      1.8,
      10.6,
      10.7,
      10.8,
      11.1,
      4.3,
      0.6,
      24.9,
      9.5,
      2.1,
      2.6,
      2.4
    ],
    [
      2.8,
      2.4,
      11.0,
      3.1,
      0.0,
      3.0,
      2.1,
      2.8,
      4.0,
      5.3,
      1.5,
      10.9,
      9.4,
      2.6,
      2.7,
      24.3,
      4.0,
      2.6,
      12.3,
      3.7,
      11.0,
      3.5,
      3.3,
      4.3,
      10.9,
      16.4,
      2.3,
      3.1,
      5.2,
      8.0,
      25.4,
      2.6,
      4.7,
      5.0,
      2.7,
      34.6,
      3.6,
      4.2,
      2.3,
      4.0,
      1.7,
      64.5,
      4.3,
      11.5,
      11.6,
      9.4,
      12.0,
      4.6,
      3.4,
      25.8,
      11.0,
      0.95,
      4.5,
      4.1
    ],
    [
      2.2,
      1.9,
      9.2,
      1.3,
      3.0,
      0.0,
      1.7,
      3.1,
      0.9,
      1.0,
      0.15,
      10.2,
      8.7,
      1.1,
      3.0,
      23.6,
      0.4,
      2.8,
      14.9,
      1.3,
      11.2,
      0.7,
      3.6,
      3.7,
      11.2,
      19.8,
      2.8,
      2.9,
      4.6,
      8.2,
      24.8,
      2.9,
      4.8,
      4.7,
      2.6,
      35.4,
      2.0,
      1.0,
      2.6,
      1.6,
      1.0,
      63.8,
      3.7,
      10.8,
      10.9,
      10.2,
      11.3,
      4.5,
      3.7,
      25.1,
      10.0,
      1.3,
      3.8,
      1.0
    ],
    [
      1.9,
      0.5,
      10.2,
      2.3,
      2.1,
      1.7,
      0.0,
      2.3,
      0.5,
      1.0,
      0.9,
      11.1,
      9.7,
      2.0,
      2.2,
      24.6,
      0.5,
      1.0,
      14.9,
      0.22,
      10.4,
      0.072,
      2.8,
      3.8,
      10.4,
      19.0,
      1.9,
      2.6,
      5.5,
      7.4,
      25.7,
      2.1,
      4.7,
      5.0,
      1.0,
      34.6,
      3.0,
      0.65,
      1.8,
      0.45,
      1.0,
      64.7,
      3.8,
      11.8,
      11.8,
      9.4,
      12.2,
      4.6,
      0.8,
      26.0,
      11.1,
      0.6,
      4.5,
      0.55
    ],
    [
      2.1,
      1.5,
      8.2,
      0.3,
      2.8,
      3.1,
      2.3,
      0.0,
      2.0,
      3.2,
      1.9,
      9.8,
      5.4,
      1.0,
      0.15,
      23.2,
      1.0,
      0.65,
      14.4,
      1.7,
      8.9,
      1.6,
      0.5,
      2.5,
      8.8,
      20.1,
      3.1,
      0.4,
      3.9,
      5.9,
      24.4,
      0.3,
      4.1,
      4.1,
      0.7,
      35.0,
      0.85,
      2.2,
      0.25,
      1.6,
      1.7,
      63.4,
      2.6,
      10.4,
      10.5,
      10.5,
      10.9,
      4.1,
      1.4,
      24.7,
      9.3,
      1.8,
      2.4,
      2.1
    ],
    [
      1.2,
      0.4,
      8.4,
      2.3,
      4.0,
      0.9,
      0.5,
      2.0,
      0.0,
      5.2,
      1.0,
      11.6,
      10.1,
      2.5,
      2.6,
      25.0,
      0.65,
      2.5,
      15.3,
      0.35,
      10.9,
      0.4,
      3.2,
      4.2,
      10.8,
      19.4,
      2.4,
      3.0,
      6.0,
      7.8,
      26.2,
      2.5,
      5.2,
      5.5,
      2.6,
      35.0,
      3.4,
      0.35,
      2.2,
      0.6,
      1.2,
      65.2,
      4.2,
      12.3,
      12.3,
      9.8,
      12.7,
      5.0,
      0.9,
      26.5,
      11.4,
      1.0,
      5.2,
      0.21
    ],
    [
      4.6,
      0.5,
      6.6,
      0.9,
      5.3,
      1.0,
      1.0,
      3.2,
      5.2,
      0.0,
      1.2,
      12.9,
      7.3,
      4.6,
      3.2,
      26.3,
      0.7,
      3.8,
      17.5,
      0.75,
      7.3,
      0.9,
      2.8,
      3.1,
      7.3,
      20.7,
      6.3,
      3.5,
      7.0,
      4.3,
      27.5,
      0.9,
      7.2,
      7.2,
      4.0,
      37.2,
      4.0,
      0.6,
      3.5,
      0.55,
      1.3,
      66.5,
      3.1,
      13.6,
      13.6,
      13.7,
      14.0,
      7.2,
      0.5,
      27.8,
      12.4,
      5.1,
      4.1,
      0.65
    ],
    [
      1.4,
      1.1,
      10.1,
      0.85,
      1.5,
      0.15,
      0.9,
      1.9,
      1.0,
      1.2,
      0.0,
      10.8,
      9.3,
      1.7,
      1.1,
      24.2,
      0.55,
      0.6,
      14.5,
      0.8,
      10.0,
      0.85,
      2.4,
      3.4,
      10.0,
      19.8,
      2.7,
      2.2,
      5.1,
      7.0,
      25.3,
      0.85,
      4.4,
      4.7,
      0.6,
      34.2,
      2.6,
      1.2,
      1.0,
      0.65,
      0.19,
      64.3,
      3.4,
      11.4,
      11.4,
      10.2,
      11.9,
      4.2,
      1.0,
      25.7,
      10.7,
      1.4,
      4.1,
      1.1
    ],
    [
      12.4,
      12.1,
      14.2,
      10.0,
      10.9,
      10.2,
      11.1,
      9.8,
      11.6,
      12.9,
      10.8,
      0.0,
      2.6,
      9.2,
      7.6,
      26.9,
      10.2,
      9.2,
      18.2,
      9.9,
      15.6,
      9.8,
      7.9,
      7.0,
      15.5,
      23.1,
      11.2,
      6.6,
      5.9,
      12.6,
      28.1,
      7.2,
      7.3,
      7.2,
      8.8,
      38.7,
      6.2,
      10.3,
      8.9,
      10.2,
      10.0,
      67.1,
      7.1,
      2.8,
      14.2,
      18.7,
      1.1,
      7.8,
      8.1,
      28.4,
      8.0,
      10.0,
      5.8,
      10.2
    ],
    [
      10.9,
      10.6,
      12.3,
      8.5,
      9.4,
      8.7,
      9.7,
      5.4,
      10.1,
      7.3,
      9.3,
      2.6,
      0.0,
      6.7,
      5.6,
      24.9,
      7.7,
      6.7,
      16.1,
      7.4,
      12.7,
      7.3,
      4.8,
      4.5,
      12.6,
      21.1,
      8.8,
      4.7,
      3.8,
      9.7,
      26.0,
      5.3,
      5.2,
      5.2,
      6.4,
      36.7,
      4.2,
      7.9,
      6.0,
      6.4,
      7.6,
      65.0,
      4.6,
      3.7,
      12.2,
      16.2,
      4.2,
      5.8,
      6.1,
      26.4,
      7.8,
      7.5,
      3.9,
      7.8
    ],
    [
      3.3,
      3.0,
      9.6,
      1.7,
      2.6,
      1.1,
      2.0,
      1.0,
      2.5,
      4.6,
      1.7,
      9.2,
      6.7,
      0.0,
      1.1,
      22.5,
      3.4,
      0.9,
      13.8,
      3.1,
      10.8,
      3.0,
      1.3,
      3.1,
      10.7,
      18.7,
      4.5,
      1.1,
      3.5,
      7.8,
      23.7,
      2.4,
      3.7,
      3.6,
      1.0,
      34.3,
      1.5,
      3.5,
      0.95,
      3.5,
      3.2,
      62.7,
      3.2,
      9.7,
      9.8,
      11.9,
      10.2,
      3.4,
      3.3,
      24.0,
      8.9,
      3.2,
      2.7,
      3.8
    ],
    [
      2.1,
      1.4,
      8.1,
      0.23,
      2.7,
      3.0,
      2.2,
      0.15,
      2.6,
      3.2,
      1.1,
      7.6,
      5.6,
      1.1,
      0.0,
      23.4,
      0.9,
      0.7,
      14.5,
      1.8,
      8.9,
      1.7,
      0.6,
      2.3,
      8.9,
      20.2,
      3.1,
      0.55,
      4.0,
      5.9,
      24.5,
      0.23,
      4.3,
      4.2,
      0.75,
      34.2,
      1.0,
      2.2,
      0.3,
      0.9,
      1.2,
      63.5,
      2.3,
      10.6,
      10.6,
      10.6,
      11.1,
      4.2,
      1.4,
      24.9,
      9.5,
      1.9,
      2.5,
      2.1
    ],
    [
      25.8,
      25.5,
      31.3,
      23.4,
      24.3,
      23.6,
      24.6,
      23.2,
      25.0,
      26.3,
      24.2,
      26.9,
      24.9,
      22.5,
      23.4,
      0.0,
      24.8,
      23.7,
      18.8,
      24.5,
      32.1,
      24.3,
      24.4,
      23.6,
      32.0,
      20.2,
      26.2,
      22.8,
      22.4,
      29.1,
      12.3,
      23.7,
      21.8,
      21.0,
      23.4,
      35.9,
      22.3,
      24.9,
      23.8,
      24.8,
      24.5,
      49.6,
      23.6,
      24.9,
      13.9,
      34.0,
      25.4,
      20.7,
      24.6,
      12.7,
      20.8,
      24.5,
      22.7,
      24.8
    ],
    [
      1.8,
      0.65,
      8.4,
      0.65,
      4.0,
      0.4,
      0.5,
      1.0,
      0.65,
      0.7,
      0.55,
      10.2,
      7.7,
      3.4,
      0.9,
      24.8,
      0.0,
      0.6,
      15.2,
      0.35,
      9.1,
      0.45,
      1.4,
      2.4,
      9.0,
      20.4,
      3.4,
      1.3,
      4.8,
      6.1,
      25.2,
      0.7,
      5.0,
      4.9,
      0.6,
      35.0,
      1.7,
      0.8,
      0.8,
      0.21,
      0.65,
      64.2,
      2.5,
      11.3,
      11.3,
      10.8,
      11.8,
      5.0,
      0.5,
      25.6,
      10.2,
      1.1,
      3.2,
      0.7
    ],
    [
      1.9,
      1.3,
      8.8,
      0.7,
      2.6,
      2.8,
      1.0,
      0.65,
      2.5,
      3.8,
      0.6,
      9.2,
      6.7,
      0.9,
      0.7,
      23.7,
      0.6,
      0.0,
      14.7,
      1.3,
      9.2,
      0.9,
      1.6,
      2.6,
      9.2,
      19.7,
      2.7,
      1.0,
      5.4,
      6.2,
      25.6,
      0.75,
      4.6,
      4.9,
      0.037,
      34.5,
      1.8,
      1.8,
      0.5,
      0.7,
      0.7,
      64.6,
      2.6,
      11.6,
      11.7,
      10.1,
      12.1,
      4.5,
      0.9,
      25.9,
      10.9,
      1.2,
      3.3,
      1.7
    ],
    [
      15.9,
      15.5,
      22.5,
      14.6,
      12.3,
      14.9,
      14.9,
      14.4,
      15.3,
      17.5,
      14.5,
      18.2,
      16.1,
      13.8,
      14.5,
      18.8,
      15.2,
      14.7,
      0.0,
      15.2,
      23.5,
      15.0,
      15.8,
      16.9,
      23.4,
      5.3,
      13.4,
      15.6,
      13.6,
      20.5,
      21.1,
      15.2,
      12.5,
      11.7,
      15.2,
      26.7,
      14.7,
      15.6,
      14.9,
      15.5,
      15.1,
      60.1,
      16.9,
      19.8,
      9.2,
      18.6,
      20.3,
      11.2,
      16.0,
      21.5,
      16.7,
      12.8,
      14.7,
      15.5
    ],
    [
      0.9,
      0.3,
      8.1,
      0.9,
      3.7,
      1.3,
      0.22,
      1.7,
      0.35,
      0.75,
      0.8,
      9.9,
      7.4,
      3.1,
      1.8,
      24.5,
      0.35,
      1.3,
      15.2,
      0.0,
      9.3,
      0.15,
      1.7,
      2.7,
      9.3,
      19.7,
      2.4,
      1.5,
      6.2,
      6.3,
      26.4,
      0.95,
      6.4,
      6.3,
      0.85,
      37.0,
      2.0,
      0.45,
      1.0,
      0.27,
      0.9,
      65.4,
      2.7,
      12.4,
      12.5,
      10.1,
      12.9,
      5.1,
      0.6,
      26.7,
      11.6,
      1.2,
      3.5,
      0.35
    ],
    [
      10.2,
      9.6,
      2.2,
      8.4,
      11.0,
      11.2,
      10.4,
      8.9,
      10.9,
      7.3,
      10.0,
      15.6,
      12.7,
      10.8,
      8.9,
      32.1,
      9.1,
      9.2,
      23.5,
      9.3,
      0.0,
      9.3,
      8.4,
      8.8,
      0.063,
      29.0,
      12.0,
      9.2,
      12.7,
      4.1,
      33.2,
      8.7,
      12.9,
      12.9,
      9.6,
      42.9,
      9.7,
      9.3,
      9.2,
      8.6,
      10.6,
      72.2,
      8.8,
      15.6,
      19.3,
      19.4,
      16.1,
      12.9,
      8.3,
      33.5,
      17.9,
      10.7,
      9.8,
      9.2
    ],
    [
      1.0,
      0.45,
      8.6,
      1.9,
      3.5,
      0.7,
      0.072,
      1.6,
      0.4,
      0.9,
      0.85,
      9.8,
      7.3,
      3.0,
      1.7,
      24.3,
      0.45,
      0.9,
      15.0,
      0.15,
      9.3,
      0.0,
      1.8,
      2.8,
      9.4,
      19.0,
      2.0,
      1.6,
      5.5,
      6.4,
      25.7,
      1.1,
      4.8,
      5.1,
      0.9,
      34.6,
      2.1,
      0.55,
      1.8,
      0.35,
      1.0,
      64.7,
      2.8,
      12.5,
      11.8,
      9.4,
      13.0,
      4.6,
      0.7,
      26.1,
      11.1,
      0.65,
      4.5,
      0.5
    ],
    [
      2.6,
      2.0,
      7.7,
      0.65,
      3.3,
      3.6,
      2.8,
      0.5,
      3.2,
      2.8,
      2.4,
      7.9,
      4.8,
      1.3,
      0.6,
      24.4,
      1.4,
      1.6,
      15.8,
      1.7,
      8.4,
      1.8,
      0.0,
      1.2,
      9.0,
      21.2,
      4.2,
      0.45,
      4.9,
      6.0,
      25.3,
      0.7,
      5.1,
      5.0,
      1.8,
      36.0,
      0.85,
      2.5,
      0.7,
      1.8,
      2.8,
      64.3,
      1.0,
      11.4,
      11.5,
      11.6,
      11.9,
      5.1,
      1.5,
      25.7,
      10.3,
      2.9,
      3.4,
      3.2
    ],
    [
      3.6,
      3.0,
      2.6,
      1.8,
      4.3,
      3.7,
      3.8,
      2.5,
      4.2,
      3.1,
      3.4,
      7.0,
      4.5,
      3.1,
      2.3,
      23.6,
      2.4,
      2.6,
      16.9,
      2.7,
      8.8,
      2.8,
      1.2,
      0.0,
      8.8,
      18.4,
      5.1,
      1.2,
      4.4,
      5.8,
      25.1,
      1.6,
      4.6,
      4.5,
      2.8,
      34.8,
      2.1,
      2.9,
      2.3,
      2.2,
      3.7,
      64.1,
      0.013,
      7.5,
      11.2,
      12.5,
      8.0,
      4.9,
      2.0,
      25.5,
      9.8,
      3.8,
      1.7,
      2.8
    ],
    [
      10.2,
      9.6,
      2.1,
      8.3,
      10.9,
      11.2,
      10.4,
      8.8,
      10.8,
      7.3,
      10.0,
      15.5,
      12.6,
      10.7,
      8.9,
      32.0,
      9.0,
      9.2,
      23.4,
      9.3,
      0.063,
      9.4,
      9.0,
      8.8,
      0.0,
      28.9,
      11.9,
      9.1,
      12.6,
      4.0,
      33.1,
      8.6,
      12.8,
      12.8,
      9.6,
      42.8,
      9.6,
      9.2,
      9.1,
      8.5,
      10.6,
      72.1,
      8.7,
      15.5,
      19.2,
      19.4,
      16.0,
      12.8,
      8.2,
      33.4,
      18.1,
      10.7,
      9.7,
      9.1
    ],
    [
      20.0,
      19.6,
      28.3,
      20.4,
      16.4,
      19.8,
      19.0,
      20.1,
      19.4,
      20.7,
      19.8,
      23.1,
      21.1,
      18.7,
      20.2,
      20.2,
      20.4,
      19.7,
      5.3,
      19.7,
      29.0,
      19.0,
      21.2,
      18.4,
      28.9,
      0.0,
      16.0,
      19.6,
      17.5,
      24.4,
      22.3,
      19.1,
      16.4,
      15.6,
      19.2,
      27.9,
      18.6,
      19.5,
      18.8,
      19.4,
      19.1,
      61.3,
      20.8,
      23.8,
      10.4,
      13.3,
      24.3,
      15.2,
      19.9,
      22.7,
      20.7,
      17.4,
      18.7,
      19.5
    ],
    [
      3.0,
      2.6,
      11.3,
      3.4,
      2.3,
      2.8,
      1.9,
      3.1,
      2.4,
      6.3,
      2.7,
      11.2,
      8.8,
      4.5,
      3.1,
      26.2,
      3.4,
      2.7,
      13.4,
      2.4,
      12.0,
      2.0,
      4.2,
      5.1,
      11.9,
      16.0,
      0.0,
      4.1,
      7.0,
      8.9,
      27.2,
      3.6,
      6.6,
      6.9,
      3.6,
      36.4,
      4.5,
      4.4,
      3.3,
      4.3,
      3.9,
      66.2,
      5.3,
      13.3,
      13.3,
      7.3,
      13.7,
      6.4,
      4.4,
      27.6,
      12.9,
      2.1,
      6.2,
      4.3
    ],
    [
      2.4,
      1.8,
      8.5,
      0.6,
      3.1,
      2.9,
      2.6,
      0.4,
      3.0,
      3.5,
      2.2,
      6.6,
      4.7,
      1.1,
      0.55,
      22.8,
      1.3,
      1.0,
      15.6,
      1.5,
      9.2,
      1.6,
      0.45,
      1.2,
      9.1,
      19.6,
      4.1,
      0.0,
      3.5,
      5.9,
      24.0,
      0.6,
      3.7,
      3.7,
      1.0,
      33.7,
      0.45,
      2.4,
      0.6,
      1.7,
      2.7,
      63.0,
      1.2,
      10.0,
      10.1,
      11.5,
      10.5,
      3.7,
      1.4,
      24.3,
      8.9,
      2.8,
      2.0,
      2.3
    ],
    [
      6.7,
      6.4,
      12.0,
      4.1,
      5.2,
      4.6,
      5.5,
      3.9,
      6.0,
      7.0,
      5.1,
      5.9,
      3.8,
      3.5,
      4.0,
      22.4,
      4.8,
      5.4,
      13.6,
      6.2,
      12.7,
      5.5,
      4.9,
      4.4,
      12.6,
      17.5,
      7.0,
      3.5,
      0.0,
      9.1,
      22.6,
      3.8,
      1.8,
      1.8,
      3.4,
      33.3,
      2.3,
      4.9,
      3.5,
      4.8,
      4.6,
      61.6,
      3.6,
      8.8,
      8.8,
      13.2,
      9.3,
      2.3,
      4.6,
      23.0,
      6.7,
      4.5,
      2.8,
      4.8
    ],
    [
      7.2,
      6.6,
      3.4,
      5.4,
      8.0,
      8.2,
      7.4,
      5.9,
      7.8,
      4.3,
      7.0,
      12.6,
      9.7,
      7.8,
      5.9,
      29.1,
      6.1,
      6.2,
      20.5,
      6.3,
      4.1,
      6.4,
      6.0,
      5.8,
      4.0,
      24.4,
      8.9,
      5.9,
      9.1,
      0.0,
      30.2,
      5.7,
      9.9,
      9.8,
      6.6,
      39.9,
      6.7,
      6.3,
      6.2,
      5.6,
      7.6,
      69.2,
      5.8,
      12.6,
      16.3,
      16.4,
      13.1,
      9.9,
      5.3,
      30.5,
      15.1,
      7.7,
      6.8,
      6.2
    ],
    [
      27.0,
      26.6,
      32.4,
      24.5,
      25.4,
      24.8,
      25.7,
      24.4,
      26.2,
      27.5,
      25.3,
      28.1,
      26.0,
      23.7,
      24.5,
      12.3,
      25.2,
      25.6,
      21.1,
      26.4,
      33.2,
      25.7,
      25.3,
      25.1,
      33.1,
      22.3,
      27.2,
      24.0,
      22.6,
      30.2,
      0.0,
      24.8,
      22.8,
      22.0,
      24.4,
      32.5,
      23.3,
      25.9,
      24.5,
      25.8,
      25.5,
      43.7,
      24.6,
      29.0,
      14.9,
      35.1,
      26.4,
      21.8,
      25.9,
      0.7,
      21.6,
      26.0,
      24.1,
      25.8
    ],
    [
      1.9,
      1.3,
      8.0,
      0.061,
      2.6,
      2.9,
      2.1,
      0.3,
      2.5,
      0.9,
      0.85,
      7.2,
      5.3,
      2.4,
      0.23,
      23.7,
      0.7,
      0.75,
      15.2,
      0.95,
      8.7,
      1.1,
      0.7,
      1.6,
      8.6,
      19.1,
      3.6,
      0.6,
      3.8,
      5.7,
      24.8,
      0.0,
      4.4,
      4.3,
      0.75,
      34.4,
      1.2,
      2.6,
      0.27,
      0.7,
      1.0,
      63.7,
      1.7,
      10.7,
      10.8,
      10.9,
      11.2,
      4.4,
      0.6,
      25.0,
      9.6,
      2.2,
      2.7,
      2.5
    ],
    [
      5.8,
      5.4,
      12.2,
      4.3,
      4.7,
      4.8,
      4.7,
      4.1,
      5.2,
      7.2,
      4.4,
      7.3,
      5.2,
      3.7,
      4.3,
      21.8,
      5.0,
      4.6,
      12.5,
      6.4,
      12.9,
      4.8,
      5.1,
      4.6,
      12.8,
      16.4,
      6.6,
      3.7,
      1.8,
      9.9,
      22.8,
      4.4,
      0.0,
      1.6,
      3.1,
      32.9,
      2.1,
      3.9,
      3.3,
      3.8,
      3.4,
      62.5,
      3.4,
      9.5,
      9.6,
      13.0,
      10.0,
      2.9,
      4.0,
      23.8,
      8.7,
      4.3,
      2.5,
      3.8
    ],
    [
      6.1,
      5.7,
      12.1,
      4.2,
      5.0,
      4.7,
      5.0,
      4.1,
      5.5,
      7.2,
      4.7,
      7.2,
      5.2,
      3.6,
      4.2,
      21.0,
      4.9,
      4.9,
      11.7,
      6.3,
      12.9,
      5.1,
      5.0,
      4.5,
      12.8,
      15.6,
      6.9,
      3.7,
      1.8,
      9.8,
      22.0,
      4.3,
      1.6,
      0.0,
      5.0,
      31.1,
      4.0,
      5.6,
      4.9,
      5.5,
      5.1,
      61.4,
      4.5,
      8.9,
      8.5,
      14.7,
      9.4,
      0.65,
      6.0,
      22.7,
      7.6,
      5.6,
      3.2,
      5.5
    ],
    [
      3.2,
      1.6,
      8.9,
      0.7,
      2.7,
      2.6,
      1.0,
      0.7,
      2.6,
      4.0,
      0.6,
      8.8,
      6.4,
      1.0,
      0.75,
      23.4,
      0.6,
      0.037,
      15.2,
      0.85,
      9.6,
      0.9,
      1.8,
      2.8,
      9.6,
      19.2,
      3.6,
      1.0,
      3.4,
      6.6,
      24.4,
      0.75,
      3.1,
      5.0,
      0.0,
      35.8,
      2.5,
      2.2,
      0.55,
      0.7,
      0.7,
      66.1,
      3.3,
      13.2,
      13.2,
      10.7,
      13.7,
      5.9,
      0.9,
      27.5,
      12.3,
      2.0,
      4.0,
      2.1
    ],
    [
      35.6,
      37.3,
      42.2,
      34.3,
      34.6,
      35.4,
      34.6,
      35.0,
      35.0,
      37.2,
      34.2,
      38.7,
      36.7,
      34.3,
      34.2,
      35.9,
      35.0,
      34.5,
      26.7,
      37.0,
      42.9,
      34.6,
      36.0,
      34.8,
      42.8,
      27.9,
      36.4,
      33.7,
      33.3,
      39.9,
      32.5,
      34.4,
      32.9,
      31.1,
      35.8,
      0.0,
      34.2,
      35.1,
      34.4,
      35.0,
      34.7,
      65.4,
      36.4,
      39.4,
      25.1,
      39.5,
      39.8,
      30.8,
      35.5,
      34.6,
      33.3,
      35.1,
      34.3,
      35.0
    ],
    [
      2.9,
      2.3,
      9.0,
      1.1,
      3.6,
      2.0,
      3.0,
      0.85,
      3.4,
      4.0,
      2.6,
      6.2,
      4.2,
      1.5,
      1.0,
      22.3,
      1.7,
      1.8,
      14.7,
      2.0,
      9.7,
      2.1,
      0.85,
      2.1,
      9.6,
      18.6,
      4.5,
      0.45,
      2.3,
      6.7,
      23.3,
      1.2,
      2.1,
      4.0,
      2.5,
      34.2,
      0.0,
      2.9,
      1.7,
      2.2,
      3.2,
      62.5,
      1.3,
      9.6,
      9.6,
      12.0,
      10.0,
      3.2,
      1.9,
      23.8,
      8.5,
      3.3,
      0.55,
      2.8
    ],
    [
      1.0,
      0.14,
      8.6,
      2.5,
      4.2,
      1.0,
      0.65,
      2.2,
      0.35,
      0.6,
      1.2,
      10.3,
      7.9,
      3.5,
      2.2,
      24.9,
      0.8,
      1.8,
      15.6,
      0.45,
      9.3,
      0.55,
      2.5,
      2.9,
      9.2,
      19.5,
      4.4,
      2.4,
      4.9,
      6.3,
      25.9,
      2.6,
      3.9,
      5.6,
      2.2,
      35.1,
      2.9,
      0.0,
      2.4,
      0.6,
      1.3,
      65.5,
      3.1,
      12.6,
      12.6,
      10.0,
      13.0,
      5.2,
      0.9,
      26.8,
      11.6,
      1.3,
      5.5,
      0.12
    ],
    [
      2.9,
      1.3,
      8.4,
      0.24,
      2.3,
      2.6,
      1.8,
      0.25,
      2.2,
      3.5,
      1.0,
      8.9,
      6.0,
      0.95,
      0.3,
      23.8,
      0.8,
      0.5,
      14.9,
      1.0,
      9.2,
      1.8,
      0.7,
      2.3,
      9.1,
      18.8,
      3.3,
      0.6,
      3.5,
      6.2,
      24.5,
      0.27,
      3.3,
      4.9,
      0.55,
      34.4,
      1.7,
      2.4,
      0.0,
      0.9,
      1.1,
      63.7,
      2.0,
      10.8,
      10.8,
      11.0,
      11.3,
      4.5,
      1.1,
      25.1,
      9.7,
      2.3,
      2.7,
      2.5
    ],
    [
      1.7,
      0.5,
      7.9,
      0.7,
      4.0,
      1.6,
      0.45,
      1.6,
      0.6,
      0.55,
      0.65,
      10.2,
      6.4,
      3.5,
      0.9,
      24.8,
      0.21,
      0.7,
      15.5,
      0.27,
      8.6,
      0.35,
      1.8,
      2.2,
      8.5,
      19.4,
      4.3,
      1.7,
      4.8,
      5.6,
      25.8,
      0.7,
      3.8,
      5.5,
      0.7,
      35.0,
      2.2,
      0.6,
      0.9,
      0.0,
      0.8,
      65.7,
      3.0,
      12.7,
      12.8,
      10.5,
      13.2,
      6.4,
      0.35,
      27.0,
      11.9,
      1.0,
      3.8,
      0.65
    ],
    [
      1.3,
      1.2,
      9.9,
      1.0,
      1.7,
      1.0,
      1.0,
      1.7,
      1.2,
      1.3,
      0.19,
      10.0,
      7.6,
      3.2,
      1.2,
      24.5,
      0.65,
      0.7,
      15.1,
      0.9,
      10.6,
      1.0,
      2.8,
      3.7,
      10.6,
      19.1,
      3.9,
      2.7,
      4.6,
      7.6,
      25.5,
      1.0,
      3.4,
      5.1,
      0.7,
      34.7,
      3.2,
      1.3,
      1.1,
      0.8,
      0.0,
      64.5,
      3.6,
      11.5,
      11.6,
      10.3,
      12.0,
      4.4,
      1.1,
      25.8,
      10.8,
      1.6,
      4.3,
      1.3
    ],
    [
      66.0,
      65.6,
      71.5,
      63.6,
      64.5,
      63.8,
      64.7,
      63.4,
      65.2,
      66.5,
      64.3,
      67.1,
      65.0,
      62.7,
      63.5,
      49.6,
      64.2,
      64.6,
      60.1,
      65.4,
      72.2,
      64.7,
      64.3,
      64.1,
      72.1,
      61.3,
      66.2,
      63.0,
      61.6,
      69.2,
      43.7,
      63.7,
      62.5,
      61.4,
      66.1,
      65.4,
      62.5,
      65.5,
      63.7,
      65.7,
      64.5,
      0.0,
      63.9,
      68.3,
      54.2,
      73.5,
      68.8,
      61.3,
      64.9,
      42.2,
      60.8,
      64.8,
      63.0,
      64.6
    ],
    [
      3.6,
      3.0,
      8.1,
      1.8,
      4.3,
      3.7,
      3.8,
      2.6,
      4.2,
      3.1,
      3.4,
      7.1,
      4.6,
      3.2,
      2.3,
      23.6,
      2.5,
      2.6,
      16.9,
      2.7,
      8.8,
      2.8,
      1.0,
      0.013,
      8.7,
      20.8,
      5.3,
      1.2,
      3.6,
      5.8,
      24.6,
      1.7,
      3.4,
      4.5,
      3.3,
      36.4,
      1.3,
      3.1,
      2.0,
      3.0,
      3.6,
      63.9,
      0.0,
      7.5,
      11.2,
      12.5,
      8.0,
      4.9,
      2.0,
      25.5,
      9.8,
      3.9,
      1.7,
      2.8
    ],
    [
      13.0,
      12.7,
      14.9,
      10.6,
      11.5,
      10.8,
      11.8,
      10.4,
      12.3,
      13.6,
      11.4,
      2.8,
      3.7,
      9.7,
      10.6,
      24.9,
      11.3,
      11.6,
      19.8,
      12.4,
      15.6,
      12.5,
      11.4,
      7.5,
      15.5,
      23.8,
      13.3,
      10.0,
      8.8,
      12.6,
      29.0,
      10.7,
      9.5,
      8.9,
      13.2,
      39.4,
      9.6,
      12.6,
      10.8,
      12.7,
      11.5,
      68.3,
      7.5,
      0.0,
      14.8,
      19.3,
      0.5,
      8.4,
      10.7,
      29.1,
      8.7,
      10.6,
      7.9,
      10.9
    ],
    [
      13.1,
      12.8,
      18.6,
      10.7,
      11.6,
      10.9,
      11.8,
      10.5,
      12.3,
      13.6,
      11.4,
      14.2,
      12.2,
      9.8,
      10.6,
      13.9,
      11.3,
      11.7,
      9.2,
      12.5,
      19.3,
      11.8,
      11.5,
      11.2,
      19.2,
      10.4,
      13.3,
      10.1,
      8.8,
      16.3,
      14.9,
      10.8,
      9.6,
      8.5,
      13.2,
      25.1,
      9.6,
      12.6,
      10.8,
      12.8,
      11.6,
      54.2,
      11.2,
      14.8,
      0.0,
      20.6,
      15.9,
      8.3,
      12.0,
      15.3,
      8.9,
      11.9,
      10.1,
      12.4
    ],
    [
      10.4,
      10.0,
      18.7,
      10.8,
      9.4,
      10.2,
      9.4,
      10.5,
      9.8,
      13.7,
      10.2,
      18.7,
      16.2,
      11.9,
      10.6,
      34.0,
      10.8,
      10.1,
      18.6,
      10.1,
      19.4,
      9.4,
      11.6,
      12.5,
      19.4,
      13.3,
      7.3,
      11.5,
      13.2,
      16.4,
      35.1,
      10.9,
      13.0,
      14.7,
      10.7,
      39.5,
      12.0,
      10.0,
      11.0,
      10.5,
      10.3,
      73.5,
      12.5,
      19.3,
      20.6,
      0.0,
      22.8,
      14.4,
      11.7,
      36.1,
      20.9,
      8.8,
      14.3,
      11.6
    ],
    [
      13.5,
      13.2,
      15.4,
      11.1,
      12.0,
      11.3,
      12.2,
      10.9,
      12.7,
      14.0,
      11.9,
      1.1,
      4.2,
      10.2,
      11.1,
      25.4,
      11.8,
      12.1,
      20.3,
      12.9,
      16.1,
      13.0,
      11.9,
      8.0,
      16.0,
      24.3,
      13.7,
      10.5,
      9.3,
      13.1,
      26.4,
      11.2,
      10.0,
      9.4,
      13.7,
      39.8,
      10.0,
      13.0,
      11.3,
      13.2,
      12.0,
      68.8,
      8.0,
      0.5,
      15.9,
      22.8,
      0.0,
      8.9,
      11.2,
      29.5,
      9.1,
      11.1,
      8.4,
      11.3
    ],
    [
      5.6,
      5.2,
      12.2,
      4.3,
      4.6,
      4.5,
      4.6,
      4.1,
      5.0,
      7.2,
      4.2,
      7.8,
      5.8,
      3.4,
      4.2,
      20.7,
      5.0,
      4.5,
      11.2,
      5.1,
      12.9,
      4.6,
      5.1,
      4.9,
      12.8,
      15.2,
      6.4,
      3.7,
      2.3,
      9.9,
      21.8,
      4.4,
      2.9,
      0.65,
      5.9,
      30.8,
      3.2,
      5.2,
      4.5,
      6.4,
      4.4,
      61.3,
      4.9,
      8.4,
      8.3,
      14.4,
      8.9,
      0.0,
      5.5,
      22.6,
      7.1,
      5.1,
      3.1,
      5.0
    ],
    [
      2.0,
      0.75,
      7.6,
      0.6,
      3.4,
      3.7,
      0.8,
      1.4,
      0.9,
      0.5,
      1.0,
      8.1,
      6.1,
      3.3,
      1.4,
      24.6,
      0.5,
      0.9,
      16.0,
      0.6,
      8.3,
      0.7,
      1.5,
      2.0,
      8.2,
      19.9,
      4.4,
      1.4,
      4.6,
      5.3,
      25.9,
      0.6,
      4.0,
      6.0,
      0.9,
      35.5,
      1.9,
      0.9,
      1.1,
      0.35,
      1.1,
      64.9,
      2.0,
      10.7,
      12.0,
      11.7,
      11.2,
      5.5,
      0.0,
      27.3,
      12.1,
      1.8,
      4.1,
      1.0
    ],
    [
      27.3,
      27.0,
      32.8,
      24.9,
      25.8,
      25.1,
      26.0,
      24.7,
      26.5,
      27.8,
      25.7,
      28.4,
      26.4,
      24.0,
      24.9,
      12.7,
      25.6,
      25.9,
      21.5,
      26.7,
      33.5,
      26.1,
      25.7,
      25.5,
      33.4,
      22.7,
      27.6,
      24.3,
      23.0,
      30.5,
      0.7,
      25.0,
      23.8,
      22.7,
      27.5,
      34.6,
      23.8,
      26.8,
      25.1,
      27.0,
      25.8,
      42.2,
      25.5,
      29.1,
      15.3,
      36.1,
      29.5,
      22.6,
      27.3,
      0.0,
      21.8,
      25.8,
      24.0,
      26.1
    ],
    [
      12.2,
      11.9,
      17.4,
      9.5,
      11.0,
      10.0,
      11.1,
      9.3,
      11.4,
      12.4,
      10.7,
      8.0,
      7.8,
      8.9,
      9.5,
      20.8,
      10.2,
      10.9,
      16.7,
      11.6,
      17.9,
      11.1,
      10.3,
      9.8,
      18.1,
      20.7,
      12.9,
      8.9,
      6.7,
      15.1,
      21.6,
      9.6,
      8.7,
      7.6,
      12.3,
      33.3,
      8.5,
      11.6,
      9.7,
      11.9,
      10.8,
      60.8,
      9.8,
      8.7,
      8.9,
      20.9,
      9.1,
      7.1,
      12.1,
      21.8,
      0.0,
      11.0,
      9.0,
      11.2
    ],
    [
      1.8,
      1.1,
      10.0,
      2.1,
      0.95,
      1.3,
      0.6,
      1.8,
      1.0,
      5.1,
      1.4,
      10.0,
      7.5,
      3.2,
      1.9,
      24.5,
      1.1,
      1.2,
      12.8,
      1.2,
      10.7,
      0.65,
      2.9,
      3.8,
      10.7,
      17.4,
      2.1,
      2.8,
      4.5,
      7.7,
      26.0,
      2.2,
      4.3,
      5.6,
      2.0,
      35.1,
      3.3,
      1.3,
      2.3,
      1.0,
      1.6,
      64.8,
      3.9,
      10.6,
      11.9,
      8.8,
      11.1,
      5.1,
      1.8,
      25.8,
      11.0,
      0.0,
      4.4,
      1.1
    ],
    [
      6.0,
      3.8,
      9.0,
      2.6,
      4.5,
      3.8,
      4.5,
      2.4,
      5.2,
      4.1,
      4.1,
      5.8,
      3.9,
      2.7,
      2.5,
      22.7,
      3.2,
      3.3,
      14.7,
      3.5,
      9.8,
      4.5,
      3.4,
      1.7,
      9.7,
      18.7,
      6.2,
      2.0,
      2.8,
      6.8,
      24.1,
      2.7,
      2.5,
      3.2,
      4.0,
      34.3,
      0.55,
      5.5,
      2.7,
      3.8,
      4.3,
      63.0,
      1.7,
      7.9,
      10.1,
      14.3,
      8.4,
      3.1,
      4.1,
      24.0,
      9.0,
      4.4,
      0.0,
      3.8
    ],
    [
      0.55,
      0.16,
      8.5,
      2.4,
      4.1,
      1.0,
      0.55,
      2.1,
      0.21,
      0.65,
      1.1,
      10.2,
      7.8,
      3.8,
      2.1,
      24.8,
      0.7,
      1.7,
      15.5,
      0.35,
      9.2,
      0.5,
      3.2,
      2.8,
      9.1,
      19.5,
      4.3,
      2.3,
      4.8,
      6.2,
      25.8,
      2.5,
      3.8,
      5.5,
      2.1,
      35.0,
      2.8,
      0.12,
      2.5,
      0.65,
      1.3,
      64.6,
      2.8,
      10.9,
      12.4,
      11.6,
      11.3,
      5.0,
      1.0,
      26.1,
      11.2,
      1.1,
      3.8,
      0.0
    ]
  ],
  "drive_time_matrix": [
    [
      0.0,
      15.0,
      24.0,
      8.0,
      10.0,
      6.0,
      8.0,
      9.0,
      15.0,
      15.0,
      6.0,
      23.0,
      20.0,
      8.0,
      8.0,
      34.0,
      23.0,
      9.0,
      28.0,
      4.0,
      25.0,
      5.0,
      11.0,
      14.0,
      25.0,
      29.0,
      9.0,
      9.0,
      12.0,
      18.0,
      34.0,
      8.0,
      13.0,
      14.0,
      9.0,
      63.0,
      9.0,
      13.0,
      8.0,
      22.0,
      5.0,
      66.0,
      14.0,
      24.0,
      19.0,
      19.0,
      25.0,
      13.0,
      26.0,
      34.0,
      25.0,
      7.0,
      12.0,
      2.0
    ],
    [
      15.0,
      0.0,
      21.0,
      6.0,
      8.0,
      13.0,
      8.0,
      6.0,
      5.0,
      9.0,
      15.0,
      21.0,
      18.0,
      5.0,
      6.0,
      32.0,
      9.0,
      6.0,
      27.0,
      4.0,
      22.0,
      6.0,
      8.0,
      11.0,
      22.0,
      27.0,
      8.0,
      6.0,
      9.0,
      15.0,
      32.0,
      6.0,
      12.0,
      13.0,
      7.0,
      61.0,
      7.0,
      2.0,
      6.0,
      7.0,
      16.0,
      64.0,
      11.0,
      22.0,
      17.0,
      18.0,
      22.0,
      11.0,
      11.0,
      32.0,
      23.0,
      17.0,
      10.0,
      2.0
    ],
    [
      24.0,
      21.0,
      0.0,
      16.0,
      23.0,
      18.0,
      21.0,
      17.0,
      19.0,
      13.0,
      20.0,
      33.0,
      30.0,
      20.0,
      17.0,
      45.0,
      19.0,
      18.0,
      40.0,
      18.0,
      28.0,
      20.0,
      16.0,
      33.0,
      27.0,
      42.0,
      22.0,
      17.0,
      23.0,
      7.0,
      45.0,
      17.0,
      24.0,
      25.0,
      18.0,
      75.0,
      18.0,
      20.0,
      17.0,
      17.0,
      20.0,
      75.0,
      17.0,
      33.0,
      29.0,
      32.0,
      34.0,
      23.0,
      15.0,
      45.0,
      35.0,
      20.0,
      19.0,
      19.0
    ],
    [
      8.0,
      6.0,
      16.0,
      0.0,
      7.0,
      2.0,
      5.0,
      5.0,
      5.0,
      17.0,
      11.0,
      16.0,
      13.0,
      3.0,
      4.0,
      28.0,
      8.0,
      8.0,
      24.0,
      11.0,
      17.0,
      3.0,
      11.0,
      5.0,
      17.0,
      26.0,
      6.0,
      4.0,
      7.0,
      10.0,
      28.0,
      1.0,
      7.0,
      8.0,
      9.0,
      57.0,
      1.0,
      6.0,
      3.0,
      9.0,
      12.0,
      60.0,
      6.0,
      17.0,
      13.0,
      16.0,
      18.0,
      7.0,
      9.0,
      29.0,
      20.0,
      4.0,
      5.0,
      5.0
    ],
    [
      10.0,
      8.0,
      23.0,
      7.0,
      0.0,
      6.0,
      8.0,
      7.0,
      9.0,
      13.0,
      16.0,
      20.0,
      17.0,
      6.0,
      6.0,
      32.0,
      10.0,
      6.0,
      21.0,
      8.0,
      23.0,
      8.0,
      8.0,
      12.0,
      23.0,
      23.0,
      7.0,
      7.0,
      10.0,
      16.0,
      33.0,
      6.0,
      10.0,
      11.0,
      7.0,
      60.0,
      7.0,
      10.0,
      6.0,
      10.0,
      18.0,
      64.0,
      12.0,
      21.0,
      17.0,
      17.0,
      22.0,
      10.0,
      9.0,
      33.0,
      23.0,
      11.0,
      10.0,
      10.0
    ],
    [
      6.0,
      13.0,
      18.0,
      2.0,
      6.0,
      0.0,
      5.0,
      6.0,
      9.0,
      19.0,
      2.0,
      15.0,
      13.0,
      1.0,
      10.0,
      28.0,
      6.0,
      6.0,
      23.0,
      9.0,
      23.0,
      9.0,
      7.0,
      9.0,
      22.0,
      25.0,
      6.0,
      5.0,
      5.0,
      15.0,
      29.0,
      5.0,
      6.0,
      7.0,
      6.0,
      56.0,
      3.0,
      13.0,
      5.0,
      7.0,
      2.0,
      61.0,
      9.0,
      17.0,
      13.0,
      16.0,
      18.0,
      7.0,
      8.0,
      30.0,
      18.0,
      19.0,
      6.0,
      12.0
    ],
    [
      8.0,
      8.0,
      21.0,
      5.0,
      8.0,
      5.0,
      0.0,
      4.0,
      7.0,
      18.0,
      12.0,
      18.0,
      15.0,
      3.0,
      4.0,
      32.0,
      7.0,
      10.0,
      24.0,
      3.0,
      20.0,
      1.0,
      6.0,
      9.0,
      20.0,
      24.0,
      4.0,
      4.0,
      7.0,
      13.0,
      32.0,
      4.0,
      8.0,
      9.0,
      11.0,
      58.0,
      5.0,
      10.0,
      3.0,
      7.0,
      14.0,
      63.0,
      9.0,
      19.0,
      15.0,
      14.0,
      20.0,
      8.0,
      10.0,
      32.0,
      21.0,
      9.0,
      8.0,
      8.0
    ],
    [
      9.0,
      6.0,
      17.0,
      5.0,
      7.0,
      6.0,
      4.0,
      0.0,
      4.0,
      8.0,
      4.0,
      16.0,
      15.0,
      12.0,
      2.0,
      30.0,
      12.0,
      8.0,
      23.0,
      4.0,
      18.0,
      3.0,
      8.0,
      7.0,
      18.0,
      26.0,
      6.0,
      5.0,
      6.0,
      11.0,
      30.0,
      5.0,
      7.0,
      8.0,
      8.0,
      58.0,
      8.0,
      6.0,
      3.0,
      5.0,
      3.0,
      60.0,
      7.0,
      17.0,
      14.0,
      16.0,
      18.0,
      7.0,
      4.0,
      29.0,
      19.0,
      3.0,
      5.0,
      5.0
    ],
    [
      15.0,
      5.0,
      19.0,
      5.0,
      9.0,
      9.0,
      7.0,
      4.0,
      0.0,
      12.0,
      13.0,
      19.0,
      16.0,
      4.0,
      6.0,
      31.0,
      8.0,
      6.0,
      25.0,
      4.0,
      22.0,
      5.0,
      7.0,
      11.0,
      22.0,
      26.0,
      6.0,
      6.0,
      8.0,
      15.0,
      31.0,
      5.0,
      10.0,
      11.0,
      6.0,
      60.0,
      6.0,
      5.0,
      5.0,
      8.0,
      15.0,
      62.0,
      11.0,
      19.0,
      16.0,
      16.0,
      20.0,
      10.0,
      13.0,
      31.0,
      21.0,
      16.0,
      9.0,
      3.0
    ],
    [
      15.0,
      9.0,
      13.0,
      17.0,
      13.0,
      19.0,
      18.0,
      8.0,
      12.0,
      0.0,
      17.0,
      24.0,
      23.0,
      11.0,
      8.0,
      37.0,
