{
  "drive_dist_matrix": [
    [
      0.0,
      11.2,
      29.5,
      2.0,
      2.7,
      3.7,
      5.6,
      23.0,
      6.9,
      2.1,
      6.2,
      8.8,
      2.3,
      3.8,
      5.7,
      1.9,
      2.6,
      11.0,
      3.2,
      25.8,
      16.1,
      0.5,
      2.8,
      5.4,
      8.9,
      14.8,
      2.6,
      5.6,
      16.2,
      13.0,
      2.0,
      8.9,
      6.4,
      5.4,
      11.0,
      2.7,
      14.5,
      5.8,
      10.3,
      9.0,
      8.4,
      5.4,
      0.22,
      14.2,
      2.9,
      9.3,
      2.3,
      41.0,
      22.0,
      6.8,
      5.8,
      7.5,
      41.2,
      6.9,
      2.2,
      3.2,
      5.1,
      2.6,
      3.9,
      4.0
    ],
    [
      11.2,
      0.0,
      22.6,
      10.9,
      11.7,
      9.0,
      11.9,
      20.8,
      4.7,
      11.5,
      14.2,
      2.9,
      12.0,
      9.3,
      6.1,
      11.3,
      11.9,
      19.4,
      12.1,
      22.0,
      12.6,
      11.6,
      11.7,
      7.3,
      9.7,
      10.7,
      12.0,
      13.5,
      8.7,
      22.3,
      11.8,
      6.1,
      14.4,
      12.5,
      0.6,
      12.0,
      10.4,
      6.2,
      9.8,
      9.9,
      23.7,
      10.1,
      10.7,
      10.1,
      9.7,
      4.5,
      13.6,
      36.6,
      15.1,
      6.9,
      11.5,
      6.2,
      36.9,
      10.0,
      11.7,
      8.5,
      13.1,
      11.8,
      9.6,
      8.8
    ],
    [
      29.5,
      22.6,
      0.0,
      29.4,
      30.2,
      27.6,
      30.9,
      28.2,
      24.9,
      30.0,
      33.3,
      21.4,
      30.6,
      27.8,
      24.7,
      29.8,
      30.5,
      38.5,
      30.5,
      32.4,
      28.6,
      30.2,
      30.2,
      25.8,
      48.6,
      22.8,
      30.5,
      32.6,
      29.5,
      59.4,
      30.3,
      24.6,
      33.5,
      31.5,
      22.4,
      30.5,
      22.4,
      24.7,
      48.6,
      49.4,
      40.7,
      31.5,
      29.2,
      22.4,
      28.8,
      23.0,
      32.7,
      21.3,
      11.7,
      25.5,
      32.9,
      25.4,
      50.2,
      30.9,
      30.2,
      27.0,
      32.2,
      30.9,
      27.6,
      27.3
    ],
    [
      2.0,
      10.9,
      29.4,
      0.0,
      5.5,
      3.7,
      3.8,
      24.2,
      7.1,
      4.0,
      4.2,
      9.0,
      4.2,
      3.4,
      5.7,
      3.8,
      4.6,
      9.4,
      5.5,
      27.0,
      17.3,
      3.9,
      4.7,
      6.4,
      5.5,
      15.3,
      4.6,
      3.6,
      14.4,
      11.6,
      4.2,
      8.4,
      4.4,
      3.4,
      10.1,
      5.7,
      14.7,
      5.8,
      8.1,
      5.7,
      10.8,
      3.3,
      3.1,
      14.7,
      1.3,
      9.8,
      3.6,
      39.3,
      22.4,
      6.5,
      3.8,
      8.3,
      39.5,
      4.7,
      4.2,
      4.1,
      3.1,
      1.8,
      5.7,
      5.6
    ],
    [
      2.7,
      11.7,
      30.2,
      5.5,
      0.0,
      4.5,
      7.9,
      21.0,
      8.7,
      2.3,
      11.1,
      10.6,
      1.9,
      5.8,
      6.7,
      2.1,
      1.2,
      16.1,
      2.1,
      23.9,
      14.2,
      2.8,
      1.8,
      6.3,
      9.7,
      13.3,
      1.4,
      9.2,
      15.2,
      15.4,
      2.2,
      5.0,
      11.1,
      8.5,
      11.1,
      0.6,
      12.9,
      6.8,
      11.1,
      9.8,
      6.2,
      8.5,
      4.5,
      12.9,
      9.9,
      7.9,
      6.7,
      39.4,
      24.1,
      5.1,
      10.7,
      4.9,
      39.6,
      7.7,
      2.3,
      3.2,
      9.2,
      4.6,
      2.6,
      2.6
    ],
    [
      3.7,
      9.0,
      27.6,
      3.7,
      4.5,
      0.0,
      3.8,
      21.7,
      5.3,
      2.9,
      6.2,
      7.2,
      3.5,
      1.9,
      4.1,
      2.8,
      3.4,
      11.2,
      3.5,
      24.5,
      14.8,
      3.1,
      3.1,
      4.8,
      6.4,
      13.2,
      3.4,
      5.1,
      11.9,
      13.1,
      3.2,
      7.2,
      6.3,
      4.4,
      9.4,
      4.2,
      12.9,
      4.1,
      7.8,
      6.5,
      10.4,
      4.4,
      2.1,
      12.6,
      2.5,
      7.6,
      3.9,
      39.3,
      20.6,
      5.1,
      5.7,
      7.3,
      39.5,
      4.4,
      3.1,
      2.2,
      5.1,
      3.1,
      3.3,
      3.3
    ],
    [
      5.6,
      11.9,
      30.9,
      3.8,
      7.9,
      3.8,
      0.0,
      25.2,
      8.0,
      5.5,
      2.7,
      9.8,
      6.1,
      3.9,
      6.7,
      5.3,
      6.1,
      9.1,
      6.4,
      28.1,
      18.4,
      6.5,
      6.0,
      7.5,
      2.5,
      16.4,
      6.2,
      1.2,
      8.3,
      12.6,
      5.8,
      9.5,
      2.8,
      0.4,
      9.4,
      7.1,
      16.1,
      6.8,
      3.0,
      2.7,
      14.8,
      0.55,
      4.7,
      15.8,
      4.5,
      10.8,
      8.4,
      33.1,
      23.3,
      7.6,
      2.0,
      9.4,
      33.3,
      1.6,
      5.7,
      6.3,
      1.3,
      4.8,
      7.5,
      6.2
    ],
    [
      23.0,
      20.8,
      28.2,
      24.2,
      21.0,
      21.7,
      25.2,
      0.0,
      19.9,
      20.6,
      27.5,
      16.2,
      27.1,
      21.7,
      19.7,
      20.7,
      22.2,
      32.7,
      22.7,
      2.9,
      8.5,
      23.8,
      23.1,
      20.2,
      27.6,
      13.8,
      22.4,
      34.3,
      28.6,
      35.1,
      23.2,
      17.6,
      27.7,
      25.8,
      17.8,
      21.7,
      13.5,
      19.7,
      27.6,
      28.1,
      24.5,
      33.7,
      23.6,
      13.4,
      23.0,
      14.5,
      27.5,
      44.5,
      24.0,
      18.5,
      27.1,
      17.5,
      53.7,
      28.5,
      20.6,
      20.9,
      26.4,
      25.1,
      19.3,
      19.4
    ],
    [
      6.9,
      4.7,
      24.9,
      7.1,
      8.7,
      5.3,
      8.0,
      19.9,
      0.0,
      5.2,
      10.5,
      3.4,
      7.8,
      5.1,
      3.4,
      7.1,
      6.3,
      15.7,
      6.3,
      20.8,
      11.1,
      7.4,
      6.1,
      3.1,
      8.3,
      9.4,
      6.4,
      9.3,
      8.0,
      18.6,
      7.5,
      3.1,
      10.6,
      9.0,
      4.5,
      7.2,
      9.1,
      2.0,
      8.3,
      8.5,
      12.8,
      8.6,
      6.5,
      8.8,
      6.1,
      3.9,
      10.0,
      35.2,
      16.9,
      2.7,
      10.0,
      3.1,
      35.4,
      8.1,
      5.3,
      4.3,
      9.4,
      8.1,
      4.9,
      4.5
    ],
    [
      2.1,
      11.5,
      30.0,
      4.0,
      2.3,
      2.9,
      5.5,
      20.6,
      5.2,
      0.0,
      9.5,
      8.3,
      2.1,
      3.1,
      5.2,
      0.22,
      1.0,
      12.5,
      0.85,
      23.6,
      16.2,
      2.2,
      0.85,
      4.0,
      8.1,
      13.0,
      1.0,
      7.6,
      13.6,
      12.8,
      1.8,
      4.8,
      9.5,
      6.9,
      10.5,
      2.5,
      12.6,
      5.2,
      9.5,
      9.7,
      8.0,
      6.9,
      1.8,
      12.6,
      3.6,
      8.7,
      3.5,
      37.8,
      21.7,
      3.3,
      6.5,
      3.6,
      38.0,
      6.1,
      0.11,
      1.1,
      5.8,
      4.0,
      1.7,
      1.7
    ],
    [
      6.2,
      14.2,
      33.3,
      4.2,
      11.1,
      6.2,
      2.7,
      27.5,
      10.5,
      9.5,
      0.0,
      12.2,
      7.5,
      7.1,
      9.1,
      7.2,
      9.7,
      7.8,
      9.8,
      32.4,
      21.4,
      7.3,
      9.4,
      10.6,
      3.6,
      18.8,
      9.8,
      1.8,
      10.6,
      15.5,
      7.6,
      11.8,
      0.35,
      2.3,
      11.6,
      10.7,
      18.4,
      9.2,
      4.4,
      4.0,
      28.5,
      1.8,
      6.6,
      18.1,
      10.9,
      13.2,
      11.4,
      39.3,
      25.2,
      9.9,
      0.45,
      11.7,
      39.5,
      4.0,
      7.6,
      8.0,
      1.1,
      10.0,
      9.2,
      9.8
    ],
    [
      8.8,
      2.9,
      21.4,
      9.0,
      10.6,
      7.2,
      9.8,
      16.2,
      3.4,
      8.3,
      12.2,
      0.0,
      9.5,
      6.8,
      3.6,
      8.8,
      9.4,
      17.4,
      8.2,
      19.4,
      9.8,
      9.1,
      9.2,
      4.8,
      10.7,
      8.1,
      9.5,
      11.1,
      9.7,
      20.4,
      9.2,
      3.6,
      12.5,
      10.4,
      2.5,
      10.6,
      7.8,
      3.7,
      13.2,
      10.9,
      14.5,
      10.5,
      8.2,
      7.5,
      7.8,
      2.4,
      11.7,
      39.0,
      13.9,
      4.4,
      11.8,
      3.7,
      39.2,
      9.8,
      9.2,
      6.0,
      11.2,
      9.4,
      6.6,
      6.3
    ],
    [
      2.3,
      12.0,
      30.6,
      4.2,
      1.9,
      3.5,
      6.1,
      27.1,
      7.8,
      2.1,
      7.5,
      9.5,
      0.0,
      5.5,
      7.6,
      2.1,
      1.6,
      11.8,
      2.2,
      24.8,
      17.4,
      2.0,
      2.1,
      6.4,
      9.9,
      14.2,
      1.7,
      9.4,
      15.4,
      11.6,
      0.35,
      6.0,
      11.3,
      8.7,
      12.9,
      1.6,
      13.8,
      7.7,
      11.3,
      10.1,
      6.6,
      8.7,
      3.8,
      13.4,
      5.6,
      8.9,
      2.4,
      39.6,
      24.2,
      6.0,
      7.6,
      5.8,
      39.8,
      7.9,
      2.3,
      3.5,
      6.6,
      3.1,
      2.9,
      3.0
    ],
    [
      3.8,
      9.3,
      27.8,
      3.4,
      5.8,
      1.9,
      3.9,
      21.7,
      5.1,
      3.1,
      7.1,
      6.8,
      5.5,
      0.0,
      3.5,
      4.1,
      4.6,
      11.0,
      4.5,
      24.8,
      15.1,
      6.3,
      4.4,
      4.1,
      5.5,
      13.1,
      4.7,
      5.2,
      12.2,
      13.9,
      4.5,
      6.2,
      6.0,
      4.1,
      7.9,
      5.4,
      12.8,
      3.5,
      6.9,
      7.1,
      11.2,
      4.2,
      3.4,
      12.5,
      1.4,
      7.5,
      5.2,
      37.0,
      20.3,
      4.3,
      5.4,
      6.1,
      37.3,
      3.5,
      3.0,
      2.0,
      4.7,
      3.4,
      3.9,
      3.1
    ],
    [
      5.7,
      6.1,
      24.7,
      5.7,
      6.7,
      4.1,
      6.7,
      19.7,
      3.4,
      5.2,
      9.1,
      3.6,
      7.6,
      3.5,
      0.0,
      6.8,
      7.4,
      13.8,
      7.5,
      22.6,
      12.9,
      9.1,
      7.1,
      1.3,
      7.1,
      10.9,
      7.5,
      7.9,
      10.8,
      16.7,
      7.3,
      3.9,
      8.8,
      6.9,
      5.6,
      8.2,
      10.6,
      2.0,
      9.8,
      7.3,
      19.0,
      6.9,
      6.2,
      10.2,
      4.1,
      5.3,
      8.0,
      35.7,
      18.2,
      2.5,
      8.2,
      3.8,
      35.9,
      7.2,
      7.2,
      4.1,
      7.5,
      6.2,
      6.3,
      6.0
    ],
    [
      1.9,
      11.3,
      29.8,
      3.8,
      2.1,
      2.8,
      5.3,
      20.7,
      7.1,
      0.22,
      7.2,
      8.8,
      2.1,
      4.1,
      6.8,
      0.0,
      0.95,
      12.1,
      1.0,
      24.1,
      14.4,
      0.9,
      1.1,
      5.0,
      8.7,
      13.5,
      1.0,
      6.3,
      14.3,
      12.5,
      1.6,
      5.3,
      7.1,
      6.1,
      11.7,
      2.2,
      13.2,
      5.3,
      10.2,
      8.9,
      7.7,
      6.1,
      2.3,
      12.7,
      3.6,
      8.2,
      3.1,
      38.4,
      21.5,
      4.0,
      6.5,
      4.3,
      38.7,
      6.8,
      0.28,
      1.8,
      5.8,
      4.0,
      2.2,
      2.3
    ],
    [
      2.6,
      11.9,
      30.5,
      4.6,
      1.2,
      3.4,
      6.1,
      22.2,
      6.3,
      1.0,
      9.7,
      9.4,
      1.6,
      4.6,
      7.4,
      0.95,
      0.0,
      12.6,
      1.3,
      23.6,
      13.9,
      2.6,
      0.35,
      5.5,
      9.0,
      13.0,
      0.18,
      8.4,
      14.5,
      13.0,
      2.0,
      4.8,
      10.4,
      7.7,
      12.0,
      0.7,
      12.6,
      6.7,
      10.4,
      9.1,
      7.2,
      7.8,
      2.8,
      12.2,
      4.0,
      10.4,
      3.6,
      38.7,
      22.0,
      4.8,
      9.9,
      4.6,
      38.9,
      7.0,
      1.1,
      2.5,
      8.4,
      4.5,
      2.0,
      2.0
    ],
    [
      11.0,
      19.4,
      38.5,
      9.4,
      16.1,
      11.2,
      9.1,
      32.7,
      15.7,
      12.5,
      7.8,
      17.4,
      11.8,
      11.0,
      13.8,
      12.1,
      12.6,
      0.0,
      12.9,
      34.9,
      25.2,
      10.5,
      12.9,
      14.2,
      7.8,
      23.2,
      12.4,
      6.6,
      16.3,
      12.4,
      10.9,
      16.3,
      6.8,
      7.2,
      18.0,
      16.0,
      22.9,
      13.6,
      8.6,
      9.1,
      24.7,
      6.7,
      10.8,
      22.6,
      8.9,
      17.6,
      9.4,
      35.3,
      30.2,
      14.3,
      6.2,
      16.2,
      35.5,
      8.9,
      11.9,
      12.0,
      6.1,
      8.0,
      13.8,
      13.8
    ],
    [
      3.2,
      12.1,
      30.5,
      5.5,
      2.1,
      3.5,
      6.4,
      22.7,
      6.3,
      0.85,
      9.8,
      8.2,
      2.2,
      4.5,
      7.5,
      1.0,
      1.3,
      12.9,
      0.0,
      23.6,
      16.2,
      3.0,
      1.2,
      4.2,
      8.1,
      13.0,
      1.2,
      6.5,
      13.6,
      13.6,
      3.1,
      3.8,
      9.5,
      5.8,
      10.7,
      2.3,
      12.7,
      5.4,
      9.5,
      8.3,
      9.1,
      5.8,
      2.4,
      11.9,
      4.0,
      8.9,
      4.4,
      37.8,
      20.7,
      3.3,
      7.2,
      3.7,
      38.0,
      6.1,
      0.75,
      1.2,
      6.6,
      4.5,
      1.7,
      1.8
    ],
    [
      25.8,
      22.0,
      32.4,
      27.0,
      23.9,
      24.5,
      28.1,
      2.9,
      20.8,
      23.6,
      32.4,
      19.4,
      24.8,
      24.8,
      22.6,
      24.1,
      23.6,
      34.9,
      23.6,
      0.0,
      12.3,
      26.8,
      26.2,
      24.0,
      30.6,
      17.6,
      26.1,
      37.3,
      31.6,
      38.1,
      26.2,
      20.6,
      31.4,
      37.1,
      20.8,
      24.7,
      17.2,
      21.2,
      30.4,
      31.0,
      27.6,
      36.6,
      27.3,
      16.4,
      26.8,
      18.3,
      30.5,
      46.4,
      26.6,
      21.5,
      30.1,
      20.5,
      56.7,
      31.6,
      23.6,
      24.0,
      29.5,
      28.5,
      22.3,
      22.4
    ],
    [
      16.1,
      12.6,
      28.6,
      17.3,
      14.2,
      14.8,
      18.4,
      8.5,
      11.1,
      16.2,
      21.4,
      9.8,
      17.4,
      15.1,
      12.9,
      14.4,
      13.9,
      25.2,
      16.2,
      12.3,
      0.0,
      17.6,
      17.1,
      14.0,
      21.3,
      6.6,
      16.1,
      20.6,
      22.3,
      30.5,
      17.0,
      11.4,
      21.5,
      19.6,
      11.6,
      15.4,
      6.2,
      13.5,
      21.4,
      21.9,
      19.9,
      19.6,
      17.4,
      7.2,
      16.8,
      8.3,
      21.2,
      47.2,
      17.8,
      12.2,
      20.8,
      11.2,
      47.4,
      19.9,
      14.3,
      14.7,
      20.2,
      18.9,
      13.0,
      12.7
    ],
    [
      0.5,
      11.6,
      30.2,
      3.9,
      2.8,
      3.1,
      6.5,
      23.8,
      7.4,
      2.2,
      7.3,
      9.1,
      2.0,
      6.3,
      9.1,
      0.9,
      2.6,
      10.5,
      3.0,
      26.8,
      17.6,
      0.0,
      1.9,
      4.4,
      7.9,
      14.9,
      1.8,
      5.7,
      13.4,
      12.4,
      1.9,
      6.2,
      6.5,
      5.5,
      11.1,
      2.8,
      14.6,
      6.0,
      9.3,
      8.0,
      8.3,
      5.5,
      0.23,
      14.3,
      3.0,
      9.4,
      3.2,
      37.6,
      20.9,
      5.7,
      5.9,
      6.2,
      37.8,
      5.9,
      1.4,
      2.2,
      5.2,
      3.2,
      2.9,
      2.9
    ],
    [
      2.8,
      11.7,
      30.2,
      4.7,
      1.8,
      3.1,
      6.0,
      23.1,
      6.1,
      0.85,
      9.4,
      9.2,
      2.1,
      4.4,
      7.1,
      1.1,
      0.35,
      12.9,
      1.2,
      26.2,
      17.1,
      1.9,
      0.0,
      5.0,
      8.4,
      12.8,
      0.4,
      7.9,
      14.0,
      13.1,
      2.3,
      4.5,
      9.8,
      7.2,
      11.4,
      1.0,
      12.4,
      6.2,
      9.9,
      8.6,
      7.5,
      7.3,
      3.1,
      12.3,
      4.8,
      7.4,
      3.9,
      38.1,
      22.7,
      4.6,
      9.4,
      4.4,
      38.4,
      6.5,
      0.75,
      2.0,
      7.9,
      4.7,
      1.5,
      1.5
    ],
    [
      5.4,
      7.3,
      25.8,
      6.4,
      6.3,
      4.8,
      7.5,
      20.2,
      3.1,
      4.0,
      10.6,
      4.8,
      6.4,
      4.1,
      1.3,
      5.0,
      5.5,
      14.2,
      4.2,
      24.0,
      14.0,
      4.4,
      5.0,
      0.0,
      10.1,
      11.9,
      5.3,
      8.1,
      11.1,
      17.2,
      6.3,
      2.0,
      10.2,
      7.4,
      6.4,
      6.3,
      11.5,
      0.75,
      10.1,
      10.7,
      11.7,
      7.5,
      5.2,
      11.1,
      4.6,
      5.0,
      7.0,
      36.0,
      17.8,
      0.75,
      9.1,
      2.0,
      36.2,
      6.8,
      4.2,
      3.2,
      8.5,
      6.5,
      3.7,
      3.4
    ],
    [
      8.9,
      9.7,
      48.6,
      5.5,
      9.7,
      6.4,
      2.5,
      27.6,
      8.3,
      8.1,
      3.6,
      10.7,
      9.9,
      5.5,
      7.1,
      8.7,
      9.0,
      7.8,
      8.1,
      30.6,
      21.3,
      7.9,
      8.4,
      10.1,
      0.0,
      19.0,
      8.5,
      3.2,
      6.2,
      16.7,
      8.4,
      12.1,
      3.1,
      2.8,
      9.0,
      9.4,
      18.7,
      8.4,
      0.021,
      0.26,
      15.2,
      2.4,
      7.4,
      18.4,
      6.4,
      13.4,
      10.3,
      30.5,
      22.0,
      9.1,
      3.2,
      12.0,
      30.8,
      1.8,
      7.8,
      6.7,
      3.1,
      8.5,
      7.9,
      8.1
    ],
    [
      14.8,
      10.7,
      22.8,
      15.3,
      13.3,
      13.2,
      16.4,
      13.8,
      9.4,
      13.0,
      18.8,
      8.1,
      14.2,
      13.1,
      10.9,
      13.5,
      13.0,
      23.2,
      13.0,
      17.6,
      6.6,
      14.9,
      12.8,
      11.9,
      19.0,
      0.0,
      14.7,
      18.9,
      20.7,
      28.4,
      15.6,
      9.9,
      19.8,
      17.9,
      10.1,
      14.0,
      0.45,
      10.4,
      19.1,
      19.6,
      19.0,
      18.0,
      14.3,
      0.55,
      14.5,
      6.2,
      19.8,
      45.5,
      11.2,
      10.8,
      19.2,
      9.8,
      45.8,
      18.0,
      12.9,
      13.2,
      18.5,
      17.2,
      11.6,
      11.7
    ],
    [
      2.6,
      12.0,
      30.5,
      4.6,
      1.4,
      3.4,
      6.2,
      22.4,
      6.4,
      1.0,
      9.8,
      9.5,
      1.7,
      4.7,
      7.5,
      1.0,
      0.18,
      12.4,
      1.2,
      26.1,
      16.1,
      1.8,
      0.4,
      5.3,
      8.5,
      14.7,
      0.0,
      8.7,
      14.5,
      13.2,
      2.2,
      4.6,
      10.4,
      7.8,
      13.3,
      0.75,
      12.2,
      6.7,
      10.4,
      10.6,
      7.5,
      7.8,
      3.7,
      12.1,
      4.4,
      10.2,
      3.8,
      38.7,
      23.3,
      4.4,
      9.1,
      4.2,
      38.9,
      7.0,
      1.5,
      2.6,
      8.5,
      4.6,
      2.1,
      1.8
    ],
    [
      5.6,
      13.5,
      32.6,
      3.6,
      9.2,
      5.1,
      1.2,
      34.3,
      9.3,
      7.6,
      1.8,
      11.1,
      9.4,
      5.2,
      7.9,
      6.3,
      8.4,
      6.6,
      6.5,
      37.3,
      20.6,
      5.7,
      7.9,
      8.1,
      3.2,
      18.9,
      8.7,
      0.0,
      9.5,
      15.0,
      6.6,
      10.8,
      1.4,
      1.7,
      10.6,
      7.9,
      17.4,
      8.1,
      5.4,
      3.8,
      17.3,
      0.65,
      5.5,
      17.1,
      5.5,
      12.1,
      6.0,
      33.7,
      24.2,
      8.8,
      0.8,
      10.7,
      33.9,
      2.9,
      6.5,
      7.7,
      0.16,
      4.1,
      8.8,
      8.9
    ],
    [
      16.2,
      8.7,
      29.5,
      14.4,
      15.2,
      11.9,
      8.3,
      28.6,
      8.0,
      13.6,
      10.6,
      9.7,
      15.4,
      12.2,
      10.8,
      14.3,
      14.5,
      16.3,
      13.6,
      31.6,
      22.3,
      13.4,
      14.0,
      11.1,
      6.2,
      20.7,
      14.5,
      9.5,
      0.0,
      21.6,
      18.2,
      13.9,
      9.1,
      9.0,
      8.0,
      15.5,
      20.5,
      14.1,
      5.8,
      6.3,
      28.9,
      8.6,
      17.1,
      20.1,
      15.1,
      15.2,
      19.0,
      32.1,
      21.5,
      14.9,
      10.0,
      13.8,
      32.4,
      8.4,
      13.9,
      12.8,
      9.3,
      17.1,
      13.9,
      15.9
    ],
    [
      13.0,
      22.3,
      59.4,
      11.6,
      15.4,
      13.1,
      12.6,
      35.1,
      18.6,
      12.8,
      15.5,
      20.4,
      11.6,
      13.9,
      16.7,
      12.5,
      13.0,
      12.4,
      13.6,
      38.1,
      30.5,
      12.4,
      13.1,
      17.2,
      16.7,
      28.4,
      13.2,
      15.0,
      21.6,
      0.0,
      11.2,
      20.0,
      15.9,
      12.1,
      21.7,
      16.0,
      26.6,
      17.3,
      17.6,
      18.2,
      14.2,
      15.8,
      12.6,
      26.3,
      12.7,
      21.3,
      9.4,
      41.9,
      34.0,
      18.0,
      15.3,
      19.9,
      42.1,
      13.2,
      12.4,
      15.7,
      11.8,
      10.8,
      18.6,
      18.1
    ],
    [
      2.0,
      11.8,
      30.3,
      4.2,
      2.2,
      3.2,
      5.8,
      23.2,
      7.5,
      1.8,
      7.6,
      9.2,
      0.35,
      4.5,
      7.3,
      1.6,
      2.0,
      10.9,
      3.1,
      26.2,
      17.0,
      1.9,
      2.3,
      6.3,
      8.4,
      15.6,
      2.2,
      6.6,
      18.2,
      11.2,
      0.0,
      6.3,
      7.8,
      6.8,
      12.6,
      1.8,
      15.8,
      7.4,
      11.6,
      10.4,
      6.9,
      7.3,
      3.3,
      13.4,
      5.6,
      9.2,
      2.3,
      43.7,
      23.9,
      6.3,
      6.8,
      6.1,
      43.9,
      8.2,
      2.6,
      3.8,
      6.6,
      3.1,
      3.2,
      3.3
    ],
    [
      8.9,
      6.1,
      24.6,
      8.4,
      5.0,
      7.2,
      9.5,
      17.6,
      3.1,
      4.8,
      11.8,
      3.6,
      6.0,
      6.2,
      3.9,
      5.3,
      4.8,
      16.3,
      3.8,
      20.6,
      11.4,
      6.2,
      4.5,
      2.0,
      12.1,
      9.9,
      4.6,
      10.8,
      13.9,
      20.0,
      6.3,
      0.0,
      11.2,
      9.3,
      6.6,
      5.7,
      9.4,
      4.1,
      11.1,
      11.7,
      17.4,
      9.4,
      6.2,
      9.4,
      6.6,
      3.4,
      10.5,
      37.0,
      17.9,
      0.7,
      10.6,
      0.12,
      37.2,
      9.6,
      3.7,
      3.6,
      10.0,
      8.6,
      2.9,
      2.6
    ],
    [
      6.4,
      14.4,
      33.5,
      4.4,
      11.1,
      6.3,
      2.8,
      27.7,
      10.6,
      9.5,
      0.35,
      12.5,
      11.3,
      6.0,
      8.8,
      7.1,
      10.4,
      6.8,
      9.5,
      31.4,
      21.5,
      6.5,
      9.8,
      10.2,
      3.1,
      19.8,
      10.4,
      1.4,
      9.1,
      15.9,
      7.8,
      11.2,
      0.0,
      10.9,
      18.1,
      16.1,
      23.0,
      13.7,
      12.3,
      12.8,
      26.0,
      10.4,
      11.0,
      22.7,
      9.1,
      17.7,
      9.5,
      37.5,
      30.3,
      14.5,
      0.85,
      16.3,
      37.7,
      11.4,
      12.0,
      12.1,
      9.8,
      8.1,
      13.2,
      14.0
    ],
    [
      5.4,
      12.5,
      31.5,
      3.4,
      8.5,
      4.4,
      0.4,
      25.8,
      9.0,
      6.9,
      2.3,
      10.4,
      8.7,
      4.1,
      6.9,
      6.1,
      7.7,
      7.2,
      5.8,
      37.1,
      19.6,
      5.5,
      7.2,
      7.4,
      2.8,
      17.9,
      7.8,
      1.7,
      9.0,
      12.1,
      6.8,
      9.3,
      10.9,
      0.0,
      9.4,
      6.6,
      16.1,
      6.8,
      3.9,
      3.4,
      14.3,
      1.0,
      4.2,
      15.8,
      4.5,
      10.8,
      8.4,
      33.4,
      23.3,
      7.6,
      2.9,
      9.4,
      33.6,
      1.6,
      5.2,
      5.0,
      2.1,
      4.3,
      7.0,
      7.0
    ],
    [
      11.0,
      0.6,
      22.4,
      10.1,
      11.1,
      9.4,
      9.4,
      17.8,
      4.5,
      10.5,
      11.6,
      2.5,
      12.9,
      7.9,
      5.6,
      11.7,
      12.0,
      18.0,
      10.7,
      20.8,
      11.6,
      11.1,
      11.4,
      6.4,
      9.0,
      10.1,
      13.3,
      10.6,
      8.0,
      21.7,
      12.6,
      6.6,
      18.1,
      9.4,
      0.0,
      12.6,
      10.1,
      5.9,
      9.5,
      9.7,
      23.5,
      9.8,
      10.4,
      9.8,
      9.4,
      4.2,
      13.3,
      36.4,
      14.8,
      6.7,
      11.2,
      6.0,
      36.6,
      9.8,
      11.4,
      8.3,
      10.5,
      11.5,
      9.3,
      8.5
    ],
    [
      2.7,
      12.0,
      30.5,
      5.7,
      0.6,
      4.2,
      7.1,
      21.7,
      7.2,
      2.5,
      10.7,
      10.6,
      1.6,
      5.4,
      8.2,
      2.2,
      0.7,
      16.0,
      2.3,
      24.7,
      15.4,
      2.8,
      1.0,
      6.3,
      9.4,
      14.0,
      0.75,
      7.9,
      15.5,
      16.0,
      1.8,
      5.7,
      16.1,
      6.6,
      12.6,
      0.0,
      12.8,
      7.1,
      11.0,
      11.1,
      6.7,
      8.4,
      4.0,
      12.7,
      5.6,
      10.2,
      7.2,
      39.3,
      22.2,
      5.0,
      10.5,
      4.8,
      39.5,
      7.6,
      1.7,
      2.9,
      9.0,
      4.8,
      2.3,
      2.5
    ],
    [
      14.5,
      10.4,
      22.4,
      14.7,
      12.9,
      12.9,
      16.1,
      13.5,
      9.1,
      12.6,
      18.4,
      7.8,
      13.8,
      12.8,
      10.6,
      13.2,
      12.6,
      22.9,
      12.7,
      17.2,
      6.2,
      14.6,
      12.4,
      11.5,
      18.7,
      0.45,
      12.2,
      17.4,
      20.5,
      26.6,
      15.8,
      9.4,
      23.0,
      16.1,
      10.1,
      12.8,
      0.0,
      10.0,
      19.3,
      19.9,
      18.6,
      17.5,
      14.5,
      0.15,
      14.7,
      6.4,
      19.4,
      45.1,
      11.2,
      10.4,
      18.8,
      9.4,
      45.4,
      17.8,
      12.5,
      12.8,
      18.1,
      16.8,
      11.2,
      10.9
    ],
    [
      5.8,
      6.2,
      24.7,
      5.8,
      6.8,
      4.1,
      6.8,
      19.7,
      2.0,
      5.2,
      9.2,
      3.7,
      7.7,
      3.5,
      2.0,
      5.3,
      6.7,
      13.6,
      5.4,
      21.2,
      13.5,
      6.0,
      6.2,
      0.75,
      8.4,
      10.4,
      6.7,
      8.1,
      14.1,
      17.3,
      7.4,
      4.1,
      13.7,
      6.8,
      5.9,
      7.1,
      10.0,
      0.0,
      9.8,
      7.2,
      19.0,
      6.9,
      6.2,
      10.2,
      4.1,
      5.2,
      8.0,
      35.6,
      18.2,
      2.4,
      8.1,
      3.8,
      35.9,
      7.2,
      7.2,
      4.0,
      7.5,
      6.2,
      6.3,
      5.9
    ],
    [
      10.3,
      9.8,
      48.6,
      8.1,
      11.1,
      7.8,
      3.0,
      27.6,
      8.3,
      9.5,
      4.4,
      13.2,
      11.3,
      6.9,
      9.8,
      10.2,
      10.4,
      8.6,
      9.5,
      30.4,
      21.4,
      9.3,
      9.9,
      10.1,
      0.021,
      19.1,
      10.4,
      5.4,
      5.8,
      17.6,
      11.6,
      11.1,
      12.3,
      3.9,
      9.5,
      11.0,
      19.3,
      9.8,
      0.0,
      1.4,
      14.9,
      2.3,
      7.0,
      16.1,
      6.1,
      11.1,
      10.0,
      32.1,
      22.0,
      9.1,
      3.2,
      9.7,
      32.3,
      1.8,
      7.5,
      6.4,
      3.1,
      6.3,
      7.5,
      7.6
    ],
    [
      9.0,
      9.9,
      49.4,
      5.7,
      9.8,
      6.5,
      2.7,
      28.1,
      8.5,
      9.7,
      4.0,
      10.9,
      10.1,
      7.1,
      7.3,
      8.9,
      9.1,
      9.1,
      8.3,
      31.0,
      21.9,
      8.0,
      8.6,
      10.7,
      0.26,
      19.6,
      10.6,
      3.8,
      6.3,
      18.2,
      10.4,
      11.7,
      12.8,
      3.4,
      9.7,
      11.1,
      19.9,
      7.2,
      1.4,
      0.0,
      15.0,
      2.4,
      7.2,
      16.0,
      6.2,
      11.0,
      10.1,
      30.9,
      21.9,
      9.0,
      3.8,
      9.6,
      31.1,
      1.8,
      7.6,
      6.5,
      3.2,
      6.4,
      7.6,
      7.7
    ],
    [
      8.4,
      23.7,
      40.7,
      10.8,
      6.2,
      10.4,
      14.8,
      24.5,
      12.8,
      8.0,
      28.5,
      14.5,
      6.6,
      11.2,
      19.0,
      7.7,
      7.2,
      24.7,
      9.1,
      27.6,
      19.9,
      8.3,
      7.5,
      11.7,
      15.2,
      19.0,
      7.5,
      17.3,
      28.9,
      14.2,
      6.9,
      17.4,
      26.0,
      14.3,
      23.5,
      6.7,
      18.6,
      19.0,
      14.9,
      15.0,
      0.0,
      14.7,
      9.7,
      23.3,
      21.4,
      18.5,
      11.0,
      51.8,
      32.9,
      17.2,
      16.9,
      16.1,
      52.0,
      13.9,
      8.0,
      9.1,
      17.5,
      9.5,
      8.6,
      9.0
    ],
    [
      5.4,
      10.1,
      31.5,
      3.3,
      8.5,
      4.4,
      0.55,
      33.7,
      8.6,
      6.9,
      1.8,
      10.5,
      8.7,
      4.2,
      6.9,
      6.1,
      7.8,
      6.7,
      5.8,
      36.6,
      19.6,
      5.5,
      7.3,
      7.5,
      2.4,
      18.0,
      7.8,
      0.65,
      8.6,
      15.8,
      7.3,
      9.4,
      10.4,
      1.0,
      9.8,
      8.4,
      17.5,
      6.9,
      2.3,
      2.4,
      14.7,
      0.0,
      4.7,
      16.3,
      5.0,
      11.3,
      6.1,
      33.0,
      22.9,
      8.0,
      1.4,
      9.9,
      33.2,
      2.1,
      5.7,
      5.4,
      0.75,
      4.2,
      7.7,
      7.8
    ],
    [
      0.22,
      10.7,
      29.2,
      3.1,
      4.5,
      2.1,
      4.7,
      23.6,
      6.5,
      1.8,
      6.6,
      8.2,
      3.8,
      3.4,
      6.2,
      2.3,
      2.8,
      10.8,
      2.4,
      27.3,
      17.4,
      0.23,
      3.1,
      5.2,
      7.4,
      14.3,
      3.7,
      5.5,
      17.1,
      12.6,
      3.3,
      6.2,
      11.0,
      4.2,
      10.4,
      4.0,
      14.5,
      6.2,
      7.0,
      7.2,
      9.7,
      4.7,
      0.0,
      14.7,
      5.5,
      10.2,
      2.3,
      43.7,
      23.2,
      7.2,
      6.7,
      6.7,
      43.9,
      8.8,
      2.2,
      4.3,
      6.0,
      2.7,
      3.8,
      3.9
    ],
    [
      14.2,
      10.1,
      22.4,
      14.7,
      12.9,
      12.6,
      15.8,
      13.4,
      8.8,
      12.6,
      18.1,
      7.5,
      13.4,
      12.5,
      10.2,
      12.7,
      12.2,
      22.6,
      11.9,
      16.4,
      7.2,
      14.3,
      12.3,
      11.1,
      18.4,
      0.55,
      12.1,
      17.1,
      20.1,
      26.3,
      13.4,
      9.4,
      22.7,
      15.8,
      9.8,
      12.7,
      0.15,
      10.2,
      16.1,
      16.0,
      23.3,
      16.3,
      14.7,
      0.0,
      14.0,
      5.6,
      19.3,
      44.4,
      11.2,
      10.3,
      18.0,
      9.4,
      44.6,
      17.1,
      12.4,
      12.8,
      17.4,
      16.1,
      11.2,
      11.3
    ],
    [
      2.9,
      9.7,
      28.8,
      1.3,
      9.9,
      2.5,
      4.5,
      23.0,
      6.1,
      3.6,
      10.9,
      7.8,
      5.6,
      1.4,
      4.1,
      3.6,
      4.0,
      8.9,
      4.0,
      26.8,
      16.8,
      3.0,
      4.8,
      4.6,
      6.4,
      14.5,
      4.4,
      5.5,
      15.1,
      12.7,
      5.6,
      6.6,
      9.1,
      4.5,
      9.4,
      5.6,
      14.7,
      4.1,
      6.1,
      6.2,
      21.4,
      5.0,
      5.5,
      14.0,
      0.0,
      8.7,
      3.9,
      38.1,
      21.2,
      5.4,
      4.0,
      7.2,
      38.4,
      4.5,
      3.9,
      3.0,
      3.4,
      2.1,
      4.4,
      4.9
    ],
    [
      9.3,
      4.5,
      23.0,
      9.8,
      7.9,
      7.6,
      10.8,
      14.5,
      3.9,
      8.7,
      13.2,
      2.4,
      8.9,
      7.5,
      5.3,
      8.2,
      10.4,
      17.6,
      8.9,
      18.3,
      8.3,
      9.4,
      7.4,
      5.0,
      13.4,
      6.2,
      10.2,
      12.1,
      15.2,
      21.3,
      9.2,
      3.4,
      17.7,
      10.8,
      4.2,
      10.2,
      6.4,
      5.2,
      11.1,
      11.0,
      18.5,
      11.3,
      10.2,
      5.6,
      8.7,
      0.0,
      12.8,
      39.3,
      15.5,
      4.5,
      12.9,
      3.3,
      39.5,
      11.9,
      6.6,
      7.0,
      12.3,
      11.0,
      5.8,
      5.5
    ],
    [
      2.3,
      13.6,
      32.7,
      3.6,
      6.7,
      3.9,
      8.4,
      27.5,
      10.0,
      3.5,
      11.4,
      11.7,
      2.4,
      5.2,
      8.0,
      3.1,
      3.6,
      9.4,
      4.4,
      30.5,
      21.2,
      3.2,
      3.9,
      7.0,
      10.3,
      19.8,
      3.8,
      6.0,
      19.0,
      9.4,
      2.3,
      10.5,
      9.5,
      8.4,
      13.3,
      7.2,
      19.4,
      8.0,
      10.0,
      10.1,
      11.0,
      6.1,
      2.3,
      19.3,
      3.9,
      12.8,
      0.0,
      41.4,
      24.5,
      8.6,
      5.5,
      10.4,
      41.6,
      7.7,
      4.0,
      6.2,
      5.2,
      1.4,
      8.1,
      8.1
    ],
    [
      41.0,
      36.6,
      21.3,
      39.3,
      39.4,
      39.3,
      33.1,
      44.5,
      35.2,
      37.8,
      39.3,
      39.0,
      39.6,
      37.0,
      35.7,
      38.4,
      38.7,
      35.3,
      37.8,
      46.4,
      47.2,
      37.6,
      38.1,
      36.0,
      30.5,
      45.5,
      38.7,
      33.7,
      32.1,
      41.9,
      43.7,
      37.0,
      37.5,
      33.4,
      36.4,
      39.3,
      45.1,
      35.6,
      32.1,
      30.9,
      51.8,
      33.0,
      43.7,
      44.4,
      38.1,
      39.3,
      41.4,
      0.0,
      29.1,
      39.6,
      38.7,
      38.4,
      33.2,
      33.1,
      38.7,
      37.6,
      34.2,
      41.8,
      38.8,
      38.8
    ],
    [
      22.0,
      15.1,
      11.7,
      22.4,
      24.1,
      20.6,
      23.3,
      24.0,
      16.9,
      21.7,
      25.2,
      13.9,
      24.2,
      20.3,
      18.2,
      21.5,
      22.0,
      30.2,
      20.7,
      26.6,
      17.8,
      20.9,
      22.7,
      17.8,
      22.0,
      11.2,
      23.3,
      24.2,
      21.5,
      34.0,
      23.9,
      17.9,
      30.3,
      23.3,
      14.8,
      22.2,
      11.2,
      18.2,
      22.0,
      21.9,
      32.9,
      22.9,
      23.2,
      11.2,
      21.2,
      15.5,
      24.5,
      29.1,
      0.0,
      17.9,
      25.3,
      17.8,
      54.0,
      23.3,
      22.7,
      19.5,
      24.7,
      23.4,
      20.3,
      19.8
    ],
    [
      6.8,
      6.9,
      25.5,
      6.5,
      5.1,
      5.1,
      7.6,
      18.5,
      2.7,
      3.3,
      9.9,
      4.4,
      6.0,
      4.3,
      2.5,
      4.0,
      4.8,
      14.3,
      3.3,
      21.5,
      12.2,
      5.7,
      4.6,
      0.75,
      9.1,
      10.8,
      4.4,
      8.8,
      14.9,
      18.0,
      6.3,
      0.7,
      14.5,
      7.6,
      6.7,
      5.0,
      10.4,
      2.4,
      9.1,
      9.0,
      17.2,
      8.0,
      7.2,
      10.3,
      5.4,
      4.5,
      8.6,
      39.6,
      17.9,
      0.0,
      9.1,
      0.7,
      36.6,
      7.3,
      4.0,
      3.0,
      8.5,
      6.9,
      2.9,
      2.6
    ],
    [
      5.8,
      11.5,
      32.9,
      3.8,
      10.7,
      5.7,
      2.0,
      27.1,
      10.0,
      6.5,
      0.45,
      11.8,
      7.6,
      5.4,
      8.2,
      6.5,
      9.9,
      6.2,
      7.2,
      30.1,
      20.8,
      5.9,
      9.4,
      9.1,
      3.2,
      19.2,
      9.1,
      0.8,
      10.0,
      15.3,
      6.8,
      10.6,
      0.85,
      2.9,
      11.2,
      10.5,
      18.8,
      8.1,
      3.2,
      3.8,
      16.9,
      1.4,
      6.7,
      18.0,
      4.0,
      12.9,
      5.5,
      38.7,
      25.3,
      9.1,
      0.0,
      11.3,
      39.1,
      3.5,
      8.7,
      7.6,
      0.75,
      9.5,
      8.7,
      9.1
    ],
    [
      7.5,
      6.2,
      25.4,
      8.3,
      4.9,
      7.3,
      9.4,
      17.5,
      3.1,
      3.6,
      11.7,
      3.7,
      5.8,
      6.1,
      3.8,
      4.3,
      4.6,
      16.2,
      3.7,
      20.5,
      11.2,
      6.2,
      4.4,
      2.0,
      12.0,
      9.8,
      4.2,
      10.7,
      13.8,
      19.9,
      6.1,
      0.12,
      16.3,
      9.4,
      6.0,
      4.8,
      9.4,
      3.8,
      9.7,
      9.6,
      16.1,
      9.9,
      6.7,
      9.4,
      7.2,
      3.3,
      10.4,
      38.4,
      17.8,
      0.7,
      11.3,
      0.0,
      37.1,
      9.5,
      3.6,
      3.6,
      9.9,
      8.5,
      2.8,
      2.4
    ],
    [
      41.2,
      36.9,
      50.2,
      39.5,
      39.6,
      39.5,
      33.3,
      53.7,
      35.4,
      38.0,
      39.5,
      39.2,
      39.8,
      37.3,
      35.9,
      38.7,
      38.9,
      35.5,
      38.0,
      56.7,
      47.4,
      37.8,
      38.4,
      36.2,
      30.8,
      45.8,
      38.9,
      33.9,
      32.4,
      42.1,
      43.9,
      37.2,
      37.7,
      33.6,
      36.6,
      39.5,
      45.4,
      35.9,
      32.3,
      31.1,
      52.0,
      33.2,
      43.9,
      44.6,
      38.4,
      39.5,
      41.6,
      33.2,
      54.0,
      36.6,
      39.1,
      37.1,
      0.0,
      32.4,
      38.0,
      36.9,
      33.5,
      41.1,
      38.1,
      39.8
    ],
    [
      6.9,
      10.0,
      30.9,
      4.7,
      7.7,
      4.4,
      1.6,
      28.5,
      8.1,
      6.1,
      4.0,
      9.8,
      7.9,
      3.5,
      7.2,
      6.8,
      7.0,
      8.9,
      6.1,
      31.6,
      19.9,
      5.9,
      6.5,
      6.8,
      1.8,
      18.0,
      7.0,
      2.9,
      8.4,
      13.2,
      8.2,
      9.6,
      11.4,
      1.6,
      9.8,
      7.6,
      17.8,
      7.2,
      1.8,
      1.8,
      13.9,
      2.1,
      8.8,
      17.1,
      4.5,
      11.9,
      7.7,
      33.1,
      23.3,
      7.3,
      3.5,
      9.5,
      32.4,
      0.0,
      6.4,
      5.3,
      2.3,
      5.5,
      6.5,
      6.6
    ],
    [
      2.2,
      11.7,
      30.2,
      4.2,
      2.3,
      3.1,
      5.7,
      20.6,
      5.3,
      0.11,
      7.6,
      9.2,
      2.3,
      3.0,
      7.2,
      0.28,
      1.1,
      11.9,
      0.75,
      23.6,
      14.3,
      1.4,
      0.75,
      4.2,
      7.8,
      12.9,
      1.5,
      6.5,
      13.9,
      12.4,
      2.6,
      3.7,
      12.0,
      5.2,
      11.4,
      1.7,
      12.5,
      7.2,
      7.5,
      7.6,
      8.0,
      5.7,
      2.2,
      12.4,
      3.9,
      6.6,
      4.0,
      38.7,
      22.7,
      4.0,
      8.7,
      3.6,
      38.0,
      6.4,
      0.0,
      1.2,
      5.9,
      4.1,
      1.8,
      1.8
    ],
    [
      3.2,
      8.5,
      27.0,
      4.1,
      3.2,
      2.2,
      6.3,
      20.9,
      4.3,
      1.1,
      8.0,
      6.0,
      3.5,
      2.0,
      4.1,
      1.8,
      2.5,
      12.0,
      1.2,
      24.0,
      14.7,
      2.2,
      2.0,
      3.2,
      6.7,
      13.2,
      2.6,
      7.7,
      12.8,
      15.7,
      3.8,
      3.6,
      12.1,
      5.0,
      8.3,
      2.9,
      12.8,
      4.0,
      6.4,
      6.5,
      9.1,
      5.4,
      4.3,
      12.8,
      3.0,
      7.0,
      6.2,
      37.6,
      19.5,
      3.0,
      7.6,
      3.6,
      36.9,
      5.3,
      1.2,
      0.0,
      6.1,
      4.0,
      2.0,
      2.0
    ],
    [
      5.1,
      13.1,
      32.2,
      3.1,
      9.2,
      5.1,
      1.3,
      26.4,
      9.4,
      5.8,
      1.1,
      11.2,
      6.6,
      4.7,
      7.5,
      5.8,
      8.4,
      6.1,
      6.6,
      29.5,
      20.2,
      5.2,
      7.9,
      8.5,
      3.1,
      18.5,
      8.5,
      0.16,
      9.3,
      11.8,
      6.6,
      10.0,
      9.8,
      2.1,
      10.5,
      9.0,
      18.1,
      7.5,
      3.1,
      3.2,
      17.5,
      0.75,
      6.0,
      17.4,
      3.4,
      12.3,
      5.2,
      34.2,
      24.7,
      8.5,
      0.75,
      9.9,
      33.5,
      2.3,
      5.9,
      6.1,
      0.0,
      9.4,
      8.6,
      9.0
    ],
    [
      2.6,
      11.8,
      30.9,
