{
  "drive_dist_matrix": [
    [
      0.0,
      6.43736,
      9.334171999999999,
      22.691694,
      13.67939,
      18.50741,
      6.598293999999999,
      5.471756,
      53.10822,
      14.966862,
      8.368568,
      0.80467,
      1.9312079999999998,
      32.1868,
      1.2874720000000002,
      0.6437360000000001,
      8.529501999999999,
      1.1265379999999998,
      23.657297999999997,
      11.104446000000001,
      0.9656039999999999,
      5.471756,
      22.369826,
      14.644993999999999,
      25.427572,
      13.357522000000001,
      8.690436,
      9.65604,
      2.092142,
      23.657297999999997,
      5.793624,
      9.334171999999999,
      14.966862,
      5.471756,
      10.299776000000001,
      8.85137,
      23.496364,
      6.43736,
      14.966862,
      8.529501999999999,
      0.9656039999999999,
      13.035654,
      22.852628,
      15.28873,
      29.933724,
      22.691694,
      8.207633999999999,
      4.184284,
      14.805927999999998,
      11.587248,
      8.690436,
      4.9889540000000006,
      4.345218,
      3.7014819999999995,
      1.7702740000000001,
      0.9656039999999999
    ],
    [
      6.43736,
      0.0,
      7.0810960000000005,
      15.28873,
      12.391918,
      11.426314,
      0.80467,
      2.092142,
      55.200362,
      13.67939,
      6.9201619999999995,
      5.149888000000001,
      4.345218,
      30.899327999999997,
      4.506151999999999,
      7.24203,
      7.0810960000000005,
      5.310822,
      16.254334,
      7.563898,
      4.667085999999999,
      2.092142,
      21.082354,
      15.932466,
      24.1401,
      11.909116000000001,
      8.368568,
      7.402963999999999,
      4.506151999999999,
      22.369826,
      1.9312079999999998,
      7.0810960000000005,
      13.67939,
      2.092142,
      9.816974,
      7.402963999999999,
      22.208892000000002,
      1.2874720000000002,
      13.67939,
      5.9545580000000005,
      5.310822,
      12.552852,
      15.449663999999999,
      14.001257999999998,
      31.864932,
      21.243288,
      6.759228,
      2.2530759999999996,
      13.518456,
      9.012303999999999,
      8.207633999999999,
      2.41401,
      4.345218,
      5.793624,
      4.184284,
      4.82802
    ],
    [
      9.334171999999999,
      7.0810960000000005,
      0.0,
      12.230984,
      6.115492,
      8.207633999999999,
      6.9201619999999995,
      5.9545580000000005,
      50.69421,
      8.85137,
      0.32186800000000004,
      10.299776000000001,
      9.495106,
      24.461968,
      7.885766,
      10.621644,
      0.48280199999999995,
      10.46071,
      13.357522000000001,
      0.6437360000000001,
      9.816974,
      6.115492,
      14.644993999999999,
      12.230984,
      17.70274,
      5.63269,
      14.323126,
      3.057746,
      9.65604,
      15.932466,
      11.426314,
      0.364,
      8.85137,
      6.115492,
      15.771532,
      0.16093400000000002,
      15.771532,
      7.402963999999999,
      8.85137,
      8.0467,
      10.46071,
      18.668343999999998,
      12.552852,
      9.173238,
      27.519714,
      14.966862,
      0.48280199999999995,
      7.402963999999999,
      8.690436,
      6.115492,
      14.162192000000001,
      6.115492,
      6.9201619999999995,
      8.529501999999999,
      9.334171999999999,
      9.977908000000001
    ],
    [
      22.691694,
      15.28873,
      12.230984,
      0.0,
      13.357522000000001,
      7.724831999999999,
      15.127796,
      13.67939,
      64.212666,
      14.644993999999999,
      15.771532,
      23.818232000000002,
      23.013562,
      35.888282000000004,
      15.127796,
      23.33543,
      13.035654,
      23.979166,
      2.092142,
      15.610598,
      23.33543,
      13.67939,
      26.071308,
      25.588506,
      29.129054000000004,
      17.059003999999998,
      27.519714,
      10.46071,
      23.174496,
      21.72609,
      16.0934,
      12.552852,
      14.644993999999999,
      13.67939,
      29.129054000000004,
      12.87472,
      27.197846,
      15.610598,
      14.644993999999999,
      12.391918,
      23.979166,
      31.864932,
      0.32186800000000004,
      15.127796,
      41.03817,
      26.393175999999997,
      15.771532,
      20.760486,
      9.65604,
      8.368568,
      27.35878,
      19.31208,
      15.127796,
      21.72609,
      22.852628,
      23.496364
    ],
    [
      13.67939,
      12.391918,
      6.115492,
      13.357522000000001,
      0.0,
      8.368568,
      12.230984,
      10.621644,
      55.361295999999996,
      3.379614,
      7.0810960000000005,
      14.966862,
      14.162192000000001,
      26.875978,
      13.840323999999999,
      14.48406,
      7.402963999999999,
      15.127796,
      13.518456,
      6.759228,
      14.48406,
      11.587248,
      16.89807,
      16.89807,
      20.11675,
      7.885766,
      18.668343999999998,
      6.9201619999999995,
      14.323126,
      9.977908000000001,
      15.932466,
      6.598293999999999,
      3.379614,
      10.782578,
      20.277684,
      7.402963999999999,
      18.185542,
      11.909116000000001,
      3.379614,
      9.977908000000001,
      15.127796,
      23.013562,
      12.87472,
      3.7014819999999995,
      32.1868,
      17.219938,
      6.9201619999999995,
      11.909116000000001,
      4.667085999999999,
      7.402963999999999,
      18.668343999999998,
      10.46071,
      10.782578,
      12.87472,
      14.001257999999998,
      14.644993999999999
    ],
    [
      18.50741,
      11.426314,
      8.207633999999999,
      7.724831999999999,
      8.368568,
      0.0,
      10.943512,
      9.495106,
      59.706514,
      10.299776000000001,
      11.426314,
      19.31208,
      18.50741,
      31.543064,
      11.104446000000001,
      18.829278,
      11.748182,
      19.473014,
      8.368568,
      11.104446000000001,
      18.829278,
      9.495106,
      21.565156,
      21.243288,
      24.783836,
      12.552852,
      23.013562,
      6.43736,
      18.668343999999998,
      17.219938,
      11.909116000000001,
      8.0467,
      10.299776000000001,
      9.65604,
      24.622902,
      11.748182,
      22.852628,
      11.426314,
      10.299776000000001,
      8.207633999999999,
      19.473014,
      27.35878,
      7.724831999999999,
      10.621644,
      36.532018,
      21.887024,
      11.26538,
      16.254334,
      3.8624159999999996,
      4.184284,
      23.013562,
      14.805927999999998,
      10.943512,
      17.219938,
      18.346476,
      18.990212
    ],
    [
      6.598293999999999,
      0.80467,
      6.9201619999999995,
      15.127796,
      12.230984,
      10.943512,
      0.0,
      1.9312079999999998,
      54.23475800000001,
      13.357522000000001,
      6.759228,
      4.667085999999999,
      3.8624159999999996,
      30.738394000000003,
      4.184284,
      4.9889540000000006,
      6.9201619999999995,
      4.9889540000000006,
      16.0934,
      9.65604,
      4.184284,
      1.9312079999999998,
      20.92142,
      15.449663999999999,
      23.979166,
      11.748182,
      7.885766,
      8.368568,
      4.184284,
      22.047957999999998,
      1.448406,
      7.563898,
      13.357522000000001,
      1.9312079999999998,
      9.334171999999999,
      7.402963999999999,
      22.047957999999998,
      0.80467,
      13.357522000000001,
      5.793624,
      4.82802,
      12.230984,
      15.28873,
      13.840323999999999,
      31.060262,
      21.082354,
      6.598293999999999,
      1.448406,
      13.196587999999998,
      8.85137,
      7.724831999999999,
      1.9312079999999998,
      4.02335,
      4.82802,
      3.8624159999999996,
      4.345218
    ],
    [
      5.471756,
      2.092142,
      5.9545580000000005,
      13.67939,
      10.621644,
      9.495106,
      1.9312079999999998,
      0.0,
      53.751956,
      12.230984,
      5.63269,
      4.184284,
      3.379614,
      29.611855999999996,
      3.21868,
      5.9545580000000005,
      5.793624,
      4.345218,
      14.644993999999999,
      8.529501999999999,
      3.7014819999999995,
      0.32186800000000004,
      19.633948,
      15.28873,
      22.852628,
      10.621644,
      10.138842,
      6.9201619999999995,
      3.5405480000000003,
      20.92142,
      2.41401,
      6.115492,
      12.230984,
      0.213,
      11.748182,
      6.43736,
      20.92142,
      1.9312079999999998,
      12.230984,
      4.345218,
      4.184284,
      14.48406,
      13.840323999999999,
      12.713786,
      30.57746,
      19.955816000000002,
      5.471756,
      2.41401,
      12.07005,
      7.402963999999999,
      10.138842,
      1.2874720000000002,
      3.057746,
      4.345218,
      3.21868,
      3.8624159999999996
    ],
    [
      53.10822,
      55.200362,
      50.69421,
      64.212666,
      55.361295999999996,
      59.706514,
      54.23475800000001,
      53.751956,
      0.0,
      56.970636,
      51.98168199999999,
      54.395692,
      53.591021999999995,
      43.934982,
      51.98168199999999,
      54.71756,
      51.820748,
      54.556625999999994,
      65.822006,
      51.177012,
      53.91289,
      54.556625999999994,
      52.142616,
      45.544322,
      48.119265999999996,
      55.361295999999996,
      60.02838199999999,
      54.23475800000001,
      53.751956,
      53.430088000000005,
      57.131569999999996,
      51.659814000000004,
      57.131569999999996,
      54.71756,
      61.476788000000006,
      51.659814000000004,
      53.269154,
      54.395692,
      56.970636,
      57.614371999999996,
      54.395692,
      64.212666,
      65.017336,
      57.453438000000006,
      28.646252,
      47.958332,
      54.073824,
      54.073824,
      56.809701999999994,
      57.453438000000006,
      59.867448,
      54.073824,
      51.016078,
      55.361295999999996,
      53.430088000000005,
      54.073824
    ],
    [
      14.966862,
      13.67939,
      8.85137,
      14.644993999999999,
      3.379614,
      10.299776000000001,
      13.357522000000001,
      12.230984,
      56.970636,
      0.0,
      8.207633999999999,
      16.0934,
      15.28873,
      28.002515999999996,
      14.966862,
      15.610598,
      8.529501999999999,
      16.254334,
      14.644993999999999,
      7.885766,
      15.610598,
      12.713786,
      18.024607999999997,
      18.024607999999997,
      21.243288,
      9.012303999999999,
      19.794882,
      8.0467,
      15.449663999999999,
      9.012303999999999,
      17.059003999999998,
      7.724831999999999,
      0.32186800000000004,
      11.909116000000001,
      21.404222,
      8.529501999999999,
      10.138842,
      13.035654,
      0.32186800000000004,
      11.104446000000001,
      16.254334,
      24.1401,
      13.840323999999999,
      0.48280199999999995,
      33.313338,
      18.346476,
      8.0467,
      13.035654,
      5.793624,
      8.529501999999999,
      19.794882,
      11.587248,
      11.909116000000001,
      14.001257999999998,
      15.127796,
      15.771532
    ],
    [
      8.368568,
      6.9201619999999995,
      0.32186800000000004,
      15.771532,
      7.0810960000000005,
      11.426314,
      6.759228,
      5.63269,
      51.98168199999999,
      8.207633999999999,
      0.0,
      8.207633999999999,
      7.402963999999999,
      24.94477,
      8.207633999999999,
      9.012303999999999,
      0.16093400000000002,
      8.368568,
      13.518456,
      0.80467,
      7.724831999999999,
      5.9545580000000005,
      15.127796,
      12.552852,
      18.185542,
      6.115492,
      13.196587999999998,
      3.379614,
      7.563898,
      16.415267999999998,
      10.299776000000001,
      0.48280199999999995,
      7.724831999999999,
      5.310822,
      14.644993999999999,
      0.32186800000000004,
      16.254334,
      6.276426,
      7.724831999999999,
      7.24203,
      8.368568,
      17.541806,
      12.87472,
      8.0467,
      28.002515999999996,
      15.449663999999999,
      0.482,
      6.276426,
      7.563898,
      6.43736,
      13.035654,
      4.9889540000000006,
      5.310822,
      7.402963999999999,
      7.24203,
      7.885766
    ],
    [
      0.80467,
      5.149888000000001,
      10.299776000000001,
      23.818232000000002,
      14.966862,
      19.31208,
      4.667085999999999,
      4.184284,
      54.395692,
      16.0934,
      8.207633999999999,
      0.0,
      1.7702740000000001,
      33.474272,
      0.6437360000000001,
      0.48280199999999995,
      8.207633999999999,
      0.32186800000000004,
      23.496364,
      10.46071,
      0.48280199999999995,
      5.149888000000001,
      22.208892000000002,
      14.48406,
      25.266638,
      13.035654,
      9.334171999999999,
      9.334171999999999,
      0.48280199999999995,
      23.33543,
      6.43736,
      9.012303999999999,
      14.644993999999999,
      5.149888000000001,
      10.782578,
      8.690436,
      23.33543,
      7.0810960000000005,
      14.644993999999999,
      8.207633999999999,
      0.16093400000000002,
      13.67939,
      22.691694,
      15.127796,
      29.77279,
      22.369826,
      7.885766,
      3.7014819999999995,
      14.48406,
      11.26538,
      9.173238,
      4.667085999999999,
      4.184284,
      3.5405480000000003,
      1.60934,
      0.32186800000000004
    ],
    [
      1.9312079999999998,
      4.345218,
      9.495106,
      23.013562,
      14.162192000000001,
      18.50741,
      3.8624159999999996,
      3.379614,
      53.591021999999995,
      15.28873,
      7.402963999999999,
      1.7702740000000001,
      0.0,
      31.38213,
      0.80467,
      2.2530759999999996,
      7.563898,
      0.80467,
      22.852628,
      9.816974,
      1.448406,
      4.506151999999999,
      21.565156,
      13.840323999999999,
      24.622902,
      12.391918,
      8.690436,
      8.690436,
      0.6437360000000001,
      22.691694,
      5.793624,
      8.529501999999999,
      14.162192000000001,
      4.506151999999999,
      10.299776000000001,
      8.0467,
      22.691694,
      6.43736,
      14.162192000000001,
      7.563898,
      1.9312079999999998,
      13.035654,
      22.047957999999998,
      14.48406,
      29.129054000000004,
      21.72609,
      7.24203,
      3.057746,
      13.840323999999999,
      10.621644,
      8.529501999999999,
      4.02335,
      3.5405480000000003,
      2.896812,
      0.16093400000000002,
      0.9656039999999999
    ],
    [
      32.1868,
      30.899327999999997,
      24.461968,
      35.888282000000004,
      26.875978,
      31.543064,
      30.738394000000003,
      29.611855999999996,
      43.934982,
      28.002515999999996,
      24.94477,
      33.474272,
      31.38213,
      0.0,
      32.025866,
      32.669602,
      25.588506,
      32.1868,
      36.532018,
      24.94477,
      31.543064,
      29.77279,
      11.426314,
      31.703998,
      9.816974,
      19.794882,
      37.01482,
      25.588506,
      31.38213,
      14.323126,
      34.118007999999996,
      23.979166,
      27.197846,
      28.96812,
      38.463226,
      25.427572,
      14.323126,
      30.094658,
      27.197846,
      30.899327999999997,
      32.025866,
      41.199104000000005,
      35.727348,
      27.680647999999998,
      19.31208,
      11.587248,
      25.105704,
      30.094658,
      27.519714,
      28.807185999999998,
      36.853885999999996,
      28.807185999999998,
      29.129054000000004,
      31.221196,
      31.060262,
      31.703998
    ],
    [
      1.2874720000000002,
      4.506151999999999,
      7.885766,
      15.127796,
      13.840323999999999,
      11.104446000000001,
      4.184284,
      3.21868,
      51.98168199999999,
      14.966862,
      8.207633999999999,
      0.6437360000000001,
      0.80467,
      32.025866,
      0.0,
      0.9656039999999999,
      6.115492,
      0.32186800000000004,
      15.932466,
      8.690436,
      0.6437360000000001,
      3.057746,
      19.955816000000002,
      14.162192000000001,
      23.013562,
      10.943512,
      9.012303999999999,
      7.24203,
      0.32186800000000004,
      21.243288,
      3.5405480000000003,
      6.9201619999999995,
      12.552852,
      3.057746,
      10.46071,
      6.43736,
      21.082354,
      3.5405480000000003,
      12.552852,
      5.471756,
      0.32186800000000004,
      13.357522000000001,
      15.127796,
      12.87472,
      26.55411,
      20.277684,
      5.63269,
      3.21868,
      12.391918,
      8.529501999999999,
      8.85137,
      2.5749440000000003,
      2.092142,
      3.21868,
      0.80467,
      0.32186800000000004
    ],
    [
      0.6437360000000001,
      7.24203,
      10.621644,
      23.33543,
      14.48406,
      18.829278,
      4.9889540000000006,
      5.9545580000000005,
      54.71756,
      15.610598,
      9.012303999999999,
      0.48280199999999995,
      2.2530759999999996,
      32.669602,
      0.9656039999999999,
      0.0,
      8.85137,
      0.6437360000000001,
      24.1401,
      10.621644,
      0.80467,
      5.793624,
      22.852628,
      14.805927999999998,
      25.910374,
      13.840323999999999,
      9.65604,
      9.977908000000001,
      0.80467,
      24.1401,
      6.759228,
      9.816974,
      15.449663999999999,
      5.9545580000000005,
      11.104446000000001,
      9.334171999999999,
      23.979166,
      4.345218,
      15.449663999999999,
      8.85137,
      0.48280199999999995,
      13.840323999999999,
      23.33543,
      15.771532,
      29.933724,
      23.174496,
      8.529501999999999,
      4.02335,
      15.28873,
      11.909116000000001,
      9.495106,
      5.471756,
      4.506151999999999,
      3.8624159999999996,
      1.7702740000000001,
      0.6437360000000001
    ],
    [
      8.529501999999999,
      7.0810960000000005,
      0.48280199999999995,
      13.035654,
      7.402963999999999,
      11.748182,
      6.9201619999999995,
      5.793624,
      51.820748,
      8.529501999999999,
      0.16093400000000002,
      8.207633999999999,
      7.563898,
      25.588506,
      6.115492,
      8.85137,
      0.0,
      10.782578,
      13.67939,
      0.6437360000000001,
      10.138842,
      6.276426,
      15.127796,
      12.391918,
      18.185542,
      6.115492,
      13.357522000000001,
      3.379614,
      9.977908000000001,
      16.415267999999998,
      10.46071,
      0.48280199999999995,
      9.012303999999999,
      6.276426,
      14.966862,
      0.32186800000000004,
      16.254334,
      6.598293999999999,
      9.012303999999999,
      8.368568,
      10.621644,
      17.70274,
      12.87472,
      9.495106,
      27.680647999999998,
      15.449663999999999,
      0.32186800000000004,
      6.598293999999999,
      8.85137,
      6.43736,
      13.357522000000001,
      5.149888000000001,
      4.506151999999999,
      7.563898,
      9.65604,
      10.138842
    ],
    [
      1.1265379999999998,
      5.310822,
      10.46071,
      23.979166,
      15.127796,
      19.473014,
      4.9889540000000006,
      4.345218,
      54.556625999999994,
      16.254334,
      8.368568,
      0.32186800000000004,
      0.80467,
      32.1868,
      0.32186800000000004,
      0.6437360000000001,
      10.782578,
      0.0,
      23.657297999999997,
      10.621644,
      0.48280199999999995,
      5.310822,
      22.369826,
      14.644993999999999,
      25.427572,
      13.357522000000001,
      9.495106,
      9.495106,
      0.32186800000000004,
      23.657297999999997,
      6.598293999999999,
      9.334171999999999,
      14.966862,
      5.471756,
      11.104446000000001,
      8.85137,
      23.496364,
      7.24203,
      14.966862,
      8.368568,
      0.16093400000000002,
      13.840323999999999,
      22.852628,
      15.28873,
      29.933724,
      22.691694,
      8.0467,
      3.8624159999999996,
      14.805927999999998,
      11.426314,
      9.334171999999999,
      4.9889540000000006,
      4.345218,
      3.7014819999999995,
      0.80467,
      1.1265379999999998
    ],
    [
      23.657297999999997,
      16.254334,
      13.357522000000001,
      2.092142,
      13.518456,
      8.368568,
      16.0934,
      14.644993999999999,
      65.822006,
      14.644993999999999,
      13.518456,
      23.496364,
      22.852628,
      36.532018,
      15.932466,
      24.1401,
      13.67939,
      23.657297999999997,
      0.0,
      16.254334,
      23.979166,
      14.48406,
      26.715044000000002,
      26.393175999999997,
      29.933724,
      17.70274,
      28.16345,
      11.104446000000001,
      23.818232000000002,
      22.369826,
      16.89807,
      13.196587999999998,
      15.449663999999999,
      14.48406,
      29.77279,
      13.518456,
      28.002515999999996,
      16.254334,
      15.449663999999999,
      13.035654,
      24.622902,
      32.508668,
      1.9312079999999998,
      15.771532,
      41.681906,
      27.036912,
      16.415267999999998,
      21.404222,
      10.299776000000001,
      9.012303999999999,
      28.16345,
      19.955816000000002,
      15.771532,
      22.369826,
      23.496364,
      24.1401
    ],
    [
      11.104446000000001,
      7.563898,
      0.6437360000000001,
      15.610598,
      6.759228,
      11.104446000000001,
      9.65604,
      8.529501999999999,
      51.177012,
      7.885766,
      0.80467,
      10.46071,
      9.816974,
      24.94477,
      8.690436,
      10.621644,
      0.6437360000000001,
      10.621644,
      16.254334,
      0.0,
      9.334171999999999,
      10.138842,
      15.771532,
      11.748182,
      18.829278,
      6.759228,
      15.449663999999999,
      3.379614,
      9.334171999999999,
      17.059003999999998,
      12.552852,
      0.6437360000000001,
      8.368568,
      6.276426,
      17.059003999999998,
      0.48280199999999995,
      16.89807,
      10.46071,
      8.368568,
      8.368568,
      9.977908000000001,
      19.794882,
      16.415267999999998,
      8.85137,
      27.036912,
      16.0934,
      0.9656039999999999,
      9.65604,
      8.207633999999999,
      6.43736,
      15.449663999999999,
      9.012303999999999,
      6.598293999999999,
      11.426314,
      9.012303999999999,
      9.495106
    ],
    [
      0.9656039999999999,
      4.667085999999999,
      9.816974,
      23.33543,
      14.48406,
      18.829278,
      4.184284,
      3.7014819999999995,
      53.91289,
      15.610598,
      7.724831999999999,
      0.48280199999999995,
      1.448406,
      31.543064,
      0.6437360000000001,
      0.80467,
      10.138842,
      0.48280199999999995,
      23.979166,
      9.334171999999999,
      0.0,
      4.667085999999999,
      21.72609,
      14.001257999999998,
      24.783836,
      12.552852,
      8.85137,
      8.85137,
      0.48280199999999995,
      22.852628,
      5.9545580000000005,
      8.529501999999999,
      14.162192000000001,
      4.667085999999999,
      10.299776000000001,
      8.207633999999999,
      22.852628,
      3.5405480000000003,
      14.162192000000001,
      7.724831999999999,
      0.48280199999999995,
      13.196587999999998,
      22.208892000000002,
      14.644993999999999,
      29.289987999999997,
      21.887024,
      7.402963999999999,
      3.21868,
      14.001257999999998,
      10.782578,
      8.690436,
      4.184284,
      3.7014819999999995,
      3.057746,
      1.1265379999999998,
      0.32186800000000004
    ],
    [
      5.471756,
      2.092142,
      6.115492,
      13.67939,
      11.587248,
      9.495106,
      1.9312079999999998,
      0.32186800000000004,
      54.556625999999994,
      12.713786,
      5.9545580000000005,
      5.149888000000001,
      4.506151999999999,
      29.77279,
      3.057746,
      5.793624,
      6.276426,
      5.310822,
      14.48406,
      10.138842,
      4.667085999999999,
      0.0,
      19.31208,
      14.966862,
      22.369826,
      10.299776000000001,
      9.816974,
      5.9545580000000005,
      4.184284,
      20.599552000000003,
      2.735878,
      5.63269,
      11.909116000000001,
      0.32186800000000004,
      11.26538,
      5.793624,
      20.438617999999998,
      2.092142,
      11.909116000000001,
      3.8624159999999996,
      4.82802,
      14.162192000000001,
      13.518456,
      12.230984,
      30.094658,
      19.633948,
      4.9889540000000006,
      2.896812,
      11.748182,
      6.9201619999999995,
      9.65604,
      0.9656039999999999,
      2.5749440000000003,
      4.02335,
      3.8624159999999996,
      4.506151999999999
    ],
    [
      22.369826,
      21.082354,
      14.644993999999999,
      26.071308,
      16.89807,
      21.565156,
      20.92142,
      19.633948,
      52.142616,
      18.024607999999997,
      15.127796,
      22.208892000000002,
      21.565156,
      11.426314,
      19.955816000000002,
      22.852628,
      15.127796,
      22.369826,
      26.715044000000002,
      15.771532,
      21.72609,
      19.31208,
      0.0,
      23.013562,
      1.9312079999999998,
      10.299776000000001,
      27.519714,
      16.254334,
      22.047957999999998,
      4.345218,
      24.622902,
      14.48406,
      17.863674,
      19.473014,
      29.129054000000004,
      16.0934,
      3.7014819999999995,
      20.599552000000003,
      17.863674,
      21.565156,
      22.691694,
      31.864932,
      26.232242,
      18.185542,
      25.427572,
      6.115492,
      15.610598,
      20.760486,
      18.185542,
      19.31208,
      27.35878,
      19.31208,
      19.633948,
      21.72609,
      21.565156,
      22.208892000000002
    ],
    [
      14.644993999999999,
      15.932466,
      12.230984,
      25.588506,
      16.89807,
      21.243288,
      15.449663999999999,
      15.28873,
      45.544322,
      18.024607999999997,
      12.552852,
      14.48406,
      13.840323999999999,
      31.703998,
      14.162192000000001,
      14.805927999999998,
      12.391918,
      14.644993999999999,
      26.393175999999997,
      11.748182,
      14.001257999999998,
      14.966862,
      23.013562,
      0.0,
      24.301033999999998,
      15.28873,
      19.955816000000002,
      14.162192000000001,
      13.67939,
      24.301033999999998,
      15.28873,
      11.587248,
      16.89807,
      14.48406,
      21.565156,
      11.587248,
      24.1401,
      15.449663999999999,
      16.89807,
      17.541806,
      14.323126,
      24.301033999999998,
      24.94477,
      17.219938,
      21.082354,
      23.174496,
      14.001257999999998,
      15.127796,
      16.737136,
      17.219938,
      19.955816000000002,
      17.541806,
      10.943512,
      16.89807,
      13.357522000000001,
      14.001257999999998
    ],
    [
      25.427572,
      24.1401,
      17.70274,
      29.129054000000004,
      20.11675,
      24.783836,
      23.979166,
      22.852628,
      48.119265999999996,
      21.243288,
      18.185542,
      25.266638,
      24.622902,
      9.816974,
      23.013562,
      25.910374,
      18.185542,
      25.427572,
      29.933724,
      18.829278,
      24.783836,
      22.369826,
      1.9312079999999998,
      24.301033999999998,
      0.0,
      12.713786,
      29.933724,
      18.668343999999998,
      24.461968,
      6.598293999999999,
      27.036912,
      16.89807,
      20.277684,
      21.887024,
      31.543064,
      18.50741,
      4.667085999999999,
      23.013562,
      20.277684,
      23.979166,
      25.105704,
      34.278942,
      28.646252,
      20.599552000000003,
      23.818232000000002,
      4.506151999999999,
      18.024607999999997,
      23.174496,
      20.599552000000003,
      21.72609,
      29.77279,
      21.72609,
      22.047957999999998,
      24.1401,
      23.979166,
      24.622902
    ],
    [
      13.357522000000001,
      11.909116000000001,
      5.63269,
      17.059003999999998,
      7.885766,
      12.552852,
      11.748182,
      10.621644,
      55.361295999999996,
      9.012303999999999,
      6.115492,
      13.035654,
      12.391918,
      19.794882,
      10.943512,
      13.840323999999999,
      6.115492,
      13.357522000000001,
      17.70274,
      6.759228,
      12.552852,
      10.299776000000001,
      10.299776000000001,
      15.28873,
      12.713786,
      0.0,
      17.863674,
      6.598293999999999,
      12.230984,
      11.104446000000001,
      14.966862,
      4.82802,
      8.207633999999999,
      10.782578,
      19.473014,
      6.43736,
      11.104446000000001,
      10.943512,
      8.207633999999999,
      11.909116000000001,
      13.035654,
      22.208892000000002,
      16.576202000000002,
      8.529501999999999,
      31.38213,
      10.138842,
      5.9545580000000005,
      10.943512,
      8.529501999999999,
      9.65604,
      17.70274,
      9.65604,
      9.977908000000001,
      12.07005,
      11.909116000000001,
      12.552852
    ],
    [
      8.690436,
      8.368568,
      14.323126,
      27.519714,
      18.668343999999998,
      23.013562,
      7.885766,
      10.138842,
      60.02838199999999,
      19.794882,
      13.196587999999998,
      9.334171999999999,
      8.690436,
      37.01482,
      9.012303999999999,
      9.65604,
      13.357522000000001,
      9.495106,
      28.16345,
      15.449663999999999,
      8.85137,
      9.816974,
      27.519714,
      19.955816000000002,
      29.933724,
      17.863674,
      0.0,
      11.587248,
      5.9545580000000005,
      25.588506,
      4.02335,
      11.26538,
      16.89807,
      7.402963999999999,
      1.60934,
      10.943512,
      25.588506,
      4.667085999999999,
      16.89807,
      10.46071,
      6.43736,
      10.943512,
      24.94477,
      17.380872,
      32.830535999999995,
      24.622902,
      10.138842,
      4.345218,
      16.737136,
      13.518456,
      6.598293999999999,
      6.9201619999999995,
      7.885766,
      6.759228,
      5.63269,
      6.115492
    ],
    [
      9.65604,
      7.402963999999999,
      3.057746,
      10.46071,
      6.9201619999999995,
      6.43736,
      8.368568,
      6.9201619999999995,
      54.23475800000001,
      8.0467,
      3.379614,
      9.334171999999999,
      8.690436,
      25.588506,
      7.24203,
      9.977908000000001,
      3.379614,
      9.495106,
      11.104446000000001,
      3.379614,
      8.85137,
      5.9545580000000005,
      16.254334,
      14.162192000000001,
      18.668343999999998,
      6.598293999999999,
      11.587248,
      0.0,
      8.690436,
      17.219938,
      11.26538,
      2.735878,
      7.402963999999999,
      5.9545580000000005,
      15.771532,
      2.896812,
      17.059003999999998,
      7.24203,
      7.402963999999999,
      5.310822,
      9.334171999999999,
      18.50741,
      11.104446000000001,
      7.724831999999999,
      30.094658,
      16.254334,
      3.057746,
      7.402963999999999,
      5.793624,
      4.02335,
      14.001257999999998,
      5.9545580000000005,
      6.43736,
      8.368568,
      8.207633999999999,
      8.85137
    ],
    [
      2.092142,
      4.506151999999999,
      9.65604,
      23.174496,
      14.323126,
      18.668343999999998,
      4.184284,
      3.5405480000000003,
      53.751956,
      15.449663999999999,
      7.563898,
      0.48280199999999995,
      0.6437360000000001,
      31.38213,
      0.32186800000000004,
      0.80467,
      9.977908000000001,
      0.32186800000000004,
      23.818232000000002,
      9.334171999999999,
      0.48280199999999995,
      4.184284,
      22.047957999999998,
      13.67939,
      24.461968,
      12.230984,
      5.9545580000000005,
      8.690436,
      0.0,
      21.565156,
      6.115492,
      7.24203,
      12.87472,
      3.379614,
      10.46071,
      6.759228,
      21.404222,
      3.8624159999999996,
      12.87472,
      5.793624,
      0.32186800000000004,
      13.196587999999998,
      15.449663999999999,
      13.196587999999998,
      29.289987999999997,
      20.599552000000003,
      5.9545580000000005,
      3.5405480000000003,
      12.713786,
      8.85137,
      8.85137,
      2.896812,
      2.41401,
      3.21868,
      0.48280199999999995,
      0.32186800000000004
    ],
    [
      23.657297999999997,
      22.369826,
      15.932466,
      21.72609,
      9.977908000000001,
      17.219938,
      22.047957999999998,
      20.92142,
      53.430088000000005,
      9.012303999999999,
      16.415267999999998,
      23.33543,
      22.691694,
      14.323126,
      21.243288,
      24.1401,
      16.415267999999998,
      23.657297999999997,
      22.369826,
      17.059003999999998,
      22.852628,
      20.599552000000003,
      4.345218,
      24.301033999999998,
      6.598293999999999,
      11.104446000000001,
      25.588506,
      17.219938,
      21.565156,
      0.0,
      24.622902,
      14.323126,
      8.85137,
      19.473014,
      28.96812,
      15.932466,
      4.82802,
      20.599552000000003,
      8.690436,
      21.404222,
      22.53076,
      31.703998,
      26.071308,
      9.173238,
      28.485318,
      8.690436,
      15.610598,
      20.599552000000003,
      18.024607999999997,
      19.151146,
      27.35878,
      19.151146,
      19.473014,
      21.565156,
      21.565156,
      22.047957999999998
    ],
    [
      5.793624,
      1.9312079999999998,
      11.426314,
      16.0934,
      15.932466,
      11.909116000000001,
      1.448406,
      2.41401,
      57.131569999999996,
      17.059003999999998,
      10.299776000000001,
      6.43736,
      5.793624,
      34.118007999999996,
      3.5405480000000003,
      6.759228,
      10.46071,
      6.598293999999999,
      16.89807,
      12.552852,
      5.9545580000000005,
      2.735878,
      24.622902,
      15.28873,
      27.036912,
      14.966862,
      4.02335,
      11.26538,
      6.115492,
      24.622902,
      0.0,
      7.724831999999999,
      13.357522000000001,
      2.5749440000000003,
      8.207633999999999,
      7.24203,
      21.887024,
      0.80467,
      13.357522000000001,
      6.43736,
      4.02335,
      10.943512,
      16.0934,
      13.67939,
      30.416525999999998,
      21.082354,
      6.598293999999999,
      0.32186800000000004,
      13.196587999999998,
      9.495106,
      6.598293999999999,
      2.41401,
      4.02335,
      4.184284,
      2.896812,
      3.5405480000000003
    ],
    [
      9.334171999999999,
      7.0810960000000005,
      0.364,
      12.552852,
      6.598293999999999,
      8.0467,
      7.563898,
      6.115492,
      51.659814000000004,
      7.724831999999999,
      0.48280199999999995,
      9.012303999999999,
      8.529501999999999,
      23.979166,
      6.9201619999999995,
      9.816974,
      0.48280199999999995,
      9.334171999999999,
      13.196587999999998,
      0.6437360000000001,
      8.529501999999999,
      5.63269,
      14.48406,
      11.587248,
      16.89807,
      4.82802,
      11.26538,
      2.735878,
      7.24203,
      14.323126,
      7.724831999999999,
      0.0,
      8.85137,
      6.115492,
      17.380872,
      0.16093400000000002,
      17.380872,
      7.563898,
      8.85137,
      8.207633999999999,
      10.46071,
      20.277684,
      12.713786,
      9.173238,
      27.519714,
      16.415267999999998,
      0.6437360000000001,
      9.977908000000001,
      8.690436,
      6.276426,
      15.771532,
      6.276426,
      6.9201619999999995,
      8.690436,
      9.334171999999999,
      9.977908000000001
    ],
    [
      14.966862,
      13.67939,
      8.85137,
      14.644993999999999,
      3.379614,
      10.299776000000001,
      13.357522000000001,
      12.230984,
      57.131569999999996,
      0.32186800000000004,
      7.724831999999999,
      14.644993999999999,
      14.162192000000001,
      27.197846,
      12.552852,
      15.449663999999999,
      9.012303999999999,
      14.966862,
      15.449663999999999,
      8.368568,
      14.162192000000001,
      11.909116000000001,
      17.863674,
      16.89807,
      20.277684,
      8.207633999999999,
      16.89807,
      7.402963999999999,
      12.87472,
      8.85137,
      13.357522000000001,
      8.85137,
      0.0,
      11.587248,
      21.243288,
      8.207633999999999,
      9.977908000000001,
      12.713786,
      0.16093400000000002,
      10.943512,
      15.932466,
      23.979166,
      13.67939,
      0.80467,
      33.152404000000004,
      18.185542,
      7.724831999999999,
      12.713786,
      5.471756,
      8.368568,
      19.473014,
      11.426314,
      11.748182,
      13.840323999999999,
      14.966862,
      15.610598
    ],
    [
      5.471756,
      2.092142,
      6.115492,
      13.67939,
      10.782578,
      9.65604,
      1.9312079999999998,
      0.213,
      54.71756,
      11.909116000000001,
      5.310822,
      5.149888000000001,
      4.506151999999999,
      28.96812,
      3.057746,
      5.9545580000000005,
      6.276426,
      5.471756,
      14.48406,
      6.276426,
      4.667085999999999,
      0.32186800000000004,
      19.473014,
      14.48406,
      21.887024,
      10.782578,
      7.402963999999999,
      5.9545580000000005,
      3.379614,
      19.473014,
      2.5749440000000003,
      6.115492,
      11.587248,
      0.0,
      11.587248,
      6.276426,
      20.760486,
      1.7702740000000001,
      12.230984,
      4.184284,
      4.184284,
      14.48406,
      13.840323999999999,
      12.552852,
      30.416525999999998,
      19.955816000000002,
      5.310822,
      2.2530759999999996,
      12.07005,
      7.24203,
      9.977908000000001,
      1.1265379999999998,
      2.896812,
      4.345218,
      3.21868,
      3.7014819999999995
    ],
    [
      10.299776000000001,
      9.816974,
      15.771532,
      29.129054000000004,
      20.277684,
      24.622902,
      9.334171999999999,
      11.748182,
      61.476788000000006,
      21.404222,
      14.644993999999999,
      10.782578,
      10.299776000000001,
      38.463226,
      10.46071,
      11.104446000000001,
      14.966862,
      11.104446000000001,
      29.77279,
      17.059003999999998,
      10.299776000000001,
      11.26538,
      29.129054000000004,
      21.565156,
      31.543064,
      19.473014,
      1.60934,
      15.771532,
      10.46071,
      28.96812,
      8.207633999999999,
      17.380872,
      21.243288,
      11.587248,
      0.0,
      11.587248,
      26.232242,
      3.057746,
      17.70274,
      11.104446000000001,
      7.24203,
      9.495106,
      25.588506,
      18.024607999999997,
      33.635206,
      25.427572,
      10.782578,
      2.896812,
      17.541806,
      14.162192000000001,
      4.9889540000000006,
      7.724831999999999,
      8.529501999999999,
      7.402963999999999,
      6.276426,
      6.9201619999999995
    ],
    [
      8.85137,
      7.402963999999999,
      0.16093400000000002,
      12.87472,
      7.402963999999999,
      11.748182,
      7.402963999999999,
      6.43736,
      51.659814000000004,
      8.529501999999999,
      0.32186800000000004,
      8.690436,
      8.0467,
      25.427572,
      6.43736,
      9.334171999999999,
      0.32186800000000004,
      8.85137,
      13.518456,
      0.48280199999999995,
      8.207633999999999,
      5.793624,
      16.0934,
      11.587248,
      18.50741,
      6.43736,
      10.943512,
      2.896812,
      6.759228,
      15.932466,
      7.24203,
      0.16093400000000002,
      8.207633999999999,
      6.276426,
      11.587248,
      0.0,
      15.932466,
      7.563898,
      8.85137,
      8.0467,
      10.46071,
      18.668343999999998,
      12.713786,
      9.334171999999999,
      27.519714,
      14.966862,
      0.48280199999999995,
      7.563898,
      8.690436,
