{
  "drive_dist_matrix": [
    [
      0.0,
      0.75,
      1.1,
      0.7,
      1.5,
      1.1,
      0.25,
      3.8,
      2.9,
      3.9,
      1.1,
      4.6,
      6.5,
      7.2,
      2.3,
      1.7,
      3.1,
      4.0,
      4.8
    ],
    [
      0.75,
      0.0,
      0.9,
      0.8,
      2.2,
      0.9,
      0.75,
      3.6,
      3.1,
      4.7,
      0.85,
      4.5,
      7.3,
      7.2,
      2.2,
      2.4,
      3.8,
      3.8,
      5.6
    ],
    [
      1.1,
      0.9,
      0.0,
      0.45,
      1.6,
      0.006,
      0.7,
      2.6,
      2.1,
      3.7,
      0.042,
      3.5,
      7.0,
      6.2,
      1.2,
      2.5,
      3.6,
      2.8,
      5.3
    ],
    [
      0.7,
      0.8,
      0.45,
      0.0,
      2.1,
      0.4,
      0.29,
      3.1,
      2.7,
      4.2,
      0.4,
      4.0,
      7.6,
      6.7,
      1.8,
      2.4,
      4.1,
      3.3,
      5.9
    ],
    [
      1.5,
      2.2,
      1.6,
      2.1,
      0.0,
      1.0,
      1.3,
      2.1,
      1.1,
      3.3,
      1.1,
      3.1,
      5.9,
      5.7,
      0.4,
      0.038,
      2.5,
      2.3,
      4.2
    ],
    [
      1.1,
      0.9,
      0.006,
      0.4,
      1.0,
      0.0,
      0.7,
      2.5,
      2.1,
      3.7,
      0.017,
      3.5,
      7.0,
      6.2,
      1.2,
      2.5,
      3.6,
      2.8,
      5.3
    ],
    [
      0.25,
      0.75,
      0.7,
      0.29,
      1.3,
      0.7,
      0.0,
      3.4,
      2.8,
      3.8,
      0.7,
      4.3,
      6.4,
      7.0,
      2.1,
      1.6,
      3.0,
      3.6,
      4.7
    ],
    [
      3.8,
      3.6,
      2.6,
      3.1,
      2.1,
      2.5,
      3.4,
      0.0,
      0.5,
      0.65,
      2.9,
      2.5,
      7.4,
      5.2,
      1.6,
      2.8,
      4.0,
      0.9,
      5.7
    ],
    [
      2.9,
      3.1,
      2.1,
      2.7,
      1.1,
      2.1,
      2.8,
      0.5,
      0.0,
      2.1,
      2.6,
      1.8,
      5.9,
      4.5,
      1.4,
      1.1,
      2.5,
      1.1,
      2.2
    ],
    [
      3.9,
      4.7,
      3.7,
      4.2,
      3.3,
      3.7,
      3.8,
      0.65,
      2.1,
      0.0,
      4.2,
      2.3,
      3.9,
      2.1,
      2.9,
      4.2,
      3.7,
      1.1,
      0.7
    ],
    [
      1.1,
      0.85,
      0.042,
      0.4,
      1.1,
      0.017,
      0.7,
      2.9,
      2.6,
      4.2,
      0.0,
      3.5,
      7.0,
      6.2,
      1.3,
      2.5,
      3.6,
      2.8,
      5.3
    ],
    [
      4.6,
      4.5,
      3.5,
      4.0,
      3.1,
      3.5,
      4.3,
      2.5,
      1.8,
      2.3,
      3.5,
      0.0,
      7.6,
      0.75,
      3.0,
      4.3,
      5.4,
      2.1,
      7.1
    ],
    [
      6.5,
      7.3,
      7.0,
      7.6,
      5.9,
      7.0,
      6.4,
      7.4,
      5.9,
      3.9,
      7.0,
      7.6,
      0.0,
      3.8,
      4.6,
      3.6,
      1.0,
      3.4,
      1.3
    ],
    [
      7.2,
      7.2,
      6.2,
      6.7,
      5.7,
      6.2,
      7.0,
      5.2,
      4.5,
      2.1,
      6.2,
      0.75,
      3.8,
      0.0,
      3.8,
      5.0,
      6.2,
      2.0,
      5.8
    ],
    [
      2.3,
      2.2,
      1.2,
      1.8,
      0.4,
      1.2,
      2.1,
      1.6,
      1.4,
      2.9,
      1.3,
      3.0,
      4.6,
      3.8,
      0.0,
      0.4,
      2.4,
      2.0,
      4.1
    ],
    [
      1.7,
      2.4,
      2.5,
      2.4,
      0.038,
      2.5,
      1.6,
      2.8,
      1.1,
      4.2,
      2.5,
      4.3,
      3.6,
      5.0,
      0.4,
      0.0,
      2.7,
      2.6,
      4.4
    ],
    [
      3.1,
      3.8,
      3.6,
      4.1,
      2.5,
      3.6,
      3.0,
      4.0,
      2.5,
      3.7,
      3.6,
      5.4,
      1.0,
      6.2,
      2.4,
      2.7,
      0.0,
      3.3,
      0.85
    ],
    [
      4.0,
      3.8,
      2.8,
      3.3,
      2.3,
      2.8,
      3.6,
      0.9,
      1.1,
      1.1,
      2.8,
      2.1,
      3.4,
      2.0,
      2.0,
      2.6,
      3.3,
      0.0,
      6.1
    ],
    [
      4.8,
      5.6,
      5.3,
      5.9,
      4.2,
      5.3,
      4.7,
      5.7,
      2.2,
      0.7,
      5.3,
      7.1,
      1.3,
      5.8,
      4.1,
      4.4,
      0.85,
      6.1,
      0.0
    ]
  ],
  "drive_time_matrix": [
    [
      0.0,
      11.0,
      14.0,
      9.0,
      5.0,
      14.0,
      3.0,
      12.0,
      9.0,
      13.0,
      14.0,
      10.0,
      15.0,
      16.0,
      7.0,
      5.0,
      10.0,
      12.0,
      11.0
    ],
    [
      11.0,
      0.0,
      11.0,
      9.0,
      7.0,
      10.0,
      9.0,
      11.0,
      10.0,
      15.0,
      10.0,
      11.0,
      17.0,
      17.0,
      8.0,
      8.0,
      13.0,
      11.0,
      14.0
    ],
    [
      14.0,
      11.0,
      0.0,
      6.0,
      6.0,
      1.0,
      10.0,
      7.0,
      7.0,
      12.0,
      1.0,
      8.0,
      15.0,
      13.0,
      5.0,
      7.0,
      11.0,
      7.0,
      12.0
    ],
    [
      9.0,
      9.0,
      6.0,
      0.0,
      7.0,
      5.0,
      4.0,
      9.0,
      8.0,
      13.0,
      4.0,
      9.0,
      16.0,
      15.0,
      6.0,
      8.0,
      12.0,
      9.0,
      13.0
    ],
    [
      5.0,
      7.0,
      6.0,
      7.0,
      0.0,
      5.0,
      5.0,
      6.0,
      13.0,
      9.0,
      5.0,
      6.0,
      12.0,
      11.0,
      5.0,
      1.0,
      8.0,
      6.0,
      9.0
    ],
    [
      14.0,
      10.0,
      1.0,
      5.0,
      5.0,
      0.0,
      9.0,
      7.0,
      6.0,
      11.0,
      1.0,
      8.0,
      15.0,
      13.0,
      5.0,
      6.0,
      10.0,
      7.0,
      12.0
    ],
    [
      3.0,
      9.0,
      10.0,
      4.0,
      5.0,
      9.0,
      0.0,
      10.0,
      8.0,
      12.0,
      8.0,
      10.0,
      14.0,
      16.0,
      6.0,
      5.0,
      9.0,
      10.0,
      11.0
    ],
    [
      12.0,
      11.0,
      7.0,
      9.0,
      6.0,
      7.0,
      10.0,
      0.0,
      6.0,
      8.0,
      8.0,
      9.0,
      16.0,
      14.0,
      5.0,
      8.0,
      12.0,
      12.0,
      13.0
    ],
    [
      9.0,
      10.0,
      7.0,
      8.0,
      13.0,
      6.0,
      8.0,
      6.0,
      0.0,
      8.0,
      7.0,
      5.0,
      12.0,
      10.0,
      5.0,
      13.0,
      7.0,
      3.0,
      7.0
    ],
    [
      13.0,
      15.0,
      12.0,
      13.0,
      9.0,
      11.0,
      12.0,
      8.0,
      8.0,
      0.0,
      11.0,
      7.0,
      9.0,
      7.0,
      8.0,
      10.0,
      9.0,
      12.0,
      9.0
    ],
    [
      14.0,
      10.0,
      1.0,
      4.0,
      5.0,
      1.0,
      8.0,
      8.0,
      7.0,
      11.0,
      0.0,
      7.0,
      15.0,
      13.0,
      4.0,
      6.0,
      10.0,
      7.0,
      12.0
    ],
    [
      10.0,
      11.0,
      8.0,
      9.0,
      6.0,
      8.0,
      10.0,
      9.0,
      5.0,
      7.0,
      7.0,
      0.0,
      17.0,
      10.0,
      6.0,
      8.0,
      12.0,
      26.0,
      14.0
    ],
    [
      15.0,
      17.0,
      15.0,
      16.0,
      12.0,
      15.0,
      14.0,
      16.0,
      12.0,
      9.0,
      15.0,
      17.0,
      0.0,
      9.0,
      9.0,
      6.0,
      8.0,
      8.0,
      15.0
    ],
    [
      16.0,
      17.0,
      13.0,
      15.0,
      11.0,
      13.0,
      16.0,
      14.0,
      10.0,
      7.0,
      13.0,
      10.0,
      9.0,
      0.0,
      6.0,
      9.0,
      12.0,
      3.0,
      13.0
    ],
    [
      7.0,
      8.0,
      5.0,
      6.0,
      5.0,
      5.0,
      6.0,
      5.0,
      5.0,
      8.0,
      4.0,
      6.0,
      9.0,
      6.0,
      0.0,
      5.0,
      6.0,
      5.0,
      7.0
    ],
    [
      5.0,
      8.0,
      7.0,
      8.0,
      1.0,
      6.0,
      5.0,
      8.0,
      13.0,
      10.0,
      6.0,
      8.0,
      6.0,
      9.0,
      5.0,
      0.0,
      8.0,
      7.0,
      9.0
    ],
    [
      10.0,
      13.0,
      11.0,
      12.0,
      8.0,
      10.0,
      9.0,
      12.0,
      7.0,
      9.0,
      10.0,
      12.0,
      8.0,
      12.0,
      6.0,
      8.0,
      0.0,
      8.0,
      11.0
    ],
    [
      12.0,
      11.0,
      7.0,
      9.0,
      6.0,
      7.0,
      10.0,
      12.0,
      3.0,
      12.0,
      7.0,
      26.0,
      8.0,
      3.0,
      5.0,
      7.0,
      8.0,
      0.0,
      12.0
    ],
    [
      11.0,
      14.0,
      12.0,
      13.0,
      9.0,
      12.0,
      11.0,
      13.0,
      7.0,
      9.0,
      12.0,
      14.0,
      15.0,
      13.0,
      7.0,
      9.0,
      11.0,
      12.0,
      0.0
    ]
  ],
  "transit_dist_walk_matrix": [
    [
      0.0,
      NaN,
      NaN,
      NaN,
      NaN,
      NaN,
      NaN,
      NaN,
      1.6666,
      1.74993,
      NaN,
      1.74993,
      1.58327,
      1.08329,
      NaN,
      NaN,
      1.58327,
      1.58327,
      2.08325
    ],
    [
      NaN,
      0.0,
      NaN,
      NaN,
      NaN,
      NaN,
      NaN,
      NaN,
      NaN,
      NaN,
      NaN,
      NaN,
      NaN,
      NaN,
      NaN,
      NaN,
      NaN,
      NaN,
      NaN
    ],
    [
      NaN,
      NaN,
      0.0,
      NaN,
      NaN,
      NaN,
      NaN,
      0.74997,
      0.74997,
      0.9166300000000001,
      NaN,
      2.24991,
      1.91659,
      1.6666,
      0.74997,
      NaN,
      1.8332600000000001,
      0.66664,
      1.58327
    ],
    [
      NaN,
      NaN,
      NaN,
      0.0,
      1.58327,
      NaN,
      NaN,
      1.08329,
      1.16662,
      1.2499500000000001,
      NaN,
      2.41657,
      2.41657,
      1.99992,
      1.08329,
      1.41661,
      2.41657,
      1.08329,
      1.49994
    ],
    [
      NaN,
      NaN,
      NaN,
      1.58327,
      0.0,
      1.08329,
      NaN,
      0.99996,
      NaN,
      1.16662,
      1.08329,
      2.4999000000000002,
      1.8332600000000001,
      1.91659,
      NaN,
      NaN,
      1.16662,
      0.9166300000000001,
      NaN
    ],
    [
      NaN,
      NaN,
      NaN,
      NaN,
      1.08329,
      0.0,
      NaN,
      0.74997,
      0.74997,
      0.9166300000000001,
      NaN,
      2.24991,
      1.91659,
      1.6666,
      0.74997,
      1.16662,
      1.8332600000000001,
      0.66664,
      1.58327
    ],
    [
      NaN,
      NaN,
      NaN,
      NaN,
      NaN,
      NaN,
      0.0,
      1.49994,
      1.33328,
      2.16658,
      NaN,
      3.0832100000000002,
      NaN,
      1.41661,
      NaN,
      NaN,
      1.49994,
      1.49994,
      2.08325
    ],
    [
      NaN,
      NaN,
      0.74997,
      1.08329,
      0.99996,
      0.74997,
      1.49994,
      0.0,
      NaN,
      NaN,
      0.8333,
      1.41661,
      0.66664,
      0.9166300000000001,
      0.58331,
      0.99996,
      0.66664,
      0.74997,
      0.99996
    ],
    [
      1.6666,
      NaN,
      0.74997,
      1.16662,
      NaN,
      0.74997,
      1.33328,
      NaN,
      0.0,
      NaN,
      0.8333,
      2.24991,
      0.49998,
      1.58327,
      NaN,
      NaN,
      1.16662,
      0.66664,
      NaN
    ],
    [
      1.74993,
      NaN,
      0.9166300000000001,
      1.2499500000000001,
      1.16662,
      0.9166300000000001,
      2.16658,
      NaN,
      NaN,
      0.0,
      1.16662,
      1.08329,
      0.49998,
      0.58331,
      0.9166300000000001,
      1.2499500000000001,
      0.49998,
      0.8333,
      NaN
    ],
    [
      NaN,
      NaN,
      NaN,
      NaN,
      1.08329,
      NaN,
      NaN,
      0.8333,
      0.8333,
      1.16662,
      0.0,
      2.16658,
      NaN,
      1.6666,
      0.74997,
      1.16662,
      1.8332600000000001,
      0.74997,
      1.16662
    ],
    [
      1.74993,
      NaN,
      2.24991,
      2.41657,
      2.4999000000000002,
      2.24991,
      3.0832100000000002,
      1.41661,
      2.24991,
      1.08329,
      2.16658,
      0.0,
      NaN,
      NaN,
      2.08325,
      1.58327,
      2.16658,
      NaN,
      NaN
    ],
    [
      1.58327,
      NaN,
      1.91659,
      2.41657,
      1.8332600000000001,
      1.91659,
      NaN,
      0.66664,
      0.49998,
      0.49998,
      NaN,
      NaN,
      0.0,
      0.49998,
      1.16662,
      1.2499500000000001,
      0.49998,
      1.58327,
      NaN
    ],
    [
      1.08329,
      NaN,
      1.6666,
      1.99992,
      1.91659,
      1.6666,
      1.41661,
      0.9166300000000001,
      1.58327,
      0.58331,
      1.6666,
      NaN,
      0.49998,
      0.0,
      0.49998,
      0.9166300000000001,
      0.49998,
      0.49998,
      NaN
    ],
    [
      NaN,
      NaN,
      0.74997,
      1.08329,
      NaN,
      0.74997,
      NaN,
      0.58331,
      NaN,
      0.9166300000000001,
      0.74997,
      2.08325,
      1.16662,
      0.49998,
      0.0,
      NaN,
      1.08329,
      0.58331,
      1.41661
    ],
    [
      NaN,
      NaN,
      NaN,
      1.41661,
      NaN,
      1.16662,
      NaN,
      0.99996,
      NaN,
      1.2499500000000001,
      1.16662,
      1.58327,
      1.2499500000000001,
      0.9166300000000001,
      NaN,
      0.0,
      1.16662,
      1.08329,
      1.49994
    ],
    [
      1.58327,
      NaN,
      1.8332600000000001,
      2.41657,
      1.16662,
      1.8332600000000001,
      1.49994,
      0.66664,
      1.16662,
      0.49998,
      1.8332600000000001,
      2.16658,
      0.49998,
      0.49998,
      1.08329,
      1.16662,
      0.0,
      1.16662,
      NaN
    ],
    [
      1.58327,
      NaN,
      0.66664,
      1.08329,
      0.9166300000000001,
      0.66664,
      1.49994,
      0.74997,
      0.66664,
      0.8333,
      0.74997,
      NaN,
      1.58327,
      0.49998,
      0.58331,
      1.08329,
      1.16662,
      0.0,
      0.99996
    ],
    [
      2.08325,
      NaN,
      1.58327,
      1.49994,
      NaN,
      1.58327,
      2.08325,
      0.99996,
      NaN,
      NaN,
      1.16662,
      NaN,
      NaN,
      NaN,
      1.41661,
      1.49994,
      NaN,
      0.99996,
      0.0
    ]
  ],
  "transit_time_matrix": [
    [
      0.0,
      NaN,
      NaN,
      NaN,
      0.0,
      NaN,
      NaN,
      0.0,
      9.0,
      30.0,
      NaN,
      62.0,
      28.0,
      53.0,
      NaN,
      0.0,
      25.0,
      12.0,
      39.0
    ],
    [
      NaN,
      0.0,
      NaN,
      NaN,
      NaN,
      NaN,
      NaN,
      NaN,
      NaN,
      NaN,
      NaN,
      NaN,
      NaN,
      NaN,
      NaN,
      NaN,
      NaN,
      NaN,
      NaN
    ],
    [
      NaN,
      NaN,
      0.0,
      NaN,
      0.0,
      NaN,
      NaN,
      7.0,
      14.0,
      19.0,
      NaN,
      36.0,
      39.0,
      31.0,
      11.0,
      0.0,
      32.0,
      7.0,
      36.0
    ],
    [
      NaN,
      NaN,
      NaN,
      0.0,
      21.0,
      NaN,
      NaN,
      9.0,
      18.0,
      13.0,
      NaN,
      41.0,
      41.0,
      35.0,
      16.0,
      8.0,
      38.0,
      20.0,
      42.0
    ],
    [
      0.0,
      NaN,
      0.0,
      21.0,
      0.0,
      15.0,
      NaN,
      16.0,
      NaN,
      20.0,
      15.0,
      37.0,
      12.0,
      32.0,
      NaN,
      NaN,
      18.0,
      6.0,
      NaN
    ],
    [
      NaN,
      NaN,
      NaN,
      NaN,
      15.0,
      0.0,
      NaN,
      15.0,
      14.0,
      11.0,
      NaN,
      36.0,
      39.0,
      31.0,
      5.0,
      16.0,
      32.0,
      17.0,
      36.0
    ],
    [
      NaN,
      NaN,
      NaN,
      NaN,
      NaN,
      NaN,
      0.0,
      10.0,
      24.0,
      32.0,
      NaN,
      48.0,
      0.0,
      16.0,
      0.0,
      0.0,
      28.0,
      10.0,
      30.0
    ],
    [
      0.0,
      NaN,
      7.0,
      9.0,
      16.0,
      15.0,
      10.0,
      0.0,
      NaN,
      NaN,
      18.0,
      25.0,
      16.0,
      19.0,
      11.0,
      8.0,
      16.0,
      12.0,
      13.0
    ],
    [
      9.0,
      NaN,
      14.0,
      18.0,
      NaN,
      14.0,
      24.0,
      NaN,
      0.0,
      0.0,
      17.0,
      31.0,
      33.0,
      26.0,
      NaN,
      NaN,
      16.0,
      12.0,
      NaN
    ],
    [
      30.0,
      NaN,
      19.0,
      13.0,
      20.0,
      11.0,
      32.0,
      NaN,
      0.0,
      0.0,
      23.0,
      21.0,
      9.0,
      15.0,
      17.0,
      21.0,
      14.0,
      12.0,
      0.0
    ],
    [
      NaN,
      NaN,
      NaN,
      NaN,
      15.0,
      NaN,
      NaN,
      18.0,
      17.0,
      23.0,
      0.0,
      38.0,
      0.0,
      13.0,
      11.0,
      16.0,
      32.0,
      16.0,
      38.0
    ],
    [
      62.0,
      NaN,
      36.0,
      41.0,
      37.0,
      36.0,
      48.0,
      25.0,
      31.0,
      21.0,
      38.0,
      0.0,
      0.0,
      NaN,
      31.0,
      38.0,
      12.0,
      0.0,
      0.0
    ],
    [
      28.0,
      NaN,
      39.0,
      41.0,
      12.0,
      39.0,
      0.0,
      16.0,
      33.0,
      9.0,
      0.0,
      0.0,
      0.0,
      36.0,
      30.0,
      32.0,
      8.0,
      26.0,
      0.0
    ],
    [
      53.0,
      NaN,
      31.0,
      35.0,
      32.0,
      31.0,
      16.0,
      19.0,
      26.0,
      15.0,
      13.0,
      NaN,
      36.0,
      0.0,
      6.0,
      32.0,
      33.0,
      12.0,
      NaN
    ],
    [
      NaN,
      NaN,
      11.0,
      16.0,
      NaN,
      5.0,
      0.0,
      11.0,
      NaN,
      17.0,
      11.0,
      31.0,
      30.0,
      6.0,
      0.0,
      NaN,
      6.0,
      12.0,
      23.0
    ],
    [
      0.0,
      NaN,
      0.0,
      8.0,
      NaN,
      16.0,
      0.0,
      8.0,
      NaN,
      21.0,
      16.0,
      38.0,
      32.0,
      32.0,
      NaN,
      0.0,
      8.0,
      7.0,
      24.0
    ],
    [
      25.0,
      NaN,
      32.0,
      38.0,
      18.0,
      32.0,
      28.0,
      16.0,
      16.0,
      14.0,
      32.0,
      12.0,
      8.0,
      33.0,
      6.0,
      8.0,
      0.0,
      21.0,
      NaN
    ],
    [
      12.0,
      NaN,
      7.0,
      20.0,
      6.0,
      17.0,
      10.0,
      12.0,
      12.0,
      12.0,
      16.0,
      0.0,
      26.0,
      12.0,
      12.0,
      7.0,
      21.0,
      0.0,
      12.0
    ],
    [
      39.0,
      NaN,
      36.0,
      42.0,
      NaN,
      36.0,
      30.0,
      13.0,
      NaN,
      0.0,
      38.0,
      0.0,
      0.0,
      NaN,
      23.0,
      24.0,
      NaN,
      12.0,
      0.0
    ]
  ],
  "walk_dist_matrix": [
    [
      0.0,
      0.75,
      1.1,
      0.7,
      1.7,
      1.1,
      0.25,
      2.6,
      2.3,
      3.4,
      1.1,
      4.9,
      3.5,
      4.4,
      1.6,
      1.7,
      2.6,
      3.3,
      3.1
    ],
    [
      0.75,
      0.0,
      0.9,
      0.8,
      2.3,
      0.9,
      0.75,
      3.2,
      2.7,
      3.6,
      0.85,
      5.3,
      4.2,
      4.8,
      2.3,
      2.4,
      3.3,
      3.7,
      3.8
    ],
    [
      1.1,
      0.9,
      0.0,
      0.45,
      1.5,
      0.006,
      0.7,
      2.4,
      1.8,
      2.7,
      0.042,
      4.4,
      3.6,
      3.9,
      1.4,
      1.5,
      2.7,
      2.8,
      2.9
    ],
    [
      0.7,
      0.8,
      0.45,
      0.0,
      1.9,
      0.4,
      0.29,
      2.8,
      2.2,
      3.1,
      0.4,
      4.8,
      4.0,
      4.3,
      1.8,
      1.9,
      3.1,
      3.3,
      3.3
    ],
    [
      1.7,
      2.3,
      1.5,
      1.9,
      0.0,
      1.4,
      1.5,
      1.4,
      1.1,
      2.1,
      1.5,
      3.9,
      2.7,
      3.4,
      0.4,
      0.038,
      1.7,
      2.3,
      1.8
    ],
    [
      1.1,
      0.9,
      0.006,
      0.4,
      1.4,
      0.0,
      0.7,
      2.3,
      1.8,
      2.7,
      0.017,
      4.4,
      3.6,
      3.9,
      1.4,
      1.5,
      2.7,
      2.8,
      2.9
    ],
    [
      0.25,
      0.75,
      0.7,
      0.29,
      1.5,
      0.7,
      0.0,
      2.5,
      2.1,
      3.2,
      0.7,
      4.7,
      3.4,
      4.2,
      1.4,
      1.5,
      2.5,
      3.2,
      2.9
    ],
    [
      2.6,
      3.2,
      2.4,
      2.8,
      1.4,
      2.3,
      2.5,
      0.0,
      0.5,
      0.65,
      2.5,
      2.4,
      2.3,
      1.9,
      1.1,
      1.4,
      1.5,
      0.9,
      1.2
    ],
    [
      2.3,
      2.7,
      1.8,
      2.2,
      1.1,
      1.8,
      2.1,
      0.5,
      0.0,
      1.0,
      2.0,
      2.8,
      2.5,
      2.3,
      0.75,
      1.1,
      1.5,
      1.3,
      1.4
    ],
    [
      3.4,
      3.6,
      2.7,
      3.1,
      2.1,
      2.7,
      3.2,
      0.65,
      1.0,
      0.0,
      2.9,
      2.3,
      1.7,
      1.8,
      1.6,
      1.9,
      1.5,
      1.1,
      0.7
    ],
    [
      1.1,
      0.85,
      0.042,
      0.4,
      1.5,
      0.017,
      0.7,
      2.5,
      2.0,
      2.9,
      0.0,
      4.4,
      3.7,
      3.9,
      1.4,
      1.5,
      2.8,
      2.9,
      2.9
    ],
    [
      4.9,
      5.3,
      4.4,
      4.8,
      3.9,
      4.4,
      4.7,
      2.4,
      2.8,
      2.3,
      4.4,
      0.0,
      3.7,
      0.75,
      3.5,
      3.9,
      3.5,
      2.1,
      2.8
    ],
    [
      3.5,
      4.2,
      3.6,
      4.0,
      2.7,
      3.6,
      3.4,
      2.3,
      2.5,
      1.7,
      3.7,
      3.7,
      0.0,
      3.2,
      2.6,
      2.7,
      1.0,
      2.8,
      1.3
    ],
    [
      4.4,
      4.8,
      3.9,
      4.3,
      3.4,
      3.9,
      4.2,
      1.9,
      2.3,
      1.8,
      3.9,
      0.75,
      3.2,
      0.0,
      3.0,
      3.4,
      2.9,
      1.5,
      2.3
    ],
    [
      1.6,
      2.3,
      1.4,
      1.8,
      0.4,
      1.4,
      1.4,
      1.1,
      0.75,
      1.6,
      1.4,
      3.5,
      2.6,
      3.0,
      0.0,
      0.4,
      1.7,
      1.9,
      1.7
    ],
    [
      1.7,
      2.4,
      1.5,
      1.9,
      0.038,
      1.5,
      1.5,
      1.4,
      1.1,
      1.9,
      1.5,
      3.9,
      2.7,
      3.4,
      0.4,
      0.0,
      1.8,
      2.3,
      1.8
    ],
    [
      2.6,
      3.3,
      2.7,
      3.1,
      1.7,
      2.7,
      2.5,
      1.5,
      1.5,
      1.5,
      2.8,
      3.5,
      1.0,
      2.9,
      1.7,
      1.8,
      0.0,
      2.2,
      0.85
    ],
    [
      3.3,
      3.7,
      2.8,
      3.3,
      2.3,
      2.8,
      3.2,
      0.9,
      1.3,
      1.1,
      2.9,
      2.1,
      2.8,
      1.5,
      1.9,
      2.3,
      2.2,
      0.0,
      1.8
    ],
    [
      3.1,
      3.8,
      2.9,
      3.3,
      1.8,
      2.9,
      2.9,
      1.2,
      1.4,
      0.7,
      2.9,
      2.8,
      1.3,
      2.3,
      1.7,
      1.8,
      0.85,
      1.8,
      0.0
    ]
  ],
  "walk_time_matrix": [
    [
      0.0,
      11.0,
      14.0,
      9.0,
      20.0,
      14.0,
      3.0,
      33.0,
      28.0,
      30.0,
      14.0,
      61.0,
      45.0,
      55.0,
      19.0,
      20.0,
      32.0,
      43.0,
      39.0
    ],
    [
      11.0,
      0.0,
      11.0,
      9.0,
      28.0,
      10.0,
      9.0,
      40.0,
      33.0,
      45.0,
      10.0,
      66.0,
      54.0,
      60.0,
      27.0,
      28.0,
      41.0,
      48.0,
      47.0
    ],
    [
      14.0,
      11.0,
      0.0,
      6.0,
      18.0,
      1.0,
      10.0,
      30.0,
      23.0,
      19.0,
      1.0,
      56.0,
      47.0,
      50.0,
      17.0,
      18.0,
      34.0,
      37.0,
      37.0
    ],
    [
      9.0,
      9.0,
      6.0,
      0.0,
      22.0,
      5.0,
      4.0,
      34.0,
      18.0,
      23.0,
      4.0,
      41.0,
      51.0,
      54.0,
      21.0,
      20.0,
      38.0,
      42.0,
      41.0
    ],
    [
      20.0,
      28.0,
      18.0,
      22.0,
      0.0,
      18.0,
      20.0,
      17.0,
      13.0,
      20.0,
      19.0,
      37.0,
      38.0,
      43.0,
      5.0,
      1.0,
      18.0,
      30.0,
      23.0
    ],
    [
      14.0,
      10.0,
      1.0,
      5.0,
      18.0,
      0.0,
      9.0,
      30.0,
      23.0,
      34.0,
      1.0,
      36.0,
      47.0,
      49.0,
      17.0,
      18.0,
      34.0,
      17.0,
      36.0
    ],
    [
      3.0,
      9.0,
      10.0,
      4.0,
      20.0,
      9.0,
      0.0,
      31.0,
      26.0,
      40.0,
      8.0,
      48.0,
      43.0,
      46.0,
      17.0,
      18.0,
      30.0,
      41.0,
      37.0
    ],
    [
      33.0,
      40.0,
      30.0,
      34.0,
      17.0,
      30.0,
      31.0,
      0.0,
      6.0,
      8.0,
      33.0,
      25.0,
      16.0,
      24.0,
      14.0,
      18.0,
      19.0,
      12.0,
      16.0
    ],
    [
      28.0,
      33.0,
      23.0,
      18.0,
      13.0,
      23.0,
      26.0,
      6.0,
      0.0,
      12.0,
      17.0,
      36.0,
      33.0,
      26.0,
      9.0,
      13.0,
      18.0,
      17.0,
      18.0
    ],
    [
      30.0,
      45.0,
      19.0,
      23.0,
      20.0,
      34.0,
      40.0,
      8.0,
      12.0,
      0.0,
      36.0,
      28.0,
      23.0,
      22.0,
      17.0,
      21.0,
      18.0,
      15.0,
      9.0
    ],
    [
      14.0,
      10.0,
      1.0,
      4.0,
      19.0,
      1.0,
      8.0,
      33.0,
      17.0,
      36.0,
      0.0,
      56.0,
      47.0,
      50.0,
      17.0,
      18.0,
      34.0,
      16.0,
      38.0
    ],
    [
      61.0,
      66.0,
      56.0,
      41.0,
      37.0,
      36.0,
      48.0,
      25.0,
      36.0,
      28.0,
      56.0,
      0.0,
      47.0,
      10.0,
      31.0,
      38.0,
      36.0,
      26.0,
      35.0
    ],
    [
      45.0,
      54.0,
      47.0,
      51.0,
      38.0,
      47.0,
      43.0,
      16.0,
      33.0,
      23.0,
      47.0,
      47.0,
      0.0,
      39.0,
      31.0,
      33.0,
      12.0,
      35.0,
      16.0
    ],
    [
      55.0,
      60.0,
      50.0,
      54.0,
      43.0,
      49.0,
      46.0,
      24.0,
      26.0,
      22.0,
      50.0,
      10.0,
      39.0,
      0.0,
      37.0,
      42.0,
      33.0,
      12.0,
      29.0
    ],
    [
      19.0,
      27.0,
      17.0,
      21.0,
      5.0,
      17.0,
      17.0,
      14.0,
      9.0,
      17.0,
      17.0,
      31.0,
      31.0,
      37.0,
      0.0,
      5.0,
      21.0,
      12.0,
      22.0
    ],
    [
      20.0,
      28.0,
      18.0,
      20.0,
      1.0,
      18.0,
      18.0,
      18.0,
      13.0,
      21.0,
      18.0,
      38.0,
      33.0,
      42.0,
      5.0,
      0.0,
      18.0,
      20.0,
      23.0
    ],
    [
      32.0,
      41.0,
      34.0,
      38.0,
      18.0,
      34.0,
      30.0,
      19.0,
      18.0,
      18.0,
      34.0,
      36.0,
      12.0,
      33.0,
      21.0,
      18.0,
      0.0,
      28.0,
      11.0
    ],
    [
      43.0,
      48.0,
      37.0,
      42.0,
      30.0,
      17.0,
      41.0,
      12.0,
      17.0,
      15.0,
      16.0,
      26.0,
      35.0,
      12.0,
      12.0,
      20.0,
      28.0,
      0.0,
      23.0
    ],
    [
      39.0,
      47.0,
      37.0,
      41.0,
      23.0,
      36.0,
      37.0,
      16.0,
      18.0,
      9.0,
      38.0,
      35.0,
      16.0,
      29.0,
      22.0,
      23.0,
      11.0,
      23.0,
      0.0
    ]
  ],
  "cycle_dist_matrix": [
    [
      0.0,
      0.75,
      1.1,
      0.7,
      1.7,
      1.1,
      0.25,
      2.6,
      2.3,
      3.4,
      1.1,
      4.9,
      3.5,
      4.4,
      1.6,
      1.7,
      2.6,
      3.3,
      3.1
    ],
    [
      0.75,
      0.0,
      0.9,
      0.8,
      2.3,
      0.9,
      0.75,
      3.2,
      2.7,
      3.6,
      0.85,
      5.3,
      4.2,
      4.8,
      2.3,
      2.4,
      3.3,
      3.7,
      3.8
    ],
    [
      1.1,
      0.9,
      0.0,
      0.45,
      1.5,
      0.006,
      0.7,
      2.4,
      1.8,
      NaN,
      0.042,
      4.4,
      3.6,
      3.9,
      1.4,
      1.5,
      2.7,
      2.8,
      2.9
    ],
    [
      0.7,
      0.8,
      0.45,
      0.0,
      1.9,
      0.4,
      0.29,
      2.8,
      2.2,
      3.1,
      0.4,
      NaN,
      4.0,
      4.3,
      1.8,
      1.9,
      3.1,
      3.3,
      3.3
    ],
    [
      1.7,
      2.3,
      1.5,
      1.9,
      0.0,
      1.4,
      1.5,
      1.9,
      1.1,
      2.6,
      1.5,
      6.1,
      2.9,
      3.4,
      0.4,
      0.038,
      2.3,
      2.4,
      2.2
    ],
    [
      1.1,
      0.9,
      0.006,
      0.4,
      1.4,
      0.0,
      0.7,
      2.3,
      1.8,
      2.7,
      0.017,
      NaN,
      3.6,
      3.9,
      1.4,
      1.5,
      2.7,
      2.8,
      2.9
    ],
    [
      0.25,
      0.75,
      0.7,
      0.29,
      1.5,
      0.7,
      0.0,
      2.5,
      2.1,
      3.2,
      0.7,
      NaN,
      3.4,
      4.2,
      1.4,
      1.5,
      2.5,
      3.2,
      2.9
    ],
    [
      2.6,
      3.2,
      2.4,
      2.8,
      1.9,
      2.3,
      2.5,
      0.0,
      0.75,
      1.1,
      2.5,
      4.6,
      2.8,
      4.1,
      1.5,
      2.0,
      1.5,
      1.3,
      1.2
    ],
    [
      2.3,
      2.7,
      1.8,
      2.2,
      1.1,
      1.8,
      2.1,
      0.75,
      0.0,
      1.7,
      2.0,
      4.0,
      3.4,
      2.3,
      0.95,
      1.2,
      1.9,
      1.4,
      1.7
    ],
    [
      3.4,
      3.6,
      NaN,
      3.1,
      2.6,
      2.7,
      3.2,
      1.1,
      1.7,
      0.0,
      2.9,
      2.3,
      2.1,
      2.5,
      2.3,
      2.8,
      1.5,
      1.1,
      0.8
    ],
    [
      1.1,
      0.85,
      0.042,
      0.4,
      1.5,
      0.017,
      0.7,
      2.5,
      2.0,
      2.9,
      0.0,
      4.4,
      3.7,
      3.9,
      1.4,
      1.5,
      2.8,
      2.9,
      2.9
    ],
    [
      4.9,
      5.3,
      4.4,
      NaN,
      6.1,
      NaN,
      NaN,
      4.6,
      4.0,
      2.3,
      4.4,
      0.0,
      5.0,
      0.75,
      4.6,
      5.0,
      4.8,
      2.9,
      4.5
    ],
    [
      3.5,
      4.2,
      3.6,
      4.0,
      2.9,
      3.6,
      3.4,
      2.8,
      3.4,
      2.1,
      3.7,
      5.0,
      0.0,
      4.2,
      3.0,
      3.1,
      1.4,
      3.7,
      2.7
    ],
    [
      4.4,
      4.8,
      3.9,
      4.3,
      3.4,
      3.9,
      4.2,
      4.1,
      2.3,
      2.5,
      3.9,
      0.75,
      4.2,
      0.0,
      4.0,
      4.5,
      2.9,
      2.4,
      4.0
    ],
    [
      1.6,
      2.3,
      1.4,
      1.8,
      0.4,
      1.4,
      1.4,
      1.5,
      0.95,
      2.3,
      1.4,
      4.6,
      3.0,
      4.0,
      0.0,
      0.45,
      1.9,
      1.9,
      1.8
    ],
    [
      1.7,
      2.4,
      1.5,
      1.9,
      0.038,
      1.5,
      1.5,
      2.0,
      1.2,
      2.8,
      1.5,
      5.0,
      3.1,
      4.5,
      0.45,
      0.0,
      1.8,
      2.4,
      1.8
    ],
    [
      2.6,
      3.3,
      2.7,
      3.1,
      2.3,
      2.7,
      2.5,
      1.5,
      1.9,
      1.5,
      2.8,
      4.8,
      1.4,
      2.9,
      1.9,
      1.8,
      0.0,
      2.2,
      0.85
    ],
    [
      3.3,
      3.7,
      2.8,
      3.3,
      2.4,
      2.8,
      3.2,
      1.3,
      1.4,
      1.1,
      2.9,
      2.9,
      3.7,
      2.4,
      1.9,
      2.4,
      2.2,
      0.0,
      1.9
    ],
    [
      3.1,
      3.8,
      2.9,
      3.3,
      2.2,
      2.9,
      2.9,
      1.2,
      1.7,
      0.8,
      2.9,
      4.5,
      2.7,
      4.0,
      1.8,
      1.8,
      0.85,
      1.9,
      0.0
    ]
  ],
  "cycle_time_matrix": [
    [
      0.0,
      11.0,
      14.0,
      9.0,
      20.0,
      14.0,
      3.0,
      33.0,
      28.0,
      42.0,
      14.0,
      61.0,
      45.0,
      55.0,
      19.0,
      20.0,
      32.0,
      43.0,
      39.0
    ],
    [
      11.0,
      0.0,
      11.0,
      9.0,
      28.0,
      10.0,
      9.0,
      40.0,
      33.0,
      45.0,
      10.0,
      66.0,
      54.0,
      60.0,
      27.0,
      28.0,
      41.0,
      48.0,
      47.0
    ],
    [
      14.0,
      11.0,
      0.0,
      6.0,
      18.0,
      1.0,
      10.0,
      30.0,
      23.0,
      NaN,
      1.0,
      56.0,
      47.0,
      50.0,
      17.0,
      18.0,
      34.0,
      37.0,
      37.0
    ],
    [
      9.0,
      9.0,
      6.0,
      0.0,
      22.0,
      5.0,
      4.0,
      34.0,
      28.0,
      39.0,
      4.0,
      NaN,
      51.0,
      54.0,
      21.0,
      22.0,
      38.0,
      42.0,
      41.0
    ],
    [
      20.0,
      28.0,
      18.0,
      22.0,
      0.0,
      18.0,
      20.0,
      8.0,
      13.0,
      10.0,
      19.0,
      24.0,
      15.0,
      43.0,
      2.0,
      1.0,
      18.0,
      15.0,
      10.0
    ],
    [
      14.0,
      10.0,
      1.0,
      5.0,
      18.0,
      0.0,
      9.0,
      30.0,
      23.0,
      34.0,
      1.0,
      NaN,
      47.0,
      49.0,
      17.0,
      18.0,
      34.0,
      37.0,
      36.0
    ],
    [
      3.0,
      9.0,
      10.0,
      4.0,
      20.0,
      9.0,
      0.0,
      31.0,
      26.0,
      40.0,
      8.0,
      NaN,
      43.0,
      53.0,
      17.0,
      18.0,
      30.0,
      41.0,
      37.0
    ],
    [
      33.0,
      40.0,
      30.0,
      34.0,
      8.0,
      30.0,
      31.0,
      0.0,
      3.0,
      3.0,
      33.0,
      18.0,
      11.0,
      16.0,
      6.0,
      7.0,
      19.0,
      9.0,
      16.0
    ],
    [
      28.0,
      33.0,
      23.0,
      28.0,
      13.0,
      23.0,
      26.0,
      3.0,
      0.0,
      5.0,
      25.0,
      36.0,
      13.0,
      29.0,
      4.0,
      4.0,
      8.0,
      10.0,
      8.0
    ],
    [
      42.0,
      45.0,
      NaN,
      39.0,
      10.0,
      34.0,
      40.0,
      3.0,
      5.0,
      0.0,
      36.0,
      28.0,
      23.0,
      11.0,
      8.0,
      9.0,
      18.0,
      15.0,
      4.0
    ],
    [
      14.0,
      10.0,
      1.0,
      4.0,
      19.0,
      1.0,
      8.0,
      33.0,
      25.0,
      36.0,
      0.0,
      56.0,
      47.0,
      50.0,
      17.0,
      18.0,
      34.0,
      38.0,
      37.0
    ],
    [
      61.0,
      66.0,
      56.0,
      NaN,
      24.0,
      NaN,
      NaN,
      18.0,
      36.0,
      28.0,
      56.0,
      0.0,
      21.0,
      3.0,
      16.0,
      18.0,
      19.0,
      15.0,
      19.0
    ],
    [
      45.0,
      54.0,
      47.0,
      51.0,
      15.0,
      47.0,
      43.0,
      11.0,
      13.0,
      23.0,
      47.0,
      21.0,
      0.0,
      15.0,
      31.0,
      11.0,
      5.0,
      16.0,
      10.0
    ],
    [
      55.0,
      60.0,
      50.0,
      54.0,
      43.0,
      49.0,
      53.0,
      16.0,
      29.0,
      11.0,
      50.0,
      3.0,
      15.0,
      0.0,
      14.0,
      15.0,
      36.0,
      12.0,
      16.0
    ],
    [
      19.0,
      27.0,
      17.0,
      21.0,
      2.0,
      17.0,
      17.0,
      6.0,
      4.0,
      8.0,
      17.0,
      16.0,
      31.0,
      14.0,
      0.0,
      1.0,
      9.0,
      25.0,
      9.0
    ],
    [
      20.0,
      28.0,
      18.0,
      22.0,
      1.0,
      18.0,
      18.0,
      7.0,
      4.0,
      9.0,
      18.0,
      18.0,
      11.0,
      15.0,
      1.0,
      0.0,
      18.0,
      15.0,
      23.0
    ],
    [
      32.0,
      41.0,
      34.0,
      38.0,
      18.0,
      34.0,
      30.0,
      19.0,
      8.0,
      18.0,
      34.0,
      19.0,
      5.0,
      36.0,
      9.0,
      18.0,
      0.0,
      13.0,
      11.0
    ],
    [
      43.0,
      48.0,
      37.0,
      42.0,
      15.0,
      37.0,
      41.0,
      9.0,
      10.0,
      15.0,
      38.0,
      15.0,
      16.0,
      12.0,
      25.0,
      15.0,
      13.0,
      0.0,
      11.0
    ],
    [
      39.0,
      47.0,
      37.0,
      41.0,
      10.0,
      36.0,
      37.0,
      16.0,
      8.0,
      4.0,
      37.0,
      19.0,
      10.0,
      16.0,
      9.0,
      23.0,
      11.0,
      11.0,
      0.0
    ]
  ],
  "avg_dd": [
    [
      2.9528698060941814
    ]
  ]
}