{
  "drive_dist_matrix": [
    [
      0.0,
      1.2,
      2.6,
      1.8,
      0.75,
      0.7,
      0.65,
      0.8,
      2.5,
      0.6,
      0.65,
      1.1,
      0.7,
      0.14,
      0.55,
      0.9,
      0.7,
      1.1,
      0.85,
      0.75,
      21.9,
      0.6,
      0.8,
      0.6,
      0.55,
      0.9,
      3.3,
      0.3,
      2.1,
      1.3,
      6.3,
      2.6,
      4.1,
      1.0,
      2.3,
      0.35,
      26.6,
      0.45,
      0.35,
      21.6,
      4.1,
      26.4,
      0.3,
      10.0,
      1.7,
      14.0,
      12.0,
      36.1,
      10.8
    ],
    [
      1.2,
      0.0,
      3.2,
      0.6,
      0.45,
      0.65,
      3.4,
      1.2,
      4.2,
      2.7,
      2.0,
      2.7,
      1.1,
      1.1,
      2.0,
      3.1,
      2.5,
      2.5,
      2.4,
      2.8,
      21.9,
      2.2,
      2.8,
      1.0,
      2.0,
      0.5,
      4.9,
      1.0,
      3.7,
      2.9,
      7.0,
      3.2,
      5.8,
      0.95,
      1.5,
      1.9,
      28.2,
      1.9,
      0.9,
      21.5,
      5.7,
      28.1,
      1.0,
      11.6,
      3.3,
      14.0,
      12.1,
      37.8,
      12.5
    ],
    [
      2.6,
      3.2,
      0.0,
      3.0,
      2.2,
      2.1,
      4.1,
      2.9,
      4.9,
      3.4,
      2.8,
      3.5,
      2.8,
      2.3,
      2.7,
      3.9,
      3.3,
      3.3,
      3.1,
      3.6,
      19.7,
      2.9,
      3.6,
      2.7,
      2.7,
      2.4,
      5.6,
      2.9,
      4.5,
      3.7,
      4.1,
      0.35,
      6.5,
      1.6,
      3.6,
      2.9,
      29.0,
      2.6,
      2.1,
      19.3,
      6.4,
      28.8,
      3.0,
      12.3,
      4.0,
      11.8,
      9.8,
      38.5,
      13.2
    ],
    [
      1.8,
      0.6,
      3.0,
      0.0,
      0.35,
      0.55,
      3.4,
      1.1,
      4.2,
      2.7,
      2.0,
      2.7,
      1.0,
      1.0,
      2.0,
      3.1,
      2.5,
      2.5,
      2.4,
      2.8,
      21.9,
      2.2,
      2.8,
      0.9,
      2.0,
      0.11,
      4.9,
      1.9,
      3.7,
      2.9,
      7.0,
      3.2,
      5.7,
      0.9,
      1.5,
      1.9,
      28.2,
      1.8,
      0.75,
      21.5,
      5.7,
      28.1,
      0.85,
      11.6,
      3.3,
      13.9,
      12.1,
      37.8,
      12.5
    ],
    [
      0.75,
      0.45,
      2.2,
      0.35,
      0.0,
      0.3,
      3.0,
      0.8,
      3.3,
      1.8,
      1.2,
      1.9,
      0.65,
      0.7,
      1.0,
      2.8,
      1.7,
      1.8,
      1.5,
      2.0,
      21.7,
      1.0,
      1.9,
      0.55,
      1.0,
      0.22,
      4.0,
      0.55,
      2.9,
      2.1,
      6.0,
      2.4,
      4.9,
      0.6,
      1.9,
      0.8,
      27.4,
      0.85,
      0.4,
      21.3,
      4.8,
      27.2,
      0.55,
      10.7,
      2.4,
      13.8,
      11.8,
      36.9,
      11.6
    ],
    [
      0.7,
      0.65,
      2.1,
      0.55,
      0.3,
      0.0,
      2.5,
      1.0,
      3.3,
      1.8,
      1.2,
      1.9,
      0.9,
      0.65,
      0.9,
      2.3,
      1.6,
      1.8,
      1.2,
      2.0,
      21.7,
      1.3,
      1.9,
      0.8,
      0.9,
      0.45,
      4.0,
      0.65,
      2.8,
      2.1,
      6.0,
      2.3,
      4.9,
      0.4,
      1.5,
      0.85,
      27.4,
      0.8,
      0.3,
      21.3,
      4.8,
      27.2,
      0.6,
      10.7,
      2.4,
      13.8,
      11.7,
      36.9,
      11.6
    ],
    [
      0.65,
      3.4,
      4.1,
      3.4,
      3.0,
      2.5,
      0.0,
      0.7,
      3.6,
      0.25,
      0.7,
      0.45,
      0.7,
      2.8,
      1.0,
      0.35,
      0.35,
      1.8,
      3.3,
      0.11,
      35.7,
      3.4,
      0.13,
      1.0,
      1.0,
      2.9,
      3.7,
      0.45,
      1.0,
      2.9,
      8.0,
      4.3,
      4.6,
      2.7,
      4.0,
      0.35,
      27.1,
      0.9,
      2.2,
      35.3,
      4.5,
      26.9,
      0.45,
      10.4,
      2.7,
      27.2,
      13.7,
      36.6,
      11.3
    ],
    [
      0.8,
      1.2,
      2.9,
      1.1,
      0.8,
      1.0,
      0.7,
      0.0,
      3.8,
      0.8,
      1.1,
      1.0,
      0.1,
      0.65,
      1.1,
      0.35,
      0.95,
      2.0,
      3.5,
      0.75,
      35.9,
      3.3,
      0.65,
      0.21,
      1.1,
      0.95,
      3.9,
      0.5,
      1.2,
      3.1,
      8.2,
      4.5,
      4.8,
      2.9,
      4.2,
      0.65,
      27.3,
      0.95,
      0.75,
      35.5,
      4.7,
      27.1,
      0.5,
      10.6,
      2.9,
      27.4,
      13.9,
      36.8,
      11.5
    ],
    [
      2.5,
      4.2,
      4.9,
      4.2,
      3.3,
      3.3,
      3.6,
      3.8,
      0.0,
      2.8,
      3.8,
      2.8,
      3.9,
      3.4,
      2.6,
      3.2,
      2.6,
      2.4,
      2.3,
      2.9,
      24.2,
      2.5,
      2.9,
      3.8,
      2.6,
      3.5,
      4.3,
      4.0,
      3.8,
      1.0,
      8.6,
      4.9,
      5.2,
      3.3,
      4.6,
      3.9,
      27.7,
      3.7,
      2.8,
      23.8,
      5.1,
      27.5,
      4.1,
      11.0,
      0.9,
      16.3,
      14.3,
      37.2,
      11.9
    ],
    [
      0.6,
      2.7,
      3.4,
      2.7,
      1.8,
      1.8,
      0.25,
      0.8,
      2.8,
      0.0,
      0.5,
      0.27,
      0.7,
      0.5,
      0.85,
      0.55,
      0.16,
      1.0,
      2.5,
      0.13,
      22.8,
      1.0,
      0.2,
      1.6,
      0.85,
      2.1,
      3.0,
      0.45,
      1.5,
      2.1,
      7.2,
      3.5,
      3.8,
      2.0,
      3.2,
      0.28,
      26.3,
      0.8,
      1.4,
      22.5,
      3.8,
      26.1,
      0.45,
      9.6,
      1.9,
      14.9,
      12.9,
      35.8,
      10.5
    ],
    [
      0.65,
      2.0,
      2.8,
      2.0,
      1.2,
      1.2,
      0.7,
      1.1,
      3.8,
      0.5,
      0.0,
      0.3,
      1.0,
      0.6,
      0.35,
      1.0,
      0.45,
      0.65,
      0.65,
      0.6,
      22.6,
      0.55,
      0.65,
      0.95,
      0.35,
      1.9,
      3.0,
      0.75,
      1.7,
      1.7,
      6.9,
      3.3,
      3.9,
      1.7,
      3.0,
      0.65,
      26.3,
      0.3,
      0.7,
      22.2,
      3.8,
      26.2,
      0.7,
      9.7,
      1.5,
      14.7,
      12.7,
      35.9,
      10.6
    ],
    [
      1.1,
      2.7,
      3.5,
      2.7,
      1.9,
      1.9,
      0.45,
      1.0,
      2.8,
      0.27,
      0.3,
      0.0,
      0.85,
      0.65,
      0.7,
      0.7,
      0.21,
      0.75,
      1.0,
      0.35,
      22.8,
      0.8,
      0.4,
      0.75,
      0.7,
      2.1,
      3.0,
      0.65,
      1.6,
      2.1,
      7.2,
      3.5,
      3.9,
      1.9,
      3.2,
      0.45,
      26.4,
      0.65,
      0.95,
      22.4,
      3.8,
      26.2,
      0.65,
      9.7,
      1.9,
      14.9,
      12.9,
      35.9,
      10.6
    ],
    [
      0.7,
      1.1,
      2.8,
      1.0,
      0.65,
      0.9,
      0.7,
      0.1,
      3.9,
      0.7,
      1.0,
      0.85,
      0.0,
      0.55,
      1.0,
      2.6,
      0.8,
      2.1,
      1.8,
      0.8,
      22.0,
      1.0,
      0.75,
      0.1,
      1.0,
      0.8,
      4.3,
      0.4,
      3.2,
      2.9,
      6.4,
      2.7,
      5.2,
      1.1,
      2.3,
      0.55,
      27.7,
      0.85,
      0.65,
      21.6,
      5.1,
      27.5,
      0.4,
      11.0,
      2.7,
      14.1,
      12.1,
      37.2,
      11.9
    ],
    [
      0.14,
      1.1,
      2.3,
      1.0,
      0.7,
      0.65,
      2.8,
      0.65,
      3.4,
      0.5,
      0.6,
      0.65,
      0.55,
      0.0,
      0.5,
      0.75,
      0.6,
      1.2,
      0.8,
      0.6,
      22.3,
      0.55,
      0.65,
      0.45,
      0.5,
      0.85,
      3.4,
      0.18,
      2.2,
      2.0,
      6.6,
      2.9,
      4.2,
      0.85,
      2.6,
      0.22,
      26.7,
      0.4,
      0.3,
      21.9,
      4.2,
      26.6,
      0.19,
      10.1,
      1.8,
      14.3,
      12.3,
      36.3,
      11.0
    ],
    [
      0.55,
      2.0,
      2.7,
      2.0,
      1.0,
      0.9,
      1.0,
      1.1,
      2.6,
      0.85,
      0.35,
      0.7,
      1.0,
      0.5,
      0.0,
      1.6,
      0.8,
      0.85,
      0.3,
      1.0,
      22.0,
      0.19,
      1.3,
      0.85,
      0.0,
      1.3,
      3.4,
      0.65,
      2.2,
      0.9,
      6.4,
      2.7,
      4.2,
      1.1,
      2.4,
      0.75,
      26.7,
      0.11,
      0.6,
      21.6,
      4.2,
      26.5,
      0.65,
      10.1,
      1.8,
      14.1,
      12.1,
      36.2,
      10.9
    ],
    [
      0.9,
      3.1,
      3.9,
      3.1,
      2.8,
      2.3,
      0.35,
      0.35,
      3.2,
      0.55,
      1.0,
      0.7,
      2.6,
      0.75,
      1.6,
      0.0,
      0.65,
      1.6,
      3.1,
      0.4,
      35.5,
      3.2,
      0.35,
      0.55,
      3.0,
      2.7,
      3.5,
      0.85,
      1.4,
      2.7,
      7.7,
      4.1,
      4.3,
      2.5,
      3.8,
      0.55,
      26.8,
      2.9,
      2.0,
      35.1,
      4.3,
      26.7,
      0.65,
      10.2,
      2.5,
      27.0,
      13.5,
      36.4,
      11.1
    ],
    [
      0.7,
      2.5,
      3.3,
      2.5,
      1.7,
      1.6,
      0.35,
      0.95,
      2.6,
      0.16,
      0.45,
      0.21,
      0.8,
      0.6,
      0.8,
      0.65,
      0.0,
      0.85,
      2.3,
      0.25,
      22.6,
      0.95,
      0.3,
      0.7,
      0.8,
      1.9,
      2.8,
      0.6,
      1.4,
      1.9,
      7.0,
      3.3,
      3.7,
      1.7,
      3.0,
      0.4,
      26.2,
      0.75,
      0.9,
      22.2,
      3.6,
      26.0,
      0.6,
      9.5,
      1.7,
      14.7,
      12.7,
      35.7,
      10.4
    ],
    [
      1.1,
      2.5,
      3.3,
      2.5,
      1.8,
      1.8,
      1.8,
      2.0,
      2.4,
      1.0,
      0.65,
      0.75,
      2.1,
      1.2,
      0.85,
      1.6,
      0.85,
      0.0,
      1.0,
      1.3,
      22.6,
      1.0,
      1.3,
      2.1,
      0.75,
      1.9,
      2.7,
      2.3,
      2.2,
      1.2,
      6.9,
      3.3,
      3.6,
      1.7,
      3.0,
      2.3,
      26.0,
      0.8,
      1.2,
      22.2,
      3.5,
      25.9,
      2.5,
      9.4,
      1.0,
      14.7,
      12.7,
      35.6,
      10.3
    ],
    [
      0.85,
      2.4,
      3.1,
      2.4,
      1.5,
      1.2,
      3.3,
      3.5,
      2.3,
      2.5,
      0.65,
      1.0,
      1.8,
      0.8,
      0.3,
      3.1,
      2.3,
      1.0,
      0.0,
      1.6,
      22.3,
      0.24,
      1.6,
      1.9,
      0.3,
      1.6,
      3.7,
      0.95,
      2.5,
      0.65,
      6.7,
      3.0,
      4.5,
      1.4,
      2.7,
      1.0,
      27.0,
      0.4,
      0.9,
      21.9,
      4.5,
      26.8,
      0.9,
      10.3,
      1.7,
      14.4,
      12.4,
      36.5,
      11.2
    ],
    [
      0.75,
      2.8,
      3.6,
      2.8,
      2.0,
      2.0,
      0.11,
      0.75,
      2.9,
      0.13,
      0.6,
      0.35,
      0.8,
      0.6,
      1.0,
      0.4,
      0.25,
      1.3,
      1.6,
      0.0,
      22.9,
      2.7,
      0.071,
      0.7,
      1.0,
      2.2,
      3.0,
      0.55,
      1.6,
      2.2,
      7.3,
      3.6,
      3.9,
      2.0,
      3.3,
      0.4,
      26.4,
      0.9,
      0.85,
      22.5,
      3.8,
      26.2,
      0.55,
      9.7,
      2.0,
      27.8,
      13.0,
      35.9,
      10.6
    ],
    [
      21.9,
      21.9,
      19.7,
      21.9,
      21.7,
      21.7,
      35.7,
      35.9,
      24.2,
      22.8,
      22.6,
      22.8,
      22.0,
      22.3,
      22.0,
      35.5,
      22.6,
      22.6,
      22.3,
      22.9,
      0.0,
      22.4,
      23.0,
      22.1,
      22.1,
      21.9,
      38.7,
      22.3,
      36.8,
      23.1,
      18.6,
      19.9,
      40.1,
      21.0,
      22.0,
      22.3,
      61.9,
      22.0,
      21.5,
      1.5,
      40.0,
      61.7,
      22.5,
      45.9,
      23.5,
      9.6,
      10.5,
      71.4,
      46.1
    ],
    [
      0.6,
      2.2,
      2.9,
      2.2,
      1.0,
      1.3,
      3.4,
      3.3,
      2.5,
      1.0,
      0.55,
      0.8,
      1.0,
      0.55,
      0.19,
      3.2,
      0.95,
      1.0,
      0.24,
      2.7,
      22.4,
      0.0,
      1.5,
      0.9,
      0.19,
      1.2,
      3.6,
      0.7,
      2.4,
      0.9,
      6.6,
      2.9,
      4.5,
      1.2,
      2.6,
      0.75,
      26.9,
      0.23,
      0.65,
      21.9,
      4.4,
      26.8,
      0.65,
      10.3,
      1.6,
      14.3,
      12.3,
      36.5,
      11.2
    ],
    [
      0.8,
      2.8,
      3.6,
      2.8,
      1.9,
      1.9,
      0.13,
      0.65,
      2.9,
      0.2,
      0.65,
      0.4,
      0.75,
      0.65,
      1.3,
      0.35,
      0.3,
      1.3,
      1.6,
      0.071,
      23.0,
      1.5,
      0.0,
      0.7,
      3.1,
      2.8,
      3.6,
      0.55,
      0.9,
      2.8,
      7.9,
      4.2,
      4.5,
      2.6,
      3.9,
      0.5,
      26.9,
      1.0,
      0.85,
      35.2,
      4.4,
      26.8,
      0.6,
      10.3,
      2.6,
      27.1,
      13.6,
      36.5,
      11.2
    ],
    [
      0.6,
      1.0,
      2.7,
      0.9,
      0.55,
      0.8,
      1.0,
      0.21,
      3.8,
      1.6,
      0.95,
      0.75,
      0.1,
      0.45,
      0.85,
      0.55,
      0.7,
      2.1,
      1.9,
      0.7,
      22.1,
      0.9,
      0.7,
      0.0,
      1.3,
      0.7,
      4.2,
      0.28,
      3.0,
      2.8,
      6.2,
      2.5,
      5.1,
      1.0,
      2.1,
      0.45,
      27.6,
      0.75,
      0.55,
      21.5,
      5.0,
      27.4,
      0.3,
      10.9,
      2.6,
      13.9,
      11.9,
      37.1,
      11.8
    ],
    [
      0.55,
      2.0,
      2.7,
      2.0,
      1.0,
      0.9,
      1.0,
      1.1,
      2.6,
      0.85,
      0.35,
      0.7,
      1.0,
      0.5,
      0.0,
      3.0,
      0.8,
      0.75,
      0.3,
      1.0,
      22.1,
      0.19,
      3.1,
      1.3,
      0.0,
      1.3,
      3.4,
      0.65,
      2.2,
      1.0,
      6.4,
      2.7,
      4.2,
      1.1,
      2.4,
      0.75,
      26.7,
      0.11,
      0.6,
      21.6,
      4.2,
      26.5,
      0.65,
      10.1,
      1.8,
      14.1,
      12.1,
      36.2,
      10.9
    ],
    [
      0.9,
      0.5,
      2.4,
      0.11,
      0.22,
      0.45,
      2.9,
      0.95,
      3.5,
      2.1,
      1.9,
      2.1,
      0.8,
      0.85,
      1.3,
      2.7,
      1.9,
      1.9,
      1.6,
      2.2,
      21.9,
      1.2,
      2.8,
      0.7,
      1.3,
      0.0,
      4.3,
      0.7,
      3.1,
      2.9,
      6.3,
      2.6,
      5.1,
      0.75,
      2.2,
      1.0,
      27.6,
      1.2,
      0.55,
      21.5,
      5.1,
      27.5,
      0.7,
      11.0,
      2.7,
      14.0,
      12.0,
      37.1,
      11.9
    ],
    [
      3.3,
      4.9,
      5.6,
      4.9,
      4.0,
      4.0,
      3.7,
      3.9,
      4.3,
      3.0,
      3.0,
      3.0,
      4.3,
      3.4,
      3.4,
      3.5,
      2.8,
      2.7,
      3.7,
      3.0,
      38.7,
      3.6,
      3.6,
      4.2,
      3.4,
      4.3,
      0.0,
      4.7,
      4.3,
      4.2,
      9.9,
      6.3,
      0.5,
      4.7,
      6.0,
      4.7,
      25.3,
      5.1,
      4.2,
      25.2,
      0.75,
      25.1,
      4.9,
      6.8,
      4.0,
      17.7,
      15.7,
      34.8,
      9.5
    ],
    [
      0.3,
      1.0,
      2.9,
      1.9,
      0.55,
      0.65,
      0.45,
      0.5,
      4.0,
      0.45,
      0.75,
      0.65,
      0.4,
      0.18,
      0.65,
      0.85,
      0.6,
      2.3,
      0.95,
      0.55,
      22.3,
      0.7,
      0.55,
      0.28,
      0.65,
      0.7,
      4.7,
      0.0,
      3.2,
      3.0,
      6.4,
      2.7,
      5.3,
      1.2,
      2.3,
      0.29,
      27.8,
      0.55,
      0.3,
      21.7,
      5.2,
      27.6,
      0.021,
      11.1,
      2.8,
      14.2,
      12.1,
      37.3,
      12.0
    ],
    [
      2.1,
      3.7,
      4.5,
      3.7,
      2.9,
      2.8,
      1.0,
      1.2,
      3.8,
      1.5,
      1.7,
      1.6,
      3.2,
      2.2,
      2.2,
      1.4,
      1.4,
      2.2,
      2.5,
      1.6,
      36.8,
      2.4,
      0.9,
      3.0,
      2.2,
      3.1,
      4.3,
      3.2,
      0.0,
      6.8,
      10.2,
      6.5,
      8.7,
      4.9,
      5.5,
      4.8,
      30.5,
      5.1,
      4.6,
      34.3,
      8.7,
      30.4,
      5.0,
      14.6,
      6.6,
      26.2,
      26.1,
      40.1,
      14.8
    ],
    [
      1.3,
      2.9,
      3.7,
      2.9,
      2.1,
      2.1,
      2.9,
      3.1,
      1.0,
      2.1,
      1.7,
      2.1,
      2.9,
      2.0,
      0.9,
      2.7,
      1.9,
      1.2,
      0.65,
      2.2,
      23.1,
      0.9,
      2.8,
      2.8,
      1.0,
      2.9,
      4.2,
      3.0,
      6.8,
      0.0,
      7.4,
      3.7,
      4.5,
      2.1,
      3.4,
      2.7,
      27.0,
      1.3,
      1.6,
      22.6,
      4.4,
      26.8,
      2.9,
      10.3,
      0.65,
      15.1,
      13.1,
      36.5,
      11.2
    ],
    [
      6.3,
      7.0,
      4.1,
      7.0,
      6.0,
      6.0,
      8.0,
      8.2,
      8.6,
      7.2,
      6.9,
      7.2,
      6.4,
      6.6,
      6.4,
      7.7,
      7.0,
      6.9,
      6.7,
      7.3,
      18.6,
      6.6,
      7.9,
      6.2,
      6.4,
      6.3,
      9.9,
      6.4,
      10.2,
      7.4,
      0.0,
      4.2,
      10.2,
      5.3,
      6.7,
      6.6,
      32.7,
      6.3,
      5.8,
      17.6,
      10.2,
      32.5,
      6.7,
      16.0,
      7.8,
      10.1,
      8.1,
      42.2,
      16.9
    ],
    [
      2.6,
      3.2,
      0.35,
      3.2,
      2.4,
      2.3,
      4.3,
      4.5,
      4.9,
      3.5,
      3.3,
      3.5,
      2.7,
      2.9,
      2.7,
      4.1,
      3.3,
      3.3,
      3.0,
      3.6,
      19.9,
      2.9,
      4.2,
      2.5,
      2.7,
      2.6,
      6.3,
      2.7,
      6.5,
      3.7,
      4.2,
      0.0,
      6.5,
      1.6,
      3.7,
      2.9,
      29.0,
      2.6,
      2.1,
      19.0,
      6.5,
      28.9,
      3.1,
      12.4,
      4.1,
      11.5,
      9.4,
      38.6,
      13.3
    ],
    [
      4.1,
      5.8,
      6.5,
      5.7,
      4.9,
      4.9,
      4.6,
      4.8,
      5.2,
      3.8,
      3.9,
      3.9,
      5.2,
      4.2,
      4.2,
      4.3,
      3.7,
      3.6,
      4.5,
      3.9,
      40.1,
      4.5,
      4.5,
      5.1,
      4.2,
      5.1,
      0.5,
      5.3,
      8.7,
      4.5,
      10.2,
      6.5,
      0.0,
      4.9,
      6.2,
      4.9,
      25.4,
      5.2,
      4.4,
      25.4,
      0.4,
      25.2,
      5.0,
      6.3,
      4.2,
      17.9,
      15.8,
      34.9,
      9.6
    ],
    [
      1.0,
      0.95,
      1.6,
      0.9,
      0.6,
      0.4,
      2.7,
      2.9,
      3.3,
      2.0,
      1.7,
      1.9,
      1.1,
      0.85,
      1.1,
      2.5,
      1.7,
      1.7,
      1.4,
      2.0,
      21.0,
      1.2,
      2.6,
      1.0,
      1.1,
      0.75,
      4.7,
      1.2,
      4.9,
      2.1,
      5.3,
      1.6,
      4.9,
      0.0,
      2.0,
      1.3,
      27.4,
      1.0,
      0.55,
      20.5,
      4.9,
      27.3,
      0.8,
      10.8,
      2.5,
      13.0,
      11.0,
      37.0,
      11.7
    ],
    [
      2.3,
      1.5,
      3.6,
      1.5,
      1.9,
      1.5,
      4.0,
      4.2,
      4.6,
      3.2,
      3.0,
      3.2,
      2.3,
      2.6,
      2.4,
      3.8,
      3.0,
      3.0,
      2.7,
      3.3,
      22.0,
      2.6,
      3.9,
      2.1,
      2.4,
      2.2,
      6.0,
      2.3,
      5.5,
      3.4,
      6.7,
      3.7,
      6.2,
      2.0,
      0.0,
      2.4,
      28.8,
      2.4,
      1.9,
      21.6,
      6.2,
      28.6,
      2.6,
      12.1,
      3.8,
      14.0,
      11.7,
      38.3,
      13.0
    ],
    [
      0.35,
      1.9,
      2.9,
      1.9,
      0.8,
      0.85,
      0.35,
      0.65,
      3.9,
      0.28,
      0.65,
      0.45,
      0.55,
      0.22,
      0.75,
      0.55,
      0.4,
      2.3,
      1.0,
      0.4,
      22.3,
      0.75,
      0.5,
      0.45,
      0.75,
      1.0,
      4.7,
      0.29,
      4.8,
      2.7,
      6.6,
      2.9,
      4.9,
      1.3,
      2.4,
      0.0,
      27.7,
      0.6,
      0.5,
      21.7,
      5.2,
      27.6,
      0.3,
      11.1,
      2.8,
      14.1,
      12.1,
      37.3,
      12.0
    ],
    [
      26.6,
      28.2,
      29.0,
      28.2,
      27.4,
      27.4,
      27.1,
      27.3,
      27.7,
      26.3,
      26.3,
      26.4,
      27.7,
      26.7,
      26.7,
      26.8,
      26.2,
      26.0,
      27.0,
      26.4,
      61.9,
      26.9,
      26.9,
      27.6,
      26.7,
      27.6,
      25.3,
      27.8,
      30.5,
      27.0,
      32.7,
      29.0,
      25.4,
      27.4,
      28.8,
      27.7,
      0.0,
      27.7,
      26.8,
      47.8,
      26.5,
      0.17,
      27.5,
      32.4,
      26.6,
      53.0,
      38.3,
      31.8,
      21.8
    ],
    [
      0.45,
      1.9,
      2.6,
      1.8,
      0.85,
      0.8,
      0.9,
      0.95,
      3.7,
      0.8,
      0.3,
      0.65,
      0.85,
      0.4,
      0.11,
      2.9,
      0.75,
      0.8,
      0.4,
      0.9,
      22.0,
      0.23,
      1.0,
      0.75,
      0.11,
      1.2,
      5.1,
      0.55,
      5.1,
      1.3,
      6.3,
      2.6,
      5.2,
      1.0,
      2.4,
      0.6,
      27.7,
      0.0,
      0.5,
      21.7,
      4.2,
      26.6,
      0.5,
      10.1,
      1.8,
      14.2,
      12.2,
      36.3,
      11.0
    ],
    [
      0.35,
      0.9,
      2.1,
      0.75,
      0.4,
      0.3,
      2.2,
      0.75,
      2.8,
      1.4,
      0.7,
      0.95,
      0.65,
      0.3,
      0.6,
      2.0,
      0.9,
      1.2,
      0.9,
      0.85,
      21.5,
      0.65,
      0.85,
      0.55,
      0.6,
      0.55,
      4.2,
      0.3,
      4.6,
      1.6,
      5.8,
      2.1,
      4.4,
      0.55,
      1.9,
      0.5,
      26.8,
      0.5,
      0.0,
      21.0,
      4.3,
      26.7,
      0.29,
      10.2,
      1.9,
      13.5,
      11.5,
      36.4,
      11.1
    ],
    [
      21.6,
      21.5,
      19.3,
      21.5,
      21.3,
      21.3,
      35.3,
      35.5,
      23.8,
      22.5,
      22.2,
      22.4,
      21.6,
      21.9,
      21.6,
      35.1,
      22.2,
      22.2,
      21.9,
      22.5,
      1.5,
      21.9,
      35.2,
      21.5,
      21.6,
      21.5,
      25.2,
      21.7,
      34.3,
      22.6,
      17.6,
      19.0,
      25.4,
      20.5,
      21.6,
      21.7,
      47.8,
      21.7,
      21.0,
      0.0,
      39.7,
      61.3,
      22.1,
      45.5,
      23.1,
      9.2,
      10.1,
      71.0,
      45.7
    ],
    [
      4.1,
      5.7,
      6.4,
      5.7,
      4.8,
      4.8,
      4.5,
      4.7,
      5.1,
      3.8,
      3.8,
      3.8,
      5.1,
      4.2,
      4.2,
      4.3,
      3.6,
      3.5,
      4.5,
      3.8,
      40.0,
      4.4,
      4.4,
      5.0,
      4.2,
      5.1,
      0.75,
      5.2,
      8.7,
      4.4,
      10.2,
      6.5,
      0.4,
      4.9,
      6.2,
      5.2,
      26.5,
      4.2,
      4.3,
      39.7,
      0.0,
      25.1,
      5.0,
      5.9,
      4.1,
      17.8,
      15.8,
      34.8,
      9.5
    ],
    [
      26.4,
      28.1,
      28.8,
      28.1,
      27.2,
      27.2,
      26.9,
      27.1,
      27.5,
      26.1,
      26.2,
      26.2,
      27.5,
      26.6,
      26.5,
      26.7,
      26.0,
      25.9,
      26.8,
      26.2,
      61.7,
      26.8,
      26.8,
      27.4,
      26.5,
      27.5,
      25.1,
      27.6,
      30.4,
      26.8,
      32.5,
      28.9,
      25.2,
      27.3,
      28.6,
      27.6,
      0.17,
      26.6,
      26.7,
      61.3,
      25.1,
      0.0,
      27.3,
      32.3,
      26.5,
      52.8,
      38.1,
      31.6,
      21.7
    ],
    [
      0.3,
      1.0,
      3.0,
      0.85,
      0.55,
      0.6,
      0.45,
      0.5,
      4.1,
      0.45,
      0.7,
      0.65,
      0.4,
      0.19,
      0.65,
      0.65,
      0.6,
      2.5,
      0.9,
      0.55,
      22.5,
      0.65,
      0.6,
      0.3,
      0.65,
      0.7,
      4.9,
      0.021,
      5.0,
      2.9,
      6.7,
      3.1,
      5.0,
      0.8,
      2.6,
      0.3,
      27.5,
      0.5,
      0.29,
      22.1,
      5.0,
      27.3,
      0.0,
      11.2,
      3.0,
      14.3,
      12.3,
      37.4,
      12.1
    ],
    [
      10.0,
      11.6,
      12.3,
      11.6,
      10.7,
      10.7,
      10.4,
      10.6,
      11.0,
      9.6,
      9.7,
      9.7,
      11.0,
      10.1,
      10.1,
      10.2,
      9.5,
      9.4,
      10.3,
      9.7,
      45.9,
      10.3,
      10.3,
      10.9,
      10.1,
      11.0,
      6.8,
      11.1,
      14.6,
      10.3,
      16.0,
      12.4,
      6.3,
      10.8,
      12.1,
      11.1,
      32.4,
      10.1,
      10.2,
      45.5,
      5.9,
      32.3,
      11.2,
      0.0,
      10.0,
      23.7,
      21.7,
      40.7,
      15.4
    ],
    [
      1.7,
      3.3,
      4.0,
      3.3,
      2.4,
      2.4,
      2.7,
      2.9,
      0.9,
      1.9,
      1.5,
      1.9,
      2.7,
      1.8,
      1.8,
      2.5,
      1.7,
      1.0,
      1.7,
      2.0,
      23.5,
      1.6,
      2.6,
      2.6,
      1.8,
      2.7,
      4.0,
      2.8,
      6.6,
      0.65,
      7.8,
      4.1,
      4.2,
      2.5,
      3.8,
      2.8,
      26.6,
      1.8,
      1.9,
      23.1,
      4.1,
      26.5,
      3.0,
      10.0,
      0.0,
      17.1,
      15.1,
      37.2,
      11.9
    ],
    [
      14.0,
      14.0,
      11.8,
      13.9,
      13.8,
      13.8,
      27.2,
      27.4,
      16.3,
      14.9,
      14.7,
      14.9,
      14.1,
      14.3,
      14.1,
      27.0,
      14.7,
      14.7,
      14.4,
      27.8,
      9.6,
      14.3,
      27.1,
      13.9,
      14.1,
      14.0,
      17.7,
      14.2,
      26.2,
      15.1,
      10.1,
      11.5,
      17.9,
      13.0,
      14.0,
      14.1,
      53.0,
      14.2,
      13.5,
      9.2,
      17.8,
      52.8,
      14.3,
      23.7,
      17.1,
      0.0,
      2.6,
      63.2,
      37.9
    ],
    [
      12.0,
      12.1,
      9.8,
      12.1,
      11.8,
      11.7,
      13.7,
      13.9,
      14.3,
      12.9,
      12.7,
      12.9,
      12.1,
      12.3,
      12.1,
      13.5,
      12.7,
      12.7,
      12.4,
      13.0,
      10.5,
      12.3,
      13.6,
      11.9,
      12.1,
      12.0,
      15.7,
      12.1,
      26.1,
      13.1,
      8.1,
      9.4,
      15.8,
      11.0,
      11.7,
      12.1,
      38.3,
      12.2,
      11.5,
      10.1,
      15.8,
      38.1,
      12.3,
      21.7,
      15.1,
      2.6,
      0.0,
      63.2,
      22.3
    ],
    [
      36.1,
      37.8,
      38.5,
      37.8,
      36.9,
      36.9,
      36.6,
      36.8,
      37.2,
      35.8,
      35.9,
      35.9,
      37.2,
      36.3,
      36.2,
      36.4,
      35.7,
      35.6,
      36.5,
      35.9,
      71.4,
      36.5,
      36.5,
      37.1,
      36.2,
      37.1,
      34.8,
      37.3,
      40.1,
      36.5,
      42.2,
      38.6,
      34.9,
      37.0,
      38.3,
      37.3,
      31.8,
      36.3,
      36.4,
      71.0,
      34.8,
      31.6,
      37.4,
      40.7,
      37.2,
      63.2,
      63.2,
      0.0,
      30.7
    ],
    [
      10.8,
      12.5,
      13.2,
      12.5,
      11.6,
      11.6,
      11.3,
      11.5,
      11.9,
      10.5,
      10.6,
      10.6,
      11.9,
      11.0,
      10.9,
      11.1,
      10.4,
      10.3,
      11.2,
      10.6,
      46.1,
      11.2,
      11.2,
      11.8,
      10.9,
      11.9,
      9.5,
      12.0,
      14.8,
      11.2,
      16.9,
      13.3,
      9.6,
      11.7,
      13.0,
      12.0,
      21.8,
      11.0,
      11.1,
      45.7,
      9.5,
      21.7,
      12.1,
      15.4,
      11.9,
      37.9,
      22.3,
      30.7,
      0.0
    ]
  ],
  "drive_time_matrix": [
    [
      0.0,
      12.0,
      5.0,
      4.0,
      5.0,
      6.0,
      8.0,
      12.0,
      7.0,
      7.0,
      9.0,
      4.0,
      11.0,
      2.0,
      7.0,
      11.0,
      9.0,
      11.0,
      11.0,
      9.0,
      28.0,
      8.0,
      10.0,
      9.0,
      7.0,
      7.0,
      7.0,
      4.0,
      5.0,
      4.0,
      12.0,
      5.0,
      10.0,
      2.0,
      6.0,
      5.0,
      38.0,
      6.0,
      5.0,
      28.0,
      9.0,
      37.0,
      4.0,
      32.0,
      4.0,
      20.0,
      16.0,
      38.0,
      18.0
    ],
    [
      12.0,
      0.0,
      7.0,
      9.0,
      7.0,
      9.0,
      9.0,
      19.0,
      11.0,
      8.0,
      5.0,
      8.0,
      17.0,
      16.0,
      6.0,
      8.0,
      7.0,
      6.0,
      7.0,
      8.0,
      28.0,
      6.0,
      7.0,
      16.0,
      6.0,
      7.0,
      11.0,
      14.0,
      9.0,
      8.0,
      14.0,
      7.0,
      15.0,
      13.0,
      5.0,
      6.0,
      43.0,
      5.0,
      12.0,
      29.0,
      14.0,
      42.0,
      14.0,
      35.0,
      8.0,
      21.0,
      17.0,
      43.0,
      22.0
    ],
    [
      5.0,
      7.0,
      0.0,
      7.0,
      5.0,
      5.0,
      10.0,
      7.0,
      12.0,
      8.0,
      6.0,
      9.0,
      7.0,
      5.0,
      6.0,
      9.0,
      8.0,
      7.0,
      8.0,
      8.0,
      24.0,
      7.0,
      8.0,
      6.0,
      6.0,
      6.0,
      12.0,
      7.0,
      9.0,
      9.0,
      8.0,
      7.0,
      15.0,
      3.0,
      8.0,
      7.0,
      43.0,
      6.0,
      5.0,
      25.0,
      15.0,
      43.0,
      8.0,
      37.0,
      8.0,
      16.0,
      12.0,
      44.0,
      23.0
    ],
    [
      4.0,
      9.0,
      7.0,
      0.0,
      4.0,
      7.0,
      9.0,
      14.0,
      11.0,
      7.0,
      6.0,
      8.0,
      13.0,
      12.0,
      6.0,
      8.0,
      7.0,
      7.0,
      7.0,
      8.0,
      28.0,
      7.0,
      8.0,
      12.0,
      6.0,
      1.0,
      12.0,
      6.0,
      9.0,
      9.0,
      14.0,
      7.0,
      15.0,
      11.0,
      5.0,
      6.0,
      43.0,
      5.0,
      4.0,
      29.0,
      14.0,
      42.0,
      10.0,
      36.0,
      8.0,
      21.0,
      17.0,
      43.0,
      22.0
    ],
    [
      5.0,
      7.0,
      5.0,
      4.0,
      0.0,
      4.0,
      6.0,
      12.0,
      8.0,
      5.0,
      3.0,
      5.0,
      11.0,
      9.0,
      13.0,
      6.0,
      5.0,
      5.0,
      5.0,
      5.0,
      28.0,
      13.0,
      5.0,
      9.0,
      13.0,
      3.0,
      9.0,
      7.0,
      6.0,
      6.0,
      12.0,
      5.0,
      12.0,
      8.0,
      6.0,
      10.0,
      40.0,
      11.0,
      6.0,
      28.0,
      11.0,
      39.0,
      6.0,
      34.0,
      5.0,
      20.0,
      16.0,
      40.0,
      20.0
    ],
    [
      6.0,
      9.0,
      5.0,
      7.0,
      4.0,
      0.0,
      7.0,
      4.0,
      9.0,
      6.0,
      4.0,
      6.0,
      13.0,
      5.0,
      12.0,
      6.0,
      5.0,
      6.0,
      8.0,
      5.0,
      28.0,
      5.0,
      5.0,
      12.0,
      4.0,
      6.0,
      9.0,
      5.0,
      6.0,
      6.0,
      13.0,
      5.0,
      12.0,
      5.0,
      5.0,
      11.0,
      40.0,
      4.0,
      4.0,
      29.0,
      11.0,
      39.0,
      5.0,
      33.0,
      6.0,
      20.0,
      16.0,
      40.0,
      20.0
    ],
    [
      8.0,
      9.0,
      10.0,
      9.0,
      6.0,
      7.0,
      0.0,
      11.0,
      9.0,
      3.0,
      9.0,
      6.0,
      10.0,
      6.0,
      10.0,
      4.0,
      5.0,
      5.0,
      9.0,
      2.0,
      30.0,
      9.0,
      2.0,
      4.0,
      11.0,
      7.0,
      7.0,
      5.0,
      2.0,
      8.0,
      17.0,
      9.0,
      11.0,
      6.0,
      11.0,
      5.0,
      38.0,
      10.0,
      5.0,
      31.0,
      10.0,
      37.0,
      6.0,
      33.0,
      6.0,
      22.0,
      20.0,
      39.0,
      19.0
    ],
    [
      12.0,
      19.0,
      7.0,
      14.0,
      12.0,
      4.0,
      11.0,
      0.0,
      10.0,
      11.0,
      13.0,
      13.0,
      1.0,
      9.0,
      10.0,
      6.0,
      12.0,
      5.0,
      9.0,
      10.0,
      30.0,
      9.0,
      9.0,
      3.0,
      10.0,
      12.0,
      8.0,
      7.0,
      2.0,
      8.0,
      17.0,
      9.0,
      11.0,
      6.0,
      11.0,
      9.0,
      39.0,
      10.0,
      10.0,
      31.0,
      10.0,
      38.0,
      7.0,
      33.0,
      6.0,
      22.0,
      20.0,
      39.0,
      19.0
    ],
    [
      7.0,
      11.0,
      12.0,
      11.0,
      8.0,
      9.0,
      9.0,
      10.0,
      0.0,
      7.0,
      8.0,
      8.0,
      9.0,
      7.0,
      7.0,
      8.0,
      7.0,
      6.0,
      6.0,
      7.0,
      33.0,
      6.0,
      7.0,
      9.0,
      7.0,
      8.0,
      9.0,
      10.0,
      8.0,
      12.0,
      17.0,
      10.0,
      12.0,
      7.0,
      12.0,
      10.0,
      42.0,
      8.0,
      6.0,
      33.0,
      12.0,
      41.0,
      10.0,
      34.0,
      11.0,
      25.0,
      21.0,
      42.0,
      21.0
    ],
    [
      7.0,
      8.0,
      8.0,
      7.0,
      5.0,
      6.0,
      3.0,
      11.0,
      7.0,
      0.0,
      6.0,
      1.0,
      11.0,
      6.0,
      7.0,
      7.0,
      2.0,
      4.0,
      8.0,
      2.0,
      31.0,
      9.0,
      2.0,
      5.0,
      7.0,
      6.0,
      6.0,
      6.0,
      3.0,
      6.0,
      15.0,
      8.0,
      9.0,
      5.0,
      9.0,
      4.0,
      37.0,
      10.0,
      5.0,
      31.0,
      8.0,
      36.0,
      6.0,
      32.0,
      5.0,
      23.0,
      19.0,
      38.0,
      18.0
    ],
    [
      9.0,
      5.0,
      6.0,
      6.0,
      3.0,
      4.0,
      9.0,
      13.0,
      8.0,
      6.0,
      0.0,
      4.0,
      13.0,
      8.0,
      5.0,
      10.0,
      6.0,
      6.0,
      8.0,
      7.0,
      31.0,
      7.0,
      6.0,
      12.0,
      5.0,
      6.0,
      7.0,
      10.0,
      4.0,
      6.0,
      15.0,
      7.0,
      10.0,
      5.0,
      9.0,
      9.0,
      38.0,
      4.0,
      6.0,
      31.0,
      9.0,
      37.0,
      10.0,
      33.0,
      5.0,
      23.0,
      19.0,
      39.0,
      19.0
    ],
    [
      4.0,
      8.0,
      9.0,
      8.0,
      5.0,
      6.0,
      6.0,
      13.0,
      8.0,
      1.0,
      4.0,
      0.0,
      13.0,
      8.0,
      9.0,
      9.0,
      3.0,
      8.0,
      13.0,
      4.0,
      31.0,
      6.0,
      5.0,
      11.0,
      9.0,
      7.0,
      7.0,
      8.0,
      3.0,
      7.0,
      16.0,
      8.0,
      10.0,
      6.0,
      10.0,
      6.0,
      38.0,
      9.0,
      8.0,
      31.0,
      9.0,
      37.0,
      8.0,
      32.0,
      6.0,
      23.0,
      19.0,
      38.0,
      18.0
    ],
    [
      11.0,
      17.0,
      7.0,
      13.0,
      11.0,
      13.0,
      10.0,
      1.0,
      9.0,
      11.0,
      13.0,
      13.0,
      0.0,
      8.0,
      8.0,
      6.0,
      11.0,
      6.0,
      7.0,
      10.0,
      28.0,
      9.0,
      11.0,
      1.0,
      8.0,
      10.0,
      9.0,
      6.0,
      6.0,
      7.0,
      13.0,
      5.0,
      12.0,
      3.0,
      7.0,
      7.0,
      41.0,
      8.0,
      9.0,
      29.0,
      12.0,
      40.0,
      6.0,
      34.0,
      6.0,
      21.0,
      17.0,
      42.0,
      21.0
    ],
    [
      2.0,
      16.0,
      5.0,
      12.0,
      9.0,
      5.0,
      6.0,
      9.0,
      7.0,
      6.0,
      8.0,
      8.0,
      8.0,
      0.0,
      6.0,
      9.0,
      7.0,
      4.0,
      7.0,
      7.0,
      28.0,
      7.0,
      8.0,
      7.0,
      6.0,
      6.0,
      6.0,
      2.0,
      4.0,
      5.0,
      13.0,
      6.0,
      9.0,
      5.0,
      7.0,
      3.0,
      37.0,
      5.0,
      4.0,
      29.0,
      9.0,
      37.0,
      2.0,
      32.0,
      3.0,
      21.0,
      17.0,
      39.0,
      18.0
    ],
    [
      7.0,
      6.0,
      6.0,
      6.0,
      13.0,
      12.0,
      10.0,
      10.0,
      7.0,
      7.0,
      5.0,
      9.0,
      8.0,
      6.0,
      0.0,
      5.0,
      5.0,
      6.0,
      4.0,
      7.0,
      28.0,
      2.0,
      4.0,
      8.0,
      1.0,
      4.0,
      7.0,
      3.0,
      5.0,
      11.0,
      12.0,
      5.0,
      11.0,
      5.0,
      7.0,
      6.0,
      39.0,
      2.0,
      8.0,
      28.0,
      10.0,
      38.0,
      3.0,
      33.0,
      4.0,
      20.0,
      16.0,
      40.0,
      19.0
    ],
    [
      11.0,
      8.0,
      9.0,
      8.0,
      6.0,
      6.0,
      4.0,
      6.0,
      8.0,
      7.0,
      10.0,
      9.0,
      6.0,
      9.0,
      5.0,
      0.0,
      8.0,
      5.0,
      8.0,
      5.0,
      29.0,
      8.0,
      4.0,
      9.0,
      8.0,
      7.0,
      7.0,
      4.0,
      17.0,
      7.0,
      16.0,
      9.0,
      10.0,
      6.0,
      11.0,
      7.0,
      38.0,
      7.0,
      5.0,
      30.0,
      9.0,
      37.0,
      8.0,
      32.0,
      6.0,
      21.0,
      20.0,
      40.0,
      18.0
    ],
    [
      9.0,
      7.0,
      8.0,
      7.0,
      5.0,
      5.0,
      5.0,
      12.0,
      7.0,
      2.0,
      6.0,
      3.0,
      11.0,
      7.0,
      5.0,
      8.0,
      0.0,
      11.0,
      7.0,
      3.0,
      32.0,
      9.0,
      4.0,
      11.0,
      8.0,
      6.0,
      6.0,
      7.0,
      2.0,
      6.0,
      15.0,
      8.0,
      9.0,
      5.0,
      9.0,
      5.0,
      37.0,
      7.0,
      9.0,
      32.0,
      8.0,
      36.0,
      7.0,
      32.0,
      5.0,
      23.0,
      19.0,
      38.0,
      17.0
    ],
    [
      11.0,
      6.0,
      7.0,
      7.0,
      5.0,
      6.0,
      5.0,
      5.0,
      6.0,
      4.0,
      6.0,
      8.0,
      6.0,
      4.0,
      6.0,
      5.0,
      11.0,
      0.0,
      11.0,
      4.0,
      30.0,
      8.0,
      3.0,
      6.0,
      7.0,
      5.0,
      6.0,
      6.0,
      4.0,
      3.0,
      14.0,
      6.0,
      9.0,
      4.0,
      8.0,
      7.0,
      36.0,
      7.0,
      3.0,
      31.0,
      8.0,
      36.0,
      7.0,
      31.0,
      2.0,
      22.0,
      18.0,
      38.0,
      17.0
    ],
    [
      11.0,
      7.0,
      8.0,
      7.0,
      5.0,
      8.0,
      9.0,
      9.0,
      6.0,
      8.0,
      8.0,
      13.0,
      7.0,
      7.0,
      4.0,
      8.0,
      7.0,
      11.0,
      0.0,
      6.0,
      31.0,
      3.0,
      6.0,
      6.0,
      4.0,
      5.0,
      9.0,
      7.0,
      7.0,
      8.0,
      14.0,
      7.0,
      13.0,
      9.0,
      8.0,
      10.0,
      41.0,
      5.0,
      6.0,
      31.0,
      12.0,
      40.0,
      7.0,
      35.0,
      5.0,
      22.0,
      18.0,
      42.0,
      20.0
    ],
    [
      9.0,
      8.0,
      8.0,
      8.0,
      5.0,
      5.0,
      2.0,
      10.0,
      7.0,
      2.0,
      7.0,
      4.0,
      10.0,
      7.0,
      7.0,
      5.0,
      3.0,
      4.0,
      6.0,
      0.0,
      33.0,
      8.0,
      1.0,
      10.0,
      7.0,
      8.0,
      7.0,
      7.0,
      3.0,
      7.0,
      17.0,
      9.0,
      10.0,
      7.0,
      11.0,
      5.0,
      38.0,
      7.0,
      10.0,
      33.0,
      9.0,
      37.0,
      7.0,
      33.0,
      6.0,
      23.0,
      20.0,
      40.0,
      18.0
    ],
    [
      28.0,
      28.0,
      24.0,
      28.0,
      28.0,
      28.0,
      30.0,
      30.0,
      33.0,
      31.0,
      31.0,
      31.0,
      28.0,
      28.0,
      28.0,
      29.0,
      32.0,
      30.0,
      31.0,
      33.0,
      0.0,
      31.0,
      31.0,
      29.0,
      29.0,
      29.0,
      32.0,
      30.0,
      30.0,
      33.0,
      25.0,
      25.0,
      35.0,
      26.0,
      28.0,
      31.0,
      64.0,
      29.0,
      28.0,
      2.0,
      34.0,
      63.0,
      31.0,
