{
  "drive_dist_matrix": [
    [
      0.0,
      0.75,
      0.4,
      0.5,
      5.8,
      0.8,
      0.13,
      5.4,
      0.95,
      0.35,
      4.3,
      0.7,
      0.22,
      1.6,
      0.6,
      0.7,
      2.4,
      0.45,
      2.5,
      9.0,
      0.7,
      5.0,
      0.8,
      0.3,
      7.2,
      5.9,
      5.0,
      0.5,
      4.3,
      6.6,
      6.0,
      8.2,
      8.3,
      17.0,
      0.95,
      0.7,
      0.3,
      34.0,
      42.0,
      30.4,
      54.7,
      34.3,
      67.8,
      35.7,
      0.5,
      83.6,
      0.24,
      45.2,
      2.5,
      33.0,
      54.9,
      17.6,
      0.4,
      81.0,
      96.2,
      1.8,
      3.1,
      32.1,
      46.7
    ],
    [
      0.75,
      0.0,
      0.7,
      0.85,
      4.5,
      0.21,
      0.9,
      4.1,
      0.35,
      4.4,
      6.0,
      0.5,
      0.65,
      5.1,
      0.27,
      0.5,
      0.9,
      0.75,
      0.9,
      9.4,
      0.11,
      3.6,
      0.8,
      0.7,
      5.9,
      4.7,
      7.0,
      0.29,
      6.0,
      5.3,
      7.7,
      7.6,
      6.8,
      17.4,
      0.35,
      0.4,
      0.7,
      32.7,
      46.0,
      29.2,
      53.5,
      33.0,
      66.6,
      40.3,
      0.29,
      82.3,
      0.6,
      43.9,
      1.0,
      31.8,
      53.6,
      16.4,
      0.4,
      79.7,
      95.0,
      0.7,
      2.8,
      42.5,
      53.6
    ],
    [
      0.4,
      0.7,
      0.0,
      0.27,
      6.0,
      0.75,
      0.55,
      5.6,
      0.9,
      0.75,
      4.4,
      0.75,
      0.45,
      1.8,
      0.4,
      0.75,
      2.5,
      0.7,
      2.5,
      9.2,
      0.6,
      5.1,
      1.8,
      0.2,
      7.4,
      6.2,
      5.1,
      0.55,
      4.4,
      6.8,
      6.1,
      8.4,
      9.1,
      17.2,
      0.9,
      0.75,
      0.19,
      34.2,
      42.0,
      30.7,
      55.0,
      34.5,
      68.1,
      35.8,
      0.55,
      83.8,
      0.23,
      45.4,
      2.8,
      33.3,
      55.1,
      17.7,
      0.27,
      81.2,
      96.5,
      2.1,
      3.3,
      32.4,
      49.5
    ],
    [
      0.5,
      0.85,
      0.27,
      0.0,
      6.0,
      3.0,
      0.55,
      5.6,
      2.4,
      0.65,
      4.4,
      2.1,
      0.7,
      1.8,
      0.65,
      2.1,
      2.5,
      1.0,
      2.5,
      9.3,
      0.75,
      5.1,
      1.8,
      0.35,
      7.4,
      6.2,
      5.1,
      0.8,
      4.4,
      6.8,
      6.1,
      8.5,
      9.2,
      17.2,
      2.3,
      1.1,
      0.35,
      34.2,
      42.1,
      30.7,
      55.0,
      34.6,
      68.1,
      35.8,
      0.8,
      83.9,
      0.55,
      45.4,
      2.8,
      33.3,
      55.2,
      17.7,
      0.55,
      81.2,
      96.5,
      2.1,
      3.4,
      32.2,
      49.5
    ],
    [
      5.8,
      4.5,
      6.0,
      6.0,
      0.0,
      4.8,
      6.4,
      1.5,
      6.5,
      6.3,
      7.2,
      6.2,
      6.6,
      5.1,
      6.9,
      6.2,
      4.4,
      6.8,
      4.4,
      8.0,
      4.4,
      5.1,
      5.9,
      6.7,
      3.0,
      0.24,
      8.2,
      6.9,
      7.1,
      1.0,
      8.8,
      6.2,
      6.3,
      19.0,
      6.4,
      4.8,
      6.7,
      30.1,
      46.1,
      26.6,
      50.9,
      30.5,
      64.0,
      44.0,
      6.9,
      79.8,
      7.1,
      41.3,
      3.3,
      29.2,
      51.1,
      10.5,
      6.9,
      77.1,
      92.4,
      6.2,
      3.6,
      39.6,
      50.6
    ],
    [
      0.8,
      0.21,
      0.75,
      3.0,
      4.8,
      0.0,
      1.0,
      4.2,
      0.14,
      4.5,
      6.1,
      0.35,
      0.7,
      5.2,
      0.5,
      0.35,
      2.9,
      0.7,
      2.9,
      9.5,
      0.3,
      3.7,
      0.65,
      0.8,
      6.0,
      4.8,
      7.2,
      0.35,
      6.1,
      5.4,
      7.8,
      7.7,
      6.9,
      17.5,
      0.13,
      0.35,
      0.8,
      32.8,
      46.1,
      29.3,
      53.6,
      33.1,
      66.7,
      47.0,
      0.35,
      82.5,
      0.7,
      44.0,
      0.7,
      31.9,
      53.7,
      11.2,
      0.5,
      79.8,
      95.1,
      0.55,
      2.9,
      42.6,
      53.7
    ],
    [
      0.13,
      0.9,
      0.55,
      0.55,
      6.4,
      1.0,
      0.0,
      5.2,
      1.9,
      0.23,
      4.3,
      1.6,
      0.35,
      1.4,
      0.75,
      0.8,
      2.4,
      0.6,
      2.4,
      8.8,
      0.8,
      4.4,
      0.85,
      0.4,
      7.0,
      5.7,
      5.0,
      0.65,
      4.3,
      6.4,
      6.0,
      8.0,
      8.1,
      16.8,
      1.9,
      0.8,
      0.4,
      33.8,
      41.7,
      30.2,
      54.5,
      34.1,
      67.6,
      34.2,
      0.65,
      83.4,
      0.35,
      45.0,
      2.3,
      32.8,
      54.7,
      12.5,
      0.55,
      80.7,
      96.0,
      1.6,
      2.9,
      31.8,
      49.0
    ],
    [
      5.4,
      4.1,
      5.6,
      5.6,
      1.5,
      4.2,
      5.2,
      0.0,
      9.4,
      9.3,
      8.5,
      9.1,
      7.9,
      8.0,
      8.3,
      9.1,
      6.0,
      8.1,
      6.1,
      10.6,
      6.1,
      6.5,
      8.8,
      8.0,
      1.5,
      2.4,
      9.5,
      8.3,
      8.5,
      3.2,
      10.2,
      8.7,
      7.6,
      18.6,
      9.4,
      6.5,
      8.0,
      29.3,
      48.3,
      25.8,
      50.0,
      29.6,
      63.2,
      43.5,
      8.3,
      78.9,
      8.4,
      40.5,
      4.6,
      28.3,
      50.2,
      10.3,
      8.2,
      76.3,
      91.6,
      9.1,
      4.9,
      39.1,
      50.1
    ],
    [
      0.95,
      0.35,
      0.9,
      2.4,
      6.5,
      0.14,
      1.9,
      9.4,
      0.0,
      4.0,
      4.0,
      0.4,
      0.9,
      4.2,
      0.6,
      0.4,
      2.1,
      0.75,
      2.1,
      8.6,
      0.45,
      2.5,
      0.65,
      0.9,
      5.1,
      3.8,
      5.1,
      0.45,
      4.0,
      4.5,
      5.7,
      6.7,
      6.2,
      16.5,
      0.061,
      0.4,
      0.9,
      31.8,
      45.1,
      28.3,
      52.6,
      32.2,
      65.7,
      46.1,
      0.45,
      81.5,
      0.8,
      43.0,
      0.7,
      30.9,
      52.8,
      10.5,
      0.6,
      78.8,
      94.1,
      0.55,
      1.0,
      41.7,
      52.7
    ],
    [
      0.35,
      4.4,
      0.75,
      0.65,
      6.3,
      4.5,
      0.23,
      9.3,
      4.0,
      0.0,
      4.0,
      2.0,
      0.6,
      1.8,
      1.0,
      2.0,
      2.1,
      0.85,
      2.1,
      9.2,
      2.2,
      4.7,
      1.7,
      0.55,
      7.4,
      6.1,
      4.7,
      0.85,
      4.0,
      6.8,
      5.7,
      8.4,
      8.8,
      17.2,
      2.2,
      2.6,
      0.55,
      34.1,
      41.6,
      30.6,
      54.9,
      34.5,
      68.0,
      35.4,
      0.85,
      83.8,
      0.6,
      45.3,
      2.7,
      33.2,
      55.1,
      17.3,
      0.8,
      81.1,
      96.4,
      2.0,
      3.3,
      32.3,
      49.4
    ],
    [
      4.3,
      6.0,
      4.4,
      4.4,
      7.2,
      6.1,
      4.3,
      8.5,
      4.0,
      4.0,
      0.0,
      5.4,
      4.2,
      5.1,
      4.5,
      5.4,
      3.6,
      4.3,
      3.6,
      12.8,
      4.4,
      2.9,
      5.1,
      4.2,
      7.6,
      7.7,
      0.6,
      4.5,
      0.2,
      8.3,
      0.65,
      10.9,
      9.8,
      27.9,
      5.6,
      4.3,
      4.2,
      35.7,
      45.2,
      31.3,
      55.6,
      36.1,
      69.6,
      39.5,
      4.5,
      84.5,
      4.6,
      46.9,
      5.6,
      34.8,
      55.8,
      12.4,
      4.4,
      81.8,
      97.1,
      5.4,
      6.2,
      41.2,
      51.7
    ],
    [
      0.7,
      0.5,
      0.75,
      2.1,
      6.2,
      0.35,
      1.6,
      9.1,
      0.4,
      2.0,
      5.4,
      0.0,
      0.6,
      3.9,
      0.6,
      0.0,
      2.3,
      0.35,
      2.4,
      8.2,
      0.4,
      2.8,
      0.3,
      0.8,
      5.3,
      4.1,
      5.4,
      0.3,
      4.3,
      4.7,
      6.0,
      6.7,
      6.5,
      16.2,
      0.3,
      0.15,
      0.8,
      32.1,
      44.8,
      28.6,
      52.9,
      32.5,
      66.0,
      39.1,
      0.3,
      81.8,
      0.6,
      43.3,
      0.7,
      31.2,
      53.1,
      10.8,
      0.5,
      79.1,
      94.4,
      0.3,
      0.75,
      37.4,
      48.5
    ],
    [
      0.22,
      0.65,
      0.45,
      0.7,
      6.6,
      0.7,
      0.35,
      7.9,
      0.9,
      0.6,
      4.2,
      0.6,
      0.0,
      2.2,
      0.5,
      0.6,
      3.0,
      0.25,
      3.0,
      9.6,
      0.55,
      5.6,
      0.6,
      0.4,
      7.8,
      6.5,
      5.6,
      0.4,
      4.9,
      7.2,
      6.6,
      8.8,
      8.9,
      17.6,
      0.85,
      0.6,
      0.45,
      34.6,
      42.6,
      31.0,
      55.3,
      34.9,
      68.4,
      36.3,
      0.4,
      84.2,
      0.26,
      45.8,
      3.1,
      33.6,
      55.5,
      18.2,
      0.26,
      81.5,
      96.8,
      0.75,
      3.7,
      32.6,
      49.8
    ],
    [
      1.6,
      5.1,
      1.8,
      1.8,
      5.1,
      5.2,
      1.4,
      8.0,
      4.2,
      1.8,
      5.1,
      3.9,
      2.2,
      0.0,
      2.1,
      1.1,
      3.4,
      2.0,
      3.4,
      7.7,
      3.4,
      3.8,
      0.8,
      1.9,
      6.4,
      5.0,
      6.4,
      2.1,
      5.4,
      5.7,
      7.1,
      6.9,
      7.6,
      15.7,
      1.3,
      3.9,
      1.9,
      33.2,
      41.6,
      31.1,
      55.4,
      33.5,
      67.1,
      34.1,
      2.1,
      84.2,
      2.2,
      44.4,
      1.8,
      32.3,
      55.5,
      11.9,
      2.1,
      81.6,
      96.9,
      1.1,
      1.8,
      30.9,
      47.9
    ],
    [
      0.6,
      0.27,
      0.4,
      0.65,
      6.9,
      0.5,
      0.75,
      8.3,
      0.6,
      1.0,
      4.5,
      0.6,
      0.5,
      2.1,
      0.0,
      0.65,
      0.8,
      0.65,
      0.8,
      9.5,
      0.19,
      5.5,
      1.0,
      0.45,
      7.7,
      6.4,
      5.5,
      0.3,
      4.8,
      7.0,
      6.5,
      8.7,
      8.8,
      17.5,
      0.65,
      0.45,
      0.45,
      34.4,
      42.4,
      30.9,
      55.2,
      34.8,
      68.3,
      36.2,
      0.3,
      84.1,
      0.4,
      45.6,
      1.2,
      33.5,
      55.4,
      18.1,
      0.19,
      81.4,
      96.7,
      0.95,
      3.6,
      32.4,
      49.7
    ],
    [
      0.7,
      0.5,
      0.75,
      2.1,
      6.2,
      0.35,
      0.8,
      9.1,
      0.4,
      2.0,
      5.4,
      0.0,
      0.6,
      1.1,
      0.65,
      0.0,
      2.4,
      0.35,
      2.4,
      8.3,
      0.4,
      2.8,
      0.3,
      0.8,
      5.4,
      4.1,
      5.4,
      0.3,
      4.3,
      4.8,
      6.0,
      6.7,
      6.5,
      16.2,
      0.3,
      0.15,
      0.8,
      32.1,
      44.9,
      28.6,
      52.9,
      32.5,
      66.0,
      39.2,
      0.3,
      81.8,
      0.6,
      43.4,
      0.7,
      31.2,
      53.1,
      10.8,
      0.5,
      79.1,
      94.4,
      0.3,
      0.75,
      37.4,
      48.5
    ],
    [
      2.4,
      0.9,
      2.5,
      2.5,
      4.4,
      2.9,
      2.4,
      6.0,
      2.1,
      2.1,
      3.6,
      2.3,
      3.0,
      3.4,
      0.8,
      2.4,
      0.0,
      3.1,
      0.003,
      9.5,
      1.1,
      1.8,
      4.0,
      3.0,
      6.5,
      4.7,
      3.9,
      3.2,
      2.9,
      5.4,
      4.6,
      7.6,
      5.8,
      17.5,
      4.5,
      1.5,
      3.0,
      32.8,
      43.5,
      29.2,
      53.5,
      33.1,
      66.6,
      37.4,
      3.2,
      82.4,
      3.4,
      44.0,
      2.3,
      31.8,
      53.7,
      10.2,
      3.2,
      79.7,
      95.0,
      4.3,
      2.8,
      42.6,
      53.6
    ],
    [
      0.45,
      0.75,
      0.7,
      1.0,
      6.8,
      0.7,
      0.6,
      8.1,
      0.75,
      0.85,
      4.3,
      0.35,
      0.25,
      2.0,
      0.65,
      0.35,
      3.1,
      0.0,
      3.5,
      8.5,
      0.6,
      3.9,
      0.4,
      0.65,
      6.5,
      5.3,
      6.5,
      0.4,
      5.5,
      5.9,
      7.2,
      7.7,
      7.7,
      16.5,
      0.65,
      0.4,
      0.65,
      33.3,
      41.7,
      29.8,
      54.1,
      33.7,
      67.2,
      34.3,
      0.4,
      83.0,
      0.5,
      44.5,
      1.0,
      32.4,
      54.2,
      12.0,
      0.45,
      80.3,
      95.6,
      0.55,
      2.5,
      31.5,
      48.8
    ],
    [
      2.5,
      0.9,
      2.5,
      2.5,
      4.4,
      2.9,
      2.4,
      6.1,
      2.1,
      2.1,
      3.6,
      2.4,
      3.0,
      3.4,
      0.8,
      2.4,
      0.003,
      3.5,
      0.0,
      9.9,
      0.8,
      1.8,
      4.5,
      3.5,
      6.5,
      5.2,
      3.9,
      3.7,
      2.9,
      5.8,
      4.6,
      8.1,
      5.8,
      17.9,
      5.0,
      2.0,
      3.5,
      33.2,
      43.8,
      29.7,
      54.0,
      33.6,
      67.1,
      37.7,
      3.7,
      82.9,
      3.8,
      44.4,
      2.7,
      32.3,
      54.1,
      10.2,
      3.7,
      80.2,
      95.5,
      4.8,
      3.3,
      43.0,
      54.1
    ],
    [
      9.0,
      9.4,
      9.2,
      9.3,
      8.0,
      9.5,
      8.8,
      10.6,
      8.6,
      9.2,
      12.8,
      8.2,
      9.6,
      7.7,
      9.5,
      8.3,
      9.5,
      8.5,
      9.9,
      0.0,
      9.3,
      10.8,
      8.3,
      9.1,
      10.1,
      8.0,
      13.8,
      9.3,
      12.8,
      9.1,
      14.5,
      2.4,
      15.7,
      13.6,
      8.8,
      9.7,
      9.1,
      30.0,
      49.4,
      32.0,
      56.3,
      30.3,
      63.8,
      41.4,
      9.3,
      85.2,
      9.4,
      41.2,
      8.0,
      29.0,
      56.5,
      19.3,
      9.3,
      82.6,
      97.8,
      8.6,
      6.6,
      33.0,
      48.0
    ],
    [
      0.7,
      0.11,
      0.6,
      0.75,
      4.4,
      0.3,
      0.8,
      6.1,
      0.45,
      2.2,
      4.4,
      0.4,
      0.55,
      3.4,
      0.19,
      0.4,
      1.1,
      0.6,
      0.8,
      9.3,
      0.0,
      3.6,
      0.7,
      0.6,
      5.9,
      4.7,
      7.0,
      0.21,
      6.0,
      5.3,
      7.7,
      7.5,
      6.8,
      17.4,
      0.45,
      0.4,
      0.6,
      32.7,
      46.0,
      29.1,
      53.4,
      33.0,
      66.6,
      40.3,
      0.21,
      82.3,
      0.55,
      43.9,
      1.0,
      31.7,
      53.6,
      16.4,
      0.35,
      79.7,
      95.0,
      0.7,
      2.7,
      42.5,
      53.5
    ],
    [
      5.0,
      3.6,
      5.1,
      5.1,
      5.1,
      3.7,
      4.4,
      6.5,
      2.5,
      4.7,
      2.9,
      2.8,
      5.6,
      3.8,
      5.5,
      2.8,
      1.8,
      3.9,
      1.8,
      10.8,
      3.6,
      0.0,
      6.0,
      5.1,
      6.3,
      6.4,
      3.4,
      5.3,
      2.4,
      7.0,
      4.1,
      9.6,
      5.7,
      23.6,
      6.5,
      3.6,
      5.1,
      34.5,
      47.6,
      30.9,
      55.2,
      34.8,
      68.3,
      41.9,
      5.3,
      84.1,
      5.4,
      45.7,
      4.3,
      33.5,
      55.4,
      10.0,
      5.3,
      81.4,
      96.7,
      6.3,
      4.9,
      43.9,
      54.9
    ],
    [
      0.8,
      0.8,
      1.8,
      1.8,
      5.9,
      0.65,
      0.85,
      8.8,
      0.65,
      1.7,
      5.1,
      0.3,
      0.6,
      0.8,
      1.0,
      0.3,
      4.0,
      0.4,
      4.5,
      8.3,
      0.7,
      6.0,
      0.0,
      1.0,
      5.6,
      4.4,
      5.7,
      0.6,
      4.6,
      5.0,
      6.3,
      7.0,
      6.8,
      16.5,
      0.6,
      0.45,
      1.0,
      32.4,
      45.1,
      28.9,
      53.2,
      32.8,
      66.3,
      39.4,
      0.6,
      82.1,
      0.9,
      43.6,
      0.9,
      31.5,
      53.4,
      11.1,
      0.8,
      79.4,
      94.7,
      0.3,
      0.8,
      37.7,
      48.8
    ],
    [
      0.3,
      0.7,
      0.2,
      0.35,
      6.7,
      0.8,
      0.4,
      8.0,
      0.9,
      0.55,
      4.2,
      0.8,
      0.4,
      1.9,
      0.45,
      0.8,
      3.0,
      0.65,
      3.5,
      9.1,
      0.6,
      5.1,
      1.0,
      0.0,
      7.4,
      6.2,
      5.1,
      0.55,
      4.4,
      6.8,
      6.1,
      8.4,
      9.2,
      17.2,
      0.9,
      0.8,
      0.005,
      34.2,
      42.0,
      30.7,
      55.0,
      34.5,
      68.1,
      35.8,
      0.55,
      83.8,
      0.23,
      45.4,
      2.8,
      33.3,
      55.1,
      17.7,
      0.28,
      81.2,
      96.5,
      2.1,
      3.3,
      32.2,
      47.3
    ],
    [
      7.2,
      5.9,
      7.4,
      7.4,
      3.0,
      6.0,
      7.0,
      1.5,
      5.1,
      7.4,
      7.6,
      5.3,
      7.8,
      6.4,
      7.7,
      5.4,
      6.5,
      6.5,
      6.5,
      10.1,
      5.9,
      6.3,
      5.6,
      7.4,
      0.0,
      2.8,
      8.7,
      7.8,
      7.7,
      3.7,
      9.4,
      8.3,
      4.9,
      18.3,
      9.0,
      6.0,
      7.5,
      29.0,
      48.7,
      25.4,
      49.7,
      29.3,
      62.8,
      43.2,
      7.8,
      78.6,
      7.9,
      40.2,
      4.9,
      28.0,
      49.9,
      9.2,
      7.7,
      75.9,
      91.2,
      8.8,
      6.9,
      38.8,
      49.8
    ],
    [
      5.9,
      4.7,
      6.2,
      6.2,
      0.24,
      4.8,
      5.7,
      2.4,
      3.8,
      6.1,
      7.7,
      4.1,
      6.5,
      5.0,
      6.4,
      4.1,
      4.7,
      5.3,
      5.2,
      8.0,
      4.7,
      6.4,
      4.4,
      6.2,
      2.8,
      0.0,
      8.3,
      7.0,
      7.2,
      1.3,
      8.9,
      6.3,
      6.4,
      19.1,
      6.5,
      4.9,
      6.8,
      30.2,
      46.2,
      26.7,
      51.0,
      30.6,
      64.1,
      44.1,
      7.0,
      79.9,
      7.2,
      41.4,
      3.4,
      29.3,
      51.2,
      10.6,
      7.0,
      77.2,
      92.5,
      6.3,
      3.6,
      39.6,
      50.7
    ],
    [
      5.0,
      7.0,
      5.1,
      5.1,
      8.2,
      7.2,
      5.0,
      9.5,
      5.1,
      4.7,
      0.6,
      5.4,
      5.6,
      6.4,
      5.5,
      5.4,
      3.9,
      6.5,
      3.9,
      13.8,
      7.0,
      3.4,
      5.7,
      5.1,
      8.7,
      8.3,
      0.0,
      5.4,
      0.8,
      9.2,
      1.1,
      11.8,
      9.2,
      27.3,
      9.3,
      5.2,
      5.1,
      36.6,
      44.7,
      30.8,
      55.0,
      37.0,
      70.5,
      39.0,
      5.4,
      83.9,
      5.5,
      49.9,
      6.5,
      35.7,
      55.2,
      11.9,
      5.3,
      81.3,
      96.6,
      9.1,
      7.0,
      40.6,
      51.2
    ],
    [
      0.5,
      0.29,
      0.55,
      0.8,
      6.9,
      0.35,
      0.65,
      8.3,
      0.45,
      0.85,
      4.5,
      0.3,
      0.4,
      2.1,
      0.3,
      0.3,
      3.2,
      0.4,
      3.7,
      9.3,
      0.21,
      5.3,
      0.6,
      0.55,
      7.8,
      7.0,
      5.4,
      0.0,
      4.7,
      7.0,
      6.5,
      8.7,
      8.8,
      17.4,
      0.5,
      0.18,
      0.55,
      34.4,
      42.4,
      30.9,
      55.2,
      34.8,
      68.3,
      36.2,
      NaN,
      84.1,
      0.35,
      45.6,
      0.9,
      33.5,
      55.3,
      18.1,
      0.27,
      81.4,
      96.7,
      0.6,
      3.6,
      32.4,
      47.1
    ],
    [
      4.3,
      6.0,
      4.4,
      4.4,
      7.1,
      6.1,
      4.3,
      8.5,
      4.0,
      4.0,
      0.2,
      4.3,
      4.9,
      5.4,
      4.8,
      4.3,
      2.9,
      5.5,
      2.9,
      12.8,
      6.0,
      2.4,
      4.6,
      4.4,
      7.7,
      7.2,
      0.8,
      4.7,
      0.0,
      8.3,
      0.7,
      10.9,
      9.8,
      21.3,
      5.6,
      4.8,
      4.2,
      35.7,
      45.2,
      31.3,
      55.6,
      36.0,
      69.6,
      39.5,
      4.5,
      84.5,
      4.6,
      46.9,
      5.6,
      34.8,
      55.8,
      12.4,
      4.4,
      81.8,
      97.1,
      5.4,
      6.1,
      36.7,
      51.5
    ],
    [
      6.6,
      5.3,
      6.8,
      6.8,
      1.0,
      5.4,
      6.4,
      3.2,
      4.5,
      6.8,
      8.3,
      4.7,
      7.2,
      5.7,
      7.0,
      4.8,
      5.4,
      5.9,
      5.8,
      9.1,
      5.3,
      7.0,
      5.0,
      6.8,
      3.7,
      1.3,
      9.2,
      7.0,
      8.3,
      0.0,
      10.4,
      7.7,
      7.8,
      19.5,
      7.9,
      6.3,
      7.9,
      30.2,
      47.6,
      26.7,
      51.0,
      30.6,
      64.1,
      44.5,
      8.1,
      79.9,
      8.2,
      41.4,
      4.8,
      29.3,
      51.2,
      14.0,
      8.0,
      77.2,
      92.5,
      7.7,
      5.1,
      40.1,
      51.1
    ],
    [
      6.0,
      7.7,
      6.1,
      6.1,
      8.8,
      7.8,
      6.0,
      10.2,
      5.7,
      5.7,
      0.65,
      6.0,
      6.6,
      7.1,
      6.5,
      6.0,
      4.6,
      7.2,
      4.6,
      14.5,
      7.7,
      4.1,
      6.3,
      6.1,
      9.4,
      8.9,
      1.1,
      6.5,
      0.7,
      10.4,
      0.0,
      12.7,
      10.0,
      28.1,
      10.1,
      6.6,
      6.0,
      37.5,
      45.4,
      31.5,
      55.8,
      37.8,
      71.4,
      39.7,
      6.2,
      84.7,
      6.3,
      50.6,
      7.4,
      36.6,
      56.0,
      12.6,
      6.2,
      82.0,
      97.3,
      9.8,
      7.9,
      41.4,
      51.9
    ],
    [
      8.2,
      7.6,
      8.4,
      8.5,
      6.2,
      7.7,
      8.0,
      8.7,
      6.7,
      8.4,
      10.9,
      6.7,
      8.8,
      6.9,
      8.7,
      6.7,
      7.6,
      7.7,
      8.1,
      2.4,
      7.5,
      9.6,
      7.0,
      8.4,
      8.3,
      6.3,
      11.8,
      8.7,
      10.9,
      7.7,
      12.7,
      0.0,
      11.2,
      12.6,
      7.7,
      8.6,
      8.0,
      26.6,
      48.4,
      31.0,
      55.3,
      26.9,
      60.4,
      40.4,
      8.3,
      84.2,
      8.4,
      37.8,
      6.2,
      25.6,
      55.4,
      18.2,
      8.2,
      81.5,
      96.8,
      7.5,
      5.6,
      32.0,
      47.0
    ],
    [
      8.3,
      6.8,
      9.1,
      9.2,
      6.3,
      6.9,
      8.1,
      7.6,
      6.2,
      8.8,
      9.8,
      6.5,
      8.9,
      7.6,
      8.8,
      6.5,
      5.8,
      7.7,
      5.8,
      15.7,
      6.8,
      5.7,
      6.8,
      9.2,
      4.9,
      6.4,
      9.2,
      8.8,
      9.8,
      7.8,
      10.0,
      11.2,
      0.0,
      24.2,
      11.3,
      6.7,
      8.2,
      35.0,
      52.0,
      22.8,
      47.1,
      35.3,
      68.8,
      48.8,
      8.4,
      76.0,
      8.5,
      41.9,
      7.2,
      34.0,
      47.2,
      5.3,
      8.4,
      73.3,
      88.6,
      11.1,
      7.5,
      44.4,
      55.5
    ],
    [
      17.0,
      17.4,
      17.2,
      17.2,
      19.0,
      17.5,
      16.8,
      18.6,
      16.5,
      17.2,
      27.9,
      16.2,
      17.6,
      15.7,
      17.5,
      16.2,
      17.5,
      16.5,
      17.9,
      13.6,
      17.4,
      23.6,
      16.5,
      17.2,
      18.3,
      19.1,
      27.3,
      17.4,
      21.3,
      19.5,
      28.1,
      12.6,
      24.2,
      0.0,
      25.5,
      22.4,
      23.9,
      29.8,
      65.1,
      40.4,
      64.7,
      30.2,
      63.7,
      59.6,
      24.2,
      93.6,
      24.3,
      41.0,
      21.3,
      28.9,
      64.9,
      27.7,
      24.1,
      75.0,
      106.0,
      25.3,
      21.9,
      55.2,
      66.3
    ],
    [
      0.95,
      0.35,
      0.9,
      2.3,
      6.4,
      0.13,
      1.9,
      9.4,
      0.061,
      2.2,
      5.6,
      0.3,
      0.85,
      1.3,
      0.65,
      0.3,
      4.5,
      0.65,
      5.0,
      8.8,
      0.45,
      6.5,
      0.6,
      0.9,
      9.0,
      6.5,
      9.3,
      0.5,
      5.6,
      7.9,
      10.1,
      7.7,
      11.3,
      25.5,
      0.0,
      0.3,
      0.9,
      31.9,
      45.2,
      28.4,
      52.7,
      32.2,
      65.8,
      46.1,
      0.5,
      81.5,
      0.85,
      43.1,
      0.6,
      31.0,
      52.8,
      10.6,
      0.65,
      78.9,
      94.2,
      0.5,
      0.95,
      41.7,
      52.7
    ],
    [
      0.7,
      0.4,
      0.75,
      1.1,
      4.8,
      0.35,
      0.8,
      6.5,
      0.4,
      2.6,
      4.3,
      0.15,
      0.6,
      3.9,
      0.45,
      0.15,
      1.5,
      0.4,
      2.0,
      9.7,
      0.4,
      3.6,
      0.45,
      0.8,
      6.0,
      4.9,
      5.2,
      0.18,
      4.8,
      6.3,
      6.6,
      8.6,
      6.7,
      22.4,
      0.3,
      0.0,
      0.8,
      33.1,
      46.4,
      29.5,
      53.8,
      33.4,
      66.9,
      47.3,
      0.18,
      82.7,
      0.6,
      44.3,
      0.75,
      32.1,
      54.0,
      16.8,
      0.5,
      80.0,
      95.3,
      0.45,
      0.9,
      42.9,
      50.0
    ],
    [
      0.3,
      0.7,
      0.19,
      0.35,
      6.7,
      0.8,
      0.4,
      8.0,
      0.9,
      0.55,
      4.2,
      0.8,
      0.45,
      1.9,
      0.45,
      0.8,
      3.0,
      0.65,
      3.5,
      9.1,
      0.6,
      5.1,
      1.0,
      0.005,
      7.5,
      6.8,
      5.1,
      0.55,
      4.2,
      7.9,
      6.0,
      8.0,
      8.2,
      23.9,
      0.9,
      0.8,
      0.0,
      34.2,
      42.0,
      30.7,
      55.0,
      34.5,
      68.1,
      35.8,
      0.55,
      83.8,
      0.23,
      45.4,
      2.8,
      33.3,
      55.1,
      17.7,
      0.28,
      81.2,
      96.5,
      2.1,
      3.3,
      32.2,
      46.9
    ],
    [
      34.0,
      32.7,
      34.2,
      34.2,
      30.1,
      32.8,
      33.8,
      29.3,
      31.8,
      34.1,
      35.7,
      32.1,
      34.6,
      33.2,
      34.4,
      32.1,
      32.8,
      33.3,
      33.2,
      30.0,
      32.7,
      34.5,
      32.4,
      34.2,
      29.0,
      30.2,
      36.6,
      34.4,
      35.7,
      30.2,
      37.5,
      26.6,
      35.0,
      29.8,
      31.9,
      33.1,
      34.2,
      0.0,
      78.7,
      24.3,
      43.5,
      2.2,
      35.5,
      70.1,
      34.6,
      72.3,
      34.7,
      13.1,
      31.8,
      0.17,
      43.6,
      38.1,
      34.6,
      46.7,
      85.0,
      35.7,
      32.2,
      67.9,
      76.7
    ],
    [
      42.0,
      46.0,
      42.0,
      42.1,
      46.1,
      46.1,
      41.7,
      48.3,
      45.1,
      41.6,
      45.2,
      44.8,
      42.6,
      41.6,
      42.4,
      44.9,
      43.5,
      41.7,
      43.8,
      49.4,
      46.0,
      47.6,
      45.1,
      42.0,
      48.7,
      46.2,
      44.7,
      42.4,
      45.2,
      47.6,
      45.4,
      48.4,
      52.0,
      65.1,
      45.2,
      46.4,
      42.0,
      78.7,
      0.0,
      72.0,
      96.2,
      76.1,
      110.0,
      38.6,
      41.8,
      125.0,
      41.9,
      87.0,
      43.2,
      74.8,
      96.4,
      51.3,
      41.8,
      122.0,
      138.0,
      42.5,
      43.4,
      60.5,
      56.0
    ],
    [
      30.4,
      29.2,
      30.7,
      30.7,
      26.6,
      29.3,
      30.2,
      25.8,
      28.3,
      30.6,
      31.3,
      28.6,
      31.0,
      31.1,
      30.9,
      28.6,
      29.2,
      29.8,
      29.7,
      32.0,
      29.1,
      30.9,
      28.9,
      30.7,
      25.4,
      26.7,
      30.8,
      30.9,
      31.3,
      26.7,
      31.5,
      31.0,
      22.8,
      40.4,
      28.4,
      29.5,
      30.7,
      24.3,
      72.0,
      0.0,
      33.7,
      24.9,
      65.7,
      66.1,
      32.3,
      62.6,
      32.4,
      21.7,
      28.1,
      23.4,
      33.9,
      19.6,
      32.3,
      60.0,
      75.3,
      31.5,
      29.6,
      61.7,
      72.8
    ],
    [
      54.7,
      53.5,
      55.0,
      55.0,
      50.9,
      53.6,
      54.5,
      50.0,
      52.6,
      54.9,
      55.6,
      52.9,
      55.3,
      55.4,
      55.2,
      52.9,
      53.5,
      54.1,
      54.0,
      56.3,
      53.4,
      55.2,
      53.2,
      55.0,
      49.7,
      51.0,
      55.0,
      55.2,
      55.6,
      51.0,
      55.8,
      55.3,
      47.1,
      64.7,
      52.7,
      53.8,
      55.0,
      43.5,
      96.2,
      33.7,
      0.0,
      44.6,
      40.1,
      90.4,
      56.6,
      40.3,
      56.7,
      41.4,
      52.4,
      43.0,
      0.65,
      43.9,
      56.6,
      34.5,
      53.0,
      55.8,
      53.9,
      86.0,
      97.1
    ],
    [
      34.3,
      33.0,
      34.5,
      34.6,
      30.5,
      33.1,
      34.1,
      29.6,
      32.2,
      34.5,
      36.1,
      32.5,
      34.9,
      33.5,
      34.8,
      32.5,
      33.1,
      33.7,
      33.6,
      30.3,
      33.0,
      34.8,
      32.8,
      34.5,
      29.3,
      30.6,
      37.0,
      34.8,
      36.0,
      30.6,
      37.8,
      26.9,
      35.3,
      30.2,
      32.2,
      33.4,
      34.5,
      2.2,
      76.1,
      24.9,
      44.6,
      0.0,
      36.9,
      70.8,
      35.3,
      73.8,
      35.4,
      14.5,
      32.5,
      1.6,
      45.0,
      38.8,
      35.3,
      48.1,
      86.4,
      36.4,
      33.0,
      66.6,
      77.4
    ],
    [
      67.8,
      66.6,
      68.1,
      68.1,
      64.0,
      66.7,
      67.6,
      63.2,
      65.7,
      68.0,
      69.6,
      66.0,
      68.4,
      67.1,
      68.3,
      66.0,
      66.6,
      67.2,
      67.1,
      63.8,
      66.6,
      68.3,
      66.3,
      68.1,
      62.8,
      64.1,
      70.5,
      68.3,
      69.6,
      64.1,
      71.4,
      60.4,
      68.8,
      63.7,
      65.8,
      66.9,
      68.1,
      35.5,
      110.0,
      65.7,
      40.1,
      36.9,
      0.0,
      104.0,
      68.7,
      48.8,
      68.8,
      44.9,
      65.9,
      35.5,
      40.0,
      75.8,
      68.6,
      12.2,
      54.8,
      69.8,
      66.2,
      99.7,
      111.0
    ],
    [
      35.7,
      40.3,
      35.8,
      35.8,
      44.0,
      47.0,
      34.2,
      43.5,
      46.1,
      35.4,
      39.5,
      39.1,
      36.3,
      34.1,
      36.2,
      39.2,
      37.4,
      34.3,
      37.7,
      41.4,
      40.3,
      41.9,
      39.4,
      35.8,
      43.2,
      44.1,
      39.0,
      36.2,
      39.5,
      44.5,
      39.7,
      40.4,
      48.8,
      59.6,
      46.1,
      47.3,
      35.8,
      70.1,
      38.6,
      66.1,
      90.4,
      70.8,
      104.0,
      0.0,
      35.9,
      122.0,
      36.0,
      87.5,
      35.5,
      71.0,
      92.8,
      55.4,
      35.8,
      119.0,
      134.0,
      34.8,
      42.9,
      26.2,
      19.7
    ],
    [
      0.5,
      0.29,
      0.55,
      0.8,
      6.9,
      0.35,
      0.65,
      8.3,
      0.45,
      0.85,
      4.5,
      0.3,
      0.4,
      2.1,
      0.3,
      0.3,
      3.2,
      0.4,
      3.7,
      9.3,
      0.21,
      5.3,
      0.6,
      0.55,
      7.8,
      7.0,
      5.4,
      NaN,
      4.5,
      8.1,
      6.2,
      8.3,
      8.4,
      24.2,
      0.5,
      0.18,
      0.55,
      34.6,
      41.8,
      32.3,
      56.6,
      35.3,
      68.7,
      35.9,
      0.0,
      84.1,
      0.35,
      45.6,
      0.9,
      33.5,
      55.3,
      18.1,
      0.27,
      81.4,
      96.7,
      0.6,
      3.6,
      32.4,
      47.1
    ],
    [
      83.6,
      82.3,
      83.8,
      83.9,
      79.8,
      82.5,
      83.4,
      78.9,
      81.5,
      83.8,
      84.5,
      81.8,
      84.2,
      84.2,
      84.1,
      81.8,
      82.4,
      83.0,
      82.9,
      85.2,
      82.3,
      84.1,
      82.1,
      83.8,
      78.6,
      79.9,
      83.9,
      84.1,
      84.5,
      79.9,
      84.7,
      84.2,
      76.0,
      93.6,
      81.5,
      82.7,
      83.8,
      72.3,
      125.0,
      62.6,
      40.3,
      73.8,
      48.8,
      122.0,
      84.1,
      0.0,
      85.2,
      69.8,
      80.9,
      71.5,
      33.0,
      72.3,
      85.0,
      43.1,
      28.6,
      84.3,
      82.3,
      114.0,
      125.0
    ],
    [
      0.24,
      0.6,
      0.23,
      0.55,
      7.1,
      0.7,
      0.35,
      8.4,
      0.8,
      0.6,
      4.6,
      0.6,
      0.26,
      2.2,
      0.4,
      0.6,
      3.4,
      0.5,
      3.8,
      9.4,
      0.55,
      5.4,
      0.9,
      0.23,
      7.9,
      7.2,
      5.5,
      0.35,
      4.6,
      8.2,
      6.3,
      8.4,
      8.5,
      24.3,
      0.85,
      0.6,
      0.23,
      34.7,
      41.9,
      32.4,
      56.7,
      35.4,
      68.8,
      36.0,
      0.35,
      85.2,
      0.0,
      45.3,
      2.7,
      33.2,
      55.1,
      17.8,
      0.19,
      81.1,
      96.4,
      0.9,
      3.3,
      32.1,
      49.4
    ],
    [
      45.2,
      43.9,
      45.4,
      45.4,
      41.3,
      44.0,
      45.0,
      40.5,
      43.0,
      45.3,
      46.9,
      43.3,
      45.8,
      44.4,
      45.6,
      43.4,
      44.0,
      44.5,
      44.4,
      41.2,
      43.9,
      45.7,
      43.6,
      45.4,
      40.2,
      41.4,
      49.9,
      45.6,
      46.9,
      41.4,
      50.6,
      37.8,
      41.9,
      41.0,
      43.1,
      44.3,
      45.4,
      13.1,
      87.0,
      21.7,
      41.4,
      14.5,
      44.9,
      87.5,
      45.6,
      69.8,
      45.3,
      0.0,
      33.9,
      3.5,
      43.5,
      40.2,
      36.7,
      44.8,
      84.8,
      37.8,
      34.3,
      68.0,
      78.8
    ],
    [
      2.5,
      1.0,
      2.8,
      2.8,
      3.3,
      0.7,
      2.3,
      4.6,
      0.7,
      2.7,
      5.6,
      0.7,
      3.1,
      1.8,
      1.2,
      0.7,
      2.3,
      1.0,
      2.7,
      8.0,
      1.0,
      4.3,
      0.9,
      2.8,
      4.9,
      3.4,
      6.5,
      0.9,
      5.6,
      4.8,
      7.4,
      6.2,
      7.2,
      21.3,
      0.6,
      0.75,
      2.8,
      31.8,
      43.2,
      28.1,
      52.4,
      32.5,
      65.9,
      35.5,
      0.9,
      80.9,
      2.7,
      33.9,
      0.0,
      30.7,
      52.6,
      15.4,
      4.8,
      78.6,
      93.9,
      0.6,
      0.7,
      41.5,
      52.5
    ],
    [
      33.0,
      31.8,
      33.3,
      33.3,
      29.2,
      31.9,
      32.8,
      28.3,
      30.9,
      33.2,
      34.8,
      31.2,
      33.6,
      32.3,
      33.5,
      31.2,
      31.8,
      32.4,
      32.3,
      29.0,
      31.7,
      33.5,
      31.5,
      33.3,
      28.0,
      29.3,
      35.7,
      33.5,
      34.8,
      29.3,
      36.6,
      25.6,
      34.0,
      28.9,
      31.0,
      32.1,
      33.3,
      0.17,
      74.8,
      23.4,
      43.0,
      1.6,
      35.5,
      71.0,
      33.5,
      71.5,
      33.2,
      3.5,
      30.7,
      0.0,
      43.5,
      38.0,
      34.4,
      46.6,
      84.8,
      35.6,
      32.0,
      67.9,
      76.6
    ],
    [
      54.9,
      53.6,
      55.1,
      55.2,
      51.1,
      53.7,
      54.7,
      50.2,
      52.8,
      55.1,
      55.8,
      53.1,
      55.5,
      55.5,
      55.4,
      53.1,
      53.7,
      54.2,
      54.1,
      56.5,
      53.6,
      55.4,
      53.4,
      55.1,
      49.9,
      51.2,
      55.2,
      55.3,
      55.8,
      51.2,
      56.0,
      55.4,
      47.2,
      64.9,
      52.8,
      54.0,
      55.1,
      43.6,
      96.4,
      33.9,
      0.65,
      45.0,
      40.0,
      92.8,
      55.3,
      33.0,
      55.1,
      43.5,
      52.6,
      43.5,
      0.0,
      43.2,
      55.9,
      34.6,
      45.8,
      55.2,
      53.2,
      85.4,
      96.4
    ],
    [
      17.6,
      16.4,
      17.7,
      17.7,
      10.5,
      11.2,
      12.5,
      10.3,
      10.5,
      17.3,
      12.4,
      10.8,
      18.2,
      11.9,
      18.1,
      10.8,
      10.2,
      12.0,
      10.2,
      19.3,
      16.4,
      10.0,
      11.1,
      17.7,
      9.2,
      10.6,
      11.9,
      18.1,
      12.4,
      14.0,
      12.6,
      18.2,
      5.3,
      27.7,
      10.6,
      16.8,
      17.7,
      38.1,
      51.3,
      19.6,
      43.9,
      38.8,
      75.8,
      55.4,
      18.1,
      72.3,
      17.8,
      40.2,
      15.4,
      38.0,
      43.2,
      0.0,
      12.4,
      71.0,
      86.3,
      18.4,
      16.4,
      48.5,
      59.4
    ],
    [
      0.4,
      0.4,
      0.27,
      0.55,
      6.9,
      0.5,
      0.55,
      8.2,
      0.6,
      0.8,
      4.4,
      0.5,
      0.26,
      2.1,
      0.19,
      0.5,
      3.2,
      0.45,
      3.7,
      9.3,
      0.35,
      5.3,
      0.8,
      0.28,
      7.7,
      7.0,
      5.3,
      0.27,
      4.4,
      8.0,
      6.2,
      8.2,
      8.4,
      24.1,
      0.65,
      0.5,
      0.28,
      34.6,
      41.8,
      32.3,
      56.6,
      35.3,
      68.6,
      35.8,
      0.27,
      85.0,
      0.19,
      36.7,
      4.8,
      34.4,
      55.9,
      12.4,
      0.0,
      81.5,
      96.8,
      0.8,
      3.6,
      32.6,
      47.2
    ],
    [
      81.0,
      79.7,
      81.2,
      81.2,
      77.1,
      79.8,
      80.7,
      76.3,
      78.8,
      81.1,
      81.8,
      79.1,
      81.5,
      81.6,
      81.4,
      79.1,
      79.7,
      80.3,
      80.2,
      82.6,
      79.7,
      81.4,
      79.4,
      81.2,
      75.9,
      77.2,
      81.3,
      81.4,
      81.8,
      77.2,
      82.0,
      81.5,
      73.3,
      75.0,
      78.9,
      80.0,
      81.2,
      46.7,
      122.0,
      60.0,
      34.5,
      48.1,
      12.2,
      119.0,
      81.4,
      43.1,
      81.1,
      44.8,
      78.6,
      46.6,
      34.6,
      71.0,
      81.5,
      0.0,
      39.2,
      80.6,
      78.7,
      111.0,
      122.0
    ],
    [
      96.2,
      95.0,
      96.5,
      96.5,
      92.4,
      95.1,
      96.0,
      91.6,
      94.1,
      96.4,
      97.1,
      94.4,
      96.8,
      96.9,
      96.7,
      94.4,
      95.0,
      95.6,
      95.5,
      97.8,
      95.0,
      96.7,
      94.7,
      96.5,
      91.2,
      92.5,
      96.6,
      96.7,
      97.1,
      92.5,
      97.3,
      96.8,
      88.6,
      106.0,
      94.2,
      95.3,
      96.5,
      85.0,
      138.0,
      75.3,
      53.0,
      86.4,
      54.8,
      134.0,
      96.7,
      28.6,
      96.4,
      84.8,
      93.9,
      84.8,
      45.8,
      86.3,
      96.8,
      39.2,
      0.0,
      97.0,
      95.1,
      127.0,
      138.0
    ],
    [
      1.8,
      0.7,
      2.1,
      2.1,
      6.2,
      0.55,
      1.6,
      9.1,
      0.55,
      2.0,
      5.4,
      0.3,
      0.75,
      1.1,
      0.95,
      0.3,
      4.3,
      0.55,
      4.8,
      8.6,
      0.7,
      6.3,
      0.3,
      2.1,
      8.8,
      6.3,
      9.1,
      0.6,
      5.4,
      7.7,
      9.8,
      7.5,
      11.1,
      25.3,
      0.5,
      0.45,
      2.1,
      35.7,
      42.5,
      31.5,
      55.8,
      36.4,
      69.8,
      34.8,
      0.6,
      84.3,
      0.9,
      37.8,
      0.6,
      35.6,
      55.2,
      18.4,
      0.8,
      80.6,
      97.0,
      0.0,
      0.55,
      36.5,
      47.5
    ],
    [
      3.1,
      2.8,
      3.3,
      3.4,
      3.6,
      2.9,
      2.9,
      4.9,
      1.0,
      3.3,
      6.2,
      0.75,
      3.7,
      1.8,
      3.6,
      0.75,
      2.8,
      2.5,
      3.3,
      6.6,
      2.7,
      4.9,
      0.8,
      3.3,
      6.9,
      3.6,
      7.0,
      3.6,
      6.1,
      5.1,
      7.9,
      5.6,
      7.5,
      21.9,
      0.95,
      0.9,
      3.3,
      32.2,
      43.4,
      29.6,
      53.9,
      33.0,
      66.2,
      42.9,
      3.6,
      82.3,
      3.3,
      34.3,
      0.7,
      32.0,
      53.2,
      16.4,
      3.6,
      78.7,
      95.1,
      0.55,
      0.0,
      36.3,
      47.4
    ],
    [
      32.1,
      42.5,
      32.4,
      32.2,
      39.6,
      42.6,
      31.8,
      39.1,
      41.7,
      32.3,
      41.2,
      37.4,
      32.6,
      30.9,
      32.4,
      37.4,
      42.6,
      31.5,
      43.0,
      33.0,
      42.5,
      43.9,
      37.7,
      32.2,
      38.8,
      39.6,
      40.6,
      32.4,
      36.7,
      40.1,
      41.4,
      32.0,
