{
  "drive_dist_matrix": [
    [
      0.0,
      11.4,
      0.7,
      1.0,
      1.2,
      1.6,
      0.8,
      10.3,
      2.3,
      19.9,
      1.4,
      3.5,
      1.8,
      2.6,
      13.6,
      1.4,
      3.9,
      9.8,
      11.2,
      9.5,
      10.3,
      16.1,
      1.3,
      0.55,
      0.55,
      4.6,
      1.6,
      11.4,
      1.8,
      2.6,
      10.6,
      10.3,
      9.8,
      9.1,
      0.17,
      1.6,
      11.6,
      15.8,
      5.0,
      5.5,
      7.0,
      2.5,
      12.4,
      12.3,
      1.5,
      0.65,
      1.3,
      23.7,
      1.0,
      0.8,
      7.0,
      5.7,
      16.3,
      1.5,
      12.4
    ],
    [
      11.4,
      0.0,
      10.2,
      9.6,
      10.2,
      10.9,
      10.5,
      13.5,
      11.5,
      13.0,
      10.6,
      10.0,
      11.2,
      11.7,
      26.5,
      10.9,
      9.9,
      5.7,
      24.7,
      10.4,
      21.4,
      11.6,
      9.6,
      10.3,
      10.2,
      9.7,
      10.9,
      23.0,
      10.8,
      13.0,
      13.2,
      1.8,
      18.0,
      23.1,
      10.9,
      10.9,
      10.4,
      29.8,
      13.7,
      13.2,
      3.6,
      11.8,
      20.5,
      11.7,
      10.7,
      10.2,
      10.5,
      36.6,
      10.4,
      10.5,
      15.1,
      11.2,
      16.3,
      10.7,
      5.0
    ],
    [
      0.7,
      10.2,
      0.0,
      0.8,
      0.75,
      1.4,
      0.4,
      9.3,
      2.1,
      19.7,
      0.4,
      3.3,
      0.75,
      2.0,
      14.2,
      0.8,
      3.7,
      9.5,
      10.5,
      9.3,
      9.7,
      15.9,
      1.0,
      0.2,
      0.17,
      4.4,
      0.8,
      10.7,
      3.6,
      2.0,
      10.3,
      10.0,
      9.1,
      8.5,
      0.65,
      1.4,
      11.3,
      15.2,
      4.7,
      5.2,
      6.8,
      1.8,
      11.7,
      12.1,
      1.2,
      0.13,
      0.8,
      23.1,
      0.5,
      0.4,
      6.7,
      4.6,
      15.6,
      0.8,
      12.2
    ],
    [
      1.0,
      9.6,
      0.8,
      0.0,
      1.0,
      1.4,
      0.9,
      9.5,
      2.6,
      19.1,
      1.1,
      2.7,
      1.6,
      2.4,
      13.6,
      1.2,
      3.1,
      9.0,
      11.1,
      8.7,
      10.1,
      15.3,
      0.75,
      0.85,
      0.85,
      3.8,
      1.4,
      11.3,
      3.0,
      2.5,
      9.8,
      9.5,
      10.2,
      9.0,
      1.2,
      1.4,
      10.8,
      15.6,
      4.2,
      4.7,
      6.2,
      2.3,
      12.8,
      12.6,
      1.3,
      0.8,
      1.3,
      23.9,
      0.8,
      0.9,
      6.2,
      4.9,
      16.1,
      1.3,
      11.6
    ],
    [
      1.2,
      10.2,
      0.75,
      1.0,
      0.0,
      0.65,
      1.0,
      9.0,
      1.9,
      19.0,
      0.4,
      3.5,
      0.8,
      1.7,
      12.7,
      0.5,
      3.9,
      9.7,
      10.3,
      9.7,
      9.4,
      15.2,
      0.3,
      0.8,
      0.8,
      4.6,
      0.55,
      10.5,
      3.8,
      1.8,
      9.7,
      10.0,
      8.9,
      8.3,
      2.4,
      0.6,
      10.7,
      15.0,
      3.7,
      4.2,
      6.7,
      1.6,
      11.5,
      14.7,
      0.5,
      0.75,
      0.35,
      22.8,
      0.25,
      1.0,
      5.6,
      4.4,
      15.4,
      0.55,
      12.2
    ],
    [
      1.6,
      10.9,
      1.4,
      1.4,
      0.65,
      0.0,
      2.1,
      10.4,
      0.6,
      19.8,
      1.0,
      4.1,
      1.5,
      0.75,
      12.1,
      1.1,
      4.5,
      10.3,
      9.5,
      11.1,
      10.3,
      14.6,
      0.8,
      1.8,
      1.8,
      5.2,
      0.65,
      9.6,
      4.4,
      2.6,
      9.2,
      10.2,
      10.2,
      9.1,
      3.0,
      0.4,
      10.1,
      15.8,
      3.0,
      3.5,
      7.4,
      1.2,
      12.9,
      14.7,
      0.55,
      1.8,
      0.75,
      22.2,
      0.8,
      2.1,
      5.0,
      5.7,
      16.8,
      0.65,
      12.3
    ],
    [
      0.8,
      10.5,
      0.4,
      0.9,
      1.0,
      2.1,
      0.0,
      9.0,
      1.8,
      19.4,
      0.6,
      3.7,
      0.4,
      1.7,
      12.8,
      0.45,
      4.0,
      9.8,
      10.2,
      9.7,
      9.4,
      16.3,
      1.4,
      0.3,
      0.35,
      4.7,
      1.0,
      10.4,
      3.9,
      1.7,
      10.8,
      10.3,
      8.8,
      8.2,
      0.7,
      1.2,
      11.8,
      14.9,
      4.7,
      5.2,
      7.1,
      1.5,
      11.4,
      12.4,
      1.1,
      0.35,
      0.8,
      22.8,
      0.75,
      0.0,
      7.0,
      4.3,
      15.3,
      1.0,
      12.5
    ],
    [
      10.3,
      13.5,
      9.3,
      9.5,
      9.0,
      10.4,
      9.0,
      0.0,
      10.7,
      16.5,
      10.5,
      7.7,
      10.2,
      10.6,
      20.1,
      9.8,
      6.9,
      9.0,
      16.5,
      3.3,
      10.9,
      25.4,
      10.8,
      10.1,
      10.1,
      5.6,
      10.2,
      16.6,
      7.3,
      9.1,
      18.7,
      17.1,
      5.6,
      13.2,
      8.0,
      11.1,
      18.3,
      19.9,
      13.9,
      14.4,
      12.5,
      9.8,
      8.2,
      7.2,
      10.4,
      10.2,
      10.4,
      29.1,
      10.1,
      10.0,
      15.0,
      6.4,
      7.3,
      10.6,
      16.5
    ],
    [
      2.3,
      11.5,
      2.1,
      2.6,
      1.9,
      0.6,
      1.8,
      10.7,
      0.0,
      20.3,
      2.1,
      4.7,
      1.8,
      0.12,
      11.7,
      0.85,
      5.0,
      10.9,
      8.9,
      10.6,
      9.7,
      14.9,
      1.5,
      2.4,
      2.4,
      5.7,
      0.65,
      8.2,
      4.9,
      2.1,
      9.3,
      10.4,
      9.7,
      8.5,
      3.2,
      0.55,
      10.3,
      15.2,
      3.0,
      3.6,
      8.0,
      0.9,
      12.3,
      14.2,
      0.6,
      2.4,
      1.0,
      21.8,
      1.9,
      2.7,
      5.0,
      5.2,
      16.2,
      0.65,
      12.6
    ],
    [
      19.9,
      13.0,
      19.7,
      19.1,
      19.0,
      19.8,
      19.4,
      16.5,
      20.3,
      0.0,
      20.2,
      20.0,
      21.0,
      24.0,
      33.5,
      20.6,
      18.9,
      13.7,
      29.8,
      13.3,
      24.3,
      24.5,
      19.2,
      19.8,
      19.8,
      17.5,
      20.5,
      30.0,
      19.3,
      22.5,
      22.8,
      16.2,
      21.3,
      26.6,
      19.3,
      20.4,
      22.4,
      32.8,
      23.3,
      22.8,
      13.2,
      23.2,
      23.2,
      10.2,
      20.3,
      19.8,
      20.1,
      42.5,
      20.0,
      20.1,
      24.7,
      19.4,
      16.6,
      20.3,
      15.6
    ],
    [
      1.4,
      10.6,
      0.4,
      1.1,
      0.4,
      1.0,
      0.6,
      10.5,
      2.1,
      20.2,
      0.0,
      3.6,
      0.55,
      2.0,
      13.2,
      0.4,
      4.0,
      9.8,
      10.6,
      10.6,
      10.1,
      15.8,
      0.7,
      0.4,
      0.35,
      4.6,
      0.4,
      10.7,
      3.9,
      2.0,
      10.3,
      10.5,
      9.2,
      8.5,
      0.85,
      0.7,
      11.2,
      15.2,
      4.2,
      4.7,
      6.8,
      1.9,
      11.8,
      13.4,
      1.0,
      0.26,
      0.22,
      23.3,
      0.3,
      0.6,
      6.1,
      4.6,
      15.7,
      0.4,
      12.6
    ],
    [
      3.5,
      10.0,
      3.3,
      2.7,
      3.5,
      4.1,
      3.7,
      7.7,
      4.7,
      20.0,
      3.6,
      0.0,
      3.5,
      3.9,
      15.6,
      3.2,
      1.3,
      6.9,
      13.0,
      7.7,
      10.5,
      15.6,
      2.8,
      3.1,
      3.1,
      2.2,
      3.6,
      13.2,
      1.8,
      4.0,
      11.5,
      9.5,
      8.6,
      10.3,
      1.8,
      4.0,
      11.1,
      17.0,
      6.5,
      7.0,
      5.9,
      4.7,
      11.2,
      10.5,
      3.7,
      3.1,
      3.7,
      25.7,
      3.3,
      3.3,
      8.5,
      2.6,
      14.9,
      3.8,
      14.3
    ],
    [
      1.8,
      11.2,
      0.75,
      1.6,
      0.8,
      1.5,
      0.4,
      10.2,
      1.8,
      21.0,
      0.55,
      3.5,
      0.0,
      1.6,
      12.8,
      0.45,
      3.7,
      10.2,
      10.2,
      8.8,
      9.4,
      16.2,
      1.4,
      0.65,
      0.65,
      5.1,
      0.8,
      10.4,
      3.1,
      1.7,
      10.7,
      10.9,
      7.9,
      8.2,
      1.5,
      1.0,
      11.7,
      14.9,
      4.6,
      5.1,
      7.2,
      1.5,
      10.6,
      11.6,
      0.85,
      0.7,
      0.6,
      22.9,
      0.75,
      0.35,
      6.6,
      3.4,
      15.3,
      0.8,
      13.1
    ],
    [
      2.6,
      11.7,
      2.0,
      2.4,
      1.7,
      0.75,
      1.7,
      10.6,
      0.12,
      24.0,
      2.0,
      3.9,
      1.6,
      0.0,
      11.9,
      0.8,
      5.2,
      11.0,
      9.0,
      10.0,
      9.8,
      15.0,
      1.6,
      1.4,
      1.4,
      5.9,
      0.7,
      8.3,
      4.2,
      2.2,
      9.4,
      10.6,
      9.1,
      8.7,
      2.6,
      0.65,
      10.4,
      15.4,
      3.2,
      3.7,
      8.1,
      0.8,
      11.7,
      13.6,
      0.7,
      1.5,
      1.1,
      21.9,
      2.0,
      1.6,
      5.1,
      4.6,
      15.6,
      0.7,
      12.7
    ],
    [
      13.6,
      26.5,
      14.2,
      13.6,
      12.7,
      12.1,
      12.8,
      20.1,
      11.7,
      33.5,
      13.2,
      15.6,
      12.8,
      11.9,
      0.0,
      12.6,
      15.7,
      22.4,
      8.1,
      20.8,
      17.8,
      26.3,
      12.9,
      13.1,
      13.8,
      16.4,
      12.3,
      6.3,
      14.2,
      12.3,
      15.5,
      25.5,
      21.4,
      16.6,
      13.5,
      12.2,
      18.8,
      23.3,
      10.6,
      11.2,
      19.4,
      11.3,
      20.6,
      24.4,
      12.3,
      13.8,
      13.1,
      10.5,
      13.3,
      13.0,
      12.4,
      14.7,
      25.1,
      12.5,
      26.7
    ],
    [
      1.4,
      10.9,
      0.8,
      1.2,
      0.5,
      1.1,
      0.45,
      9.8,
      0.85,
      20.6,
      0.4,
      3.2,
      0.45,
      0.8,
      12.6,
      0.0,
      4.1,
      10.5,
      9.8,
      9.2,
      8.9,
      16.2,
      0.85,
      0.6,
      0.65,
      4.7,
      0.5,
      10.0,
      3.5,
      1.2,
      10.7,
      10.8,
      8.4,
      7.7,
      1.8,
      0.65,
      11.7,
      14.4,
      4.4,
      4.9,
      7.2,
      1.0,
      11.0,
      14.2,
      0.5,
      0.65,
      0.35,
      22.3,
      0.55,
      0.5,
      6.2,
      3.8,
      14.9,
      0.45,
      13.0
    ],
    [
      3.9,
      9.9,
      3.7,
      3.1,
      3.9,
      4.5,
      4.0,
      6.9,
      5.0,
      18.9,
      4.0,
      1.3,
      3.7,
      5.2,
      15.7,
      4.1,
      0.0,
      6.9,
      12.8,
      6.9,
      9.8,
      16.0,
      3.4,
      3.7,
      3.7,
      0.26,
      3.9,
      13.0,
      2.1,
      4.3,
      11.9,
      9.8,
      7.8,
      9.6,
      2.2,
      4.3,
      11.4,
      16.3,
      7.1,
      7.6,
      6.2,
      5.0,
      10.4,
      9.7,
      4.0,
      3.7,
      4.1,
      25.4,
      3.8,
      3.6,
      9.1,
      2.2,
      14.2,
      4.4,
      14.4
    ],
    [
      9.8,
      5.7,
      9.5,
      9.0,
      9.7,
      10.3,
      9.8,
      9.0,
      10.9,
      13.7,
      9.8,
      6.9,
      10.2,
      11.0,
      22.4,
      10.5,
      6.9,
      0.0,
      22.0,
      5.5,
      16.5,
      17.2,
      9.1,
      9.4,
      9.4,
      6.6,
      10.2,
      22.2,
      8.5,
      10.6,
      15.5,
      8.9,
      13.1,
      18.8,
      8.5,
      10.3,
      14.7,
      25.0,
      12.9,
      13.3,
      4.3,
      11.3,
      15.6,
      6.8,
      10.1,
      9.4,
      10.0,
      34.6,
      9.6,
      9.7,
      17.4,
      8.7,
      11.4,
      10.1,
      8.3
    ],
    [
      11.2,
      24.7,
      10.5,
      11.1,
      10.3,
      9.5,
      10.2,
      16.5,
      8.9,
      29.8,
      10.6,
      13.0,
      10.2,
      9.0,
      8.1,
      9.8,
      12.8,
      22.0,
      0.0,
      17.7,
      13.9,
      24.5,
      11.1,
      11.0,
      11.1,
      14.5,
      10.4,
      2.6,
      12.1,
      9.2,
      13.6,
      23.3,
      18.3,
      12.7,
      11.5,
      10.2,
      17.0,
      18.8,
      8.8,
      9.3,
      17.6,
      9.2,
      18.0,
      21.3,
      10.3,
      11.1,
      11.4,
      12.8,
      11.1,
      10.9,
      10.6,
      12.6,
      22.0,
      10.5,
      24.8
    ],
    [
      9.5,
      10.4,
      9.3,
      8.7,
      9.7,
      11.1,
      9.7,
      3.3,
      10.6,
      13.3,
      10.6,
      7.7,
      8.8,
      10.0,
      20.8,
      9.2,
      6.9,
      5.5,
      17.7,
      0.0,
      11.4,
      22.0,
      11.2,
      10.5,
      10.6,
      5.5,
      10.7,
      17.1,
      7.4,
      9.6,
      18.2,
      13.7,
      7.9,
      13.7,
      8.2,
      11.6,
      17.4,
      20.4,
      14.4,
      14.9,
      9.0,
      9.0,
      10.6,
      4.1,
      9.6,
      10.6,
      10.9,
      29.6,
      10.6,
      10.4,
      15.4,
      6.5,
      7.6,
      11.1,
      13.0
    ],
    [
      10.3,
      21.4,
      9.7,
      10.1,
      9.4,
      10.3,
      9.4,
      10.9,
      9.7,
      24.3,
      10.1,
      10.5,
      9.4,
      9.8,
      17.8,
      8.9,
      9.8,
      16.5,
      13.9,
      11.4,
      0.0,
      23.9,
      10.2,
      9.5,
      9.5,
      9.6,
      9.6,
      13.5,
      9.1,
      7.7,
      17.6,
      20.5,
      8.8,
      7.3,
      9.4,
      9.5,
      19.9,
      14.0,
      12.2,
      12.7,
      16.2,
      8.6,
      8.5,
      15.1,
      8.9,
      9.6,
      9.8,
      26.0,
      9.5,
      9.4,
      13.2,
      8.2,
      15.8,
      9.8,
      24.0
    ],
    [
      16.1,
      11.6,
      15.9,
      15.3,
      15.2,
      14.6,
      16.3,
      25.4,
      14.9,
      24.5,
      15.8,
      15.6,
      16.2,
      15.0,
      26.3,
      16.2,
      16.0,
      17.2,
      24.5,
      22.0,
      23.9,
      0.0,
      16.4,
      17.3,
      17.3,
      18.4,
      17.2,
      22.0,
      18.5,
      16.1,
      11.2,
      10.6,
      24.9,
      22.5,
      18.6,
      14.9,
      9.0,
      29.2,
      13.5,
      13.0,
      14.8,
      15.4,
      26.3,
      22.7,
      16.6,
      17.3,
      16.8,
      36.4,
      16.8,
      17.6,
      14.1,
      19.3,
      27.4,
      16.6,
      10.8
    ],
    [
      1.3,
      9.6,
      1.0,
      0.75,
      0.3,
      0.8,
      1.4,
      10.8,
      1.5,
      19.2,
      0.7,
      2.8,
      1.4,
      1.6,
      12.9,
      0.85,
      3.4,
      9.1,
      11.1,
      11.2,
      10.2,
      16.4,
      0.0,
      1.1,
      1.1,
      4.2,
      0.85,
      10.8,
      3.4,
      2.1,
      9.7,
      9.5,
      9.2,
      8.6,
      3.4,
      0.8,
      10.7,
      15.3,
      4.0,
      5.4,
      6.2,
      1.9,
      11.8,
      12.9,
      0.7,
      1.0,
      0.65,
      23.2,
      0.55,
      1.3,
      6.0,
      5.2,
      15.7,
      0.85,
      12.0
    ],
    [
      0.55,
      10.3,
      0.2,
      0.85,
      0.8,
      1.8,
      0.3,
      10.1,
      2.4,
      19.8,
      0.4,
      3.1,
      0.65,
      1.4,
      13.1,
      0.6,
      3.7,
      9.4,
      11.0,
      10.5,
      9.5,
      17.3,
      1.1,
      0.0,
      0.031,
      4.4,
      0.8,
      10.6,
      3.6,
      1.8,
      10.4,
      10.1,
      9.0,
      8.3,
      0.5,
      1.2,
      11.4,
      15.0,
      4.8,
      5.3,
      6.8,
      1.7,
      11.6,
      13.2,
      1.3,
      0.14,
      0.6,
      23.0,
      0.6,
      0.3,
      6.8,
      4.4,
      15.5,
      0.8,
      15.4
    ],
    [
      0.55,
      10.2,
      0.17,
      0.85,
      0.8,
      1.8,
      0.35,
      10.1,
      2.4,
      19.8,
      0.35,
      3.1,
      0.65,
      1.4,
      13.8,
      0.65,
      3.7,
      9.4,
      11.1,
      10.6,
      9.5,
      17.3,
      1.1,
      0.031,
      0.0,
      4.4,
      0.8,
      10.6,
      3.6,
      1.9,
      10.4,
      10.6,
      9.0,
      8.4,
      0.5,
      1.2,
      11.4,
      15.1,
      4.7,
      5.3,
      6.8,
      1.7,
      11.6,
      13.1,
      1.2,
      0.11,
      0.6,
      23.0,
      0.55,
      0.35,
      6.7,
      4.5,
      15.5,
      0.8,
      14.5
    ],
    [
      4.6,
      9.7,
      4.4,
      3.8,
      4.6,
      5.2,
      4.7,
      5.6,
      5.7,
      17.5,
      4.6,
      2.2,
      5.1,
      5.9,
      16.4,
      4.7,
      0.26,
      6.6,
      14.5,
      5.5,
      9.6,
      18.4,
      4.2,
      4.4,
      4.4,
      0.0,
      4.6,
      14.2,
      2.8,
      5.0,
      12.2,
      11.1,
      8.0,
      10.3,
      2.9,
      5.0,
      11.7,
      17.0,
      7.8,
      8.3,
      6.3,
      4.8,
      10.6,
      8.3,
      4.7,
      4.4,
      4.8,
      26.1,
      4.5,
      4.3,
      9.8,
      3.1,
      13.2,
      5.1,
      14.2
    ],
    [
      1.6,
      10.9,
      0.8,
      1.4,
      0.55,
      0.65,
      1.0,
      10.2,
      0.65,
      20.5,
      0.4,
      3.6,
      0.8,
      0.7,
      12.3,
      0.5,
      3.9,
      10.2,
      10.4,
      10.7,
      9.6,
      17.2,
      0.85,
      0.8,
      0.8,
      4.6,
      0.0,
      8.8,
      3.9,
      1.7,
      9.9,
      10.9,
      8.8,
      8.1,
      2.3,
      0.26,
      10.8,
      14.8,
      3.6,
      4.1,
      7.3,
      1.1,
      11.4,
      14.6,
      0.1,
      0.7,
      0.3,
      22.4,
      0.55,
      1.0,
      5.6,
      4.3,
      15.3,
      0.009,
      13.1
    ],
    [
      11.4,
      23.0,
      10.7,
      11.3,
      10.5,
      9.6,
      10.4,
      16.6,
      8.2,
      30.0,
      10.7,
      13.2,
      10.4,
      8.3,
      6.3,
      10.0,
      13.0,
      22.2,
      2.6,
      17.1,
      13.5,
      22.0,
      10.8,
      10.6,
      10.6,
      14.2,
      8.8,
      0.0,
      11.6,
      8.7,
      11.9,
      21.6,
      17.8,
      12.3,
      11.0,
      8.6,
      15.2,
      19.0,
      7.1,
      7.6,
      15.8,
      8.8,
      16.5,
      20.9,
      8.7,
      10.7,
      9.6,
      16.4,
      10.7,
      10.5,
      8.9,
      11.9,
      21.6,
      8.9,
      23.1
    ],
    [
      1.8,
      10.8,
      3.6,
      3.0,
      3.8,
      4.4,
      3.9,
      7.3,
      4.9,
      19.3,
      3.9,
      1.8,
      3.1,
      4.2,
      14.2,
      3.5,
      2.1,
      8.5,
      12.1,
      7.4,
      9.1,
      18.5,
      3.4,
      3.6,
      3.6,
      2.8,
      3.9,
      11.6,
      0.0,
      2.8,
      13.1,
      13.5,
      7.2,
      8.7,
      1.6,
      4.2,
      14.1,
      15.4,
      6.8,
      7.3,
      8.5,
      2.8,
      9.8,
      10.8,
      3.4,
      3.2,
      3.5,
      23.8,
      3.2,
      3.0,
      8.5,
      1.4,
      13.6,
      3.7,
      17.0
    ],
    [
      2.6,
      13.0,
      2.0,
      2.5,
      1.8,
      2.6,
      1.7,
      9.1,
      2.1,
      22.5,
      2.0,
      4.0,
      1.7,
      2.2,
      12.3,
      1.2,
      4.3,
      10.6,
      9.2,
      9.6,
      7.7,
      16.1,
      2.1,
      1.8,
      1.9,
      5.0,
      1.7,
      8.7,
      2.8,
      0.0,
      10.9,
      12.0,
      8.0,
      6.5,
      2.3,
      2.1,
      11.9,
      13.2,
      4.6,
      5.1,
      10.2,
      0.65,
      9.7,
      13.4,
      1.2,
      2.0,
      2.2,
      21.2,
      1.9,
      1.8,
      6.3,
      3.5,
      14.1,
      1.5,
      14.2
    ],
    [
      10.6,
      13.2,
      10.3,
      9.8,
      9.7,
      9.2,
      10.8,
      18.7,
      9.3,
      22.8,
      10.3,
      11.5,
      10.7,
      9.4,
      15.5,
      10.7,
      11.9,
      15.5,
      13.6,
      18.2,
      17.6,
      11.2,
      9.7,
      10.4,
      10.4,
      12.2,
      9.9,
      11.9,
      13.1,
      10.9,
      0.0,
      10.8,
      18.9,
      19.2,
      12.8,
      9.9,
      4.5,
      25.9,
      6.6,
      6.1,
      11.7,
      10.6,
      23.3,
      21.5,
      10.0,
      10.9,
      10.3,
      26.0,
      10.3,
      11.2,
      5.6,
      13.5,
      24.7,
      10.0,
      12.3
    ],
    [
      10.3,
      1.8,
      10.0,
      9.5,
      10.0,
      10.2,
      10.3,
      17.1,
      10.4,
      16.2,
      10.5,
      9.5,
      10.9,
      10.6,
      25.5,
      10.8,
      9.8,
      8.9,
      23.3,
      13.7,
      20.5,
      10.6,
      9.5,
      10.1,
      10.6,
      11.1,
      10.9,
      21.6,
      13.5,
      12.0,
      10.8,
      0.0,
      20.0,
      24.7,
      12.4,
      10.3,
      8.3,
      31.4,
      12.1,
      11.6,
      5.2,
      11.0,
      22.1,
      13.2,
      10.1,
      10.2,
      10.4,
      35.4,
      10.3,
      10.5,
      13.5,
      12.8,
      17.9,
      10.2,
      3.9
    ],
    [
      9.8,
      18.0,
      9.1,
      10.2,
      8.9,
      10.2,
      8.8,
      5.6,
      9.7,
      21.3,
      9.2,
      8.6,
      7.9,
      9.1,
      21.4,
      8.4,
      7.8,
      13.1,
      18.3,
      7.9,
      8.8,
      24.9,
      9.2,
      9.0,
      9.0,
      8.0,
      8.8,
      17.8,
      7.2,
      8.0,
      18.9,
      20.0,
      0.0,
      10.6,
      7.8,
      9.6,
      19.5,
      17.3,
      12.2,
      12.7,
      14.1,
      8.2,
      3.4,
      12.1,
      8.8,
      8.6,
      8.9,
      29.3,
      8.6,
      8.4,
      16.5,
      6.6,
      8.5,
      9.1,
      21.9
    ],
    [
      9.1,
      23.1,
      8.5,
      9.0,
      8.3,
      9.1,
      8.2,
      13.2,
      8.5,
      26.6,
      8.5,
      10.3,
      8.2,
      8.7,
      16.6,
      7.7,
      9.6,
      18.8,
      12.7,
      13.7,
      7.3,
      22.5,
      8.6,
      8.3,
      8.4,
      10.3,
      8.1,
      12.3,
      8.7,
      6.5,
      19.2,
      24.7,
      10.6,
      0.0,
      8.4,
      8.3,
      18.7,
      9.4,
      11.0,
      11.5,
      17.9,
      7.5,
      10.2,
      16.8,
      8.5,
      8.5,
      8.7,
      24.8,
      8.4,
      8.3,
      12.0,
      8.4,
      18.0,
      8.6,
      25.8
    ],
    [
      0.17,
      10.9,
      0.65,
      1.2,
      2.4,
      3.0,
      0.7,
      8.0,
      3.2,
      19.3,
      0.85,
      1.8,
      1.5,
      2.6,
      13.5,
      1.8,
      2.2,
      8.5,
      11.5,
      8.2,
      9.4,
      18.6,
      3.4,
      0.5,
      0.5,
      2.9,
      2.3,
      11.0,
      1.6,
      2.3,
      12.8,
      12.4,
      7.8,
      8.4,
      0.0,
      2.1,
      12.3,
      15.3,
      5.2,
      5.8,
      7.6,
      1.9,
      11.4,
      10.1,
      1.8,
      0.55,
      1.9,
      23.2,
      1.6,
      0.7,
      7.0,
      3.4,
      15.2,
      2.1,
      16.1
    ],
    [
      1.6,
      10.9,
      1.4,
      1.4,
      0.6,
      0.4,
      1.2,
      11.1,
      0.55,
      20.4,
      0.7,
      4.0,
      1.0,
      0.65,
      12.2,
      0.65,
      4.3,
      10.3,
      10.2,
      11.6,
      9.5,
      14.9,
      0.8,
      1.2,
      1.2,
      5.0,
      0.26,
      8.6,
      4.2,
      2.1,
      9.9,
      10.3,
      9.6,
      8.3,
      2.1,
      0.0,
      10.4,
      16.7,
      3.2,
      3.7,
      7.6,
      0.85,
      11.7,
      14.1,
      0.16,
      1.3,
      0.55,
      22.7,
      0.8,
      1.3,
      5.2,
      4.6,
      15.6,
      0.27,
      12.7
    ],
    [
      11.6,
      10.4,
      11.3,
      10.8,
      10.7,
      10.1,
      11.8,
      18.3,
      10.3,
      22.4,
      11.2,
      11.1,
      11.7,
      10.4,
      18.8,
      11.7,
      11.4,
      14.7,
      17.0,
      17.4,
      19.9,
      9.0,
      10.7,
      11.4,
      11.4,
      11.7,
      10.8,
      15.2,
      14.1,
      11.9,
      4.5,
      8.3,
      19.5,
      18.7,
      12.3,
      10.4,
      0.0,
      25.1,
      7.4,
      6.9,
      10.6,
      10.9,
      21.8,
      20.5,
      10.3,
      11.1,
      10.6,
      29.3,
      10.5,
      11.3,
      7.4,
      14.1,
      25.2,
      10.3,
      10.0
    ],
    [
      15.8,
      29.8,
      15.2,
      15.6,
      15.0,
      15.8,
      14.9,
      19.9,
      15.2,
      32.8,
      15.2,
      17.0,
      14.9,
      15.4,
      23.3,
      14.4,
      16.3,
      25.0,
      18.8,
      20.4,
      14.0,
      29.2,
      15.3,
      15.0,
      15.1,
      17.0,
      14.8,
      19.0,
      15.4,
      13.2,
      25.9,
      31.4,
      17.3,
      9.4,
      15.3,
      16.7,
      25.1,
      0.0,
      17.7,
      18.2,
      24.6,
      14.2,
      16.9,
      23.5,
      15.2,
      15.2,
      15.4,
      26.7,
      15.1,
      15.0,
      18.7,
      15.1,
      24.7,
      15.3,
      32.4
    ],
    [
      5.0,
      13.7,
      4.7,
      4.2,
      3.7,
      3.0,
      4.7,
      13.9,
      3.0,
      23.3,
      4.2,
      6.5,
      4.6,
      3.2,
      10.6,
      4.4,
      7.1,
      12.9,
      8.8,
      14.4,
      12.2,
      13.5,
      4.0,
      4.8,
      4.7,
      7.8,
      3.6,
      7.1,
      6.8,
      4.6,
      6.6,
      12.1,
      12.2,
      11.0,
      5.2,
      3.2,
      7.4,
      17.7,
      0.0,
      0.85,
      9.9,
      4.0,
      15.6,
      16.5,
      3.5,
      4.3,
      3.6,
      21.1,
      3.8,
      4.6,
      2.2,
      7.7,
      18.9,
      3.6,
      13.8
    ],
    [
      5.5,
      13.2,
      5.2,
      4.7,
      4.2,
      3.5,
      5.2,
      14.4,
      3.6,
      22.8,
      4.7,
      7.0,
      5.1,
      3.7,
      11.2,
      4.9,
      7.6,
      13.3,
      9.3,
      14.9,
      12.7,
      13.0,
      5.4,
      5.3,
      5.3,
      8.3,
      4.1,
      7.6,
      7.3,
      5.1,
      6.1,
      11.6,
      12.7,
      11.5,
      5.8,
      3.7,
      6.9,
      18.2,
      0.85,
      0.0,
      11.5,
      4.5,
      16.1,
      17.0,
      4.0,
      4.8,
      4.2,
      21.6,
      4.3,
      5.1,
      2.7,
      8.3,
      19.4,
      4.1,
      13.2
    ],
    [
      7.0,
      3.6,
      6.8,
      6.2,
      6.7,
      7.4,
      7.1,
      12.5,
      8.0,
      13.2,
      6.8,
      5.9,
      7.2,
      8.1,
      19.4,
      7.2,
      6.2,
      4.3,
      17.6,
      9.0,
      16.2,
      14.8,
      6.2,
      6.8,
      6.8,
      6.3,
      7.3,
      15.8,
      8.5,
      10.2,
      11.7,
      5.2,
      14.1,
      17.9,
      7.6,
      7.6,
      10.6,
      24.6,
      9.9,
      11.5,
      0.0,
      9.4,
      19.0,
      10.2,
      7.3,
      6.8,
      7.1,
      35.3,
      7.0,
      7.1,
      13.4,
      7.8,
      14.8,
      7.4,
      7.9
    ],
    [
      2.5,
      11.8,
      1.8,
      2.3,
      1.6,
      1.2,
      1.5,
      9.8,
      0.9,
      23.2,
      1.9,
      4.7,
      1.5,
      0.8,
      11.3,
      1.0,
      5.0,
      11.3,
      9.2,
      9.0,
      8.6,
      15.4,
      1.9,
      1.7,
      1.7,
      4.8,
      1.1,
      8.8,
      2.8,
      0.65,
      10.6,
      11.0,
      8.2,
      7.5,
      1.9,
      0.85,
      10.9,
      14.2,
      4.0,
      4.5,
      9.4,
      0.0,
      10.9,
      12.7,
      1.0,
      1.8,
      2.1,
      21.1,
      1.8,
      1.6,
      6.3,
      3.7,
      14.8,
      1.7,
      13.5
    ],
    [
      12.4,
      20.5,
      11.7,
      12.8,
      11.5,
      12.9,
      11.4,
      8.2,
      12.3,
      23.2,
      11.8,
      11.2,
      10.6,
      11.7,
      20.6,
      11.0,
      10.4,
      15.6,
      18.0,
      10.6,
      8.5,
      26.3,
      11.8,
      11.6,
      11.6,
      10.6,
      11.4,
      16.5,
      9.8,
      9.7,
      23.3,
      22.1,
      3.4,
      10.2,
      11.4,
      11.7,
      21.8,
      16.9,
      15.6,
      16.1,
      19.0,
      10.9,
      0.0,
      13.9,
      11.7,
      11.2,
      11.4,
      28.9,
      11.1,
      11.0,
      15.4,
      9.2,
      11.0,
      11.9,
      23.2
    ],
    [
      12.3,
      11.7,
      12.1,
      12.6,
      14.7,
      14.7,
      12.4,
      7.2,
      14.2,
      10.2,
      13.4,
      10.5,
      11.6,
      13.6,
      24.4,
      14.2,
      9.7,
      6.8,
      21.3,
      4.1,
      15.1,
      22.7,
      12.9,
      13.2,
      13.1,
      8.3,
      14.6,
      20.9,
      10.8,
      13.4,
      21.5,
      13.2,
      12.1,
      16.8,
      10.1,
      14.1,
      20.5,
      23.5,
      16.5,
      17.0,
      10.2,
      12.7,
      13.9,
      0.0,
      14.5,
      13.4,
      14.6,
      33.3,
      14.3,
      14.1,
      19.1,
      10.2,
      9.5,
      14.8,
      14.2
    ],
    [
      1.5,
      10.7,
      1.2,
      1.3,
      0.5,
      0.55,
      1.1,
      10.4,
      0.6,
      20.3,
      1.0,
      3.7,
      0.85,
      0.7,
      12.3,
      0.5,
      4.0,
      10.1,
      10.3,
      9.6,
      8.9,
      16.6,
      0.7,
      1.3,
      1.2,
      4.7,
      0.1,
      8.7,
      3.4,
      1.2,
      10.0,
      10.1,
      8.8,
      8.5,
      1.8,
      0.16,
      10.3,
      15.2,
      3.5,
      4.0,
      7.3,
      1.0,
      11.7,
      14.5,
      0.0,
      0.8,
      0.4,
      22.8,
      0.65,
      1.2,
      5.4,
      4.5,
      15.5,
      0.11,
      12.2
    ],
    [
      0.65,
      10.2,
      0.13,
      0.8,
      0.75,
      1.8,
      0.35,
      10.2,
      2.4,
      19.8,
      0.26,
      3.1,
      0.7,
      1.5,
      13.8,
      0.65,
      3.7,
      9.4,
      11.1,
      10.6,
      9.6,
      17.3,
      1.0,
      0.14,
      0.11,
      4.4,
      0.7,
      10.7,
      3.2,
      2.0,
      10.9,
      10.2,
      8.6,
      8.5,
      0.55,
      1.3,
      11.1,
      15.2,
      4.3,
      4.8,
      6.8,
      1.8,
      11.2,
      13.4,
      0.8,
      0.0,
      0.75,
      23.4,
      0.45,
      0.35,
      6.2,
      4.8,
      15.8,
      0.65,
      12.8
    ],
    [
      1.3,
      10.5,
      0.8,
      1.3,
      0.35,
      0.75,
      0.8,
      10.4,
      1.0,
      20.1,
      0.22,
      3.7,
      0.6,
      1.1,
      13.1,
      0.35,
      4.1,
      10.0,
      11.4,
      10.9,
      9.8,
      16.8,
      0.65,
      0.6,
      0.6,
      4.8,
      0.3,
      9.6,
      3.5,
      2.2,
      10.3,
      10.4,
      8.9,
      8.7,
      1.9,
      0.55,
      10.6,
      15.4,
      3.6,
      4.2,
      7.1,
      2.1,
      11.4,
      14.6,
      0.4,
      0.75,
      0.0,
      22.8,
      0.3,
      1.1,
      5.6,
      4.2,
      15.2,
      0.3,
      12.3
    ],
    [
      23.7,
      36.6,
      23.1,
      23.9,
      22.8,
      22.2,
      22.8,
      29.1,
      21.8,
      42.5,
      23.3,
      25.7,
      22.9,
      21.9,
      10.5,
      22.3,
      25.4,
      34.6,
      12.8,
      29.6,
      26.0,
      36.4,
      23.2,
      23.0,
      23.0,
      26.1,
      22.4,
      16.4,
      23.8,
      21.2,
      26.0,
      35.4,
      29.3,
      24.8,
      23.2,
      22.7,
      29.3,
      26.7,
      21.1,
      21.6,
      35.3,
      21.1,
      28.9,
      33.3,
      22.8,
      23.4,
      22.8,
      0.0,
      22.9,
      22.7,
      23.0,
      24.1,
      33.8,
      22.2,
      37.2
    ],
    [
      1.0,
      10.4,
      0.5,
      0.8,
      0.25,
      0.8,
      0.75,
      10.1,
      1.9,
      20.0,
      0.3,
      3.3,
      0.75,
      2.0,
      13.3,
      0.55,
      3.8,
      9.6,
      11.1,
      10.6,
      9.5,
      16.8,
      0.55,
      0.6,
      0.55,
      4.5,
      0.55,
      10.7,
      3.2,
      1.9,
      10.3,
      10.3,
      8.6,
      8.4,
      1.6,
      0.8,
      10.5,
      15.1,
      3.8,
      4.3,
      7.0,
      1.8,
      11.1,
      14.3,
      0.65,
      0.45,
      0.3,
      22.9,
      0.0,
      0.75,
      5.8,
      4.3,
      15.4,
      0.55,
      12.6
    ],
    [
      0.8,
      10.5,
      0.4,
      0.9,
      1.0,
      2.1,
      0.0,
      10.0,
      2.7,
      20.1,
      0.6,
      3.3,
      0.35,
      1.6,
      13.0,
      0.5,
      3.6,
      9.7,
      10.9,
      10.4,
      9.4,
      17.6,
      1.3,
      0.3,
      0.35,
      4.3,
      1.0,
      10.5,
      3.0,
      1.8,
      11.2,
      10.5,
      8.4,
      8.3,
      0.7,
      1.3,
      11.3,
      15.0,
      4.6,
      5.1,
      7.1,
      1.6,
      11.0,
      14.1,
      1.2,
      0.35,
      1.1,
      22.7,
      0.75,
      0.0,
      7.0,
      4.3,
      15.3,
      1.0,
      15.7
    ],
    [
      7.0,
      15.1,
      6.7,
      6.2,
      5.6,
      5.0,
      7.0,
      15.0,
      5.0,
      24.7,
      6.1,
      8.5,
      6.6,
      5.1,
      12.4,
      6.2,
      9.1,
      17.4,
      10.6,
      15.4,
      13.2,
      14.1,
      6.0,
      6.8,
      6.7,
      9.8,
      5.6,
      8.9,
      8.5,
      6.3,
      5.6,
      13.5,
      16.5,
      12.0,
      7.0,
      5.2,
      7.4,
      18.7,
      2.2,
      2.7,
      13.4,
      6.3,
      15.4,
      19.1,
      5.4,
      6.2,
      5.6,
      23.0,
      5.8,
      7.0,
      0.0,
      9.4,
      19.9,
      5.6,
      15.3
    ],
    [
      5.7,
      11.2,
      4.6,
      4.9,
      4.4,
      5.7,
      4.3,
      6.4,
      5.2,
      19.4,
      4.6,
      2.6,
      3.4,
      4.6,
      14.7,
      3.8,
      2.2,
      8.7,
      12.6,
      6.5,
      8.2,
      19.3,
      5.2,
      4.4,
      4.5,
      3.1,
      4.3,
      11.9,
      1.4,
      3.5,
      13.5,
      12.8,
      6.6,
      8.4,
      3.4,
      4.6,
      14.1,
      15.1,
      7.7,
      8.3,
      7.8,
      3.7,
      9.2,
      10.2,
      4.5,
      4.8,
      4.2,
      24.1,
      4.3,
      4.3,
      9.4,
      0.0,
      12.9,
      4.5,
      16.2
    ],
    [
      16.3,
      16.3,
      15.6,
      16.1,
      15.4,
      16.8,
      15.3,
      7.3,
      16.2,
      16.6,
      15.7,
      14.9,
      15.3,
      15.6,
      25.1,
      14.9,
      14.2,
      11.4,
      22.0,
      7.6,
      15.8,
      27.4,
      15.7,
      15.5,
      15.5,
      13.2,
      15.3,
      21.6,
      13.6,
      14.1,
      24.7,
      17.9,
      8.5,
      18.0,
      15.2,
      15.6,
      25.2,
      24.7,
      18.9,
      19.4,
      14.8,
      14.8,
      11.0,
      9.5,
      15.5,
      15.8,
      15.2,
      33.8,
      15.4,
      15.3,
      19.9,
      12.9,
      0.0,
      15.5,
      18.9
    ],
    [
      1.5,
      10.7,
      0.8,
      1.3,
      0.55,
      0.65,
      1.0,
      10.6,
      0.65,
      20.3,
      0.4,
      3.8,
      0.8,
      0.7,
      12.5,
      0.45,
      4.4,
      10.1,
      10.5,
      11.1,
      9.8,
      16.6,
      0.85,
      0.8,
      0.8,
      5.1,
      0.009,
      8.9,
      3.7,
      1.5,
      10.0,
      10.2,
      9.1,
      8.6,
      2.1,
      0.27,
      10.3,
      15.3,
      3.6,
      4.1,
      7.4,
      1.7,
      11.9,
      14.8,
      0.11,
      0.65,
      0.3,
      22.2,
      0.55,
      1.0,
      5.6,
      4.5,
      15.5,
      0.0,
      12.2
    ],
    [
      12.4,
      5.0,
      12.2,
      11.6,
      12.2,
      12.3,
      12.5,
      16.5,
      12.6,
      15.6,
      12.6,
      14.3,
      13.1,
      12.7,
      26.7,
      13.0,
      14.4,
      8.3,
      24.8,
      13.0,
      24.0,
      10.8,
      12.0,
      15.4,
      14.5,
      14.2,
      13.1,
      23.1,
      17.0,
      14.2,
      12.3,
      3.9,
      21.9,
      25.8,
      16.1,
      12.7,
      10.0,
      32.4,
      13.8,
      13.2,
      7.9,
      13.5,
      23.2,
      14.2,
      12.2,
      12.8,
      12.3,
      37.2,
      12.6,
      15.7,
      15.3,
      16.2,
      18.9,
      12.2,
      0.0
    ]
  ],
  "drive_time_matrix": [
    [
      0.0,
      19.0,
      9.0,
      13.0,
      5.0,
      6.0,
      11.0,
      19.0,
      9.0,
      26.0,
      5.0,
      8.0,
      6.0,
      8.0,
      25.0,
      5.0,
      9.0,
      17.0,
      21.0,
      19.0,
      21.0,
      24.0,
      5.0,
      7.0,
      7.0,
      11.0,
      6.0,
      20.0,
      23.0,
      8.0,
      19.0,
      19.0,
      19.0,
      21.0,
      2.0,
      6.0,
      21.0,
      33.0,
      12.0,
      12.0,
      14.0,
      8.0,
      22.0,
      21.0,
      6.0,
      9.0,
      5.0,
      43.0,
      4.0,
      11.0,
      15.0,
      12.0,
      20.0,
      6.0,
      22.0
    ],
    [
      19.0,
      0.0,
      18.0,
      17.0,
      18.0,
      19.0,
      19.0,
      16.0,
      22.0,
      15.0,
      19.0,
      16.0,
      21.0,
      22.0,
      33.0,
      20.0,
      16.0,
      8.0,
      32.0,
      12.0,
      27.0,
      16.0,
      17.0,
      18.0,
      18.0,
      16.0,
      20.0,
      29.0,
      18.0,
      23.0,
      18.0,
      4.0,
      23.0,
      32.0,
      17.0,
      20.0,
      16.0,
      47.0,
      20.0,
      19.0,
      6.0,
      22.0,
      26.0,
      13.0,
      19.0,
      18.0,
      19.0,
      52.0,
      19.0,
      19.0,
      21.0,
      20.0,
      19.0,
      20.0,
      10.0
    ],
    [
      9.0,
      18.0,
      0.0,
      9.0,
      9.0,
      5.0,
      5.0,
      17.0,
      6.0,
      24.0,
      5.0,
      7.0,
      9.0,
      5.0,
      23.0,
      8.0,
      8.0,
      15.0,
      18.0,
      18.0,
      19.0,
      22.0,
      13.0,
      3.0,
      2.0,
      9.0,
      10.0,
      18.0,
      7.0,
      6.0,
      18.0,
      18.0,
      17.0,
      19.0,
      8.0,
      5.0,
      20.0,
      31.0,
      10.0,
      11.0,
      12.0,
      5.0,
      20.0,
      19.0,
      4.0,
      2.0,
      4.0,
      40.0,
      6.0,
      5.0,
      14.0,
      11.0,
      18.0,
      10.0,
      21.0
    ],
    [
      13.0,
      17.0,
      9.0,
      0.0,
      13.0,
      4.0,
      2.0,
      15.0,
      6.0,
      23.0,
      10.0,
      5.0,
      4.0,
      6.0,
      22.0,
      3.0,
      6.0,
      14.0,
      18.0,
      16.0,
      20.0,
      21.0,
      10.0,
      11.0,
      10.0,
      7.0,
      4.0,
      18.0,
      5.0,
      6.0,
      16.0,
      16.0,
      17.0,
      19.0,
      14.0,
      5.0,
      18.0,
      33.0,
      9.0,
      9.0,
      11.0,
      6.0,
      20.0,
      18.0,
      4.0,
      10.0,
      12.0,
      39.0,
      2.0,
      2.0,
      12.0,
      9.0,
      18.0,
      4.0,
      19.0
    ],
    [
      5.0,
      18.0,
      9.0,
      13.0,
      0.0,
      8.0,
      12.0,
      16.0,
      4.0,
      24.0,
      5.0,
      7.0,
      10.0,
      4.0,
      21.0,
      2.0,
      8.0,
      16.0,
      18.0,
      18.0,
      18.0,
      21.0,
      4.0,
      10.0,
      10.0,
      10.0,
      7.0,
      17.0,
      7.0,
      5.0,
      17.0,
      18.0,
      16.0,
      17.0,
      6.0,
      8.0,
      19.0,
      33.0,
      8.0,
      9.0,
      12.0,
      4.0,
      19.0,
      21.0,
      6.0,
      3.0,
      4.0,
      39.0,
      3.0,
      12.0,
      12.0,
      10.0,
      17.0,
      7.0,
      21.0
    ],
    [
      6.0,
      19.0,
      5.0,
      4.0,
      8.0,
      0.0,
      5.0,
      18.0,
      8.0,
      26.0,
      4.0,
      9.0,
      5.0,
      10.0,
      19.0,
      4.0,
      10.0,
      18.0,
      16.0,
      20.0,
      19.0,
      20.0,
      10.0,
      5.0,
      5.0,
      12.0,
      8.0,
      15.0,
      9.0,
      6.0,
      15.0,
      17.0,
      18.0,
      19.0,
      8.0,
      5.0,
      17.0,
      34.0,
      6.0,
      7.0,
      14.0,
      5.0,
      21.0,
      23.0,
      7.0,
      5.0,
      9.0,
      37.0,
      10.0,
      6.0,
      10.0,
      12.0,
      19.0,
      8.0,
      20.0
    ],
    [
      11.0,
      19.0,
      5.0,
      2.0,
      12.0,
      5.0,
      0.0,
      17.0,
      5.0,
      25.0,
      7.0,
      7.0,
      5.0,
      5.0,
      23.0,
      2.0,
      9.0,
      17.0,
      19.0,
      18.0,
      19.0,
      23.0,
      4.0,
      4.0,
      4.0,
      10.0,
      12.0,
      18.0,
      7.0,
      5.0,
      19.0,
      19.0,
      16.0,
      18.0,
      8.0,
      5.0,
      20.0,
      34.0,
      11.0,
      11.0,
      13.0,
      5.0,
      19.0,
