{
  "drive_dist_matrix": [
    [
      0.0,
      7.1,
      6.6,
      8.5,
      1.2,
      0.28,
      7.2,
      4.0,
      12.0,
      36.7,
      5.6,
      9.4,
      1.2,
      35.1,
      17.7,
      5.0,
      11.9,
      7.5,
      12.0,
      1.9,
      6.8,
      38.0,
      7.1,
      0.75,
      0.95,
      13.1,
      1.2,
      7.8,
      2.1,
      12.2,
      2.1,
      3.0,
      8.0,
      11.6,
      8.2,
      3.3,
      11.2,
      5.3,
      27.2,
      1.3,
      6.8,
      7.5,
      2.4,
      5.0,
      7.6,
      2.3,
      23.3,
      6.0,
      3.4,
      4.2,
      8.8,
      9.3,
      10.0,
      3.4,
      4.0,
      0.6,
      13.0
    ],
    [
      7.1,
      0.0,
      1.1,
      0.9,
      7.9,
      7.0,
      1.1,
      3.6,
      6.8,
      30.8,
      4.8,
      4.3,
      8.0,
      29.2,
      13.5,
      4.4,
      6.6,
      12.6,
      6.9,
      5.1,
      0.3,
      32.3,
      2.5,
      6.3,
      5.4,
      10.8,
      5.7,
      20.4,
      6.7,
      4.8,
      4.7,
      4.4,
      4.0,
      6.5,
      5.1,
      6.0,
      6.1,
      6.0,
      21.6,
      9.8,
      3.5,
      2.4,
      5.3,
      9.0,
      0.26,
      4.3,
      11.0,
      6.0,
      3.8,
      8.2,
      3.7,
      0.8,
      4.9,
      3.6,
      3.5,
      6.2,
      5.6
    ],
    [
      6.6,
      1.1,
      0.0,
      3.2,
      7.7,
      6.8,
      0.6,
      3.2,
      6.7,
      31.4,
      4.1,
      4.5,
      8.5,
      29.8,
      14.3,
      3.9,
      6.6,
      12.3,
      7.1,
      4.8,
      0.85,
      31.7,
      2.2,
      6.0,
      6.3,
      10.1,
      6.5,
      19.7,
      6.0,
      7.3,
      4.8,
      4.1,
      3.7,
      6.7,
      4.7,
      6.5,
      6.3,
      5.2,
      20.9,
      9.5,
      3.1,
      2.6,
      5.8,
      8.8,
      1.3,
      4.8,
      11.8,
      5.3,
      3.7,
      8.0,
      3.9,
      1.6,
      5.1,
      3.2,
      3.2,
      5.9,
      8.1
    ],
    [
      8.5,
      0.9,
      3.2,
      0.0,
      7.4,
      6.5,
      4.2,
      4.5,
      7.0,
      37.1,
      5.4,
      3.7,
      8.6,
      29.4,
      13.7,
      5.0,
      6.8,
      12.3,
      6.3,
      5.3,
      3.1,
      30.8,
      2.5,
      5.9,
      6.0,
      11.4,
      6.2,
      21.0,
      7.3,
      6.5,
      5.3,
      5.0,
      4.1,
      5.8,
      5.2,
      6.6,
      5.4,
      6.5,
      20.1,
      10.4,
      3.2,
      1.8,
      5.9,
      9.6,
      0.9,
      4.9,
      16.3,
      6.6,
      4.4,
      8.8,
      3.1,
      0.45,
      4.2,
      4.6,
      4.5,
      6.2,
      7.2
    ],
    [
      1.2,
      7.9,
      7.7,
      7.4,
      0.0,
      1.0,
      6.9,
      6.0,
      11.6,
      36.3,
      4.6,
      11.5,
      8.3,
      34.7,
      17.1,
      4.0,
      11.5,
      10.4,
      14.1,
      3.2,
      6.6,
      39.3,
      9.2,
      3.6,
      2.5,
      12.6,
      3.0,
      8.5,
      1.1,
      10.5,
      3.2,
      2.8,
      9.9,
      13.6,
      9.9,
      5.2,
      13.7,
      4.3,
      29.0,
      6.5,
      10.9,
      9.6,
      4.3,
      5.7,
      7.1,
      3.4,
      14.2,
      5.1,
      5.2,
      5.0,
      10.9,
      8.7,
      11.4,
      5.2,
      8.1,
      2.9,
      11.3
    ],
    [
      0.28,
      7.0,
      6.8,
      6.5,
      1.0,
      0.0,
      6.2,
      3.9,
      11.0,
      36.8,
      4.2,
      10.8,
      5.2,
      34.1,
      16.4,
      3.7,
      10.9,
      7.4,
      13.4,
      1.2,
      5.9,
      38.6,
      6.3,
      0.55,
      0.75,
      11.8,
      1.1,
      6.5,
      1.8,
      9.8,
      1.2,
      1.7,
      9.2,
      12.9,
      9.2,
      3.2,
      12.5,
      4.0,
      27.8,
      4.5,
      6.7,
      8.9,
      2.3,
      3.8,
      6.4,
      1.5,
      15.2,
      4.7,
      3.3,
      3.0,
      7.9,
      8.0,
      10.6,
      3.2,
      3.9,
      0.35,
      10.6
    ],
    [
      7.2,
      1.1,
      0.6,
      4.2,
      6.9,
      6.2,
      0.0,
      3.6,
      7.1,
      31.8,
      4.5,
      4.9,
      8.9,
      30.2,
      14.7,
      4.1,
      7.0,
      12.8,
      7.5,
      5.2,
      0.85,
      32.1,
      2.6,
      6.5,
      6.7,
      10.5,
      7.0,
      20.1,
      6.4,
      7.7,
      5.2,
      4.6,
      4.1,
      7.1,
      5.1,
      6.9,
      6.7,
      5.7,
      21.3,
      9.9,
      3.6,
      3.1,
      6.2,
      9.2,
      1.3,
      5.2,
      12.2,
      5.8,
      4.7,
      8.4,
      4.3,
      2.0,
      5.5,
      3.7,
      3.6,
      6.3,
      8.5
    ],
    [
      4.0,
      3.6,
      3.2,
      4.5,
      6.0,
      3.9,
      3.6,
      0.0,
      9.9,
      35.8,
      5.2,
      5.0,
      5.5,
      34.2,
      19.4,
      4.9,
      9.8,
      7.7,
      7.7,
      2.6,
      4.7,
      33.2,
      2.8,
      3.0,
      3.0,
      10.8,
      3.2,
      20.4,
      7.1,
      7.8,
      2.7,
      5.3,
      3.0,
      7.2,
      3.5,
      3.5,
      6.8,
      6.4,
      22.4,
      7.1,
      3.6,
      3.2,
      2.8,
      9.9,
      5.2,
      2.6,
      14.2,
      6.5,
      0.55,
      9.1,
      4.4,
      6.9,
      4.3,
      0.16,
      0.12,
      3.2,
      8.6
    ],
    [
      12.0,
      6.8,
      6.7,
      7.0,
      11.6,
      11.0,
      7.1,
      9.9,
      0.0,
      37.0,
      11.6,
      13.5,
      24.5,
      27.3,
      11.8,
      12.0,
      0.16,
      35.0,
      6.2,
      16.0,
      8.4,
      34.3,
      15.0,
      17.2,
      17.4,
      13.0,
      17.7,
      21.0,
      14.7,
      4.7,
      16.0,
      15.3,
      17.8,
      8.1,
      21.2,
      18.0,
      6.5,
      12.1,
      23.7,
      23.4,
      15.7,
      12.0,
      17.8,
      22.6,
      7.5,
      16.3,
      9.1,
      11.9,
      16.5,
      21.9,
      13.8,
      9.3,
      14.9,
      15.0,
      14.9,
      17.1,
      5.8
    ],
    [
      36.7,
      30.8,
      31.4,
      37.1,
      36.3,
      36.8,
      31.8,
      35.8,
      37.0,
      0.0,
      39.0,
      38.3,
      54.6,
      11.6,
      39.6,
      31.9,
      36.6,
      49.1,
      33.8,
      35.5,
      30.8,
      49.3,
      37.4,
      36.7,
      37.0,
      28.4,
      37.2,
      45.9,
      34.6,
      34.7,
      35.5,
      34.8,
      36.0,
      32.4,
      41.7,
      37.6,
      34.1,
      33.6,
      44.2,
      38.9,
      38.1,
      36.8,
      36.9,
      38.1,
      32.1,
      34.3,
      37.1,
      32.4,
      34.5,
      37.3,
      36.1,
      31.4,
      37.3,
      34.1,
      34.0,
      36.6,
      29.0
    ],
    [
      5.6,
      4.8,
      4.1,
      5.4,
      4.6,
      4.2,
      4.5,
      5.2,
      11.6,
      39.0,
      0.0,
      8.9,
      8.7,
      31.1,
      12.3,
      0.6,
      7.8,
      12.0,
      11.5,
      3.5,
      4.0,
      36.7,
      6.6,
      5.1,
      5.3,
      6.7,
      5.6,
      7.5,
      3.3,
      7.6,
      3.5,
      2.8,
      7.3,
      11.0,
      7.3,
      6.2,
      10.6,
      1.5,
      25.9,
      7.6,
      8.3,
      7.0,
      5.3,
      6.9,
      4.5,
      3.8,
      9.7,
      0.65,
      6.0,
      6.1,
      8.3,
      6.1,
      8.8,
      5.6,
      5.5,
      5.0,
      8.7
    ],
    [
      9.4,
      4.3,
      4.5,
      3.7,
      11.5,
      10.8,
      4.9,
      5.0,
      13.5,
      38.3,
      8.9,
      0.0,
      10.9,
      34.1,
      17.8,
      9.0,
      9.7,
      12.3,
      5.3,
      8.1,
      6.7,
      32.2,
      3.2,
      8.7,
      8.7,
      18.9,
      9.0,
      25.4,
      15.9,
      5.5,
      8.2,
      8.6,
      4.8,
      4.8,
      5.4,
      8.4,
      4.4,
      12.5,
      19.1,
      12.6,
      3.8,
      0.45,
      8.7,
      13.3,
      5.2,
      7.6,
      15.3,
      13.9,
      5.6,
      12.5,
      2.1,
      4.7,
      3.2,
      5.2,
      5.1,
      8.9,
      6.2
    ],
    [
      1.2,
      8.0,
      8.5,
      8.6,
      8.3,
      5.2,
      8.9,
      5.5,
      24.5,
      54.6,
      8.7,
      10.9,
      0.0,
      38.2,
      25.8,
      7.5,
      15.0,
      5.6,
      14.1,
      3.9,
      10.1,
      40.4,
      9.2,
      3.6,
      0.85,
      19.7,
      1.0,
      7.5,
      5.8,
      14.2,
      4.1,
      5.9,
      8.3,
      13.6,
      11.1,
      2.9,
      13.2,
      7.8,
      27.3,
      2.1,
      8.4,
      9.6,
      2.9,
      2.4,
      9.4,
      4.4,
      23.0,
      8.6,
      5.5,
      4.2,
      10.8,
      11.0,
      9.0,
      5.4,
      7.4,
      3.9,
      13.7
    ],
    [
      35.1,
      29.2,
      29.8,
      29.4,
      34.7,
      34.1,
      30.2,
      34.2,
      27.3,
      11.6,
      31.1,
      34.1,
      38.2,
      0.0,
      38.7,
      31.4,
      26.5,
      42.4,
      28.4,
      34.3,
      29.9,
      39.0,
      33.8,
      35.6,
      35.8,
      38.6,
      36.1,
      45.0,
      33.6,
      26.9,
      34.3,
      33.7,
      34.8,
      34.0,
      34.9,
      36.4,
      33.0,
      31.7,
      33.8,
      38.0,
      34.5,
      33.2,
      35.7,
      37.2,
      30.9,
      34.5,
      36.1,
      31.5,
      33.6,
      36.4,
      32.5,
      30.5,
      33.7,
      33.2,
      33.1,
      35.4,
      28.0
    ],
    [
      17.7,
      13.5,
      14.3,
      13.7,
      17.1,
      16.4,
      14.7,
      19.4,
      11.8,
      39.6,
      12.3,
      17.8,
      25.8,
      38.7,
      0.0,
      12.3,
      14.9,
      28.4,
      19.3,
      17.6,
      18.2,
      46.0,
      21.4,
      18.0,
      18.2,
      9.8,
      18.5,
      14.5,
      17.0,
      18.1,
      17.6,
      17.1,
      17.9,
      20.9,
      17.9,
      18.3,
      20.5,
      12.6,
      35.2,
      17.0,
      18.9,
      20.8,
      19.7,
      16.2,
      18.5,
      17.9,
      10.3,
      12.2,
      16.6,
      15.4,
      20.1,
      18.1,
      21.2,
      16.2,
      16.1,
      17.8,
      18.9
    ],
    [
      5.0,
      4.4,
      3.9,
      5.0,
      4.0,
      3.7,
      4.1,
      4.9,
      12.0,
      31.9,
      0.6,
      9.0,
      7.5,
      31.4,
      12.3,
      0.0,
      7.4,
      11.7,
      11.1,
      2.9,
      3.6,
      36.3,
      6.2,
      4.5,
      4.7,
      7.2,
      5.0,
      7.7,
      2.7,
      7.6,
      2.8,
      2.2,
      6.9,
      10.7,
      6.9,
      5.3,
      10.3,
      1.8,
      25.6,
      7.0,
      7.9,
      6.6,
      6.3,
      6.3,
      4.1,
      3.1,
      10.2,
      1.1,
      5.7,
      5.4,
      7.9,
      5.7,
      8.5,
      5.2,
      5.2,
      4.4,
      8.3
    ],
    [
      11.9,
      6.6,
      6.6,
      6.8,
      11.5,
      10.9,
      7.0,
      9.8,
      0.16,
      36.6,
      7.8,
      9.7,
      15.0,
      26.5,
      14.9,
      7.4,
      0.0,
      25.2,
      6.2,
      16.1,
      11.9,
      34.9,
      15.1,
      17.3,
      17.5,
      13.0,
      17.8,
      21.1,
      17.2,
      4.7,
      16.0,
      15.4,
      16.8,
      8.1,
      17.7,
      14.5,
      6.6,
      12.1,
      23.8,
      20.2,
      15.8,
      12.0,
      17.4,
      20.0,
      7.5,
      16.3,
      9.1,
      11.9,
      16.4,
      19.2,
      13.8,
      11.8,
      14.9,
      16.0,
      15.9,
      17.1,
      5.8
    ],
    [
      7.5,
      12.6,
      12.3,
      12.3,
      10.4,
      7.4,
      12.8,
      7.7,
      35.0,
      49.1,
      12.0,
      12.3,
      5.6,
      42.4,
      28.4,
      11.7,
      25.2,
      0.0,
      14.7,
      7.1,
      14.2,
      36.5,
      11.7,
      7.6,
      7.2,
      25.6,
      6.7,
      14.5,
      10.8,
      21.9,
      7.6,
      10.9,
      9.1,
      17.6,
      9.6,
      6.6,
      13.8,
      12.8,
      25.7,
      5.9,
      12.7,
      14.1,
      6.4,
      7.4,
      18.4,
      7.9,
      28.9,
      13.6,
      8.3,
      9.2,
      11.4,
      12.9,
      13.2,
      8.2,
      14.5,
      7.9,
      22.7
    ],
    [
      12.0,
      6.9,
      7.1,
      6.3,
      14.1,
      13.4,
      7.5,
      7.7,
      6.2,
      33.8,
      11.5,
      5.3,
      14.1,
      28.4,
      19.3,
      11.1,
      6.2,
      14.7,
      0.0,
      12.4,
      7.8,
      26.5,
      6.3,
      13.6,
      13.8,
      13.4,
      14.1,
      23.5,
      13.5,
      1.7,
      12.4,
      11.7,
      8.5,
      1.8,
      11.2,
      10.4,
      3.1,
      10.7,
      15.3,
      15.9,
      6.6,
      6.3,
      9.7,
      15.2,
      4.7,
      8.7,
      14.1,
      10.4,
      9.1,
      14.4,
      5.4,
      4.3,
      6.5,
      8.7,
      8.6,
      13.5,
      0.45
    ],
    [
      1.9,
      5.1,
      4.8,
      5.3,
      3.2,
      1.2,
      5.2,
      2.6,
      16.0,
      35.5,
      3.5,
      8.1,
      3.9,
      34.3,
      17.6,
      2.9,
      16.1,
      7.1,
      12.4,
      0.0,
      5.0,
      35.7,
      5.2,
      1.1,
      1.3,
      11.5,
      1.6,
      7.3,
      2.6,
      8.9,
      0.11,
      0.7,
      5.6,
      9.7,
      6.3,
      2.9,
      9.3,
      3.3,
      24.9,
      5.3,
      6.3,
      5.7,
      2.0,
      4.5,
      5.5,
      0.45,
      15.0,
      4.0,
      2.7,
      3.7,
      6.9,
      7.1,
      8.1,
      2.6,
      3.5,
      1.0,
      9.7
    ],
    [
      6.8,
      0.3,
      0.85,
      3.1,
      6.6,
      5.9,
      0.85,
      4.7,
      8.4,
      30.8,
      4.0,
      6.7,
      10.1,
      29.9,
      18.2,
      3.6,
      11.9,
      14.2,
      7.8,
      5.0,
      0.0,
      31.6,
      2.6,
      7.6,
      6.3,
      15.1,
      8.2,
      20.5,
      7.6,
      7.3,
      6.4,
      5.8,
      4.2,
      6.6,
      5.2,
      6.9,
      6.2,
      6.9,
      20.9,
      11.1,
      3.7,
      2.6,
      6.2,
      10.4,
      0.5,
      5.2,
      12.6,
      6.7,
      5.0,
      9.6,
      3.9,
      1.4,
      5.0,
      4.6,
      4.5,
      7.5,
      8.0
    ],
    [
      38.0,
      32.3,
      31.7,
      30.8,
      39.3,
      38.6,
      32.1,
      33.2,
      34.3,
      49.3,
      36.7,
      32.2,
      40.4,
      39.0,
      46.0,
      36.3,
      34.9,
      36.5,
      26.5,
      35.7,
      31.6,
      0.0,
      33.2,
      39.6,
      39.8,
      46.0,
      39.4,
      55.6,
      39.5,
      32.4,
      41.2,
      40.5,
      32.5,
      32.4,
      34.2,
      39.8,
      31.4,
      41.6,
      15.8,
      42.0,
      31.0,
      32.6,
      39.7,
      45.1,
      36.0,
      38.7,
      43.3,
      41.6,
      37.0,
      44.3,
      29.1,
      35.5,
      29.1,
      36.6,
      36.5,
      39.5,
      33.2
    ],
    [
      7.1,
      2.5,
      2.2,
      2.5,
      9.2,
      6.3,
      2.6,
      2.8,
      15.0,
      37.4,
      6.6,
      3.2,
      9.2,
      33.8,
      21.4,
      6.2,
      15.1,
      11.7,
      6.3,
      5.2,
      2.6,
      33.2,
      0.0,
      10.0,
      10.2,
      13.6,
      10.5,
      23.2,
      9.9,
      5.5,
      8.8,
      8.1,
      2.4,
      4.8,
      3.4,
      6.0,
      4.4,
      9.2,
      19.1,
      13.5,
      1.8,
      0.85,
      5.3,
      12.7,
      2.3,
      5.2,
      15.2,
      9.3,
      3.2,
      11.9,
      2.0,
      2.8,
      3.2,
      2.8,
      2.7,
      9.8,
      6.2
    ],
    [
      0.75,
      6.3,
      6.0,
      5.9,
      3.6,
      0.55,
      6.5,
      3.0,
      17.2,
      36.7,
      5.1,
      8.7,
      3.6,
      35.6,
      18.0,
      4.5,
      17.3,
      7.6,
      13.6,
      1.1,
      7.6,
      39.6,
      10.0,
      0.0,
      0.45,
      12.3,
      0.65,
      7.0,
      2.2,
      10.3,
      1.1,
      2.2,
      5.4,
      10.9,
      6.0,
      2.6,
      10.5,
      4.5,
      26.5,
      5.0,
      6.1,
      6.7,
      1.0,
      4.2,
      6.8,
      1.5,
      22.5,
      5.2,
      2.7,
      3.4,
      8.0,
      8.5,
      9.4,
      2.7,
      3.3,
      0.3,
      11.1
    ],
    [
      0.95,
      5.4,
      6.3,
      6.0,
      2.5,
      0.75,
      6.7,
      3.0,
      17.4,
      37.0,
      5.3,
      8.7,
      0.85,
      35.8,
      18.2,
      4.7,
      17.5,
      7.2,
      13.8,
      1.3,
      6.3,
      39.8,
      10.2,
      0.45,
      0.0,
      12.5,
      0.45,
      7.2,
      2.4,
      10.5,
      1.4,
      2.4,
      5.5,
      11.1,
      6.0,
      2.7,
      10.7,
      4.7,
      26.6,
      5.2,
      6.2,
      6.9,
      0.85,
      4.4,
      7.0,
      1.7,
      22.7,
      5.4,
      2.8,
      3.6,
      8.2,
      8.7,
      9.5,
      2.7,
      3.4,
      0.5,
      11.3
    ],
    [
      13.1,
      10.8,
      10.1,
      11.4,
      12.6,
      11.8,
      10.5,
      10.8,
      13.0,
      28.4,
      6.7,
      18.9,
      19.7,
      38.6,
      9.8,
      7.2,
      13.0,
      25.6,
      13.4,
      11.5,
      15.1,
      46.0,
      13.6,
      12.3,
      12.5,
      0.0,
      14.5,
      16.1,
      13.9,
      11.8,
      12.8,
      12.1,
      14.4,
      14.7,
      14.5,
      15.5,
      14.3,
      10.0,
      28.9,
      17.5,
      15.4,
      14.2,
      14.6,
      16.7,
      12.3,
      12.9,
      3.4,
      10.1,
      13.2,
      15.9,
      13.8,
      11.8,
      16.0,
      12.8,
      12.7,
      13.9,
      12.6
    ],
    [
      1.2,
      5.7,
      6.5,
      6.2,
      3.0,
      1.1,
      7.0,
      3.2,
      17.7,
      37.2,
      5.6,
      9.0,
      1.0,
      36.1,
      18.5,
      5.0,
      17.8,
      6.7,
      14.1,
      1.6,
      8.2,
      39.4,
      10.5,
      0.65,
      0.45,
      14.5,
      0.0,
      7.5,
      2.7,
      10.8,
      1.8,
      2.7,
      5.8,
      9.8,
      6.3,
      2.6,
      9.4,
      5.0,
      26.4,
      5.5,
      6.5,
      6.7,
      0.5,
      4.7,
      7.3,
      2.0,
      17.2,
      5.7,
      3.1,
      3.9,
      8.5,
      9.0,
      7.1,
      3.1,
      3.7,
      0.7,
      11.6
    ],
    [
      7.8,
      20.4,
      19.7,
      21.0,
      8.5,
      6.5,
      20.1,
      20.4,
      21.0,
      45.9,
      7.5,
      25.4,
      7.5,
      45.0,
      14.5,
      7.7,
      21.1,
      14.5,
      23.5,
      7.3,
      20.5,
      55.6,
      23.2,
      7.0,
      7.2,
      16.1,
      7.5,
      0.0,
      8.8,
      17.5,
      9.4,
      8.9,
      19.2,
      19.7,
      19.2,
      12.0,
      19.4,
      10.8,
      45.5,
      10.2,
      19.3,
      20.6,
      11.0,
      9.4,
      14.1,
      9.7,
      18.6,
      11.5,
      11.8,
      8.6,
      17.5,
      15.8,
      19.8,
      12.5,
      12.5,
      9.6,
      18.8
    ],
    [
      2.1,
      6.7,
      6.0,
      7.3,
      1.1,
      1.8,
      6.4,
      7.1,
      14.7,
      34.6,
      3.3,
      15.9,
      5.8,
      33.6,
      17.0,
      2.7,
      17.2,
      10.8,
      13.5,
      2.6,
      7.6,
      39.5,
      9.9,
      2.2,
      2.4,
      13.9,
      2.7,
      8.8,
      0.0,
      10.1,
      2.0,
      1.7,
      9.5,
      12.0,
      9.3,
      5.1,
      11.6,
      3.2,
      29.3,
      5.4,
      10.2,
      8.0,
      4.2,
      4.6,
      6.0,
      2.3,
      15.5,
      3.9,
      4.1,
      3.8,
      9.2,
      7.6,
      10.3,
      4.0,
      4.8,
      2.4,
      10.2
    ],
    [
      12.2,
      4.8,
      7.3,
      6.5,
      10.5,
      9.8,
      7.7,
      7.8,
      4.7,
      34.7,
      7.6,
      5.5,
      14.2,
      26.9,
      18.1,
      7.6,
      4.7,
      21.9,
      1.7,
      8.9,
      7.3,
      32.4,
      5.5,
      10.3,
      10.5,
      11.8,
      10.8,
      17.5,
      10.1,
      0.0,
      10.8,
      10.1,
      12.5,
      4.3,
      14.4,
      11.0,
      2.8,
      8.6,
      22.1,
      15.5,
      9.0,
      6.1,
      12.2,
      14.7,
      5.3,
      10.9,
      12.6,
      8.3,
      10.0,
      13.2,
      6.0,
      4.6,
      7.1,
      9.6,
      9.5,
      11.9,
      2.0
    ],
    [
      2.1,
      4.7,
      4.8,
      5.3,
      3.2,
      1.2,
      5.2,
      2.7,
      16.0,
      35.5,
      3.5,
      8.2,
      4.1,
      34.3,
      17.6,
      2.8,
      16.0,
      7.6,
      12.4,
      0.11,
      6.4,
      41.2,
      8.8,
      1.1,
      1.4,
      12.8,
      1.8,
      9.4,
      2.0,
      10.8,
      0.0,
      0.65,
      5.6,
      9.7,
      6.4,
      3.0,
      9.3,
      3.3,
      25.0,
      5.3,
      6.3,
      5.7,
      2.0,
      4.5,
      5.5,
      0.45,
      14.4,
      4.0,
      2.7,
      3.7,
      7.0,
      7.1,
      8.1,
      2.6,
      3.3,
      1.5,
      11.1
    ],
    [
      3.0,
      4.4,
      4.1,
      5.0,
      2.8,
      1.7,
      4.6,
      5.3,
      15.3,
      34.8,
      2.8,
      8.6,
      5.9,
      33.7,
      17.1,
      2.2,
      15.4,
      10.9,
      11.7,
      0.7,
      5.8,
      40.5,
      8.1,
      2.2,
      2.4,
      12.1,
      2.7,
      8.9,
      1.7,
      10.1,
      0.65,
      0.0,
      7.7,
      10.1,
      7.7,
      4.0,
      9.7,
      3.1,
      26.3,
      5.4,
      8.7,
      6.0,
      3.1,
      4.6,
      4.9,
      1.0,
      14.8,
      3.8,
      3.1,
      3.8,
      8.7,
      6.5,
      9.2,
      3.0,
      3.8,
      2.3,
      9.1
    ],
    [
      8.0,
      4.0,
      3.7,
      4.1,
      9.9,
      9.2,
      4.1,
      3.0,
      17.8,
      36.0,
      7.3,
      4.8,
      8.3,
      34.8,
      17.9,
      6.9,
      16.8,
      9.1,
      8.5,
      5.6,
      4.2,
      32.5,
      2.4,
      5.4,
      5.5,
      14.4,
      5.8,
      19.2,
      9.5,
      12.5,
      5.6,
      7.7,
      0.0,
      6.5,
      2.7,
      4.9,
      6.1,
      7.0,
      18.8,
      8.5,
      2.3,
      2.5,
      4.3,
      9.7,
      4.2,
      4.1,
      16.9,
      7.1,
      2.2,
      8.9,
      3.8,
      4.5,
      2.9,
      1.8,
      1.6,
      5.4,
      7.9
    ],
    [
      11.6,
      6.5,
      6.7,
      5.8,
      13.6,
      12.9,
      7.1,
      7.2,
      8.1,
      32.4,
      11.0,
      4.8,
      13.6,
      34.0,
      20.9,
      10.7,
      8.1,
      17.6,
      1.8,
      9.7,
      6.6,
      32.4,
      4.8,
      10.9,
      11.1,
      14.7,
      9.8,
      19.7,
      12.0,
      4.3,
      9.7,
      10.1,
      6.5,
      0.0,
      11.4,
      11.1,
      3.9,
      18.7,
      15.4,
      21.4,
      7.7,
      6.4,
      12.1,
      20.7,
      5.9,
      11.3,
      17.2,
      17.7,
      11.5,
      19.9,
      5.8,
      9.4,
      5.8,
      11.0,
      7.9,
      17.8,
      2.5
    ],
    [
      8.2,
      5.1,
      4.7,
      5.2,
      9.9,
      9.2,
      5.1,
      3.5,
      21.2,
      41.7,
      7.3,
      5.4,
      11.1,
      34.9,
      17.9,
      6.9,
      17.7,
      9.6,
      11.2,
      6.3,
      5.2,
      34.2,
      3.4,
      6.0,
      6.0,
      14.5,
      6.3,
      19.2,
      9.3,
      14.4,
      6.4,
      7.7,
      2.7,
      11.4,
      0.0,
      5.9,
      6.4,
      8.4,
      18.4,
      9.6,
      2.0,
      3.4,
      5.2,
      11.9,
      7.3,
      5.9,
      16.2,
      8.5,
      3.3,
      11.1,
      3.9,
      5.4,
      2.5,
      2.8,
      2.9,
      9.1,
      8.8
    ],
    [
      3.3,
      6.0,
      6.5,
      6.6,
      5.2,
      3.2,
      6.9,
      3.5,
      18.0,
      37.6,
      6.2,
      8.4,
      2.9,
      36.4,
      18.3,
      5.3,
      14.5,
      6.6,
      10.4,
      2.9,
      6.9,
      39.8,
      6.0,
      2.6,
      2.7,
      15.5,
      2.6,
      12.0,
      5.1,
      11.0,
      3.0,
      4.0,
      4.9,
      11.1,
      5.9,
      0.0,
      10.4,
      5.7,
      25.0,
      4.7,
      6.5,
      7.9,
      1.2,
      6.4,
      7.9,
      2.9,
      17.9,
      6.4,
      3.9,
      5.6,
      9.3,
      9.5,
      7.1,
      3.8,
      4.5,
      2.4,
      12.2
    ],
    [
      11.2,
      6.1,
      6.3,
      5.4,
      13.7,
      12.5,
      6.7,
      6.8,
      6.5,
      34.1,
      10.6,
      4.4,
      13.2,
      33.0,
      20.5,
      10.3,
      6.6,
      13.8,
      3.1,
      9.3,
      6.2,
      31.4,
      4.4,
      10.5,
      10.7,
      14.3,
      9.4,
      19.4,
      11.6,
      2.8,
      9.3,
      9.7,
      6.1,
      3.9,
      6.4,
      10.4,
      0.0,
      10.1,
      21.3,
      16.9,
      6.3,
      4.9,
      9.1,
      14.6,
      4.1,
      8.1,
      12.7,
      9.3,
      8.5,
      15.3,
      4.8,
      3.7,
      5.9,
      8.1,
      8.0,
      13.3,
      1.8
    ],
    [
      5.3,
      6.0,
      5.2,
      6.5,
      4.3,
      4.0,
      5.7,
      6.4,
      12.1,
      33.6,
      1.5,
      12.5,
      7.8,
      31.7,
      12.6,
      1.8,
      12.1,
      12.8,
      10.7,
      3.3,
      6.9,
      41.6,
      9.2,
      4.5,
      4.7,
      10.0,
      5.0,
      10.8,
      3.2,
      8.6,
      3.3,
      3.1,
      7.0,
      18.7,
      8.4,
      5.7,
      10.1,
      0.0,
      27.1,
      8.0,
      9.5,
      8.2,
      6.6,
      7.2,
      5.7,
      4.0,
      12.8,
      1.0,
      5.5,
      6.4,
      9.5,
      7.3,
      10.0,
      6.8,
      6.7,
      4.7,
      9.9
    ],
    [
      27.2,
      21.6,
      20.9,
      20.1,
      29.0,
      27.8,
      21.3,
      22.4,
      23.7,
      44.2,
      25.9,
      19.1,
      27.3,
      33.8,
      35.2,
      25.6,
      23.8,
      25.7,
      15.3,
      24.9,
      20.9,
      15.8,
      19.1,
      26.5,
      26.6,
      28.9,
      26.4,
      45.5,
      29.3,
      22.1,
      25.0,
      26.3,
      18.8,
      15.4,
      18.4,
      25.0,
      21.3,
      27.1,
      0.0,
      27.3,
      16.4,
      17.9,
      25.0,
      29.4,
      21.4,
      23.2,
      28.7,
      26.0,
      21.5,
      28.6,
      17.2,
      20.9,
      16.2,
      22.0,
      21.9,
      26.6,
      18.5
    ],
    [
      1.3,
      9.8,
      9.5,
      10.4,
      6.5,
      4.5,
      9.9,
      7.1,
      23.4,
      38.9,
      7.6,
      12.6,
      2.1,
      38.0,
      17.0,
      7.0,
      20.2,
      5.9,
      15.9,
      5.3,
      11.1,
      42.0,
      13.5,
      5.0,
      5.2,
      17.5,
      5.5,
      10.2,
      5.4,
      15.5,
      5.3,
      5.4,
      8.5,
      21.4,
      9.6,
      4.7,
      16.9,
      8.0,
      27.3,
      0.0,
      10.0,
      9.5,
      4.0,
      0.55,
      10.6,
      5.7,
      22.5,
      8.0,
      6.7,
      1.7,
      10.8,
      12.2,
      10.1,
      6.6,
      7.2,
      5.1,
      14.9
    ],
    [
      6.8,
      3.5,
      3.1,
      3.2,
      10.9,
      6.7,
      3.6,
      3.6,
      15.7,
      38.1,
      8.3,
      3.8,
      8.4,
      34.5,
      18.9,
      7.9,
      15.8,
      12.7,
      6.6,
      6.3,
      3.7,
      31.0,
      1.8,
      6.1,
      6.2,
      15.4,
      6.5,
      19.3,
      10.2,
      9.0,
      6.3,
      8.7,
      2.3,
      7.7,
      2.0,
      6.5,
      6.3,
      9.5,
      16.4,
      10.0,
      0.0,
      2.2,
      5.9,
      12.6,
      3.9,
      6.0,
      15.9,
      8.6,
      3.9,
      11.2,
      2.6,
      4.2,
      1.2,
      3.5,
      3.5,
      9.2,
      6.8
    ],
    [
      7.5,
      2.4,
      2.6,
      1.8,
      9.6,
      8.9,
      3.1,
      3.2,
      12.0,
      36.8,
      7.0,
      0.45,
      9.6,
      33.2,
      20.8,
      6.6,
      12.0,
      14.1,
      6.3,
      5.7,
      2.6,
      32.6,
      0.85,
      6.7,
      6.9,
      14.2,
      6.7,
      20.6,
      8.0,
      6.1,
      5.7,
      6.0,
      2.5,
      6.4,
      3.4,
      7.9,
      4.9,
      8.2,
      17.9,
      9.5,
      2.2,
      0.0,
      7.9,
      12.5,
      4.4,
      6.8,
      14.5,
      13.1,
      6.2,
      11.7,
      1.3,
      4.0,
      2.4,
      4.4,
      4.3,
      8.1,
      5.4
    ],
    [
      2.4,
      5.3,
      5.8,
      5.9,
      4.3,
      2.3,
      6.2,
      2.8,
      17.8,
      36.9,
      5.3,
      8.7,
      2.9,
      35.7,
      19.7,
      6.3,
      17.4,
      6.4,
      9.7,
      2.0,
      6.2,
      39.7,
      5.3,
      1.0,
      0.85,
      14.6,
      0.5,
      11.0,
      4.2,
      12.2,
      2.0,
      3.1,
      4.3,
      12.1,
      5.2,
      1.2,
      9.1,
      6.6,
      25.0,
      4.0,
      5.9,
      7.9,
      0.0,
      5.0,
      7.6,
      2.1,
      17.5,
      6.0,
      3.2,
      4.2,
      7.2,
      8.7,
      8.4,
      3.1,
      3.7,
      1.0,
      11.2
    ],
    [
      5.0,
      9.0,
      8.8,
      9.6,
      5.7,
      3.8,
      9.2,
      9.9,
      22.6,
      38.1,
      6.9,
      13.3,
      2.4,
      37.2,
      16.2,
      6.3,
      20.0,
      7.4,
      15.2,
      4.5,
      10.4,
      45.1,
      12.7,
      4.2,
      4.4,
      16.7,
      4.7,
      9.4,
      4.6,
      14.7,
      4.5,
      4.6,
      9.7,
      20.7,
      11.9,
      6.4,
      14.6,
      7.2,
      29.4,
      0.55,
      12.6,
      12.5,
      5.0,
      0.0,
      9.8,
      5.8,
      22.2,
      7.7,
      7.2,
      1.4,
      12.1,
      11.4,
      13.2,
      7.1,
      7.8,
      5.8,
      14.0
    ],
    [
      7.6,
      0.26,
      1.3,
      0.9,
      7.1,
      6.4,
      1.3,
      5.2,
      7.5,
      32.1,
      4.5,
      5.2,
      9.4,
      30.9,
      18.5,
      4.1,
      7.5,
      18.4,
      4.7,
      5.5,
      0.5,
      36.0,
      2.3,
      6.8,
      7.0,
      12.3,
      7.3,
      14.1,
      6.0,
      5.3,
      5.5,
      4.9,
      4.2,
      5.9,
      7.3,
      7.9,
      4.1,
      5.7,
      21.4,
      10.6,
      3.9,
      4.4,
      7.6,
      9.8,
      0.0,
      4.5,
      10.7,
      6.0,
      4.0,
      8.4,
      3.7,
      0.6,
      4.9,
      3.8,
      3.7,
      6.4,
      5.8
    ],
    [
      2.3,
      4.3,
      4.8,
      4.9,
      3.4,
      1.5,
      5.2,
      2.6,
      16.3,
      34.3,
      3.8,
      7.6,
      4.4,
      34.5,
      17.9,
      3.1,
      16.3,
      7.9,
      8.7,
      0.45,
      5.2,
      38.7,
      5.2,
      1.5,
      1.7,
      12.9,
      2.0,
      9.7,
      2.3,
      10.9,
      0.45,
      1.0,
      4.1,
      11.3,
      5.9,
      2.9,
      8.1,
      4.0,
      23.2,
      5.7,
      6.0,
      6.8,
      2.1,
      5.8,
      4.5,
      0.0,
      14.9,
      4.5,
      2.2,
      4.5,
      6.1,
      7.7,
      6.1,
      2.1,
      2.7,
      1.3,
      10.2
    ],
    [
      23.3,
      11.0,
      11.8,
      16.3,
      14.2,
      15.2,
      12.2,
      14.2,
      9.1,
      37.1,
      9.7,
      15.3,
      23.0,
      36.1,
      10.3,
      10.2,
      9.1,
      28.9,
      14.1,
      15.0,
      12.6,
      43.3,
      15.2,
      22.5,
      22.7,
      3.4,
      17.2,
      18.6,
      15.5,
      12.6,
      14.4,
      14.8,
      16.9,
      17.2,
      16.2,
      17.9,
      12.7,
      12.8,
      28.7,
      22.5,
      15.9,
      14.5,
      17.5,
      22.2,
      10.7,
      14.9,
      0.0,
      11.3,
      14.1,
      20.0,
      16.3,
      16.5,
      16.9,
      13.7,
      13.6,
      14.8,
      15.8
    ],
    [
      6.0,
      6.0,
      5.3,
      6.6,
      5.1,
      4.7,
      5.8,
      6.5,
      11.9,
      32.4,
      0.65,
      13.9,
      8.6,
      31.5,
      12.2,
      1.1,
      11.9,
      13.6,
      10.4,
      4.0,
      6.7,
      41.6,
      9.3,
      5.2,
      5.4,
      10.1,
      5.7,
      11.5,
      3.9,
      8.3,
      4.0,
      3.8,
      7.1,
      17.7,
      8.5,
      6.4,
      9.3,
      1.0,
      26.0,
      8.0,
      8.6,
      13.1,
      6.0,
      7.7,
      6.0,
      4.5,
      11.3,
      0.0,
      7.3,
      7.3,
      9.5,
      7.3,
      10.1,
      6.8,
      6.8,
      5.4,
      9.7
    ],
    [
      3.4,
      3.8,
      3.7,
      4.4,
      5.2,
      3.3,
      4.7,
      0.55,
      16.5,
      34.5,
      6.0,
      5.6,
      5.5,
      33.6,
      16.6,
      5.7,
      16.4,
      8.3,
      9.1,
      2.7,
      5.0,
      37.0,
      3.2,
      2.7,
      2.8,
      13.2,
      3.1,
      11.8,
      4.1,
      10.0,
      2.7,
      3.1,
      2.2,
      11.5,
      3.3,
      3.9,
      8.5,
      5.5,
      21.5,
      6.7,
      3.9,
      6.2,
      3.2,
      7.2,
      4.0,
      2.2,
      14.1,
      7.3,
      0.0,
      5.7,
      5.7,
      7.2,
      5.6,
      0.5,
      0.6,
      2.5,
      9.9
    ],
    [
      4.2,
      8.2,
      8.0,
      8.8,
      5.0,
      3.0,
      8.4,
      9.1,
      21.9,
      37.3,
      6.1,
      12.5,
      4.2,
      36.4,
      15.4,
      5.4,
      19.2,
      9.2,
      14.4,
      3.7,
      9.6,
      44.3,
      11.9,
      3.4,
      3.6,
      15.9,
      3.9,
      8.6,
      3.8,
      13.2,
      3.7,
      3.8,
      8.9,
      19.9,
      11.1,
      5.6,
      15.3,
      6.4,
      28.6,
      1.7,
      11.2,
      11.7,
      4.2,
      1.4,
      8.4,
      4.5,
      20.0,
      7.3,
      5.7,
      0.0,
      10.7,
      10.4,
      13.1,
      6.4,
      7.2,
      4.3,
      13.1
    ],
    [
      8.8,
      3.7,
      3.9,
      3.1,
      10.9,
      7.9,
      4.3,
      4.4,
      13.8,
      36.1,
      8.3,
      2.1,
      10.8,
      32.5,
      20.1,
      7.9,
      13.8,
      11.4,
      5.4,
      6.9,
      3.9,
      29.1,
      2.0,
      8.0,
      8.2,
      13.8,
      8.5,
      17.5,
      9.2,
      6.0,
      7.0,
      8.7,
      3.8,
      5.8,
      3.9,
      9.3,
      4.8,
      9.5,
      17.2,
      10.8,
      2.6,
      1.3,
      7.2,
      12.1,
      3.7,
      6.1,
      16.3,
      9.5,
      5.7,
      10.7,
      0.0,
      4.4,
      1.7,
      5.0,
      5.0,
      8.8,
      6.0
    ],
    [
      9.3,
      0.8,
      1.6,
      0.45,
      8.7,
      8.0,
      2.0,
      6.9,
      9.3,
      31.4,
      6.1,
      4.7,
      11.0,
      30.5,
      18.1,
      5.7,
      11.8,
      12.9,
      4.3,
      7.1,
      1.4,
      35.5,
      2.8,
      8.5,
      8.7,
      11.8,
      9.0,
      15.8,
      7.6,
      4.6,
      7.1,
      6.5,
      4.5,
      9.4,
      5.4,
      9.5,
      3.7,
      7.3,
      20.9,
      12.2,
      4.2,
      4.0,
      8.7,
      11.4,
      0.6,
      7.7,
      16.5,
      7.3,
      7.2,
      10.4,
      4.4,
      0.0,
      4.8,
      4.9,
      4.8,
      7.0,
      4.9
    ],
    [
      10.0,
      4.9,
      5.1,
      4.2,
      11.4,
      10.6,
      5.5,
      4.3,
      14.9,
      37.3,
      8.8,
      3.2,
      9.0,
      33.7,
      21.2,
      8.5,
      14.9,
      13.2,
      6.5,
      8.1,
      5.0,
      29.1,
      3.2,
      9.4,
      9.5,
      16.0,
      7.1,
      19.8,
      10.3,
      7.1,
      8.1,
      9.2,
      2.9,
      5.8,
      2.5,
      7.1,
      5.9,
      10.0,
      16.2,
      10.1,
      1.2,
      2.4,
      8.4,
      13.2,
      4.9,
      6.1,
      16.9,
      10.1,
      5.6,
      13.1,
      1.7,
      4.8,
      0.0,
      5.5,
      5.4,
      8.9,
      6.5
    ],
    [
      3.4,
      3.6,
      3.2,
      4.6,
      5.2,
      3.2,
      3.7,
      0.16,
      15.0,
      34.1,
      5.6,
      5.2,
      5.4,
      33.2,
      16.2,
      5.2,
      16.0,
      8.2,
      8.7,
      2.6,
      4.6,
      36.6,
      2.8,
      2.7,
      2.7,
      12.8,
      3.1,
      12.5,
      4.0,
      9.6,
      2.6,
      3.0,
      1.8,
      11.0,
      2.8,
      3.8,
      8.1,
      6.8,
      22.0,
      6.6,
      3.5,
      4.4,
      3.1,
      7.1,
      3.8,
      2.1,
      13.7,
      6.8,
      0.5,
      6.4,
      5.0,
      4.9,
      5.5,
      0.0,
      0.067,
      3.9,
      8.6
    ],
    [
      4.0,
      3.5,
      3.2,
      4.5,
      8.1,
      3.9,
      3.6,
      0.12,
      14.9,
      34.0,
      5.5,
      5.1,
      7.4,
      33.1,
      16.1,
      5.2,
      15.9,
      14.5,
      8.6,
      3.5,
      4.5,
      36.5,
      2.7,
      3.3,
      3.4,
      12.7,
      3.7,
      12.5,
      4.8,
      9.5,
      3.3,
      3.8,
      1.6,
      7.9,
      2.9,
      4.5,
      8.0,
      6.7,
      21.9,
      7.2,
      3.5,
      4.3,
      3.7,
      7.8,
      3.7,
      2.7,
      13.6,
      6.8,
      0.6,
      7.2,
      5.0,
      4.8,
      5.4,
      0.067,
      0.0,
      4.0,
      8.5
    ],
    [
      0.6,
      6.2,
      5.9,
      6.2,
      2.9,
      0.35,
      6.3,
      3.2,
      17.1,
      36.6,
      5.0,
      8.9,
      3.9,
      35.4,
      17.8,
      4.4,
      17.1,
      7.9,
      13.5,
      1.0,
      7.5,
      39.5,
      9.8,
      0.3,
      0.5,
      13.9,
      0.7,
      9.6,
      2.4,
      11.9,
      1.5,
      2.3,
      5.4,
      17.8,
      9.1,
      2.4,
      13.3,
      4.7,
      26.6,
      5.1,
      9.2,
      8.1,
      1.0,
      5.8,
      6.4,
      1.3,
      14.8,
      5.4,
      2.5,
      4.3,
      8.8,
      7.0,
      8.9,
      3.9,
      4.0,
      0.0,
      11.0
    ],
    [
      13.0,
      5.6,
      8.1,
      7.2,
      11.3,
      10.6,
      8.5,
      8.6,
      5.8,
      29.0,
      8.7,
      6.2,
      13.7,
      28.0,
      18.9,
      8.3,
      5.8,
      22.7,
      0.45,
      9.7,
      8.0,
      33.2,
      6.2,
      11.1,
      11.3,
      12.6,
      11.6,
      18.8,
      10.2,
      2.0,
      11.1,
      9.1,
      7.9,
      2.5,
      8.8,
      12.2,
      1.8,
      9.9,
      18.5,
      14.9,
      6.8,
      5.4,
      11.2,
      14.0,
      5.8,
      10.2,
      15.8,
      9.7,
      9.9,
      13.1,
      6.0,
      4.9,
      6.5,
      8.6,
      8.5,
      11.0,
      0.0
    ]
  ],
  "drive_time_matrix": [
    [
      0.0,
      25.0,
      22.0,
      29.0,
      5.0,
      3.0,
      25.0,
      20.0,
      34.0,
      65.0,
      15.0,
      31.0,
      15.0,
      51.0,
      38.0,
      14.0,
      34.0,
      21.0,
      36.0,
      6.0,
      24.0,
      58.0,
      24.0,
      10.0,
      12.0,
      29.0,
      14.0,
      17.0,
      6.0,
      34.0,
      6.0,
      8.0,
      24.0,
      37.0,
      28.0,
      9.0,
      28.0,
      14.0,
      43.0,
      13.0,
      27.0,
      25.0,
      7.0,
      11.0,
      27.0,
      7.0,
      41.0,
      16.0,
      21.0,
      8.0,
      26.0,
      32.0,
      27.0,
      17.0,
      20.0,
      8.0,
      40.0
    ],
    [
      25.0,
      0.0,
      14.0,
      11.0,
      28.0,
      24.0,
      14.0,
      12.0,
      17.0,
      47.0,
      14.0,
      16.0,
      30.0,
      32.0,
      23.0,
      13.0,
      17.0,
      33.0,
      21.0,
      19.0,
      4.0,
      46.0,
      8.0,
      23.0,
      23.0,
      20.0,
      24.0,
      27.0,
      19.0,
      16.0,
      20.0,
      19.0,
      12.0,
      19.0,
      18.0,
      25.0,
      13.0,
      18.0,
      30.0,
      36.0,
      11.0,
      7.0,
      24.0,
      28.0,
      5.0,
      18.0,
      22.0,
      18.0,
      17.0,
      25.0,
      10.0,
      10.0,
      12.0,
      12.0,
      11.0,
      22.0,
      18.0
    ],
    [
      22.0,
      14.0,
      0.0,
      19.0,
      27.0,
      24.0,
      7.0,
      12.0,
      19.0,
      50.0,
      15.0,
      16.0,
      30.0,
      34.0,
      28.0,
      12.0,
      19.0,
      34.0,
      21.0,
      20.0,
      11.0,
      48.0,
      7.0,
      22.0,
      23.0,
      20.0,
      23.0,
      26.0,
      17.0,
      19.0,
      18.0,
      17.0,
      11.0,
      19.0,
      17.0,
      26.0,
      13.0,
      16.0,
      31.0,
      34.0,
      11.0,
      8.0,
      24.0,
      25.0,
      14.0,
      18.0,
      27.0,
      17.0,
      20.0,
      21.0,
      10.0,
      11.0,
      12.0,
      11.0,
      11.0,
      21.0,
      24.0
    ],
    [
      29.0,
      11.0,
      19.0,
      0.0,
      29.0,
      26.0,
      18.0,
      15.0,
      19.0,
      49.0,
