{
  "drive_dist_matrix": [
    [
      0.0,
      4.4,
      6.5,
      4.7,
      5.3,
      7.6,
      3.7,
      6.3,
      5.1,
      4.3,
      6.1,
      6.7,
      0.26,
      4.1,
      6.8,
      0.45,
      1.3,
      5.0,
      5.8,
      7.0,
      4.0,
      1.2,
      3.8,
      6.7,
      3.8,
      1.2,
      6.1,
      5.2,
      4.3,
      0.35,
      7.3,
      3.0,
      4.5,
      4.5,
      10.8,
      1.7,
      3.7,
      6.6,
      3.9,
      5.7,
      6.0,
      3.7,
      5.7,
      4.1,
      11.5,
      6.5,
      4.7,
      7.0,
      4.3,
      10.3,
      2.9,
      7.1,
      6.0,
      6.7,
      1.0
    ],
    [
      4.4,
      0.0,
      0.80467,
      0.48280199999999995,
      7.5,
      1.2874720000000002,
      3.2,
      8.1,
      2.41401,
      0.16093400000000002,
      0.80467,
      1.448406,
      3.3,
      1.5,
      0.95,
      3.2,
      3.2,
      7.2,
      3.21868,
      0.48280199999999995,
      0.6437360000000001,
      4.1,
      0.6,
      0.48280199999999995,
      0.6,
      4.6,
      3.379614,
      2.41401,
      0.16093400000000002,
      3.4,
      9.5,
      3.4,
      0.9656039999999999,
      1.7702740000000001,
      8.0467,
      4.1,
      0.7,
      0.6437360000000001,
      1.6,
      3.057746,
      7.8,
      1.8,
      3.057746,
      2.7,
      9.816974,
      0.9656039999999999,
      0.48280199999999995,
      1.448406,
      0.32186800000000004,
      8.690436,
      3.9,
      1.0,
      0.9656039999999999,
      0.48280199999999995,
      3.7
    ],
    [
      6.5,
      0.80467,
      0.0,
      0.80467,
      8.7,
      0.48280199999999995,
      5.2,
      9.3,
      2.41401,
      0.80467,
      0.16093400000000002,
      1.7702740000000001,
      5.2,
      2.2,
      1.0,
      5.1,
      5.0,
      8.5,
      1.1265379999999998,
      0.80467,
      3.21868,
      5.9,
      3.0,
      0.6437360000000001,
      3.2,
      7.5,
      1.60934,
      1.7702740000000001,
      0.80467,
      5.3,
      11.5,
      6.0,
      0.80467,
      0.80467,
      9.334171999999999,
      6.9,
      2.9,
      0.48280199999999995,
      3.5,
      1.1265379999999998,
      9.0,
      4.1,
      0.6437360000000001,
      4.6,
      10.621644,
      0.16093400000000002,
      0.80467,
      0.80467,
      1.1265379999999998,
      9.495106,
      5.8,
      1.0,
      0.48280199999999995,
      0.6437360000000001,
      5.6
    ],
    [
      4.7,
      0.48280199999999995,
      0.80467,
      0.0,
      7.7,
      1.1265379999999998,
      3.5,
      8.4,
      0.9656039999999999,
      0.32186800000000004,
      0.80467,
      3.7014819999999995,
      3.6,
      1.7,
      1.2,
      3.4,
      3.4,
      7.5,
      3.379614,
      0.80467,
      0.48280199999999995,
      4.3,
      0.85,
      0.48280199999999995,
      0.55,
      4.9,
      3.7014819999999995,
      2.735878,
      0.32186800000000004,
      3.6,
      9.8,
      3.7,
      0.6437360000000001,
      0.48280199999999995,
      8.207633999999999,
      4.3,
      0.8,
      0.6437360000000001,
      1.8,
      3.21868,
      8.1,
      2.0,
      0.9656039999999999,
      2.9,
      9.977908000000001,
      0.9656039999999999,
      0.16093400000000002,
      5.310822,
      0.48280199999999995,
      8.85137,
      4.2,
      1.2,
      0.6437360000000001,
      0.48280199999999995,
      3.9
    ],
    [
      5.3,
      7.5,
      8.7,
      7.7,
      0.0,
      11.8,
      5.8,
      5.6,
      7.9,
      7.2,
      8.9,
      10.8,
      5.0,
      7.0,
      11.0,
      4.9,
      5.2,
      0.9,
      8.7,
      11.2,
      6.8,
      5.2,
      6.7,
      9.6,
      6.7,
      4.9,
      8.9,
      8.0,
      7.2,
      5.0,
      4.0,
      5.2,
      7.4,
      7.3,
      14.2,
      4.3,
      6.6,
      9.5,
      6.3,
      8.6,
      6.5,
      6.6,
      8.6,
      6.4,
      12.6,
      9.4,
      7.5,
      9.9,
      7.2,
      11.4,
      5.1,
      11.3,
      8.9,
      9.6,
      4.4
    ],
    [
      7.6,
      1.2874720000000002,
      0.48280199999999995,
      1.1265379999999998,
      11.8,
      0.0,
      5.0,
      9.0,
      2.2530759999999996,
      1.7702740000000001,
      0.6437360000000001,
      1.60934,
      4.7,
      1.9,
      0.9,
      4.5,
      4.5,
      8.6,
      0.9656039999999999,
      0.80467,
      3.057746,
      5.4,
      2.5,
      0.80467,
      3.1,
      6.0,
      1.2874720000000002,
      1.60934,
      1.7702740000000001,
      4.7,
      11.2,
      4.8,
      2.2530759999999996,
      2.2530759999999996,
      9.173238,
      5.4,
      2.4,
      0.48280199999999995,
      2.9,
      0.9656039999999999,
      8.7,
      3.1,
      0.9656039999999999,
      4.4,
      10.299776000000001,
      0.32186800000000004,
      0.9656039999999999,
      0.6437360000000001,
      3.057746,
      9.173238,
      5.3,
      0.9,
      0.9656039999999999,
      0.32186800000000004,
      5.0
    ],
    [
      3.7,
      3.2,
      5.2,
      3.5,
      5.8,
      5.0,
      0.0,
      7.9,
      4.6,
      5.6,
      6.3,
      7.1,
      3.5,
      4.6,
      7.3,
      3.4,
      3.4,
      5.1,
      6.1,
      7.5,
      4.8,
      2.4,
      4.0,
      7.0,
      4.9,
      4.9,
      6.4,
      5.3,
      5.6,
      3.6,
      7.3,
      1.0,
      4.8,
      4.7,
      10.8,
      4.3,
      3.9,
      6.9,
      3.2,
      6.0,
      7.6,
      4.2,
      6.0,
      0.4,
      13.5,
      6.8,
      6.0,
      7.3,
      4.5,
      12.3,
      2.3,
      7.6,
      6.3,
      7.0,
      3.0
    ],
    [
      6.3,
      8.1,
      9.3,
      8.4,
      5.6,
      9.0,
      7.9,
      0.0,
      8.2,
      7.4,
      9.1,
      8.2,
      6.5,
      6.8,
      8.4,
      6.3,
      6.5,
      6.1,
      8.9,
      8.6,
      7.1,
      7.2,
      6.9,
      9.5,
      6.9,
      5.8,
      9.2,
      8.3,
      7.4,
      6.5,
      5.2,
      7.2,
      7.6,
      7.6,
      15.5,
      5.2,
      6.8,
      9.4,
      6.8,
      8.8,
      2.3,
      6.9,
      8.8,
      8.4,
      9.0,
      9.3,
      7.8,
      9.8,
      7.4,
      7.8,
      7.1,
      8.7,
      9.1,
      9.5,
      7.1
    ],
    [
      5.1,
      2.41401,
      2.41401,
      0.9656039999999999,
      7.9,
      2.2530759999999996,
      4.6,
      8.2,
      0.0,
      1.9312079999999998,
      2.5749440000000003,
      4.82802,
      3.9,
      2.9,
      3.8,
      3.8,
      3.8,
      7.8,
      2.41401,
      3.7014819999999995,
      0.80467,
      4.7,
      2.3,
      3.379614,
      0.9,
      5.2,
      2.5749440000000003,
      0.9656039999999999,
      1.9312079999999998,
      4.0,
      10.1,
      4.0,
      0.48280199999999995,
      0.48280199999999995,
      6.759228,
      4.7,
      2.2,
      3.21868,
      2.2,
      2.2530759999999996,
      8.4,
      2.9,
      1.2874720000000002,
      2.8,
      11.26538,
      3.057746,
      0.9656039999999999,
      3.7014819999999995,
      2.896812,
      9.977908000000001,
      4.5,
      4.0,
      0.9656039999999999,
      3.21868,
      4.3
    ],
    [
      4.3,
      0.16093400000000002,
      0.80467,
      0.32186800000000004,
      7.2,
      1.7702740000000001,
      5.6,
      7.4,
      1.9312079999999998,
      0.0,
      0.80467,
      3.379614,
      3.2,
      1.3,
      0.9,
      3.1,
      3.0,
      7.1,
      3.057746,
      0.6437360000000001,
      0.48280199999999995,
      3.9,
      0.5,
      0.48280199999999995,
      0.35,
      4.5,
      3.379614,
      2.41401,
      NaN,
      3.3,
      9.4,
      3.3,
      1.7702740000000001,
      0.80467,
      7.885766,
      3.9,
      0.6,
      0.6437360000000001,
      1.0,
      2.896812,
      7.7,
      1.4,
      2.896812,
      2.5,
      9.65604,
      0.80467,
      0.32186800000000004,
      1.2874720000000002,
      0.16093400000000002,
      8.529501999999999,
      3.8,
      0.9,
      0.9656039999999999,
      0.48280199999999995,
      3.6
    ],
    [
      6.1,
      0.80467,
      0.16093400000000002,
      0.80467,
      8.9,
      0.6437360000000001,
      6.3,
      9.1,
      2.5749440000000003,
      0.80467,
      0.0,
      3.21868,
      5.3,
      3.3,
      2.2,
      5.2,
      5.1,
      9.2,
      1.1265379999999998,
      0.9656039999999999,
      2.5749440000000003,
      6.0,
      3.7,
      0.6437360000000001,
      2.6,
      6.6,
      0.9656039999999999,
      0.9656039999999999,
      0.80467,
      5.3,
      12.4,
      5.4,
      0.80467,
      0.6437360000000001,
      9.65604,
      6.0,
      3.6,
      0.48280199999999995,
      3.6,
      0.9656039999999999,
      10.1,
      4.3,
      0.6437360000000001,
      4.0,
      11.587248,
      0.32186800000000004,
      3.7014819999999995,
      1.9312079999999998,
      4.345218,
      10.46071,
      5.9,
      2.2,
      0.32186800000000004,
      0.6437360000000001,
      5.7
    ],
    [
      6.7,
      1.448406,
      1.7702740000000001,
      3.7014819999999995,
      10.8,
      1.60934,
      7.1,
      8.2,
      4.82802,
      3.379614,
      3.21868,
      0.0,
      4.1,
      1.1,
      1.2,
      3.9,
      3.9,
      8.0,
      2.735878,
      1.1265379999999998,
      2.092142,
      4.8,
      1.9,
      1.448406,
      1.9,
      5.4,
      2.896812,
      3.21868,
      1.2874720000000002,
      4.1,
      10.2,
      4.2,
      2.5749440000000003,
      2.5749440000000003,
      8.690436,
      4.8,
      1.8,
      1.60934,
      2.3,
      2.5749440000000003,
      7.9,
      2.5,
      2.735878,
      3.4,
      9.495106,
      1.7702740000000001,
      1.60934,
      1.9312079999999998,
      1.1265379999999998,
      8.207633999999999,
      4.7,
      1.2,
      3.057746,
      1.448406,
      4.4
    ],
    [
      0.26,
      3.3,
      5.2,
      3.6,
      5.0,
      4.7,
      3.5,
      6.5,
      3.9,
      3.2,
      5.3,
      4.1,
      0.0,
      3.1,
      5.8,
      0.2,
      0.75,
      4.5,
      4.8,
      6.0,
      2.9,
      0.9,
      2.8,
      5.7,
      2.8,
      0.95,
      5.0,
      4.1,
      3.3,
      0.061,
      6.8,
      1.9,
      3.5,
      3.4,
      11.1,
      1.6,
      2.7,
      5.6,
      2.9,
      4.7,
      6.2,
      2.7,
      4.7,
      3.0,
      11.7,
      5.5,
      3.6,
      6.0,
      3.3,
      10.5,
      1.0,
      6.1,
      5.0,
      5.7,
      0.7
    ],
    [
      4.1,
      1.5,
      2.2,
      1.7,
      7.0,
      1.9,
      4.6,
      6.8,
      2.9,
      1.3,
      3.3,
      1.1,
      3.1,
      0.0,
      1.2,
      3.2,
      3.1,
      6.7,
      3.1,
      1.4,
      1.7,
      4.0,
      1.5,
      2.4,
      1.5,
      3.9,
      3.4,
      3.3,
      1.3,
      3.3,
      9.0,
      3.4,
      2.6,
      2.6,
      8.8,
      3.3,
      1.4,
      2.3,
      2.0,
      3.0,
      7.1,
      0.45,
      3.2,
      3.0,
      8.6,
      2.2,
      1.7,
      2.7,
      1.5,
      7.5,
      3.9,
      1.3,
      3.5,
      2.4,
      3.7
    ],
    [
      6.8,
      0.95,
      1.0,
      1.2,
      11.0,
      0.9,
      7.3,
      8.4,
      3.8,
      0.9,
      2.2,
      1.2,
      5.8,
      1.2,
      0.0,
      3.8,
      3.8,
      7.9,
      3.8,
      0.4,
      1.9,
      4.7,
      1.2,
      0.8,
      1.8,
      5.3,
      4.1,
      3.1,
      0.9,
      4.0,
      10.2,
      4.1,
      2.5,
      2.4,
      8.7,
      4.7,
      1.7,
      4.6,
      2.2,
      3.7,
      8.1,
      1.4,
      3.7,
      3.3,
      9.6,
      0.8,
      1.1,
      1.1,
      0.9,
      8.4,
      4.6,
      0.013,
      4.0,
      0.75,
      4.3
    ],
    [
      0.45,
      3.2,
      5.1,
      3.4,
      4.9,
      4.5,
      3.4,
      6.3,
      3.8,
      3.1,
      5.2,
      3.9,
      0.2,
      3.2,
      3.8,
      0.0,
      0.8,
      4.4,
      4.7,
      5.8,
      2.8,
      0.7,
      2.6,
      5.6,
      2.7,
      0.8,
      4.9,
      4.0,
      3.2,
      0.19,
      6.6,
      1.8,
      3.3,
      3.3,
      10.9,
      1.5,
      2.6,
      5.5,
      2.7,
      4.6,
      6.1,
      2.5,
      4.6,
      2.9,
      11.6,
      5.3,
      3.5,
      5.9,
      3.1,
      10.4,
      0.8,
      5.9,
      4.8,
      5.6,
      0.5
    ],
    [
      1.3,
      3.2,
      5.0,
      3.4,
      5.2,
      4.5,
      3.4,
      6.5,
      3.8,
      3.0,
      5.1,
      3.9,
      0.75,
      3.1,
      3.8,
      0.8,
      0.0,
      4.7,
      4.7,
      5.8,
      2.8,
      0.4,
      2.6,
      5.6,
      2.7,
      1.3,
      4.9,
      4.0,
      3.1,
      1.0,
      7.0,
      0.85,
      3.3,
      3.3,
      11.2,
      2.0,
      2.5,
      5.4,
      2.7,
      4.5,
      6.1,
      2.5,
      4.6,
      2.9,
      11.6,
      5.3,
      3.5,
      5.9,
      3.1,
      10.4,
      0.55,
      5.9,
      4.8,
      5.6,
      1.2
    ],
    [
      5.0,
      7.2,
      8.5,
      7.5,
      0.9,
      8.6,
      5.1,
      6.1,
      7.8,
      7.1,
      9.2,
      8.0,
      4.5,
      6.7,
      7.9,
      4.4,
      4.7,
      0.0,
      8.4,
      10.9,
      6.5,
      4.8,
      6.3,
      9.3,
      6.4,
      4.6,
      8.6,
      7.7,
      6.8,
      4.7,
      3.7,
      4.9,
      7.0,
      7.0,
      14.6,
      4.0,
      6.2,
      9.1,
      5.9,
      8.2,
      7.0,
      6.3,
      8.3,
      6.1,
      13.0,
      9.0,
      7.2,
      9.6,
      6.8,
      11.8,
      4.7,
      11.0,
      8.5,
      9.3,
      4.1
    ],
    [
      5.8,
      3.21868,
      1.1265379999999998,
      3.379614,
      8.7,
      0.9656039999999999,
      6.1,
      8.9,
      2.41401,
      3.057746,
      1.1265379999999998,
      2.735878,
      4.8,
      3.1,
      3.8,
      4.7,
      4.7,
      8.4,
      0.0,
      1.7702740000000001,
      2.2530759999999996,
      5.8,
      3.5,
      1.2874720000000002,
      2.4,
      6.4,
      0.48280199999999995,
      0.9656039999999999,
      2.735878,
      5.1,
      11.8,
      5.2,
      1.60934,
      1.60934,
      8.85137,
      5.8,
      3.4,
      1.2874720000000002,
      3.9,
      0.381,
      10.1,
      4.0,
      0.48280199999999995,
      3.8,
      11.26538,
      1.1265379999999998,
      3.21868,
      1.60934,
      4.02335,
      10.138842,
      6.2,
      1.9,
      0.80467,
      1.2874720000000002,
      6.0
    ],
    [
      7.0,
      0.48280199999999995,
      0.80467,
      0.80467,
      11.2,
      0.80467,
      7.5,
      8.6,
      3.7014819999999995,
      0.6437360000000001,
      0.9656039999999999,
      1.1265379999999998,
      6.0,
      1.4,
      0.4,
      5.8,
      5.8,
      10.9,
      1.7702740000000001,
      0.0,
      1.1265379999999998,
      4.9,
      1.0,
      0.48280199999999995,
      2.0,
      5.5,
      4.184284,
      3.379614,
      0.6437360000000001,
      4.2,
      10.4,
      4.3,
      2.735878,
      2.5749440000000003,
      8.85137,
      4.9,
      1.1,
      0.6437360000000001,
      2.4,
      3.8624159999999996,
      8.7,
      1.2,
      3.8624159999999996,
      3.5,
      9.816974,
      0.6437360000000001,
      0.6437360000000001,
      1.1265379999999998,
      0.6437360000000001,
      8.690436,
      4.8,
      0.4,
      4.184284,
      0.32186800000000004,
      4.5
    ],
    [
      4.0,
      0.6437360000000001,
      3.21868,
      0.48280199999999995,
      6.8,
      3.057746,
      4.8,
      7.1,
      0.80467,
      0.48280199999999995,
      2.5749440000000003,
      2.092142,
      2.9,
      1.7,
      1.9,
      2.8,
      2.8,
      6.5,
      2.2530759999999996,
      1.1265379999999998,
      0.0,
      3.5,
      0.5,
      0.9656039999999999,
      0.13,
      4.1,
      2.092142,
      1.2874720000000002,
      0.48280199999999995,
      2.9,
      9.0,
      2.9,
      0.6437360000000001,
      0.48280199999999995,
      7.0810960000000005,
      3.5,
      1.2,
      1.1265379999999998,
      0.75,
      1.7702740000000001,
      7.3,
      1.2,
      1.7702740000000001,
      1.6,
      10.138842,
      2.5749440000000003,
      0.6437360000000001,
      3.057746,
      0.6437360000000001,
      9.012303999999999,
      3.4,
      4.2,
      0.9656039999999999,
      0.9656039999999999,
      3.2
    ],
    [
      1.2,
      4.1,
      5.9,
      4.3,
      5.2,
      5.4,
      2.4,
      7.2,
      4.7,
      3.9,
      6.0,
      4.8,
      0.9,
      4.0,
      4.7,
      0.7,
      0.4,
      4.8,
      5.8,
      4.9,
      3.5,
      0.0,
      2.9,
      5.8,
      2.9,
      3.8,
      5.1,
      4.2,
      3.4,
      0.9,
      8.2,
      0.6,
      3.6,
      3.5,
      10.5,
      3.2,
      2.8,
      5.7,
      2.1,
      4.8,
      6.9,
      3.1,
      4.8,
      2.3,
      12.4,
      5.6,
      3.7,
      6.1,
      3.4,
      11.3,
      0.29,
      6.5,
      5.1,
      5.8,
      1.1
    ],
    [
      3.8,
      0.6,
      3.0,
      0.85,
      6.7,
      2.5,
      4.0,
      6.9,
      2.3,
      0.5,
      3.7,
      1.9,
      2.8,
      1.5,
      1.2,
      2.6,
      2.6,
      6.3,
      3.5,
      1.0,
      0.5,
      2.9,
      0.0,
      1.0,
      0.35,
      5.0,
      2.6,
      1.7,
      0.5,
      3.7,
      9.8,
      3.8,
      1.1,
      1.0,
      7.6,
      4.4,
      0.096,
      1.2,
      0.6,
      2.3,
      8.1,
      1.6,
      2.3,
      1.9,
      10.4,
      3.1,
      0.85,
      3.6,
      0.5,
      9.2,
      4.3,
      1.2,
      2.6,
      1.0,
      4.0
    ],
    [
      6.7,
      0.48280199999999995,
      0.6437360000000001,
      0.48280199999999995,
      9.6,
      0.80467,
      7.0,
      9.5,
      3.379614,
      0.48280199999999995,
      0.6437360000000001,
      1.448406,
      5.7,
      2.4,
      0.8,
      5.6,
      5.6,
      9.3,
      1.2874720000000002,
      0.48280199999999995,
      0.9656039999999999,
      5.8,
      1.0,
      0.0,
      0.85,
      5.6,
      4.345218,
      3.5405480000000003,
      0.48280199999999995,
      4.4,
      10.5,
      4.4,
      0.80467,
      0.6437360000000001,
      9.012303999999999,
      5.0,
      1.1,
      0.48280199999999995,
      2.6,
      4.02335,
      8.8,
      2.7,
      4.02335,
      3.6,
      9.977908000000001,
      0.6437360000000001,
      0.32186800000000004,
      1.1265379999999998,
      0.6437360000000001,
      8.690436,
      4.9,
      0.8,
      0.80467,
      0.236,
      4.7
    ],
    [
      3.8,
      0.6,
      3.2,
      0.55,
      6.7,
      3.1,
      4.9,
      6.9,
      0.9,
      0.35,
      2.6,
      1.9,
      2.8,
      1.5,
      1.8,
      2.7,
      2.7,
      6.4,
      2.4,
      2.0,
      0.13,
      2.9,
      0.35,
      0.85,
      0.0,
      4.0,
      2.2,
      1.3,
      0.35,
      2.7,
      8.9,
      2.8,
      0.65,
      0.65,
      7.2,
      3.4,
      0.28,
      2.8,
      0.95,
      1.9,
      7.2,
      1.1,
      1.9,
      1.5,
      10.0,
      2.7,
      0.75,
      3.2,
      0.6,
      8.8,
      3.3,
      4.1,
      2.2,
      0.9,
      3.0
    ],
    [
      1.2,
      4.6,
      7.5,
      4.9,
      4.9,
      6.0,
      4.9,
      5.8,
      5.2,
      4.5,
      6.6,
      5.4,
      0.95,
      3.9,
      5.3,
      0.8,
      1.3,
      4.6,
      6.4,
      5.5,
      4.1,
      3.8,
      5.0,
      5.6,
      4.0,
      0.0,
      5.7,
      4.8,
      4.0,
      0.9,
      6.7,
      3.3,
      4.1,
      4.1,
      13.2,
      1.1,
      3.4,
      6.3,
      3.4,
      5.4,
      5.1,
      3.4,
      5.4,
      4.4,
      10.6,
      6.2,
      4.3,
      6.7,
      4.0,
      9.4,
      3.9,
      6.8,
      5.6,
      6.4,
      2.2
    ],
    [
      6.1,
      3.379614,
      1.60934,
      3.7014819999999995,
      8.9,
      1.2874720000000002,
      6.4,
      9.2,
      2.5749440000000003,
      3.379614,
      0.9656039999999999,
      2.896812,
      5.0,
      3.4,
      4.1,
      4.9,
      4.9,
      8.6,
      0.48280199999999995,
      4.184284,
      2.092142,
      5.1,
      2.6,
      4.345218,
      2.2,
      5.7,
      0.0,
      1.1265379999999998,
      3.057746,
      5.9,
      12.0,
      6.0,
      1.9312079999999998,
      1.7702740000000001,
      9.173238,
      6.6,
      3.6,
      1.448406,
      4.1,
      0.48280199999999995,
      10.3,
      4.3,
      0.9656039999999999,
      4.3,
      11.426314,
      1.2874720000000002,
      3.379614,
      1.7702740000000001,
      4.345218,
      10.299776000000001,
      6.5,
      2.1,
      0.9656039999999999,
      1.60934,
      6.2
    ],
    [
      5.2,
      2.41401,
      1.7702740000000001,
      2.735878,
      8.0,
      1.60934,
      5.3,
      8.3,
      0.9656039999999999,
      2.41401,
      0.9656039999999999,
      3.21868,
      4.1,
      3.3,
      3.1,
      4.0,
      4.0,
      7.7,
      0.9656039999999999,
      3.379614,
      1.2874720000000002,
      4.2,
      1.7,
      3.5405480000000003,
      1.3,
      4.8,
      1.1265379999999998,
      0.0,
      2.41401,
      4.4,
      10.6,
      4.5,
      0.6437360000000001,
      0.80467,
      8.368568,
      5.1,
      2.7,
      1.7702740000000001,
      2.6,
      0.80467,
      8.9,
      3.4,
      0.6437360000000001,
      3.1,
      11.587248,
      1.60934,
      2.735878,
      2.092142,
      3.379614,
      10.46071,
      5.0,
      2.4,
      0.80467,
      1.7702740000000001,
      4.8
    ],
    [
      4.3,
      0.16093400000000002,
      0.80467,
      0.32186800000000004,
      7.2,
      1.7702740000000001,
      5.6,
      7.4,
      1.9312079999999998,
      NaN,
      0.80467,
      1.2874720000000002,
      3.3,
      1.3,
      0.9,
      3.2,
      3.1,
      6.8,
      2.735878,
      0.6437360000000001,
      0.48280199999999995,
      3.4,
      0.5,
      0.48280199999999995,
      0.35,
      4.0,
      3.057746,
      2.41401,
      0.0,
      3.3,
      9.4,
      3.3,
      0.9656039999999999,
      0.80467,
      7.885766,
      3.9,
      0.6,
      0.6437360000000001,
      1.5,
      2.896812,
      7.7,
      1.4,
      2.896812,
      2.5,
      9.65604,
      0.80467,
      0.32186800000000004,
      1.2874720000000002,
      0.16093400000000002,
      8.529501999999999,
      3.8,
      0.9,
      0.9656039999999999,
      4.02335,
      3.6
    ],
    [
      0.35,
      3.4,
      5.3,
      3.6,
      5.0,
      4.7,
      3.6,
      6.5,
      4.0,
      3.3,
      5.3,
      4.1,
      0.061,
      3.3,
      4.0,
      0.19,
      1.0,
      4.7,
      5.1,
      4.2,
      2.9,
      0.9,
      3.7,
      4.4,
      2.7,
      0.9,
      5.9,
      4.4,
      3.3,
      0.0,
      6.8,
      2.0,
      3.5,
      3.4,
      11.1,
      1.6,
      2.7,
      5.6,
      2.9,
      4.7,
      6.0,
      2.7,
      4.7,
      3.1,
      11.7,
      5.5,
      3.7,
      6.0,
      3.3,
      10.6,
      1.0,
      6.1,
      5.0,
      5.7,
      0.7
    ],
    [
      7.3,
      9.5,
      11.5,
      9.8,
      4.0,
      11.2,
      7.3,
      5.2,
      10.1,
      9.4,
      12.4,
      10.2,
      6.8,
      9.0,
      10.2,
      6.6,
      7.0,
      3.7,
      11.8,
      10.4,
      9.0,
      8.2,
      9.8,
      10.5,
      8.9,
      6.7,
      12.0,
      10.6,
      9.4,
      6.8,
      0.0,
      7.0,
      9.1,
      9.0,
      16.7,
      6.1,
      8.3,
      11.2,
      8.0,
      10.3,
      7.8,
      8.3,
      10.3,
      8.2,
      13.5,
      11.1,
      9.3,
      11.6,
      8.9,
      12.3,
      6.8,
      11.5,
      10.6,
      11.3,
      6.2
    ],
    [
      3.0,
      3.4,
      6.0,
      3.7,
      5.2,
      4.8,
      1.0,
      7.2,
      4.0,
      3.3,
      5.4,
      4.2,
      1.9,
      3.4,
      4.1,
      1.8,
      0.85,
      4.9,
      5.2,
      4.3,
      2.9,
      0.6,
      3.8,
      4.4,
      2.8,
      3.3,
      6.0,
      4.5,
      3.3,
      2.0,
      7.0,
      0.0,
      3.1,
      3.1,
      11.8,
      2.1,
      2.3,
      5.2,
      2.3,
      4.3,
      5.9,
      2.3,
      4.3,
      4.0,
      11.4,
      5.1,
      3.3,
      5.6,
      2.9,
      10.2,
      0.3,
      5.7,
      4.6,
      5.3,
      1.5
    ],
    [
      4.5,
      0.9656039999999999,
      0.80467,
      0.6437360000000001,
      7.4,
      2.2530759999999996,
      4.8,
      7.6,
      0.48280199999999995,
      1.7702740000000001,
      0.80467,
      2.5749440000000003,
      3.5,
      2.6,
      2.5,
      3.3,
      3.3,
      7.0,
      1.60934,
      2.735878,
      0.6437360000000001,
      3.6,
      1.1,
      0.80467,
      0.65,
      4.1,
      1.9312079999999998,
      0.6437360000000001,
      0.9656039999999999,
      3.5,
      9.1,
      3.1,
      0.0,
      0.338,
      8.529501999999999,
      5.2,
      2.8,
      0.9656039999999999,
      2.7,
      1.2874720000000002,
      9.0,
      3.5,
      0.80467,
      3.2,
      11.748182,
      2.092142,
      0.6437360000000001,
      2.5749440000000003,
      3.5405480000000003,
      10.621644,
      5.1,
      2.8,
      0.48280199999999995,
      0.80467,
      4.8
    ],
    [
      4.5,
      1.7702740000000001,
      0.80467,
      0.48280199999999995,
      7.3,
      2.2530759999999996,
      4.7,
      7.6,
      0.48280199999999995,
      0.80467,
      0.6437360000000001,
      2.5749440000000003,
      3.4,
      2.6,
      2.4,
      3.3,
      3.3,
      7.0,
      1.60934,
      2.5749440000000003,
      0.48280199999999995,
      3.5,
      1.0,
      0.6437360000000001,
      0.65,
      4.1,
      1.7702740000000001,
      0.80467,
      0.80467,
      3.4,
      9.0,
      3.1,
      0.338,
      0.0,
      8.529501999999999,
      5.2,
      0.95,
      0.80467,
      2.8,
      1.2874720000000002,
      9.0,
      3.5,
      0.6437360000000001,
      3.2,
      11.748182,
      2.092142,
      0.48280199999999995,
      2.5749440000000003,
      0.9656039999999999,
      10.621644,
      5.1,
      2.8,
      0.48280199999999995,
      0.80467,
      4.9
    ],
    [
      10.8,
      8.0467,
      9.334171999999999,
      8.207633999999999,
      14.2,
      9.173238,
      10.8,
      15.5,
      6.759228,
      7.885766,
      9.65604,
      8.690436,
      11.1,
      8.8,
      8.7,
      10.9,
      11.2,
      14.6,
      8.85137,
      8.85137,
      7.0810960000000005,
      10.5,
      7.6,
      9.012303999999999,
      7.2,
      13.2,
      9.173238,
      8.368568,
      7.885766,
      11.1,
      16.7,
      11.8,
      8.529501999999999,
      8.529501999999999,
      0.0,
      11.9,
      8.9,
      8.690436,
      8.9,
      7.724831999999999,
      15.1,
      9.6,
      7.724831999999999,
      8.2,
      17.863674,
      8.529501999999999,
      9.012303999999999,
      9.012303999999999,
      9.65604,
      16.737136,
      10.5,
      12.0,
      8.0467,
      8.85137,
      10.5
    ],
    [
      1.7,
      4.1,
      6.9,
      4.3,
      4.3,
      5.4,
      4.3,
      5.2,
      4.7,
      3.9,
      6.0,
      4.8,
      1.6,
      3.3,
      4.7,
      1.5,
      2.0,
      4.0,
      5.8,
      4.9,
      3.5,
      3.2,
      4.4,
      5.0,
      3.4,
      1.1,
      6.6,
      5.1,
      3.9,
      1.6,
      6.1,
      2.1,
      5.2,
      5.2,
      11.9,
      0.0,
      2.7,
      5.6,
      2.7,
      4.7,
      4.7,
      2.8,
      4.7,
      4.3,
      9.9,
      5.5,
      3.7,
      6.0,
      3.3,
      8.8,
      3.1,
      6.2,
      5.0,
      5.7,
      1.5
    ],
    [
      3.7,
      0.7,
      2.9,
      0.8,
      6.6,
      2.4,
      3.9,
      6.8,
      2.2,
      0.6,
      3.6,
      1.8,
      2.7,
      1.4,
      1.7,
      2.6,
      2.5,
      6.2,
      3.4,
      1.1,
      1.2,
      2.8,
      0.096,
      1.1,
      0.28,
      3.4,
      3.6,
      2.7,
      0.6,
      2.7,
      8.3,
      2.3,
      2.8,
      0.95,
      8.9,
      2.7,
      0.0,
      3.1,
      0.55,
      2.2,
      8.0,
      2.0,
      2.2,
      1.8,
      10.3,
      3.0,
      0.95,
      3.5,
      0.6,
      9.1,
      4.2,
      4.3,
      2.5,
      1.1,
      3.9
    ],
    [
      6.6,
      0.6437360000000001,
      0.48280199999999995,
      0.6437360000000001,
      9.5,
      0.48280199999999995,
      6.9,
      9.4,
      3.21868,
      0.6437360000000001,
      0.48280199999999995,
      1.60934,
      5.6,
      2.3,
      4.6,
      5.5,
      5.4,
      9.1,
      1.2874720000000002,
      0.6437360000000001,
      1.1265379999999998,
      5.7,
      1.2,
      0.48280199999999995,
      2.8,
      6.3,
      1.448406,
      1.7702740000000001,
      0.6437360000000001,
      5.6,
      11.2,
      5.2,
      0.9656039999999999,
      0.80467,
      8.690436,
      5.6,
      3.1,
      0.0,
      2.7,
      4.184284,
      8.5,
      2.8,
      0.9656039999999999,
      3.7,
      9.977908000000001,
      0.32186800000000004,
      0.48280199999999995,
      0.80467,
      0.80467,
      8.85137,
      5.0,
      0.9,
      0.80467,
      0.48280199999999995,
      4.8
    ],
    [
      3.9,
      1.6,
      3.5,
      1.8,
      6.3,
      2.9,
      3.2,
      6.8,
      2.2,
      1.0,
      3.6,
      2.3,
      2.9,
      2.0,
      2.2,
      2.7,
      2.7,
      5.9,
      3.9,
      2.4,
      0.75,
      2.1,
      0.6,
      2.6,
      0.95,
      3.4,
      4.1,
      2.6,
      1.5,
      2.9,
      8.0,
      2.3,
      2.7,
      2.8,
      8.9,
      2.7,
      0.55,
      2.7,
      0.0,
      2.5,
      7.5,
      1.5,
      2.5,
      0.95,
      10.6,
      3.3,
      1.7,
      3.8,
      1.0,
      9.4,
      3.7,
      4.7,
      2.8,
      3.5,
      3.4
    ],
    [
      5.7,
      3.057746,
      1.1265379999999998,
      3.21868,
      8.6,
      0.9656039999999999,
      6.0,
      8.8,
      2.2530759999999996,
      2.896812,
      0.9656039999999999,
      2.5749440000000003,
      4.7,
      3.0,
      3.7,
      4.6,
      4.5,
      8.2,
      0.381,
      3.8624159999999996,
      1.7702740000000001,
      4.8,
      2.3,
      4.02335,
      1.9,
      5.4,
      0.48280199999999995,
      0.80467,
      2.896812,
      4.7,
      10.3,
      4.3,
      1.2874720000000002,
      1.2874720000000002,
      7.724831999999999,
      4.7,
      2.2,
      4.184284,
      2.5,
      0.0,
      9.6,
      4.0,
      0.32186800000000004,
      3.6,
      11.104446000000001,
      0.9656039999999999,
      3.057746,
      1.448406,
      4.02335,
      9.977908000000001,
      5.6,
      1.7,
      0.6437360000000001,
      1.1265379999999998,
      5.3
    ],
    [
      6.0,
      7.8,
      9.0,
      8.1,
      6.5,
      8.7,
      7.6,
      2.3,
      8.4,
      7.7,
      10.1,
      7.9,
      6.2,
      7.1,
      8.1,
      6.1,
      6.1,
      7.0,
      10.1,
      8.7,
      7.3,
      6.9,
      8.1,
      8.8,
      7.2,
      5.1,
      10.3,
      8.9,
      7.7,
      6.0,
      7.8,
      5.9,
      9.0,
      9.0,
      15.1,
      4.7,
      8.0,
      8.5,
      7.5,
      9.6,
      0.0,
      6.6,
      9.2,
      8.1,
      8.7,
      9.0,
      8.1,
      9.5,
      7.7,
      7.5,
      6.7,
      8.3,
      9.4,
      9.2,
      6.7
    ],
    [
      3.7,
      1.8,
      4.1,
      2.0,
      6.6,
      3.1,
      4.2,
      6.9,
      2.9,
      1.4,
      4.3,
      2.5,
      2.7,
      0.45,
      1.4,
      2.5,
      2.5,
      6.3,
      4.0,
      1.2,
      1.2,
      3.1,
      1.6,
      2.7,
      1.1,
      3.4,
      4.3,
      3.4,
      1.4,
      2.7,
      8.3,
      2.3,
      3.5,
      3.5,
      9.6,
      2.8,
      2.0,
      2.8,
      1.5,
      4.0,
      6.6,
      0.0,
      3.0,
      2.6,
      9.0,
      3.8,
      1.9,
      4.3,
      1.3,
      7.8,
      3.5,
      3.4,
      3.3,
      4.0,
      3.2
    ],
    [
      5.7,
      3.057746,
      0.6437360000000001,
      0.9656039999999999,
      8.6,
      0.9656039999999999,
      6.0,
      8.8,
      1.2874720000000002,
      2.896812,
      0.6437360000000001,
      2.735878,
      4.7,
      3.2,
      3.7,
      4.6,
      4.6,
      8.3,
      0.48280199999999995,
      3.8624159999999996,
      1.7702740000000001,
      4.8,
      2.3,
      4.02335,
      1.9,
      5.4,
      0.9656039999999999,
      0.6437360000000001,
      2.896812,
      4.7,
      10.3,
      4.3,
      0.80467,
      0.6437360000000001,
      7.724831999999999,
      4.7,
      2.2,
      0.9656039999999999,
      2.5,
      0.32186800000000004,
      9.2,
      3.0,
      0.0,
      4.0,
      11.26538,
      0.9656039999999999,
      0.80467,
      1.60934,
      4.02335,
      10.138842,
      5.6,
      1.9,
      0.32186800000000004,
      1.2874720000000002,
      5.3
    ],
    [
      4.1,
      2.7,
      4.6,
      2.9,
      6.4,
      4.4,
      0.4,
      8.4,
      2.8,
      2.5,
      4.0,
      3.4,
      3.0,
      3.0,
      3.3,
      2.9,
      2.9,
      6.1,
      3.8,
      3.5,
      1.6,
      2.3,
      1.9,
      3.6,
      1.5,
      4.4,
      4.3,
      3.1,
      2.5,
      3.1,
      8.2,
      4.0,
      3.2,
      3.2,
      8.2,
      4.3,
      1.8,
      3.7,
      0.95,
      3.6,
      8.1,
      2.6,
      4.0,
      0.0,
      11.8,
      3.7,
      2.9,
      4.2,
      3.5,
      10.6,
      2.1,
      5.9,
      3.2,
      3.9,
      3.4
    ],
    [
      11.5,
      9.816974,
      10.621644,
      9.977908000000001,
      12.6,
      10.299776000000001,
      13.5,
      9.0,
      11.26538,
      9.65604,
      11.587248,
      9.495106,
      11.7,
      8.6,
      9.6,
      11.6,
      11.6,
      13.0,
      11.26538,
      9.816974,
      10.138842,
      12.4,
      10.4,
      9.977908000000001,
      10.0,
      10.6,
      11.426314,
      11.587248,
      9.65604,
      11.7,
      13.5,
      11.4,
      11.748182,
      11.748182,
      17.863674,
      9.9,
      10.3,
      9.977908000000001,
      10.6,
      11.104446000000001,
      8.7,
      9.0,
      11.26538,
      11.8,
      0.0,
      10.621644,
      10.138842,
      11.104446000000001,
      10.138842,
      2.2530759999999996,
      13.6,
      9.9,
      16.415267999999998,
      10.782578,
      13.6
    ],
    [
      6.5,
      0.9656039999999999,
      0.16093400000000002,
      0.9656039999999999,
      9.4,
      0.32186800000000004,
      6.8,
      9.3,
      3.057746,
      0.80467,
      0.32186800000000004,
      1.7702740000000001,
      5.5,
      2.2,
      0.8,
      5.3,
      5.3,
      9.0,
      1.1265379999999998,
      0.6437360000000001,
      2.5749440000000003,
      5.6,
      3.1,
      0.6437360000000001,
      2.7,
      6.2,
      1.2874720000000002,
      1.60934,
      0.80467,
      5.5,
      11.1,
      5.1,
      2.092142,
      2.092142,
      8.529501999999999,
      5.5,
      3.0,
      0.32186800000000004,
      3.3,
      0.9656039999999999,
      9.0,
      3.8,
      0.9656039999999999,
      3.7,
      10.621644,
      0.0,
      0.80467,
      0.6437360000000001,
      1.1265379999999998,
      9.012303999999999,
      5.1,
      0.8,
      0.6437360000000001,
      0.6437360000000001,
      4.9
    ],
    [
      4.7,
      0.48280199999999995,
      0.80467,
      0.16093400000000002,
      7.5,
      0.9656039999999999,
      6.0,
      7.8,
      0.9656039999999999,
      0.32186800000000004,
      3.7014819999999995,
      1.60934,
      3.6,
      1.7,
      1.1,
      3.5,
      3.5,
      7.2,
      3.21868,
      0.6437360000000001,
      0.6437360000000001,
      3.7,
      0.85,
      0.32186800000000004,
      0.75,
      4.3,
      3.379614,
      2.735878,
      0.32186800000000004,
      3.7,
      9.3,
      3.3,
      0.6437360000000001,
      0.48280199999999995,
      9.012303999999999,
      3.7,
      0.95,
      0.48280199999999995,
      1.7,
      3.057746,
      8.1,
      1.9,
      0.80467,
      2.9,
      10.138842,
      0.80467,
      0.0,
      1.1265379999999998,
      0.6437360000000001,
      8.85137,
      4.2,
      1.1,
      0.6437360000000001,
      0.32186800000000004,
      3.9
    ],
    [
      7.0,
      1.448406,
      0.80467,
      5.310822,
      9.9,
      0.6437360000000001,
      7.3,
      9.8,
      3.7014819999999995,
      1.2874720000000002,
      1.9312079999999998,
      1.9312079999999998,
      6.0,
      2.7,
      1.1,
      5.9,
      5.9,
      9.6,
      1.60934,
      1.1265379999999998,
      3.057746,
      6.1,
      3.6,
      1.1265379999999998,
      3.2,
      6.7,
      1.7702740000000001,
      2.092142,
      1.2874720000000002,
      6.0,
      11.6,
      5.6,
      2.5749440000000003,
      2.5749440000000003,
      9.012303999999999,
      6.0,
      3.5,
      0.80467,
      3.8,
      1.448406,
      9.5,
      4.3,
      1.60934,
      4.2,
      11.104446000000001,
      0.6437360000000001,
      1.1265379999999998,
      0.0,
      1.60934,
      9.495106,
      6.0,
      1.1,
      2.41401,
      1.1265379999999998,
      5.7
    ],
    [
      4.3,
      0.32186800000000004,
      1.1265379999999998,
      0.48280199999999995,
      7.2,
      3.057746,
      4.5,
      7.4,
      2.896812,
      0.16093400000000002,
      4.345218,
      1.1265379999999998,
      3.3,
      1.5,
      0.9,
      3.1,
      3.1,
      6.8,
      4.02335,
      0.6437360000000001,
      0.6437360000000001,
      3.4,
      0.5,
      0.6437360000000001,
      0.6,
      4.0,
      4.345218,
      3.379614,
      0.16093400000000002,
      3.3,
      8.9,
      2.9,
      3.5405480000000003,
      0.9656039999999999,
      9.65604,
      3.3,
      0.6,
      0.80467,
      1.0,
      4.02335,
      7.7,
      1.3,
      4.02335,
      3.5,
      10.138842,
      1.1265379999999998,
      0.6437360000000001,
      1.60934,
      0.0,
      8.85137,
      3.7,
      0.9,
      3.057746,
      0.6437360000000001,
      3.6
    ],
    [
      10.3,
      8.690436,
      9.495106,
      8.85137,
      11.4,
      9.173238,
      12.3,
      7.8,
      9.977908000000001,
      8.529501999999999,
      10.46071,
      8.207633999999999,
      10.5,
      7.5,
      8.4,
      10.4,
      10.4,
      11.8,
      10.138842,
      8.690436,
      9.012303999999999,
      11.3,
      9.2,
      8.690436,
      8.8,
      9.4,
      10.299776000000001,
      10.46071,
      8.529501999999999,
      10.6,
      12.3,
      10.2,
      10.621644,
      10.621644,
      16.737136,
      8.8,
      9.1,
      8.85137,
      9.4,
      9.977908000000001,
      7.5,
      7.8,
      10.138842,
      10.6,
      2.2530759999999996,
      9.012303999999999,
      8.85137,
      9.495106,
      8.85137,
      0.0,
      11.4,
      7.8,
      14.162192000000001,
      8.690436,
      11.5
    ],
    [
      2.9,
      3.9,
      5.8,
      4.2,
      5.1,
      5.3,
      2.3,
      7.1,
      4.5,
      3.8,
      5.9,
      4.7,
      1.0,
      3.9,
      4.6,
      0.8,
      0.55,
      4.7,
      6.2,
      4.8,
      3.4,
      0.29,
      4.3,
      4.9,
      3.3,
      3.9,
      6.5,
      5.0,
      3.8,
      1.0,
      6.8,
      0.3,
      5.1,
      5.1,
      10.5,
      3.1,
      4.2,
      5.0,
      3.7,
      5.6,
      6.7,
      3.5,
      5.6,
      2.1,
      13.6,
      5.1,
      4.2,
      6.0,
      3.7,
      11.4,
      0.0,
      6.5,
      5.4,
      6.2,
      1.2
    ],
    [
      7.1,
      1.0,
      1.0,
      1.2,
      11.3,
      0.9,
      7.6,
      8.7,
      4.0,
      0.9,
      2.2,
      1.2,
      6.1,
      1.3,
      0.013,
      5.9,
      5.9,
      11.0,
      1.9,
      0.4,
      4.2,
      6.5,
      1.2,
      0.8,
      4.1,
      6.8,
      2.1,
      2.4,
      0.9,
      6.1,
      11.5,
      5.7,
      2.8,
      2.8,
