{
  "drive_dist_matrix": [
    [
      0.0,
      15.0,
      3.0,
      1.9,
      26.3,
      10.7,
      3.4,
      2.5,
      22.7,
      3.0,
      2.6,
      2.7,
      14.8,
      3.5,
      2.6,
      21.6,
      6.2,
      9.9,
      17.4,
      12.4
    ],
    [
      15.0,
      0.0,
      11.8,
      11.0,
      8.0,
      5.9,
      15.7,
      11.5,
      32.4,
      10.9,
      10.1,
      10.3,
      0.26,
      9.3,
      10.6,
      8.4,
      17.0,
      19.6,
      11.8,
      4.6
    ],
    [
      3.0,
      11.8,
      0.0,
      4.0,
      16.4,
      9.4,
      5.7,
      0.75,
      24.3,
      4.3,
      1.8,
      1.7,
      11.8,
      4.4,
      3.9,
      16.8,
      8.0,
      11.5,
      19.3,
      10.0
    ],
    [
      1.9,
      11.0,
      4.0,
      0.0,
      23.7,
      5.9,
      3.4,
      3.3,
      20.1,
      2.4,
      2.3,
      2.4,
      12.2,
      2.1,
      1.6,
      19.0,
      4.8,
      5.9,
      14.8,
      9.8
    ],
    [
      26.3,
      8.0,
      16.4,
      23.7,
      0.0,
      15.4,
      27.0,
      22.8,
      33.8,
      22.2,
      21.4,
      21.6,
      8.6,
      20.6,
      21.8,
      1.0,
      28.3,
      29.0,
      14.4,
      11.1
    ],
    [
      10.7,
      5.9,
      9.4,
      5.9,
      15.4,
      0.0,
      8.3,
      8.4,
      23.0,
      5.0,
      7.0,
      7.2,
      6.4,
      4.3,
      5.6,
      16.0,
      9.1,
      9.4,
      9.7,
      1.2
    ],
    [
      3.4,
      15.7,
      5.7,
      3.4,
      27.0,
      8.3,
      0.0,
      5.6,
      14.3,
      5.9,
      5.4,
      5.5,
      14.5,
      5.6,
      5.0,
      21.3,
      3.4,
      5.4,
      17.1,
      12.1
    ],
    [
      2.5,
      11.5,
      0.75,
      3.3,
      22.8,
      8.4,
      5.6,
      0.0,
      23.8,
      3.7,
      1.3,
      1.2,
      10.9,
      4.3,
      3.3,
      17.4,
      7.4,
      11.0,
      22.7,
      8.6
    ],
    [
      22.7,
      32.4,
      24.3,
      20.1,
      33.8,
      23.0,
      14.3,
      23.8,
      0.0,
      20.3,
      24.8,
      25.0,
      28.8,
      19.9,
      20.4,
      34.3,
      13.3,
      10.0,
      20.9,
      26.5
    ],
    [
      3.0,
      10.9,
      4.3,
      2.4,
      22.2,
      5.0,
      5.9,
      3.7,
      20.3,
      0.0,
      2.9,
      2.6,
      8.6,
      0.4,
      0.8,
      15.4,
      6.7,
      7.6,
      14.3,
      4.9
    ],
    [
      2.6,
      10.1,
      1.8,
      2.3,
      21.4,
      7.0,
      5.4,
      1.3,
      24.8,
      2.9,
      0.0,
      1.1,
      9.5,
      2.9,
      2.2,
      16.5,
      8.7,
      11.2,
      18.7,
      7.1
    ],
    [
      2.7,
      10.3,
      1.7,
      2.4,
      21.6,
      7.2,
      5.5,
      1.2,
      25.0,
      2.6,
      1.1,
      0.0,
      9.7,
      3.1,
      2.3,
      16.8,
      6.8,
      11.4,
      18.9,
      7.3
    ],
    [
      14.8,
      0.26,
      11.8,
      12.2,
      8.6,
      6.4,
      14.5,
      10.9,
      28.8,
      8.6,
      9.5,
      9.7,
      0.0,
      9.7,
      10.9,
      8.6,
      17.6,
      19.4,
      11.2,
      4.5
    ],
    [
      3.5,
      9.3,
      4.4,
      2.1,
      20.6,
      4.3,
      5.6,
      4.3,
      19.9,
      0.4,
      2.9,
      3.1,
      9.7,
      0.0,
      1.2,
      15.7,
      6.1,
      7.1,
      13.8,
      5.1
    ],
    [
      2.6,
      10.6,
      3.9,
      1.6,
      21.8,
      5.6,
      5.0,
      3.3,
      20.4,
      0.8,
      2.2,
      2.3,
      10.9,
      1.2,
      0.0,
      21.2,
      6.0,
      6.8,
      14.9,
      5.4
    ],
    [
      21.6,
      8.4,
      16.8,
      19.0,
      1.0,
      16.0,
      21.3,
      17.4,
      34.3,
      15.4,
      16.5,
      16.8,
      8.6,
      15.7,
      21.2,
      0.0,
      24.8,
      27.3,
      15.9,
      11.9
    ],
    [
      6.2,
      17.0,
      8.0,
      4.8,
      28.3,
      9.1,
      3.4,
      7.4,
      13.3,
      6.7,
      8.7,
      6.8,
      17.6,
      6.1,
      6.0,
      24.8,
      0.0,
      1.9,
      19.1,
      14.8
    ],
    [
      9.9,
      19.6,
      11.5,
      5.9,
      29.0,
      9.4,
      5.4,
      11.0,
      10.0,
      7.6,
      11.2,
      11.4,
      19.4,
      7.1,
      6.8,
      27.3,
      1.9,
      0.0,
      14.4,
      13.1
    ],
    [
      17.4,
      11.8,
      19.3,
      14.8,
      14.4,
      9.7,
      17.1,
      22.7,
      20.9,
      14.3,
      18.7,
      18.9,
      11.2,
      13.8,
      14.9,
      15.9,
      19.1,
      14.4,
      0.0,
      11.5
    ],
    [
      12.4,
      4.6,
      10.0,
      9.8,
      11.1,
      1.2,
      12.1,
      8.6,
      26.5,
      4.9,
      7.1,
      7.3,
      4.5,
      5.1,
      5.4,
      11.9,
      14.8,
      13.1,
      11.5,
      0.0
    ]
  ],
  "drive_time_matrix": [
    [
      0.0,
      18.0,
      7.0,
      6.0,
      25.0,
      15.0,
      9.0,
      6.0,
      23.0,
      8.0,
      7.0,
      8.0,
      18.0,
      10.0,
      7.0,
      26.0,
      14.0,
      14.0,
      21.0,
      16.0
    ],
    [
      18.0,
      0.0,
      19.0,
      18.0,
      13.0,
      14.0,
      22.0,
      18.0,
      33.0,
      17.0,
      16.0,
      16.0,
      3.0,
      16.0,
      17.0,
      14.0,
      24.0,
      23.0,
      20.0,
      11.0
    ],
    [
      7.0,
      19.0,
      0.0,
      10.0,
      27.0,
      19.0,
      15.0,
      10.0,
      28.0,
      11.0,
      5.0,
      6.0,
      22.0,
      12.0,
      11.0,
      27.0,
      18.0,
      17.0,
      25.0,
      18.0
    ],
    [
      6.0,
      18.0,
      10.0,
      0.0,
      24.0,
      14.0,
      9.0,
      9.0,
      22.0,
      6.0,
      7.0,
      8.0,
      16.0,
      6.0,
      5.0,
      25.0,
      11.0,
      13.0,
      19.0,
      14.0
    ],
    [
      25.0,
      13.0,
      27.0,
      24.0,
      0.0,
      20.0,
      31.0,
      27.0,
      32.0,
      26.0,
      25.0,
      25.0,
      16.0,
      25.0,
      26.0,
      12.0,
      34.0,
      33.0,
      16.0,
      21.0
    ],
    [
      15.0,
      14.0,
      19.0,
      14.0,
      20.0,
      0.0,
      20.0,
      16.0,
      31.0,
      12.0,
      14.0,
      15.0,
      14.0,
      10.0,
      12.0,
      20.0,
      19.0,
      19.0,
      16.0,
      17.0
    ],
    [
      9.0,
      22.0,
      15.0,
      9.0,
      31.0,
      20.0,
      0.0,
      12.0,
      24.0,
      14.0,
      14.0,
      15.0,
      21.0,
      14.0,
      13.0,
      30.0,
      8.0,
      11.0,
      24.0,
      19.0
    ],
    [
      6.0,
      18.0,
      10.0,
      9.0,
      27.0,
      16.0,
      12.0,
      0.0,
      27.0,
      10.0,
      5.0,
      5.0,
      20.0,
      12.0,
      9.0,
      28.0,
      16.0,
      16.0,
      24.0,
      18.0
    ],
    [
      23.0,
      33.0,
      28.0,
      22.0,
      32.0,
      31.0,
      24.0,
      27.0,
      0.0,
      23.0,
      25.0,
      26.0,
      30.0,
      22.0,
      24.0,
      31.0,
      19.0,
      18.0,
      20.0,
      27.0
    ],
    [
      8.0,
      17.0,
      11.0,
      6.0,
      26.0,
      12.0,
      14.0,
      10.0,
      23.0,
      0.0,
      8.0,
      7.0,
      14.0,
      5.0,
      10.0,
      21.0,
      16.0,
      17.0,
      22.0,
      10.0
    ],
    [
      7.0,
      16.0,
      5.0,
      7.0,
      25.0,
      14.0,
      14.0,
      5.0,
      25.0,
      8.0,
      0.0,
      5.0,
      18.0,
      8.0,
      7.0,
      27.0,
      16.0,
      15.0,
      22.0,
      16.0
    ],
    [
      8.0,
      16.0,
      6.0,
      8.0,
      25.0,
      15.0,
      15.0,
      5.0,
      26.0,
      7.0,
      5.0,
      0.0,
      19.0,
      10.0,
      8.0,
      28.0,
      18.0,
      16.0,
      23.0,
      17.0
    ],
    [
      18.0,
      3.0,
      22.0,
      16.0,
      16.0,
      14.0,
      21.0,
      20.0,
      30.0,
      14.0,
      18.0,
      19.0,
      0.0,
      18.0,
      18.0,
      15.0,
      26.0,
      27.0,
      19.0,
      13.0
    ],
    [
      10.0,
      16.0,
      12.0,
      6.0,
      25.0,
      10.0,
      14.0,
      12.0,
      22.0,
      5.0,
      8.0,
      10.0,
      18.0,
      0.0,
      5.0,
      22.0,
      14.0,
      13.0,
      20.0,
      11.0
    ],
    [
      7.0,
      17.0,
      11.0,
      5.0,
      26.0,
      12.0,
      13.0,
      9.0,
      24.0,
      10.0,
      7.0,
      8.0,
      18.0,
      5.0,
      0.0,
      24.0,
      15.0,
      17.0,
      24.0,
      11.0
    ],
    [
      26.0,
      14.0,
      27.0,
      25.0,
      12.0,
      20.0,
      30.0,
      28.0,
      31.0,
      21.0,
      27.0,
      28.0,
      15.0,
      22.0,
      24.0,
      0.0,
      35.0,
      34.0,
      19.0,
      21.0
    ],
    [
      14.0,
      24.0,
      18.0,
      11.0,
      34.0,
      19.0,
      8.0,
      16.0,
      19.0,
      16.0,
      16.0,
      18.0,
      26.0,
      14.0,
      15.0,
      35.0,
      0.0,
      4.0,
      23.0,
      19.0
    ],
    [
      14.0,
      23.0,
      17.0,
      13.0,
      33.0,
      19.0,
      11.0,
      16.0,
      18.0,
      17.0,
      15.0,
      16.0,
      27.0,
      13.0,
      17.0,
      34.0,
      4.0,
      0.0,
      20.0,
      16.0
    ],
    [
      21.0,
      20.0,
      25.0,
      19.0,
      16.0,
      16.0,
      24.0,
      24.0,
      20.0,
      22.0,
      22.0,
      23.0,
      19.0,
      20.0,
      24.0,
      19.0,
      23.0,
      20.0,
      0.0,
      21.0
    ],
    [
      16.0,
      11.0,
      18.0,
      14.0,
      21.0,
      17.0,
      19.0,
      18.0,
      27.0,
      10.0,
      16.0,
      17.0,
      13.0,
      11.0,
      11.0,
      21.0,
      19.0,
      16.0,
      21.0,
      0.0
    ]
  ],
  "transit_dist_walk_matrix": [
    [
      0.0,
      NaN,
      NaN,
      NaN,
      NaN,
      NaN,
      NaN,
      NaN,
      NaN,
      NaN,
      NaN,
      NaN,
      NaN,
      NaN,
      NaN,
      NaN,
      NaN,
      NaN,
      NaN,
      NaN
    ],
    [
      NaN,
      0.0,
      NaN,
      1.08329,
      3.74985,
      1.33328,
      1.99992,
      2.08325,
      1.8332600000000001,
      1.74993,
      1.33328,
      1.16662,
      NaN,
      1.2499500000000001,
      1.99992,
      4.24983,
      1.8332600000000001,
      1.33328,
      1.08329,
      2.16658
    ],
    [
      NaN,
      NaN,
      0.0,
      NaN,
      NaN,
      NaN,
      NaN,
      NaN,
      NaN,
      NaN,
      NaN,
      NaN,
      NaN,
      NaN,
      NaN,
      NaN,
      NaN,
      NaN,
      NaN,
      NaN
    ],
    [
      NaN,
      1.08329,
      NaN,
      0.0,
      1.33328,
      1.08329,
      NaN,
      NaN,
      NaN,
      NaN,
      NaN,
      NaN,
      0.99996,
      NaN,
      NaN,
      NaN,
      1.6666,
      NaN,
      NaN,
      1.49994
    ],
    [
      NaN,
      3.74985,
      NaN,
      1.33328,
      0.0,
      1.6666,
      1.8332600000000001,
      1.41661,
      2.08325,
      NaN,
      NaN,
      NaN,
      1.33328,
      NaN,
      NaN,
      NaN,
      NaN,
      1.74993,
      1.33328,
      1.2499500000000001
    ],
    [
      NaN,
      1.33328,
      NaN,
      1.08329,
      1.6666,
      0.0,
      1.91659,
      2.58323,
      1.74993,
      NaN,
      1.8332600000000001,
      1.6666,
      1.16662,
      NaN,
      1.91659,
      2.83322,
      1.74993,
      1.2499500000000001,
      NaN,
      NaN
    ],
    [
      NaN,
      1.99992,
      NaN,
      NaN,
      1.8332600000000001,
      1.91659,
      0.0,
      2.4999000000000002,
      NaN,
      NaN,
      NaN,
      1.33328,
      1.74993,
      1.8332600000000001,
      1.99992,
      2.24991,
      NaN,
      2.66656,
      NaN,
      2.33324
    ],
    [
      NaN,
      2.08325,
      NaN,
      NaN,
      1.41661,
      2.58323,
      2.4999000000000002,
      0.0,
      1.8332600000000001,
      NaN,
      NaN,
      NaN,
      NaN,
      NaN,
      NaN,
      2.74989,
      1.8332600000000001,
      NaN,
      1.49994,
      3.16654
    ],
    [
      NaN,
      1.8332600000000001,
      NaN,
      NaN,
      2.08325,
      1.74993,
      NaN,
      1.8332600000000001,
      0.0,
      NaN,
      NaN,
      NaN,
      NaN,
      NaN,
      NaN,
      NaN,
      NaN,
      NaN,
      NaN,
      NaN
    ],
    [
      NaN,
      1.74993,
      NaN,
      NaN,
      NaN,
      NaN,
      NaN,
      NaN,
      NaN,
      0.0,
      NaN,
      NaN,
      1.49994,
      NaN,
      NaN,
      NaN,
      2.41657,
      2.08325,
      2.33324,
      NaN
    ],
    [
      NaN,
      1.33328,
      NaN,
      NaN,
      NaN,
      1.8332600000000001,
      NaN,
      NaN,
      NaN,
      NaN,
      0.0,
      NaN,
      NaN,
      NaN,
      NaN,
      NaN,
      1.33328,
      0.99996,
      0.74997,
      2.16658
    ],
    [
      NaN,
      1.16662,
      NaN,
      NaN,
      NaN,
      1.6666,
      1.33328,
      NaN,
      NaN,
      NaN,
      NaN,
      0.0,
      0.8333,
      NaN,
      NaN,
      NaN,
      1.33328,
      0.99996,
      0.58331,
      1.8332600000000001
    ],
    [
      NaN,
      NaN,
      NaN,
      0.99996,
      1.33328,
      1.16662,
      1.74993,
      NaN,
      NaN,
      1.49994,
      NaN,
      0.8333,
      0.0,
      0.99996,
      NaN,
      1.6666,
      1.58327,
      1.08329,
      NaN,
      1.91659
    ],
    [
      NaN,
      1.2499500000000001,
      NaN,
      NaN,
      NaN,
      NaN,
      1.8332600000000001,
      NaN,
      NaN,
      NaN,
      NaN,
      NaN,
      0.99996,
      0.0,
      NaN,
      NaN,
      1.6666,
      1.33328,
      0.99996,
      NaN
    ],
    [
      NaN,
      1.99992,
      NaN,
      NaN,
      NaN,
      1.91659,
      1.99992,
      NaN,
      NaN,
      NaN,
      NaN,
      NaN,
      NaN,
      NaN,
      0.0,
      NaN,
      1.74993,
      1.41661,
      1.58327,
      2.33324
    ],
    [
      NaN,
      4.24983,
      NaN,
      NaN,
      NaN,
      2.83322,
      2.24991,
      2.74989,
      NaN,
      NaN,
      NaN,
      NaN,
      1.6666,
      NaN,
      NaN,
      0.0,
      2.58323,
      NaN,
      1.8332600000000001,
      NaN
    ],
    [
      NaN,
      1.8332600000000001,
      NaN,
      1.6666,
      NaN,
      1.74993,
      NaN,
      1.8332600000000001,
      NaN,
      2.41657,
      1.33328,
      1.33328,
      1.58327,
      1.6666,
      1.74993,
      2.58323,
      0.0,
      NaN,
      2.16658,
      2.08325
    ],
    [
      NaN,
      1.33328,
      NaN,
      NaN,
      1.74993,
      1.2499500000000001,
      2.66656,
      NaN,
      NaN,
      2.08325,
      0.99996,
      0.99996,
      1.08329,
      1.33328,
      1.41661,
      NaN,
      NaN,
      0.0,
      1.99992,
      NaN
    ],
    [
      NaN,
      1.08329,
      NaN,
      NaN,
      1.33328,
      NaN,
      NaN,
      1.49994,
      NaN,
      2.33324,
      0.74997,
      0.58331,
      NaN,
      0.99996,
      1.58327,
      1.8332600000000001,
      2.16658,
      1.99992,
      0.0,
      2.24991
    ],
    [
      NaN,
      2.16658,
      NaN,
      1.49994,
      1.2499500000000001,
      NaN,
      2.33324,
      3.16654,
      NaN,
      NaN,
      2.16658,
      1.8332600000000001,
      1.91659,
      NaN,
      2.33324,
      NaN,
      2.08325,
      NaN,
      2.24991,
      0.0
    ]
  ],
  "transit_time_matrix": [
    [
      0.0,
      NaN,
      NaN,
      NaN,
      NaN,
      NaN,
      NaN,
      NaN,
      NaN,
      NaN,
      NaN,
      NaN,
      NaN,
      NaN,
      NaN,
      NaN,
      NaN,
      NaN,
      NaN,
      NaN
    ],
    [
      NaN,
      0.0,
      0.0,
      36.0,
      52.0,
      14.0,
      59.0,
      18.0,
      88.0,
      39.0,
      39.0,
      16.0,
      NaN,
      33.0,
      17.0,
      58.0,
      60.0,
      63.0,
      44.0,
      35.0
    ],
    [
      NaN,
      0.0,
      0.0,
      NaN,
      NaN,
      NaN,
      NaN,
      NaN,
      NaN,
      NaN,
      NaN,
      NaN,
      NaN,
      NaN,
      NaN,
      NaN,
      NaN,
      NaN,
      NaN,
      NaN
    ],
    [
      NaN,
      36.0,
      NaN,
      0.0,
      24.0,
      14.0,
      0.0,
      0.0,
      0.0,
      0.0,
      0.0,
      0.0,
      39.0,
      0.0,
      0.0,
      0.0,
      28.0,
      0.0,
      0.0,
      14.0
    ],
    [
      NaN,
      52.0,
      NaN,
      24.0,
      0.0,
      55.0,
      60.0,
      27.0,
      94.0,
      0.0,
      0.0,
      0.0,
      53.0,
      0.0,
      0.0,
      NaN,
      0.0,
      66.0,
      63.0,
      44.0
    ],
    [
      NaN,
      14.0,
      NaN,
      14.0,
      55.0,
      0.0,
      49.0,
      42.0,
      78.0,
      NaN,
      30.0,
      28.0,
      14.0,
      0.0,
      12.0,
      20.0,
      50.0,
      53.0,
      0.0,
      NaN
    ],
    [
      NaN,
      59.0,
      NaN,
      0.0,
      60.0,
      49.0,
      0.0,
      42.0,
      0.0,
      0.0,
      0.0,
      28.0,
      21.0,
      14.0,
      38.0,
      86.0,
      0.0,
      11.0,
      0.0,
      55.0
    ],
    [
      NaN,
      18.0,
      NaN,
      0.0,
      27.0,
      42.0,
      42.0,
      0.0,
      27.0,
      0.0,
      0.0,
      NaN,
      0.0,
      0.0,
      0.0,
      59.0,
      37.0,
      0.0,
      38.0,
      47.0
    ],
    [
      NaN,
      88.0,
      NaN,
      0.0,
      94.0,
      78.0,
      0.0,
      27.0,
      0.0,
      NaN,
      NaN,
      NaN,
      NaN,
      NaN,
      NaN,
      NaN,
      NaN,
      NaN,
      NaN,
      NaN
    ],
    [
      NaN,
      39.0,
      NaN,
      0.0,
      0.0,
      NaN,
      0.0,
      0.0,
      NaN,
      0.0,
      0.0,
      0.0,
      39.0,
      NaN,
      NaN,
      0.0,
      39.0,
      17.0,
      49.0,
      0.0
    ],
    [
      NaN,
      39.0,
      NaN,
      0.0,
      0.0,
      30.0,
      0.0,
      0.0,
      NaN,
      0.0,
      0.0,
      NaN,
      0.0,
      0.0,
      0.0,
      0.0,
      29.0,
      27.0,
      25.0,
      33.0
    ],
    [
      NaN,
      16.0,
      NaN,
      0.0,
      0.0,
      28.0,
      28.0,
      NaN,
      NaN,
      0.0,
      NaN,
      0.0,
      32.0,
      0.0,
      NaN,
      0.0,
      29.0,
      27.0,
      23.0,
      29.0
    ],
    [
      NaN,
      NaN,
      NaN,
      39.0,
      53.0,
      14.0,
      21.0,
      0.0,
      NaN,
      39.0,
      0.0,
      32.0,
      0.0,
      30.0,
      0.0,
      45.0,
      26.0,
      27.0,
      0.0,
      32.0
    ],
    [
      NaN,
      33.0,
      NaN,
      0.0,
      0.0,
      0.0,
      14.0,
      0.0,
      NaN,
      NaN,
      0.0,
      0.0,
      30.0,
      0.0,
      NaN,
      0.0,
      14.0,
      34.0,
      20.0,
      0.0
    ],
    [
      NaN,
      17.0,
      NaN,
      0.0,
      0.0,
      12.0,
      38.0,
      0.0,
      NaN,
      NaN,
      0.0,
      NaN,
      0.0,
      NaN,
      0.0,
      0.0,
      31.0,
      29.0,
      24.0,
      11.0
    ],
    [
      NaN,
      58.0,
      NaN,
      0.0,
      NaN,
      20.0,
      86.0,
      59.0,
      NaN,
      0.0,
      0.0,
      0.0,
      45.0,
      0.0,
      0.0,
      0.0,
      74.0,
      0.0,
      69.0,
      0.0
    ],
    [
      NaN,
      60.0,
      NaN,
      28.0,
      0.0,
      50.0,
      0.0,
      37.0,
      NaN,
      39.0,
      29.0,
      29.0,
      26.0,
      14.0,
      31.0,
      74.0,
      0.0,
      NaN,
      23.0,
      46.0
    ],
    [
      NaN,
      63.0,
      NaN,
      0.0,
      66.0,
      53.0,
      11.0,
      0.0,
      NaN,
      17.0,
      27.0,
      27.0,
      27.0,
      34.0,
      29.0,
      0.0,
      NaN,
      0.0,
      20.0,
      0.0
    ],
    [
      NaN,
      44.0,
      NaN,
      0.0,
      63.0,
      0.0,
      0.0,
      38.0,
      NaN,
      49.0,
      25.0,
      23.0,
      0.0,
      20.0,
      24.0,
      69.0,
      23.0,
      20.0,
      0.0,
      39.0
    ],
    [
      NaN,
      35.0,
      NaN,
      14.0,
      44.0,
      NaN,
      55.0,
      47.0,
      NaN,
      0.0,
      33.0,
      29.0,
      32.0,
      0.0,
      11.0,
      0.0,
      46.0,
      0.0,
      39.0,
      0.0
    ]
  ],
  "walk_dist_matrix": [
    [
      0.0,
      11.5,
      2.7,
      1.9,
      17.7,
      7.4,
      3.6,
      2.2,
      15.7,
      3.5,
      2.6,
      2.7,
      11.3,
      3.4,
      2.9,
      18.0,
      5.9,
      7.7,
      16.5,
      7.2
    ],
    [
      11.5,
      0.0,
      11.1,
      10.6,
      8.5,
      5.7,
      12.8,
      10.7,
      22.4,
      8.6,
      9.6,
      9.7,
      0.26,
      8.8,
      9.2,
      8.9,
      13.8,
      13.4,
      11.6,
      5.0
    ],
    [
      2.7,
      11.1,
      0.0,
      3.9,
      16.5,
      7.6,
      6.0,
      0.75,
      18.3,
      3.9,
      1.7,
      1.6,
      10.9,
      4.3,
      3.5,
      16.9,
      7.8,
      9.6,
      17.2,
      7.1
    ],
    [
      1.9,
      10.6,
      3.9,
      0.0,
      16.8,
      5.8,
      3.3,
      3.2,
      20.1,
      2.2,
      2.4,
      2.6,
      10.3,
      1.9,
      1.6,
      17.1,
      4.7,
      6.0,
      14.6,
      5.8
    ],
    [
      17.7,
      8.5,
      16.5,
      16.8,
      0.0,
      11.8,
      19.0,
      16.2,
      28.3,
      14.7,
      15.6,
      15.7,
      8.3,
      15.0,
      15.4,
      1.0,
      19.9,
      19.5,
      17.8,
      11.2
    ],
    [
      7.4,
      5.7,
      7.6,
      5.8,
      11.8,
      0.0,
      8.0,
      7.1,
      17.5,
      4.3,
      6.1,
      6.2,
      5.4,
      4.3,
      5.0,
      12.2,
      8.6,
      8.2,
      10.1,
      1.2
    ],
    [
      3.6,
      12.8,
      6.0,
      3.3,
      19.0,
      8.0,
      0.0,
      5.3,
      12.8,
      5.1,
      5.3,
      5.4,
      12.7,
      4.8,
      4.6,
      19.5,
      3.2,
      5.1,
      15.5,
      8.2
    ],
    [
      2.2,
      10.7,
      0.75,
      3.2,
      16.2,
      7.1,
      5.3,
      0.0,
      17.6,
      3.4,
      1.2,
      1.1,
      10.4,
      3.8,
      3.0,
      16.6,
      7.1,
      8.9,
      16.7,
      6.7
    ],
    [
      15.7,
      22.4,
      18.3,
      20.1,
      28.3,
      17.5,
      12.8,
      17.6,
      0.0,
      16.2,
      17.1,
      17.3,
      22.1,
      15.7,
      15.9,
      28.7,
      10.6,
      9.8,
      16.5,
      17.9
    ],
    [
      3.5,
      8.6,
      3.9,
      2.2,
      14.7,
      4.3,
      5.1,
      3.4,
      16.2,
      0.0,
      2.3,
      2.4,
      8.3,
      0.4,
      0.8,
      15.1,
      6.1,
      6.6,
      13.8,
      4.0
    ],
    [
      2.6,
      9.6,
      1.7,
      2.4,
      15.6,
      6.1,
      5.3,
      1.2,
      17.1,
      2.3,
      0.0,
      0.24,
      9.4,
      2.7,
      1.8,
      15.9,
      6.7,
      7.9,
      15.6,
      5.6
    ],
    [
      2.7,
      9.7,
      1.6,
      2.6,
      15.7,
      6.2,
      5.4,
      1.1,
      17.3,
      2.4,
      0.24,
      0.0,
      9.5,
      2.8,
      2.1,
      16.0,
      7.0,
      8.3,
      15.7,
      5.7
    ],
    [
      11.3,
      0.26,
      10.9,
      10.3,
      8.3,
      5.4,
      12.7,
      10.4,
      22.1,
      8.3,
      9.4,
      9.5,
      0.0,
      8.6,
      9.0,
      8.6,
      13.5,
      13.1,
      11.4,
      4.8
    ],
    [
      3.4,
      8.8,
      4.3,
      1.9,
      15.0,
      4.3,
      4.8,
      3.8,
      15.7,
      0.4,
      2.7,
      2.8,
      8.6,
      0.0,
      1.1,
      15.3,
      5.7,
      6.2,
      13.4,
      4.1
    ],
    [
      2.9,
      9.2,
      3.5,
      1.6,
      15.4,
      5.0,
      4.6,
      3.0,
      15.9,
      0.8,
      1.8,
      2.1,
      9.0,
      1.1,
      0.0,
      15.7,
      5.6,
      6.6,
      14.5,
      4.7
    ],
    [
      18.0,
      8.9,
      16.9,
      17.1,
      1.0,
      12.2,
      19.5,
      16.6,
      28.7,
      15.1,
      15.9,
      16.0,
      8.6,
      15.3,
      15.7,
      0.0,
      20.3,
      19.9,
      18.1,
      11.5
    ],
    [
      5.9,
      13.8,
      7.8,
      4.7,
      19.9,
      8.6,
      3.2,
      7.1,
      10.6,
      6.1,
      6.7,
      7.0,
      13.5,
      5.7,
      5.6,
      20.3,
      0.0,
      1.9,
      13.5,
      8.9
    ],
    [
      7.7,
      13.4,
      9.6,
      6.0,
      19.5,
      8.2,
      5.1,
      8.9,
      9.8,
      6.6,
      7.9,
      8.3,
      13.1,
      6.2,
      6.6,
      19.9,
      1.9,
      0.0,
      12.0,
      8.6
    ],
    [
      16.5,
      11.6,
      17.2,
      14.6,
      17.8,
      10.1,
      15.5,
      16.7,
      16.5,
      13.8,
      15.6,
      15.7,
      11.4,
      13.4,
      14.5,
      18.1,
      13.5,
      12.0,
      0.0,
      10.6
    ],
    [
      7.2,
      5.0,
      7.1,
      5.8,
      11.2,
      1.2,
      8.2,
      6.7,
      17.9,
      4.0,
      5.6,
      5.7,
      4.8,
      4.1,
      4.7,
      11.5,
      8.9,
      8.6,
      10.6,
      0.0
    ]
  ],
  "walk_time_matrix": [
    [
      0.0,
      150.0,
      37.0,
      27.0,
      225.0,
      97.0,
      48.0,
      30.0,
      205.0,
      47.0,
      35.0,
      37.0,
      147.0,
      45.0,
      39.0,
      229.0,
      79.0,
      103.0,
      213.0,
      94.0
    ],
    [
      150.0,
      0.0,
      143.0,
      36.0,
      52.0,
      42.0,
      168.0,
      137.0,
      88.0,
      111.0,
      123.0,
      124.0,
      3.0,
      33.0,
      43.0,
      58.0,
      179.0,
      175.0,
      146.0,
      35.0
    ],
    [
      37.0,
      143.0,
      0.0,
      53.0,
      211.0,
      98.0,
      80.0,
      10.0,
      238.0,
      52.0,
      24.0,
      22.0,
      140.0,
      58.0,
      47.0,
      216.0,
      105.0,
      129.0,
      220.0,
      92.0
    ],
    [
      27.0,
      36.0,
      53.0,
      0.0,
      60.0,
      77.0,
      46.0,
      43.0,
      22.0,
      29.0,
      32.0,
      35.0,
      135.0,
      26.0,
      22.0,
      217.0,
      64.0,
      81.0,
      189.0,
      77.0
    ],
    [
      225.0,
      52.0,
      211.0,
      60.0,
      0.0,
      148.0,
      243.0,
      206.0,
      361.0,
      187.0,
      194.0,
      195.0,
      101.0,
      190.0,
      195.0,
      12.0,
      255.0,
      250.0,
      222.0,
      139.0
    ],
    [
      97.0,
      42.0,
      98.0,
      77.0,
      148.0,
      0.0,
      106.0,
      92.0,
      230.0,
      58.0,
      78.0,
      79.0,
      37.0,
      55.0,
      66.0,
      70.0,
      115.0,
      110.0,
      129.0,
      17.0
    ],
    [
      48.0,
      168.0,
      80.0,
      46.0,
      243.0,
      106.0,
      0.0,
      70.0,
      166.0,
      69.0,
      71.0,
      74.0,
      61.0,
      64.0,
      62.0,
      86.0,
      44.0,
      41.0,
      202.0,
      108.0
    ],
    [
      30.0,
      137.0,
      10.0,
      43.0,
      206.0,
      92.0,
      70.0,
      0.0,
      60.0,
      46.0,
      17.0,
      15.0,
      134.0,
      51.0,
      41.0,
      211.0,
      95.0,
      119.0,
      214.0,
      86.0
    ],
    [
      205.0,
      88.0,
      238.0,
      22.0,
      361.0,
      230.0,
      166.0,
      60.0,
      0.0,
      204.0,
      216.0,
      220.0,
      278.0,
      198.0,
      201.0,
      358.0,
      131.0,
      122.0,
      207.0,
      230.0
    ],
    [
      47.0,
      111.0,
      52.0,
      29.0,
      187.0,
      58.0,
      69.0,
      46.0,
      204.0,
      0.0,
      31.0,
      33.0,
      108.0,
      5.0,
      10.0,
      190.0,
      81.0,
      37.0,
      178.0,
      53.0
    ],
    [
      35.0,
      123.0,
      24.0,
      32.0,
      194.0,
      78.0,
      71.0,
      17.0,
      216.0,
      31.0,
      0.0,
      4.0,
      121.0,
      36.0,
      25.0,
      198.0,
      90.0,
      106.0,
      200.0,
      72.0
    ],
    [
      37.0,
      124.0,
      22.0,
      35.0,
      195.0,
      79.0,
      74.0,
      15.0,
      220.0,
      33.0,
      4.0,
      0.0,
      122.0,
      38.0,
      28.0,
      200.0,
      94.0,
      111.0,
      201.0,
      73.0
    ],
    [
      147.0,
      3.0,
      140.0,
      135.0,
      101.0,
      37.0,
      61.0,
      134.0,
      278.0,
      108.0,
      121.0,
      122.0,
      0.0,
      112.0,
      117.0,
      106.0,
      57.0,
      172.0,
      143.0,
      61.0
    ],
    [
      45.0,
      33.0,
      58.0,
      26.0,
      190.0,
      55.0,
      64.0,
      51.0,
      198.0,
      5.0,
      36.0,
      38.0,
      112.0,
      0.0,
      14.0,
      193.0,
      75.0,
      82.0,
      36.0,
      54.0
    ],
    [
      39.0,
      43.0,
      47.0,
      22.0,
      195.0,
      66.0,
      62.0,
      41.0,
      201.0,
      10.0,
      25.0,
      28.0,
      117.0,
      14.0,
      0.0,
      24.0,
      31.0,
      87.0,
      187.0,
      62.0
    ],
    [
      229.0,
      58.0,
      216.0,
      217.0,
      12.0,
      70.0,
      86.0,
      211.0,
      358.0,
      190.0,
      198.0,
      200.0,
      106.0,
      193.0,
      24.0,
      0.0,
      259.0,
      255.0,
      226.0,
      143.0
    ],
    [
      79.0,
      179.0,
      105.0,
      64.0,
      255.0,
      115.0,
      44.0,
      95.0,
      131.0,
      81.0,
      90.0,
      94.0,
      57.0,
      75.0,
      31.0,
      259.0,
      0.0,
      25.0,
      62.0,
      116.0
    ],
    [
      103.0,
      175.0,
      129.0,
      81.0,
      250.0,
      110.0,
      41.0,
      119.0,
      122.0,
      37.0,
      106.0,
      111.0,
      172.0,
      82.0,
      87.0,
      255.0,
      25.0,
      0.0,
      59.0,
      115.0
    ],
    [
      213.0,
      146.0,
      220.0,
      189.0,
      222.0,
      129.0,
      202.0,
      214.0,
      207.0,
      178.0,
      200.0,
      201.0,
      143.0,
      36.0,
      187.0,
      226.0,
      62.0,
      59.0,
      0.0,
      135.0
    ],
    [
      94.0,
      35.0,
      92.0,
      77.0,
      139.0,
      17.0,
      108.0,
      86.0,
      230.0,
      53.0,
      72.0,
      73.0,
      61.0,
      54.0,
      62.0,
      143.0,
      116.0,
      115.0,
      135.0,
      0.0
    ]
  ],
  "cycle_dist_matrix": [
    [
      0.0,
      13.5,
      2.8,
      2.7,
      20.4,
      8.1,
      4.5,
      2.3,
      17.6,
      3.6,
      2.7,
      2.9,
      13.2,
      3.5,
      3.0,
      20.2,
      6.7,
      9.7,
      20.8,
      8.0
    ],
    [
      13.5,
      0.0,
      13.6,
      12.4,
      10.0,
      6.2,
      16.0,
      13.3,
      24.0,
      10.4,
      11.7,
      11.7,
      0.26,
      10.4,
      11.0,
      9.8,
      15.2,
      15.3,
      11.6,
      5.5
    ],
    [
      2.8,
      13.6,
      0.0,
      4.0,
      18.6,
      8.6,
      7.0,
      0.75,
      18.9,
      5.2,
      1.9,
      2.9,
      13.4,
      5.1,
      4.0,
      18.3,
      8.0,
      11.0,
      17.2,
      8.6
    ],
    [
      2.7,
      12.4,
      4.0,
      0.0,
      20.4,
      7.6,
      3.7,
      3.4,
      15.9,
      2.4,
      3.2,
      3.2,
      12.7,
      2.3,
      1.7,
      20.2,
      4.7,
      7.2,
      18.3,
      7.5
    ],
    [
      20.4,
      10.0,
      18.6,
      20.4,
      0.0,
      13.9,
      23.9,
      18.5,
      31.7,
      18.3,
      17.8,
      18.3,
      10.4,
      18.2,
      18.9,
      1.0,
      24.2,
      19.5,
      17.8,
      13.2
    ],
    [
      8.1,
      6.2,
      8.6,
      7.6,
      13.9,
      0.0,
      11.2,
      8.1,
      21.5,
      5.7,
      6.9,
      6.2,
      6.4,
      5.6,
      5.0,
      15.7,
      10.1,
      10.2,
      12.6,
      3.1
    ],
    [
      4.5,
      16.0,
      7.0,
      3.7,
      23.9,
      11.2,
      0.0,
      6.5,
      12.8,
      5.9,
      6.2,
      6.4,
      16.1,
      5.8,
      4.6,
      24.3,
      3.8,
      6.0,
      18.9,
      11.4
    ],
    [
      2.3,
      13.3,
      0.75,
      3.4,
      18.5,
      8.1,
      6.5,
      0.0,
      18.4,
      3.4,
      1.6,
      1.8,
      13.3,
      4.6,
      3.5,
      18.0,
      7.5,
      10.4,
      19.3,
      8.0
    ],
    [
      17.6,
      24.0,
      18.9,
      15.9,
      31.7,
      21.5,
      12.8,
      18.4,
      0.0,
      18.5,
      18.5,
      18.7,
      24.9,
      15.7,
      18.2,
      28.7,
      10.7,
      10.7,
      19.5,
      20.8
    ],
    [
      3.6,
      10.4,
      5.2,
      2.4,
      18.3,
      5.7,
      5.9,
      3.4,
      18.5,
      0.0,
      3.4,
      3.4,
      10.7,
      0.5,
      1.3,
      18.2,
      7.2,
      8.2,
      15.6,
      5.5
    ],
    [
      2.7,
      11.7,
      1.9,
      3.2,
      17.8,
      6.9,
      6.2,
      1.6,
      18.5,
      3.4,
      0.0,
      0.3,
      9.4,
      3.0,
      2.2,
      17.5,
      7.7,
      9.5,
      18.0,
      6.7
    ],
    [
      2.9,
      11.7,
      2.9,
      3.2,
      18.3,
      6.2,
      6.4,
      1.8,
      18.7,
      3.4,
      0.3,
      0.0,
      12.8,
      2.8,
      2.8,
      18.5,
      7.8,
      10.7,
      18.6,
      7.4
    ],
    [
      13.2,
      0.26,
      13.4,
      12.7,
      10.4,
      6.4,
      16.1,
      13.3,
      24.9,
      10.7,
      9.4,
      12.8,
      0.0,
      10.1,
      10.8,
      9.5,
      14.9,
      15.1,
      12.7,
      5.2
    ],
    [
      3.5,
      10.4,
      5.1,
      2.3,
      18.2,
      5.6,
      5.8,
      4.6,
      15.7,
      0.5,
      3.0,
      2.8,
      10.1,
      0.0,
      1.2,
      18.1,
      5.7,
      7.7,
      13.4,
      4.1
    ],
    [
      3.0,
      11.0,
      4.0,
      1.7,
      18.9,
      5.0,
      4.6,
      3.5,
      18.2,
      1.3,
      2.2,
      2.8,
      10.8,
      1.2,
      0.0,
      18.8,
      6.6,
      7.6,
      16.4,
      6.1
    ],
    [
      20.2,
      9.8,
      18.3,
      20.2,
      1.0,
      15.7,
      24.3,
      18.0,
      28.7,
      18.2,
      17.5,
      18.5,
      9.5,
      18.1,
      18.8,
      0.0,
      24.0,
      19.9,
      20.5,
      13.0
    ],
    [
      6.7,
      15.2,
      8.0,
      4.7,
      24.2,
      10.1,
      3.8,
      7.5,
      10.7,
      7.2,
      7.7,
      7.8,
      14.9,
      5.7,
      6.6,
      24.0,
      0.0,
      2.2,
      15.7,
      10.3
    ],
    [
      9.7,
      15.3,
      11.0,
      7.2,
      19.5,
      10.2,
      6.0,
      10.4,
      10.7,
      8.2,
      9.5,
      10.7,
      15.1,
      7.7,
      7.6,
      19.9,
      2.2,
      0.0,
      12.0,
      10.3
    ],
    [
      20.8,
      11.6,
      17.2,
      18.3,
      17.8,
      12.6,
      18.9,
      19.3,
      19.5,
      15.6,
      18.0,
      18.6,
      12.7,
      13.4,
      16.4,
      20.5,
      15.7,
      12.0,
      0.0,
      13.4
    ],
    [
      8.0,
      5.5,
      8.6,
      7.5,
      13.2,
      3.1,
      11.4,
      8.0,
      20.8,
      5.5,
      6.7,
      7.4,
      5.2,
      4.1,
      6.1,
      13.0,
      10.3,
      10.3,
      13.4,
      0.0
    ]
  ],
  "cycle_time_matrix": [
    [
      0.0,
      62.0,
      15.0,
      15.0,
      89.0,
      41.0,
      21.0,
      12.0,
      83.0,
      20.0,
      14.0,
      18.0,
      61.0,
      19.0,
      16.0,
      89.0,
      34.0,
      48.0,
      88.0,
      38.0
    ],
    [
      62.0,
      0.0,
      60.0,
      56.0,
      42.0,
      30.0,
      73.0,
      59.0,
      105.0,
      46.0,
      52.0,
      54.0,
      1.0,
      46.0,
      49.0,
      41.0,
      69.0,
      70.0,
      146.0,
      23.0
    ],
    [
      15.0,
      60.0,
      0.0,
      22.0,
      79.0,
      42.0,
      33.0,
      10.0,
      89.0,
      26.0,
      10.0,
      22.0,
      60.0,
      26.0,
      20.0,
      79.0,
      40.0,
      54.0,
      220.0,
      39.0
    ],
    [
      15.0,
      56.0,
      22.0,
      0.0,
      89.0,
      77.0,
      20.0,
      19.0,
      76.0,
      13.0,
      16.0,
      19.0,
      58.0,
      13.0,
      9.0,
      89.0,
      64.0,
      81.0,
      77.0,
      34.0
    ],
    [
      89.0,
      42.0,
      79.0,
      89.0,
      0.0,
      64.0,
      107.0,
      206.0,
      139.0,
      79.0,
      76.0,
      81.0,
      45.0,
      79.0,
      82.0,
      3.0,
      106.0,
      250.0,
      222.0,
      57.0
    ],
    [
      41.0,
      30.0,
      42.0,
      77.0,
      64.0,
      0.0,
      57.0,
      42.0,
      97.0,
      30.0,
      36.0,
      79.0,
      30.0,
      30.0,
      66.0,
      70.0,
      53.0,
      54.0,
      56.0,
      19.0
    ],
    [
      21.0,
      73.0,
      33.0,
      20.0,
      107.0,
      57.0,
      0.0,
      31.0,
      166.0,
      32.0,
      30.0,
      35.0,
      70.0,
      31.0,
      62.0,
      106.0,
      20.0,
      67.0,
      78.0,
      53.0
    ],
    [
      12.0,
      59.0,
      10.0,
      19.0,
      206.0,
      42.0,
      31.0,
      0.0,
      87.0,
      46.0,
      8.0,
      12.0,
      60.0,
      23.0,
      17.0,
      77.0,
      37.0,
      52.0,
      85.0,
      36.0
    ],
    [
      83.0,
      105.0,
      89.0,
      76.0,
      139.0,
      97.0,
      166.0,
      87.0,
      0.0,
      75.0,
      78.0,
      82.0,
      97.0,
      198.0,
      74.0,
      358.0,
      42.0,
      41.0,
      77.0,
      83.0
    ],
    [
      20.0,
      46.0,
      26.0,
      13.0,
      79.0,
      30.0,
      32.0,
      46.0,
      75.0,
      0.0,
      16.0,
      19.0,
      48.0,
      2.0,
      6.0,
      190.0,
      37.0,
      41.0,
      67.0,
      24.0
    ],
    [
      14.0,
      52.0,
      10.0,
      16.0,
      76.0,
      36.0,
      30.0,
      8.0,
      78.0,
      16.0,
      0.0,
      5.0,
      121.0,
      17.0,
      11.0,
      75.0,
      40.0,
      47.0,
      79.0,
      30.0
    ],
    [
      18.0,
      54.0,
      22.0,
      19.0,
      81.0,
      79.0,
      35.0,
      12.0,
      82.0,
      19.0,
      5.0,
      0.0,
      59.0,
      39.0,
      17.0,
      81.0,
      41.0,
      55.0,
      84.0,
      36.0
    ],
    [
      61.0,
      1.0,
      60.0,
      58.0,
      45.0,
      30.0,
      70.0,
      60.0,
      97.0,
      48.0,
      121.0,
      59.0,
      0.0,
      45.0,
      48.0,
      40.0,
      68.0,
      69.0,
      51.0,
      22.0
    ],
    [
      19.0,
      46.0,
      26.0,
      13.0,
      79.0,
      30.0,
      31.0,
      23.0,
      198.0,
      2.0,
      17.0,
      39.0,
      45.0,
      0.0,
      6.0,
      78.0,
      75.0,
      39.0,
      173.0,
      54.0
    ],
    [
      16.0,
      49.0,
      20.0,
      9.0,
      82.0,
      66.0,
      62.0,
      17.0,
      74.0,
      6.0,
      11.0,
      17.0,
      48.0,
      6.0,
      0.0,
      81.0,
      33.0,
      38.0,
      71.0,
      26.0
    ],
    [
      89.0,
      41.0,
      79.0,
      89.0,
      3.0,
      70.0,
      106.0,
      77.0,
      358.0,
      190.0,
      75.0,
      81.0,
      40.0,
      78.0,
      81.0,
      0.0,
      105.0,
      255.0,
      88.0,
      56.0
    ],
    [
      34.0,
      69.0,
      40.0,
      64.0,
      106.0,
      53.0,
      20.0,
      37.0,
      42.0,
      37.0,
      40.0,
      41.0,
      68.0,
      75.0,
      33.0,
      105.0,
      0.0,
      11.0,
      173.0,
      44.0
    ],
    [
      48.0,
      70.0,
      54.0,
      81.0,
      250.0,
      54.0,
      67.0,
      52.0,
      41.0,
      41.0,
      47.0,
      55.0,
      69.0,
      39.0,
      38.0,
      255.0,
      11.0,
      0.0,
      153.0,
      43.0
    ],
    [
      88.0,
      146.0,
      220.0,
      77.0,
      222.0,
      56.0,
      78.0,
      85.0,
      77.0,
      67.0,
      79.0,
      84.0,
      51.0,
      173.0,
      71.0,
      88.0,
      173.0,
