{
  "drive_dist_matrix": [
    [
      0.0,
      3.0,
      1.3,
      5.8,
      4.2,
      3.2,
      4.0,
      1.8,
      1.5,
      2.6,
      3.3,
      34.5,
      2.6,
      2.2,
      2.2,
      1.0,
      3.9,
      1.9,
      3.7,
      2.2,
      65.0,
      8.3,
      8.8,
      3.2,
      3.8,
      3.9,
      49.3,
      2.2,
      43.2,
      3.9,
      8.3,
      8.6,
      2.1,
      1.9,
      2.6,
      4.9,
      3.0,
      14.2,
      101.0,
      1.8,
      30.0,
      1.7,
      5.4,
      2.0,
      90.0,
      49.4,
      1.8,
      2.5,
      34.6,
      2.6,
      6.6,
      2.3,
      18.9,
      48.0,
      2.7,
      4.2,
      2.8,
      0.85,
      5.3,
      4.2
    ],
    [
      3.0,
      0.0,
      1.9,
      3.7,
      1.8,
      0.35,
      2.4,
      2.6,
      2.2,
      0.75,
      2.9,
      34.3,
      2.3,
      0.55,
      0.7,
      2.4,
      2.3,
      2.4,
      0.7,
      2.6,
      62.6,
      6.6,
      11.1,
      1.7,
      5.6,
      0.6,
      46.9,
      2.6,
      43.4,
      3.0,
      6.6,
      7.3,
      0.85,
      1.7,
      2.5,
      1.7,
      6.6,
      12.0,
      98.8,
      1.6,
      29.8,
      1.2,
      5.5,
      1.4,
      87.6,
      47.2,
      2.6,
      1.8,
      34.4,
      0.6,
      4.4,
      0.75,
      16.6,
      48.1,
      1.8,
      2.8,
      1.0,
      2.0,
      5.5,
      1.8
    ],
    [
      1.3,
      1.9,
      0.0,
      5.3,
      3.2,
      3.7,
      2.9,
      0.85,
      2.6,
      4.2,
      5.5,
      35.1,
      1.6,
      1.2,
      1.2,
      0.26,
      2.8,
      2.9,
      4.1,
      1.2,
      63.5,
      9.3,
      9.4,
      2.2,
      3.8,
      4.8,
      45.9,
      0.65,
      42.3,
      4.9,
      9.3,
      10.3,
      1.1,
      0.6,
      1.6,
      3.0,
      3.6,
      15.0,
      99.8,
      0.6,
      30.6,
      1.0,
      4.4,
      1.0,
      88.5,
      48.5,
      0.8,
      1.5,
      35.2,
      3.8,
      7.0,
      1.2,
      17.5,
      47.0,
      1.7,
      5.2,
      1.9,
      1.1,
      4.4,
      3.1
    ],
    [
      5.8,
      3.7,
      5.3,
      0.0,
      0.65,
      1.8,
      3.2,
      4.1,
      2.9,
      2.3,
      3.3,
      35.1,
      3.8,
      3.4,
      3.4,
      4.0,
      4.0,
      3.0,
      2.2,
      4.1,
      62.3,
      5.8,
      11.9,
      3.2,
      12.3,
      0.85,
      46.6,
      4.2,
      44.1,
      3.4,
      5.5,
      6.9,
      3.3,
      3.3,
      4.0,
      0.28,
      7.4,
      11.1,
      98.5,
      3.2,
      30.6,
      2.8,
      6.2,
      2.9,
      87.3,
      50.4,
      4.1,
      3.4,
      35.2,
      2.5,
      3.2,
      2.7,
      16.2,
      48.8,
      3.4,
      2.8,
      2.7,
      3.6,
      6.2,
      0.35
    ],
    [
      4.2,
      1.8,
      3.2,
      0.65,
      0.0,
      1.7,
      3.5,
      4.0,
      2.8,
      2.2,
      3.2,
      34.9,
      3.7,
      3.3,
      3.3,
      3.8,
      4.3,
      2.9,
      2.1,
      4.0,
      63.1,
      6.0,
      11.8,
      3.1,
      12.1,
      3.6,
      47.4,
      4.1,
      44.3,
      3.3,
      6.1,
      7.2,
      3.2,
      3.2,
      3.9,
      0.4,
      6.8,
      11.4,
      99.3,
      3.1,
      30.4,
      2.6,
      6.5,
      2.8,
      88.1,
      47.7,
      4.0,
      3.3,
      35.0,
      2.4,
      3.4,
      2.6,
      17.0,
      49.1,
      3.3,
      2.7,
      2.6,
      3.5,
      6.5,
      0.3
    ],
    [
      3.2,
      0.35,
      3.7,
      1.8,
      1.7,
      0.0,
      2.2,
      2.3,
      1.0,
      0.4,
      4.8,
      36.5,
      2.0,
      0.29,
      0.45,
      2.2,
      2.0,
      2.1,
      0.45,
      2.3,
      62.9,
      8.3,
      13.4,
      1.4,
      5.4,
      0.85,
      47.2,
      2.4,
      43.1,
      5.3,
      8.3,
      9.6,
      0.55,
      1.5,
      2.2,
      3.6,
      4.9,
      13.9,
      99.2,
      1.4,
      32.0,
      0.6,
      5.2,
      0.7,
      87.9,
      47.5,
      2.3,
      1.6,
      36.6,
      3.2,
      5.9,
      0.5,
      16.9,
      47.9,
      1.6,
      5.0,
      0.75,
      1.8,
      5.2,
      3.7
    ],
    [
      4.0,
      2.4,
      2.9,
      3.2,
      3.5,
      2.2,
      0.0,
      3.0,
      2.6,
      3.4,
      4.6,
      36.4,
      1.7,
      1.7,
      1.7,
      3.7,
      0.45,
      2.7,
      3.3,
      2.6,
      61.3,
      6.1,
      13.2,
      1.0,
      6.5,
      4.7,
      45.6,
      2.7,
      42.0,
      5.1,
      6.1,
      6.6,
      1.6,
      2.1,
      1.9,
      3.4,
      5.8,
      11.8,
      97.5,
      2.4,
      31.9,
      2.0,
      4.2,
      2.2,
      86.3,
      45.9,
      3.0,
      1.8,
      36.5,
      3.1,
      3.8,
      2.0,
      15.2,
      46.8,
      1.2,
      4.8,
      1.8,
      2.8,
      4.2,
      3.3
    ],
    [
      1.8,
      2.6,
      0.85,
      4.1,
      4.0,
      2.3,
      3.0,
      0.0,
      2.7,
      4.2,
      4.8,
      35.7,
      1.7,
      1.9,
      1.9,
      1.7,
      2.9,
      2.9,
      4.2,
      0.3,
      63.6,
      9.3,
      10.3,
      2.3,
      3.8,
      4.9,
      44.8,
      0.35,
      41.1,
      4.9,
      9.3,
      9.6,
      1.8,
      1.0,
      1.7,
      3.7,
      4.2,
      15.1,
      99.9,
      1.4,
      31.2,
      1.7,
      4.5,
      1.6,
      88.6,
      47.3,
      0.21,
      1.6,
      35.8,
      3.9,
      7.1,
      1.9,
      17.6,
      45.9,
      1.8,
      5.7,
      2.0,
      1.8,
      3.8,
      3.8
    ],
    [
      1.5,
      2.2,
      2.6,
      2.9,
      2.8,
      1.0,
      2.6,
      2.7,
      0.0,
      0.6,
      2.6,
      32.9,
      2.4,
      0.85,
      0.75,
      1.6,
      2.8,
      0.25,
      0.75,
      2.7,
      63.7,
      7.0,
      9.7,
      2.2,
      5.0,
      2.6,
      48.0,
      2.7,
      45.3,
      0.75,
      7.1,
      7.3,
      1.4,
      1.8,
      2.2,
      3.6,
      3.7,
      12.9,
      99.9,
      1.7,
      28.4,
      0.9,
      5.6,
      1.0,
      88.7,
      48.5,
      2.6,
      1.9,
      33.0,
      0.65,
      5.3,
      0.7,
      17.6,
      48.2,
      2.1,
      2.9,
      2.1,
      0.8,
      5.6,
      3.7
    ],
    [
      2.6,
      0.75,
      4.2,
      2.3,
      2.2,
      0.4,
      3.4,
      4.2,
      0.6,
      0.0,
      1.9,
      33.7,
      3.6,
      2.7,
      0.75,
      2.9,
      3.6,
      1.5,
      0.75,
      3.9,
      62.5,
      6.8,
      10.5,
      3.0,
      10.9,
      2.1,
      46.8,
      4.0,
      43.6,
      2.4,
      6.8,
      6.7,
      0.85,
      3.1,
      3.8,
      2.0,
      6.0,
      12.7,
      98.7,
      3.4,
      29.2,
      0.95,
      6.0,
      1.0,
      87.5,
      47.1,
      3.9,
      3.1,
      33.8,
      0.35,
      4.9,
      3.0,
      16.5,
      48.6,
      3.2,
      2.3,
      2.0,
      3.8,
      6.0,
      2.0
    ],
    [
      3.3,
      2.9,
      5.5,
      3.3,
      3.2,
      4.8,
      4.6,
      4.8,
      2.6,
      1.9,
      0.0,
      32.2,
      5.2,
      4.2,
      4.2,
      4.1,
      5.2,
      2.0,
      3.0,
      5.5,
      63.5,
      5.1,
      9.0,
      4.5,
      9.3,
      2.4,
      47.8,
      5.5,
      44.6,
      1.9,
      5.1,
      5.0,
      4.2,
      4.6,
      5.4,
      3.3,
      4.5,
      11.0,
      99.7,
      4.0,
      27.7,
      2.8,
      7.5,
      3.8,
      88.5,
      48.1,
      5.4,
      4.7,
      32.3,
      1.9,
      4.7,
      3.5,
      17.4,
      50.2,
      4.7,
      1.4,
      3.6,
      3.1,
      7.5,
      3.4
    ],
    [
      34.5,
      34.3,
      35.1,
      35.1,
      34.9,
      36.5,
      36.4,
      35.7,
      32.9,
      33.7,
      32.2,
      0.0,
      37.3,
      36.4,
      36.4,
      34.6,
      37.4,
      34.4,
      35.4,
      37.7,
      95.1,
      37.6,
      26.9,
      36.7,
      36.0,
      34.0,
      79.4,
      37.7,
      76.2,
      34.6,
      37.6,
      37.6,
      36.3,
      36.8,
      37.6,
      35.2,
      33.2,
      43.5,
      131.0,
      35.8,
      12.0,
      34.0,
      39.7,
      36.9,
      120.0,
      79.7,
      36.2,
      36.9,
      0.85,
      34.1,
      36.9,
      36.7,
      49.0,
      86.8,
      36.9,
      34.6,
      35.8,
      34.3,
      39.7,
      35.3
    ],
    [
      2.6,
      2.3,
      1.6,
      3.8,
      3.7,
      2.0,
      1.7,
      1.7,
      2.4,
      3.6,
      5.2,
      37.3,
      0.0,
      1.3,
      1.3,
      1.8,
      1.7,
      2.3,
      3.6,
      0.85,
      63.1,
      7.9,
      13.5,
      0.65,
      4.8,
      4.3,
      45.2,
      0.8,
      41.5,
      4.4,
      8.0,
      8.4,
      1.2,
      0.75,
      0.4,
      3.2,
      4.5,
      13.6,
      99.3,
      1.2,
      32.2,
      1.2,
      3.7,
      1.4,
      88.1,
      47.7,
      1.3,
      0.3,
      36.8,
      3.4,
      5.6,
      1.3,
      17.1,
      48.5,
      0.45,
      5.1,
      1.5,
      1.6,
      3.6,
      3.2
    ],
    [
      2.2,
      0.55,
      1.2,
      3.4,
      3.3,
      0.29,
      1.7,
      1.9,
      0.85,
      2.7,
      4.2,
      36.4,
      1.3,
      0.0,
      0.35,
      2.0,
      3.9,
      1.0,
      2.6,
      3.1,
      62.8,
      7.5,
      11.2,
      3.2,
      5.5,
      1.0,
      47.1,
      3.2,
      43.9,
      3.1,
      7.5,
      7.3,
      0.45,
      1.2,
      1.1,
      1.8,
      4.2,
      12.2,
      99.0,
      1.0,
      29.9,
      1.3,
      6.2,
      0.65,
      87.7,
      47.3,
      3.0,
      2.3,
      34.5,
      0.55,
      4.6,
      1.9,
      16.7,
      48.9,
      2.5,
      2.9,
      0.5,
      1.6,
      6.2,
      1.9
    ],
    [
      2.2,
      0.7,
      1.2,
      3.4,
      3.3,
      0.45,
      1.7,
      1.9,
      0.75,
      0.75,
      4.2,
      36.4,
      1.3,
      0.35,
      0.0,
      2.0,
      3.9,
      1.0,
      0.23,
      3.1,
      62.8,
      7.5,
      11.2,
      3.2,
      5.5,
      3.0,
      47.1,
      3.2,
      43.9,
      3.0,
      7.5,
      7.3,
      0.11,
      0.8,
      4.1,
      1.8,
      4.1,
      12.2,
      99.0,
      2.1,
      28.8,
      0.4,
      6.2,
      0.5,
      87.7,
      48.7,
      3.0,
      2.3,
      34.5,
      0.7,
      4.6,
      1.9,
      16.7,
      48.9,
      2.5,
      2.9,
      0.75,
      1.6,
      6.2,
      1.9
    ],
    [
      1.0,
      2.4,
      0.26,
      4.0,
      3.8,
      2.2,
      3.7,
      1.7,
      1.6,
      2.9,
      4.1,
      34.6,
      1.8,
      2.0,
      2.0,
      0.0,
      2.4,
      2.1,
      3.9,
      1.3,
      63.3,
      8.8,
      9.5,
      1.8,
      4.1,
      4.3,
      47.6,
      0.8,
      42.4,
      4.3,
      8.8,
      8.3,
      1.0,
      0.75,
      1.4,
      2.9,
      3.6,
      13.3,
      99.5,
      0.6,
      30.7,
      0.75,
      4.5,
      0.6,
      88.3,
      48.6,
      1.0,
      1.4,
      35.3,
      3.6,
      5.6,
      0.85,
      17.3,
      47.1,
      1.6,
      4.0,
      1.7,
      0.75,
      4.5,
      3.0
    ],
    [
      3.9,
      2.3,
      2.8,
      4.0,
      4.3,
      2.0,
      0.45,
      2.9,
      2.8,
      3.6,
      5.2,
      37.4,
      1.7,
      3.9,
      3.9,
      2.4,
      0.0,
      2.7,
      4.1,
      2.6,
      62.1,
      6.9,
      11.8,
      0.75,
      6.5,
      4.7,
      46.3,
      2.6,
      41.8,
      4.7,
      6.9,
      7.3,
      1.6,
      2.0,
      1.9,
      3.5,
      5.8,
      12.5,
      98.3,
      2.4,
      32.7,
      2.0,
      3.9,
      2.2,
      87.0,
      46.6,
      3.0,
      1.8,
      37.2,
      3.7,
      4.5,
      1.9,
      16.0,
      46.6,
      0.85,
      5.5,
      1.8,
      2.8,
      3.9,
      3.6
    ],
    [
      1.9,
      2.4,
      2.9,
      3.0,
      2.9,
      2.1,
      2.7,
      2.9,
      0.25,
      1.5,
      2.0,
      34.4,
      2.3,
      1.0,
      1.0,
      2.1,
      2.7,
      0.0,
      3.2,
      3.1,
      63.1,
      6.4,
      9.2,
      2.5,
      5.3,
      1.9,
      47.3,
      3.1,
      44.2,
      0.85,
      6.4,
      6.7,
      1.7,
      2.2,
      2.6,
      3.0,
      3.2,
      12.3,
      99.3,
      2.0,
      27.8,
      1.3,
      5.9,
      1.8,
      88.0,
      47.6,
      3.0,
      2.2,
      32.4,
      0.85,
      4.7,
      1.9,
      17.0,
      54.8,
      2.4,
      2.2,
      3.9,
      1.5,
      5.9,
      3.0
    ],
    [
      3.7,
      0.7,
      4.1,
      2.2,
      2.1,
      0.45,
      3.3,
      4.2,
      0.75,
      0.75,
      3.0,
      35.4,
      3.6,
      2.6,
      0.23,
      3.9,
      4.1,
      3.2,
      0.0,
      2.1,
      62.7,
      8.8,
      13.1,
      1.1,
      5.1,
      3.9,
      47.0,
      2.1,
      42.8,
      5.0,
      8.8,
      9.3,
      0.2,
      0.8,
      2.0,
      3.3,
      4.6,
      13.7,
      98.9,
      0.75,
      31.8,
      0.23,
      5.0,
      0.9,
      87.7,
      47.3,
      2.0,
      1.3,
      36.4,
      0.7,
      5.7,
      0.65,
      16.6,
      47.6,
      1.3,
      4.7,
      1.0,
      1.5,
      5.0,
      3.4
    ],
    [
      2.2,
      2.6,
      1.2,
      4.1,
      4.0,
      2.3,
      2.6,
      0.3,
      2.7,
      3.9,
      5.5,
      37.7,
      0.85,
      3.1,
      3.1,
      1.3,
      2.6,
      3.1,
      2.1,
      0.0,
      63.9,
      9.1,
      16.0,
      2.1,
      4.4,
      6.0,
      44.6,
      0.01,
      41.0,
      6.1,
      9.1,
      9.7,
      2.0,
      0.9,
      1.5,
      3.9,
      5.4,
      14.6,
      100.0,
      1.7,
      34.7,
      1.9,
      3.8,
      1.9,
      88.9,
      47.2,
      0.35,
      1.4,
      39.3,
      4.2,
      6.9,
      2.1,
      17.8,
      45.7,
      1.6,
      5.9,
      2.3,
      2.1,
      3.7,
      4.0
    ],
    [
      65.0,
      62.6,
      63.5,
      62.3,
      63.1,
      62.9,
      61.3,
      63.6,
      63.7,
      62.5,
      63.5,
      95.1,
      63.1,
      62.8,
      62.8,
      63.3,
      62.1,
      63.1,
      62.7,
      63.9,
      0.0,
      67.8,
      71.6,
      62.7,
      71.9,
      63.4,
      45.5,
      63.6,
      50.4,
      63.0,
      55.1,
      56.0,
      62.3,
      62.7,
      63.5,
      62.7,
      67.0,
      50.6,
      48.4,
      63.1,
      90.2,
      62.7,
      64.6,
      62.9,
      37.1,
      50.8,
      63.6,
      62.8,
      94.8,
      62.4,
      59.0,
      62.6,
      48.5,
      57.7,
      62.8,
      63.8,
      61.7,
      63.5,
      72.7,
      62.8
    ],
    [
      8.3,
      6.6,
      9.3,
      5.8,
      6.0,
      8.3,
      6.1,
      9.3,
      7.0,
      6.8,
      5.1,
      37.6,
      7.9,
      7.5,
      7.5,
      8.8,
      6.9,
      6.4,
      8.8,
      9.1,
      67.8,
      0.0,
      13.0,
      7.7,
      14.3,
      7.3,
      44.3,
      9.3,
      47.5,
      6.7,
      0.17,
      0.85,
      9.1,
      8.1,
      8.6,
      5.9,
      9.5,
      6.2,
      87.8,
      8.3,
      31.6,
      7.6,
      9.6,
      7.8,
      76.5,
      40.0,
      9.7,
      8.5,
      36.2,
      6.8,
      3.7,
      7.9,
      10.9,
      52.2,
      7.9,
      4.7,
      8.5,
      8.1,
      9.6,
      5.4
    ],
    [
      8.8,
      11.1,
      9.4,
      11.9,
      11.8,
      13.4,
      13.2,
      10.3,
      9.7,
      10.5,
      9.0,
      26.9,
      13.5,
      11.2,
      11.2,
      9.5,
      11.8,
      9.2,
      13.1,
      16.0,
      71.6,
      13.0,
      0.0,
      13.2,
      10.2,
      10.4,
      55.8,
      10.7,
      52.6,
      11.0,
      15.1,
      15.4,
      12.8,
      13.2,
      14.0,
      11.6,
      7.1,
      20.9,
      108.0,
      10.2,
      21.7,
      10.4,
      16.2,
      12.0,
      96.5,
      56.1,
      10.0,
      13.3,
      26.3,
      10.5,
      13.4,
      12.4,
      25.5,
      63.3,
      13.3,
      11.0,
      12.2,
      9.5,
      16.1,
      11.7
    ],
    [
      3.2,
      1.7,
      2.2,
      3.2,
      3.1,
      1.4,
      1.0,
      2.3,
      2.2,
      3.0,
      4.5,
      36.7,
      0.65,
      3.2,
      3.2,
      1.8,
      0.75,
      2.5,
      1.1,
      2.1,
      62.7,
      7.7,
      13.2,
      0.0,
      5.8,
      4.0,
      46.3,
      1.9,
      41.7,
      4.1,
      6.9,
      7.3,
      0.95,
      1.4,
      0.6,
      2.9,
      5.2,
      12.5,
      98.3,
      1.8,
      31.9,
      1.3,
      3.8,
      1.5,
      87.0,
      47.9,
      2.3,
      0.75,
      36.5,
      3.1,
      4.5,
      1.3,
      16.0,
      46.4,
      0.24,
      4.8,
      1.1,
      2.2,
      3.8,
      3.0
    ],
    [
      3.8,
      5.6,
      3.8,
      12.3,
      12.1,
      5.4,
      6.5,
      3.8,
      5.0,
      10.9,
      9.3,
      36.0,
      4.8,
      5.5,
      5.5,
      4.1,
      6.5,
      5.3,
      5.1,
      4.4,
      71.9,
      14.3,
      10.2,
      5.8,
      0.0,
      9.7,
      45.8,
      4.8,
      42.2,
      10.3,
      14.3,
      15.3,
      4.7,
      4.6,
      5.2,
      10.9,
      4.5,
      20.2,
      107.0,
      4.3,
      31.2,
      4.4,
      6.2,
      4.5,
      95.8,
      48.4,
      3.6,
      5.1,
      35.8,
      9.8,
      12.6,
      4.8,
      24.7,
      46.9,
      5.3,
      10.3,
      5.5,
      3.9,
      6.0,
      11.0
    ],
    [
      3.9,
      0.6,
      4.8,
      0.85,
      3.6,
      0.85,
      4.7,
      4.9,
      2.6,
      2.1,
      2.4,
      34.0,
      4.3,
      1.0,
      3.0,
      4.3,
      4.7,
      1.9,
      3.9,
      6.0,
      63.4,
      7.3,
      10.4,
      4.0,
      9.7,
      0.0,
      45.4,
      9.5,
      42.2,
      8.9,
      11.3,
      14.0,
      8.2,
      8.6,
      9.4,
      0.9,
      12.9,
      14.9,
      97.3,
      9.0,
      36.1,
      8.6,
      8.0,
      8.8,
      86.1,
      45.7,
      9.4,
      8.7,
      40.7,
      8.3,
      7.5,
      8.5,
      15.1,
      52.9,
      8.7,
      9.6,
      1.2,
      9.4,
      10.0,
      8.7
    ],
    [
      49.3,
      46.9,
      45.9,
      46.6,
      47.4,
      47.2,
      45.6,
      44.8,
      48.0,
      46.8,
      47.8,
      79.4,
      45.2,
      47.1,
      47.1,
      47.6,
      46.3,
      47.3,
      47.0,
      44.6,
      45.5,
      44.3,
      55.8,
      46.3,
      45.8,
      45.4,
      0.0,
      48.2,
      9.5,
      47.6,
      52.4,
      52.7,
      46.9,
      47.3,
      48.1,
      47.3,
      51.6,
      41.6,
      92.4,
      47.7,
      74.8,
      47.3,
      43.3,
      47.5,
      81.2,
      5.6,
      44.8,
      47.4,
      79.4,
      47.0,
      43.6,
      47.2,
      33.1,
      12.5,
      47.4,
      48.3,
      46.3,
      48.1,
      43.1,
      47.4
    ],
    [
      2.2,
      2.6,
      0.65,
      4.2,
      4.1,
      2.4,
      2.7,
      0.35,
      2.7,
      4.0,
      5.5,
      37.7,
      0.8,
      3.2,
      3.2,
      0.8,
      2.6,
      3.1,
      2.1,
      0.01,
      63.6,
      9.3,
      10.7,
      1.9,
      4.8,
      9.5,
      48.2,
      0.0,
      41.0,
      5.2,
      9.1,
      9.4,
      2.0,
      0.9,
      1.5,
      4.0,
      5.4,
      14.6,
      100.0,
      1.8,
      34.8,
      2.0,
      3.8,
      1.9,
      88.9,
      47.2,
      0.35,
      0.85,
      39.4,
      4.2,
      6.6,
      2.2,
      17.9,
      45.7,
      1.6,
      5.9,
      2.3,
      2.2,
      3.7,
      4.1
    ],
    [
      43.2,
      43.4,
      42.3,
      44.1,
      44.3,
      43.1,
      42.0,
      41.1,
      45.3,
      43.6,
      44.6,
      76.2,
      41.5,
      43.9,
      43.9,
      42.4,
      41.8,
      44.2,
      42.8,
      41.0,
      50.4,
      47.5,
      52.6,
      41.7,
      42.2,
      42.2,
      9.5,
      41.0,
      0.0,
      41.5,
      46.4,
      46.6,
      40.8,
      41.3,
      41.4,
      41.3,
      45.6,
      35.6,
      86.3,
      41.6,
      68.8,
      41.2,
      39.6,
      41.4,
      75.0,
      6.8,
      41.1,
      41.3,
      73.4,
      40.9,
      37.6,
      41.2,
      27.1,
      14.0,
      41.1,
      42.2,
      40.3,
      42.6,
      39.5,
      41.4
    ],
    [
      3.9,
      3.0,
      4.9,
      3.4,
      3.3,
      5.3,
      5.1,
      4.9,
      0.75,
      2.4,
      1.9,
      34.6,
      4.4,
      3.1,
      3.0,
      4.3,
      4.7,
      0.85,
      5.0,
      6.1,
      63.0,
      6.7,
      11.0,
      4.1,
      10.3,
      8.9,
      47.6,
      5.2,
      41.5,
      0.0,
      7.0,
      6.9,
      2.0,
      2.7,
      3.4,
      3.8,
      3.5,
      12.9,
      100.0,
      2.6,
      28.1,
      1.6,
      6.6,
      2.1,
      88.9,
      48.5,
      3.3,
      2.5,
      32.7,
      0.9,
      5.5,
      2.2,
      17.8,
      51.6,
      3.6,
      2.5,
      3.8,
      1.8,
      6.6,
      3.9
    ],
    [
      8.3,
      6.6,
      9.3,
      5.5,
      6.1,
      8.3,
      6.1,
      9.3,
      7.1,
      6.8,
      5.1,
      37.6,
      8.0,
      7.5,
      7.5,
      8.8,
      6.9,
      6.4,
      8.8,
      9.1,
      55.1,
      0.17,
      15.1,
      6.9,
      14.3,
      11.3,
      52.4,
      9.1,
      46.4,
      7.0,
      0.0,
      0.85,
      9.1,
      9.6,
      10.3,
      5.9,
      9.5,
      6.2,
      87.8,
      8.3,
      31.6,
      7.6,
      9.6,
      8.1,
      76.5,
      43.4,
      10.6,
      9.6,
      36.2,
      6.8,
      4.1,
      7.9,
      11.0,
      52.2,
      7.9,
      4.7,
      8.5,
      9.2,
      9.6,
      7.0
    ],
    [
      8.6,
      7.3,
      10.3,
      6.9,
      7.2,
      9.6,
      6.6,
      9.6,
      7.3,
      6.7,
      5.0,
      37.6,
      8.4,
      7.3,
      7.3,
      8.3,
      7.3,
      6.7,
      9.3,
      9.7,
      56.0,
      0.85,
      15.4,
      7.3,
      15.3,
      14.0,
      52.7,
      9.4,
      46.6,
      6.9,
      0.85,
      0.0,
      8.5,
      8.9,
      9.7,
      6.3,
      8.9,
      8.3,
      104.0,
      7.7,
      31.0,
      7.9,
      9.3,
      7.5,
      92.8,
      52.9,
      10.3,
      9.0,
      35.6,
      6.2,
      4.1,
      7.2,
      11.9,
      51.5,
      9.0,
      4.1,
      7.9,
      8.1,
      8.9,
      6.3
    ],
    [
      2.1,
      0.85,
      1.1,
      3.3,
      3.2,
      0.55,
      1.6,
      1.8,
      1.4,
      0.85,
      4.2,
      36.3,
      1.2,
      0.45,
      0.11,
      1.0,
      1.6,
      1.7,
      0.2,
      2.0,
      62.3,
      9.1,
      12.8,
      0.95,
      4.7,
      8.2,
      46.9,
      2.0,
      40.8,
      2.0,
      9.1,
      8.5,
      0.0,
      0.75,
      0.8,
      1.9,
      4.2,
      12.3,
      99.1,
      0.9,
      30.0,
      0.4,
      6.3,
      2.0,
      87.8,
      48.8,
      3.1,
      1.1,
      34.6,
      0.85,
      4.7,
      0.4,
      18.2,
      48.9,
      2.6,
      3.0,
      0.7,
      1.7,
      7.1,
      2.0
    ],
    [
      1.9,
      1.7,
      0.6,
      3.3,
      3.2,
      1.5,
      2.1,
      1.0,
      1.8,
      3.1,
      4.6,
      36.8,
      0.75,
      1.2,
      0.8,
      0.75,
      2.0,
      2.2,
      0.8,
      0.9,
      62.7,
      8.1,
      13.2,
      1.4,
      4.6,
      8.6,
      47.3,
      0.9,
      41.3,
      2.7,
      9.6,
      8.9,
      0.75,
      0.0,
      0.7,
      2.6,
      3.9,
      13.0,
      99.3,
      0.35,
      30.7,
      0.65,
      4.6,
      0.6,
      88.0,
      48.3,
      1.3,
      0.85,
      35.3,
      3.4,
      6.0,
      0.85,
      17.0,
      46.8,
      1.6,
      3.7,
      1.4,
      0.75,
      4.6,
      2.7
    ],
    [
      2.6,
      2.5,
      1.6,
      4.0,
      3.9,
      2.2,
      1.9,
      1.7,
      2.2,
      3.8,
      5.4,
      37.6,
      0.4,
      1.1,
      4.1,
      1.4,
      1.9,
      2.6,
      2.0,
      1.5,
      63.5,
      8.6,
      14.0,
      0.6,
      5.2,
      9.4,
      48.1,
      1.5,
      41.4,
      3.4,
      10.3,
      9.7,
      0.8,
      0.7,
      0.0,
      2.7,
      5.0,
      13.2,
      98.8,
      1.1,
      31.7,
      0.7,
      4.5,
      0.85,
      87.6,
      47.2,
      1.6,
      0.3,
      36.3,
      2.9,
      5.2,
      0.9,
      16.6,
      47.1,
      0.7,
      4.7,
      0.95,
      1.5,
      4.4,
      2.8
    ],
    [
      4.9,
      1.7,
      3.0,
      0.28,
      0.4,
      3.6,
      3.4,
      3.7,
      3.6,
      2.0,
      3.3,
      35.2,
      3.2,
      1.8,
      1.8,
      2.9,
      3.5,
      3.0,
      3.3,
      3.9,
      62.7,
      5.9,
      11.6,
      2.9,
      10.9,
      0.9,
      47.3,
      4.0,
      41.3,
      3.8,
      5.9,
      6.3,
      1.9,
      2.6,
      2.7,
      0.0,
      7.1,
      11.0,
      99.1,
      2.9,
      30.3,
      2.5,
      6.0,
      2.7,
      87.9,
      47.5,
      3.8,
      3.1,
      34.9,
      2.2,
      3.0,
      2.4,
      16.9,
      48.7,
      3.1,
      2.9,
      2.4,
      3.3,
      6.0,
      0.092
    ],
    [
      3.0,
      6.6,
      3.6,
      7.4,
      6.8,
      4.9,
      5.8,
      4.2,
      3.7,
      6.0,
      4.5,
      33.2,
      4.5,
      4.2,
      4.1,
      3.6,
      5.8,
      3.2,
      4.6,
      5.4,
      67.0,
      9.5,
      7.1,
      5.2,
      4.5,
      12.9,
      51.6,
      5.4,
      45.6,
      3.5,
      9.5,
      8.9,
      4.2,
      3.9,
      5.0,
      7.1,
      0.0,
      16.7,
      104.0,
      4.0,
      27.8,
      4.3,
      7.8,
      4.3,
      92.3,
      51.9,
      4.2,
      4.9,
      32.4,
      6.3,
      9.1,
      4.5,
      21.3,
      59.1,
      5.1,
      6.8,
      8.0,
      3.7,
      7.8,
      7.5
    ],
    [
      14.2,
      12.0,
      15.0,
      11.1,
      11.4,
      13.9,
      11.8,
      15.1,
      12.9,
      12.7,
      11.0,
      43.5,
      13.6,
      12.2,
      12.2,
      13.3,
      12.5,
      12.3,
      13.7,
      14.6,
      50.6,
      6.2,
      20.9,
      12.5,
      20.2,
      14.9,
      41.6,
      14.6,
      35.6,
      12.9,
      6.2,
      8.3,
      12.3,
      13.0,
      13.2,
      11.0,
      16.7,
      0.0,
      82.8,
      13.4,
      37.6,
      13.0,
      15.0,
      13.2,
      71.5,
      41.9,
      14.7,
      13.9,
      42.2,
      12.8,
      9.6,
      13.0,
      12.9,
      49.0,
      13.6,
      10.6,
      14.5,
      14.0,
      15.0,
      12.1
    ],
    [
      101.0,
      98.8,
      99.8,
      98.5,
      99.3,
      99.2,
      97.5,
      99.9,
      99.9,
      98.7,
      99.7,
      131.0,
      99.3,
      99.0,
      99.0,
      99.5,
      98.3,
      99.3,
      98.9,
      100.0,
      48.4,
      87.8,
      108.0,
      98.3,
      107.0,
      97.3,
      92.4,
      100.0,
      86.3,
      100.0,
      87.8,
      104.0,
      99.1,
      99.3,
      98.8,
      99.1,
      104.0,
      82.8,
      0.0,
      99.3,
      126.0,
      98.9,
      109.0,
      99.1,
      16.4,
      92.8,
      99.8,
      99.1,
      131.0,
      98.6,
      95.3,
      98.9,
      84.7,
      100.0,
      99.1,
      99.9,
      97.9,
      99.7,
      109.0,
      99.1
    ],
    [
      1.8,
      1.6,
      0.6,
      3.2,
      3.1,
      1.4,
      2.4,
      1.4,
      1.7,
      3.4,
      4.0,
      35.8,
      1.2,
      1.0,
      2.1,
      0.6,
      2.4,
      2.0,
      0.75,
      1.7,
      63.1,
      8.3,
      10.2,
      1.8,
      4.3,
      9.0,
      47.7,
      1.8,
      41.6,
      2.6,
      8.3,
      7.7,
      0.9,
      0.35,
      1.1,
      2.9,
      4.0,
      13.4,
      99.3,
      0.0,
      29.5,
      0.55,
      5.3,
      0.4,
      89.8,
      49.4,
      1.9,
      1.2,
      34.1,
      2.5,
      6.5,
      0.65,
      18.8,
      48.0,
      2.2,
      4.0,
      2.3,
      0.55,
      5.3,
      3.6
    ],
    [
      30.0,
      29.8,
      30.6,
      30.6,
      30.4,
      32.0,
      31.9,
      31.2,
      28.4,
      29.2,
      27.7,
      12.0,
      32.2,
      29.9,
      28.8,
      30.7,
      32.7,
      27.8,
      31.8,
      34.7,
      90.2,
      31.6,
      21.7,
      31.9,
      31.2,
      36.1,
      74.8,
      34.8,
      68.8,
      28.1,
      31.6,
      31.0,
      30.0,
      30.7,
      31.7,
      30.3,
      27.8,
      37.6,
      126.0,
      29.5,
      0.0,
      29.5,
      35.2,
      31.0,
      116.0,
      75.1,
      31.6,
      32.3,
      8.4,
      29.5,
      32.4,
      32.1,
      44.5,
      82.3,
      32.3,
      30.0,
      31.2,
      29.7,
      35.2,
      30.7
    ],
    [
      1.7,
      1.2,
      1.0,
      2.8,
      2.6,
      0.6,
      2.0,
      1.7,
      0.9,
      0.95,
      2.8,
      34.0,
      1.2,
      1.3,
      0.4,
      0.75,
      2.0,
      1.3,
      0.23,
      1.9,
      62.7,
      7.6,
      10.4,
      1.3,
      4.4,
      8.6,
      47.3,
      2.0,
      41.2,
      1.6,
      7.6,
      7.9,
      0.4,
      0.65,
      0.7,
      2.5,
      4.3,
      13.0,
      98.9,
      0.55,
      29.5,
      0.0,
      4.7,
      0.19,
      87.8,
      47.4,
      1.7,
      1.0,
      33.6,
      0.9,
      5.1,
      0.6,
      16.8,
      47.3,
      1.2,
      3.5,
      1.0,
      0.8,
      4.6,
      2.5
    ],
    [
      5.4,
      5.5,
      4.4,
      6.2,
      6.5,
      5.2,
      4.2,
      4.5,
      5.6,
      6.0,
      7.5,
      39.7,
      3.7,
      6.2,
      6.2,
      4.5,
      3.9,
      5.9,
      5.0,
      3.8,
      64.6,
      9.6,
      16.2,
      3.8,
      6.2,
      8.0,
      43.3,
      3.8,
      39.6,
      6.6,
      9.6,
      9.3,
      6.3,
      4.6,
      4.5,
      6.0,
      7.8,
      15.0,
      109.0,
      5.3,
      35.2,
      4.7,
      0.0,
      4.8,
      99.0,
      47.0,
      3.9,
      3.8,
      39.2,
      5.9,
      6.6,
      4.9,
      18.0,
      45.6,
      3.5,
      7.6,
      5.2,
      5.0,
      0.098,
      6.1
    ],
    [
      2.0,
      1.4,
      1.0,
      2.9,
      2.8,
      0.7,
      2.2,
      1.6,
      1.0,
      1.0,
      3.8,
      36.9,
      1.4,
      0.65,
      0.5,
      0.6,
      2.2,
      1.8,
      0.9,
      1.9,
      62.9,
      7.8,
      12.0,
      1.5,
      4.5,
      8.8,
      47.5,
      1.9,
      41.4,
      2.1,
      8.1,
      7.5,
      2.0,
      0.6,
      0.85,
      2.7,
      4.3,
      13.2,
      99.1,
      0.4,
      31.0,
      0.19,
      4.8,
      0.0,
      88.4,
      48.0,
      2.1,
      1.6,
      33.6,
      1.0,
      6.0,
      1.2,
      17.3,
      47.9,
      1.8,
      3.1,
      1.8,
      0.65,
      5.2,
      3.1
    ],
    [
      90.0,
      87.6,
      88.5,
      87.3,
      88.1,
      87.9,
      86.3,
      88.6,
      88.7,
      87.5,
      88.5,
      120.0,
      88.1,
      87.7,
      87.7,
      88.3,
      87.0,
      88.0,
      87.7,
      88.9,
      37.1,
      76.5,
      96.5,
      87.0,
      95.8,
      86.1,
      81.2,
      88.9,
      75.0,
      88.9,
      76.5,
      92.8,
      87.8,
      88.0,
      87.6,
      87.9,
      92.3,
      71.5,
      16.4,
      89.8,
      116.0,
      87.8,
      99.0,
      88.4,
      0.0,
      81.8,
      88.7,
      88.0,
      120.0,
      87.6,
      84.2,
      87.8,
      73.7,
      88.9,
      88.0,
      88.8,
      86.9,
      88.7,
      97.9,
      88.0
    ],
    [
      49.4,
      47.2,
      48.5,
      50.4,
      47.7,
      47.5,
      45.9,
      47.3,
      48.5,
      47.1,
      48.1,
      79.7,
      47.7,
      47.3,
      48.7,
      48.6,
      46.6,
      47.6,
      47.3,
      47.2,
      50.8,
      40.0,
      56.1,
      47.9,
      48.4,
      45.7,
      5.6,
      47.2,
      6.8,
      48.5,
      43.4,
      52.9,
      48.8,
      48.3,
      47.2,
      47.5,
      51.9,
      41.9,
      92.8,
      49.4,
      75.1,
      47.4,
      47.0,
      48.0,
      81.8,
      0.0,
      47.4,
      47.6,
      79.6,
      47.2,
      46.1,
      47.4,
      33.3,
      10.2,
      47.3,
      48.5,
      46.5,
      48.3,
      45.7,
      47.6
    ],
    [
      1.8,
      2.6,
      0.8,
      4.1,
      4.0,
      2.3,
      3.0,
      0.21,
      2.6,
      3.9,
      5.4,
      36.2,
      1.3,
      3.0,
      3.0,
      1.0,
      3.0,
      3.0,
      2.0,
      0.35,
      63.6,
      9.7,
      10.0,
      2.3,
      3.6,
      9.4,
      44.8,
      0.35,
      41.1,
      3.3,
      10.6,
      10.3,
      3.1,
      1.3,
      1.6,
      3.8,
      4.2,
      14.7,
      99.8,
      1.9,
      31.6,
      1.7,
      3.9,
      2.1,
      88.7,
      47.4,
      0.0,
      1.7,
      35.8,
      3.9,
      6.4,
      1.9,
      17.6,
      45.9,
      1.9,
      5.7,
      2.0,
      1.8,
      3.8,
      3.8
    ],
    [
      2.5,
      1.8,
      1.5,
      3.4,
      3.3,
      1.6,
      1.8,
      1.6,
      1.9,
      3.1,
      4.7,
      36.9,
      0.3,
      2.3,
      2.3,
      1.4,
      1.8,
      2.2,
      1.3,
      1.4,
      62.8,
      8.5,
      13.3,
      0.75,
      5.1,
      8.7,
      47.4,
      0.85,
      41.3,
      2.5,
      9.6,
      9.0,
      1.1,
      0.85,
      0.3,
      3.1,
      4.9,
      13.9,
      99.1,
      1.2,
      32.3,
      1.0,
      3.8,
      1.6,
      88.0,
      47.6,
      1.7,
      0.0,
      34.6,
      3.2,
      5.5,
      1.2,
      16.9,
      46.6,
      0.7,
      5.0,
      1.3,
      1.9,
      4.0,
      3.1
    ],
    [
      34.6,
      34.4,
      35.2,
      35.2,
      35.0,
      36.6,
      36.5,
      35.8,
      33.0,
      33.8,
      32.3,
      0.85,
      36.8,
      34.5,
      34.5,
      35.3,
      37.2,
      32.4,
      36.4,
      39.3,
      94.8,
      36.2,
      26.3,
      36.5,
      35.8,
      40.7,
      79.4,
      39.4,
      73.4,
      32.7,
      36.2,
      35.6,
      34.6,
      35.3,
      36.3,
      34.9,
      32.4,
      42.2,
      131.0,
      34.1,
      8.4,
      33.6,
      39.2,
      33.6,
      120.0,
      79.6,
      35.8,
      34.6,
      0.0,
      34.3,
      37.2,
      37.0,
      49.3,
      87.5,
      37.2,
      34.8,
      36.0,
      34.5,
      40.0,
      35.6
    ],
    [
      2.6,
      0.6,
      3.8,
      2.5,
      2.4,
      3.2,
      3.1,
      3.9,
      0.65,
      0.35,
      1.9,
      34.1,
      3.4,
      0.55,
      0.7,
      3.6,
      3.7,
      0.85,
      0.7,
      4.2,
      62.4,
      6.8,
      10.5,
      3.1,
      9.8,
      8.3,
      47.0,
      4.2,
      40.9,
      0.9,
      6.8,
      6.2,
      0.85,
      3.4,
      2.9,
      2.2,
      6.3,
      12.8,
      98.6,
      2.5,
      29.5,
      0.9,
      5.9,
      1.0,
      87.6,
      47.2,
      3.9,
      3.2,
      34.3,
      0.0,
      4.8,
      0.75,
      16.4,
      49.5,
      3.1,
      2.5,
      1.0,
      1.3,
      5.9,
      2.0
    ],
    [
      6.6,
      4.4,
      7.0,
      3.2,
      3.4,
      5.9,
      3.8,
      7.1,
      5.3,
      4.9,
      4.7,
      36.9,
      5.6,
      4.6,
      4.6,
      5.6,
      4.5,
      4.7,
      5.7,
      6.9,
      59.0,
      3.7,
      13.4,
      4.5,
      12.6,
      7.5,
      43.6,
      6.6,
      37.6,
      5.5,
      4.1,
      4.1,
      4.7,
      6.0,
      5.2,
      3.0,
      9.1,
      9.6,
      95.3,
      6.5,
      32.4,
      5.1,
      6.6,
      6.0,
      84.2,
      46.1,
      6.4,
      5.5,
      37.2,
      4.8,
      0.0,
      5.5,
      10.7,
      49.3,
      5.0,
      3.5,
      4.6,
      6.4,
      6.7,
      2.9
    ],
    [
      2.3,
      0.75,
      1.2,
      2.7,
      2.6,
      0.5,
      2.0,
      1.9,
      0.7,
      3.0,
      3.5,
      36.7,
      1.3,
      1.9,
      1.9,
      0.85,
      1.9,
      1.9,
      0.65,
      2.1,
      62.6,
      7.9,
      12.4,
      1.3,
      4.8,
      8.5,
      47.2,
      2.2,
      41.2,
      2.2,
      7.9,
      7.2,
      0.4,
      0.85,
      0.9,
      2.4,
      4.5,
      13.0,
      98.9,
      0.65,
      32.1,
      0.6,
      4.9,
      1.2,
      87.8,
      47.4,
      1.9,
      1.2,
      37.0,
      0.75,
      5.5,
      0.0,
      18.0,
      47.9,
      1.8,
      2.8,
      0.85,
      0.85,
      5.2,
      3.1
    ],
    [
      18.9,
      16.6,
      17.5,
      16.2,
      17.0,
      16.9,
      15.2,
      17.6,
      17.6,
      16.5,
      17.4,
      49.0,
      17.1,
      16.7,
      16.7,
      17.3,
      16.0,
      17.0,
      16.6,
      17.8,
      48.5,
      10.9,
      25.5,
      16.0,
      24.7,
      15.1,
      33.1,
      17.9,
      27.1,
      17.8,
      11.0,
      11.9,
      18.2,
      17.0,
      16.6,
      16.9,
      21.3,
      12.9,
      84.7,
      18.8,
      44.5,
      16.8,
      18.0,
      17.3,
      73.7,
      33.3,
      17.6,
      16.9,
      49.3,
      16.4,
      10.7,
      18.0,
      0.0,
      37.4,
      17.1,
      13.8,
      16.0,
      17.7,
      19.0,
      17.1
    ],
    [
      48.0,
      48.1,
      47.0,
      48.8,
      49.1,
      47.9,
      46.8,
      45.9,
      48.2,
      48.6,
      50.2,
      86.8,
      48.5,
      48.9,
      48.9,
      47.1,
      46.6,
      54.8,
      47.6,
      45.7,
      57.7,
      52.2,
      63.3,
      46.4,
      46.9,
      52.9,
      12.5,
      45.7,
      14.0,
      51.6,
      52.2,
      51.5,
      48.9,
      46.8,
      47.1,
      48.7,
      59.1,
      49.0,
      100.0,
      48.0,
      82.3,
      47.3,
      45.6,
      47.9,
      88.9,
      10.2,
      45.9,
      46.6,
      87.5,
      49.5,
      49.3,
      47.9,
      37.4,
      0.0,
      47.6,
      62.5,
      49.2,
      49.1,
      46.0,
      50.1
    ],
    [
      2.7,
      1.8,
      1.7,
      3.4,
      3.3,
      1.6,
      1.2,
      1.8,
      2.1,
      3.2,
      4.7,
      36.9,
      0.45,
      2.5,
      2.5,
      1.6,
      0.85,
      2.4,
      1.3,
      1.6,
      62.8,
      7.9,
      13.3,
      0.24,
      5.3,
      8.7,
      47.4,
      1.6,
      41.1,
      3.6,
      7.9,
      9.0,
      2.6,
      1.6,
      0.7,
      3.1,
      5.1,
      13.6,
      99.1,
      2.2,
      32.3,
      1.2,
      3.5,
      1.8,
      88.0,
      47.3,
      1.9,
      0.7,
      37.2,
      3.1,
      5.0,
      1.8,
      17.1,
      47.6,
      0.0,
      5.3,
      1.7,
      2.4,
      4.3,
      3.4
    ],
    [
      4.2,
      2.8,
      5.2,
      2.8,
      2.7,
      5.0,
      4.8,
      5.7,
      2.9,
      2.3,
      1.4,
      34.6,
      5.1,
      2.9,
      2.9,
      4.0,
      5.5,
      2.2,
      4.7,
      5.9,
      63.8,
      4.7,
      11.0,
      4.8,
      10.3,
      9.6,
      48.3,
      5.9,
      42.2,
      2.5,
      4.7,
      4.1,
      3.0,
      3.7,
      4.7,
      2.9,
      6.8,
      10.6,
      99.9,
      4.0,
      30.0,
      3.5,
      7.6,
      3.1,
      88.8,
      48.5,
      5.7,
      5.0,
      34.8,
      2.5,
      3.5,
      2.8,
      13.8,
      62.5,
      5.3,
      0.0,
      4.0,
      3.8,
      7.6,
      2.5
    ],
    [
      2.8,
      1.0,
      1.9,
      2.7,
      2.6,
      0.75,
      1.8,
      2.0,
      2.1,
      2.0,
      3.6,
      35.8,
      1.5,
      0.5,
      0.75,
      1.7,
      1.8,
      3.9,
      1.0,
      2.3,
      61.7,
      8.5,
      12.2,
      1.1,
      5.5,
      1.2,
      46.3,
      2.3,
      40.3,
      3.8,
      8.5,
      7.9,
      0.7,
      1.4,
      0.95,
      2.4,
      8.0,
      14.5,
      97.9,
      2.3,
      31.2,
      1.0,
      5.2,
      1.8,
      86.9,
      46.5,
      2.0,
      1.3,
      36.0,
      1.0,
      4.6,
      0.85,
      16.0,
      49.2,
      1.7,
      4.0,
      0.0,
      1.8,
      4.8,
      2.6
    ],
    [
      0.85,
      2.0,
      1.1,
      3.6,
      3.5,
      1.8,
      2.8,
      1.8,
      0.8,
      3.8,
      3.1,
