{
  "drive_dist_matrix": [
    [
      0.0,
      10.46071,
      10.138842,
      9.173238,
      9.334171999999999,
      9.012303999999999,
      5.310822,
      2.896812,
      1.1265379999999998,
      0.80467,
      4.506151999999999,
      6.276426,
      1.448406,
      0.6437360000000001,
      10.138842,
      9.334171999999999,
      8.85137,
      9.334171999999999,
      0.407,
      8.207633999999999,
      3.8624159999999996,
      3.8624159999999996,
      4.82802,
      0.4,
      1.9312079999999998,
      4.667085999999999,
      1.60934,
      9.495106,
      0.6437360000000001,
      5.149888000000001,
      15.28873,
      5.9545580000000005,
      1.1265379999999998,
      5.9545580000000005,
      4.506151999999999,
      2.092142,
      8.85137,
      2.2530759999999996,
      5.63269,
      2.896812,
      22.208892000000002,
      8.690436,
      7.724831999999999,
      8.85137,
      3.7014819999999995,
      33.79614,
      32.99147,
      9.495106,
      14.644993999999999,
      31.864932,
      32.830535999999995,
      4.184284,
      34.118007999999996,
      0.6437360000000001,
      21.565156,
      28.002515999999996,
      29.77279,
      32.830535999999995
    ],
    [
      10.46071,
      0.0,
      18.50741,
      17.70274,
      17.70274,
      17.70274,
      13.67939,
      11.426314,
      9.977908000000001,
      9.495106,
      6.43736,
      14.644993999999999,
      9.977908000000001,
      9.495106,
      0.32186800000000004,
      18.024607999999997,
      17.541806,
      18.024607999999997,
      8.529501999999999,
      7.402963999999999,
      12.552852,
      5.63269,
      8.0467,
      9.495106,
      10.621644,
      6.43736,
      10.299776000000001,
      18.185542,
      9.495106,
      13.840323999999999,
      16.254334,
      9.173238,
      9.816974,
      14.805927999999998,
      13.196587999999998,
      10.943512,
      7.563898,
      10.782578,
      14.001257999999998,
      6.759228,
      23.174496,
      17.380872,
      16.415267999999998,
      17.541806,
      12.391918,
      42.486576,
      41.681906,
      18.185542,
      15.610598,
      40.555368,
      41.520972,
      4.9889540000000006,
      42.808444,
      9.495106,
      30.255592,
      23.33543,
      19.473014,
      41.520972
    ],
    [
      10.138842,
      18.50741,
      0.0,
      2.092142,
      2.092142,
      1.9312079999999998,
      5.9545580000000005,
      4.506151999999999,
      9.495106,
      9.65604,
      14.323126,
      3.057746,
      9.816974,
      9.334171999999999,
      18.50741,
      2.5749440000000003,
      2.735878,
      2.5749440000000003,
      13.840323999999999,
      10.138842,
      5.310822,
      13.518456,
      13.196587999999998,
      10.138842,
      8.368568,
      14.323126,
      8.529501999999999,
      1.2874720000000002,
      9.334171999999999,
      5.63269,
      14.001257999999998,
      14.323126,
      6.598293999999999,
      8.207633999999999,
      9.012303999999999,
      5.793624,
      11.104446000000001,
      5.310822,
      6.276426,
      9.173238,
      17.541806,
      5.9545580000000005,
      12.230984,
      2.41401,
      5.63269,
      31.221196,
      30.416525999999998,
      1.448406,
      13.357522000000001,
      36.532018,
      37.336687999999995,
      14.001257999999998,
      31.543064,
      9.334171999999999,
      11.26538,
      37.81949,
      39.589764,
      30.255592
    ],
    [
      9.173238,
      17.70274,
      2.092142,
      0.0,
      0.48280199999999995,
      3.8624159999999996,
      4.82802,
      5.149888000000001,
      8.368568,
      8.529501999999999,
      12.391918,
      2.41401,
      8.207633999999999,
      8.0467,
      19.955816000000002,
      4.506151999999999,
      4.345218,
      4.345218,
      15.127796,
      8.85137,
      5.793624,
      14.966862,
      14.644993999999999,
      8.85137,
      7.24203,
      12.552852,
      7.24203,
      2.896812,
      8.207633999999999,
      6.9201619999999995,
      12.713786,
      15.771532,
      7.724831999999999,
      9.495106,
      10.299776000000001,
      7.24203,
      9.977908000000001,
      7.24203,
      5.149888000000001,
      8.0467,
      16.415267999999998,
      7.24203,
      13.518456,
      4.345218,
      6.276426,
      32.669602,
      31.864932,
      3.21868,
      12.230984,
      37.81949,
      38.785094,
      11.909116000000001,
      32.99147,
      8.0467,
      13.035654,
      36.371084,
      38.141358,
      31.703998
    ],
    [
      9.334171999999999,
      17.70274,
      2.092142,
      0.48280199999999995,
      0.0,
      3.8624159999999996,
      4.82802,
      5.149888000000001,
      8.368568,
      8.529501999999999,
      12.552852,
      2.41401,
      8.368568,
      8.207633999999999,
      19.955816000000002,
      4.506151999999999,
      4.506151999999999,
      4.345218,
      15.28873,
      9.012303999999999,
      5.9545580000000005,
      11.748182,
      14.644993999999999,
      9.012303999999999,
      7.24203,
      12.552852,
      7.402963999999999,
      2.896812,
      8.207633999999999,
      7.0810960000000005,
      12.87472,
      15.771532,
      7.885766,
      9.65604,
      10.46071,
      7.402963999999999,
      10.138842,
      5.793624,
      5.149888000000001,
      8.207633999999999,
      11.909116000000001,
      7.402963999999999,
      13.67939,
      4.345218,
      6.276426,
      32.830535999999995,
      31.864932,
      3.379614,
      12.230984,
      36.692952,
      37.658556,
      11.909116000000001,
      32.99147,
      8.207633999999999,
      14.966862,
      36.371084,
      38.141358,
      31.864932
    ],
    [
      9.012303999999999,
      17.70274,
      1.9312079999999998,
      3.8624159999999996,
      3.8624159999999996,
      0.0,
      5.9545580000000005,
      4.02335,
      9.977908000000001,
      9.65604,
      13.035654,
      2.896812,
      8.529501999999999,
      9.334171999999999,
      17.219938,
      0.9656039999999999,
      0.80467,
      0.6437360000000001,
      12.552852,
      9.977908000000001,
      3.7014819999999995,
      12.391918,
      12.07005,
      11.104446000000001,
      8.368568,
      13.196587999999998,
      8.368568,
      1.1265379999999998,
      9.334171999999999,
      3.8624159999999996,
      13.840323999999999,
      13.196587999999998,
      9.012303999999999,
      6.9201619999999995,
      7.724831999999999,
      5.310822,
      11.104446000000001,
      4.82802,
      6.276426,
      9.173238,
      17.541806,
      4.667085999999999,
      10.943512,
      0.16093400000000002,
      4.184284,
      30.094658,
      29.129054000000004,
      0.6437360000000001,
      13.357522000000001,
      33.957074,
      34.922678,
      12.713786,
      30.416525999999998,
      9.173238,
      12.391918,
      36.532018,
      38.302292,
      29.129054000000004
    ],
    [
      5.310822,
      13.67939,
      5.9545580000000005,
      4.82802,
      4.82802,
      5.9545580000000005,
      0.0,
      3.5405480000000003,
      5.471756,
      5.63269,
      9.65604,
      3.7014819999999995,
      5.471756,
      5.310822,
      10.782578,
      6.759228,
      6.598293999999999,
      6.598293999999999,
      9.977908000000001,
      4.82802,
      4.184284,
      8.85137,
      9.334171999999999,
      6.115492,
      4.345218,
      9.65604,
      4.506151999999999,
      5.149888000000001,
      5.310822,
      5.9545580000000005,
      7.724831999999999,
      10.46071,
      4.9889540000000006,
      6.43736,
      9.977908000000001,
      4.506151999999999,
      5.9545580000000005,
      4.506151999999999,
      0.6437360000000001,
      4.667085999999999,
      15.932466,
      9.495106,
      13.196587999999998,
      6.598293999999999,
      4.667085999999999,
      34.922678,
      34.118007999999996,
      5.63269,
      11.748182,
      37.497622,
      38.302292,
      5.793624,
      35.244546,
      5.310822,
      17.219938,
      32.830535999999995,
      34.60081,
      33.957074
    ],
    [
      2.896812,
      11.426314,
      4.506151999999999,
      5.149888000000001,
      5.149888000000001,
      4.02335,
      3.5405480000000003,
      0.0,
      3.5405480000000003,
      3.21868,
      7.402963999999999,
      3.5405480000000003,
      2.2530759999999996,
      2.735878,
      11.748182,
      4.506151999999999,
      4.345218,
      4.184284,
      6.9201619999999995,
      7.0810960000000005,
      1.2874720000000002,
      6.759228,
      6.43736,
      3.5405480000000003,
      2.5749440000000003,
      7.563898,
      2.092142,
      4.9889540000000006,
      2.735878,
      4.02335,
      15.127796,
      7.563898,
      2.41401,
      3.379614,
      3.8624159999999996,
      1.7702740000000001,
      7.724831999999999,
      0.80467,
      3.21868,
      4.82802,
      18.829278,
      8.0467,
      7.0810960000000005,
      4.667085999999999,
      1.60934,
      33.313338,
      32.508668,
      5.149888000000001,
      14.48406,
      31.38213,
      32.347734,
      7.885766,
      33.635206,
      3.21868,
      21.082354,
      31.703998,
      33.474272,
      32.347734
    ],
    [
      1.1265379999999998,
      9.977908000000001,
      9.495106,
      8.368568,
      8.368568,
      9.977908000000001,
      5.471756,
      3.5405480000000003,
      0.0,
      1.448406,
      4.184284,
      7.885766,
      1.7702740000000001,
      0.9656039999999999,
      8.368568,
      10.138842,
      9.65604,
      10.138842,
      0.9656039999999999,
      5.793624,
      4.667085999999999,
      3.379614,
      5.63269,
      1.1265379999999998,
      0.80467,
      4.184284,
      1.448406,
      9.173238,
      0.9656039999999999,
      5.9545580000000005,
      14.644993999999999,
      6.759228,
      1.448406,
      6.9201619999999995,
      5.310822,
      2.735878,
      5.9545580000000005,
      2.735878,
      4.506151999999999,
      1.7702740000000001,
      19.955816000000002,
      9.495106,
      8.529501999999999,
      9.65604,
      4.506151999999999,
      34.761744,
      33.79614,
      9.495106,
      15.771532,
      32.830535999999995,
      33.635206,
      3.379614,
      34.922678,
      0.6437360000000001,
      22.53076,
      27.35878,
      29.129054000000004,
      33.79614
    ],
    [
      0.80467,
      9.495106,
      9.65604,
      8.529501999999999,
      8.529501999999999,
      9.65604,
      5.63269,
      3.21868,
      1.448406,
      0.0,
      5.149888000000001,
      5.471756,
      0.6437360000000001,
      0.16093400000000002,
      9.495106,
      9.012303999999999,
      8.368568,
      8.85137,
      0.80467,
      9.334171999999999,
      2.896812,
      4.506151999999999,
      4.184284,
      0.80467,
      1.448406,
      5.310822,
      0.9656039999999999,
      9.173238,
      0.32186800000000004,
      4.82802,
      16.415267999999998,
      5.310822,
      0.6437360000000001,
      4.02335,
      4.02335,
      1.60934,
      9.977908000000001,
      1.60934,
      4.82802,
      2.896812,
      23.33543,
      8.207633999999999,
      7.24203,
      8.368568,
      2.735878,
      33.474272,
      32.508668,
      9.012303999999999,
      16.0934,
      31.543064,
      32.508668,
      5.310822,
      33.635206,
      0.48280199999999995,
      21.243288,
      29.129054000000004,
      30.899327999999997,
      32.508668
    ],
    [
      4.506151999999999,
      6.43736,
      14.323126,
      12.391918,
      12.552852,
      13.035654,
      9.65604,
      7.402963999999999,
      4.184284,
      5.149888000000001,
      0.0,
      10.299776000000001,
      5.471756,
      5.149888000000001,
      4.506151999999999,
      13.67939,
      13.196587999999998,
      13.67939,
      4.184284,
      9.012303999999999,
      8.207633999999999,
      1.1265379999999998,
      3.5405480000000003,
      5.149888000000001,
      6.276426,
      0.32186800000000004,
      5.9545580000000005,
      13.840323999999999,
      5.149888000000001,
      9.495106,
      17.219938,
      4.667085999999999,
      5.471756,
      10.299776000000001,
      8.690436,
      6.598293999999999,
      9.173238,
      6.276426,
      9.65604,
      5.149888000000001,
      24.1401,
      12.87472,
      11.909116000000001,
      13.196587999999998,
      8.0467,
      38.141358,
      37.336687999999995,
      13.840323999999999,
      16.576202000000002,
      36.21015,
      37.175754000000005,
      5.793624,
      38.463226,
      5.149888000000001,
      25.910374,
      24.94477,
      23.657297999999997,
      37.175754000000005
    ],
    [
      6.276426,
      14.644993999999999,
      3.057746,
      2.41401,
      2.41401,
      2.896812,
      3.7014819999999995,
      3.5405480000000003,
      7.885766,
      5.471756,
      10.299776000000001,
      0.0,
      5.149888000000001,
      7.885766,
      14.644993999999999,
      3.21868,
      2.896812,
      2.896812,
      9.977908000000001,
      8.529501999999999,
      4.184284,
      11.426314,
      9.334171999999999,
      8.529501999999999,
      4.9889540000000006,
      12.230984,
      6.9201619999999995,
      3.21868,
      7.885766,
      4.506151999999999,
      12.391918,
      10.46071,
      5.310822,
      6.43736,
      6.759228,
      4.506151999999999,
      9.65604,
      4.184284,
      4.82802,
      6.598293999999999,
      16.0934,
      6.276426,
      9.977908000000001,
      3.379614,
      4.506151999999999,
      33.313338,
      32.347734,
      3.379614,
      11.909116000000001,
      34.278942,
      35.244546,
      8.368568,
      33.474272,
      7.724831999999999,
      13.518456,
      36.049215999999994,
      37.81949,
      32.347734
    ],
    [
      1.448406,
      9.977908000000001,
      9.816974,
      8.207633999999999,
      8.368568,
      8.529501999999999,
      5.471756,
      2.2530759999999996,
      1.7702740000000001,
      0.6437360000000001,
      5.471756,
      5.149888000000001,
      0.0,
      0.6437360000000001,
      9.495106,
      8.85137,
      8.368568,
      8.85137,
      4.667085999999999,
      9.334171999999999,
      2.735878,
      4.506151999999999,
      4.184284,
      1.2874720000000002,
      3.21868,
      5.310822,
      0.9656039999999999,
      9.012303999999999,
      0.6437360000000001,
      4.667085999999999,
      16.415267999999998,
      5.310822,
      0.6437360000000001,
      3.7014819999999995,
      4.02335,
      1.1265379999999998,
      9.977908000000001,
      1.448406,
      4.667085999999999,
      4.506151999999999,
      23.33543,
      8.207633999999999,
      7.24203,
      8.368568,
      2.41401,
      33.313338,
      32.508668,
      9.012303999999999,
      15.610598,
      31.38213,
      32.347734,
      5.310822,
      33.635206,
      0.9656039999999999,
      21.082354,
      29.129054000000004,
      30.899327999999997,
      32.347734
    ],
    [
      0.6437360000000001,
      9.495106,
      9.334171999999999,
      8.0467,
      8.207633999999999,
      9.334171999999999,
      5.310822,
      2.735878,
      0.9656039999999999,
      0.16093400000000002,
      5.149888000000001,
      7.885766,
      0.6437360000000001,
      0.0,
      9.495106,
      9.012303999999999,
      8.368568,
      8.85137,
      0.6437360000000001,
      6.276426,
      2.896812,
      4.506151999999999,
      4.184284,
      0.80467,
      1.2874720000000002,
      5.310822,
      0.80467,
      9.173238,
      0.285,
      4.82802,
      15.610598,
      5.310822,
      0.48280199999999995,
      4.02335,
      4.02335,
      1.448406,
      9.173238,
      1.60934,
      4.667085999999999,
      2.735878,
      20.11675,
      8.207633999999999,
      7.24203,
      8.368568,
      2.896812,
      33.474272,
      32.669602,
      9.012303999999999,
      15.932466,
      31.543064,
      32.508668,
      4.506151999999999,
      33.79614,
      0.32186800000000004,
      21.243288,
      28.324384000000002,
      30.094658,
      32.508668
    ],
    [
      10.138842,
      0.32186800000000004,
      18.50741,
      19.955816000000002,
      19.955816000000002,
      17.219938,
      10.782578,
      11.748182,
      8.368568,
      9.495106,
      4.506151999999999,
      14.644993999999999,
      9.495106,
      9.495106,
      0.0,
      17.863674,
      17.380872,
      17.863674,
      8.368568,
      7.724831999999999,
      12.391918,
      5.471756,
      7.885766,
      9.334171999999999,
      10.46071,
      6.276426,
      10.138842,
      18.024607999999997,
      9.334171999999999,
      13.67939,
      16.0934,
      9.012303999999999,
      9.65604,
      14.48406,
      12.87472,
      10.782578,
      7.885766,
      10.46071,
      9.977908000000001,
      7.0810960000000005,
      23.013562,
      17.219938,
      16.254334,
      17.380872,
      12.230984,
      42.325642,
      41.520972,
      18.024607999999997,
      15.449663999999999,
      40.394434000000004,
      41.360037999999996,
      5.149888000000001,
      42.64751,
      9.334171999999999,
      30.094658,
      23.013562,
      19.151146,
      41.360037999999996
    ],
    [
      9.334171999999999,
      18.024607999999997,
      2.5749440000000003,
      4.506151999999999,
      4.506151999999999,
      0.9656039999999999,
      6.759228,
      4.506151999999999,
      10.138842,
      9.012303999999999,
      13.67939,
      3.21868,
      8.85137,
      9.012303999999999,
      17.863674,
      0.0,
      2.2530759999999996,
      2.2530759999999996,
      14.162192000000001,
      9.334171999999999,
      4.82802,
      12.07005,
      13.518456,
      9.334171999999999,
      7.563898,
      12.87472,
      7.724831999999999,
      0.80467,
      8.529501999999999,
      5.149888000000001,
      13.196587999999998,
      14.644993999999999,
      8.207633999999999,
      8.368568,
      9.334171999999999,
      7.724831999999999,
      10.46071,
      4.82802,
      5.471756,
      8.529501999999999,
      16.89807,
      6.115492,
      12.552852,
      1.1265379999999998,
      5.310822,
      31.543064,
      30.738394000000003,
      0.9656039999999999,
      12.552852,
      35.566414,
      36.371084,
      12.230984,
      31.864932,
      8.529501999999999,
      11.909116000000001,
      36.692952,
      38.463226,
      30.57746
    ],
    [
      8.85137,
      17.541806,
      2.735878,
      4.345218,
      4.506151999999999,
      0.80467,
      6.598293999999999,
      4.345218,
      9.65604,
      8.368568,
      13.196587999999998,
      2.896812,
      8.368568,
      8.368568,
      17.380872,
      2.2530759999999996,
      0.0,
      0.16093400000000002,
      11.26538,
      10.943512,
      3.21868,
      10.943512,
      10.621644,
      9.65604,
      9.173238,
      13.196587999999998,
      5.793624,
      1.448406,
      9.012303999999999,
      3.057746,
      14.805927999999998,
      11.748182,
      7.724831999999999,
      5.9545580000000005,
      6.276426,
      5.310822,
      16.0934,
      4.82802,
      7.0810960000000005,
      10.621644,
      18.50741,
      3.7014819999999995,
      9.495106,
      0.6437360000000001,
      3.7014819999999995,
      30.255592,
      29.450922000000002,
      1.448406,
      14.162192000000001,
      33.79614,
      34.761744,
      11.426314,
      30.57746,
      8.85137,
      12.391918,
      35.244546,
      37.01482,
      29.289987999999997
    ],
    [
      9.334171999999999,
      18.024607999999997,
      2.5749440000000003,
      4.345218,
      4.345218,
      0.6437360000000001,
      6.598293999999999,
      4.184284,
      10.138842,
      8.85137,
      13.67939,
      2.896812,
      8.85137,
      8.85137,
      17.863674,
      2.2530759999999996,
      0.16093400000000002,
      0.0,
      11.426314,
      10.943512,
      3.379614,
      11.104446000000001,
      10.782578,
      9.977908000000001,
      9.173238,
      13.518456,
      5.9545580000000005,
      1.448406,
      10.138842,
      3.21868,
      14.805927999999998,
      11.909116000000001,
      5.793624,
      5.63269,
      5.9545580000000005,
      5.471756,
      16.254334,
      4.82802,
      7.0810960000000005,
      10.782578,
      18.50741,
      3.8624159999999996,
      9.173238,
      0.6437360000000001,
      3.7014819999999995,
      30.416525999999998,
      29.611855999999996,
      1.2874720000000002,
      14.162192000000001,
      33.474272,
      34.439876,
      11.587248,
      30.738394000000003,
      10.138842,
      12.391918,
      35.40548,
      37.175754000000005,
      29.450922000000002
    ],
    [
      0.407,
      8.529501999999999,
      13.840323999999999,
      15.127796,
      15.28873,
      12.552852,
      9.977908000000001,
      6.9201619999999995,
      0.9656039999999999,
      0.80467,
      4.184284,
      9.977908000000001,
      4.667085999999999,
      0.6437360000000001,
      8.368568,
      14.162192000000001,
      11.26538,
      11.426314,
      0.0,
      8.207633999999999,
      4.02335,
      4.9889540000000006,
      4.506151999999999,
      0.476,
      2.092142,
      7.24203,
      1.7702740000000001,
      9.65604,
      0.6437360000000001,
      5.310822,
      15.28873,
      5.63269,
      1.2874720000000002,
      6.115492,
      4.506151999999999,
      2.41401,
      8.85137,
      2.2530759999999996,
      5.471756,
      3.379614,
      22.208892000000002,
      8.85137,
      7.885766,
      9.012303999999999,
      3.8624159999999996,
      33.957074,
      33.152404000000004,
      9.65604,
      14.644993999999999,
      32.025866,
      32.99147,
      4.184284,
      34.278942,
      0.6437360000000001,
      21.72609,
      28.002515999999996,
      29.77279,
      32.99147
    ],
    [
      8.207633999999999,
      7.402963999999999,
      10.138842,
      8.85137,
      9.012303999999999,
      9.977908000000001,
      4.82802,
      7.0810960000000005,
      5.793624,
      9.334171999999999,
      9.012303999999999,
      8.529501999999999,
      9.334171999999999,
      6.276426,
      7.724831999999999,
      9.334171999999999,
      10.943512,
      10.943512,
      8.207633999999999,
      0.0,
      11.426314,
      9.816974,
      12.552852,
      8.85137,
      5.310822,
      9.012303999999999,
      5.793624,
      9.816974,
      9.012303999999999,
      12.713786,
      8.368568,
      13.67939,
      9.334171999999999,
      13.518456,
      11.909116000000001,
      7.0810960000000005,
      1.2874720000000002,
      10.299776000000001,
      4.184284,
      4.506151999999999,
      16.254334,
      16.0934,
      15.127796,
      10.943512,
      11.26538,
      41.360037999999996,
      40.555368,
      10.299776000000001,
      7.402963999999999,
      39.42883,
      40.394434000000004,
      4.9889540000000006,
      41.681906,
      8.0467,
      27.036912,
      25.105704,
      26.875978,
      40.394434000000004
    ],
    [
      3.8624159999999996,
      12.552852,
      5.310822,
      5.793624,
      5.9545580000000005,
      3.7014819999999995,
      4.184284,
      1.2874720000000002,
      4.667085999999999,
      2.896812,
      8.207633999999999,
      4.184284,
      2.735878,
      2.896812,
      12.391918,
      4.82802,
      3.21868,
      3.379614,
      4.02335,
      11.426314,
      0.0,
      6.9201619999999995,
      6.598293999999999,
      3.5405480000000003,
      5.310822,
      9.173238,
      2.2530759999999996,
      4.9889540000000006,
      2.896812,
      2.896812,
      18.346476,
      7.724831999999999,
      2.735878,
      2.41401,
      2.735878,
      2.092142,
      12.07005,
      1.9312079999999998,
      4.506151999999999,
      6.598293999999999,
      20.599552000000003,
      7.0810960000000005,
      5.9545580000000005,
      4.184284,
      0.32186800000000004,
      32.1868,
      31.38213,
      4.9889540000000006,
      16.415267999999998,
      30.255592,
      31.221196,
      7.402963999999999,
      32.508668,
      4.82802,
      20.11675,
      31.060262,
      32.830535999999995,
      31.221196
    ],
    [
      3.8624159999999996,
      5.63269,
      13.518456,
      14.966862,
      11.748182,
      12.391918,
      8.85137,
      6.759228,
      3.379614,
      4.506151999999999,
      1.1265379999999998,
      11.426314,
      4.506151999999999,
      4.506151999999999,
      5.471756,
      12.07005,
      10.943512,
      11.104446000000001,
      4.9889540000000006,
      9.816974,
      6.9201619999999995,
      0.0,
      2.735878,
      4.345218,
      5.63269,
      0.80467,
      5.149888000000001,
      13.196587999999998,
      4.345218,
      8.85137,
      16.576202000000002,
      3.8624159999999996,
      4.82802,
      9.65604,
      8.0467,
      5.793624,
      10.138842,
      5.63269,
      9.012303999999999,
      4.345218,
      23.496364,
      12.230984,
      11.26538,
      12.391918,
      7.24203,
      37.497622,
      36.532018,
      13.035654,
      15.932466,
      35.566414,
      36.532018,
      4.506151999999999,
      37.658556,
      4.506151999999999,
      25.266638,
      29.289987999999997,
      24.622902,
      36.532018
    ],
    [
      4.82802,
      8.0467,
      13.196587999999998,
      14.644993999999999,
      14.644993999999999,
      12.07005,
      9.334171999999999,
      6.43736,
      5.63269,
      4.184284,
      3.5405480000000003,
      9.334171999999999,
      4.184284,
      4.184284,
      7.885766,
      13.518456,
      10.621644,
      10.782578,
      4.506151999999999,
      12.552852,
      6.598293999999999,
      2.735878,
      0.0,
      4.184284,
      5.310822,
      3.5405480000000003,
      4.9889540000000006,
      12.87472,
      4.184284,
      8.529501999999999,
      18.50741,
      1.1265379999999998,
      4.506151999999999,
      9.334171999999999,
      7.724831999999999,
      5.63269,
      12.07005,
      5.310822,
      8.690436,
      6.598293999999999,
      25.427572,
      12.07005,
      10.943512,
      12.230984,
      7.0810960000000005,
      37.175754000000005,
      36.371084,
      12.87472,
      17.863674,
      35.244546,
      36.21015,
      7.402963999999999,
      37.497622,
      4.184284,
      24.94477,
      31.221196,
      27.036912,
      36.21015
    ],
    [
      0.4,
      9.495106,
      10.138842,
      8.85137,
      9.012303999999999,
      11.104446000000001,
      6.115492,
      3.5405480000000003,
      1.1265379999999998,
      0.80467,
      5.149888000000001,
      8.529501999999999,
      1.2874720000000002,
      0.80467,
      9.334171999999999,
      9.334171999999999,
      9.65604,
      9.977908000000001,
      0.476,
      8.85137,
      3.5405480000000003,
      4.345218,
      4.184284,
      0.0,
      1.9312079999999998,
      4.345218,
      1.60934,
      9.65604,
      0.80467,
      5.310822,
      15.28873,
      6.115492,
      1.2874720000000002,
      6.115492,
      4.506151999999999,
      2.2530759999999996,
      8.85137,
      2.41401,
      5.471756,
      2.896812,
      22.208892000000002,
      8.690436,
      7.724831999999999,
      9.012303999999999,
      3.8624159999999996,
      33.957074,
      33.152404000000004,
      9.65604,
      14.644993999999999,
      32.025866,
      32.99147,
      3.5405480000000003,
      34.278942,
      0.80467,
      21.72609,
      28.002515999999996,
      29.77279,
      32.99147
    ],
    [
      1.9312079999999998,
      10.621644,
      8.368568,
      7.24203,
      7.24203,
      8.368568,
      4.345218,
      2.5749440000000003,
      0.80467,
      1.448406,
      6.276426,
      4.9889540000000006,
      3.21868,
      1.2874720000000002,
      10.46071,
      7.563898,
      9.173238,
      9.173238,
      2.092142,
      5.310822,
      5.310822,
      5.63269,
      5.310822,
      1.9312079999999998,
      0.0,
      4.9889540000000006,
      0.6437360000000001,
      8.207633999999999,
      1.1265379999999998,
      6.43736,
      15.449663999999999,
      6.276426,
      0.6437360000000001,
      7.402963999999999,
      5.793624,
      1.1265379999999998,
      5.471756,
      1.9312079999999998,
      3.379614,
      2.41401,
      18.990212,
      9.977908000000001,
      9.012303999999999,
      9.65604,
      3.21868,
      35.083612,
      34.278942,
      8.529501999999999,
      14.805927999999998,
      33.313338,
      34.118007999999996,
      4.184284,
      35.40548,
      1.1265379999999998,
      23.013562,
      28.646252,
      30.416525999999998,
      34.118007999999996
    ],
    [
      4.667085999999999,
      6.43736,
      14.323126,
      12.552852,
      12.552852,
      13.196587999999998,
      9.65604,
      7.563898,
      4.184284,
      5.310822,
      0.32186800000000004,
      12.230984,
      5.310822,
      5.310822,
      6.276426,
      12.87472,
      13.196587999999998,
      13.518456,
      7.24203,
      9.012303999999999,
      9.173238,
      0.80467,
      3.5405480000000003,
      4.345218,
      4.9889540000000006,
      0.0,
      5.9545580000000005,
      14.001257999999998,
      5.149888000000001,
      9.495106,
      21.243288,
      4.667085999999999,
      5.63269,
      10.46071,
      8.85137,
      8.368568,
      9.173238,
      6.43736,
      9.65604,
      5.149888000000001,
      28.16345,
      13.035654,
      12.07005,
      13.196587999999998,
      8.0467,
      38.302292,
      37.336687999999995,
      13.840323999999999,
      16.0934,
      36.371084,
      37.336687999999995,
      5.793624,
      40.2335,
      5.310822,
      26.071308,
      25.105704,
      23.818232000000002,
      37.336687999999995
    ],
    [
      1.60934,
      10.299776000000001,
      8.529501999999999,
      7.24203,
      7.402963999999999,
      8.368568,
      4.506151999999999,
      2.092142,
      1.448406,
      0.9656039999999999,
      5.9545580000000005,
      6.9201619999999995,
      0.9656039999999999,
      0.80467,
      10.138842,
      7.724831999999999,
      5.793624,
      5.9545580000000005,
      1.7702740000000001,
      5.793624,
      2.2530759999999996,
      5.149888000000001,
      4.9889540000000006,
      1.60934,
      0.6437360000000001,
      5.9545580000000005,
      0.0,
      8.368568,
      0.80467,
      6.598293999999999,
      15.610598,
      6.115492,
      0.48280199999999995,
      4.184284,
      5.793624,
      0.48280199999999995,
      6.115492,
      1.2874720000000002,
      3.7014819999999995,
      3.21868,
      19.151146,
      9.977908000000001,
      9.012303999999999,
      10.299776000000001,
      2.41401,
      35.244546,
      34.439876,
      8.690436,
      14.966862,
      33.313338,
      34.278942,
      4.9889540000000006,
      35.566414,
      1.2874720000000002,
      23.013562,
      28.807185999999998,
      30.57746,
      34.278942
    ],
    [
      9.495106,
      18.185542,
      1.2874720000000002,
      2.896812,
      2.896812,
      1.1265379999999998,
      5.149888000000001,
      4.9889540000000006,
      9.173238,
      9.173238,
      13.840323999999999,
      3.21868,
      9.012303999999999,
      9.173238,
      18.024607999999997,
      0.80467,
      1.448406,
      1.448406,
      9.65604,
      9.816974,
      4.9889540000000006,
      13.196587999999998,
      12.87472,
      9.65604,
      8.207633999999999,
      14.001257999999998,
      8.368568,
      0.0,
      9.495106,
      4.184284,
      14.162192000000001,
      12.87472,
      8.85137,
      6.759228,
      7.563898,
      6.115492,
      11.426314,
      5.471756,
      6.43736,
      11.748182,
      17.863674,
      4.506151999999999,
      10.782578,
      1.1265379999999998,
      4.82802,
      29.77279,
      28.96812,
      0.41,
      13.518456,
      33.79614,
      34.761744,
      12.552852,
      30.094658,
      9.977908000000001,
      12.07005,
      36.371084,
      38.141358,
      28.807185999999998
    ],
    [
      0.6437360000000001,
      9.495106,
      9.334171999999999,
      8.207633999999999,
      8.207633999999999,
      9.334171999999999,
      5.310822,
      2.735878,
      0.9656039999999999,
      0.32186800000000004,
      5.149888000000001,
      7.885766,
      0.6437360000000001,
      0.285,
      9.334171999999999,
      8.529501999999999,
      9.012303999999999,
      10.138842,
      0.6437360000000001,
      9.012303999999999,
      2.896812,
      4.345218,
      4.184284,
      0.80467,
      1.1265379999999998,
      5.149888000000001,
      0.80467,
      9.495106,
      0.0,
      4.82802,
      15.610598,
      5.310822,
      0.48280199999999995,
      4.02335,
      4.02335,
      1.448406,
      9.173238,
      1.60934,
      4.667085999999999,
      2.735878,
      20.11675,
      8.207633999999999,
      7.24203,
      8.529501999999999,
      2.896812,
      33.474272,
      32.669602,
      9.173238,
      15.932466,
      31.543064,
      32.508668,
      4.506151999999999,
      33.79614,
      0.32186800000000004,
      21.243288,
      28.324384000000002,
      30.094658,
      32.508668
    ],
    [
      5.149888000000001,
      13.840323999999999,
      5.63269,
      6.9201619999999995,
      7.0810960000000005,
      3.8624159999999996,
      5.9545580000000005,
      4.02335,
      5.9545580000000005,
      4.82802,
      9.495106,
      4.506151999999999,
      4.667085999999999,
      4.82802,
      13.67939,
      5.149888000000001,
      3.057746,
      3.21868,
      5.310822,
      12.713786,
      2.896812,
      8.85137,
      8.529501999999999,
      5.310822,
      6.43736,
      9.495106,
      6.598293999999999,
      4.184284,
      4.82802,
      0.0,
      19.955816000000002,
      9.173238,
      5.149888000000001,
      3.379614,
      3.7014819999999995,
      5.310822,
      13.518456,
      4.9889540000000006,
      6.598293999999999,
      8.0467,
      21.72609,
      4.02335,
      7.0810960000000005,
      3.7014819999999995,
      2.735878,
      29.289987999999997,
      28.485318,
      4.9889540000000006,
      17.380872,
      31.221196,
      32.1868,
      8.85137,
      29.611855999999996,
      6.276426,
      13.67939,
      32.669602,
      34.439876,
      28.324384000000002
    ],
    [
      15.28873,
      16.254334,
      14.001257999999998,
      12.713786,
      12.87472,
      13.840323999999999,
      7.724831999999999,
      15.127796,
      14.644993999999999,
      16.415267999999998,
      17.219938,
      12.391918,
      16.415267999999998,
      15.610598,
      16.0934,
      13.196587999999998,
      14.805927999999998,
      14.805927999999998,
      15.28873,
      8.368568,
      18.346476,
      16.576202000000002,
      18.50741,
      15.28873,
      15.449663999999999,
      21.243288,
      15.610598,
      14.162192000000001,
      15.610598,
      19.955816000000002,
      0.0,
      19.955816000000002,
      15.771532,
      19.955816000000002,
      18.346476,
      15.127796,
      6.43736,
      15.127796,
      7.0810960000000005,
      12.391918,
      8.529501999999999,
      22.53076,
      21.565156,
      14.644993999999999,
      17.541806,
      43.130312,
      42.164708,
      13.518456,
      1.2874720000000002,
      45.86619,
      46.67086,
      12.87472,
      43.291246,
      14.323126,
      22.691694,
      26.55411,
      28.324384000000002,
      42.164708
    ],
    [
      5.9545580000000005,
      9.173238,
      14.323126,
      15.771532,
      15.771532,
      13.196587999999998,
      10.46071,
      7.563898,
      6.759228,
      5.310822,
      4.667085999999999,
      10.46071,
      5.310822,
      5.310822,
      9.012303999999999,
      14.644993999999999,
      11.748182,
      11.909116000000001,
      5.63269,
      13.67939,
      7.724831999999999,
      3.8624159999999996,
      1.1265379999999998,
      6.115492,
      6.276426,
      4.667085999999999,
      6.115492,
      12.87472,
      5.310822,
      9.173238,
      19.955816000000002,
      0.0,
      5.63269,
      10.46071,
      8.85137,
      6.759228,
      13.196587999999998,
      6.43736,
      9.816974,
      7.724831999999999,
      26.55411,
      13.196587999999998,
      12.07005,
      13.357522000000001,
      8.207633999999999,
      38.302292,
      37.497622,
      14.001257999999998,
      18.990212,
      36.371084,
      37.336687999999995,
      8.529501999999999,
      38.62416,
      5.310822,
      26.071308,
      32.347734,
      28.16345,
      37.336687999999995
    ],
    [
      1.1265379999999998,
      9.816974,
      6.598293999999999,
      7.724831999999999,
      7.885766,
      9.012303999999999,
      4.9889540000000006,
      2.41401,
      1.448406,
      0.6437360000000001,
      5.471756,
      5.310822,
      0.6437360000000001,
      0.48280199999999995,
      9.65604,
      8.207633999999999,
      7.724831999999999,
      5.793624,
      1.2874720000000002,
      9.334171999999999,
      2.735878,
      4.82802,
      4.506151999999999,
      1.2874720000000002,
      0.6437360000000001,
      5.63269,
      0.48280199999999995,
      8.85137,
      0.48280199999999995,
      5.149888000000001,
      15.771532,
      5.63269,
      0.0,
      4.02335,
      5.471756,
      0.6437360000000001,
      5.9545580000000005,
      1.60934,
      4.02335,
      2.896812,
      19.633948,
      9.816974,
      8.85137,
      9.977908000000001,
      2.735878,
      34.922678,
      34.118007999999996,
      9.173238,
      15.28873,
      32.99147,
      33.957074,
      4.667085999999999,
      35.244546,
      0.48280199999999995,
      22.691694,
      28.485318,
      30.255592,
      33.957074
    ],
    [
      5.9545580000000005,
      14.805927999999998,
      8.207633999999999,
      9.495106,
      9.65604,
      6.9201619999999995,
      6.43736,
      3.379614,
      6.9201619999999995,
      4.02335,
      10.299776000000001,
      6.43736,
      3.7014819999999995,
      4.02335,
      14.48406,
      8.368568,
      5.9545580000000005,
      5.63269,
      6.115492,
      13.518456,
      2.41401,
      9.65604,
      9.334171999999999,
      6.115492,
      7.402963999999999,
      10.46071,
      4.184284,
      6.759228,
      4.02335,
      3.379614,
      19.955816000000002,
      10.46071,
      4.02335,
      0.0,
      2.41401,
      4.02335,
      13.196587999999998,
      3.7014819999999995,
      6.276426,
      7.724831999999999,
      28.807185999999998,
      6.598293999999999,
      5.63269,
      6.9201619999999995,
      2.2530759999999996,
      31.864932,
      31.060262,
      7.563898,
      19.955816000000002,
      29.933724,
      30.899327999999997,
      8.529501999999999,
      32.1868,
      5.9545580000000005,
      19.633948,
      32.347734,
      34.118007999999996,
      30.899327999999997
    ],
    [
      4.506151999999999,
      13.196587999999998,
      9.012303999999999,
      10.299776000000001,
      10.46071,
      7.724831999999999,
      9.977908000000001,
      3.8624159999999996,
      5.310822,
      4.02335,
      8.690436,
      6.759228,
      4.02335,
      4.02335,
      12.87472,
      9.334171999999999,
      6.276426,
      5.9545580000000005,
      4.506151999999999,
      11.909116000000001,
      2.735878,
      8.0467,
      7.724831999999999,
      4.506151999999999,
      5.793624,
      8.85137,
      5.793624,
      7.563898,
      4.02335,
      3.7014819999999995,
      18.346476,
      8.85137,
      5.471756,
      2.41401,
      0.0,
      4.345218,
      12.713786,
      4.184284,
      9.334171999999999,
      7.24203,
      28.16345,
      5.9545580000000005,
      3.2,
      6.276426,
