{
  "drive_dist_matrix": [
    [
      0.0,
      1.0,
      5.9,
      0.75,
      0.4,
      1.8,
      0.9,
      0.35,
      19.8,
      0.35,
      0.4,
      0.55,
      0.55,
      0.85,
      26.3,
      0.4,
      0.75,
      0.75,
      0.7,
      27.3,
      1.9,
      5.5,
      0.4,
      0.071,
      0.3,
      13.4,
      7.7,
      27.2,
      12.0,
      18.8,
      16.1,
      47.4,
      55.0,
      17.5,
      1.9,
      5.5,
      23.5,
      61.6,
      23.6,
      26.8,
      24.7,
      26.5,
      27.4,
      0.18,
      14.6,
      26.8,
      16.6,
      19.2,
      5.8,
      27.6,
      17.6
    ],
    [
      1.0,
      0.0,
      6.7,
      1.5,
      0.8,
      1.3,
      0.65,
      0.65,
      19.5,
      0.7,
      0.8,
      1.8,
      1.8,
      3.2,
      26.0,
      1.7,
      1.8,
      0.45,
      0.6,
      26.8,
      2.5,
      6.2,
      0.75,
      0.9,
      0.8,
      12.1,
      8.0,
      26.7,
      11.6,
      16.6,
      18.5,
      48.4,
      54.6,
      17.2,
      1.6,
      6.2,
      22.2,
      62.7,
      23.1,
      25.5,
      24.2,
      27.5,
      28.5,
      1.2,
      14.2,
      25.5,
      16.3,
      18.6,
      5.4,
      27.1,
      16.3
    ],
    [
      5.9,
      6.7,
      0.0,
      6.7,
      6.6,
      8.0,
      7.8,
      7.9,
      19.1,
      7.9,
      6.6,
      6.4,
      6.4,
      6.6,
      19.8,
      6.0,
      6.9,
      7.3,
      7.0,
      28.9,
      5.4,
      0.7,
      6.6,
      6.6,
      6.6,
      15.3,
      12.9,
      28.8,
      5.4,
      18.7,
      18.3,
      50.5,
      58.1,
      11.0,
      7.4,
      0.7,
      25.9,
      64.8,
      25.2,
      29.2,
      26.3,
      29.6,
      30.6,
      6.3,
      7.4,
      29.2,
      9.4,
      20.7,
      10.6,
      29.2,
      19.5
    ],
    [
      0.75,
      1.5,
      6.7,
      0.0,
      0.35,
      0.85,
      0.6,
      0.65,
      18.0,
      0.45,
      0.35,
      0.28,
      0.26,
      1.0,
      27.2,
      0.75,
      0.038,
      0.85,
      0.75,
      27.8,
      2.5,
      5.5,
      0.4,
      0.7,
      0.45,
      11.6,
      9.0,
      27.7,
      12.9,
      17.6,
      17.2,
      49.5,
      54.1,
      18.4,
      2.7,
      5.5,
      21.7,
      63.7,
      24.1,
      25.0,
      25.2,
      28.5,
      29.5,
      0.65,
      13.0,
      25.0,
      15.1,
      19.8,
      4.9,
      28.1,
      15.8
    ],
    [
      0.4,
      0.8,
      6.6,
      0.35,
      0.0,
      0.8,
      0.55,
      0.28,
      18.1,
      0.1,
      0.007,
      0.35,
      0.35,
      1.1,
      27.4,
      0.7,
      0.35,
      0.5,
      0.4,
      28.0,
      2.6,
      5.6,
      0.033,
      0.35,
      0.096,
      11.9,
      9.4,
      27.9,
      13.0,
      17.8,
      18.7,
      49.6,
      54.4,
      18.5,
      2.9,
      5.6,
      21.9,
      63.8,
      24.3,
      25.2,
      25.4,
      28.7,
      29.7,
      0.45,
      13.1,
      25.2,
      15.2,
      19.8,
      5.1,
      28.3,
      16.1
    ],
    [
      1.8,
      1.3,
      8.0,
      0.85,
      0.8,
      0.0,
      0.45,
      1.5,
      18.2,
      0.9,
      0.8,
      1.7,
      1.7,
      1.9,
      27.5,
      2.7,
      0.8,
      0.9,
      2.1,
      28.0,
      3.9,
      6.9,
      0.8,
      3.0,
      0.9,
      10.8,
      9.5,
      27.9,
      13.2,
      17.8,
      18.7,
      49.6,
      53.3,
      18.7,
      3.1,
      6.9,
      20.9,
      63.9,
      24.3,
      24.2,
      25.4,
      28.7,
      29.7,
      2.9,
      15.8,
      24.2,
      17.8,
      19.8,
      4.1,
      28.3,
      15.0
    ],
    [
      0.9,
      0.65,
      7.8,
      0.6,
      0.55,
      0.45,
      0.0,
      0.55,
      17.1,
      0.5,
      0.55,
      0.85,
      0.85,
      2.6,
      26.4,
      2.1,
      0.55,
      0.45,
      0.5,
      26.9,
      3.0,
      6.7,
      0.5,
      0.8,
      0.6,
      11.6,
      8.4,
      26.9,
      12.1,
      16.8,
      17.7,
      48.6,
      54.1,
      17.6,
      2.1,
      6.6,
      21.7,
      62.8,
      23.3,
      25.0,
      24.4,
      27.7,
      28.6,
      1.0,
      14.7,
      25.0,
      16.8,
      18.7,
      4.9,
      27.3,
      15.8
    ],
    [
      0.35,
      0.65,
      7.9,
      0.65,
      0.28,
      1.5,
      0.55,
      0.0,
      16.8,
      0.17,
      0.27,
      0.65,
      0.65,
      1.2,
      26.2,
      0.8,
      0.6,
      0.4,
      0.22,
      26.7,
      2.7,
      6.4,
      0.24,
      0.27,
      0.23,
      12.4,
      8.1,
      26.6,
      11.8,
      16.5,
      17.4,
      48.3,
      54.9,
      17.3,
      1.8,
      6.4,
      22.5,
      62.5,
      23.0,
      25.8,
      24.1,
      27.4,
      28.4,
      0.55,
      14.4,
      25.8,
      16.5,
      18.5,
      5.7,
      27.0,
      16.6
    ],
    [
      19.8,
      19.5,
      19.1,
      18.0,
      18.1,
      18.2,
      17.1,
      16.8,
      0.0,
      19.9,
      19.3,
      20.3,
      20.3,
      20.6,
      39.2,
      20.0,
      19.5,
      19.4,
      19.3,
      11.3,
      19.4,
      21.0,
      19.2,
      19.0,
      19.1,
      29.3,
      12.0,
      11.2,
      24.8,
      1.0,
      6.5,
      32.8,
      72.1,
      30.4,
      17.4,
      21.0,
      39.4,
      47.1,
      7.6,
      42.7,
      8.7,
      11.9,
      12.9,
      20.2,
      27.5,
      42.7,
      29.5,
      3.2,
      24.1,
      11.6,
      33.5
    ],
    [
      0.35,
      0.7,
      7.9,
      0.45,
      0.1,
      0.9,
      0.5,
      0.17,
      19.9,
      0.0,
      0.096,
      0.45,
      0.45,
      1.2,
      26.2,
      0.7,
      0.45,
      0.4,
      0.29,
      26.7,
      2.7,
      6.4,
      0.063,
      0.29,
      0.13,
      12.4,
      8.2,
      26.6,
      11.8,
      16.5,
      17.4,
      48.3,
      54.9,
      17.4,
      1.8,
      6.4,
      22.5,
      62.6,
      23.0,
      25.8,
      24.1,
      27.4,
      28.4,
      0.5,
      14.4,
      25.8,
      16.5,
      18.5,
      5.7,
      27.0,
      16.6
    ],
    [
      0.4,
      0.8,
      6.6,
      0.35,
      0.007,
      0.8,
      0.55,
      0.27,
      19.3,
      0.096,
      0.0,
      0.4,
      0.35,
      1.2,
      27.4,
      0.7,
      0.35,
      0.5,
      1.9,
      28.0,
      2.6,
      5.6,
      0.026,
      0.35,
      0.1,
      11.9,
      9.3,
      27.9,
      13.0,
      17.8,
      18.7,
      49.6,
      54.4,
      18.5,
      2.9,
      5.6,
      21.9,
      63.8,
      24.3,
      25.2,
      25.4,
      28.7,
      29.5,
      0.45,
      13.1,
      25.2,
      15.2,
      19.6,
      5.1,
      28.1,
      16.1
    ],
    [
      0.55,
      1.8,
      6.4,
      0.28,
      0.35,
      1.7,
      0.85,
      0.65,
      20.3,
      0.45,
      0.4,
      0.0,
      0.038,
      0.85,
      26.9,
      0.5,
      0.3,
      0.85,
      0.7,
      27.9,
      2.2,
      5.2,
      0.35,
      0.6,
      0.4,
      13.1,
      9.3,
      27.8,
      12.6,
      17.7,
      18.6,
      49.5,
      54.4,
      18.1,
      3.0,
      5.1,
      23.2,
      63.8,
      24.2,
      26.5,
      25.3,
      28.6,
      29.6,
      0.4,
      12.7,
      26.5,
      14.8,
      19.7,
      5.2,
      28.2,
      17.3
    ],
    [
      0.55,
      1.8,
      6.4,
      0.26,
      0.35,
      1.7,
      0.85,
      0.65,
      20.3,
      0.45,
      0.35,
      0.038,
      0.0,
      0.85,
      26.9,
      0.55,
      0.3,
      0.8,
      0.7,
      27.9,
      2.2,
      5.2,
      0.35,
      0.55,
      0.4,
      13.1,
      9.3,
      27.8,
      12.6,
      17.7,
      18.6,
      49.5,
      54.4,
      18.1,
      3.0,
      5.1,
      23.2,
      63.7,
      24.2,
      26.5,
      25.3,
      28.6,
      29.6,
      0.4,
      12.7,
      26.5,
      14.8,
      19.7,
      5.2,
      28.2,
      17.3
    ],
    [
      0.85,
      3.2,
      6.6,
      1.0,
      1.1,
      1.9,
      2.6,
      1.2,
      20.6,
      1.2,
      1.2,
      0.85,
      0.85,
      0.0,
      26.8,
      0.7,
      1.1,
      2.2,
      1.8,
      27.5,
      2.0,
      5.1,
      1.2,
      0.95,
      1.1,
      13.0,
      9.0,
      27.4,
      12.5,
      17.3,
      18.3,
      49.2,
      55.8,
      18.0,
      2.7,
      5.0,
      23.0,
      63.4,
      23.8,
      26.4,
      25.0,
      28.2,
      29.2,
      0.65,
      12.6,
      26.3,
      14.6,
      19.3,
      5.9,
      27.9,
      17.2
    ],
    [
      26.3,
      26.0,
      19.8,
      27.2,
      27.4,
      27.5,
      26.4,
      26.2,
      39.2,
      26.2,
      27.4,
      26.9,
      26.9,
      26.8,
      0.0,
      27.5,
      26.5,
      26.5,
      26.4,
      30.1,
      26.9,
      20.1,
      26.3,
      26.1,
      26.2,
      36.8,
      25.7,
      35.7,
      16.3,
      26.4,
      20.8,
      45.4,
      59.6,
      8.2,
      24.6,
      20.0,
      46.9,
      59.6,
      35.6,
      50.2,
      36.8,
      30.2,
      32.7,
      26.0,
      14.2,
      50.2,
      13.5,
      28.3,
      31.6,
      36.1,
      41.0
    ],
    [
      0.4,
      1.7,
      6.0,
      0.75,
      0.7,
      2.7,
      2.1,
      0.8,
      20.0,
      0.7,
      0.7,
      0.5,
      0.55,
      0.7,
      27.5,
      0.0,
      0.8,
      1.1,
      0.8,
      26.2,
      1.5,
      5.0,
      0.7,
      0.5,
      0.6,
      13.0,
      7.7,
      26.2,
      12.4,
      16.1,
      17.0,
      47.9,
      55.8,
      18.0,
      2.2,
      5.0,
      23.0,
      62.1,
      22.6,
      26.3,
      23.7,
      27.0,
      27.9,
      0.23,
      12.6,
      26.3,
      14.6,
      18.0,
      6.1,
      26.6,
      17.2
    ],
    [
      0.75,
      1.8,
      6.9,
      0.038,
      0.35,
      0.8,
      0.55,
      0.6,
      19.5,
      0.45,
      0.35,
      0.3,
      0.3,
      1.1,
      26.5,
      0.8,
      0.0,
      0.85,
      0.75,
      27.6,
      2.8,
      5.8,
      0.35,
      0.7,
      0.4,
      11.6,
      9.0,
      27.5,
      12.7,
      17.4,
      18.3,
      49.2,
      54.1,
      18.2,
      2.7,
      5.8,
      21.7,
      63.4,
      23.9,
      25.0,
      25.0,
      28.3,
      29.3,
      0.7,
      15.3,
      25.0,
      17.4,
      19.4,
      4.9,
      27.9,
      15.8
    ],
    [
      0.75,
      0.45,
      7.3,
      0.85,
      0.5,
      0.9,
      0.45,
      0.4,
      19.4,
      0.4,
      0.5,
      0.85,
      0.8,
      2.2,
      26.5,
      1.1,
      0.85,
      0.0,
      0.35,
      26.5,
      2.6,
      6.2,
      0.5,
      0.65,
      0.55,
      12.2,
      8.0,
      26.4,
      11.6,
      16.3,
      17.2,
      48.1,
      54.7,
      17.2,
      1.6,
      6.2,
      22.3,
      62.4,
      22.8,
      25.6,
      23.9,
      27.2,
      28.2,
      0.85,
      14.2,
      25.6,
      16.3,
      18.3,
      5.5,
      26.8,
      16.4
    ],
    [
      0.7,
      0.6,
      7.0,
      0.75,
      0.4,
      2.1,
      0.5,
      0.22,
      19.3,
      0.29,
      1.9,
      0.7,
      0.7,
      1.8,
      26.4,
      0.8,
      0.75,
      0.35,
      0.0,
      26.7,
      2.8,
      6.5,
      0.35,
      0.29,
      0.45,
      11.8,
      8.2,
      26.7,
      11.9,
      16.6,
      17.5,
      48.4,
      54.3,
      17.4,
      1.9,
      6.4,
      21.9,
      62.6,
      23.1,
      25.2,
      24.2,
      27.5,
      28.4,
      0.55,
      14.5,
      25.2,
      16.6,
      18.5,
      5.1,
      27.1,
      16.1
    ],
    [
      27.3,
      26.8,
      28.9,
      27.8,
      28.0,
      28.0,
      26.9,
      26.7,
      11.3,
      26.7,
      28.0,
      27.9,
      27.9,
      27.5,
      30.1,
      26.2,
      27.6,
      26.5,
      26.7,
      0.0,
      27.0,
      28.6,
      28.1,
      26.6,
      26.7,
      36.9,
      19.5,
      15.3,
      32.4,
      10.2,
      16.3,
      32.1,
      79.7,
      37.9,
      25.0,
      28.5,
      46.9,
      46.3,
      11.7,
      50.2,
      12.8,
      16.7,
      16.9,
      27.8,
      35.0,
      50.2,
      37.1,
      8.7,
      31.7,
      15.7,
      41.1
    ],
    [
      1.9,
      2.5,
      5.4,
      2.5,
      2.6,
      3.9,
      3.0,
      2.7,
      19.4,
      2.7,
      2.6,
      2.2,
      2.2,
      2.0,
      26.9,
      1.5,
      2.8,
      2.6,
      2.8,
      27.0,
      0.0,
      4.4,
      2.2,
      2.1,
      2.1,
      12.6,
      7.5,
      26.0,
      11.9,
      15.9,
      16.8,
      47.7,
      55.4,
      17.4,
      2.0,
      4.4,
      22.7,
      62.0,
      22.4,
      26.0,
      23.5,
      26.8,
      27.8,
      1.8,
      11.9,
      26.0,
      14.0,
      17.9,
      7.4,
      26.4,
      16.8
    ],
    [
      5.5,
      6.2,
      0.7,
      5.5,
      5.6,
      6.9,
      6.7,
      6.4,
      21.0,
      6.4,
      5.6,
      5.2,
      5.2,
      5.1,
      20.1,
      5.0,
      5.8,
      6.2,
      6.5,
      28.6,
      4.4,
      0.0,
      5.8,
      5.8,
      5.9,
      15.0,
      13.7,
      32.2,
      5.8,
      22.1,
      20.1,
      51.0,
      57.9,
      11.3,
      6.6,
      0.25,
      25.1,
      65.3,
      25.7,
      28.4,
      26.8,
      30.1,
      31.1,
      5.5,
      7.7,
      28.4,
      9.7,
      21.2,
      9.8,
      29.7,
      19.3
    ],
    [
      0.4,
      0.75,
      6.6,
      0.4,
      0.033,
      0.8,
      0.5,
      0.24,
      19.2,
      0.063,
      0.026,
      0.35,
      0.35,
      1.2,
      26.3,
      0.7,
      0.35,
      0.5,
      0.35,
      28.1,
      2.2,
      5.8,
      0.0,
      0.3,
      0.13,
      11.9,
      9.3,
      27.7,
      13.0,
      17.6,
      18.6,
      49.5,
      54.4,
      18.6,
      3.0,
      5.6,
      21.9,
      63.7,
      24.1,
      25.2,
      25.3,
      28.5,
      29.5,
      0.5,
      13.2,
      25.2,
      15.2,
      19.6,
      5.1,
      28.2,
      16.1
    ],
    [
      0.071,
      0.9,
      6.6,
      0.7,
      0.35,
      3.0,
      0.8,
      0.27,
      19.0,
      0.29,
      0.35,
      0.6,
      0.55,
      0.95,
      26.1,
      0.5,
      0.7,
      0.65,
      0.29,
      26.6,
      2.1,
      5.8,
      0.3,
      0.0,
      0.23,
      13.6,
      8.3,
      26.8,
      12.0,
      16.7,
      17.6,
      48.5,
      55.1,
      17.5,
      2.0,
      5.7,
      23.7,
      62.7,
      22.8,
      27.0,
      24.3,
      27.6,
      28.5,
      0.28,
      14.6,
      27.0,
      16.7,
      18.6,
      5.9,
      26.8,
      17.8
    ],
    [
      0.3,
      0.8,
      6.6,
      0.45,
      0.096,
      0.9,
      0.6,
      0.23,
      19.1,
      0.13,
      0.1,
      0.4,
      0.4,
      1.1,
      26.2,
      0.6,
      0.4,
      0.55,
      0.45,
      26.7,
      2.1,
      5.9,
      0.13,
      0.23,
      0.0,
      12.0,
      9.5,
      28.0,
      13.1,
      17.9,
      18.8,
      49.7,
      54.5,
      18.6,
      3.0,
      5.7,
      22.0,
      63.9,
      24.4,
      25.3,
      25.5,
      28.8,
      29.7,
      0.4,
      13.2,
      25.3,
      15.3,
      19.8,
      5.2,
      28.4,
      16.2
    ],
    [
      13.4,
      12.1,
      15.3,
      11.6,
      11.9,
      10.8,
      11.6,
      12.4,
      29.3,
      12.4,
      11.9,
      13.1,
      13.1,
      13.0,
      36.8,
      13.0,
      11.6,
      12.2,
      11.8,
      36.9,
      12.6,
      15.0,
      11.9,
      13.6,
      12.0,
      0.0,
      19.1,
      37.6,
      21.8,
      27.5,
      28.4,
      59.3,
      53.7,
      27.3,
      14.9,
      14.5,
      17.5,
      73.5,
      34.0,
      20.8,
      35.1,
      38.4,
      39.3,
      13.3,
      24.4,
      20.8,
      26.5,
      29.4,
      7.2,
      38.0,
      4.4
    ],
    [
      7.7,
      8.0,
      12.9,
      9.0,
      9.4,
      9.5,
      8.4,
      8.1,
      12.0,
      8.2,
      9.3,
      9.3,
      9.3,
      9.0,
      25.7,
      7.7,
      9.0,
      8.0,
      8.2,
      19.5,
      7.5,
      13.7,
      9.3,
      8.3,
      9.5,
      19.1,
      0.0,
      19.1,
      11.1,
      9.0,
      10.0,
      40.9,
      62.2,
      16.6,
      6.3,
      11.0,
      29.4,
      55.1,
      15.5,
      32.7,
      16.7,
      19.9,
      20.9,
      7.8,
      13.7,
      32.7,
      15.8,
      11.0,
      14.1,
      19.5,
      23.6
    ],
    [
      27.2,
      26.7,
      28.8,
      27.7,
      27.9,
      27.9,
      26.9,
      26.6,
      11.2,
      26.6,
      27.9,
      27.8,
      27.8,
      27.4,
      35.7,
      26.2,
      27.5,
      26.4,
      26.7,
      15.3,
      26.0,
      32.2,
      27.7,
      26.8,
      28.0,
      37.6,
      19.1,
      0.0,
      32.3,
      10.2,
      16.2,
      22.9,
      79.6,
      37.9,
      24.9,
      28.5,
      46.9,
      37.1,
      5.3,
      50.2,
      6.5,
      5.1,
      1.4,
      27.7,
      35.0,
      50.2,
      37.0,
      8.3,
      31.6,
      0.45,
      41.0
    ],
    [
      12.0,
      11.6,
      5.4,
      12.9,
      13.0,
      13.2,
      12.1,
      11.8,
      24.8,
      11.8,
      13.0,
      12.6,
      12.6,
      12.5,
      16.3,
      12.4,
      12.7,
      11.6,
      11.9,
      32.4,
      11.9,
      5.8,
      13.0,
      12.0,
      13.1,
      21.8,
      11.1,
      32.3,
      0.0,
      19.9,
      13.6,
      51.7,
      65.1,
      6.0,
      10.0,
      5.4,
      32.3,
      66.0,
      26.4,
      35.6,
      27.5,
      30.8,
      31.8,
      11.5,
      4.9,
      35.6,
      7.0,
      21.9,
      17.0,
      30.4,
      26.4
    ],
    [
      18.8,
      16.6,
      18.7,
      17.6,
      17.8,
      17.8,
      16.8,
      16.5,
      1.0,
      16.5,
      17.8,
      17.7,
      17.7,
      17.3,
      26.4,
      16.1,
      17.4,
      16.3,
      16.6,
      10.2,
      15.9,
      22.1,
      17.6,
      16.7,
      17.9,
      27.5,
      9.0,
      10.2,
      19.9,
      0.0,
      6.1,
      31.8,
      71.1,
      29.4,
      16.4,
      20.0,
      38.3,
      46.1,
      6.6,
      41.7,
      7.7,
      10.9,
      11.9,
      19.2,
      26.4,
      41.6,
      28.5,
      2.2,
      23.1,
      10.6,
      32.5
    ],
    [
      16.1,
      18.5,
      18.3,
      17.2,
      18.7,
      18.7,
      17.7,
      17.4,
      6.5,
      17.4,
      18.7,
      18.6,
      18.6,
      18.3,
      20.8,
      17.0,
      18.3,
      17.2,
      17.5,
      16.3,
      16.8,
      20.1,
      18.6,
      17.6,
      18.8,
      28.4,
      10.0,
      16.2,
      13.6,
      6.1,
      0.0,
      37.9,
      68.7,
      16.1,
      14.0,
      17.6,
      36.0,
      52.1,
      12.6,
      39.3,
      13.7,
      16.9,
      17.9,
      16.8,
      24.0,
      39.2,
      26.1,
      8.3,
      20.7,
      16.6,
      30.1
    ],
    [
      47.4,
      48.4,
      50.5,
      49.5,
      49.6,
      49.6,
      48.6,
      48.3,
      32.8,
      48.3,
      49.6,
      49.5,
      49.5,
      49.2,
      45.4,
      47.9,
      49.2,
      48.1,
      48.4,
      32.1,
      47.7,
      51.0,
      49.5,
      48.5,
      49.7,
      59.3,
      40.9,
      22.9,
      51.7,
      31.8,
      37.9,
      0.0,
      100.0,
      58.4,
      45.5,
      49.0,
      67.4,
      14.5,
      27.6,
      70.7,
      28.8,
      24.3,
      24.7,
      48.3,
      55.5,
      70.7,
      57.6,
      32.1,
      52.2,
      23.1,
      61.6
    ],
    [
      55.0,
      54.6,
      58.1,
      54.1,
      54.4,
      53.3,
      54.1,
      54.9,
      72.1,
      54.9,
      54.4,
      54.4,
      54.4,
      55.8,
      59.6,
      55.8,
      54.1,
      54.7,
      54.3,
      79.7,
      55.4,
      57.9,
      54.4,
      55.1,
      54.5,
      53.7,
      62.2,
      79.6,
      65.1,
      71.1,
      68.7,
      100.0,
      0.0,
      69.7,
      57.3,
      56.9,
      68.2,
      116.0,
      76.4,
      71.5,
      77.5,
      80.8,
      81.8,
      54.7,
      66.8,
      71.5,
      68.9,
      71.9,
      52.8,
      80.4,
      62.3
    ],
    [
      17.5,
      17.2,
      11.0,
      18.4,
      18.5,
      18.7,
      17.6,
      17.3,
      30.4,
      17.4,
      18.5,
      18.1,
      18.1,
      18.0,
      8.2,
      18.0,
      18.2,
      17.2,
      17.4,
      37.9,
      17.4,
      11.3,
      18.6,
      17.5,
      18.6,
      27.3,
      16.6,
      37.9,
      6.0,
      29.4,
      16.1,
      58.4,
      69.7,
      0.0,
      15.5,
      11.0,
      37.8,
      58.3,
      28.3,
      41.1,
      29.4,
      28.9,
      31.4,
      17.0,
      11.4,
      41.1,
      9.4,
      23.8,
      22.5,
      32.3,
      32.0
    ],
    [
      1.9,
      1.6,
      7.4,
      2.7,
      2.9,
      3.1,
      2.1,
      1.8,
      17.4,
      1.8,
      2.9,
      3.0,
      3.0,
      2.7,
      24.6,
      2.2,
      2.7,
      1.6,
      1.9,
      25.0,
      2.0,
      6.6,
      3.0,
      2.0,
      3.0,
      14.9,
      6.3,
      24.9,
      10.0,
      16.4,
      14.0,
      45.5,
      57.3,
      15.5,
      0.0,
      6.4,
      24.8,
      60.7,
      21.1,
      28.1,
      22.2,
      25.5,
      26.5,
      1.8,
      12.5,
      28.0,
      14.6,
      16.6,
      6.6,
      25.1,
      18.9
    ],
    [
      5.5,
      6.2,
      0.7,
      5.5,
      5.6,
      6.9,
      6.6,
      6.4,
      21.0,
      6.4,
      5.6,
      5.1,
      5.1,
      5.0,
      20.0,
      5.0,
      5.8,
      6.2,
      6.4,
      28.5,
      4.4,
      0.25,
      5.6,
      5.7,
      5.7,
      14.5,
      11.0,
      28.5,
      5.4,
      20.0,
      17.6,
      49.0,
      56.9,
      11.0,
      6.4,
      0.0,
      25.1,
      65.2,
      25.7,
      28.4,
      26.8,
      30.1,
      31.0,
      5.4,
      7.6,
      28.4,
      9.6,
      21.1,
      9.8,
      29.7,
      19.2
    ],
    [
      23.5,
      22.2,
      25.9,
      21.7,
      21.9,
      20.9,
      21.7,
      22.5,
      39.4,
      22.5,
      21.9,
      23.2,
      23.2,
      23.0,
      46.9,
      23.0,
      21.7,
      22.3,
      21.9,
      46.9,
      22.7,
      25.1,
      21.9,
      23.7,
      22.0,
      17.5,
      29.4,
      46.9,
      32.3,
      38.3,
      36.0,
      67.4,
      68.2,
      37.8,
      24.8,
      25.1,
      0.0,
      84.8,
      45.3,
      3.1,
      46.4,
      49.7,
      50.7,
      24.6,
      35.7,
      3.1,
      37.8,
      40.8,
      17.0,
      49.3,
      22.4
    ],
    [
      61.6,
      62.7,
      64.8,
      63.7,
      63.8,
      63.9,
      62.8,
      62.5,
      47.1,
      62.6,
      63.8,
      63.8,
      63.7,
      63.4,
      59.6,
      62.1,
      63.4,
      62.4,
      62.6,
      46.3,
      62.0,
      65.3,
      63.7,
      62.7,
      63.9,
      73.5,
      55.1,
      37.1,
      66.0,
      46.1,
      52.1,
      14.5,
      116.0,
      58.3,
      60.7,
      65.2,
      84.8,
      0.0,
      41.9,
      85.0,
      43.1,
      38.5,
      39.0,
      62.5,
      69.8,
      85.0,
      71.8,
      46.4,
      66.4,
      37.3,
      75.8
    ],
    [
      23.6,
      23.1,
      25.2,
      24.1,
      24.3,
      24.3,
      23.3,
      23.0,
      7.6,
      23.0,
      24.3,
      24.2,
      24.2,
      23.8,
      35.6,
      22.6,
      23.9,
      22.8,
      23.1,
      11.7,
      22.4,
      25.7,
      24.1,
      22.8,
      24.4,
      34.0,
      15.5,
      5.3,
      26.4,
      6.6,
      12.6,
      27.6,
      76.4,
      28.3,
      21.1,
      25.7,
      45.3,
      41.9,
      0.0,
      46.8,
      1.2,
      7.6,
      7.8,
      24.3,
      31.5,
      46.7,
      33.6,
      4.9,
      28.2,
      6.6,
      37.6
    ],
    [
      26.8,
      25.5,
      29.2,
      25.0,
      25.2,
      24.2,
      25.0,
      25.8,
      42.7,
      25.8,
      25.2,
      26.5,
      26.5,
      26.4,
      50.2,
      26.3,
      25.0,
      25.6,
      25.2,
      50.2,
      26.0,
      28.4,
      25.2,
      27.0,
      25.3,
      20.8,
      32.7,
      50.2,
      35.6,
      41.7,
      39.3,
      70.7,
      71.5,
      41.1,
      28.1,
      28.4,
      3.1,
      85.0,
      46.8,
      0.0,
      49.0,
      52.3,
      53.3,
      27.3,
      38.3,
      1.0,
      40.4,
      43.4,
      19.6,
      51.9,
      25.0
    ],
    [
      24.7,
      24.2,
      26.3,
      25.2,
      25.4,
      25.4,
      24.4,
      24.1,
      8.7,
      24.1,
      25.4,
      25.3,
      25.3,
      25.0,
      36.8,
      23.7,
      25.0,
      23.9,
      24.2,
      12.8,
      23.5,
      26.8,
      25.3,
      24.3,
      25.5,
      35.1,
      16.7,
      6.5,
      27.5,
      7.7,
      13.7,
      28.8,
      77.5,
      29.4,
      22.2,
      26.8,
      46.4,
      43.1,
      1.2,
      49.0,
      0.0,
      8.5,
      8.7,
      25.2,
      32.5,
      47.7,
      34.5,
      5.8,
      29.1,
      7.5,
      38.5
    ],
    [
      26.5,
      27.5,
      29.6,
      28.5,
      28.7,
      28.7,
      27.7,
      27.4,
      11.9,
      27.4,
      28.7,
      28.6,
      28.6,
      28.2,
      30.2,
      27.0,
      28.3,
      27.2,
      27.5,
      16.7,
      26.8,
      30.1,
      28.5,
      27.6,
      28.8,
      38.4,
      19.9,
      5.1,
      30.8,
      10.9,
      16.9,
      24.3,
      80.8,
      28.9,
      25.5,
      30.1,
      49.7,
      38.5,
      7.6,
      52.3,
      8.5,
      0.0,
      3.8,
      27.7,
      34.9,
      50.1,
      37.0,
      11.5,
      31.5,
      5.5,
      41.0
    ],
    [
      27.4,
      28.5,
      30.6,
      29.5,
      29.7,
      29.7,
      28.6,
      28.4,
      12.9,
      28.4,
      29.5,
      29.6,
      29.6,
      29.2,
      32.7,
      27.9,
      29.3,
      28.2,
      28.4,
      16.9,
      27.8,
      31.1,
      29.5,
      28.5,
      29.7,
      39.3,
      20.9,
      1.4,
      31.8,
      11.9,
      17.9,
      24.7,
      81.8,
      31.4,
      26.5,
      31.0,
      50.7,
      39.0,
      7.8,
      53.3,
      8.7,
      3.8,
      0.0,
      28.4,
      35.7,
      50.9,
      37.7,
      9.7,
      32.3,
      2.0,
      41.7
    ],
    [
      0.18,
      1.2,
      6.3,
      0.65,
      0.45,
      2.9,
      1.0,
      0.55,
      20.2,
      0.5,
      0.45,
      0.4,
      0.4,
      0.65,
      26.0,
      0.23,
      0.7,
      0.85,
      0.55,
      27.8,
      1.8,
      5.5,
      0.5,
      0.28,
      0.4,
      13.3,
      7.8,
      27.7,
      11.5,
      19.2,
      16.8,
      48.3,
      54.7,
      17.0,
      1.8,
      5.4,
      24.6,
      62.5,
      24.3,
      27.3,
      25.2,
      27.7,
      28.4,
      0.0,
      14.6,
      26.6,
      16.7,
      18.1,
      5.9,
      26.6,
      17.4
    ],
    [
      14.6,
      14.2,
      7.4,
      13.0,
      13.1,
      15.8,
      14.7,
      14.4,
      27.5,
      14.4,
      13.1,
      12.7,
      12.7,
      12.6,
      14.2,
      12.6,
      15.3,
      14.2,
      14.5,
      35.0,
      11.9,
      7.7,
      13.2,
      14.6,
      13.2,
      24.4,
      13.7,
      35.0,
      4.9,
      26.4,
      24.0,
      55.5,
      66.8,
      11.4,
      12.5,
      7.6,
      35.7,
      69.8,
      31.5,
      38.3,
      32.5,
      34.9,
      35.7,
      14.6,
      0.0,
      38.3,
      2.4,
      24.6,
      19.7,
      33.1,
      29.1
    ],
    [
      26.8,
      25.5,
      29.2,
      25.0,
      25.2,
      24.2,
      25.0,
      25.8,
      42.7,
      25.8,
      25.2,
      26.5,
      26.5,
      26.3,
      50.2,
      26.3,
      25.0,
      25.6,
      25.2,
      50.2,
      26.0,
      28.4,
      25.2,
      27.0,
      25.3,
      20.8,
      32.7,
      50.2,
      35.6,
      41.6,
      39.2,
      70.7,
      71.5,
      41.1,
      28.0,
      28.4,
      3.1,
      85.0,
      46.7,
      1.0,
      47.7,
      50.1,
      50.9,
      26.6,
      38.3,
      0.0,
      40.4,
      43.4,
      19.6,
      51.9,
      25.0
    ],
    [
      16.6,
      16.3,
      9.4,
      15.1,
      15.2,
      17.8,
      16.8,
      16.5,
      29.5,
      16.5,
      15.2,
      14.8,
      14.8,
      14.6,
      13.5,
      14.6,
      17.4,
      16.3,
      16.6,
      37.1,
      14.0,
      9.7,
      15.2,
      16.7,
      15.3,
      26.5,
      15.8,
      37.0,
      7.0,
      28.5,
      26.1,
      57.6,
      68.9,
      9.4,
      14.6,
      9.6,
      37.8,
      71.8,
      33.6,
      40.4,
      34.5,
      37.0,
      37.7,
      16.7,
      2.4,
      40.4,
      0.0,
      26.3,
      21.4,
      34.8,
      30.9
    ],
    [
      19.2,
      18.6,
      20.7,
      19.8,
      19.8,
      19.8,
      18.7,
      18.5,
      3.2,
      18.5,
      19.6,
      19.7,
      19.7,
      19.3,
      28.3,
      18.0,
      19.4,
      18.3,
      18.5,
      8.7,
      17.9,
      21.2,
      19.6,
      18.6,
      19.8,
      29.4,
      11.0,
      8.3,
      21.9,
      2.2,
      8.3,
      32.1,
      71.9,
      23.8,
      16.6,
      21.1,
      40.8,
      46.4,
      4.9,
      43.4,
      5.8,
      11.5,
      9.7,
      18.1,
      24.6,
      43.4,
      26.3,
      0.0,
      23.7,
      8.7,
      33.1
    ],
    [
      5.8,
      5.4,
      10.6,
      4.9,
      5.1,
      4.1,
      4.9,
      5.7,
      24.1,
      5.7,
      5.1,
      5.2,
      5.2,
      5.9,
      31.6,
      6.1,
      4.9,
      5.5,
      5.1,
      31.7,
      7.4,
      9.8,
      5.1,
      5.9,
      5.2,
      7.2,
      14.1,
      31.6,
      17.0,
      23.1,
      20.7,
      52.2,
      52.8,
      22.5,
      6.6,
      9.8,
      17.0,
      66.4,
      28.2,
      19.6,
      29.1,
      31.5,
      32.3,
      5.9,
      19.7,
      19.6,
      21.4,
      23.7,
      0.0,
      33.3,
      11.5
    ],
    [
      27.6,
      27.1,
      29.2,
      28.1,
      28.3,
      28.3,
      27.3,
      27.0,
      11.6,
      27.0,
      28.1,
      28.2,
      28.2,
      27.9,
      36.1,
      26.6,
      27.9,
      26.8,
      27.1,
      15.7,
      26.4,
      29.7,
      28.2,
      26.8,
      28.4,
      38.0,
      19.5,
      0.45,
      30.4,
      10.6,
      16.6,
      23.1,
      80.4,
      32.3,
      25.1,
      29.7,
      49.3,
      37.3,
      6.6,
      51.9,
      7.5,
      5.5,
      2.0,
      26.6,
      33.1,
      51.9,
      34.8,
      8.7,
      33.3,
      0.0,
      41.4
    ],
    [
      17.6,
      16.3,
      19.5,
      15.8,
      16.1,
      15.0,
      15.8,
      16.6,
      33.5,
      16.6,
      16.1,
      17.3,
      17.3,
      17.2,
      41.0,
      17.2,
      15.8,
      16.4,
      16.1,
      41.1,
      16.8,
      19.3,
      16.1,
      17.8,
      16.2,
      4.4,
      23.6,
      41.0,
      26.4,
      32.5,
      30.1,
      61.6,
      62.3,
      32.0,
      18.9,
      19.2,
      22.4,
      75.8,
      37.6,
      25.0,
      38.5,
      41.0,
      41.7,
      17.4,
      29.1,
      25.0,
      30.9,
      33.1,
      11.5,
      41.4,
      0.0
    ]
  ],
  "drive_time_matrix": [
    [
      0.0,
      12.0,
      13.0,
      9.0,
      5.0,
      5.0,
      11.0,
      4.0,
      21.0,
      4.0,
      5.0,
      7.0,
      7.0,
      12.0,
      30.0,
      5.0,
      9.0,
      8.0,
      4.0,
      34.0,
      6.0,
      12.0,
      4.0,
      1.0,
      4.0,
      17.0,
      14.0,
      28.0,
      16.0,
      19.0,
      19.0,
      45.0,
      54.0,
      24.0,
      5.0,
      11.0,
      29.0,
      71.0,
      25.0,
      30.0,
      28.0,
      24.0,
      26.0,
      2.0,
      19.0,
      30.0,
      22.0,
      20.0,
      11.0,
      30.0,
      22.0
    ],
    [
      12.0,
      0.0,
      16.0,
      5.0,
      11.0,
      4.0,
      9.0,
      9.0,
      21.0,
      9.0,
      11.0,
      6.0,
      6.0,
      7.0,
      29.0,
      5.0,
      6.0,
      6.0,
      8.0,
      40.0,
      8.0,
      14.0,
      10.0,
      13.0,
      11.0,
      16.0,
      13.0,
      34.0,
      16.0,
      23.0,
      23.0,
      55.0,
      53.0,
      23.0,
      4.0,
      14.0,
      29.0,
      79.0,
      32.0,
      29.0,
      34.0,
      32.0,
      34.0,
      16.0,
      19.0,
      29.0,
      22.0,
      27.0,
      10.0,
      35.0,
      22.0
    ],
    [
      13.0,
      16.0,
      0.0,
      15.0,
      15.0,
      17.0,
      17.0,
      18.0,
      26.0,
      18.0,
      15.0,
      13.0,
      13.0,
      14.0,
      23.0,
      13.0,
      16.0,
      16.0,
      16.0,
      41.0,
      11.0,
      11.0,
      15.0,
      15.0,
      15.0,
      20.0,
      17.0,
      36.0,
      10.0,
      25.0,
      25.0,
      57.0,
      57.0,
      17.0,
      14.0,
      9.0,
      33.0,
      82.0,
      34.0,
      34.0,
      36.0,
      34.0,
      36.0,
      13.0,
      11.0,
      33.0,
      14.0,
      29.0,
      18.0,
      37.0,
      25.0
    ],
    [
      9.0,
      5.0,
      15.0,
      0.0,
      4.0,
      10.0,
      7.0,
      8.0,
      25.0,
      5.0,
      4.0,
      4.0,
      3.0,
      14.0,
      31.0,
      10.0,
      1.0,
      10.0,
      9.0,
      41.0,
      8.0,
      12.0,
      5.0,
      9.0,
      6.0,
      15.0,
      16.0,
      35.0,
      18.0,
      24.0,
      24.0,
      57.0,
      48.0,
      25.0,
      6.0,
      12.0,
      28.0,
      81.0,
      33.0,
      29.0,
      35.0,
      33.0,
      35.0,
      8.0,
      21.0,
      29.0,
      24.0,
      30.0,
      9.0,
      37.0,
      21.0
    ],
    [
      5.0,
      11.0,
      15.0,
      4.0,
      0.0,
      9.0,
      6.0,
      3.0,
      30.0,
      1.0,
      1.0,
      5.0,
      4.0,
      15.0,
      32.0,
      9.0,
      4.0,
      6.0,
      5.0,
      45.0,
      9.0,
      13.0,
      1.0,
      5.0,
      1.0,
      17.0,
      17.0,
      40.0,
      19.0,
      29.0,
      27.0,
      62.0,
      53.0,
      26.0,
      8.0,
      12.0,
      30.0,
      86.0,
      37.0,
      31.0,
      40.0,
      37.0,
      40.0,
      6.0,
      21.0,
      30.0,
      24.0,
      32.0,
      11.0,
      41.0,
      23.0
    ],
    [
      5.0,
      4.0,
      17.0,
      10.0,
      9.0,
      0.0,
      6.0,
      4.0,
      28.0,
      11.0,
      11.0,
      5.0,
      5.0,
      4.0,
      32.0,
      6.0,
      11.0,
      11.0,
      5.0,
      44.0,
      10.0,
      14.0,
      11.0,
      7.0,
      12.0,
      13.0,
      15.0,
      38.0,
      18.0,
      27.0,
      25.0,
      59.0,
      46.0,
      25.0,
      6.0,
      13.0,
      26.0,
      84.0,
      35.0,
      27.0,
      38.0,
      36.0,
      38.0,
      7.0,
      21.0,
      26.0,
      24.0,
      31.0,
      7.0,
      39.0,
      19.0
    ],
    [
      11.0,
      9.0,
      17.0,
      7.0,
      6.0,
      6.0,
      0.0,
      7.0,
      26.0,
      7.0,
      7.0,
      11.0,
      11.0,
      6.0,
      30.0,
      5.0,
      7.0,
      6.0,
      7.0,
      42.0,
      8.0,
      13.0,
      7.0,
      11.0,
      8.0,
      15.0,
      13.0,
      35.0,
      16.0,
      25.0,
      23.0,
      57.0,
      47.0,
      23.0,
      5.0,
      13.0,
      28.0,
      82.0,
      33.0,
      28.0,
      36.0,
      34.0,
      36.0,
      13.0,
      19.0,
      28.0,
      22.0,
      28.0,
      9.0,
      37.0,
      20.0
    ],
    [
      4.0,
      9.0,
      18.0,
      8.0,
      3.0,
      4.0,
      7.0,
      0.0,
      26.0,
      2.0,
      3.0,
      8.0,
      8.0,
      17.0,
      29.0,
      10.0,
      8.0,
      4.0,
      3.0,
      41.0,
      8.0,
      13.0,
      3.0,
      4.0,
      3.0,
      17.0,
      14.0,
      35.0,
      17.0,
      25.0,
      23.0,
      57.0,
      49.0,
      24.0,
      5.0,
      13.0,
      29.0,
      81.0,
      33.0,
      30.0,
      35.0,
      33.0,
      35.0,
      7.0,
      19.0,
      30.0,
      22.0,
      28.0,
      11.0,
      37.0,
      22.0
    ],
    [
      21.0,
      21.0,
      26.0,
      25.0,
      30.0,
      28.0,
      26.0,
      26.0,
      0.0,
      22.0,
      22.0,
      22.0,
      22.0,
      22.0,
      35.0,
      21.0,
      23.0,
      20.0,
      21.0,
      19.0,
      19.0,
      22.0,
      22.0,
      21.0,
      21.0,
      26.0,
      12.0,
      13.0,
      23.0,
      20.0,
      11.0,
      32.0,
      63.0,
      30.0,
      17.0,
      21.0,
      38.0,
      58.0,
      11.0,
      39.0,
      14.0,
      11.0,
      13.0,
      21.0,
      25.0,
      38.0,
      28.0,
      6.0,
      24.0,
      15.0,
      32.0
    ],
    [
      4.0,
      9.0,
      18.0,
      5.0,
      1.0,
      11.0,
      7.0,
      2.0,
      22.0,
      0.0,
      1.0,
      6.0,
      6.0,
      16.0,
      28.0,
      9.0,
      5.0,
      4.0,
      3.0,
      40.0,
      8.0,
      13.0,
      1.0,
      4.0,
      2.0,
      17.0,
      14.0,
      34.0,
      17.0,
      24.0,
      23.0,
      56.0,
      52.0,
      24.0,
      5.0,
      13.0,
      29.0,
      81.0,
      32.0,
      30.0,
      34.0,
      32.0,
      34.0,
      6.0,
      19.0,
      29.0,
      21.0,
      27.0,
      11.0,
      36.0,
      22.0
    ],
    [
      5.0,
      11.0,
      15.0,
      4.0,
      1.0,
      11.0,
      7.0,
      3.0,
      22.0,
      1.0,
      0.0,
      5.0,
      5.0,
      16.0,
      30.0,
      9.0,
      4.0,
      5.0,
      4.0,
      43.0,
      8.0,
      12.0,
      1.0,
      5.0,
      1.0,
      16.0,
      16.0,
      37.0,
      18.0,
      27.0,
      26.0,
      59.0,
      49.0,
      25.0,
      7.0,
      11.0,
      29.0,
      84.0,
      35.0,
      29.0,
      38.0,
      36.0,
      38.0,
      6.0,
      21.0,
      29.0,
      24.0,
      30.0,
      10.0,
      39.0,
      22.0
    ],
    [
      7.0,
      6.0,
      13.0,
      4.0,
      5.0,
      5.0,
      11.0,
      8.0,
      22.0,
      6.0,
      5.0,
      0.0,
      1.0,
      12.0,
      28.0,
      7.0,
      4.0,
      9.0,
      8.0,
      43.0,
      7.0,
      10.0,
      4.0,
      7.0,
      5.0,
      16.0,
      16.0,
      36.0,
      16.0,
      26.0,
      25.0,
      58.0,
      49.0,
      23.0,
      7.0,
      10.0,
      28.0,
      83.0,
      34.0,
      28.0,
      37.0,
      35.0,
      37.0,
      5.0,
      19.0,
      28.0,
      21.0,
      30.0,
      9.0,
      38.0,
      21.0
    ],
    [
      7.0,
      6.0,
      13.0,
      3.0,
      4.0,
      5.0,
      11.0,
      8.0,
      22.0,
      6.0,
      5.0,
      1.0,
      0.0,
      12.0,
      28.0,
      7.0,
      3.0,
      9.0,
      8.0,
      43.0,
      6.0,
      10.0,
      4.0,
      7.0,
      5.0,
      16.0,
      16.0,
      37.0,
      16.0,
      26.0,
      25.0,
      59.0,
      52.0,
      23.0,
      7.0,
      9.0,
      28.0,
      83.0,
      35.0,
      28.0,
      37.0,
      35.0,
      37.0,
      5.0,
      19.0,
      28.0,
      21.0,
      30.0,
      9.0,
      38.0,
      21.0
    ],
    [
      12.0,
      7.0,
      14.0,
      14.0,
      15.0,
      4.0,
      6.0,
      17.0,
      22.0,
      16.0,
      16.0,
      12.0,
      12.0,
      0.0,
      27.0,
      9.0,
      13.0,
      6.0,
      5.0,
      43.0,
      6.0,
      10.0,
      14.0,
      12.0,
      13.0,
      15.0,
      16.0,
      37.0,
      15.0,
      27.0,
      26.0,
      60.0,
      49.0,
      22.0,
      7.0,
      9.0,
      27.0,
      84.0,
      34.0,
      28.0,
      37.0,
      35.0,
      37.0,
      9.0,
      18.0,
      28.0,
      21.0,
      30.0,
      10.0,
      38.0,
      21.0
    ],
    [
      30.0,
      29.0,
      23.0,
      31.0,
      32.0,
      32.0,
      30.0,
      29.0,
      35.0,
      28.0,
      30.0,
      28.0,
      28.0,
      27.0,
      0.0,
      30.0,
      33.0,
      29.0,
      30.0,
      52.0,
