{
  "drive_dist_matrix": [
    [
      0.0,
      3.9,
      6.6,
      4.1,
      4.4,
      0.11,
      1.0,
      5.2,
      0.95,
      6.4,
      4.3,
      5.2,
      4.9,
      4.3,
      3.8,
      7.2,
      3.9,
      3.7,
      48.9
    ],
    [
      3.9,
      0.0,
      4.5,
      0.098,
      2.4,
      2.4,
      2.3,
      3.0,
      2.2,
      8.8,
      1.4,
      2.3,
      1.7,
      6.4,
      0.11,
      4.5,
      2.6,
      0.25,
      51.3
    ],
    [
      6.6,
      4.5,
      0.0,
      4.7,
      5.8,
      5.1,
      4.6,
      6.8,
      5.3,
      12.6,
      5.4,
      6.2,
      5.2,
      4.8,
      4.7,
      8.1,
      6.1,
      4.2,
      53.9
    ],
    [
      4.1,
      0.098,
      4.7,
      0.0,
      2.4,
      3.0,
      2.9,
      3.0,
      2.2,
      9.6,
      1.3,
      2.2,
      1.6,
      7.0,
      0.25,
      4.5,
      2.6,
      0.35,
      50.3
    ],
    [
      4.4,
      2.4,
      5.8,
      2.4,
      0.0,
      3.0,
      2.9,
      1.4,
      2.1,
      8.9,
      0.9,
      1.6,
      0.85,
      7.1,
      2.0,
      2.9,
      0.45,
      2.0,
      48.7
    ],
    [
      0.11,
      2.4,
      5.1,
      3.0,
      3.0,
      0.0,
      1.8,
      5.4,
      0.8,
      6.5,
      4.4,
      5.3,
      5.2,
      4.4,
      3.9,
      6.8,
      4.1,
      3.8,
      49.0
    ],
    [
      1.0,
      2.3,
      4.6,
      2.9,
      2.9,
      1.8,
      0.0,
      4.0,
      1.6,
      7.8,
      2.9,
      3.8,
      3.5,
      4.9,
      2.1,
      5.5,
      3.4,
      2.0,
      50.3
    ],
    [
      5.2,
      3.0,
      6.8,
      3.0,
      1.4,
      5.4,
      4.0,
      0.0,
      3.1,
      9.5,
      1.8,
      2.4,
      2.5,
      7.9,
      3.1,
      1.6,
      1.3,
      3.2,
      49.3
    ],
    [
      0.95,
      2.2,
      5.3,
      2.2,
      2.1,
      0.8,
      1.6,
      3.1,
      0.0,
      7.5,
      2.3,
      3.2,
      2.7,
      5.1,
      1.6,
      4.9,
      2.8,
      1.5,
      50.0
    ],
    [
      6.4,
      8.8,
      12.6,
      9.6,
      8.9,
      6.5,
      7.8,
      9.5,
      7.5,
      0.0,
      8.0,
      9.0,
      8.6,
      8.4,
      8.8,
      9.2,
      7.1,
      8.7,
      43.3
    ],
    [
      4.3,
      1.4,
      5.4,
      1.3,
      0.9,
      4.4,
      2.9,
      1.8,
      2.3,
      8.0,
      0.0,
      0.7,
      0.7,
      6.4,
      1.3,
      3.3,
      0.9,
      1.3,
      49.1
    ],
    [
      5.2,
      2.3,
      6.2,
      2.2,
      1.6,
      5.3,
      3.8,
      2.4,
      3.2,
      9.0,
      0.7,
      0.0,
      1.4,
      7.0,
      2.0,
      4.0,
      2.0,
      2.0,
      49.8
    ],
    [
      4.9,
      1.7,
      5.2,
      1.6,
      0.85,
      5.2,
      3.5,
      2.5,
      2.7,
      8.6,
      0.7,
      1.4,
      0.0,
      6.8,
      2.0,
      3.5,
      0.8,
      2.0,
      49.3
    ],
    [
      4.3,
      6.4,
      4.8,
      7.0,
      7.1,
      4.4,
      4.9,
      7.9,
      5.1,
      8.4,
      6.4,
      7.0,
      6.8,
      0.0,
      7.1,
      9.3,
      6.5,
      7.0,
      50.3
    ],
    [
      3.8,
      0.11,
      4.7,
      0.25,
      2.0,
      3.9,
      2.1,
      3.1,
      1.6,
      8.8,
      1.3,
      2.0,
      2.0,
      7.1,
      0.0,
      4.5,
      2.7,
      0.3,
      51.2
    ],
    [
      7.2,
      4.5,
      8.1,
      4.5,
      2.9,
      6.8,
      5.5,
      1.6,
      4.9,
      9.2,
      3.3,
      4.0,
      3.5,
      9.3,
      4.5,
      0.0,
      2.8,
      4.7,
      48.9
    ],
    [
      3.9,
      2.6,
      6.1,
      2.6,
      0.45,
      4.1,
      3.4,
      1.3,
      2.8,
      7.1,
      0.9,
      2.0,
      0.8,
      6.5,
      2.7,
      2.8,
      0.0,
      2.0,
      48.3
    ],
    [
      3.7,
      0.25,
      4.2,
      0.35,
      2.0,
      3.8,
      2.0,
      3.2,
      1.5,
      8.7,
      1.3,
      2.0,
      2.0,
      7.0,
      0.3,
      4.7,
      2.0,
      0.0,
      50.5
    ],
    [
      48.9,
      51.3,
      53.9,
      50.3,
      48.7,
      49.0,
      50.3,
      49.3,
      50.0,
      43.3,
      49.1,
      49.8,
      49.3,
      50.3,
      51.2,
      48.9,
      48.3,
      50.5,
      0.0
    ]
  ],
  "drive_time_matrix": [
    [
      0.0,
      14.0,
      22.0,
      14.0,
      13.0,
      1.0,
      12.0,
      21.0,
      12.0,
      21.0,
      15.0,
      18.0,
      18.0,
      11.0,
      14.0,
      22.0,
      13.0,
      13.0,
      55.0
    ],
    [
      14.0,
      0.0,
      14.0,
      1.0,
      9.0,
      11.0,
      9.0,
      9.0,
      9.0,
      31.0,
      6.0,
      8.0,
      8.0,
      22.0,
      2.0,
      14.0,
      9.0,
      3.0,
      64.0
    ],
    [
      22.0,
      14.0,
      0.0,
      11.0,
      19.0,
      18.0,
      13.0,
      19.0,
      16.0,
      27.0,
      16.0,
      19.0,
      17.0,
      10.0,
      12.0,
      24.0,
      19.0,
      11.0,
      59.0
    ],
    [
      14.0,
      1.0,
      11.0,
      0.0,
      10.0,
      14.0,
      11.0,
      9.0,
      9.0,
      35.0,
      6.0,
      9.0,
      8.0,
      26.0,
      3.0,
      14.0,
      10.0,
      4.0,
      63.0
    ],
    [
      13.0,
      9.0,
      19.0,
      10.0,
      0.0,
      13.0,
      11.0,
      4.0,
      7.0,
      26.0,
      11.0,
      5.0,
      8.0,
      23.0,
      7.0,
      9.0,
      6.0,
      8.0,
      57.0
    ],
    [
      1.0,
      11.0,
      18.0,
      14.0,
      13.0,
      0.0,
      7.0,
      19.0,
      11.0,
      24.0,
      16.0,
      18.0,
      18.0,
      12.0,
      14.0,
      23.0,
      15.0,
      14.0,
      56.0
    ],
    [
      12.0,
      9.0,
      13.0,
      11.0,
      11.0,
      7.0,
      0.0,
      14.0,
      7.0,
      27.0,
      11.0,
      13.0,
      14.0,
      15.0,
      7.0,
      18.0,
      13.0,
      6.0,
      60.0
    ],
    [
      21.0,
      9.0,
      19.0,
      9.0,
      4.0,
      19.0,
      14.0,
      0.0,
      13.0,
      27.0,
      8.0,
      9.0,
      12.0,
      27.0,
      9.0,
      5.0,
      7.0,
      9.0,
      57.0
    ],
    [
      12.0,
      9.0,
      16.0,
      9.0,
      7.0,
      11.0,
      7.0,
      13.0,
      0.0,
      26.0,
      9.0,
      12.0,
      12.0,
      16.0,
      6.0,
      17.0,
      11.0,
      5.0,
      59.0
    ],
    [
      21.0,
      31.0,
      27.0,
      35.0,
      26.0,
      24.0,
      27.0,
      27.0,
      26.0,
      0.0,
      25.0,
      27.0,
      26.0,
      17.0,
      24.0,
      21.0,
      23.0,
      24.0,
      43.0
    ],
    [
      15.0,
      6.0,
      16.0,
      6.0,
      11.0,
      16.0,
      11.0,
      8.0,
      9.0,
      25.0,
      0.0,
      9.0,
      9.0,
      20.0,
      5.0,
      9.0,
      11.0,
      6.0,
      57.0
    ],
    [
      18.0,
      8.0,
      19.0,
      9.0,
      5.0,
      18.0,
      13.0,
      9.0,
      12.0,
      27.0,
      9.0,
      0.0,
      7.0,
      23.0,
      7.0,
      12.0,
      7.0,
      7.0,
      60.0
    ],
    [
      18.0,
      8.0,
      17.0,
      8.0,
      8.0,
      18.0,
      14.0,
      12.0,
      12.0,
      26.0,
      9.0,
      7.0,
      0.0,
      22.0,
      9.0,
      11.0,
      10.0,
      8.0,
      58.0
    ],
    [
      11.0,
      22.0,
      10.0,
      26.0,
      23.0,
      12.0,
      15.0,
      27.0,
      16.0,
      17.0,
      20.0,
      23.0,
      22.0,
      0.0,
      16.0,
      27.0,
      18.0,
      16.0,
      54.0
    ],
    [
      14.0,
      2.0,
      12.0,
      3.0,
      7.0,
      14.0,
      7.0,
      9.0,
      6.0,
      24.0,
      5.0,
      7.0,
      9.0,
      16.0,
      0.0,
      13.0,
      9.0,
      4.0,
      65.0
    ],
    [
      22.0,
      14.0,
      24.0,
      14.0,
      9.0,
      23.0,
      18.0,
      5.0,
      17.0,
      21.0,
      9.0,
      12.0,
      11.0,
      27.0,
      13.0,
      0.0,
      11.0,
      12.0,
      57.0
    ],
    [
      13.0,
      9.0,
      19.0,
      10.0,
      6.0,
      15.0,
      13.0,
      7.0,
      11.0,
      23.0,
      11.0,
      7.0,
      10.0,
      18.0,
      9.0,
      11.0,
      0.0,
      7.0,
      54.0
    ],
    [
      13.0,
      3.0,
      11.0,
      4.0,
      8.0,
      14.0,
      6.0,
      9.0,
      5.0,
      24.0,
      6.0,
      7.0,
      8.0,
      16.0,
      4.0,
      12.0,
      7.0,
      0.0,
      63.0
    ],
    [
      55.0,
      64.0,
      59.0,
      63.0,
      57.0,
      56.0,
      60.0,
      57.0,
      59.0,
      43.0,
      57.0,
      60.0,
      58.0,
      54.0,
      65.0,
      57.0,
      54.0,
      63.0,
      0.0
    ]
  ],
  "transit_dist_walk_matrix": [
    [
      0.0,
      0.8333,
      0.41665,
      0.9166300000000001,
      0.58331,
      NaN,
      NaN,
      0.8333,
      NaN,
      0.8333,
      0.99996,
      1.2499500000000001,
      0.74997,
      1.33328,
      0.9166300000000001,
      1.49994,
      0.58331,
      0.58331,
      NaN
    ],
    [
      0.8333,
      0.0,
      0.58331,
      NaN,
      1.16662,
      0.74997,
      1.33328,
      0.8333,
      NaN,
      1.58327,
      NaN,
      NaN,
      0.8333,
      1.8332600000000001,
      NaN,
      1.6666,
      0.99996,
      NaN,
      NaN
    ],
    [
      0.41665,
      0.58331,
      0.0,
      0.9166300000000001,
      0.9166300000000001,
      0.41665,
      1.08329,
      0.99996,
      0.8333,
      0.8333,
      0.49998,
      1.08329,
      0.66664,
      1.16662,
      0.74997,
      1.41661,
      0.74997,
      0.66664,
      NaN
    ],
    [
      0.9166300000000001,
      NaN,
      0.9166300000000001,
      0.0,
      1.2499500000000001,
      0.99996,
      1.41661,
      0.99996,
      NaN,
      1.41661,
      NaN,
      NaN,
      0.99996,
      1.91659,
      NaN,
      1.74993,
      1.08329,
      NaN,
      NaN
    ],
    [
      0.58331,
      1.16662,
      0.9166300000000001,
      1.2499500000000001,
      0.0,
      0.58331,
      1.08329,
      0.49998,
      0.41665,
      1.2499500000000001,
      NaN,
      NaN,
      NaN,
      1.2499500000000001,
      0.74997,
      1.08329,
      NaN,
      0.49998,
      NaN
    ],
    [
      NaN,
      0.74997,
      0.41665,
      0.99996,
      0.58331,
      0.0,
      NaN,
      0.66664,
      NaN,
      0.74997,
      1.16662,
      1.16662,
      0.66664,
      1.2499500000000001,
      0.74997,
      0.99996,
      0.74997,
      0.49998,
      NaN
    ],
    [
      NaN,
      1.33328,
      1.08329,
      1.41661,
      1.08329,
      NaN,
      0.0,
      1.08329,
      NaN,
      1.33328,
      1.6666,
      1.6666,
      0.99996,
      1.91659,
      1.33328,
      1.74993,
      1.2499500000000001,
      0.99996,
      NaN
    ],
    [
      0.8333,
      0.8333,
      0.99996,
      0.99996,
      0.49998,
      0.66664,
      1.08329,
      0.0,
      0.41665,
      0.8333,
      0.49998,
      1.2499500000000001,
      0.33332,
      1.2499500000000001,
      0.99996,
      NaN,
      0.49998,
      0.49998,
      NaN
    ],
    [
      NaN,
      NaN,
      0.8333,
      NaN,
      0.41665,
      NaN,
      NaN,
      0.41665,
      0.0,
      1.33328,
      0.99996,
      NaN,
      0.8333,
      1.6666,
      0.66664,
      1.33328,
      0.99996,
      0.24999,
      NaN
    ],
    [
      0.8333,
      1.58327,
      0.8333,
      1.41661,
      1.2499500000000001,
      0.74997,
      1.33328,
      0.8333,
      1.33328,
      0.0,
      0.58331,
      1.33328,
      1.16662,
      1.74993,
      1.91659,
      1.33328,
      1.16662,
      1.58327,
      NaN
    ],
    [
      0.99996,
      NaN,
      0.49998,
      NaN,
      NaN,
      1.16662,
      1.6666,
      0.49998,
      0.99996,
      0.58331,
      0.0,
      NaN,
      NaN,
      1.58327,
      NaN,
      1.49994,
      NaN,
      NaN,
      NaN
    ],
    [
      1.2499500000000001,
      NaN,
      1.08329,
      NaN,
      NaN,
      1.16662,
      1.6666,
      1.2499500000000001,
      NaN,
      1.33328,
      NaN,
      0.0,
      NaN,
      2.33324,
      NaN,
      2.16658,
      NaN,
      NaN,
      NaN
    ],
    [
      0.74997,
      0.8333,
      0.66664,
      0.99996,
      NaN,
      0.66664,
      0.99996,
      0.33332,
      0.8333,
      1.16662,
      NaN,
      NaN,
      0.0,
      1.49994,
      1.08329,
      1.41661,
      NaN,
      0.9166300000000001,
      NaN
    ],
    [
      1.33328,
      1.8332600000000001,
      1.16662,
      1.91659,
      1.2499500000000001,
      1.2499500000000001,
      1.91659,
      1.2499500000000001,
      1.6666,
      1.74993,
      1.58327,
      2.33324,
      1.49994,
      0.0,
      1.58327,
      2.33324,
      1.58327,
      1.58327,
      NaN
    ],
    [
      0.9166300000000001,
      NaN,
      0.74997,
      NaN,
      0.74997,
      0.74997,
      1.33328,
      0.99996,
      0.66664,
      1.91659,
      NaN,
      NaN,
      1.08329,
      1.58327,
      0.0,
      1.49994,
      0.74997,
      NaN,
      NaN
    ],
    [
      1.49994,
      1.6666,
      1.41661,
      1.74993,
      1.08329,
      0.99996,
      1.74993,
      NaN,
      1.33328,
      1.33328,
      1.49994,
      2.16658,
      1.41661,
      2.33324,
      1.49994,
      0.0,
      1.33328,
      1.33328,
      NaN
    ],
    [
      0.58331,
      0.99996,
      0.74997,
      1.08329,
      NaN,
      0.74997,
      1.2499500000000001,
      0.49998,
      0.99996,
      1.16662,
      NaN,
      NaN,
      NaN,
      1.58327,
      0.74997,
      1.33328,
      0.0,
      0.49998,
      NaN
    ],
    [
      0.58331,
      NaN,
      0.66664,
      NaN,
      0.49998,
      0.49998,
      0.99996,
      0.49998,
      0.24999,
      1.58327,
      NaN,
      NaN,
      0.9166300000000001,
      1.58327,
      NaN,
      1.33328,
      0.49998,
      0.0,
      NaN
    ],
    [
      NaN,
      NaN,
      NaN,
      NaN,
      NaN,
      NaN,
      NaN,
      NaN,
      NaN,
      NaN,
      NaN,
      NaN,
      NaN,
      NaN,
      NaN,
      NaN,
      NaN,
      NaN,
      0.0
    ]
  ],
  "transit_time_matrix": [
    [
      0.0,
      20.0,
      25.0,
      21.0,
      13.0,
      NaN,
      NaN,
      21.0,
      NaN,
      35.0,
      15.0,
      35.0,
      21.0,
      38.0,
      21.0,
      44.0,
      13.0,
      13.0,
      NaN
    ],
    [
      20.0,
      0.0,
      14.0,
      NaN,
      25.0,
      18.0,
      9.0,
      37.0,
      0.0,
      46.0,
      NaN,
      0.0,
      21.0,
      45.0,
      NaN,
      50.0,
      26.0,
      NaN,
      NaN
    ],
    [
      25.0,
      14.0,
      0.0,
      25.0,
      19.0,
      24.0,
      30.0,
      37.0,
      27.0,
      27.0,
      31.0,
      39.0,
      28.0,
      10.0,
      12.0,
      57.0,
      28.0,
      11.0,
      NaN
    ],
    [
      21.0,
      NaN,
      25.0,
      0.0,
      26.0,
      18.0,
      26.0,
      38.0,
      NaN,
      35.0,
      NaN,
      NaN,
      8.0,
      46.0,
      NaN,
      14.0,
      10.0,
      NaN,
      NaN
    ],
    [
      13.0,
      25.0,
      19.0,
      26.0,
      0.0,
      13.0,
      11.0,
      23.0,
      22.0,
      48.0,
      NaN,
      0.0,
      NaN,
      58.0,
      32.0,
      9.0,
      NaN,
      29.0,
      NaN
    ],
    [
      NaN,
      18.0,
      24.0,
      18.0,
      13.0,
      0.0,
      NaN,
      29.0,
      NaN,
      34.0,
      22.0,
      34.0,
      13.0,
      37.0,
      19.0,
      30.0,
      21.0,
      16.0,
      NaN
    ],
    [
      NaN,
      9.0,
      30.0,
      26.0,
      11.0,
      NaN,
      0.0,
      29.0,
      NaN,
      45.0,
      27.0,
      40.0,
      14.0,
      46.0,
      26.0,
      42.0,
      26.0,
      22.0,
      NaN
    ],
    [
      21.0,
      37.0,
      37.0,
      38.0,
      23.0,
      29.0,
      29.0,
      0.0,
      13.0,
      47.0,
      24.0,
      33.0,
      12.0,
      50.0,
      37.0,
      0.0,
      24.0,
      33.0,
      NaN
    ],
    [
      NaN,
      0.0,
      27.0,
      NaN,
      22.0,
      NaN,
      NaN,
      13.0,
      0.0,
      41.0,
      20.0,
      0.0,
      15.0,
      44.0,
      23.0,
      37.0,
      18.0,
      19.0,
      NaN
    ],
    [
      35.0,
      46.0,
      27.0,
      35.0,
      48.0,
      34.0,
      45.0,
      47.0,
      41.0,
      0.0,
      25.0,
      55.0,
      50.0,
      17.0,
      51.0,
      21.0,
      23.0,
      24.0,
      NaN
    ],
    [
      15.0,
      NaN,
      31.0,
      NaN,
      NaN,
      22.0,
      27.0,
      24.0,
      20.0,
      25.0,
      0.0,
      NaN,
      0.0,
      54.0,
      0.0,
      40.0,
      NaN,
      0.0,
      NaN
    ],
    [
      35.0,
      0.0,
      39.0,
      NaN,
      0.0,
      34.0,
      40.0,
      33.0,
      0.0,
      55.0,
      NaN,
      0.0,
      0.0,
      59.0,
      0.0,
      36.0,
      NaN,
      0.0,
      NaN
    ],
    [
      21.0,
      21.0,
      28.0,
      8.0,
      NaN,
      13.0,
      14.0,
      12.0,
      15.0,
      50.0,
      0.0,
      0.0,
      0.0,
      51.0,
      26.0,
      11.0,
      NaN,
      22.0,
      NaN
    ],
    [
      38.0,
      45.0,
      10.0,
      46.0,
      58.0,
      37.0,
      46.0,
      50.0,
      44.0,
      17.0,
      54.0,
      59.0,
      51.0,
      0.0,
      47.0,
      78.0,
      57.0,
      47.0,
      NaN
    ],
    [
      21.0,
      NaN,
      12.0,
      NaN,
      32.0,
      19.0,
      26.0,
      37.0,
      23.0,
      51.0,
      0.0,
      0.0,
      26.0,
      47.0,
      0.0,
      48.0,
      24.0,
      NaN,
      NaN
    ],
    [
      44.0,
      50.0,
      57.0,
      14.0,
      9.0,
      30.0,
      42.0,
      0.0,
      37.0,
      21.0,
      40.0,
      36.0,
      11.0,
      78.0,
      48.0,
      0.0,
      24.0,
      47.0,
      NaN
    ],
    [
      13.0,
      26.0,
      28.0,
      10.0,
      NaN,
      21.0,
      26.0,
      24.0,
      18.0,
      23.0,
      NaN,
      NaN,
      NaN,
      57.0,
      24.0,
      24.0,
      0.0,
      28.0,
      NaN
    ],
    [
      13.0,
      NaN,
      11.0,
      NaN,
      29.0,
      16.0,
      22.0,
      33.0,
      19.0,
      24.0,
      0.0,
      0.0,
      22.0,
      47.0,
      NaN,
      47.0,
      28.0,
      0.0,
      NaN
    ],
    [
      NaN,
      NaN,
      NaN,
      NaN,
      NaN,
      NaN,
      NaN,
      NaN,
      NaN,
      NaN,
      NaN,
      NaN,
      NaN,
      NaN,
      NaN,
      NaN,
      NaN,
      NaN,
      0.0
    ]
  ],
  "walk_dist_matrix": [
    [
      0.0,
      2.2,
      4.2,
      2.2,
      2.0,
      0.11,
      1.0,
      3.2,
      0.95,
      6.3,
      2.2,
      2.8,
      1.7,
      5.8,
      2.1,
      4.7,
      1.9,
      1.9,
      47.4
    ],
    [
      2.2,
      0.0,
      3.5,
      0.12,
      1.9,
      2.0,
      2.1,
      2.8,
      1.4,
      8.3,
      1.2,
      1.7,
      1.6,
      7.8,
      0.17,
      4.1,
      1.9,
      0.25,
      49.0
    ],
    [
      4.2,
      3.5,
      0.0,
      3.5,
      5.0,
      4.1,
      3.7,
      6.0,
      3.7,
      10.3,
      4.3,
      4.9,
      4.4,
      4.6,
      3.3,
      7.4,
      5.0,
      3.2,
      51.5
    ],
    [
      2.2,
      0.12,
      3.5,
      0.0,
      1.9,
      2.1,
      2.2,
      2.7,
      1.5,
      8.3,
      1.2,
      1.6,
      1.6,
      7.9,
      0.25,
      4.0,
      1.8,
      0.35,
      48.9
    ],
    [
      2.0,
      1.9,
      5.0,
      1.9,
      0.0,
      1.9,
      2.7,
      1.2,
      2.1,
      6.9,
      0.9,
      1.6,
      0.85,
      7.7,
      2.0,
      2.7,
      0.45,
      1.9,
      47.4
    ],
    [
      0.11,
      2.0,
      4.1,
      2.1,
      1.9,
      0.0,
      0.85,
      3.1,
      0.8,
      6.3,
      2.1,
      2.7,
      1.6,
      5.8,
      2.0,
      4.6,
      1.9,
      1.8,
      47.5
    ],
    [
      1.0,
      2.1,
      3.7,
      2.2,
      2.7,
      0.85,
      0.0,
      3.9,
      0.85,
      7.0,
      2.1,
      2.8,
      2.1,
      6.4,
      2.0,
      5.4,
      2.6,
      1.8,
      48.2
    ],
    [
      3.2,
      2.8,
      6.0,
      2.7,
      1.2,
      3.1,
      3.9,
      0.0,
      3.1,
      7.8,
      1.7,
      2.3,
      2.0,
      8.6,
      2.9,
      1.6,
      1.3,
      2.9,
      48.2
    ],
    [
      0.95,
      1.4,
      3.7,
      1.5,
      2.1,
      0.8,
      0.85,
      3.1,
      0.0,
      7.0,
      1.3,
      2.0,
      1.3,
      6.6,
      1.4,
      4.6,
      2.0,
      1.1,
      48.2
    ],
    [
      6.3,
      8.3,
      10.3,
      8.3,
      6.9,
      6.3,
      7.0,
      7.8,
      7.0,
      0.0,
      7.3,
      8.1,
      6.8,
      8.0,
      8.2,
      7.5,
      6.5,
      8.1,
      43.1
    ],
    [
      2.2,
      1.2,
      4.3,
      1.2,
      0.9,
      2.1,
      2.1,
      1.7,
      1.3,
      7.3,
      0.0,
      0.7,
      0.7,
      7.9,
      1.3,
      3.2,
      0.9,
      1.2,
      48.0
    ],
    [
      2.8,
      1.7,
      4.9,
      1.6,
      1.6,
      2.7,
      2.8,
      2.3,
      2.0,
      8.1,
      0.7,
      0.0,
      1.3,
      8.5,
      1.8,
      3.8,
      1.6,
      1.8,
      48.7
    ],
    [
      1.7,
      1.6,
      4.4,
      1.6,
      0.85,
      1.6,
      2.1,
      2.0,
      1.3,
      6.8,
      0.7,
      1.3,
      0.0,
      7.5,
      1.7,
      3.5,
      0.8,
      1.4,
      47.8
    ],
    [
      5.8,
      7.8,
      4.6,
      7.9,
      7.7,
      5.8,
      6.4,
      8.6,
      6.6,
      8.0,
      7.9,
      8.5,
      7.5,
      0.0,
      7.7,
      10.2,
      7.3,
      7.6,
      49.2
    ],
    [
      2.1,
      0.17,
      3.3,
      0.25,
      2.0,
      2.0,
      2.0,
      2.9,
      1.4,
      8.2,
      1.3,
      1.8,
      1.7,
      7.7,
      0.0,
      4.2,
      2.0,
      0.3,
      49.1
    ],
    [
      4.7,
      4.1,
      7.4,
      4.0,
      2.7,
      4.6,
      5.4,
      1.6,
      4.6,
      7.5,
      3.2,
      3.8,
      3.5,
      10.2,
      4.2,
      0.0,
      2.8,
      4.3,
      47.8
    ],
    [
      1.9,
      1.9,
      5.0,
      1.8,
      0.45,
      1.9,
      2.6,
      1.3,
      2.0,
      6.5,
      0.9,
      1.6,
      0.8,
      7.3,
      2.0,
      2.8,
      0.0,
      1.9,
      47.1
    ],
    [
      1.9,
      0.25,
      3.2,
      0.35,
      1.9,
      1.8,
      1.8,
      2.9,
      1.1,
      8.1,
      1.2,
      1.8,
      1.4,
      7.6,
      0.3,
      4.3,
      1.9,
      0.0,
      48.9
    ],
    [
      47.4,
      49.0,
      51.5,
      48.9,
      47.4,
      47.5,
      48.2,
      48.2,
      48.2,
      43.1,
      48.0,
      48.7,
      47.8,
      49.2,
      49.1,
      47.8,
      47.1,
      48.9,
      0.0
    ]
  ],
  "walk_time_matrix": [
    [
      0.0,
      20.0,
      55.0,
      28.0,
      13.0,
      1.0,
      12.0,
      30.0,
      12.0,
      79.0,
      28.0,
      35.0,
      22.0,
      74.0,
      26.0,
      44.0,
      13.0,
      24.0,
      595.0
    ],
    [
      20.0,
      0.0,
      46.0,
      2.0,
      25.0,
      26.0,
      26.0,
      37.0,
      18.0,
      46.0,
      15.0,
      20.0,
      20.0,
      45.0,
      2.0,
      50.0,
      24.0,
      3.0,
      612.0
    ],
    [
      55.0,
      46.0,
      0.0,
      25.0,
      62.0,
      24.0,
      46.0,
      37.0,
      47.0,
      129.0,
      53.0,
      61.0,
      55.0,
      56.0,
      41.0,
      93.0,
      28.0,
      40.0,
      645.0
    ],
    [
      28.0,
      2.0,
      25.0,
      0.0,
      26.0,
      18.0,
      27.0,
      38.0,
      19.0,
      104.0,
      14.0,
      20.0,
      20.0,
      46.0,
      3.0,
      50.0,
      23.0,
      4.0,
      611.0
    ],
    [
      13.0,
      25.0,
      62.0,
      26.0,
      0.0,
      25.0,
      31.0,
      23.0,
      22.0,
      48.0,
      11.0,
      19.0,
      11.0,
      58.0,
      32.0,
      33.0,
      6.0,
      23.0,
      592.0
    ],
    [
      1.0,
      26.0,
      24.0,
      18.0,
      25.0,
      0.0,
      11.0,
      29.0,
      11.0,
      79.0,
      26.0,
      34.0,
      21.0,
      74.0,
      24.0,
      57.0,
      23.0,
      22.0,
      596.0
    ],
    [
      12.0,
      26.0,
      46.0,
      27.0,
      31.0,
      11.0,
      0.0,
      29.0,
      11.0,
      88.0,
      27.0,
      40.0,
      26.0,
      81.0,
      25.0,
      42.0,
      33.0,
      22.0,
      604.0
    ],
    [
      30.0,
      37.0,
      37.0,
      38.0,
      23.0,
      29.0,
      29.0,
      0.0,
      38.0,
      97.0,
      21.0,
      28.0,
      12.0,
      107.0,
      36.0,
      20.0,
      16.0,
      33.0,
      602.0
    ],
    [
      12.0,
      18.0,
      47.0,
      19.0,
      22.0,
      11.0,
      11.0,
      38.0,
      0.0,
      41.0,
      20.0,
      24.0,
      16.0,
      84.0,
      18.0,
      37.0,
      25.0,
      14.0,
      604.0
    ],
    [
      79.0,
      46.0,
      129.0,
      104.0,
      48.0,
      79.0,
      88.0,
      97.0,
      41.0,
      0.0,
      90.0,
      55.0,
      84.0,
      98.0,
      51.0,
      92.0,
      80.0,
      99.0,
      540.0
    ],
    [
      28.0,
      15.0,
      53.0,
      14.0,
      11.0,
      26.0,
      27.0,
      21.0,
      20.0,
      90.0,
      0.0,
      9.0,
      9.0,
      54.0,
      16.0,
      40.0,
      11.0,
      14.0,
      599.0
    ],
    [
      35.0,
      20.0,
      61.0,
      20.0,
      19.0,
      34.0,
      40.0,
      28.0,
      24.0,
      55.0,
      9.0,
      0.0,
      17.0,
      108.0,
      23.0,
      36.0,
      20.0,
      22.0,
      609.0
    ],
    [
      22.0,
      20.0,
      55.0,
      20.0,
      11.0,
      21.0,
      26.0,
      12.0,
      16.0,
      84.0,
      9.0,
      17.0,
      0.0,
      94.0,
      20.0,
      43.0,
      10.0,
      22.0,
      597.0
    ],
    [
      74.0,
      45.0,
      56.0,
      46.0,
      58.0,
      74.0,
      81.0,
      107.0,
      84.0,
      98.0,
      54.0,
      108.0,
      94.0,
      0.0,
      96.0,
      127.0,
      92.0,
      47.0,
      616.0
    ],
    [
      26.0,
      2.0,
      41.0,
      3.0,
      32.0,
      24.0,
      25.0,
      36.0,
      18.0,
      51.0,
      16.0,
      23.0,
      20.0,
      96.0,
      0.0,
      48.0,
      25.0,
      4.0,
      614.0
    ],
    [
      44.0,
      50.0,
      93.0,
      50.0,
      33.0,
      57.0,
      42.0,
      20.0,
      37.0,
      92.0,
      40.0,
      36.0,
      43.0,
      127.0,
      48.0,
      0.0,
      34.0,
      47.0,
      597.0
    ],
    [
      13.0,
      24.0,
      28.0,
      23.0,
      6.0,
      23.0,
      33.0,
      16.0,
      25.0,
      80.0,
      11.0,
      20.0,
      10.0,
      92.0,
      25.0,
      34.0,
      0.0,
      23.0,
      589.0
    ],
    [
      24.0,
      3.0,
      40.0,
      4.0,
      23.0,
      22.0,
      22.0,
      33.0,
      14.0,
      99.0,
      14.0,
      22.0,
      22.0,
      47.0,
      4.0,
      47.0,
      23.0,
      0.0,
      612.0
    ],
    [
      595.0,
      612.0,
      645.0,
      611.0,
      592.0,
      596.0,
      604.0,
      602.0,
      604.0,
      540.0,
      599.0,
      609.0,
      597.0,
      616.0,
      614.0,
      597.0,
      589.0,
      612.0,
      0.0
    ]
  ],
  "cycle_dist_matrix": [
    [
      0.0,
      2.2,
      4.2,
      2.2,
      2.0,
      0.11,
      1.0,
      3.2,
      0.95,
      6.3,
      2.2,
      2.8,
      1.7,
      5.8,
      2.1,
      4.7,
      NaN,
      1.9,
      47.4
    ],
    [
      2.2,
      0.0,
      3.5,
      0.12,
      NaN,
      2.0,
      2.1,
      2.8,
      1.4,
      8.3,
      1.2,
      1.7,
      1.6,
      7.8,
      0.17,
      4.1,
      1.9,
      0.25,
      49.0
    ],
    [
      4.2,
      3.5,
      0.0,
      3.5,
      5.0,
      NaN,
      3.7,
      6.0,
      3.7,
      10.3,
      4.3,
      4.9,
      4.4,
      4.6,
      3.3,
      7.4,
      5.0,
      3.2,
      51.5
    ],
    [
      2.2,
      0.12,
      3.5,
      0.0,
      1.9,
      NaN,
      2.2,
      2.7,
      1.5,
      8.3,
      1.2,
      1.6,
      1.6,
      7.9,
      0.25,
      4.0,
      1.8,
      0.35,
      48.9
    ],
    [
      2.0,
      NaN,
      5.0,
      1.9,
      0.0,
      1.9,
      NaN,
      1.2,
      2.1,
      6.9,
      0.9,
      1.6,
      0.85,
      NaN,
      2.0,
      2.7,
      0.45,
      1.9,
      47.4
    ],
    [
      0.11,
      2.0,
      NaN,
      NaN,
      1.9,
      0.0,
      0.85,
      3.1,
      0.8,
      6.3,
      2.1,
      2.7,
      1.6,
      5.8,
      2.0,
      4.6,
      1.9,
      1.8,
      47.5
    ],
    [
      1.0,
      2.1,
      3.7,
      2.2,
      NaN,
      0.85,
      0.0,
      3.9,
      0.85,
      7.0,
      2.1,
      2.8,
      2.1,
      6.4,
      2.0,
      5.4,
      2.6,
      1.8,
      48.2
    ],
    [
      3.2,
      2.8,
      6.0,
      2.7,
      1.2,
      3.1,
      3.9,
      0.0,
      3.1,
      7.8,
      1.7,
      2.3,
      2.0,
      8.6,
      2.9,
      1.6,
      1.3,
      2.9,
      48.2
    ],
    [
      0.95,
      1.4,
      3.7,
      1.5,
      2.1,
      0.8,
      0.85,
      3.1,
      0.0,
      7.0,
      1.3,
      2.0,
      1.3,
      6.6,
      1.4,
      4.6,
      2.0,
      1.1,
      48.2
    ],
    [
      6.3,
      8.3,
      10.3,
      8.3,
      6.9,
      6.3,
      7.0,
      7.8,
      7.0,
      0.0,
      7.3,
      8.1,
      6.8,
      8.0,
      8.2,
      7.5,
      6.5,
      8.1,
      43.1
    ],
    [
      2.2,
      1.2,
      4.3,
      1.2,
      0.9,
      2.1,
      2.1,
      1.7,
      1.3,
      7.3,
      0.0,
      0.7,
      0.7,
      7.9,
      1.3,
      3.2,
      0.9,
      1.2,
      48.0
    ],
    [
      2.8,
      1.7,
      4.9,
      1.6,
      1.6,
      2.7,
      2.8,
      2.3,
      2.0,
      8.1,
      0.7,
      0.0,
      1.3,
      8.5,
      1.8,
      3.8,
      1.6,
      1.8,
      48.7
    ],
    [
      1.7,
      1.6,
      4.4,
      1.6,
      0.85,
      1.6,
      2.1,
      2.0,
      1.3,
      6.8,
      0.7,
      1.3,
      0.0,
      7.5,
      1.7,
      3.5,
      0.8,
      1.5,
      47.8
    ],
    [
      5.8,
      7.8,
      4.6,
      7.9,
      NaN,
      5.8,
      6.4,
      8.6,
      6.6,
      8.0,
      7.9,
      8.5,
      7.5,
      0.0,
      7.7,
      10.2,
      7.3,
      7.6,
      49.2
    ],
    [
      2.1,
      0.17,
      3.3,
      0.25,
      2.0,
      2.0,
      2.0,
      2.9,
      1.4,
      8.2,
      1.3,
      1.8,
      1.7,
      7.7,
      0.0,
      4.2,
      2.0,
      0.3,
      49.1
    ],
    [
      4.7,
      4.1,
      7.4,
      4.0,
      2.7,
      4.6,
      5.4,
      1.6,
      4.6,
      7.5,
      3.2,
      3.8,
      3.5,
      10.2,
      4.2,
      0.0,
      2.8,
      4.3,
      47.8
    ],
    [
      NaN,
      1.9,
      5.0,
      1.8,
      0.45,
      1.9,
      2.6,
      1.3,
      2.0,
      6.5,
      0.9,
      1.6,
      0.8,
      7.3,
      2.0,
      2.8,
      0.0,
      1.9,
      47.1
    ],
    [
      1.9,
      0.25,
      3.2,
      0.35,
      1.9,
      1.8,
      1.8,
      2.9,
      1.1,
      8.1,
      1.2,
      1.8,
      1.5,
      7.6,
      0.3,
      4.3,
      1.9,
      0.0,
      48.9
    ],
    [
      47.4,
      49.0,
      51.5,
      48.9,
      47.4,
      47.5,
      48.2,
      48.2,
      48.2,
      43.1,
      48.0,
      48.7,
      47.8,
      49.2,
      49.1,
      47.8,
      47.1,
      48.9,
      0.0
    ]
  ],
  "cycle_time_matrix": [
    [
      0.0,
      27.0,
      55.0,
      28.0,
      25.0,
      1.0,
      12.0,
      40.0,
      12.0,
      79.0,
      28.0,
      35.0,
      22.0,
      74.0,
      26.0,
      58.0,
      NaN,
      24.0,
      595.0
    ],
    [
      27.0,
      0.0,
      46.0,
      2.0,
      NaN,
      26.0,
      26.0,
      37.0,
      18.0,
      104.0,
      15.0,
      21.0,
      20.0,
      99.0,
      2.0,
      51.0,
      24.0,
      3.0,
      612.0
    ],
    [
      55.0,
      46.0,
      0.0,
      44.0,
      62.0,
      NaN,
      46.0,
      75.0,
      47.0,
      129.0,
      53.0,
      61.0,
      55.0,
      56.0,
      41.0,
      93.0,
      62.0,
      40.0,
      645.0
    ],
    [
      28.0,
      2.0,
      44.0,
      0.0,
      23.0,
      NaN,
      27.0,
      34.0,
      19.0,
      104.0,
      14.0,
      20.0,
      20.0,
      100.0,
      3.0,
      50.0,
      23.0,
      4.0,
      611.0
    ],
    [
      25.0,
      NaN,
      62.0,
      23.0,
      0.0,
      24.0,
      NaN,
      23.0,
      26.0,
      86.0,
      11.0,
      19.0,
      11.0,
      NaN,
      25.0,
      33.0,
      6.0,
      23.0,
      592.0
    ],
    [
      1.0,
      26.0,
      NaN,
      NaN,
      24.0,
      0.0,
      11.0,
      38.0,
      11.0,
      79.0,
      26.0,
      34.0,
      21.0,
      74.0,
      24.0,
      57.0,
      23.0,
      22.0,
      596.0
    ],
    [
      12.0,
      26.0,
      46.0,
      27.0,
      NaN,
      11.0,
      0.0,
      48.0,
      11.0,
      88.0,
      27.0,
      34.0,
      26.0,
      81.0,
      25.0,
      67.0,
      33.0,
      22.0,
      604.0
    ],
    [
      40.0,
      37.0,
      75.0,
      34.0,
      23.0,
      38.0,
      48.0,
      0.0,
      38.0,
      97.0,
      21.0,
      28.0,
      25.0,
      107.0,
      36.0,
      20.0,
      16.0,
      36.0,
      602.0
    ],
    [
      12.0,
      18.0,
      47.0,
      19.0,
      26.0,
      11.0,
      11.0,
      38.0,
      0.0,
      88.0,
      17.0,
      24.0,
      16.0,
      84.0,
      18.0,
      57.0,
      25.0,
      14.0,
      604.0
    ],
    [
      79.0,
      104.0,
      129.0,
      104.0,
      86.0,
      79.0,
      88.0,
      97.0,
      88.0,
      0.0,
      90.0,
      99.0,
      84.0,
      98.0,
      101.0,
      92.0,
      80.0,
      99.0,
      540.0
    ],
    [
      28.0,
      15.0,
      53.0,
      14.0,
      11.0,
      26.0,
      27.0,
      21.0,
      17.0,
      90.0,
      0.0,
      9.0,
      9.0,
      100.0,
      16.0,
      40.0,
      11.0,
      14.0,
      599.0
    ],
    [
      35.0,
      21.0,
      61.0,
      20.0,
      19.0,
      34.0,
      34.0,
      28.0,
      24.0,
      99.0,
      9.0,
      0.0,
      17.0,
      108.0,
      23.0,
      48.0,
      20.0,
      23.0,
      609.0
    ],
    [
      22.0,
      20.0,
      55.0,
      20.0,
      11.0,
      21.0,
      26.0,
      25.0,
      16.0,
      84.0,
      9.0,
      17.0,
      0.0,
      94.0,
      20.0,
      43.0,
      10.0,
      22.0,
      597.0
    ],
    [
      74.0,
      99.0,
      56.0,
      100.0,
      NaN,
      74.0,
      81.0,
      107.0,
      84.0,
      98.0,
      100.0,
      108.0,
      94.0,
      0.0,
      96.0,
      127.0,
      92.0,
      96.0,
      616.0
    ],
    [
      26.0,
      2.0,
      41.0,
      3.0,
      25.0,
      24.0,
      25.0,
      36.0,
      18.0,
      101.0,
      16.0,
      23.0,
      20.0,
      96.0,
      0.0,
      53.0,
      25.0,
      4.0,
      614.0
    ],
    [
      58.0,
      51.0,
      93.0,
      50.0,
      33.0,
      57.0,
      67.0,
      20.0,
      57.0,
      92.0,
      40.0,
      48.0,
      43.0,
      127.0,
      53.0,
      0.0,
      34.0,
      53.0,
      597.0
    ],
    [
      NaN,
      24.0,
      62.0,
      23.0,
      6.0,
      23.0,
      33.0,
      16.0,
      25.0,
      80.0,
      11.0,
      20.0,
      10.0,
      92.0,
      25.0,
      34.0,
      0.0,
      23.0,
      589.0
    ],
    [
      24.0,
      3.0,
      40.0,
      4.0,
      23.0,
      22.0,
      22.0,
      36.0,
      14.0,
      99.0,
      14.0,
      23.0,
      22.0,
      96.0,
      4.0,
      53.0,
      23.0,
      0.0,
      612.0
    ],
    [
      595.0,
      612.0,
      645.0,
      611.0,
      592.0,
      596.0,
      604.0,
      602.0,
      604.0,
      540.0,
      599.0,
      609.0,
      597.0,
      616.0,
      614.0,
      597.0,
      589.0,
      612.0,
      0.0
    ]
  ]
}