{
  "drive_dist_matrix": [
    [
      0.0,
      6.8,
      3.8,
      6.8,
      6.4,
      6.5,
      37.5,
      6.8,
      6.0,
      6.8,
      6.0,
      6.4,
      1.7,
      6.2,
      6.9,
      6.8,
      6.8,
      7.1,
      25.0,
      6.7,
      6.0,
      7.4,
      5.5,
      7.2,
      6.5,
      6.8,
      6.7,
      5.0,
      5.4,
      27.9,
      8.8,
      0.5,
      7.0,
      6.1,
      5.5,
      6.7,
      9.4,
      5.9,
      5.5,
      12.0,
      4.8,
      6.1,
      6.5,
      6.8,
      5.7,
      18.3,
      0.0,
      12.5,
      27.2,
      15.4,
      7.7,
      5.4,
      14.1,
      7.7,
      16.9,
      5.0,
      5.9,
      9.8,
      7.6,
      6.8
    ],
    [
      6.8,
      0.0,
      6.6,
      0.16,
      0.6,
      0.2,
      34.1,
      0.016,
      1.0,
      0.11,
      0.65,
      0.65,
      6.0,
      0.45,
      0.55,
      0.14,
      0.27,
      0.8,
      21.5,
      0.28,
      0.24,
      2.0,
      3.9,
      0.4,
      0.25,
      0.22,
      0.27,
      8.7,
      4.9,
      24.4,
      18.5,
      12.8,
      0.75,
      0.5,
      4.9,
      0.4,
      7.8,
      0.35,
      8.3,
      6.6,
      14.2,
      0.12,
      0.19,
      0.14,
      2.7,
      34.6,
      7.3,
      6.2,
      23.8,
      9.1,
      2.4,
      3.8,
      7.8,
      1.0,
      15.2,
      2.4,
      0.7,
      4.4,
      5.7,
      0.24
    ],
    [
      3.8,
      6.6,
      0.0,
      5.7,
      5.2,
      5.3,
      33.5,
      5.6,
      4.3,
      5.7,
      4.9,
      5.2,
      2.9,
      4.5,
      5.7,
      5.7,
      5.6,
      5.4,
      20.9,
      5.6,
      4.3,
      5.7,
      3.8,
      5.5,
      5.3,
      5.6,
      5.6,
      1.3,
      7.7,
      23.8,
      9.7,
      4.3,
      5.3,
      5.0,
      1.7,
      5.5,
      10.7,
      4.2,
      1.4,
      9.8,
      5.3,
      4.4,
      5.3,
      5.6,
      5.7,
      19.2,
      4.7,
      14.2,
      23.2,
      15.8,
      6.5,
      3.7,
      14.6,
      6.5,
      30.7,
      3.3,
      5.0,
      9.0,
      5.9,
      5.6
    ],
    [
      6.8,
      0.16,
      5.7,
      0.0,
      0.45,
      0.2,
      34.1,
      0.17,
      1.8,
      0.092,
      0.6,
      0.5,
      6.0,
      0.55,
      0.4,
      0.013,
      0.11,
      0.75,
      21.5,
      0.12,
      0.3,
      0.6,
      3.9,
      0.25,
      0.25,
      0.15,
      0.11,
      8.7,
      4.9,
      24.4,
      18.5,
      12.8,
      0.7,
      0.5,
      4.9,
      0.26,
      7.8,
      0.4,
      8.3,
      6.6,
      14.2,
      0.19,
      0.2,
      0.065,
      2.7,
      34.6,
      7.3,
      6.2,
      23.8,
      9.1,
      2.4,
      3.8,
      7.8,
      0.85,
      15.2,
      2.4,
      0.7,
      4.4,
      5.7,
      0.079
    ],
    [
      6.4,
      0.6,
      5.2,
      0.45,
      0.0,
      0.5,
      33.4,
      0.6,
      1.9,
      0.45,
      0.35,
      0.049,
      5.3,
      0.7,
      0.024,
      0.45,
      0.5,
      1.0,
      20.8,
      0.5,
      0.75,
      0.9,
      3.2,
      0.5,
      0.5,
      1.0,
      0.5,
      8.0,
      4.6,
      23.7,
      14.4,
      12.1,
      2.4,
      0.25,
      4.2,
      0.18,
      7.6,
      0.8,
      7.6,
      6.9,
      10.0,
      0.6,
      0.5,
      0.45,
      2.5,
      34.4,
      6.6,
      6.7,
      23.1,
      10.2,
      2.7,
      3.1,
      8.9,
      0.9,
      15.1,
      1.7,
      0.45,
      4.7,
      5.0,
      0.35
    ],
    [
      6.5,
      0.2,
      5.3,
      0.2,
      0.5,
      0.0,
      33.2,
      0.18,
      1.7,
      0.13,
      0.45,
      0.55,
      5.1,
      0.35,
      0.5,
      0.22,
      0.3,
      1.8,
      20.6,
      0.3,
      0.35,
      0.7,
      3.0,
      0.45,
      0.052,
      0.14,
      0.3,
      6.1,
      5.2,
      23.5,
      14.2,
      11.9,
      0.9,
      0.3,
      4.0,
      0.35,
      8.2,
      0.4,
      7.4,
      6.7,
      9.8,
      0.22,
      0.002,
      0.13,
      3.0,
      31.0,
      6.4,
      7.0,
      22.9,
      9.9,
      2.5,
      2.9,
      8.7,
      1.0,
      15.7,
      1.5,
      0.55,
      4.5,
      4.8,
      0.23
    ],
    [
      37.5,
      34.1,
      33.5,
      34.1,
      33.4,
      33.2,
      0.0,
      33.5,
      31.4,
      33.5,
      32.9,
      33.2,
      33.4,
      32.4,
      33.0,
      33.5,
      33.5,
      32.6,
      14.8,
      33.4,
      32.1,
      32.9,
      31.3,
      32.5,
      33.3,
      33.5,
      33.4,
      30.1,
      40.0,
      13.2,
      38.6,
      32.9,
      31.9,
      32.9,
      34.1,
      32.8,
      42.5,
      32.0,
      29.7,
      26.6,
      34.3,
      32.1,
      33.3,
      33.5,
      34.6,
      58.2,
      38.0,
      37.4,
      13.0,
      39.0,
      31.5,
      31.2,
      37.7,
      33.6,
      47.7,
      32.2,
      33.0,
      32.2,
      29.4,
      33.5
    ],
    [
      6.8,
      0.016,
      5.6,
      0.17,
      0.6,
      0.18,
      33.5,
      0.0,
      1.0,
      0.12,
      0.65,
      0.65,
      5.9,
      0.45,
      0.55,
      0.16,
      0.28,
      0.8,
      21.4,
      0.3,
      0.22,
      0.65,
      3.8,
      0.45,
      0.23,
      0.23,
      0.29,
      8.6,
      4.7,
      24.3,
      18.4,
      12.7,
      0.75,
      0.5,
      4.8,
      0.4,
      7.7,
      0.3,
      8.2,
      6.5,
      14.1,
      0.11,
      0.18,
      0.16,
      2.6,
      34.5,
      7.2,
      6.1,
      23.7,
      9.0,
      2.3,
      3.7,
      7.7,
      1.0,
      15.1,
      2.3,
      0.75,
      4.3,
      5.6,
      0.25
    ],
    [
      6.0,
      1.0,
      4.3,
      1.8,
      1.9,
      1.7,
      31.4,
      1.0,
      0.0,
      2.6,
      1.8,
      2.1,
      4.7,
      0.95,
      2.0,
      2.6,
      2.6,
      1.4,
      19.4,
      2.5,
      0.8,
      1.7,
      2.4,
      1.5,
      2.2,
      2.5,
      2.5,
      6.6,
      6.1,
      22.3,
      16.4,
      10.7,
      1.3,
      1.9,
      3.6,
      1.8,
      9.1,
      0.7,
      6.2,
      6.3,
      12.0,
      0.9,
      2.2,
      2.5,
      3.9,
      36.0,
      6.0,
      6.8,
      21.7,
      9.7,
      2.1,
      2.3,
      8.5,
      2.7,
      18.4,
      1.0,
      1.9,
      4.1,
      3.5,
      2.5
    ],
    [
      6.8,
      0.11,
      5.7,
      0.092,
      0.45,
      0.13,
      33.5,
      0.12,
      2.6,
      0.0,
      0.55,
      0.5,
      6.0,
      0.45,
      0.45,
      0.08,
      0.21,
      1.7,
      21.5,
      0.22,
      0.27,
      0.55,
      3.9,
      0.35,
      0.19,
      0.11,
      0.21,
      8.7,
      4.9,
      24.4,
      18.5,
      12.8,
      0.75,
      0.45,
      4.9,
      0.3,
      7.8,
      0.35,
      8.3,
      6.6,
      10.4,
      0.14,
      0.13,
      0.035,
      2.7,
      34.6,
      7.3,
      6.2,
      23.8,
      9.1,
      2.4,
      3.8,
      7.8,
      0.95,
      15.2,
      2.6,
      0.6,
      4.4,
      5.7,
      0.13
    ],
    [
      6.0,
      0.65,
      4.9,
      0.6,
      0.35,
      0.45,
      32.9,
      0.65,
      1.8,
      0.55,
      0.0,
      0.35,
      4.5,
      0.45,
      0.35,
      0.6,
      0.65,
      1.9,
      20.7,
      0.7,
      0.75,
      2.2,
      3.1,
      0.8,
      0.4,
      0.45,
      0.65,
      6.2,
      4.4,
      23.6,
      14.2,
      8.9,
      1.8,
      0.15,
      4.1,
      0.45,
      7.4,
      0.8,
      7.5,
      6.7,
      8.9,
      0.7,
      0.45,
      0.55,
      2.3,
      30.4,
      5.8,
      8.4,
      23.0,
      10.0,
      2.6,
      3.0,
      8.7,
      1.2,
      14.9,
      1.6,
      0.089,
      4.8,
      4.8,
      0.5
    ],
    [
      6.4,
      0.65,
      5.2,
      0.5,
      0.049,
      0.55,
      33.2,
      0.65,
      2.1,
      0.5,
      0.35,
      0.0,
      5.3,
      0.7,
      0.073,
      0.5,
      0.55,
      2.0,
      20.9,
      0.5,
      0.8,
      0.9,
      3.2,
      0.5,
      0.5,
      0.4,
      1.0,
      6.4,
      4.7,
      23.7,
      14.9,
      12.2,
      2.5,
      0.26,
      4.2,
      0.22,
      7.6,
      0.85,
      7.7,
      6.9,
      10.0,
      0.65,
      0.55,
      0.5,
      2.5,
      34.4,
      6.6,
      6.7,
      23.1,
      10.2,
      2.7,
      3.1,
      8.9,
      0.85,
      15.1,
      1.7,
      0.45,
      5.0,
      5.0,
      0.4
    ],
    [
      1.7,
      6.0,
      2.9,
      6.0,
      5.3,
      5.1,
      33.4,
      5.9,
      4.7,
      6.0,
      4.5,
      5.3,
      0.0,
      4.9,
      5.6,
      5.5,
      5.5,
      5.8,
      21.4,
      5.4,
      4.7,
      6.1,
      4.2,
      5.9,
      5.2,
      5.5,
      5.4,
      3.8,
      5.1,
      24.3,
      8.3,
      4.8,
      5.7,
      4.8,
      4.2,
      5.4,
      7.9,
      4.6,
      4.2,
      10.7,
      4.3,
      4.8,
      5.2,
      5.5,
      4.4,
      17.8,
      1.8,
      12.5,
      23.6,
      14.1,
      6.4,
      4.1,
      12.8,
      6.4,
      15.5,
      3.7,
      4.6,
      8.5,
      6.3,
      5.5
    ],
    [
      6.2,
      0.45,
      4.5,
      0.55,
      0.7,
      0.35,
      32.4,
      0.45,
      0.95,
      0.45,
      0.45,
      0.7,
      4.9,
      0.0,
      0.7,
      0.55,
      0.65,
      1.5,
      20.3,
      0.65,
      0.4,
      1.1,
      2.7,
      0.8,
      0.35,
      0.45,
      0.65,
      5.8,
      4.7,
      23.2,
      13.8,
      11.6,
      1.4,
      0.5,
      3.6,
      0.65,
      7.7,
      0.4,
      7.1,
      6.3,
      9.4,
      0.5,
      0.35,
      0.45,
      2.6,
      30.7,
      6.1,
      8.0,
      22.5,
      9.6,
      2.1,
      2.5,
      8.3,
      2.0,
      15.2,
      1.1,
      0.55,
      4.4,
      4.4,
      0.55
    ],
    [
      6.9,
      0.55,
      5.7,
      0.4,
      0.024,
      0.5,
      33.0,
      0.55,
      2.0,
      0.45,
      0.35,
      0.073,
      5.6,
      0.7,
      0.0,
      0.4,
      0.5,
      1.0,
      20.8,
      0.5,
      0.7,
      0.85,
      3.2,
      0.5,
      0.5,
      0.35,
      0.5,
      6.4,
      4.6,
      23.7,
      14.9,
      12.2,
      2.5,
      0.28,
      4.2,
      0.15,
      7.6,
      0.8,
      6.8,
      6.9,
      10.0,
      0.6,
      0.45,
      1.0,
      2.5,
      34.4,
      6.6,
      6.7,
      23.1,
      10.2,
      2.7,
      3.1,
      8.9,
      0.85,
      15.1,
      1.7,
      0.45,
      4.9,
      5.0,
      0.35
    ],
    [
      6.8,
      0.14,
      5.7,
      0.013,
      0.45,
      0.22,
      33.5,
      0.16,
      2.6,
      0.08,
      0.6,
      0.5,
      5.5,
      0.55,
      0.4,
      0.0,
      0.13,
      0.7,
      21.5,
      0.14,
      0.3,
      0.5,
      4.1,
      0.27,
      0.27,
      0.17,
      0.13,
      8.7,
      4.9,
      24.4,
      18.5,
      12.8,
      0.7,
      0.5,
      5.1,
      0.28,
      7.8,
      0.4,
      8.3,
      6.6,
      14.2,
      0.17,
      0.21,
      0.085,
      2.7,
      34.6,
      7.3,
      6.2,
      23.8,
      9.1,
      2.4,
      4.0,
      7.8,
      0.9,
      15.2,
      2.6,
      0.7,
      4.7,
      5.7,
      0.099
    ],
    [
      6.8,
      0.27,
      5.6,
      0.11,
      0.5,
      0.3,
      33.5,
      0.28,
      2.6,
      0.21,
      0.65,
      0.55,
      5.5,
      0.65,
      0.5,
      0.13,
      0.0,
      0.65,
      21.5,
      0.012,
      0.45,
      0.5,
      4.0,
      0.14,
      0.35,
      0.23,
      0.003,
      8.7,
      4.8,
      24.4,
      18.5,
      12.8,
      0.75,
      0.6,
      5.0,
      0.35,
      7.8,
      0.5,
      8.3,
      6.6,
      14.1,
      0.3,
      0.3,
      0.17,
      2.7,
      34.6,
      7.3,
      6.1,
      23.8,
      9.1,
      2.4,
      3.9,
      7.8,
      0.8,
      15.2,
      2.5,
      0.75,
      4.6,
      5.7,
      0.14
    ],
    [
      7.1,
      0.8,
      5.4,
      0.75,
      1.0,
      1.8,
      32.6,
      0.8,
      1.4,
      1.7,
      1.9,
      2.0,
      5.8,
      1.5,
      1.0,
      0.7,
      0.65,
      0.0,
      20.4,
      0.65,
      0.85,
      0.4,
      3.3,
      0.55,
      2.0,
      0.8,
      0.65,
      7.6,
      5.4,
      23.3,
      14.5,
      11.7,
      0.5,
      1.6,
      4.3,
      0.9,
      8.4,
      0.85,
      7.2,
      6.1,
      10.1,
      0.75,
      0.85,
      1.9,
      3.2,
      26.9,
      6.8,
      6.2,
      22.7,
      9.4,
      1.9,
      3.2,
      8.1,
      2.0,
      15.8,
      1.8,
      1.6,
      3.9,
      4.5,
      0.75
    ],
    [
      25.0,
      21.5,
      20.9,
      21.5,
      20.8,
      20.6,
      14.8,
      21.4,
      19.4,
      21.5,
      20.7,
      20.9,
      21.4,
      20.3,
      20.8,
      21.5,
      21.5,
      20.4,
      0.0,
      20.8,
      19.4,
      20.3,
      18.6,
      19.9,
      20.4,
      20.9,
      20.8,
      17.4,
      27.3,
      3.1,
      26.0,
      20.3,
      19.3,
      20.1,
      21.4,
      20.2,
      29.9,
      19.3,
      17.1,
      10.6,
      21.6,
      19.5,
      20.4,
      20.9,
      22.0,
      45.6,
      25.4,
      24.8,
      3.4,
      26.4,
      18.8,
      18.5,
      25.1,
      20.9,
      35.0,
      19.6,
      20.1,
      13.3,
      16.8,
      20.8
    ],
    [
      6.7,
      0.28,
      5.6,
      0.12,
      0.5,
      0.3,
      33.4,
      0.3,
      2.5,
      0.22,
      0.7,
      0.5,
      5.4,
      0.65,
      0.5,
      0.14,
      0.012,
      0.65,
      20.8,
      0.0,
      0.45,
      0.5,
      3.4,
      0.13,
      0.35,
      0.24,
      0.009,
      7.8,
      6.2,
      23.6,
      17.7,
      12.0,
      0.75,
      0.6,
      4.6,
      0.35,
      9.1,
      0.5,
      7.5,
      6.1,
      10.4,
      0.3,
      0.3,
      0.18,
      4.0,
      31.7,
      7.0,
      7.8,
      22.9,
      9.4,
      2.0,
      3.3,
      8.1,
      0.8,
      18.1,
      2.1,
      0.75,
      4.2,
      4.8,
      0.16
    ],
    [
      6.0,
      0.24,
      4.3,
      0.3,
      0.75,
      0.35,
      32.1,
      0.22,
      0.8,
      0.27,
      0.75,
      0.8,
      4.7,
      0.4,
      0.7,
      0.3,
      0.45,
      0.85,
      19.4,
      0.45,
      0.0,
      0.7,
      2.5,
      0.55,
      0.4,
      0.4,
      0.45,
      5.6,
      5.2,
      23.0,
      13.7,
      11.4,
      0.8,
      0.6,
      3.5,
      0.6,
      8.2,
      0.12,
      6.9,
      6.1,
      9.3,
      0.12,
      0.35,
      0.3,
      3.0,
      30.5,
      5.9,
      8.8,
      22.4,
      10.5,
      2.0,
      2.4,
      9.2,
      2.5,
      15.7,
      1.0,
      0.85,
      4.9,
      4.3,
      0.4
    ],
    [
      7.4,
      2.0,
      5.7,
      0.6,
      0.9,
      0.7,
      32.9,
      0.65,
      1.7,
      0.55,
      2.2,
      0.9,
      6.1,
      1.1,
      0.85,
      0.5,
      0.5,
      0.4,
      20.3,
      0.5,
      0.7,
      0.0,
      4.2,
      0.4,
      0.75,
      0.65,
      0.5,
      9.0,
      5.1,
      24.7,
      18.8,
      13.1,
      0.35,
      1.3,
      5.2,
      0.75,
      8.0,
      0.7,
      8.6,
      7.9,
      14.4,
      0.6,
      0.7,
      0.65,
      2.9,
      34.8,
      7.6,
      6.4,
      24.1,
      9.4,
      3.7,
      4.1,
      8.1,
      1.7,
      15.4,
      2.7,
      1.3,
      5.5,
      5.9,
      0.55
    ],
    [
      5.5,
      3.9,
      3.8,
      3.9,
      3.2,
      3.0,
      31.3,
      3.8,
      2.4,
      3.9,
      3.1,
      3.2,
      4.2,
      2.7,
      3.2,
      4.1,
      4.0,
      3.3,
      18.6,
      3.4,
      2.5,
      4.2,
      0.0,
      3.6,
      3.5,
      3.6,
      3.8,
      5.0,
      5.5,
      22.2,
      13.0,
      7.7,
      3.4,
      3.2,
      2.8,
      3.8,
      8.5,
      2.2,
      5.2,
      7.3,
      8.6,
      2.4,
      3.5,
      3.6,
      3.8,
      29.9,
      5.3,
      10.3,
      21.6,
      11.9,
      3.6,
      0.21,
      10.6,
      4.8,
      16.1,
      1.4,
      2.9,
      5.4,
      3.1,
      3.6
    ],
    [
      7.2,
      0.4,
      5.5,
      0.25,
      0.5,
      0.45,
      32.5,
      0.45,
      1.5,
      0.35,
      0.8,
      0.5,
      5.9,
      0.8,
      0.5,
      0.27,
      0.14,
      0.55,
      19.9,
      0.13,
      0.55,
      0.4,
      3.6,
      0.0,
      0.5,
      0.4,
      0.14,
      8.5,
      5.0,
      24.2,
      18.3,
      12.6,
      0.75,
      0.7,
      4.6,
      0.4,
      8.0,
      0.65,
      8.1,
      7.2,
      14.0,
      0.45,
      0.45,
      0.3,
      2.9,
      36.6,
      7.0,
      6.0,
      23.6,
      8.9,
      3.5,
      3.5,
      7.6,
      0.8,
      15.0,
      2.1,
      0.85,
      5.1,
      5.5,
      0.3
    ],
    [
      6.5,
      0.25,
      5.3,
      0.25,
      0.5,
      0.052,
      33.3,
      0.23,
      2.2,
      0.19,
      0.4,
      0.5,
      5.2,
      0.35,
      0.5,
      0.27,
      0.35,
      2.0,
      20.4,
      0.35,
      0.4,
      0.75,
      3.5,
      0.5,
      0.0,
      0.19,
      0.35,
      6.1,
      5.2,
      23.5,
      14.2,
      11.9,
      0.95,
      0.26,
      4.0,
      0.4,
      8.2,
      0.45,
      7.4,
      6.7,
      9.8,
      0.27,
      0.054,
      0.19,
      3.0,
      31.2,
      6.4,
      7.0,
      22.9,
      9.9,
      2.5,
      2.9,
      8.7,
      1.0,
      15.7,
      1.5,
      0.5,
      4.7,
      4.8,
      0.28
    ],
    [
      6.8,
      0.22,
      5.6,
      0.15,
      1.0,
      0.14,
      33.5,
      0.23,
      2.5,
      0.11,
      0.45,
      0.4,
      5.5,
      0.45,
      0.35,
      0.17,
      0.23,
      0.8,
      20.9,
      0.24,
      0.4,
      0.65,
      3.6,
      0.4,
      0.19,
      0.0,
      0.23,
      8.6,
      4.7,
      24.3,
      18.4,
      12.7,
      0.85,
      0.4,
      5.0,
      0.21,
      7.7,
      0.45,
      8.2,
      6.5,
      14.1,
      0.26,
      0.14,
      0.12,
      2.6,
      34.5,
      7.2,
      6.1,
      23.7,
      9.0,
      2.3,
      3.7,
      7.7,
      0.85,
      15.1,
      2.3,
      0.55,
      4.5,
      5.6,
      0.087
    ],
    [
      6.7,
      0.27,
      5.6,
      0.11,
      0.5,
      0.3,
      33.4,
      0.29,
      2.5,
      0.21,
      0.65,
      1.0,
      5.4,
      0.65,
      0.5,
      0.13,
      0.003,
      0.65,
      20.8,
      0.009,
      0.45,
      0.5,
      3.8,
      0.14,
      0.35,
      0.23,
      0.0,
      7.8,
      6.2,
      23.6,
      17.7,
      12.0,
      0.75,
      0.6,
      4.6,
      0.4,
      9.1,
      0.5,
      7.5,
      6.1,
      10.4,
      0.3,
      0.3,
      0.17,
      4.0,
      31.8,
      7.0,
      6.5,
      22.9,
      9.4,
      2.0,
      3.3,
      8.1,
      0.8,
      16.7,
      2.1,
      0.75,
      4.2,
      4.8,
      0.15
    ],
    [
      5.0,
      8.7,
      1.3,
      8.7,
      8.0,
      6.1,
      30.1,
      8.6,
      6.6,
      8.7,
      6.2,
      6.4,
      3.8,
      5.8,
      6.4,
      8.7,
      8.7,
      7.6,
      17.4,
      7.8,
      5.6,
      9.0,
      5.0,
      8.5,
      6.1,
      8.6,
      7.8,
      0.0,
      9.0,
      20.5,
      9.5,
      4.2,
      7.3,
      6.2,
      3.0,
      8.1,
      11.9,
      5.5,
      0.65,
      8.3,
      5.2,
      5.7,
      6.6,
      8.8,
      7.0,
      19.0,
      5.2,
      11.4,
      19.9,
      14.4,
      6.8,
      5.0,
      13.1,
      8.9,
      30.5,
      4.6,
      6.3,
      7.5,
      4.7,
      8.8
    ],
    [
      5.4,
      4.9,
      7.7,
      4.9,
      4.6,
      5.2,
      40.0,
      4.7,
      6.1,
      4.9,
      4.4,
      4.7,
      5.1,
      4.7,
      4.6,
      4.9,
      4.8,
      5.4,
      27.3,
      6.2,
      5.2,
      5.1,
      5.5,
      5.0,
      5.2,
      4.7,
      6.2,
      9.0,
      0.0,
      32.0,
      13.2,
      14.2,
      7.4,
      5.8,
      7.5,
      5.9,
      0.35,
      6.4,
      10.1,
      12.1,
      9.2,
      6.6,
      6.1,
      6.0,
      3.6,
      29.9,
      6.2,
      11.7,
      31.3,
      24.9,
      8.0,
      6.4,
      15.6,
      6.9,
      13.1,
      6.1,
      5.8,
      10.2,
      8.6,
      6.0
    ],
    [
      27.9,
      24.4,
      23.8,
      24.4,
      23.7,
      23.5,
      13.2,
      24.3,
      22.3,
      24.4,
      23.6,
      23.7,
      24.3,
      23.2,
      23.7,
      24.4,
      24.4,
      23.3,
      3.1,
      23.6,
      23.0,
      24.7,
      22.2,
      24.2,
      23.5,
      24.3,
      23.6,
      20.5,
      32.0,
      0.0,
      28.5,
      22.8,
      21.8,
      22.5,
      23.9,
      22.6,
      32.4,
      21.8,
      19.5,
      16.4,
      24.1,
      21.9,
      22.9,
      23.3,
      24.4,
      48.0,
      27.9,
      27.2,
      2.5,
      28.8,
      21.3,
      21.0,
      27.5,
      23.4,
      37.5,
      22.0,
      22.6,
      22.0,
      19.2,
      23.3
    ],
    [
      8.8,
      18.5,
      9.7,
      18.5,
      14.4,
      14.2,
      38.6,
      18.4,
      16.4,
      18.5,
      14.2,
      14.9,
      8.3,
      13.8,
      14.9,
      18.5,
      18.5,
      14.5,
      26.0,
      17.7,
      13.7,
      18.8,
      13.0,
      18.3,
      14.2,
      18.4,
      17.7,
      9.5,
      13.2,
      28.5,
      0.0,
      10.2,
      16.4,
      17.2,
      11.0,
      17.3,
      16.4,
      16.4,
      10.0,
      17.4,
      6.6,
      16.6,
      17.6,
      18.0,
      12.7,
      15.8,
      9.7,
      21.9,
      27.6,
      23.5,
      16.0,
      13.0,
      22.2,
      18.0,
      36.5,
      12.6,
      14.3,
      16.6,
      13.9,
      18.0
    ],
    [
      0.5,
      12.8,
      4.3,
      12.8,
      12.1,
      11.9,
      32.9,
      12.7,
      10.7,
      12.8,
      8.9,
      12.2,
      4.8,
      11.6,
      12.2,
      12.8,
      12.8,
      11.7,
      20.3,
      12.0,
      11.4,
      13.1,
      7.7,
      12.6,
      11.9,
      12.7,
      12.0,
      4.2,
      14.2,
      22.8,
      10.2,
      0.0,
      9.8,
      8.9,
      9.3,
      9.5,
      11.3,
      8.7,
      10.3,
      17.4,
      10.1,
      8.8,
      9.3,
      9.6,
      8.4,
      25.3,
      5.1,
      21.9,
      27.6,
      23.5,
      16.0,
      8.1,
      22.2,
      10.5,
      26.3,
      7.8,
      8.7,
      16.6,
      13.9,
      9.6
    ],
    [
      7.0,
      0.75,
      5.3,
      0.7,
      2.4,
      0.9,
      31.9,
      0.75,
      1.3,
      0.75,
      1.8,
      2.5,
      5.7,
      1.4,
      2.5,
      0.7,
      0.75,
      0.5,
      19.3,
      0.75,
      0.8,
      0.35,
      3.4,
      0.75,
      0.95,
      0.85,
      0.75,
      7.3,
      7.4,
      21.8,
      16.4,
      9.8,
      0.0,
      1.7,
      5.2,
      1.0,
      8.4,
      0.85,
      7.9,
      5.7,
      13.7,
      0.8,
      0.9,
      0.75,
      3.3,
      37.7,
      7.6,
      5.8,
      23.4,
      9.0,
      1.5,
      2.9,
      7.7,
      2.1,
      15.8,
      2.5,
      1.7,
      3.5,
      5.3,
      0.8
    ],
    [
      6.1,
      0.5,
      5.0,
      0.5,
      0.25,
      0.3,
      32.9,
      0.5,
      1.9,
      0.45,
      0.15,
      0.26,
      4.8,
      0.5,
      0.28,
      0.5,
      0.6,
      1.6,
      20.1,
      0.6,
      0.6,
      1.3,
      3.2,
      0.7,
      0.26,
      0.4,
      0.6,
      6.2,
      5.8,
      22.5,
      17.2,
      8.9,
      1.7,
      0.0,
      4.0,
      0.35,
      8.2,
      0.6,
      7.4,
      6.7,
      9.8,
      0.55,
      0.3,
      0.45,
      3.0,
      31.2,
      6.4,
      7.0,
      22.9,
      9.9,
      2.5,
      2.9,
      8.7,
      1.1,
      15.7,
      1.5,
      0.24,
      4.7,
      4.8,
      0.45
    ],
    [
      5.5,
      4.9,
      1.7,
      4.9,
      4.2,
      4.0,
      34.1,
      4.8,
      3.6,
      4.9,
      4.1,
      4.2,
      4.2,
      3.6,
      4.2,
      5.1,
      5.0,
      4.3,
      21.4,
      4.6,
      3.5,
      5.2,
      2.8,
      4.6,
      4.0,
      5.0,
      4.6,
      3.0,
      7.5,
      23.9,
      11.0,
      9.3,
      5.2,
      4.0,
      0.0,
      4.9,
      9.8,
      3.3,
      3.4,
      9.3,
      6.6,
      3.5,
      4.5,
      4.8,
      4.9,
      20.5,
      6.0,
      10.2,
      24.5,
      13.2,
      5.6,
      2.8,
      11.9,
      5.8,
      17.3,
      2.5,
      4.2,
      7.6,
      5.1,
      4.7
    ],
    [
      6.7,
      0.4,
      5.5,
      0.26,
      0.18,
      0.35,
      32.8,
      0.4,
      1.8,
      0.3,
      0.45,
      0.22,
      5.4,
      0.65,
      0.15,
      0.28,
      0.35,
      0.9,
      20.2,
      0.35,
      0.6,
      0.75,
      3.8,
      0.4,
      0.4,
      0.21,
      0.4,
      8.1,
      5.9,
      22.6,
      17.3,
      9.5,
      1.0,
      0.35,
      4.9,
      0.0,
      7.7,
      1.1,
      7.8,
      7.0,
      10.1,
      0.45,
      0.35,
      0.28,
      2.6,
      34.5,
      6.7,
      6.8,
      23.2,
      10.3,
      2.8,
      3.2,
      9.0,
      0.75,
      15.2,
      1.8,
      0.5,
      4.8,
      5.1,
      0.2
    ],
    [
      9.4,
      7.8,
      10.7,
      7.8,
      7.6,
      8.2,
      42.5,
      7.7,
      9.1,
      7.8,
      7.4,
      7.6,
      7.9,
      7.7,
      7.6,
      7.8,
      7.8,
      8.4,
      29.9,
      9.1,
      8.2,
      8.0,
      8.5,
      8.0,
      8.2,
      7.7,
      9.1,
      11.9,
      0.35,
      32.4,
      16.4,
      11.3,
      8.4,
      8.2,
      9.8,
      7.7,
      0.0,
      8.0,
      12.3,
      13.7,
      12.3,
      8.1,
      7.7,
      7.6,
      5.1,
      34.0,
      9.3,
      13.8,
      32.7,
      15.9,
      9.5,
      8.5,
      13.1,
      8.5,
      12.4,
      8.2,
      7.3,
      11.5,
      10.8,
      7.5
    ],
    [
      5.9,
      0.35,
      4.2,
      0.4,
      0.8,
      0.4,
      32.0,
      0.3,
      0.7,
      0.35,
      0.8,
      0.85,
      4.6,
      0.4,
      0.8,
      0.4,
      0.5,
      0.85,
      19.3,
      0.5,
      0.12,
      0.7,
      2.2,
      0.65,
      0.45,
      0.45,
      0.5,
      5.5,
      6.4,
      21.8,
      16.4,
      8.7,
      0.85,
      0.6,
      3.3,
      1.1,
      8.0,
      0.0,
      7.1,
      6.0,
      10.0,
      0.2,
      0.4,
      0.4,
      3.7,
      31.4,
      6.7,
      6.2,
      22.6,
      9.3,
      1.8,
      3.1,
      8.0,
      2.5,
      16.2,
      1.7,
      0.9,
      3.8,
      4.5,
      0.5
    ],
    [
      5.5,
      8.3,
      1.4,
      8.3,
      7.6,
      7.4,
      29.7,
      8.2,
      6.2,
      8.3,
      7.5,
      7.7,
      4.2,
      7.1,
      6.8,
      8.3,
      8.3,
      7.2,
      17.1,
      7.5,
      6.9,
      8.6,
      5.2,
      8.1,
      7.4,
      8.2,
      7.5,
      0.65,
      10.1,
      19.5,
      10.0,
      10.3,
      7.9,
      7.4,
      3.4,
      7.8,
      12.3,
      7.1,
      0.0,
      7.9,
      5.6,
      7.1,
      8.1,
      8.5,
      7.5,
      19.5,
      6.0,
      11.1,
      19.5,
      14.0,
      6.5,
      4.9,
      12.7,
      8.5,
      22.7,
      5.1,
      7.7,
      7.1,
      4.3,
      8.5
    ],
    [
      12.0,
      6.6,
      9.8,
      6.6,
      6.9,
      6.7,
      26.6,
      6.5,
      6.3,
      6.6,
      6.7,
      6.9,
      10.7,
      6.3,
      6.9,
      6.6,
      6.6,
      6.1,
      10.6,
      6.1,
      6.1,
      7.9,
      7.3,
      7.2,
      6.7,
      6.5,
      6.1,
      8.3,
      12.1,
      16.4,
      17.4,
      17.4,
      5.7,
      6.7,
      9.3,
      7.0,
      13.7,
      6.0,
      7.9,
      0.0,
      16.7,
      7.1,
      8.1,
      8.4,
      9.6,
      40.7,
      20.5,
      10.9,
      11.3,
      13.8,
      5.9,
      7.1,
      12.6,
      8.3,
      22.5,
      7.1,
      7.8,
      4.5,
      5.3,
      8.4
    ],
    [
      4.8,
      14.2,
      5.3,
      14.2,
      10.0,
      9.8,
      34.3,
      14.1,
      12.0,
      10.4,
      8.9,
      10.0,
      4.3,
      9.4,
      10.0,
      14.2,
      14.1,
      10.1,
      21.6,
      10.4,
      9.3,
      14.4,
      8.6,
      14.0,
      9.8,
      14.1,
      10.4,
      5.2,
      9.2,
      24.1,
      6.6,
      10.1,
      13.7,
      9.8,
      6.6,
      10.1,
      12.3,
      10.0,
      5.6,
      16.7,
      0.0,
      7.1,
      8.0,
      11.4,
      8.4,
      18.8,
      8.7,
      15.3,
      21.0,
      16.9,
      9.4,
      6.4,
      15.6,
      11.4,
      29.9,
      6.0,
      7.7,
      10.0,
      7.3,
      11.4
    ],
    [
      6.1,
      0.12,
      4.4,
      0.19,
      0.6,
      0.22,
      32.1,
      0.11,
      0.9,
      0.14,
      0.7,
      0.65,
      4.8,
      0.5,
      0.6,
      0.17,
      0.3,
      0.75,
      19.5,
      0.3,
      0.12,
      0.6,
      2.4,
      0.45,
      0.27,
      0.26,
      0.3,
      5.7,
      6.6,
      21.9,
      16.6,
      8.8,
      0.8,
      0.55,
      3.5,
      0.45,
      8.1,
      0.2,
      7.1,
      7.1,
      7.1,
      0.0,
      0.21,
      0.17,
      3.7,
      31.4,
      6.6,
      6.1,
      22.5,
      9.2,
      1.8,
      3.1,
      8.0,
      2.4,
      16.2,
      1.7,
      0.75,
      4.0,
      4.4,
      0.27
    ],
    [
      6.5,
      0.19,
      5.3,
      0.2,
      0.5,
      0.002,
      33.3,
      0.18,
      2.2,
      0.13,
      0.45,
      0.55,
      5.2,
      0.35,
      0.45,
      0.21,
      0.3,
      0.85,
      20.4,
      0.3,
      0.35,
      0.7,
      3.5,
      0.45,
      0.054,
      0.14,
      0.3,
      6.6,
      6.1,
      22.9,
      17.6,
      9.3,
      0.9,
      0.3,
      4.5,
      0.35,
      7.7,
      0.4,
      8.1,
      8.1,
      8.0,
      0.21,
      0.0,
      0.13,
      3.0,
      31.0,
      6.4,
      7.0,
      22.9,
      9.9,
      2.5,
      2.9,
      8.7,
      1.0,
      15.7,
      1.5,
      0.55,
      4.5,
      4.8,
      0.23
    ],
    [
      6.8,
      0.14,
      5.6,
      0.065,
      0.45,
      0.13,
      33.5,
      0.16,
      2.5,
      0.035,
      0.55,
      0.5,
      5.5,
      0.45,
      1.0,
      0.085,
      0.17,
      1.9,
      20.9,
      0.18,
      0.3,
      0.65,
      3.6,
      0.3,
      0.19,
      0.12,
      0.17,
      8.8,
      6.0,
      23.3,
      18.0,
      9.6,
      0.75,
      0.45,
      4.8,
      0.28,
      7.6,
      0.4,
      8.5,
      8.4,
      11.4,
      0.17,
      0.13,
      0.0,
      2.6,
      34.5,
      7.2,
      6.1,
      23.7,
      9.0,
      2.3,
      3.9,
      7.7,
      0.9,
      15.1,
      2.3,
      0.6,
      4.3,
      5.6,
      0.096
    ],
    [
      5.7,
      2.7,
      5.7,
      2.7,
      2.5,
      3.0,
      34.6,
      2.6,
      3.9,
      2.7,
      2.3,
      2.5,
      4.4,
      2.6,
      2.5,
      2.7,
      2.7,
      3.2,
      22.0,
      4.0,
      3.0,
      2.9,
      3.8,
      2.9,
      3.0,
      2.6,
      4.0,
      7.0,
      3.6,
      24.4,
      12.7,
      8.4,
      3.3,
      3.0,
      4.9,
      2.6,
      5.1,
      3.7,
      7.5,
      9.6,
      8.4,
      3.7,
      3.0,
      2.6,
      0.0,
      32.0,
      5.7,
      8.2,
      24.6,
      11.9,
      4.5,
      3.7,
      10.6,
      3.4,
      12.8,
      3.1,
      2.3,
      6.4,
      6.5,
      2.5
    ],
    [
      18.3,
      34.6,
      19.2,
      34.6,
      34.4,
      31.0,
      58.2,
      34.5,
      36.0,
      34.6,
      30.4,
      34.4,
      17.8,
      30.7,
      34.4,
      34.6,
      34.6,
      26.9,
      45.6,
      31.7,
      30.5,
      34.8,
      29.9,
      36.6,
      31.2,
      34.5,
      31.8,
      19.0,
      29.9,
      48.0,
      15.8,
      25.3,
      37.7,
      31.2,
      20.5,
      34.5,
      34.0,
      31.4,
      19.5,
      40.7,
      18.8,
      31.4,
      31.0,
      34.5,
      32.0,
      0.0,
      25.0,
      39.3,
      37.1,
      33.0,
      25.5,
      22.5,
      37.4,
      35.4,
      34.9,
      22.1,
      33.1,
      26.1,
      23.4,
      33.3
    ],
    [
      0.0,
      7.3,
      4.7,
      7.3,
      6.6,
      6.4,
      38.0,
      7.2,
      6.0,
      7.3,
      5.8,
      6.6,
      1.8,
      6.1,
      6.6,
      7.3,
      7.3,
      6.8,
      25.4,
      7.0,
      5.9,
      7.6,
      5.3,
      7.0,
      6.4,
      7.2,
      7.0,
      5.2,
      6.2,
      27.9,
      9.7,
      5.1,
      7.6,
      6.4,
      6.0,
      6.7,
      9.3,
      6.7,
      6.0,
      20.5,
      8.7,
      6.6,
      6.4,
      7.2,
      5.7,
      25.0,
      0.0,
      12.5,
      27.2,
      15.4,
      7.7,
      5.4,
      14.1,
      7.7,
      17.7,
      5.0,
      5.9,
      9.8,
      7.6,
      6.8
    ],
    [
      12.5,
      6.2,
      14.2,
      6.2,
      6.7,
      7.0,
      37.4,
      6.1,
      6.8,
      6.2,
      8.4,
      6.7,
      12.5,
      8.0,
      6.7,
      6.2,
      6.1,
      6.2,
      24.8,
      7.8,
      8.8,
      6.4,
      10.3,
      6.0,
      7.0,
      6.1,
      6.5,
      11.4,
      11.7,
      27.2,
      21.9,
      21.9,
      5.8,
      7.0,
      10.2,
      6.8,
      13.8,
      6.2,
      11.1,
      10.9,
      15.3,
      6.1,
      7.0,
      6.1,
      8.2,
      39.3,
      12.5,
      0.0,
      26.4,
      9.0,
      6.3,
      8.0,
      9.9,
      6.2,
      18.7,
      7.5,
      6.6,
      7.9,
      8.3,
      6.1
    ],
    [
      27.2,
      23.8,
      23.2,
      23.8,
      23.1,
      22.9,
      13.0,
      23.7,
      21.7,
      23.8,
      23.0,
      23.1,
      23.6,
      22.5,
      23.1,
      23.8,
      23.8,
      22.7,
      3.4,
      22.9,
      22.4,
      24.1,
      21.6,
      23.6,
      22.9,
      23.7,
      22.9,
      19.9,
      31.3,
      2.5,
      27.6,
      27.6,
      23.4,
      22.9,
      24.5,
      23.2,
      32.7,
      22.6,
      19.5,
      11.3,
      21.0,
      22.5,
      22.9,
      23.7,
      24.6,
      37.1,
      27.2,
      26.4,
      0.0,
      27.7,
      20.2,
      19.9,
      26.4,
      22.3,
      36.4,
      20.9,
      21.5,
      20.9,
      18.1,
      22.2
    ],
    [
      15.4,
      9.1,
      15.8,
      9.1,
      10.2,
      9.9,
      39.0,
      9.0,
      9.7,
      9.1,
      10.0,
      10.2,
      14.1,
      9.6,
      10.2,
      9.1,
      9.1,
      9.4,
      26.4,
      9.4,
      10.5,
      9.4,
      11.9,
      8.9,
      9.9,
      9.0,
      9.4,
      14.4,
      24.9,
      28.8,
      23.5,
      23.5,
      9.0,
      9.9,
      13.2,
      10.3,
      15.9,
      9.3,
      14.0,
      13.8,
      16.9,
      9.2,
      9.9,
      9.0,
      11.9,
      33.0,
      15.4,
      9.0,
      27.7,
      0.0,
      9.0,
      10.7,
      5.3,
      8.9,
      14.9,
      10.3,
      10.1,
      10.6,
      11.0,
      8.8
    ],
    [
      7.7,
      2.4,
      6.5,
      2.4,
      2.7,
      2.5,
      31.5,
      2.3,
      2.1,
      2.4,
      2.6,
      2.7,
      6.4,
      2.1,
      2.7,
      2.4,
      2.4,
      1.9,
      18.8,
      2.0,
      2.0,
      3.7,
      3.6,
      3.5,
      2.5,
      2.3,
      2.0,
      6.8,
      8.0,
      21.3,
      16.0,
      16.0,
      1.5,
      2.5,
      5.6,
      2.8,
      9.5,
      1.8,
      6.5,
      5.9,
      9.4,
      1.8,
      2.5,
      2.3,
      4.5,
      25.5,
      7.7,
      6.3,
      20.2,
      9.0,
      0.0,
      2.8,
      7.0,
      2.8,
      17.0,
      2.5,
      2.4,
      2.7,
      5.0,
      3.0
    ],
    [
      5.4,
      3.8,
      3.7,
      3.8,
      3.1,
      2.9,
      31.2,
      3.7,
      2.3,
      3.8,
      3.0,
      3.1,
      4.1,
      2.5,
      3.1,
      4.0,
      3.9,
      3.2,
      18.5,
      3.3,
      2.4,
      4.1,
      0.21,
      3.5,
      2.9,
      3.7,
      3.3,
      5.0,
      6.4,
      21.0,
      13.0,
      8.1,
      2.9,
      2.9,
      2.8,
      3.2,
      8.5,
      3.1,
      4.9,
      7.1,
      6.4,
      3.1,
      2.9,
      3.9,
      3.7,
      22.5,
      5.4,
      8.0,
      19.9,
      10.7,
      2.8,
      0.0,
      10.7,
      4.9,
      16.2,
      0.85,
      3.0,
      5.3,
      3.2,
      3.7
    ],
    [
      14.1,
      7.8,
      14.6,
      7.8,
      8.9,
      8.7,
      37.7,
      7.7,
      8.5,
      7.8,
      8.7,
      8.9,
      12.8,
      8.3,
      8.9,
      7.8,
      7.8,
      8.1,
      25.1,
      8.1,
      9.2,
      8.1,
      10.6,
      7.6,
      8.7,
      7.7,
      8.1,
      13.1,
      15.6,
      27.5,
      22.2,
      22.2,
      7.7,
      8.7,
      11.9,
      9.0,
      13.1,
      8.0,
      12.7,
      12.6,
      15.6,
      8.0,
      8.7,
      7.7,
      10.6,
      37.4,
      14.1,
      9.9,
      26.4,
      5.3,
      7.0,
      10.7,
      0.0,
      7.7,
      11.7,
      9.2,
      9.0,
      9.4,
      9.8,
      7.6
    ],
    [
      7.7,
      1.0,
      6.5,
      0.85,
      0.9,
      1.0,
      33.6,
      1.0,
      2.7,
      0.95,
      1.2,
      0.85,
      6.4,
      2.0,
      0.85,
      0.9,
      0.8,
      2.0,
      20.9,
      0.8,
      2.5,
      1.7,
      4.8,
      0.8,
      1.0,
      0.85,
      0.8,
      8.9,
      6.9,
      23.4,
      18.0,
      10.5,
      2.1,
      1.1,
      5.8,
      0.75,
      8.5,
      2.5,
      8.5,
      8.3,
      11.4,
      2.4,
      1.0,
      0.9,
      3.4,
      35.4,
      7.7,
      6.2,
      22.3,
      8.9,
      2.8,
      4.9,
      7.7,
      0.0,
      15.3,
      2.7,
      1.2,
      4.7,
      5.8,
      0.8
    ],
    [
      16.9,
      15.2,
      30.7,
      15.2,
      15.1,
      15.7,
      47.7,
      15.1,
      18.4,
      15.2,
      14.9,
      15.1,
      15.5,
      15.2,
      15.1,
      15.2,
      15.2,
      15.8,
      35.0,
      18.1,
      15.7,
      15.4,
      16.1,
      15.0,
      15.7,
      15.1,
      16.7,
      30.5,
      13.1,
      37.5,
      36.5,
      26.3,
      15.8,
      15.7,
      17.3,
      15.2,
      12.4,
      16.2,
      22.7,
      22.5,
      29.9,
      16.2,
      15.7,
      15.1,
      12.8,
      34.9,
      17.7,
      18.7,
      36.4,
      14.9,
      17.0,
      16.2,
      11.7,
      15.3,
      0.0,
      16.3,
      15.5,
      20.0,
      20.4,
      15.7
    ],
    [
      5.0,
      2.4,
      3.3,
      2.4,
      1.7,
      1.5,
      32.2,
      2.3,
      1.0,
      2.6,
      1.6,
      1.7,
      3.7,
      1.1,
      1.7,
      2.6,
      2.5,
      1.8,
      19.6,
      2.1,
      1.0,
      2.7,
      1.4,
      2.1,
      1.5,
      2.3,
      2.1,
      4.6,
      6.1,
      22.0,
      12.6,
      7.8,
      2.5,
      1.5,
      2.5,
      1.8,
      8.2,
      1.7,
      5.1,
      7.1,
      6.0,
      1.7,
      1.5,
      2.3,
      3.1,
      22.1,
      5.0,
      7.5,
      20.9,
      10.3,
      2.5,
      0.85,
      9.2,
      2.7,
      16.3,
      0.0,
      1.7,
      4.5,
      3.2,
      2.3
    ],
    [
      5.9,
      0.7,
      5.0,
      0.7,
      0.45,
      0.55,
      33.0,
      0.75,
      1.9,
      0.6,
      0.089,
      0.45,
      4.6,
      0.55,
      0.45,
      0.7,
      0.75,
      1.6,
      20.1,
      0.75,
      0.85,
      1.3,
      2.9,
      0.85,
      0.5,
      0.55,
      0.75,
      6.3,
      5.8,
      22.6,
      14.3,
      8.7,
      1.7,
      0.24,
      4.2,
      0.5,
      7.3,
      0.9,
      7.7,
      7.8,
      7.7,
      0.75,
      0.55,
      0.6,
      2.3,
      33.1,
      5.9,
      6.6,
      21.5,
      10.1,
      2.4,
      3.0,
      9.0,
      1.2,
      15.5,
      1.7,
      0.0,
      4.6,
      4.9,
      0.6
    ],
    [
      9.8,
      4.4,
      9.0,
      4.4,
      4.7,
      4.5,
      32.2,
      4.3,
      4.1,
      4.4,
      4.8,
      5.0,
      8.5,
      4.4,
      4.9,
