{
  "drive_dist_matrix": [
    [
      0.0,
      15.449663999999999,
      8.529501999999999,
      14.644993999999999,
      15.28873,
      15.127796,
      14.644993999999999,
      14.162192000000001,
      14.48406,
      14.966862,
      10.46071,
      27.197846,
      25.105704,
      9.495106,
      14.162192000000001,
      14.805927999999998,
      21.887024,
      13.518456,
      0.80467,
      37.980424,
      13.518456,
      14.644993999999999,
      26.55411,
      14.966862,
      9.173238,
      7.563898,
      14.162192000000001,
      13.035654,
      14.001257999999998,
      14.162192000000001,
      14.48406,
      14.323126,
      31.221196,
      32.508668,
      20.760486,
      21.243288,
      27.036912,
      47.797398,
      7.0810960000000005,
      50.855144,
      1.60934,
      14.805927999999998,
      5.471756,
      15.771532,
      15.127796,
      42.003774,
      9.012303999999999,
      13.518456,
      18.50741,
      0.16093400000000002,
      13.357522000000001,
      2.092142,
      12.713786,
      15.449663999999999,
      25.588506,
      13.035654
    ],
    [
      15.449663999999999,
      0.0,
      10.46071,
      2.5749440000000003,
      0.9656039999999999,
      2.735878,
      3.057746,
      2.735878,
      2.41401,
      1.9312079999999998,
      28.646252,
      27.841582000000002,
      11.426314,
      17.541806,
      2.735878,
      0.80467,
      11.909116000000001,
      1.9312079999999998,
      15.28873,
      25.266638,
      3.7014819999999995,
      2.5749440000000003,
      36.049215999999994,
      1.9312079999999998,
      7.24203,
      16.415267999999998,
      2.896812,
      2.2530759999999996,
      2.092142,
      2.092142,
      3.057746,
      2.735878,
      17.70274,
      22.53076,
      7.724831999999999,
      34.278942,
      17.059003999999998,
      37.81949,
      10.621644,
      40.877235999999996,
      16.737136,
      17.219938,
      10.46071,
      2.41401,
      0.32186800000000004,
      25.266638,
      9.65604,
      3.5405480000000003,
      31.543064,
      15.127796,
      2.41401,
      16.89807,
      4.345218,
      0.32186800000000004,
      26.232242,
      2.2530759999999996
    ],
    [
      8.529501999999999,
      10.46071,
      0.0,
      9.816974,
      10.46071,
      10.299776000000001,
      9.816974,
      9.334171999999999,
      9.65604,
      10.138842,
      17.70274,
      21.72609,
      20.277684,
      21.887024,
      9.334171999999999,
      9.977908000000001,
      17.059003999999998,
      8.690436,
      7.563898,
      33.152404000000004,
      8.690436,
      9.816974,
      33.635206,
      9.977908000000001,
      3.21868,
      9.816974,
      9.173238,
      8.207633999999999,
      9.173238,
      9.173238,
      9.65604,
      9.334171999999999,
      26.393175999999997,
      27.680647999999998,
      15.932466,
      27.197846,
      13.035654,
      42.969378,
      0.48280199999999995,
      46.027124,
      9.012303999999999,
      21.565156,
      1.7702740000000001,
      10.943512,
      10.299776000000001,
      37.175754000000005,
      3.057746,
      8.690436,
      24.622902,
      7.402963999999999,
      8.529501999999999,
      9.173238,
      11.748182,
      10.621644,
      19.955816000000002,
      8.207633999999999
    ],
    [
      14.644993999999999,
      2.5749440000000003,
      9.816974,
      0.0,
      1.7702740000000001,
      0.80467,
      0.315,
      4.667085999999999,
      0.48280199999999995,
      0.6437360000000001,
      28.324384000000002,
      25.910374,
      8.85137,
      17.219938,
      4.667085999999999,
      1.448406,
      9.977908000000001,
      0.80467,
      14.323126,
      28.485318,
      1.9312079999999998,
      0.16093400000000002,
      35.727348,
      0.6437360000000001,
      7.24203,
      15.449663999999999,
      4.506151999999999,
      2.5749440000000003,
      0.48280199999999995,
      0.48280199999999995,
      0.16093400000000002,
      4.82802,
      16.89807,
      20.438617999999998,
      6.43736,
      33.957074,
      15.127796,
      35.888282000000004,
      9.65604,
      38.946028,
      15.771532,
      16.89807,
      9.495106,
      1.448406,
      1.7702740000000001,
      24.622902,
      8.690436,
      1.7702740000000001,
      31.221196,
      14.162192000000001,
      1.448406,
      15.932466,
      4.9889540000000006,
      2.41401,
      24.1401,
      2.5749440000000003
    ],
    [
      15.28873,
      0.9656039999999999,
      10.46071,
      1.7702740000000001,
      0.0,
      1.9312079999999998,
      2.2530759999999996,
      3.21868,
      1.60934,
      1.1265379999999998,
      28.485318,
      27.036912,
      10.782578,
      17.380872,
      3.21868,
      0.32186800000000004,
      11.104446000000001,
      1.60934,
      15.28873,
      26.232242,
      2.896812,
      1.7702740000000001,
      35.727348,
      1.1265379999999998,
      6.43736,
      16.415267999999998,
      3.379614,
      2.735878,
      1.2874720000000002,
      1.2874720000000002,
      2.092142,
      3.21868,
      16.89807,
      21.72609,
      6.9201619999999995,
      33.957074,
      16.254334,
      37.01482,
      10.621644,
      40.072565999999995,
      16.737136,
      17.059003999999998,
      10.46071,
      1.60934,
      0.6437360000000001,
      24.622902,
      9.65604,
      2.735878,
      31.38213,
      15.127796,
      2.092142,
      16.737136,
      4.667085999999999,
      0.80467,
      25.427572,
      2.735878
    ],
    [
      15.127796,
      2.735878,
      10.299776000000001,
      0.80467,
      1.9312079999999998,
      0.0,
      0.80467,
      5.310822,
      0.9656039999999999,
      0.80467,
      28.807185999999998,
      26.55411,
      9.495106,
      17.863674,
      5.310822,
      1.7702740000000001,
      10.46071,
      1.60934,
      14.966862,
      27.680647999999998,
      2.896812,
      0.6437360000000001,
      36.21015,
      0.80467,
      7.724831999999999,
      16.0934,
      5.149888000000001,
      3.21868,
      0.80467,
      0.80467,
      0.9656039999999999,
      5.310822,
      15.610598,
      21.082354,
      5.793624,
      34.439876,
      15.610598,
      36.532018,
      10.299776000000001,
      39.42883,
      16.415267999999998,
      17.541806,
      10.138842,
      1.1265379999999998,
      2.092142,
      23.33543,
      9.334171999999999,
      2.896812,
      31.864932,
      14.805927999999998,
      1.9312079999999998,
      16.415267999999998,
      5.9545580000000005,
      2.5749440000000003,
      24.783836,
      3.21868
    ],
    [
      14.644993999999999,
      3.057746,
      9.816974,
      0.315,
      2.2530759999999996,
      0.80467,
      0.0,
      4.345218,
      0.32186800000000004,
      0.6437360000000001,
      28.002515999999996,
      25.588506,
      9.012303999999999,
      16.89807,
      4.345218,
      1.60934,
      9.65604,
      0.80467,
      14.162192000000001,
      28.16345,
      1.60934,
      0.32186800000000004,
      35.40548,
      0.6437360000000001,
      6.9201619999999995,
      15.28873,
      4.345218,
      2.41401,
      0.6437360000000001,
      0.48280199999999995,
      0.443,
      4.506151999999999,
      17.380872,
      20.277684,
      6.598293999999999,
      33.635206,
      14.805927999999998,
      35.566414,
      9.495106,
      38.62416,
      15.610598,
      16.737136,
      9.334171999999999,
      1.448406,
      1.9312079999999998,
      24.783836,
      8.529501999999999,
      1.60934,
      31.060262,
      13.840323999999999,
      1.1265379999999998,
      15.610598,
      5.149888000000001,
      2.5749440000000003,
      23.979166,
      2.41401
    ],
    [
      14.162192000000001,
      2.735878,
      9.334171999999999,
      4.667085999999999,
      3.21868,
      5.310822,
      4.345218,
      0.0,
      3.5405480000000003,
      4.506151999999999,
      24.783836,
      27.680647999999998,
      14.001257999999998,
      13.67939,
      0.003,
      3.5405480000000003,
      11.587248,
      2.896812,
      13.67939,
      23.979166,
      2.896812,
      4.184284,
      32.1868,
      4.02335,
      5.793624,
      14.805927999999998,
      0.16093400000000002,
      0.80467,
      3.5405480000000003,
      3.5405480000000003,
      4.02335,
      0.16093400000000002,
      20.11675,
      22.208892000000002,
      10.299776000000001,
      30.416525999999998,
      16.737136,
      37.658556,
      9.012303999999999,
      40.555368,
      13.035654,
      13.518456,
      8.85137,
      4.9889540000000006,
      2.896812,
      27.841582000000002,
      8.0467,
      2.896812,
      27.680647999999998,
      13.518456,
      2.735878,
      13.035654,
      3.057746,
      2.896812,
      25.910374,
      0.80467
    ],
    [
      14.48406,
      2.41401,
      9.65604,
      0.48280199999999995,
      1.60934,
      0.9656039999999999,
      0.32186800000000004,
      3.5405480000000003,
      0.0,
      0.6437360000000001,
      27.841582000000002,
      25.74944,
      10.782578,
      16.737136,
      3.7014819999999995,
      1.60934,
      9.65604,
      0.48280199999999995,
      14.001257999999998,
      26.232242,
      1.448406,
      0.48280199999999995,
      35.244546,
      0.6437360000000001,
      4.9889540000000006,
      15.127796,
      3.8624159999999996,
      2.092142,
      0.32186800000000004,
      0.32186800000000004,
      0.48280199999999995,
      3.7014819999999995,
      16.89807,
      20.277684,
      6.598293999999999,
      33.474272,
      14.805927999999998,
      35.727348,
      9.173238,
      38.62416,
      15.449663999999999,
      16.576202000000002,
      9.173238,
      1.60934,
      1.9312079999999998,
      24.622902,
      8.207633999999999,
      1.448406,
      30.738394000000003,
      13.67939,
      0.9656039999999999,
      15.449663999999999,
      4.506151999999999,
      2.5749440000000003,
      23.979166,
      2.092142
    ],
    [
      14.966862,
      1.9312079999999998,
      10.138842,
      0.6437360000000001,
      1.1265379999999998,
      0.80467,
      0.6437360000000001,
      4.506151999999999,
      0.6437360000000001,
      0.0,
      28.646252,
      26.232242,
      8.368568,
      17.70274,
      4.345218,
      1.1265379999999998,
      10.299776000000001,
      1.1265379999999998,
      14.644993999999999,
      26.55411,
      2.2530759999999996,
      0.48280199999999995,
      36.049215999999994,
      0.236,
      5.793624,
      15.771532,
      4.506151999999999,
      2.896812,
      0.6437360000000001,
      0.6437360000000001,
      0.9656039999999999,
      4.506151999999999,
      16.415267999999998,
      20.92142,
      6.115492,
      34.278942,
      15.449663999999999,
      30.255592,
      9.977908000000001,
      39.267896,
      16.254334,
      17.380872,
      9.816974,
      0.80467,
      1.2874720000000002,
      24.1401,
      9.012303999999999,
      2.092142,
      31.703998,
      14.48406,
      1.60934,
      16.254334,
      4.9889540000000006,
      1.7702740000000001,
      24.461968,
      2.896812
    ],
    [
      10.46071,
      28.646252,
      17.70274,
      28.324384000000002,
      28.485318,
      28.807185999999998,
      28.002515999999996,
      24.783836,
      27.841582000000002,
      28.646252,
      0.0,
      36.532018,
      36.21015,
      9.012303999999999,
      22.852628,
      27.036912,
      33.79614,
      25.910374,
      9.977908000000001,
      39.42883,
      25.427572,
      26.55411,
      21.565156,
      26.875978,
      18.185542,
      9.816974,
      22.691694,
      23.657297999999997,
      25.910374,
      26.071308,
      26.55411,
      22.852628,
      42.325642,
      44.417784000000005,
      32.508668,
      11.26538,
      38.946028,
      59.706514,
      17.70274,
      62.76426,
      8.207633999999999,
      14.48406,
      14.805927999999998,
      27.036912,
      26.071308,
      50.050474,
      18.024607999999997,
      25.588506,
      8.690436,
      10.621644,
      25.266638,
      9.334171999999999,
      25.105704,
      26.071308,
      37.175754000000005,
      23.657297999999997
    ],
    [
      27.197846,
      27.841582000000002,
      21.72609,
      25.910374,
      27.036912,
      26.55411,
      25.588506,
      27.680647999999998,
      25.74944,
      26.232242,
      36.532018,
      0.0,
      27.841582000000002,
      40.877235999999996,
      28.324384000000002,
      26.875978,
      16.576202000000002,
      25.910374,
      27.35878,
      52.142616,
      25.588506,
      25.588506,
      59.384646,
      25.910374,
      21.082354,
      26.875978,
      28.324384000000002,
      27.197846,
      26.071308,
      26.071308,
      25.427572,
      28.485318,
      29.933724,
      23.818232000000002,
      31.703998,
      57.614371999999996,
      11.104446000000001,
      44.417784000000005,
      22.369826,
      47.47553,
      28.807185999999998,
      40.716302,
      23.657297999999997,
      26.715044000000002,
      27.197846,
      38.785094,
      21.887024,
      25.74944,
      54.878494,
      27.197846,
      25.74944,
      28.807185999999998,
      30.738394000000003,
      27.519714,
      3.057746,
      27.197846
    ],
    [
      25.105704,
      11.426314,
      20.277684,
      8.85137,
      10.782578,
      9.495106,
      9.012303999999999,
      14.001257999999998,
      10.782578,
      8.368568,
      36.21015,
      27.841582000000002,
      0.0,
      26.071308,
      13.196587999999998,
      9.334171999999999,
      12.87472,
      10.299776000000001,
      23.818232000000002,
      34.922678,
      11.26538,
      10.299776000000001,
      44.578718,
      8.368568,
      14.966862,
      24.94477,
      13.357522000000001,
      11.909116000000001,
      9.65604,
      9.816974,
      9.173238,
      13.196587999999998,
      8.529501999999999,
      22.852628,
      11.909116000000001,
      42.808444,
      17.541806,
      24.622902,
      19.151146,
      32.025866,
      25.266638,
      25.74944,
      18.990212,
      8.0467,
      9.65604,
      18.50741,
      18.185542,
      11.26538,
      40.072565999999995,
      23.657297999999997,
      10.782578,
      25.266638,
      13.357522000000001,
      9.977908000000001,
      26.55411,
      11.909116000000001
    ],
    [
      9.495106,
      17.541806,
      21.887024,
      17.219938,
      17.380872,
      17.863674,
      16.89807,
      13.67939,
      16.737136,
      17.70274,
      9.012303999999999,
      40.877235999999996,
      26.071308,
      0.0,
      14.644993999999999,
      18.990212,
      25.74944,
      17.70274,
      9.65604,
      40.2335,
      17.380872,
      18.50741,
      18.829278,
      18.829278,
      20.277684,
      16.576202000000002,
      14.644993999999999,
      15.610598,
      17.863674,
      17.863674,
      18.346476,
      14.805927999999998,
      34.278942,
      36.371084,
      24.301033999999998,
      15.127796,
      30.899327999999997,
      51.659814000000004,
      14.805927999999998,
      54.71756,
      8.690436,
      7.24203,
      13.196587999999998,
      18.990212,
      18.024607999999997,
      42.003774,
      21.72609,
      17.380872,
      12.391918,
      9.495106,
      17.219938,
      9.173238,
      16.89807,
      18.024607999999997,
      40.072565999999995,
      15.610598
    ],
    [
      14.162192000000001,
      2.735878,
      9.334171999999999,
      4.667085999999999,
      3.21868,
      5.310822,
      4.345218,
      0.003,
      3.7014819999999995,
      4.345218,
      22.852628,
      28.324384000000002,
      13.196587999999998,
      14.644993999999999,
      0.0,
      3.5405480000000003,
      11.587248,
      2.896812,
      13.67939,
      23.979166,
      2.896812,
      4.184284,
      32.1868,
      4.02335,
      5.793624,
      14.805927999999998,
      0.16093400000000002,
      0.80467,
      3.5405480000000003,
      3.5405480000000003,
      4.02335,
      0.16093400000000002,
      20.438617999999998,
      22.208892000000002,
      10.299776000000001,
      30.416525999999998,
      16.737136,
      37.658556,
      9.012303999999999,
      40.555368,
      12.87472,
      13.518456,
      8.85137,
      4.9889540000000006,
      2.896812,
      27.841582000000002,
      8.0467,
      2.896812,
      27.680647999999998,
      13.518456,
      2.735878,
      13.035654,
      3.057746,
      2.896812,
      25.910374,
      1.1265379999999998
    ],
    [
      14.805927999999998,
      0.80467,
      9.977908000000001,
      1.448406,
      0.32186800000000004,
      1.7702740000000001,
      1.60934,
      3.5405480000000003,
      1.60934,
      1.1265379999999998,
      27.036912,
      26.875978,
      9.334171999999999,
      18.990212,
      3.5405480000000003,
      0.0,
      10.943512,
      1.7702740000000001,
      15.127796,
      26.232242,
      2.5749440000000003,
      1.60934,
      35.888282000000004,
      1.1265379999999998,
      6.276426,
      16.254334,
      3.5405480000000003,
      2.896812,
      1.1265379999999998,
      1.1265379999999998,
      1.9312079999999998,
      3.379614,
      17.380872,
      21.565156,
      6.759228,
      34.118007999999996,
      16.0934,
      36.853885999999996,
      10.46071,
      39.911632000000004,
      16.576202000000002,
      17.059003999999998,
      10.299776000000001,
      1.448406,
      0.6437360000000001,
      24.783836,
      9.495106,
      2.5749440000000003,
      31.38213,
      14.966862,
      2.092142,
      16.576202000000002,
      4.667085999999999,
      0.9656039999999999,
      25.266638,
      2.896812
    ],
    [
      21.887024,
      11.909116000000001,
      17.059003999999998,
      9.977908000000001,
      11.104446000000001,
      10.46071,
      9.65604,
      11.587248,
      9.65604,
      10.299776000000001,
      33.79614,
      16.576202000000002,
      12.87472,
      25.74944,
      11.587248,
      10.943512,
      0.0,
      9.977908000000001,
      22.047957999999998,
      36.21015,
      9.65604,
      9.65604,
      43.291246,
      9.816974,
      14.966862,
      23.174496,
      12.230984,
      11.104446000000001,
      10.138842,
      10.138842,
      9.495106,
      12.391918,
      14.966862,
      13.518456,
      15.771532,
      41.681906,
      8.0467,
      28.96812,
      17.380872,
      32.025866,
      23.496364,
      24.622902,
      17.219938,
      10.782578,
      11.104446000000001,
      23.174496,
      16.415267999999998,
      9.65604,
      38.946028,
      21.887024,
      9.65604,
      23.496364,
      14.805927999999998,
      11.587248,
      17.219938,
      11.104446000000001
    ],
    [
      13.518456,
      1.9312079999999998,
      8.690436,
      0.80467,
      1.60934,
      1.60934,
      0.80467,
      2.896812,
      0.48280199999999995,
      1.1265379999999998,
      25.910374,
      25.910374,
      10.299776000000001,
      17.70274,
      2.896812,
      1.7702740000000001,
      9.977908000000001,
      0.0,
      13.357522000000001,
      25.74944,
      1.7702740000000001,
      0.9656039999999999,
      34.761744,
      1.1265379999999998,
      6.276426,
      14.48406,
      2.896812,
      1.7702740000000001,
      0.6437360000000001,
      0.48280199999999995,
      0.9656039999999999,
      2.735878,
      17.70274,
      20.438617999999998,
      7.0810960000000005,
      32.99147,
      14.966862,
      35.888282000000004,
      8.690436,
      38.785094,
      14.966862,
      15.932466,
      8.529501999999999,
      2.092142,
      1.60934,
      25.105704,
      7.724831999999999,
      1.60934,
      30.255592,
      13.196587999999998,
      0.48280199999999995,
      14.966862,
      4.184284,
      2.092142,
      24.1401,
      1.7702740000000001
    ],
    [
      0.80467,
      15.28873,
      7.563898,
      14.323126,
      15.28873,
      14.966862,
      14.162192000000001,
      13.67939,
      14.001257999999998,
      14.644993999999999,
      9.977908000000001,
      27.35878,
      23.818232000000002,
      9.65604,
      13.67939,
      15.127796,
      22.047957999999998,
      13.357522000000001,
      0.0,
      44.25685,
      13.67939,
      14.805927999999998,
      25.910374,
      15.127796,
      9.334171999999999,
      7.0810960000000005,
      14.323126,
      13.357522000000001,
      14.323126,
      14.323126,
      14.644993999999999,
      14.48406,
      31.38213,
      32.669602,
      21.082354,
      20.599552000000003,
      21.72609,
      48.119265999999996,
      7.24203,
      51.016078,
      2.092142,
      14.966862,
      5.63269,
      15.932466,
      15.449663999999999,
      42.325642,
      9.173238,
      13.840323999999999,
      18.024607999999997,
      0.6437360000000001,
      13.518456,
      2.735878,
      13.035654,
      15.610598,
      25.74944,
      13.357522000000001
    ],
    [
      37.980424,
      25.266638,
      33.152404000000004,
      28.485318,
      26.232242,
      27.680647999999998,
      28.16345,
      23.979166,
      26.232242,
      26.55411,
      39.42883,
      52.142616,
      34.922678,
      40.2335,
      23.979166,
      26.232242,
      36.21015,
      25.74944,
      44.25685,
      0.0,
      27.680647999999998,
      26.232242,
      52.142616,
      26.232242,
      30.416525999999998,
      38.785094,
      23.818232000000002,
      24.301033999999998,
      25.74944,
      25.74944,
      26.715044000000002,
      23.657297999999997,
      42.486576,
      46.509926,
      32.1868,
      46.509926,
      41.03817,
      61.95959,
      32.99147,
      69.040686,
      43.130312,
      33.474272,
      32.830535999999995,
      26.875978,
      25.266638,
      49.88954,
      32.025866,
      27.680647999999998,
      43.774048,
      37.497622,
      26.232242,
      31.38213,
      23.496364,
      25.266638,
      50.211408,
      24.301033999999998
    ],
    [
      13.518456,
      3.7014819999999995,
      8.690436,
      1.9312079999999998,
      2.896812,
      2.896812,
      1.60934,
      2.896812,
      1.448406,
      2.2530759999999996,
      25.427572,
      25.588506,
      11.26538,
      17.380872,
      2.896812,
      2.5749440000000003,
      9.65604,
      1.7702740000000001,
      13.67939,
      27.680647999999998,
      0.0,
      1.60934,
      35.244546,
      1.9312079999999998,
      4.184284,
      14.966862,
      3.057746,
      2.2530759999999996,
      2.092142,
      2.092142,
      1.448406,
      3.057746,
      18.50741,
      19.794882,
      7.885766,
      33.474272,
      14.323126,
      35.083612,
      9.173238,
      38.141358,
      15.28873,
      16.415267999999998,
      9.012303999999999,
      2.735878,
      3.057746,
      29.289987999999997,
      8.207633999999999,
      0.24,
      30.738394000000003,
      13.67939,
      1.448406,
      15.28873,
      5.9545580000000005,
      3.7014819999999995,
      23.496364,
      2.2530759999999996
    ],
    [
      14.644993999999999,
      2.5749440000000003,
      9.816974,
      0.16093400000000002,
      1.7702740000000001,
      0.6437360000000001,
      0.32186800000000004,
      4.184284,
      0.48280199999999995,
      0.48280199999999995,
      26.55411,
      25.588506,
      10.299776000000001,
      18.50741,
      4.184284,
      1.60934,
      9.65604,
      0.9656039999999999,
      14.805927999999998,
      26.232242,
      1.60934,
      0.0,
      35.727348,
      0.48280199999999995,
      7.24203,
      15.449663999999999,
      4.506151999999999,
      2.5749440000000003,
      0.32186800000000004,
      0.32186800000000004,
      0.48280199999999995,
      4.82802,
      17.059003999999998,
      20.438617999999998,
      6.276426,
      33.957074,
      15.127796,
      35.888282000000004,
      9.65604,
      38.946028,
      15.771532,
      16.89807,
      9.495106,
      0.80467,
      1.60934,
      24.461968,
      8.690436,
      1.7702740000000001,
      31.221196,
      14.162192000000001,
      1.448406,
      15.932466,
      4.82802,
      2.2530759999999996,
      24.1401,
      2.5749440000000003
    ],
    [
      26.55411,
      36.049215999999994,
      33.635206,
      35.727348,
      35.727348,
      36.21015,
      35.40548,
      32.1868,
      35.244546,
      36.049215999999994,
      21.565156,
      59.384646,
      44.578718,
      18.829278,
      32.1868,
      35.888282000000004,
      43.291246,
      34.761744,
      25.910374,
      52.142616,
      35.244546,
      35.727348,
      0.0,
      35.727348,
      37.175754000000005,
      29.129054000000004,
      31.543064,
      32.508668,
      34.761744,
      34.761744,
      35.244546,
      31.703998,
      51.177012,
      53.269154,
      41.199104000000005,
      22.53076,
      47.797398,
      68.557884,
      33.635206,
      71.61563,
      24.1401,
      23.657297999999997,
      30.094658,
      35.888282000000004,
      34.922678,
      58.901844000000004,
      38.62416,
      34.278942,
      24.461968,
      25.588506,
      34.118007999999996,
      25.427572,
      33.79614,
      34.761744,
      56.970636,
      32.508668
    ],
    [
      14.966862,
      1.9312079999999998,
      9.977908000000001,
      0.6437360000000001,
      1.1265379999999998,
      0.80467,
      0.6437360000000001,
      4.02335,
      0.6437360000000001,
      0.236,
      26.875978,
      25.910374,
      8.368568,
      18.829278,
      4.02335,
      1.1265379999999998,
      9.816974,
      1.1265379999999998,
      15.127796,
      26.232242,
      1.9312079999999998,
      0.48280199999999995,
      35.727348,
      0.0,
      5.63269,
      15.771532,
      4.506151999999999,
      2.735878,
      0.48280199999999995,
      0.48280199999999995,
      0.6437360000000001,
      4.506151999999999,
      16.737136,
      20.760486,
      6.276426,
      34.118007999999996,
      15.28873,
      36.21015,
      9.977908000000001,
      39.106962,
      16.0934,
      17.219938,
      9.816974,
      0.32186800000000004,
      1.2874720000000002,
      24.1401,
      9.012303999999999,
      2.092142,
      31.543064,
      14.48406,
      1.60934,
      16.0934,
      4.9889540000000006,
      1.7702740000000001,
      24.461968,
      2.735878
    ],
    [
      9.173238,
      7.24203,
      3.21868,
      7.24203,
      6.43736,
      7.724831999999999,
      6.9201619999999995,
      5.793624,
      4.9889540000000006,
      5.793624,
      18.185542,
      21.082354,
      14.966862,
      20.277684,
      5.793624,
      6.276426,
      14.966862,
      6.276426,
      9.334171999999999,
      30.416525999999998,
      4.184284,
      7.24203,
      37.175754000000005,
      5.63269,
      0.0,
      10.46071,
      6.43736,
      5.471756,
      6.43736,
      6.43736,
      6.759228,
      6.598293999999999,
      23.496364,
      24.783836,
      13.196587999999998,
      27.841582000000002,
      12.552852,
      40.2335,
      3.21868,
      43.130312,
      10.782578,
      18.829278,
      3.057746,
      8.0467,
      7.563898,
      34.439876,
      2.092142,
      5.9545580000000005,
      25.105704,
      9.012303999999999,
      5.63269,
      10.782578,
      8.85137,
      7.724831999999999,
      19.473014,
      5.471756
    ],
    [
      7.563898,
      16.415267999999998,
      9.816974,
      15.449663999999999,
      16.415267999999998,
      16.0934,
      15.28873,
      14.805927999999998,
      15.127796,
      15.771532,
      9.816974,
      26.875978,
      24.94477,
      16.576202000000002,
      14.805927999999998,
      16.254334,
      23.174496,
      14.48406,
      7.0810960000000005,
      38.785094,
      14.966862,
      15.449663999999999,
      29.129054000000004,
      15.771532,
      10.46071,
      0.0,
      15.28873,
      14.323126,
      15.28873,
      15.28873,
      15.771532,
      15.610598,
      33.474272,
      33.79614,
      22.047957999999998,
      19.473014,
      28.324384000000002,
      49.08487,
      9.816974,
      52.142616,
      7.724831999999999,
      27.680647999999998,
      7.0810960000000005,
      17.059003999999998,
      16.415267999999998,
      43.291246,
      10.299776000000001,
      14.805927999999998,
      16.737136,
      7.563898,
      14.644993999999999,
      8.368568,
      17.863674,
      16.737136,
      29.289987999999997,
      14.323126
    ],
    [
      14.162192000000001,
      2.896812,
      9.173238,
      4.506151999999999,
      3.379614,
      5.149888000000001,
      4.345218,
      0.16093400000000002,
      3.8624159999999996,
      4.506151999999999,
      22.691694,
      28.324384000000002,
      13.357522000000001,
      14.644993999999999,
      0.16093400000000002,
      3.5405480000000003,
      12.230984,
      2.896812,
      14.323126,
      23.818232000000002,
      3.057746,
      4.506151999999999,
      31.543064,
      4.506151999999999,
      6.43736,
      15.28873,
      0.0,
      0.9656039999999999,
      3.7014819999999995,
      3.7014819999999995,
      4.184284,
      0.32186800000000004,
      20.438617999999998,
      23.174496,
      10.138842,
      30.416525999999998,
      17.70274,
      38.463226,
      9.173238,
      41.520972,
      15.28873,
      13.357522000000001,
      9.012303999999999,
      4.82802,
      3.057746,
      27.680647999999998,
      8.207633999999999,
      3.057746,
      27.680647999999998,
      13.67939,
      2.896812,
      15.28873,
      2.896812,
      2.896812,
      26.875978,
      0.9656039999999999
    ],
    [
      13.035654,
      2.2530759999999996,
      8.207633999999999,
      2.5749440000000003,
      2.735878,
      3.21868,
      2.41401,
      0.80467,
      2.092142,
      2.896812,
      23.657297999999997,
      27.197846,
      11.909116000000001,
      15.610598,
      0.80467,
      2.896812,
      11.104446000000001,
      1.7702740000000001,
      13.357522000000001,
      24.301033999999998,
      2.2530759999999996,
      2.5749440000000003,
      32.508668,
      2.735878,
      5.471756,
      14.323126,
      0.9656039999999999,
      0.0,
      2.2530759999999996,
      2.2530759999999996,
      2.41401,
      0.6437360000000001,
      21.243288,
      21.243288,
      8.690436,
      31.38213,
      15.771532,
      36.692952,
      8.368568,
      39.589764,
      14.48406,
      14.323126,
      8.207633999999999,
      3.5405480000000003,
      2.2530759999999996,
      30.899327999999997,
      7.402963999999999,
      1.9312079999999998,
      28.646252,
      12.713786,
      1.7702740000000001,
      14.48406,
      3.8624159999999996,
      2.2530759999999996,
      24.94477,
      0.066
    ],
    [
      14.001257999999998,
      2.092142,
      9.173238,
      0.48280199999999995,
      1.2874720000000002,
      0.80467,
      0.6437360000000001,
      3.5405480000000003,
      0.32186800000000004,
      0.6437360000000001,
      25.910374,
      26.071308,
      9.65604,
      17.863674,
      3.5405480000000003,
      1.1265379999999998,
      10.138842,
      0.6437360000000001,
      14.323126,
      25.74944,
      2.092142,
      0.32186800000000004,
      34.761744,
      0.48280199999999995,
      6.43736,
      15.28873,
      3.7014819999999995,
      2.2530759999999996,
      0.0,
      0.131,
      0.6437360000000001,
      3.8624159999999996,
      17.059003999999998,
      20.438617999999998,
      6.43736,
      33.635206,
      14.966862,
      35.888282000000004,
      9.334171999999999,
      38.785094,
      15.610598,
      16.737136,
      9.173238,
      0.9656039999999999,
      1.7702740000000001,
      24.461968,
      8.368568,
      1.60934,
      30.899327999999997,
      13.840323999999999,
      1.1265379999999998,
      15.610598,
      4.506151999999999,
      2.41401,
      24.1401,
      2.2530759999999996
    ],
    [
      14.162192000000001,
      2.092142,
      9.173238,
      0.48280199999999995,
      1.2874720000000002,
      0.80467,
      0.48280199999999995,
      3.5405480000000003,
      0.32186800000000004,
      0.6437360000000001,
      26.071308,
      26.071308,
      9.816974,
      17.863674,
      3.5405480000000003,
      1.1265379999999998,
      10.138842,
      0.48280199999999995,
      14.323126,
      25.74944,
      2.092142,
      0.32186800000000004,
      34.761744,
      0.48280199999999995,
      6.43736,
      15.28873,
      3.7014819999999995,
      2.2530759999999996,
      0.131,
      0.0,
      0.6437360000000001,
      3.8624159999999996,
      17.380872,
      20.438617999999998,
      6.759228,
      33.635206,
      14.966862,
      35.727348,
      9.334171999999999,
      38.785094,
      15.449663999999999,
      16.576202000000002,
      9.173238,
      0.9656039999999999,
      1.9312079999999998,
      24.783836,
      8.368568,
      1.448406,
      30.899327999999997,
      13.840323999999999,
      0.9656039999999999,
      15.449663999999999,
      4.506151999999999,
      2.41401,
      24.1401,
      2.2530759999999996
    ],
    [
      14.48406,
      3.057746,
      9.65604,
      0.16093400000000002,
      2.092142,
      0.9656039999999999,
      0.443,
      4.02335,
      0.48280199999999995,
      0.9656039999999999,
      26.55411,
      25.427572,
      9.173238,
      18.346476,
      4.02335,
      1.9312079999999998,
      9.495106,
      0.9656039999999999,
      14.644993999999999,
      26.715044000000002,
      1.448406,
      0.48280199999999995,
      35.244546,
      0.6437360000000001,
      6.759228,
      15.771532,
      4.184284,
      2.41401,
      0.6437360000000001,
      0.6437360000000001,
      0.0,
      4.667085999999999,
      17.380872,
      20.438617999999998,
      6.598293999999999,
      33.79614,
      14.966862,
      35.727348,
      9.495106,
      38.785094,
      15.771532,
      16.89807,
      9.334171999999999,
      1.60934,
      2.092142,
      24.783836,
      8.529501999999999,
      1.7702740000000001,
      31.060262,
      14.001257999999998,
      1.2874720000000002,
      15.771532,
      5.310822,
      2.735878,
      24.1401,
      2.41401
    ],
    [
      14.323126,
      2.735878,
      9.334171999999999,
      4.82802,
      3.21868,
      5.310822,
      4.506151999999999,
      0.16093400000000002,
      3.7014819999999995,
      4.506151999999999,
      22.852628,
      28.485318,
      13.196587999999998,
      14.805927999999998,
      0.16093400000000002,
      3.379614,
      12.391918,
      2.735878,
      14.48406,
      23.657297999999997,
      3.057746,
      4.82802,
      31.703998,
      4.506151999999999,
      6.598293999999999,
      15.610598,
      0.32186800000000004,
      0.6437360000000001,
      3.8624159999999996,
      3.8624159999999996,
      4.667085999999999,
      0.0,
      19.955816000000002,
      22.369826,
      10.138842,
      30.57746,
      16.89807,
      37.658556,
      9.173238,
      40.716302,
      15.28873,
      13.518456,
      9.012303999999999,
      4.667085999999999,
      2.896812,
      27.680647999999998,
      8.207633999999999,
      2.896812,
      27.841582000000002,
      13.518456,
      2.896812,
      15.28873,
      2.896812,
      2.896812,
      26.071308,
      0.6437360000000001
    ],
    [
      31.221196,
      17.70274,
      26.393175999999997,
      16.89807,
      16.89807,
      15.610598,
      17.380872,
      20.11675,
      16.89807,
      16.415267999999998,
      42.325642,
      29.933724,
      8.529501999999999,
      34.278942,
      20.438617999999998,
      17.380872,
      14.966862,
      17.70274,
      31.38213,
      42.486576,
      18.50741,
      17.059003999999998,
      51.177012,
      16.737136,
      23.496364,
      33.474272,
      20.438617999999998,
      21.243288,
      17.059003999999998,
      17.380872,
      17.380872,
      19.955816000000002,
      0.0,
      25.105704,
      20.11675,
      49.728606,
      19.633948,
      26.071308,
      24.622902,
      33.474272,
      32.1868,
      32.830535999999995,
      27.197846,
      15.610598,
      16.576202000000002,
      19.955816000000002,
      26.55411,
      18.185542,
      46.992728,
      30.57746,
      17.863674,
      33.635206,
      20.438617999999998,
      17.059003999999998,
      28.807185999999998,
      18.829278
    ],
    [
      32.508668,
      22.53076,
      27.680647999999998,
      20.438617999999998,
      21.72609,
      21.082354,
      20.277684,
      22.208892000000002,
      20.277684,
      20.92142,
      44.417784000000005,
      23.818232000000002,
      22.852628,
      36.371084,
      22.208892000000002,
      21.565156,
      13.518456,
      20.438617999999998,
      32.669602,
      46.509926,
      19.794882,
      20.438617999999998,
      53.269154,
      20.760486,
      24.783836,
      33.79614,
      23.174496,
      21.243288,
      20.438617999999998,
      20.438617999999998,
      20.438617999999998,
      22.369826,
      25.105704,
      0.0,
      20.438617999999998,
      46.348992,
      7.0810960000000005,
      33.313338,
      16.254334,
      36.21015,
      28.324384000000002,
      29.450922000000002,
      22.047957999999998,
      15.449663999999999,
      15.932466,
      27.519714,
      15.771532,
      14.48406,
      43.613114,
      26.55411,
      14.48406,
      28.324384000000002,
      19.473014,
      16.254334,
      16.254334,
      15.932466
    ],
    [
      20.760486,
      7.724831999999999,
      15.932466,
      6.43736,
      6.9201619999999995,
      5.793624,
      6.598293999999999,
      10.299776000000001,
      6.598293999999999,
      6.115492,
      32.508668,
      31.703998,
      11.909116000000001,
      24.301033999999998,
      10.299776000000001,
      6.759228,
      15.771532,
      7.0810960000000005,
      21.082354,
      32.1868,
      7.885766,
      6.276426,
      41.199104000000005,
      6.276426,
      13.196587999999998,
      22.047957999999998,
      10.138842,
      8.690436,
      6.43736,
      6.759228,
      6.598293999999999,
      10.138842,
      20.11675,
      20.438617999999998,
      0.0,
      39.911632000000004,
      21.082354,
      42.003774,
      15.771532,
      44.900586,
      21.887024,
      23.013562,
      15.610598,
      5.471756,
      6.43736,
      28.485318,
      14.805927999999998,
      7.885766,
      37.336687999999995,
      20.11675,
      7.402963999999999,
      21.887024,
      10.621644,
      6.759228,
      30.255592,
      8.690436
    ],
    [
      21.243288,
      34.278942,
      27.197846,
      33.957074,
      33.957074,
      34.439876,
      33.635206,
      30.416525999999998,
      33.474272,
      34.278942,
      11.26538,
      57.614371999999996,
      42.808444,
      15.127796,
      30.416525999999998,
      34.118007999999996,
      41.681906,
      32.99147,
      20.599552000000003,
      46.509926,
      33.474272,
      33.957074,
      22.53076,
      34.118007999999996,
      27.841582000000002,
      19.473014,
      30.416525999999998,
      31.38213,
      33.635206,
      33.635206,
      33.79614,
      30.57746,
      49.728606,
      46.348992,
      39.911632000000004,
      0.0,
      46.027124,
      66.78761,
      27.519714,
      69.845356,
      18.024607999999997,
      21.565156,
      24.622902,
      34.118007999999996,
      33.152404000000004,
      57.131569999999996,
      27.841582000000002,
      32.669602,
      3.21868,
      19.473014,
      32.347734,
      19.151146,
      32.1868,
      33.152404000000004,
      55.200362,
      30.738394000000003
    ],
    [
