{
  "drive_dist_matrix": [
    [
      0.0,
      6.598293999999999,
      3.379614,
      10.299776000000001,
      3.5405480000000003,
      4.345218,
      4.82802,
      3.057746,
      5.471756,
      1.2874720000000002,
      4.506151999999999,
      9.816974,
      9.977908000000001,
      9.977908000000001,
      4.9889540000000006,
      5.9545580000000005,
      9.65604,
      15.771532,
      4.184284,
      17.70274,
      30.416525999999998,
      35.40548,
      0.6437360000000001,
      14.644993999999999,
      9.977908000000001,
      9.65604,
      14.805927999999998,
      4.82802,
      9.816974,
      37.01482,
      28.324384000000002,
      6.43736,
      4.82802,
      40.2335,
      3.5405480000000003,
      5.793624,
      4.82802,
      13.67939,
      5.63269,
      10.138842,
      6.115492,
      28.807185999999998,
      40.072565999999995,
      9.65604,
      4.345218,
      5.9545580000000005,
      10.782578,
      9.816974,
      9.977908000000001,
      4.82802,
      6.598293999999999,
      19.31208,
      26.715044000000002,
      9.816974,
      4.345218,
      12.07005
    ],
    [
      6.598293999999999,
      0.0,
      5.149888000000001,
      6.115492,
      5.149888000000001,
      4.02335,
      6.115492,
      4.9889540000000006,
      1.2874720000000002,
      5.471756,
      4.345218,
      5.793624,
      11.587248,
      5.793624,
      4.667085999999999,
      0.80467,
      5.63269,
      11.748182,
      3.8624159999999996,
      19.31208,
      20.599552000000003,
      31.38213,
      5.310822,
      11.748182,
      5.793624,
      5.63269,
      10.782578,
      6.115492,
      5.793624,
      33.635206,
      23.979166,
      0.6437360000000001,
      4.667085999999999,
      35.40548,
      4.667085999999999,
      0.9656039999999999,
      6.115492,
      11.426314,
      4.345218,
      5.9545580000000005,
      0.377,
      24.461968,
      35.727348,
      5.63269,
      4.184284,
      0.32186800000000004,
      12.391918,
      5.310822,
      5.793624,
      4.667085999999999,
      0.32186800000000004,
      14.966862,
      21.082354,
      5.310822,
      5.793624,
      7.563898
    ],
    [
      3.379614,
      5.149888000000001,
      0.0,
      7.0810960000000005,
      0.9656039999999999,
      1.448406,
      1.1265379999999998,
      1.7702740000000001,
      4.506151999999999,
      2.41401,
      1.2874720000000002,
      6.759228,
      8.529501999999999,
      6.759228,
      0.80467,
      4.9889540000000006,
      6.598293999999999,
      9.65604,
      1.2874720000000002,
      16.0934,
      19.633948,
      35.727348,
      2.896812,
      9.495106,
      6.759228,
      6.598293999999999,
      8.690436,
      1.1265379999999998,
      6.759228,
      23.174496,
      28.646252,
      5.471756,
      0.80467,
      40.555368,
      0.32186800000000004,
      4.82802,
      0.9656039999999999,
      10.46071,
      2.896812,
      6.9201619999999995,
      4.345218,
      29.129054000000004,
      40.394434000000004,
      6.598293999999999,
      1.60934,
      4.184284,
      9.173238,
      10.138842,
      6.759228,
      2.092142,
      4.82802,
      19.633948,
      27.036912,
      10.138842,
      6.598293999999999,
      12.391918
    ],
    [
      10.299776000000001,
      6.115492,
      7.0810960000000005,
      0.0,
      7.885766,
      6.115492,
      6.9201619999999995,
      13.67939,
      5.149888000000001,
      9.173238,
      6.759228,
      0.48280199999999995,
      12.230984,
      0.6437360000000001,
      7.0810960000000005,
      5.9545580000000005,
      0.32186800000000004,
      3.21868,
      6.115492,
      20.92142,
      17.219938,
      32.830535999999995,
      9.977908000000001,
      8.368568,
      0.6437360000000001,
      0.48280199999999995,
      2.41401,
      6.9201619999999995,
      0.48280199999999995,
      19.151146,
      31.703998,
      5.63269,
      7.0810960000000005,
      24.461968,
      7.0810960000000005,
      5.793624,
      7.0810960000000005,
      8.0467,
      5.471756,
      0.16093400000000002,
      5.793624,
      32.1868,
      24.301033999999998,
      0.48280199999999995,
      6.598293999999999,
      5.793624,
      9.334171999999999,
      13.035654,
      0.6437360000000001,
      5.63269,
      5.9545580000000005,
      22.691694,
      13.67939,
      13.035654,
      13.840323999999999,
      15.28873
    ],
    [
      3.5405480000000003,
      5.149888000000001,
      0.9656039999999999,
      7.885766,
      0.0,
      2.735878,
      1.7702740000000001,
      2.5749440000000003,
      5.63269,
      2.896812,
      2.2530759999999996,
      7.402963999999999,
      7.24203,
      7.563898,
      2.2530759999999996,
      5.149888000000001,
      7.24203,
      16.415267999999998,
      2.092142,
      14.805927999999998,
      27.680647999999998,
      35.888282000000004,
      3.379614,
      11.909116000000001,
      7.563898,
      7.24203,
      15.449663999999999,
      1.7702740000000001,
      7.402963999999999,
      34.278942,
      28.96812,
      5.63269,
      2.092142,
      40.716302,
      1.2874720000000002,
      4.9889540000000006,
      1.7702740000000001,
      13.518456,
      3.7014819999999995,
      7.724831999999999,
      5.310822,
      29.450922000000002,
      40.716302,
      7.24203,
      2.2530759999999996,
      5.149888000000001,
      8.0467,
      10.299776000000001,
      7.563898,
      3.379614,
      5.793624,
      19.955816000000002,
      27.197846,
      10.299776000000001,
      7.24203,
      12.552852
    ],
    [
      4.345218,
      4.02335,
      1.448406,
      6.115492,
      2.735878,
      0.0,
      0.9656039999999999,
      3.379614,
      4.02335,
      3.379614,
      0.48280199999999995,
      5.793624,
      9.495106,
      5.793624,
      0.9656039999999999,
      3.7014819999999995,
      5.63269,
      8.690436,
      0.32186800000000004,
      17.059003999999998,
      18.668343999999998,
      35.244546,
      3.8624159999999996,
      8.207633999999999,
      5.793624,
      5.63269,
      7.724831999999999,
      0.9656039999999999,
      5.793624,
      22.208892000000002,
      28.324384000000002,
      4.184284,
      0.9656039999999999,
      28.002515999999996,
      0.9656039999999999,
      3.5405480000000003,
      1.1265379999999998,
      9.65604,
      1.9312079999999998,
      5.9545580000000005,
      3.8624159999999996,
      28.646252,
      27.841582000000002,
      5.63269,
      0.269,
      3.7014819999999995,
      6.9201619999999995,
      9.65604,
      5.793624,
      0.80467,
      4.345218,
      19.151146,
      26.55411,
      9.65604,
      7.0810960000000005,
      11.909116000000001
    ],
    [
      4.82802,
      6.115492,
      1.1265379999999998,
      6.9201619999999995,
      1.7702740000000001,
      0.9656039999999999,
      0.0,
      3.057746,
      4.667085999999999,
      3.5405480000000003,
      0.48280199999999995,
      6.43736,
      8.0467,
      6.598293999999999,
      0.367,
      5.793624,
      6.43736,
      9.495106,
      1.2874720000000002,
      15.610598,
      19.473014,
      36.692952,
      4.02335,
      8.368568,
      6.598293999999999,
      6.43736,
      8.529501999999999,
      0.32186800000000004,
      6.43736,
      22.852628,
      29.611855999999996,
      6.276426,
      0.0,
      41.520972,
      0.80467,
      5.63269,
      0.48280199999999995,
      9.816974,
      2.735878,
      6.759228,
      5.9545580000000005,
      30.094658,
      41.360037999999996,
      6.276426,
      0.80467,
      5.9545580000000005,
      7.24203,
      10.943512,
      6.598293999999999,
      1.60934,
      6.598293999999999,
      20.599552000000003,
      27.841582000000002,
      10.943512,
      7.885766,
      13.196587999999998
    ],
    [
      3.057746,
      4.9889540000000006,
      1.7702740000000001,
      13.67939,
      2.5749440000000003,
      3.379614,
      3.057746,
      0.0,
      4.184284,
      4.184284,
      2.41401,
      7.563898,
      10.138842,
      7.563898,
      2.896812,
      3.8624159999999996,
      7.402963999999999,
      10.46071,
      2.092142,
      17.863674,
      20.438617999999998,
      33.79614,
      4.667085999999999,
      10.299776000000001,
      7.563898,
      7.402963999999999,
      9.495106,
      2.896812,
      7.563898,
      23.818232000000002,
      29.129054000000004,
      4.184284,
      2.896812,
      41.03817,
      1.7702740000000001,
      3.5405480000000003,
      2.735878,
      11.26538,
      3.21868,
      7.724831999999999,
      4.82802,
      29.611855999999996,
      40.877235999999996,
      7.402963999999999,
      2.2530759999999996,
      4.667085999999999,
      9.012303999999999,
      10.46071,
      7.563898,
      2.896812,
      5.310822,
      20.11675,
      27.35878,
      10.46071,
      8.0467,
      12.713786
    ],
    [
      5.471756,
      1.2874720000000002,
      4.506151999999999,
      5.149888000000001,
      5.63269,
      4.02335,
      4.667085999999999,
      4.184284,
      0.0,
      5.63269,
      4.82802,
      4.667085999999999,
      11.748182,
      4.82802,
      5.310822,
      0.6437360000000001,
      4.667085999999999,
      7.724831999999999,
      4.345218,
      19.31208,
      19.473014,
      30.094658,
      5.9545580000000005,
      10.621644,
      4.82802,
      4.667085999999999,
      6.759228,
      6.276426,
      4.667085999999999,
      32.1868,
      24.94477,
      0.48280199999999995,
      5.149888000000001,
      34.761744,
      5.149888000000001,
      0.80467,
      6.115492,
      10.299776000000001,
      3.8624159999999996,
      4.9889540000000006,
      1.1265379999999998,
      25.427572,
      34.60081,
      4.506151999999999,
      4.667085999999999,
      1.1265379999999998,
      10.943512,
      6.276426,
      4.82802,
      4.184284,
      0.9656039999999999,
      15.932466,
      21.082354,
      6.276426,
      7.402963999999999,
      8.529501999999999
    ],
    [
      1.2874720000000002,
      5.471756,
      2.41401,
      9.173238,
      2.896812,
      3.379614,
      3.5405480000000003,
      4.184284,
      5.63269,
      0.0,
      4.9889540000000006,
      9.977908000000001,
      10.46071,
      10.138842,
      5.471756,
      6.43736,
      9.816974,
      17.541806,
      4.506151999999999,
      18.024607999999997,
      30.899327999999997,
      37.175754000000005,
      2.2530759999999996,
      15.127796,
      10.138842,
      9.816974,
      16.576202000000002,
      4.82802,
      9.977908000000001,
      37.497622,
      30.094658,
      6.9201619999999995,
      5.310822,
      42.003774,
      4.02335,
      6.276426,
      4.667085999999999,
      13.67939,
      6.115492,
      10.299776000000001,
      6.598293999999999,
      30.57746,
      41.84284,
      9.816974,
      4.82802,
      6.43736,
      11.104446000000001,
      11.426314,
      9.977908000000001,
      5.310822,
      7.0810960000000005,
      21.082354,
      28.324384000000002,
      11.426314,
      4.82802,
      13.67939
    ],
    [
      4.506151999999999,
      4.345218,
      1.2874720000000002,
      6.759228,
      2.2530759999999996,
      0.48280199999999995,
      0.48280199999999995,
      2.41401,
      4.82802,
      4.9889540000000006,
      0.0,
      6.276426,
      8.529501999999999,
      6.43736,
      0.6437360000000001,
      3.8624159999999996,
      6.115492,
      9.173238,
      0.9656039999999999,
      16.0934,
      19.31208,
      37.175754000000005,
      4.506151999999999,
      8.207633999999999,
      6.43736,
      6.115492,
      8.368568,
      0.48280199999999995,
      6.276426,
      22.691694,
      30.094658,
      4.345218,
      0.48280199999999995,
      42.003774,
      1.1265379999999998,
      3.7014819999999995,
      0.6437360000000001,
      9.495106,
      2.41401,
      6.598293999999999,
      4.345218,
      30.57746,
      41.84284,
      6.115492,
      0.48280199999999995,
      4.345218,
      7.402963999999999,
      11.426314,
      6.276426,
      1.448406,
      4.82802,
      21.082354,
      28.324384000000002,
      11.426314,
      8.368568,
      13.67939
    ],
    [
      9.816974,
      5.793624,
      6.759228,
      0.48280199999999995,
      7.402963999999999,
      5.793624,
      6.43736,
      7.563898,
      4.667085999999999,
      9.977908000000001,
      6.276426,
      0.0,
      12.391918,
      0.32186800000000004,
      7.24203,
      6.115492,
      0.32186800000000004,
      3.379614,
      6.276426,
      21.082354,
      17.380872,
      32.99147,
      10.138842,
      8.529501999999999,
      0.32186800000000004,
      0.463,
      2.5749440000000003,
      7.0810960000000005,
      0.0,
      19.31208,
      31.864932,
      5.793624,
      7.24203,
      24.622902,
      7.0810960000000005,
      5.9545580000000005,
      7.24203,
      8.207633999999999,
      5.63269,
      0.32186800000000004,
      5.9545580000000005,
      32.347734,
      24.461968,
      0.32186800000000004,
      6.759228,
      5.9545580000000005,
      9.495106,
      13.196587999999998,
      0.32186800000000004,
      5.793624,
      6.115492,
      22.852628,
      13.840323999999999,
      13.196587999999998,
      14.001257999999998,
      15.449663999999999
    ],
    [
      9.977908000000001,
      11.587248,
      8.529501999999999,
      12.230984,
      7.24203,
      9.495106,
      8.0467,
      10.138842,
      11.748182,
      10.46071,
      8.529501999999999,
      12.391918,
      0.0,
      12.07005,
      8.529501999999999,
      11.104446000000001,
      11.587248,
      13.518456,
      9.495106,
      9.816974,
      22.691694,
      41.84284,
      9.977908000000001,
      7.563898,
      12.07005,
      11.748182,
      11.748182,
      8.0467,
      12.391918,
      29.289987999999997,
      34.922678,
      11.587248,
      8.368568,
      35.083612,
      8.207633999999999,
      10.943512,
      7.885766,
      9.334171999999999,
      9.65604,
      12.07005,
      11.26538,
      35.40548,
      34.922678,
      11.587248,
      9.65604,
      11.26538,
      3.7014819999999995,
      16.254334,
      12.07005,
      9.012303999999999,
      11.748182,
      25.910374,
      33.152404000000004,
      16.254334,
      12.713786,
      18.50741
    ],
    [
      9.977908000000001,
      5.793624,
      6.759228,
      0.6437360000000001,
      7.563898,
      5.793624,
      6.598293999999999,
      7.563898,
      4.82802,
      10.138842,
      6.43736,
      0.32186800000000004,
      12.07005,
      0.0,
      7.24203,
      6.276426,
      0.48280199999999995,
      3.8624159999999996,
      6.115492,
      21.404222,
      17.70274,
      33.313338,
      10.138842,
      9.012303999999999,
      0.052,
      0.16093400000000002,
      2.896812,
      6.9201619999999995,
      0.32186800000000004,
      19.794882,
      31.060262,
      5.310822,
      7.0810960000000005,
      24.94477,
      7.0810960000000005,
      6.115492,
      7.0810960000000005,
      8.529501999999999,
      5.471756,
      0.48280199999999995,
      5.9545580000000005,
      31.38213,
      24.783836,
      0.32186800000000004,
      6.598293999999999,
      5.9545580000000005,
      9.816974,
      12.391918,
      0.059,
      5.793624,
      5.63269,
      22.047957999999998,
      14.323126,
      12.391918,
      13.035654,
      14.644993999999999
    ],
    [
      4.9889540000000006,
      4.667085999999999,
      0.80467,
      7.0810960000000005,
      2.2530759999999996,
      0.9656039999999999,
      0.367,
      2.896812,
      5.310822,
      5.471756,
      0.6437360000000001,
      7.24203,
      8.529501999999999,
      7.24203,
      0.0,
      5.9545580000000005,
      6.9201619999999995,
      9.977908000000001,
      1.60934,
      15.610598,
      28.485318,
      36.692952,
      3.8624159999999996,
      8.85137,
      7.0810960000000005,
      6.9201619999999995,
      9.012303999999999,
      0.48280199999999995,
      7.0810960000000005,
      34.922678,
      29.611855999999996,
      6.43736,
      0.367,
      41.520972,
      0.6437360000000001,
      5.793624,
      0.48280199999999995,
      10.138842,
      3.21868,
      7.24203,
      6.115492,
      30.094658,
      41.360037999999996,
      6.9201619999999995,
      0.80467,
      5.9545580000000005,
      7.724831999999999,
      10.943512,
      7.0810960000000005,
      2.092142,
      6.598293999999999,
      20.599552000000003,
      27.841582000000002,
      10.943512,
      7.885766,
      13.196587999999998
    ],
    [
      5.9545580000000005,
      0.80467,
      4.9889540000000006,
      5.9545580000000005,
      5.149888000000001,
      3.7014819999999995,
      5.793624,
      3.8624159999999996,
      0.6437360000000001,
      6.43736,
      3.8624159999999996,
      6.115492,
      11.104446000000001,
      6.276426,
      5.9545580000000005,
      0.0,
      5.149888000000001,
      8.207633999999999,
      3.5405480000000003,
      18.829278,
      19.31208,
      30.57746,
      4.9889540000000006,
      10.46071,
      5.310822,
      5.149888000000001,
      7.24203,
      5.793624,
      5.310822,
      22.691694,
      25.105704,
      0.32186800000000004,
      4.345218,
      35.40548,
      4.184284,
      0.16093400000000002,
      5.63269,
      10.138842,
      2.896812,
      5.471756,
      0.6437360000000001,
      25.588506,
      35.244546,
      5.149888000000001,
      3.7014819999999995,
      0.48280199999999995,
      11.909116000000001,
      6.43736,
      5.310822,
      3.379614,
      0.80467,
      16.0934,
      21.72609,
      6.43736,
      4.667085999999999,
      8.690436
    ],
    [
      9.65604,
      5.63269,
      6.598293999999999,
      0.32186800000000004,
      7.24203,
      5.63269,
      6.43736,
      7.402963999999999,
      4.667085999999999,
      9.816974,
      6.115492,
      0.32186800000000004,
      11.587248,
      0.48280199999999995,
      6.9201619999999995,
      5.149888000000001,
      0.0,
      3.057746,
      6.115492,
      20.760486,
      17.059003999999998,
      32.508668,
      14.805927999999998,
      8.207633999999999,
      0.48280199999999995,
      0.16093400000000002,
      2.092142,
      6.9201619999999995,
      0.32186800000000004,
      18.990212,
      31.543064,
      8.529501999999999,
      7.0810960000000005,
      24.301033999999998,
      7.0810960000000005,
      5.793624,
      7.0810960000000005,
      7.724831999999999,
      5.471756,
      0.32186800000000004,
      5.9545580000000005,
      32.025866,
      24.1401,
      0.115,
      6.598293999999999,
      5.793624,
      9.173238,
      12.87472,
      0.32186800000000004,
      5.63269,
      8.85137,
      22.53076,
      13.518456,
      12.87472,
      13.67939,
      15.127796
    ],
    [
      15.771532,
      11.748182,
      9.65604,
      3.21868,
      16.415267999999998,
      8.690436,
      9.495106,
      10.46071,
      7.724831999999999,
      17.541806,
      9.173238,
      3.379614,
      13.518456,
      3.8624159999999996,
      9.977908000000001,
      8.207633999999999,
      3.057746,
      0.0,
      8.690436,
      18.668343999999998,
      18.668343999999998,
      32.669602,
      16.89807,
      9.816974,
      3.5405480000000003,
      3.379614,
      1.2874720000000002,
      9.334171999999999,
      3.379614,
      21.082354,
      33.474272,
      10.46071,
      9.65604,
      22.208892000000002,
      9.495106,
      10.943512,
      9.65604,
      8.529501999999999,
      8.0467,
      3.057746,
      8.368568,
      33.957074,
      22.208892000000002,
      3.379614,
      9.012303999999999,
      8.368568,
      10.621644,
      14.805927999999998,
      3.5405480000000003,
      8.207633999999999,
      10.782578,
      26.393175999999997,
      11.587248,
      14.805927999999998,
      15.610598,
      17.059003999999998
    ],
    [
      4.184284,
      3.8624159999999996,
      1.2874720000000002,
      6.115492,
      2.092142,
      0.32186800000000004,
      1.2874720000000002,
      2.092142,
      4.345218,
      4.506151999999999,
      0.9656039999999999,
      6.276426,
      9.495106,
      6.115492,
      1.60934,
      3.5405480000000003,
      6.115492,
      8.690436,
      0.0,
      16.89807,
      18.829278,
      35.083612,
      3.8624159999999996,
      8.368568,
      5.9545580000000005,
      5.63269,
      7.885766,
      1.1265379999999998,
      5.793624,
      22.208892000000002,
      28.16345,
      4.02335,
      1.2874720000000002,
      39.911632000000004,
      1.1265379999999998,
      3.379614,
      1.7702740000000001,
      9.65604,
      2.092142,
      6.115492,
      3.7014819999999995,
      28.485318,
      39.911632000000004,
      5.63269,
      0.48280199999999995,
      3.5405480000000003,
      6.9201619999999995,
      9.495106,
      5.9545580000000005,
      0.9656039999999999,
      4.184284,
      18.990212,
      26.393175999999997,
      9.495106,
      6.9201619999999995,
      11.748182
    ],
    [
      17.70274,
      19.31208,
      16.0934,
      20.92142,
      14.805927999999998,
      17.059003999999998,
      15.610598,
      17.863674,
      19.31208,
      18.024607999999997,
      16.0934,
      21.082354,
      9.816974,
      21.404222,
      15.610598,
      18.829278,
      20.760486,
      18.668343999999998,
      16.89807,
      0.0,
      13.035654,
      42.486576,
      18.185542,
      13.518456,
      18.668343999999998,
      18.50741,
      14.644993999999999,
      16.254334,
      18.50741,
      16.254334,
      43.130312,
      19.794882,
      16.576202000000002,
      25.427572,
      16.415267999999998,
      19.151146,
      16.254334,
      8.529501999999999,
      16.0934,
      18.346476,
      19.473014,
      43.613114,
      25.266638,
      16.0934,
      17.863674,
      19.473014,
      12.552852,
      24.461968,
      18.668343999999998,
      18.346476,
      19.955816000000002,
      34.118007999999996,
      21.243288,
      24.461968,
      20.92142,
      26.715044000000002
    ],
    [
      30.416525999999998,
      20.599552000000003,
      19.633948,
      17.219938,
      27.680647999999998,
      18.668343999999998,
      19.473014,
      20.438617999999998,
      19.473014,
      30.899327999999997,
      19.31208,
      17.380872,
      22.691694,
      17.70274,
      28.485318,
      19.31208,
      17.059003999999998,
      18.668343999999998,
      18.829278,
      13.035654,
      0.0,
      44.739652,
      30.57746,
      15.449663999999999,
      17.541806,
      17.380872,
      16.254334,
      19.473014,
      17.541806,
      9.65604,
      51.337945999999995,
      19.955816000000002,
      19.633948,
      24.301033999999998,
      19.633948,
      19.31208,
      28.485318,
      10.621644,
      18.024607999999997,
      17.219938,
      20.599552000000003,
      51.820748,
      24.301033999999998,
      16.737136,
      19.151146,
      20.599552000000003,
      16.415267999999998,
      36.853885999999996,
      17.541806,
      18.346476,
      20.277684,
      38.463226,
      23.657297999999997,
      36.853885999999996,
      33.313338,
      39.106962
    ],
    [
      35.40548,
      31.38213,
      35.727348,
      32.830535999999995,
      35.888282000000004,
      35.244546,
      36.692952,
      33.79614,
      30.094658,
      37.175754000000005,
      37.175754000000005,
      32.99147,
      41.84284,
      33.313338,
      36.692952,
      30.57746,
      32.508668,
      32.669602,
      35.083612,
      42.486576,
      44.739652,
      0.0,
      39.267896,
      43.130312,
      33.474272,
      33.313338,
      34.761744,
      38.946028,
      33.313338,
      46.831794,
      14.323126,
      31.060262,
      39.267896,
      49.245804,
      38.302292,
      35.40548,
      38.946028,
      38.302292,
      37.497622,
      32.99147,
      33.635206,
      11.748182,
      49.245804,
      33.313338,
      39.267896,
      33.79614,
      45.222454,
      29.933724,
      33.474272,
      39.750698,
      33.635206,
      22.852628,
      35.727348,
      31.38213,
      37.980424,
      28.324384000000002
    ],
    [
      0.6437360000000001,
      5.310822,
      2.896812,
      9.977908000000001,
      3.379614,
      3.8624159999999996,
      4.02335,
      4.667085999999999,
      5.9545580000000005,
      2.2530759999999996,
      4.506151999999999,
      10.138842,
      9.977908000000001,
      10.138842,
      3.8624159999999996,
      4.9889540000000006,
      14.805927999999998,
      16.89807,
      3.8624159999999996,
      18.185542,
      30.57746,
      39.267896,
      0.0,
      14.162192000000001,
      9.173238,
      9.012303999999999,
      15.771532,
      4.184284,
      9.173238,
      36.532018,
      29.289987999999997,
      5.9545580000000005,
      4.506151999999999,
      41.199104000000005,
      3.21868,
      5.310822,
      4.02335,
      12.87472,
      5.310822,
      9.334171999999999,
      5.63269,
      29.77279,
      41.03817,
      9.012303999999999,
      4.02335,
      5.63269,
      10.299776000000001,
      10.621644,
      9.173238,
      4.506151999999999,
      6.276426,
      20.277684,
      27.519714,
      10.621644,
      4.345218,
      12.87472
    ],
    [
      14.644993999999999,
      11.748182,
      9.495106,
      8.368568,
      11.909116000000001,
      8.207633999999999,
      8.368568,
      10.299776000000001,
      10.621644,
      15.127796,
      8.207633999999999,
      8.529501999999999,
      7.563898,
      9.012303999999999,
      8.85137,
      10.46071,
      8.207633999999999,
      9.816974,
      8.368568,
      13.518456,
      15.449663999999999,
      43.130312,
      14.162192000000001,
      0.0,
      8.368568,
      8.207633999999999,
      8.207633999999999,
      8.207633999999999,
      8.85137,
      18.668343999999998,
      39.106962,
      11.26538,
      8.529501999999999,
      24.461968,
      9.334171999999999,
      10.621644,
      8.529501999999999,
      5.310822,
      8.207633999999999,
      8.529501999999999,
      11.909116000000001,
      39.589764,
      24.301033999999998,
      8.0467,
      8.85137,
      11.748182,
      3.8624159999999996,
      20.599552000000003,
      8.368568,
      7.563898,
      11.587248,
      30.094658,
      20.92142,
      20.599552000000003,
      15.28873,
      22.852628
    ],
    [
      9.977908000000001,
      5.793624,
      6.759228,
      0.6437360000000001,
      7.563898,
      5.793624,
      6.598293999999999,
      7.563898,
      4.82802,
      10.138842,
      6.43736,
      0.32186800000000004,
      12.07005,
      0.052,
      7.0810960000000005,
      5.310822,
      0.48280199999999995,
      3.5405480000000003,
      5.9545580000000005,
      18.668343999999998,
      17.541806,
      33.474272,
      9.173238,
      8.368568,
      0.0,
      0.16093400000000002,
      2.896812,
      6.9201619999999995,
      0.32186800000000004,
      19.794882,
      31.060262,
      5.310822,
      7.0810960000000005,
      24.94477,
      7.0810960000000005,
      6.115492,
      7.0810960000000005,
      8.529501999999999,
      5.471756,
      0.48280199999999995,
      5.9545580000000005,
      31.543064,
      24.94477,
      0.32186800000000004,
      6.598293999999999,
      5.9545580000000005,
      9.977908000000001,
      12.391918,
      0.007,
      5.793624,
      5.63269,
      22.047957999999998,
      14.323126,
      12.391918,
      13.035654,
      14.644993999999999
    ],
    [
      9.65604,
      5.63269,
      6.598293999999999,
      0.48280199999999995,
      7.24203,
      5.63269,
      6.43736,
      7.402963999999999,
      4.667085999999999,
      9.816974,
      6.115492,
      0.463,
      11.748182,
      0.16093400000000002,
      6.9201619999999995,
      5.149888000000001,
      0.16093400000000002,
      3.379614,
      5.63269,
      18.50741,
      17.380872,
      33.313338,
      9.012303999999999,
      8.207633999999999,
      0.16093400000000002,
      0.0,
      3.057746,
      7.0810960000000005,
      0.463,
      19.955816000000002,
      31.221196,
      5.63269,
      7.24203,
      25.266638,
      7.24203,
      6.43736,
      7.402963999999999,
      8.690436,
      5.793624,
      0.48280199999999995,
      6.115492,
      31.703998,
      25.105704,
      0.16093400000000002,
      6.759228,
      6.115492,
      10.138842,
      12.552852,
      0.16093400000000002,
      5.9545580000000005,
      5.793624,
      22.208892000000002,
      14.48406,
      12.552852,
      13.357522000000001,
      14.805927999999998
    ],
    [
      14.805927999999998,
      10.782578,
      8.690436,
      2.41401,
      15.449663999999999,
      7.724831999999999,
      8.529501999999999,
      9.495106,
      6.759228,
      16.576202000000002,
      8.368568,
      2.5749440000000003,
      11.748182,
      2.896812,
      9.012303999999999,
      7.24203,
      2.092142,
      1.2874720000000002,
      7.885766,
      14.644993999999999,
      16.254334,
      34.761744,
      15.771532,
      8.207633999999999,
      2.896812,
      3.057746,
      0.0,
      8.529501999999999,
      2.5749440000000003,
      18.346476,
      32.508668,
      9.65604,
      8.690436,
      22.852628,
      8.690436,
      9.977908000000001,
      8.690436,
      6.759228,
      7.0810960000000005,
      2.2530759999999996,
      7.402963999999999,
      32.99147,
      22.691694,
      2.2530759999999996,
      8.207633999999999,
      7.402963999999999,
      8.85137,
      14.001257999999998,
      2.5749440000000003,
      7.24203,
      9.816974,
      23.496364,
      12.391918,
      14.001257999999998,
      14.644993999999999,
      16.254334
    ],
    [
      4.82802,
      6.115492,
      1.1265379999999998,
      6.9201619999999995,
      1.7702740000000001,
      0.9656039999999999,
      0.32186800000000004,
      2.896812,
      6.276426,
      4.82802,
      0.48280199999999995,
      7.0810960000000005,
      8.0467,
      6.9201619999999995,
      0.48280199999999995,
      5.793624,
      6.9201619999999995,
      9.334171999999999,
      1.1265379999999998,
      16.254334,
      19.473014,
      38.946028,
      4.184284,
      8.207633999999999,
      6.9201619999999995,
      7.0810960000000005,
      8.529501999999999,
      0.0,
      6.43736,
      22.852628,
      29.611855999999996,
      6.43736,
      0.32186800000000004,
      41.520972,
      0.9656039999999999,
      5.793624,
      0.16093400000000002,
      9.65604,
      2.5749440000000003,
      6.598293999999999,
      6.115492,
      30.094658,
      41.360037999999996,
      6.276426,
      0.80467,
      5.9545580000000005,
      7.24203,
      11.104446000000001,
      6.43736,
      1.60934,
      6.598293999999999,
      20.599552000000003,
      28.002515999999996,
      11.104446000000001,
      7.885766,
      13.357522000000001
    ],
    [
      9.816974,
      5.793624,
      6.759228,
      0.48280199999999995,
      7.402963999999999,
      5.793624,
      6.43736,
      7.563898,
      4.667085999999999,
      9.977908000000001,
      6.276426,
      0.0,
      12.391918,
      0.32186800000000004,
      7.0810960000000005,
      5.310822,
      0.32186800000000004,
      3.379614,
      5.793624,
      18.50741,
      17.541806,
      33.313338,
      9.173238,
      8.85137,
      0.32186800000000004,
      0.463,
      2.5749440000000003,
      6.43736,
      0.0,
      19.31208,
      31.864932,
      5.793624,
      7.24203,
      24.622902,
      7.0810960000000005,
      5.9545580000000005,
      7.24203,
      8.207633999999999,
      5.63269,
      0.32186800000000004,
      5.9545580000000005,
      32.347734,
      24.461968,
      0.32186800000000004,
      6.759228,
      5.9545580000000005,
      9.495106,
      13.196587999999998,
      0.32186800000000004,
      5.793624,
      6.115492,
      22.852628,
      13.840323999999999,
      13.196587999999998,
      14.001257999999998,
      15.449663999999999
    ],
    [
      37.01482,
      33.635206,
      23.174496,
      19.151146,
      34.278942,
      22.208892000000002,
      22.852628,
      23.818232000000002,
      32.1868,
      37.497622,
      22.691694,
      19.31208,
      29.289987999999997,
      19.794882,
      34.922678,
      22.691694,
      18.990212,
      21.082354,
      22.208892000000002,
      16.254334,
      9.65604,
      46.831794,
      36.532018,
      18.668343999999998,
      19.794882,
      19.955816000000002,
      18.346476,
      22.852628,
      19.31208,
      0.0,
      53.10822,
      23.174496,
      23.013562,
      18.668343999999998,
      22.852628,
      22.53076,
      23.013562,
      13.840323999999999,
      21.404222,
      21.887024,
      23.818232000000002,
      53.591021999999995,
      18.50741,
      18.50741,
      22.369826,
      23.818232000000002,
      19.794882,
      36.692952,
      22.369826,
      21.565156,
      23.657297999999997,
      40.072565999999995,
      18.829278,
      36.692952,
      37.497622,
      38.946028
    ],
    [
      28.324384000000002,
      23.979166,
      28.646252,
      31.703998,
      28.96812,
      28.324384000000002,
      29.611855999999996,
      29.129054000000004,
      24.94477,
      30.094658,
      30.094658,
      31.864932,
      34.922678,
      31.060262,
      29.611855999999996,
      25.105704,
      31.543064,
      33.474272,
      28.16345,
      43.130312,
      51.337945999999995,
      14.323126,
      29.289987999999997,
      39.106962,
      31.060262,
      31.221196,
      32.508668,
      29.611855999999996,
      31.864932,
      53.10822,
      0.0,
      24.94477,
      30.094658,
      55.52223,
      29.129054000000004,
      26.071308,
      29.611855999999996,
      35.244546,
      28.16345,
      31.221196,
      24.301033999999998,
      3.5405480000000003,
      55.361295999999996,
      30.899327999999997,
      29.933724,
      24.461968,
      35.888282000000004,
      20.599552000000003,
      31.221196,
      30.416525999999998,
      24.301033999999998,
      14.644993999999999,
      40.072565999999995,
      22.047957999999998,
      28.646252,
      18.990212
    ],
    [
      6.43736,
      0.6437360000000001,
      5.471756,
      5.63269,
      5.63269,
      4.184284,
      6.276426,
      4.184284,
      0.48280199999999995,
      6.9201619999999995,
      4.345218,
      5.793624,
      11.587248,
      5.310822,
      6.43736,
      0.32186800000000004,
      8.529501999999999,
      10.46071,
      4.02335,
      19.794882,
      19.955816000000002,
      31.060262,
      5.9545580000000005,
      11.26538,
      5.310822,
      5.63269,
      9.65604,
      6.43736,
      5.793624,
      23.174496,
      24.94477,
      0.0,
      4.9889540000000006,
      35.727348,
      4.9889540000000006,
      0.48280199999999995,
      6.43736,
      10.46071,
      3.379614,
      5.310822,
      0.6437360000000001,
      25.266638,
      35.566414,
      4.9889540000000006,
      4.506151999999999,
      0.48280199999999995,
      12.713786,
      6.276426,
      5.149888000000001,
      3.7014819999999995,
      0.48280199999999995,
      15.932466,
      22.047957999999998,
      6.276426,
      7.402963999999999,
      8.529501999999999
    ],
    [
      4.82802,
      4.667085999999999,
      0.80467,
      7.0810960000000005,
      2.092142,
      0.9656039999999999,
      0.0,
      2.896812,
      5.149888000000001,
      5.310822,
      0.48280199999999995,
      7.24203,
      8.368568,
      7.0810960000000005,
      0.367,
      4.345218,
      7.0810960000000005,
      9.65604,
      1.2874720000000002,
      16.576202000000002,
      19.633948,
      39.267896,
      4.506151999999999,
      8.529501999999999,
      7.0810960000000005,
      7.24203,
      8.690436,
      0.32186800000000004,
      7.24203,
      23.013562,
      30.094658,
      4.9889540000000006,
      0.0,
      41.681906,
      0.80467,
      5.793624,
      0.48280199999999995,
      10.299776000000001,
      3.21868,
      7.402963999999999,
      6.115492,
      30.255592,
      41.520972,
      6.9201619999999995,
      0.80467,
      6.115492,
      7.885766,
      11.104446000000001,
      7.24203,
      2.2530759999999996,
      6.598293999999999,
      20.760486,
      28.002515999999996,
      11.104446000000001,
      8.0467,
      13.357522000000001
    ],
    [
      40.2335,
      35.40548,
      40.555368,
      24.461968,
      40.716302,
      28.002515999999996,
      41.520972,
      41.03817,
      34.761744,
      42.003774,
      42.003774,
      24.622902,
      35.083612,
      24.94477,
      41.520972,
      35.40548,
      24.301033999999998,
      22.208892000000002,
      39.911632000000004,
      25.427572,
      24.301033999999998,
      49.245804,
      41.199104000000005,
      24.461968,
      24.94477,
      25.266638,
      22.852628,
      41.520972,
      24.622902,
      18.668343999999998,
      55.52223,
      35.727348,
      41.681906,
      0.0,
      28.646252,
      34.60081,
      40.072565999999995,
      19.633948,
      27.197846,
      24.301033999999998,
      34.761744,
      56.970636,
      0.453,
      24.461968,
      28.16345,
      34.60081,
      25.588506,
      37.81949,
      24.783836,
      27.35878,
      34.278942,
      41.520972,
      17.541806,
      37.81949,
      39.267896,
      40.072565999999995
    ],
    [
      3.5405480000000003,
      4.667085999999999,
      0.32186800000000004,
      7.0810960000000005,
      1.2874720000000002,
      0.9656039999999999,
      0.80467,
      1.7702740000000001,
      5.149888000000001,
      4.02335,
      1.1265379999999998,
      7.0810960000000005,
      8.207633999999999,
      7.0810960000000005,
      0.6437360000000001,
      4.184284,
      7.0810960000000005,
      9.495106,
      1.1265379999999998,
      16.415267999999998,
      19.633948,
      38.302292,
      3.21868,
      9.334171999999999,
      7.0810960000000005,
      7.24203,
      8.690436,
      0.9656039999999999,
      7.0810960000000005,
      22.852628,
      29.129054000000004,
      4.9889540000000006,
      0.80467,
      28.646252,
      0.0,
      5.310822,
      0.9656039999999999,
      10.299776000000001,
      2.735878,
      6.759228,
      4.184284,
      29.77279,
      41.03817,
      6.43736,
      1.448406,
      4.184284,
      9.65604,
      10.621644,
      6.598293999999999,
      1.9312079999999998,
      4.667085999999999,
      20.277684,
      27.519714,
      10.621644,
      7.0810960000000005,
      12.87472
    ],
    [
      5.793624,
      0.9656039999999999,
      4.82802,
      5.793624,
      4.9889540000000006,
      3.5405480000000003,
      5.63269,
      3.5405480000000003,
      0.80467,
      6.276426,
      3.7014819999999995,
      5.9545580000000005,
      10.943512,
      6.115492,
      5.793624,
      0.16093400000000002,
      5.793624,
      10.943512,
      3.379614,
      19.151146,
      19.31208,
      35.40548,
      5.310822,
      10.621644,
      6.115492,
      6.43736,
      9.977908000000001,
      5.793624,
      5.9545580000000005,
      22.53076,
      26.071308,
      0.48280199999999995,
      5.793624,
      34.60081,
      5.310822,
      0.0,
      5.310822,
      9.977908000000001,
      2.896812,
      6.43736,
      0.80467,
      25.588506,
      35.888282000000004,
      6.115492,
      3.379614,
      0.6437360000000001,
      11.587248,
      6.598293999999999,
