{
  "drive_dist_matrix": [
    [
      0.0,
      2.4,
      0.65,
      2.8,
      1.7,
      2.9,
      2.5,
      2.5,
      7.5,
      9.9,
      1.4,
      0.7,
      2.1,
      2.4,
      3.5
    ],
    [
      2.4,
      0.0,
      2.9,
      2.3,
      3.0,
      2.6,
      1.9,
      3.2,
      6.3,
      12.0,
      2.0,
      1.9,
      3.9,
      5.1,
      5.6
    ],
    [
      0.65,
      2.9,
      0.0,
      3.1,
      1.0,
      2.9,
      2.7,
      2.0,
      7.7,
      9.1,
      1.7,
      1.7,
      1.3,
      1.9,
      2.7
    ],
    [
      2.8,
      2.3,
      3.1,
      0.0,
      3.3,
      2.0,
      0.65,
      4.3,
      7.4,
      11.4,
      2.2,
      1.3,
      3.6,
      4.4,
      5.0
    ],
    [
      1.7,
      3.0,
      1.0,
      3.3,
      0.0,
      3.9,
      3.6,
      0.6,
      6.9,
      9.1,
      2.6,
      2.5,
      0.85,
      2.3,
      2.7
    ],
    [
      2.9,
      2.6,
      2.9,
      2.0,
      3.9,
      0.0,
      1.1,
      5.5,
      8.1,
      12.1,
      2.3,
      1.9,
      4.8,
      3.4,
      5.7
    ],
    [
      2.5,
      1.9,
      2.7,
      0.65,
      3.6,
      1.1,
      0.0,
      4.3,
      7.5,
      11.4,
      1.0,
      1.3,
      3.6,
      3.3,
      5.0
    ],
    [
      2.5,
      3.2,
      2.0,
      4.3,
      0.6,
      5.5,
      4.3,
      0.0,
      8.6,
      9.0,
      3.0,
      3.0,
      1.1,
      2.2,
      2.6
    ],
    [
      7.5,
      6.3,
      7.7,
      7.4,
      6.9,
      8.1,
      7.5,
      8.6,
      0.0,
      18.1,
      8.5,
      8.4,
      9.4,
      10.7,
      11.6
    ],
    [
      9.9,
      12.0,
      9.1,
      11.4,
      9.1,
      12.1,
      11.4,
      9.0,
      18.1,
      0.0,
      10.4,
      10.4,
      8.7,
      9.2,
      7.1
    ],
    [
      1.4,
      2.0,
      1.7,
      2.2,
      2.6,
      2.3,
      1.0,
      3.0,
      8.5,
      10.4,
      0.0,
      0.2,
      3.4,
      4.1,
      5.1
    ],
    [
      0.7,
      1.9,
      1.7,
      1.3,
      2.5,
      1.9,
      1.3,
      3.0,
      8.4,
      10.4,
      0.2,
      0.0,
      3.2,
      3.2,
      4.6
    ],
    [
      2.1,
      3.9,
      1.3,
      3.6,
      0.85,
      4.8,
      3.6,
      1.1,
      9.4,
      8.7,
      3.4,
      3.2,
      0.0,
      1.6,
      2.6
    ],
    [
      2.4,
      5.1,
      1.9,
      4.4,
      2.3,
      3.4,
      3.3,
      2.2,
      10.7,
      9.2,
      4.1,
      3.2,
      1.6,
      0.0,
      3.2
    ],
    [
      3.5,
      5.6,
      2.7,
      5.0,
      2.7,
      5.7,
      5.0,
      2.6,
      11.6,
      7.1,
      5.1,
      4.6,
      2.6,
      3.2,
      0.0
    ]
  ],
  "drive_time_matrix": [
    [
      0.0,
      6.0,
      8.0,
      7.0,
      4.0,
      7.0,
      6.0,
      5.0,
      11.0,
      13.0,
      3.0,
      10.0,
      5.0,
      6.0,
      6.0
    ],
    [
      6.0,
      0.0,
      6.0,
      6.0,
      6.0,
      8.0,
      6.0,
      7.0,
      8.0,
      16.0,
      4.0,
      5.0,
      8.0,
      9.0,
      10.0
    ],
    [
      8.0,
      6.0,
      0.0,
      8.0,
      12.0,
      7.0,
      6.0,
      3.0,
      10.0,
      11.0,
      4.0,
      5.0,
      3.0,
      4.0,
      4.0
    ],
    [
      7.0,
      6.0,
      8.0,
      0.0,
      8.0,
      6.0,
      8.0,
      9.0,
      10.0,
      16.0,
      5.0,
      4.0,
      8.0,
      9.0,
      9.0
    ],
    [
      4.0,
      6.0,
      12.0,
      8.0,
      0.0,
      9.0,
      7.0,
      8.0,
      10.0,
      12.0,
      5.0,
      5.0,
      11.0,
      4.0,
      6.0
    ],
    [
      7.0,
      8.0,
      7.0,
      6.0,
      9.0,
      0.0,
      11.0,
      10.0,
      12.0,
      18.0,
      6.0,
      6.0,
      9.0,
      7.0,
      11.0
    ],
    [
      6.0,
      6.0,
      6.0,
      8.0,
      7.0,
      11.0,
      0.0,
      9.0,
      10.0,
      16.0,
      13.0,
      4.0,
      8.0,
      7.0,
      10.0
    ],
    [
      5.0,
      7.0,
      3.0,
      9.0,
      8.0,
      10.0,
      9.0,
      0.0,
      11.0,
      12.0,
      6.0,
      7.0,
      14.0,
      5.0,
      6.0
    ],
    [
      11.0,
      8.0,
      10.0,
      10.0,
      10.0,
      12.0,
      10.0,
      11.0,
      0.0,
      22.0,
      11.0,
      12.0,
      14.0,
      15.0,
      15.0
    ],
    [
      13.0,
      16.0,
      11.0,
      16.0,
      12.0,
      18.0,
      16.0,
      12.0,
      22.0,
      0.0,
      13.0,
      14.0,
      12.0,
      12.0,
      10.0
    ],
    [
      3.0,
      4.0,
      4.0,
      5.0,
      5.0,
      6.0,
      13.0,
      6.0,
      11.0,
      13.0,
      0.0,
      3.0,
      8.0,
      8.0,
      9.0
    ],
    [
      10.0,
      5.0,
      5.0,
      4.0,
      5.0,
      6.0,
      4.0,
      7.0,
      12.0,
      14.0,
      3.0,
      0.0,
      8.0,
      6.0,
      9.0
    ],
    [
      5.0,
      8.0,
      3.0,
      8.0,
      11.0,
      9.0,
      8.0,
      14.0,
      14.0,
      12.0,
      8.0,
      8.0,
      0.0,
      4.0,
      6.0
    ],
    [
      6.0,
      9.0,
      4.0,
      9.0,
      4.0,
      7.0,
      7.0,
      5.0,
      15.0,
      12.0,
      8.0,
      6.0,
      4.0,
      0.0,
      6.0
    ],
    [
      6.0,
      10.0,
      4.0,
      9.0,
      6.0,
      11.0,
      10.0,
      6.0,
      15.0,
      10.0,
      9.0,
      9.0,
      6.0,
      6.0,
      0.0
    ]
  ],
  "transit_dist_walk_matrix": [
    [
      0.0,
      NaN,
      NaN,
      NaN,
      NaN,
      NaN,
      NaN,
      NaN,
      2.16658,
      0.58331,
      NaN,
      NaN,
      NaN,
      NaN,
      NaN
    ],
    [
      NaN,
      0.0,
      NaN,
      NaN,
      NaN,
      NaN,
      NaN,
      NaN,
      2.99988,
      0.33332,
      NaN,
      NaN,
      NaN,
      NaN,
      1.49994
    ],
    [
      NaN,
      NaN,
      0.0,
      NaN,
      NaN,
      NaN,
      NaN,
      NaN,
      2.74989,
      0.58331,
      NaN,
      NaN,
      NaN,
      NaN,
      NaN
    ],
    [
      NaN,
      NaN,
      NaN,
      0.0,
      NaN,
      NaN,
      NaN,
      NaN,
      3.16654,
      0.74997,
      NaN,
      NaN,
      NaN,
      NaN,
      0.8333
    ],
    [
      NaN,
      NaN,
      NaN,
      NaN,
      0.0,
      NaN,
      NaN,
      NaN,
      2.33324,
      1.08329,
      NaN,
      NaN,
      NaN,
      NaN,
      NaN
    ],
    [
      NaN,
      NaN,
      NaN,
      NaN,
      NaN,
      0.0,
      NaN,
      1.2499500000000001,
      2.16658,
      1.74993,
      NaN,
      NaN,
      NaN,
      NaN,
      1.8332600000000001
    ],
    [
      NaN,
      NaN,
      NaN,
      NaN,
      NaN,
      NaN,
      0.0,
      NaN,
      3.24987,
      1.16662,
      NaN,
      NaN,
      NaN,
      NaN,
      1.2499500000000001
    ],
    [
      NaN,
      NaN,
      NaN,
      NaN,
      NaN,
      1.2499500000000001,
      NaN,
      0.0,
      1.6666,
      1.74993,
      NaN,
      NaN,
      NaN,
      NaN,
      NaN
    ],
    [
      2.16658,
      2.99988,
      2.74989,
      3.16654,
      2.33324,
      2.16658,
      3.24987,
      1.6666,
      0.0,
      0.99996,
      0.99996,
      1.08329,
      1.2499500000000001,
      1.16662,
      1.8332600000000001
    ],
    [
      0.58331,
      0.33332,
      0.58331,
      0.74997,
      1.08329,
      1.74993,
      1.16662,
      1.74993,
      0.99996,
      0.0,
      0.41665,
      0.58331,
      0.66664,
      0.41665,
      0.16666
    ],
    [
      NaN,
      NaN,
      NaN,
      NaN,
      NaN,
      NaN,
      NaN,
      NaN,
      0.99996,
      0.41665,
      0.0,
      NaN,
      NaN,
      NaN,
      NaN
    ],
    [
      NaN,
      NaN,
      NaN,
      NaN,
      NaN,
      NaN,
      NaN,
      NaN,
      1.08329,
      0.58331,
      NaN,
      0.0,
      NaN,
      NaN,
      NaN
    ],
    [
      NaN,
      NaN,
      NaN,
      NaN,
      NaN,
      NaN,
      NaN,
      NaN,
      1.2499500000000001,
      0.66664,
      NaN,
      NaN,
      0.0,
      NaN,
      NaN
    ],
    [
      NaN,
      NaN,
      NaN,
      NaN,
      NaN,
      NaN,
      NaN,
      NaN,
      1.16662,
      0.41665,
      NaN,
      NaN,
      NaN,
      0.0,
      NaN
    ],
    [
      NaN,
      1.49994,
      NaN,
      0.8333,
      NaN,
      1.8332600000000001,
      1.2499500000000001,
      NaN,
      1.8332600000000001,
      0.16666,
      NaN,
      NaN,
      NaN,
      NaN,
      0.0
    ]
  ],
  "transit_time_matrix": [
    [
      0.0,
      NaN,
      NaN,
      0.0,
      0.0,
      NaN,
      0.0,
      0.0,
      57.0,
      13.0,
      0.0,
      NaN,
      0.0,
      0.0,
      0.0
    ],
    [
      NaN,
      0.0,
      0.0,
      0.0,
      0.0,
      0.0,
      0.0,
      NaN,
      64.0,
      16.0,
      0.0,
      0.0,
      0.0,
      0.0,
      10.0
    ],
    [
      NaN,
      0.0,
      0.0,
      0.0,
      NaN,
      0.0,
      0.0,
      0.0,
      10.0,
      11.0,
      0.0,
      0.0,
      NaN,
      0.0,
      0.0
    ],
    [
      0.0,
      0.0,
      0.0,
      0.0,
      0.0,
      NaN,
      NaN,
      0.0,
      69.0,
      16.0,
      0.0,
      0.0,
      0.0,
      0.0,
      32.0
    ],
    [
      0.0,
      0.0,
      NaN,
      0.0,
      0.0,
      0.0,
      0.0,
      NaN,
      63.0,
      47.0,
      0.0,
      0.0,
      NaN,
      0.0,
      0.0
    ],
    [
      NaN,
      0.0,
      0.0,
      NaN,
      0.0,
      0.0,
      NaN,
      10.0,
      62.0,
      61.0,
      0.0,
      0.0,
      0.0,
      0.0,
      44.0
    ],
    [
      0.0,
      0.0,
      0.0,
      NaN,
      0.0,
      NaN,
      0.0,
      0.0,
      71.0,
      54.0,
      0.0,
      0.0,
      0.0,
      0.0,
      10.0
    ],
    [
      0.0,
      NaN,
      0.0,
      0.0,
      NaN,
      10.0,
      0.0,
      0.0,
      55.0,
      72.0,
      0.0,
      NaN,
      0.0,
      0.0,
      NaN
    ],
    [
      57.0,
      64.0,
      10.0,
      69.0,
      63.0,
      62.0,
      71.0,
      55.0,
      0.0,
      84.0,
      51.0,
      12.0,
      14.0,
      65.0,
      72.0
    ],
    [
      13.0,
      16.0,
      11.0,
      16.0,
      47.0,
      61.0,
      54.0,
      72.0,
      84.0,
      0.0,
      13.0,
      44.0,
      40.0,
      41.0,
      30.0
    ],
    [
      0.0,
      0.0,
      0.0,
      0.0,
      0.0,
      0.0,
      0.0,
      0.0,
      51.0,
      13.0,
      0.0,
      NaN,
      0.0,
      0.0,
      0.0
    ],
    [
      NaN,
      0.0,
      0.0,
      0.0,
      0.0,
      0.0,
      0.0,
      NaN,
      12.0,
      44.0,
      NaN,
      0.0,
      0.0,
      0.0,
      0.0
    ],
    [
      0.0,
      0.0,
      NaN,
      0.0,
      NaN,
      0.0,
      0.0,
      0.0,
      14.0,
      40.0,
      0.0,
      0.0,
      0.0,
      0.0,
      0.0
    ],
    [
      0.0,
      0.0,
      0.0,
      0.0,
      0.0,
      0.0,
      0.0,
      0.0,
      65.0,
      41.0,
      0.0,
      0.0,
      0.0,
      0.0,
      0.0
    ],
    [
      0.0,
      10.0,
      0.0,
      32.0,
      0.0,
      44.0,
      10.0,
      NaN,
      72.0,
      30.0,
      0.0,
      0.0,
      0.0,
      0.0,
      0.0
    ]
  ],
  "walk_dist_matrix": [
    [
      0.0,
      2.2,
      0.65,
      1.8,
      1.5,
      2.6,
      1.8,
      2.0,
      6.9,
      9.7,
      0.85,
      0.7,
      1.5,
      2.3,
      3.3
    ],
    [
      2.2,
      0.0,
      2.7,
      1.5,
      3.0,
      2.3,
      1.8,
      2.9,
      6.1,
      11.7,
      1.5,
      1.7,
      3.5,
      4.3,
      5.3
    ],
    [
      0.65,
      2.7,
      0.0,
      2.4,
      1.0,
      3.1,
      2.4,
      1.6,
      7.3,
      9.1,
      1.4,
      1.3,
      0.85,
      1.9,
      2.7
    ],
    [
      1.8,
      1.5,
      2.4,
      0.0,
      3.3,
      0.9,
      0.65,
      3.7,
      7.5,
      11.4,
      0.95,
      1.1,
      3.2,
      3.6,
      5.0
    ],
    [
      1.5,
      3.0,
      1.0,
      3.3,
      0.0,
      4.0,
      3.3,
      0.6,
      7.3,
      9.0,
      2.4,
      2.2,
      0.85,
      2.2,
      2.6
    ],
    [
      2.6,
      2.3,
      3.1,
      0.9,
      4.0,
      0.0,
      0.85,
      4.5,
      8.3,
      12.0,
      1.7,
      1.9,
      3.9,
      3.7,
      5.6
    ],
    [
      1.8,
      1.8,
      2.4,
      0.65,
      3.3,
      0.85,
      0.0,
      3.8,
      7.6,
      11.3,
      1.0,
      1.2,
      3.2,
      3.0,
      4.8
    ],
    [
      2.0,
      2.9,
      1.6,
      3.7,
      0.6,
      4.5,
      3.8,
      0.0,
      7.0,
      9.0,
      2.8,
      2.7,
      1.1,
      2.2,
      2.6
    ],
    [
      6.9,
      6.1,
      7.3,
      7.5,
      7.3,
      8.3,
      7.6,
      7.0,
      0.0,
      15.9,
      6.8,
      6.8,
      7.7,
      8.9,
      9.4
    ],
    [
      9.7,
      11.7,
      9.1,
      11.4,
      9.0,
      12.0,
      11.3,
      9.0,
      15.9,
      0.0,
      10.4,
      10.3,
      8.4,
      9.3,
      6.9
    ],
    [
      0.85,
      1.5,
      1.4,
      0.95,
      2.4,
      1.7,
      1.0,
      2.8,
      6.8,
      10.4,
      0.0,
      0.2,
      2.2,
      2.8,
      4.0
    ],
    [
      0.7,
      1.7,
      1.3,
      1.1,
      2.2,
      1.9,
      1.2,
      2.7,
      6.8,
      10.3,
      0.2,
      0.0,
      2.1,
      2.6,
      3.9
    ],
    [
      1.5,
      3.5,
      0.85,
      3.2,
      0.85,
      3.9,
      3.2,
      1.1,
      7.7,
      8.4,
      2.2,
      2.1,
      0.0,
      1.5,
      1.9
    ],
    [
      2.3,
      4.3,
      1.9,
      3.6,
      2.2,
      3.7,
      3.0,
      2.2,
      8.9,
      9.3,
      2.8,
      2.6,
      1.5,
      0.0,
      2.9
    ],
    [
      3.3,
      5.3,
      2.7,
      5.0,
      2.6,
      5.6,
      4.8,
      2.6,
      9.4,
      6.9,
      4.0,
      3.9,
      1.9,
      2.9,
      0.0
    ]
  ],
  "walk_time_matrix": [
    [
      0.0,
      29.0,
      8.0,
      23.0,
      19.0,
      32.0,
      23.0,
      26.0,
      85.0,
      119.0,
      12.0,
      10.0,
      19.0,
      30.0,
      41.0
    ],
    [
      29.0,
      0.0,
      35.0,
      19.0,
      38.0,
      29.0,
      22.0,
      37.0,
      73.0,
      145.0,
      20.0,
      22.0,
      46.0,
      57.0,
      68.0
    ],
    [
      8.0,
      35.0,
      0.0,
      29.0,
      12.0,
      37.0,
      29.0,
      20.0,
      88.0,
      111.0,
      18.0,
      16.0,
      12.0,
      24.0,
      33.0
    ],
    [
      23.0,
      19.0,
      29.0,
      0.0,
      43.0,
      10.0,
      8.0,
      49.0,
      92.0,
      142.0,
      12.0,
      15.0,
      43.0,
      47.0,
      64.0
    ],
    [
      19.0,
      38.0,
      12.0,
      43.0,
      0.0,
      50.0,
      41.0,
      8.0,
      88.0,
      47.0,
      31.0,
      29.0,
      11.0,
      27.0,
      34.0
    ],
    [
      32.0,
      29.0,
      37.0,
      10.0,
      50.0,
      0.0,
      11.0,
      60.0,
      104.0,
      61.0,
      23.0,
      25.0,
      52.0,
      49.0,
      73.0
    ],
    [
      23.0,
      22.0,
      29.0,
      8.0,
      41.0,
      11.0,
      0.0,
      50.0,
      94.0,
      141.0,
      13.0,
      16.0,
      43.0,
      41.0,
      64.0
    ],
    [
      26.0,
      37.0,
      20.0,
      49.0,
      8.0,
      60.0,
      50.0,
      0.0,
      83.0,
      72.0,
      35.0,
      34.0,
      14.0,
      28.0,
      32.0
    ],
    [
      85.0,
      73.0,
      88.0,
      92.0,
      88.0,
      104.0,
      94.0,
      83.0,
      0.0,
      197.0,
      51.0,
      87.0,
      98.0,
      114.0,
      119.0
    ],
    [
      119.0,
      145.0,
      111.0,
      142.0,
      47.0,
      61.0,
      141.0,
      72.0,
      197.0,
      0.0,
      130.0,
      128.0,
      106.0,
      116.0,
      86.0
    ],
    [
      12.0,
      20.0,
      18.0,
      12.0,
      31.0,
      23.0,
      13.0,
      35.0,
      51.0,
      130.0,
      0.0,
      3.0,
      30.0,
      37.0,
      52.0
    ],
    [
      10.0,
      22.0,
      16.0,
      15.0,
      29.0,
      25.0,
      16.0,
      34.0,
      87.0,
      128.0,
      3.0,
      0.0,
      29.0,
      34.0,
      50.0
    ],
    [
      19.0,
      46.0,
      12.0,
      43.0,
      11.0,
      52.0,
      43.0,
      14.0,
      98.0,
      106.0,
      30.0,
      29.0,
      0.0,
      19.0,
      25.0
    ],
    [
      30.0,
      57.0,
      24.0,
      47.0,
      27.0,
      49.0,
      41.0,
      28.0,
      114.0,
      116.0,
      37.0,
      34.0,
      19.0,
      0.0,
      36.0
    ],
    [
      41.0,
      68.0,
      33.0,
      64.0,
      34.0,
      73.0,
      64.0,
      32.0,
      119.0,
      86.0,
      52.0,
      50.0,
      25.0,
      36.0,
      0.0
    ]
  ],
  "cycle_dist_matrix": [
    [
      0.0,
      2.2,
      0.65,
      1.8,
      1.5,
      2.6,
      1.8,
      2.0,
      6.9,
      9.7,
      0.85,
      0.7,
      1.5,
      2.3,
      3.3
    ],
    [
      2.2,
      0.0,
      2.7,
      1.5,
      3.0,
      2.3,
      1.8,
      2.9,
      6.1,
      11.7,
      1.5,
      1.7,
      3.5,
      4.3,
      5.3
    ],
    [
      0.65,
      2.7,
      0.0,
      2.4,
      1.0,
      3.1,
      2.4,
      1.6,
      7.3,
      9.1,
      1.4,
      1.3,
      0.85,
      1.9,
      2.7
    ],
    [
      1.8,
      1.5,
      2.4,
      0.0,
      3.3,
      0.9,
      0.65,
      3.7,
      7.5,
      11.4,
      0.95,
      1.1,
      3.2,
      3.6,
      5.0
    ],
    [
      1.5,
      3.0,
      1.0,
      3.3,
      0.0,
      4.0,
      3.3,
      0.6,
      7.3,
      9.0,
      2.4,
      2.2,
      0.85,
      2.2,
      2.6
    ],
    [
      2.6,
      2.3,
      3.1,
      0.9,
      4.0,
      0.0,
      0.85,
      4.5,
      8.3,
      12.0,
      1.7,
      1.9,
      3.9,
      3.7,
      5.6
    ],
    [
      1.8,
      1.8,
      2.4,
      0.65,
      3.3,
      0.85,
      0.0,
      3.8,
      7.6,
      11.3,
      1.0,
      1.2,
      3.2,
      3.0,
      4.8
    ],
    [
      2.0,
      2.9,
      1.6,
      3.7,
      0.6,
      4.5,
      3.8,
      0.0,
      7.0,
      9.0,
      2.8,
      2.7,
      1.1,
      2.2,
      2.6
    ],
    [
      6.9,
      6.1,
      7.3,
      7.5,
      7.3,
      8.3,
      7.6,
      7.0,
      0.0,
      15.9,
      6.8,
      6.8,
      7.7,
      8.9,
      9.4
    ],
    [
      9.7,
      11.7,
      9.1,
      11.4,
      9.0,
      12.0,
      11.3,
      9.0,
      15.9,
      0.0,
      10.4,
      10.3,
      8.4,
      9.3,
      6.9
    ],
    [
      0.85,
      1.5,
      1.4,
      0.95,
      2.4,
      1.7,
      1.0,
      2.8,
      6.8,
      10.4,
      0.0,
      0.2,
      2.2,
      2.8,
      4.0
    ],
    [
      0.7,
      1.7,
      1.3,
      1.1,
      2.2,
      1.9,
      1.2,
      2.7,
      6.8,
      10.3,
      0.2,
      0.0,
      2.1,
      2.6,
      3.9
    ],
    [
      1.5,
      3.5,
      0.85,
      3.2,
      0.85,
      3.9,
      3.2,
      1.1,
      7.7,
      8.4,
      2.2,
      2.1,
      0.0,
      1.5,
      1.9
    ],
    [
      2.3,
      4.3,
      1.9,
      3.6,
      2.2,
      3.7,
      3.0,
      2.2,
      8.9,
      9.3,
      2.8,
      2.6,
      1.5,
      0.0,
      2.9
    ],
    [
      3.3,
      5.3,
      2.7,
      5.0,
      2.6,
      5.6,
      4.8,
      2.6,
      9.4,
      6.9,
      4.0,
      3.9,
      1.9,
      2.9,
      0.0
    ]
  ],
  "cycle_time_matrix": [
    [
      0.0,
      29.0,
      8.0,
      23.0,
      19.0,
      32.0,
      23.0,
      26.0,
      85.0,
      119.0,
      12.0,
      10.0,
      19.0,
      30.0,
      42.0
    ],
    [
      29.0,
      0.0,
      35.0,
      19.0,
      38.0,
      29.0,
      22.0,
      37.0,
      73.0,
      145.0,
      20.0,
      22.0,
      46.0,
      57.0,
      68.0
    ],
    [
      8.0,
      35.0,
      0.0,
      29.0,
      12.0,
      37.0,
      29.0,
      20.0,
      88.0,
      111.0,
      18.0,
      17.0,
      12.0,
      24.0,
      34.0
    ],
    [
      23.0,
      19.0,
      29.0,
      0.0,
      43.0,
      10.0,
      8.0,
      50.0,
      92.0,
      142.0,
      12.0,
      15.0,
      43.0,
      47.0,
      64.0
    ],
    [
      19.0,
      38.0,
      12.0,
      43.0,
      0.0,
      50.0,
      41.0,
      8.0,
      88.0,
      111.0,
      31.0,
      29.0,
      11.0,
      27.0,
      34.0
    ],
    [
      32.0,
      29.0,
      37.0,
      10.0,
      50.0,
      0.0,
      11.0,
      60.0,
      104.0,
      151.0,
      23.0,
      25.0,
      52.0,
      49.0,
      73.0
    ],
    [
      23.0,
      22.0,
      29.0,
      8.0,
      41.0,
      11.0,
      0.0,
      51.0,
      94.0,
      141.0,
      13.0,
      16.0,
      43.0,
      41.0,
      64.0
    ],
    [
      26.0,
      37.0,
      20.0,
      50.0,
      8.0,
      60.0,
      51.0,
      0.0,
      83.0,
      110.0,
      35.0,
      34.0,
      14.0,
      28.0,
      32.0
    ],
    [
      85.0,
      73.0,
      88.0,
      92.0,
      88.0,
      104.0,
      94.0,
      83.0,
      0.0,
      197.0,
      87.0,
      87.0,
      98.0,
      114.0,
      119.0
    ],
    [
      119.0,
      145.0,
      111.0,
      142.0,
      111.0,
      151.0,
      141.0,
      110.0,
      197.0,
      0.0,
      130.0,
      128.0,
      106.0,
      116.0,
      86.0
    ],
    [
      12.0,
      20.0,
      18.0,
      12.0,
      31.0,
      23.0,
      13.0,
      35.0,
      87.0,
      130.0,
      0.0,
      3.0,
      30.0,
      37.0,
      52.0
    ],
    [
      10.0,
      22.0,
      17.0,
      15.0,
      29.0,
      25.0,
      16.0,
      34.0,
      87.0,
      128.0,
      3.0,
      0.0,
      29.0,
      35.0,
      50.0
    ],
    [
      19.0,
      46.0,
      12.0,
      43.0,
      11.0,
      52.0,
      43.0,
      14.0,
      98.0,
      106.0,
      30.0,
      29.0,
      0.0,
      19.0,
      26.0
    ],
    [
      30.0,
      57.0,
      24.0,
      47.0,
      27.0,
      49.0,
      41.0,
      28.0,
      114.0,
      116.0,
      37.0,
      35.0,
      19.0,
      0.0,
      36.0
    ],
    [
      42.0,
      68.0,
      34.0,
      64.0,
      34.0,
      73.0,
      64.0,
      32.0,
      119.0,
      86.0,
      52.0,
      50.0,
      26.0,
      36.0,
      0.0
    ]
  ]
}