{
  "drive_dist_matrix": [
    [
      0.0,
      22.0,
      15.4,
      16.8,
      4.6,
      13.6,
      17.3,
      39.8,
      15.2,
      18.7,
      15.3,
      9.2,
      16.0,
      12.6,
      6.4,
      12.3,
      14.9,
      14.0,
      58.9,
      12.5,
      15.3,
      36.3,
      0.06,
      18.6,
      14.3,
      17.5,
      13.5,
      3.5,
      22.3,
      12.4,
      14.5,
      20.2,
      20.5,
      12.2,
      11.4,
      18.0,
      17.5,
      17.2,
      16.6,
      28.2,
      74.6,
      11.8,
      16.2,
      25.1,
      16.2,
      51.6,
      13.4,
      7.4,
      16.2,
      7.5,
      70.6,
      13.2,
      12.4,
      9.2,
      15.3,
      34.8,
      51.1
    ],
    [
      22.0,
      0.0,
      11.8,
      37.2,
      15.3,
      10.3,
      37.7,
      50.7,
      16.1,
      39.1,
      35.8,
      9.6,
      36.5,
      11.5,
      13.7,
      11.9,
      11.2,
      10.2,
      86.3,
      9.6,
      8.7,
      53.6,
      26.7,
      18.0,
      10.3,
      8.2,
      10.8,
      17.6,
      6.0,
      8.8,
      8.9,
      5.3,
      15.2,
      7.7,
      10.8,
      12.5,
      17.8,
      12.2,
      28.3,
      7.9,
      69.8,
      15.4,
      25.7,
      45.6,
      7.9,
      59.1,
      33.8,
      11.3,
      7.9,
      15.8,
      93.9,
      9.0,
      8.8,
      19.3,
      9.8,
      31.0,
      58.8
    ],
    [
      15.4,
      11.8,
      0.0,
      26.7,
      11.3,
      3.1,
      21.8,
      33.2,
      17.5,
      29.2,
      24.2,
      7.8,
      22.5,
      5.0,
      10.1,
      5.5,
      4.8,
      3.3,
      76.4,
      4.8,
      4.0,
      48.6,
      18.4,
      4.6,
      4.3,
      8.8,
      3.5,
      15.2,
      7.2,
      3.9,
      4.5,
      13.0,
      1.5,
      6.8,
      4.9,
      3.7,
      3.8,
      2.8,
      20.7,
      20.5,
      83.2,
      6.0,
      23.0,
      33.6,
      10.0,
      45.0,
      25.5,
      11.5,
      10.0,
      12.2,
      81.1,
      3.8,
      4.2,
      16.0,
      3.8,
      18.4,
      44.6
    ],
    [
      16.8,
      37.2,
      26.7,
      0.0,
      16.4,
      25.5,
      1.9,
      21.8,
      27.7,
      0.6,
      1.3,
      21.0,
      0.8,
      21.2,
      18.2,
      20.7,
      24.6,
      24.8,
      55.7,
      22.4,
      27.1,
      24.3,
      17.3,
      24.7,
      21.8,
      30.1,
      25.4,
      15.3,
      34.8,
      24.2,
      26.3,
      32.7,
      26.6,
      24.0,
      23.2,
      23.9,
      24.5,
      23.0,
      2.4,
      40.8,
      87.2,
      23.6,
      25.3,
      13.8,
      28.8,
      33.6,
      17.3,
      19.2,
      28.8,
      18.5,
      62.0,
      25.0,
      24.2,
      21.7,
      27.1,
      32.8,
      33.2
    ],
    [
      4.6,
      15.3,
      11.3,
      16.4,
      0.0,
      10.1,
      19.0,
      37.2,
      15.2,
      20.0,
      18.1,
      6.1,
      17.9,
      8.9,
      2.6,
      8.6,
      11.4,
      10.5,
      64.7,
      9.0,
      12.0,
      42.1,
      7.5,
      14.9,
      10.8,
      9.9,
      10.0,
      5.2,
      13.8,
      12.0,
      11.2,
      12.6,
      16.8,
      8.9,
      7.9,
      14.3,
      13.8,
      13.5,
      16.1,
      26.9,
      73.3,
      8.1,
      14.2,
      27.9,
      8.6,
      49.0,
      16.2,
      6.2,
      8.6,
      4.8,
      76.3,
      9.7,
      11.9,
      5.9,
      12.0,
      32.2,
      48.6
    ],
    [
      13.6,
      10.3,
      3.1,
      25.5,
      10.1,
      0.0,
      20.2,
      33.3,
      17.2,
      27.6,
      25.0,
      5.4,
      25.7,
      2.5,
      7.7,
      2.9,
      2.2,
      0.6,
      71.5,
      2.4,
      2.0,
      48.9,
      16.0,
      5.5,
      0.8,
      6.4,
      0.85,
      12.8,
      5.2,
      1.9,
      3.4,
      11.0,
      3.4,
      4.4,
      2.4,
      2.5,
      3.2,
      2.9,
      19.2,
      18.1,
      80.8,
      3.4,
      20.6,
      34.8,
      6.9,
      45.2,
      23.0,
      9.1,
      7.0,
      7.4,
      83.2,
      1.8,
      2.2,
      13.6,
      3.2,
      27.2,
      44.7
    ],
    [
      17.3,
      37.7,
      21.8,
      1.9,
      19.0,
      20.2,
      0.0,
      23.1,
      29.1,
      6.6,
      2.5,
      22.4,
      1.1,
      18.3,
      19.6,
      17.8,
      22.0,
      22.2,
      49.1,
      19.6,
      26.4,
      25.7,
      18.7,
      21.8,
      18.9,
      31.4,
      21.3,
      16.7,
      36.2,
      20.0,
      25.6,
      28.7,
      23.8,
      23.3,
      19.2,
      21.3,
      25.9,
      20.4,
      1.1,
      42.1,
      88.5,
      17.7,
      26.6,
      15.0,
      30.1,
      35.0,
      18.6,
      20.5,
      30.1,
      17.6,
      63.4,
      20.1,
      20.0,
      23.1,
      26.4,
      34.1,
      34.5
    ],
    [
      39.8,
      50.7,
      33.2,
      21.8,
      37.2,
      33.3,
      23.1,
      0.0,
      48.5,
      20.7,
      22.9,
      37.7,
      22.4,
      32.5,
      39.3,
      32.7,
      32.6,
      32.8,
      46.8,
      36.5,
      35.0,
      42.6,
      38.4,
      30.4,
      33.6,
      38.4,
      34.4,
      36.4,
      38.4,
      36.1,
      35.3,
      44.4,
      32.4,
      36.5,
      35.4,
      31.9,
      30.3,
      31.1,
      20.0,
      58.4,
      108.0,
      32.5,
      46.5,
      13.0,
      40.5,
      9.4,
      42.2,
      38.5,
      40.4,
      37.0,
      51.5,
      34.8,
      36.1,
      42.5,
      35.1,
      34.7,
      13.5
    ],
    [
      15.2,
      16.1,
      17.5,
      27.7,
      15.2,
      17.2,
      29.1,
      48.5,
      0.0,
      28.3,
      24.9,
      8.9,
      25.6,
      16.9,
      14.7,
      16.0,
      16.7,
      15.7,
      71.5,
      13.9,
      14.1,
      47.0,
      15.9,
      22.2,
      16.0,
      10.8,
      16.0,
      18.1,
      13.3,
      14.1,
      13.4,
      13.5,
      19.4,
      11.0,
      12.9,
      17.9,
      22.1,
      19.2,
      26.2,
      18.8,
      65.2,
      15.6,
      18.8,
      34.7,
      9.6,
      61.2,
      22.9,
      8.0,
      9.5,
      13.3,
      83.1,
      14.3,
      14.1,
      12.4,
      14.1,
      37.0,
      60.7
    ],
    [
      18.7,
      39.1,
      29.2,
      0.6,
      20.0,
      27.6,
      6.6,
      20.7,
      28.3,
      0.0,
      3.7,
      22.0,
      3.3,
      22.1,
      19.1,
      21.6,
      26.2,
      26.4,
      55.9,
      23.4,
      28.1,
      24.5,
      18.2,
      24.0,
      22.7,
      31.0,
      26.3,
      16.2,
      35.8,
      25.2,
      27.3,
      33.7,
      25.9,
      25.0,
      24.2,
      25.5,
      23.8,
      24.6,
      5.2,
      41.7,
      88.1,
      24.6,
      26.2,
      14.0,
      29.7,
      32.9,
      19.2,
      20.1,
      29.7,
      19.5,
      69.0,
      26.0,
      25.2,
      22.7,
      28.1,
      30.3,
      32.5
    ],
    [
      15.3,
      35.8,
      24.2,
      1.3,
      18.1,
      25.0,
      2.5,
      22.9,
      24.9,
      3.7,
      0.0,
      21.9,
      1.4,
      22.0,
      19.1,
      21.6,
      25.4,
      25.6,
      46.7,
      23.3,
      28.0,
      22.8,
      18.2,
      25.5,
      22.7,
      28.3,
      26.2,
      16.2,
      33.1,
      25.1,
      27.2,
      31.0,
      27.5,
      24.9,
      24.1,
      24.7,
      25.4,
      23.9,
      3.0,
      39.0,
      85.4,
      24.5,
      26.1,
      12.7,
      27.0,
      34.5,
      17.5,
      20.0,
      27.0,
      19.4,
      60.5,
      25.9,
      25.1,
      20.0,
      28.0,
      33.6,
      34.0
    ],
    [
      9.2,
      9.6,
      7.8,
      21.0,
      6.1,
      5.4,
      22.4,
      37.7,
      8.9,
      22.0,
      21.9,
      0.0,
      22.7,
      9.5,
      4.7,
      7.8,
      9.3,
      7.6,
      67.8,
      6.0,
      6.7,
      43.8,
      13.4,
      14.8,
      7.9,
      4.6,
      7.1,
      8.6,
      8.5,
      6.7,
      5.9,
      7.3,
      12.0,
      3.6,
      4.9,
      10.5,
      14.6,
      9.4,
      18.0,
      21.4,
      74.2,
      7.4,
      18.2,
      31.8,
      3.3,
      50.0,
      21.7,
      3.4,
      3.3,
      6.8,
      79.4,
      6.8,
      6.6,
      11.9,
      6.7,
      31.3,
      49.6
    ],
    [
      16.0,
      36.5,
      22.5,
      0.8,
      17.9,
      25.7,
      1.1,
      22.4,
      25.6,
      3.3,
      1.4,
      22.7,
      0.0,
      21.6,
      18.6,
      21.1,
      25.0,
      25.2,
      48.0,
      22.9,
      27.6,
      24.7,
      17.7,
      25.1,
      22.2,
      30.5,
      25.8,
      15.7,
      35.3,
      24.6,
      26.8,
      33.2,
      27.1,
      24.4,
      23.6,
      24.3,
      25.0,
      23.4,
      1.7,
      41.2,
      87.6,
      24.0,
      25.7,
      13.9,
      29.2,
      34.0,
      17.7,
      19.6,
      29.2,
      18.9,
      62.4,
      25.5,
      24.6,
      22.2,
      27.5,
      33.2,
      33.6
    ],
    [
      12.6,
      11.5,
      5.0,
      21.2,
      8.9,
      2.5,
      18.3,
      32.5,
      16.9,
      22.1,
      22.0,
      9.5,
      21.6,
      0.0,
      8.2,
      0.45,
      0.23,
      2.6,
      68.5,
      1.8,
      3.5,
      45.9,
      17.0,
      3.8,
      1.5,
      6.8,
      2.1,
      8.9,
      6.7,
      3.7,
      4.8,
      12.5,
      4.1,
      6.2,
      2.7,
      2.5,
      3.6,
      3.3,
      15.6,
      19.6,
      82.3,
      0.85,
      21.0,
      28.9,
      10.5,
      43.5,
      20.9,
      10.3,
      10.5,
      5.2,
      79.5,
      3.5,
      4.2,
      14.0,
      4.6,
      21.9,
      43.0
    ],
    [
      6.4,
      13.7,
      10.1,
      18.2,
      2.6,
      7.7,
      19.6,
      39.3,
      14.7,
      19.1,
      19.1,
      4.7,
      18.6,
      8.2,
      0.0,
      7.8,
      10.4,
      9.6,
      65.1,
      8.0,
      10.9,
      42.5,
      8.7,
      14.1,
      9.9,
      8.8,
      9.1,
      6.3,
      12.6,
      8.0,
      10.1,
      11.5,
      16.1,
      7.8,
      7.0,
      13.6,
      13.1,
      12.7,
      17.3,
      26.2,
      72.6,
      7.4,
      14.1,
      28.4,
      7.5,
      50.1,
      16.6,
      3.6,
      7.5,
      5.1,
      76.7,
      8.8,
      8.0,
      7.1,
      10.9,
      33.4,
      49.7
    ],
    [
      12.3,
      11.9,
      5.5,
      20.7,
      8.6,
      2.9,
      17.8,
      32.7,
      16.0,
      21.6,
      21.6,
      7.8,
      21.1,
      0.45,
      7.8,
      0.0,
      0.7,
      2.7,
      69.0,
      1.8,
      3.6,
      46.4,
      16.4,
      3.3,
      1.7,
      6.7,
      2.2,
      12.0,
      6.8,
      3.8,
      5.0,
      12.6,
      4.3,
      4.4,
      2.7,
      2.0,
      3.1,
      2.8,
      16.0,
      19.7,
      82.4,
      0.45,
      21.0,
      29.3,
      10.4,
      43.9,
      21.4,
      10.1,
      10.4,
      5.2,
      80.0,
      3.7,
      4.3,
      14.0,
      4.8,
      22.4,
      43.5
    ],
    [
      14.9,
      11.2,
      4.8,
      24.6,
      11.4,
      2.2,
      22.0,
      32.6,
      16.7,
      26.2,
      25.4,
      9.3,
      25.0,
      0.23,
      10.4,
      0.7,
      0.0,
      2.9,
      68.8,
      2.1,
      3.2,
      46.2,
      17.4,
      3.1,
      1.6,
      9.7,
      1.8,
      11.7,
      6.4,
      3.5,
      4.6,
      12.2,
      3.9,
      6.0,
      3.9,
      1.8,
      2.9,
      2.6,
      15.8,
      19.3,
      82.0,
      1.2,
      22.0,
      29.1,
      9.3,
      43.7,
      21.2,
      10.5,
      9.4,
      5.2,
      79.8,
      3.3,
      4.0,
      15.0,
      4.4,
      22.1,
      43.3
    ],
    [
      14.0,
      10.2,
      3.3,
      24.8,
      10.5,
      0.6,
      22.2,
      32.8,
      15.7,
      26.4,
      25.6,
      7.6,
      25.2,
      2.6,
      9.6,
      2.7,
      2.9,
      0.0,
      72.5,
      3.4,
      2.5,
      49.9,
      17.0,
      5.1,
      1.3,
      7.3,
      2.0,
      13.8,
      5.7,
      2.5,
      3.5,
      11.5,
      3.2,
      5.4,
      3.4,
      2.4,
      3.0,
      2.7,
      20.2,
      18.6,
      81.3,
      4.5,
      21.5,
      35.8,
      7.9,
      44.6,
      24.0,
      10.1,
      8.0,
      8.4,
      80.7,
      2.4,
      2.7,
      14.5,
      3.3,
      27.6,
      44.2
    ],
    [
      58.9,
      86.3,
      76.4,
      55.7,
      64.7,
      71.5,
      49.1,
      46.8,
      71.5,
      55.9,
      46.7,
      67.8,
      48.0,
      68.5,
      65.1,
      69.0,
      68.8,
      72.5,
      0.0,
      72.4,
      83.8,
      42.7,
      59.9,
      73.7,
      77.0,
      80.5,
      73.5,
      64.0,
      87.4,
      83.8,
      83.0,
      83.2,
      75.7,
      80.7,
      71.3,
      75.2,
      73.6,
      74.4,
      58.6,
      90.1,
      132.0,
      71.8,
      59.3,
      38.9,
      79.2,
      53.9,
      50.0,
      76.1,
      79.2,
      70.7,
      27.3,
      73.2,
      83.8,
      60.7,
      83.8,
      78.2,
      53.5
    ],
    [
      12.5,
      9.6,
      4.8,
      22.4,
      9.0,
      2.4,
      19.6,
      36.5,
      13.9,
      23.4,
      23.3,
      6.0,
      22.9,
      1.8,
      8.0,
      1.8,
      2.1,
      3.4,
      72.4,
      0.0,
      3.0,
      48.9,
      15.9,
      5.6,
      1.0,
      6.3,
      1.1,
      12.7,
      5.1,
      3.2,
      4.3,
      12.0,
      4.3,
      3.4,
      1.0,
      3.4,
      4.1,
      3.8,
      17.4,
      19.1,
      81.8,
      1.6,
      20.5,
      34.7,
      6.9,
      48.2,
      23.0,
      9.0,
      6.9,
      5.7,
      83.1,
      3.0,
      3.7,
      13.5,
      4.2,
      28.8,
      47.7
    ],
    [
      15.3,
      8.7,
      4.0,
      27.1,
      12.0,
      2.0,
      26.4,
      35.0,
      14.1,
      28.1,
      28.0,
      6.7,
      27.6,
      3.5,
      10.9,
      3.6,
      3.2,
      2.5,
      83.8,
      3.0,
      0.0,
      55.5,
      16.7,
      6.5,
      1.8,
      7.4,
      1.8,
      13.5,
      4.1,
      0.95,
      0.8,
      10.0,
      4.6,
      3.7,
      3.2,
      3.8,
      4.4,
      4.4,
      18.3,
      17.0,
      79.7,
      3.7,
      21.3,
      35.5,
      7.0,
      44.8,
      23.8,
      9.5,
      7.1,
      8.1,
      83.9,
      0.75,
      1.1,
      14.3,
      2.1,
      27.5,
      44.4
    ],
    [
      36.3,
      53.6,
      48.6,
      24.3,
      42.1,
      48.9,
      25.7,
      42.6,
      47.0,
      24.5,
      22.8,
      43.8,
      24.7,
      45.9,
      42.5,
      46.4,
      46.2,
      49.9,
      42.7,
      48.9,
      55.5,
      0.0,
      37.2,
      45.2,
      48.4,
      46.3,
      49.1,
      36.1,
      53.2,
      49.6,
      48.8,
      49.0,
      47.2,
      46.5,
      48.4,
      46.7,
      45.1,
      45.8,
      25.6,
      55.9,
      97.7,
      47.3,
      25.0,
      16.3,
      45.1,
      46.5,
      29.5,
      41.9,
      45.0,
      39.3,
      54.0,
      49.8,
      49.6,
      33.1,
      49.6,
      49.4,
      46.0
    ],
    [
      0.06,
      26.7,
      18.4,
      17.3,
      7.5,
      16.0,
      18.7,
      38.4,
      15.9,
      18.2,
      18.2,
      13.4,
      17.7,
      17.0,
      8.7,
      16.4,
      17.4,
      17.0,
      59.9,
      15.9,
      16.7,
      37.2,
      0.0,
      14.6,
      10.6,
      12.7,
      13.4,
      2.2,
      17.1,
      12.3,
      14.5,
      15.4,
      16.6,
      12.2,
      11.3,
      14.1,
      13.5,
      13.2,
      14.3,
      29.3,
      75.8,
      11.7,
      17.3,
      26.3,
      11.5,
      47.2,
      14.5,
      7.2,
      11.4,
      6.3,
      71.7,
      13.1,
      12.3,
      8.2,
      15.3,
      30.4,
      46.7
    ],
    [
      18.6,
      18.0,
      4.6,
      24.7,
      14.9,
      5.5,
      21.8,
      30.4,
      22.2,
      24.0,
      25.5,
      14.8,
      25.1,
      3.8,
      14.1,
      3.3,
      3.1,
      5.1,
      73.7,
      5.6,
      6.5,
      45.2,
      14.6,
      0.0,
      4.5,
      10.5,
      5.2,
      13.5,
      8.3,
      5.8,
      6.2,
      14.8,
      5.7,
      8.5,
      6.6,
      1.6,
      2.2,
      1.9,
      18.9,
      23.6,
      86.3,
      3.0,
      22.5,
      30.4,
      11.9,
      41.9,
      24.2,
      13.2,
      11.9,
      7.1,
      78.0,
      5.7,
      6.0,
      15.5,
      6.0,
      19.7,
      41.5
    ],
    [
      14.3,
      10.3,
      4.3,
      21.8,
      10.8,
      0.8,
      18.9,
      33.6,
      16.0,
      22.7,
      22.7,
      7.9,
      22.2,
      1.5,
      9.9,
      1.7,
      1.6,
      1.3,
      77.0,
      1.0,
      1.8,
      48.4,
      10.6,
      4.5,
      0.0,
      6.2,
      0.35,
      12.7,
      5.1,
      2.2,
      3.3,
      11.0,
      4.0,
      4.3,
      2.3,
      3.6,
      4.2,
      3.5,
      19.1,
      18.0,
      80.7,
      3.0,
      20.4,
      34.7,
      6.8,
      48.1,
      22.9,
      9.0,
      6.9,
      7.2,
      83.1,
      2.0,
      2.7,
      13.4,
      3.1,
      28.9,
      47.7
    ],
    [
      17.5,
      8.2,
      8.8,
      30.1,
      9.9,
      6.4,
      31.4,
      38.4,
      10.8,
      31.0,
      28.3,
      4.6,
      30.5,
      6.8,
      8.8,
      6.7,
      9.7,
      7.3,
      80.5,
      6.3,
      7.4,
      46.3,
      12.7,
      10.5,
      6.2,
      0.0,
      6.7,
      12.0,
      4.2,
      4.0,
      4.8,
      5.9,
      10.9,
      2.4,
      4.3,
      9.3,
      13.5,
      12.2,
      22.7,
      15.6,
      76.1,
      6.8,
      20.1,
      37.7,
      2.0,
      50.1,
      23.5,
      5.7,
      2.0,
      10.2,
      81.3,
      4.1,
      4.0,
      13.7,
      5.6,
      30.3,
      49.7
    ],
    [
      13.5,
      10.8,
      3.5,
      25.4,
      10.0,
      0.85,
      21.3,
      34.4,
      16.0,
      26.3,
      26.2,
      7.1,
      25.8,
      2.1,
      9.1,
      2.2,
      1.8,
      2.0,
      73.5,
      1.1,
      1.8,
      49.1,
      13.4,
      5.2,
      0.35,
      6.7,
      0.0,
      12.5,
      5.0,
      2.0,
      3.2,
      10.8,
      3.8,
      4.2,
      2.2,
      3.4,
      4.1,
      3.3,
      18.9,
      17.9,
      80.6,
      2.1,
      20.3,
      34.5,
      6.7,
      48.0,
      22.8,
      8.8,
      6.7,
      7.1,
      82.9,
      1.9,
      2.5,
      13.3,
      3.0,
      28.8,
      47.5
    ],
    [
      3.5,
      17.6,
      15.2,
      15.3,
      5.2,
      12.8,
      16.7,
      36.4,
      18.1,
      16.2,
      16.2,
      8.6,
      15.7,
      8.9,
      6.3,
      12.0,
      11.7,
      13.8,
      64.0,
      12.7,
      13.5,
      36.1,
      2.2,
      13.5,
      12.7,
      12.0,
      12.5,
      0.0,
      15.7,
      13.9,
      13.2,
      14.6,
      15.2,
      10.9,
      9.9,
      12.7,
      12.2,
      11.8,
      15.0,
      30.4,
      76.8,
      8.9,
      17.3,
      27.3,
      10.6,
      47.9,
      15.6,
      8.1,
      10.6,
      4.9,
      72.8,
      11.7,
      13.9,
      9.8,
      14.0,
      31.1,
      47.4
    ],
    [
      22.3,
      6.0,
      7.2,
      34.8,
      13.8,
      5.2,
      36.2,
      38.4,
      13.3,
      35.8,
      33.1,
      8.5,
      35.3,
      6.7,
      12.6,
      6.8,
      6.4,
      5.7,
      87.4,
      5.1,
      4.1,
      53.2,
      17.1,
      8.3,
      5.1,
      4.2,
      5.0,
      15.7,
      0.0,
      3.4,
      3.4,
      7.2,
      9.8,
      2.2,
      4.1,
      8.0,
      12.4,
      7.7,
      24.7,
      13.5,
      75.9,
      5.3,
      26.1,
      40.1,
      4.2,
      56.3,
      28.3,
      7.6,
      4.3,
      12.2,
      88.8,
      3.5,
      3.4,
      17.7,
      4.2,
      28.2,
      56.0
    ],
    [
      12.4,
      8.8,
      3.9,
      24.2,
      12.0,
      1.9,
      20.0,
      36.1,
      14.1,
      25.2,
      25.1,
      6.7,
      24.6,
      3.7,
      8.0,
      3.8,
      3.5,
      2.5,
      83.8,
      3.2,
      0.95,
      49.6,
      12.3,
      5.8,
      2.2,
      4.0,
      2.0,
      13.9,
      3.4,
      0.0,
      2.4,
      9.9,
      5.3,
      3.0,
      2.3,
      5.2,
      5.6,
      4.8,
      19.0,
      16.9,
      79.6,
      3.6,
      30.0,
      35.6,
      6.9,
      48.1,
      23.8,
      8.8,
      7.0,
      7.2,
      84.1,
      0.16,
      0.24,
      14.3,
      2.3,
      27.8,
      47.6
    ],
    [
      14.5,
      8.9,
      4.5,
      26.3,
      11.2,
      3.4,
      25.6,
      35.3,
      13.4,
      27.3,
      27.2,
      5.9,
      26.8,
      4.8,
      10.1,
      5.0,
      4.6,
      3.5,
      83.0,
      4.3,
      0.8,
      48.8,
      14.5,
      6.2,
      3.3,
      4.8,
      3.2,
      13.2,
      3.4,
      2.4,
      0.0,
      9.7,
      4.8,
      3.5,
      4.0,
      4.6,
      5.3,
      5.8,
      19.1,
      16.8,
      79.5,
      4.5,
      29.9,
      36.3,
      6.8,
      45.8,
      24.6,
      9.3,
      6.9,
      11.0,
      81.9,
      1.1,
      1.5,
      21.5,
      1.0,
      27.7,
      45.4
    ],
    [
      20.2,
      5.3,
      13.0,
      32.7,
      12.6,
      11.0,
      28.7,
      44.4,
      13.5,
      33.7,
      31.0,
      7.3,
      33.2,
      12.5,
      11.5,
      12.6,
      12.2,
      11.5,
      83.2,
      12.0,
      10.0,
      49.0,
      15.4,
      14.8,
      11.0,
      5.9,
      10.8,
      14.6,
      7.2,
      9.9,
      9.7,
      0.0,
      15.3,
      6.9,
      8.8,
      14.6,
      18.0,
      14.4,
      26.0,
      12.5,
      74.4,
      11.2,
      24.0,
      41.6,
      4.2,
      61.2,
      27.4,
      9.0,
      4.4,
      13.5,
      85.1,
      9.1,
      9.0,
      17.6,
      10.0,
      33.1,
      60.9
    ],
    [
      20.5,
      15.2,
      1.5,
      26.6,
      16.8,
      3.4,
      23.8,
      32.4,
      19.4,
      25.9,
      27.5,
      12.0,
      27.1,
      4.1,
      16.1,
      4.3,
      3.9,
      3.2,
      75.7,
      4.3,
      4.6,
      47.2,
      16.6,
      5.7,
      4.0,
      10.9,
      3.8,
      15.2,
      9.8,
      5.3,
      4.8,
      15.3,
      0.0,
      9.2,
      6.2,
      2.9,
      1.9,
      2.8,
      19.8,
      21.2,
      83.9,
      5.6,
      26.2,
      30.8,
      12.3,
      42.3,
      25.1,
      15.1,
      12.3,
      11.3,
      78.4,
      5.2,
      5.5,
      19.2,
      5.1,
      18.4,
      41.9
    ],
    [
      12.2,
      7.7,
      6.8,
      24.0,
      8.9,
      4.4,
      23.3,
      36.5,
      11.0,
      25.0,
      24.9,
      3.6,
      24.4,
      6.2,
      7.8,
      4.4,
      6.0,
      5.4,
      80.7,
      3.4,
      3.7,
      46.5,
      12.2,
      8.5,
      4.3,
      2.4,
      4.2,
      10.9,
      2.2,
      3.0,
      3.5,
      6.9,
      9.2,
      0.0,
      2.3,
      7.1,
      11.3,
      8.4,
      19.1,
      18.0,
      80.7,
      4.8,
      20.8,
      34.7,
      2.7,
      48.1,
      23.0,
      6.4,
      2.7,
      7.2,
      84.2,
      3.5,
      3.3,
      14.4,
      3.4,
      28.9,
      47.7
    ],
    [
      11.4,
      10.8,
      4.9,
      23.2,
      7.9,
      2.4,
      19.2,
      35.4,
      12.9,
      24.2,
      24.1,
      4.9,
      23.6,
      2.7,
      7.0,
      2.7,
      3.9,
      3.4,
      71.3,
      1.0,
      3.2,
      48.4,
      11.3,
      6.6,
      2.3,
      4.3,
      2.2,
      9.9,
      4.1,
      2.3,
      4.0,
      8.8,
      6.2,
      2.3,
      0.0,
      4.2,
      4.9,
      4.5,
      17.8,
      20.3,
      77.7,
      2.2,
      19.2,
      33.4,
      5.6,
      46.9,
      21.7,
      7.7,
      5.6,
      6.0,
      81.8,
      2.3,
      2.2,
      12.2,
      6.7,
      24.6,
      46.4
    ],
    [
      18.0,
      12.5,
      3.7,
      23.9,
      14.3,
      2.5,
      21.3,
      31.9,
      17.9,
      25.5,
      24.7,
      10.5,
      24.3,
      2.5,
      13.6,
      2.0,
      1.8,
      2.4,
      75.2,
      3.4,
      3.8,
      46.7,
      14.1,
      1.6,
      3.6,
      9.3,
      3.4,
      12.7,
      8.0,
      5.2,
      4.6,
      14.6,
      2.9,
      7.1,
      4.2,
      0.0,
      1.2,
      1.0,
      18.2,
      20.4,
      83.1,
      2.5,
      24.7,
      31.1,
      14.1,
      42.5,
      23.5,
      11.8,
      14.1,
      9.7,
      78.6,
      4.4,
      4.7,
      17.7,
      4.7,
      19.8,
      42.1
    ],
    [
      17.5,
      17.8,
      3.8,
      24.5,
      13.8,
      3.2,
      25.9,
      30.3,
      22.1,
      23.8,
      25.4,
      14.6,
      25.0,
      3.6,
      13.1,
      3.1,
      2.9,
      3.0,
      73.6,
      4.1,
      4.4,
      45.1,
      13.5,
      2.2,
      4.2,
      13.5,
      4.1,
      12.2,
      12.4,
      5.6,
      5.3,
      18.0,
      1.9,
      11.3,
      4.9,
      1.2,
      0.0,
      0.025,
      18.9,
      22.8,
      85.5,
      3.4,
      23.2,
      31.8,
      10.2,
      43.2,
      24.2,
      11.7,
      10.2,
      10.4,
      79.3,
      4.2,
      4.5,
      16.2,
      4.5,
      18.5,
      42.8
    ],
    [
      17.2,
      12.2,
      2.8,
      23.0,
      13.5,
      2.9,
      20.4,
      31.1,
      19.2,
      24.6,
      23.9,
      9.4,
      23.4,
      3.3,
      12.7,
      2.8,
      2.6,
      2.7,
      74.4,
      3.8,
      4.4,
      45.8,
      13.2,
      1.9,
      3.5,
      12.2,
      3.3,
      11.8,
      7.7,
      4.8,
      5.8,
      14.4,
      2.8,
      8.4,
      4.5,
      1.0,
      0.025,
      0.0,
      18.0,
      23.4,
      86.1,
      3.3,
      24.5,
      30.8,
      13.9,
      42.3,
      23.3,
      15.8,
      13.9,
      9.5,
      78.4,
      5.7,
      6.0,
      17.5,
      6.0,
      19.6,
      41.9
    ],
    [
      16.6,
      28.3,
      20.7,
      2.4,
      16.1,
      19.2,
      1.1,
      20.0,
      26.2,
      5.2,
      3.0,
      18.0,
      1.7,
      15.6,
      17.3,
      16.0,
      15.8,
      20.2,
      58.6,
      17.4,
      18.3,
      25.6,
      14.3,
      18.9,
      19.1,
      22.7,
      18.9,
      15.0,
      24.7,
      19.0,
      19.1,
      26.0,
      19.8,
      19.1,
      17.8,
      18.2,
      18.9,
      18.0,
      0.0,
      40.1,
      86.6,
      16.7,
      24.6,
      15.3,
      22.0,
      35.7,
      21.6,
      18.0,
      22.0,
      16.7,
      64.6,
      19.1,
      19.0,
      21.1,
      25.4,
      35.4,
      35.2
    ],
    [
      28.2,
      7.9,
      20.5,
      40.8,
      26.9,
      18.1,
      42.1,
      58.4,
      18.8,
      41.7,
      39.0,
      21.4,
      41.2,
      19.6,
      26.2,
      19.7,
      19.3,
      18.6,
      90.1,
      19.1,
      17.0,
      55.9,
      29.3,
      23.6,
      18.0,
      15.6,
      17.9,
      30.4,
      13.5,
      16.9,
      16.8,
      12.5,
      21.2,
      18.0,
      20.3,
      20.4,
      22.8,
      23.4,
      40.1,
      0.0,
      65.8,
      24.9,
      32.8,
      48.7,
      16.2,
      66.5,
      36.9,
      19.0,
      16.2,
      30.0,
      97.1,
      21.3,
      21.1,
      26.4,
      18.0,
      38.3,
      66.1
    ],
    [
      74.6,
      69.8,
      83.2,
      87.2,
      73.3,
      80.8,
      88.5,
      108.0,
      65.2,
      88.1,
      85.4,
      74.2,
      87.6,
      82.3,
      72.6,
      82.4,
      82.0,
      81.3,
      132.0,
      81.8,
      79.7,
      97.7,
      75.8,
      86.3,
      80.7,
      76.1,
      80.6,
      76.8,
      75.9,
      79.6,
      79.5,
      74.4,
      83.9,
      80.7,
      77.7,
      83.1,
      85.5,
      86.1,
      86.6,
      65.8,
      0.0,
      78.2,
      78.6,
      94.5,
      74.8,
      121.0,
      82.8,
      71.7,
      74.8,
      77.1,
      145.0,
      83.2,
      83.1,
      72.3,
      80.0,
      100.0,
      121.0
    ],
    [
      11.8,
      15.4,
      6.0,
      23.6,
      8.1,
      3.4,
      17.7,
      32.5,
      15.6,
      24.6,
      24.5,
      7.4,
      24.0,
      0.85,
      7.4,
      0.45,
      1.2,
      4.5,
      71.8,
      1.6,
      3.7,
      47.3,
      11.7,
      3.0,
      3.0,
      6.8,
      2.1,
      8.9,
      5.3,
      3.6,
      4.5,
      11.2,
      5.6,
      4.8,
      2.2,
      2.5,
      3.4,
      3.3,
      16.7,
      24.9,
      78.2,
      0.0,
      19.5,
      29.2,
      9.0,
      47.9,
      21.2,
      10.9,
      9.0,
      4.1,
      80.5,
      4.3,
      5.0,
      12.5,
      5.5,
      22.7,
      47.5
    ],
    [
      16.2,
      25.7,
      23.0,
      25.3,
      14.2,
      20.6,
      26.6,
      46.5,
      18.8,
      26.2,
      26.1,
      18.2,
      25.7,
      21.0,
      14.1,
      21.0,
      22.0,
      21.5,
      59.3,
      20.5,
      21.3,
      25.0,
      17.3,
      22.5,
      20.4,
      20.1,
      20.3,
      17.3,
      26.1,
      30.0,
      29.9,
      24.0,
      26.2,
      20.8,
      19.2,
      24.7,
      23.2,
      24.5,
      24.6,
      32.8,
      78.6,
      19.5,
      0.0,
      34.6,
      20.4,
      57.2,
      21.0,
      17.2,
      20.4,
      19.4,
      69.7,
      25.1,
      24.9,
      10.1,
      25.0,
      43.1,
      56.7
    ],
    [
      25.1,
      45.6,
      33.6,
      13.8,
      27.9,
      34.8,
      15.0,
      13.0,
      34.7,
      14.0,
      12.7,
      31.8,
      13.9,
      28.9,
      28.4,
      29.3,
      29.1,
      35.8,
      38.9,
      34.7,
      35.5,
      16.3,
      26.3,
      30.4,
      34.7,
      37.7,
      34.5,
      27.3,
      40.1,
      35.6,
      36.3,
      41.6,
      30.8,
      34.7,
      33.4,
      31.1,
      31.8,
      30.8,
      15.3,
      48.7,
      94.5,
      29.2,
      34.6,
      0.0,
      33.2,
      27.0,
      18.8,
      29.5,
      33.2,
      27.1,
      52.4,
      33.0,
      32.2,
      26.2,
      35.1,
      34.0,
      26.5
    ],
    [
      16.2,
      7.9,
      10.0,
      28.8,
      8.6,
      6.9,
      30.1,
      40.5,
      9.6,
      29.7,
      27.0,
      3.3,
      29.2,
      10.5,
      7.5,
      10.4,
      9.3,
      7.9,
      79.2,
      6.9,
      7.0,
      45.1,
      11.5,
      11.9,
      6.8,
      2.0,
      6.7,
      10.6,
      4.2,
      6.9,
      6.8,
      4.2,
      12.3,
      2.7,
      5.6,
      14.1,
      10.2,
      13.9,
      22.0,
      16.2,
      74.8,
      9.0,
      20.4,
      33.2,
      0.0,
      57.1,
      23.2,
      5.3,
      0.35,
      9.8,
      80.9,
      4.9,
      4.8,
      13.4,
      5.8,
      28.9,
      56.8
    ],
    [
      51.6,
      59.1,
      45.0,
      33.6,
      49.0,
      45.2,
      35.0,
      9.4,
      61.2,
      32.9,
      34.5,
      50.0,
      34.0,
      43.5,
      50.1,
      43.9,
      43.7,
      44.6,
      53.9,
      48.2,
      44.8,
      46.5,
      47.2,
      41.9,
      48.1,
      50.1,
      48.0,
      47.9,
      56.3,
      48.1,
      45.8,
      61.2,
      42.3,
      48.1,
      46.9,
      42.5,
      43.2,
      42.3,
      35.7,
      66.5,
      121.0,
      47.9,
      57.2,
      27.0,
      57.1,
      0.0,
      48.4,
      51.4,
      53.3,
      49.9,
      58.3,
      48.0,
      49.0,
      55.3,
      48.4,
      34.8,
      4.3
    ],
    [
      13.4,
      33.8,
      25.5,
      17.3,
      16.2,
      23.0,
      18.6,
      42.2,
      22.9,
      19.2,
      17.5,
      21.7,
      17.7,
      20.9,
      16.6,
      21.4,
      21.2,
      24.0,
      50.0,
      23.0,
      23.8,
      29.5,
      14.5,
      24.2,
      22.9,
      23.5,
      22.8,
      15.6,
      28.3,
      23.8,
      24.6,
      27.4,
      25.1,
      23.0,
      21.7,
      23.5,
      24.2,
      23.3,
      21.6,
      36.9,
      82.8,
      21.2,
      21.0,
      18.8,
      23.2,
      48.4,
      0.0,
      22.7,
      28.3,
      25.6,
      61.9,
      28.1,
      27.3,
      15.6,
      30.2,
      37.4,
      48.0
    ],
    [
      7.4,
      11.3,
      11.5,
      19.2,
      6.2,
      9.1,
      20.5,
      38.5,
      8.0,
      20.1,
      20.0,
      3.4,
      19.6,
      10.3,
      3.6,
      10.1,
      10.5,
      10.1,
      76.1,
      9.0,
      9.5,
      41.9,
      7.2,
      13.2,
      9.0,
      5.7,
      8.8,
      8.1,
      7.6,
      8.8,
      9.3,
      9.0,
      15.1,
      6.4,
      7.7,
      11.8,
      11.7,
      15.8,
      18.0,
      19.0,
      71.7,
      10.9,
      17.2,
      29.5,
      5.3,
      51.4,
      22.7,
      0.0,
      5.4,
      6.5,
      78.3,
      7.9,
      7.7,
      11.4,
      10.0,
      33.4,
      51.1
    ],
    [
      16.2,
      7.9,
      10.0,
      28.8,
      8.6,
      7.0,
      30.1,
      40.4,
      9.5,
      29.7,
      27.0,
      3.3,
      29.2,
      10.5,
      7.5,
      10.4,
      9.4,
      8.0,
      79.2,
      6.9,
      7.1,
      45.0,
      11.4,
      11.9,
      6.9,
      2.0,
      6.7,
      10.6,
      4.3,
      7.0,
      6.9,
      4.4,
      12.3,
      2.7,
      5.6,
      14.1,
      10.2,
      13.9,
      22.0,
      16.2,
      74.8,
      9.0,
      20.4,
      33.2,
      0.35,
      53.3,
      28.3,
      5.4,
      0.0,
      9.9,
      81.0,
      6.8,
      4.8,
      13.4,
      5.9,
      28.7,
      56.6
    ],
    [
      7.5,
      15.8,
      12.2,
      18.5,
      4.8,
      7.4,
      17.6,
      37.0,
      13.3,
      19.5,
      19.4,
      6.8,
      18.9,
      5.2,
      5.1,
      5.2,
      5.2,
      8.4,
      70.7,
      5.7,
      8.1,
      39.3,
      6.3,
      7.1,
      7.2,
      10.2,
      7.1,
      4.9,
      12.2,
      7.2,
      11.0,
      13.5,
      11.3,
      7.2,
      6.0,
      9.7,
      10.4,
      9.5,
      16.7,
      30.0,
      77.1,
      4.1,
      19.4,
      27.1,
      9.8,
      49.9,
      25.6,
      6.5,
      9.9,
      0.0,
      78.5,
      9.9,
      12.1,
      8.1,
      12.2,
      29.3,
      45.6
    ],
    [
      70.6,
      93.9,
      81.1,
      62.0,
      76.3,
      83.2,
      63.4,
      51.5,
      83.1,
      69.0,
      60.5,
      79.4,
      62.4,
      79.5,
      76.7,
      80.0,
      79.8,
      80.7,
      27.3,
      83.1,
      83.9,
      54.0,
      71.7,
      78.0,
      83.1,
      81.3,
      82.9,
      72.8,
      88.8,
      84.1,
      81.9,
      85.1,
      78.4,
      84.2,
      81.8,
      78.6,
      79.3,
      78.4,
      64.6,
      97.1,
      145.0,
      80.5,
      69.7,
      52.4,
      80.9,
      58.3,
      61.9,
      78.3,
      81.0,
      78.5,
      0.0,
      83.1,
      84.4,
      71.9,
      83.4,
      83.0,
      52.3
    ],
    [
      13.2,
      9.0,
      3.8,
      25.0,
      9.7,
      1.8,
      20.1,
      34.8,
      14.3,
      26.0,
      25.9,
      6.8,
      25.5,
      3.5,
      8.8,
      3.7,
      3.3,
      2.4,
      73.2,
      3.0,
      0.75,
      49.8,
      13.1,
      5.7,
      2.0,
      4.1,
      1.9,
      11.7,
      3.5,
      0.16,
      1.1,
      9.1,
      5.2,
      3.5,
      2.3,
      4.4,
      4.2,
      5.7,
      19.1,
      21.3,
      83.2,
      4.3,
      25.1,
      33.0,
      4.9,
      48.0,
      28.1,
      7.9,
      6.8,
      9.9,
      83.1,
      0.0,
      0.4,
      21.4,
      2.1,
      27.7,
      47.7
    ],
    [
      12.4,
      8.8,
      4.2,
      24.2,
      11.9,
      2.2,
      20.0,
      36.1,
      14.1,
      25.2,
      25.1,
      6.6,
      24.6,
      4.2,
      8.0,
      4.3,
      4.0,
      2.7,
      83.8,
      3.7,
      1.1,
      49.6,
      12.3,
      6.0,
      2.7,
      4.0,
      2.5,
      13.9,
      3.4,
      0.24,
      1.5,
      9.0,
      5.5,
      3.3,
      2.2,
      4.7,
      4.5,
      6.0,
      19.0,
      21.1,
      83.1,
      5.0,
      24.9,
      32.2,
      4.8,
      49.0,
      27.3,
      7.7,
      4.8,
      12.1,
      84.4,
      0.4,
      0.0,
      14.3,
      2.5,
      28.0,
      47.6
    ],
    [
      9.2,
      19.3,
      16.0,
      21.7,
      5.9,
      13.6,
      23.1,
      42.5,
      12.4,
      22.7,
      20.0,
      11.9,
      22.2,
      14.0,
      7.1,
      14.0,
      15.0,
      14.5,
      60.7,
      13.5,
      14.3,
      33.1,
      8.2,
      15.5,
      13.4,
      13.7,
      13.3,
      9.8,
      17.7,
      14.3,
      21.5,
      17.6,
      19.2,
      14.4,
      12.2,
      17.7,
      16.2,
      17.5,
      21.1,
      26.4,
      72.3,
      12.5,
      10.1,
      26.2,
      13.4,
      55.3,
      15.6,
      11.4,
      13.4,
      8.1,
      71.9,
      21.4,
      14.3,
      0.0,
      16.2,
      37.2,
      53.5
    ],
    [
      15.3,
      9.8,
      3.8,
      27.1,
      12.0,
      3.2,
      26.4,
      35.1,
      14.1,
      28.1,
      28.0,
      6.7,
      27.5,
      4.6,
      10.9,
      4.8,
      4.4,
      3.3,
      83.8,
      4.2,
      2.1,
      49.6,
      15.3,
      6.0,
      3.1,
      5.6,
      3.0,
      14.0,
      4.2,
      2.3,
      1.0,
      10.0,
      5.1,
      3.4,
      6.7,
      4.7,
      4.5,
      6.0,
      25.4,
      18.0,
      80.0,
      5.5,
      25.0,
      35.1,
      5.8,
      48.4,
      30.2,
      10.0,
      5.9,
      12.2,
      83.4,
      2.1,
      2.5,
      16.2,
      0.0,
      26.5,
      48.5
    ],
    [
      34.8,
      31.0,
      18.4,
      32.8,
      32.2,
      27.2,
      34.1,
      34.7,
      37.0,
      30.3,
      33.6,
      31.3,
      33.2,
      21.9,
      33.4,
      22.4,
      22.1,
      27.6,
      78.2,
      28.8,
      27.5,
      49.4,
      30.4,
      19.7,
      28.9,
      30.3,
      28.8,
      31.1,
      28.2,
      27.8,
      27.7,
      33.1,
      18.4,
      28.9,
      24.6,
      19.8,
      18.5,
      19.6,
      35.4,
      38.3,
      100.0,
      22.7,
      43.1,
      34.0,
      28.9,
      34.8,
      37.4,
      33.4,
      28.7,
      29.3,
      83.0,
      27.7,
      28.0,
      37.2,
      26.5,
      0.0,
      42.0
    ],
    [
      51.1,
      58.8,
      44.6,
      33.2,
      48.6,
      44.7,
      34.5,
      13.5,
      60.7,
      32.5,
      34.0,
      49.6,
      33.6,
      43.0,
      49.7,
      43.5,
      43.3,
      44.2,
      53.5,
      47.7,
      44.4,
      46.0,
      46.7,
      41.5,
      47.7,
      49.7,
      47.5,
      47.4,
      56.0,
      47.6,
      45.4,
      60.9,
      41.9,
      47.7,
      46.4,
      42.1,
      42.8,
      41.9,
      35.2,
      66.1,
      121.0,
      47.5,
      56.7,
      26.5,
      56.8,
      4.3,
      48.0,
      51.1,
      56.6,
      45.6,
      52.3,
      47.7,
      47.6,
      53.5,
      48.5,
      42.0,
      0.0
    ]
  ],
  "drive_time_matrix": [
    [
      0.0,
      27.0,
      30.0,
      22.0,
      11.0,
      25.0,
      27.0,
      40.0,
      20.0,
      23.0,
      21.0,
      22.0,
      23.0,
      25.0,
      14.0,
      24.0,
      27.0,
      26.0,
      57.0,
      26.0,
      25.0,
      47.0,
      1.0,
      30.0,
      27.0,
      24.0,
      25.0,
      9.0,
      28.0,
      25.0,
      23.0,
      35.0,
      33.0,
      22.0,
      22.0,
      29.0,
      30.0,
      28.0,
      27.0,
      31.0,
      69.0,
      23.0,
      22.0,
      30.0,
      20.0,
      54.0,
      22.0,
      19.0,
      20.0,
      20.0,
      56.0,
      25.0,
      25.0,
      15.0,
      26.0,
      44.0,
      54.0
    ],
    [
      27.0,
      0.0,
      27.0,
      42.0,
      26.0,
      22.0,
      46.0,
      55.0,
      24.0,
      43.0,
      41.0,
      19.0,
      42.0,
      25.0,
      23.0,
      26.0,
      23.0,
      22.0,
      75.0,
      21.0,
      18.0,
      59.0,
      32.0,
      28.0,
      24.0,
      17.0,
      23.0,
      32.0,
      11.0,
      19.0,
      18.0,
      16.0,
      29.0,
      17.0,
      21.0,
      27.0,
      29.0,
      28.0,
      43.0,
      14.0,
      65.0,
      26.0,
      36.0,
      50.0,
      16.0,
      63.0,
      41.0,
      22.0,
