{
  "drive_dist_matrix": [
    [
      0.0,
      1.9,
      6.8,
      0.8,
      0.29,
      3.2,
      1.8,
      0.12,
      3.0,
      1.0,
      1.1,
      0.55,
      10.9,
      3.0,
      3.5,
      0.27,
      1.0,
      1.1,
      9.0,
      1.6,
      4.3,
      3.0,
      5.8,
      44.9,
      1.1,
      9.8,
      62.0,
      21.3,
      0.8,
      4.7,
      1.2,
      2.3,
      17.6,
      3.0,
      37.8,
      20.0,
      2.3,
      18.8,
      0.098,
      5.8,
      8.1,
      1.9,
      13.0
    ],
    [
      1.9,
      0.0,
      4.9,
      3.1,
      3.8,
      5.3,
      2.7,
      3.7,
      5.1,
      5.7,
      5.9,
      4.7,
      10.7,
      5.1,
      5.6,
      5.3,
      2.8,
      4.5,
      11.1,
      4.1,
      4.2,
      5.1,
      3.9,
      43.0,
      4.4,
      7.8,
      64.1,
      19.4,
      3.8,
      4.6,
      2.4,
      0.85,
      18.0,
      5.1,
      35.9,
      18.1,
      3.0,
      16.9,
      3.5,
      3.9,
      6.2,
      0.007,
      11.1
    ],
    [
      6.8,
      4.9,
      0.0,
      4.6,
      5.8,
      7.3,
      4.7,
      5.7,
      7.1,
      7.7,
      7.9,
      6.7,
      7.6,
      7.1,
      7.6,
      7.3,
      4.9,
      6.5,
      13.1,
      5.5,
      5.2,
      7.1,
      2.2,
      39.9,
      6.4,
      4.8,
      66.4,
      16.3,
      5.8,
      2.6,
      4.4,
      4.0,
      17.5,
      7.1,
      32.8,
      15.0,
      4.0,
      13.8,
      5.5,
      2.2,
      3.1,
      4.6,
      8.0
    ],
    [
      0.8,
      3.1,
      4.6,
      0.0,
      0.65,
      2.3,
      0.45,
      0.85,
      2.7,
      4.0,
      4.2,
      0.23,
      10.2,
      3.4,
      2.5,
      0.9,
      0.45,
      1.6,
      9.4,
      0.9,
      3.6,
      2.7,
      3.6,
      43.4,
      0.85,
      7.7,
      62.0,
      19.8,
      1.5,
      4.0,
      0.65,
      2.4,
      16.9,
      2.7,
      36.3,
      18.5,
      1.2,
      17.3,
      0.75,
      5.9,
      5.9,
      2.0,
      13.1
    ],
    [
      0.29,
      3.8,
      5.8,
      0.65,
      0.0,
      3.0,
      0.85,
      0.4,
      2.8,
      1.1,
      1.3,
      0.45,
      10.7,
      2.8,
      3.3,
      0.55,
      0.9,
      0.6,
      8.8,
      1.4,
      4.1,
      2.8,
      5.6,
      44.7,
      1.0,
      9.6,
      61.8,
      21.1,
      1.5,
      4.5,
      1.1,
      2.1,
      17.4,
      2.8,
      37.6,
      19.8,
      2.1,
      18.6,
      0.27,
      5.6,
      7.9,
      1.7,
      12.8
    ],
    [
      3.2,
      5.3,
      7.3,
      2.3,
      3.0,
      0.0,
      3.5,
      3.2,
      1.8,
      2.2,
      2.3,
      2.0,
      10.7,
      3.5,
      1.9,
      2.6,
      3.7,
      1.8,
      9.5,
      2.8,
      5.4,
      1.8,
      7.5,
      46.6,
      2.7,
      9.5,
      60.5,
      23.0,
      1.5,
      5.8,
      3.3,
      4.0,
      16.9,
      1.8,
      39.5,
      21.7,
      3.8,
      20.5,
      3.0,
      7.5,
      9.8,
      3.6,
      14.7
    ],
    [
      1.8,
      2.7,
      4.7,
      0.45,
      0.85,
      3.5,
      0.0,
      0.9,
      2.6,
      3.2,
      3.4,
      0.45,
      11.0,
      2.6,
      3.1,
      0.95,
      0.013,
      2.0,
      8.6,
      3.0,
      5.3,
      2.6,
      6.6,
      45.8,
      0.55,
      10.6,
      61.6,
      22.1,
      1.3,
      5.7,
      0.22,
      3.1,
      17.7,
      2.6,
      38.6,
      20.9,
      3.8,
      19.6,
      0.8,
      6.7,
      9.0,
      2.7,
      13.9
    ],
    [
      0.12,
      3.7,
      5.7,
      0.85,
      0.4,
      3.2,
      0.9,
      0.0,
      3.1,
      1.1,
      1.2,
      0.65,
      11.0,
      3.1,
      3.6,
      0.15,
      1.1,
      0.55,
      9.1,
      1.2,
      4.4,
      3.1,
      5.9,
      45.0,
      1.2,
      9.9,
      62.1,
      21.4,
      0.8,
      4.8,
      1.7,
      2.4,
      17.7,
      3.1,
      37.9,
      20.1,
      2.4,
      18.9,
      0.22,
      5.9,
      8.2,
      2.0,
      13.1
    ],
    [
      3.0,
      5.1,
      7.1,
      2.7,
      2.8,
      1.8,
      2.6,
      3.1,
      0.0,
      1.5,
      1.7,
      2.1,
      10.6,
      2.4,
      0.45,
      2.7,
      3.4,
      1.7,
      8.4,
      2.9,
      5.7,
      0.0,
      5.5,
      46.3,
      2.5,
      11.2,
      62.1,
      22.7,
      1.1,
      6.1,
      3.0,
      3.7,
      17.3,
      0.35,
      39.2,
      21.4,
      3.6,
      20.2,
      3.1,
      7.3,
      9.6,
      3.3,
      14.4
    ],
    [
      1.0,
      5.7,
      7.7,
      4.0,
      1.1,
      2.2,
      3.2,
      1.1,
      1.5,
      0.0,
      0.13,
      1.8,
      10.6,
      0.7,
      1.7,
      1.2,
      2.3,
      1.0,
      8.2,
      2.6,
      4.7,
      2.2,
      4.3,
      45.2,
      1.3,
      10.0,
      61.2,
      21.5,
      0.7,
      5.1,
      1.8,
      2.6,
      17.3,
      1.5,
      38.1,
      20.3,
      3.4,
      19.1,
      0.9,
      6.1,
      8.4,
      2.2,
      13.3
    ],
    [
      1.1,
      5.9,
      7.9,
      4.2,
      1.3,
      2.3,
      3.4,
      1.2,
      1.7,
      0.13,
      0.0,
      1.4,
      10.2,
      0.8,
      2.3,
      1.4,
      1.9,
      1.1,
      7.8,
      2.2,
      4.3,
      1.8,
      3.9,
      44.8,
      0.9,
      9.6,
      60.8,
      21.1,
      0.8,
      4.7,
      1.4,
      2.2,
      16.9,
      1.7,
      37.7,
      19.9,
      3.0,
      18.7,
      1.0,
      5.7,
      8.0,
      1.8,
      12.9
    ],
    [
      0.55,
      4.7,
      6.7,
      0.23,
      0.45,
      2.0,
      0.45,
      0.65,
      2.1,
      1.8,
      1.4,
      0.0,
      10.3,
      2.6,
      2.7,
      0.65,
      0.55,
      0.9,
      8.6,
      1.0,
      3.8,
      2.6,
      3.6,
      44.5,
      0.65,
      7.8,
      61.6,
      20.9,
      1.3,
      4.2,
      0.75,
      1.9,
      17.1,
      2.5,
      37.4,
      19.6,
      1.8,
      18.4,
      0.55,
      5.4,
      7.7,
      1.5,
      12.6
    ],
    [
      10.9,
      10.7,
      7.6,
      10.2,
      10.7,
      10.7,
      11.0,
      11.0,
      10.6,
      10.6,
      10.2,
      10.3,
      0.0,
      10.9,
      11.3,
      11.1,
      8.6,
      12.3,
      16.9,
      10.2,
      5.6,
      12.7,
      9.5,
      36.0,
      10.2,
      3.4,
      67.4,
      23.2,
      10.5,
      5.9,
      8.2,
      7.7,
      13.6,
      12.7,
      39.7,
      21.9,
      7.3,
      20.7,
      9.3,
      9.5,
      6.0,
      8.4,
      11.8
    ],
    [
      3.0,
      5.1,
      7.1,
      3.4,
      2.8,
      3.5,
      2.6,
      3.1,
      2.4,
      0.7,
      0.8,
      2.6,
      10.9,
      0.0,
      3.1,
      2.9,
      2.7,
      2.0,
      8.6,
      3.1,
      5.2,
      2.6,
      4.7,
      45.6,
      1.7,
      10.4,
      61.6,
      22.0,
      1.3,
      5.6,
      2.3,
      3.0,
      17.7,
      2.1,
      38.5,
      20.7,
      3.8,
      19.5,
      3.4,
      6.5,
      8.8,
      2.6,
      13.7
    ],
    [
      3.5,
      5.6,
      7.6,
      2.5,
      3.3,
      1.9,
      3.1,
      3.6,
      0.45,
      1.7,
      2.3,
      2.7,
      11.3,
      3.1,
      0.0,
      2.8,
      3.9,
      2.0,
      9.7,
      3.0,
      5.9,
      0.45,
      5.9,
      46.8,
      2.9,
      10.4,
      60.5,
      23.2,
      1.3,
      6.2,
      3.5,
      4.2,
      20.3,
      0.13,
      39.7,
      21.9,
      4.2,
      20.7,
      3.2,
      7.7,
      10.0,
      3.8,
      14.9
    ],
    [
      0.27,
      5.3,
      7.3,
      0.9,
      0.55,
      2.6,
      0.95,
      0.15,
      2.7,
      1.2,
      1.4,
      0.65,
      11.1,
      2.9,
      2.8,
      0.0,
      1.1,
      0.55,
      8.7,
      1.2,
      5.3,
      2.6,
      4.9,
      45.8,
      1.2,
      10.6,
      61.7,
      22.1,
      0.75,
      5.7,
      2.4,
      3.2,
      17.7,
      2.6,
      38.7,
      20.9,
      3.8,
      19.7,
      0.35,
      6.7,
      9.0,
      2.8,
      13.9
    ],
    [
      1.0,
      2.8,
      4.9,
      0.45,
      0.9,
      3.7,
      0.013,
      1.1,
      3.4,
      2.3,
      1.9,
      0.55,
      8.6,
      2.7,
      3.9,
      1.1,
      0.0,
      2.0,
      8.6,
      3.0,
      5.3,
      2.6,
      4.9,
      45.7,
      0.55,
      10.6,
      61.6,
      22.1,
      1.3,
      5.7,
      0.21,
      3.1,
      17.7,
      2.6,
      38.6,
      20.8,
      3.7,
      19.6,
      0.9,
      6.7,
      9.0,
      2.7,
      13.9
    ],
    [
      1.1,
      4.5,
      6.5,
      1.6,
      0.6,
      1.8,
      2.0,
      0.55,
      1.7,
      1.0,
      1.1,
      0.9,
      12.3,
      2.0,
      2.0,
      0.55,
      2.0,
      0.0,
      8.2,
      2.6,
      4.8,
      1.7,
      4.4,
      45.3,
      1.1,
      10.1,
      61.2,
      21.7,
      0.7,
      5.2,
      2.0,
      2.7,
      17.2,
      2.1,
      38.2,
      20.4,
      3.3,
      19.2,
      0.35,
      6.2,
      8.5,
      2.3,
      13.4
    ],
    [
      9.0,
      11.1,
      13.1,
      9.4,
      8.8,
      9.5,
      8.6,
      9.1,
      8.4,
      8.2,
      7.8,
      8.6,
      16.9,
      8.6,
      9.7,
      8.7,
      8.6,
      8.2,
      0.0,
      9.1,
      11.2,
      8.7,
      10.8,
      51.6,
      7.8,
      16.5,
      61.0,
      28.0,
      7.4,
      11.6,
      8.3,
      9.0,
      23.8,
      8.7,
      44.5,
      26.7,
      9.8,
      25.5,
      9.4,
      12.6,
      14.9,
      8.6,
      19.8
    ],
    [
      1.6,
      4.1,
      5.5,
      0.9,
      1.4,
      2.8,
      3.0,
      1.2,
      2.9,
      2.6,
      2.2,
      1.0,
      10.2,
      3.1,
      3.0,
      1.2,
      3.0,
      2.6,
      9.1,
      0.0,
      3.5,
      2.6,
      4.0,
      43.3,
      1.8,
      7.6,
      61.5,
      19.7,
      1.5,
      3.9,
      1.8,
      3.0,
      15.9,
      2.6,
      36.2,
      18.4,
      1.5,
      17.2,
      2.1,
      6.6,
      5.8,
      2.6,
      15.5
    ],
    [
      4.3,
      4.2,
      5.2,
      3.6,
      4.1,
      5.4,
      5.3,
      4.4,
      5.7,
      4.7,
      4.3,
      3.8,
      5.6,
      5.2,
      5.9,
      5.3,
      5.3,
      4.8,
      11.2,
      3.5,
      0.0,
      6.4,
      4.2,
      43.4,
      6.1,
      4.9,
      61.7,
      19.7,
      5.0,
      1.4,
      2.9,
      3.4,
      14.4,
      6.4,
      36.2,
      18.5,
      1.7,
      17.2,
      4.0,
      6.1,
      4.3,
      3.0,
      15.6
    ],
    [
      3.0,
      5.1,
      7.1,
      2.7,
      2.8,
      1.8,
      2.6,
      3.1,
      0.0,
      2.2,
      1.8,
      2.6,
      12.7,
      2.6,
      0.45,
      2.6,
      2.6,
      1.7,
      8.7,
      2.6,
      6.4,
      0.0,
      5.5,
      46.3,
      2.5,
      11.2,
      62.1,
      22.7,
      1.1,
      6.1,
      3.0,
      3.7,
      17.3,
      0.35,
      39.2,
      21.4,
      3.6,
      20.2,
      3.1,
      7.3,
      9.6,
      3.3,
      14.4
    ],
    [
      5.8,
      3.9,
      2.2,
      3.6,
      5.6,
      7.5,
      6.6,
      5.9,
      5.5,
      4.3,
      3.9,
      3.6,
      9.5,
      4.7,
      5.9,
      4.9,
      4.9,
      4.4,
      10.8,
      4.0,
      4.2,
      5.5,
      0.0,
      41.7,
      4.2,
      6.6,
      63.9,
      18.1,
      3.6,
      4.4,
      2.2,
      1.7,
      17.8,
      4.9,
      34.6,
      16.8,
      2.8,
      15.6,
      3.3,
      1.9,
      4.9,
      2.4,
      9.8
    ],
    [
      44.9,
      43.0,
      39.9,
      43.4,
      44.7,
      46.6,
      45.8,
      45.0,
      46.3,
      45.2,
      44.8,
      44.5,
      36.0,
      45.6,
      46.8,
      45.8,
      45.7,
      45.3,
      51.6,
      43.3,
      43.4,
      46.3,
      41.7,
      0.0,
      44.7,
      34.7,
      99.9,
      42.5,
      44.1,
      40.9,
      42.7,
      42.3,
      40.8,
      45.4,
      37.9,
      26.9,
      42.3,
      28.9,
      43.8,
      40.5,
      37.9,
      42.9,
      33.6
    ],
    [
      1.1,
      4.4,
      6.4,
      0.85,
      1.0,
      2.7,
      0.55,
      1.2,
      2.5,
      1.3,
      0.9,
      0.65,
      10.2,
      1.7,
      2.9,
      1.2,
      0.55,
      1.1,
      7.8,
      1.8,
      6.1,
      2.5,
      4.2,
      44.7,
      0.0,
      8.7,
      62.2,
      20.2,
      1.9,
      3.8,
      0.7,
      1.3,
      17.3,
      3.2,
      36.8,
      19.0,
      2.2,
      17.7,
      1.0,
      4.8,
      7.1,
      0.85,
      12.0
    ],
    [
      9.8,
      7.8,
      4.8,
      7.7,
      9.6,
      9.5,
      10.6,
      9.9,
      11.2,
      10.0,
      9.6,
      7.8,
      3.4,
      10.4,
      10.4,
      10.6,
      10.6,
      10.1,
      16.5,
      7.6,
      4.9,
      11.2,
      6.6,
      34.7,
      8.7,
      0.0,
      66.2,
      20.3,
      10.3,
      5.7,
      8.0,
      7.5,
      17.2,
      12.8,
      36.9,
      19.1,
      7.1,
      17.9,
      9.1,
      5.9,
      3.0,
      8.2,
      11.2
    ],
    [
      62.0,
      64.1,
      66.4,
      62.0,
      61.8,
      60.5,
      61.6,
      62.1,
      62.1,
      61.2,
      60.8,
      61.6,
      67.4,
      61.6,
      60.5,
      61.7,
      61.6,
      61.2,
      61.0,
      61.5,
      61.7,
      62.1,
      63.9,
      99.9,
      62.2,
      66.2,
      0.0,
      81.1,
      60.2,
      64.1,
      61.1,
      61.8,
      70.9,
      61.8,
      97.6,
      79.8,
      62.1,
      78.6,
      62.2,
      65.4,
      67.1,
      61.4,
      77.0
    ],
    [
      21.3,
      19.4,
      16.3,
      19.8,
      21.1,
      23.0,
      22.1,
      21.4,
      22.7,
      21.5,
      21.1,
      20.9,
      23.2,
      22.0,
      23.2,
      22.1,
      22.1,
      21.7,
      28.0,
      19.7,
      19.7,
      22.7,
      18.1,
      42.5,
      20.2,
      20.3,
      81.1,
      0.0,
      25.2,
      22.1,
      23.9,
      23.4,
      37.1,
      26.5,
      19.7,
      9.8,
      23.5,
      11.9,
      25.0,
      15.9,
      19.1,
      24.0,
      14.7
    ],
    [
      0.8,
      3.8,
      5.8,
      1.5,
      1.5,
      1.5,
      1.3,
      0.8,
      1.1,
      0.7,
      0.8,
      1.3,
      10.5,
      1.3,
      1.3,
      0.75,
      1.3,
      0.7,
      7.4,
      1.5,
      5.0,
      1.1,
      3.6,
      44.1,
      1.9,
      10.3,
      60.2,
      25.2,
      0.0,
      5.0,
      1.7,
      2.4,
      16.4,
      1.3,
      37.9,
      20.1,
      2.5,
      18.9,
      0.7,
      6.0,
      8.3,
      2.0,
      13.2
    ],
    [
      4.7,
      4.6,
      2.6,
      4.0,
      4.5,
      5.8,
      5.7,
      4.8,
      6.1,
      5.1,
      4.7,
      4.2,
      5.9,
      5.6,
      6.2,
      5.7,
      5.7,
      5.2,
      11.6,
      3.9,
      1.4,
      6.1,
      4.4,
      40.9,
      3.8,
      5.7,
      64.1,
      22.1,
      5.0,
      0.0,
      3.2,
      2.8,
      15.5,
      7.5,
      34.3,
      16.5,
      2.4,
      15.3,
      4.4,
      4.2,
      3.7,
      3.4,
      13.6
    ],
    [
      1.2,
      2.4,
      4.4,
      0.65,
      1.1,
      3.3,
      0.22,
      1.7,
      3.0,
      1.8,
      1.4,
      0.75,
      8.2,
      2.3,
      3.5,
      2.4,
      0.21,
      2.0,
      8.3,
      1.8,
      2.9,
      3.0,
      2.2,
      42.7,
      0.7,
      8.0,
      61.1,
      23.9,
      1.7,
      3.2,
      0.0,
      1.2,
      17.3,
      2.7,
      36.7,
      18.9,
      2.2,
      17.7,
      1.1,
      4.7,
      7.0,
      1.5,
      11.9
    ],
    [
      2.3,
      0.85,
      4.0,
      2.4,
      2.1,
      4.0,
      3.1,
      2.4,
      3.7,
      2.6,
      2.2,
      1.9,
      7.7,
      3.0,
      4.2,
      3.2,
      3.1,
      2.7,
      9.0,
      3.0,
      3.4,
      3.7,
      1.7,
      42.3,
      1.3,
      7.5,
      61.8,
      23.4,
      2.4,
      2.8,
      1.2,
      0.0,
      17.7,
      4.7,
      35.5,
      17.7,
      2.6,
      16.5,
      3.1,
      3.5,
      5.8,
      0.85,
      10.7
    ],
    [
      17.6,
      18.0,
      17.5,
      16.9,
      17.4,
      16.9,
      17.7,
      17.7,
      17.3,
      17.3,
      16.9,
      17.1,
      13.6,
      17.7,
      20.3,
      17.7,
      17.7,
      17.2,
      23.8,
      15.9,
      14.4,
      17.3,
      17.8,
      40.8,
      17.3,
      17.2,
      70.9,
      37.1,
      16.4,
      15.5,
      17.3,
      17.7,
      0.0,
      18.3,
      49.7,
      31.9,
      15.6,
      30.7,
      18.6,
      19.3,
      19.1,
      18.0,
      29.0
    ],
    [
      3.0,
      5.1,
      7.1,
      2.7,
      2.8,
      1.8,
      2.6,
      3.1,
      0.35,
      1.5,
      1.7,
      2.5,
      12.7,
      2.1,
      0.13,
      2.6,
      2.6,
      2.1,
      8.7,
      2.6,
      6.4,
      0.35,
      4.9,
      45.4,
      3.2,
      12.8,
      61.8,
      26.5,
      1.3,
      7.5,
      2.7,
      4.7,
      18.3,
      0.0,
      39.2,
      21.4,
      3.6,
      20.2,
      3.1,
      7.3,
      9.5,
      3.3,
      14.4
    ],
    [
      37.8,
      35.9,
      32.8,
      36.3,
      37.6,
      39.5,
      38.6,
      37.9,
      39.2,
      38.1,
      37.7,
      37.4,
      39.7,
      38.5,
      39.7,
      38.7,
      38.6,
      38.2,
      44.5,
      36.2,
      36.2,
      39.2,
      34.6,
      37.9,
      36.8,
      36.9,
      97.6,
      19.7,
      37.9,
      34.3,
      36.7,
      35.5,
      49.7,
      39.2,
      0.0,
      25.0,
      36.9,
      27.1,
      37.4,
      33.5,
      34.0,
      36.5,
      29.6
    ],
    [
      20.0,
      18.1,
      15.0,
      18.5,
      19.8,
      21.7,
      20.9,
      20.1,
      21.4,
      20.3,
      19.9,
      19.6,
      21.9,
      20.7,
      21.9,
      20.9,
      20.8,
      20.4,
      26.7,
      18.4,
      18.5,
      21.4,
      16.8,
      26.9,
      19.0,
      19.1,
      79.8,
      9.8,
      20.1,
      16.5,
      18.9,
      17.7,
      31.9,
      21.4,
      25.0,
      0.0,
      18.8,
      2.7,
      20.3,
      17.0,
      14.4,
      19.4,
      10.1
    ],
    [
      2.3,
      3.0,
      4.0,
      1.2,
      2.1,
      3.8,
      3.8,
      2.4,
      3.6,
      3.4,
      3.0,
      1.8,
      7.3,
      3.8,
      4.2,
      3.8,
      3.7,
      3.3,
      9.8,
      1.5,
      1.7,
      3.6,
      2.8,
      42.3,
      2.2,
      7.1,
      62.1,
      23.5,
      2.5,
      2.4,
      2.2,
      2.6,
      15.6,
      3.6,
      36.9,
      18.8,
      0.0,
      15.9,
      2.8,
      4.8,
      4.5,
      1.8,
      12.6
    ],
    [
      18.8,
      16.9,
      13.8,
      17.3,
      18.6,
      20.5,
      19.6,
      18.9,
      20.2,
      19.1,
      18.7,
      18.4,
      20.7,
      19.5,
      20.7,
      19.7,
      19.6,
      19.2,
      25.5,
      17.2,
      17.2,
      20.2,
      15.6,
      28.9,
      17.7,
      17.9,
      78.6,
      11.9,
      18.9,
      15.3,
      17.7,
      16.5,
      30.7,
      20.2,
      27.1,
      2.7,
      15.9,
      0.0,
      18.7,
      15.3,
      12.8,
      17.7,
      8.4
    ],
    [
      0.098,
      3.5,
      5.5,
      0.75,
      0.27,
      3.0,
      0.8,
      0.22,
      3.1,
      0.9,
      1.0,
      0.55,
      9.3,
      3.4,
      3.2,
      0.35,
      0.9,
      0.35,
      9.4,
      2.1,
      4.0,
      3.1,
      3.3,
      43.8,
      1.0,
      9.1,
      62.2,
      25.0,
      0.7,
      4.4,
      1.1,
      3.1,
      18.6,
      3.1,
      37.4,
      20.3,
      2.8,
      18.7,
      0.0,
      5.8,
      8.1,
      1.9,
      13.0
    ],
    [
      5.8,
      3.9,
      2.2,
      5.9,
      5.6,
      7.5,
      6.7,
      5.9,
      7.3,
      6.1,
      5.7,
      5.4,
      9.5,
      6.5,
      7.7,
      6.7,
      6.7,
      6.2,
      12.6,
      6.6,
      6.1,
      7.3,
      1.9,
      40.5,
      4.8,
      5.9,
      65.4,
      15.9,
      6.0,
      4.2,
      4.7,
      3.5,
      19.3,
      7.3,
      33.5,
      17.0,
      4.8,
      15.3,
      5.8,
      0.0,
      4.6,
      3.9,
      9.5
    ],
    [
      8.1,
      6.2,
      3.1,
      5.9,
      7.9,
      9.8,
      9.0,
      8.2,
      9.6,
      8.4,
      8.0,
      7.7,
      6.0,
      8.8,
      10.0,
      9.0,
      9.0,
      8.5,
      14.9,
      5.8,
      4.3,
      9.6,
      4.9,
      37.9,
      7.1,
      3.0,
      67.1,
      19.1,
      8.3,
      3.7,
      7.0,
      5.8,
      19.1,
      9.5,
      34.0,
      14.4,
      4.5,
      12.8,
      8.1,
      4.6,
      0.0,
      5.8,
      8.2
    ],
    [
      1.9,
      0.007,
      4.6,
      2.0,
      1.7,
      3.6,
      2.7,
      2.0,
      3.3,
      2.2,
      1.8,
      1.5,
      8.4,
      2.6,
      3.8,
      2.8,
      2.7,
      2.3,
      8.6,
      2.6,
      3.0,
      3.3,
      2.4,
      42.9,
      0.85,
      8.2,
      61.4,
      24.0,
      2.0,
      3.4,
      1.5,
      0.85,
      18.0,
      3.3,
      36.5,
      19.4,
      1.8,
      17.7,
      1.9,
      3.9,
      5.8,
      0.0,
      11.1
    ],
    [
      13.0,
      11.1,
      8.0,
      13.1,
      12.8,
      14.7,
      13.9,
      13.1,
      14.4,
      13.3,
      12.9,
      12.6,
      11.8,
      13.7,
      14.9,
      13.9,
      13.9,
      13.4,
      19.8,
      15.5,
      15.6,
      14.4,
      9.8,
      33.6,
      12.0,
      11.2,
      77.0,
      14.7,
      13.2,
      13.6,
      11.9,
      10.7,
      29.0,
      14.4,
      29.6,
      10.1,
      12.6,
      8.4,
      13.0,
      9.5,
      8.2,
      11.1,
      0.0
    ]
  ],
  "drive_time_matrix": [
    [
      0.0,
      6.0,
      12.0,
      10.0,
      3.0,
      8.0,
      8.0,
      2.0,
      9.0,
      12.0,
      14.0,
      7.0,
      21.0,
      7.0,
      9.0,
      4.0,
      13.0,
      6.0,
      15.0,
      7.0,
      11.0,
      9.0,
      11.0,
      41.0,
      13.0,
      16.0,
      58.0,
      28.0,
      11.0,
      12.0,
      15.0,
      6.0,
      23.0,
      9.0,
      37.0,
      26.0,
      6.0,
      25.0,
      1.0,
      11.0,
      13.0,
      6.0,
      20.0
    ],
    [
      6.0,
      0.0,
      6.0,
      8.0,
      11.0,
      12.0,
      6.0,
      11.0,
      11.0,
      11.0,
      11.0,
      10.0,
      18.0,
      10.0,
      11.0,
      13.0,
      7.0,
      10.0,
      17.0,
      11.0,
      8.0,
      11.0,
      5.0,
      35.0,
      9.0,
      10.0,
      61.0,
      22.0,
      8.0,
      9.0,
      5.0,
      11.0,
      23.0,
      11.0,
      31.0,
      20.0,
      6.0,
      20.0,
      9.0,
      5.0,
      8.0,
      1.0,
      15.0
    ],
    [
      12.0,
      6.0,
      0.0,
      10.0,
      12.0,
      13.0,
      8.0,
      12.0,
      13.0,
      13.0,
      13.0,
      12.0,
      14.0,
      12.0,
      13.0,
      15.0,
      9.0,
      12.0,
      19.0,
      13.0,
      7.0,
      13.0,
      3.0,
      32.0,
      10.0,
      7.0,
      61.0,
      19.0,
      9.0,
      5.0,
      7.0,
      6.0,
      20.0,
      12.0,
      28.0,
      17.0,
      7.0,
      16.0,
      10.0,
      3.0,
      4.0,
      7.0,
      11.0
    ],
    [
      10.0,
      8.0,
      10.0,
      0.0,
      8.0,
      5.0,
      6.0,
      12.0,
      8.0,
      9.0,
      9.0,
      3.0,
      17.0,
      7.0,
      6.0,
      12.0,
      6.0,
      6.0,
      15.0,
      13.0,
      7.0,
      8.0,
      10.0,
      39.0,
      10.0,
      15.0,
      54.0,
      26.0,
      5.0,
      8.0,
      9.0,
      6.0,
      20.0,
      8.0,
      35.0,
      23.0,
      15.0,
      23.0,
      10.0,
      11.0,
      13.0,
      6.0,
      20.0
    ],
    [
      3.0,
      11.0,
      12.0,
      8.0,
      0.0,
      7.0,
      11.0,
      6.0,
      8.0,
      15.0,
      16.0,
      5.0,
      19.0,
      7.0,
      8.0,
      8.0,
      11.0,
      8.0,
      14.0,
      6.0,
      10.0,
      8.0,
      10.0,
      40.0,
      12.0,
      15.0,
      57.0,
      27.0,
      5.0,
      10.0,
      14.0,
      5.0,
      22.0,
      8.0,
      36.0,
      25.0,
      5.0,
      24.0,
      4.0,
      10.0,
      12.0,
      5.0,
      19.0
    ],
    [
      8.0,
      12.0,
      13.0,
      5.0,
      7.0,
      0.0,
      7.0,
      9.0,
      4.0,
      27.0,
      29.0,
      4.0,
      17.0,
      6.0,
      25.0,
      7.0,
      8.0,
      17.0,
      13.0,
      6.0,
      8.0,
      4.0,
      11.0,
      41.0,
      4.0,
      15.0,
      51.0,
      28.0,
      16.0,
      8.0,
      6.0,
      6.0,
      20.0,
      24.0,
      36.0,
      25.0,
      5.0,
      25.0,
      8.0,
      11.0,
      13.0,
      5.0,
      19.0
    ],
    [
      8.0,
      6.0,
      8.0,
      6.0,
      11.0,
      7.0,
      0.0,
      12.0,
      6.0,
      6.0,
      6.0,
      5.0,
      18.0,
      5.0,
      6.0,
      13.0,
      1.0,
      5.0,
      12.0,
      7.0,
      10.0,
      6.0,
      11.0,
      40.0,
      7.0,
      15.0,
      55.0,
      27.0,
      2.0,
      10.0,
      3.0,
      5.0,
      21.0,
      6.0,
      36.0,
      24.0,
      7.0,
      24.0,
      10.0,
      10.0,
      12.0,
      4.0,
      18.0
    ],
    [
      2.0,
      11.0,
      12.0,
      12.0,
      6.0,
      9.0,
      12.0,
      0.0,
      9.0,
      13.0,
      15.0,
      7.0,
      21.0,
      9.0,
      10.0,
      2.0,
      13.0,
      7.0,
      16.0,
      16.0,
      11.0,
      9.0,
      12.0,
      42.0,
      14.0,
      16.0,
      59.0,
      29.0,
      9.0,
      12.0,
      6.0,
      7.0,
      24.0,
      9.0,
      38.0,
      26.0,
      7.0,
      26.0,
      3.0,
      11.0,
      14.0,
      6.0,
      20.0
    ],
    [
      9.0,
      11.0,
      13.0,
      8.0,
      8.0,
      4.0,
      6.0,
      9.0,
      0.0,
      18.0,
      19.0,
      6.0,
      20.0,
      6.0,
      6.0,
      9.0,
      9.0,
      21.0,
      13.0,
      8.0,
      11.0,
      1.0,
      12.0,
      42.0,
      5.0,
      17.0,
      55.0,
      29.0,
      14.0,
      11.0,
      7.0,
      7.0,
      23.0,
      5.0,
      38.0,
      27.0,
      8.0,
      26.0,
      9.0,
      12.0,
      14.0,
      7.0,
      20.0
    ],
    [
      12.0,
      11.0,
      13.0,
      9.0,
      15.0,
      27.0,
      6.0,
      13.0,
      18.0,
      0.0,
      2.0,
      4.0,
      18.0,
      9.0,
      26.0,
      18.0,
      6.0,
      13.0,
      11.0,
      6.0,
      9.0,
      5.0,
      8.0,
      39.0,
      2.0,
      14.0,
      55.0,
      25.0,
      10.0,
      10.0,
      4.0,
      4.0,
      22.0,
      24.0,
      35.0,
      23.0,
      6.0,
      23.0,
      12.0,
      9.0,
      11.0,
      4.0,
      17.0
    ],
    [
      14.0,
      11.0,
      13.0,
      9.0,
      16.0,
      29.0,
      6.0,
      15.0,
      19.0,
      2.0,
      0.0,
      3.0,
      17.0,
      11.0,
      5.0,
      19.0,
      5.0,
      15.0,
      10.0,
      5.0,
      8.0,
      4.0,
      7.0,
      38.0,
      1.0,
      13.0,
      53.0,
      24.0,
      11.0,
      8.0,
      3.0,
      3.0,
      20.0,
      26.0,
      34.0,
      22.0,
      5.0,
      22.0,
      14.0,
      8.0,
      10.0,
      2.0,
      16.0
    ],
    [
      7.0,
      10.0,
      12.0,
      3.0,
      5.0,
      4.0,
      5.0,
      7.0,
      6.0,
      4.0,
      3.0,
      0.0,
      17.0,
      6.0,
      6.0,
      10.0,
      7.0,
      12.0,
      13.0,
      14.0,
      8.0,
      7.0,
      8.0,
      40.0,
      8.0,
      16.0,
      56.0,
      26.0,
      3.0,
      9.0,
      10.0,
      4.0,
      21.0,
      7.0,
      35.0,
      23.0,
      4.0,
      23.0,
      7.0,
      9.0,
      11.0,
      4.0,
      17.0
    ],
    [
      21.0,
      18.0,
      14.0,
      17.0,
      19.0,
      17.0,
      18.0,
      21.0,
      20.0,
      18.0,
      17.0,
      17.0,
      0.0,
      23.0,
      19.0,
      23.0,
      20.0,
      21.0,
      29.0,
      20.0,
      12.0,
      21.0,
      18.0,
      45.0,
      22.0,
      11.0,
      61.0,
      31.0,
      20.0,
      13.0,
      18.0,
      17.0,
      19.0,
      21.0,
      40.0,
      29.0,
      16.0,
      28.0,
      22.0,
      17.0,
      15.0,
      18.0,
      21.0
    ],
    [
      7.0,
      10.0,
      12.0,
      7.0,
      7.0,
      6.0,
      5.0,
      9.0,
      6.0,
      9.0,
      11.0,
      6.0,
      23.0,
      0.0,
      6.0,
      7.0,
      6.0,
      5.0,
      11.0,
      6.0,
      9.0,
      5.0,
      9.0,
      40.0,
      3.0,
      14.0,
      54.0,
      26.0,
      2.0,
      10.0,
      4.0,
      4.0,
      22.0,
      31.0,
      35.0,
      23.0,
      6.0,
      23.0,
      7.0,
      9.0,
      11.0,
      4.0,
      18.0
    ],
    [
      9.0,
      11.0,
      13.0,
      6.0,
      8.0,
      25.0,
      6.0,
      10.0,
      6.0,
      26.0,
      5.0,
      6.0,
      19.0,
      6.0,
      0.0,
      8.0,
      9.0,
      5.0,
      13.0,
      7.0,
      9.0,
      6.0,
      11.0,
      42.0,
      5.0,
      16.0,
      52.0,
      28.0,
      15.0,
      9.0,
      7.0,
      7.0,
      22.0,
      2.0,
      38.0,
      26.0,
      6.0,
      26.0,
      9.0,
      12.0,
      14.0,
      6.0,
      20.0
    ],
    [
      4.0,
      13.0,
      15.0,
      12.0,
      8.0,
      7.0,
      13.0,
      2.0,
      9.0,
      18.0,
      19.0,
      10.0,
      23.0,
      7.0,
      8.0,
      0.0,
      14.0,
      7.0,
      14.0,
      16.0,
      13.0,
      8.0,
      12.0,
      44.0,
      15.0,
      18.0,
      58.0,
      30.0,
      9.0,
      13.0,
      7.0,
      8.0,
      25.0,
      8.0,
      39.0,
      27.0,
      9.0,
      27.0,
      5.0,
      13.0,
      15.0,
      7.0,
      21.0
    ],
    [
      13.0,
      7.0,
      9.0,
      6.0,
      11.0,
      8.0,
      1.0,
      13.0,
      9.0,
      6.0,
      5.0,
      7.0,
      20.0,
      6.0,
      9.0,
      14.0,
      0.0,
      5.0,
      11.0,
      7.0,
      10.0,
      5.0,
      9.0,
      40.0,
      7.0,
      15.0,
      55.0,
      26.0,
      2.0,
      11.0,
      3.0,
      5.0,
      21.0,
      5.0,
      36.0,
      24.0,
      6.0,
      24.0,
      11.0,
      10.0,
      12.0,
      4.0,
      18.0
    ],
    [
      6.0,
      10.0,
      12.0,
      6.0,
      8.0,
      17.0,
      5.0,
      7.0,
      21.0,
      13.0,
      15.0,
      12.0,
      21.0,
      5.0,
      5.0,
      7.0,
      5.0,
      0.0,
      11.0,
      7.0,
      11.0,
      25.0,
      10.0,
      41.0,
      14.0,
      15.0,
      56.0,
      27.0,
      9.0,
      11.0,
      5.0,
      5.0,
      22.0,
      6.0,
      36.0,
      25.0,
      7.0,
      25.0,
      5.0,
      10.0,
      13.0,
      5.0,
      19.0
    ],
    [
      15.0,
      17.0,
      19.0,
      15.0,
      14.0,
      13.0,
      12.0,
      16.0,
      13.0,
      11.0,
      10.0,
      13.0,
      29.0,
      11.0,
      13.0,
      14.0,
      11.0,
      11.0,
      0.0,
      14.0,
      16.0,
      13.0,
      16.0,
      47.0,
      10.0,
      21.0,
      53.0,
      33.0,
      9.0,
      17.0,
      11.0,
      11.0,
      28.0,
      12.0,
      42.0,
      30.0,
      13.0,
      30.0,
      14.0,
      16.0,
      18.0,
      11.0,
      25.0
    ],
    [
      7.0,
      11.0,
      13.0,
      13.0,
      6.0,
      6.0,
      7.0,
      16.0,
      8.0,
      6.0,
      5.0,
      14.0,
      20.0,
      6.0,
      7.0,
      16.0,
      7.0,
      7.0,
      14.0,
      0.0,
      8.0,
      8.0,
      11.0,
      41.0,
      6.0,
      16.0,
      55.0,
      27.0,
      5.0,
      9.0,
      7.0,
      7.0,
      20.0,
      8.0,
      36.0,
      24.0,
      4.0,
      24.0,
      8.0,
      12.0,
      14.0,
      7.0,
      21.0
    ],
    [
      11.0,
      8.0,
      7.0,
      7.0,
      10.0,
      8.0,
      10.0,
      11.0,
      11.0,
      9.0,
      8.0,
      8.0,
      12.0,
      9.0,
      9.0,
      13.0,
      10.0,
      11.0,
      16.0,
      8.0,
      0.0,
      11.0,
      10.0,
      37.0,
      10.0,
      9.0,
      55.0,
      23.0,
      8.0,
      3.0,
      7.0,
      8.0,
      16.0,
      11.0,
      33.0,
      21.0,
      4.0,
      21.0,
      11.0,
      10.0,
      7.0,
      7.0,
      18.0
    ],
    [
      9.0,
      11.0,
      13.0,
      8.0,
      8.0,
      4.0,
      6.0,
      9.0,
      1.0,
      5.0,
      4.0,
      7.0,
      21.0,
      5.0,
      6.0,
      8.0,
      5.0,
      25.0,
      13.0,
      8.0,
      11.0,
      0.0,
      12.0,
      43.0,
      5.0,
      17.0,
      56.0,
      29.0,
      14.0,
      11.0,
      7.0,
      7.0,
      23.0,
      5.0,
      38.0,
      27.0,
      8.0,
      26.0,
      9.0,
      12.0,
      14.0,
      7.0,
      21.0
    ],
    [
      11.0,
      5.0,
      3.0,
      10.0,
      10.0,
      11.0,
      11.0,
      12.0,
      12.0,
      8.0,
      7.0,
      8.0,
      18.0,
      9.0,
      11.0,
      12.0,
      9.0,
      10.0,
      16.0,
      11.0,
      10.0,
      12.0,
      0.0,
      35.0,
      8.0,
      10.0,
      60.0,
      21.0,
      7.0,
      7.0,
      4.0,
      3.0,
      23.0,
      10.0,
      31.0,
      19.0,
      6.0,
      19.0,
      8.0,
      5.0,
      7.0,
      4.0,
      13.0
    ],
    [
      41.0,
      35.0,
      32.0,
      39.0,
      40.0,
      41.0,
      40.0,
      42.0,
      42.0,
      39.0,
      38.0,
      40.0,
      45.0,
      40.0,
      42.0,
      44.0,
      40.0,
      41.0,
      47.0,
      41.0,
      37.0,
      43.0,
      35.0,
      0.0,
      49.0,
      42.0,
      93.0,
      42.0,
      48.0,
      44.0,
      46.0,
      45.0,
      42.0,
      51.0,
      36.0,
      38.0,
      46.0,
      36.0,
      49.0,
      42.0,
      40.0,
      46.0,
      37.0
    ],
    [
      13.0,
      9.0,
      10.0,
      10.0,
      12.0,
      4.0,
      7.0,
      14.0,
      5.0,
      2.0,
      1.0,
      8.0,
      22.0,
      3.0,
      5.0,
      15.0,
      7.0,
      14.0,
      10.0,
      6.0,
      10.0,
      5.0,
      8.0,
      49.0,
      0.0,
      12.0,
      57.0,
      23.0,
      4.0,
      8.0,
      9.0,
      2.0,
      22.0,
      7.0,
      33.0,
      21.0,
      5.0,
      21.0,
      13.0,
      6.0,
      9.0,
      1.0,
      15.0
    ],
    [
      16.0,
      10.0,
      7.0,
      15.0,
      15.0,
      15.0,
      15.0,
      16.0,
      17.0,
      14.0,
      13.0,
      16.0,
      11.0,
      14.0,
      16.0,
      18.0,
      15.0,
      15.0,
      21.0,
      16.0,
      9.0,
      17.0,
      10.0,
      42.0,
      12.0,
      0.0,
      60.0,
      25.0,
      16.0,
      9.0,
      14.0,
      13.0,
      19.0,
      19.0,
      35.0,
      23.0,
      12.0,
      23.0,
      18.0,
      10.0,
      6.0,
      15.0,
      18.0
    ],
    [
      58.0,
      61.0,
      61.0,
      54.0,
      57.0,
      51.0,
      55.0,
      59.0,
      55.0,
      55.0,
      53.0,
      56.0,
      61.0,
      54.0,
      52.0,
      58.0,
      55.0,
      56.0,
      53.0,
      55.0,
      55.0,
      56.0,
      60.0,
      93.0,
      57.0,
      60.0,
      0.0,
      73.0,
      53.0,
      56.0,
      55.0,
      55.0,
      58.0,
      54.0,
      82.0,
      71.0,
      53.0,
      71.0,
      59.0,
      60.0,
      60.0,
      55.0,
      67.0
    ],
    [
      28.0,
      22.0,
      19.0,
      26.0,
      27.0,
      28.0,
      27.0,
      29.0,
      29.0,
      25.0,
      24.0,
      26.0,
      31.0,
      26.0,
      28.0,
      30.0,
      26.0,
      27.0,
      33.0,
      27.0,
      23.0,
      29.0,
      21.0,
      42.0,
      23.0,
      25.0,
      73.0,
      0.0,
      29.0,
      23.0,
      26.0,
      25.0,
      38.0,
      32.0,
      21.0,
      14.0,
      25.0,
      18.0,
      29.0,
      21.0,
      20.0,
      27.0,
      17.0
    ],
    [
      11.0,
      8.0,
      9.0,
      5.0,
      5.0,
      16.0,
      2.0,
      9.0,
      14.0,
      10.0,
      11.0,
      3.0,
      20.0,
      2.0,
      15.0,
      9.0,
      2.0,
      9.0,
      9.0,
      5.0,
      8.0,
      14.0,
      7.0,
      48.0,
      4.0,
      16.0,
      53.0,
      29.0,
      0.0,
      9.0,
      4.0,
      4.0,
      20.0,
      3.0,
      35.0,
      23.0,
      4.0,
      23.0,
      10.0,
      8.0,
      11.0,
      3.0,
      17.0
    ],
    [
      12.0,
      9.0,
      5.0,
      8.0,
      10.0,
      8.0,
      10.0,
      12.0,
      11.0,
      10.0,
      8.0,
      9.0,
      13.0,
      10.0,
      9.0,
      13.0,
      11.0,
      11.0,
      17.0,
      9.0,
      3.0,
      11.0,
      7.0,
      44.0,
      8.0,
      9.0,
      56.0,
      23.0,
      9.0,
      0.0,
      8.0,
      7.0,
      19.0,
      13.0,
      31.0,
      19.0,
      5.0,
      19.0,
      11.0,
      7.0,
      6.0,
      8.0,
      15.0
    ],
    [
      15.0,
      5.0,
      7.0,
      9.0,
      14.0,
      6.0,
      3.0,
      6.0,
      7.0,
      4.0,
      3.0,
      10.0,
      18.0,
      4.0,
      7.0,
      7.0,
      3.0,
      5.0,
      11.0,
      7.0,
      7.0,
      7.0,
      4.0,
      46.0,
      9.0,
      14.0,
      55.0,
      26.0,
      4.0,
      8.0,
      0.0,
      2.0,
      22.0,
      5.0,
      33.0,
      21.0,
      5.0,
      21.0,
      15.0,
      7.0,
      9.0,
      19.0,
      15.0
    ],
    [
      6.0,
      11.0,
      6.0,
      6.0,
      5.0,
      6.0,
      5.0,
      7.0,
      7.0,
      4.0,
      3.0,
      4.0,
      17.0,
      4.0,
      7.0,
      8.0,
      5.0,
      5.0,
      11.0,
      7.0,
      8.0,
      7.0,
      3.0,
      45.0,
      2.0,
      13.0,
      55.0,
      25.0,
      4.0,
      7.0,
      2.0,
      0.0,
      22.0,
      9.0,
      31.0,
      19.0,
      5.0,
      19.0,
      7.0,
      5.0,
      7.0,
      11.0,
      13.0
    ],
    [
      23.0,
      23.0,
      20.0,
      20.0,
      22.0,
      20.0,
      21.0,
      24.0,
      23.0,
      22.0,
      20.0,
      21.0,
      19.0,
      22.0,
      22.0,
      25.0,
      21.0,
      22.0,
      28.0,
      20.0,
      16.0,
      23.0,
      23.0,
      42.0,
      22.0,
      19.0,
      58.0,
      38.0,
      20.0,
      19.0,
      22.0,
      22.0,
      0.0,
      24.0,
      45.0,
      34.0,
      20.0,
      34.0,
      27.0,
      25.0,
      23.0,
      24.0,
      30.0
    ],
    [
      9.0,
      11.0,
      12.0,
      8.0,
      8.0,
      24.0,
      6.0,
      9.0,
      5.0,
      24.0,
      26.0,
      7.0,
      21.0,
      31.0,
      2.0,
      8.0,
      5.0,
      6.0,
      12.0,
      8.0,
      11.0,
      5.0,
      10.0,
      51.0,
      7.0,
      19.0,
      54.0,
      32.0,
      3.0,
      13.0,
      5.0,
      9.0,
      24.0,
      0.0,
      38.0,
      26.0,
      8.0,
      26.0,
      9.0,
      12.0,
      14.0,
      7.0,
      20.0
    ],
    [
      37.0,
      31.0,
      28.0,
      35.0,
      36.0,
      36.0,
      36.0,
      38.0,
      38.0,
      35.0,
      34.0,
      35.0,
      40.0,
      35.0,
      38.0,
      39.0,
      36.0,
      36.0,
      42.0,
      36.0,
      33.0,
      38.0,
      31.0,
      36.0,
      33.0,
      35.0,
      82.0,
      21.0,
      35.0,
      31.0,
      33.0,
      31.0,
      45.0,
      38.0,
      0.0,
      26.0,
      37.0,
      29.0,
      38.0,
      31.0,
      31.0,
      35.0,
      27.0
    ],
    [
      26.0,
      20.0,
      17.0,
      23.0,
      25.0,
      25.0,
      24.0,
      26.0,
      27.0,
      23.0,
      22.0,
      23.0,
      29.0,
      23.0,
      26.0,
      27.0,
      24.0,
      25.0,
      30.0,
      24.0,
      21.0,
      27.0,
      19.0,
      38.0,
      21.0,
      23.0,
      71.0,
      14.0,
      23.0,
      19.0,
      21.0,
      19.0,
      34.0,
