{
  "drive_dist_matrix": [
    [
      0.0,
      9.6,
      10.3,
      9.6,
      9.8,
      18.2,
      4.0,
      1.5,
      1.3,
      2.3,
      2.4,
      13.7,
      96.8,
      9.9,
      9.3,
      1.5,
      19.2,
      38.5,
      10.3,
      17.8,
      14.4,
      68.6,
      213.0,
      18.7,
      10.5,
      15.3,
      10.3,
      19.6,
      18.7,
      236.0,
      20.6,
      14.7,
      13.8,
      9.3,
      9.5
    ],
    [
      9.6,
      0.0,
      1.6,
      0.7,
      14.2,
      8.3,
      8.1,
      9.0,
      8.9,
      9.8,
      9.9,
      3.5,
      70.5,
      1.0,
      0.9,
      6.6,
      4.7,
      28.4,
      1.6,
      10.1,
      5.1,
      66.7,
      186.0,
      13.8,
      8.6,
      12.0,
      1.6,
      5.7,
      7.7,
      234.0,
      5.7,
      3.2,
      10.4,
      13.7,
      0.65
    ],
    [
      10.3,
      1.6,
      0.0,
      1.7,
      15.2,
      8.1,
      9.1,
      10.0,
      9.9,
      10.8,
      10.9,
      3.0,
      67.4,
      1.6,
      1.8,
      7.5,
      4.0,
      27.6,
      0.008,
      9.3,
      4.0,
      64.7,
      183.0,
      13.6,
      9.6,
      11.8,
      0.019,
      4.7,
      6.9,
      232.0,
      5.0,
      2.7,
      10.2,
      14.7,
      1.6
    ],
    [
      9.6,
      0.7,
      1.7,
      0.0,
      14.1,
      8.7,
      8.0,
      8.9,
      8.8,
      9.7,
      9.8,
      4.0,
      70.6,
      1.5,
      0.3,
      6.4,
      4.8,
      36.5,
      2.3,
      15.8,
      5.5,
      66.5,
      187.0,
      16.7,
      8.5,
      13.3,
      2.3,
      5.7,
      8.1,
      233.0,
      5.9,
      3.6,
      11.8,
      13.6,
      0.5
    ],
    [
      9.8,
      14.2,
      15.2,
      14.1,
      0.0,
      17.2,
      10.4,
      8.0,
      8.4,
      8.4,
      7.0,
      16.3,
      83.4,
      16.3,
      14.7,
      10.7,
      13.8,
      49.7,
      15.0,
      24.3,
      16.4,
      75.0,
      199.0,
      25.2,
      16.9,
      21.8,
      15.0,
      14.4,
      17.9,
      242.0,
      13.4,
      16.0,
      20.2,
      9.3,
      14.9
    ],
    [
      18.2,
      8.3,
      8.1,
      8.7,
      17.2,
      0.0,
      16.4,
      17.3,
      17.2,
      18.1,
      18.3,
      4.2,
      68.5,
      7.7,
      8.2,
      14.9,
      4.1,
      29.2,
      6.4,
      2.9,
      3.1,
      58.3,
      184.0,
      10.3,
      14.0,
      11.9,
      6.4,
      4.6,
      1.8,
      225.0,
      4.7,
      4.4,
      13.7,
      22.1,
      8.0
    ],
    [
      4.0,
      8.1,
      9.1,
      8.0,
      10.4,
      16.4,
      0.0,
      7.7,
      7.6,
      8.5,
      8.6,
      9.8,
      82.5,
      5.9,
      5.3,
      5.2,
      15.2,
      34.6,
      6.3,
      13.9,
      10.4,
      64.6,
      198.0,
      14.7,
      6.5,
      11.4,
      6.3,
      15.6,
      14.7,
      232.0,
      15.8,
      10.7,
      9.8,
      12.4,
      5.5
    ],
    [
      1.5,
      9.0,
      10.0,
      8.9,
      8.0,
      17.3,
      7.7,
      0.0,
      1.1,
      1.6,
      1.1,
      14.3,
      87.5,
      10.4,
      9.9,
      2.7,
      14.8,
      39.1,
      10.8,
      18.4,
      15.0,
      69.1,
      203.0,
      19.2,
      11.0,
      15.9,
      10.8,
      15.3,
      19.2,
      236.0,
      14.3,
      15.2,
      14.3,
      10.7,
      10.0
    ],
    [
      1.3,
      8.9,
      9.9,
      8.8,
      8.4,
      17.2,
      7.6,
      1.1,
      0.0,
      0.9,
      2.0,
      15.2,
      87.8,
      11.3,
      10.8,
      2.6,
      15.0,
      40.0,
      11.7,
      19.3,
      15.9,
      70.0,
      204.0,
      20.2,
      11.9,
      16.8,
      11.7,
      15.6,
      20.1,
      237.0,
      14.6,
      16.2,
      15.2,
      10.4,
      10.9
    ],
    [
      2.3,
      9.8,
      10.8,
      9.7,
      8.4,
      18.1,
      8.5,
      1.6,
      0.9,
      0.0,
      1.9,
      16.1,
      87.7,
      12.3,
      11.7,
      3.5,
      15.0,
      40.9,
      12.6,
      20.2,
      17.6,
      70.9,
      204.0,
      21.1,
      12.9,
      17.7,
      12.7,
      15.5,
      21.1,
      238.0,
      14.5,
      17.2,
      16.2,
      11.3,
      11.8
    ],
    [
      2.4,
      9.9,
      10.9,
      9.8,
      7.0,
      18.3,
      8.6,
      1.1,
      2.0,
      1.9,
      0.0,
      16.1,
      86.3,
      11.5,
      10.9,
      3.6,
      13.6,
      52.6,
      14.8,
      19.4,
      16.2,
      70.1,
      202.0,
      20.3,
      12.1,
      16.9,
      14.8,
      14.1,
      17.7,
      237.0,
      13.1,
      15.8,
      15.4,
      12.1,
      11.0
    ],
    [
      13.7,
      3.5,
      3.0,
      4.0,
      16.3,
      4.2,
      9.8,
      14.3,
      15.2,
      16.1,
      16.1,
      0.0,
      67.4,
      3.7,
      4.0,
      10.9,
      3.6,
      26.1,
      2.9,
      7.7,
      1.9,
      62.2,
      183.0,
      11.5,
      10.0,
      8.7,
      3.0,
      4.3,
      5.3,
      229.0,
      4.6,
      0.8,
      9.7,
      18.1,
      3.9
    ],
    [
      96.8,
      70.5,
      67.4,
      70.6,
      83.4,
      68.5,
      82.5,
      87.5,
      87.8,
      87.7,
      86.3,
      67.4,
      0.0,
      71.7,
      70.6,
      93.6,
      65.1,
      70.8,
      67.0,
      69.7,
      65.8,
      74.9,
      126.0,
      82.5,
      107.0,
      89.3,
      67.0,
      64.7,
      65.7,
      184.0,
      64.7,
      65.9,
      105.0,
      91.2,
      70.7
    ],
    [
      9.9,
      1.0,
      1.6,
      1.5,
      16.3,
      7.7,
      5.9,
      10.4,
      11.3,
      12.3,
      11.5,
      3.7,
      71.7,
      0.0,
      1.9,
      6.2,
      5.3,
      36.4,
      3.3,
      15.7,
      4.9,
      66.4,
      189.0,
      16.5,
      8.3,
      13.2,
      3.3,
      6.1,
      7.8,
      233.0,
      6.4,
      3.6,
      11.6,
      13.4,
      1.0
    ],
    [
      9.3,
      0.9,
      1.8,
      0.3,
      14.7,
      8.2,
      5.3,
      9.9,
      10.8,
      11.7,
      10.9,
      4.0,
      70.6,
      1.9,
      0.0,
      6.2,
      5.1,
      36.3,
      2.6,
      15.6,
      5.7,
      66.3,
      187.0,
      16.4,
      8.2,
      13.1,
      2.6,
      6.0,
      8.4,
      233.0,
      6.2,
      3.9,
      11.5,
      13.4,
      0.25
    ],
    [
      1.5,
      6.6,
      7.5,
      6.4,
      10.7,
      14.9,
      5.2,
      2.7,
      2.6,
      3.5,
      3.6,
      10.9,
      93.6,
      6.2,
      6.2,
      0.0,
      18.2,
      37.6,
      9.4,
      16.9,
      13.5,
      67.6,
      212.0,
      17.8,
      9.6,
      14.4,
      9.4,
      18.7,
      17.8,
      235.0,
      19.4,
      13.8,
      12.9,
      8.1,
      8.6
    ],
    [
      19.2,
      4.7,
      4.0,
      4.8,
      13.8,
      4.1,
      15.2,
      14.8,
      15.0,
      15.0,
      13.6,
      3.6,
      65.1,
      5.3,
      5.1,
      18.2,
      0.0,
      32.9,
      3.5,
      6.7,
      2.8,
      64.4,
      182.0,
      13.9,
      14.9,
      12.8,
      3.5,
      1.1,
      4.9,
      231.0,
      1.1,
      2.4,
      12.2,
      20.1,
      5.1
    ],
    [
      38.5,
      28.4,
      27.6,
      36.5,
      49.7,
      29.2,
      34.6,
      39.1,
      40.0,
      40.9,
      52.6,
      26.1,
      70.8,
      36.4,
      36.3,
      37.6,
      32.9,
      0.0,
      27.2,
      19.2,
      24.9,
      43.9,
      186.0,
      31.8,
      34.8,
      38.5,
      27.2,
      33.6,
      21.7,
      211.0,
      32.3,
      26.3,
      54.6,
      60.3,
      38.3
    ],
    [
      10.3,
      1.6,
      0.008,
      2.3,
      15.0,
      6.4,
      6.3,
      10.8,
      11.7,
      12.6,
      14.8,
      2.9,
      67.0,
      3.3,
      2.6,
      9.4,
      3.5,
      27.2,
      0.0,
      9.3,
      4.0,
      64.7,
      183.0,
      13.6,
      9.6,
      11.8,
      0.028,
      4.7,
      6.9,
      232.0,
      5.0,
      2.7,
      10.2,
      14.7,
      1.7
    ],
    [
      17.8,
      10.1,
      9.3,
      15.8,
      24.3,
      2.9,
      13.9,
      18.4,
      19.3,
      20.2,
      19.4,
      7.7,
      69.7,
      15.7,
      15.6,
      16.9,
      6.7,
      19.2,
      9.3,
      0.0,
      5.3,
      56.0,
      185.0,
      9.5,
      14.5,
      11.9,
      7.7,
      6.6,
      2.1,
      223.0,
      7.6,
      6.8,
      14.3,
      22.6,
      9.3
    ],
    [
      14.4,
      5.1,
      4.0,
      5.5,
      16.4,
      3.1,
      10.4,
      15.0,
      15.9,
      17.6,
      16.2,
      1.9,
      65.8,
      4.9,
      5.7,
      13.5,
      2.8,
      24.9,
      4.0,
      5.3,
      0.0,
      60.7,
      182.0,
      10.8,
      10.9,
      10.7,
      2.9,
      3.7,
      4.8,
      228.0,
      4.0,
      1.5,
      10.6,
      19.0,
      4.5
    ],
    [
      68.6,
      66.7,
      64.7,
      66.5,
      75.0,
      58.3,
      64.6,
      69.1,
      70.0,
      70.9,
      70.1,
      62.2,
      74.9,
      66.4,
      66.3,
      67.6,
      64.4,
      43.9,
      64.7,
      56.0,
      60.7,
      0.0,
      231.0,
      55.7,
      65.3,
      62.4,
      62.7,
      64.1,
      58.0,
      168.0,
      64.2,
      63.1,
      78.5,
      84.2,
      66.6
    ],
    [
      213.0,
      186.0,
      183.0,
      187.0,
      199.0,
      184.0,
      198.0,
      203.0,
      204.0,
      204.0,
      202.0,
      183.0,
      126.0,
      189.0,
      187.0,
      212.0,
      182.0,
      186.0,
      183.0,
      185.0,
      182.0,
      231.0,
      0.0,
      197.0,
      221.0,
      203.0,
      181.0,
      179.0,
      180.0,
      198.0,
      179.0,
      180.0,
      219.0,
      205.0,
      185.0
    ],
    [
      18.7,
      13.8,
      13.6,
      16.7,
      25.2,
      10.3,
      14.7,
      19.2,
      20.2,
      21.1,
      20.3,
      11.5,
      82.5,
      16.5,
      16.4,
      17.8,
      13.9,
      31.8,
      13.6,
      9.5,
      10.8,
      55.7,
      197.0,
      0.0,
      18.8,
      7.3,
      13.3,
      14.1,
      10.2,
      221.0,
      14.3,
      12.4,
      13.3,
      24.2,
      16.6
    ],
    [
      10.5,
      8.6,
      9.6,
      8.5,
      16.9,
      14.0,
      6.5,
      11.0,
      11.9,
      12.9,
      12.1,
      10.0,
      107.0,
      8.3,
      8.2,
      9.6,
      14.9,
      34.8,
      9.6,
      14.5,
      10.9,
      65.3,
      221.0,
      18.8,
      0.0,
      6.1,
      10.0,
      16.7,
      15.8,
      246.0,
      13.8,
      10.9,
      4.6,
      13.0,
      11.7
    ],
    [
      15.3,
      12.0,
      11.8,
      13.3,
      21.8,
      11.9,
      11.4,
      15.9,
      16.8,
      17.7,
      16.9,
      8.7,
      89.3,
      13.2,
      13.1,
      14.4,
      12.8,
      38.5,
      11.8,
      11.9,
      10.7,
      62.4,
      203.0,
      7.3,
      6.1,
      0.0,
      10.4,
      12.0,
      11.9,
      230.0,
      12.2,
      9.2,
      4.5,
      21.6,
      12.3
    ],
    [
      10.3,
      1.6,
      0.019,
      2.3,
      15.0,
      6.4,
      6.3,
      10.8,
      11.7,
      12.7,
      14.8,
      3.0,
      67.0,
      3.3,
      2.6,
      9.4,
      3.5,
      27.2,
      0.028,
      7.7,
      2.9,
      62.7,
      181.0,
      13.3,
      10.0,
      10.4,
      0.0,
      4.7,
      6.9,
      232.0,
      5.0,
      2.6,
      10.2,
      14.7,
      1.6
    ],
    [
      19.6,
      5.7,
      4.7,
      5.7,
      14.4,
      4.6,
      15.6,
      15.3,
      15.6,
      15.5,
      14.1,
      4.3,
      64.7,
      6.1,
      6.0,
      18.7,
      1.1,
      33.6,
      4.7,
      6.6,
      3.7,
      64.1,
      179.0,
      14.1,
      16.7,
      12.0,
      4.7,
      0.0,
      5.4,
      232.0,
      1.6,
      3.2,
      15.1,
      21.3,
      6.1
    ],
    [
      18.7,
      7.7,
      6.9,
      8.1,
      17.9,
      1.8,
      14.7,
      19.2,
      20.1,
      21.1,
      17.7,
      5.3,
      65.7,
      7.8,
      8.4,
      17.8,
      4.9,
      21.7,
      6.9,
      2.1,
      4.8,
      58.0,
      180.0,
      10.2,
      15.8,
      11.9,
      6.9,
      5.4,
      0.0,
      224.0,
      5.7,
      6.5,
      14.6,
      23.0,
      9.0
    ],
    [
      236.0,
      234.0,
      232.0,
      233.0,
      242.0,
      225.0,
      232.0,
      236.0,
      237.0,
      238.0,
      237.0,
      229.0,
      184.0,
      233.0,
      233.0,
      235.0,
      231.0,
      211.0,
      232.0,
      223.0,
      228.0,
      168.0,
      198.0,
      221.0,
      246.0,
      230.0,
      232.0,
      232.0,
      224.0,
      0.0,
      231.0,
      230.0,
      245.0,
      251.0,
      234.0
    ],
    [
      20.6,
      5.7,
      5.0,
      5.9,
      13.4,
      4.7,
      15.8,
      14.3,
      14.6,
      14.5,
      13.1,
      4.6,
      64.7,
      6.4,
      6.2,
      19.4,
      1.1,
      32.3,
      5.0,
      7.6,
      4.0,
      64.2,
      179.0,
      14.3,
      13.8,
      12.2,
      5.0,
      1.6,
      5.7,
      231.0,
      0.0,
      3.3,
      15.2,
      20.7,
      6.2
    ],
    [
      14.7,
      3.2,
      2.7,
      3.6,
      16.0,
      4.4,
      10.7,
      15.2,
      16.2,
      17.2,
      15.8,
      0.8,
      65.9,
      3.6,
      3.9,
      13.8,
      2.4,
      26.3,
      2.7,
      6.8,
      1.5,
      63.1,
      180.0,
      12.4,
      10.9,
      9.2,
      2.6,
      3.2,
      6.5,
      230.0,
      3.3,
      0.0,
      10.3,
      18.8,
      3.7
    ],
    [
      13.8,
      10.4,
      10.2,
      11.8,
      20.2,
      13.7,
      9.8,
      14.3,
      15.2,
      16.2,
      15.4,
      9.7,
      105.0,
      11.6,
      11.5,
      12.9,
      12.2,
      54.6,
      10.2,
      14.3,
      10.6,
      78.5,
      219.0,
      13.3,
      4.6,
      4.5,
      10.2,
      15.1,
      14.6,
      245.0,
      15.2,
      10.3,
      0.0,
      17.7,
      12.3
    ],
    [
      9.3,
      13.7,
      14.7,
      13.6,
      9.3,
      22.1,
      12.4,
      10.7,
      10.4,
      11.3,
      12.1,
      18.1,
      91.2,
      13.4,
      13.4,
      8.1,
      20.1,
      60.3,
      14.7,
      22.6,
      19.0,
      84.2,
      205.0,
      24.2,
      13.0,
      21.6,
      14.7,
      21.3,
      23.0,
      251.0,
      20.7,
      18.8,
      17.7,
      0.0,
      14.2
    ],
    [
      9.5,
      0.65,
      1.6,
      0.5,
      14.9,
      8.0,
      5.5,
      10.0,
      10.9,
      11.8,
      11.0,
      3.9,
      70.7,
      1.0,
      0.25,
      8.6,
      5.1,
      38.3,
      1.7,
      9.3,
      4.5,
      66.6,
      185.0,
      16.6,
      11.7,
      12.3,
      1.6,
      6.1,
      9.0,
      234.0,
      6.2,
      3.7,
      12.3,
      14.2,
      0.0
    ]
  ],
  "drive_time_matrix": [
    [
      0.0,
      25.0,
      30.0,
      25.0,
      16.0,
      32.0,
      9.0,
      6.0,
      16.0,
      9.0,
      9.0,
      27.0,
      77.0,
      26.0,
      25.0,
      4.0,
      31.0,
      56.0,
      30.0,
      28.0,
      31.0,
      64.0,
      154.0,
      31.0,
      22.0,
      31.0,
      30.0,
      32.0,
      33.0,
      169.0,
      32.0,
      31.0,
      26.0,
      19.0,
      24.0
    ],
    [
      25.0,
      0.0,
      9.0,
      10.0,
      26.0,
      22.0,
      20.0,
      23.0,
      23.0,
      26.0,
      27.0,
      13.0,
      75.0,
      4.0,
      11.0,
      16.0,
      16.0,
      56.0,
      9.0,
      27.0,
      18.0,
      65.0,
      152.0,
      32.0,
      23.0,
      30.0,
      9.0,
      20.0,
      25.0,
      170.0,
      20.0,
      14.0,
      24.0,
      29.0,
      11.0
    ],
    [
      30.0,
      9.0,
      0.0,
      8.0,
      30.0,
      23.0,
      24.0,
      28.0,
      28.0,
      31.0,
      31.0,
      13.0,
      75.0,
      8.0,
      8.0,
      20.0,
      16.0,
      56.0,
      1.0,
      27.0,
      17.0,
      67.0,
      152.0,
      32.0,
      27.0,
      32.0,
      1.0,
      19.0,
      24.0,
      171.0,
      18.0,
      14.0,
      26.0,
      34.0,
      8.0
    ],
    [
      25.0,
      10.0,
      8.0,
      0.0,
      24.0,
      24.0,
      18.0,
      22.0,
      22.0,
      25.0,
      25.0,
      15.0,
      74.0,
      6.0,
      4.0,
      14.0,
      15.0,
      55.0,
      9.0,
      26.0,
      20.0,
      63.0,
      151.0,
      29.0,
      20.0,
      30.0,
      9.0,
      20.0,
      27.0,
      168.0,
      19.0,
      16.0,
      24.0,
      28.0,
      7.0
    ],
    [
      16.0,
      26.0,
      30.0,
      24.0,
      0.0,
      33.0,
      15.0,
      16.0,
      18.0,
      18.0,
      13.0,
      30.0,
      68.0,
      31.0,
      28.0,
      17.0,
      22.0,
      55.0,
      31.0,
      33.0,
      31.0,
      70.0,
      145.0,
      36.0,
      27.0,
      37.0,
      31.0,
      25.0,
      35.0,
      175.0,
      21.0,
      29.0,
      31.0,
      17.0,
      29.0
    ],
    [
      32.0,
      22.0,
      23.0,
      24.0,
      33.0,
      0.0,
      29.0,
      33.0,
      33.0,
      36.0,
      36.0,
      13.0,
      63.0,
      23.0,
      25.0,
      25.0,
      15.0,
      42.0,
      18.0,
      12.0,
      11.0,
      56.0,
      140.0,
      22.0,
      31.0,
      25.0,
      18.0,
      16.0,
      7.0,
      161.0,
      18.0,
      16.0,
      29.0,
      39.0,
      24.0
    ],
    [
      9.0,
      20.0,
      24.0,
      18.0,
      15.0,
      29.0,
      0.0,
      16.0,
      16.0,
      19.0,
      19.0,
      18.0,
      72.0,
      17.0,
      15.0,
      8.0,
      22.0,
      47.0,
      21.0,
      19.0,
      22.0,
      55.0,
      149.0,
      22.0,
      13.0,
      22.0,
      21.0,
      23.0,
      24.0,
      160.0,
      25.0,
      22.0,
      16.0,
      22.0,
      15.0
    ],
    [
      6.0,
      23.0,
      28.0,
      22.0,
      16.0,
      33.0,
      16.0,
      0.0,
      4.0,
      6.0,
      4.0,
      30.0,
      78.0,
      29.0,
      27.0,
      9.0,
      28.0,
      59.0,
      33.0,
      31.0,
      34.0,
      67.0,
      155.0,
      34.0,
      25.0,
      34.0,
      33.0,
      31.0,
      36.0,
      172.0,
      27.0,
      34.0,
      28.0,
      24.0,
      27.0
    ],
    [
      16.0,
      23.0,
      28.0,
      22.0,
      18.0,
      33.0,
      16.0,
      4.0,
      0.0,
      3.0,
      7.0,
      32.0,
      79.0,
      30.0,
      29.0,
      8.0,
      29.0,
      61.0,
      34.0,
      32.0,
      35.0,
      69.0,
      156.0,
      35.0,
      26.0,
      36.0,
      34.0,
      32.0,
      37.0,
      174.0,
      28.0,
      35.0,
      30.0,
      24.0,
      29.0
    ],
    [
      9.0,
      26.0,
      31.0,
      25.0,
      18.0,
      36.0,
      19.0,
      6.0,
      3.0,
      0.0,
      7.0,
      35.0,
      79.0,
      33.0,
      32.0,
      12.0,
      29.0,
      64.0,
      38.0,
      36.0,
      38.0,
      72.0,
      156.0,
      39.0,
      30.0,
      39.0,
      38.0,
      32.0,
      41.0,
      177.0,
      28.0,
      36.0,
      33.0,
      27.0,
      32.0
    ],
    [
      9.0,
      27.0,
      31.0,
      25.0,
      13.0,
      36.0,
      19.0,
      4.0,
      7.0,
      7.0,
      0.0,
      32.0,
      74.0,
      32.0,
      31.0,
      12.0,
      24.0,
      60.0,
      33.0,
      34.0,
      32.0,
      71.0,
      151.0,
      37.0,
      28.0,
      37.0,
      33.0,
      27.0,
      37.0,
      175.0,
      23.0,
      31.0,
      32.0,
      22.0,
      30.0
    ],
    [
      27.0,
      13.0,
      13.0,
      15.0,
      30.0,
      13.0,
      18.0,
      30.0,
      32.0,
      35.0,
      32.0,
      0.0,
      70.0,
      12.0,
      14.0,
      18.0,
      12.0,
      49.0,
      10.0,
      20.0,
      8.0,
      58.0,
      147.0,
      25.0,
      24.0,
      22.0,
      10.0,
      15.0,
      18.0,
      163.0,
      15.0,
      10.0,
      21.0,
      32.0,
      14.0
    ],
    [
      77.0,
      75.0,
      75.0,
      74.0,
      68.0,
      63.0,
      72.0,
      78.0,
      79.0,
      79.0,
      74.0,
      70.0,
      0.0,
      75.0,
      71.0,
      74.0,
      63.0,
      60.0,
      72.0,
      63.0,
      68.0,
      81.0,
      97.0,
      61.0,
      84.0,
      72.0,
      72.0,
      65.0,
      68.0,
      182.0,
      63.0,
      69.0,
      77.0,
      75.0,
      72.0
    ],
    [
      26.0,
      4.0,
      8.0,
      6.0,
      31.0,
      23.0,
      17.0,
      29.0,
      30.0,
      33.0,
      32.0,
      12.0,
      75.0,
      0.0,
      8.0,
      14.0,
      21.0,
      55.0,
      14.0,
      27.0,
      21.0,
      64.0,
      157.0,
      30.0,
      21.0,
      30.0,
      14.0,
      24.0,
      28.0,
      168.0,
      24.0,
      17.0,
      25.0,
      28.0,
      14.0
    ],
    [
      25.0,
      11.0,
      8.0,
      4.0,
      28.0,
      25.0,
      15.0,
      27.0,
      29.0,
      32.0,
      31.0,
      14.0,
      71.0,
      8.0,
      0.0,
      14.0,
      16.0,
      54.0,
      10.0,
      26.0,
      21.0,
      62.0,
      152.0,
      29.0,
      20.0,
      29.0,
      10.0,
      21.0,
      27.0,
      167.0,
      20.0,
      17.0,
      23.0,
      27.0,
      3.0
    ],
    [
      4.0,
      16.0,
      20.0,
      14.0,
      17.0,
      25.0,
      8.0,
      9.0,
      8.0,
      12.0,
      12.0,
      18.0,
      74.0,
      14.0,
      14.0,
      0.0,
      28.0,
      53.0,
      27.0,
      25.0,
      28.0,
      61.0,
      150.0,
      28.0,
      19.0,
      28.0,
      27.0,
      29.0,
      30.0,
      166.0,
      29.0,
      28.0,
      22.0,
      16.0,
      21.0
    ],
    [
      31.0,
      16.0,
      16.0,
      15.0,
      22.0,
      15.0,
      22.0,
      28.0,
      29.0,
      29.0,
      24.0,
      12.0,
      63.0,
      21.0,
      16.0,
      28.0,
      0.0,
      50.0,
      12.0,
      23.0,
      10.0,
      60.0,
      140.0,
      26.0,
      30.0,
      25.0,
      13.0,
      5.0,
      16.0,
      165.0,
      3.0,
      9.0,
      30.0,
      36.0,
      16.0
    ],
    [
      56.0,
      56.0,
      56.0,
      55.0,
      55.0,
      42.0,
      47.0,
      59.0,
      61.0,
      64.0,
      60.0,
      49.0,
      60.0,
      55.0,
      54.0,
      53.0,
      50.0,
      0.0,
      52.0,
      35.0,
      46.0,
      50.0,
      134.0,
      34.0,
      55.0,
      44.0,
      52.0,
      50.0,
      44.0,
      154.0,
      49.0,
      51.0,
      51.0,
      52.0,
      57.0
    ],
    [
      30.0,
      9.0,
      1.0,
      9.0,
      31.0,
      18.0,
      21.0,
      33.0,
      34.0,
      38.0,
      33.0,
      10.0,
      72.0,
      14.0,
      10.0,
      27.0,
      12.0,
      52.0,
      0.0,
      27.0,
      17.0,
      67.0,
      152.0,
      32.0,
      27.0,
      32.0,
      1.0,
      19.0,
      24.0,
      171.0,
      18.0,
      14.0,
      26.0,
      34.0,
      8.0
    ],
    [
      28.0,
      27.0,
      27.0,
      26.0,
      33.0,
      12.0,
      19.0,
      31.0,
      32.0,
      36.0,
      34.0,
      20.0,
      63.0,
      27.0,
      26.0,
      25.0,
      23.0,
      35.0,
      27.0,
      0.0,
      17.0,
      49.0,
      138.0,
      21.0,
      29.0,
      27.0,
      23.0,
      22.0,
      9.0,
      154.0,
      25.0,
      21.0,
      27.0,
      37.0,
      30.0
    ],
    [
      31.0,
      18.0,
      17.0,
      20.0,
      31.0,
      11.0,
      22.0,
      34.0,
      35.0,
      38.0,
      32.0,
      8.0,
      68.0,
      21.0,
      21.0,
      28.0,
      10.0,
      46.0,
      17.0,
      17.0,
      0.0,
      60.0,
      142.0,
      24.0,
      28.0,
      23.0,
      10.0,
      13.0,
      15.0,
      165.0,
      13.0,
      6.0,
      25.0,
      35.0,
      17.0
    ],
    [
      64.0,
      65.0,
      67.0,
      63.0,
      70.0,
      56.0,
      55.0,
      67.0,
      69.0,
      72.0,
      71.0,
      58.0,
      81.0,
      64.0,
      62.0,
      61.0,
      60.0,
      50.0,
      67.0,
      49.0,
      60.0,
      0.0,
      156.0,
      43.0,
      65.0,
      55.0,
      66.0,
      60.0,
      55.0,
      109.0,
      62.0,
      62.0,
      60.0,
      61.0,
      67.0
    ],
    [
      154.0,
      152.0,
      152.0,
      151.0,
      145.0,
      140.0,
      149.0,
      155.0,
      156.0,
      156.0,
      151.0,
      147.0,
      97.0,
      157.0,
      152.0,
      150.0,
      140.0,
      134.0,
      152.0,
      138.0,
      142.0,
      156.0,
      0.0,
      131.0,
      154.0,
      143.0,
      143.0,
      136.0,
      138.0,
      195.0,
      133.0,
      140.0,
      148.0,
      146.0,
      142.0
    ],
    [
      31.0,
      32.0,
      32.0,
      29.0,
      36.0,
      22.0,
      22.0,
      34.0,
      35.0,
      39.0,
      37.0,
      25.0,
      61.0,
      30.0,
      29.0,
      28.0,
      26.0,
      34.0,
      32.0,
      21.0,
      24.0,
      43.0,
      131.0,
      0.0,
      29.0,
      15.0,
      29.0,
      26.0,
      23.0,
      147.0,
      28.0,
      28.0,
      23.0,
      28.0,
      33.0
    ],
    [
      22.0,
      23.0,
      27.0,
      20.0,
      27.0,
      31.0,
      13.0,
      25.0,
      26.0,
      30.0,
      28.0,
      24.0,
      84.0,
      21.0,
      20.0,
      19.0,
      30.0,
      55.0,
      27.0,
      29.0,
      28.0,
      65.0,
      154.0,
      29.0,
      0.0,
      18.0,
      25.0,
      30.0,
      31.0,
      167.0,
      33.0,
      27.0,
      12.0,
      22.0,
      27.0
    ],
    [
      31.0,
      30.0,
      32.0,
      30.0,
      37.0,
      25.0,
      22.0,
      34.0,
      36.0,
      39.0,
      37.0,
      22.0,
      72.0,
      30.0,
      29.0,
      28.0,
      25.0,
      44.0,
      32.0,
      27.0,
      23.0,
      55.0,
      143.0,
      15.0,
      18.0,
      0.0,
      29.0,
      23.0,
      27.0,
      160.0,
      26.0,
      24.0,
      14.0,
      30.0,
      30.0
    ],
    [
      30.0,
      9.0,
      1.0,
      9.0,
      31.0,
      18.0,
      21.0,
      33.0,
      34.0,
      38.0,
      33.0,
      10.0,
      72.0,
      14.0,
      10.0,
      27.0,
      13.0,
      52.0,
      1.0,
      23.0,
      10.0,
      66.0,
      143.0,
      29.0,
      25.0,
      29.0,
      0.0,
      19.0,
      24.0,
      171.0,
      18.0,
      14.0,
      26.0,
      34.0,
      8.0
    ],
    [
      32.0,
      20.0,
      19.0,
      20.0,
      25.0,
      16.0,
      23.0,
      31.0,
      32.0,
      32.0,
      27.0,
      15.0,
      65.0,
      24.0,
      21.0,
      29.0,
      5.0,
      50.0,
      19.0,
      22.0,
      13.0,
      60.0,
      136.0,
      26.0,
      30.0,
      23.0,
      19.0,
      0.0,
      19.0,
      168.0,
      6.0,
      12.0,
      31.0,
      38.0,
      20.0
    ],
    [
      33.0,
      25.0,
      24.0,
      27.0,
      35.0,
      7.0,
      24.0,
      36.0,
      37.0,
      41.0,
      37.0,
      18.0,
      68.0,
      28.0,
      27.0,
      30.0,
      16.0,
      44.0,
      24.0,
      9.0,
      15.0,
      55.0,
      138.0,
      23.0,
      31.0,
      27.0,
      24.0,
      19.0,
      0.0,
      158.0,
      21.0,
      18.0,
      28.0,
      38.0,
      26.0
    ],
    [
      169.0,
      170.0,
      171.0,
      168.0,
      175.0,
      161.0,
      160.0,
      172.0,
      174.0,
      177.0,
      175.0,
      163.0,
      182.0,
      168.0,
      167.0,
      166.0,
      165.0,
      154.0,
      171.0,
      154.0,
      165.0,
      109.0,
      195.0,
      147.0,
      167.0,
      160.0,
      171.0,
      168.0,
      158.0,
      0.0,
      167.0,
      167.0,
      165.0,
      166.0,
      172.0
    ],
    [
      32.0,
      20.0,
      18.0,
      19.0,
      21.0,
      18.0,
      25.0,
      27.0,
      28.0,
      28.0,
      23.0,
      15.0,
      63.0,
      24.0,
      20.0,
      29.0,
      3.0,
      49.0,
      18.0,
      25.0,
      13.0,
      62.0,
      133.0,
      28.0,
      33.0,
      26.0,
      18.0,
      6.0,
      21.0,
      167.0,
      0.0,
      11.0,
      30.0,
      38.0,
      20.0
    ],
    [
      31.0,
      14.0,
      14.0,
      16.0,
      29.0,
      16.0,
      22.0,
      34.0,
      35.0,
      36.0,
      31.0,
      10.0,
      69.0,
      17.0,
      17.0,
      28.0,
      9.0,
      51.0,
      14.0,
      21.0,
      6.0,
      62.0,
      140.0,
      28.0,
      27.0,
      24.0,
      14.0,
      12.0,
      18.0,
      167.0,
      11.0,
      0.0,
      24.0,
      35.0,
      13.0
    ],
    [
      26.0,
      24.0,
      26.0,
      24.0,
      31.0,
      29.0,
      16.0,
      28.0,
      30.0,
      33.0,
      32.0,
      21.0,
      77.0,
      25.0,
      23.0,
      22.0,
      30.0,
      51.0,
      26.0,
      27.0,
      25.0,
      60.0,
      148.0,
      23.0,
      12.0,
      14.0,
      26.0,
      31.0,
      28.0,
      165.0,
      30.0,
      24.0,
      0.0,
      23.0,
      26.0
    ],
    [
      19.0,
      29.0,
      34.0,
      28.0,
      17.0,
      39.0,
      22.0,
      24.0,
      24.0,
      27.0,
      22.0,
      32.0,
      75.0,
      28.0,
      27.0,
      16.0,
      36.0,
      52.0,
      34.0,
      37.0,
      35.0,
      61.0,
      146.0,
      28.0,
      22.0,
      30.0,
      34.0,
      38.0,
      38.0,
      166.0,
      38.0,
      35.0,
      23.0,
      0.0,
      30.0
    ],
    [
      24.0,
      11.0,
      8.0,
      7.0,
      29.0,
      24.0,
      15.0,
      27.0,
      29.0,
      32.0,
      30.0,
      14.0,
      72.0,
      14.0,
      3.0,
      21.0,
      16.0,
      57.0,
      8.0,
      30.0,
      17.0,
      67.0,
      142.0,
      33.0,
      27.0,
      30.0,
      8.0,
      20.0,
      26.0,
      172.0,
      20.0,
      13.0,
      26.0,
      30.0,
      0.0
    ]
  ],
  "transit_dist_walk_matrix": [
    [
      0.0,
      NaN,
      NaN,
      NaN,
      NaN,
      NaN,
      NaN,
      NaN,
      NaN,
      NaN,
      NaN,
      NaN,
      NaN,
      NaN,
      NaN,
      NaN,
      NaN,
      NaN,
      NaN,
      NaN,
      NaN,
      NaN,
      NaN,
      NaN,
      NaN,
      NaN,
      NaN,
      NaN,
      NaN,
      NaN,
      NaN,
      NaN,
      NaN,
      NaN,
      NaN
    ],
    [
      NaN,
      0.0,
      NaN,
      NaN,
      NaN,
      NaN,
      NaN,
      NaN,
      NaN,
      NaN,
      NaN,
      NaN,
      NaN,
      NaN,
      NaN,
      NaN,
      NaN,
      NaN,
      NaN,
      NaN,
      NaN,
      NaN,
      NaN,
      NaN,
      NaN,
      NaN,
      NaN,
      NaN,
      NaN,
      NaN,
      NaN,
      NaN,
      NaN,
      NaN,
      NaN
    ],
    [
      NaN,
      NaN,
      0.0,
      NaN,
      NaN,
      NaN,
      NaN,
      NaN,
      NaN,
      NaN,
      NaN,
      NaN,
      NaN,
      NaN,
      NaN,
      NaN,
      NaN,
      NaN,
      NaN,
      NaN,
      NaN,
      NaN,
      NaN,
      NaN,
      NaN,
      NaN,
      NaN,
      NaN,
      NaN,
      NaN,
      NaN,
      NaN,
      NaN,
      NaN,
      NaN
    ],
    [
      NaN,
      NaN,
      NaN,
      0.0,
      NaN,
      NaN,
      NaN,
      NaN,
      NaN,
      NaN,
      NaN,
      NaN,
      NaN,
      NaN,
      NaN,
      NaN,
      NaN,
      NaN,
      NaN,
      NaN,
      NaN,
      NaN,
      NaN,
      NaN,
      NaN,
      NaN,
      NaN,
      NaN,
      NaN,
      NaN,
      NaN,
      NaN,
      NaN,
      NaN,
      NaN
    ],
    [
      NaN,
      NaN,
      NaN,
      NaN,
      0.0,
      NaN,
      NaN,
      NaN,
      NaN,
      NaN,
      NaN,
      NaN,
      NaN,
      NaN,
      NaN,
      NaN,
      NaN,
      NaN,
      NaN,
      NaN,
      NaN,
      NaN,
      NaN,
      NaN,
      NaN,
      NaN,
      NaN,
      NaN,
      NaN,
      NaN,
      NaN,
      NaN,
      NaN,
      NaN,
      NaN
    ],
    [
      NaN,
      NaN,
      NaN,
      NaN,
      NaN,
      0.0,
      NaN,
      NaN,
      NaN,
      NaN,
      NaN,
      NaN,
      NaN,
      NaN,
      NaN,
      NaN,
      NaN,
      NaN,
      NaN,
      NaN,
      NaN,
      NaN,
      NaN,
      NaN,
      NaN,
      NaN,
      NaN,
      NaN,
      NaN,
      NaN,
      NaN,
      NaN,
      NaN,
      NaN,
      NaN
    ],
    [
      NaN,
      NaN,
      NaN,
      NaN,
      NaN,
      NaN,
      0.0,
      NaN,
      NaN,
      NaN,
      NaN,
      NaN,
      NaN,
      NaN,
      NaN,
      NaN,
      NaN,
      NaN,
      NaN,
      NaN,
      NaN,
      NaN,
      NaN,
      NaN,
      NaN,
      NaN,
      NaN,
      NaN,
      NaN,
      NaN,
      NaN,
      NaN,
      NaN,
      NaN,
      NaN
    ],
    [
      NaN,
      NaN,
      NaN,
      NaN,
      NaN,
      NaN,
      NaN,
      0.0,
      NaN,
      NaN,
      NaN,
      NaN,
      NaN,
      NaN,
      NaN,
      NaN,
      NaN,
      NaN,
      NaN,
      NaN,
      NaN,
      NaN,
      NaN,
      NaN,
      NaN,
      NaN,
      NaN,
      NaN,
      NaN,
      NaN,
      NaN,
      NaN,
      NaN,
      NaN,
      NaN
    ],
    [
      NaN,
      NaN,
      NaN,
      NaN,
      NaN,
      NaN,
      NaN,
      NaN,
      0.0,
      NaN,
      NaN,
      NaN,
      NaN,
      NaN,
      NaN,
      NaN,
      NaN,
      NaN,
      NaN,
      NaN,
      NaN,
      NaN,
      NaN,
      NaN,
      NaN,
      NaN,
      NaN,
      NaN,
      NaN,
      NaN,
      NaN,
      NaN,
      NaN,
      NaN,
      NaN
    ],
    [
      NaN,
      NaN,
      NaN,
      NaN,
      NaN,
      NaN,
      NaN,
      NaN,
      NaN,
      0.0,
      NaN,
      NaN,
      NaN,
      NaN,
      NaN,
      NaN,
      NaN,
      NaN,
      NaN,
      NaN,
      NaN,
      NaN,
      NaN,
      NaN,
      NaN,
      NaN,
      NaN,
      NaN,
      NaN,
      NaN,
      NaN,
      NaN,
      NaN,
      NaN,
      NaN
    ],
    [
      NaN,
      NaN,
      NaN,
      NaN,
      NaN,
      NaN,
      NaN,
      NaN,
      NaN,
      NaN,
      0.0,
      NaN,
      NaN,
      NaN,
      NaN,
      NaN,
      NaN,
      NaN,
      NaN,
      NaN,
      NaN,
      NaN,
      NaN,
      NaN,
      NaN,
      NaN,
      NaN,
      NaN,
      NaN,
      NaN,
      NaN,
      NaN,
      NaN,
      NaN,
      NaN
    ],
    [
      NaN,
      NaN,
      NaN,
      NaN,
      NaN,
      NaN,
      NaN,
      NaN,
      NaN,
      NaN,
      NaN,
      0.0,
      NaN,
      NaN,
      NaN,
      NaN,
      NaN,
      NaN,
      NaN,
      NaN,
      NaN,
      NaN,
      NaN,
      NaN,
      NaN,
      NaN,
      NaN,
      NaN,
      NaN,
      NaN,
      NaN,
      NaN,
      NaN,
      NaN,
      NaN
    ],
    [
      NaN,
      NaN,
      NaN,
      NaN,
      NaN,
      NaN,
      NaN,
      NaN,
      NaN,
      NaN,
      NaN,
      NaN,
      0.0,
      NaN,
      NaN,
      NaN,
      NaN,
      NaN,
      NaN,
      NaN,
      NaN,
      NaN,
      NaN,
      NaN,
      NaN,
      NaN,
      NaN,
      NaN,
      NaN,
      NaN,
      NaN,
      NaN,
      NaN,
      NaN,
      NaN
    ],
    [
      NaN,
      NaN,
      NaN,
      NaN,
      NaN,
      NaN,
      NaN,
      NaN,
      NaN,
      NaN,
      NaN,
      NaN,
      NaN,
      0.0,
      NaN,
      NaN,
      NaN,
      NaN,
      NaN,
      NaN,
      NaN,
      NaN,
      NaN,
      NaN,
      NaN,
      NaN,
      NaN,
      NaN,
      NaN,
      NaN,
      NaN,
      NaN,
      NaN,
      NaN,
      NaN
    ],
    [
      NaN,
      NaN,
      NaN,
      NaN,
      NaN,
      NaN,
      NaN,
      NaN,
      NaN,
      NaN,
      NaN,
      NaN,
      NaN,
      NaN,
      0.0,
      NaN,
      NaN,
      NaN,
      NaN,
      NaN,
      NaN,
      NaN,
      NaN,
      NaN,
      NaN,
      NaN,
      NaN,
      NaN,
      NaN,
      NaN,
      NaN,
      NaN,
      NaN,
      NaN,
      NaN
    ],
    [
      NaN,
      NaN,
      NaN,
      NaN,
      NaN,
      NaN,
      NaN,
      NaN,
      NaN,
      NaN,
      NaN,
      NaN,
      NaN,
      NaN,
      NaN,
      0.0,
      NaN,
      NaN,
      NaN,
      NaN,
      NaN,
      NaN,
      NaN,
      NaN,
      NaN,
      NaN,
      NaN,
      NaN,
      NaN,
      NaN,
      NaN,
      NaN,
      NaN,
      NaN,
      NaN
    ],
    [
      NaN,
      NaN,
      NaN,
      NaN,
      NaN,
      NaN,
      NaN,
      NaN,
      NaN,
      NaN,
      NaN,
      NaN,
      NaN,
      NaN,
      NaN,
      NaN,
      0.0,
      NaN,
      NaN,
      NaN,
      NaN,
      NaN,
      NaN,
      NaN,
      NaN,
      NaN,
      NaN,
      NaN,
      NaN,
      NaN,
      NaN,
      NaN,
      NaN,
      NaN,
      NaN
    ],
    [
      NaN,
      NaN,
      NaN,
      NaN,
      NaN,
      NaN,
      NaN,
      NaN,
      NaN,
      NaN,
      NaN,
      NaN,
      NaN,
      NaN,
      NaN,
      NaN,
      NaN,
      0.0,
      NaN,
      NaN,
      NaN,
      NaN,
      NaN,
      NaN,
      NaN,
      NaN,
      NaN,
      NaN,
      NaN,
      NaN,
      NaN,
      NaN,
      NaN,
      NaN,
      NaN
    ],
    [
      NaN,
      NaN,
      NaN,
      NaN,
      NaN,
      NaN,
      NaN,
      NaN,
      NaN,
      NaN,
      NaN,
      NaN,
      NaN,
      NaN,
      NaN,
      NaN,
      NaN,
      NaN,
      0.0,
      NaN,
      NaN,
      NaN,
      NaN,
      NaN,
      NaN,
      NaN,
      NaN,
      NaN,
      NaN,
      NaN,
      NaN,
      NaN,
      NaN,
      NaN,
      NaN
    ],
    [
      NaN,
      NaN,
      NaN,
      NaN,
      NaN,
      NaN,
      NaN,
      NaN,
      NaN,
      NaN,
      NaN,
      NaN,
      NaN,
      NaN,
      NaN,
      NaN,
      NaN,
      NaN,
      NaN,
      0.0,
      NaN,
      NaN,
      NaN,
      NaN,
      NaN,
      NaN,
      NaN,
      NaN,
      NaN,
      NaN,
      NaN,
      NaN,
      NaN,
      NaN,
      NaN
    ],
    [
      NaN,
      NaN,
      NaN,
      NaN,
      NaN,
      NaN,
      NaN,
      NaN,
      NaN,
      NaN,
      NaN,
      NaN,
      NaN,
      NaN,
      NaN,
      NaN,
      NaN,
      NaN,
      NaN,
      NaN,
      0.0,
      NaN,
      NaN,
      NaN,
      NaN,
      NaN,
      NaN,
      NaN,
      NaN,
      NaN,
      NaN,
      NaN,
      NaN,
      NaN,
      NaN
    ],
    [
      NaN,
      NaN,
      NaN,
      NaN,
      NaN,
      NaN,
      NaN,
      NaN,
      NaN,
      NaN,
      NaN,
      NaN,
      NaN,
      NaN,
      NaN,
      NaN,
      NaN,
      NaN,
      NaN,
      NaN,
      NaN,
      0.0,
      NaN,
      NaN,
      NaN,
      NaN,
      NaN,
      NaN,
      NaN,
      NaN,
      NaN,
      NaN,
      NaN,
      NaN,
      NaN
    ],
    [
      NaN,
      NaN,
      NaN,
      NaN,
      NaN,
      NaN,
      NaN,
      NaN,
      NaN,
      NaN,
      NaN,
      NaN,
      NaN,
      NaN,
      NaN,
      NaN,
      NaN,
      NaN,
      NaN,
      NaN,
      NaN,
      NaN,
      0.0,
      NaN,
      NaN,
      NaN,
      NaN,
      NaN,
      NaN,
      NaN,
      NaN,
      NaN,
      NaN,
      NaN,
      NaN
    ],
    [
      NaN,
      NaN,
      NaN,
      NaN,
      NaN,
      NaN,
      NaN,
      NaN,
      NaN,
      NaN,
      NaN,
      NaN,
      NaN,
      NaN,
      NaN,
      NaN,
      NaN,
      NaN,
      NaN,
      NaN,
      NaN,
      NaN,
      NaN,
      0.0,
      NaN,
      NaN,
      NaN,
      NaN,
      NaN,
      NaN,
      NaN,
      NaN,
      NaN,
      NaN,
      NaN
    ],
    [
      NaN,
      NaN,
      NaN,
      NaN,
      NaN,
      NaN,
      NaN,
      NaN,
      NaN,
      NaN,
      NaN,
      NaN,
      NaN,
      NaN,
      NaN,
      NaN,
      NaN,
      NaN,
      NaN,
      NaN,
      NaN,
      NaN,
      NaN,
      NaN,
      0.0,
      NaN,
      NaN,
      NaN,
      NaN,
      NaN,
      NaN,
      NaN,
      NaN,
      NaN,
      NaN
    ],
    [
      NaN,
      NaN,
