{
  "drive_dist_matrix": [
    [
      0.0,
      6.9,
      6.2,
      10.8,
      12.0,
      5.9,
      8.2,
      11.8,
      6.3,
      9.6,
      6.4,
      5.3,
      5.4,
      1.2,
      4.1,
      21.3,
      17.4,
      6.3,
      5.1,
      5.5,
      6.0,
      2.1,
      23.8,
      4.7,
      5.0,
      8.6,
      5.0,
      7.4,
      17.5,
      6.2,
      4.2,
      9.8,
      3.5,
      29.7,
      7.7,
      15.8,
      4.8,
      6.5,
      12.9,
      5.9,
      15.0,
      4.2,
      260.0,
      7.9,
      9.2
    ],
    [
      6.9,
      0.0,
      6.1,
      7.6,
      6.9,
      3.2,
      5.5,
      8.8,
      3.2,
      9.3,
      3.7,
      4.5,
      2.4,
      7.6,
      2.8,
      24.9,
      21.1,
      3.7,
      4.5,
      3.1,
      3.3,
      7.1,
      21.2,
      2.3,
      4.5,
      7.4,
      4.8,
      8.1,
      11.5,
      6.4,
      3.9,
      6.7,
      5.2,
      35.1,
      7.9,
      19.5,
      1.8,
      5.5,
      14.1,
      2.9,
      18.7,
      3.9,
      265.0,
      7.4,
      5.2
    ],
    [
      6.2,
      6.1,
      0.0,
      12.2,
      11.5,
      3.7,
      10.1,
      13.4,
      2.7,
      13.9,
      3.3,
      2.4,
      4.6,
      7.8,
      5.0,
      27.1,
      23.2,
      3.3,
      2.2,
      2.4,
      3.8,
      6.5,
      18.3,
      4.9,
      2.2,
      9.5,
      2.7,
      3.0,
      16.3,
      0.75,
      5.8,
      11.3,
      7.1,
      35.6,
      10.0,
      21.6,
      3.9,
      7.6,
      18.7,
      5.1,
      20.8,
      5.8,
      266.0,
      9.6,
      9.9
    ],
    [
      10.8,
      7.6,
      12.2,
      0.0,
      4.3,
      9.7,
      3.6,
      1.3,
      10.1,
      2.0,
      10.1,
      11.6,
      9.7,
      14.0,
      8.3,
      23.6,
      19.7,
      10.1,
      11.4,
      10.4,
      9.8,
      13.1,
      27.6,
      8.2,
      11.3,
      3.0,
      11.3,
      14.7,
      18.1,
      13.1,
      8.4,
      3.0,
      8.5,
      39.0,
      6.5,
      18.1,
      9.0,
      6.3,
      5.0,
      10.2,
      17.3,
      8.4,
      269.0,
      6.0,
      3.7
    ],
    [
      12.0,
      6.9,
      11.5,
      4.3,
      0.0,
      7.7,
      2.6,
      7.1,
      7.0,
      5.1,
      8.1,
      9.1,
      6.9,
      13.8,
      5.4,
      23.4,
      19.5,
      8.0,
      8.9,
      7.6,
      7.8,
      12.9,
      25.6,
      5.4,
      8.8,
      3.9,
      8.6,
      11.9,
      15.3,
      10.3,
      8.3,
      3.2,
      6.5,
      38.9,
      6.0,
      17.9,
      6.2,
      3.8,
      12.4,
      7.4,
      17.1,
      8.3,
      269.0,
      5.9,
      2.3
    ],
    [
      5.9,
      3.2,
      3.7,
      9.7,
      7.7,
      0.0,
      5.5,
      10.1,
      0.65,
      7.9,
      0.75,
      4.7,
      0.9,
      6.9,
      2.5,
      24.5,
      20.7,
      0.45,
      4.5,
      3.4,
      0.068,
      6.4,
      20.8,
      2.8,
      4.5,
      7.0,
      4.4,
      6.8,
      13.7,
      4.9,
      3.2,
      8.1,
      4.5,
      34.4,
      7.5,
      19.1,
      1.4,
      5.1,
      11.2,
      0.4,
      18.3,
      3.2,
      265.0,
      7.0,
      6.0
    ],
    [
      8.2,
      5.5,
      10.1,
      3.6,
      2.6,
      5.5,
      0.0,
      4.5,
      6.2,
      3.2,
      7.8,
      7.6,
      5.5,
      11.6,
      4.5,
      21.2,
      17.3,
      7.8,
      7.5,
      6.8,
      7.4,
      10.7,
      25.2,
      4.0,
      7.5,
      1.2,
      7.8,
      12.4,
      15.8,
      10.7,
      6.0,
      0.95,
      6.1,
      36.7,
      4.2,
      15.7,
      4.8,
      2.7,
      6.8,
      6.0,
      14.9,
      6.0,
      267.0,
      3.7,
      0.5
    ],
    [
      11.8,
      8.8,
      13.4,
      1.3,
      7.1,
      10.1,
      4.5,
      0.0,
      11.1,
      2.9,
      11.1,
      12.5,
      10.1,
      14.9,
      9.3,
      18.9,
      20.7,
      11.1,
      12.3,
      11.9,
      10.8,
      14.0,
      28.6,
      9.7,
      12.3,
      4.0,
      12.3,
      16.2,
      19.6,
      14.6,
      9.4,
      4.2,
      9.5,
      40.0,
      7.5,
      13.4,
      9.5,
      7.3,
      7.0,
      10.6,
      12.6,
      9.4,
      270.0,
      7.0,
      4.6
    ],
    [
      6.3,
      3.2,
      2.7,
      10.1,
      7.0,
      0.65,
      6.2,
      11.1,
      0.0,
      9.2,
      0.75,
      1.5,
      2.4,
      7.2,
      3.3,
      24.9,
      21.1,
      0.7,
      1.3,
      0.6,
      0.7,
      8.8,
      18.3,
      4.2,
      1.2,
      8.2,
      1.6,
      4.0,
      15.1,
      2.2,
      3.5,
      9.4,
      4.8,
      34.7,
      7.3,
      19.5,
      2.8,
      6.5,
      12.5,
      0.85,
      18.7,
      3.5,
      265.0,
      7.5,
      7.4
    ],
    [
      9.6,
      9.3,
      13.9,
      2.0,
      5.1,
      7.9,
      3.2,
      2.9,
      9.2,
      0.0,
      8.9,
      10.4,
      7.9,
      12.7,
      7.1,
      22.3,
      18.5,
      8.9,
      10.1,
      9.4,
      8.6,
      11.9,
      26.4,
      6.1,
      10.1,
      2.9,
      10.1,
      12.5,
      18.9,
      10.3,
      7.2,
      4.1,
      7.3,
      37.8,
      5.3,
      16.9,
      7.3,
      5.1,
      5.5,
      8.4,
      16.1,
      7.2,
      268.0,
      4.8,
      3.5
    ],
    [
      6.4,
      3.7,
      3.3,
      10.1,
      8.1,
      0.75,
      7.8,
      11.1,
      0.75,
      8.9,
      0.0,
      3.0,
      2.3,
      7.0,
      3.6,
      24.8,
      21.0,
      0.3,
      2.4,
      1.2,
      0.8,
      8.6,
      18.3,
      4.0,
      2.3,
      8.1,
      2.3,
      4.7,
      14.9,
      3.5,
      3.3,
      9.3,
      4.7,
      34.6,
      7.2,
      19.4,
      2.5,
      6.2,
      12.4,
      0.95,
      18.6,
      3.3,
      265.0,
      7.4,
      7.2
    ],
    [
      5.3,
      4.5,
      2.4,
      11.6,
      9.1,
      4.7,
      7.6,
      12.5,
      1.5,
      10.4,
      3.0,
      0.0,
      4.6,
      6.8,
      5.1,
      28.3,
      24.5,
      2.3,
      0.3,
      2.4,
      2.8,
      5.5,
      17.2,
      5.0,
      0.35,
      11.6,
      0.8,
      2.2,
      17.3,
      0.4,
      4.9,
      12.3,
      6.2,
      34.5,
      10.7,
      20.9,
      4.0,
      7.7,
      13.9,
      5.1,
      20.1,
      4.9,
      265.0,
      8.6,
      10.8
    ],
    [
      5.4,
      2.4,
      4.6,
      9.7,
      6.9,
      0.9,
      5.5,
      10.1,
      2.4,
      7.9,
      2.3,
      4.6,
      0.0,
      7.5,
      3.3,
      25.3,
      21.5,
      1.1,
      2.5,
      1.7,
      0.9,
      9.1,
      19.5,
      3.6,
      2.4,
      7.8,
      2.4,
      4.8,
      14.6,
      3.4,
      3.8,
      8.9,
      5.1,
      35.0,
      8.3,
      19.9,
      0.7,
      5.9,
      12.0,
      0.5,
      19.1,
      3.8,
      265.0,
      7.8,
      6.8
    ],
    [
      1.2,
      7.6,
      7.8,
      14.0,
      13.8,
      6.9,
      11.6,
      14.9,
      7.2,
      12.7,
      7.0,
      6.8,
      7.5,
      0.0,
      5.3,
      22.5,
      18.6,
      7.5,
      6.3,
      6.7,
      7.2,
      3.3,
      25.0,
      5.9,
      6.2,
      9.8,
      6.2,
      8.6,
      18.7,
      7.4,
      5.4,
      11.0,
      4.7,
      29.4,
      8.9,
      17.0,
      5.9,
      7.7,
      14.1,
      7.1,
      16.2,
      5.4,
      258.0,
      9.1,
      10.4
    ],
    [
      4.1,
      2.8,
      5.0,
      8.3,
      5.4,
      2.5,
      4.5,
      9.3,
      3.3,
      7.1,
      3.6,
      5.1,
      3.3,
      5.3,
      0.0,
      23.9,
      20.0,
      2.3,
      3.5,
      2.8,
      1.9,
      5.7,
      19.8,
      2.1,
      3.4,
      6.3,
      3.4,
      5.8,
      13.1,
      4.3,
      2.5,
      7.5,
      3.8,
      33.7,
      6.8,
      18.4,
      0.4,
      4.5,
      10.6,
      1.5,
      17.6,
      2.5,
      264.0,
      6.4,
      5.4
    ],
    [
      21.3,
      24.9,
      27.1,
      23.6,
      23.4,
      24.5,
      21.2,
      18.9,
      24.9,
      22.3,
      24.8,
      28.3,
      25.3,
      22.5,
      23.9,
      0.0,
      10.7,
      24.7,
      25.9,
      25.2,
      24.4,
      22.1,
      42.2,
      22.8,
      25.9,
      21.1,
      25.9,
      28.3,
      35.8,
      27.0,
      23.0,
      22.3,
      23.1,
      53.6,
      18.3,
      6.0,
      23.1,
      20.9,
      19.2,
      24.2,
      6.5,
      23.0,
      263.0,
      17.8,
      21.7
    ],
    [
      17.4,
      21.1,
      23.2,
      19.7,
      19.5,
      20.7,
      17.3,
      20.7,
      21.1,
      18.5,
      21.0,
      24.5,
      21.5,
      18.6,
      20.0,
      10.7,
      0.0,
      21.2,
      22.5,
      21.8,
      20.9,
      20.7,
      37.3,
      19.3,
      22.4,
      17.7,
      22.4,
      27.6,
      32.3,
      23.5,
      19.5,
      18.8,
      19.6,
      43.5,
      14.9,
      4.9,
      19.6,
      17.5,
      16.4,
      20.7,
      4.1,
      19.5,
      254.0,
      14.4,
      18.3
    ],
    [
      6.3,
      3.7,
      3.3,
      10.1,
      8.0,
      0.45,
      7.8,
      11.1,
      0.7,
      8.9,
      0.3,
      2.3,
      1.1,
      7.5,
      2.3,
      24.7,
      21.2,
      0.0,
      2.0,
      1.3,
      0.45,
      9.5,
      19.0,
      3.2,
      2.0,
      7.3,
      2.3,
      4.7,
      14.1,
      2.9,
      4.2,
      8.5,
      5.5,
      35.4,
      7.8,
      19.4,
      1.7,
      5.5,
      11.6,
      0.6,
      18.6,
      4.2,
      266.0,
      7.4,
      6.4
    ],
    [
      5.1,
      4.5,
      2.2,
      11.4,
      8.9,
      4.5,
      7.5,
      12.3,
      1.3,
      10.1,
      2.4,
      0.3,
      2.5,
      6.3,
      3.5,
      25.9,
      22.5,
      2.0,
      0.0,
      2.6,
      3.0,
      5.8,
      17.4,
      5.2,
      0.02,
      10.1,
      0.6,
      2.4,
      17.5,
      0.3,
      5.1,
      12.5,
      6.4,
      34.7,
      9.2,
      21.4,
      4.2,
      7.9,
      14.4,
      5.3,
      20.6,
      5.1,
      265.0,
      9.4,
      8.8
    ],
    [
      5.5,
      3.1,
      2.4,
      10.4,
      7.6,
      3.4,
      6.8,
      11.9,
      0.6,
      9.4,
      1.2,
      2.4,
      1.7,
      6.7,
      2.8,
      25.2,
      21.8,
      1.3,
      2.6,
      0.0,
      2.4,
      6.4,
      19.2,
      3.2,
      1.8,
      7.8,
      2.5,
      4.9,
      14.1,
      2.7,
      4.0,
      9.1,
      5.7,
      35.6,
      8.3,
      19.9,
      2.2,
      5.9,
      12.0,
      3.3,
      19.1,
      4.0,
      266.0,
      7.8,
      6.8
    ],
    [
      6.0,
      3.3,
      3.8,
      9.8,
      7.8,
      0.068,
      7.4,
      10.8,
      0.7,
      8.6,
      0.8,
      2.8,
      0.9,
      7.2,
      1.9,
      24.4,
      20.9,
      0.45,
      3.0,
      2.4,
      0.0,
      6.4,
      20.7,
      2.7,
      4.0,
      6.9,
      4.4,
      6.8,
      13.7,
      4.9,
      3.1,
      8.0,
      4.4,
      34.4,
      7.4,
      19.0,
      1.3,
      5.0,
      11.1,
      0.4,
      18.2,
      3.1,
      265.0,
      6.9,
      6.0
    ],
    [
      2.1,
      7.1,
      6.5,
      13.1,
      12.9,
      6.4,
      10.7,
      14.0,
      8.8,
      11.9,
      8.6,
      5.5,
      9.1,
      3.3,
      5.7,
      22.1,
      20.7,
      9.5,
      5.8,
      6.4,
      6.4,
      0.0,
      19.6,
      5.5,
      5.6,
      9.5,
      5.6,
      8.0,
      18.4,
      6.9,
      5.1,
      10.6,
      4.3,
      29.4,
      8.6,
      20.7,
      5.6,
      7.4,
      13.7,
      6.7,
      19.9,
      5.1,
      260.0,
      8.7,
      10.1
    ],
    [
      23.8,
      21.2,
      18.3,
      27.6,
      25.6,
      20.8,
      25.2,
      28.6,
      18.3,
      26.4,
      18.3,
      17.2,
      19.5,
      25.0,
      19.8,
      42.2,
      37.3,
      19.0,
      17.4,
      19.2,
      20.7,
      19.6,
      0.0,
      22.9,
      19.1,
      26.5,
      19.1,
      19.4,
      34.1,
      19.2,
      21.7,
      27.6,
      23.0,
      22.9,
      25.6,
      37.7,
      22.7,
      24.4,
      30.7,
      23.8,
      36.9,
      21.7,
      276.0,
      25.8,
      27.1
    ],
    [
      4.7,
      2.3,
      4.9,
      8.2,
      5.4,
      2.8,
      4.0,
      9.7,
      4.2,
      6.1,
      4.0,
      5.0,
      3.6,
      5.9,
      2.1,
      22.8,
      19.3,
      3.2,
      5.2,
      3.2,
      2.7,
      5.5,
      22.9,
      0.0,
      4.4,
      7.3,
      4.7,
      7.1,
      13.3,
      4.9,
      3.4,
      7.5,
      3.5,
      35.1,
      5.0,
      19.4,
      1.7,
      2.8,
      11.3,
      2.9,
      18.6,
      3.4,
      265.0,
      4.6,
      4.2
    ],
    [
      5.0,
      4.5,
      2.2,
      11.3,
      8.8,
      4.5,
      7.5,
      12.3,
      1.2,
      10.1,
      2.3,
      0.35,
      2.4,
      6.2,
      3.4,
      25.9,
      22.4,
      2.0,
      0.02,
      1.8,
      4.0,
      5.6,
      19.1,
      4.4,
      0.0,
      9.9,
      0.6,
      2.4,
      17.5,
      0.29,
      5.1,
      12.5,
      6.4,
      34.7,
      9.0,
      21.1,
      4.2,
      7.9,
      14.1,
      4.5,
      20.3,
      5.1,
      265.0,
      9.1,
      11.1
    ],
    [
      8.6,
      7.4,
      9.5,
      3.0,
      3.9,
      7.0,
      1.2,
      4.0,
      8.2,
      2.9,
      8.1,
      11.6,
      7.8,
      9.8,
      6.3,
      21.1,
      17.7,
      7.3,
      10.1,
      7.8,
      6.9,
      9.5,
      26.5,
      7.3,
      9.9,
      0.0,
      10.0,
      12.4,
      17.6,
      9.6,
      7.1,
      0.8,
      7.2,
      37.7,
      5.2,
      16.8,
      6.1,
      5.1,
      5.8,
      7.2,
      16.0,
      7.1,
      268.0,
      4.8,
      1.3
    ],
    [
      5.0,
      4.8,
      2.7,
      11.3,
      8.6,
      4.4,
      7.8,
      12.3,
      1.6,
      10.1,
      2.3,
      0.8,
      2.4,
      6.2,
      3.4,
      25.9,
      22.4,
      2.3,
      0.6,
      2.5,
      4.4,
      5.6,
      19.1,
      4.7,
      0.6,
      10.0,
      0.0,
      2.4,
      18.1,
      0.9,
      5.7,
      13.1,
      7.0,
      34.8,
      9.6,
      21.7,
      5.0,
      8.7,
      14.7,
      5.1,
      20.9,
      5.7,
      265.0,
      9.7,
      11.7
    ],
    [
      7.4,
      8.1,
      3.0,
      14.7,
      11.9,
      6.8,
      12.4,
      16.2,
      4.0,
      12.5,
      4.7,
      2.2,
      4.8,
      8.6,
      5.8,
      28.3,
      27.6,
      4.7,
      2.4,
      4.9,
      6.8,
      8.0,
      19.4,
      7.1,
      2.4,
      12.4,
      2.4,
      0.0,
      18.7,
      2.5,
      7.4,
      13.7,
      8.7,
      36.8,
      11.3,
      23.4,
      5.8,
      9.5,
      16.4,
      6.9,
      22.6,
      7.4,
      267.0,
      11.4,
      12.2
    ],
    [
      17.5,
      11.5,
      16.3,
      18.1,
      15.3,
      13.7,
      15.8,
      19.6,
      15.1,
      18.9,
      14.9,
      17.3,
      14.6,
      18.7,
      13.1,
      35.8,
      32.3,
      14.1,
      17.5,
      14.1,
      13.7,
      18.4,
      34.1,
      13.3,
      17.5,
      17.6,
      18.1,
      18.7,
      0.0,
      10.6,
      15.8,
      19.7,
      17.1,
      44.9,
      19.9,
      31.8,
      14.9,
      17.5,
      27.0,
      16.1,
      31.0,
      15.8,
      275.0,
      19.4,
      18.2
    ],
    [
      6.2,
      6.4,
      0.75,
      13.1,
      10.3,
      4.9,
      10.7,
      14.6,
      2.2,
      10.3,
      3.5,
      0.4,
      3.4,
      7.4,
      4.3,
      27.0,
      23.5,
      2.9,
      0.3,
      2.7,
      4.9,
      6.9,
      19.2,
      4.9,
      0.29,
      9.6,
      0.9,
      2.5,
      10.6,
      0.0,
      5.1,
      10.2,
      6.4,
      36.7,
      9.3,
      20.9,
      3.2,
      6.9,
      13.0,
      4.4,
      20.1,
      5.1,
      267.0,
      8.9,
      7.9
    ],
    [
      4.2,
      3.9,
      5.8,
      8.4,
      8.3,
      3.2,
      6.0,
      9.4,
      3.5,
      7.2,
      3.3,
      4.9,
      3.8,
      5.4,
      2.5,
      23.0,
      19.5,
      4.2,
      5.1,
      4.0,
      3.1,
      5.1,
      21.7,
      3.4,
      5.1,
      7.1,
      5.7,
      7.4,
      15.8,
      5.1,
      0.0,
      9.4,
      1.3,
      31.7,
      7.4,
      19.5,
      2.9,
      4.0,
      12.5,
      4.0,
      18.7,
      0.35,
      262.0,
      7.5,
      6.1
    ],
    [
      9.8,
      6.7,
      11.3,
      3.0,
      3.2,
      8.1,
      0.95,
      4.2,
      9.4,
      4.1,
      9.3,
      12.3,
      8.9,
      11.0,
      7.5,
      22.3,
      18.8,
      8.5,
      12.5,
      9.1,
      8.0,
      10.6,
      27.6,
      7.5,
      12.5,
      0.8,
      13.1,
      13.7,
      19.7,
      10.2,
      9.4,
      0.0,
      6.6,
      37.1,
      4.6,
      16.2,
      5.3,
      3.0,
      5.5,
      6.4,
      15.4,
      6.5,
      267.0,
      4.2,
      0.75
    ],
    [
      3.5,
      5.2,
      7.1,
      8.5,
      6.5,
      4.5,
      6.1,
      9.5,
      4.8,
      7.3,
      4.7,
      6.2,
      5.1,
      4.7,
      3.8,
      23.1,
      19.6,
      5.5,
      6.4,
      5.7,
      4.4,
      4.3,
      23.0,
      3.5,
      6.4,
      7.2,
      7.0,
      8.7,
      17.1,
      6.4,
      1.3,
      6.6,
      0.0,
      32.0,
      5.3,
      19.2,
      3.0,
      5.9,
      12.3,
      4.2,
      18.5,
      0.95,
      262.0,
      5.1,
      8.6
    ],
    [
      29.7,
      35.1,
      35.6,
      39.0,
      38.9,
      34.4,
      36.7,
      40.0,
      34.7,
      37.8,
      34.6,
      34.5,
      35.0,
      29.4,
      33.7,
      53.6,
      43.5,
      35.4,
      34.7,
      35.6,
      34.4,
      29.4,
      22.9,
      35.1,
      34.7,
      37.7,
      34.8,
      36.8,
      44.9,
      36.7,
      31.7,
      37.1,
      32.0,
      0.0,
      37.4,
      49.6,
      34.4,
      36.2,
      42.6,
      35.6,
      48.8,
      35.3,
      216.0,
      37.6,
      38.9
    ],
    [
      7.7,
      7.9,
      10.0,
      6.5,
      6.0,
      7.5,
      4.2,
      7.5,
      7.3,
      5.3,
      7.2,
      10.7,
      8.3,
      8.9,
      6.8,
      18.3,
      14.9,
      7.8,
      9.2,
      8.3,
      7.4,
      8.6,
      25.6,
      5.0,
      9.0,
      5.2,
      9.6,
      11.3,
      19.9,
      9.3,
      7.4,
      4.6,
      5.3,
      37.4,
      0.0,
      12.9,
      6.3,
      3.1,
      8.6,
      7.4,
      12.1,
      6.2,
      267.0,
      1.0,
      5.0
    ],
    [
      15.8,
      19.5,
      21.6,
      18.1,
      17.9,
      19.1,
      15.7,
      13.4,
      19.5,
      16.9,
      19.4,
      20.9,
      19.9,
      17.0,
      18.4,
      6.0,
      4.9,
      19.4,
      21.4,
      19.9,
      19.0,
      20.7,
      37.7,
      19.4,
      21.1,
      16.8,
      21.7,
      23.4,
      31.8,
      20.9,
      19.5,
      16.2,
      19.2,
      49.6,
      12.9,
      0.0,
      17.6,
      15.4,
      13.7,
      18.7,
      0.75,
      17.5,
      257.0,
      12.3,
      16.2
    ],
    [
      4.8,
      1.8,
      3.9,
      9.0,
      6.2,
      1.4,
      4.8,
      9.5,
      2.8,
      7.3,
      2.5,
      4.0,
      0.7,
      5.9,
      0.4,
      23.1,
      19.6,
      1.7,
      4.2,
      2.2,
      1.3,
      5.6,
      22.7,
      1.7,
      4.2,
      6.1,
      5.0,
      5.8,
      14.9,
      3.2,
      2.9,
      5.3,
      3.0,
      34.4,
      6.3,
      17.6,
      0.0,
      4.8,
      11.2,
      2.4,
      17.4,
      2.2,
      264.0,
      6.2,
      5.7
    ],
    [
      6.5,
      5.5,
      7.6,
      6.3,
      3.8,
      5.1,
      2.7,
      7.3,
      6.5,
      5.1,
      6.2,
      7.7,
      5.9,
      7.7,
      4.5,
      20.9,
      17.5,
      5.5,
      7.9,
      5.9,
      5.0,
      7.4,
      24.4,
      2.8,
      7.9,
      5.1,
      8.7,
      9.5,
      17.5,
      6.9,
      4.0,
      3.0,
      5.9,
      36.2,
      3.1,
      15.4,
      4.8,
      0.0,
      7.4,
      5.4,
      14.4,
      4.2,
      265.0,
      3.2,
      2.1
    ],
    [
      12.9,
      14.1,
      18.7,
      5.0,
      12.4,
      11.2,
      6.8,
      7.0,
      12.5,
      5.5,
      12.4,
      13.9,
      12.0,
      14.1,
      10.6,
      19.2,
      16.4,
      11.6,
      14.4,
      12.0,
      11.1,
      13.7,
      30.7,
      11.3,
      14.1,
      5.8,
      14.7,
      16.4,
      27.0,
      13.0,
      12.5,
      5.5,
      12.3,
      42.6,
      8.6,
      13.7,
      11.2,
      7.4,
      0.0,
      11.9,
      13.2,
      10.7,
      272.0,
      7.4,
      7.0
    ],
    [
      5.9,
      2.9,
      5.1,
      10.2,
      7.4,
      0.4,
      6.0,
      10.6,
      0.85,
      8.4,
      0.95,
      5.1,
      0.5,
      7.1,
      1.5,
      24.2,
      20.7,
      0.6,
      5.3,
      3.3,
      0.4,
      6.7,
      23.8,
      2.9,
      4.5,
      7.2,
      5.1,
      6.9,
      16.1,
      4.4,
      4.0,
      6.4,
      4.2,
      35.6,
      7.4,
      18.7,
      2.4,
      5.4,
      11.9,
      0.0,
      18.6,
      3.5,
      265.0,
      7.3,
      6.4
    ],
    [
      15.0,
      18.7,
      20.8,
      17.3,
      17.1,
      18.3,
      14.9,
      12.6,
      18.7,
      16.1,
      18.6,
      20.1,
      19.1,
      16.2,
      17.6,
      6.5,
      4.1,
      18.6,
      20.6,
      19.1,
      18.2,
      19.9,
      36.9,
      18.6,
      20.3,
      16.0,
      20.9,
      22.6,
      31.0,
      20.1,
      18.7,
      15.4,
      18.5,
      48.8,
      12.1,
      0.75,
      17.4,
      14.4,
      13.2,
      18.6,
      0.0,
      17.5,
      256.0,
      12.3,
      16.2
    ],
    [
      4.2,
      3.9,
      5.8,
      8.4,
      8.3,
      3.2,
      6.0,
      9.4,
      3.5,
      7.2,
      3.3,
      4.9,
      3.8,
      5.4,
      2.5,
      23.0,
      19.5,
      4.2,
      5.1,
      4.0,
      3.1,
      5.1,
      21.7,
      3.4,
      5.1,
      7.1,
      5.7,
      7.4,
      15.8,
      5.1,
      0.35,
      6.5,
      0.95,
      35.3,
      6.2,
      17.5,
      2.2,
      4.2,
      10.7,
      3.5,
      17.5,
      0.0,
      262.0,
      7.5,
      6.1
    ],
    [
      260.0,
      265.0,
      266.0,
      269.0,
      269.0,
      265.0,
      267.0,
      270.0,
      265.0,
      268.0,
      265.0,
      265.0,
      265.0,
      258.0,
      264.0,
      263.0,
      254.0,
      266.0,
      265.0,
      266.0,
      265.0,
      260.0,
      276.0,
      265.0,
      265.0,
      268.0,
      265.0,
      267.0,
      275.0,
      267.0,
      262.0,
      267.0,
      262.0,
      216.0,
      267.0,
      257.0,
      264.0,
      265.0,
      272.0,
      265.0,
      256.0,
      262.0,
      0.0,
      275.0,
      276.0
    ],
    [
      7.9,
      7.4,
      9.6,
      6.0,
      5.9,
      7.0,
      3.7,
      7.0,
      7.5,
      4.8,
      7.4,
      8.6,
      7.8,
      9.1,
      6.4,
      17.8,
      14.4,
      7.4,
      9.4,
      7.8,
      6.9,
      8.7,
      25.8,
      4.6,
      9.1,
      4.8,
      9.7,
      11.4,
      19.4,
      8.9,
      7.5,
      4.2,
      5.1,
      37.6,
      1.0,
      12.3,
      6.2,
      3.2,
      7.4,
      7.3,
      12.3,
      7.5,
      275.0,
      0.0,
      4.4
    ],
    [
      9.2,
      5.2,
      9.9,
      3.7,
      2.3,
      6.0,
      0.5,
      4.6,
      7.4,
      3.5,
      7.2,
      10.8,
      6.8,
      10.4,
      5.4,
      21.7,
      18.3,
      6.4,
      8.8,
      6.8,
      6.0,
      10.1,
      27.1,
      4.2,
      11.1,
      1.3,
      11.7,
      12.2,
      18.2,
      7.9,
      6.1,
      0.75,
      8.6,
      38.9,
      5.0,
      16.2,
      5.7,
      2.1,
      7.0,
      6.4,
      16.2,
      6.1,
      276.0,
      4.4,
      0.0
    ]
  ],
  "drive_time_matrix": [
    [
      0.0,
      11.0,
      12.0,
      12.0,
      14.0,
      7.0,
      11.0,
      14.0,
      8.0,
      10.0,
      8.0,
      11.0,
      7.0,
      3.0,
      7.0,
      31.0,
      25.0,
      8.0,
      10.0,
      11.0,
      7.0,
      30.0,
      26.0,
      9.0,
      10.0,
      10.0,
      9.0,
      15.0,
      31.0,
      12.0,
      7.0,
      12.0,
      7.0,
      32.0,
      11.0,
      21.0,
      6.0,
      8.0,
      14.0,
      8.0,
      20.0,
      7.0,
      214.0,
      9.0,
      11.0
    ],
    [
      11.0,
      0.0,
      9.0,
      8.0,
      7.0,
      6.0,
      9.0,
      11.0,
      6.0,
      11.0,
      8.0,
      10.0,
      5.0,
      14.0,
      6.0,
      33.0,
      27.0,
      7.0,
      9.0,
      6.0,
      6.0,
      13.0,
      26.0,
      5.0,
      9.0,
      12.0,
      8.0,
      13.0,
      24.0,
      9.0,
      7.0,
      9.0,
      9.0,
      37.0,
      12.0,
      23.0,
      4.0,
      8.0,
      14.0,
      5.0,
      22.0,
      7.0,
      216.0,
      11.0,
      8.0
    ],
    [
      12.0,
      9.0,
      0.0,
      12.0,
      11.0,
      8.0,
      13.0,
      15.0,
      6.0,
      15.0,
      9.0,
      6.0,
      8.0,
      15.0,
      9.0,
      36.0,
      30.0,
      8.0,
      6.0,
      6.0,
      8.0,
      13.0,
      25.0,
      10.0,
      5.0,
      15.0,
      6.0,
      8.0,
      29.0,
      10.0,
      10.0,
      13.0,
      11.0,
      38.0,
      15.0,
      26.0,
      8.0,
      11.0,
      18.0,
      9.0,
      25.0,
      10.0,
      216.0,
      14.0,
      12.0
    ],
    [
      12.0,
      8.0,
      12.0,
      0.0,
      5.0,
      10.0,
      7.0,
      4.0,
      11.0,
      4.0,
      12.0,
      14.0,
      11.0,
      16.0,
      10.0,
      30.0,
      24.0,
      12.0,
      13.0,
      12.0,
      10.0,
      14.0,
      29.0,
      9.0,
      13.0,
      6.0,
      12.0,
      18.0,
      28.0,
      14.0,
      10.0,
      6.0,
      11.0,
      38.0,
      10.0,
      21.0,
      10.0,
      9.0,
      11.0,
      12.0,
      19.0,
      10.0,
      215.0,
      9.0,
      7.0
    ],
    [
      14.0,
      7.0,
      11.0,
      5.0,
      0.0,
      10.0,
      5.0,
      9.0,
      10.0,
      10.0,
      12.0,
      13.0,
      9.0,
      17.0,
      10.0,
      32.0,
      26.0,
      12.0,
      13.0,
      10.0,
      10.0,
      15.0,
      30.0,
      7.0,
      13.0,
      9.0,
      12.0,
      16.0,
      27.0,
      12.0,
      11.0,
      6.0,
      12.0,
      39.0,
      12.0,
      22.0,
      8.0,
      7.0,
      12.0,
      10.0,
      21.0,
      11.0,
      216.0,
      10.0,
      4.0
    ],
    [
      7.0,
      6.0,
      8.0,
      10.0,
      10.0,
      0.0,
      8.0,
      14.0,
      8.0,
      10.0,
      10.0,
      7.0,
      11.0,
      11.0,
      4.0,
      30.0,
      24.0,
      6.0,
      7.0,
      5.0,
      1.0,
      10.0,
      23.0,
      5.0,
      7.0,
      10.0,
      6.0,
      11.0,
      27.0,
      8.0,
      5.0,
      11.0,
      6.0,
      34.0,
      10.0,
      21.0,
      2.0,
      6.0,
      14.0,
      5.0,
      19.0,
      5.0,
      210.0,
      9.0,
      8.0
    ],
    [
      11.0,
      9.0,
      13.0,
      7.0,
      5.0,
      8.0,
      0.0,
      10.0,
      9.0,
      7.0,
      10.0,
      12.0,
      8.0,
      14.0,
      9.0,
      29.0,
      23.0,
      10.0,
      12.0,
      11.0,
      9.0,
      13.0,
      28.0,
      8.0,
      12.0,
      16.0,
      11.0,
      17.0,
      28.0,
      13.0,
      8.0,
      14.0,
      9.0,
      36.0,
      8.0,
      19.0,
      8.0,
      6.0,
      11.0,
      9.0,
      18.0,
      8.0,
      211.0,
      7.0,
      4.0
    ],
    [
      14.0,
      11.0,
      15.0,
      4.0,
      9.0,
      14.0,
      10.0,
      0.0,
      13.0,
      6.0,
      14.0,
      15.0,
      13.0,
      18.0,
      12.0,
      31.0,
      26.0,
      14.0,
      15.0,
      15.0,
      13.0,
      16.0,
      32.0,
      12.0,
      15.0,
      9.0,
      15.0,
      21.0,
      31.0,
      16.0,
      12.0,
      9.0,
      13.0,
      39.0,
      12.0,
      22.0,
      12.0,
      11.0,
      9.0,
      13.0,
      21.0,
      12.0,
      213.0,
      11.0,
      10.0
    ],
    [
      8.0,
      6.0,
      6.0,
      11.0,
      10.0,
      8.0,
      9.0,
      13.0,
      0.0,
      9.0,
      9.0,
      4.0,
      4.0,
      11.0,
      6.0,
      30.0,
      24.0,
      9.0,
      3.0,
      8.0,
      8.0,
      10.0,
      21.0,
      7.0,
      3.0,
      9.0,
      3.0,
      8.0,
      29.0,
      5.0,
      5.0,
      11.0,
      6.0,
      34.0,
      10.0,
      20.0,
      5.0,
      8.0,
      14.0,
      10.0,
      19.0,
      5.0,
      206.0,
      9.0,
      11.0
    ],
    [
      10.0,
      11.0,
      15.0,
      4.0,
      10.0,
      10.0,
      7.0,
      6.0,
      9.0,
      0.0,
      11.0,
      12.0,
      9.0,
      14.0,
      9.0,
      29.0,
      23.0,
      11.0,
      12.0,
      12.0,
      9.0,
      13.0,
      28.0,
      10.0,
      12.0,
      6.0,
      11.0,
      17.0,
      33.0,
      15.0,
      9.0,
      8.0,
      10.0,
      36.0,
      9.0,
      19.0,
      9.0,
      7.0,
      9.0,
      10.0,
      18.0,
      9.0,
      207.0,
      8.0,
      7.0
    ],
    [
      8.0,
      8.0,
      9.0,
      12.0,
      12.0,
      10.0,
      10.0,
      14.0,
      9.0,
      11.0,
      0.0,
      6.0,
      4.0,
      11.0,
      6.0,
      30.0,
      24.0,
      5.0,
      6.0,
      17.0,
      11.0,
      10.0,
      21.0,
      7.0,
      6.0,
      9.0,
      6.0,
      11.0,
      29.0,
      9.0,
      5.0,
      11.0,
      6.0,
      34.0,
      10.0,
      20.0,
      4.0,
      8.0,
      14.0,
      13.0,
      19.0,
      5.0,
      204.0,
      9.0,
      10.0
    ],
    [
      11.0,
      10.0,
      6.0,
      14.0,
      13.0,
      7.0,
      12.0,
      15.0,
      4.0,
      12.0,
      6.0,
      0.0,
      8.0,
      13.0,
      9.0,
      34.0,
      28.0,
      5.0,
      4.0,
      6.0,
      5.0,
      11.0,
      21.0,
      10.0,
      4.0,
      12.0,
      11.0,
      5.0,
      31.0,
      5.0,
      8.0,
      14.0,
      9.0,
      37.0,
      14.0,
      24.0,
      7.0,
      11.0,
      17.0,
      9.0,
      22.0,
      8.0,
      205.0,
      12.0,
      13.0
    ],
    [
      7.0,
      5.0,
      8.0,
      11.0,
      9.0,
      11.0,
      8.0,
      13.0,
      4.0,
      9.0,
      4.0,
      8.0,
      0.0,
      12.0,
      5.0,
      31.0,
      26.0,
      15.0,
      5.0,
      4.0,
      12.0,
      11.0,
      23.0,
      6.0,
      5.0,
      11.0,
      4.0,
      9.0,
      28.0,
      8.0,
      5.0,
      13.0,
      7.0,
      37.0,
      11.0,
      21.0,
      10.0,
      7.0,
      15.0,
      1.0,
      20.0,
      5.0,
      204.0,
      10.0,
      9.0
    ],
    [
      3.0,
      14.0,
      15.0,
      16.0,
      17.0,
      11.0,
      14.0,
      18.0,
      11.0,
      14.0,
      11.0,
      13.0,
      12.0,
      0.0,
      10.0,
      33.0,
      27.0,
      11.0,
      13.0,
      13.0,
      9.0,
      6.0,
      28.0,
      11.0,
      13.0,
      12.0,
      12.0,
      17.0,
      33.0,
      14.0,
      10.0,
      14.0,
      9.0,
      39.0,
      14.0,
      23.0,
      9.0,
      11.0,
      17.0,
      10.0,
      22.0,
      10.0,
      206.0,
      12.0,
      13.0
    ],
    [
      7.0,
      6.0,
      9.0,
      10.0,
      10.0,
      4.0,
      9.0,
      12.0,
      6.0,
      9.0,
      6.0,
      9.0,
      5.0,
      10.0,
      0.0,
      30.0,
      24.0,
      4.0,
      7.0,
      5.0,
      3.0,
      10.0,
      22.0,
      4.0,
      7.0,
      10.0,
      5.0,
      10.0,
      27.0,
      8.0,
      4.0,
      11.0,
      6.0,
      37.0,
      10.0,
      20.0,
      5.0,
      5.0,
      14.0,
      2.0,
      19.0,
      4.0,
      203.0,
      9.0,
      8.0
    ],
    [
      31.0,
      33.0,
      36.0,
      30.0,
      32.0,
      30.0,
      29.0,
      31.0,
      30.0,
      29.0,
      30.0,
      34.0,
      31.0,
      33.0,
      30.0,
      0.0,
      20.0,
      30.0,
      32.0,
      31.0,
      28.0,
      32.0,
      47.0,
      30.0,
      32.0,
      27.0,
      31.0,
      36.0,
      61.0,
      34.0,
      29.0,
      29.0,
      30.0,
      61.0,
      25.0,
      12.0,
      28.0,
      27.0,
      32.0,
      30.0,
      11.0,
      29.0,
      220.0,
      23.0,
      29.0
    ],
    [
      25.0,
      27.0,
      30.0,
      24.0,
      26.0,
      24.0,
      23.0,
      26.0,
      24.0,
      23.0,
      24.0,
      28.0,
      26.0,
      27.0,
      24.0,
      20.0,
      0.0,
      24.0,
      27.0,
      26.0,
      23.0,
      25.0,
      41.0,
      24.0,
      27.0,
      22.0,
      26.0,
      32.0,
      55.0,
      29.0,
      23.0,
      24.0,
      24.0,
      46.0,
      20.0,
      10.0,
      23.0,
      22.0,
      26.0,
      25.0,
      8.0,
      23.0,
      202.0,
      18.0,
      23.0
    ],
    [
      8.0,
      7.0,
      8.0,
      12.0,
      12.0,
      6.0,
      10.0,
      14.0,
      9.0,
      11.0,
      5.0,
      5.0,
      15.0,
      11.0,
      4.0,
      30.0,
      24.0,
      0.0,
      5.0,
      4.0,
      6.0,
      12.0,
      22.0,
      5.0,
      5.0,
      10.0,
      5.0,
      10.0,
      30.0,
      7.0,
      7.0,
      12.0,
      8.0,
      37.0,
      10.0,
      21.0,
      3.0,
      6.0,
      14.0,
      8.0,
      20.0,
      7.0,
      207.0,
      9.0,
      9.0
    ],
    [
      10.0,
      9.0,
      6.0,
      13.0,
      13.0,
      7.0,
      12.0,
      15.0,
      3.0,
      12.0,
      6.0,
      4.0,
      5.0,
      13.0,
      7.0,
      32.0,
      27.0,
      5.0,
      0.0,
      6.0,
      6.0,
      12.0,
      23.0,
      11.0,
      1.0,
      13.0,
      9.0,
      6.0,
      34.0,
      4.0,
      9.0,
      16.0,
      10.0,
      38.0,
      14.0,
      25.0,
      8.0,
      12.0,
      17.0,
      10.0,
      23.0,
      9.0,
      208.0,
      12.0,
      14.0
    ],
    [
      11.0,
      6.0,
      6.0,
      12.0,
      10.0,
      5.0,
      11.0,
      15.0,
      8.0,
      12.0,
      17.0,
      6.0,
      4.0,
      13.0,
      5.0,
      31.0,
      26.0,
      4.0,
      6.0,
      0.0,
      5.0,
      13.0,
      24.0,
      6.0,
      5.0,
      11.0,
      6.0,
      12.0,
      30.0,
      6.0,
      6.0,
      12.0,
      10.0,
      38.0,
      11.0,
      22.0,
      3.0,
      7.0,
      15.0,
      5.0,
      21.0,
      6.0,
      208.0,
      10.0,
      9.0
    ],
    [
      7.0,
      6.0,
      8.0,
      10.0,
      10.0,
      1.0,
      9.0,
      13.0,
      8.0,
      9.0,
      11.0,
      5.0,
      12.0,
      9.0,
      3.0,
      28.0,
      23.0,
      6.0,
      6.0,
      5.0,
      0.0,
      11.0,
      23.0,
      5.0,
      7.0,
      9.0,
      7.0,
      12.0,
      29.0,
      8.0,
      5.0,
      11.0,
      7.0,
      35.0,
      10.0,
      21.0,
      2.0,
      6.0,
      13.0,
      5.0,
      19.0,
      5.0,
      205.0,
      8.0,
      8.0
    ],
    [
      30.0,
      13.0,
      13.0,
      14.0,
      15.0,
      10.0,
      13.0,
      16.0,
      10.0,
      13.0,
      10.0,
      11.0,
      11.0,
      6.0,
      10.0,
      32.0,
      25.0,
      12.0,
      12.0,
      13.0,
      11.0,
      0.0,
      27.0,
      13.0,
      13.0,
      12.0,
      12.0,
      17.0,
      35.0,
      14.0,
      11.0,
      14.0,
      9.0,
      39.0,
      13.0,
      24.0,
      8.0,
      11.0,
      16.0,
      10.0,
      22.0,
      11.0,
      206.0,
      11.0,
      13.0
    ],
    [
      26.0,
      26.0,
      25.0,
      29.0,
      30.0,
      23.0,
      28.0,
      32.0,
      21.0,
      28.0,
      21.0,
      21.0,
      23.0,
      28.0,
      22.0,
      47.0,
      41.0,
      22.0,
      23.0,
      24.0,
      23.0,
      27.0,
      0.0,
      31.0,
      29.0,
      33.0,
      28.0,
      29.0,
      60.0,
      30.0,
      28.0,
      35.0,
      31.0,
      46.0,
      34.0,
      46.0,
      31.0,
      32.0,
      37.0,
      33.0,
      44.0,
      29.0,
      225.0,
      33.0,
      34.0
    ],
    [
      9.0,
      5.0,
      10.0,
      9.0,
      7.0,
      5.0,
      8.0,
      12.0,
      7.0,
      10.0,
      7.0,
      10.0,
      6.0,
      11.0,
      4.0,
      30.0,
      24.0,
      5.0,
      11.0,
      6.0,
      5.0,
      13.0,
      31.0,
      0.0,
      9.0,
      11.0,
      9.0,
      14.0,
      29.0,
      9.0,
      8.0,
      11.0,
      8.0,
      38.0,
      11.0,
      24.0,
      4.0,
      6.0,
      16.0,
      6.0,
      22.0,
      8.0,
      207.0,
      9.0,
      9.0
    ],
    [
      10.0,
      9.0,
      5.0,
      13.0,
      13.0,
      7.0,
      12.0,
      15.0,
      3.0,
      12.0,
      6.0,
      4.0,
      5.0,
      13.0,
      7.0,
      32.0,
      27.0,
      5.0,
      1.0,
      5.0,
      7.0,
      13.0,
      29.0,
      9.0,
      0.0,
      13.0,
      9.0,
      6.0,
      32.0,
      4.0,
      8.0,
      15.0,
      10.0,
      38.0,
      14.0,
      25.0,
      8.0,
      12.0,
      17.0,
      8.0,
      23.0,
      8.0,
      208.0,
      12.0,
      14.0
    ],
    [
      10.0,
      12.0,
      15.0,
      6.0,
      9.0,
      10.0,
      16.0,
      9.0,
      9.0,
      6.0,
      9.0,
      12.0,
      11.0,
      12.0,
      10.0,
      27.0,
      22.0,
      10.0,
      13.0,
      11.0,
      9.0,
      12.0,
      33.0,
      11.0,
      13.0,
      0.0,
      14.0,
      19.0,
      33.0,
      16.0,
      11.0,
      12.0,
      12.0,
      41.0,
      11.0,
      23.0,
      10.0,
      10.0,
      12.0,
      12.0,
      21.0,
      11.0,
      211.0,
      10.0,
      18.0
    ],
    [
      9.0,
      8.0,
      6.0,
      12.0,
      12.0,
      6.0,
      11.0,
      15.0,
      3.0,
      11.0,
      6.0,
      11.0,
      4.0,
      12.0,
      5.0,
      31.0,
      26.0,
      5.0,
      9.0,
      6.0,
      7.0,
      12.0,
      28.0,
      9.0,
      9.0,
      14.0,
      0.0,
      6.0,
      32.0,
      14.0,
      9.0,
      16.0,
      11.0,
      37.0,
      14.0,
      26.0,
      8.0,
      12.0,
      18.0,
      8.0,
      24.0,
      9.0,
      207.0,
      12.0,
      15.0
    ],
    [
      15.0,
      13.0,
      8.0,
      18.0,
      16.0,
      11.0,
      17.0,
      21.0,
      8.0,
      17.0,
      11.0,
      5.0,
      9.0,
      17.0,
      10.0,
      36.0,
      32.0,
      10.0,
      6.0,
      12.0,
      12.0,
      17.0,
      29.0,
      14.0,
      6.0,
      19.0,
      6.0,
      0.0,
      34.0,
      5.0,
      11.0,
      18.0,
      13.0,
      41.0,
      17.0,
      29.0,
      11.0,
      15.0,
      21.0,
      13.0,
      27.0,
      12.0,
      210.0,
      15.0,
      17.0
    ],
    [
      31.0,
      24.0,
      29.0,
      28.0,
      27.0,
      27.0,
      28.0,
      31.0,
      29.0,
      33.0,
      29.0,
      31.0,
      28.0,
      33.0,
      27.0,
      61.0,
      55.0,
      30.0,
      34.0,
      30.0,
      29.0,
      35.0,
      60.0,
      29.0,
      32.0,
      33.0,
      32.0,
      34.0,
      0.0,
      26.0,
      33.0,
      33.0,
      35.0,
      65.0,
      38.0,
      53.0,
      30.0,
      34.0,
      39.0,
      31.0,
      49.0,
      33.0,
      232.0,
      37.0,
      32.0
    ],
    [
      12.0,
      9.0,
      10.0,
      14.0,
      12.0,
      8.0,
      13.0,
      16.0,
      5.0,
      15.0,
      9.0,
      5.0,
      8.0,
      14.0,
      8.0,
      34.0,
      29.0,
      7.0,
      4.0,
      6.0,
      8.0,
      14.0,
      30.0,
      9.0,
      4.0,
      16.0,
      14.0,
      5.0,
      26.0,
      0.0,
      8.0,
      13.0,
      10.0,
      40.0,
      13.0,
      26.0,
      5.0,
      9.0,
      17.0,
      7.0,
      24.0,
      8.0,
      209.0,
      12.0,
      12.0
    ],
    [
      7.0,
      7.0,
      10.0,
      10.0,
