{
  "drive_dist_matrix": [
    [
      0.0,
      2.092142,
      5.310822,
      0.32186800000000004,
      7.24203,
      5.310822,
      5.63269,
      3.5405480000000003,
      5.310822,
      10.299776000000001,
      14.966862,
      0.80467,
      5.63269,
      0.302,
      5.310822,
      9.977908000000001,
      6.43736,
      2.5749440000000003,
      15.771532,
      4.9889540000000006,
      10.299776000000001,
      2.41401,
      2.092142,
      1.9312079999999998,
      18.829278,
      6.43736,
      3.057746,
      5.310822,
      10.299776000000001,
      2.41401,
      2.735878,
      4.9889540000000006,
      6.276426,
      10.621644,
      4.02335,
      5.471756,
      19.31208,
      5.471756,
      4.9889540000000006,
      2.896812,
      3.379614,
      7.0810960000000005,
      4.506151999999999,
      5.310822,
      8.368568,
      9.012303999999999,
      6.759228,
      2.896812,
      3.8624159999999996,
      3.21868,
      5.310822,
      16.737136,
      10.299776000000001,
      4.82802,
      16.576202000000002,
      15.449663999999999,
      3.21868,
      9.173238,
      36.692952
    ],
    [
      2.092142,
      0.0,
      3.21868,
      2.092142,
      4.345218,
      3.379614,
      3.21868,
      1.1265379999999998,
      6.115492,
      9.012303999999999,
      19.151146,
      2.41401,
      6.598293999999999,
      2.5749440000000003,
      5.149888000000001,
      9.495106,
      3.057746,
      2.41401,
      14.48406,
      2.896812,
      9.012303999999999,
      1.9312079999999998,
      2.896812,
      2.092142,
      18.346476,
      9.012303999999999,
      2.5749440000000003,
      8.0467,
      9.012303999999999,
      2.2530759999999996,
      2.5749440000000003,
      3.379614,
      6.759228,
      8.0467,
      4.506151999999999,
      3.379614,
      18.829278,
      5.793624,
      8.529501999999999,
      2.2530759999999996,
      3.8624159999999996,
      3.5405480000000003,
      7.24203,
      4.9889540000000006,
      6.43736,
      5.9545580000000005,
      4.02335,
      3.5405480000000003,
      4.9889540000000006,
      3.379614,
      10.782578,
      15.449663999999999,
      9.173238,
      7.563898,
      15.449663999999999,
      14.162192000000001,
      2.896812,
      9.012303999999999,
      39.42883
    ],
    [
      5.310822,
      3.21868,
      0.0,
      5.149888000000001,
      0.80467,
      0.453,
      0.32186800000000004,
      3.379614,
      2.2530759999999996,
      8.690436,
      13.357522000000001,
      3.057746,
      11.587248,
      5.471756,
      8.690436,
      9.977908000000001,
      4.82802,
      1.60934,
      14.966862,
      0.6437360000000001,
      8.690436,
      1.7702740000000001,
      1.60934,
      1.9312079999999998,
      18.829278,
      5.310822,
      0.6437360000000001,
      3.7014819999999995,
      8.690436,
      1.9312079999999998,
      1.2874720000000002,
      0.80467,
      10.138842,
      9.012303999999999,
      7.885766,
      0.48280199999999995,
      19.31208,
      9.334171999999999,
      7.724831999999999,
      0.80467,
      7.24203,
      5.63269,
      4.345218,
      9.334171999999999,
      9.816974,
      3.7014819999999995,
      1.448406,
      1.2874720000000002,
      8.0467,
      1.9312079999999998,
      9.977908000000001,
      14.966862,
      8.85137,
      3.5405480000000003,
      14.805927999999998,
      11.26538,
      7.0810960000000005,
      16.737136,
      38.785094
    ],
    [
      0.32186800000000004,
      2.092142,
      5.149888000000001,
      0.0,
      6.9201619999999995,
      4.9889540000000006,
      5.310822,
      3.5405480000000003,
      4.9889540000000006,
      9.977908000000001,
      14.644993999999999,
      0.6437360000000001,
      5.471756,
      0.32186800000000004,
      4.9889540000000006,
      8.0467,
      6.115492,
      2.896812,
      15.449663999999999,
      4.667085999999999,
      9.977908000000001,
      3.379614,
      2.41401,
      2.2530759999999996,
      16.89807,
      6.598293999999999,
      5.63269,
      5.63269,
      9.977908000000001,
      2.5749440000000003,
      3.057746,
      4.667085999999999,
      5.9545580000000005,
      10.299776000000001,
      3.7014819999999995,
      5.310822,
      17.380872,
      5.149888000000001,
      6.115492,
      5.471756,
      3.21868,
      6.9201619999999995,
      4.82802,
      4.9889540000000006,
      8.207633999999999,
      8.690436,
      6.43736,
      6.43736,
      4.02335,
      3.5405480000000003,
      8.368568,
      16.415267999999998,
      10.138842,
      5.149888000000001,
      16.415267999999998,
      15.127796,
      3.057746,
      9.012303999999999,
      37.01482
    ],
    [
      7.24203,
      4.345218,
      0.80467,
      6.9201619999999995,
      0.0,
      0.9656039999999999,
      0.6437360000000001,
      5.9545580000000005,
      3.057746,
      10.299776000000001,
      21.082354,
      4.02335,
      11.104446000000001,
      6.9201619999999995,
      10.299776000000001,
      11.587248,
      6.276426,
      2.735878,
      14.323126,
      2.735878,
      10.299776000000001,
      2.735878,
      2.5749440000000003,
      2.896812,
      20.438617999999998,
      4.345218,
      2.896812,
      2.5749440000000003,
      10.299776000000001,
      3.057746,
      2.41401,
      1.2874720000000002,
      11.748182,
      10.46071,
      9.495106,
      0.6437360000000001,
      20.760486,
      10.943512,
      8.529501999999999,
      1.9312079999999998,
      8.85137,
      7.0810960000000005,
      3.379614,
      10.299776000000001,
      11.26538,
      3.057746,
      0.6437360000000001,
      2.092142,
      9.495106,
      2.896812,
      10.943512,
      17.059003999999998,
      10.299776000000001,
      2.5749440000000003,
      16.89807,
      12.87472,
      8.690436,
      18.346476,
      42.164708
    ],
    [
      5.310822,
      3.379614,
      0.453,
      4.9889540000000006,
      0.9656039999999999,
      0.0,
      0.48280199999999995,
      3.5405480000000003,
      2.092142,
      8.529501999999999,
      13.196587999999998,
      5.149888000000001,
      9.495106,
      5.310822,
      8.529501999999999,
      9.816974,
      4.667085999999999,
      1.7702740000000001,
      14.805927999999998,
      0.48280199999999995,
      8.529501999999999,
      1.9312079999999998,
      1.7702740000000001,
      2.092142,
      18.668343999999998,
      5.310822,
      0.6437360000000001,
      3.8624159999999996,
      8.529501999999999,
      2.092142,
      1.448406,
      0.6437360000000001,
      9.977908000000001,
      8.85137,
      7.724831999999999,
      0.48280199999999995,
      19.151146,
      9.173238,
      7.885766,
      0.9656039999999999,
      7.24203,
      5.471756,
      4.506151999999999,
      8.529501999999999,
      9.65604,
      3.8624159999999996,
      1.60934,
      1.448406,
      7.885766,
      2.092142,
      10.138842,
      14.805927999999998,
      8.690436,
      3.7014819999999995,
      14.805927999999998,
      11.104446000000001,
      6.9201619999999995,
      16.576202000000002,
      38.946028
    ],
    [
      5.63269,
      3.21868,
      0.32186800000000004,
      5.310822,
      0.6437360000000001,
      0.48280199999999995,
      0.0,
      3.379614,
      2.5749440000000003,
      9.012303999999999,
      13.518456,
      3.057746,
      9.816974,
      5.63269,
      9.65604,
      9.334171999999999,
      5.149888000000001,
      1.60934,
      15.28873,
      0.9656039999999999,
      9.012303999999999,
      1.7702740000000001,
      1.60934,
      1.9312079999999998,
      18.024607999999997,
      5.310822,
      0.6437360000000001,
      2.896812,
      9.012303999999999,
      1.9312079999999998,
      1.2874720000000002,
      0.6437360000000001,
      10.46071,
      9.334171999999999,
      8.207633999999999,
      0.407,
      19.473014,
      9.65604,
      7.724831999999999,
      0.80467,
      7.563898,
      5.793624,
      3.21868,
      9.65604,
      8.207633999999999,
      3.7014819999999995,
      1.2874720000000002,
      0.80467,
      8.368568,
      1.9312079999999998,
      9.977908000000001,
      15.28873,
      9.012303999999999,
      2.41401,
      15.127796,
      11.587248,
      5.9545580000000005,
      17.059003999999998,
      38.785094
    ],
    [
      3.5405480000000003,
      1.1265379999999998,
      3.379614,
      3.5405480000000003,
      5.9545580000000005,
      3.5405480000000003,
      3.379614,
      0.0,
      4.9889540000000006,
      7.402963999999999,
      16.0934,
      3.7014819999999995,
      6.276426,
      3.8624159999999996,
      5.310822,
      6.598293999999999,
      1.7702740000000001,
      3.057746,
      14.966862,
      2.896812,
      7.24203,
      2.5749440000000003,
      3.5405480000000003,
      2.735878,
      13.67939,
      9.977908000000001,
      2.41401,
      9.012303999999999,
      7.24203,
      2.896812,
      3.21868,
      3.21868,
      6.9201619999999995,
      7.0810960000000005,
      4.667085999999999,
      3.21868,
      14.162192000000001,
      6.276426,
      9.334171999999999,
      2.896812,
      4.02335,
      2.41401,
      8.207633999999999,
      5.310822,
      5.310822,
      6.598293999999999,
      4.667085999999999,
      4.184284,
      5.793624,
      4.02335,
      11.587248,
      15.932466,
      7.402963999999999,
      8.368568,
      15.932466,
      9.977908000000001,
      3.057746,
      9.173238,
      37.175754000000005
    ],
    [
      5.310822,
      6.115492,
      2.2530759999999996,
      4.9889540000000006,
      3.057746,
      2.092142,
      2.5749440000000003,
      4.9889540000000006,
      0.0,
      7.885766,
      14.48406,
      6.598293999999999,
      10.782578,
      6.598293999999999,
      10.621644,
      11.26538,
      6.115492,
      4.184284,
      11.587248,
      2.5749440000000003,
      7.885766,
      5.149888000000001,
      4.02335,
      5.310822,
      20.11675,
      6.598293999999999,
      3.5405480000000003,
      4.9889540000000006,
      7.885766,
      5.471756,
      3.8624159999999996,
      2.41401,
      11.426314,
      10.299776000000001,
      9.173238,
      2.896812,
      20.438617999999998,
      10.621644,
      11.587248,
      3.379614,
      8.529501999999999,
      6.759228,
      5.63269,
      10.621644,
      10.943512,
      4.82802,
      2.735878,
      4.345218,
      9.334171999999999,
      4.667085999999999,
      13.840323999999999,
      12.552852,
      8.0467,
      4.82802,
      12.552852,
      11.26538,
      8.368568,
      18.024607999999997,
      41.84284
    ],
    [
      10.299776000000001,
      9.012303999999999,
      8.690436,
      9.977908000000001,
      10.299776000000001,
      8.529501999999999,
      9.012303999999999,
      7.402963999999999,
      7.885766,
      0.0,
      5.471756,
      10.46071,
      9.012303999999999,
      10.621644,
      8.368568,
      6.276426,
      5.793624,
      8.85137,
      12.391918,
      8.368568,
      0.16093400000000002,
      9.173238,
      9.334171999999999,
      9.334171999999999,
      10.138842,
      16.0934,
      8.207633999999999,
      15.127796,
      0.16093400000000002,
      9.334171999999999,
      9.012303999999999,
      8.368568,
      11.104446000000001,
      3.21868,
      9.65604,
      8.85137,
      10.621644,
      12.07005,
      15.449663999999999,
      9.012303999999999,
      12.552852,
      5.63269,
      14.323126,
      8.368568,
      5.310822,
      12.391918,
      10.138842,
      9.977908000000001,
      13.196587999999998,
      9.816974,
      17.70274,
      13.67939,
      0.48280199999999995,
      14.48406,
      13.67939,
      3.057746,
      8.0467,
      13.035654,
      36.853885999999996
    ],
    [
      14.966862,
      19.151146,
      13.357522000000001,
      14.644993999999999,
      21.082354,
      13.196587999999998,
      13.518456,
      16.0934,
      14.48406,
      5.471756,
      0.0,
      20.599552000000003,
      16.576202000000002,
      20.599552000000003,
      15.932466,
      11.26538,
      13.518456,
      19.794882,
      12.391918,
      20.760486,
      5.9545580000000005,
      19.473014,
      20.277684,
      19.633948,
      10.782578,
      26.232242,
      19.794882,
      24.622902,
      5.9545580000000005,
      19.473014,
      19.955816000000002,
      20.760486,
      18.50741,
      8.85137,
      17.059003999999998,
      21.404222,
      11.26538,
      18.829278,
      28.002515999999996,
      19.633948,
      18.346476,
      13.196587999999998,
      19.955816000000002,
      15.932466,
      12.07005,
      24.783836,
      22.53076,
      20.92142,
      20.92142,
      20.92142,
      27.680647999999998,
      10.46071,
      5.9545580000000005,
      20.11675,
      10.943512,
      3.057746,
      16.415267999999998,
      15.449663999999999,
      38.946028
    ],
    [
      0.80467,
      2.41401,
      3.057746,
      0.6437360000000001,
      4.02335,
      5.149888000000001,
      3.057746,
      3.7014819999999995,
      6.598293999999999,
      10.46071,
      20.599552000000003,
      0.0,
      6.115492,
      0.6437360000000001,
      5.793624,
      9.334171999999999,
      6.759228,
      1.9312079999999998,
      16.254334,
      5.471756,
      10.782578,
      1.9312079999999998,
      1.448406,
      1.2874720000000002,
      18.185542,
      6.115492,
      2.896812,
      4.02335,
      10.621644,
      1.60934,
      2.092142,
      5.471756,
      6.759228,
      10.943512,
      4.506151999999999,
      3.379614,
      18.668343999999998,
      5.793624,
      4.82802,
      2.2530759999999996,
      3.8624159999999996,
      7.563898,
      4.184284,
      5.793624,
      10.299776000000001,
      6.598293999999999,
      4.02335,
      2.2530759999999996,
      4.506151999999999,
      2.41401,
      4.9889540000000006,
      17.219938,
      10.782578,
      3.379614,
      17.059003999999998,
      15.932466,
      3.7014819999999995,
      9.65604,
      35.727348
    ],
    [
      5.63269,
      6.598293999999999,
      11.587248,
      5.471756,
      11.104446000000001,
      9.495106,
      9.816974,
      6.276426,
      10.782578,
      9.012303999999999,
      16.576202000000002,
      6.115492,
      0.0,
      6.276426,
      3.5405480000000003,
      7.24203,
      6.598293999999999,
      8.207633999999999,
      20.277684,
      9.334171999999999,
      10.46071,
      7.724831999999999,
      7.402963999999999,
      7.24203,
      16.737136,
      11.748182,
      8.85137,
      10.621644,
      10.46071,
      7.724831999999999,
      7.724831999999999,
      9.495106,
      0.6437360000000001,
      9.334171999999999,
      2.092142,
      9.977908000000001,
      17.219938,
      2.092142,
      7.885766,
      10.138842,
      2.41401,
      6.115492,
      9.816974,
      3.379614,
      7.402963999999999,
      13.357522000000001,
      11.104446000000001,
      15.127796,
      4.345218,
      8.529501999999999,
      10.782578,
      21.082354,
      10.621644,
      10.138842,
      21.082354,
      13.196587999999998,
      3.21868,
      3.8624159999999996,
      31.703998
    ],
    [
      0.302,
      2.5749440000000003,
      5.471756,
      0.32186800000000004,
      6.9201619999999995,
      5.310822,
      5.63269,
      3.8624159999999996,
      6.598293999999999,
      10.621644,
      20.599552000000003,
      0.6437360000000001,
      6.276426,
      0.0,
      5.310822,
      9.977908000000001,
      6.276426,
      2.41401,
      15.771532,
      4.9889540000000006,
      10.299776000000001,
      2.41401,
      1.9312079999999998,
      1.7702740000000001,
      18.829278,
      6.276426,
      3.057746,
      5.310822,
      10.299776000000001,
      2.2530759999999996,
      2.5749440000000003,
      4.9889540000000006,
      6.276426,
      10.46071,
      4.02335,
      5.471756,
      19.31208,
      5.471756,
      5.63269,
      2.735878,
      3.379614,
      7.0810960000000005,
      4.506151999999999,
      5.310822,
      8.368568,
      9.012303999999999,
      6.759228,
      2.896812,
      4.184284,
      3.057746,
      7.885766,
      16.737136,
      10.299776000000001,
      4.667085999999999,
      16.576202000000002,
      15.449663999999999,
      3.21868,
      9.173238,
      36.692952
    ],
    [
      5.310822,
      5.149888000000001,
      8.690436,
      4.9889540000000006,
      10.299776000000001,
      8.529501999999999,
      9.65604,
      5.310822,
      10.621644,
      8.368568,
      15.932466,
      5.793624,
      3.5405480000000003,
      5.310822,
      0.0,
      4.345218,
      5.63269,
      9.816974,
      24.1401,
      10.782578,
      8.368568,
      9.334171999999999,
      10.299776000000001,
      9.495106,
      13.518456,
      11.26538,
      9.816974,
      10.138842,
      8.368568,
      9.495106,
      9.816974,
      10.782578,
      2.41401,
      6.43736,
      1.7702740000000001,
      11.26538,
      14.001257999999998,
      3.057746,
      8.85137,
      9.65604,
      3.057746,
      4.9889540000000006,
      9.334171999999999,
      0.095,
      4.506151999999999,
      14.805927999999998,
      12.552852,
      10.943512,
      5.149888000000001,
      8.0467,
      11.748182,
      20.92142,
      8.368568,
      9.65604,
      22.53076,
      17.380872,
      2.2530759999999996,
      4.506151999999999,
      32.508668
    ],
    [
      9.977908000000001,
      9.495106,
      9.977908000000001,
      8.0467,
      11.587248,
      9.816974,
      9.334171999999999,
      6.598293999999999,
      11.26538,
      6.276426,
      11.26538,
      9.334171999999999,
      7.24203,
      9.977908000000001,
      4.345218,
      0.0,
      6.9201619999999995,
      8.85137,
      23.174496,
      9.816974,
      10.299776000000001,
      8.529501999999999,
      9.334171999999999,
      8.690436,
      9.012303999999999,
      15.28873,
      8.85137,
      13.67939,
      10.299776000000001,
      8.529501999999999,
      9.012303999999999,
      9.816974,
      6.43736,
      2.896812,
      5.63269,
      10.46071,
      9.495106,
      7.402963999999999,
      19.473014,
      8.690436,
      6.9201619999999995,
      6.43736,
      14.323126,
      4.345218,
      1.1265379999999998,
      13.840323999999999,
      11.587248,
      9.977908000000001,
      9.173238,
      9.816974,
      19.151146,
      21.565156,
      10.138842,
      13.518456,
      21.565156,
      12.87472,
      5.149888000000001,
      3.8624159999999996,
      30.738394000000003
    ],
    [
      6.43736,
      3.057746,
      4.82802,
      6.115492,
      6.276426,
      4.667085999999999,
      5.149888000000001,
      1.7702740000000001,
      6.115492,
      5.793624,
      13.518456,
      6.759228,
      6.598293999999999,
      6.276426,
      5.63269,
      6.9201619999999995,
      0.0,
      5.149888000000001,
      18.024607999999997,
      4.667085999999999,
      5.63269,
      5.471756,
      5.63269,
      5.63269,
      11.748182,
      12.552852,
      4.667085999999999,
      11.426314,
      5.63269,
      5.793624,
      5.310822,
      4.667085999999999,
      7.402963999999999,
      5.149888000000001,
      5.149888000000001,
      5.149888000000001,
      12.230984,
      7.402963999999999,
      11.909116000000001,
      5.310822,
      4.345218,
      0.80467,
      10.621644,
      5.63269,
      5.793624,
      8.690436,
      6.43736,
      6.43736,
      6.43736,
      6.759228,
      14.162192000000001,
      15.127796,
      5.793624,
      10.943512,
      14.966862,
      8.85137,
      3.379614,
      9.65604,
      38.141358
    ],
    [
      2.5749440000000003,
      2.41401,
      1.60934,
      2.896812,
      2.735878,
      1.7702740000000001,
      1.60934,
      3.057746,
      4.184284,
      8.85137,
      19.794882,
      1.9312079999999998,
      8.207633999999999,
      2.41401,
      9.816974,
      8.85137,
      5.149888000000001,
      0.0,
      14.805927999999998,
      1.9312079999999998,
      9.495106,
      0.32186800000000004,
      0.48280199999999995,
      0.48280199999999995,
      18.185542,
      5.793624,
      1.60934,
      3.5405480000000003,
      9.495106,
      0.32186800000000004,
      0.32186800000000004,
      2.41401,
      8.207633999999999,
      15.127796,
      5.9545580000000005,
      2.2530759999999996,
      18.668343999999998,
      9.334171999999999,
      6.276426,
      0.80467,
      5.471756,
      6.43736,
      3.7014819999999995,
      8.0467,
      10.299776000000001,
      4.345218,
      2.5749440000000003,
      1.448406,
      5.9545580000000005,
      0.9656039999999999,
      8.690436,
      15.771532,
      9.65604,
      3.057746,
      15.610598,
      14.48406,
      6.43736,
      16.0934,
      37.336687999999995
    ],
    [
      15.771532,
      14.48406,
      14.966862,
      15.449663999999999,
      14.323126,
      14.805927999999998,
      15.28873,
      14.966862,
      11.587248,
      12.391918,
      12.391918,
      16.254334,
      20.277684,
      15.771532,
      24.1401,
      23.174496,
      18.024607999999997,
      14.805927999999998,
      0.0,
      15.610598,
      12.552852,
      13.840323999999999,
      11.748182,
      14.001257999999998,
      25.427572,
      13.357522000000001,
      12.87472,
      11.748182,
      12.552852,
      14.001257999999998,
      15.127796,
      14.966862,
      20.760486,
      18.50741,
      18.50741,
      15.610598,
      25.910374,
      19.955816000000002,
      20.92142,
      15.932466,
      17.863674,
      19.151146,
      12.391918,
      19.31208,
      20.277684,
      10.46071,
      14.48406,
      11.26538,
      18.668343999999998,
      12.07005,
      23.174496,
      8.690436,
      12.713786,
      11.587248,
      6.115492,
      11.748182,
      17.70274,
      27.197846,
      51.177012
    ],
    [
      4.9889540000000006,
      2.896812,
      0.6437360000000001,
      4.667085999999999,
      2.735878,
      0.48280199999999995,
      0.9656039999999999,
      2.896812,
      2.5749440000000003,
      8.368568,
      20.760486,
      5.471756,
      9.334171999999999,
      4.9889540000000006,
      10.782578,
      9.816974,
      4.667085999999999,
      1.9312079999999998,
      15.610598,
      0.0,
      8.0467,
      3.21868,
      4.184284,
      3.379614,
      18.024607999999997,
      10.138842,
      0.48280199999999995,
      9.173238,
      8.0467,
      3.5405480000000003,
      3.8624159999999996,
      1.1265379999999998,
      9.495106,
      8.207633999999999,
      7.24203,
      0.9656039999999999,
      18.50741,
      8.690436,
      9.495106,
      0.80467,
      6.598293999999999,
      4.82802,
      8.368568,
      8.690436,
      9.012303999999999,
      5.471756,
      3.21868,
      3.379614,
      7.24203,
      3.7014819999999995,
      11.909116000000001,
      14.323126,
      8.0467,
      8.690436,
      14.323126,
      10.621644,
      6.43736,
      15.932466,
      39.911632000000004
    ],
    [
      10.299776000000001,
      9.012303999999999,
      8.690436,
      9.977908000000001,
      10.299776000000001,
      8.529501999999999,
      9.012303999999999,
      7.24203,
      7.885766,
      0.16093400000000002,
      5.9545580000000005,
      10.782578,
      10.46071,
      10.299776000000001,
      8.368568,
      10.299776000000001,
      5.63269,
      9.495106,
      12.552852,
      8.0467,
      0.0,
      9.173238,
      9.334171999999999,
      9.334171999999999,
      12.07005,
      16.0934,
      8.207633999999999,
      15.127796,
      0.023,
      9.334171999999999,
      9.012303999999999,
      8.368568,
      11.104446000000001,
      3.21868,
      9.65604,
      8.85137,
      12.552852,
      17.70274,
      15.449663999999999,
      9.012303999999999,
      12.552852,
      5.63269,
      14.323126,
      8.368568,
      5.310822,
      12.391918,
      10.138842,
      9.977908000000001,
      13.196587999999998,
      10.299776000000001,
      17.70274,
      14.162192000000001,
      0.48280199999999995,
      14.48406,
      14.001257999999998,
      3.5405480000000003,
      8.0467,
      14.323126,
      38.141358
    ],
    [
      2.41401,
      1.9312079999999998,
      1.7702740000000001,
      3.379614,
      2.735878,
      1.9312079999999998,
      1.7702740000000001,
      2.5749440000000003,
      5.149888000000001,
      9.173238,
      19.473014,
      1.9312079999999998,
      7.724831999999999,
      2.41401,
      9.334171999999999,
      8.529501999999999,
      5.471756,
      0.32186800000000004,
      13.840323999999999,
      3.21868,
      9.173238,
      0.0,
      0.80467,
      0.16093400000000002,
      17.380872,
      5.471756,
      1.448406,
      4.02335,
      9.334171999999999,
      0.16093400000000002,
      0.48280199999999995,
      2.092142,
      8.85137,
      14.323126,
      6.759228,
      1.9312079999999998,
      17.863674,
      7.24203,
      5.9545580000000005,
      0.9656039999999999,
      5.310822,
      5.149888000000001,
      4.184284,
      7.24203,
      9.495106,
      4.506151999999999,
      2.5749440000000003,
      1.60934,
      5.9545580000000005,
      1.448406,
      8.207633999999999,
      15.449663999999999,
      9.334171999999999,
      3.379614,
      15.449663999999999,
      14.323126,
      5.63269,
      15.28873,
      37.01482
    ],
    [
      2.092142,
      2.896812,
      1.60934,
      2.41401,
      2.5749440000000003,
      1.7702740000000001,
      1.60934,
      3.5405480000000003,
      4.02335,
      9.334171999999999,
      20.277684,
      1.448406,
      7.402963999999999,
      1.9312079999999998,
      10.299776000000001,
      9.334171999999999,
      5.63269,
      0.48280199999999995,
      11.748182,
      4.184284,
      9.334171999999999,
      0.80467,
      0.0,
      0.80467,
      17.863674,
      4.82802,
      1.448406,
      3.21868,
      9.334171999999999,
      0.6437360000000001,
      0.48280199999999995,
      2.092142,
      8.0467,
      14.966862,
      7.24203,
      1.7702740000000001,
      18.346476,
      9.334171999999999,
      6.43736,
      0.80467,
      5.471756,
      6.276426,
      3.379614,
      7.885766,
      9.977908000000001,
      3.8624159999999996,
      2.2530759999999996,
      1.1265379999999998,
      6.115492,
      0.6437360000000001,
      8.690436,
      15.610598,
      9.495106,
      2.735878,
      15.449663999999999,
      14.323126,
      6.276426,
      15.932466,
      37.336687999999995
    ],
    [
      1.9312079999999998,
      2.092142,
      1.9312079999999998,
      2.2530759999999996,
      2.896812,
      2.092142,
      1.9312079999999998,
      2.735878,
      5.310822,
      9.334171999999999,
      19.633948,
      1.2874720000000002,
      7.24203,
      1.7702740000000001,
      9.495106,
      8.690436,
      5.63269,
      0.48280199999999995,
      14.001257999999998,
      3.379614,
      9.334171999999999,
      0.16093400000000002,
      0.80467,
      0.0,
      17.059003999999998,
      6.115492,
      1.60934,
      4.184284,
      8.85137,
      0.32186800000000004,
      0.6437360000000001,
      2.2530759999999996,
      8.529501999999999,
      14.001257999999998,
      6.276426,
      2.092142,
      17.541806,
      7.563898,
      5.9545580000000005,
      1.1265379999999998,
      5.471756,
      4.82802,
      7.24203,
      6.9201619999999995,
      9.012303999999999,
      4.667085999999999,
      2.735878,
      1.7702740000000001,
      6.115492,
      1.60934,
      8.207633999999999,
      15.610598,
      9.012303999999999,
      3.5405480000000003,
      15.610598,
      20.92142,
      5.310822,
      14.966862,
      38.785094
    ],
    [
      18.829278,
      18.346476,
      18.829278,
      16.89807,
      20.438617999999998,
      18.668343999999998,
      18.024607999999997,
      13.67939,
      20.11675,
      10.138842,
      10.782578,
      18.185542,
      16.737136,
      18.829278,
      13.518456,
      9.012303999999999,
      11.748182,
      18.185542,
      25.427572,
      18.024607999999997,
      12.07005,
      17.380872,
      17.863674,
      17.059003999999998,
      0.0,
      24.461968,
      18.024607999999997,
      22.852628,
      11.748182,
      17.863674,
      18.185542,
      19.151146,
      16.737136,
      6.9201619999999995,
      15.28873,
      19.633948,
      0.32186800000000004,
      17.059003999999998,
      25.427572,
      17.863674,
      16.576202000000002,
      11.104446000000001,
      23.657297999999997,
      14.162192000000001,
      10.299776000000001,
      23.013562,
      20.760486,
      19.31208,
      22.208892000000002,
      19.151146,
      25.105704,
      22.53076,
      11.587248,
      23.818232000000002,
      23.013562,
      11.587248,
      14.644993999999999,
      13.67939,
      32.025866
    ],
    [
      6.43736,
      9.012303999999999,
      5.310822,
      6.598293999999999,
      4.345218,
      5.310822,
      5.310822,
      9.977908000000001,
      6.598293999999999,
      16.0934,
      26.232242,
      6.115492,
      11.748182,
      6.276426,
      11.26538,
      15.28873,
      12.552852,
      5.793624,
      13.357522000000001,
      10.138842,
      16.0934,
      5.471756,
      4.82802,
      6.115492,
      24.461968,
      0.0,
      5.793624,
      2.735878,
      16.0934,
      5.310822,
      4.9889540000000006,
      5.310822,
      12.230984,
      16.415267999999998,
      9.977908000000001,
      4.9889540000000006,
      24.1401,
      11.426314,
      9.012303999999999,
      4.82802,
      9.334171999999999,
      13.035654,
      2.41401,
      11.26538,
      14.644993999999999,
      3.379614,
      4.02335,
      4.184284,
      9.977908000000001,
      4.82802,
      8.85137,
      22.53076,
      16.254334,
      2.5749440000000003,
      22.53076,
      21.243288,
      9.173238,
      19.955816000000002,
      40.877235999999996
    ],
    [
      3.057746,
      2.5749440000000003,
      0.6437360000000001,
      5.63269,
      2.896812,
      0.6437360000000001,
      0.6437360000000001,
      2.41401,
      3.5405480000000003,
      8.207633999999999,
      19.794882,
      2.896812,
      8.85137,
      3.057746,
      9.816974,
      8.85137,
      4.667085999999999,
      1.60934,
      12.87472,
      0.48280199999999995,
      8.207633999999999,
      1.448406,
      1.448406,
      1.60934,
      18.024607999999997,
      5.793624,
      0.0,
      4.02335,
      8.368568,
      0.9656039999999999,
      0.80467,
      1.2874720000000002,
      9.012303999999999,
      14.48406,
      6.759228,
      0.80467,
      18.024607999999997,
      7.724831999999999,
      7.563898,
      0.48280199999999995,
      5.63269,
      5.310822,
      4.184284,
      7.402963999999999,
      9.495106,
      4.02335,
      2.2530759999999996,
      1.7702740000000001,
      6.43736,
      2.092142,
      9.816974,
      14.644993999999999,
      8.529501999999999,
      3.5405480000000003,
      14.644993999999999,
      13.357522000000001,
      5.793624,
      15.449663999999999,
      39.267896
    ],
    [
      5.310822,
      8.0467,
      3.7014819999999995,
      5.63269,
      2.5749440000000003,
      3.8624159999999996,
      2.896812,
      9.012303999999999,
      4.9889540000000006,
      15.127796,
      24.622902,
      4.02335,
      10.621644,
      5.310822,
      10.138842,
      13.67939,
      11.426314,
      3.5405480000000003,
      11.748182,
      9.173238,
      15.127796,
      4.02335,
      3.21868,
      4.184284,
      22.852628,
      2.735878,
      4.02335,
      0.0,
      12.07005,
      3.7014819999999995,
      3.379614,
      3.7014819999999995,
      10.46071,
      12.07005,
      8.207633999999999,
      3.057746,
      22.691694,
      9.65604,
      7.0810960000000005,
      3.21868,
      7.724831999999999,
      9.012303999999999,
      1.7702740000000001,
      9.495106,
      13.196587999999998,
      3.21868,
      2.41401,
      2.5749440000000003,
      8.207633999999999,
      2.896812,
      6.9201619999999995,
      20.92142,
      12.230984,
      0.48280199999999995,
      20.760486,
      19.633948,
      7.563898,
      20.11675,
      39.589764
    ],
    [
      10.299776000000001,
      9.012303999999999,
      8.690436,
      9.977908000000001,
      10.299776000000001,
      8.529501999999999,
      9.012303999999999,
      7.24203,
      7.885766,
      0.16093400000000002,
      5.9545580000000005,
      10.621644,
      10.46071,
      10.299776000000001,
      8.368568,
      10.299776000000001,
      5.63269,
      9.495106,
      12.552852,
      8.0467,
      0.023,
      9.334171999999999,
      9.334171999999999,
      8.85137,
      11.748182,
      16.0934,
      8.368568,
      12.07005,
      0.0,
      9.334171999999999,
      8.85137,
      8.368568,
      11.104446000000001,
      3.21868,
      9.65604,
      8.85137,
      12.552852,
      17.70274,
      15.932466,
      9.012303999999999,
      12.552852,
      5.63269,
      14.323126,
      8.368568,
      5.310822,
      12.391918,
      10.138842,
      9.977908000000001,
      13.196587999999998,
      10.299776000000001,
      17.70274,
      14.162192000000001,
      0.48280199999999995,
      14.48406,
      14.001257999999998,
      3.5405480000000003,
      8.0467,
      14.323126,
      38.141358
    ],
    [
      2.41401,
      2.2530759999999996,
      1.9312079999999998,
      2.5749440000000003,
      3.057746,
      2.092142,
      1.9312079999999998,
      2.896812,
      5.471756,
      9.334171999999999,
      19.473014,
      1.60934,
      7.724831999999999,
      2.2530759999999996,
      9.495106,
      8.529501999999999,
      5.793624,
      0.32186800000000004,
      14.001257999999998,
      3.5405480000000003,
      9.334171999999999,
      0.16093400000000002,
      0.6437360000000001,
      0.32186800000000004,
      17.863674,
      5.310822,
      0.9656039999999999,
      3.7014819999999995,
      9.334171999999999,
      0.0,
      0.32186800000000004,
      1.9312079999999998,
      8.690436,
      14.162192000000001,
      6.43736,
      1.7702740000000001,
      17.70274,
      7.563898,
      6.9201619999999995,
      0.80467,
      5.471756,
      4.82802,
      4.345218,
      7.0810960000000005,
      9.173238,
      4.184284,
      2.41401,
      1.9312079999999998,
      6.276426,
      1.7702740000000001,
      8.690436,
      15.28873,
      8.690436,
      3.7014819999999995,
      15.28873,
      14.001257999999998,
      5.471756,
      15.127796,
      38.946028
    ],
    [
      2.735878,
      2.5749440000000003,
      1.2874720000000002,
      3.057746,
      2.41401,
      1.448406,
      1.2874720000000002,
      3.21868,
      3.8624159999999996,
      9.012303999999999,
      19.955816000000002,
      2.092142,
      7.724831999999999,
      2.5749440000000003,
      9.816974,
      9.012303999999999,
      5.310822,
      0.32186800000000004,
      15.127796,
      3.8624159999999996,
      9.012303999999999,
      0.48280199999999995,
      0.48280199999999995,
      0.6437360000000001,
      18.185542,
      4.9889540000000006,
      0.80467,
      3.379614,
      8.85137,
      0.32186800000000004,
      0.0,
      2.092142,
      8.85137,
      14.323126,
      6.598293999999999,
      1.9312079999999998,
      17.70274,
      7.724831999999999,
      6.43736,
      0.48280199999999995,
      5.63269,
      4.9889540000000006,
      4.02335,
      7.24203,
      9.334171999999999,
      4.345218,
      2.5749440000000003,
      1.60934,
      6.43736,
      1.448406,
      9.012303999999999,
      15.449663999999999,
      8.85137,
      3.379614,
      15.28873,
      14.162192000000001,
      5.63269,
      15.28873,
      37.658556
    ],
    [
      4.9889540000000006,
      3.379614,
      0.80467,
      4.667085999999999,
      1.2874720000000002,
      0.6437360000000001,
      0.6437360000000001,
      3.21868,
      2.41401,
      8.368568,
      20.760486,
      5.471756,
      9.495106,
      4.9889540000000006,
      10.782578,
      9.816974,
      4.667085999999999,
      2.41401,
      14.966862,
      1.1265379999999998,
      8.368568,
      2.092142,
      2.092142,
      2.2530759999999996,
      19.151146,
      5.310822,
      1.2874720000000002,
      3.7014819999999995,
      8.368568,
      1.9312079999999998,
      2.092142,
      0.0,
      9.816974,
      8.690436,
      7.563898,
      0.9656039999999999,
      18.829278,
      9.012303999999999,
      10.299776000000001,
      1.2874720000000002,
      6.9201619999999995,
      5.149888000000001,
      4.667085999999999,
      8.368568,
      9.334171999999999,
      4.02335,
      2.092142,
      1.60934,
      7.724831999999999,
      2.2530759999999996,
      12.230984,
      14.644993999999999,
      8.368568,
      3.8624159999999996,
      14.48406,
      10.943512,
      6.759228,
      16.415267999999998,
      40.2335
    ],
    [
      6.276426,
      6.759228,
      10.138842,
      5.9545580000000005,
      11.748182,
      9.977908000000001,
      10.46071,
      6.9201619999999995,
      11.426314,
      11.104446000000001,
      18.50741,
      6.759228,
      0.6437360000000001,
      6.276426,
      2.41401,
      6.43736,
      7.402963999999999,
      8.207633999999999,
      20.760486,
      9.495106,
      11.104446000000001,
      8.85137,
      8.0467,
      8.529501999999999,
      16.737136,
      12.230984,
      9.012303999999999,
      10.46071,
      11.104446000000001,
      8.690436,
      8.85137,
      9.816974,
      0.0,
      11.104446000000001,
      3.21868,
      12.552852,
      14.644993999999999,
      2.896812,
      11.587248,
      10.782578,
      3.5405480000000003,
      7.24203,
      10.943512,
      3.21868,
      4.9889540000000006,
      15.932466,
      13.67939,
      15.449663999999999,
      4.9889540000000006,
      14.48406,
      11.26538,
      23.657297999999997,
      9.65604,
      11.26538,
      23.657297999999997,
      18.024607999999997,
      4.506151999999999,
      1.9312079999999998,
      30.57746
    ],
    [
      10.621644,
      8.0467,
      9.012303999999999,
      10.299776000000001,
      10.46071,
      8.85137,
      9.334171999999999,
      7.0810960000000005,
      10.299776000000001,
      3.21868,
      8.85137,
      10.943512,
      9.334171999999999,
      10.46071,
      6.43736,
      2.896812,
      5.149888000000001,
      15.127796,
      18.50741,
      8.207633999999999,
      3.21868,
      14.323126,
      14.966862,
      14.001257999999998,
      6.9201619999999995,
      16.415267999999998,
      14.48406,
      12.07005,
      3.21868,
      14.162192000000001,
      14.323126,
      8.690436,
      11.104446000000001,
      0.0,
      7.724831999999999,
      15.449663999999999,
      7.402963999999999,
      12.87472,
      22.047957999999998,
      13.840323999999999,
      8.85137,
      4.667085999999999,
      14.48406,
      6.43736,
      2.41401,
      18.990212,
      16.737136,
      15.127796,
      15.127796,
      14.966862,
      21.72609,
      21.72609,
      3.21868,
      14.644993999999999,
      22.208892000000002,
      6.276426,
      7.0810960000000005,
      9.495106,
      33.313338
    ],
    [
      4.02335,
      4.506151999999999,
      7.885766,
      3.7014819999999995,
      9.495106,
      7.724831999999999,
      8.207633999999999,
      4.667085999999999,
      9.173238,
