{
  "drive_dist_matrix": [
    [
      0.0,
      22.047957999999998,
      4.667085999999999,
      4.82802,
      14.805927999999998,
      0.6437360000000001,
      8.690436,
      5.310822,
      3.8624159999999996,
      6.43736,
      5.149888000000001,
      2.896812,
      13.196587999999998,
      4.82802,
      21.72609,
      12.230984,
      4.184284,
      28.485318,
      4.506151999999999,
      4.184284,
      6.9201619999999995,
      11.26538,
      4.667085999999999,
      4.667085999999999,
      6.598293999999999,
      4.506151999999999,
      4.184284,
      6.115492,
      4.82802,
      15.28873,
      21.72609,
      14.323126,
      16.576202000000002,
      4.667085999999999,
      4.02335,
      21.565156,
      4.02335,
      21.404222,
      3.21868,
      4.345218,
      4.345218,
      0.6437360000000001,
      4.184284,
      7.0810960000000005,
      15.28873,
      14.644993999999999,
      19.31208,
      15.610598,
      4.02335,
      5.63269,
      10.621644,
      21.565156,
      5.149888000000001,
      6.43736,
      24.1401,
      5.793624,
      22.208892000000002,
      24.461968
    ],
    [
      22.047957999999998,
      0.0,
      18.668343999999998,
      16.415267999999998,
      12.07005,
      20.11675,
      28.646252,
      19.473014,
      18.024607999999997,
      16.415267999999998,
      16.415267999999998,
      18.990212,
      27.841582000000002,
      16.576202000000002,
      0.6437360000000001,
      16.415267999999998,
      18.185542,
      16.0934,
      18.50741,
      18.185542,
      16.254334,
      31.221196,
      18.668343999999998,
      16.576202000000002,
      16.737136,
      18.346476,
      18.990212,
      19.955816000000002,
      16.415267999999998,
      35.083612,
      0.6437360000000001,
      23.013562,
      23.33543,
      16.737136,
      17.70274,
      0.80467,
      19.31208,
      1.9312079999999998,
      21.887024,
      17.70274,
      18.024607999999997,
      23.657297999999997,
      18.990212,
      17.059003999999998,
      19.473014,
      19.794882,
      2.41401,
      35.566414,
      18.346476,
      18.668343999999998,
      18.346476,
      2.5749440000000003,
      19.151146,
      16.415267999999998,
      20.277684,
      19.794882,
      1.1265379999999998,
      20.599552000000003
    ],
    [
      4.667085999999999,
      18.668343999999998,
      0.0,
      0.32186800000000004,
      4.82802,
      3.7014819999999995,
      14.48406,
      2.735878,
      0.6437360000000001,
      2.41401,
      0.80467,
      2.5749440000000003,
      16.737136,
      0.32186800000000004,
      17.70274,
      6.759228,
      0.9656039999999999,
      24.461968,
      0.407,
      2.5749440000000003,
      1.2874720000000002,
      17.059003999999998,
      0.16093400000000002,
      0.32186800000000004,
      1.7702740000000001,
      0.32186800000000004,
      1.9312079999999998,
      5.63269,
      0.48280199999999995,
      24.94477,
      17.541806,
      11.909116000000001,
      14.162192000000001,
      0.80467,
      1.7702740000000001,
      17.541806,
      0.9656039999999999,
      16.576202000000002,
      5.9545580000000005,
      1.7702740000000001,
      0.80467,
      4.9889540000000006,
      0.32186800000000004,
      3.057746,
      9.816974,
      18.668343999999998,
      15.28873,
      24.1401,
      0.48280199999999995,
      2.092142,
      4.82802,
      16.89807,
      2.41401,
      2.41401,
      20.11675,
      5.310822,
      17.380872,
      20.438617999999998
    ],
    [
      4.82802,
      16.415267999999998,
      0.32186800000000004,
      0.0,
      4.345218,
      4.02335,
      16.415267999999998,
      3.057746,
      0.80467,
      1.9312079999999998,
      0.6437360000000001,
      2.896812,
      16.0934,
      0.32186800000000004,
      17.219938,
      6.276426,
      2.2530759999999996,
      23.979166,
      0.32186800000000004,
      2.092142,
      1.448406,
      18.990212,
      0.32186800000000004,
      0.407,
      1.60934,
      0.80467,
      2.2530759999999996,
      5.149888000000001,
      0.16093400000000002,
      26.875978,
      17.059003999999998,
      11.426314,
      13.67939,
      1.1265379999999998,
      1.2874720000000002,
      17.059003999999998,
      1.9312079999999998,
      18.185542,
      5.471756,
      1.2874720000000002,
      0.9656039999999999,
      4.506151999999999,
      0.6437360000000001,
      2.5749440000000003,
      9.334171999999999,
      17.059003999999998,
      14.805927999999998,
      26.071308,
      0.80467,
      2.5749440000000003,
      4.345218,
      18.50741,
      2.735878,
      1.9312079999999998,
      19.633948,
      4.82802,
      18.990212,
      19.955816000000002
    ],
    [
      14.805927999999998,
      12.07005,
      4.82802,
      4.345218,
      0.0,
      9.012303999999999,
      18.185542,
      8.207633999999999,
      5.149888000000001,
      4.667085999999999,
      4.9889540000000006,
      7.885766,
      17.219938,
      5.149888000000001,
      13.357522000000001,
      5.149888000000001,
      7.0810960000000005,
      20.11675,
      5.310822,
      6.115492,
      4.82802,
      20.599552000000003,
      5.310822,
      4.9889540000000006,
      5.471756,
      7.24203,
      7.724831999999999,
      6.9201619999999995,
      4.82802,
      24.622902,
      13.196587999999998,
      12.391918,
      12.87472,
      5.310822,
      6.43736,
      13.196587999999998,
      7.724831999999999,
      14.323126,
      11.426314,
      4.9889540000000006,
      6.759228,
      13.196587999999998,
      5.63269,
      4.345218,
      7.885766,
      19.473014,
      10.943512,
      24.94477,
      7.24203,
      7.563898,
      7.24203,
      14.48406,
      8.0467,
      4.667085999999999,
      15.771532,
      8.690436,
      15.127796,
      16.0934
    ],
    [
      0.6437360000000001,
      20.11675,
      3.7014819999999995,
      4.02335,
      9.012303999999999,
      0.0,
      8.0467,
      5.149888000000001,
      2.896812,
      6.276426,
      4.02335,
      2.735878,
      12.391918,
      3.7014819999999995,
      21.404222,
      11.426314,
      3.8624159999999996,
      28.16345,
      3.5405480000000003,
      2.896812,
      4.02335,
      10.621644,
      3.5405480000000003,
      3.7014819999999995,
      6.276426,
      4.345218,
      4.02335,
      4.82802,
      3.8624159999999996,
      14.48406,
      21.404222,
      13.518456,
      15.771532,
      4.506151999999999,
      3.8624159999999996,
      21.243288,
      3.7014819999999995,
      21.082354,
      2.092142,
      4.02335,
      4.184284,
      0.9656039999999999,
      4.02335,
      6.9201619999999995,
      14.48406,
      14.323126,
      19.151146,
      14.805927999999998,
      3.8624159999999996,
      5.471756,
      10.299776000000001,
      21.404222,
      4.82802,
      6.276426,
      23.979166,
      4.667085999999999,
      21.887024,
      24.301033999999998
    ],
    [
      8.690436,
      28.646252,
      14.48406,
      16.415267999999998,
      18.185542,
      8.0467,
      0.0,
      12.552852,
      10.138842,
      16.576202000000002,
      17.059003999999998,
      11.909116000000001,
      8.690436,
      11.104446000000001,
      28.646252,
      15.28873,
      14.323126,
      35.566414,
      10.782578,
      10.621644,
      16.89807,
      3.379614,
      10.782578,
      14.805927999999998,
      18.829278,
      14.644993999999999,
      12.87472,
      9.816974,
      17.380872,
      7.24203,
      28.646252,
      11.748182,
      14.323126,
      11.426314,
      14.162192000000001,
      28.485318,
      14.162192000000001,
      28.485318,
      8.207633999999999,
      16.576202000000002,
      18.185542,
      7.563898,
      14.323126,
      15.127796,
      18.346476,
      24.301033999999998,
      26.393175999999997,
      7.563898,
      14.162192000000001,
      12.87472,
      20.599552000000003,
      28.646252,
      12.391918,
      16.576202000000002,
      31.221196,
      9.977908000000001,
      29.129054000000004,
      31.543064
    ],
    [
      5.310822,
      19.473014,
      2.735878,
      3.057746,
      8.207633999999999,
      5.149888000000001,
      12.552852,
      0.0,
      1.7702740000000001,
      3.7014819999999995,
      2.2530759999999996,
      1.7702740000000001,
      18.185542,
      1.9312079999999998,
      19.633948,
      11.26538,
      0.80467,
      26.071308,
      1.9312079999999998,
      3.379614,
      2.2530759999999996,
      15.449663999999999,
      1.9312079999999998,
      2.092142,
      3.379614,
      1.60934,
      0.32186800000000004,
      5.793624,
      2.2530759999999996,
      23.33543,
      19.633948,
      13.357522000000001,
      15.610598,
      1.7702740000000001,
      2.2530759999999996,
      19.473014,
      0.80467,
      16.737136,
      5.310822,
      2.5749440000000003,
      1.2874720000000002,
      4.667085999999999,
      1.2874720000000002,
      4.02335,
      14.323126,
      16.415267999999998,
      17.059003999999998,
      22.53076,
      1.1265379999999998,
      0.80467,
      5.63269,
      17.059003999999998,
      0.32186800000000004,
      3.5405480000000003,
      21.887024,
      5.63269,
      17.541806,
      22.208892000000002
    ],
    [
      3.8624159999999996,
      18.024607999999997,
      0.6437360000000001,
      0.80467,
      5.149888000000001,
      2.896812,
      10.138842,
      1.7702740000000001,
      0.0,
      2.2530759999999996,
      1.2874720000000002,
      2.092142,
      16.576202000000002,
      0.9656039999999999,
      18.829278,
      9.65604,
      1.7702740000000001,
      25.74944,
      0.6437360000000001,
      1.7702740000000001,
      1.2874720000000002,
      16.415267999999998,
      0.6437360000000001,
      0.80467,
      2.896812,
      1.1265379999999998,
      1.7702740000000001,
      4.345218,
      0.9656039999999999,
      24.301033999999998,
      18.829278,
      11.748182,
      14.001257999999998,
      1.2874720000000002,
      0.6437360000000001,
      18.829278,
      1.448406,
      19.794882,
      3.5405480000000003,
      0.9656039999999999,
      1.448406,
      3.7014819999999995,
      0.9656039999999999,
      2.735878,
      12.713786,
      18.024607999999997,
      16.576202000000002,
      23.657297999999997,
      0.9656039999999999,
      2.735878,
      5.471756,
      20.11675,
      2.2530759999999996,
      2.2530759999999996,
      21.404222,
      4.184284,
      20.599552000000003,
      21.72609
    ],
    [
      6.43736,
      16.415267999999998,
      2.41401,
      1.9312079999999998,
      4.667085999999999,
      6.276426,
      16.576202000000002,
      3.7014819999999995,
      2.2530759999999996,
      0.0,
      2.41401,
      4.82802,
      13.518456,
      1.9312079999999998,
      17.380872,
      5.793624,
      3.5405480000000003,
      24.1401,
      2.092142,
      3.057746,
      2.092142,
      18.50741,
      2.092142,
      1.7702740000000001,
      3.21868,
      2.5749440000000003,
      3.379614,
      4.02335,
      1.60934,
      27.197846,
      17.380872,
      10.46071,
      12.713786,
      2.735878,
      2.092142,
      17.219938,
      3.21868,
      18.346476,
      4.506151999999999,
      1.9312079999999998,
      2.896812,
      6.276426,
      2.2530759999999996,
      0.6437360000000001,
      8.85137,
      20.760486,
      14.966862,
      26.393175999999997,
      2.5749440000000003,
      4.506151999999999,
      5.793624,
      18.668343999999998,
      4.02335,
      0.374,
      19.794882,
      3.8624159999999996,
      19.151146,
      20.11675
    ],
    [
      5.149888000000001,
      16.415267999999998,
      0.80467,
      0.6437360000000001,
      4.9889540000000006,
      4.02335,
      17.059003999999998,
      2.2530759999999996,
      1.2874720000000002,
      2.41401,
      0.0,
      3.379614,
      17.059003999999998,
      0.80467,
      17.219938,
      7.24203,
      1.448406,
      23.979166,
      0.6437360000000001,
      3.8624159999999996,
      0.48280199999999995,
      19.794882,
      0.6437360000000001,
      0.48280199999999995,
      0.9656039999999999,
      0.6437360000000001,
      2.2530759999999996,
      5.9545580000000005,
      0.80467,
      27.680647999999998,
      17.059003999999998,
      12.230984,
      14.48406,
      0.9656039999999999,
      2.092142,
      17.059003999999998,
      1.9312079999999998,
      16.254334,
      6.43736,
      2.092142,
      1.1265379999999998,
      6.276426,
      0.9656039999999999,
      3.5405480000000003,
      10.299776000000001,
      16.576202000000002,
      14.805927999999998,
      26.875978,
      1.1265379999999998,
      2.2530759999999996,
      4.667085999999999,
      18.50741,
      2.735878,
      2.735878,
      19.633948,
      5.793624,
      18.990212,
      19.955816000000002
    ],
    [
      2.896812,
      18.990212,
      2.5749440000000003,
      2.896812,
      7.885766,
      2.735878,
      11.909116000000001,
      1.7702740000000001,
      2.092142,
      4.82802,
      3.379614,
      0.0,
      17.541806,
      3.057746,
      19.794882,
      10.46071,
      1.9312079999999998,
      26.55411,
      2.896812,
      2.5749440000000003,
      3.379614,
      14.323126,
      2.896812,
      3.057746,
      4.667085999999999,
      2.5749440000000003,
      1.60934,
      6.759228,
      3.21868,
      22.208892000000002,
      19.794882,
      12.713786,
      14.966862,
      2.896812,
      2.2530759999999996,
      19.633948,
      2.092142,
      19.473014,
      5.310822,
      2.41401,
      2.41401,
      3.379614,
      2.41401,
      5.149888000000001,
      13.518456,
      17.70274,
      17.380872,
      21.565156,
      2.092142,
      2.896812,
      8.690436,
      19.794882,
      2.2530759999999996,
      4.506151999999999,
      22.208892000000002,
      6.598293999999999,
      20.277684,
      22.691694
    ],
    [
      13.196587999999998,
      27.841582000000002,
      16.737136,
      16.0934,
      17.219938,
      12.391918,
      8.690436,
      18.185542,
      16.576202000000002,
      13.518456,
      17.059003999999998,
      17.541806,
      0.0,
      17.70274,
      28.807185999999998,
      10.299776000000001,
      18.990212,
      35.566414,
      17.70274,
      10.943512,
      17.219938,
      9.65604,
      17.70274,
      17.541806,
      19.151146,
      18.346476,
      18.829278,
      7.402963999999999,
      12.391918,
      11.587248,
      28.807185999999998,
      6.9201619999999995,
      9.495106,
      17.70274,
      10.782578,
      28.646252,
      18.50741,
      29.77279,
      9.65604,
      10.621644,
      20.438617999999998,
      12.07005,
      18.024607999999997,
      10.943512,
      13.035654,
      34.278942,
      26.393175999999997,
      12.391918,
      18.668343999999998,
      21.243288,
      20.92142,
      30.094658,
      21.404222,
      11.26538,
      31.38213,
      7.563898,
      30.57746,
      31.703998
    ],
    [
      4.82802,
      16.576202000000002,
      0.32186800000000004,
      0.32186800000000004,
      5.149888000000001,
      3.7014819999999995,
      11.104446000000001,
      1.9312079999999998,
      0.9656039999999999,
      1.9312079999999998,
      0.80467,
      3.057746,
      17.70274,
      0.0,
      17.380872,
      6.43736,
      1.2874720000000002,
      24.1401,
      0.32186800000000004,
      2.2530759999999996,
      1.448406,
      19.151146,
      0.32186800000000004,
      0.456,
      1.448406,
      0.48280199999999995,
      2.41401,
      5.310822,
      0.32186800000000004,
      27.036912,
      17.380872,
      11.587248,
      13.840323999999999,
      0.80467,
      1.448406,
      17.219938,
      1.7702740000000001,
      18.346476,
      4.506151999999999,
      1.448406,
      0.80467,
      4.667085999999999,
      0.6437360000000001,
      2.735878,
      9.495106,
      17.219938,
      14.966862,
      26.232242,
      0.80467,
      2.5749440000000003,
      4.506151999999999,
      18.668343999999998,
      2.896812,
      2.092142,
      19.794882,
      5.149888000000001,
      19.151146,
      20.11675
    ],
    [
      21.72609,
      0.6437360000000001,
      17.70274,
      17.219938,
      13.357522000000001,
      21.404222,
      28.646252,
      19.633948,
      18.829278,
      17.380872,
      17.219938,
      19.794882,
      28.807185999999998,
      17.380872,
      0.0,
      16.0934,
      17.863674,
      15.610598,
      18.185542,
      17.863674,
      15.932466,
      30.899327999999997,
      18.346476,
      16.254334,
      16.415267999999998,
      18.024607999999997,
      18.50741,
      19.633948,
      16.0934,
      34.761744,
      0.016,
      22.691694,
      23.013562,
      16.415267999999998,
      17.380872,
      0.16093400000000002,
      18.50741,
      1.9312079999999998,
      21.565156,
      17.380872,
      17.541806,
      23.33543,
      18.50741,
      16.737136,
      19.151146,
      19.473014,
      2.092142,
      35.083612,
      18.024607999999997,
      18.346476,
      18.024607999999997,
      2.5749440000000003,
      18.829278,
      16.0934,
      19.955816000000002,
      19.473014,
      1.2874720000000002,
      20.277684
    ],
    [
      12.230984,
      16.415267999999998,
      6.759228,
      6.276426,
      5.149888000000001,
      11.426314,
      15.28873,
      11.26538,
      9.65604,
      5.793624,
      7.24203,
      10.46071,
      10.299776000000001,
      6.43736,
      16.0934,
      0.0,
      12.552852,
      23.657297999999997,
      8.0467,
      7.24203,
      6.598293999999999,
      15.449663999999999,
      8.0467,
      7.0810960000000005,
      10.943512,
      7.0810960000000005,
      9.012303999999999,
      4.667085999999999,
      6.9201619999999995,
      19.955816000000002,
      16.737136,
      6.43736,
      8.690436,
      7.0810960000000005,
      7.0810960000000005,
      16.737136,
      8.690436,
      17.863674,
      6.759228,
      7.0810960000000005,
      12.230984,
      11.426314,
      8.368568,
      4.9889540000000006,
      5.793624,
      24.94477,
      14.48406,
      19.794882,
      8.85137,
      13.035654,
      12.713786,
      18.024607999999997,
      11.748182,
      5.471756,
      19.31208,
      4.82802,
      18.668343999999998,
      19.633948
    ],
    [
      4.184284,
      18.185542,
      0.9656039999999999,
      2.2530759999999996,
      7.0810960000000005,
      3.8624159999999996,
      14.323126,
      0.80467,
      1.7702740000000001,
      3.5405480000000003,
      1.448406,
      1.9312079999999998,
      18.990212,
      1.2874720000000002,
      17.863674,
      12.552852,
      0.0,
      25.427572,
      1.1265379999999998,
      3.5405480000000003,
      1.60934,
      16.89807,
      0.9656039999999999,
      2.2530759999999996,
      2.735878,
      0.80467,
      0.6437360000000001,
      5.9545580000000005,
      2.41401,
      24.783836,
      18.990212,
      13.518456,
      15.771532,
      1.1265379999999998,
      2.41401,
      18.829278,
      0.48280199999999995,
      16.0934,
      5.471756,
      2.735878,
      0.6437360000000001,
      4.82802,
      0.6437360000000001,
      4.184284,
      15.28873,
      16.415267999999998,
      16.254334,
      23.979166,
      0.48280199999999995,
      1.2874720000000002,
      4.82802,
      16.254334,
      1.2874720000000002,
      3.7014819999999995,
      21.082354,
      5.793624,
      16.737136,
      21.404222
    ],
    [
      28.485318,
      16.0934,
      24.461968,
      23.979166,
      20.11675,
      28.16345,
      35.566414,
      26.071308,
      25.74944,
      24.1401,
      23.979166,
      26.55411,
      35.566414,
      24.1401,
      15.610598,
      23.657297999999997,
      25.427572,
      0.0,
      26.071308,
      25.588506,
      23.657297999999997,
      38.62416,
      26.071308,
      23.979166,
      24.1401,
      25.74944,
      26.393175999999997,
      27.35878,
      23.818232000000002,
      42.486576,
      15.932466,
      30.416525999999998,
      30.899327999999997,
      24.301033999999998,
      25.105704,
      15.932466,
      26.232242,
      17.059003999999998,
      29.289987999999997,
      25.105704,
      25.427572,
      31.221196,
      26.393175999999997,
      24.461968,
      26.875978,
      28.324384000000002,
      12.87472,
      42.969378,
      25.74944,
      26.071308,
      25.74944,
      17.380872,
      26.55411,
      23.818232000000002,
      8.368568,
      27.197846,
      17.863674,
      8.690436
    ],
    [
      4.506151999999999,
      18.50741,
      0.407,
      0.32186800000000004,
      5.310822,
      3.5405480000000003,
      10.782578,
      1.9312079999999998,
      0.6437360000000001,
      2.092142,
      0.6437360000000001,
      2.896812,
      17.70274,
      0.32186800000000004,
      18.185542,
      8.0467,
      1.1265379999999998,
      26.071308,
      0.0,
      2.2530759999999996,
      1.448406,
      17.059003999999998,
      0.098,
      0.16093400000000002,
      1.60934,
      0.48280199999999995,
      1.9312079999999998,
      5.310822,
      0.32186800000000004,
      24.94477,
      17.541806,
      12.391918,
      14.644993999999999,
      0.80467,
      1.7702740000000001,
      17.380872,
      0.9656039999999999,
      16.576202000000002,
      4.506151999999999,
      1.60934,
      0.80467,
      4.184284,
      0.32186800000000004,
      3.057746,
      9.816974,
      18.668343999999998,
      15.28873,
      24.1401,
      0.6437360000000001,
      2.41401,
      4.82802,
      16.89807,
      2.5749440000000003,
      2.41401,
      20.11675,
      5.149888000000001,
      17.380872,
      20.438617999999998
    ],
    [
      4.184284,
      18.185542,
      2.5749440000000003,
      2.092142,
      6.115492,
      2.896812,
      10.621644,
      3.379614,
      1.7702740000000001,
      3.057746,
      3.8624159999999996,
      2.5749440000000003,
      10.943512,
      2.2530759999999996,
      17.863674,
      7.24203,
      3.5405480000000003,
      25.588506,
      2.2530759999999996,
      0.0,
      2.5749440000000003,
      12.07005,
      2.5749440000000003,
      2.2530759999999996,
      4.345218,
      2.896812,
      3.7014819999999995,
      3.7014819999999995,
      2.2530759999999996,
      15.932466,
      19.151146,
      12.07005,
      14.323126,
      3.7014819999999995,
      1.7702740000000001,
      18.990212,
      3.379614,
      20.11675,
      2.5749440000000003,
      1.448406,
      7.724831999999999,
      3.057746,
      2.735878,
      2.735878,
      12.87472,
      18.990212,
      16.737136,
      16.415267999999998,
      3.379614,
      8.368568,
      8.0467,
      20.438617999999998,
      4.184284,
      3.057746,
      21.72609,
      3.379614,
      20.92142,
      22.047957999999998
    ],
    [
      6.9201619999999995,
      16.254334,
      1.2874720000000002,
      1.448406,
      4.82802,
      4.02335,
      16.89807,
      2.2530759999999996,
      1.2874720000000002,
      2.092142,
      0.48280199999999995,
      3.379614,
      17.219938,
      1.448406,
      15.932466,
      6.598293999999999,
      1.60934,
      23.657297999999997,
      1.448406,
      2.5749440000000003,
      0.0,
      19.31208,
      1.2874720000000002,
      1.448406,
      2.092142,
      0.9656039999999999,
      2.2530759999999996,
      5.471756,
      1.448406,
      27.197846,
      16.576202000000002,
      11.748182,
      14.001257999999998,
      0.6437360000000001,
      1.60934,
      16.576202000000002,
      1.9312079999999998,
      18.668343999999998,
      5.9545580000000005,
      1.60934,
      0.80467,
      6.276426,
      1.1265379999999998,
      3.057746,
      9.816974,
      16.89807,
      14.323126,
      26.393175999999997,
      1.2874720000000002,
      2.2530759999999996,
      4.184284,
      18.829278,
      2.735878,
      2.2530759999999996,
      19.151146,
      5.310822,
      19.31208,
      19.473014
    ],
    [
      11.26538,
      31.221196,
      17.059003999999998,
      18.990212,
      20.599552000000003,
      10.621644,
      3.379614,
      15.449663999999999,
      16.415267999999998,
      18.50741,
      19.794882,
      14.323126,
      9.65604,
      19.151146,
      30.899327999999997,
      15.449663999999999,
      16.89807,
      38.62416,
      17.059003999999998,
      12.07005,
      19.31208,
      0.0,
      13.357522000000001,
      17.219938,
      21.404222,
      17.219938,
      15.449663999999999,
      11.587248,
      19.794882,
      6.9201619999999995,
      31.221196,
      13.196587999999998,
      15.932466,
      17.380872,
      16.737136,
      31.060262,
      16.576202000000002,
      30.899327999999997,
      10.621644,
      12.713786,
      20.760486,
      10.138842,
      16.89807,
      17.70274,
      20.760486,
      26.715044000000002,
      28.807185999999998,
      7.24203,
      16.737136,
      15.449663999999999,
      23.174496,
      31.221196,
      14.805927999999998,
      18.990212,
      33.79614,
      12.552852,
      31.703998,
      34.118007999999996
    ],
    [
      4.667085999999999,
      18.668343999999998,
      0.16093400000000002,
      0.32186800000000004,
      5.310822,
      3.5405480000000003,
      10.782578,
      1.9312079999999998,
      0.6437360000000001,
      2.092142,
      0.6437360000000001,
      2.896812,
      17.70274,
      0.32186800000000004,
      18.346476,
      8.0467,
      0.9656039999999999,
      26.071308,
      0.098,
      2.5749440000000003,
      1.2874720000000002,
      13.357522000000001,
      0.0,
      0.32186800000000004,
      1.60934,
      0.48280199999999995,
      1.9312079999999998,
      5.471756,
      0.48280199999999995,
      24.94477,
      17.541806,
      11.748182,
      14.001257999999998,
      0.80467,
      1.7702740000000001,
      17.380872,
      1.448406,
      16.576202000000002,
      4.506151999999999,
      1.60934,
      0.80467,
      4.345218,
      0.48280199999999995,
      2.896812,
      9.816974,
      18.668343999999998,
      15.127796,
      24.1401,
      0.6437360000000001,
      2.41401,
      4.82802,
      16.737136,
      2.5749440000000003,
      2.41401,
      20.11675,
      5.149888000000001,
      17.380872,
      20.438617999999998
    ],
    [
      4.667085999999999,
      16.576202000000002,
      0.32186800000000004,
      0.407,
      4.9889540000000006,
      3.7014819999999995,
      14.805927999999998,
      2.092142,
      0.80467,
      1.7702740000000001,
      0.48280199999999995,
      3.057746,
      17.541806,
      0.456,
      16.254334,
      7.0810960000000005,
      2.2530759999999996,
      23.979166,
      0.16093400000000002,
      2.2530759999999996,
      1.448406,
      17.219938,
      0.32186800000000004,
      0.0,
      1.448406,
      0.6437360000000001,
      2.2530759999999996,
      5.149888000000001,
      0.16093400000000002,
      25.266638,
      17.380872,
      12.230984,
      14.48406,
      0.9656039999999999,
      1.2874720000000002,
      17.219938,
      1.448406,
      18.50741,
      4.345218,
      1.2874720000000002,
      0.9656039999999999,
      4.506151999999999,
      0.48280199999999995,
      2.735878,
      9.65604,
      18.990212,
      15.127796,
      24.461968,
      0.80467,
      3.21868,
      4.667085999999999,
      17.059003999999998,
      2.735878,
      2.2530759999999996,
      19.955816000000002,
      4.9889540000000006,
      17.541806,
      20.277684
    ],
    [
      6.598293999999999,
      16.737136,
      1.7702740000000001,
      1.60934,
      5.471756,
      6.276426,
      18.829278,
      3.379614,
      2.896812,
      3.21868,
      0.9656039999999999,
      4.667085999999999,
      19.151146,
      1.448406,
      16.415267999999998,
      10.943512,
      2.735878,
      24.1401,
      1.60934,
      4.345218,
      2.092142,
      21.404222,
      1.60934,
      1.448406,
      0.0,
      1.60934,
      3.057746,
      6.598293999999999,
      1.7702740000000001,
      29.129054000000004,
      17.380872,
      13.67939,
      15.932466,
      1.9312079999999998,
      3.057746,
      17.219938,
      2.896812,
      15.771532,
      7.0810960000000005,
      3.379614,
      1.7702740000000001,
      9.173238,
      2.2530759999999996,
      4.184284,
      10.943512,
      16.254334,
      14.966862,
      28.324384000000002,
      2.092142,
      3.057746,
      4.184284,
      16.0934,
      3.5405480000000003,
      3.379614,
      19.794882,
      6.43736,
      16.576202000000002,
      20.277684
    ],
    [
      4.506151999999999,
      18.346476,
      0.32186800000000004,
      0.80467,
      7.24203,
      4.345218,
      14.644993999999999,
      1.60934,
      1.1265379999999998,
      2.5749440000000003,
      0.6437360000000001,
      2.5749440000000003,
      18.346476,
      0.48280199999999995,
      18.024607999999997,
      7.0810960000000005,
      0.80467,
      25.74944,
      0.48280199999999995,
      2.896812,
      0.9656039999999999,
      17.219938,
      0.48280199999999995,
      0.6437360000000001,
      1.60934,
      0.0,
      1.448406,
      5.793624,
      0.80467,
      24.94477,
      18.990212,
      13.035654,
      15.28873,
      0.32186800000000004,
      2.735878,
      18.990212,
      0.9656039999999999,
      16.0934,
      4.9889540000000006,
      1.9312079999999998,
      0.32186800000000004,
      4.9889540000000006,
      0.32186800000000004,
      3.21868,
      10.138842,
      16.254334,
      18.829278,
      24.1401,
      0.48280199999999995,
      1.60934,
      4.9889540000000006,
      16.415267999999998,
      2.2530759999999996,
      2.735878,
      20.92142,
      5.63269,
      16.89807,
      21.243288
    ],
    [
      4.184284,
      18.990212,
      1.9312079999999998,
      2.2530759999999996,
      7.724831999999999,
      4.02335,
      12.87472,
      0.32186800000000004,
      1.7702740000000001,
      3.379614,
      2.2530759999999996,
      1.60934,
      18.829278,
      2.41401,
      18.50741,
      9.012303999999999,
      0.6437360000000001,
      26.393175999999997,
      1.9312079999999998,
      3.7014819999999995,
      2.2530759999999996,
      15.449663999999999,
      1.9312079999999998,
      2.2530759999999996,
      3.057746,
      1.448406,
      0.0,
      5.793624,
      2.092142,
      23.174496,
      19.633948,
      13.357522000000001,
      15.610598,
      1.7702740000000001,
      2.2530759999999996,
      19.473014,
      0.80467,
      16.737136,
      5.310822,
      2.41401,
      1.2874720000000002,
      4.667085999999999,
      1.2874720000000002,
      3.8624159999999996,
      14.162192000000001,
      16.254334,
      19.31208,
      22.53076,
      1.1265379999999998,
      1.2874720000000002,
      5.471756,
      16.89807,
      0.6437360000000001,
      3.5405480000000003,
      21.72609,
      5.471756,
      17.380872,
      22.208892000000002
    ],
    [
      6.115492,
      19.955816000000002,
      5.63269,
      5.149888000000001,
      6.9201619999999995,
      4.82802,
      9.816974,
      5.793624,
      4.345218,
      4.02335,
      5.9545580000000005,
      6.759228,
      7.402963999999999,
      5.310822,
      19.633948,
      4.667085999999999,
      5.9545580000000005,
      27.35878,
      5.310822,
      3.7014819999999995,
      5.471756,
      11.587248,
      5.471756,
      5.149888000000001,
      6.598293999999999,
      5.793624,
      5.793624,
      0.0,
      4.82802,
      17.059003999999998,
      21.887024,
      7.885766,
      10.943512,
      5.9545580000000005,
      3.5405480000000003,
      21.887024,
      5.63269,
      23.013562,
      2.735878,
      3.21868,
      6.276426,
      4.82802,
      5.63269,
      3.379614,
      9.012303999999999,
      23.013562,
      19.633948,
      16.737136,
      5.63269,
      9.977908000000001,
      9.65604,
      25.105704,
      6.43736,
      3.7014819999999995,
      24.461968,
      0.16093400000000002,
      22.691694,
      24.783836
    ],
    [
      4.82802,
      16.415267999999998,
      0.48280199999999995,
      0.16093400000000002,
      4.82802,
      3.8624159999999996,
      17.380872,
      2.2530759999999996,
      0.9656039999999999,
      1.60934,
      0.80467,
      3.21868,
      12.391918,
      0.32186800000000004,
      16.0934,
      6.9201619999999995,
      2.41401,
      23.818232000000002,
      0.32186800000000004,
      2.2530759999999996,
      1.448406,
      19.794882,
      0.48280199999999995,
      0.16093400000000002,
      1.7702740000000001,
      0.80467,
      2.092142,
      4.82802,
      0.0,
      27.036912,
      14.323126,
      11.587248,
      13.840323999999999,
      1.1265379999999998,
      1.2874720000000002,
      14.162192000000001,
      1.60934,
      15.28873,
      5.471756,
      1.448406,
      1.1265379999999998,
      4.506151999999999,
      0.6437360000000001,
      2.5749440000000003,
      9.495106,
      17.219938,
      11.909116000000001,
      26.232242,
      0.9656039999999999,
      3.057746,
      4.506151999999999,
      15.610598,
      2.896812,
      2.092142,
      19.794882,
      4.82802,
      16.0934,
      20.11675
    ],
    [
      15.28873,
      35.083612,
      24.94477,
      26.875978,
      24.622902,
      14.48406,
      7.24203,
      23.33543,
      24.301033999999998,
      27.197846,
      27.680647999999998,
      22.208892000000002,
      11.587248,
      27.036912,
      34.761744,
      19.955816000000002,
      24.783836,
      42.486576,
      24.94477,
      15.932466,
      27.197846,
      6.9201619999999995,
      24.94477,
      25.266638,
      29.129054000000004,
      24.94477,
      23.174496,
      17.059003999999998,
      27.036912,
      0.0,
      36.371084,
      16.576202000000002,
      18.024607999999997,
      27.197846,
      25.588506,
      36.21015,
      25.588506,
      39.911632000000004,
      15.771532,
      26.393175999999997,
      25.910374,
      15.28873,
      25.74944,
      24.94477,
      22.852628,
      34.278942,
      33.957074,
      3.379614,
      25.588506,
      24.301033999999998,
      30.416525999999998,
      44.095915999999995,
      23.818232000000002,
      26.232242,
      38.785094,
      16.737136,
      44.578718,
      39.267896
    ],
    [
      21.72609,
      0.6437360000000001,
      17.541806,
      17.059003999999998,
      13.196587999999998,
      21.404222,
      28.646252,
      19.633948,
      18.829278,
      17.380872,
      17.059003999999998,
      19.794882,
      28.807185999999998,
      17.380872,
      0.016,
      16.737136,
      18.990212,
      15.932466,
      17.541806,
      19.151146,
      16.576202000000002,
      31.221196,
      17.541806,
      17.380872,
      17.380872,
      18.990212,
      19.633948,
      21.887024,
      14.323126,
      36.371084,
      0.0,
      22.691694,
      23.174496,
      16.576202000000002,
      17.380872,
      0.16093400000000002,
      19.151146,
      1.9312079999999998,
      20.11675,
      17.380872,
      17.70274,
      23.496364,
      18.668343999999998,
      16.737136,
      19.151146,
      19.473014,
      2.092142,
      35.244546,
      18.024607999999997,
      19.151146,
      18.024607999999997,
      2.5749440000000003,
      19.633948,
      16.0934,
      19.955816000000002,
      19.473014,
      1.1265379999999998,
      20.277684
    ],
    [
      14.323126,
      23.013562,
      11.909116000000001,
      11.426314,
      12.391918,
      13.518456,
      11.748182,
      13.357522000000001,
      11.748182,
      10.46071,
      12.230984,
      12.713786,
      6.9201619999999995,
      11.587248,
      22.691694,
      6.43736,
      13.518456,
      30.416525999999998,
      12.391918,
      12.07005,
      11.748182,
      13.196587999999998,
      11.748182,
      12.230984,
      13.67939,
      13.035654,
      13.357522000000001,
      7.885766,
      11.587248,
      16.576202000000002,
      22.691694,
      0.0,
      3.7014819999999995,
      12.552852,
      11.748182,
      23.496364,
      13.357522000000001,
      24.783836,
      10.299776000000001,
      11.748182,
      13.518456,
      13.518456,
      13.035654,
      9.173238,
      6.759228,
      29.129054000000004,
      21.243288,
      18.024607999999997,
      13.518456,
      16.737136,
      15.771532,
      24.94477,
      16.415267999999998,
      11.748182,
      26.232242,
      8.207633999999999,
      25.427572,
      26.55411
    ],
    [
      16.576202000000002,
      23.33543,
      14.162192000000001,
      13.67939,
      12.87472,
      15.771532,
      14.323126,
      15.610598,
      14.001257999999998,
      12.713786,
      14.48406,
      14.966862,
      9.495106,
      13.840323999999999,
      23.013562,
      8.690436,
      15.771532,
      30.899327999999997,
      14.644993999999999,
      14.323126,
      14.001257999999998,
      15.932466,
      14.001257999999998,
      14.48406,
      15.932466,
      15.28873,
      15.610598,
      10.943512,
      13.840323999999999,
      18.024607999999997,
      23.174496,
      3.7014819999999995,
      0.0,
      14.001257999999998,
      13.035654,
      24.94477,
      14.805927999999998,
      26.071308,
      13.035654,
      13.196587999999998,
      16.737136,
      14.966862,
      14.323126,
      11.748182,
      5.63269,
      30.416525999999998,
      22.691694,
      19.31208,
      14.805927999999998,
      18.024607999999997,
      17.219938,
      26.393175999999997,
      17.70274,
      13.035654,
      27.519714,
      11.104446000000001,
      26.875978,
      27.841582000000002
    ],
    [
      4.667085999999999,
      16.737136,
      0.80467,
      1.1265379999999998,
      5.310822,
      4.506151999999999,
      11.426314,
      1.7702740000000001,
      1.2874720000000002,
      2.735878,
      0.9656039999999999,
      2.896812,
      17.70274,
      0.80467,
      16.415267999999998,
      7.0810960000000005,
      1.1265379999999998,
      24.301033999999998,
      0.80467,
      3.7014819999999995,
      0.6437360000000001,
      17.380872,
      0.80467,
      0.9656039999999999,
      1.9312079999999998,
      0.32186800000000004,
      1.7702740000000001,
      5.9545580000000005,
      1.1265379999999998,
      27.197846,
      16.576202000000002,
      12.552852,
      14.001257999999998,
      0.0,
      2.092142,
      18.185542,
      1.448406,
      15.771532,
      6.43736,
      2.2530759999999996,
      0.32186800000000004,
      5.793624,
      0.48280199999999995,
      3.5405480000000003,
      10.299776000000001,
      16.0934,
      15.932466,
      24.301033999999998,
      0.80467,
      1.7702740000000001,
      4.506151999999999,
      16.0934,
      2.2530759999999996,
      2.896812,
      19.633948,
      5.793624,
      16.576202000000002,
      21.082354
    ],
    [
      4.02335,
      17.70274,
      1.7702740000000001,
      1.2874720000000002,
      6.43736,
      3.8624159999999996,
      14.162192000000001,
      2.2530759999999996,
      0.6437360000000001,
      2.092142,
      2.092142,
      2.2530759999999996,
      10.782578,
      1.448406,
      17.380872,
      7.0810960000000005,
      2.41401,
      25.105704,
      1.7702740000000001,
      1.7702740000000001,
      1.60934,
      16.737136,
      1.7702740000000001,
      1.2874720000000002,
      3.057746,
      2.735878,
      2.2530759999999996,
