{
  "drive_dist_matrix": [
    [
      0.0,
      3.0,
      5.0,
      3.7,
      14.6,
      12.4,
      3.5,
      3.5,
      4.5,
      5.0,
      3.8,
      6.8,
      9.8,
      0.2,
      3.5,
      7.4,
      2.8,
      9.2,
      5.0,
      4.2
    ],
    [
      3.0,
      0.0,
      2.5,
      5.3,
      15.7,
      10.3,
      5.1,
      5.1,
      6.1,
      6.6,
      5.4,
      7.9,
      10.9,
      3.0,
      5.1,
      7.0,
      4.3,
      10.3,
      6.6,
      5.8
    ],
    [
      5.0,
      2.5,
      0.0,
      5.9,
      22.6,
      9.6,
      5.8,
      5.8,
      6.7,
      10.0,
      6.3,
      6.4,
      14.4,
      6.4,
      8.5,
      8.2,
      7.8,
      13.7,
      10.0,
      6.5
    ],
    [
      3.7,
      5.3,
      5.9,
      0.0,
      11.0,
      14.5,
      0.45,
      0.45,
      0.6,
      2.5,
      0.4,
      5.5,
      6.3,
      4.2,
      0.8,
      10.1,
      0.9,
      5.8,
      2.9,
      0.35
    ],
    [
      14.6,
      15.7,
      22.6,
      11.0,
      0.0,
      21.5,
      9.9,
      9.9,
      10.0,
      10.7,
      10.5,
      10.4,
      9.5,
      13.4,
      10.8,
      20.4,
      11.6,
      8.9,
      11.9,
      10.8
    ],
    [
      12.4,
      10.3,
      9.6,
      14.5,
      21.5,
      0.0,
      13.9,
      13.9,
      14.9,
      15.4,
      14.3,
      17.4,
      23.5,
      11.9,
      14.0,
      12.4,
      13.2,
      22.9,
      15.4,
      14.6
    ],
    [
      3.5,
      5.1,
      5.8,
      0.45,
      9.9,
      13.9,
      0.0,
      0.0,
      1.0,
      2.7,
      0.85,
      4.3,
      5.4,
      3.5,
      1.3,
      9.4,
      1.9,
      4.9,
      3.2,
      0.65
    ],
    [
      3.5,
      5.1,
      5.8,
      0.45,
      9.9,
      13.9,
      0.0,
      0.0,
      1.0,
      2.9,
      0.85,
      4.3,
      5.4,
      3.5,
      1.3,
      9.4,
      1.9,
      4.9,
      3.2,
      0.65
    ],
    [
      4.5,
      6.1,
      6.7,
      0.6,
      10.0,
      14.9,
      1.0,
      1.0,
      0.0,
      1.9,
      0.6,
      5.4,
      5.8,
      4.2,
      0.85,
      10.1,
      0.95,
      5.3,
      2.8,
      0.8
    ],
    [
      5.0,
      6.6,
      10.0,
      2.5,
      10.7,
      15.4,
      2.7,
      2.9,
      1.9,
      0.0,
      2.2,
      7.5,
      5.1,
      5.1,
      1.9,
      13.7,
      2.6,
      5.0,
      2.3,
      2.6
    ],
    [
      3.8,
      5.4,
      6.3,
      0.4,
      10.5,
      14.3,
      0.85,
      0.85,
      0.6,
      2.2,
      0.0,
      5.2,
      6.1,
      3.9,
      0.45,
      9.8,
      0.55,
      5.5,
      2.6,
      0.5
    ],
    [
      6.8,
      7.9,
      6.4,
      5.5,
      10.4,
      17.4,
      4.3,
      4.3,
      5.4,
      7.5,
      5.2,
      0.0,
      5.9,
      5.8,
      5.5,
      12.8,
      5.7,
      5.3,
      7.4,
      5.0
    ],
    [
      9.8,
      10.9,
      14.4,
      6.3,
      9.5,
      23.5,
      5.4,
      5.4,
      5.8,
      5.1,
      6.1,
      5.9,
      0.0,
      9.3,
      6.7,
      16.3,
      6.9,
      0.6,
      7.4,
      6.3
    ],
    [
      0.2,
      3.0,
      6.4,
      4.2,
      13.4,
      11.9,
      3.5,
      3.5,
      4.2,
      5.1,
      3.9,
      5.8,
      9.3,
      0.0,
      3.5,
      7.4,
      2.8,
      9.2,
      5.0,
      4.2
    ],
    [
      3.5,
      5.1,
      8.5,
      0.8,
      10.8,
      14.0,
      1.3,
      1.3,
      0.85,
      1.9,
      0.45,
      5.5,
      6.7,
      3.5,
      0.0,
      9.5,
      0.19,
      5.9,
      2.3,
      0.55
    ],
    [
      7.4,
      7.0,
      8.2,
      10.1,
      20.4,
      12.4,
      9.4,
      9.4,
      10.1,
      13.7,
      9.8,
      12.8,
      16.3,
      7.4,
      9.5,
      0.0,
      8.8,
      15.3,
      11.0,
      10.2
    ],
    [
      2.8,
      4.3,
      7.8,
      0.9,
      11.6,
      13.2,
      1.9,
      1.9,
      0.95,
      2.6,
      0.55,
      5.7,
      6.9,
      2.8,
      0.19,
      8.8,
      0.0,
      6.1,
      2.8,
      0.5
    ],
    [
      9.2,
      10.3,
      13.7,
      5.8,
      8.9,
      22.9,
      4.9,
      4.9,
      5.3,
      5.0,
      5.5,
      5.3,
      0.6,
      9.2,
      5.9,
      15.3,
      6.1,
      0.0,
      7.1,
      5.5
    ],
    [
      5.0,
      6.6,
      10.0,
      2.9,
      11.9,
      15.4,
      3.2,
      3.2,
      2.8,
      2.3,
      2.6,
      7.4,
      7.4,
      5.0,
      2.3,
      11.0,
      2.8,
      7.1,
      0.0,
      3.1
    ],
    [
      4.2,
      5.8,
      6.5,
      0.35,
      10.8,
      14.6,
      0.65,
      0.65,
      0.8,
      2.6,
      0.5,
      5.0,
      6.3,
      4.2,
      0.55,
      10.2,
      0.5,
      5.5,
      3.1,
      0.0
    ]
  ],
  "drive_time_matrix": [
    [
      0.0,
      7.0,
      12.0,
      9.0,
      18.0,
      17.0,
      9.0,
      9.0,
      11.0,
      13.0,
      10.0,
      11.0,
      15.0,
      3.0,
      10.0,
      13.0,
      8.0,
      14.0,
      13.0,
      12.0
    ],
    [
      7.0,
      0.0,
      7.0,
      11.0,
      18.0,
      13.0,
      11.0,
      11.0,
      13.0,
      14.0,
      11.0,
      11.0,
      15.0,
      5.0,
      11.0,
      15.0,
      9.0,
      15.0,
      14.0,
      13.0
    ],
    [
      12.0,
      7.0,
      0.0,
      15.0,
      23.0,
      15.0,
      15.0,
      15.0,
      17.0,
      19.0,
      16.0,
      16.0,
      21.0,
      11.0,
      16.0,
      17.0,
      15.0,
      20.0,
      19.0,
      18.0
    ],
    [
      9.0,
      11.0,
      15.0,
      0.0,
      17.0,
      19.0,
      6.0,
      6.0,
      8.0,
      6.0,
      5.0,
      8.0,
      11.0,
      9.0,
      7.0,
      18.0,
      8.0,
      11.0,
      7.0,
      5.0
    ],
    [
      18.0,
      18.0,
      23.0,
      17.0,
      0.0,
      22.0,
      14.0,
      14.0,
      14.0,
      16.0,
      15.0,
      15.0,
      14.0,
      15.0,
      16.0,
      25.0,
      19.0,
      13.0,
      21.0,
      17.0
    ],
    [
      17.0,
      13.0,
      15.0,
      19.0,
      22.0,
      0.0,
      21.0,
      21.0,
      23.0,
      23.0,
      21.0,
      21.0,
      23.0,
      15.0,
      21.0,
      22.0,
      19.0,
      22.0,
      24.0,
      23.0
    ],
    [
      9.0,
      11.0,
      15.0,
      6.0,
      14.0,
      21.0,
      0.0,
      1.0,
      11.0,
      7.0,
      7.0,
      10.0,
      9.0,
      8.0,
      4.0,
      18.0,
      6.0,
      9.0,
      8.0,
      5.0
    ],
    [
      9.0,
      11.0,
      15.0,
      6.0,
      14.0,
      21.0,
      1.0,
      0.0,
      11.0,
      7.0,
      7.0,
      9.0,
      9.0,
      8.0,
      4.0,
      18.0,
      6.0,
      9.0,
      8.0,
      5.0
    ],
    [
      11.0,
      13.0,
      17.0,
      8.0,
      14.0,
      23.0,
      11.0,
      11.0,
      0.0,
      6.0,
      8.0,
      13.0,
      11.0,
      10.0,
      12.0,
      20.0,
      13.0,
      10.0,
      8.0,
      10.0
    ],
    [
      13.0,
      14.0,
      19.0,
      6.0,
      16.0,
      23.0,
      7.0,
      7.0,
      6.0,
      0.0,
      6.0,
      14.0,
      10.0,
      12.0,
      5.0,
      20.0,
      7.0,
      10.0,
      7.0,
      9.0
    ],
    [
      10.0,
      11.0,
      16.0,
      5.0,
      15.0,
      21.0,
      7.0,
      7.0,
      8.0,
      6.0,
      0.0,
      11.0,
      11.0,
      9.0,
      6.0,
      19.0,
      7.0,
      10.0,
      7.0,
      6.0
    ],
    [
      11.0,
      11.0,
      16.0,
      8.0,
      15.0,
      21.0,
      10.0,
      9.0,
      13.0,
      14.0,
      11.0,
      0.0,
      10.0,
      9.0,
      13.0,
      19.0,
      14.0,
      9.0,
      17.0,
      11.0
    ],
    [
      15.0,
      15.0,
      21.0,
      11.0,
      14.0,
      23.0,
      9.0,
      9.0,
      11.0,
      10.0,
      11.0,
      10.0,
      0.0,
      13.0,
      13.0,
      24.0,
      15.0,
      8.0,
      18.0,
      13.0
    ],
    [
      3.0,
      5.0,
      11.0,
      9.0,
      15.0,
      15.0,
      8.0,
      8.0,
      10.0,
      12.0,
      9.0,
      9.0,
      13.0,
      0.0,
      10.0,
      13.0,
      8.0,
      14.0,
      13.0,
      12.0
    ],
    [
      10.0,
      11.0,
      16.0,
      7.0,
      16.0,
      21.0,
      4.0,
      4.0,
      12.0,
      5.0,
      6.0,
      13.0,
      13.0,
      10.0,
      0.0,
      19.0,
      2.0,
      13.0,
      7.0,
      7.0
    ],
    [
      13.0,
      15.0,
      17.0,
      18.0,
      25.0,
      22.0,
      18.0,
      18.0,
      20.0,
      20.0,
      19.0,
      19.0,
      24.0,
      13.0,
      19.0,
      0.0,
      18.0,
      23.0,
      20.0,
      22.0
    ],
    [
      8.0,
      9.0,
      15.0,
      8.0,
      19.0,
      19.0,
      6.0,
      6.0,
      13.0,
      7.0,
      7.0,
      14.0,
      15.0,
      8.0,
      2.0,
      18.0,
      0.0,
      14.0,
      9.0,
      7.0
    ],
    [
      14.0,
      15.0,
      20.0,
      11.0,
      13.0,
      22.0,
      9.0,
      9.0,
      10.0,
      10.0,
      10.0,
      9.0,
      8.0,
      14.0,
      13.0,
      23.0,
      14.0,
      0.0,
      17.0,
      12.0
    ],
    [
      13.0,
      14.0,
      19.0,
      7.0,
      21.0,
      24.0,
      8.0,
      8.0,
      8.0,
      7.0,
      7.0,
      17.0,
      18.0,
      13.0,
      7.0,
      20.0,
      9.0,
      17.0,
      0.0,
      10.0
    ],
    [
      12.0,
      13.0,
      18.0,
      5.0,
      17.0,
      23.0,
      5.0,
      5.0,
      10.0,
      9.0,
      6.0,
      11.0,
      13.0,
      12.0,
      7.0,
      22.0,
      7.0,
      12.0,
      10.0,
      0.0
    ]
  ],
  "transit_dist_walk_matrix": [
    [
      0.0,
      1.49994,
      1.58327,
      0.9166300000000001,
      1.16662,
      1.74993,
      1.33328,
      1.33328,
      1.2499500000000001,
      1.41661,
      NaN,
      0.9166300000000001,
      1.33328,
      NaN,
      0.8333,
      1.08329,
      0.8333,
      1.16662,
      0.9166300000000001,
      0.9166300000000001
    ],
    [
      1.49994,
      0.0,
      NaN,
      0.9166300000000001,
      1.16662,
      1.6666,
      1.33328,
      1.33328,
      1.2499500000000001,
      1.33328,
      0.99996,
      0.9166300000000001,
      1.2499500000000001,
      1.41661,
      1.08329,
      0.99996,
      1.16662,
      1.08329,
      0.9166300000000001,
      NaN
    ],
    [
      1.58327,
      NaN,
      0.0,
      1.16662,
      1.41661,
      1.74993,
      1.58327,
      1.58327,
      1.49994,
      1.58327,
      1.2499500000000001,
      1.16662,
      1.49994,
      1.6666,
      1.33328,
      1.08329,
      1.41661,
      1.33328,
      1.16662,
      1.08329
    ],
    [
      0.9166300000000001,
      0.9166300000000001,
      1.16662,
      0.0,
      0.41665,
      1.08329,
      NaN,
      NaN,
      NaN,
      NaN,
      NaN,
      0.33332,
      0.58331,
      0.8333,
      0.49998,
      0.41665,
      0.58331,
      0.41665,
      0.58331,
      NaN
    ],
    [
      1.16662,
      1.16662,
      1.41661,
      0.41665,
      0.0,
      1.2499500000000001,
      0.99996,
      0.99996,
      0.99996,
      1.08329,
      0.8333,
      0.9166300000000001,
      0.99996,
      NaN,
      1.2499500000000001,
      0.74997,
      1.33328,
      0.66664,
      1.08329,
      0.8333
    ],
    [
      1.74993,
      1.6666,
      1.74993,
      1.08329,
      1.2499500000000001,
      0.0,
      1.41661,
      1.41661,
      1.2499500000000001,
      1.41661,
      1.08329,
      0.99996,
      1.33328,
      1.58327,
      1.16662,
      1.2499500000000001,
      1.2499500000000001,
      1.16662,
      0.99996,
      0.9166300000000001
    ],
    [
      1.33328,
      1.33328,
      1.58327,
      NaN,
      0.99996,
      1.41661,
      0.0,
      NaN,
      0.49998,
      NaN,
      0.49998,
      0.66664,
      0.99996,
      1.16662,
      0.33332,
      0.74997,
      0.33332,
      0.8333,
      0.41665,
      0.33332
    ],
    [
      1.33328,
      1.33328,
      1.58327,
      NaN,
      0.99996,
      1.41661,
      NaN,
      0.0,
      0.49998,
      NaN,
      0.49998,
      0.66664,
      0.99996,
      1.16662,
      0.33332,
      0.74997,
      0.33332,
      0.8333,
      0.41665,
      0.33332
    ],
    [
      1.2499500000000001,
      1.2499500000000001,
      1.49994,
      NaN,
      0.99996,
      1.2499500000000001,
      0.49998,
      0.49998,
      0.0,
      0.99996,
      NaN,
      NaN,
      0.9166300000000001,
      1.2499500000000001,
      NaN,
      0.74997,
      NaN,
      0.74997,
      0.9166300000000001,
      0.66664
    ],
    [
      1.41661,
      1.33328,
      1.58327,
      NaN,
      1.08329,
      1.41661,
      NaN,
      NaN,
      0.99996,
      0.0,
      NaN,
      0.66664,
      1.74993,
      1.41661,
      NaN,
      1.49994,
      NaN,
      1.58327,
      1.74993,
      NaN
    ],
    [
      NaN,
      0.99996,
      1.2499500000000001,
      NaN,
      0.8333,
      1.08329,
      0.49998,
      0.49998,
      NaN,
      NaN,
      0.0,
      0.58331,
      0.8333,
      0.9166300000000001,
      NaN,
      0.49998,
      NaN,
      0.66664,
      0.41665,
      NaN
    ],
    [
      0.9166300000000001,
      0.9166300000000001,
      1.16662,
      0.33332,
      0.9166300000000001,
      0.99996,
      0.66664,
      0.66664,
      NaN,
      0.66664,
      0.58331,
      0.0,
      1.08329,
      0.8333,
      0.9166300000000001,
      0.41665,
      NaN,
      0.74997,
      0.66664,
      0.49998
    ],
    [
      1.33328,
      1.2499500000000001,
      1.49994,
      0.58331,
      0.99996,
      1.33328,
      0.99996,
      0.99996,
      0.9166300000000001,
      1.74993,
      0.8333,
      1.08329,
      0.0,
      1.16662,
      0.9166300000000001,
      0.8333,
      1.16662,
      NaN,
      0.9166300000000001,
      0.9166300000000001
    ],
    [
      NaN,
      1.41661,
      1.6666,
      0.8333,
      NaN,
      1.58327,
      1.16662,
      1.16662,
      1.2499500000000001,
      1.41661,
      0.9166300000000001,
      0.8333,
      1.16662,
      0.0,
      0.74997,
      0.99996,
      0.74997,
      0.99996,
      0.8333,
      NaN
    ],
    [
      0.8333,
      1.08329,
      1.33328,
      0.49998,
      1.2499500000000001,
      1.16662,
      0.33332,
      0.33332,
      NaN,
      NaN,
      NaN,
      0.9166300000000001,
      0.9166300000000001,
      0.74997,
      0.0,
      0.58331,
      NaN,
      NaN,
      NaN,
      0.16666
    ],
    [
      1.08329,
      0.99996,
      1.08329,
      0.41665,
      0.74997,
      1.2499500000000001,
      0.74997,
      0.74997,
      0.74997,
      1.49994,
      0.49998,
      0.41665,
      0.8333,
      0.99996,
      0.58331,
      0.0,
      0.8333,
      0.74997,
      0.58331,
      0.49998
    ],
    [
      0.8333,
      1.16662,
      1.41661,
      0.58331,
      1.33328,
      1.2499500000000001,
      0.33332,
      0.33332,
      NaN,
      NaN,
      NaN,
      NaN,
      1.16662,
      0.74997,
      NaN,
      0.8333,
      0.0,
      0.74997,
      0.33332,
      0.16666
    ],
    [
      1.16662,
      1.08329,
      1.33328,
      0.41665,
      0.66664,
      1.16662,
      0.8333,
      0.8333,
      0.74997,
      1.58327,
      0.66664,
      0.74997,
      NaN,
      0.99996,
      NaN,
      0.74997,
      0.74997,
      0.0,
      0.58331,
      0.58331
    ],
    [
      0.9166300000000001,
      0.9166300000000001,
      1.16662,
      0.58331,
      1.08329,
      0.99996,
      0.41665,
      0.41665,
      0.9166300000000001,
      1.74993,
      0.41665,
      0.66664,
      0.9166300000000001,
      0.8333,
      NaN,
      0.58331,
      0.33332,
      0.58331,
      0.0,
      0.24999
    ],
    [
      0.9166300000000001,
      NaN,
      1.08329,
      NaN,
      0.8333,
      0.9166300000000001,
      0.33332,
      0.33332,
      0.66664,
      NaN,
      NaN,
      0.49998,
      0.9166300000000001,
      NaN,
      0.16666,
      0.49998,
      0.16666,
      0.58331,
      0.24999,
      0.0
    ]
  ],
  "transit_time_matrix": [
    [
      0.0,
      20.0,
      23.0,
      18.0,
      18.0,
      62.0,
      23.0,
      23.0,
      11.0,
      27.0,
      0.0,
      11.0,
      36.0,
      NaN,
      18.0,
      27.0,
      19.0,
      32.0,
      30.0,
      17.0
    ],
    [
      20.0,
      0.0,
      NaN,
      20.0,
      53.0,
      13.0,
      25.0,
      25.0,
      24.0,
      34.0,
      20.0,
      40.0,
      15.0,
      19.0,
      21.0,
      41.0,
      22.0,
      15.0,
      14.0,
      0.0
    ],
    [
      23.0,
      NaN,
      0.0,
      24.0,
      49.0,
      47.0,
      29.0,
      29.0,
      28.0,
      38.0,
      24.0,
      34.0,
      53.0,
      11.0,
      25.0,
      42.0,
      26.0,
      49.0,
      36.0,
      22.0
    ],
    [
      18.0,
      20.0,
      24.0,
      0.0,
      49.0,
      61.0,
      NaN,
      NaN,
      NaN,
      0.0,
      NaN,
      8.0,
      20.0,
      9.0,
      7.0,
      26.0,
      8.0,
      11.0,
      7.0,
      NaN
    ],
    [
      18.0,
      53.0,
      49.0,
      49.0,
      0.0,
      112.0,
      30.0,
      30.0,
      14.0,
      16.0,
      28.0,
      56.0,
      14.0,
      0.0,
      33.0,
      55.0,
      19.0,
      30.0,
      21.0,
      17.0
    ],
    [
      62.0,
      13.0,
      47.0,
      61.0,
      112.0,
      0.0,
      21.0,
      58.0,
      57.0,
      61.0,
      53.0,
      67.0,
      76.0,
      53.0,
      54.0,
      59.0,
      55.0,
      72.0,
      69.0,
      51.0
    ],
    [
      23.0,
      25.0,
      29.0,
      NaN,
      30.0,
      21.0,
      0.0,
      NaN,
      11.0,
      0.0,
      7.0,
      12.0,
      25.0,
      8.0,
      4.0,
      30.0,
      7.0,
      21.0,
      14.0,
      5.0
    ],
    [
      23.0,
      25.0,
      29.0,
      NaN,
      30.0,
      58.0,
      NaN,
      0.0,
      11.0,
      0.0,
      7.0,
      12.0,
      9.0,
      8.0,
      6.0,
      30.0,
      6.0,
      21.0,
      8.0,
      5.0
    ],
    [
      11.0,
      24.0,
      28.0,
      NaN,
      14.0,
      57.0,
      11.0,
      11.0,
      0.0,
      14.0,
      NaN,
      0.0,
      23.0,
      10.0,
      NaN,
      31.0,
      NaN,
      19.0,
      19.0,
      10.0
    ],
    [
      27.0,
      34.0,
      38.0,
      0.0,
      16.0,
      61.0,
      0.0,
      0.0,
      14.0,
      0.0,
      0.0,
      14.0,
      10.0,
      28.0,
      0.0,
      40.0,
      0.0,
      10.0,
      24.0,
      0.0
    ],
    [
      0.0,
      20.0,
      24.0,
      NaN,
      28.0,
      53.0,
      7.0,
      7.0,
      NaN,
      0.0,
      0.0,
      11.0,
      24.0,
      17.0,
      NaN,
      26.0,
      NaN,
      10.0,
      13.0,
      NaN
    ],
    [
      11.0,
      40.0,
      34.0,
      8.0,
      56.0,
      67.0,
      12.0,
      12.0,
      0.0,
      14.0,
      11.0,
      0.0,
      38.0,
      28.0,
      16.0,
      45.0,
      0.0,
      34.0,
      40.0,
      11.0
    ],
    [
      36.0,
      15.0,
      53.0,
      20.0,
      14.0,
      76.0,
      25.0,
      9.0,
      23.0,
      10.0,
      24.0,
      38.0,
      0.0,
      35.0,
      25.0,
      44.0,
      26.0,
      NaN,
      35.0,
      13.0
    ],
    [
      NaN,
      19.0,
      11.0,
      9.0,
      0.0,
      53.0,
      8.0,
      8.0,
      10.0,
      28.0,
      17.0,
      28.0,
      35.0,
      0.0,
      17.0,
      26.0,
      18.0,
      30.0,
      29.0,
      0.0
    ],
    [
      18.0,
      21.0,
      25.0,
      7.0,
      33.0,
      54.0,
      4.0,
      6.0,
      NaN,
      0.0,
      NaN,
      16.0,
      25.0,
      17.0,
      0.0,
      27.0,
      NaN,
      0.0,
      0.0,
      3.0
    ],
    [
      27.0,
      41.0,
      42.0,
      26.0,
      55.0,
      59.0,
      30.0,
      30.0,
      31.0,
      40.0,
      26.0,
      45.0,
      44.0,
      26.0,
      27.0,
      0.0,
      30.0,
      23.0,
      48.0,
      22.0
    ],
    [
      19.0,
      22.0,
      26.0,
      8.0,
      19.0,
      55.0,
      7.0,
      6.0,
      NaN,
      0.0,
      NaN,
      0.0,
      26.0,
      18.0,
      NaN,
      30.0,
      0.0,
      21.0,
      10.0,
      4.0
    ],
    [
      32.0,
      15.0,
      49.0,
      11.0,
      30.0,
      72.0,
      21.0,
      21.0,
      19.0,
      10.0,
      10.0,
      34.0,
      NaN,
      30.0,
      0.0,
      23.0,
      21.0,
      0.0,
      31.0,
      19.0
    ],
    [
      30.0,
      14.0,
      36.0,
      7.0,
      21.0,
      69.0,
      14.0,
      8.0,
      19.0,
      24.0,
      13.0,
      40.0,
      35.0,
      29.0,
      0.0,
      48.0,
      10.0,
      31.0,
      0.0,
      12.0
    ],
    [
      17.0,
      0.0,
      22.0,
      NaN,
      17.0,
      51.0,
      5.0,
      5.0,
      10.0,
      0.0,
      NaN,
      11.0,
      13.0,
      0.0,
      3.0,
      22.0,
      4.0,
      19.0,
      12.0,
      0.0
    ]
  ],
  "walk_dist_matrix": [
    [
      0.0,
      2.6,
      3.5,
      3.5,
      12.1,
      10.5,
      3.3,
      3.3,
      3.5,
      4.3,
      3.1,
      4.4,
      8.1,
      0.2,
      2.6,
      6.5,
      2.6,
      7.6,
      4.4,
      3.0
    ],
    [
      2.6,
      0.0,
      1.1,
      5.0,
      12.8,
      8.4,
      4.8,
      4.8,
      5.3,
      6.4,
      4.7,
      5.2,
      9.2,
      2.8,
      4.7,
      7.0,
      4.6,
      8.7,
      6.9,
      4.6
    ],
    [
      3.5,
      1.1,
      0.0,
      5.8,
      12.9,
      7.6,
      5.6,
      5.6,
      6.2,
      7.3,
      5.6,
      5.5,
      10.0,
      3.6,
      5.6,
      7.4,
      5.5,
      9.5,
      7.8,
      5.5
    ],
    [
      3.5,
      5.0,
      5.8,
      0.0,
      9.9,
      13.1,
      0.45,
      0.45,
      0.6,
      2.0,
      0.4,
      4.3,
      5.2,
      3.3,
      0.8,
      8.6,
      0.9,
      4.7,
      2.8,
      0.35
    ],
    [
      12.1,
      12.8,
      12.9,
      9.9,
      0.0,
      19.1,
      9.5,
      9.5,
      10.1,
      10.5,
      10.3,
      7.9,
      7.2,
      12.0,
      10.5,
      18.1,
      10.4,
      7.0,
      11.9,
      10.0
    ],
    [
      10.5,
      8.4,
      7.6,
      13.1,
      19.1,
      0.0,
      12.9,
      12.9,
      13.4,
      14.5,
      12.8,
      12.3,
      17.4,
      10.7,
      12.8,
      11.0,
      12.7,
      16.9,
      14.2,
      12.7
    ],
    [
      3.3,
      4.8,
      5.6,
      0.45,
      9.5,
      12.9,
      0.0,
      0.0,
      1.0,
      2.4,
      0.85,
      3.8,
      4.8,
      3.1,
      1.1,
      8.8,
      1.2,
      4.3,
      3.2,
      0.65
    ],
    [
      3.3,
      4.8,
      5.6,
      0.45,
      9.5,
      12.9,
      0.0,
      0.0,
      1.0,
      2.4,
      0.85,
      3.8,
      4.8,
      3.1,
      1.1,
      8.8,
      1.2,
      4.3,
      3.2,
      0.65
    ],
    [
      3.5,
      5.3,
      6.2,
      0.6,
      10.1,
      13.4,
      1.0,
      1.0,
      0.0,
      1.5,
      0.6,
      4.9,
      5.4,
      3.3,
      0.85,
      8.6,
      0.95,
      4.9,
      2.4,
      0.8
    ],
    [
      4.3,
      6.4,
      7.3,
      2.0,
      10.5,
      14.5,
      2.4,
      2.4,
      1.5,
      0.0,
      1.7,
      6.2,
      5.2,
      4.1,
      1.8,
      9.3,
      1.9,
      4.9,
      2.1,
      2.1
    ],
    [
      3.1,
      4.7,
      5.6,
      0.4,
      10.3,
      12.8,
      0.85,
      0.85,
      0.6,
      1.7,
      0.0,
      4.5,
      5.6,
      2.9,
      0.45,
      8.3,
      0.55,
      5.1,
      2.5,
      0.5
    ],
    [
      4.4,
      5.2,
      5.5,
      4.3,
      7.9,
      12.3,
      3.8,
      3.8,
      4.9,
      6.2,
      4.5,
      0.0,
      5.2,
      4.3,
      4.5,
      10.8,
      4.5,
      4.8,
      6.9,
      4.3
    ],
    [
      8.1,
      9.2,
      10.0,
      5.2,
      7.2,
      17.4,
      4.8,
      4.8,
      5.4,
      5.2,
      5.6,
      5.2,
      0.0,
      7.9,
      5.9,
      13.6,
      6.0,
      0.6,
      7.1,
      0.0
    ],
    [
      0.2,
      2.8,
      3.6,
      3.3,
      12.0,
      10.7,
      3.1,
      3.1,
      3.3,
      4.1,
      2.9,
      4.3,
      7.9,
      0.0,
      2.4,
      6.6,
      2.4,
      7.4,
      4.2,
      2.8
    ],
    [
      2.6,
      4.7,
      5.6,
      0.8,
      10.5,
      12.8,
      1.1,
      1.1,
      0.85,
      1.8,
      0.45,
      4.5,
      5.9,
      2.4,
      0.0,
      7.8,
      0.19,
      5.4,
      2.3,
      0.55
    ],
    [
      6.5,
      7.0,
      7.4,
      8.6,
      18.1,
      11.0,
      8.8,
      8.8,
      8.6,
      9.3,
      8.3,
      10.8,
      13.6,
      6.6,
      7.8,
      0.0,
      7.8,
      13.1,
      8.5,
      8.3
    ],
    [
      2.6,
      4.6,
      5.5,
      0.9,
      10.4,
      12.7,
      1.2,
      1.2,
      0.95,
      1.9,
      0.55,
      4.5,
      6.0,
      2.4,
      0.19,
      7.8,
      0.0,
      5.5,
      2.4,
      0.5
    ],
    [
      7.6,
      8.7,
      9.5,
      4.7,
      7.0,
      16.9,
      4.3,
      4.3,
      4.9,
      4.9,
      5.1,
      4.8,
      0.6,
      7.4,
      5.4,
      13.1,
      5.5,
      0.0,
      6.6,
      4.9
    ],
    [
      4.4,
      6.9,
      7.8,
      2.8,
      11.9,
      14.2,
      3.2,
      3.2,
      2.4,
      2.1,
      2.5,
      6.9,
      7.1,
      4.2,
      2.3,
      8.5,
      2.4,
      6.6,
      0.0,
      2.8
    ],
    [
      3.0,
      4.6,
      5.5,
      0.35,
      10.0,
      12.7,
      0.65,
      0.65,
      0.8,
      2.1,
      0.5,
      4.3,
      0.0,
      2.8,
      0.55,
      8.3,
      0.5,
      4.9,
      2.8,
      0.0
    ]
  ],
  "walk_time_matrix": [
    [
      0.0,
      20.0,
      23.0,
      42.0,
      151.0,
      137.0,
      23.0,
      23.0,
      42.0,
      53.0,
      37.0,
      54.0,
      36.0,
      3.0,
      18.0,
      80.0,
      19.0,
      32.0,
      30.0,
      37.0
    ],
    [
      20.0,
      0.0,
      14.0,
      20.0,
      163.0,
      113.0,
      25.0,
      25.0,
      66.0,
      80.0,
      59.0,
      67.0,
      115.0,
      19.0,
      21.0,
      88.0,
      22.0,
      109.0,
      87.0,
      58.0
    ],
    [
      23.0,
      14.0,
      0.0,
      72.0,
      162.0,
      102.0,
      71.0,
      71.0,
      28.0,
      91.0,
      69.0,
      70.0,
      124.0,
      46.0,
      25.0,
      92.0,
      69.0,
      118.0,
      36.0,
      68.0
    ],
    [
      42.0,
      20.0,
      72.0,
      0.0,
      49.0,
      170.0,
      6.0,
      6.0,
      8.0,
      25.0,
      5.0,
      55.0,
      20.0,
      43.0,
      7.0,
      26.0,
      11.0,
      16.0,
      35.0,
      5.0
    ],
    [
      151.0,
      163.0,
      162.0,
      49.0,
      0.0,
      245.0,
      30.0,
      116.0,
      123.0,
      128.0,
      28.0,
      98.0,
      85.0,
      150.0,
      33.0,
      225.0,
      130.0,
      84.0,
      146.0,
      28.0
    ],
    [
      137.0,
      113.0,
      102.0,
      170.0,
      245.0,
      0.0,
      156.0,
      156.0,
      162.0,
      176.0,
      155.0,
      152.0,
      211.0,
      130.0,
      155.0,
      134.0,
      154.0,
      205.0,
      176.0,
      154.0
    ],
    [
      23.0,
      25.0,
      71.0,
      6.0,
      30.0,
      156.0,
      0.0,
      1.0,
      12.0,
      29.0,
      10.0,
      12.0,
      25.0,
      21.0,
      13.0,
      30.0,
      7.0,
      21.0,
      14.0,
      5.0
    ],
    [
      23.0,
      25.0,
      71.0,
      6.0,
      116.0,
      156.0,
      1.0,
      0.0,
      11.0,
      29.0,
      7.0,
      12.0,
      58.0,
      40.0,
      6.0,
      30.0,
      14.0,
      21.0,
      14.0,
      5.0
    ],
    [
      42.0,
      66.0,
      28.0,
      8.0,
      123.0,
      162.0,
      12.0,
      11.0,
      0.0,
      19.0,
      8.0,
      62.0,
      66.0,
      44.0,
      12.0,
      31.0,
      13.0,
      19.0,
      31.0,
      10.0
    ],
    [
      53.0,
      80.0,
      91.0,
      25.0,
      128.0,
      176.0,
      29.0,
      29.0,
      19.0,
      0.0,
      23.0,
      79.0,
      64.0,
      28.0,
      24.0,
      118.0,
      25.0,
      60.0,
      26.0,
      27.0
    ],
    [
      37.0,
      59.0,
      69.0,
      5.0,
      28.0,
      155.0,
      10.0,
      7.0,
      8.0,
      23.0,
      0.0,
      59.0,
      24.0,
      38.0,
      6.0,
      26.0,
      7.0,
      20.0,
      13.0,
      6.0
    ],
    [
      54.0,
      67.0,
      70.0,
      55.0,
      98.0,
      152.0,
      12.0,
      12.0,
      62.0,
      79.0,
      59.0,
      0.0,
      63.0,
      28.0,
      57.0,
      135.0,
      57.0,
      34.0,
      86.0,
      54.0
    ],
    [
      36.0,
      115.0,
      124.0,
      20.0,
      85.0,
      211.0,
      25.0,
      58.0,
      66.0,
      64.0,
      24.0,
      63.0,
      0.0,
      35.0,
      25.0,
      44.0,
      26.0,
      8.0,
      35.0,
      NaN
    ],
    [
      3.0,
      19.0,
      46.0,
      43.0,
      150.0,
      130.0,
      21.0,
      40.0,
      44.0,
      28.0,
      38.0,
      28.0,
      35.0,
      0.0,
      17.0,
      26.0,
      29.0,
      90.0,
      52.0,
      34.0
    ],
    [
      18.0,
      21.0,
      25.0,
      7.0,
      33.0,
      155.0,
      13.0,
      6.0,
      12.0,
      24.0,
      6.0,
      57.0,
      25.0,
      17.0,
      0.0,
      27.0,
      2.0,
      66.0,
      29.0,
      3.0
    ],
    [
      80.0,
      88.0,
      92.0,
      26.0,
      225.0,
      134.0,
      30.0,
      30.0,
      31.0,
      118.0,
      26.0,
      135.0,
      44.0,
      26.0,
      27.0,
      0.0,
      96.0,
      41.0,
      48.0,
      103.0
    ],
    [
      19.0,
      22.0,
      69.0,
      11.0,
      130.0,
      154.0,
      7.0,
      14.0,
      13.0,
      25.0,
      7.0,
      57.0,
      26.0,
      29.0,
      2.0,
      96.0,
      0.0,
      21.0,
      30.0,
      4.0
    ],
    [
      32.0,
      109.0,
      118.0,
      16.0,
      84.0,
      205.0,
      21.0,
      21.0,
      19.0,
      60.0,
      20.0,
      34.0,
      8.0,
      90.0,
      66.0,
      41.0,
      21.0,
      0.0,
      31.0,
      62.0
    ],
    [
      30.0,
      87.0,
      36.0,
      35.0,
      146.0,
      176.0,
      14.0,
      14.0,
      31.0,
      26.0,
      13.0,
      86.0,
      35.0,
      52.0,
      29.0,
      48.0,
      30.0,
      31.0,
      0.0,
      36.0
    ],
    [
      37.0,
      58.0,
      68.0,
      5.0,
      28.0,
      154.0,
      5.0,
      5.0,
      10.0,
      27.0,
      6.0,
      54.0,
      NaN,
      34.0,
      3.0,
      103.0,
      4.0,
      62.0,
      36.0,
      0.0
    ]
  ],
  "cycle_dist_matrix": [
    [
      0.0,
      3.4,
      4.3,
      3.5,
      12.1,
      11.3,
      3.4,
      3.4,
      4.4,
      4.3,
      3.3,
      4.8,
      8.5,
      0.2,
      2.9,
      7.5,
      2.7,
      8.0,
      4.8,
      3.2
    ],
    [
      3.4,
      0.0,
      1.2,
      5.2,
      12.8,
      8.7,
      5.1,
      5.1,
      6.1,
      6.4,
      5.6,
      6.0,
      9.2,
      3.8,
      5.4,
      7.0,
      4.6,
      8.7,
      6.9,
      4.6
    ],
    [
      4.3,
      1.2,
      0.0,
      5.7,
      12.9,
      7.8,
      5.6,
      5.6,
      6.6,
      7.3,
      6.1,
      6.5,
      10.7,
      5.4,
      5.9,
      9.5,
      5.7,
      9.5,
      7.8,
      5.4
    ],
    [
      3.5,
      5.2,
      5.7,
      0.0,
      10.7,
      13.4,
      0.45,
      0.45,
      0.6,
      2.0,
      0.4,
      4.3,
      6.1,
      3.3,
      0.85,
      9.9,
      0.9,
      5.5,
      2.9,
      0.35
    ],
    [
      12.1,
      12.8,
      12.9,
      10.7,
      0.0,
      19.1,
      9.5,
      9.8,
      10.7,
      11.4,
      10.6,
      7.9,
      7.5,
      12.0,
      11.1,
      18.1,
      11.2,
      7.5,
      13.1,
      10.8
    ],
    [
      11.3,
      8.7,
      7.8,
      13.4,
      19.1,
      0.0,
      13.0,
      12.9,
      14.1,
      15.2,
      13.5,
      12.3,
      18.1,
      12.0,
      13.3,
      11.0,
      12.7,
      16.9,
      15.3,
      12.8
    ],
    [
      3.4,
      5.1,
      5.6,
      0.45,
      9.5,
      13.0,
      0.0,
      0.0,
      1.0,
      2.4,
      0.85,
      3.8,
      5.2,
      3.1,
      1.1,
      9.6,
      1.4,
      4.6,
      3.4,
      1.1
    ],
    [
      3.4,
      5.1,
      5.6,
      0.45,
      9.8,
      12.9,
      0.0,
      0.0,
      1.0,
      2.4,
      0.85,
      3.8,
      5.2,
      3.1,
      1.4,
      9.6,
      1.4,
      4.6,
      3.4,
      0.65
    ],
    [
      4.4,
      6.1,
      6.6,
      0.6,
      10.7,
      14.1,
      1.0,
      1.0,
      0.0,
      1.7,
      0.6,
      5.1,
      5.6,
      3.3,
      0.85,
      NaN,
      0.95,
      5.0,
      2.9,
      1.1
    ],
    [
      4.3,
      6.4,
      7.3,
      2.0,
      11.4,
      15.2,
      2.4,
      2.4,
      1.7,
      0.0,
      1.8,
      6.2,
      5.8,
      4.1,
      2.0,
      10.8,
      1.9,
      5.7,
      2.3,
      2.1
    ],
    [
      3.3,
      5.6,
      6.1,
      0.4,
      10.6,
      13.5,
      0.85,
      0.85,
      0.6,
      1.8,
      0.0,
      4.5,
      6.5,
      3.1,
      0.55,
      8.3,
      0.55,
      6.0,
      2.6,
      0.5
    ],
    [
      4.8,
      6.0,
      6.5,
      4.3,
      7.9,
      12.3,
      3.8,
      3.8,
      5.1,
      6.2,
      4.5,
      0.0,
      5.4,
      4.7,
      5.1,
      11.7,
      5.3,
      4.8,
      7.4,
      4.8
    ],
    [
      8.5,
      9.2,
      10.7,
      6.1,
      7.5,
      18.1,
      5.2,
      5.2,
      5.6,
      5.8,
      6.5,
      5.4,
      0.0,
      8.4,
      6.9,
      14.9,
      6.9,
      0.6,
      8.1,
      6.6
    ],
    [
      0.2,
      3.8,
      5.4,
      3.3,
      12.0,
      12.0,
      3.1,
      3.1,
      3.3,
      4.1,
      3.1,
      4.7,
      8.4,
      0.0,
      2.7,
      7.3,
      2.5,
      7.8,
      4.2,
      3.0
    ],
    [
      2.9,
      5.4,
      5.9,
      0.85,
      11.1,
      13.3,
      1.1,
      1.4,
      0.85,
      2.0,
      0.55,
      5.1,
      6.9,
      2.7,
      0.0,
      9.2,
      0.2,
      5.4,
      2.3,
      0.9
    ],
    [
      7.5,
      7.0,
      9.5,
      9.9,
      18.1,
      11.0,
      9.6,
      9.6,
      NaN,
      10.8,
      8.3,
      11.7,
      14.9,
      7.3,
      9.2,
      0.0,
      8.5,
      13.8,
      9.1,
      8.3
    ],
    [
      2.7,
      4.6,
      5.7,
      0.9,
      11.2,
      12.7,
      1.4,
      1.4,
      0.95,
      1.9,
      0.55,
      5.3,
      6.9,
      2.5,
      0.2,
      8.5,
      0.0,
      5.5,
      2.5,
      1.0
    ],
    [
      8.0,
      8.7,
      9.5,
      5.5,
      7.5,
      16.9,
      4.6,
      4.6,
      5.0,
      5.7,
      6.0,
      4.8,
      0.6,
      7.8,
      5.4,
      13.8,
      5.5,
      0.0,
      6.9,
      5.9
    ],
    [
      4.8,
      6.9,
      7.8,
      2.9,
      13.1,
      15.3,
      3.4,
      3.4,
      2.9,
      2.3,
      2.6,
      7.4,
      8.1,
      4.2,
      2.3,
      9.1,
      2.5,
      6.9,
      0.0,
      3.1
    ],
    [
      3.2,
      4.6,
      5.4,
      0.35,
      10.8,
      12.8,
      1.1,
      0.65,
      1.1,
      2.1,
      0.5,
      4.8,
      6.6,
      3.0,
      0.9,
      8.3,
      1.0,
      5.9,
      3.1,
      0.0
    ]
  ],
  "cycle_time_matrix": [
    [
      0.0,
      14.0,
      17.0,
      13.0,
      151.0,
      53.0,
      12.0,
      12.0,
      16.0,
      53.0,
      37.0,
      17.0,
      31.0,
      2.0,
      12.0,
      25.0,
      11.0,
      29.0,
      17.0,
      13.0
    ],
    [
      14.0,
      0.0,
      4.0,
      18.0,
      163.0,
      42.0,
      18.0,
      18.0,
      21.0,
      80.0,
      19.0,
      22.0,
      115.0,
      17.0,
      20.0,
      88.0,
      59.0,
      109.0,
      87.0,
      58.0
    ],
    [
      17.0,
      4.0,
      0.0,
      19.0,
      162.0,
      40.0,
      19.0,
      19.0,
      22.0,
      91.0,
      20.0,
      23.0,
      37.0,
      19.0,
      21.0,
      32.0,
      20.0,
      118.0,
      26.0,
      20.0
    ],
    [
      13.0,
      18.0,
      19.0,
      0.0,
      39.0,
      59.0,
      6.0,
      6.0,
      8.0,
      25.0,
      5.0,
      55.0,
      22.0,
      43.0,
      4.0,
      33.0,
      11.0,
      19.0,
      10.0,
      5.0
    ],
    [
      151.0,
      163.0,
      162.0,
      39.0,
      0.0,
      245.0,
      116.0,
      33.0,
      33.0,
      35.0,
      35.0,
      98.0,
      22.0,
      150.0,
      38.0,
      225.0,
      38.0,
      21.0,
      43.0,
      36.0
    ],
    [
      53.0,
      42.0,
      40.0,
      59.0,
      245.0,
      0.0,
      44.0,
      156.0,
      47.0,
      51.0,
      45.0,
      152.0,
      62.0,
      42.0,
      46.0,
      134.0,
      154.0,
      205.0,
      51.0,
      45.0
    ],
    [
      12.0,
      18.0,
      19.0,
      6.0,
      116.0,
      44.0,
      0.0,
      1.0,
      3.0,
      29.0,
      10.0,
      14.0,
      18.0,
      13.0,
      13.0,
      32.0,
      6.0,
      16.0,
      11.0,
      5.0
    ],
    [
      12.0,
      18.0,
      19.0,
      6.0,
      33.0,
      156.0,
      1.0,
      0.0,
      3.0,
      29.0,
      7.0,
      14.0,
      18.0,
      40.0,
      6.0,
      32.0,
      6.0,
      16.0,
      11.0,
      5.0
    ],
    [
      16.0,
      21.0,
      22.0,
      8.0,
      33.0,
      47.0,
      3.0,
      3.0,
      0.0,
      5.0,
      3.0,
      18.0,
      19.0,
      44.0,
      12.0,
      NaN,
      5.0,
      17.0,
      10.0,
      6.0
    ],
    [
      53.0,
      80.0,
      91.0,
      25.0,
      35.0,
      51.0,
      29.0,
      29.0,
      5.0,
      0.0,
      7.0,
      79.0,
      20.0,
      55.0,
      10.0,
      37.0,
      25.0,
      19.0,
      9.0,
      27.0
    ],
    [
      37.0,
      19.0,
      20.0,
      5.0,
      35.0,
      45.0,
      10.0,
      7.0,
      3.0,
      7.0,
      0.0,
      59.0,
      23.0,
      13.0,
      6.0,
      105.0,
      7.0,
      20.0,
      9.0,
      6.0
    ],
    [
      17.0,
      22.0,
      23.0,
      55.0,
      98.0,
      152.0,
      14.0,
      14.0,
      18.0,
      79.0,
      59.0,
      0.0,
      18.0,
      18.0,
      19.0,
      40.0,
      19.0,
      59.0,
      25.0,
      17.0
    ],
    [
      31.0,
      115.0,
      37.0,
      22.0,
      22.0,
      62.0,
      18.0,
      18.0,
      19.0,
      20.0,
      23.0,
      18.0,
      0.0,
      32.0,
      26.0,
      172.0,
      26.0,
      3.0,
      27.0,
      24.0
    ],
    [
      2.0,
      17.0,
      19.0,
      43.0,
      150.0,
      42.0,
      13.0,
      40.0,
      44.0,
      55.0,
      13.0,
      18.0,
      32.0,
      0.0,
      10.0,
      23.0,
      10.0,
      27.0,
      52.0,
      12.0
    ],
    [
      12.0,
      20.0,
      21.0,
      4.0,
      38.0,
      46.0,
      13.0,
      6.0,
      12.0,
      10.0,
      6.0,
      19.0,
      26.0,
      10.0,
      0.0,
      32.0,
      3.0,
      66.0,
      29.0,
      5.0
    ],
    [
      25.0,
      88.0,
      32.0,
      33.0,
      225.0,
      134.0,
      32.0,
      32.0,
      NaN,
      37.0,
      105.0,
      40.0,
      172.0,
      23.0,
      32.0,
      0.0,
      28.0,
      45.0,
      31.0,
      103.0
    ],
    [
      11.0,
      59.0,
      20.0,
      11.0,
      38.0,
      154.0,
      6.0,
      6.0,
      5.0,
      25.0,
      7.0,
      19.0,
      26.0,
      10.0,
      3.0,
      28.0,
      0.0,
      67.0,
