{
  "drive_dist_matrix": [
    [
      0.0,
      1.5,
      11.0,
      5.4,
      19.7,
      23.6,
      29.5,
      12.6,
      8.4,
      7.1,
      16.4,
      22.8,
      12.6,
      0.8,
      20.3,
      14.2,
      8.5,
      9.7,
      21.0,
      13.4,
      2.3,
      11.2,
      29.0,
      17.4,
      11.9,
      4.1,
      10.5,
      13.3,
      15.2,
      9.8,
      16.2,
      84.8,
      17.1,
      14.4,
      8.9,
      14.0,
      42.7,
      79.4,
      13.2,
      38.2,
      13.9,
      32.4,
      9.1,
      9.3,
      16.2,
      13.4,
      12.4,
      19.8,
      16.6,
      216.0
    ],
    [
      1.5,
      0.0,
      9.6,
      3.9,
      13.4,
      14.3,
      15.3,
      6.3,
      6.9,
      5.7,
      10.1,
      16.5,
      6.3,
      2.7,
      11.6,
      12.7,
      7.0,
      8.2,
      19.6,
      12.0,
      3.6,
      4.9,
      17.6,
      11.2,
      5.6,
      2.6,
      9.0,
      7.0,
      8.9,
      3.5,
      9.9,
      83.3,
      10.8,
      8.1,
      7.4,
      6.9,
      29.3,
      77.9,
      6.9,
      36.8,
      7.6,
      18.3,
      7.7,
      3.0,
      14.7,
      7.1,
      10.9,
      13.5,
      10.3,
      214.0
    ],
    [
      11.0,
      9.6,
      0.0,
      8.3,
      17.9,
      18.3,
      24.2,
      15.4,
      4.1,
      12.9,
      21.4,
      34.7,
      15.4,
      11.8,
      14.7,
      8.6,
      6.8,
      10.2,
      10.8,
      7.6,
      12.7,
      14.1,
      26.3,
      16.4,
      14.7,
      7.0,
      2.4,
      16.1,
      18.0,
      12.6,
      21.1,
      74.8,
      15.5,
      23.0,
      7.1,
      16.8,
      33.3,
      69.5,
      16.0,
      29.3,
      16.7,
      27.0,
      9.6,
      12.1,
      6.0,
      13.8,
      8.1,
      22.6,
      15.6,
      214.0
    ],
    [
      5.4,
      3.9,
      8.3,
      0.0,
      21.5,
      23.6,
      25.3,
      10.0,
      6.1,
      3.7,
      18.4,
      24.1,
      10.0,
      6.4,
      20.3,
      11.9,
      6.2,
      7.5,
      18.7,
      11.2,
      7.4,
      8.7,
      24.8,
      19.3,
      9.3,
      1.8,
      8.2,
      10.7,
      16.1,
      7.3,
      18.2,
      82.5,
      14.6,
      15.4,
      6.6,
      9.8,
      38.5,
      77.1,
      10.6,
      35.9,
      11.4,
      28.2,
      6.9,
      6.7,
      18.0,
      10.8,
      10.1,
      19.1,
      14.1,
      213.0
    ],
    [
      19.7,
      13.4,
      17.9,
      21.5,
      0.0,
      6.9,
      3.6,
      10.3,
      16.3,
      22.7,
      6.9,
      9.1,
      10.3,
      12.7,
      3.6,
      13.2,
      15.7,
      14.4,
      19.2,
      11.8,
      12.9,
      12.1,
      6.7,
      2.5,
      10.3,
      17.2,
      18.1,
      7.8,
      8.0,
      18.0,
      6.7,
      83.8,
      4.3,
      8.6,
      15.2,
      13.4,
      21.9,
      78.7,
      9.2,
      41.7,
      7.4,
      6.5,
      12.1,
      13.2,
      23.0,
      8.9,
      11.6,
      7.1,
      4.4,
      230.0
    ],
    [
      23.6,
      14.3,
      18.3,
      23.6,
      6.9,
      0.0,
      10.3,
      12.3,
      19.1,
      24.7,
      8.9,
      16.7,
      12.3,
      13.2,
      5.1,
      16.1,
      18.6,
      16.1,
      20.4,
      13.6,
      17.6,
      14.1,
      12.5,
      7.7,
      12.3,
      17.7,
      19.0,
      9.8,
      11.4,
      20.0,
      8.7,
      77.2,
      6.7,
      10.6,
      18.1,
      15.4,
      15.3,
      79.9,
      12.9,
      42.6,
      9.4,
      12.4,
      14.9,
      13.7,
      23.9,
      10.9,
      13.4,
      12.9,
      6.4,
      231.0
    ],
    [
      29.5,
      15.3,
      24.2,
      25.3,
      3.6,
      10.3,
      0.0,
      9.9,
      24.4,
      22.3,
      11.9,
      6.2,
      9.9,
      13.7,
      9.7,
      21.3,
      23.8,
      18.0,
      25.7,
      18.2,
      14.5,
      13.4,
      3.7,
      13.3,
      9.9,
      18.3,
      24.3,
      11.2,
      7.6,
      17.6,
      11.7,
      87.1,
      11.2,
      8.2,
      23.3,
      13.0,
      21.0,
      85.2,
      8.7,
      47.9,
      10.7,
      3.4,
      20.1,
      14.5,
      29.1,
      13.0,
      17.9,
      4.1,
      11.0,
      236.0
    ],
    [
      12.6,
      6.3,
      15.4,
      10.0,
      10.3,
      12.3,
      9.9,
      0.0,
      12.5,
      12.0,
      7.1,
      12.3,
      0.02,
      3.7,
      8.0,
      15.4,
      12.6,
      10.4,
      21.4,
      14.0,
      5.9,
      4.1,
      13.7,
      7.6,
      2.5,
      8.2,
      14.6,
      3.4,
      4.8,
      5.3,
      6.9,
      82.6,
      7.2,
      4.0,
      13.0,
      2.6,
      25.7,
      80.9,
      2.6,
      43.9,
      4.0,
      14.4,
      13.3,
      3.8,
      20.3,
      5.2,
      13.8,
      9.3,
      6.7,
      222.0
    ],
    [
      8.4,
      6.9,
      4.1,
      6.1,
      16.3,
      19.1,
      24.4,
      12.5,
      0.0,
      6.1,
      12.9,
      23.8,
      13.6,
      10.0,
      13.9,
      7.8,
      2.7,
      4.8,
      14.8,
      7.1,
      10.9,
      9.5,
      24.6,
      15.5,
      12.9,
      5.1,
      4.2,
      11.3,
      14.1,
      10.8,
      12.7,
      78.5,
      14.6,
      18.9,
      3.1,
      15.8,
      32.2,
      73.2,
      14.2,
      32.0,
      10.9,
      25.3,
      5.0,
      10.3,
      9.9,
      9.8,
      6.0,
      20.8,
      14.7,
      214.0
    ],
    [
      7.1,
      5.7,
      12.9,
      3.7,
      22.7,
      24.7,
      22.3,
      12.0,
      6.1,
      0.0,
      18.2,
      23.9,
      12.3,
      7.9,
      20.1,
      13.4,
      7.7,
      9.8,
      20.2,
      12.6,
      8.9,
      11.5,
      24.6,
      19.0,
      12.2,
      3.3,
      9.7,
      12.2,
      15.9,
      8.5,
      18.0,
      84.0,
      20.8,
      15.2,
      8.1,
      9.6,
      38.3,
      95.6,
      12.9,
      37.4,
      12.9,
      28.0,
      8.2,
      7.9,
      15.0,
      13.7,
      11.6,
      18.9,
      19.9,
      211.0
    ],
    [
      16.4,
      10.1,
      21.4,
      18.4,
      6.9,
      8.9,
      11.9,
      7.1,
      12.9,
      18.2,
      0.0,
      21.6,
      8.6,
      11.0,
      1.9,
      11.6,
      14.0,
      12.8,
      17.6,
      10.1,
      11.2,
      8.3,
      12.6,
      0.85,
      8.6,
      15.5,
      19.2,
      4.0,
      7.7,
      16.3,
      0.28,
      82.1,
      2.0,
      6.9,
      13.6,
      11.7,
      20.2,
      77.1,
      9.2,
      42.8,
      3.7,
      13.3,
      10.4,
      11.5,
      24.1,
      5.1,
      9.9,
      14.0,
      1.7,
      231.0
    ],
    [
      22.8,
      16.5,
      34.7,
      24.1,
      9.1,
      16.7,
      6.2,
      12.3,
      23.8,
      23.9,
      21.6,
      0.0,
      11.1,
      14.7,
      21.9,
      24.9,
      21.3,
      19.7,
      37.8,
      30.4,
      16.2,
      15.1,
      2.4,
      14.9,
      11.7,
      22.7,
      27.8,
      12.9,
      9.3,
      18.2,
      13.9,
      86.7,
      23.5,
      9.9,
      20.8,
      12.4,
      15.7,
      94.9,
      9.7,
      59.0,
      12.5,
      8.0,
      23.7,
      17.0,
      43.8,
      14.8,
      30.2,
      5.8,
      15.7,
      235.0
    ],
    [
      12.6,
      6.3,
      15.4,
      10.0,
      10.3,
      12.3,
      9.9,
      0.02,
      13.6,
      12.3,
      8.6,
      11.1,
      0.0,
      3.7,
      8.1,
      15.4,
      12.6,
      10.4,
      21.4,
      14.0,
      5.9,
      4.1,
      13.7,
      7.6,
      2.5,
      8.2,
      14.6,
      3.4,
      4.8,
      5.3,
      6.9,
      82.6,
      7.3,
      4.1,
      13.0,
      2.7,
      25.7,
      80.9,
      2.7,
      43.9,
      4.0,
      14.4,
      13.3,
      3.8,
      20.3,
      5.2,
      13.8,
      9.3,
      6.8,
      222.0
    ],
    [
      0.8,
      2.7,
      11.8,
      6.4,
      12.7,
      13.2,
      13.7,
      3.7,
      10.0,
      7.9,
      11.0,
      14.7,
      3.7,
      0.0,
      10.8,
      15.0,
      9.3,
      10.5,
      21.8,
      14.3,
      2.9,
      4.1,
      16.8,
      10.3,
      4.8,
      4.9,
      11.3,
      6.2,
      8.1,
      2.8,
      9.1,
      85.6,
      10.0,
      7.3,
      9.7,
      6.1,
      28.5,
      80.2,
      6.1,
      39.0,
      6.8,
      17.5,
      9.9,
      0.85,
      17.0,
      6.3,
      13.2,
      12.7,
      9.5,
      216.0
    ],
    [
      20.3,
      11.6,
      14.7,
      20.3,
      3.6,
      5.1,
      9.7,
      8.0,
      13.9,
      20.1,
      1.9,
      21.9,
      8.1,
      10.8,
      0.0,
      10.5,
      13.0,
      11.7,
      16.5,
      9.1,
      10.2,
      8.5,
      11.2,
      2.7,
      6.6,
      14.5,
      17.7,
      5.3,
      6.9,
      15.5,
      4.2,
      80.6,
      2.2,
      6.1,
      12.5,
      10.9,
      18.8,
      76.0,
      8.4,
      41.4,
      4.9,
      9.2,
      9.4,
      10.5,
      22.6,
      5.8,
      8.9,
      13.2,
      1.9,
      230.0
    ],
    [
      14.2,
      12.7,
      8.6,
      11.9,
      13.2,
      16.1,
      21.3,
      15.4,
      7.8,
      13.4,
      11.6,
      24.9,
      15.4,
      15.0,
      10.5,
      0.0,
      11.3,
      10.0,
      14.8,
      7.4,
      8.9,
      7.3,
      16.8,
      7.7,
      9.3,
      15.6,
      13.7,
      9.5,
      11.9,
      11.1,
      9.2,
      76.0,
      6.8,
      11.1,
      10.8,
      15.9,
      24.4,
      74.3,
      13.4,
      37.3,
      8.2,
      17.5,
      6.2,
      13.1,
      18.5,
      7.7,
      7.2,
      18.2,
      6.9,
      226.0
    ],
    [
      8.5,
      7.0,
      6.8,
      6.2,
      15.7,
      18.6,
      23.8,
      12.6,
      2.7,
      7.7,
      14.0,
      21.3,
      12.6,
      9.3,
      13.0,
      11.3,
      0.0,
      2.2,
      13.8,
      5.5,
      8.6,
      6.1,
      20.0,
      10.4,
      8.3,
      5.6,
      3.7,
      7.9,
      10.8,
      11.3,
      9.4,
      74.2,
      10.1,
      10.5,
      0.4,
      15.5,
      29.8,
      72.5,
      11.7,
      32.1,
      7.6,
      22.9,
      3.1,
      10.8,
      12.0,
      6.4,
      4.4,
      17.3,
      9.6,
      215.0
    ],
    [
      9.7,
      8.2,
      10.2,
      7.5,
      14.4,
      16.1,
      18.0,
      10.4,
      4.8,
      9.8,
      12.8,
      19.7,
      10.4,
      10.5,
      11.7,
      10.0,
      2.2,
      0.0,
      13.0,
      5.4,
      8.9,
      6.4,
      20.3,
      10.7,
      8.6,
      7.3,
      5.9,
      8.2,
      11.0,
      11.0,
      9.6,
      74.2,
      10.4,
      10.8,
      1.9,
      12.0,
      30.2,
      72.5,
      12.0,
      35.4,
      7.8,
      23.3,
      2.6,
      9.9,
      16.7,
      6.7,
      4.0,
      17.6,
      9.9,
      218.0
    ],
    [
      21.0,
      19.6,
      10.8,
      18.7,
      19.2,
      20.4,
      25.7,
      21.4,
      14.8,
      20.2,
      17.6,
      37.8,
      21.4,
      21.8,
      16.5,
      14.8,
      13.8,
      13.0,
      0.0,
      10.7,
      20.7,
      19.1,
      29.5,
      19.5,
      21.1,
      16.6,
      9.4,
      21.3,
      23.7,
      22.3,
      21.0,
      66.1,
      18.6,
      22.9,
      12.4,
      30.0,
      35.4,
      64.4,
      25.2,
      27.5,
      20.0,
      33.8,
      18.0,
      21.7,
      8.5,
      19.5,
      11.2,
      29.9,
      18.7,
      220.0
    ],
    [
      13.4,
      12.0,
      7.6,
      11.2,
      11.8,
      13.6,
      18.2,
      14.0,
      7.1,
      12.6,
      10.1,
      30.4,
      14.0,
      14.3,
      9.1,
      7.4,
      5.5,
      5.4,
      10.7,
      0.0,
      13.2,
      11.6,
      21.7,
      12.1,
      13.6,
      11.1,
      8.0,
      13.9,
      16.2,
      16.8,
      13.6,
      70.4,
      11.2,
      15.5,
      6.3,
      20.2,
      28.6,
      68.7,
      17.8,
      31.6,
      12.5,
      22.4,
      8.7,
      16.2,
      12.9,
      12.0,
      3.5,
      22.5,
      11.3,
      220.0
    ],
    [
      2.3,
      3.6,
      12.7,
      7.4,
      12.9,
      17.6,
      14.5,
      5.9,
      10.9,
      8.9,
      11.2,
      16.2,
      5.9,
      2.9,
      10.2,
      8.9,
      8.6,
      8.9,
      20.7,
      13.2,
      0.0,
      3.3,
      16.6,
      10.0,
      4.6,
      6.5,
      12.9,
      5.9,
      7.9,
      3.1,
      9.7,
      81.0,
      9.7,
      7.1,
      10.0,
      7.1,
      30.3,
      79.3,
      6.6,
      42.3,
      6.1,
      17.3,
      9.3,
      3.4,
      18.6,
      6.8,
      12.2,
      13.3,
      9.2,
      218.0
    ],
    [
      11.2,
      4.9,
      14.1,
      8.7,
      12.1,
      14.1,
      13.4,
      4.1,
      9.5,
      11.5,
      8.3,
      15.1,
      4.1,
      4.1,
      8.5,
      7.3,
      6.1,
      6.4,
      19.1,
      11.6,
      3.3,
      0.0,
      15.3,
      6.7,
      3.3,
      7.4,
      13.8,
      2.6,
      6.6,
      5.1,
      5.7,
      79.1,
      6.5,
      5.8,
      7.6,
      5.9,
      26.1,
      77.4,
      5.4,
      36.8,
      3.2,
      16.0,
      8.4,
      3.7,
      19.5,
      2.5,
      9.0,
      12.0,
      6.0,
      221.0
    ],
    [
      29.0,
      17.6,
      26.3,
      24.8,
      6.7,
      12.5,
      3.7,
      13.7,
      24.6,
      24.6,
      12.6,
      2.4,
      13.7,
      16.8,
      11.2,
      16.8,
      20.0,
      20.3,
      29.5,
      21.7,
      16.6,
      15.3,
      0.0,
      15.0,
      12.2,
      20.5,
      26.5,
      13.4,
      9.8,
      19.8,
      14.0,
      87.3,
      13.4,
      10.5,
      21.3,
      15.3,
      16.4,
      87.4,
      11.0,
      50.1,
      13.0,
      6.6,
      22.3,
      16.7,
      31.3,
      15.3,
      20.1,
      6.4,
      13.2,
      236.0
    ],
    [
      17.4,
      11.2,
      16.4,
      19.3,
      2.5,
      7.7,
      13.3,
      7.6,
      15.5,
      19.0,
      0.85,
      14.9,
      7.6,
      10.3,
      2.7,
      7.7,
      10.4,
      10.7,
      19.5,
      12.1,
      10.0,
      6.7,
      15.0,
      0.0,
      7.1,
      15.5,
      19.8,
      4.2,
      6.2,
      14.7,
      3.5,
      82.7,
      2.1,
      5.4,
      11.5,
      10.1,
      20.9,
      77.1,
      7.7,
      43.5,
      3.8,
      8.7,
      10.4,
      11.5,
      24.7,
      5.3,
      9.9,
      12.4,
      1.8,
      232.0
    ],
    [
      11.9,
      5.6,
      14.7,
      9.3,
      10.3,
      12.3,
      9.9,
      2.5,
      12.9,
      12.2,
      8.6,
      11.7,
      2.5,
      4.8,
      6.6,
      9.3,
      8.3,
      8.6,
      21.1,
      13.6,
      4.6,
      3.3,
      12.2,
      7.1,
      0.0,
      8.3,
      14.7,
      1.2,
      3.4,
      6.1,
      3.6,
      80.4,
      5.1,
      3.2,
      9.8,
      4.3,
      24.0,
      78.7,
      4.3,
      41.7,
      1.5,
      13.4,
      10.5,
      4.6,
      23.0,
      3.1,
      11.6,
      10.0,
      4.6,
      222.0
    ],
    [
      4.1,
      2.6,
      7.0,
      1.8,
      17.2,
      17.7,
      18.3,
      8.2,
      5.1,
      3.3,
      15.5,
      22.7,
      8.2,
      4.9,
      14.5,
      15.6,
      5.6,
      7.3,
      16.6,
      11.1,
      6.5,
      7.4,
      20.5,
      15.5,
      8.3,
      0.0,
      9.4,
      11.9,
      13.8,
      8.5,
      22.1,
      83.7,
      15.8,
      13.1,
      7.8,
      13.6,
      42.4,
      78.3,
      11.8,
      37.1,
      12.6,
      32.1,
      8.0,
      7.9,
      14.4,
      12.0,
      11.4,
      18.5,
      15.3,
      212.0
    ],
    [
      10.5,
      9.0,
      2.4,
      8.2,
      18.1,
      19.0,
      24.3,
      14.6,
      4.2,
      9.7,
      19.2,
      27.8,
      14.6,
      11.3,
      17.7,
      13.7,
      3.7,
      5.9,
      9.4,
      8.0,
      12.9,
      13.8,
      26.5,
      19.8,
      14.7,
      9.4,
      0.0,
      12.2,
      15.0,
      11.9,
      13.6,
      75.1,
      15.0,
      22.5,
      4.0,
      16.1,
      32.8,
      69.7,
      15.3,
      28.5,
      11.9,
      26.5,
      6.0,
      11.4,
      9.8,
      10.7,
      6.8,
      22.0,
      15.1,
      214.0
    ],
    [
      13.3,
      7.0,
      16.1,
      10.7,
      7.8,
      9.8,
      11.2,
      3.4,
      11.3,
      12.2,
      4.0,
      12.9,
      3.4,
      6.2,
      5.3,
      9.5,
      7.9,
      8.2,
      21.3,
      13.9,
      5.9,
      2.6,
      13.4,
      4.2,
      1.2,
      11.9,
      12.2,
      0.0,
      3.9,
      7.1,
      3.0,
      79.2,
      3.9,
      3.6,
      9.0,
      4.7,
      22.3,
      77.5,
      4.7,
      40.5,
      0.65,
      16.1,
      9.7,
      5.5,
      21.7,
      0.8,
      10.4,
      10.5,
      3.3,
      221.0
    ],
    [
      15.2,
      8.9,
      18.0,
      16.1,
      8.0,
      11.4,
      7.6,
      4.8,
      14.1,
      15.9,
      7.7,
      9.3,
      4.8,
      8.1,
      6.9,
      11.9,
      10.8,
      11.0,
      23.7,
      16.2,
      7.9,
      6.6,
      9.8,
      6.2,
      3.4,
      13.8,
      15.0,
      3.9,
      0.0,
      11.7,
      5.0,
      87.3,
      7.8,
      2.3,
      12.1,
      7.1,
      25.4,
      85.3,
      2.5,
      48.0,
      3.8,
      10.6,
      12.8,
      8.6,
      29.2,
      5.8,
      15.1,
      7.3,
      6.8,
      226.0
    ],
    [
      9.8,
      3.5,
      12.6,
      7.3,
      18.0,
      20.0,
      17.6,
      5.3,
      10.8,
      8.5,
      16.3,
      18.2,
      5.3,
      2.8,
      15.5,
      11.1,
      11.3,
      11.0,
      22.3,
      16.8,
      3.1,
      5.1,
      19.8,
      14.7,
      6.1,
      8.5,
      11.9,
      7.1,
      11.7,
      0.0,
      11.0,
      82.3,
      10.8,
      8.3,
      11.7,
      6.8,
      31.5,
      80.6,
      6.8,
      41.1,
      7.3,
      18.5,
      10.5,
      2.5,
      23.5,
      8.0,
      13.4,
      13.5,
      10.3,
      219.0
    ],
    [
      16.2,
      9.9,
      21.1,
      18.2,
      6.7,
      8.7,
      11.7,
      6.9,
      12.7,
      18.0,
      0.28,
      13.9,
      6.9,
      9.1,
      4.2,
      9.2,
      9.4,
      9.6,
      21.0,
      13.6,
      9.7,
      5.7,
      14.0,
      3.5,
      3.6,
      22.1,
      13.6,
      3.0,
      5.0,
      11.0,
      0.0,
      82.5,
      2.4,
      7.3,
      13.9,
      12.1,
      20.6,
      77.4,
      9.6,
      43.2,
      4.1,
      13.7,
      10.8,
      11.9,
      24.4,
      5.5,
      10.3,
      14.4,
      2.0,
      232.0
    ],
    [
      84.8,
      83.3,
      74.8,
      82.5,
      83.8,
      77.2,
      87.1,
      82.6,
      78.5,
      84.0,
      82.1,
      86.7,
      82.6,
      85.6,
      80.6,
      76.0,
      74.2,
      74.2,
      66.1,
      70.4,
      81.0,
      79.1,
      87.3,
      82.7,
      80.4,
      83.7,
      75.1,
      79.2,
      87.3,
      82.3,
      82.5,
      0.0,
      80.4,
      84.4,
      74.0,
      89.1,
      88.4,
      23.6,
      86.6,
      57.7,
      83.1,
      81.8,
      77.9,
      85.4,
      72.2,
      79.4,
      71.1,
      88.7,
      80.2,
      281.0
    ],
    [
      17.1,
      10.8,
      15.5,
      14.6,
      4.3,
      6.7,
      11.2,
      7.2,
      14.6,
      20.8,
      2.0,
      23.5,
      7.3,
      10.0,
      2.2,
      6.8,
      10.1,
      10.4,
      18.6,
      11.2,
      9.7,
      6.5,
      13.4,
      2.1,
      5.1,
      15.8,
      15.0,
      3.9,
      7.8,
      10.8,
      2.4,
      80.4,
      0.0,
      5.5,
      11.6,
      10.3,
      19.7,
      76.5,
      7.8,
      39.5,
      3.9,
      12.8,
      9.9,
      11.0,
      20.8,
      5.4,
      9.4,
      12.5,
      0.4,
      228.0
    ],
    [
      14.4,
      8.1,
      23.0,
      15.4,
      8.6,
      10.6,
      8.2,
      4.0,
      18.9,
      15.2,
      6.9,
      9.9,
      4.1,
      7.3,
      6.1,
      11.1,
      10.5,
      10.8,
      22.9,
      15.5,
      7.1,
      5.8,
      10.5,
      5.4,
      3.2,
      13.1,
      22.5,
      3.6,
      2.3,
      8.3,
      7.3,
      84.4,
      5.5,
      0.0,
      12.4,
      4.8,
      24.9,
      84.7,
      0.4,
      47.5,
      4.1,
      11.8,
      13.2,
      5.4,
      28.7,
      6.4,
      14.6,
      7.0,
      6.3,
      224.0
    ],
    [
      8.9,
      7.4,
      7.1,
      6.6,
      15.2,
      18.1,
      23.3,
      13.0,
      3.1,
      8.1,
      13.6,
      20.8,
      13.0,
      9.7,
      12.5,
      10.8,
      0.4,
      1.9,
      12.4,
      6.3,
      10.0,
      7.6,
      21.3,
      11.5,
      9.8,
      7.8,
      4.0,
      9.0,
      12.1,
      11.7,
      13.9,
      74.0,
      11.6,
      12.4,
      0.0,
      11.4,
      30.2,
      72.1,
      11.4,
      31.5,
      7.3,
      23.3,
      3.0,
      11.4,
      12.3,
      6.1,
      4.0,
      17.0,
      9.3,
      216.0
    ],
    [
      14.0,
      6.9,
      16.8,
      9.8,
      13.4,
      15.4,
      13.0,
      2.6,
      15.8,
      9.6,
      11.7,
      12.4,
      2.7,
      6.1,
      10.9,
      15.9,
      15.5,
      12.0,
      30.0,
      20.2,
      7.1,
      5.9,
      15.3,
      10.1,
      4.3,
      13.6,
      16.1,
      4.7,
      7.1,
      6.8,
      12.1,
      89.1,
      10.3,
      4.8,
      11.4,
      0.0,
      29.8,
      104.0,
      3.8,
      43.3,
      5.2,
      19.5,
      14.2,
      3.5,
      23.8,
      7.1,
      17.5,
      10.4,
      7.9,
      220.0
    ],
    [
      42.7,
      29.3,
      33.3,
      38.5,
      21.9,
      15.3,
      21.0,
      25.7,
      32.2,
      38.3,
      20.2,
      15.7,
      25.7,
      28.5,
      18.8,
      24.4,
      29.8,
      30.2,
      35.4,
      28.6,
      30.3,
      26.1,
      16.4,
      20.9,
      24.0,
      42.4,
      32.8,
      22.3,
      25.4,
      31.5,
      20.6,
      88.4,
      19.7,
      24.9,
      30.2,
      29.8,
      0.0,
      92.9,
      23.0,
      57.0,
      24.2,
      11.8,
      29.6,
      32.0,
      41.8,
      25.7,
      28.2,
      19.1,
      21.2,
      258.0
    ],
    [
      79.4,
      77.9,
      69.5,
      77.1,
      78.7,
      79.9,
      85.2,
      80.9,
      73.2,
      95.6,
      77.1,
      94.9,
      80.9,
      80.2,
      76.0,
      74.3,
      72.5,
      72.5,
      64.4,
      68.7,
      79.3,
      77.4,
      87.4,
      77.1,
      78.7,
      78.3,
      69.7,
      77.5,
      85.3,
      80.6,
      77.4,
      23.6,
      76.5,
      84.7,
      72.1,
      104.0,
      92.9,
      0.0,
      82.2,
      47.7,
      76.9,
      90.9,
      74.9,
      79.6,
      66.6,
      76.4,
      68.2,
      86.9,
      75.7,
      269.0
    ],
    [
      13.2,
      6.9,
      16.0,
      10.6,
      9.2,
      12.9,
      8.7,
      2.6,
      14.2,
      12.9,
      9.2,
      9.7,
      2.7,
      6.1,
      8.4,
      13.4,
      11.7,
      12.0,
      25.2,
      17.8,
      6.6,
      5.4,
      11.0,
      7.7,
      4.3,
      11.8,
      15.3,
      4.7,
      2.5,
      6.8,
      9.6,
      86.6,
      7.8,
      0.4,
      11.4,
      3.8,
      23.0,
      82.2,
      0.0,
      50.6,
      5.3,
      11.7,
      14.5,
      5.1,
      27.0,
      6.5,
      15.0,
      6.6,
      8.0,
      223.0
    ],
    [
      38.2,
      36.8,
      29.3,
      35.9,
      41.7,
      42.6,
      47.9,
      43.9,
      32.0,
      37.4,
      42.8,
      59.0,
      43.9,
      39.0,
      41.4,
      37.3,
      32.1,
      35.4,
      27.5,
      31.6,
      42.3,
      36.8,
      50.1,
      43.5,
      41.7,
      37.1,
      28.5,
      40.5,
      48.0,
      41.1,
      43.2,
      57.7,
      39.5,
      47.5,
      31.5,
      43.3,
      57.0,
      47.7,
      50.6,
      0.0,
      33.0,
      46.2,
      34.0,
      36.4,
      23.2,
      31.8,
      27.2,
      45.9,
      34.7,
      226.0
    ],
    [
      13.9,
      7.6,
      16.7,
      11.4,
      7.4,
      9.4,
      10.7,
      4.0,
      10.9,
      12.9,
      3.7,
      12.5,
      4.0,
      6.8,
      4.9,
      8.2,
      7.6,
      7.8,
      20.0,
      12.5,
      6.1,
      3.2,
      13.0,
      3.8,
      1.5,
      12.6,
      11.9,
      0.65,
      3.8,
      7.3,
      4.1,
      83.1,
      3.9,
      4.1,
      7.3,
      5.2,
      24.2,
      76.9,
      5.3,
      33.0,
      0.0,
      15.8,
      9.0,
      6.5,
      26.6,
      2.1,
      9.6,
      10.3,
      3.6,
      222.0
    ],
    [
      32.4,
      18.3,
      27.0,
      28.2,
      6.5,
      12.4,
      3.4,
      14.4,
      25.3,
      28.0,
      13.3,
      8.0,
      14.4,
      17.5,
      9.2,
      17.5,
      22.9,
      23.3,
      33.8,
      22.4,
      17.3,
      16.0,
      6.6,
      8.7,
      13.4,
      32.1,
      26.5,
      16.1,
      10.6,
      18.5,
      13.7,
      81.8,
      12.8,
      11.8,
      23.3,
      19.5,
      11.8,
      90.9,
      11.7,
      46.2,
      15.8,
      0.0,
      18.7,
      15.5,
      27.7,
      15.0,
      16.5,
      6.9,
      9.6,
      235.0
    ],
    [
      9.1,
      7.7,
      9.6,
      6.9,
      12.1,
      14.9,
      20.1,
      13.3,
      5.0,
      8.2,
      10.4,
      23.7,
      13.3,
      9.9,
      9.4,
      6.2,
      3.1,
      2.6,
      18.0,
      8.7,
      9.3,
      8.4,
      22.3,
      10.4,
      10.5,
      8.0,
      6.0,
      9.7,
      12.8,
      10.5,
      10.8,
      77.9,
      9.9,
      13.2,
      3.0,
      14.2,
      29.6,
      74.9,
      14.5,
      34.0,
      9.0,
      18.7,
      0.0,
      11.5,
      15.2,
      8.0,
      5.9,
      22.1,
      10.9,
      217.0
    ],
    [
      9.3,
      3.0,
      12.1,
      6.7,
      13.2,
      13.7,
      14.5,
      3.8,
      10.3,
      7.9,
      11.5,
      17.0,
      3.8,
      0.85,
      10.5,
      13.1,
      10.8,
      9.9,
      21.7,
      16.2,
      3.4,
      3.7,
      16.7,
      11.5,
      4.6,
      7.9,
      11.4,
      5.5,
      8.6,
      2.5,
      11.9,
      85.4,
      11.0,
      5.4,
      11.4,
      3.5,
      32.0,
      79.6,
      5.1,
      36.4,
      6.5,
      15.5,
      11.5,
      0.0,
      17.7,
      5.7,
      13.9,
      12.1,
      8.9,
      218.0
    ],
    [
      16.2,
      14.7,
      6.0,
      18.0,
      23.0,
      23.9,
      29.1,
      20.3,
      9.9,
      15.0,
      24.1,
      43.8,
      20.3,
      17.0,
      22.6,
      18.5,
      12.0,
      16.7,
      8.5,
      12.9,
      18.6,
      19.5,
      31.3,
      24.7,
      23.0,
      14.4,
      9.8,
      21.7,
      29.2,
      23.5,
      24.4,
      72.2,
      20.8,
      28.7,
      12.3,
      23.8,
      41.8,
      66.6,
      27.0,
      23.2,
      26.6,
      27.7,
      15.2,
      17.7,
      0.0,
      19.6,
      14.9,
      32.9,
      22.4,
      215.0
    ],
    [
      13.4,
      7.1,
      13.8,
      10.8,
      8.9,
      10.9,
      13.0,
      5.2,
      9.8,
      13.7,
      5.1,
      14.8,
      5.2,
      6.3,
      5.8,
      7.7,
      6.4,
      6.7,
      19.5,
      12.0,
      6.8,
      2.5,
      15.3,
      5.3,
      3.1,
      12.0,
      10.7,
      0.8,
      5.8,
      8.0,
      5.5,
      79.4,
      5.4,
      6.4,
      6.1,
      7.1,
      25.7,
      76.4,
      6.5,
      31.8,
      2.1,
      15.0,
      8.0,
      5.7,
      19.6,
      0.0,
      10.2,
      11.3,
      4.2,
      222.0
    ],
    [
      12.4,
      10.9,
      8.1,
      10.1,
      11.6,
      13.4,
      17.9,
      13.8,
      6.0,
      11.6,
      9.9,
      30.2,
      13.8,
      13.2,
      8.9,
      7.2,
      4.4,
      4.0,
      11.2,
      3.5,
      12.2,
      9.0,
      20.1,
      9.9,
      11.6,
      11.4,
      6.8,
      10.4,
      15.1,
      13.4,
      10.3,
      71.1,
      9.4,
      14.6,
      4.0,
      17.5,
      28.2,
      68.2,
      15.0,
      27.2,
      9.6,
      16.5,
      5.9,
      13.9,
      14.9,
      10.2,
      0.0,
      20.7,
      9.5,
      220.0
    ],
    [
      19.8,
      13.5,
      22.6,
      19.1,
      7.1,
      12.9,
      4.1,
      9.3,
      20.8,
      18.9,
      14.0,
      5.8,
      9.3,
      12.7,
      13.2,
      18.2,
      17.3,
      17.6,
      29.9,
      22.5,
      13.3,
      12.0,
      6.4,
      12.4,
      10.0,
      18.5,
      22.0,
      10.5,
      7.3,
      13.5,
      14.4,
      88.7,
      12.5,
      7.0,
      17.0,
      10.4,
      19.1,
      86.9,
      6.6,
      45.9,
      10.3,
      6.9,
      22.1,
      12.1,
      32.9,
      11.3,
      20.7,
      0.0,
      12.8,
      229.0
    ],
    [
      16.6,
      10.3,
      15.6,
      14.1,
      4.4,
      6.4,
      11.0,
      6.7,
      14.7,
      19.9,
      1.7,
      15.7,
      6.8,
      9.5,
      1.9,
      6.9,
      9.6,
      9.9,
      18.7,
      11.3,
      9.2,
      6.0,
      13.2,
      1.8,
      4.6,
      15.3,
      15.1,
      3.3,
      6.8,
      10.3,
      2.0,
      80.2,
      0.4,
      6.3,
      9.3,
      7.9,
      21.2,
      75.7,
      8.0,
      34.7,
      3.6,
      9.6,
      10.9,
      8.9,
      22.4,
      4.2,
      9.5,
      12.8,
      0.0,
      228.0
    ],
    [
      216.0,
      214.0,
      214.0,
      213.0,
      230.0,
      231.0,
      236.0,
      222.0,
      214.0,
      211.0,
      231.0,
      235.0,
      222.0,
      216.0,
      230.0,
      226.0,
      215.0,
      218.0,
      220.0,
      220.0,
      218.0,
      221.0,
      236.0,
      232.0,
      222.0,
      212.0,
      214.0,
      221.0,
      226.0,
      219.0,
      232.0,
      281.0,
      228.0,
      224.0,
      216.0,
      220.0,
      258.0,
      269.0,
      223.0,
      226.0,
      222.0,
      235.0,
      217.0,
      218.0,
      215.0,
      222.0,
      220.0,
      229.0,
      228.0,
      0.0
    ]
  ],
  "drive_time_matrix": [
    [
      0.0,
      2.0,
      18.0,
      10.0,
      57.0,
      33.0,
      37.0,
      22.0,
      15.0,
      15.0,
      29.0,
      40.0,
      22.0,
      10.0,
      28.0,
      20.0,
      15.0,
      20.0,
      32.0,
      21.0,
      33.0,
      19.0,
      40.0,
      30.0,
      20.0,
      6.0,
      17.0,
      21.0,
      29.0,
      18.0,
      29.0,
      93.0,
      27.0,
      25.0,
      16.0,
      20.0,
      51.0,
      93.0,
      22.0,
      44.0,
      23.0,
      46.0,
      36.0,
      16.0,
      27.0,
      25.0,
      20.0,
      33.0,
      27.0,
      166.0
    ],
    [
      2.0,
      0.0,
      16.0,
      8.0,
      43.0,
      25.0,
      29.0,
      12.0,
      13.0,
      13.0,
      20.0,
      31.0,
      12.0,
      6.0,
      20.0,
      18.0,
      13.0,
      18.0,
      29.0,
      19.0,
      8.0,
      9.0,
      34.0,
      20.0,
      10.0,
      4.0,
      15.0,
      12.0,
      19.0,
      8.0,
      19.0,
      90.0,
      18.0,
      15.0,
      14.0,
      13.0,
      42.0,
      91.0,
      12.0,
      42.0,
      14.0,
      38.0,
      34.0,
      6.0,
      25.0,
      16.0,
      17.0,
      23.0,
      18.0,
      164.0
    ],
    [
      18.0,
      16.0,
      0.0,
      16.0,
      53.0,
      26.0,
      36.0,
      26.0,
      12.0,
      18.0,
      30.0,
      42.0,
      26.0,
      19.0,
      24.0,
      16.0,
      15.0,
      22.0,
      17.0,
      16.0,
      22.0,
      23.0,
      41.0,
      29.0,
      24.0,
      12.0,
      7.0,
      25.0,
      33.0,
      22.0,
      29.0,
      78.0,
      25.0,
      30.0,
      16.0,
      26.0,
      42.0,
      78.0,
      26.0,
      31.0,
      27.0,
      45.0,
      37.0,
      20.0,
      12.0,
      26.0,
      18.0,
      37.0,
      25.0,
      163.0
    ],
    [
      10.0,
      8.0,
      16.0,
      0.0,
      52.0,
      30.0,
      31.0,
      20.0,
      15.0,
      10.0,
      23.0,
      33.0,
      20.0,
      14.0,
      26.0,
      20.0,
      15.0,
      19.0,
      31.0,
      21.0,
      17.0,
      18.0,
      34.0,
      25.0,
      18.0,
      6.0,
      17.0,
      20.0,
      24.0,
      17.0,
      22.0,
      92.0,
      26.0,
      21.0,
      16.0,
      14.0,
      44.0,
      93.0,
      20.0,
      44.0,
      22.0,
      40.0,
      34.0,
      14.0,
      26.0,
      24.0,
      19.0,
      27.0,
      26.0,
      162.0
    ],
    [
      57.0,
      43.0,
      53.0,
      52.0,
      0.0,
      15.0,
      10.0,
      20.0,
      27.0,
      33.0,
      15.0,
      22.0,
      20.0,
      26.0,
      11.0,
      21.0,
      28.0,
      28.0,
      33.0,
      19.0,
      31.0,
      25.0,
      19.0,
      7.0,
      20.0,
      31.0,
      30.0,
      18.0,
      19.0,
      32.0,
      15.0,
      89.0,
      11.0,
      15.0,
      29.0,
      23.0,
      31.0,
      93.0,
      21.0,
      47.0,
      18.0,
      21.0,
      44.0,
      28.0,
      34.0,
      19.0,
      21.0,
      20.0,
      11.0,
      185.0
    ],
    [
      33.0,
      25.0,
      26.0,
      30.0,
      15.0,
      0.0,
      21.0,
      19.0,
      27.0,
      31.0,
      14.0,
      20.0,
      19.0,
      26.0,
      10.0,
      21.0,
      28.0,
      27.0,
      28.0,
      19.0,
      30.0,
      24.0,
      26.0,
      14.0,
      19.0,
      31.0,
      25.0,
      16.0,
      19.0,
      30.0,
      13.0,
      77.0,
      11.0,
      14.0,
      29.0,
      22.0,
      20.0,
      88.0,
      20.0,
      42.0,
      16.0,
      27.0,
      43.0,
      27.0,
      29.0,
      18.0,
      21.0,
      28.0,
      12.0,
      180.0
    ],
    [
      37.0,
      29.0,
      36.0,
      31.0,
      10.0,
      21.0,
      0.0,
      20.0,
      37.0,
      32.0,
      21.0,
      14.0,
      20.0,
      28.0,
      20.0,
      30.0,
      37.0,
      36.0,
      38.0,
      29.0,
      31.0,
      27.0,
      11.0,
      24.0,
      19.0,
      33.0,
      35.0,
      22.0,
      15.0,
      32.0,
      20.0,
      92.0,
      22.0,
      15.0,
      38.0,
      23.0,
      29.0,
      98.0,
      16.0,
      52.0,
      22.0,
      11.0,
      55.0,
      30.0,
      39.0,
      27.0,
      31.0,
      12.0,
      22.0,
      184.0
    ],
    [
      22.0,
      12.0,
      26.0,
      20.0,
      20.0,
      19.0,
      20.0,
      0.0,
      25.0,
      20.0,
      17.0,
      27.0,
      1.0,
      11.0,
      18.0,
      25.0,
      25.0,
      25.0,
      37.0,
      24.0,
      18.0,
      14.0,
      30.0,
      18.0,
      9.0,
      16.0,
      27.0,
      9.0,
      17.0,
      17.0,
      17.0,
      95.0,
      16.0,
      14.0,
      27.0,
      9.0,
      40.0,
      97.0,
      8.0,
      52.0,
      11.0,
      34.0,
      46.0,
      13.0,
      37.0,
      16.0,
      25.0,
      19.0,
      16.0,
      173.0
    ],
    [
      15.0,
      13.0,
      12.0,
      15.0,
      27.0,
      27.0,
      37.0,
      25.0,
      0.0,
      16.0,
      25.0,
      42.0,
      24.0,
      18.0,
      23.0,
      15.0,
      7.0,
      15.0,
      25.0,
      15.0,
      20.0,
      21.0,
      42.0,
      27.0,
      22.0,
      10.0,
      10.0,
      21.0,
      31.0,
      20.0,
      25.0,
      86.0,
      24.0,
      28.0,
      9.0,
      24.0,
      44.0,
      86.0,
      24.0,
      37.0,
      21.0,
      46.0,
      32.0,
      18.0,
      20.0,
      19.0,
      14.0,
      35.0,
      24.0,
      168.0
    ],
    [
      15.0,
      13.0,
      18.0,
      10.0,
      33.0,
      31.0,
      32.0,
      20.0,
      16.0,
      0.0,
      21.0,
      32.0,
      20.0,
      16.0,
      25.0,
      23.0,
      18.0,
      22.0,
      34.0,
      24.0,
      19.0,
      18.0,
      33.0,
      24.0,
      20.0,
      9.0,
      20.0,
      22.0,
      22.0,
      16.0,
      21.0,
      94.0,
      26.0,
      20.0,
      19.0,
      13.0,
      43.0,
      93.0,
      20.0,
      47.0,
      24.0,
      39.0,
      37.0,
      14.0,
      25.0,
      25.0,
      22.0,
      26.0,
      26.0,
      162.0
    ],
    [
      29.0,
      20.0,
      30.0,
      23.0,
      15.0,
      14.0,
      21.0,
      17.0,
      25.0,
      21.0,
      0.0,
      23.0,
      14.0,
      20.0,
      4.0,
      15.0,
      22.0,
      22.0,
      27.0,
      13.0,
      25.0,
      18.0,
      23.0,
      10.0,
      14.0,
      25.0,
      24.0,
      11.0,
      14.0,
      26.0,
      3.0,
      81.0,
      5.0,
      9.0,
      23.0,
      17.0,
      24.0,
      87.0,
      15.0,
      41.0,
      11.0,
      26.0,
      38.0,
      22.0,
      27.0,
      13.0,
      15.0,
      23.0,
      5.0,
      178.0
    ],
    [
      40.0,
      31.0,
      42.0,
      33.0,
      22.0,
      20.0,
      14.0,
      27.0,
      42.0,
      32.0,
      23.0,
      0.0,
      23.0,
      33.0,
      28.0,
      38.0,
      42.0,
      40.0,
      42.0,
      37.0,
      36.0,
      32.0,
      8.0,
      28.0,
      23.0,
      36.0,
      43.0,
      26.0,
      19.0,
      33.0,
      25.0,
      88.0,
      29.0,
      20.0,
      41.0,
      25.0,
      23.0,
      102.0,
      19.0,
      59.0,
      26.0,
      22.0,
      64.0,
      30.0,
      47.0,
      31.0,
      38.0,
      14.0,
      30.0,
      184.0
    ],
    [
      22.0,
      12.0,
      26.0,
      20.0,
      20.0,
      19.0,
      20.0,
      1.0,
      24.0,
      20.0,
      14.0,
      23.0,
      0.0,
      11.0,
      18.0,
      25.0,
      26.0,
      25.0,
      37.0,
      24.0,
      18.0,
      14.0,
      30.0,
      18.0,
      9.0,
      16.0,
      27.0,
      9.0,
      17.0,
      17.0,
      17.0,
      95.0,
      16.0,
      14.0,
      27.0,
      9.0,
      40.0,
      97.0,
      8.0,
      52.0,
      11.0,
      35.0,
      46.0,
      13.0,
      37.0,
      16.0,
      25.0,
      19.0,
      16.0,
      174.0
    ],
    [
      10.0,
      6.0,
      19.0,
      14.0,
      26.0,
      26.0,
      28.0,
      11.0,
      18.0,
      16.0,
      20.0,
      33.0,
      11.0,
      0.0,
      23.0,
      23.0,
      18.0,
      22.0,
      34.0,
      23.0,
      9.0,
      12.0,
      36.0,
      23.0,
      12.0,
      8.0,
      20.0,
      14.0,
      21.0,
      9.0,
      22.0,
      95.0,
      20.0,
      18.0,
      19.0,
      16.0,
      45.0,
      96.0,
      14.0,
      47.0,
      16.0,
      40.0,
      38.0,
      13.0,
      30.0,
      18.0,
      22.0,
      26.0,
      20.0,
      169.0
    ],
    [
      28.0,
      20.0,
      24.0,
      26.0,
      11.0,
      10.0,
      20.0,
      18.0,
      23.0,
      25.0,
      4.0,
      28.0,
      18.0,
      23.0,
      0.0,
      14.0,
      21.0,
      22.0,
      26.0,
      13.0,
      24.0,
      20.0,
      22.0,
      10.0,
      15.0,
      25.0,
      24.0,
      12.0,
      14.0,
      26.0,
      9.0,
      81.0,
      5.0,
      10.0,
      23.0,
      17.0,
      24.0,
      86.0,
      15.0,
      41.0,
      12.0,
      50.0,
      38.0,
      21.0,
      27.0,
      14.0,
      14.0,
      24.0,
      6.0,
      178.0
    ],
    [
      20.0,
      18.0,
      16.0,
      20.0,
      21.0,
      21.0,
      30.0,
      25.0,
      15.0,
      23.0,
      15.0,
      38.0,
      25.0,
      23.0,
      14.0,
      0.0,
      19.0,
      19.0,
      24.0,
      10.0,
      18.0,
      16.0,
      28.0,
      12.0,
      15.0,
      23.0,
      21.0,
      15.0,
      18.0,
      22.0,
      13.0,
      81.0,
      9.0,
      13.0,
      20.0,
      21.0,
      30.0,
      83.0,
      19.0,
      38.0,
      15.0,
      32.0,
      31.0,
      22.0,
      24.0,
      13.0,
      12.0,
      27.0,
      9.0,
      176.0
    ],
    [
      15.0,
      13.0,
      15.0,
      15.0,
      28.0,
      28.0,
      37.0,
      25.0,
      7.0,
      18.0,
      22.0,
      42.0,
      26.0,
      18.0,
      21.0,
      19.0,
      0.0,
      8.0,
      27.0,
      13.0,
      21.0,
      15.0,
      40.0,
      21.0,
      19.0,
      13.0,
      12.0,
      14.0,
      25.0,
      24.0,
      19.0,
