{
  "drive_dist_matrix": [
    [
      0.0,
      3.1,
      2.8,
      3.1,
      6.2,
      5.1,
      30.3,
      5.2,
      2.3,
      3.2,
      2.9,
      0.8,
      5.8,
      0.85,
      0.8,
      3.3,
      0.85,
      1.1,
      1.8,
      2.6,
      2.9,
      68.5,
      32.3,
      6.0,
      31.3,
      0.9,
      3.7,
      0.9,
      31.6,
      11.3,
      31.3,
      1.2,
      17.0,
      5.0,
      32.1,
      5.1,
      2.7,
      36.8,
      1.1,
      3.2,
      3.4,
      4.4,
      14.2,
      56.2,
      1.0,
      32.3,
      1.1,
      0.9,
      1.1,
      0.9,
      4.9,
      11.6,
      3.8,
      4.1,
      2.5,
      62.5,
      0.8,
      17.0
    ],
    [
      3.1,
      0.0,
      0.5,
      0.4,
      1.0,
      9.1,
      24.6,
      7.5,
      4.6,
      0.45,
      0.19,
      2.0,
      1.0,
      2.1,
      4.1,
      0.35,
      1.8,
      2.7,
      4.1,
      2.7,
      0.28,
      62.8,
      26.6,
      8.3,
      25.6,
      1.9,
      0.35,
      1.3,
      25.8,
      13.7,
      25.6,
      2.7,
      8.0,
      7.3,
      26.3,
      9.0,
      0.45,
      37.7,
      2.7,
      4.3,
      2.6,
      1.2,
      16.5,
      50.5,
      4.4,
      26.5,
      2.6,
      3.3,
      3.0,
      2.7,
      1.5,
      13.4,
      4.7,
      2.3,
      1.2,
      56.8,
      2.8,
      19.4
    ],
    [
      2.8,
      0.5,
      0.0,
      0.35,
      1.6,
      8.7,
      24.2,
      7.2,
      4.3,
      0.65,
      0.35,
      1.7,
      1.3,
      1.8,
      3.8,
      0.7,
      1.5,
      2.3,
      3.8,
      2.3,
      0.35,
      62.4,
      26.3,
      8.0,
      25.2,
      1.6,
      0.7,
      1.0,
      25.5,
      13.3,
      25.2,
      2.3,
      7.7,
      7.0,
      26.0,
      8.7,
      0.45,
      37.4,
      2.3,
      4.0,
      2.2,
      1.5,
      16.1,
      50.1,
      4.1,
      26.2,
      2.3,
      2.9,
      2.7,
      2.3,
      6.9,
      13.1,
      4.4,
      2.0,
      0.95,
      56.4,
      2.5,
      19.0
    ],
    [
      3.1,
      0.4,
      0.35,
      0.0,
      9.2,
      9.2,
      24.4,
      8.2,
      5.3,
      0.55,
      0.23,
      2.1,
      1.2,
      2.2,
      4.2,
      0.55,
      2.0,
      2.8,
      4.8,
      2.8,
      0.23,
      62.7,
      26.5,
      9.0,
      25.5,
      2.0,
      0.6,
      2.0,
      25.7,
      17.0,
      25.4,
      2.8,
      7.9,
      8.0,
      26.2,
      9.2,
      0.5,
      37.6,
      2.8,
      4.4,
      2.7,
      1.4,
      19.8,
      50.4,
      4.5,
      26.4,
      2.8,
      3.9,
      3.7,
      3.3,
      1.7,
      22.3,
      4.9,
      2.4,
      1.9,
      56.7,
      3.5,
      22.7
    ],
    [
      6.2,
      1.0,
      1.6,
      9.2,
      0.0,
      9.9,
      25.2,
      8.9,
      6.1,
      1.4,
      2.6,
      2.9,
      0.85,
      3.0,
      4.1,
      3.0,
      2.7,
      3.6,
      5.6,
      3.6,
      2.5,
      63.4,
      27.2,
      9.8,
      26.2,
      2.8,
      3.6,
      2.7,
      26.5,
      17.8,
      26.2,
      3.6,
      8.6,
      8.8,
      27.0,
      9.9,
      2.8,
      38.3,
      3.5,
      3.8,
      3.4,
      1.7,
      20.6,
      51.1,
      4.7,
      27.2,
      3.5,
      4.7,
      4.5,
      4.6,
      1.7,
      23.1,
      5.6,
      3.2,
      2.6,
      57.4,
      4.6,
      23.5
    ],
    [
      5.1,
      9.1,
      8.7,
      9.2,
      9.9,
      0.0,
      29.1,
      6.5,
      1.0,
      4.6,
      5.1,
      5.5,
      7.2,
      5.6,
      4.0,
      4.7,
      5.3,
      5.1,
      1.9,
      3.5,
      5.0,
      67.3,
      31.1,
      12.4,
      30.1,
      5.4,
      5.2,
      4.7,
      30.4,
      10.1,
      30.1,
      3.5,
      15.8,
      6.3,
      30.9,
      0.006,
      4.2,
      35.6,
      5.1,
      3.6,
      3.9,
      5.9,
      12.9,
      55.0,
      3.2,
      31.1,
      8.6,
      1.1,
      3.0,
      2.4,
      6.3,
      15.4,
      6.6,
      4.7,
      4.6,
      61.3,
      3.1,
      15.8
    ],
    [
      30.3,
      24.6,
      24.2,
      24.4,
      25.2,
      29.1,
      0.0,
      34.1,
      28.6,
      26.7,
      23.3,
      23.7,
      39.2,
      23.8,
      23.3,
      23.7,
      23.5,
      23.1,
      29.4,
      22.9,
      23.2,
      60.4,
      24.2,
      37.7,
      23.2,
      23.6,
      24.3,
      23.1,
      23.5,
      35.4,
      23.2,
      22.9,
      15.2,
      33.9,
      24.0,
      27.6,
      23.4,
      48.0,
      23.1,
      23.0,
      22.1,
      28.0,
      38.2,
      48.1,
      24.6,
      24.2,
      23.1,
      28.6,
      24.4,
      24.4,
      28.5,
      40.7,
      23.1,
      22.7,
      23.0,
      54.4,
      24.5,
      41.1
    ],
    [
      5.2,
      7.5,
      7.2,
      8.2,
      8.9,
      6.5,
      34.1,
      0.0,
      6.2,
      6.6,
      7.1,
      5.9,
      7.6,
      6.0,
      6.3,
      6.8,
      5.8,
      6.9,
      7.0,
      5.7,
      7.2,
      69.6,
      33.4,
      6.6,
      32.4,
      5.8,
      7.2,
      5.7,
      32.6,
      8.5,
      32.3,
      5.8,
      18.0,
      0.65,
      33.1,
      5.2,
      5.1,
      37.8,
      6.8,
      6.0,
      9.9,
      1.5,
      11.3,
      57.3,
      5.5,
      33.3,
      6.8,
      6.2,
      5.2,
      4.4,
      6.7,
      10.1,
      8.8,
      10.6,
      5.6,
      63.6,
      5.3,
      11.5
    ],
    [
      2.3,
      4.6,
      4.3,
      5.3,
      6.1,
      1.0,
      28.6,
      6.2,
      0.0,
      5.1,
      5.6,
      6.0,
      13.6,
      6.1,
      4.4,
      5.3,
      5.9,
      5.4,
      2.4,
      3.8,
      9.4,
      67.0,
      30.8,
      12.0,
      29.8,
      5.9,
      5.7,
      9.1,
      30.0,
      9.7,
      29.7,
      4.1,
      15.4,
      6.0,
      30.5,
      1.1,
      4.7,
      35.2,
      5.4,
      4.3,
      7.3,
      7.8,
      12.6,
      54.7,
      3.8,
      30.7,
      5.4,
      1.6,
      3.5,
      3.0,
      8.3,
      15.0,
      4.4,
      7.9,
      9.0,
      60.9,
      3.6,
      15.4
    ],
    [
      3.2,
      0.45,
      0.65,
      0.55,
      1.4,
      4.6,
      26.7,
      6.6,
      5.1,
      0.0,
      0.4,
      2.5,
      0.8,
      2.6,
      4.8,
      0.45,
      2.3,
      3.2,
      4.0,
      4.4,
      0.4,
      63.3,
      27.1,
      4.1,
      26.1,
      2.4,
      0.45,
      1.8,
      26.3,
      7.1,
      26.0,
      4.4,
      8.5,
      1.8,
      26.8,
      6.8,
      0.45,
      38.2,
      3.1,
      4.4,
      3.0,
      1.0,
      9.5,
      51.0,
      4.2,
      27.0,
      3.1,
      3.7,
      4.0,
      3.6,
      3.0,
      9.7,
      5.2,
      2.8,
      1.7,
      57.3,
      4.1,
      11.3
    ],
    [
      2.9,
      0.19,
      0.35,
      0.23,
      2.6,
      5.1,
      23.3,
      7.1,
      5.6,
      0.4,
      0.0,
      1.8,
      1.0,
      1.9,
      4.1,
      0.35,
      1.6,
      2.5,
      5.6,
      3.7,
      0.12,
      62.6,
      26.4,
      2.1,
      25.4,
      1.7,
      0.4,
      1.1,
      25.6,
      16.7,
      25.3,
      3.7,
      7.8,
      9.4,
      26.1,
      8.8,
      0.35,
      37.5,
      2.5,
      3.8,
      2.4,
      8.8,
      19.5,
      50.3,
      5.4,
      26.3,
      2.4,
      4.6,
      5.2,
      5.2,
      1.5,
      19.4,
      4.5,
      2.1,
      1.0,
      56.6,
      5.3,
      22.4
    ],
    [
      0.8,
      2.0,
      1.7,
      2.1,
      2.9,
      5.5,
      23.7,
      5.9,
      6.0,
      2.5,
      1.8,
      0.0,
      6.5,
      0.021,
      2.5,
      4.1,
      0.3,
      0.6,
      2.5,
      2.0,
      4.7,
      63.3,
      27.1,
      6.8,
      26.1,
      0.22,
      4.5,
      0.034,
      26.4,
      12.1,
      26.1,
      2.0,
      8.6,
      5.8,
      26.9,
      5.8,
      1.0,
      34.9,
      3.5,
      2.2,
      2.5,
      5.2,
      14.9,
      51.0,
      1.7,
      27.1,
      3.5,
      1.7,
      1.5,
      0.4,
      5.7,
      14.8,
      2.9,
      0.85,
      0.28,
      57.3,
      0.55,
      17.8
    ],
    [
      5.8,
      1.0,
      1.3,
      1.2,
      0.85,
      7.2,
      39.2,
      7.6,
      13.6,
      0.8,
      1.0,
      6.5,
      0.0,
      4.3,
      6.5,
      0.7,
      4.1,
      4.9,
      6.4,
      6.1,
      2.5,
      65.0,
      28.8,
      2.3,
      27.8,
      4.1,
      0.8,
      3.5,
      28.0,
      5.7,
      27.8,
      6.1,
      10.2,
      6.7,
      28.5,
      10.5,
      2.3,
      39.9,
      4.9,
      6.2,
      4.8,
      0.85,
      9.0,
      52.7,
      6.6,
      28.8,
      4.8,
      6.0,
      6.4,
      6.0,
      1.4,
      7.7,
      8.0,
      4.5,
      3.4,
      59.0,
      6.4,
      9.1
    ],
    [
      0.85,
      2.1,
      1.8,
      2.2,
      3.0,
      5.6,
      23.8,
      6.0,
      6.1,
      2.6,
      1.9,
      0.021,
      4.3,
      0.0,
      2.4,
      4.0,
      0.35,
      0.6,
      2.5,
      1.9,
      1.2,
      63.3,
      27.1,
      6.7,
      26.1,
      0.25,
      4.4,
      0.038,
      26.3,
      12.0,
      26.0,
      1.9,
      8.5,
      5.7,
      26.8,
      5.8,
      1.0,
      34.8,
      3.5,
      2.1,
      2.4,
      5.1,
      14.8,
      51.0,
      1.6,
      27.0,
      3.4,
      1.6,
      1.4,
      0.4,
      5.6,
      14.7,
      2.8,
      0.9,
      0.3,
      57.2,
      0.6,
      17.7
    ],
    [
      0.8,
      4.1,
      3.8,
      4.2,
      4.1,
      4.0,
      23.3,
      6.3,
      4.4,
      4.8,
      4.1,
      2.5,
      6.5,
      2.4,
      0.0,
      3.9,
      1.1,
      0.8,
      5.0,
      0.45,
      3.5,
      62.7,
      26.6,
      9.7,
      25.5,
      2.9,
      4.6,
      3.2,
      25.8,
      16.1,
      25.5,
      0.5,
      8.0,
      8.8,
      26.3,
      8.2,
      3.7,
      37.7,
      0.4,
      0.6,
      1.9,
      8.2,
      18.9,
      50.4,
      0.7,
      26.5,
      0.4,
      1.1,
      0.27,
      1.0,
      8.6,
      18.8,
      1.0,
      0.8,
      3.1,
      56.7,
      0.8,
      21.8
    ],
    [
      3.3,
      0.35,
      0.7,
      0.55,
      3.0,
      4.7,
      23.7,
      6.8,
      5.3,
      0.45,
      0.35,
      4.1,
      0.7,
      4.0,
      3.9,
      0.0,
      2.0,
      2.9,
      6.0,
      4.1,
      0.45,
      63.0,
      26.8,
      10.8,
      25.8,
      2.1,
      0.13,
      1.5,
      26.0,
      18.1,
      25.7,
      4.1,
      8.2,
      2.0,
      26.5,
      9.2,
      0.6,
      37.9,
      2.8,
      4.1,
      2.7,
      0.95,
      20.9,
      50.7,
      5.8,
      26.7,
      2.8,
      5.0,
      5.6,
      5.6,
      1.2,
      22.4,
      4.9,
      2.5,
      1.4,
      57.0,
      5.6,
      22.8
    ],
    [
      0.85,
      1.8,
      1.5,
      2.0,
      2.7,
      5.3,
      23.5,
      5.8,
      5.9,
      2.3,
      1.6,
      0.3,
      4.1,
      0.35,
      1.1,
      2.0,
      0.0,
      0.4,
      3.2,
      0.7,
      1.6,
      62.6,
      26.5,
      7.4,
      25.4,
      0.4,
      2.7,
      0.4,
      25.7,
      12.7,
      25.4,
      0.75,
      7.7,
      6.4,
      26.2,
      8.1,
      1.8,
      37.6,
      0.7,
      1.0,
      1.6,
      5.9,
      15.6,
      50.3,
      0.45,
      26.4,
      0.65,
      2.3,
      0.95,
      0.062,
      6.3,
      15.4,
      3.8,
      0.65,
      0.65,
      56.6,
      0.29,
      18.4
    ],
    [
      1.1,
      2.7,
      2.3,
      2.8,
      3.6,
      5.1,
      23.1,
      6.9,
      5.4,
      3.2,
      2.5,
      0.6,
      4.9,
      0.6,
      0.8,
      2.9,
      0.4,
      0.0,
      4.4,
      0.4,
      2.9,
      62.2,
      26.0,
      9.2,
      25.0,
      0.65,
      4.0,
      0.65,
      25.2,
      15.5,
      24.9,
      0.45,
      7.4,
      8.2,
      25.7,
      7.7,
      3.1,
      37.1,
      0.4,
      0.65,
      1.4,
      7.6,
      18.3,
      49.9,
      0.12,
      25.9,
      0.4,
      3.4,
      0.65,
      0.4,
      8.1,
      20.8,
      3.3,
      0.4,
      2.5,
      56.2,
      0.28,
      21.2
    ],
    [
      1.8,
      4.1,
      3.8,
      4.8,
      5.6,
      1.9,
      29.4,
      7.0,
      2.4,
      4.0,
      5.6,
      2.5,
      6.4,
      2.5,
      5.0,
      6.0,
      3.2,
      4.4,
      0.0,
      3.5,
      5.0,
      69.2,
      33.0,
      7.4,
      32.0,
      5.4,
      5.2,
      4.7,
      32.3,
      12.0,
      32.0,
      3.5,
      17.7,
      6.4,
      32.8,
      5.2,
      4.2,
      37.5,
      4.9,
      3.7,
      3.9,
      5.9,
      14.8,
      56.9,
      3.2,
      33.0,
      4.9,
      1.0,
      3.0,
      2.4,
      6.3,
      17.3,
      4.4,
      4.7,
      4.6,
      63.2,
      3.1,
      17.7
    ],
    [
      2.6,
      2.7,
      2.3,
      2.8,
      3.6,
      3.5,
      22.9,
      5.7,
      3.8,
      4.4,
      3.7,
      2.0,
      6.1,
      1.9,
      0.45,
      4.1,
      0.7,
      0.4,
      3.5,
      0.0,
      2.6,
      61.9,
      25.7,
      8.9,
      24.7,
      2.0,
      3.7,
      2.3,
      24.9,
      15.2,
      24.6,
      0.039,
      7.1,
      7.9,
      25.4,
      7.3,
      2.8,
      36.8,
      0.17,
      0.24,
      1.0,
      7.3,
      18.0,
      49.6,
      0.3,
      25.6,
      0.15,
      3.1,
      0.4,
      0.65,
      7.8,
      17.9,
      3.0,
      0.4,
      2.2,
      55.9,
      0.4,
      20.9
    ],
    [
      2.9,
      0.28,
      0.35,
      0.23,
      2.5,
      5.0,
      23.2,
      7.2,
      9.4,
      0.4,
      0.12,
      4.7,
      2.5,
      1.2,
      3.5,
      0.45,
      1.6,
      2.9,
      5.0,
      2.6,
      0.0,
      62.5,
      26.4,
      2.2,
      25.3,
      1.7,
      0.5,
      1.1,
      25.6,
      16.7,
      25.3,
      3.7,
      7.7,
      1.8,
      26.1,
      8.8,
      0.23,
      37.5,
      2.4,
      3.7,
      2.3,
      1.3,
      19.5,
      50.2,
      5.4,
      26.3,
      2.4,
      4.6,
      5.1,
      5.2,
      1.6,
      19.3,
      4.5,
      2.1,
      0.9,
      56.5,
      5.2,
      22.3
    ],
    [
      68.5,
      62.8,
      62.4,
      62.7,
      63.4,
      67.3,
      60.4,
      69.6,
      67.0,
      63.3,
      62.6,
      63.3,
      65.0,
      63.3,
      62.7,
      63.0,
      62.6,
      62.2,
      69.2,
      61.9,
      62.5,
      0.0,
      39.9,
      77.4,
      38.8,
      63.4,
      64.1,
      62.9,
      39.1,
      75.2,
      38.8,
      62.7,
      58.4,
      71.4,
      39.6,
      67.4,
      63.2,
      87.8,
      62.9,
      62.7,
      61.8,
      75.3,
      78.0,
      31.9,
      64.4,
      39.8,
      62.8,
      68.3,
      64.2,
      64.2,
      75.7,
      77.9,
      62.9,
      62.5,
      62.8,
      6.8,
      64.2,
      80.9
    ],
    [
      32.3,
      26.6,
      26.3,
      26.5,
      27.2,
      31.1,
      24.2,
      33.4,
      30.8,
      27.1,
      26.4,
      27.1,
      28.8,
      27.1,
      26.6,
      26.8,
      26.5,
      26.0,
      33.0,
      25.7,
      26.4,
      39.9,
      0.0,
      40.7,
      1.4,
      26.6,
      27.4,
      26.2,
      1.0,
      38.4,
      1.2,
      25.9,
      21.7,
      36.9,
      2.1,
      30.6,
      26.5,
      51.0,
      26.1,
      25.9,
      25.1,
      31.0,
      41.3,
      28.1,
      27.6,
      2.4,
      26.1,
      31.6,
      27.4,
      27.5,
      31.5,
      43.7,
      26.2,
      25.8,
      26.0,
      31.2,
      27.5,
      44.1
    ],
    [
      6.0,
      8.3,
      8.0,
      9.0,
      9.8,
      12.4,
      37.7,
      6.6,
      12.0,
      4.1,
      2.1,
      6.8,
      2.3,
      6.7,
      9.7,
      10.8,
      7.4,
      9.2,
      7.4,
      8.9,
      2.2,
      77.4,
      40.7,
      0.0,
      29.4,
      5.7,
      4.1,
      5.1,
      29.7,
      6.9,
      29.4,
      7.7,
      11.8,
      8.1,
      30.1,
      13.6,
      3.9,
      46.2,
      6.5,
      7.7,
      6.4,
      2.2,
      10.1,
      54.3,
      8.0,
      30.4,
      6.4,
      7.4,
      7.7,
      7.3,
      1.0,
      8.8,
      8.5,
      6.1,
      5.0,
      60.6,
      7.8,
      10.3
    ],
    [
      31.3,
      25.6,
      25.2,
      25.5,
      26.2,
      30.1,
      23.2,
      32.4,
      29.8,
      26.1,
      25.4,
      26.1,
      27.8,
      26.1,
      25.5,
      25.8,
      25.4,
      25.0,
      32.0,
      24.7,
      25.3,
      38.8,
      1.4,
      29.4,
      0.0,
      27.2,
      28.0,
      26.8,
      0.7,
      39.1,
      0.3,
      26.6,
      22.3,
      35.3,
      0.75,
      31.2,
      27.1,
      51.6,
      26.7,
      26.5,
      25.7,
      31.7,
      41.9,
      27.0,
      28.3,
      1.1,
      26.7,
      32.2,
      28.0,
      28.1,
      32.1,
      41.8,
      26.8,
      26.4,
      26.7,
      34.5,
      28.1,
      44.8
    ],
    [
      0.9,
      1.9,
      1.6,
      2.0,
      2.8,
      5.4,
      23.6,
      5.8,
      5.9,
      2.4,
      1.7,
      0.22,
      4.1,
      0.25,
      2.9,
      2.1,
      0.4,
      0.65,
      5.4,
      2.0,
      1.7,
      63.4,
      26.6,
      5.7,
      27.2,
      0.0,
      4.6,
      0.29,
      26.5,
      12.2,
      26.2,
      2.1,
      8.7,
      5.9,
      27.0,
      5.9,
      1.1,
      35.0,
      3.6,
      2.3,
      2.6,
      5.3,
      15.0,
      51.1,
      0.75,
      27.2,
      3.6,
      1.8,
      1.6,
      0.5,
      5.8,
      17.5,
      3.0,
      0.9,
      0.55,
      57.4,
      0.65,
      17.9
    ],
    [
      3.7,
      0.35,
      0.7,
      0.6,
      3.6,
      5.2,
      24.3,
      7.2,
      5.7,
      0.45,
      0.4,
      4.5,
      0.8,
      4.4,
      4.6,
      0.13,
      2.7,
      4.0,
      5.2,
      3.7,
      0.5,
      64.1,
      27.4,
      4.1,
      28.0,
      4.6,
      0.0,
      1.5,
      26.1,
      17.1,
      25.8,
      4.1,
      8.2,
      9.8,
      26.6,
      9.3,
      0.65,
      37.9,
      2.9,
      4.1,
      2.8,
      1.0,
      19.9,
      50.7,
      5.9,
      26.8,
      2.9,
      5.1,
      5.6,
      5.7,
      1.3,
      22.4,
      5.0,
      2.5,
      1.4,
      57.0,
      5.7,
      22.8
    ],
    [
      0.9,
      1.3,
      1.0,
      2.0,
      2.7,
      4.7,
      23.1,
      5.7,
      9.1,
      1.8,
      1.1,
      0.034,
      3.5,
      0.038,
      3.2,
      1.5,
      0.4,
      0.65,
      4.7,
      2.3,
      1.1,
      62.9,
      26.2,
      5.1,
      26.8,
      0.29,
      1.5,
      0.0,
      26.1,
      16.4,
      25.8,
      1.1,
      8.1,
      1.5,
      26.6,
      8.5,
      1.3,
      37.9,
      2.1,
      3.3,
      2.0,
      8.5,
      19.2,
      50.7,
      0.75,
      26.8,
      2.1,
      4.3,
      1.3,
      0.45,
      8.9,
      21.7,
      4.2,
      0.9,
      0.25,
      57.0,
      0.6,
      22.0
    ],
    [
      31.6,
      25.8,
      25.5,
      25.7,
      26.5,
      30.4,
      23.5,
      32.6,
      30.0,
      26.3,
      25.6,
      26.4,
      28.0,
      26.3,
      25.8,
      26.0,
      25.7,
      25.2,
      32.3,
      24.9,
      25.6,
      39.1,
      1.0,
      29.7,
      0.7,
      26.5,
      26.1,
      26.1,
      0.0,
      37.7,
      0.45,
      25.2,
      20.9,
      33.9,
      1.4,
      29.9,
      25.7,
      50.3,
      25.4,
      25.1,
      24.3,
      30.3,
      40.5,
      27.3,
      26.9,
      1.6,
      25.3,
      30.8,
      26.7,
      26.7,
      30.7,
      40.4,
      25.4,
      25.0,
      25.3,
      31.6,
      26.7,
      43.4
    ],
    [
      11.3,
      13.7,
      13.3,
      17.0,
      17.8,
      10.1,
      35.4,
      8.5,
      9.7,
      7.1,
      16.7,
      12.1,
      5.7,
      12.0,
      16.1,
      18.1,
      12.7,
      15.5,
      12.0,
      15.2,
      16.7,
      75.2,
      38.4,
      6.9,
      39.1,
      12.2,
      17.1,
      16.4,
      37.7,
      0.0,
      38.1,
      16.5,
      23.8,
      9.9,
      38.9,
      11.0,
      7.8,
      43.6,
      16.7,
      16.4,
      15.6,
      5.9,
      4.6,
      63.0,
      14.0,
      39.1,
      16.6,
      12.0,
      13.7,
      13.4,
      6.4,
      7.1,
      14.6,
      16.3,
      8.9,
      69.3,
      13.8,
      7.5
    ],
    [
      31.3,
      25.6,
      25.2,
      25.4,
      26.2,
      30.1,
      23.2,
      32.3,
      29.7,
      26.0,
      25.3,
      26.1,
      27.8,
      26.0,
      25.5,
      25.7,
      25.4,
      24.9,
      32.0,
      24.6,
      25.3,
      38.8,
      1.2,
      29.4,
      0.3,
      26.2,
      25.8,
      25.8,
      0.45,
      38.1,
      0.0,
      24.8,
      20.6,
      33.6,
      1.1,
      29.5,
      25.4,
      49.9,
      25.0,
      24.8,
      24.0,
      37.4,
      40.2,
      26.7,
      26.6,
      0.9,
      25.0,
      30.5,
      26.3,
      26.4,
      37.9,
      40.0,
      25.1,
      24.7,
      24.9,
      32.1,
      26.4,
      43.0
    ],
    [
      1.2,
      2.7,
      2.3,
      2.8,
      3.6,
      3.5,
      22.9,
      5.8,
      4.1,
      4.4,
      3.7,
      2.0,
      6.1,
      1.9,
      0.5,
      4.1,
      0.75,
      0.45,
      3.5,
      0.039,
      3.7,
      62.7,
      25.9,
      7.7,
      26.6,
      2.1,
      4.1,
      1.1,
      25.2,
      16.5,
      24.8,
      0.0,
      10.4,
      7.9,
      25.4,
      7.4,
      2.9,
      36.8,
      0.2,
      0.28,
      1.1,
      7.4,
      18.0,
      49.6,
      0.35,
      25.7,
      0.17,
      3.2,
      0.45,
      0.7,
      7.8,
      17.9,
      3.1,
      0.45,
      2.2,
      55.9,
      0.45,
      20.9
    ],
    [
      17.0,
      8.0,
      7.7,
      7.9,
      8.6,
      15.8,
      15.2,
      18.0,
      15.4,
      8.5,
      7.8,
      8.6,
      10.2,
      8.5,
      8.0,
      8.2,
      7.7,
      7.4,
      17.7,
      7.1,
      7.7,
      58.4,
      21.7,
      11.8,
      22.3,
      8.7,
      8.2,
      8.1,
      20.9,
      23.8,
      20.6,
      10.4,
      0.0,
      20.3,
      22.9,
      16.2,
      7.9,
      36.6,
      7.0,
      7.2,
      6.2,
      12.6,
      26.9,
      47.1,
      9.0,
      23.2,
      7.0,
      8.4,
      9.0,
      9.0,
      13.1,
      26.8,
      7.5,
      6.7,
      7.5,
      53.4,
      9.1,
      29.7
    ],
    [
      5.0,
      7.3,
      7.0,
      8.0,
      8.8,
      6.3,
      33.9,
      0.65,
      6.0,
      1.8,
      9.4,
      5.8,
      6.7,
      5.7,
      8.8,
      2.0,
      6.4,
      8.2,
      6.4,
      7.9,
      1.8,
      71.4,
      36.9,
      8.1,
      35.3,
      5.9,
      9.8,
      1.5,
      33.9,
      9.9,
      33.6,
      7.9,
      20.3,
      0.0,
      33.3,
      5.4,
      1.6,
      38.0,
      7.0,
      6.2,
      6.5,
      6.4,
      11.5,
      57.5,
      5.7,
      33.5,
      7.0,
      6.4,
      5.4,
      4.6,
      6.9,
      9.1,
      9.0,
      7.2,
      1.4,
      63.8,
      5.5,
      10.6
    ],
    [
      32.1,
      26.3,
      26.0,
      26.2,
      27.0,
      30.9,
      24.0,
      33.1,
      30.5,
      26.8,
      26.1,
      26.9,
      28.5,
      26.8,
      26.3,
      26.5,
      26.2,
      25.7,
      32.8,
      25.4,
      26.1,
      39.6,
      2.1,
      30.1,
      0.75,
      27.0,
      26.6,
      26.6,
      1.4,
      38.9,
      1.1,
      25.4,
      22.9,
      33.3,
      0.0,
      30.7,
      26.6,
      51.1,
      26.2,
      26.0,
      25.2,
      31.2,
      41.4,
      26.5,
      27.8,
      1.9,
      26.2,
      31.7,
      27.5,
      27.6,
      31.6,
      41.3,
      26.3,
      25.9,
      26.2,
      34.0,
      27.6,
      44.3
    ],
    [
      5.1,
      9.0,
      8.7,
      9.2,
      9.9,
      0.006,
      27.6,
      5.2,
      1.1,
      6.8,
      8.8,
      5.8,
      10.5,
      5.8,
      8.2,
      9.2,
      8.1,
      7.7,
      5.2,
      7.3,
      8.8,
      67.4,
      30.6,
      13.6,
      31.2,
      5.9,
      9.3,
      8.5,
      29.9,
      11.0,
      29.5,
      7.4,
      16.2,
      5.4,
      30.7,
      0.0,
      4.2,
      35.6,
      4.9,
      3.6,
      3.9,
      5.9,
      12.9,
      55.0,
      3.0,
      31.1,
      4.9,
      1.0,
      2.8,
      2.4,
      6.3,
      15.4,
      6.6,
      8.3,
      4.6,
      61.3,
      2.9,
      15.8
    ],
    [
      2.7,
      0.45,
      0.45,
      0.5,
      2.8,
      4.2,
      23.4,
      5.1,
      4.7,
      0.45,
      0.35,
      1.0,
      2.3,
      1.0,
      3.7,
      0.6,
      1.8,
      3.1,
      4.2,
      2.8,
      0.23,
      63.2,
      26.5,
      3.9,
      27.1,
      1.1,
      0.65,
      1.3,
      25.7,
      7.8,
      25.4,
      2.9,
      7.9,
      1.6,
      26.6,
      4.2,
      0.0,
      38.5,
      2.7,
      3.9,
      2.6,
      2.8,
      9.8,
      51.3,
      4.1,
      27.4,
      2.7,
      3.6,
      3.9,
      3.5,
      3.3,
      10.0,
      4.8,
      2.4,
      0.7,
      57.6,
      4.0,
      11.4
    ],
    [
      36.8,
      37.7,
      37.4,
      37.6,
      38.3,
      35.6,
      48.0,
      37.8,
      35.2,
      38.2,
      37.5,
      34.9,
      39.9,
      34.8,
      37.7,
      37.9,
      37.6,
      37.1,
      37.5,
      36.8,
      37.5,
      87.8,
      51.0,
      46.2,
      51.6,
      35.0,
      37.9,
      37.9,
      50.3,
      43.6,
      49.9,
      36.8,
      36.6,
      38.0,
      51.1,
      35.6,
      38.5,
      0.0,
      36.3,
      36.2,
      35.3,
      41.5,
      44.3,
      74.1,
      34.9,
      50.1,
      36.3,
      34.6,
      34.7,
      36.0,
      42.0,
      46.8,
      31.9,
      36.0,
      36.2,
      80.4,
      34.8,
      47.1
    ],
    [
      1.1,
      2.7,
      2.3,
      2.8,
      3.5,
      5.1,
      23.1,
      6.8,
      5.4,
      3.1,
      2.5,
      3.5,
      4.9,
      3.5,
      0.4,
      2.8,
      0.7,
      0.4,
      4.9,
      0.17,
      2.4,
      62.9,
      26.1,
      6.5,
      26.7,
      3.6,
      2.9,
      2.1,
      25.4,
      16.7,
      25.0,
      0.2,
      7.0,
      7.0,
      26.2,
      4.9,
      2.7,
      36.3,
      0.0,
      0.4,
      1.2,
      5.5,
      15.2,
      50.1,
      0.3,
      26.1,
      0.023,
      1.3,
      0.25,
      0.65,
      5.9,
      15.1,
      2.1,
      0.4,
      2.7,
      56.4,
      0.4,
      18.1
    ],
    [
      3.2,
      4.3,
      4.0,
      4.4,
      3.8,
      3.6,
      23.0,
      6.0,
      4.3,
      4.4,
      3.8,
      2.2,
      6.2,
      2.1,
      0.6,
      4.1,
      1.0,
      0.65,
      3.7,
      0.24,
      3.7,
      62.7,
      25.9,
      7.7,
      26.5,
      2.3,
      4.1,
      3.3,
      25.1,
      16.4,
      24.8,
      0.28,
      7.2,
      6.2,
      26.0,
      3.6,
      3.9,
      36.2,
      0.4,
      0.0,
      0.8,
      7.1,
      17.8,
      49.3,
      0.55,
      25.4,
      0.4,
      2.9,
      0.55,
      0.9,
      7.5,
      20.2,
      2.8,
      0.65,
      1.9,
      55.6,
      0.65,
      20.6
    ],
    [
      3.4,
      2.6,
      2.2,
      2.7,
      3.4,
      3.9,
      22.1,
      9.9,
      7.3,
      3.0,
      2.4,
      2.5,
      4.8,
      2.4,
      1.9,
      2.7,
      1.6,
      1.4,
      3.9,
      1.0,
      2.3,
      61.8,
      25.1,
      6.4,
      25.7,
      2.6,
      2.8,
      2.0,
      24.3,
      15.6,
      24.0,
      1.1,
      6.2,
      6.5,
      25.2,
      3.9,
      2.6,
      35.3,
      1.2,
      0.8,
      0.0,
      6.6,
      17.3,
      48.7,
      3.2,
      24.8,
      1.2,
      2.4,
      3.0,
      3.0,
      7.0,
      19.7,
      2.3,
      0.8,
      2.3,
      55.0,
      3.0,
      20.1
    ],
    [
      4.4,
      1.2,
      1.5,
      1.4,
      1.7,
      5.9,
      28.0,
      1.5,
      7.8,
      1.0,
      8.8,
      5.2,
      0.85,
      5.1,
      8.2,
      0.95,
      5.9,
      7.6,
      5.9,
      7.3,
      1.3,
      75.3,
      31.0,
      2.2,
      31.7,
      5.3,
      1.0,
      8.5,
      30.3,
      5.9,
      37.4,
      7.4,
      12.6,
      6.4,
      31.2,
      5.9,
      2.8,
      41.5,
      5.5,
      7.1,
      6.6,
      0.0,
      7.9,
      52.3,
      5.7,
      28.3,
      4.4,
      5.2,
      5.5,
      5.1,
      0.55,
      7.5,
      6.5,
      4.1,
      3.0,
      58.6,
      5.6,
      9.1
    ],
    [
      14.2,
      16.5,
      16.1,
      19.8,
      20.6,
      12.9,
      38.2,
      11.3,
      12.6,
      9.5,
      19.5,
      14.9,
      9.0,
      14.8,
      18.9,
      20.9,
      15.6,
      18.3,
      14.8,
      18.0,
      19.5,
      78.0,
      41.3,
      10.1,
      41.9,
      15.0,
      19.9,
      19.2,
      40.5,
      4.6,
      40.2,
      18.0,
      26.9,
      11.5,
      41.4,
      12.9,
      9.8,
      44.3,
      15.2,
      17.8,
      17.3,
      7.9,
      0.0,
      65.7,
      18.3,
      41.8,
      19.3,
      14.7,
      16.4,
      16.0,
      8.5,
      2.5,
      17.3,
      19.0,
      11.0,
      72.0,
      16.5,
      2.9
    ],
    [
      56.2,
      50.5,
      50.1,
      50.4,
      51.1,
      55.0,
      48.1,
      57.3,
      54.7,
      51.0,
      50.3,
      51.0,
      52.7,
      51.0,
      50.4,
      50.7,
      50.3,
      49.9,
      56.9,
      49.6,
      50.2,
      31.9,
      28.1,
      54.3,
      27.0,
      51.1,
      50.7,
      50.7,
      27.3,
      63.0,
      26.7,
      49.6,
      47.1,
      57.5,
      26.5,
      55.0,
      51.3,
      74.1,
      50.1,
      49.3,
      48.7,
      52.3,
      65.7,
      0.0,
      51.8,
      27.2,
      50.2,
      55.7,
      51.6,
      51.6,
      55.6,
      65.3,
      50.3,
      49.9,
      50.2,
      56.2,
      51.6,
      68.3
    ],
    [
      1.0,
      4.4,
      4.1,
      4.5,
      4.7,
      3.2,
      24.6,
      5.5,
      3.8,
      4.2,
      5.4,
      1.7,
      6.6,
      1.6,
      0.7,
      5.8,
      0.45,
      0.12,
      3.2,
      0.3,
      5.4,
      64.4,
      27.6,
      8.0,
      28.3,
      0.75,
      5.9,
      0.75,
      26.9,
      14.0,
      26.6,
      0.35,
      9.0,
      5.7,
      27.8,
      3.0,
      4.1,
      34.9,
      0.3,
      0.55,
      3.2,
      5.7,
      18.3,
      51.8,
      0.0,
      25.9,
      0.27,
      3.4,
      0.55,
      0.45,
      8.0,
      20.7,
      3.3,
      0.55,
      2.4,
      56.1,
      0.18,
      21.1
    ],
    [
      32.3,
      26.5,
      26.2,
      26.4,
      27.2,
      31.1,
      24.2,
      33.3,
      30.7,
      27.0,
      26.3,
      27.1,
      28.8,
      27.0,
      26.5,
      26.7,
      26.4,
      25.9,
      33.0,
      25.6,
      26.3,
      39.8,
      2.4,
      30.4,
      1.1,
      27.2,
      26.8,
      26.8,
      1.6,
      39.1,
      0.9,
      25.7,
      23.2,
      33.5,
      1.9,
      31.1,
      27.4,
      50.1,
      26.1,
      25.4,
      24.8,
      28.3,
      41.8,
      27.2,
      25.9,
      0.0,
      26.4,
      31.9,
      27.8,
      27.8,
      31.8,
      41.5,
      26.5,
      26.1,
      26.4,
      34.2,
      27.8,
      44.5
    ],
    [
      1.1,
      2.6,
      2.3,
      2.8,
      3.5,
      8.6,
      23.1,
      6.8,
      5.4,
      3.1,
      2.4,
      3.5,
      4.8,
      3.4,
      0.4,
      2.8,
      0.65,
      0.4,
      4.9,
      0.15,
      2.4,
      62.8,
      26.1,
      6.4,
      26.7,
      3.6,
      2.9,
      2.1,
      25.3,
      16.6,
      25.0,
      0.17,
      7.0,
      7.0,
      26.2,
      4.9,
      2.7,
      36.3,
      0.023,
      0.4,
      1.2,
      4.4,
      19.3,
      50.2,
      0.27,
      26.4,
      0.0,
      1.3,
      0.28,
      0.65,
      6.0,
      15.1,
      2.1,
      0.4,
      2.7,
      56.4,
      0.4,
      18.1
    ],
    [
      0.9,
      3.3,
      2.9,
      3.9,
      4.7,
      1.1,
      28.6,
      6.2,
      1.6,
      3.7,
      4.6,
      1.7,
      6.0,
      1.6,
      1.1,
      5.0,
      2.3,
      3.4,
      1.0,
      3.1,
      4.6,
      68.3,
      31.6,
      7.4,
      32.2,
      1.8,
      5.1,
      4.3,
      30.8,
      12.0,
      30.5,
      3.2,
      8.4,
      6.4,
      31.7,
      1.0,
      3.6,
      34.6,
      1.3,
      2.9,
      2.4,
      5.2,
      14.7,
      55.7,
      3.4,
      31.9,
      1.3,
      0.0,
      2.0,
      1.6,
      5.5,
      16.5,
      3.3,
      3.7,
      4.7,
      62.4,
      2.0,
      16.9
    ],
    [
      1.1,
      3.0,
      2.7,
      3.7,
      4.5,
      3.0,
      24.4,
      5.2,
      3.5,
      4.0,
      5.2,
      1.5,
      6.4,
      1.4,
      0.27,
      5.6,
      0.95,
      0.65,
      3.0,
      0.4,
      5.1,
      64.2,
      27.4,
      7.7,
      28.0,
      1.6,
      5.6,
      1.3,
      26.7,
      13.7,
      26.3,
      0.45,
      9.0,
      5.4,
      27.5,
      2.8,
      3.9,
      34.7,
      0.25,
      0.55,
      3.0,
      5.5,
      16.4,
      51.6,
      0.55,
      27.8,
      0.28,
      2.0,
      0.0,
      0.9,
      8.0,
      18.1,
      3.2,
      0.65,
      3.0,
      56.1,
      0.65,
      21.1
    ],
    [
      0.9,
      2.7,
      2.3,
      3.3,
      4.6,
      2.4,
      24.4,
      4.4,
      3.0,
      3.6,
      5.2,
      0.4,
      6.0,
      0.4,
      1.0,
      5.6,
      0.062,
      0.4,
      2.4,
      0.65,
      5.2,
      64.2,
      27.5,
      7.3,
      28.1,
      0.5,
      5.7,
      0.45,
      26.7,
      13.4,
      26.4,
      0.7,
      9.0,
      4.6,
      27.6,
      2.4,
      3.5,
      36.0,
      0.65,
      0.9,
      3.0,
      5.1,
      16.0,
      51.6,
      0.45,
      27.8,
      0.65,
      1.6,
      0.9,
      0.0,
      8.3,
      18.4,
      3.6,
      0.9,
      0.8,
      56.4,
      0.23,
      21.4
    ],
    [
      4.9,
      1.5,
      6.9,
      1.7,
      1.7,
      6.3,
      28.5,
      6.7,
      8.3,
      3.0,
      1.5,
      5.7,
      1.4,
      5.6,
      8.6,
      1.2,
      6.3,
      8.1,
      6.3,
      7.8,
      1.6,
      75.7,
      31.5,
      1.0,
      32.1,
      5.8,
      1.3,
      8.9,
      30.7,
      6.4,
      37.9,
      7.8,
      13.1,
      6.9,
      31.6,
      6.3,
      3.3,
      42.0,
      5.9,
      7.5,
      7.0,
      0.55,
      8.5,
      55.6,
      8.0,
      31.8,
      6.0,
      5.5,
      8.0,
      8.3,
      0.0,
      6.9,
      15.3,
      7.3,
      6.2,
      70.0,
      7.6,
      8.3
    ],
    [
      11.6,
      13.4,
      13.1,
      22.3,
      23.1,
      15.4,
      40.7,
      10.1,
      15.0,
      9.7,
      19.4,
      14.8,
      7.7,
      14.7,
      18.8,
      22.4,
      15.4,
      20.8,
      17.3,
      17.9,
      19.3,
      77.9,
      43.7,
      8.8,
      41.8,
      17.5,
      22.4,
      21.7,
      40.4,
      7.1,
      40.0,
      17.9,
      26.8,
      9.1,
      41.3,
      15.4,
      10.0,
      46.8,
      15.1,
      20.2,
      19.7,
      7.5,
      2.5,
      65.3,
      20.7,
      41.5,
      15.1,
      16.5,
      18.1,
      18.4,
      6.9,
      0.0,
      16.0,
      12.5,
      11.3,
      70.7,
      12.8,
      1.5
    ],
    [
      3.8,
      4.7,
      4.4,
      4.9,
      5.6,
      6.6,
      23.1,
      8.8,
      4.4,
      5.2,
      4.5,
      2.9,
      8.0,
      2.8,
      1.0,
      4.9,
      3.8,
      3.3,
      4.4,
      3.0,
      4.5,
      62.9,
      26.2,
      8.5,
      26.8,
      3.0,
      5.0,
      4.2,
      25.4,
      14.6,
      25.1,
      3.1,
      7.5,
      9.0,
      26.3,
      6.6,
      4.8,
      31.9,
      2.1,
      2.8,
      2.3,
      6.5,
      17.3,
      50.3,
      3.3,
      26.5,
      2.1,
      3.3,
      3.2,
      3.6,
      15.3,
      16.0,
      0.0,
      2.5,
      3.6,
      56.7,
      2.3,
      18.4
    ],
    [
      4.1,
      2.3,
      2.0,
      2.4,
      3.2,
      4.7,
      22.7,
      10.6,
      7.9,
      2.8,
      2.1,
      0.85,
      4.5,
      0.9,
      0.8,
      2.5,
      0.65,
      0.4,
      4.7,
      0.4,
      2.1,
      62.5,
      25.8,
      6.1,
      26.4,
      0.9,
      2.5,
      0.9,
      25.0,
      16.3,
      24.7,
      0.45,
      6.7,
      7.2,
      25.9,
      8.3,
      2.4,
      36.0,
      0.4,
      0.65,
      0.8,
      4.1,
      19.0,
      49.9,
      0.55,
      26.1,
      0.4,
      3.7,
      0.65,
      0.9,
      7.3,
      12.5,
      2.5,
      0.0,
      1.3,
      57.3,
      0.65,
      22.3
    ],
    [
      2.5,
      1.2,
      0.95,
      1.9,
      2.6,
      4.6,
      23.0,
      5.6,
      9.0,
      1.7,
      1.0,
      0.28,
      3.4,
      0.3,
      3.1,
      1.4,
      0.65,
      2.5,
      4.6,
      2.2,
      0.9,
      62.8,
      26.0,
      5.0,
      26.7,
      0.55,
      1.4,
      0.25,
      25.3,
      8.9,
      24.9,
      2.2,
      7.5,
      1.4,
      26.2,
      4.6,
      0.7,
      36.2,
      2.7,
      1.9,
      2.3,
      3.0,
      11.0,
      50.2,
      2.4,
      26.4,
      2.7,
      4.7,
      3.0,
      0.8,
      6.2,
      11.3,
      3.6,
      1.3,
      0.0,
      56.9,
      0.9,
      21.9
    ],
    [
      62.5,
      56.8,
      56.4,
      56.7,
      57.4,
      61.3,
      54.4,
      63.6,
      60.9,
      57.3,
      56.6,
      57.3,
      59.0,
      57.2,
      56.7,
      57.0,
      56.6,
      56.2,
      63.2,
      55.9,
      56.5,
      6.8,
      31.2,
      60.6,
      34.5,
      57.4,
      57.0,
      57.0,
      31.6,
      69.3,
      32.1,
      55.9,
      53.4,
      63.8,
      34.0,
      61.3,
      57.6,
      80.4,
      56.4,
      55.6,
      55.0,
      58.6,
      72.0,
      56.2,
      56.1,
      34.2,
      56.4,
      62.4,
      56.1,
      56.4,
      70.0,
      70.7,
      56.7,
      57.3,
      56.9,
      0.0,
      58.3,
      74.9
    ],
    [
      0.8,
      2.8,
      2.5,
      3.5,
      4.6,
      3.1,
      24.5,
      5.3,
      3.6,
      4.1,
      5.3,
      0.55,
      6.4,
      0.6,
      0.8,
      5.6,
      0.29,
      0.28,
      3.1,
      0.4,
      5.2,
      64.2,
      27.5,
      7.8,
      28.1,
      0.65,
      5.7,
      0.6,
      26.7,
      13.8,
      26.4,
      0.45,
      9.1,
      5.5,
      27.6,
      2.9,
      4.0,
      34.8,
      0.4,
      0.65,
      3.0,
      5.6,
      16.5,
      51.6,
      0.18,
      27.8,
      0.4,
      2.0,
      0.65,
      0.23,
      7.6,
      12.8,
      2.3,
      0.65,
      0.9,
      58.3,
      0.0,
      21.3
    ],
    [
      17.0,
      19.4,
      19.0,
      22.7,
      23.5,
      15.8,
      41.1,
      11.5,
      15.4,
      11.3,
      22.4,
      17.8,
      9.1,
      17.7,
      21.8,
      22.8,
      18.4,
      21.2,
      17.7,
      20.9,
      22.3,
      80.9,
      44.1,
      10.3,
      44.8,
      17.9,
      22.8,
      22.0,
      43.4,
      7.5,
      43.0,
      20.9,
      29.7,
      10.6,
      44.3,
      15.8,
      11.4,
      47.1,
      18.1,
      20.6,
      20.1,
      9.1,
      2.9,
      68.3,
      21.1,
      44.5,
      18.1,
      16.9,
      21.1,
      21.4,
      8.3,
      1.5,
      18.4,
      22.3,
      21.9,
      74.9,
      21.3,
      0.0
    ]
  ],
  "drive_time_matrix": [
    [
      0.0,
      10.0,
      10.0,
      10.0,
      17.0,
      12.0,
      45.0,
      18.0,
      7.0,
      11.0,
      9.0,
      10.0,
      17.0,
      10.0,
      10.0,
      11.0,
      10.0,
      14.0,
      7.0,
      10.0,
      10.0,
      88.0,
      33.0,
      16.0,
      30.0,
      11.0,
      14.0,
      11.0,
      31.0,
      18.0,
      31.0,
      15.0,
      25.0,
      16.0,
      33.0,
      12.0,
      11.0,
      41.0,
      13.0,
      12.0,
      12.0,
      12.0,
      23.0,
      71.0,
      13.0,
      34.0,
      13.0,
      3.0,
