{
  "drive_dist_matrix": [
    [
      0.0,
      18.829278,
      14.001257999999998,
      15.771532,
      14.323126,
      13.67939,
      14.644993999999999,
      14.323126,
      12.713786,
      14.644993999999999,
      12.230984,
      23.818232000000002,
      13.196587999999998,
      12.230984,
      8.85137,
      12.552852,
      30.57746,
      10.138842,
      11.104446000000001,
      17.541806,
      13.67939,
      14.644993999999999,
      10.782578,
      13.196587999999998,
      12.230984,
      14.644993999999999,
      16.89807,
      11.909116000000001,
      0.16093400000000002,
      11.748182,
      13.518456,
      40.072565999999995,
      19.473014,
      13.196587999999998,
      12.552852,
      9.334171999999999,
      20.599552000000003,
      14.805927999999998,
      14.323126,
      17.863674,
      10.943512,
      14.805927999999998,
      41.03817,
      13.035654,
      22.691694,
      12.07005,
      23.657297999999997,
      6.276426,
      12.552852,
      15.610598,
      14.48406,
      6.598293999999999,
      12.230984,
      0.48280199999999995,
      23.496364,
      12.391918,
      4.82802
    ],
    [
      18.829278,
      0.0,
      8.207633999999999,
      7.885766,
      6.276426,
      8.0467,
      6.759228,
      8.0467,
      8.529501999999999,
      6.759228,
      9.173238,
      15.932466,
      6.9201619999999995,
      15.127796,
      20.438617999999998,
      8.368568,
      22.691694,
      9.977908000000001,
      8.85137,
      15.771532,
      6.9201619999999995,
      6.759228,
      9.977908000000001,
      6.759228,
      9.173238,
      7.885766,
      6.598293999999999,
      14.644993999999999,
      16.576202000000002,
      6.759228,
      10.621644,
      20.92142,
      11.426314,
      7.885766,
      7.24203,
      9.977908000000001,
      19.955816000000002,
      8.207633999999999,
      9.977908000000001,
      4.667085999999999,
      9.65604,
      8.207633999999999,
      33.152404000000004,
      6.9201619999999995,
      24.301033999999998,
      13.196587999999998,
      26.715044000000002,
      16.89807,
      18.829278,
      7.724831999999999,
      6.598293999999999,
      22.047957999999998,
      7.885766,
      16.254334,
      6.9201619999999995,
      13.196587999999998,
      22.53076
    ],
    [
      14.001257999999998,
      8.207633999999999,
      0.0,
      1.60934,
      3.5405480000000003,
      0.16093400000000002,
      1.7702740000000001,
      0.80467,
      0.32186800000000004,
      1.60934,
      1.1265379999999998,
      8.368568,
      1.60934,
      7.563898,
      12.713786,
      0.32186800000000004,
      17.059003999999998,
      5.149888000000001,
      4.345218,
      18.668343999999998,
      1.7702740000000001,
      1.60934,
      4.9889540000000006,
      1.7702740000000001,
      0.80467,
      0.80467,
      5.471756,
      7.0810960000000005,
      12.713786,
      2.896812,
      2.735878,
      29.289987999999997,
      5.9545580000000005,
      1.448406,
      1.2874720000000002,
      4.9889540000000006,
      14.48406,
      0.9656039999999999,
      2.2530759999999996,
      4.667085999999999,
      4.667085999999999,
      0.80467,
      30.255592,
      1.60934,
      19.151146,
      5.149888000000001,
      20.277684,
      10.299776000000001,
      11.26538,
      1.448406,
      1.9312079999999998,
      14.48406,
      1.1265379999999998,
      12.391918,
      14.001257999999998,
      6.598293999999999,
      17.380872
    ],
    [
      15.771532,
      7.885766,
      1.60934,
      0.0,
      0.80467,
      1.448406,
      0.16093400000000002,
      1.2874720000000002,
      1.60934,
      0.16093400000000002,
      1.60934,
      9.977908000000001,
      0.9656039999999999,
      8.529501999999999,
      13.840323999999999,
      1.60934,
      16.89807,
      7.24203,
      7.0810960000000005,
      19.473014,
      0.32186800000000004,
      0.16093400000000002,
      6.115492,
      0.318,
      1.60934,
      0.6437360000000001,
      3.7014819999999995,
      8.0467,
      13.67939,
      4.184284,
      4.667085999999999,
      27.519714,
      5.149888000000001,
      0.32186800000000004,
      0.6437360000000001,
      7.0810960000000005,
      14.162192000000001,
      1.448406,
      4.184284,
      3.057746,
      6.759228,
      1.448406,
      28.646252,
      0.459,
      18.50741,
      7.402963999999999,
      20.92142,
      14.001257999999998,
      12.391918,
      0.013,
      0.48280199999999995,
      15.449663999999999,
      1.60934,
      13.357522000000001,
      12.230984,
      7.24203,
      18.346476
    ],
    [
      14.323126,
      6.276426,
      3.5405480000000003,
      0.80467,
      0.0,
      3.057746,
      0.6437360000000001,
      2.5749440000000003,
      3.8624159999999996,
      0.6437360000000001,
      2.41401,
      10.782578,
      1.2874720000000002,
      10.138842,
      15.449663999999999,
      3.8624159999999996,
      17.541806,
      6.9201619999999995,
      6.43736,
      19.151146,
      0.48280199999999995,
      0.6437360000000001,
      6.9201619999999995,
      0.80467,
      2.41401,
      2.896812,
      3.379614,
      9.816974,
      13.518456,
      3.5405480000000003,
      5.471756,
      25.427572,
      5.471756,
      1.1265379999999998,
      1.1265379999999998,
      6.9201619999999995,
      14.805927999999998,
      3.057746,
      4.82802,
      3.5405480000000003,
      6.598293999999999,
      3.057746,
      28.324384000000002,
      0.80467,
      19.151146,
      8.0467,
      21.565156,
      13.840323999999999,
      14.001257999999998,
      0.80467,
      0.48280199999999995,
      17.059003999999998,
      2.2530759999999996,
      13.196587999999998,
      11.909116000000001,
      8.0467,
      19.955816000000002
    ],
    [
      13.67939,
      8.0467,
      0.16093400000000002,
      1.448406,
      3.057746,
      0.0,
      3.057746,
      0.80467,
      0.16093400000000002,
      3.21868,
      2.735878,
      10.138842,
      1.7702740000000001,
      7.0810960000000005,
      12.391918,
      0.32186800000000004,
      16.89807,
      5.63269,
      4.9889540000000006,
      18.185542,
      3.7014819999999995,
      3.21868,
      6.9201619999999995,
      1.448406,
      0.9656039999999999,
      0.9656039999999999,
      5.310822,
      6.759228,
      12.230984,
      4.9889540000000006,
      3.21868,
      29.129054000000004,
      5.793624,
      1.2874720000000002,
      1.2874720000000002,
      5.63269,
      14.323126,
      0.9656039999999999,
      2.2530759999999996,
      4.345218,
      5.310822,
      1.1265379999999998,
      30.094658,
      3.5405480000000003,
      18.668343999999998,
      5.310822,
      21.082354,
      12.87472,
      10.943512,
      1.448406,
      3.5405480000000003,
      14.001257999999998,
      1.9312079999999998,
      11.909116000000001,
      13.840323999999999,
      5.471756,
      16.89807
    ],
    [
      14.644993999999999,
      6.759228,
      1.7702740000000001,
      0.16093400000000002,
      0.6437360000000001,
      3.057746,
      0.0,
      1.2874720000000002,
      1.7702740000000001,
      0.16093400000000002,
      1.448406,
      9.977908000000001,
      0.9656039999999999,
      9.65604,
      14.966862,
      1.7702740000000001,
      16.737136,
      6.115492,
      7.0810960000000005,
      18.346476,
      0.16093400000000002,
      0.354,
      5.9545580000000005,
      0.16093400000000002,
      1.448406,
      0.80467,
      3.7014819999999995,
      10.138842,
      12.391918,
      4.02335,
      4.667085999999999,
      27.519714,
      4.9889540000000006,
      0.48280199999999995,
      0.6437360000000001,
      5.9545580000000005,
      14.162192000000001,
      1.60934,
      4.184284,
      2.735878,
      5.63269,
      1.60934,
      28.485318,
      0.16093400000000002,
      18.50741,
      7.402963999999999,
      20.92142,
      12.713786,
      13.518456,
      0.16093400000000002,
      0.32186800000000004,
      16.576202000000002,
      1.2874720000000002,
      13.357522000000001,
      12.230984,
      7.24203,
      19.473014
    ],
    [
      14.323126,
      8.0467,
      0.80467,
      1.2874720000000002,
      2.5749440000000003,
      0.80467,
      1.2874720000000002,
      0.0,
      0.9656039999999999,
      1.448406,
      1.7702740000000001,
      9.816974,
      1.448406,
      7.885766,
      13.196587999999998,
      0.9656039999999999,
      16.737136,
      6.598293999999999,
      5.9545580000000005,
      18.50741,
      1.60934,
      1.448406,
      6.598293999999999,
      1.2874720000000002,
      1.60934,
      0.48280199999999995,
      5.63269,
      10.138842,
      12.87472,
      3.8624159999999996,
      4.667085999999999,
      29.450922000000002,
      6.115492,
      0.80467,
      1.1265379999999998,
      6.598293999999999,
      14.001257999999998,
      0.9656039999999999,
      4.02335,
      4.667085999999999,
      5.310822,
      1.1265379999999998,
      30.416525999999998,
      1.2874720000000002,
      18.346476,
      7.24203,
      20.760486,
      13.67939,
      11.748182,
      0.9656039999999999,
      1.7702740000000001,
      14.805927999999998,
      1.7702740000000001,
      12.552852,
      14.162192000000001,
      7.24203,
      17.70274
    ],
    [
      12.713786,
      8.529501999999999,
      0.32186800000000004,
      1.60934,
      3.8624159999999996,
      0.16093400000000002,
      1.7702740000000001,
      0.9656039999999999,
      0.0,
      1.9312079999999998,
      1.1265379999999998,
      9.012303999999999,
      1.9312079999999998,
      7.24203,
      12.391918,
      0.262,
      17.219938,
      5.471756,
      4.667085999999999,
      17.863674,
      2.092142,
      3.5405480000000003,
      5.310822,
      1.7702740000000001,
      0.9656039999999999,
      1.1265379999999998,
      5.63269,
      6.759228,
      12.391918,
      5.149888000000001,
      2.5749440000000003,
      29.289987999999997,
      5.9545580000000005,
      1.60934,
      1.60934,
      5.310822,
      14.644993999999999,
      1.448406,
      1.9312079999999998,
      4.667085999999999,
      4.9889540000000006,
      0.80467,
      30.416525999999998,
      1.9312079999999998,
      18.829278,
      6.115492,
      19.955816000000002,
      10.138842,
      10.943512,
      1.60934,
      2.2530759999999996,
      14.162192000000001,
      1.60934,
      12.07005,
      14.162192000000001,
      6.276426,
      17.059003999999998
    ],
    [
      14.644993999999999,
      6.759228,
      1.60934,
      0.16093400000000002,
      0.6437360000000001,
      3.21868,
      0.16093400000000002,
      1.448406,
      1.9312079999999998,
      0.0,
      1.1265379999999998,
      9.977908000000001,
      0.6437360000000001,
      9.816974,
      15.127796,
      1.7702740000000001,
      16.89807,
      5.793624,
      5.310822,
      18.024607999999997,
      0.446,
      0.331,
      5.793624,
      0.32186800000000004,
      1.2874720000000002,
      0.6437360000000001,
      3.7014819999999995,
      10.299776000000001,
      11.587248,
      3.057746,
      4.82802,
      27.519714,
      5.149888000000001,
      0.32186800000000004,
      0.48280199999999995,
      4.9889540000000006,
      14.162192000000001,
      1.9312079999999998,
      4.184284,
      2.896812,
      4.82802,
      1.9312079999999998,
      28.646252,
      0.486,
      19.955816000000002,
      7.402963999999999,
      20.92142,
      12.07005,
      13.67939,
      0.32186800000000004,
      0.32186800000000004,
      16.737136,
      1.1265379999999998,
      11.26538,
      12.230984,
      7.402963999999999,
      19.633948
    ],
    [
      12.230984,
      9.173238,
      1.1265379999999998,
      1.60934,
      2.41401,
      2.735878,
      1.448406,
      1.7702740000000001,
      1.1265379999999998,
      1.1265379999999998,
      0.0,
      10.138842,
      0.80467,
      8.529501999999999,
      13.840323999999999,
      0.9656039999999999,
      17.541806,
      4.667085999999999,
      4.82802,
      17.059003999999998,
      1.1265379999999998,
      0.9656039999999999,
      4.667085999999999,
      0.9656039999999999,
      0.32186800000000004,
      0.80467,
      4.506151999999999,
      8.0467,
      11.104446000000001,
      2.092142,
      3.5405480000000003,
      28.324384000000002,
      6.759228,
      0.9656039999999999,
      0.48280199999999995,
      4.667085999999999,
      14.966862,
      1.7702740000000001,
      3.057746,
      5.149888000000001,
      4.345218,
      1.7702740000000001,
      29.289987999999997,
      0.80467,
      19.955816000000002,
      7.563898,
      20.92142,
      11.587248,
      12.391918,
      0.9656039999999999,
      1.2874720000000002,
      15.449663999999999,
      0.48280199999999995,
      10.943512,
      12.87472,
      7.402963999999999,
      18.346476
    ],
    [
      23.818232000000002,
      15.932466,
      8.368568,
      9.977908000000001,
      10.782578,
      10.138842,
      9.977908000000001,
      9.816974,
      9.012303999999999,
      9.977908000000001,
      10.138842,
      0.0,
      9.173238,
      6.115492,
      15.771532,
      8.368568,
      9.977908000000001,
      12.391918,
      10.782578,
      24.783836,
      9.495106,
      11.909116000000001,
      12.391918,
      8.690436,
      9.816974,
      8.529501999999999,
      16.415267999999998,
      6.276426,
      19.151146,
      11.587248,
      5.9545580000000005,
      34.761744,
      9.173238,
      8.690436,
      8.85137,
      12.391918,
      4.184284,
      8.529501999999999,
      7.563898,
      11.909116000000001,
      12.07005,
      8.207633999999999,
      35.244546,
      9.012303999999999,
      14.323126,
      5.471756,
      16.737136,
      12.230984,
      9.012303999999999,
      9.495106,
      9.495106,
      13.840323999999999,
      9.012303999999999,
      20.760486,
      17.059003999999998,
      5.310822,
      16.737136
    ],
    [
      13.196587999999998,
      6.9201619999999995,
      1.60934,
      0.9656039999999999,
      1.2874720000000002,
      1.7702740000000001,
      0.9656039999999999,
      1.448406,
      1.9312079999999998,
      0.6437360000000001,
      0.80467,
      9.173238,
      0.0,
      10.782578,
      13.67939,
      2.2530759999999996,
      19.151146,
      4.9889540000000006,
      4.667085999999999,
      17.219938,
      0.6437360000000001,
      0.80467,
      4.9889540000000006,
      0.9656039999999999,
      0.9656039999999999,
      1.2874720000000002,
      5.9545580000000005,
      10.299776000000001,
      11.426314,
      2.2530759999999996,
      7.0810960000000005,
      25.427572,
      7.885766,
      0.9656039999999999,
      0.48280199999999995,
      4.9889540000000006,
      16.415267999999998,
      2.092142,
      6.43736,
      6.43736,
      4.667085999999999,
      2.092142,
      29.611855999999996,
      0.80467,
      20.760486,
      9.65604,
      23.174496,
      11.909116000000001,
      14.48406,
      0.9656039999999999,
      0.48280199999999995,
      17.541806,
      0.9656039999999999,
      11.26538,
      11.909116000000001,
      9.65604,
      17.380872
    ],
    [
      12.230984,
      15.127796,
      7.563898,
      8.529501999999999,
      10.138842,
      7.0810960000000005,
      9.65604,
      7.885766,
      7.24203,
      9.816974,
      8.529501999999999,
      6.115492,
      10.782578,
      0.0,
      7.724831999999999,
      6.9201619999999995,
      23.657297999999997,
      10.621644,
      9.977908000000001,
      23.174496,
      8.690436,
      9.977908000000001,
      10.621644,
      8.368568,
      7.724831999999999,
      7.724831999999999,
      12.07005,
      0.9656039999999999,
      11.909116000000001,
      9.977908000000001,
      6.43736,
      35.727348,
      12.391918,
      8.0467,
      7.885766,
      10.621644,
      12.552852,
      7.885766,
      8.207633999999999,
      11.104446000000001,
      10.299776000000001,
      7.885766,
      36.853885999999996,
      8.368568,
      16.737136,
      4.184284,
      17.70274,
      6.759228,
      4.667085999999999,
      8.207633999999999,
      8.690436,
      6.43736,
      7.724831999999999,
      10.46071,
      20.599552000000003,
      4.506151999999999,
      9.334171999999999
    ],
    [
      8.85137,
      20.438617999999998,
      12.713786,
      13.840323999999999,
      15.449663999999999,
      12.391918,
      14.966862,
      13.196587999999998,
      12.391918,
      15.127796,
      13.840323999999999,
      15.771532,
      13.67939,
      7.724831999999999,
      0.0,
      12.552852,
      29.129054000000004,
      10.621644,
      10.138842,
      19.633948,
      14.162192000000001,
      15.610598,
      11.26538,
      14.162192000000001,
      13.357522000000001,
      13.357522000000001,
      17.70274,
      7.24203,
      7.724831999999999,
      12.230984,
      12.07005,
      41.520972,
      18.185542,
      13.67939,
      11.748182,
      9.816974,
      16.0934,
      13.518456,
      13.840323999999999,
      16.737136,
      11.426314,
      13.518456,
      41.520972,
      14.001257999999998,
      20.11675,
      9.816974,
      21.243288,
      1.9312079999999998,
      8.207633999999999,
      13.840323999999999,
      12.87472,
      3.7014819999999995,
      13.357522000000001,
      6.115492,
      23.979166,
      10.138842,
      4.9889540000000006
    ],
    [
      12.552852,
      8.368568,
      0.32186800000000004,
      1.60934,
      3.8624159999999996,
      0.32186800000000004,
      1.7702740000000001,
      0.9656039999999999,
      0.262,
      1.7702740000000001,
      0.9656039999999999,
      8.368568,
      2.2530759999999996,
      6.9201619999999995,
      12.552852,
      0.0,
      17.380872,
      5.793624,
      5.149888000000001,
      18.346476,
      1.60934,
      1.60934,
      5.793624,
      1.7702740000000001,
      0.80467,
      0.9656039999999999,
      5.63269,
      6.759228,
      12.391918,
      5.149888000000001,
      2.5749440000000003,
      29.450922000000002,
      6.115492,
      1.60934,
      1.2874720000000002,
      5.793624,
      14.644993999999999,
      1.448406,
      2.092142,
      4.82802,
      4.82802,
      0.9656039999999999,
      30.416525999999998,
      1.60934,
      17.70274,
      4.9889540000000006,
      20.11675,
      9.816974,
      11.104446000000001,
      1.448406,
      1.9312079999999998,
      14.162192000000001,
      1.1265379999999998,
      12.07005,
      14.162192000000001,
      6.598293999999999,
      17.059003999999998
    ],
    [
      30.57746,
      22.691694,
      17.059003999999998,
      16.89807,
      17.541806,
      16.89807,
      16.737136,
      16.737136,
      17.219938,
      16.89807,
      17.541806,
      9.977908000000001,
      19.151146,
      23.657297999999997,
      29.129054000000004,
      17.380872,
      0.0,
      30.57746,
      29.933724,
      35.566414,
      17.863674,
      17.380872,
      30.57746,
      17.541806,
      18.829278,
      17.219938,
      19.633948,
      21.565156,
      32.1868,
      20.11675,
      15.932466,
      30.416525999999998,
      14.805927999999998,
      17.863674,
      17.70274,
      30.57746,
      7.0810960000000005,
      15.610598,
      15.28873,
      18.50741,
      30.255592,
      15.932466,
      30.899327999999997,
      17.863674,
      11.909116000000001,
      18.024607999999997,
      15.449663999999999,
      29.933724,
      13.196587999999998,
      17.541806,
      17.863674,
      27.680647999999998,
      18.668343999999998,
      36.853885999999996,
      25.105704,
      18.024607999999997,
      29.77279
    ],
    [
      10.138842,
      9.977908000000001,
      5.149888000000001,
      7.24203,
      6.9201619999999995,
      5.63269,
      6.115492,
      6.598293999999999,
      5.471756,
      5.793624,
      4.667085999999999,
      12.391918,
      4.9889540000000006,
      10.621644,
      10.621644,
      5.793624,
      30.57746,
      0.0,
      0.6437360000000001,
      10.782578,
      5.793624,
      6.9201619999999995,
      0.16093400000000002,
      7.0810960000000005,
      4.506151999999999,
      6.9201619999999995,
      9.173238,
      10.621644,
      8.368568,
      3.8624159999999996,
      7.0810960000000005,
      32.1868,
      11.587248,
      6.115492,
      4.82802,
      0.32186800000000004,
      20.11675,
      7.0810960000000005,
      7.724831999999999,
      10.138842,
      0.32186800000000004,
      7.0810960000000005,
      33.313338,
      6.115492,
      24.461968,
      9.173238,
      26.875978,
      8.85137,
      14.805927999999998,
      7.885766,
      6.598293999999999,
      13.67939,
      4.345218,
      8.207633999999999,
      15.610598,
      9.173238,
      12.07005
    ],
    [
      11.104446000000001,
      8.85137,
      4.345218,
      7.0810960000000005,
      6.43736,
      4.9889540000000006,
      7.0810960000000005,
      5.9545580000000005,
      4.667085999999999,
      5.310822,
      4.82802,
      10.782578,
      4.667085999999999,
      9.977908000000001,
      10.138842,
      5.149888000000001,
      29.933724,
      0.6437360000000001,
      0.0,
      17.059003999999998,
      4.9889540000000006,
      6.115492,
      0.48280199999999995,
      6.115492,
      3.5405480000000003,
      5.9545580000000005,
      8.207633999999999,
      9.816974,
      8.529501999999999,
      3.057746,
      6.115492,
      31.38213,
      10.782578,
      5.310822,
      4.02335,
      0.6437360000000001,
      19.31208,
      6.276426,
      5.9545580000000005,
      9.173238,
      0.32186800000000004,
      6.276426,
      32.508668,
      5.149888000000001,
      24.94477,
      8.368568,
      26.071308,
      9.012303999999999,
      14.001257999999998,
      7.0810960000000005,
      4.82802,
      12.230984,
      3.5405480000000003,
      8.207633999999999,
      14.805927999999998,
      8.368568,
      14.48406
    ],
    [
      17.541806,
      15.771532,
      18.668343999999998,
      19.473014,
      19.151146,
      18.185542,
      18.346476,
      18.50741,
      17.863674,
      18.024607999999997,
      17.059003999999998,
      24.783836,
      17.219938,
      23.174496,
      19.633948,
      18.346476,
      35.566414,
      10.782578,
      17.059003999999998,
      0.0,
      17.380872,
      18.50741,
      14.644993999999999,
      18.668343999999998,
      16.254334,
      18.668343999999998,
      20.760486,
      22.369826,
      23.33543,
      14.48406,
      18.829278,
      39.267896,
      23.33543,
      17.863674,
      16.576202000000002,
      16.737136,
      31.864932,
      18.829278,
      19.473014,
      21.72609,
      16.576202000000002,
      18.829278,
      44.900586,
      16.254334,
      37.497622,
      20.92142,
      38.463226,
      23.818232000000002,
      26.55411,
      19.473014,
      15.932466,
      29.611855999999996,
      16.0934,
      23.013562,
      17.380872,
      20.92142,
      20.11675
    ],
    [
      13.67939,
      6.9201619999999995,
      1.7702740000000001,
      0.32186800000000004,
      0.48280199999999995,
      3.7014819999999995,
      0.16093400000000002,
      1.60934,
      2.092142,
      0.446,
      1.1265379999999998,
      9.495106,
      0.6437360000000001,
      8.690436,
      14.162192000000001,
      1.60934,
      17.863674,
      5.793624,
      4.9889540000000006,
      17.380872,
      0.0,
      0.16093400000000002,
      5.9545580000000005,
      0.32186800000000004,
      1.9312079999999998,
      0.80467,
      3.5405480000000003,
      8.690436,
      12.230984,
      2.5749440000000003,
      4.82802,
      27.680647999999998,
      5.310822,
      0.48280199999999995,
      0.48280199999999995,
      5.793624,
      14.323126,
      1.7702740000000001,
      4.345218,
      4.02335,
      5.63269,
      1.7702740000000001,
      28.807185999999998,
      0.32186800000000004,
      20.11675,
      7.563898,
      21.082354,
      12.552852,
      16.0934,
      0.32186800000000004,
      0.42,
      16.89807,
      1.448406,
      11.909116000000001,
      12.07005,
      7.563898,
      15.771532
    ],
    [
      14.644993999999999,
      6.759228,
      1.60934,
      0.16093400000000002,
      0.6437360000000001,
      3.21868,
      0.354,
      1.448406,
      3.5405480000000003,
      0.331,
      0.9656039999999999,
      11.909116000000001,
      0.80467,
      9.977908000000001,
      15.610598,
      1.60934,
      17.380872,
      6.9201619999999995,
      6.115492,
      18.50741,
      0.16093400000000002,
      0.0,
      5.9545580000000005,
      0.16093400000000002,
      1.2874720000000002,
      0.80467,
      3.7014819999999995,
      9.334171999999999,
      12.230984,
      3.21868,
      4.667085999999999,
      27.519714,
      4.9889540000000006,
      0.48280199999999995,
      0.48280199999999995,
      5.9545580000000005,
      14.162192000000001,
      1.60934,
      4.184284,
      2.896812,
      5.63269,
      1.60934,
      28.485318,
      0.16093400000000002,
      19.794882,
      7.402963999999999,
      20.92142,
      12.713786,
      15.932466,
      0.16093400000000002,
      0.32186800000000004,
      16.737136,
      1.2874720000000002,
      12.07005,
      12.230984,
      7.24203,
      15.932466
    ],
    [
      10.782578,
      9.977908000000001,
      4.9889540000000006,
      6.115492,
      6.9201619999999995,
      6.9201619999999995,
      5.9545580000000005,
      6.598293999999999,
      5.310822,
      5.793624,
      4.667085999999999,
      12.391918,
      4.9889540000000006,
      10.621644,
      11.26538,
      5.793624,
      30.57746,
      0.16093400000000002,
      0.48280199999999995,
      14.644993999999999,
      5.9545580000000005,
      5.9545580000000005,
      0.0,
      6.598293999999999,
      4.02335,
      6.43736,
      8.690436,
      10.138842,
      8.690436,
      3.7014819999999995,
      6.598293999999999,
      31.864932,
      11.26538,
      5.63269,
      4.345218,
      0.32186800000000004,
      19.794882,
      6.598293999999999,
      7.402963999999999,
      9.65604,
      0.16093400000000002,
      6.598293999999999,
      32.830535999999995,
      5.471756,
      25.427572,
      9.65604,
      26.55411,
      9.334171999999999,
      14.48406,
      7.402963999999999,
      5.310822,
      12.391918,
      4.02335,
      8.690436,
      15.28873,
      9.012303999999999,
      14.966862
    ],
    [
      13.196587999999998,
      6.759228,
      1.7702740000000001,
      0.318,
      0.80467,
      1.448406,
      0.16093400000000002,
      1.2874720000000002,
      1.7702740000000001,
      0.32186800000000004,
      0.9656039999999999,
      8.690436,
      0.9656039999999999,
      8.368568,
      14.162192000000001,
      1.7702740000000001,
      17.541806,
      7.0810960000000005,
      6.115492,
      18.668343999999998,
      0.32186800000000004,
      0.16093400000000002,
      6.598293999999999,
      0.0,
      2.5749440000000003,
      0.80467,
      3.5405480000000003,
      9.977908000000001,
      13.518456,
      4.9889540000000006,
      4.506151999999999,
      27.35878,
      4.9889540000000006,
      0.48280199999999995,
      0.6437360000000001,
      6.9201619999999995,
      14.001257999999998,
      2.092142,
      3.8624159999999996,
      2.735878,
      6.598293999999999,
      2.092142,
      28.324384000000002,
      0.16093400000000002,
      19.633948,
      7.24203,
      20.599552000000003,
      13.840323999999999,
      15.771532,
      0.358,
      0.48280199999999995,
      16.576202000000002,
      2.41401,
      13.196587999999998,
      12.07005,
      7.0810960000000005,
      16.576202000000002
    ],
    [
      12.230984,
      9.173238,
      0.80467,
      1.60934,
      2.41401,
      0.9656039999999999,
      1.448406,
      1.60934,
      0.9656039999999999,
      1.2874720000000002,
      0.32186800000000004,
      9.816974,
      0.9656039999999999,
      7.724831999999999,
      13.357522000000001,
      0.80467,
      18.829278,
      4.506151999999999,
      3.5405480000000003,
      16.254334,
      1.9312079999999998,
      1.2874720000000002,
      4.02335,
      2.5749440000000003,
      0.0,
      0.9656039999999999,
      5.9545580000000005,
      8.0467,
      11.104446000000001,
      2.5749440000000003,
      3.5405480000000003,
      29.611855999999996,
      6.276426,
      0.9656039999999999,
      0.6437360000000001,
      4.667085999999999,
      14.805927999999998,
      1.60934,
      3.057746,
      4.9889540000000006,
      4.506151999999999,
      1.60934,
      30.738394000000003,
      1.2874720000000002,
      19.955816000000002,
      6.115492,
      20.92142,
      10.138842,
      12.230984,
      1.448406,
      1.60934,
      13.035654,
      0.48280199999999995,
      10.782578,
      14.323126,
      7.402963999999999,
      14.48406
    ],
    [
      14.644993999999999,
      7.885766,
      0.80467,
      0.6437360000000001,
      2.896812,
      0.9656039999999999,
      0.80467,
      0.48280199999999995,
      1.1265379999999998,
      0.6437360000000001,
      0.80467,
      8.529501999999999,
      1.2874720000000002,
      7.724831999999999,
      13.357522000000001,
      0.9656039999999999,
      17.219938,
      6.9201619999999995,
      5.9545580000000005,
      18.668343999999998,
      0.80467,
      0.80467,
      6.43736,
      0.80467,
      0.9656039999999999,
      0.0,
      4.82802,
      7.563898,
      13.196587999999998,
      3.5405480000000003,
      3.21868,
      29.450922000000002,
      6.115492,
      0.32186800000000004,
      0.48280199999999995,
      6.598293999999999,
      14.323126,
      1.1265379999999998,
      2.5749440000000003,
      4.82802,
      6.276426,
      1.1265379999999998,
      29.289987999999997,
      0.6437360000000001,
      19.473014,
      7.402963999999999,
      20.438617999999998,
      11.26538,
      11.748182,
      0.6437360000000001,
      0.9656039999999999,
      14.966862,
      1.60934,
      12.87472,
      13.357522000000001,
      6.9201619999999995,
      14.805927999999998
    ],
    [
      16.89807,
      6.598293999999999,
      5.471756,
      3.7014819999999995,
      3.379614,
      5.310822,
      3.7014819999999995,
      5.63269,
      5.63269,
      3.7014819999999995,
      4.506151999999999,
      16.415267999999998,
      5.9545580000000005,
      12.07005,
      17.70274,
      5.63269,
      19.633948,
      9.173238,
      8.207633999999999,
      20.760486,
      3.5405480000000003,
      3.7014819999999995,
      8.690436,
      3.5405480000000003,
      5.9545580000000005,
      4.82802,
      0.0,
      8.368568,
      10.621644,
      0.32186800000000004,
      4.82802,
      26.071308,
      8.529501999999999,
      4.02335,
      2.2530759999999996,
      4.02335,
      17.059003999999998,
      5.149888000000001,
      4.184284,
      6.9201619999999995,
      3.7014819999999995,
      5.149888000000001,
      30.094658,
      2.5749440000000003,
      22.691694,
      6.9201619999999995,
      23.657297999999997,
      10.943512,
      12.552852,
      3.8624159999999996,
      3.5405480000000003,
      14.323126,
      1.7702740000000001,
      10.299776000000001,
      12.552852,
      10.138842,
      16.576202000000002
    ],
    [
      11.909116000000001,
      14.644993999999999,
      7.0810960000000005,
      8.0467,
      9.816974,
      6.759228,
      10.138842,
      10.138842,
      6.759228,
      10.299776000000001,
      8.0467,
      6.276426,
      10.299776000000001,
      0.9656039999999999,
      7.24203,
      6.759228,
      21.565156,
      10.621644,
      9.816974,
      22.369826,
      8.690436,
      9.334171999999999,
      10.138842,
      9.977908000000001,
      8.0467,
      7.563898,
      8.368568,
      0.0,
      11.26538,
      9.65604,
      4.9889540000000006,
      35.566414,
      10.943512,
      7.724831999999999,
      7.724831999999999,
      10.46071,
      9.495106,
      8.85137,
      5.793624,
      10.943512,
      10.138842,
      8.529501999999999,
      36.532018,
      8.0467,
      15.771532,
      3.057746,
      16.89807,
      7.724831999999999,
      5.793624,
      7.885766,
      8.85137,
      7.24203,
      7.402963999999999,
      9.816974,
      20.277684,
      3.379614,
      8.690436
    ],
    [
      0.16093400000000002,
      16.576202000000002,
      12.713786,
      13.67939,
      13.518456,
      12.230984,
      12.391918,
      12.87472,
      12.391918,
      11.587248,
      11.104446000000001,
      19.151146,
      11.426314,
      11.909116000000001,
      7.724831999999999,
      12.391918,
      32.1868,
      8.368568,
      8.529501999999999,
      23.33543,
      12.230984,
      12.230984,
      8.690436,
      13.518456,
      11.104446000000001,
      13.196587999999998,
      10.621644,
      11.26538,
      0.0,
      9.977908000000001,
      11.587248,
      38.141358,
      17.541806,
      12.07005,
      10.782578,
      7.563898,
      19.633948,
      13.035654,
      12.552852,
      16.0934,
      9.173238,
      12.391918,
      39.267896,
      12.07005,
      23.496364,
      10.299776000000001,
      23.013562,
      4.506151999999999,
      11.587248,
      13.840323999999999,
      11.748182,
      5.63269,
      10.46071,
      0.48280199999999995,
      21.72609,
      10.621644,
      3.8624159999999996
    ],
    [
      11.748182,
      6.759228,
      2.896812,
      4.184284,
      3.5405480000000003,
      4.9889540000000006,
      4.02335,
      3.8624159999999996,
      5.149888000000001,
      3.057746,
      2.092142,
      11.587248,
      2.2530759999999996,
      9.977908000000001,
      12.230984,
      5.149888000000001,
      20.11675,
      3.8624159999999996,
      3.057746,
      14.48406,
      2.5749440000000003,
      3.21868,
      3.7014819999999995,
      4.9889540000000006,
      2.5749440000000003,
      3.5405480000000003,
      0.32186800000000004,
      9.65604,
      9.977908000000001,
      0.0,
      6.598293999999999,
      26.071308,
      8.529501999999999,
      3.379614,
      2.896812,
      3.7014819999999995,
      17.059003999999998,
      4.345218,
      4.345218,
      7.0810960000000005,
      3.379614,
      4.345218,
      30.255592,
      2.896812,
      22.852628,
      9.495106,
      23.818232000000002,
      10.782578,
      14.323126,
      3.8624159999999996,
      2.896812,
      14.162192000000001,
      2.092142,
      10.138842,
      12.552852,
      8.690436,
      16.415267999999998
    ],
    [
      13.518456,
      10.621644,
      2.735878,
      4.667085999999999,
      5.471756,
      3.21868,
      4.667085999999999,
      4.667085999999999,
      2.5749440000000003,
      4.82802,
      3.5405480000000003,
      5.9545580000000005,
      7.0810960000000005,
      6.43736,
      12.07005,
      2.5749440000000003,
      15.932466,
      7.0810960000000005,
      6.115492,
      18.829278,
      4.82802,
      4.667085999999999,
      6.598293999999999,
      4.506151999999999,
      3.5405480000000003,
      3.21868,
      4.82802,
      4.9889540000000006,
      11.587248,
      6.598293999999999,
      0.0,
      31.221196,
      5.310822,
      4.345218,
      4.02335,
      6.9201619999999995,
      13.035654,
      2.41401,
      1.1265379999999998,
      9.173238,
      6.598293999999999,
      2.5749440000000003,
      32.347734,
      5.63269,
      17.863674,
      2.735878,
      18.829278,
      10.46071,
      13.840323999999999,
      4.184284,
      5.63269,
      17.059003999999998,
      4.02335,
      13.196587999999998,
      16.0934,
      2.735878,
      15.127796
    ],
    [
      40.072565999999995,
      20.92142,
      29.289987999999997,
      27.519714,
      25.427572,
      29.129054000000004,
      27.519714,
      29.450922000000002,
      29.289987999999997,
      27.519714,
      28.324384000000002,
      34.761744,
      25.427572,
      35.727348,
      41.520972,
      29.450922000000002,
      30.416525999999998,
      32.1868,
      31.38213,
      39.267896,
      27.680647999999998,
      27.519714,
      31.864932,
      27.35878,
      29.611855999999996,
      29.450922000000002,
      26.071308,
      35.566414,
      38.141358,
      26.071308,
      31.221196,
      0.0,
      28.324384000000002,
      26.55411,
      28.324384000000002,
      28.807185999999998,
      31.38213,
      27.036912,
      28.807185999999998,
      26.232242,
      28.485318,
      27.036912,
      27.036912,
      25.74944,
      41.199104000000005,
      32.025866,
      44.739652,
      35.727348,
      40.555368,
      26.55411,
      25.427572,
      39.106962,
      26.55411,
      35.083612,
      16.89807,
      32.025866,
      38.946028
    ],
    [
      19.473014,
      11.426314,
      5.9545580000000005,
      5.149888000000001,
      5.471756,
      5.793624,
      4.9889540000000006,
      6.115492,
      5.9545580000000005,
      5.149888000000001,
      6.759228,
      9.173238,
      7.885766,
      12.391918,
      18.185542,
      6.115492,
      14.805927999999998,
      11.587248,
      10.782578,
      23.33543,
      5.310822,
      4.9889540000000006,
      11.26538,
      4.9889540000000006,
      6.276426,
      6.115492,
      8.529501999999999,
      10.943512,
      17.541806,
      8.529501999999999,
      5.310822,
      28.324384000000002,
      0.0,
      4.82802,
      5.9545580000000005,
      11.426314,
      12.07005,
      6.276426,
      4.667085999999999,
      5.310822,
      11.26538,
      5.471756,
      28.324384000000002,
      5.471756,
      20.599552000000003,
      7.402963999999999,
      21.565156,
      18.50741,
      16.576202000000002,
      4.667085999999999,
      5.63269,
      19.633948,
      6.759228,
      17.863674,
      12.391918,
      7.24203,
      21.72609
    ],
    [
      13.196587999999998,
      7.885766,
      1.448406,
      0.32186800000000004,
      1.1265379999999998,
      1.2874720000000002,
      0.48280199999999995,
      0.80467,
      1.60934,
      0.32186800000000004,
      0.9656039999999999,
      8.690436,
      0.9656039999999999,
      8.0467,
      13.67939,
      1.60934,
      17.863674,
      6.115492,
      5.310822,
      17.863674,
      0.48280199999999995,
      0.48280199999999995,
      5.63269,
      0.48280199999999995,
      0.9656039999999999,
      0.32186800000000004,
      4.02335,
      7.724831999999999,
      12.07005,
      3.379614,
      4.345218,
      26.55411,
      4.82802,
      0.0,
      0.6437360000000001,
      6.115492,
      13.840323999999999,
      1.448406,
      2.735878,
      3.5405480000000003,
      5.793624,
      1.448406,
      29.450922000000002,
      0.32186800000000004,
      19.633948,
      6.598293999999999,
      20.599552000000003,
      13.840323999999999,
      15.610598,
      0.32186800000000004,
      0.6437360000000001,
      13.518456,
      1.60934,
      13.196587999999998,
      13.357522000000001,
      7.0810960000000005,
      16.0934
    ],
    [
      12.552852,
      7.24203,
      1.2874720000000002,
      0.6437360000000001,
      1.1265379999999998,
      1.2874720000000002,
      0.6437360000000001,
      1.1265379999999998,
      1.60934,
      0.48280199999999995,
      0.48280199999999995,
      8.85137,
      0.48280199999999995,
      7.885766,
      11.748182,
      1.2874720000000002,
      17.70274,
      4.82802,
