{
  "drive_dist_matrix": [
    [
      0.0,
      0.35,
      0.35,
      0.5,
      0.3,
      0.29,
      1.0,
      0.7,
      2.9,
      1.8,
      0.1,
      0.21,
      0.5,
      5.5,
      1.8,
      0.65,
      19.3,
      2.7,
      2.4,
      5.1,
      6.4,
      5.5,
      0.4,
      2.6,
      1.8,
      5.4,
      0.065,
      0.55,
      0.5,
      13.2,
      0.034,
      0.35,
      3.9,
      2.4,
      2.2,
      21.6,
      0.9,
      0.35,
      2.3,
      0.65,
      0.16,
      8.7,
      5.0,
      4.4,
      28.6,
      4.7,
      11.1,
      2.4,
      0.17,
      2.8,
      23.1,
      47.0,
      0.35,
      45.4,
      0.7,
      44.9
    ],
    [
      0.35,
      0.0,
      2.7,
      0.8,
      0.15,
      0.5,
      0.75,
      0.75,
      3.0,
      0.8,
      0.3,
      0.6,
      0.65,
      5.6,
      1.9,
      0.4,
      19.4,
      3.1,
      0.8,
      5.1,
      6.5,
      5.6,
      0.14,
      2.6,
      0.8,
      5.5,
      0.29,
      0.4,
      0.85,
      11.4,
      0.35,
      0.55,
      4.0,
      0.8,
      2.2,
      21.7,
      0.9,
      0.5,
      2.4,
      0.35,
      0.29,
      8.8,
      5.1,
      4.4,
      28.6,
      4.7,
      10.9,
      0.8,
      0.55,
      2.8,
      23.2,
      47.1,
      0.65,
      46.4,
      0.45,
      45.0
    ],
    [
      0.35,
      2.7,
      0.0,
      0.45,
      0.35,
      0.074,
      1.6,
      0.5,
      2.9,
      2.1,
      0.4,
      0.6,
      0.28,
      4.7,
      1.9,
      0.85,
      18.0,
      1.4,
      2.2,
      5.3,
      5.1,
      5.8,
      0.6,
      2.7,
      2.1,
      5.1,
      0.4,
      0.9,
      0.65,
      10.0,
      0.35,
      0.002,
      3.4,
      2.2,
      0.7,
      20.3,
      2.1,
      0.034,
      0.8,
      0.85,
      0.35,
      7.4,
      4.1,
      3.8,
      27.3,
      3.8,
      10.2,
      2.2,
      0.55,
      2.3,
      23.8,
      56.2,
      0.7,
      47.0,
      0.9,
      45.6
    ],
    [
      0.5,
      0.8,
      0.45,
      0.0,
      0.55,
      0.5,
      2.3,
      0.85,
      3.2,
      2.1,
      0.55,
      0.55,
      0.45,
      5.1,
      0.8,
      1.6,
      20.4,
      3.4,
      2.7,
      5.4,
      7.5,
      5.8,
      0.8,
      2.3,
      2.1,
      5.7,
      0.55,
      0.8,
      0.21,
      12.4,
      0.5,
      0.45,
      4.2,
      2.7,
      2.5,
      22.7,
      1.8,
      0.5,
      2.9,
      1.8,
      0.55,
      9.8,
      4.5,
      4.7,
      29.7,
      4.3,
      10.3,
      2.7,
      0.55,
      2.3,
      23.4,
      28.7,
      0.5,
      46.6,
      1.5,
      45.2
    ],
    [
      0.3,
      0.15,
      0.35,
      0.55,
      0.0,
      0.25,
      0.85,
      2.9,
      3.0,
      1.9,
      0.083,
      0.35,
      0.45,
      5.6,
      1.9,
      0.5,
      19.4,
      2.8,
      2.5,
      5.2,
      6.5,
      5.6,
      0.27,
      2.7,
      1.9,
      5.5,
      0.056,
      0.6,
      0.65,
      11.4,
      0.1,
      0.35,
      4.0,
      2.5,
      2.3,
      21.7,
      0.95,
      0.29,
      2.4,
      1.6,
      0.063,
      8.8,
      5.1,
      4.5,
      28.7,
      4.8,
      10.9,
      2.5,
      0.3,
      2.9,
      23.2,
      47.1,
      0.45,
      46.4,
      0.6,
      45.0
    ],
    [
      0.29,
      0.5,
      0.074,
      0.5,
      0.25,
      0.0,
      1.7,
      0.4,
      3.0,
      2.2,
      0.35,
      0.5,
      0.35,
      4.8,
      2.0,
      0.75,
      18.1,
      1.5,
      2.4,
      5.5,
      5.2,
      5.9,
      0.55,
      2.8,
      2.2,
      5.3,
      0.3,
      0.85,
      0.65,
      10.1,
      0.29,
      0.072,
      3.6,
      2.4,
      0.75,
      20.4,
      2.3,
      0.04,
      0.9,
      0.75,
      0.27,
      7.5,
      4.2,
      3.9,
      27.4,
      3.9,
      10.3,
      2.4,
      0.45,
      2.4,
      23.9,
      29.2,
      0.65,
      47.1,
      2.0,
      45.7
    ],
    [
      1.0,
      0.75,
      1.6,
      2.3,
      0.85,
      1.7,
      0.0,
      0.9,
      1.5,
      0.55,
      0.95,
      1.3,
      2.2,
      6.0,
      2.8,
      0.5,
      18.3,
      2.2,
      0.5,
      3.7,
      5.5,
      4.1,
      0.6,
      3.6,
      0.5,
      3.6,
      0.9,
      1.2,
      2.4,
      10.4,
      1.0,
      1.8,
      2.5,
      0.5,
      1.6,
      20.7,
      1.5,
      2.0,
      1.8,
      0.55,
      0.9,
      7.8,
      5.5,
      2.6,
      20.4,
      5.1,
      11.8,
      0.5,
      1.3,
      3.8,
      23.2,
      47.3,
      2.7,
      46.6,
      0.6,
      45.2
    ],
    [
      0.7,
      0.75,
      0.5,
      0.85,
      2.9,
      0.4,
      0.9,
      0.0,
      3.0,
      2.2,
      0.7,
      0.9,
      0.65,
      5.0,
      2.7,
      0.65,
      18.3,
      1.3,
      2.3,
      5.4,
      5.4,
      5.8,
      0.8,
      3.5,
      2.1,
      5.4,
      0.7,
      2.4,
      1.4,
      10.3,
      3.0,
      0.5,
      3.5,
      2.3,
      0.4,
      20.6,
      2.9,
      0.4,
      0.8,
      0.65,
      0.55,
      7.7,
      4.5,
      3.9,
      27.5,
      4.2,
      10.6,
      2.3,
      0.85,
      2.7,
      24.4,
      56.5,
      1.7,
      47.8,
      1.0,
      46.4
    ],
    [
      2.9,
      3.0,
      2.9,
      3.2,
      3.0,
      3.0,
      1.5,
      3.0,
      0.0,
      1.4,
      2.7,
      2.5,
      2.9,
      6.7,
      4.0,
      1.9,
      18.6,
      2.9,
      1.2,
      2.9,
      5.7,
      3.4,
      3.3,
      5.0,
      1.4,
      2.7,
      2.7,
      2.4,
      3.1,
      10.6,
      2.7,
      2.5,
      1.0,
      1.2,
      2.0,
      20.9,
      2.7,
      2.7,
      2.5,
      1.9,
      2.2,
      8.0,
      6.1,
      1.7,
      19.7,
      5.8,
      12.9,
      1.2,
      2.5,
      4.3,
      22.6,
      47.8,
      3.4,
      47.0,
      2.6,
      45.6
    ],
    [
      1.8,
      0.8,
      2.1,
      2.1,
      1.9,
      2.2,
      0.55,
      2.2,
      1.4,
      0.0,
      1.5,
      1.3,
      2.2,
      6.1,
      2.9,
      0.6,
      19.3,
      2.3,
      0.27,
      3.6,
      6.4,
      4.0,
      0.7,
      3.6,
      0.007,
      4.1,
      1.6,
      1.2,
      2.4,
      11.3,
      1.6,
      1.8,
      2.4,
      0.27,
      1.8,
      21.6,
      1.5,
      2.0,
      1.8,
      0.65,
      1.4,
      8.7,
      5.5,
      3.1,
      20.3,
      5.2,
      11.6,
      0.27,
      1.4,
      3.8,
      22.0,
      47.0,
      2.7,
      46.3,
      0.7,
      44.9
    ],
    [
      0.1,
      0.3,
      0.4,
      0.55,
      0.083,
      0.35,
      0.95,
      0.7,
      2.7,
      1.5,
      0.0,
      0.27,
      0.5,
      5.6,
      1.9,
      0.6,
      19.3,
      2.8,
      2.4,
      5.1,
      6.5,
      5.5,
      0.35,
      2.6,
      1.8,
      5.4,
      0.027,
      0.5,
      0.55,
      11.3,
      0.11,
      0.4,
      3.9,
      2.4,
      2.2,
      21.6,
      0.85,
      0.4,
      2.3,
      1.6,
      0.15,
      8.8,
      5.0,
      4.4,
      28.6,
      4.7,
      10.9,
      2.4,
      0.23,
      2.8,
      23.1,
      47.0,
      0.4,
      46.3,
      0.65,
      44.9
    ],
    [
      0.21,
      0.6,
      0.6,
      0.55,
      0.35,
      0.5,
      1.3,
      0.9,
      2.5,
      1.3,
      0.27,
      0.0,
      0.65,
      5.4,
      1.0,
      0.85,
      19.1,
      2.6,
      2.2,
      4.9,
      6.3,
      5.3,
      0.6,
      2.6,
      1.6,
      5.2,
      0.27,
      0.35,
      0.4,
      11.1,
      0.24,
      0.55,
      3.7,
      2.2,
      2.0,
      21.4,
      0.7,
      0.55,
      2.1,
      0.85,
      0.35,
      8.6,
      4.8,
      4.2,
      28.4,
      4.5,
      10.7,
      2.2,
      0.043,
      2.6,
      22.9,
      47.1,
      0.17,
      46.1,
      0.8,
      44.7
    ],
    [
      0.5,
      0.65,
      0.28,
      0.45,
      0.45,
      0.35,
      2.2,
      0.65,
      2.9,
      2.2,
      0.5,
      0.65,
      0.0,
      4.5,
      1.9,
      0.95,
      18.0,
      1.4,
      2.2,
      5.3,
      5.1,
      5.7,
      0.7,
      2.7,
      2.1,
      5.1,
      0.5,
      1.0,
      0.65,
      10.0,
      0.45,
      0.29,
      3.4,
      2.2,
      0.85,
      20.3,
      2.2,
      0.3,
      0.8,
      0.95,
      0.45,
      7.4,
      4.0,
      3.8,
      27.2,
      3.6,
      10.0,
      2.2,
      0.65,
      2.1,
      23.6,
      28.4,
      0.7,
      47.0,
      1.9,
      45.6
    ],
    [
      5.5,
      5.6,
      4.7,
      5.1,
      5.6,
      4.8,
      6.0,
      5.0,
      6.7,
      6.1,
      5.6,
      5.4,
      4.5,
      0.0,
      5.9,
      5.8,
      20.1,
      3.8,
      6.2,
      9.1,
      7.2,
      9.5,
      5.8,
      6.9,
      6.0,
      7.2,
      6.2,
      5.7,
      4.6,
      10.8,
      6.2,
      5.0,
      7.3,
      6.2,
      4.8,
      22.4,
      6.1,
      5.2,
      4.3,
      5.8,
      5.6,
      9.5,
      1.6,
      6.3,
      29.3,
      0.9,
      5.9,
      6.2,
      6.0,
      4.5,
      44.9,
      25.8,
      4.9,
      44.4,
      5.8,
      43.0
    ],
    [
      1.8,
      1.9,
      1.9,
      0.8,
      1.9,
      2.0,
      2.8,
      2.7,
      4.0,
      2.9,
      1.9,
      1.0,
      1.9,
      5.9,
      0.0,
      1.8,
      18.9,
      2.3,
      3.2,
      5.6,
      6.0,
      6.0,
      1.6,
      2.9,
      2.3,
      6.1,
      2.0,
      1.0,
      0.6,
      10.9,
      2.0,
      2.0,
      4.4,
      3.2,
      1.8,
      21.2,
      1.0,
      2.2,
      1.9,
      2.0,
      2.7,
      8.3,
      4.6,
      4.7,
      28.2,
      4.3,
      10.4,
      3.2,
      1.8,
      2.6,
      32.5,
      28.4,
      0.8,
      46.2,
      1.6,
      44.8
    ],
    [
      0.65,
      0.4,
      0.85,
      1.6,
      0.5,
      0.75,
      0.5,
      0.65,
      1.9,
      0.6,
      0.6,
      0.85,
      0.95,
      5.8,
      1.8,
      0.0,
      18.8,
      1.8,
      0.6,
      3.8,
      5.9,
      4.2,
      0.25,
      4.0,
      0.6,
      4.1,
      0.55,
      0.8,
      1.9,
      10.8,
      1.6,
      0.85,
      2.6,
      0.6,
      1.3,
      21.1,
      1.1,
      0.8,
      1.4,
      0.009,
      0.55,
      8.2,
      5.0,
      3.1,
      28.1,
      4.7,
      11.1,
      0.6,
      1.4,
      3.5,
      22.5,
      29.5,
      1.0,
      46.7,
      0.3,
      45.3
    ],
    [
      19.3,
      19.4,
      18.0,
      20.4,
      19.4,
      18.1,
      18.3,
      18.3,
      18.6,
      19.3,
      19.3,
      19.1,
      18.0,
      20.1,
      18.9,
      18.8,
      0.0,
      19.6,
      22.1,
      21.1,
      16.4,
      21.5,
      22.8,
      23.9,
      21.9,
      19.2,
      22.6,
      22.2,
      21.5,
      16.1,
      22.6,
      20.9,
      20.5,
      22.1,
      20.4,
      17.8,
      22.5,
      21.2,
      20.1,
      21.7,
      21.6,
      14.6,
      15.7,
      19.5,
      24.4,
      15.7,
      11.0,
      22.1,
      22.4,
      21.6,
      39.8,
      40.2,
      21.8,
      60.4,
      22.8,
      62.6
    ],
    [
      2.7,
      3.1,
      1.4,
      3.4,
      2.8,
      1.5,
      2.2,
      1.3,
      2.9,
      2.3,
      2.8,
      2.6,
      1.4,
      3.8,
      2.3,
      1.8,
      19.6,
      0.0,
      2.4,
      5.9,
      4.0,
      6.3,
      3.1,
      4.2,
      2.2,
      4.0,
      2.9,
      2.5,
      1.8,
      8.8,
      2.9,
      1.2,
      3.0,
      2.4,
      0.75,
      19.1,
      2.9,
      1.5,
      0.8,
      2.0,
      1.9,
      6.3,
      3.4,
      4.2,
      26.1,
      3.0,
      9.5,
      2.4,
      2.7,
      1.9,
      41.7,
      55.0,
      2.1,
      47.9,
      2.8,
      46.5
    ],
    [
      2.4,
      0.8,
      2.2,
      2.7,
      2.5,
      2.4,
      0.5,
      2.3,
      1.2,
      0.27,
      2.4,
      2.2,
      2.2,
      6.2,
      3.2,
      0.6,
      22.1,
      2.4,
      0.0,
      4.1,
      6.4,
      4.5,
      0.65,
      3.8,
      0.27,
      4.6,
      1.5,
      1.2,
      2.4,
      11.3,
      1.5,
      1.8,
      2.9,
      0.0,
      1.7,
      21.6,
      1.5,
      2.0,
      1.8,
      0.6,
      1.4,
      8.7,
      5.5,
      3.6,
      20.8,
      5.1,
      11.6,
      NaN,
      1.3,
      3.9,
      22.4,
      47.4,
      2.7,
      46.7,
      1.5,
      45.3
    ],
    [
      5.1,
      5.1,
      5.3,
      5.4,
      5.2,
      5.5,
      3.7,
      5.4,
      2.9,
      3.6,
      5.1,
      4.9,
      5.3,
      9.1,
      5.6,
      3.8,
      21.1,
      5.9,
      4.1,
      0.0,
      5.7,
      0.4,
      5.9,
      7.5,
      4.0,
      3.0,
      5.3,
      4.9,
      6.1,
      10.6,
      5.3,
      5.5,
      2.4,
      3.7,
      4.8,
      21.9,
      5.3,
      5.8,
      5.5,
      4.4,
      5.1,
      8.2,
      9.1,
      3.6,
      16.7,
      8.9,
      14.8,
      3.7,
      5.1,
      7.5,
      23.0,
      57.6,
      6.4,
      49.6,
      5.2,
      48.2
    ],
    [
      6.4,
      6.5,
      5.1,
      7.5,
      6.5,
      5.2,
      5.5,
      5.4,
      5.7,
      6.4,
      6.5,
      6.3,
      5.1,
      7.2,
      6.0,
      5.9,
      16.4,
      4.0,
      6.4,
      5.7,
      0.0,
      5.0,
      7.8,
      8.9,
      5.2,
      2.7,
      5.8,
      5.5,
      6.6,
      4.9,
      5.8,
      6.0,
      4.1,
      5.0,
      5.5,
      15.8,
      5.8,
      6.2,
      5.2,
      5.0,
      4.8,
      2.2,
      7.4,
      3.0,
      22.7,
      7.2,
      12.3,
      5.0,
      5.6,
      6.6,
      38.1,
      51.6,
      6.9,
      71.8,
      5.8,
      74.1
    ],
    [
      5.5,
      5.6,
      5.8,
      5.8,
      5.6,
      5.9,
      4.1,
      5.8,
      3.4,
      4.0,
      5.5,
      5.3,
      5.7,
      9.5,
      6.0,
      4.2,
      21.5,
      6.3,
      4.5,
      0.4,
      5.0,
      0.0,
      5.8,
      7.5,
      4.0,
      3.0,
      5.2,
      4.9,
      6.1,
      10.5,
      5.2,
      5.5,
      2.3,
      3.7,
      4.7,
      21.9,
      5.2,
      5.7,
      5.5,
      4.4,
      5.1,
      8.4,
      9.1,
      3.5,
      16.7,
      8.8,
      14.8,
      3.7,
      5.0,
      7.5,
      23.0,
      57.6,
      6.4,
      49.6,
      5.2,
      48.2
    ],
    [
      0.4,
      0.14,
      0.6,
      0.8,
      0.27,
      0.55,
      0.6,
      0.8,
      3.3,
      0.7,
      0.35,
      0.6,
      0.7,
      5.8,
      1.6,
      0.25,
      22.8,
      3.1,
      0.65,
      5.9,
      7.8,
      5.8,
      0.0,
      4.1,
      0.65,
      4.2,
      0.35,
      0.55,
      0.9,
      10.9,
      0.35,
      0.6,
      2.7,
      0.65,
      1.4,
      21.2,
      0.95,
      0.55,
      1.4,
      0.24,
      0.35,
      8.3,
      5.1,
      3.2,
      28.2,
      4.8,
      11.2,
      0.65,
      0.55,
      3.3,
      22.6,
      29.6,
      0.75,
      46.8,
      0.3,
      45.4
    ],
    [
      2.6,
      2.6,
      2.7,
      2.3,
      2.7,
      2.8,
      3.6,
      3.5,
      5.0,
      3.6,
      2.6,
      2.6,
      2.7,
      6.9,
      2.9,
      4.0,
      23.9,
      4.2,
      3.8,
      7.5,
      8.9,
      7.5,
      4.1,
      0.0,
      4.7,
      7.6,
      3.3,
      2.8,
      2.5,
      12.4,
      3.3,
      3.5,
      6.2,
      5.1,
      3.3,
      22.7,
      2.3,
      3.7,
      3.4,
      3.4,
      4.2,
      9.9,
      6.1,
      6.2,
      29.7,
      5.8,
      12.8,
      5.1,
      3.1,
      3.2,
      30.7,
      29.0,
      2.8,
      44.4,
      3.0,
      43.0
    ],
    [
      1.8,
      0.8,
      2.1,
      2.1,
      1.9,
      2.2,
      0.5,
      2.1,
      1.4,
      0.007,
      1.8,
      1.6,
      2.1,
      6.0,
      2.3,
      0.6,
      21.9,
      2.2,
      0.27,
      4.0,
      5.2,
      4.0,
      0.65,
      4.7,
      0.0,
      4.1,
      1.6,
      1.2,
      2.4,
      11.3,
      1.5,
      1.8,
      2.4,
      0.27,
      1.8,
      21.6,
      1.5,
      2.0,
      1.8,
      0.6,
      1.4,
      8.7,
      5.5,
      3.1,
      20.3,
      5.2,
      11.6,
      0.27,
      1.3,
      3.7,
      22.0,
      47.0,
      2.7,
      46.3,
      0.65,
      44.9
    ],
    [
      5.4,
      5.5,
      5.1,
      5.7,
      5.5,
      5.3,
      3.6,
      5.4,
      2.7,
      4.1,
      5.4,
      5.2,
      5.1,
      7.2,
      6.1,
      4.1,
      19.2,
      4.0,
      4.6,
      3.0,
      2.7,
      3.0,
      4.2,
      7.6,
      4.1,
      0.0,
      4.7,
      4.3,
      4.5,
      8.6,
      4.7,
      3.9,
      2.4,
      3.9,
      4.2,
      18.9,
      4.6,
      4.2,
      4.5,
      3.8,
      3.7,
      6.0,
      6.8,
      1.0,
      19.3,
      6.5,
      12.4,
      3.9,
      4.5,
      5.9,
      24.6,
      54.8,
      4.8,
      49.8,
      4.6,
      48.4
    ],
    [
      0.065,
      0.29,
      0.4,
      0.55,
      0.056,
      0.3,
      0.9,
      0.7,
      2.7,
      1.6,
      0.027,
      0.27,
      0.5,
      6.2,
      2.0,
      0.55,
      22.6,
      2.9,
      1.5,
      5.3,
      5.8,
      5.2,
      0.35,
      3.3,
      1.6,
      4.7,
      0.0,
      0.5,
      0.55,
      11.4,
      0.032,
      0.4,
      3.9,
      2.4,
      2.2,
      21.7,
      0.85,
      0.35,
      2.3,
      0.55,
      0.1,
      8.8,
      5.0,
      4.4,
      28.6,
      4.7,
      10.9,
      2.4,
      0.23,
      2.8,
      22.9,
      29.3,
      0.4,
      46.3,
      0.65,
      44.9
    ],
    [
      0.55,
      0.4,
      0.9,
      0.8,
      0.6,
      0.85,
      1.2,
      2.4,
      2.4,
      1.2,
      0.5,
      0.35,
      1.0,
      5.7,
      1.0,
      0.8,
      22.2,
      2.5,
      1.2,
      4.9,
      5.5,
      4.9,
      0.55,
      2.8,
      1.2,
      4.3,
      0.5,
      0.0,
      0.6,
      11.1,
      0.55,
      0.9,
      3.7,
      2.2,
      1.9,
      21.4,
      0.5,
      0.85,
      2.1,
      0.75,
      0.65,
      8.5,
      4.7,
      4.1,
      28.3,
      4.4,
      10.6,
      2.2,
      0.4,
      2.5,
      22.9,
      29.0,
      0.35,
      46.1,
      0.55,
      44.7
    ],
    [
      0.5,
      0.85,
      0.65,
      0.21,
      0.65,
      0.65,
      2.4,
      1.4,
      3.1,
      2.4,
      0.55,
      0.4,
      0.65,
      4.6,
      0.6,
      1.9,
      21.5,
      1.8,
      2.4,
      6.1,
      6.6,
      6.1,
      0.9,
      2.5,
      2.4,
      4.5,
      0.55,
      0.6,
      0.0,
      12.2,
      0.5,
      0.65,
      4.0,
      2.4,
      2.2,
      22.5,
      0.8,
      0.7,
      2.7,
      1.6,
      2.3,
      9.6,
      4.2,
      4.4,
      21.9,
      4.0,
      10.1,
      2.4,
      0.35,
      2.0,
      23.2,
      28.5,
      0.28,
      46.4,
      1.0,
      44.9
    ],
    [
      13.2,
      11.4,
      10.0,
      12.4,
      11.4,
      10.1,
      10.4,
      10.3,
      10.6,
      11.3,
      11.3,
      11.1,
      10.0,
      10.8,
      10.9,
      10.8,
      16.1,
      8.8,
      11.3,
      10.6,
      4.9,
      10.5,
      10.9,
      12.4,
      11.3,
      8.6,
      11.4,
      11.1,
      12.2,
      0.0,
      10.8,
      11.7,
      9.0,
      10.0,
      11.1,
      15.7,
      10.8,
      12.0,
      11.4,
      12.5,
      12.4,
      4.6,
      10.3,
      7.9,
      22.6,
      10.1,
      13.6,
      10.0,
      13.2,
      12.8,
      38.0,
      51.5,
      12.6,
      71.7,
      13.3,
      73.8
    ],
    [
      0.034,
      0.35,
      0.35,
      0.5,
      0.1,
      0.29,
      1.0,
      3.0,
      2.7,
      1.6,
      0.11,
      0.24,
      0.45,
      6.2,
      2.0,
      1.6,
      22.6,
      2.9,
      1.5,
      5.3,
      5.8,
      5.2,
      0.35,
      3.3,
      1.5,
      4.7,
      0.032,
      0.55,
      0.5,
      10.8,
      0.0,
      0.35,
      3.9,
      2.4,
      2.2,
      21.7,
      0.9,
      0.3,
      2.3,
      0.6,
      0.14,
      8.8,
      5.0,
      4.4,
      28.6,
      4.7,
      10.9,
      2.4,
      0.2,
      2.8,
      22.9,
      29.3,
      0.35,
      46.3,
      0.7,
      44.9
    ],
    [
      0.35,
      0.55,
      0.002,
      0.45,
      0.35,
      0.072,
      1.8,
      0.5,
      2.5,
      1.8,
      0.4,
      0.55,
      0.29,
      5.0,
      2.0,
      0.85,
      20.9,
      1.2,
      1.8,
      5.5,
      6.0,
      5.5,
      0.6,
      3.5,
      1.8,
      3.9,
      0.4,
      0.9,
      0.65,
      11.7,
      0.35,
      0.0,
      3.4,
      2.2,
      0.7,
      20.3,
      2.1,
      0.032,
      0.85,
      1.9,
      0.35,
      7.4,
      4.1,
      3.8,
      27.3,
      3.8,
      10.2,
      2.2,
      0.55,
      2.3,
      23.8,
      29.1,
      0.7,
      47.0,
      0.9,
      45.6
    ],
    [
      3.9,
      4.0,
      3.4,
      4.2,
      4.0,
      3.6,
      2.5,
      3.5,
      1.0,
      2.4,
      3.9,
      3.7,
      3.4,
      7.3,
      4.4,
      2.6,
      20.5,
      3.0,
      2.9,
      2.4,
      4.1,
      2.3,
      2.7,
      6.2,
      2.4,
      2.4,
      3.9,
      3.7,
      4.0,
      9.0,
      3.9,
      3.4,
      0.0,
      2.1,
      2.5,
      20.2,
      3.6,
      3.2,
      3.0,
      2.8,
      2.7,
      7.4,
      6.6,
      1.1,
      18.6,
      6.3,
      12.2,
      2.1,
      3.5,
      5.4,
      22.7,
      56.1,
      3.9,
      48.0,
      3.6,
      46.6
    ],
    [
      2.4,
      0.8,
      2.2,
      2.7,
      2.5,
      2.4,
      0.5,
      2.3,
      1.2,
      0.27,
      2.4,
      2.2,
      2.2,
      6.2,
      3.2,
      0.6,
      22.1,
      2.4,
      0.0,
      3.7,
      5.0,
      3.7,
      0.65,
      5.1,
      0.27,
      3.9,
      2.4,
      2.2,
      2.4,
      10.0,
      2.4,
      2.2,
      2.1,
      0.0,
      1.7,
      21.6,
      1.5,
      2.0,
      1.8,
      0.6,
      1.4,
      8.7,
      5.5,
      3.6,
      20.8,
      5.1,
      11.6,
      0.0,
      1.3,
      3.8,
      22.4,
      47.4,
      2.7,
      46.7,
      0.65,
      45.3
    ],
    [
      2.2,
      2.2,
      0.7,
      2.5,
      2.3,
      0.75,
      1.6,
      0.4,
      2.0,
      1.8,
      2.2,
      2.0,
      0.85,
      4.8,
      1.8,
      1.3,
      20.4,
      0.75,
      1.7,
      4.8,
      5.5,
      4.7,
      1.4,
      3.3,
      1.8,
      4.2,
      2.2,
      1.9,
      2.2,
      11.1,
      2.2,
      0.7,
      2.5,
      1.7,
      0.0,
      19.5,
      2.2,
      0.75,
      0.55,
      1.4,
      1.0,
      6.6,
      4.3,
      3.0,
      26.4,
      3.9,
      10.4,
      1.8,
      2.1,
      2.5,
      23.8,
      28.7,
      1.5,
      47.3,
      2.2,
      45.9
    ],
    [
      21.6,
      21.7,
      20.3,
      22.7,
      21.7,
      20.4,
      20.7,
      20.6,
      20.9,
      21.6,
      21.6,
      21.4,
      20.3,
      22.4,
      21.2,
      21.1,
      17.8,
      19.1,
      21.6,
      21.9,
      15.8,
      21.9,
      21.2,
      22.7,
      21.6,
      18.9,
      21.7,
      21.4,
      22.5,
      15.7,
      21.7,
      20.3,
      20.2,
      21.6,
      19.5,
      0.0,
      19.6,
      18.2,
      17.6,
      18.8,
      18.6,
      12.1,
      19.9,
      16.9,
      3.7,
      19.6,
      23.5,
      19.1,
      19.4,
      19.0,
      37.6,
      52.7,
      18.9,
      72.9,
      19.5,
      73.3
    ],
    [
      0.9,
      0.9,
      2.1,
      1.8,
      0.95,
      2.3,
      1.5,
      2.9,
      2.7,
      1.5,
      0.85,
      0.7,
      2.2,
      6.1,
      1.0,
      1.1,
      22.5,
      2.9,
      1.5,
      5.3,
      5.8,
      5.2,
      0.95,
      2.3,
      1.5,
      4.6,
      0.85,
      0.5,
      0.8,
      10.8,
      0.9,
      2.1,
      3.6,
      1.5,
      2.2,
      19.6,
      0.0,
      2.9,
      2.2,
      1.5,
      1.0,
      8.6,
      4.9,
      4.4,
      28.5,
      4.6,
      10.7,
      2.4,
      0.7,
      2.7,
      32.2,
      29.1,
      0.6,
      46.2,
      0.85,
      44.8
    ],
    [
      0.35,
      0.5,
      0.034,
      0.5,
      0.29,
      0.04,
      2.0,
      0.4,
      2.7,
      2.0,
      0.4,
      0.55,
      0.3,
      5.2,
      2.2,
      0.8,
      21.2,
      1.5,
      2.0,
      5.8,
      6.2,
      5.7,
      0.55,
      3.7,
      2.0,
      4.2,
      0.35,
      0.85,
      0.7,
      12.0,
      0.3,
      0.032,
      3.2,
      2.0,
      0.75,
      18.2,
      2.9,
      0.0,
      0.85,
      0.8,
      0.3,
      7.5,
      4.2,
      3.9,
      27.4,
      3.9,
      10.3,
      2.4,
      0.5,
      2.4,
      23.7,
      29.3,
      0.65,
      47.1,
      0.85,
      45.7
    ],
    [
      2.3,
      2.4,
      0.8,
      2.9,
      2.4,
      0.9,
      1.8,
      0.8,
      2.5,
      1.8,
      2.3,
      2.1,
      0.8,
      4.3,
      1.9,
      1.4,
      20.1,
      0.8,
      1.8,
      5.5,
      5.2,
      5.5,
      1.4,
      3.4,
      1.8,
      4.5,
      2.3,
      2.1,
      2.7,
      11.4,
      2.3,
      0.85,
      3.0,
      1.8,
      0.55,
      17.6,
      2.2,
      0.85,
      0.0,
      1.6,
      1.4,
      6.9,
      3.6,
      3.5,
      26.7,
      3.3,
      9.7,
      1.9,
      2.2,
      2.1,
      24.1,
      29.0,
      1.7,
      47.5,
      2.4,
      46.1
    ],
    [
      0.65,
      0.35,
      0.85,
      1.8,
      1.6,
      0.75,
      0.55,
      0.65,
      1.9,
      0.65,
      1.6,
      0.85,
      0.95,
      5.8,
      2.0,
      0.009,
      21.7,
      2.0,
      0.6,
      4.4,
      5.0,
      4.4,
      0.24,
      3.4,
      0.6,
      3.8,
      0.55,
      0.75,
      1.6,
      12.5,
      0.6,
      1.9,
      2.8,
      0.6,
      1.4,
      18.8,
      1.5,
      0.8,
      1.6,
      0.0,
      0.55,
      8.1,
      4.8,
      2.9,
      27.9,
      4.5,
      10.9,
      0.6,
      0.8,
      3.0,
      24.9,
      29.3,
      1.0,
      47.6,
      0.35,
      46.2
    ],
    [
      0.16,
      0.29,
      0.35,
      0.55,
      0.063,
      0.27,
      0.9,
      0.55,
      2.2,
      1.4,
      0.15,
      0.35,
      0.45,
      5.6,
      2.7,
      0.55,
      21.6,
      1.9,
      1.4,
      5.1,
      4.8,
      5.1,
      0.35,
      4.2,
      1.4,
      3.7,
      0.1,
      0.65,
      2.3,
      12.4,
      0.14,
      0.35,
      2.7,
      1.4,
      1.0,
      18.6,
      1.0,
      0.3,
      1.4,
      0.55,
      0.0,
      8.3,
      5.1,
      3.1,
      28.1,
      4.7,
      11.2,
      1.5,
      0.3,
      3.2,
      23.7,
      29.5,
      0.5,
      47.1,
      0.65,
      45.7
    ],
    [
      8.7,
      8.8,
      7.4,
      9.8,
      8.8,
      7.5,
      7.8,
      7.7,
      8.0,
      8.7,
      8.8,
      8.6,
      7.4,
      9.5,
      8.3,
      8.2,
      14.6,
      6.3,
      8.7,
      8.2,
      2.2,
      8.4,
      8.3,
      9.9,
      8.7,
      6.0,
      8.8,
      8.5,
      9.6,
      4.6,
      8.8,
      7.4,
      7.4,
      8.7,
      6.6,
      12.1,
      8.6,
      7.5,
      6.9,
      8.1,
      8.3,
      0.0,
      9.3,
      5.2,
      21.7,
      9.0,
      12.0,
      8.5,
      8.8,
      8.5,
      37.1,
      50.6,
      8.3,
      70.8,
      8.9,
      72.9
    ],
    [
      5.0,
      5.1,
      4.1,
      4.5,
      5.1,
      4.2,
      5.5,
      4.5,
      6.1,
      5.5,
      5.0,
      4.8,
      4.0,
      1.6,
      4.6,
      5.0,
      15.7,
      3.4,
      5.5,
      9.1,
      7.4,
      9.1,
      5.1,
      6.1,
      5.5,
      6.8,
      5.0,
      4.7,
      4.2,
      10.3,
      5.0,
      4.1,
      6.6,
      5.5,
      4.3,
      19.9,
      4.9,
      4.2,
      3.6,
      4.8,
      5.1,
      9.3,
      0.0,
      5.7,
      28.8,
      0.65,
      6.4,
      5.6,
      5.4,
      3.5,
      27.0,
      26.0,
      4.3,
      44.7,
      5.3,
      43.3
    ],
    [
      4.4,
      4.4,
      3.8,
      4.7,
      4.5,
      3.9,
      2.6,
      3.9,
      1.7,
      3.1,
      4.4,
      4.2,
      3.8,
      6.3,
      4.7,
      3.1,
      19.5,
      4.2,
      3.6,
      3.6,
      3.0,
      3.5,
      3.2,
      6.2,
      3.1,
      1.0,
      4.4,
      4.1,
      4.4,
      7.9,
      4.4,
      3.8,
      1.1,
      3.6,
      3.0,
      16.9,
      4.4,
      3.9,
      3.5,
      2.9,
      3.1,
      5.2,
      5.7,
      0.0,
      19.7,
      5.2,
      11.2,
      2.6,
      3.4,
      4.3,
      23.8,
      55.1,
      3.8,
      48.7,
      3.6,
      47.3
    ],
    [
      28.6,
      28.6,
      27.3,
      29.7,
      28.7,
      27.4,
      20.4,
      27.5,
      19.7,
      20.3,
      28.6,
      28.4,
      27.2,
      29.3,
      28.2,
      28.1,
      24.4,
      26.1,
      20.8,
      16.7,
      22.7,
      16.7,
      28.2,
      29.7,
      20.3,
      19.3,
      28.6,
      28.3,
      21.9,
      22.6,
      28.6,
      27.3,
      18.6,
      20.8,
      26.4,
      3.7,
      28.5,
      27.4,
      26.7,
      27.9,
      28.1,
      21.7,
      28.8,
      19.7,
      0.0,
      28.2,
      31.8,
      20.0,
      21.4,
      27.7,
      35.1,
      61.0,
      27.5,
      72.3,
      21.5,
      70.9
    ],
    [
      4.7,
      4.7,
      3.8,
      4.3,
      4.8,
      3.9,
      5.1,
      4.2,
      5.8,
      5.2,
      4.7,
      4.5,
      3.6,
      0.9,
      4.3,
      4.7,
      15.7,
      3.0,
      5.1,
      8.9,
      7.2,
      8.8,
      4.8,
      5.8,
      5.2,
      6.5,
      4.7,
      4.4,
      4.0,
      10.1,
      4.7,
      3.8,
      6.3,
      5.1,
      3.9,
      19.6,
      4.6,
      3.9,
      3.3,
      4.5,
      4.7,
      9.0,
      0.65,
      5.2,
      28.2,
      0.0,
      6.4,
      5.3,
      5.1,
      3.4,
      26.7,
      26.0,
      4.0,
      44.7,
      5.0,
      43.3
    ],
    [
      11.1,
      10.9,
      10.2,
      10.3,
      10.9,
      10.3,
      11.8,
      10.6,
      12.9,
      11.6,
      10.9,
      10.7,
      10.0,
      5.9,
      10.4,
      11.1,
      11.0,
      9.5,
      11.6,
      14.8,
      12.3,
      14.8,
      11.2,
      12.8,
      11.6,
      12.4,
      10.9,
      10.6,
      10.1,
      13.6,
      10.9,
      10.2,
      12.2,
      11.6,
      10.4,
      23.5,
      10.7,
      10.3,
      9.7,
      10.9,
      11.2,
      12.0,
      6.4,
      11.2,
      31.8,
      6.4,
      0.0,
      11.7,
      11.3,
      10.7,
      47.5,
      25.1,
      10.2,
      43.7,
      11.1,
      42.3
    ],
    [
      2.4,
      0.8,
      2.2,
      2.7,
      2.5,
      2.4,
      0.5,
      2.3,
      1.2,
      0.27,
      2.4,
      2.2,
      2.2,
      6.2,
      3.2,
      0.6,
      22.1,
      2.4,
      NaN,
      3.7,
      5.0,
      3.7,
      0.65,
      5.1,
      0.27,
      3.9,
      2.4,
      2.2,
      2.4,
      10.0,
      2.4,
      2.2,
      2.1,
      0.0,
      1.8,
      19.1,
      2.4,
      2.4,
      1.9,
      0.6,
      1.5,
      8.5,
      5.6,
      2.6,
      20.0,
      5.3,
      11.7,
      0.0,
      1.3,
      3.8,
      22.4,
      29.9,
      2.7,
      46.7,
      0.65,
      45.3
    ],
    [
      0.17,
      0.55,
      0.55,
      0.55,
      0.3,
      0.45,
      1.3,
      0.85,
      2.5,
      1.4,
      0.23,
      0.043,
      0.65,
      6.0,
      1.8,
      1.4,
      22.4,
      2.7,
      1.3,
      5.1,
      5.6,
      5.0,
      0.55,
      3.1,
      1.3,
      4.5,
      0.23,
      0.4,
      0.35,
      13.2,
      0.2,
      0.55,
      3.5,
      1.3,
      2.1,
      19.4,
      0.7,
      0.5,
      2.2,
      0.8,
      0.3,
      8.8,
      5.4,
      3.4,
      21.4,
      5.1,
      11.3,
      1.3,
      0.0,
      2.6,
      22.7,
      29.1,
      0.17,
      46.1,
      0.85,
      44.7
    ],
    [
      2.8,
      2.8,
      2.3,
      2.3,
      2.9,
      2.4,
      3.8,
      2.7,
      4.3,
      3.8,
      2.8,
      2.6,
      2.1,
      4.5,
      2.6,
      3.5,
      21.6,
      1.9,
      3.9,
      7.5,
      6.6,
      7.5,
      3.3,
      3.2,
      3.7,
      5.9,
      2.8,
      2.5,
      2.0,
      12.8,
      2.8,
      2.3,
      5.4,
      3.8,
      2.5,
      19.0,
      2.7,
      2.4,
      2.1,
      3.0,
      3.2,
      8.5,
      3.5,
      4.3,
      27.7,
      3.4,
      10.7,
      3.8,
      2.6,
      0.0,
      24.9,
      26.9,
      2.2,
      42.1,
      3.1,
      40.7
    ],
    [
      23.1,
      23.2,
      23.8,
      23.4,
      23.2,
      23.9,
      23.2,
      24.4,
      22.6,
      22.0,
      23.1,
      22.9,
      23.6,
      44.9,
      32.5,
      22.5,
      39.8,
      41.7,
      22.4,
      23.0,
      38.1,
      23.0,
      22.6,
      30.7,
      22.0,
      24.6,
      22.9,
      22.9,
      23.2,
      38.0,
      22.9,
      23.8,
      22.7,
      22.4,
      23.8,
      37.6,
      32.2,
      23.7,
      24.1,
      24.9,
      23.7,
      37.1,
      27.0,
      23.8,
      35.1,
      26.7,
      47.5,
      22.4,
      22.7,
      24.9,
      0.0,
      61.1,
      23.9,
      60.3,
      23.5,
      58.9
    ],
    [
      47.0,
      47.1,
      56.2,
      28.7,
      47.1,
      29.2,
      47.3,
      56.5,
      47.8,
      47.0,
      47.0,
      47.1,
      28.4,
      25.8,
      28.4,
      29.5,
      40.2,
      55.0,
      47.4,
      57.6,
      51.6,
      57.6,
      29.6,
      29.0,
      47.0,
      54.8,
      29.3,
      29.0,
      28.5,
      51.5,
      29.3,
      29.1,
      56.1,
      47.4,
      28.7,
      52.7,
      29.1,
      29.3,
      29.0,
      29.3,
      29.5,
      50.6,
      26.0,
      55.1,
      61.0,
      26.0,
      25.1,
      29.9,
      29.1,
      26.9,
      61.1,
      0.0,
      28.9,
      17.8,
      29.8,
      18.8
    ],
    [
      0.35,
      0.65,
      0.7,
      0.5,
      0.45,
      0.65,
      2.7,
      1.7,
      3.4,
      2.7,
      0.4,
      0.17,
      0.7,
      4.9,
      0.8,
      1.0,
      21.8,
      2.1,
      2.7,
      6.4,
      6.9,
      6.4,
      0.75,
      2.8,
      2.7,
      4.8,
      0.4,
      0.35,
      0.28,
      12.6,
      0.35,
      0.7,
      3.9,
      2.7,
      1.5,
      18.9,
      0.6,
      0.65,
      1.7,
      1.0,
      0.5,
      8.3,
      4.3,
      3.8,
      27.5,
      4.0,
      10.2,
      2.7,
      0.17,
      2.2,
      23.9,
      28.9,
      0.0,
      46.0,
      0.8,
      44.6
    ],
    [
      45.4,
      46.4,
      47.0,
      46.6,
      46.4,
      47.1,
      46.6,
      47.8,
      47.0,
      46.3,
      46.3,
      46.1,
      47.0,
      44.4,
      46.2,
      46.7,
      60.4,
      47.9,
      46.7,
      49.6,
      71.8,
      49.6,
      46.8,
      44.4,
      46.3,
      49.8,
      46.3,
      46.1,
      46.4,
      71.7,
      46.3,
      47.0,
      48.0,
      46.7,
      47.3,
      72.9,
      46.2,
      47.1,
      47.5,
      47.6,
      47.1,
      70.8,
      44.7,
      48.7,
      72.3,
      44.7,
      43.7,
      46.7,
      46.1,
      42.1,
      60.3,
      17.8,
      46.0,
      0.0,
      44.7,
      2.1
    ],
    [
      0.7,
      0.45,
      0.9,
      1.5,
      0.6,
      2.0,
      0.6,
      1.0,
      2.6,
      0.7,
      0.65,
      0.8,
      1.9,
      5.8,
      1.6,
      0.3,
      22.8,
      2.8,
      1.5,
      5.2,
      5.8,
      5.2,
      0.3,
      3.0,
      0.65,
      4.6,
      0.65,
      0.55,
      1.0,
      13.3,
      0.7,
      0.9,
      3.6,
      0.65,
      2.2,
      19.5,
      0.85,
      0.85,
      2.4,
      0.35,
      0.65,
      8.9,
      5.3,
      3.6,
      21.5,
      5.0,
      11.1,
      0.65,
      0.85,
      3.1,
      23.5,
      29.8,
      0.8,
      44.7,
      0.0,
      45.1
    ],
    [
      44.9,
      45.0,
      45.6,
      45.2,
      45.0,
      45.7,
      45.2,
      46.4,
      45.6,
      44.9,
      44.9,
      44.7,
      45.6,
      43.0,
      44.8,
      45.3,
      62.6,
      46.5,
      45.3,
      48.2,
      74.1,
      48.2,
      45.4,
      43.0,
      44.9,
      48.4,
      44.9,
      44.7,
      44.9,
      73.8,
      44.9,
      45.6,
      46.6,
      45.3,
      45.9,
      73.3,
      44.8,
      45.7,
      46.1,
      46.2,
      45.7,
      72.9,
      43.3,
      47.3,
      70.9,
      43.3,
      42.3,
      45.3,
      44.7,
      40.7,
      58.9,
      18.8,
      44.6,
      2.1,
      45.1,
      0.0
    ]
  ],
  "drive_time_matrix": [
    [
      0.0,
      4.0,
      4.0,
      6.0,
      1.0,
      3.0,
      12.0,
      8.0,
      9.0,
      6.0,
      1.0,
      2.0,
      6.0,
      18.0,
      7.0,
      8.0,
      22.0,
      9.0,
      9.0,
      14.0,
      13.0,
      16.0,
      5.0,
      9.0,
      6.0,
      16.0,
      1.0,
      6.0,
      6.0,
      21.0,
      1.0,
      4.0,
      11.0,
      9.0,
      7.0,
      31.0,
      6.0,
      4.0,
      8.0,
      8.0,
      2.0,
      17.0,
      16.0,
      11.0,
      31.0,
      14.0,
      31.0,
      9.0,
      2.0,
      9.0,
      39.0,
      47.0,
      4.0,
      46.0,
      9.0,
      43.0
    ],
    [
      4.0,
      0.0,
      8.0,
      9.0,
      1.0,
      6.0,
      9.0,
      9.0,
      9.0,
      8.0,
      4.0,
      7.0,
      8.0,
      19.0,
      8.0,
      5.0,
      23.0,
      10.0,
      10.0,
      15.0,
      14.0,
      16.0,
      2.0,
      10.0,
      8.0,
      16.0,
      3.0,
      5.0,
      10.0,
      24.0,
      4.0,
      7.0,
      12.0,
      10.0,
      8.0,
      32.0,
      11.0,
      6.0,
      9.0,
      5.0,
      4.0,
      17.0,
      16.0,
      13.0,
      31.0,
      15.0,
      32.0,
      10.0,
      6.0,
      9.0,
      39.0,
      47.0,
      7.0,
      49.0,
      6.0,
      44.0
    ],
    [
      4.0,
      8.0,
      0.0,
      6.0,
      4.0,
      1.0,
      6.0,
      6.0,
      9.0,
      7.0,
      5.0,
      7.0,
      4.0,
      15.0,
      7.0,
      10.0,
      18.0,
      5.0,
      8.0,
      14.0,
      9.0,
      16.0,
      7.0,
      8.0,
      7.0,
      12.0,
      5.0,
      8.0,
      6.0,
      19.0,
      4.0,
      1.0,
      11.0,
      8.0,
      6.0,
      27.0,
      6.0,
      1.0,
      8.0,
      10.0,
      4.0,
      12.0,
      12.0,
      11.0,
      27.0,
      11.0,
      28.0,
      8.0,
      6.0,
      8.0,
      38.0,
      45.0,
      9.0,
      47.0,
      11.0,
      43.0
    ],
    [
      6.0,
      9.0,
      6.0,
      0.0,
      7.0,
      6.0,
      8.0,
      9.0,
      9.0,
      7.0,
      7.0,
      7.0,
      6.0,
      18.0,
      9.0,
      5.0,
      23.0,
      8.0,
      9.0,
      14.0,
      13.0,
      15.0,
      10.0,
      8.0,
      7.0,
      16.0,
      7.0,
      9.0,
      3.0,
      23.0,
      7.0,
      6.0,
      11.0,
      9.0,
      7.0,
      31.0,
      5.0,
      6.0,
      7.0,
      5.0,
      7.0,
      17.0,
      15.0,
      13.0,
      31.0,
      14.0,
      29.0,
      9.0,
      7.0,
      8.0,
      38.0,
      48.0,
      6.0,
      47.0,
      3.0,
      43.0
    ],
    [
      1.0,
      1.0,
      4.0,
      7.0,
      0.0,
      3.0,
      11.0,
      10.0,
      9.0,
      7.0,
      1.0,
      4.0,
      5.0,
      17.0,
      7.0,
      6.0,
      22.0,
      9.0,
      9.0,
      14.0,
      13.0,
      16.0,
      3.0,
      9.0,
      7.0,
      16.0,
      1.0,
      7.0,
      7.0,
      22.0,
      1.0,
      4.0,
      11.0,
      9.0,
      7.0,
      31.0,
      7.0,
      3.0,
      8.0,
      6.0,
      1.0,
      16.0,
      15.0,
      12.0,
      30.0,
      14.0,
      32.0,
      9.0,
      4.0,
      9.0,
      38.0,
      46.0,
      5.0,
      45.0,
      7.0,
      42.0
    ],
    [
      3.0,
      6.0,
      1.0,
      6.0,
      3.0,
      0.0,
      6.0,
      5.0,
      9.0,
      8.0,
      4.0,
      6.0,
      5.0,
      16.0,
      8.0,
      9.0,
      19.0,
      6.0,
      8.0,
      15.0,
      9.0,
