{
  "drive_dist_matrix": [
    [
      0.0,
      10.0,
      0.8,
      2.4,
      0.55,
      35.7,
      6.3,
      7.5,
      3.6,
      1.9,
      7.5
    ],
    [
      10.0,
      0.0,
      10.8,
      12.0,
      10.2,
      29.3,
      4.5,
      9.9,
      11.0,
      7.0,
      6.2
    ],
    [
      0.8,
      10.8,
      0.0,
      2.0,
      0.4,
      37.0,
      7.6,
      8.2,
      4.4,
      2.7,
      8.1
    ],
    [
      2.4,
      12.0,
      2.0,
      0.0,
      2.6,
      37.8,
      8.5,
      10.4,
      6.6,
      5.0,
      10.6
    ],
    [
      0.55,
      10.2,
      0.4,
      2.6,
      0.0,
      36.6,
      7.3,
      7.8,
      3.9,
      2.3,
      7.7
    ],
    [
      35.7,
      29.3,
      37.0,
      37.8,
      36.6,
      0.0,
      29.8,
      38.2,
      37.0,
      32.9,
      30.3
    ],
    [
      6.3,
      4.5,
      7.6,
      8.5,
      7.3,
      29.8,
      0.0,
      7.1,
      7.7,
      3.4,
      3.1
    ],
    [
      7.5,
      9.9,
      8.2,
      10.4,
      7.8,
      38.2,
      7.1,
      0.0,
      4.2,
      6.4,
      10.3
    ],
    [
      3.6,
      11.0,
      4.4,
      6.6,
      3.9,
      37.0,
      7.7,
      4.2,
      0.0,
      5.0,
      11.3
    ],
    [
      1.9,
      7.0,
      2.7,
      5.0,
      2.3,
      32.9,
      3.4,
      6.4,
      5.0,
      0.0,
      6.9
    ],
    [
      7.5,
      6.2,
      8.1,
      10.6,
      7.7,
      30.3,
      3.1,
      10.3,
      11.3,
      6.9,
      0.0
    ]
  ],
  "drive_time_matrix": [
    [
      0.0,
      13.0,
      8.0,
      4.0,
      5.0,
      36.0,
      11.0,
      12.0,
      6.0,
      5.0,
      13.0
    ],
    [
      13.0,
      0.0,
      14.0,
      17.0,
      14.0,
      28.0,
      8.0,
      14.0,
      17.0,
      13.0,
      11.0
    ],
    [
      8.0,
      14.0,
      0.0,
      3.0,
      5.0,
      37.0,
      12.0,
      14.0,
      8.0,
      7.0,
      14.0
    ],
    [
      4.0,
      17.0,
      3.0,
      0.0,
      5.0,
      38.0,
      13.0,
      17.0,
      11.0,
      10.0,
      16.0
    ],
    [
      5.0,
      14.0,
      5.0,
      5.0,
      0.0,
      37.0,
      11.0,
      13.0,
      7.0,
      6.0,
      13.0
    ],
    [
      36.0,
      28.0,
      37.0,
      38.0,
      37.0,
      0.0,
      32.0,
      39.0,
      43.0,
      38.0,
      31.0
    ],
    [
      11.0,
      8.0,
      12.0,
      13.0,
      11.0,
      32.0,
      0.0,
      13.0,
      15.0,
      8.0,
      6.0
    ],
    [
      12.0,
      14.0,
      14.0,
      17.0,
      13.0,
      39.0,
      13.0,
      0.0,
      8.0,
      12.0,
      17.0
    ],
    [
      6.0,
      17.0,
      8.0,
      11.0,
      7.0,
      43.0,
      15.0,
      8.0,
      0.0,
      10.0,
      20.0
    ],
    [
      5.0,
      13.0,
      7.0,
      10.0,
      6.0,
      38.0,
      8.0,
      12.0,
      10.0,
      0.0,
      13.0
    ],
    [
      13.0,
      11.0,
      14.0,
      16.0,
      13.0,
      31.0,
      6.0,
      17.0,
      20.0,
      13.0,
      0.0
    ]
  ],
  "transit_dist_walk_matrix": [
    [
      0.0,
      0.9166300000000001,
      NaN,
      NaN,
      NaN,
      NaN,
      NaN,
      1.08329,
      NaN,
      NaN,
      1.2499500000000001
    ],
    [
      0.9166300000000001,
      0.0,
      1.49994,
      1.33328,
      1.58327,
      NaN,
      NaN,
      1.91659,
      1.41661,
      1.91659,
      1.33328
    ],
    [
      NaN,
      1.49994,
      0.0,
      NaN,
      NaN,
      NaN,
      0.99996,
      1.8332600000000001,
      NaN,
      NaN,
      1.2499500000000001
    ],
    [
      NaN,
      1.33328,
      NaN,
      0.0,
      NaN,
      NaN,
      0.9166300000000001,
      1.41661,
      NaN,
      NaN,
      1.58327
    ],
    [
      NaN,
      1.58327,
      NaN,
      NaN,
      0.0,
      NaN,
      NaN,
      1.41661,
      NaN,
      NaN,
      1.74993
    ],
    [
      NaN,
      NaN,
      NaN,
      NaN,
      NaN,
      0.0,
      NaN,
      NaN,
      NaN,
      NaN,
      NaN
    ],
    [
      NaN,
      NaN,
      0.99996,
      0.9166300000000001,
      NaN,
      NaN,
      0.0,
      1.41661,
      1.33328,
      NaN,
      NaN
    ],
    [
      1.08329,
      1.91659,
      1.8332600000000001,
      1.41661,
      1.41661,
      NaN,
      1.41661,
      0.0,
      NaN,
      1.91659,
      1.2499500000000001
    ],
    [
      NaN,
      1.41661,
      NaN,
      NaN,
      NaN,
      NaN,
      1.33328,
      NaN,
      0.0,
      1.08329,
      1.33328
    ],
    [
      NaN,
      1.91659,
      NaN,
      NaN,
      NaN,
      NaN,
      NaN,
      1.91659,
      1.08329,
      0.0,
      1.74993
    ],
    [
      1.2499500000000001,
      1.33328,
      1.2499500000000001,
      1.58327,
      1.74993,
      NaN,
      NaN,
      1.2499500000000001,
      1.33328,
      1.74993,
      0.0
    ]
  ],
  "transit_time_matrix": [
    [
      0.0,
      50.0,
      0.0,
      0.0,
      NaN,
      NaN,
      0.0,
      41.0,
      0.0,
      0.0,
      64.0
    ],
    [
      50.0,
      0.0,
      61.0,
      17.0,
      60.0,
      NaN,
      0.0,
      98.0,
      17.0,
      60.0,
      83.0
    ],
    [
      0.0,
      61.0,
      0.0,
      0.0,
      NaN,
      NaN,
      42.0,
      51.0,
      0.0,
      0.0,
      66.0
    ],
    [
      0.0,
      17.0,
      0.0,
      0.0,
      0.0,
      NaN,
      37.0,
      17.0,
      0.0,
      0.0,
      49.0
    ],
    [
      NaN,
      60.0,
      NaN,
      0.0,
      0.0,
      NaN,
      0.0,
      46.0,
      0.0,
      0.0,
      98.0
    ],
    [
      NaN,
      NaN,
      NaN,
      NaN,
      NaN,
      0.0,
      NaN,
      NaN,
      NaN,
      NaN,
      NaN
    ],
    [
      0.0,
      0.0,
      42.0,
      37.0,
      0.0,
      NaN,
      0.0,
      74.0,
      41.0,
      0.0,
      0.0
    ],
    [
      41.0,
      98.0,
      51.0,
      17.0,
      46.0,
      NaN,
      74.0,
      0.0,
      0.0,
      64.0,
      51.0
    ],
    [
      0.0,
      17.0,
      0.0,
      0.0,
      0.0,
      NaN,
      41.0,
      0.0,
      0.0,
      73.0,
      91.0
    ],
    [
      0.0,
      60.0,
      0.0,
      0.0,
      0.0,
      NaN,
      0.0,
      64.0,
      73.0,
      0.0,
      13.0
    ],
    [
      64.0,
      83.0,
      66.0,
      49.0,
      98.0,
      NaN,
      0.0,
      51.0,
      91.0,
      13.0,
      0.0
    ]
  ],
  "walk_dist_matrix": [
    [
      0.0,
      8.2,
      0.8,
      2.4,
      0.4,
      32.4,
      4.2,
      7.2,
      3.6,
      2.1,
      6.9
    ],
    [
      8.2,
      0.0,
      8.9,
      10.4,
      8.5,
      26.7,
      4.2,
      9.6,
      10.8,
      6.7,
      5.9
    ],
    [
      0.8,
      8.9,
      0.0,
      1.7,
      0.4,
      33.2,
      4.9,
      7.5,
      3.9,
      2.8,
      7.5
    ],
    [
      2.4,
      10.4,
      1.7,
      0.0,
      2.1,
      34.7,
      6.4,
      7.9,
      4.0,
      4.4,
      9.1
    ],
    [
      0.4,
      8.5,
      0.4,
      2.1,
      0.0,
      32.8,
      4.5,
      7.1,
      3.5,
      2.5,
      7.1
    ],
    [
      32.4,
      26.7,
      33.2,
      34.7,
      32.8,
      0.0,
      28.5,
      34.5,
      35.7,
      31.3,
      28.7
    ],
    [
      4.2,
      4.2,
      4.9,
      6.4,
      4.5,
      28.5,
      0.0,
      6.9,
      7.6,
      3.1,
      3.1
    ],
    [
      7.2,
      9.6,
      7.5,
      7.9,
      7.1,
      34.5,
      6.9,
      0.0,
      4.1,
      6.3,
      10.0
    ],
    [
      3.6,
      10.8,
      3.9,
      4.0,
      3.5,
      35.7,
      7.6,
      4.1,
      0.0,
      4.8,
      10.4
    ],
    [
      2.1,
      6.7,
      2.8,
      4.4,
      2.5,
      31.3,
      3.1,
      6.3,
      4.8,
      0.0,
      5.9
    ],
    [
      6.9,
      5.9,
      7.5,
      9.1,
      7.1,
      28.7,
      3.1,
      10.0,
      10.4,
      5.9,
      0.0
    ]
  ],
  "walk_time_matrix": [
    [
      0.0,
      101.0,
      10.0,
      29.0,
      5.0,
      396.0,
      51.0,
      88.0,
      44.0,
      25.0,
      64.0
    ],
    [
      101.0,
      0.0,
      111.0,
      130.0,
      60.0,
      324.0,
      53.0,
      117.0,
      134.0,
      84.0,
      75.0
    ],
    [
      10.0,
      111.0,
      0.0,
      21.0,
      5.0,
      405.0,
      42.0,
      91.0,
      47.0,
      35.0,
      93.0
    ],
    [
      29.0,
      130.0,
      21.0,
      0.0,
      26.0,
      425.0,
      80.0,
      100.0,
      53.0,
      54.0,
      114.0
    ],
    [
      5.0,
      60.0,
      5.0,
      26.0,
      0.0,
      401.0,
      56.0,
      86.0,
      42.0,
      30.0,
      89.0
    ],
    [
      396.0,
      324.0,
      405.0,
      425.0,
      401.0,
      0.0,
      349.0,
      421.0,
      437.0,
      384.0,
      350.0
    ],
    [
      51.0,
      53.0,
      42.0,
      80.0,
      56.0,
      349.0,
      0.0,
      74.0,
      41.0,
      38.0,
      39.0
    ],
    [
      88.0,
      117.0,
      91.0,
      100.0,
      86.0,
      421.0,
      74.0,
      0.0,
      50.0,
      79.0,
      124.0
    ],
    [
      44.0,
      134.0,
      47.0,
      53.0,
      42.0,
      437.0,
      41.0,
      50.0,
      0.0,
      61.0,
      130.0
    ],
    [
      25.0,
      84.0,
      35.0,
      54.0,
      30.0,
      384.0,
      38.0,
      79.0,
      61.0,
      0.0,
      73.0
    ],
    [
      64.0,
      75.0,
      93.0,
      114.0,
      89.0,
      350.0,
      39.0,
      124.0,
      130.0,
      73.0,
      0.0
    ]
  ],
  "cycle_dist_matrix": [
    [
      0.0,
      8.2,
      0.8,
      2.4,
      0.4,
      32.4,
      4.2,
      7.2,
      3.6,
      2.1,
      6.9
    ],
    [
      8.2,
      0.0,
      8.9,
      10.4,
      8.5,
      26.7,
      4.2,
      9.6,
      10.8,
      6.7,
      5.9
    ],
    [
      0.8,
      8.9,
      0.0,
      1.7,
      0.4,
      33.2,
      4.9,
      7.5,
      3.9,
      2.8,
      7.5
    ],
    [
      2.4,
      10.4,
      1.7,
      0.0,
      2.1,
      34.7,
      6.4,
      7.9,
      4.0,
      4.4,
      9.1
    ],
    [
      0.4,
      8.5,
      0.4,
      2.1,
      0.0,
      32.8,
      4.5,
      7.1,
      3.5,
      2.5,
      7.1
    ],
    [
      32.4,
      26.7,
      33.2,
      34.7,
      32.8,
      0.0,
      28.5,
      34.5,
      35.7,
      31.3,
      28.7
    ],
    [
      4.2,
      4.2,
      4.9,
      6.4,
      4.5,
      28.5,
      0.0,
      6.9,
      7.6,
      3.1,
      3.1
    ],
    [
      7.2,
      9.6,
      7.5,
      7.9,
      7.1,
      34.5,
      6.9,
      0.0,
      4.1,
      6.3,
      10.0
    ],
    [
      3.6,
      10.8,
      3.9,
      4.0,
      3.5,
      35.7,
      7.6,
      4.1,
      0.0,
      4.8,
      10.4
    ],
    [
      2.1,
      6.7,
      2.8,
      4.4,
      2.5,
      31.3,
      3.1,
      6.3,
      4.8,
      0.0,
      5.9
    ],
    [
      6.9,
      5.9,
      7.5,
      9.1,
      7.1,
      28.7,
      3.1,
      10.0,
      10.4,
      5.9,
      0.0
    ]
  ],
  "cycle_time_matrix": [
    [
      0.0,
      101.0,
      10.0,
      30.0,
      5.0,
      396.0,
      51.0,
      88.0,
      44.0,
      25.0,
      86.0
    ],
    [
      101.0,
      0.0,
      111.0,
      130.0,
      107.0,
      324.0,
      54.0,
      117.0,
      134.0,
      84.0,
      75.0
    ],
    [
      10.0,
      111.0,
      0.0,
      21.0,
      5.0,
      405.0,
      60.0,
      91.0,
      47.0,
      35.0,
      93.0
    ],
    [
      30.0,
      130.0,
      21.0,
      0.0,
      26.0,
      425.0,
      80.0,
      100.0,
      53.0,
      54.0,
      114.0
    ],
    [
      5.0,
      107.0,
      5.0,
      26.0,
      0.0,
      401.0,
      56.0,
      86.0,
      42.0,
      30.0,
      89.0
    ],
    [
      396.0,
      324.0,
      405.0,
      425.0,
      401.0,
      0.0,
      349.0,
      421.0,
      437.0,
      384.0,
      350.0
    ],
    [
      51.0,
      54.0,
      60.0,
      80.0,
      56.0,
      349.0,
      0.0,
      84.0,
      94.0,
      38.0,
      39.0
    ],
    [
      88.0,
      117.0,
      91.0,
      100.0,
      86.0,
      421.0,
      84.0,
      0.0,
      50.0,
      79.0,
      124.0
    ],
    [
      44.0,
      134.0,
      47.0,
      53.0,
      42.0,
      437.0,
      94.0,
      50.0,
      0.0,
      61.0,
      130.0
    ],
    [
      25.0,
      84.0,
      35.0,
      54.0,
      30.0,
      384.0,
      38.0,
      79.0,
      61.0,
      0.0,
      73.0
    ],
    [
      86.0,
      75.0,
      93.0,
      114.0,
      89.0,
      350.0,
      39.0,
      124.0,
      130.0,
      73.0,
      0.0
    ]
  ],
  "avg_dd": [
    [
      10.384297520661159
    ]
  ]
}