{
  "drive_dist_matrix": [
    [
      0.0,
      16.415267999999998,
      14.323126,
      17.70274,
      18.346476,
      4.184284,
      13.357522000000001,
      32.669602,
      40.716302,
      18.50741,
      19.794882,
      19.633948,
      14.323126,
      14.805927999999998,
      30.738394000000003,
      17.219938,
      14.644993999999999,
      2.41401,
      14.805927999999998,
      1.60934,
      17.863674,
      27.35878,
      31.864932,
      19.151146,
      24.1401,
      12.713786,
      15.610598,
      21.72609,
      15.127796,
      17.541806,
      23.818232000000002,
      15.449663999999999,
      14.48406,
      22.53076,
      26.232242,
      17.541806,
      26.715044000000002,
      11.909116000000001,
      33.313338,
      14.805927999999998,
      17.219938,
      11.104446000000001,
      19.31208,
      17.380872,
      19.473014,
      13.196587999999998,
      8.690436,
      14.323126,
      19.151146,
      16.576202000000002,
      17.380872,
      14.644993999999999,
      23.33543,
      25.74944,
      14.48406,
      9.334171999999999,
      22.047957999999998,
      14.323126
    ],
    [
      16.415267999999998,
      0.0,
      4.506151999999999,
      10.621644,
      3.379614,
      15.771532,
      13.035654,
      21.404222,
      25.266638,
      11.104446000000001,
      11.587248,
      9.334171999999999,
      4.184284,
      5.310822,
      19.955816000000002,
      3.057746,
      4.345218,
      15.771532,
      5.310822,
      17.059003999999998,
      10.782578,
      20.438617999999998,
      21.082354,
      9.012303999999999,
      17.380872,
      14.162192000000001,
      6.276426,
      11.26538,
      5.149888000000001,
      10.299776000000001,
      13.035654,
      8.0467,
      5.793624,
      11.748182,
      30.899327999999997,
      10.299776000000001,
      15.932466,
      16.576202000000002,
      31.543064,
      4.345218,
      2.735878,
      13.67939,
      4.184284,
      6.43736,
      27.680647999999998,
      6.276426,
      13.357522000000001,
      4.9889540000000006,
      12.07005,
      15.771532,
      6.598293999999999,
      4.9889540000000006,
      12.552852,
      29.611855999999996,
      5.149888000000001,
      8.529501999999999,
      11.26538,
      4.9889540000000006
    ],
    [
      14.323126,
      4.506151999999999,
      0.0,
      4.506151999999999,
      2.41401,
      13.67939,
      9.173238,
      17.380872,
      21.243288,
      5.63269,
      7.24203,
      13.67939,
      0.48280199999999995,
      0.9656039999999999,
      15.932466,
      1.9312079999999998,
      0.16093400000000002,
      14.323126,
      0.80467,
      14.966862,
      4.82802,
      18.346476,
      17.219938,
      4.9889540000000006,
      9.495106,
      10.46071,
      2.5749440000000003,
      7.0810960000000005,
      1.448406,
      4.667085999999999,
      9.173238,
      2.896812,
      0.6437360000000001,
      7.724831999999999,
      27.197846,
      4.667085999999999,
      12.07005,
      12.87472,
      27.680647999999998,
      1.1265379999999998,
      1.9312079999999998,
      14.644993999999999,
      5.9545580000000005,
      2.896812,
      24.1401,
      3.057746,
      9.65604,
      0.48280199999999995,
      6.9201619999999995,
      12.07005,
      3.057746,
      0.6437360000000001,
      8.529501999999999,
      28.16345,
      0.80467,
      7.885766,
      7.24203,
      0.223
    ],
    [
      17.70274,
      10.621644,
      4.506151999999999,
      0.0,
      5.149888000000001,
      16.254334,
      4.02335,
      10.621644,
      16.0934,
      1.60934,
      3.057746,
      18.990212,
      4.345218,
      3.21868,
      10.138842,
      5.793624,
      4.345218,
      16.737136,
      3.5405480000000003,
      17.380872,
      0.48280199999999995,
      11.587248,
      11.748182,
      3.21868,
      6.759228,
      4.82802,
      2.5749440000000003,
      4.345218,
      3.8624159999999996,
      0.48280199999999995,
      9.173238,
      2.735878,
      3.7014819999999995,
      6.115492,
      27.35878,
      0.32186800000000004,
      11.909116000000001,
      13.518456,
      22.691694,
      4.506151999999999,
      5.793624,
      17.219938,
      8.368568,
      2.092142,
      25.266638,
      4.506151999999999,
      10.299776000000001,
      4.02335,
      2.735878,
      6.9201619999999995,
      1.7702740000000001,
      4.345218,
      8.207633999999999,
      30.57746,
      4.506151999999999,
      7.885766,
      7.0810960000000005,
      4.02335
    ],
    [
      18.346476,
      3.379614,
      2.41401,
      5.149888000000001,
      0.0,
      16.576202000000002,
      8.85137,
      17.541806,
      21.404222,
      6.276426,
      6.9201619999999995,
      12.391918,
      4.345218,
      2.41401,
      16.0934,
      1.60934,
      2.41401,
      17.219938,
      2.2530759999999996,
      17.863674,
      5.63269,
      16.415267999999998,
      17.380872,
      5.149888000000001,
      9.173238,
      11.909116000000001,
      3.379614,
      6.759228,
      2.2530759999999996,
      5.471756,
      9.334171999999999,
      4.184284,
      2.735878,
      7.885766,
      30.255592,
      5.471756,
      12.230984,
      15.771532,
      27.35878,
      2.092142,
      1.60934,
      17.541806,
      3.21868,
      3.7014819999999995,
      27.036912,
      7.402963999999999,
      12.713786,
      2.896812,
      6.598293999999999,
      11.748182,
      3.7014819999999995,
      3.057746,
      8.690436,
      31.060262,
      3.057746,
      10.782578,
      7.402963999999999,
      2.896812
    ],
    [
      4.184284,
      15.771532,
      13.67939,
      16.254334,
      16.576202000000002,
      0.0,
      11.748182,
      28.96812,
      37.01482,
      16.89807,
      18.346476,
      18.024607999999997,
      12.87472,
      13.196587999999998,
      28.485318,
      15.610598,
      13.035654,
      6.598293999999999,
      13.357522000000001,
      2.5749440000000003,
      16.254334,
      23.657297999999997,
      32.830535999999995,
      17.70274,
      27.841582000000002,
      11.104446000000001,
      14.162192000000001,
      20.11675,
      13.67939,
      16.0934,
      22.208892000000002,
      13.840323999999999,
      12.87472,
      20.92142,
      23.33543,
      16.0934,
      25.105704,
      9.012303999999999,
      29.450922000000002,
      13.196587999999998,
      15.610598,
      10.299776000000001,
      17.70274,
      15.771532,
      15.771532,
      11.748182,
      6.276426,
      12.713786,
      17.70274,
      23.174496,
      15.771532,
      13.035654,
      21.72609,
      18.668343999999998,
      12.87472,
      7.724831999999999,
      20.438617999999998,
      12.713786
    ],
    [
      13.357522000000001,
      13.035654,
      9.173238,
      4.02335,
      8.85137,
      11.748182,
      0.0,
      11.587248,
      16.576202000000002,
      5.63269,
      6.9201619999999995,
      20.92142,
      8.207633999999999,
      6.276426,
      11.104446000000001,
      9.495106,
      8.529501999999999,
      18.829278,
      6.598293999999999,
      13.196587999999998,
      4.02335,
      7.724831999999999,
      16.89807,
      6.9201619999999995,
      11.909116000000001,
      0.6437360000000001,
      5.793624,
      8.0467,
      6.759228,
      4.667085999999999,
      14.644993999999999,
      5.793624,
      6.759228,
      13.196587999999998,
      24.622902,
      4.667085999999999,
      17.541806,
      9.334171999999999,
      20.11675,
      7.402963999999999,
      9.495106,
      19.151146,
      12.87472,
      5.63269,
      20.438617999999998,
      8.690436,
      6.115492,
      7.0810960000000005,
      5.471756,
      4.9889540000000006,
      5.471756,
      7.402963999999999,
      14.001257999999998,
      32.669602,
      8.690436,
      5.63269,
      12.713786,
      7.0810960000000005
    ],
    [
      32.669602,
      21.404222,
      17.380872,
      10.621644,
      17.541806,
      28.96812,
      11.587248,
      0.0,
      5.793624,
      9.334171999999999,
      9.816974,
      28.96812,
      17.541806,
      13.035654,
      1.7702740000000001,
      17.70274,
      17.863674,
      30.416525999999998,
      13.357522000000001,
      31.38213,
      9.65604,
      7.885766,
      2.092142,
      12.713786,
      5.310822,
      12.552852,
      12.552852,
      7.885766,
      16.415267999999998,
      11.426314,
      18.990212,
      14.001257999999998,
      18.346476,
      11.587248,
      29.77279,
      11.426314,
      4.82802,
      18.829278,
      7.885766,
      16.737136,
      17.70274,
      30.899327999999997,
      20.92142,
      11.426314,
      27.841582000000002,
      20.760486,
      17.380872,
      18.185542,
      8.368568,
      8.690436,
      11.26538,
      17.863674,
      12.87472,
      37.980424,
      18.346476,
      15.610598,
      11.104446000000001,
      18.185542
    ],
    [
      40.716302,
      25.266638,
      21.243288,
      16.0934,
      21.404222,
      37.01482,
      16.576202000000002,
      5.793624,
      0.0,
      15.127796,
      13.67939,
      34.60081,
      23.174496,
      22.208892000000002,
      7.724831999999999,
      23.174496,
      23.33543,
      36.049215999999994,
      22.369826,
      36.692952,
      15.771532,
      11.909116000000001,
      4.667085999999999,
      20.11675,
      9.173238,
      28.96812,
      22.691694,
      11.748182,
      22.047957999999998,
      15.28873,
      24.622902,
      25.588506,
      23.979166,
      17.219938,
      39.750698,
      15.28873,
      8.690436,
      28.324384000000002,
      7.724831999999999,
      22.369826,
      23.33543,
      36.532018,
      26.55411,
      21.082354,
      38.302292,
      26.393175999999997,
      31.543064,
      23.818232000000002,
      14.805927999999998,
      12.713786,
      20.760486,
      23.33543,
      18.50741,
      47.47553,
      23.979166,
      29.77279,
      16.737136,
      23.818232000000002
    ],
    [
      18.50741,
      11.104446000000001,
      5.63269,
      1.60934,
      6.276426,
      16.89807,
      5.63269,
      9.334171999999999,
      15.127796,
      0.0,
      2.41401,
      20.438617999999998,
      5.471756,
      4.345218,
      9.816974,
      6.759228,
      5.310822,
      17.541806,
      4.506151999999999,
      18.185542,
      0.9656039999999999,
      10.138842,
      11.104446000000001,
      4.345218,
      6.115492,
      6.9201619999999995,
      3.7014819999999995,
      3.5405480000000003,
      4.82802,
      0.9656039999999999,
      10.299776000000001,
      3.7014819999999995,
      4.82802,
      7.0810960000000005,
      28.002515999999996,
      0.9656039999999999,
      10.621644,
      14.48406,
      23.496364,
      5.471756,
      6.759228,
      17.863674,
      9.495106,
      3.057746,
      25.74944,
      5.63269,
      11.426314,
      5.149888000000001,
      1.9312079999999998,
      5.793624,
      2.896812,
      5.471756,
      9.334171999999999,
      31.38213,
      5.471756,
      9.334171999999999,
      8.207633999999999,
      5.149888000000001
    ],
    [
      19.794882,
      11.587248,
      7.24203,
      3.057746,
      6.9201619999999995,
      18.346476,
      6.9201619999999995,
      9.816974,
      13.67939,
      2.41401,
      0.0,
      17.380872,
      5.9545580000000005,
      3.379614,
      9.977908000000001,
      5.63269,
      4.345218,
      17.70274,
      3.5405480000000003,
      18.346476,
      3.21868,
      12.87472,
      11.104446000000001,
      2.896812,
      6.115492,
      7.402963999999999,
      2.735878,
      3.7014819999999995,
      3.057746,
      3.057746,
      8.85137,
      4.667085999999999,
      4.184284,
      5.63269,
      30.416525999999998,
      3.057746,
      11.426314,
      16.0934,
      18.024607999999997,
      4.667085999999999,
      5.793624,
      18.185542,
      7.885766,
      1.60934,
      27.197846,
      7.724831999999999,
      12.87472,
      4.02335,
      3.5405480000000003,
      8.690436,
      1.448406,
      4.82802,
      7.885766,
      31.703998,
      4.9889540000000006,
      10.943512,
      6.759228,
      4.506151999999999
    ],
    [
      19.633948,
      9.334171999999999,
      13.67939,
      18.990212,
      12.391918,
      18.024607999999997,
      20.92142,
      28.96812,
      34.60081,
      20.438617999999998,
      17.380872,
      0.0,
      12.713786,
      15.127796,
      27.519714,
      12.230984,
      12.87472,
      18.668343999999998,
      13.67939,
      19.955816000000002,
      18.346476,
      28.002515999999996,
      28.646252,
      16.576202000000002,
      24.94477,
      21.887024,
      15.28873,
      18.829278,
      13.518456,
      18.024607999999997,
      20.599552000000003,
      15.771532,
      13.518456,
      19.31208,
      36.532018,
      18.024607999999997,
      23.496364,
      22.208892000000002,
      39.106962,
      12.713786,
      11.748182,
      13.035654,
      11.426314,
      15.449663999999999,
      33.474272,
      15.932466,
      18.024607999999997,
      13.357522000000001,
      19.633948,
      23.496364,
      15.610598,
      12.87472,
      20.11675,
      32.669602,
      12.87472,
      16.254334,
      18.829278,
      13.357522000000001
    ],
    [
      14.323126,
      4.184284,
      0.48280199999999995,
      4.345218,
      4.345218,
      12.87472,
      8.207633999999999,
      17.541806,
      23.174496,
      5.471756,
      5.9545580000000005,
      12.713786,
      0.0,
      1.448406,
      17.219938,
      1.448406,
      0.16093400000000002,
      13.357522000000001,
      1.1265379999999998,
      14.001257999999998,
      4.667085999999999,
      15.771532,
      18.346476,
      6.276426,
      14.644993999999999,
      9.495106,
      2.2530759999999996,
      7.0810960000000005,
      1.9312079999999998,
      4.506151999999999,
      10.299776000000001,
      2.735878,
      0.80467,
      9.012303999999999,
      26.393175999999997,
      4.506151999999999,
      13.196587999999998,
      12.07005,
      26.875978,
      1.1265379999999998,
      1.448406,
      13.67939,
      5.793624,
      3.21868,
      23.174496,
      3.7014819999999995,
      8.85137,
      0.6437360000000001,
      6.276426,
      11.104446000000001,
      3.057746,
      0.32186800000000004,
      9.816974,
      27.197846,
      0.48280199999999995,
      6.9201619999999995,
      8.529501999999999,
      0.48280199999999995
    ],
    [
      14.805927999999998,
      5.310822,
      0.9656039999999999,
      3.21868,
      2.41401,
      13.196587999999998,
      6.276426,
      13.035654,
      22.208892000000002,
      4.345218,
      3.379614,
      15.127796,
      1.448406,
      0.0,
      12.230984,
      2.41401,
      1.448406,
      14.162192000000001,
      0.16093400000000002,
      14.805927999999998,
      3.7014819999999995,
      14.323126,
      13.357522000000001,
      3.7014819999999995,
      8.368568,
      9.816974,
      0.9656039999999999,
      5.9545580000000005,
      0.48280199999999995,
      3.5405480000000003,
      9.173238,
      1.7702740000000001,
      0.80467,
      7.724831999999999,
      26.715044000000002,
      3.5405480000000003,
      12.07005,
      12.391918,
      25.266638,
      1.1265379999999998,
      2.41401,
      14.48406,
      5.793624,
      1.9312079999999998,
      23.657297999999997,
      3.21868,
      9.173238,
      0.6437360000000001,
      5.310822,
      9.65604,
      1.9312079999999998,
      1.448406,
      8.529501999999999,
      28.002515999999996,
      1.60934,
      7.402963999999999,
      7.24203,
      0.9656039999999999
    ],
    [
      30.738394000000003,
      19.955816000000002,
      15.932466,
      10.138842,
      16.0934,
      28.485318,
      11.104446000000001,
      1.7702740000000001,
      7.724831999999999,
      9.816974,
      9.977908000000001,
      27.519714,
      17.219938,
      12.230984,
      0.0,
      16.254334,
      16.415267999999998,
      28.96812,
      15.28873,
      29.611855999999996,
      10.46071,
      7.402963999999999,
      2.5749440000000003,
      11.26538,
      3.8624159999999996,
      12.07005,
      11.104446000000001,
      6.43736,
      14.966862,
      9.977908000000001,
      17.541806,
      12.552852,
      16.89807,
      10.138842,
      32.347734,
      9.977908000000001,
      3.379614,
      21.404222,
      9.65604,
      15.28873,
      16.254334,
      29.450922000000002,
      19.473014,
      9.977908000000001,
      30.416525999999998,
      19.31208,
      24.461968,
      16.737136,
      9.495106,
      8.207633999999999,
      9.816974,
      16.415267999999998,
      11.426314,
      42.808444,
      16.89807,
      15.127796,
      9.65604,
      16.737136
    ],
    [
      17.219938,
      3.057746,
      1.9312079999999998,
      5.793624,
      1.60934,
      15.610598,
      9.495106,
      17.70274,
      23.174496,
      6.759228,
      5.63269,
      12.230984,
      1.448406,
      2.41401,
      16.254334,
      0.0,
      1.448406,
      16.415267999999998,
      2.5749440000000003,
      17.70274,
      6.115492,
      19.151146,
      18.024607999999997,
      5.793624,
      10.299776000000001,
      11.104446000000001,
      3.5405480000000003,
      7.885766,
      2.41401,
      5.9545580000000005,
      9.977908000000001,
      4.184284,
      2.2530759999999996,
      8.529501999999999,
      27.841582000000002,
      5.9545580000000005,
      12.87472,
      13.518456,
      28.324384000000002,
      1.448406,
      0.32186800000000004,
      14.323126,
      4.345218,
      3.7014819999999995,
      24.622902,
      5.149888000000001,
      10.299776000000001,
      2.092142,
      7.724831999999999,
      12.713786,
      3.8624159999999996,
      1.7702740000000001,
      9.495106,
      30.255592,
      2.092142,
      8.368568,
      8.0467,
      2.2530759999999996
    ],
    [
      14.644993999999999,
      4.345218,
      0.16093400000000002,
      4.345218,
      2.41401,
      13.035654,
      8.529501999999999,
      17.863674,
      23.33543,
      5.310822,
      4.345218,
      12.87472,
      0.16093400000000002,
      1.448406,
      16.415267999999998,
      1.448406,
      0.0,
      13.518456,
      0.9656039999999999,
      14.162192000000001,
      4.506151999999999,
      15.127796,
      17.380872,
      5.310822,
      9.65604,
      9.816974,
      2.2530759999999996,
      7.24203,
      1.7702740000000001,
      4.506151999999999,
      9.334171999999999,
      2.735878,
      0.80467,
      8.0467,
      26.55411,
      4.506151999999999,
      12.230984,
      12.230984,
      26.232242,
      1.2874720000000002,
      1.7702740000000001,
      14.001257999999998,
      5.63269,
      3.21868,
      23.496364,
      2.5749440000000003,
      9.012303999999999,
      0.6437360000000001,
      6.276426,
      10.46071,
      3.057746,
      0.48280199999999995,
      8.85137,
      27.35878,
      0.6437360000000001,
      7.24203,
      7.563898,
      0.32186800000000004
    ],
    [
      2.41401,
      15.771532,
      14.323126,
      16.737136,
      17.219938,
      6.598293999999999,
      18.829278,
      30.416525999999998,
      36.049215999999994,
      17.541806,
      17.70274,
      18.668343999999998,
      13.357522000000001,
      14.162192000000001,
      28.96812,
      16.415267999999998,
      13.518456,
      0.0,
      14.162192000000001,
      3.5405480000000003,
      17.219938,
      18.50741,
      31.221196,
      18.50741,
      23.496364,
      12.07005,
      14.966862,
      20.92142,
      14.48406,
      16.89807,
      23.174496,
      14.644993999999999,
      13.67939,
      21.72609,
      26.875978,
      16.89807,
      26.071308,
      12.552852,
      31.221196,
      14.162192000000001,
      16.576202000000002,
      10.46071,
      18.668343999999998,
      16.737136,
      21.887024,
      12.552852,
      8.0467,
      13.518456,
      18.50741,
      15.771532,
      16.737136,
      13.840323999999999,
      22.53076,
      25.105704,
      13.840323999999999,
      8.529501999999999,
      21.243288,
      13.67939
    ],
    [
      14.805927999999998,
      5.310822,
      0.80467,
      3.5405480000000003,
      2.2530759999999996,
      13.357522000000001,
      6.598293999999999,
      13.357522000000001,
      22.369826,
      4.506151999999999,
      3.5405480000000003,
      13.67939,
      1.1265379999999998,
      0.16093400000000002,
      15.28873,
      2.5749440000000003,
      0.9656039999999999,
      14.162192000000001,
      0.0,
      14.805927999999998,
      3.7014819999999995,
      14.323126,
      13.67939,
      4.506151999999999,
      8.690436,
      9.816974,
      1.448406,
      6.115492,
      0.6437360000000001,
      3.7014819999999995,
      9.012303999999999,
      1.9312079999999998,
      0.6437360000000001,
      6.759228,
      26.875978,
      3.7014819999999995,
      11.909116000000001,
      12.391918,
      25.427572,
      0.9656039999999999,
      2.41401,
      14.48406,
      6.276426,
      2.092142,
      23.657297999999997,
      3.057746,
      9.173238,
      0.32186800000000004,
      5.310822,
      9.65604,
      2.092142,
      1.2874720000000002,
      8.529501999999999,
      28.002515999999996,
      1.448406,
      7.402963999999999,
      7.24203,
      0.80467
    ],
    [
      1.60934,
      17.059003999999998,
      14.966862,
      17.380872,
      17.863674,
      2.5749440000000003,
      13.196587999999998,
      31.38213,
      36.692952,
      18.185542,
      18.346476,
      19.955816000000002,
      14.001257999999998,
      14.805927999999998,
      29.611855999999996,
      17.70274,
      14.162192000000001,
      3.5405480000000003,
      14.805927999999998,
      0.0,
      17.541806,
      17.219938,
      31.543064,
      18.829278,
      29.933724,
      12.391918,
      15.28873,
      21.243288,
      14.805927999999998,
      17.219938,
      23.496364,
      14.966862,
      14.001257999999998,
      22.047957999999998,
      24.622902,
      17.219938,
      26.393175999999997,
      10.299776000000001,
      31.703998,
      14.48406,
      16.89807,
      11.587248,
      18.990212,
      17.059003999999998,
      17.863674,
      12.87472,
      7.402963999999999,
      14.001257999999998,
      18.829278,
      16.0934,
      17.059003999999998,
      14.323126,
      23.013562,
      20.760486,
      14.162192000000001,
      8.85137,
      21.565156,
      14.001257999999998
    ],
    [
      17.863674,
      10.782578,
      4.82802,
      0.48280199999999995,
      5.63269,
      16.254334,
      4.02335,
      9.65604,
      15.771532,
      0.9656039999999999,
      3.21868,
      18.346476,
      4.667085999999999,
      3.7014819999999995,
      10.46071,
      6.115492,
      4.506151999999999,
      17.219938,
      3.7014819999999995,
      17.541806,
      0.0,
      11.748182,
      11.748182,
      3.5405480000000003,
      6.759228,
      4.9889540000000006,
      2.896812,
      4.184284,
      4.02335,
      0.6437360000000001,
      9.495106,
      2.896812,
      4.02335,
      6.43736,
      27.35878,
      0.6437360000000001,
      12.230984,
      13.840323999999999,
      22.852628,
      4.82802,
      6.115492,
      17.219938,
      8.690436,
      2.41401,
      25.427572,
      4.82802,
      10.621644,
      4.345218,
      1.9312079999999998,
      5.9545580000000005,
      2.092142,
      4.667085999999999,
      8.529501999999999,
      30.738394000000003,
      4.82802,
      8.0467,
      7.402963999999999,
      4.345218
    ],
    [
      27.35878,
      20.438617999999998,
      18.346476,
      11.587248,
      16.415267999999998,
      23.657297999999997,
      7.724831999999999,
      7.885766,
      11.909116000000001,
      10.138842,
      12.87472,
      28.002515999999996,
      15.771532,
      14.323126,
      7.402963999999999,
      19.151146,
      15.127796,
      18.50741,
      14.323126,
      17.219938,
      11.748182,
      0.0,
      9.65604,
      16.0934,
      9.334171999999999,
      6.759228,
      12.552852,
      9.816974,
      13.518456,
      11.104446000000001,
      20.599552000000003,
      12.552852,
      13.518456,
      13.196587999999998,
      24.301033999999998,
      11.104446000000001,
      10.46071,
      13.196587999999998,
      7.885766,
      14.162192000000001,
      16.254334,
      25.910374,
      22.691694,
      13.67939,
      22.208892000000002,
      13.357522000000001,
      11.587248,
      13.840323999999999,
      9.012303999999999,
      4.667085999999999,
      13.357522000000001,
      14.162192000000001,
      14.48406,
      32.347734,
      15.449663999999999,
      12.87472,
      12.713786,
      13.840323999999999
    ],
    [
      31.864932,
      21.082354,
      17.219938,
      11.748182,
      17.380872,
      32.830535999999995,
      16.89807,
      2.092142,
      4.667085999999999,
      11.104446000000001,
      11.104446000000001,
      28.646252,
      18.346476,
      13.357522000000001,
      2.5749440000000003,
      18.024607999999997,
      17.380872,
      31.221196,
      13.67939,
      31.543064,
      11.748182,
      9.65604,
      0.0,
      12.552852,
      5.149888000000001,
      16.0934,
      12.552852,
      7.885766,
      12.713786,
      11.426314,
      18.990212,
      13.840323999999999,
      18.185542,
      11.426314,
      33.79614,
      11.426314,
      4.667085999999999,
      22.691694,
      7.563898,
      16.576202000000002,
      17.70274,
      30.738394000000003,
      20.92142,
      11.426314,
      31.703998,
      20.599552000000003,
      25.74944,
      18.024607999999997,
      10.782578,
      10.621644,
      11.104446000000001,
      17.70274,
      12.713786,
      44.25685,
      18.185542,
      23.979166,
      10.943512,
      18.185542
    ],
    [
      19.151146,
      9.012303999999999,
      4.9889540000000006,
      3.21868,
      5.149888000000001,
      17.70274,
      6.9201619999999995,
      12.713786,
      20.11675,
      4.345218,
      2.896812,
      16.576202000000002,
      6.276426,
      3.7014819999999995,
      11.26538,
      5.793624,
      5.310822,
      18.50741,
      4.506151999999999,
      18.829278,
      3.5405480000000003,
      16.0934,
      12.552852,
      0.0,
      7.402963999999999,
      7.724831999999999,
      3.21868,
      4.9889540000000006,
      3.8624159999999996,
      3.5405480000000003,
      7.0810960000000005,
      4.9889540000000006,
      4.506151999999999,
      4.02335,
      32.1868,
      3.5405480000000003,
      9.65604,
      17.70274,
      27.35878,
      4.82802,
      5.793624,
      18.668343999999998,
      9.65604,
      2.092142,
      28.96812,
      9.334171999999999,
      14.48406,
      4.506151999999999,
      5.149888000000001,
      9.977908000000001,
      1.7702740000000001,
      6.43736,
      6.115492,
      32.1868,
      6.9201619999999995,
      12.713786,
      4.9889540000000006,
      6.9201619999999995
    ],
    [
      24.1401,
      17.380872,
      9.495106,
      6.759228,
      9.173238,
      27.841582000000002,
      11.909116000000001,
      5.310822,
      9.173238,
      6.115492,
      6.115492,
      24.94477,
      14.644993999999999,
      8.368568,
      3.8624159999999996,
      10.299776000000001,
      9.65604,
      23.496364,
      8.690436,
      29.933724,
      6.759228,
      9.334171999999999,
      5.149888000000001,
      7.402963999999999,
      0.0,
      10.943512,
      7.402963999999999,
      2.735878,
      7.724831999999999,
      6.276426,
      13.357522000000001,
      8.85137,
      8.690436,
      7.24203,
      28.646252,
      6.276426,
      4.667085999999999,
      17.70274,
      12.07005,
      9.334171999999999,
      10.299776000000001,
      22.691694,
      12.391918,
      6.276426,
      26.715044000000002,
      10.621644,
      21.72609,
      14.001257999999998,
      5.793624,
      8.368568,
      6.115492,
      13.518456,
      8.85137,
      36.692952,
      14.162192000000001,
      19.794882,
      6.759228,
      14.001257999999998
    ],
    [
      12.713786,
      14.162192000000001,
      10.46071,
      4.82802,
      11.909116000000001,
      11.104446000000001,
      0.6437360000000001,
      12.552852,
      28.96812,
      6.9201619999999995,
      7.402963999999999,
      21.887024,
      9.495106,
      9.816974,
      12.07005,
      11.104446000000001,
      9.816974,
      12.07005,
      9.816974,
      12.391918,
      4.9889540000000006,
      6.759228,
      16.0934,
      7.724831999999999,
      10.943512,
      0.0,
      6.43736,
      8.690436,
      7.24203,
      5.310822,
      15.127796,
      6.276426,
      7.24203,
      13.840323999999999,
      23.979166,
      5.310822,
      18.024607999999997,
      8.368568,
      19.31208,
      8.0467,
      10.138842,
      19.794882,
      13.518456,
      6.276426,
      19.633948,
      7.24203,
      5.149888000000001,
      7.563898,
      5.9545580000000005,
      4.184284,
      5.9545580000000005,
      7.885766,
      14.644993999999999,
      33.313338,
      9.173238,
      6.276426,
      13.357522000000001,
      7.724831999999999
    ],
    [
      15.610598,
      6.276426,
      2.5749440000000003,
      2.5749440000000003,
      3.379614,
      14.162192000000001,
      5.793624,
      12.552852,
      22.691694,
      3.7014819999999995,
      2.735878,
      15.28873,
      2.2530759999999996,
      0.9656039999999999,
      11.104446000000001,
      3.5405480000000003,
      2.2530759999999996,
      14.966862,
      1.448406,
      15.28873,
      2.896812,
      12.552852,
      12.552852,
      3.21868,
      7.402963999999999,
      6.43736,
      0.0,
      5.471756,
      1.1265379999999998,
      2.896812,
      9.173238,
      2.092142,
      1.9312079999999998,
      6.115492,
      27.35878,
      2.896812,
      12.230984,
      13.035654,
      24.622902,
      2.2530759999999996,
      3.5405480000000003,
      15.127796,
      6.598293999999999,
      1.448406,
      24.1401,
      4.02335,
      9.816974,
      2.2530759999999996,
      4.506151999999999,
      9.012303999999999,
      1.2874720000000002,
      2.5749440000000003,
      8.85137,
      28.646252,
      2.5749440000000003,
      8.0467,
      7.563898,
      2.2530759999999996
    ],
    [
      21.72609,
      11.26538,
      7.0810960000000005,
      4.345218,
      6.759228,
      20.11675,
      8.0467,
      7.885766,
      11.748182,
      3.5405480000000003,
      3.7014819999999995,
      18.829278,
      7.0810960000000005,
      5.9545580000000005,
      6.43736,
      7.885766,
      7.24203,
      20.92142,
      6.115492,
      21.243288,
      4.184284,
      9.816974,
      7.885766,
      4.9889540000000006,
      2.735878,
      8.690436,
      5.471756,
      0.0,
      6.115492,
      4.667085999999999,
      11.748182,
      7.0810960000000005,
      7.0810960000000005,
      8.207633999999999,
      29.611855999999996,
      4.667085999999999,
      7.0810960000000005,
      18.668343999999998,
      14.323126,
      7.724831999999999,
      8.690436,
      21.082354,
      10.782578,
      4.667085999999999,
      27.680647999999998,
      9.012303999999999,
      15.771532,
      6.9201619999999995,
      3.7014819999999995,
      5.793624,
      4.345218,
      14.48406,
      9.816974,
      34.60081,
      14.966862,
      12.552852,
      7.724831999999999,
      7.402963999999999
    ],
    [
      15.127796,
      5.149888000000001,
      1.448406,
      3.8624159999999996,
      2.2530759999999996,
      13.67939,
      6.759228,
      16.415267999999998,
      22.047957999999998,
      4.82802,
      3.057746,
      13.518456,
      1.9312079999999998,
      0.48280199999999995,
      14.966862,
      2.41401,
      1.7702740000000001,
      14.48406,
      0.6437360000000001,
      14.805927999999998,
      4.02335,
      13.518456,
      12.713786,
      3.8624159999999996,
      7.724831999999999,
      7.24203,
      1.1265379999999998,
      6.115492,
      0.0,
      3.5405480000000003,
      9.173238,
      2.092142,
      1.2874720000000002,
      6.115492,
      26.715044000000002,
      3.5405480000000003,
      12.07005,
      12.391918,
      25.266638,
      0.9656039999999999,
      2.5749440000000003,
      14.48406,
      6.115492,
      1.60934,
      23.657297999999997,
      4.02335,
      9.173238,
      0.9656039999999999,
      5.310822,
      9.65604,
      1.7702740000000001,
      1.9312079999999998,
      8.690436,
      28.002515999999996,
      2.092142,
      7.402963999999999,
      7.24203,
      1.60934
    ],
    [
      17.541806,
      10.299776000000001,
      4.667085999999999,
      0.48280199999999995,
      5.471756,
      16.0934,
      4.667085999999999,
      11.426314,
      15.28873,
      0.9656039999999999,
      3.057746,
      18.024607999999997,
      4.506151999999999,
      3.5405480000000003,
      9.977908000000001,
      5.9545580000000005,
      4.506151999999999,
      16.89807,
      3.7014819999999995,
      17.219938,
      0.6437360000000001,
      11.104446000000001,
      11.426314,
      3.5405480000000003,
      6.276426,
      5.310822,
      2.896812,
      4.667085999999999,
      3.5405480000000003,
      0.0,
      9.334171999999999,
      2.896812,
      3.8624159999999996,
      6.276426,
      28.002515999999996,
      0.21,
      10.943512,
      13.67939,
      23.496364,
      4.667085999999999,
      5.9545580000000005,
      17.059003999999998,
      8.690436,
      2.2530759999999996,
      24.94477,
      4.82802,
      10.46071,
      4.184284,
      2.092142,
      6.759228,
      2.092142,
      4.506151999999999,
      8.368568,
      30.57746,
      4.667085999999999,
      8.529501999999999,
      7.402963999999999,
      4.345218
    ],
    [
      23.818232000000002,
      13.035654,
      9.173238,
      9.173238,
      9.334171999999999,
      22.208892000000002,
      14.644993999999999,
      18.990212,
      24.622902,
      10.299776000000001,
      8.85137,
      20.599552000000003,
      10.299776000000001,
      9.173238,
      17.541806,
      9.977908000000001,
      9.334171999999999,
      23.174496,
      9.012303999999999,
      23.496364,
      9.495106,
      20.599552000000003,
      18.990212,
      7.0810960000000005,
      13.357522000000001,
      15.127796,
      9.173238,
      11.748182,
      9.173238,
      9.334171999999999,
      0.0,
      10.782578,
      11.426314,
      8.368568,
      36.532018,
      9.334171999999999,
      14.162192000000001,
      22.208892000000002,
      31.864932,
      9.173238,
      10.299776000000001,
      23.979166,
      14.001257999999998,
      7.885766,
      33.313338,
      13.840323999999999,
      18.990212,
      11.26538,
      10.943512,
      18.346476,
      7.724831999999999,
      10.943512,
      6.115492,
      37.336687999999995,
      11.426314,
      17.219938,
      8.207633999999999,
      11.26538
    ],
    [
      15.449663999999999,
      8.0467,
      2.896812,
      2.735878,
      4.184284,
      13.840323999999999,
      5.793624,
      14.001257999999998,
      25.588506,
      3.7014819999999995,
      4.667085999999999,
      15.771532,
      2.735878,
      1.7702740000000001,
      12.552852,
      4.184284,
      2.735878,
      14.644993999999999,
      1.9312079999999998,
      14.966862,
      2.896812,
      12.552852,
      13.840323999999999,
      4.9889540000000006,
      8.85137,
      6.276426,
      2.092142,
      7.0810960000000005,
      2.092142,
      2.896812,
      10.782578,
      0.0,
      2.092142,
      7.885766,
      25.910374,
      2.896812,
      14.966862,
      11.426314,
      24.461968,
      2.896812,
      4.345218,
      14.48406,
      9.334171999999999,
      3.21868,
      22.691694,
      2.5749440000000003,
      8.368568,
      2.41401,
      4.506151999999999,
      8.85137,
      3.057746,
      2.735878,
      11.587248,
      28.002515999999996,
      2.5749440000000003,
      6.276426,
      10.299776000000001,
      2.41401
    ],
    [
      14.48406,
      5.793624,
      0.6437360000000001,
      3.7014819999999995,
      2.735878,
      12.87472,
      6.759228,
      18.346476,
      23.979166,
      4.82802,
      4.184284,
      13.518456,
      0.80467,
      0.80467,
      16.89807,
      2.2530759999999996,
      0.80467,
      13.67939,
      0.6437360000000001,
      14.001257999999998,
      4.02335,
      13.518456,
      18.185542,
      4.506151999999999,
      8.690436,
      7.24203,
      1.9312079999999998,
      7.0810960000000005,
      1.2874720000000002,
      3.8624159999999996,
      11.426314,
      2.092142,
      0.0,
      8.207633999999999,
      25.74944,
      3.8624159999999996,
      12.391918,
      11.426314,
      25.588506,
      1.1265379999999998,
      2.41401,
      13.518456,
      6.276426,
      2.896812,
      22.53076,
      2.41401,
      8.207633999999999,
      0.32186800000000004,
      5.63269,
      9.816974,
      2.735878,
      0.80467,
      9.012303999999999,
      26.875978,
      0.80467,
      6.276426,
      7.724831999999999,
      0.48280199999999995
    ],
    [
      22.53076,
      11.748182,
      7.724831999999999,
      6.115492,
      7.885766,
      20.92142,
      13.196587999999998,
      11.587248,
      17.219938,
      7.0810960000000005,
      5.63269,
      19.31208,
      9.012303999999999,
      7.724831999999999,
      10.138842,
      8.529501999999999,
      8.0467,
      21.72609,
      6.759228,
      22.047957999999998,
      6.43736,
      13.196587999999998,
      11.426314,
      4.02335,
      7.24203,
      13.840323999999999,
      6.115492,
      8.207633999999999,
      6.115492,
      6.276426,
      8.368568,
      7.885766,
      8.207633999999999,
      0.0,
      33.152404000000004,
      6.276426,
      6.598293999999999,
      18.829278,
      18.668343999999998,
      6.43736,
      7.402963999999999,
      20.599552000000003,
      10.621644,
      4.82802,
      29.933724,
      10.46071,
      15.610598,
      7.885766,
      8.0467,
      13.035654,
      4.667085999999999,
      7.402963999999999,
      2.092142,
      33.957074,
      8.0467,
      13.840323999999999,
      0.6437360000000001,
      7.885766
    ],
    [
      26.232242,
      30.899327999999997,
      27.197846,
      27.35878,
      30.255592,
      23.33543,
      24.622902,
      29.77279,
      39.750698,
      28.002515999999996,
      30.416525999999998,
      36.532018,
      26.393175999999997,
      26.715044000000002,
      32.347734,
      27.841582000000002,
      26.55411,
      26.875978,
      26.875978,
      24.622902,
      27.35878,
      24.301033999999998,
      33.79614,
      32.1868,
      28.646252,
      23.979166,
      27.35878,
      29.611855999999996,
      26.715044000000002,
      28.002515999999996,
      36.532018,
      25.910374,
      25.74944,
      33.152404000000004,
      0.0,
      27.35878,
      33.79614,
      15.449663999999999,
      30.738394000000003,
      26.393175999999997,
      27.519714,
      30.738394000000003,
      31.221196,
      28.96812,
      9.495106,
      24.461968,
      21.565156,
      25.910374,
      26.875978,
      23.979166,
      28.96812,
      26.55411,
      34.118007999999996,
      32.99147,
      26.715044000000002,
      23.013562,
      32.1868,
      25.910374
    ],
    [
      17.541806,
