{
  "drive_dist_matrix": [
    [
      0.0,
      2.3,
      2.1,
      2.7,
      3.3,
      3.3,
      2.3,
      4.4,
      1.4,
      2.9,
      10.4,
      2.7,
      2.8,
      2.7,
      10.1,
      4.2,
      10.5,
      2.1,
      1.1,
      5.1,
      45.3,
      4.0,
      2.9,
      10.5,
      2.1,
      10.943512,
      0.28,
      4.8,
      39.2,
      2.5,
      2.2,
      2.1,
      24.4,
      13.8,
      3.6,
      3.6,
      3.6,
      2.2,
      23.2,
      19.4,
      3.1,
      23.3,
      10.7,
      8.5,
      3.2,
      11.2,
      42.4,
      4.9889540000000006,
      2.4,
      2.3,
      5.1,
      19.6,
      19.8,
      11.6,
      3.0,
      2.4,
      2.7,
      2.5
    ],
    [
      2.3,
      0.0,
      3.5,
      6.2,
      2.7,
      2.8,
      4.4,
      3.9,
      6.5,
      2.5,
      11.1,
      4.8,
      5.0,
      2.5,
      8.9,
      7.7,
      11.2,
      1.6,
      1.3,
      6.2,
      46.0,
      4.1,
      2.5,
      9.3,
      3.3,
      11.7,
      2.0,
      6.6,
      38.0,
      4.8,
      0.8,
      7.2,
      32.7,
      12.7,
      3.1,
      7.1,
      4.7,
      1.1,
      29.3,
      20.1,
      3.8,
      29.4,
      9.5,
      7.3,
      3.9,
      10.0,
      41.3,
      8.4,
      3.7,
      4.4,
      6.9,
      27.1,
      27.3,
      10.4,
      2.9,
      3.1,
      3.4,
      3.1
    ],
    [
      2.1,
      3.5,
      0.0,
      2.4,
      1.7,
      0.75,
      1.9,
      2.7,
      4.2,
      1.2,
      10.5,
      2.1,
      2.3,
      1.1,
      8.6,
      3.9,
      10.0,
      1.6,
      2.2,
      4.7,
      44.9,
      2.8,
      1.2,
      9.0,
      0.45,
      10.5,
      6.0,
      4.3,
      37.7,
      2.1,
      0.7,
      4.9,
      24.0,
      12.3,
      0.23,
      3.3,
      3.2,
      0.6,
      28.2,
      19.0,
      2.5,
      28.3,
      9.2,
      7.0,
      2.6,
      9.6,
      40.8,
      4.6,
      0.75,
      1.9,
      4.7,
      26.5,
      26.7,
      10.0,
      1.4,
      0.8,
      1.1,
      0.85
    ],
    [
      2.7,
      6.2,
      2.4,
      0.0,
      3.6,
      3.9,
      0.85,
      5.0,
      6.0,
      3.5,
      12.3,
      4.1,
      4.6,
      3.4,
      7.1,
      0.7,
      11.9,
      4.3,
      4.5,
      0.7,
      46.7,
      0.4,
      3.5,
      11.0,
      3.8,
      12.4,
      7.8,
      6.2,
      32.2,
      3.9,
      3.9,
      6.8,
      21.6,
      14.5,
      4.2,
      1.4,
      0.7,
      4.3,
      20.5,
      20.8,
      0.18,
      20.6,
      12.3,
      9.2,
      0.27,
      12.7,
      35.4,
      2.2,
      3.9,
      3.0,
      6.5,
      16.8,
      17.1,
      12.3,
      3.2,
      3.6,
      3.1,
      3.5
    ],
    [
      3.3,
      2.7,
      1.7,
      3.6,
      0.0,
      1.0,
      1.8,
      2.0,
      5.3,
      0.45,
      10.6,
      2.7,
      3.2,
      0.45,
      5.2,
      2.6,
      10.7,
      2.4,
      3.1,
      3.8,
      45.5,
      1.3,
      0.4,
      7.4,
      1.3,
      11.2,
      8.8,
      5.4,
      36.5,
      2.5,
      1.4,
      6.0,
      22.6,
      11.0,
      1.3,
      2.4,
      1.8,
      1.8,
      21.4,
      19.6,
      1.1,
      21.5,
      8.7,
      5.7,
      1.2,
      9.1,
      39.8,
      3.7,
      1.3,
      1.8,
      5.8,
      17.8,
      18.0,
      8.7,
      0.55,
      1.1,
      0.55,
      0.8
    ],
    [
      3.3,
      2.8,
      0.75,
      3.9,
      1.0,
      0.0,
      2.3,
      1.3,
      5.2,
      0.65,
      10.6,
      2.8,
      3.0,
      0.6,
      1.0,
      3.5,
      10.7,
      2.4,
      2.9,
      4.3,
      45.5,
      2.4,
      0.7,
      8.0,
      1.4,
      11.2,
      8.8,
      5.3,
      37.1,
      2.9,
      1.5,
      5.9,
      23.7,
      11.5,
      0.6,
      2.9,
      2.8,
      1.7,
      28.8,
      19.6,
      2.1,
      28.9,
      9.8,
      6.2,
      2.2,
      10.2,
      40.3,
      4.2,
      0.8,
      2.3,
      5.7,
      27.1,
      27.4,
      9.3,
      1.0,
      0.9,
      1.4,
      0.85
    ],
    [
      2.3,
      4.4,
      1.9,
      0.85,
      1.8,
      2.3,
      0.0,
      3.1,
      3.9,
      1.6,
      9.6,
      1.8,
      2.3,
      1.5,
      7.3,
      0.8,
      9.7,
      2.0,
      2.2,
      0.12,
      44.5,
      1.8,
      1.6,
      10.0,
      1.4,
      10.2,
      5.6,
      4.0,
      33.0,
      1.6,
      1.6,
      4.6,
      22.9,
      13.6,
      2.3,
      2.2,
      2.2,
      2.0,
      21.8,
      18.6,
      1.0,
      22.0,
      10.4,
      8.2,
      1.0,
      10.9,
      36.3,
      0.4,
      2.0,
      0.2,
      4.3,
      18.2,
      18.5,
      11.3,
      0.9,
      1.7,
      1.3,
      1.6
    ],
    [
      4.4,
      3.9,
      2.7,
      5.0,
      2.0,
      1.3,
      3.1,
      0.0,
      6.3,
      1.7,
      11.7,
      3.9,
      4.1,
      1.7,
      7.1,
      4.6,
      11.8,
      3.5,
      4.0,
      5.4,
      46.6,
      3.5,
      1.7,
      9.1,
      2.5,
      12.3,
      9.9,
      6.4,
      38.2,
      4.0,
      2.6,
      7.0,
      24.6,
      12.6,
      1.2,
      4.0,
      4.0,
      1.4,
      29.9,
      20.7,
      3.2,
      30.0,
      10.9,
      7.3,
      3.3,
      11.3,
      41.4,
      5.3,
      2.4,
      3.4,
      6.8,
      28.2,
      28.5,
      10.4,
      2.1,
      2.2,
      2.5,
      2.0
    ],
    [
      1.4,
      6.5,
      4.2,
      6.0,
      5.3,
      5.2,
      3.9,
      6.3,
      0.0,
      5.2,
      6.3,
      5.0,
      5.0,
      5.0,
      12.4,
      7.5,
      6.4,
      4.4,
      4.9,
      8.7,
      41.9,
      6.8,
      5.2,
      12.8,
      4.4,
      6.9,
      2.6,
      0.55,
      43.6,
      4.8,
      4.5,
      1.8,
      28.8,
      16.1,
      5.9,
      6.9,
      6.6,
      4.5,
      25.4,
      16.1,
      5.4,
      25.5,
      13.0,
      10.8,
      5.4,
      13.5,
      46.8,
      8.6,
      4.7,
      4.6,
      1.6,
      23.7,
      23.9,
      13.9,
      5.3,
      4.7,
      5.0,
      4.8
    ],
    [
      2.9,
      2.5,
      1.2,
      3.5,
      0.45,
      0.65,
      1.6,
      1.7,
      5.2,
      0.0,
      10.3,
      2.6,
      2.9,
      0.15,
      0.35,
      3.1,
      10.4,
      2.2,
      2.8,
      3.9,
      45.2,
      1.7,
      0.23,
      7.6,
      1.1,
      10.9,
      8.5,
      5.0,
      36.7,
      2.4,
      1.2,
      5.6,
      22.9,
      11.1,
      1.0,
      2.4,
      2.4,
      1.4,
      21.9,
      19.3,
      1.5,
      22.0,
      9.3,
      5.8,
      1.6,
      9.7,
      39.9,
      3.8,
      1.2,
      1.8,
      5.4,
      18.2,
      18.5,
      8.9,
      0.5,
      0.85,
      0.35,
      0.4
    ],
    [
      10.4,
      11.1,
      10.5,
      12.3,
      10.6,
      10.6,
      9.6,
      11.7,
      6.3,
      10.3,
      0.0,
      9.4,
      9.5,
      9.7,
      16.2,
      12.1,
      1.7,
      8.9,
      9.4,
      13.3,
      36.2,
      11.4,
      9.7,
      16.6,
      8.7,
      1.2,
      7.0,
      7.2,
      46.2,
      9.4,
      8.9,
      7.2,
      31.6,
      19.9,
      10.3,
      11.5,
      11.3,
      9.0,
      28.1,
      13.2,
      9.8,
      28.2,
      16.8,
      14.6,
      9.9,
      17.2,
      49.0,
      12.8,
      9.2,
      9.0,
      6.4,
      24.9,
      25.2,
      17.6,
      10.1,
      8.7,
      10.6,
      10.3
    ],
    [
      2.7,
      4.8,
      2.1,
      4.1,
      2.7,
      2.8,
      1.8,
      3.9,
      5.0,
      2.6,
      9.4,
      0.0,
      0.85,
      2.6,
      8.4,
      4.0,
      9.7,
      0.75,
      0.7,
      4.8,
      44.5,
      2.9,
      2.8,
      10.5,
      1.2,
      10.2,
      1.2,
      4.0,
      34.1,
      0.85,
      1.3,
      4.6,
      24.0,
      14.7,
      3.5,
      3.3,
      3.3,
      2.3,
      27.8,
      18.6,
      2.6,
      27.9,
      10.7,
      9.3,
      2.7,
      11.1,
      37.4,
      4.7,
      2.3,
      1.8,
      4.4,
      26.2,
      26.4,
      12.4,
      2.3,
      1.8,
      2.2,
      2.4
    ],
    [
      2.8,
      5.0,
      2.3,
      4.6,
      3.2,
      3.0,
      2.3,
      4.1,
      5.0,
      2.9,
      9.5,
      0.85,
      0.0,
      1.7,
      9.2,
      4.3,
      10.7,
      0.55,
      2.3,
      5.1,
      45.5,
      3.2,
      1.9,
      9.6,
      0.8,
      11.2,
      1.0,
      5.0,
      38.2,
      2.2,
      0.5,
      5.6,
      24.0,
      12.9,
      2.6,
      3.7,
      3.6,
      1.1,
      28.8,
      19.6,
      2.9,
      28.9,
      9.8,
      7.6,
      3.0,
      10.2,
      41.3,
      5.0,
      1.4,
      2.1,
      5.3,
      27.1,
      27.4,
      10.7,
      1.8,
      0.65,
      1.5,
      1.5
    ],
    [
      2.7,
      2.5,
      1.1,
      3.4,
      0.45,
      0.6,
      1.5,
      1.7,
      5.0,
      0.15,
      9.7,
      2.6,
      1.7,
      0.0,
      0.5,
      2.9,
      10.4,
      2.1,
      2.6,
      3.7,
      45.2,
      1.8,
      0.2,
      8.9,
      0.9,
      10.9,
      8.5,
      4.9,
      37.6,
      2.2,
      1.0,
      5.4,
      22.9,
      11.3,
      0.85,
      2.3,
      2.2,
      1.2,
      21.9,
      19.3,
      1.5,
      22.0,
      9.1,
      6.0,
      1.6,
      9.6,
      40.8,
      3.6,
      0.7,
      1.7,
      5.2,
      18.2,
      18.5,
      9.0,
      0.4,
      0.65,
      0.2,
      0.29
    ],
    [
      10.1,
      8.9,
      8.6,
      7.1,
      5.2,
      1.0,
      7.3,
      7.1,
      12.4,
      0.35,
      16.2,
      8.4,
      9.2,
      0.5,
      0.0,
      2.7,
      11.1,
      3.6,
      3.8,
      3.5,
      45.9,
      2.2,
      0.4,
      10.0,
      3.0,
      11.6,
      7.1,
      5.4,
      33.4,
      3.2,
      3.1,
      6.0,
      22.7,
      13.6,
      3.2,
      2.1,
      2.0,
      3.6,
      21.7,
      20.0,
      1.5,
      21.8,
      11.3,
      8.2,
      1.6,
      11.7,
      36.6,
      3.4,
      3.1,
      1.9,
      5.7,
      18.1,
      18.3,
      11.3,
      0.6,
      2.8,
      2.5,
      0.8
    ],
    [
      4.2,
      7.7,
      3.9,
      0.7,
      2.6,
      3.5,
      0.8,
      4.6,
      7.5,
      3.1,
      12.1,
      4.0,
      4.3,
      2.9,
      2.7,
      0.0,
      11.2,
      3.6,
      3.8,
      0.7,
      46.0,
      1.4,
      2.8,
      10.0,
      3.1,
      11.7,
      7.1,
      5.5,
      32.1,
      3.3,
      3.2,
      6.1,
      21.4,
      13.5,
      3.5,
      0.75,
      1.3,
      3.6,
      20.4,
      20.1,
      0.8,
      20.5,
      11.3,
      8.2,
      0.85,
      11.7,
      35.3,
      1.5,
      3.2,
      2.4,
      5.8,
      16.7,
      17.0,
      11.3,
      2.6,
      2.9,
      2.4,
      2.8
    ],
    [
      10.5,
      11.2,
      10.0,
      11.9,
      10.7,
      10.7,
      9.7,
      11.8,
      6.4,
      10.4,
      1.7,
      9.7,
      10.7,
      10.4,
      11.1,
      11.2,
      0.0,
      8.9,
      9.4,
      13.4,
      36.3,
      11.5,
      9.7,
      16.6,
      8.7,
      0.5,
      7.1,
      7.2,
      46.2,
      9.4,
      8.9,
      7.3,
      31.6,
      19.9,
      10.3,
      11.6,
      11.3,
      9.0,
      28.2,
      13.3,
      9.8,
      28.3,
      16.8,
      14.6,
      9.9,
      17.2,
      49.5,
      13.3,
      9.2,
      9.0,
      6.4,
      25.0,
      25.2,
      17.6,
      10.2,
      8.8,
      10.6,
      10.4
    ],
    [
      2.1,
      1.6,
      1.6,
      4.3,
      2.4,
      2.4,
      2.0,
      3.5,
      4.4,
      2.2,
      8.9,
      0.75,
      0.55,
      2.1,
      3.6,
      3.6,
      8.9,
      0.0,
      0.4,
      5.0,
      44.7,
      3.9,
      2.2,
      9.9,
      1.1,
      10.4,
      0.8,
      4.2,
      38.5,
      1.0,
      1.4,
      4.8,
      24.2,
      13.2,
      2.9,
      3.5,
      3.5,
      1.6,
      28.0,
      18.8,
      2.8,
      28.1,
      10.1,
      7.9,
      2.9,
      10.5,
      41.7,
      4.8,
      1.8,
      2.0,
      4.5,
      26.3,
      26.6,
      11.0,
      2.0,
      1.2,
      1.9,
      1.9
    ],
    [
      1.1,
      1.3,
      2.2,
      4.5,
      3.1,
      2.9,
      2.2,
      4.0,
      4.9,
      2.8,
      9.4,
      0.7,
      2.3,
      2.6,
      3.8,
      3.8,
      9.4,
      0.4,
      0.0,
      5.3,
      45.7,
      3.4,
      2.1,
      9.7,
      0.8,
      11.4,
      6.9,
      5.2,
      38.3,
      2.4,
      1.2,
      5.8,
      24.2,
      13.0,
      2.8,
      3.9,
      3.9,
      1.3,
      29.0,
      19.8,
      3.1,
      29.1,
      9.9,
      7.7,
      3.2,
      10.3,
      41.5,
      5.2,
      1.6,
      2.3,
      5.5,
      27.3,
      27.6,
      10.7,
      2.0,
      1.1,
      1.8,
      1.7
    ],
    [
      5.1,
      6.2,
      4.7,
      0.7,
      3.8,
      4.3,
      0.12,
      5.4,
      8.7,
      3.9,
      13.3,
      4.8,
      5.1,
      3.7,
      3.5,
      0.7,
      13.4,
      5.0,
      5.3,
      0.0,
      44.5,
      1.1,
      1.2,
      9.6,
      1.5,
      10.2,
      5.6,
      4.0,
      32.6,
      1.6,
      1.6,
      4.6,
      22.4,
      13.1,
      1.9,
      1.8,
      1.7,
      2.0,
      21.4,
      18.6,
      0.85,
      21.5,
      10.0,
      7.8,
      0.85,
      10.4,
      35.8,
      3.1,
      1.6,
      0.3,
      4.3,
      17.8,
      18.0,
      10.8,
      0.95,
      1.3,
      0.8,
      1.2
    ],
    [
      45.3,
      46.0,
      44.9,
      46.7,
      45.5,
      45.5,
      44.5,
      46.6,
      41.9,
      45.2,
      36.2,
      44.5,
      45.5,
      45.2,
      45.9,
      46.0,
      36.3,
      44.7,
      45.7,
      44.5,
      0.0,
      46.3,
      45.3,
      52.2,
      44.3,
      36.8,
      42.6,
      43.0,
      82.7,
      45.0,
      44.5,
      43.0,
      55.2,
      55.5,
      45.9,
      46.0,
      45.9,
      44.6,
      51.7,
      33.1,
      45.4,
      51.9,
      52.4,
      50.2,
      45.5,
      52.8,
      81.0,
      47.3,
      44.8,
      44.6,
      42.2,
      50.1,
      50.3,
      53.2,
      45.7,
      44.4,
      46.2,
      46.0
    ],
    [
      4.0,
      4.1,
      2.8,
      0.4,
      1.3,
      2.4,
      1.8,
      3.5,
      6.8,
      1.7,
      11.4,
      2.9,
      3.2,
      1.8,
      2.2,
      1.4,
      11.5,
      3.9,
      3.4,
      1.1,
      46.3,
      0.0,
      1.6,
      8.6,
      2.3,
      10.9,
      6.3,
      4.7,
      37.7,
      2.5,
      2.3,
      5.3,
      22.6,
      12.1,
      2.4,
      1.9,
      0.65,
      2.9,
      21.5,
      19.3,
      0.23,
      21.7,
      9.8,
      6.8,
      0.22,
      10.3,
      40.9,
      3.3,
      2.3,
      1.1,
      5.0,
      17.9,
      18.2,
      9.9,
      1.5,
      2.1,
      1.7,
      5.9
    ],
    [
      2.9,
      2.5,
      1.2,
      3.5,
      0.4,
      0.7,
      1.6,
      1.7,
      5.2,
      0.23,
      9.7,
      2.8,
      1.9,
      0.2,
      0.4,
      2.8,
      9.7,
      2.2,
      2.1,
      1.2,
      45.3,
      1.6,
      0.0,
      7.4,
      1.1,
      10.8,
      8.5,
      5.0,
      36.7,
      2.4,
      1.1,
      5.6,
      22.9,
      11.1,
      0.85,
      2.4,
      2.4,
      1.4,
      28.5,
      19.3,
      1.5,
      28.6,
      9.3,
      5.8,
      1.6,
      9.7,
      39.9,
      3.5,
      0.85,
      1.8,
      5.3,
      26.8,
      27.0,
      8.9,
      0.3,
      0.8,
      0.3,
      0.4
    ],
    [
      10.5,
      9.3,
      9.0,
      11.0,
      7.4,
      8.0,
      10.0,
      9.1,
      12.8,
      7.6,
      16.6,
      10.5,
      9.6,
      8.9,
      10.0,
      10.0,
      16.6,
      9.9,
      9.7,
      9.6,
      52.2,
      8.6,
      7.4,
      0.0,
      8.8,
      18.2,
      15.4,
      12.6,
      37.9,
      10.4,
      8.9,
      13.2,
      29.2,
      8.5,
      8.3,
      9.3,
      9.2,
      9.1,
      28.2,
      26.2,
      8.7,
      28.3,
      4.9,
      3.9,
      8.8,
      5.3,
      41.2,
      10.6,
      9.2,
      9.1,
      13.0,
      24.6,
      24.8,
      6.0,
      8.0,
      8.5,
      8.8,
      8.6
    ],
    [
      2.1,
      3.3,
      0.45,
      3.8,
      1.3,
      1.4,
      1.4,
      2.5,
      4.4,
      1.1,
      8.7,
      1.2,
      0.8,
      0.9,
      3.0,
      3.1,
      8.7,
      1.1,
      0.8,
      1.5,
      44.3,
      2.3,
      1.1,
      8.8,
      0.0,
      10.4,
      5.9,
      4.2,
      37.5,
      1.6,
      0.18,
      4.8,
      23.5,
      12.1,
      1.8,
      2.9,
      2.9,
      0.65,
      28.0,
      18.8,
      2.2,
      28.1,
      9.0,
      6.8,
      2.2,
      9.5,
      40.7,
      3.9,
      0.55,
      1.4,
      4.6,
      26.6,
      26.6,
      9.9,
      1.0,
      0.26,
      0.75,
      0.7
    ],
    [
      10.943512,
      11.7,
      10.5,
      12.4,
      11.2,
      11.2,
      10.2,
      12.3,
      6.9,
      10.9,
      1.2,
      10.2,
      11.2,
      10.9,
      11.6,
      11.7,
      0.5,
      10.4,
      11.4,
      10.2,
      36.8,
      10.9,
      10.8,
      18.2,
      10.4,
      0.0,
      7.5,
      8.4,
      46.7,
      9.9,
      9.4,
      7.8,
      32.1,
      20.4,
      11.8,
      10.9,
      10.8,
      9.5,
      28.7,
      13.8,
      10.3,
      28.8,
      18.3,
      15.1,
      10.4,
      18.7,
      50.0,
      12.230984,
      9.7,
      9.5,
      6.9,
      25.5,
      25.7,
      18.1,
      11.7,
      9.3,
      12.1,
      11.9
    ],
    [
      0.28,
      2.0,
      6.0,
      7.8,
      8.8,
      8.8,
      5.6,
      9.9,
      2.6,
      8.5,
      7.0,
      1.2,
      1.0,
      8.5,
      7.1,
      7.1,
      7.1,
      0.8,
      6.9,
      5.6,
      42.6,
      6.3,
      8.5,
      15.4,
      5.9,
      7.5,
      0.0,
      4.5,
      38.9,
      2.2,
      1.9,
      2.4,
      24.0,
      13.6,
      3.3,
      3.3,
      3.3,
      2.0,
      22.9,
      19.1,
      2.8,
      23.1,
      10.5,
      8.2,
      2.9,
      10.9,
      42.1,
      4.7,
      2.1,
      2.0,
      4.8,
      19.3,
      19.6,
      11.3,
      2.8,
      2.1,
      2.5,
      2.2
    ],
    [
      4.8,
      6.6,
      4.3,
      6.2,
      5.4,
      5.3,
      4.0,
      6.4,
      0.55,
      5.0,
      7.2,
      4.0,
      5.0,
      4.9,
      5.4,
      5.5,
      7.2,
      4.2,
      5.2,
      4.0,
      43.0,
      4.7,
      5.0,
      12.6,
      4.2,
      8.4,
      4.5,
      0.0,
      37.8,
      5.8,
      5.5,
      1.1,
      28.9,
      17.1,
      6.9,
      6.8,
      6.8,
      5.5,
      25.5,
      16.1,
      6.3,
      25.6,
      14.0,
      11.8,
      6.4,
      14.5,
      41.0,
      8.2,
      5.7,
      5.5,
      1.0,
      23.1,
      23.3,
      14.9,
      5.7,
      5.2,
      6.0,
      5.8
    ],
    [
      39.2,
      38.0,
      37.7,
      32.2,
      36.5,
      37.1,
      33.0,
      38.2,
      43.6,
      36.7,
      46.2,
      34.1,
      38.2,
      37.6,
      33.4,
      32.1,
      46.2,
      38.5,
      38.3,
      32.6,
      82.7,
      37.7,
      36.7,
      37.9,
      37.5,
      46.7,
      38.9,
      37.8,
      0.0,
      33.9,
      37.6,
      36.6,
      34.4,
      46.5,
      38.4,
      31.3,
      30.7,
      37.8,
      38.1,
      54.9,
      31.4,
      38.2,
      34.6,
      40.9,
      31.5,
      35.1,
      25.1,
      32.0,
      37.9,
      32.5,
      36.3,
      33.4,
      33.7,
      43.9,
      32.0,
      37.3,
      37.6,
      37.3
    ],
    [
      2.5,
      4.8,
      2.1,
      3.9,
      2.5,
      2.9,
      1.6,
      4.0,
      4.8,
      2.4,
      9.4,
      0.85,
      2.2,
      2.2,
      3.2,
      3.3,
      9.4,
      1.0,
      2.4,
      1.6,
      45.0,
      2.5,
      2.4,
      10.4,
      1.6,
      9.9,
      2.2,
      5.8,
      33.9,
      0.0,
      1.9,
      4.4,
      23.8,
      14.5,
      3.4,
      3.2,
      3.1,
      2.3,
      27.6,
      18.4,
      2.4,
      27.8,
      10.7,
      9.2,
      2.5,
      11.1,
      37.2,
      4.5,
      2.3,
      1.6,
      4.2,
      26.0,
      26.2,
      12.2,
      2.1,
      1.7,
      2.0,
      2.4
    ],
    [
      2.2,
      0.8,
      0.7,
      3.9,
      1.4,
      1.5,
      1.6,
      2.6,
      4.5,
      1.2,
      8.9,
      1.3,
      0.5,
      1.0,
      3.1,
      3.2,
      8.9,
      1.4,
      1.2,
      1.6,
      44.5,
      2.3,
      1.1,
      8.9,
      0.18,
      9.4,
      1.9,
      5.5,
      37.6,
      1.9,
      0.0,
      4.9,
      23.6,
      12.2,
      0.75,
      3.0,
      2.9,
      0.75,
      28.1,
      18.9,
      2.2,
      28.2,
      9.1,
      6.9,
      2.3,
      9.5,
      40.8,
      4.3,
      0.65,
      1.6,
      4.6,
      26.4,
      26.7,
      9.9,
      1.1,
      0.4,
      0.85,
      0.7
    ],
    [
      2.1,
      7.2,
      4.9,
      6.8,
      6.0,
      5.9,
      4.6,
      7.0,
      1.8,
      5.6,
      7.2,
      4.6,
      5.6,
      5.4,
      6.0,
      6.1,
      7.3,
      4.8,
      5.8,
      4.6,
      43.0,
      5.3,
      5.6,
      13.2,
      4.8,
      7.8,
      2.4,
      1.1,
      36.6,
      4.4,
      4.9,
      0.0,
      29.0,
      18.4,
      6.8,
      6.7,
      6.7,
      5.4,
      25.6,
      16.4,
      6.2,
      25.7,
      15.3,
      13.3,
      6.3,
      15.8,
      41.0,
      8.1,
      5.6,
      5.4,
      1.6,
      23.4,
      23.6,
      16.2,
      5.7,
      5.1,
      5.5,
      5.7
    ],
    [
      24.4,
      32.7,
      24.0,
      21.6,
      22.6,
      23.7,
      22.9,
      24.6,
      28.8,
      22.9,
      31.6,
      24.0,
      24.0,
      22.9,
      22.7,
      21.4,
      31.6,
      24.2,
      24.2,
      22.4,
      55.2,
      22.6,
      22.9,
      29.2,
      23.5,
      32.1,
      24.0,
      28.9,
      34.4,
      23.8,
      23.6,
      29.0,
      0.0,
      34.6,
      24.6,
      21.3,
      21.8,
      24.7,
      8.3,
      40.1,
      22.5,
      8.4,
      28.8,
      29.2,
      22.6,
      29.3,
      41.4,
      22.6,
      24.3,
      23.4,
      26.9,
      6.8,
      7.6,
      32.3,
      23.6,
      24.0,
      23.5,
      23.9
    ],
    [
      13.8,
      12.7,
      12.3,
      14.5,
      11.0,
      11.5,
      13.6,
      12.6,
      16.1,
      11.1,
      19.9,
      14.7,
      12.9,
      11.3,
      13.6,
      13.5,
      19.9,
      13.2,
      13.0,
      13.1,
      55.5,
      12.1,
      11.1,
      8.5,
      12.1,
      20.4,
      13.6,
      17.1,
      46.5,
      14.5,
      12.2,
      18.4,
      34.6,
      0.0,
      12.0,
      13.1,
      13.0,
      12.8,
      32.7,
      29.9,
      12.5,
      32.8,
      11.4,
      6.1,
      12.6,
      11.8,
      49.7,
      14.4,
      13.0,
      12.8,
      16.7,
      29.0,
      29.3,
      4.0,
      11.7,
      12.3,
      12.6,
      12.3
    ],
    [
      3.6,
      3.1,
      0.23,
      4.2,
      1.3,
      0.6,
      2.3,
      1.2,
      5.9,
      1.0,
      10.3,
      3.5,
      2.6,
      0.85,
      3.2,
      3.5,
      10.3,
      2.9,
      2.8,
      1.9,
      45.9,
      2.4,
      0.85,
      8.3,
      1.8,
      11.8,
      3.3,
      6.9,
      38.4,
      3.4,
      0.75,
      6.8,
      24.6,
      12.0,
      0.0,
      3.2,
      3.1,
      0.85,
      29.1,
      19.9,
      2.4,
      29.2,
      10.0,
      6.5,
      2.5,
      10.4,
      40.6,
      4.5,
      1.6,
      2.7,
      5.9,
      27.4,
      27.6,
      9.5,
      1.3,
      1.4,
      1.7,
      1.1
    ],
    [
      3.6,
      7.1,
      3.3,
      1.4,
      2.4,
      2.9,
      2.2,
      4.0,
      6.9,
      2.4,
      11.5,
      3.3,
      3.7,
      2.3,
      2.1,
      0.75,
      11.6,
      3.5,
      3.9,
      1.8,
      46.0,
      1.9,
      2.4,
      9.3,
      2.9,
      10.9,
      3.3,
      6.8,
      31.3,
      3.2,
      3.0,
      6.7,
      21.3,
      13.1,
      3.2,
      0.0,
      1.2,
      3.6,
      19.6,
      20.1,
      1.6,
      19.7,
      11.4,
      8.4,
      1.7,
      11.8,
      34.5,
      0.9,
      3.2,
      2.3,
      5.8,
      16.0,
      16.2,
      11.4,
      2.6,
      2.9,
      2.4,
      2.8
    ],
    [
      3.6,
      4.7,
      3.2,
      0.7,
      1.8,
      2.8,
      2.2,
      4.0,
      6.6,
      2.4,
      11.3,
      3.3,
      3.6,
      2.2,
      2.0,
      1.3,
      11.3,
      3.5,
      3.9,
      1.7,
      45.9,
      0.65,
      2.4,
      9.2,
      2.9,
      10.8,
      3.3,
      6.8,
      30.7,
      3.1,
      2.9,
      6.7,
      21.8,
      13.0,
      3.1,
      1.2,
      0.0,
      4.0,
      20.4,
      20.5,
      0.7,
      20.5,
      8.2,
      7.7,
      0.8,
      8.7,
      34.1,
      1.9,
      3.6,
      2.0,
      6.2,
      16.7,
      17.0,
      10.7,
      2.9,
      3.3,
      2.8,
      3.2
    ],
    [
      2.2,
      1.1,
      0.6,
      4.3,
      1.8,
      1.7,
      2.0,
      1.4,
      4.5,
      1.4,
      9.0,
      2.3,
      1.1,
      1.2,
      3.6,
      3.6,
      9.0,
      1.6,
      1.3,
      2.0,
      44.6,
      2.9,
      1.4,
      9.1,
      0.65,
      9.5,
      2.0,
      5.5,
      37.8,
      2.3,
      0.75,
      5.4,
      24.7,
      12.8,
      0.85,
      3.6,
      4.0,
      0.0,
      28.3,
      19.1,
      2.7,
      28.4,
      9.3,
      7.1,
      2.8,
      9.8,
      41.0,
      4.8,
      0.75,
      2.0,
      4.8,
      26.6,
      26.9,
      10.2,
      1.6,
      0.85,
      1.2,
      1.0
    ],
    [
      23.2,
      29.3,
      28.2,
      20.5,
      21.4,
      28.8,
      21.8,
      29.9,
      25.4,
      21.9,
      28.1,
      27.8,
      28.8,
      21.9,
      21.7,
      20.4,
      28.2,
      28.0,
      29.0,
      21.4,
      51.7,
      21.5,
      28.5,
      28.2,
      28.0,
      28.7,
      22.9,
      25.5,
      38.1,
      27.6,
      28.1,
      25.6,
      8.3,
      32.7,
      29.1,
      19.6,
      20.4,
      28.3,
      0.0,
      36.6,
      19.6,
      1.0,
      26.0,
      26.4,
      19.7,
      26.4,
      41.7,
      19.7,
      21.4,
      20.5,
      24.0,
      3.8,
      2.9,
      29.4,
      20.7,
      21.1,
      20.6,
      21.0
    ],
    [
      19.4,
      20.1,
      19.0,
      20.8,
      19.6,
      19.6,
      18.6,
      20.7,
      16.1,
      19.3,
      13.2,
      18.6,
      19.6,
      19.3,
      20.0,
      20.1,
      13.3,
      18.8,
      19.8,
      18.6,
      33.1,
      19.3,
      19.3,
      26.2,
      18.8,
      13.8,
      19.1,
      16.1,
      54.9,
      18.4,
      18.9,
      16.4,
      40.1,
      29.9,
      19.9,
      20.1,
      20.5,
      19.1,
      36.6,
      0.0,
      19.3,
      36.7,
      26.3,
      24.0,
      19.4,
      26.7,
      57.9,
      21.2,
      18.6,
      18.5,
      15.9,
      34.4,
      34.7,
      27.1,
      19.6,
      18.2,
      20.1,
      19.8
    ],
    [
      3.1,
      3.8,
      2.5,
      0.18,
      1.1,
      2.1,
      1.0,
      3.2,
      5.4,
      1.5,
      9.8,
      2.6,
      2.9,
      1.5,
      1.5,
      0.8,
      9.8,
      2.8,
      3.1,
      0.85,
      45.4,
      0.23,
      1.5,
      8.7,
      2.2,
      10.3,
      2.8,
      6.3,
      31.4,
      2.4,
      2.2,
      6.2,
      22.5,
      12.5,
      2.4,
      1.6,
      0.7,
      2.7,
      19.6,
      19.3,
      0.0,
      21.5,
      10.4,
      7.4,
      0.12,
      10.8,
      35.4,
      3.2,
      2.2,
      1.0,
      4.9,
      17.8,
      18.1,
      10.4,
      1.4,
      2.0,
      1.6,
      2.0
    ],
    [
      23.3,
      29.4,
      28.3,
      20.6,
      21.5,
      28.9,
      22.0,
      30.0,
      25.5,
      22.0,
      28.2,
      27.9,
      28.9,
      22.0,
      21.8,
      20.5,
      28.3,
      28.1,
      29.1,
      21.5,
      51.9,
      21.7,
      28.6,
      28.3,
      28.1,
      28.8,
      23.1,
      25.6,
      38.2,
      27.8,
      28.2,
      25.7,
      8.4,
      32.8,
      29.2,
      19.7,
      20.5,
      28.4,
      1.0,
      36.7,
      21.5,
      0.0,
      26.2,
      26.6,
      19.9,
      26.6,
      41.9,
      19.9,
      21.6,
      20.7,
      24.2,
      4.0,
      3.2,
      29.6,
      21.0,
      21.3,
      20.8,
      21.2
    ],
    [
      10.7,
      9.5,
      9.2,
      12.3,
      8.7,
      9.8,
      10.4,
      10.9,
      13.0,
      9.3,
      16.8,
      10.7,
      9.8,
      9.1,
      11.3,
      11.3,
      16.8,
      10.1,
      9.9,
      10.0,
      52.4,
      9.8,
      9.3,
      4.9,
      9.0,
      18.3,
      10.5,
      14.0,
      34.6,
      10.7,
      9.1,
      15.3,
      28.8,
      11.4,
      10.0,
      11.4,
      8.2,
      9.3,
      26.0,
      26.3,
      10.4,
      26.2,
      0.0,
      7.0,
      9.9,
      0.6,
      37.5,
      9.8,
      9.5,
      10.2,
      13.3,
      23.5,
      23.8,
      9.1,
      9.4,
      8.8,
      9.1,
      8.9
    ],
    [
      8.5,
      7.3,
      7.0,
      9.2,
      5.7,
      6.2,
      8.2,
      7.3,
      10.8,
      5.8,
      14.6,
      9.3,
      7.6,
      6.0,
      8.2,
      8.2,
      14.6,
      7.9,
      7.7,
      7.8,
      50.2,
      6.8,
      5.8,
      3.9,
      6.8,
      15.1,
      8.2,
      11.8,
      40.9,
      9.2,
      6.9,
      13.3,
      29.2,
      6.1,
      6.5,
      8.4,
      7.7,
      7.1,
      26.4,
      24.0,
      7.4,
      26.6,
      7.0,
      0.0,
      7.1,
      7.0,
      44.2,
      8.9,
      7.5,
      7.4,
      11.2,
      23.6,
      23.8,
      3.7,
      6.2,
      6.8,
      7.1,
      6.9
    ],
    [
      3.2,
      3.9,
      2.6,
      0.27,
      1.2,
      2.2,
      1.0,
      3.3,
      5.4,
      1.6,
      9.9,
      2.7,
      3.0,
      1.6,
      1.6,
      0.85,
      9.9,
      2.9,
      3.2,
      0.85,
      45.5,
      0.22,
      1.6,
      8.8,
      2.2,
      10.4,
      2.9,
      6.4,
      31.5,
      2.5,
      2.3,
      6.3,
      22.6,
      12.6,
      2.5,
      1.7,
      0.8,
      2.8,
      19.7,
      19.4,
      0.12,
      19.9,
      9.9,
      7.1,
      0.0,
      10.8,
      35.3,
      3.1,
      2.2,
      1.0,
      4.8,
      17.7,
      17.9,
      10.3,
      1.3,
      1.9,
      1.5,
      1.9
    ],
    [
      11.2,
      10.0,
      9.6,
      12.7,
      9.1,
      10.2,
      10.9,
      11.3,
      13.5,
      9.7,
      17.2,
      11.1,
      10.2,
      9.6,
      11.7,
      11.7,
      17.2,
      10.5,
      10.3,
      10.4,
      52.8,
      10.3,
      9.7,
      5.3,
      9.5,
      18.7,
      10.9,
      14.5,
      35.1,
      11.1,
      9.5,
      15.8,
      29.3,
      11.8,
      10.4,
      11.8,
      8.7,
      9.8,
      26.4,
      26.7,
      10.8,
      26.6,
      0.6,
      7.0,
      10.8,
      0.0,
      38.1,
      9.9,
      9.5,
      10.2,
      13.3,
      23.6,
      23.8,
      9.2,
      9.5,
      8.9,
      9.2,
      8.9
    ],
    [
      42.4,
      41.3,
      40.8,
      35.4,
      39.8,
      40.3,
      36.3,
      41.4,
      46.8,
      39.9,
      49.0,
      37.4,
      41.3,
      40.8,
      36.6,
      35.3,
      49.5,
      41.7,
      41.5,
      35.8,
      81.0,
      40.9,
      39.9,
      41.2,
      40.7,
      50.0,
      42.1,
      41.0,
      25.1,
      37.2,
      40.8,
      41.0,
      41.4,
      49.7,
      40.6,
      34.5,
      34.1,
      41.0,
      41.7,
      57.9,
      35.4,
      41.9,
      37.5,
      44.2,
      35.3,
      38.1,
      0.0,
      35.1,
      41.0,
      35.3,
      44.8,
      39.2,
      39.4,
      47.1,
      41.0,
      40.4,
      40.7,
      40.4
    ],
    [
      4.9889540000000006,
      8.4,
      4.6,
      2.2,
      3.7,
      4.2,
      0.4,
      5.3,
      8.6,
      3.8,
      12.8,
      4.7,
      5.0,
      3.6,
      3.4,
      1.5,
      13.3,
      4.8,
      5.2,
      3.1,
      47.3,
      3.3,
      3.5,
      10.6,
      3.9,
      12.230984,
      4.7,
      8.2,
      32.0,
      4.5,
      4.3,
      8.1,
      22.6,
      14.4,
      4.5,
      0.9,
      1.9,
      4.8,
      19.7,
      21.2,
      3.2,
      19.9,
      9.8,
      8.9,
      3.1,
      9.9,
      35.1,
      0.0,
      1.7,
      0.6,
      4.4,
      17.9,
      18.1,
      10.9,
      1.0,
      1.4,
      0.9,
      1.3
    ],
    [
      2.4,
      3.7,
      0.75,
      3.9,
      1.3,
      0.8,
      2.0,
      2.4,
      4.7,
      1.2,
      9.2,
      2.3,
      1.4,
      0.7,
      3.1,
      3.2,
      9.2,
      1.8,
      1.6,
      1.6,
      44.8,
      2.3,
      0.85,
      9.2,
      0.55,
      9.7,
      2.1,
      5.7,
      37.9,
      2.3,
      0.65,
      5.6,
      24.3,
      13.0,
      1.6,
      3.2,
      3.6,
      0.75,
      21.4,
      18.6,
      2.2,
      21.6,
      9.5,
      7.5,
      2.2,
      9.5,
      41.0,
      1.7,
      0.0,
      3.3,
      5.8,
      25.9,
      26.2,
      9.3,
      1.8,
      0.75,
      2.2,
      0.9
    ],
    [
      2.3,
      4.4,
      1.9,
      3.0,
      1.8,
      2.3,
      0.2,
      3.4,
      4.6,
      1.8,
      9.0,
      1.8,
      2.1,
      1.7,
      1.9,
      2.4,
      9.0,
      2.0,
      2.3,
      0.3,
      44.6,
      1.1,
      1.8,
      9.1,
      1.4,
      9.5,
      2.0,
      5.5,
      32.5,
      1.6,
      1.6,
      5.4,
      23.4,
      12.8,
      2.7,
      2.3,
      2.0,
      2.0,
      20.5,
      18.5,
      1.0,
      20.7,
      10.2,
      7.4,
      1.0,
      10.2,
      35.3,
      0.6,
      3.3,
      0.0,
      4.2,
      18.1,
      18.3,
      11.1,
      1.0,
      1.4,
      1.1,
      1.5
    ],
    [
      5.1,
      6.9,
      4.7,
      6.5,
      5.8,
      5.7,
      4.3,
      6.8,
      1.6,
      5.4,
      6.4,
      4.4,
      5.3,
      5.2,
      5.7,
      5.8,
      6.4,
      4.5,
      5.5,
      4.3,
      42.2,
      5.0,
      5.3,
      13.0,
      4.6,
      6.9,
      4.8,
      1.0,
      36.3,
      4.2,
      4.6,
      1.6,
      26.9,
      16.7,
      5.9,
      5.8,
      6.2,
      4.8,
      24.0,
      15.9,
      4.9,
      24.2,
      13.3,
      11.2,
      4.8,
      13.3,
      44.8,
      4.4,
      5.8,
      4.2,
      0.0,
      22.2,
      22.4,
      15.0,
      4.9,
      4.3,
      4.7,
      4.9
    ],
    [
      19.6,
      27.1,
      26.5,
      16.8,
      17.8,
      27.1,
      18.2,
      28.2,
      23.7,
      18.2,
      24.9,
      26.2,
      27.1,
      18.2,
      18.1,
      16.7,
      25.0,
      26.3,
      27.3,
      17.8,
      50.1,
      17.9,
      26.8,
      24.6,
      26.6,
      25.5,
      19.3,
      23.1,
      33.4,
      26.0,
      26.4,
      23.4,
      6.8,
      29.0,
      27.4,
      16.0,
      16.7,
      26.6,
      3.8,
      34.4,
      17.8,
      4.0,
      23.5,
      23.6,
      17.7,
      23.6,
      39.2,
      17.9,
      25.9,
      18.1,
      22.2,
      0.0,
      0.8,
      27.0,
      18.3,
      18.7,
      18.2,
      18.6
    ],
    [
      19.8,
      27.3,
      26.7,
      17.1,
      18.0,
      27.4,
      18.5,
      28.5,
      23.9,
      18.5,
      25.2,
      26.4,
      27.4,
      18.5,
      18.3,
      17.0,
      25.2,
      26.6,
      27.6,
      18.0,
      50.3,
      18.2,
      27.0,
      24.8,
      26.6,
      25.7,
      19.6,
      23.3,
      33.7,
      26.2,
      26.7,
      23.6,
      7.6,
      29.3,
      27.6,
      16.2,
      17.0,
      26.9,
      2.9,
      34.7,
      18.1,
      3.2,
      23.8,
      23.8,
      17.9,
      23.8,
      39.4,
      18.1,
      26.2,
      18.3,
      22.4,
      0.8,
      0.0,
      27.0,
      18.3,
      18.6,
      18.2,
      18.5
    ],
    [
      11.6,
      10.4,
      10.0,
      12.3,
      8.7,
      9.3,
      11.3,
      10.4,
      13.9,
      8.9,
      17.6,
      12.4,
      10.7,
      9.0,
      11.3,
      11.3,
      17.6,
      11.0,
      10.7,
      10.8,
      53.2,
      9.9,
      8.9,
      6.0,
      9.9,
      18.1,
      11.3,
      14.9,
      43.9,
      12.2,
      9.9,
      16.2,
      32.3,
      4.0,
      9.5,
      11.4,
      10.7,
      10.2,
      29.4,
      27.1,
      10.4,
      29.6,
      9.1,
      3.7,
      10.3,
      9.2,
      47.1,
      10.9,
      9.3,
      11.1,
      15.0,
      27.0,
      27.0,
      0.0,
      9.4,
      10.0,
      10.3,
      10.1
    ],
    [
      3.0,
      2.9,
      1.4,
      3.2,
      0.55,
      1.0,
      0.9,
      2.1,
      5.3,
      0.5,
      10.1,
      2.3,
      1.8,
      0.4,
      0.6,
      2.6,
      10.2,
      2.0,
      2.0,
      0.95,
      45.7,
      1.5,
      0.3,
      8.0,
      1.0,
      11.7,
      2.8,
      5.7,
      32.0,
      2.1,
      1.1,
      5.7,
      23.6,
      11.7,
      1.3,
      2.6,
      2.9,
      1.6,
      20.7,
      19.6,
      1.4,
      21.0,
      9.4,
      6.2,
      1.3,
      9.5,
      41.0,
      1.0,
      1.8,
      1.0,
      4.9,
      18.3,
      18.3,
      9.4,
      0.0,
      1.6,
      1.1,
      1.5
    ],
    [
      2.4,
      3.1,
      0.8,
      3.6,
      1.1,
      0.9,
      1.7,
      2.2,
      4.7,
      0.85,
      8.7,
      1.8,
      0.65,
      0.65,
      2.8,
      2.9,
      8.8,
      1.2,
      1.1,
      1.3,
      44.4,
      2.1,
      0.8,
      8.5,
      0.26,
      9.3,
      2.1,
      5.2,
      37.3,
      1.7,
      0.4,
      5.1,
      24.0,
      12.3,
      1.4,
      2.9,
      3.3,
      0.85,
      21.1,
      18.2,
      2.0,
      21.3,
      8.8,
      6.8,
      1.9,
      8.9,
      40.4,
      1.4,
      0.75,
      1.4,
      4.3,
      18.7,
      18.6,
      10.0,
      1.6,
      0.0,
      0.7,
      0.45
    ],
    [
      2.7,
      3.4,
      1.1,
      3.1,
      0.55,
      1.4,
      1.3,
      2.5,
      5.0,
      0.35,
      10.6,
      2.2,
      1.5,
      0.2,
      2.5,
      2.4,
      10.6,
      1.9,
      1.8,
      0.8,
      46.2,
      1.7,
      0.3,
      8.8,
      0.75,
      12.1,
      2.5,
      6.0,
      37.6,
      2.0,
      0.85,
      5.5,
      23.5,
      12.6,
      1.7,
      2.4,
      2.8,
      1.2,
      20.6,
      20.1,
      1.6,
      20.8,
      9.1,
      7.1,
      1.5,
      9.2,
      40.7,
      0.9,
      2.2,
      1.1,
      4.7,
      18.2,
      18.2,
      10.3,
      1.1,
      0.7,
      0.0,
      0.55
    ],
    [
      2.5,
      3.1,
      0.85,
      3.5,
      0.8,
      0.85,
      1.6,
      2.0,
      4.8,
      0.4,
      10.3,
      2.4,
      1.5,
      0.29,
      0.8,
      2.8,
      10.4,
      1.9,
      1.7,
      1.2,
      46.0,
      5.9,
      0.4,
      8.6,
      0.7,
      11.9,
      2.2,
      5.8,
      37.3,
      2.4,
      0.7,
      5.7,
      23.9,
      12.3,
      1.1,
      2.8,
      3.2,
      1.0,
      21.0,
      19.8,
      2.0,
      21.2,
      8.9,
      6.9,
      1.9,
      8.9,
      40.4,
      1.3,
      0.9,
      1.5,
      4.9,
      18.6,
      18.5,
      10.1,
      1.5,
      0.45,
      0.55,
      0.0
    ]
  ],
  "drive_time_matrix": [
    [
      0.0,
      33.0,
      3.0,
      3.0,
      6.0,
      6.0,
      5.0,
      9.0,
      22.0,
      5.0,
      16.0,
      5.0,
      5.0,
      5.0,
      12.0,
      7.0,
      15.0,
      4.0,
      19.0,
      7.0,
      52.0,
      5.0,
      5.0,
      14.0,
      3.0,
      16.0,
      1.0,
      8.0,
      41.0,
      5.0,
      3.0,
      30.0,
      29.0,
      20.0,
      6.0,
      5.0,
      5.0,
      4.0,
      28.0,
      29.0,
      6.0,
      28.0,
      14.0,
      12.0,
      6.0,
      16.0,
      46.0,
      7.0,
      3.0,
      5.0,
      7.0,
      24.0,
      24.0,
      16.0,
      6.0,
      4.0,
      5.0,
      4.0
    ],
    [
      33.0,
      0.0,
