{
  "drive_dist_matrix": [
    [
      0.0,
      4.506151999999999,
      21.082354,
      0.9656039999999999,
      1.448406,
      9.495106,
      0.80467,
      10.621644,
      7.885766,
      0.80467,
      1.60934,
      1.448406,
      12.713786,
      23.818232000000002,
      5.471756,
      0.6437360000000001,
      28.324384000000002,
      26.232242,
      5.149888000000001,
      19.955816000000002,
      0.6437360000000001,
      21.082354,
      26.55411,
      23.818232000000002,
      33.152404000000004,
      11.909116000000001,
      0.9656039999999999,
      9.977908000000001,
      4.506151999999999,
      2.2530759999999996,
      1.9312079999999998,
      20.11675,
      30.57746,
      12.87472,
      2.41401,
      3.21868,
      0.9656039999999999,
      7.563898,
      1.448406,
      1.9312079999999998,
      30.738394000000003,
      23.657297999999997,
      1.60934,
      8.690436,
      17.219938,
      3.057746,
      1.1265379999999998,
      11.909116000000001,
      15.610598,
      4.667085999999999,
      15.932466,
      6.115492,
      21.404222,
      5.149888000000001,
      24.783836,
      2.5749440000000003,
      22.208892000000002,
      9.173238,
      2.092142
    ],
    [
      4.506151999999999,
      0.0,
      21.404222,
      4.9889540000000006,
      4.9889540000000006,
      11.587248,
      4.345218,
      10.782578,
      9.173238,
      4.345218,
      5.149888000000001,
      2.5749440000000003,
      14.001257999999998,
      26.393175999999997,
      2.735878,
      4.184284,
      28.807185999999998,
      22.852628,
      4.82802,
      20.438617999999998,
      4.345218,
      27.841582000000002,
      29.129054000000004,
      26.232242,
      39.911632000000004,
      15.771532,
      4.667085999999999,
      6.9201619999999995,
      1.60934,
      6.759228,
      5.63269,
      15.127796,
      19.31208,
      14.001257999999998,
      4.82802,
      4.82802,
      4.667085999999999,
      8.368568,
      4.9889540000000006,
      2.5749440000000003,
      22.047957999999998,
      26.232242,
      2.41401,
      6.276426,
      19.955816000000002,
      3.7014819999999995,
      4.82802,
      14.48406,
      18.024607999999997,
      5.793624,
      17.219938,
      7.24203,
      21.887024,
      6.43736,
      27.35878,
      5.9545580000000005,
      24.783836,
      7.402963999999999,
      5.63269
    ],
    [
      21.082354,
      21.404222,
      0.0,
      21.243288,
      22.369826,
      21.404222,
      21.72609,
      16.89807,
      27.197846,
      21.72609,
      24.1401,
      22.53076,
      33.152404000000004,
      41.360037999999996,
      19.151146,
      21.404222,
      9.977908000000001,
      43.613114,
      25.74944,
      8.368568,
      21.72609,
      28.002515999999996,
      44.095915999999995,
      40.555368,
      23.657297999999997,
      20.92142,
      22.369826,
      17.541806,
      21.082354,
      22.369826,
      24.301033999999998,
      11.26538,
      21.565156,
      33.313338,
      24.622902,
      25.588506,
      22.369826,
      15.771532,
      21.243288,
      19.955816000000002,
      15.610598,
      41.199104000000005,
      22.691694,
      16.254334,
      33.152404000000004,
      24.1401,
      22.369826,
      29.450922000000002,
      32.99147,
      27.197846,
      36.371084,
      26.55411,
      0.32186800000000004,
      25.588506,
      41.681906,
      21.404222,
      39.750698,
      14.805927999999998,
      22.369826
    ],
    [
      0.9656039999999999,
      4.9889540000000006,
      21.243288,
      0.0,
      0.9656039999999999,
      9.334171999999999,
      0.32186800000000004,
      10.46071,
      5.471756,
      0.48280199999999995,
      0.80467,
      2.5749440000000003,
      9.012303999999999,
      23.657297999999997,
      6.598293999999999,
      0.6437360000000001,
      28.16345,
      16.576202000000002,
      4.82802,
      19.794882,
      0.32186800000000004,
      20.760486,
      26.393175999999997,
      23.657297999999997,
      32.830535999999995,
      11.748182,
      0.6437360000000001,
      11.587248,
      5.793624,
      0.80467,
      1.448406,
      19.955816000000002,
      30.416525999999998,
      9.173238,
      1.2874720000000002,
      3.379614,
      0.6437360000000001,
      7.402963999999999,
      0.48280199999999995,
      2.896812,
      30.57746,
      23.496364,
      2.41401,
      9.816974,
      15.771532,
      3.379614,
      0.6437360000000001,
      9.012303999999999,
      15.449663999999999,
      4.82802,
      17.059003999999998,
      7.0810960000000005,
      21.243288,
      3.8624159999999996,
      24.622902,
      1.448406,
      22.047957999999998,
      13.196587999999998,
      0.6437360000000001
    ],
    [
      1.448406,
      4.9889540000000006,
      22.369826,
      0.9656039999999999,
      0.0,
      13.035654,
      1.2874720000000002,
      13.196587999999998,
      4.506151999999999,
      1.2874720000000002,
      0.32186800000000004,
      2.735878,
      8.0467,
      21.72609,
      7.24203,
      1.448406,
      30.899327999999997,
      15.449663999999999,
      4.667085999999999,
      22.53076,
      1.2874720000000002,
      23.174496,
      24.461968,
      21.72609,
      35.244546,
      15.610598,
      0.48280199999999995,
      11.748182,
      5.63269,
      0.6437360000000001,
      0.32186800000000004,
      22.691694,
      33.152404000000004,
      8.207633999999999,
      0.16093400000000002,
      2.5749440000000003,
      0.48280199999999995,
      10.138842,
      1.2874720000000002,
      3.379614,
      33.313338,
      21.565156,
      2.735878,
      10.299776000000001,
      15.28873,
      2.41401,
      0.48280199999999995,
      9.816974,
      13.357522000000001,
      3.8624159999999996,
      15.127796,
      5.310822,
      23.979166,
      2.896812,
      22.691694,
      2.2530759999999996,
      20.11675,
      15.932466,
      0.48280199999999995
    ],
    [
      9.495106,
      11.587248,
      21.404222,
      9.334171999999999,
      13.035654,
      0.0,
      9.65604,
      5.149888000000001,
      20.438617999999998,
      9.65604,
      10.621644,
      10.621644,
      21.243288,
      28.324384000000002,
      12.713786,
      9.495106,
      21.565156,
      30.738394000000003,
      13.67939,
      13.357522000000001,
      9.816974,
      16.737136,
      31.221196,
      25.910374,
      28.807185999999998,
      7.24203,
      10.138842,
      14.001257999999998,
      13.67939,
      10.138842,
      12.87472,
      19.151146,
      29.450922000000002,
      21.404222,
      11.26538,
      13.840323999999999,
      10.138842,
      7.885766,
      9.173238,
      9.65604,
      29.611855999999996,
      28.16345,
      10.782578,
      12.713786,
      15.771532,
      12.230984,
      10.138842,
      16.576202000000002,
      17.70274,
      14.001257999999998,
      24.461968,
      14.644993999999999,
      20.277684,
      13.67939,
      26.875978,
      8.529501999999999,
      26.393175999999997,
      11.26538,
      10.782578
    ],
    [
      0.80467,
      4.345218,
      21.72609,
      0.32186800000000004,
      1.2874720000000002,
      9.65604,
      0.0,
      10.138842,
      6.276426,
      0.246,
      1.2874720000000002,
      2.092142,
      13.518456,
      23.33543,
      6.115492,
      0.16093400000000002,
      27.841582000000002,
      25.74944,
      4.82802,
      19.473014,
      0.404,
      20.438617999999998,
      26.232242,
      23.33543,
      32.508668,
      11.426314,
      0.80467,
      11.26538,
      5.149888000000001,
      1.1265379999999998,
      1.60934,
      19.794882,
      30.094658,
      13.518456,
      1.2874720000000002,
      3.379614,
      0.80467,
      6.9201619999999995,
      0.6437360000000001,
      2.41401,
      30.255592,
      23.174496,
      2.735878,
      9.334171999999999,
      16.89807,
      3.379614,
      0.80467,
      11.426314,
      15.127796,
      4.9889540000000006,
      16.737136,
      6.759228,
      20.92142,
      5.793624,
      24.461968,
      2.092142,
      21.72609,
      9.495106,
      0.80467
    ],
    [
      10.621644,
      10.782578,
      16.89807,
      10.46071,
      13.196587999999998,
      5.149888000000001,
      10.138842,
      0.0,
      16.576202000000002,
      9.495106,
      12.552852,
      10.943512,
      23.013562,
      30.899327999999997,
      8.529501999999999,
      9.334171999999999,
      22.208892000000002,
      33.152404000000004,
      14.162192000000001,
      11.587248,
      9.65604,
      19.151146,
      33.635206,
      28.324384000000002,
      31.221196,
      9.65604,
      10.782578,
      9.816974,
      10.46071,
      11.748182,
      12.713786,
      14.966862,
      25.266638,
      22.691694,
      13.035654,
      14.001257999999998,
      10.782578,
      3.7014819999999995,
      9.495106,
      9.012303999999999,
      25.427572,
      30.738394000000003,
      11.104446000000001,
      8.529501999999999,
      20.599552000000003,
      12.552852,
      10.782578,
      18.990212,
      20.11675,
      15.28873,
      25.910374,
      14.966862,
      16.0934,
      14.001257999999998,
      29.450922000000002,
      9.816974,
      28.96812,
      7.0810960000000005,
      10.782578
    ],
    [
      7.885766,
      9.173238,
      27.197846,
      5.471756,
      4.506151999999999,
      20.438617999999998,
      6.276426,
      16.576202000000002,
      0.0,
      5.471756,
      4.667085999999999,
      7.0810960000000005,
      5.310822,
      11.748182,
      11.104446000000001,
      6.115492,
      33.79614,
      11.26538,
      9.173238,
      25.427572,
      5.471756,
      26.071308,
      17.541806,
      21.243288,
      38.141358,
      18.829278,
      5.149888000000001,
      16.0934,
      10.138842,
      4.82802,
      4.82802,
      25.588506,
      36.049215999999994,
      5.310822,
      5.149888000000001,
      5.471756,
      5.149888000000001,
      13.035654,
      5.310822,
      9.173238,
      36.21015,
      11.748182,
      7.0810960000000005,
      15.771532,
      18.185542,
      6.759228,
      4.9889540000000006,
      7.885766,
      13.035654,
      5.793624,
      18.668343999999998,
      8.85137,
      26.875978,
      3.057746,
      22.369826,
      6.276426,
      14.162192000000001,
      18.829278,
      4.9889540000000006
    ],
    [
      0.80467,
      4.345218,
      21.72609,
      0.48280199999999995,
      1.2874720000000002,
      9.65604,
      0.246,
      9.495106,
      5.471756,
      0.0,
      1.1265379999999998,
      2.092142,
      13.67939,
      23.496364,
      6.115492,
      0.16093400000000002,
      28.002515999999996,
      17.219938,
      4.82802,
      19.633948,
      0.354,
      20.599552000000003,
      26.232242,
      23.496364,
      32.669602,
      11.587248,
      0.6437360000000001,
      11.26538,
      5.149888000000001,
      1.1265379999999998,
      1.448406,
      19.794882,
      30.255592,
      13.67939,
      1.2874720000000002,
      3.379614,
      0.6437360000000001,
      6.9201619999999995,
      0.6437360000000001,
      2.2530759999999996,
      30.255592,
      23.33543,
      2.735878,
      9.334171999999999,
      16.89807,
      3.379614,
      0.80467,
      11.587248,
      15.127796,
      4.82802,
      16.89807,
      6.9201619999999995,
      21.082354,
      3.7014819999999995,
      24.461968,
      2.092142,
      21.887024,
      9.495106,
      0.80467
    ],
    [
      1.60934,
      5.149888000000001,
      24.1401,
      0.80467,
      0.32186800000000004,
      10.621644,
      1.2874720000000002,
      12.552852,
      4.667085999999999,
      1.1265379999999998,
      0.0,
      3.379614,
      9.334171999999999,
      21.72609,
      7.885766,
      1.1265379999999998,
      29.129054000000004,
      16.0934,
      5.471756,
      20.760486,
      0.9656039999999999,
      23.33543,
      24.622902,
      21.72609,
      35.40548,
      12.230984,
      0.6437360000000001,
      12.87472,
      6.9201619999999995,
      0.32186800000000004,
      0.6437360000000001,
      21.082354,
      31.38213,
      9.495106,
      0.48280199999999995,
      3.21868,
      0.6437360000000001,
      8.368568,
      0.9656039999999999,
      4.02335,
      31.543064,
      21.565156,
      3.379614,
      10.943512,
      15.449663999999999,
      3.057746,
      0.48280199999999995,
      8.690436,
      13.518456,
      4.506151999999999,
      15.28873,
      5.310822,
      22.208892000000002,
      3.5405480000000003,
      22.691694,
      1.7702740000000001,
      20.11675,
      14.162192000000001,
      0.16093400000000002
    ],
    [
      1.448406,
      2.5749440000000003,
      22.53076,
      2.5749440000000003,
      2.735878,
      10.621644,
      2.092142,
      10.943512,
      7.0810960000000005,
      2.092142,
      3.379614,
      0.0,
      11.909116000000001,
      24.301033999999998,
      4.184284,
      2.092142,
      30.255592,
      20.92142,
      3.379614,
      21.887024,
      2.41401,
      25.910374,
      27.197846,
      24.301033999999998,
      37.81949,
      13.840323999999999,
      2.2530759999999996,
      8.207633999999999,
      3.21868,
      3.057746,
      3.7014819999999995,
      22.047957999999998,
      32.347734,
      12.07005,
      2.41401,
      2.41401,
      2.2530759999999996,
      9.495106,
      2.896812,
      2.092142,
      32.508668,
      24.1401,
      0.48280199999999995,
      7.563898,
      17.863674,
      1.7702740000000001,
      2.41401,
      12.391918,
      16.0934,
      3.8624159999999996,
      15.127796,
      5.310822,
      23.33543,
      4.345218,
      25.266638,
      5.793624,
      22.691694,
      8.85137,
      2.896812
    ],
    [
      12.713786,
      14.001257999999998,
      33.152404000000004,
      9.012303999999999,
      8.0467,
      21.243288,
      13.518456,
      23.013562,
      5.310822,
      13.67939,
      9.334171999999999,
      11.909116000000001,
      0.0,
      14.323126,
      12.87472,
      12.552852,
      40.072565999999995,
      10.943512,
      9.012303999999999,
      31.703998,
      12.713786,
      32.025866,
      20.599552000000003,
      26.875978,
      43.934982,
      23.657297999999997,
      8.690436,
      14.323126,
      11.909116000000001,
      9.334171999999999,
      7.885766,
      31.864932,
      34.278942,
      0.427,
      8.207633999999999,
      7.24203,
      8.690436,
      19.31208,
      9.816974,
      13.67939,
      42.486576,
      12.713786,
      8.85137,
      14.48406,
      25.74944,
      10.299776000000001,
      8.690436,
      11.426314,
      18.668343999999998,
      6.115492,
      12.552852,
      7.24203,
      33.152404000000004,
      5.63269,
      28.002515999999996,
      10.621644,
      17.219938,
      15.771532,
      9.495106
    ],
    [
      23.818232000000002,
      26.393175999999997,
      41.360037999999996,
      23.657297999999997,
      21.72609,
      28.324384000000002,
      23.33543,
      30.899327999999997,
      11.748182,
      23.496364,
      21.72609,
      24.301033999999998,
      14.323126,
      0.0,
      26.715044000000002,
      21.404222,
      46.027124,
      7.563898,
      17.059003999999998,
      39.750698,
      21.565156,
      37.81949,
      9.65604,
      26.715044000000002,
      46.348992,
      27.036912,
      20.438617999999998,
      26.071308,
      25.74944,
      19.794882,
      20.277684,
      37.81949,
      47.636464000000004,
      13.196587999999998,
      20.599552000000003,
      15.771532,
      20.438617999999998,
      25.266638,
      20.438617999999998,
      22.852628,
      48.441134000000005,
      0.456,
      24.301033999999998,
      32.508668,
      26.393175999999997,
      22.369826,
      20.438617999999998,
      10.782578,
      16.254334,
      15.610598,
      22.691694,
      24.301033999999998,
      39.106962,
      13.035654,
      27.680647999999998,
      19.955816000000002,
      11.909116000000001,
      31.060262,
      20.277684
    ],
    [
      5.471756,
      2.735878,
      19.151146,
      6.598293999999999,
      7.24203,
      12.713786,
      6.115492,
      8.529501999999999,
      11.104446000000001,
      6.115492,
      7.885766,
      4.184284,
      12.87472,
      26.715044000000002,
      0.0,
      5.9545580000000005,
      25.910374,
      25.105704,
      4.9889540000000006,
      17.541806,
      6.115492,
      26.715044000000002,
      31.221196,
      28.485318,
      38.785094,
      17.219938,
      6.759228,
      4.506151999999999,
      2.41401,
      9.012303999999999,
      7.885766,
      12.713786,
      16.89807,
      12.713786,
      6.9201619999999995,
      6.43736,
      6.759228,
      7.24203,
      6.759228,
      4.667085999999999,
      19.633948,
      28.324384000000002,
      4.02335,
      3.8624159999999996,
      22.047957999999998,
      5.149888000000001,
      6.9201619999999995,
      16.576202000000002,
      20.277684,
      7.24203,
      14.323126,
      9.495106,
      18.990212,
      8.529501999999999,
      29.450922000000002,
      7.885766,
      26.875978,
      4.9889540000000006,
      7.402963999999999
    ],
    [
      0.6437360000000001,
      4.184284,
      21.404222,
      0.6437360000000001,
      1.448406,
      9.495106,
      0.16093400000000002,
      9.334171999999999,
      6.115492,
      0.16093400000000002,
      1.1265379999999998,
      2.092142,
      12.552852,
      21.404222,
      5.9545580000000005,
      0.0,
      27.841582000000002,
      17.059003999999998,
      5.9545580000000005,
      19.473014,
      0.16093400000000002,
      20.438617999999998,
      26.071308,
      23.33543,
      32.508668,
      11.426314,
      0.80467,
      11.104446000000001,
      5.149888000000001,
      1.60934,
      1.60934,
      19.633948,
      30.094658,
      13.518456,
      1.448406,
      3.5405480000000003,
      0.80467,
      7.0810960000000005,
      0.80467,
      2.2530759999999996,
      30.255592,
      23.174496,
      1.9312079999999998,
      9.173238,
      16.737136,
      3.5405480000000003,
      0.9656039999999999,
      11.426314,
      15.127796,
      4.9889540000000006,
      16.576202000000002,
      6.759228,
      20.92142,
      5.793624,
      24.301033999999998,
      1.9312079999999998,
      21.72609,
      10.46071,
      1.60934
    ],
    [
      28.324384000000002,
      28.807185999999998,
      9.977908000000001,
      28.16345,
      30.899327999999997,
      21.565156,
      27.841582000000002,
      22.208892000000002,
      33.79614,
      28.002515999999996,
      29.129054000000004,
      30.255592,
      40.072565999999995,
      46.027124,
      25.910374,
      27.841582000000002,
      0.0,
      50.69421,
      32.1868,
      13.035654,
      28.807185999999998,
      29.933724,
      53.10822,
      42.486576,
      15.771532,
      22.691694,
      28.96812,
      24.1401,
      27.519714,
      29.289987999999997,
      30.899327999999997,
      18.829278,
      29.129054000000004,
      39.911632000000004,
      31.221196,
      32.1868,
      28.96812,
      19.151146,
      29.129054000000004,
      27.680647999999998,
      29.289987999999997,
      47.636464000000004,
      29.289987999999997,
      22.852628,
      34.922678,
      30.738394000000003,
      28.807185999999998,
      35.888282000000004,
      40.2335,
      33.635206,
      42.969378,
      32.99147,
      12.713786,
      32.669602,
      43.45218,
      27.841582000000002,
      45.544322,
      21.404222,
      28.807185999999998
    ],
    [
      26.232242,
      22.852628,
      43.613114,
      16.576202000000002,
      15.449663999999999,
      30.738394000000003,
      25.74944,
      33.152404000000004,
      11.26538,
      17.219938,
      16.0934,
      20.92142,
      10.943512,
      7.563898,
      25.105704,
      17.059003999999998,
      50.69421,
      0.0,
      18.990212,
      44.739652,
      16.576202000000002,
      39.42883,
      17.380872,
      36.692952,
      51.49888,
      32.025866,
      16.254334,
      22.53076,
      19.955816000000002,
      15.932466,
      15.932466,
      41.199104000000005,
      46.509926,
      9.65604,
      16.254334,
      15.127796,
      16.254334,
      28.646252,
      16.415267999999998,
      22.852628,
      52.625418,
      7.563898,
      16.89807,
      23.496364,
      29.77279,
      16.576202000000002,
      16.0934,
      15.127796,
      21.243288,
      14.966862,
      18.990212,
      17.219938,
      42.486576,
      13.67939,
      37.658556,
      24.94477,
      16.89807,
      34.439876,
      16.0934
    ],
    [
      5.149888000000001,
      4.82802,
      25.74944,
      4.82802,
      4.667085999999999,
      13.67939,
      4.82802,
      14.162192000000001,
      9.173238,
      4.82802,
      5.471756,
      3.379614,
      9.012303999999999,
      17.059003999999998,
      4.9889540000000006,
      5.9545580000000005,
      32.1868,
      18.990212,
      0.0,
      24.301033999999998,
      4.82802,
      27.680647999999998,
      28.96812,
      26.071308,
      39.750698,
      16.254334,
      4.506151999999999,
      8.207633999999999,
      4.667085999999999,
      5.310822,
      4.667085999999999,
      24.622902,
      21.887024,
      8.207633999999999,
      4.667085999999999,
      4.345218,
      4.506151999999999,
      12.07005,
      5.149888000000001,
      4.9889540000000006,
      24.1401,
      25.910374,
      3.379614,
      8.368568,
      19.633948,
      2.735878,
      4.506151999999999,
      14.323126,
      17.863674,
      4.345218,
      10.621644,
      2.5749440000000003,
      25.910374,
      6.115492,
      27.197846,
      5.9545580000000005,
      24.461968,
      9.65604,
      4.9889540000000006
    ],
    [
      19.955816000000002,
      20.438617999999998,
      8.368568,
      19.794882,
      22.53076,
      13.357522000000001,
      19.473014,
      11.587248,
      25.427572,
      19.633948,
      20.760486,
      21.887024,
      31.703998,
      39.750698,
      17.541806,
      19.473014,
      13.035654,
      44.739652,
      24.301033999999998,
      0.0,
      20.277684,
      20.599552000000003,
      43.774048,
      33.152404000000004,
      26.715044000000002,
      13.357522000000001,
      20.92142,
      16.0934,
      19.633948,
      20.92142,
      22.852628,
      10.299776000000001,
      20.760486,
      31.864932,
      23.174496,
      24.1401,
      20.92142,
      10.299776000000001,
      19.794882,
      18.50741,
      20.92142,
      39.750698,
      21.243288,
      14.805927999999998,
      25.74944,
      22.691694,
      20.92142,
      28.002515999999996,
      31.060262,
      25.74944,
      34.922678,
      25.105704,
      11.426314,
      24.1401,
      34.278942,
      19.955816000000002,
      36.371084,
      13.357522000000001,
      20.92142
    ],
    [
      0.6437360000000001,
      4.345218,
      21.72609,
      0.32186800000000004,
      1.2874720000000002,
      9.816974,
      0.404,
      9.65604,
      5.471756,
      0.354,
      0.9656039999999999,
      2.41401,
      12.713786,
      21.565156,
      6.115492,
      0.16093400000000002,
      28.807185999999998,
      16.576202000000002,
      4.82802,
      20.277684,
      0.0,
      20.760486,
      26.232242,
      23.496364,
      32.669602,
      11.587248,
      0.6437360000000001,
      11.26538,
      5.310822,
      1.1265379999999998,
      1.448406,
      19.794882,
      30.255592,
      13.67939,
      1.2874720000000002,
      3.379614,
      0.6437360000000001,
      7.24203,
      0.6437360000000001,
      2.41401,
      30.416525999999998,
      23.33543,
      2.735878,
      9.334171999999999,
      17.059003999999998,
      3.379614,
      0.80467,
      11.587248,
      15.28873,
      4.82802,
      16.89807,
      6.9201619999999995,
      21.082354,
      3.7014819999999995,
      24.461968,
      2.092142,
      21.887024,
      13.035654,
      0.80467
    ],
    [
      21.082354,
      27.841582000000002,
      28.002515999999996,
      20.760486,
      23.174496,
      16.737136,
      20.438617999999998,
      19.151146,
      26.071308,
      20.599552000000003,
      23.33543,
      25.910374,
      32.025866,
      37.81949,
      26.715044000000002,
      20.438617999999998,
      29.933724,
      39.42883,
      27.680647999999998,
      20.599552000000003,
      20.760486,
      0.0,
      33.152404000000004,
      22.53076,
      26.393175999999997,
      12.391918,
      23.657297999999997,
      34.118007999999996,
      25.105704,
      23.013562,
      23.657297999999997,
      28.324384000000002,
      38.62416,
      32.025866,
      23.979166,
      24.94477,
      23.657297999999997,
      21.72609,
      23.496364,
      22.208892000000002,
      38.785094,
      37.658556,
      22.369826,
      32.830535999999995,
      10.138842,
      25.588506,
      23.657297999999997,
      25.266638,
      20.438617999999998,
      26.393175999999997,
      37.497622,
      27.519714,
      29.450922000000002,
      25.105704,
      23.657297999999997,
      20.438617999999998,
      25.588506,
      31.38213,
      23.174496
    ],
    [
      26.55411,
      29.129054000000004,
      44.095915999999995,
      26.393175999999997,
      24.461968,
      31.221196,
      26.232242,
      33.635206,
      17.541806,
      26.232242,
      24.622902,
      27.197846,
      20.599552000000003,
      9.65604,
      31.221196,
      26.071308,
      53.10822,
      17.380872,
      28.96812,
      43.774048,
      26.232242,
      33.152404000000004,
      0.0,
      21.72609,
      49.88954,
      31.864932,
      25.266638,
      38.463226,
      30.57746,
      24.461968,
      25.105704,
      42.64751,
      53.591021999999995,
      20.277684,
      25.427572,
      26.393175999999997,
      25.266638,
      29.933724,
      25.266638,
      27.680647999999998,
      53.10822,
      9.65604,
      29.129054000000004,
      37.175754000000005,
      24.622902,
      27.036912,
      25.105704,
      18.829278,
      20.599552000000003,
      22.369826,
      38.946028,
      29.129054000000004,
      43.774048,
      20.11675,
      22.691694,
      24.622902,
      13.035654,
      35.727348,
      25.105704
    ],
    [
      23.818232000000002,
      26.232242,
      40.555368,
      23.657297999999997,
      21.72609,
      25.910374,
      23.33543,
      28.324384000000002,
      21.243288,
      23.496364,
      21.72609,
      24.301033999999998,
      26.875978,
      26.715044000000002,
      28.485318,
      23.33543,
      42.486576,
      36.692952,
      26.071308,
      33.152404000000004,
      23.496364,
      22.53076,
      21.72609,
      0.0,
      39.106962,
      25.105704,
      21.243288,
      34.60081,
      26.55411,
      20.599552000000003,
      21.243288,
      41.03817,
      51.337945999999995,
      26.715044000000002,
      21.565156,
      22.53076,
      21.243288,
      26.071308,
      21.404222,
      23.657297999999997,
      51.49888,
      26.715044000000002,
      25.266638,
      33.313338,
      13.67939,
      23.174496,
      21.243288,
      17.219938,
      9.012303999999999,
      23.979166,
      35.083612,
      25.105704,
      42.164708,
      22.691694,
      1.1265379999999998,
      20.760486,
      14.001257999999998,
      31.864932,
      21.243288
    ],
    [
      33.152404000000004,
      39.911632000000004,
      23.657297999999997,
      32.830535999999995,
      35.244546,
      28.807185999999998,
      32.508668,
      31.221196,
      38.141358,
      32.669602,
      35.40548,
      37.81949,
      43.934982,
      46.348992,
      38.785094,
      32.508668,
      15.771532,
      51.49888,
      39.750698,
      26.715044000000002,
      32.669602,
      26.393175999999997,
      49.88954,
      39.106962,
      0.0,
      23.33543,
      36.532018,
      37.81949,
      37.81949,
      35.888282000000004,
      36.371084,
      32.508668,
      42.808444,
      44.900586,
      36.692952,
      37.658556,
      36.532018,
      34.60081,
      36.371084,
      35.083612,
      42.969378,
      49.728606,
      33.474272,
      36.532018,
      28.16345,
      38.463226,
      36.532018,
      37.980424,
      39.267896,
      39.267896,
      50.372342,
      40.394434000000004,
      26.393175999999997,
      37.980424,
      42.486576,
      33.313338,
      44.578718,
      37.980424,
      36.049215999999994
    ],
    [
      11.909116000000001,
      15.771532,
      20.92142,
      11.748182,
      15.610598,
      7.24203,
      11.426314,
      9.65604,
      18.829278,
      11.587248,
      12.230984,
      13.840323999999999,
      23.657297999999997,
      27.036912,
      17.219938,
      11.426314,
      22.691694,
      32.025866,
      16.254334,
      13.357522000000001,
      11.587248,
      12.391918,
      31.864932,
      25.105704,
      23.33543,
      0.0,
      12.552852,
      18.668343999999998,
      16.0934,
      15.28873,
      15.771532,
      21.887024,
      32.1868,
      24.301033999999998,
      16.0934,
      17.059003999999998,
      12.552852,
      11.104446000000001,
      11.587248,
      13.357522000000001,
      32.347734,
      29.129054000000004,
      13.196587999999998,
      17.380872,
      13.518456,
      14.644993999999999,
      12.552852,
      17.380872,
      18.50741,
      18.668343999999998,
      26.875978,
      17.059003999999998,
      22.852628,
      16.0934,
      25.910374,
      10.943512,
      28.002515999999996,
      15.932466,
      13.196587999999998
    ],
    [
      0.9656039999999999,
      4.667085999999999,
      22.369826,
      0.6437360000000001,
      0.48280199999999995,
      10.138842,
      0.80467,
      10.782578,
      5.149888000000001,
      0.6437360000000001,
      0.6437360000000001,
      2.2530759999999996,
      8.690436,
      20.438617999999998,
      6.759228,
      0.80467,
      28.96812,
      16.254334,
      4.506151999999999,
      20.92142,
      0.6437360000000001,
      23.657297999999997,
      25.266638,
      21.243288,
      36.532018,
      12.552852,
      0.0,
      11.26538,
      5.310822,
      0.6437360000000001,
      0.80467,
      20.438617999999998,
      30.738394000000003,
      8.529501999999999,
      0.48280199999999995,
      3.057746,
      0.056,
      7.724831999999999,
      0.80467,
      3.057746,
      30.899327999999997,
      22.047957999999998,
      2.2530759999999996,
      9.65604,
      15.771532,
      2.735878,
      0.364,
      10.299776000000001,
      13.840323999999999,
      4.345218,
      14.966862,
      4.9889540000000006,
      21.565156,
      3.21868,
      23.174496,
      1.7702740000000001,
      20.438617999999998,
      13.518456,
      0.48280199999999995
    ],
    [
      9.977908000000001,
      6.9201619999999995,
      17.541806,
      11.587248,
      11.748182,
      14.001257999999998,
      11.26538,
      9.816974,
      16.0934,
      11.26538,
      12.87472,
      8.207633999999999,
      14.323126,
      26.071308,
      4.506151999999999,
      11.104446000000001,
      24.1401,
      22.53076,
      8.207633999999999,
      16.0934,
      11.26538,
      34.118007999999996,
      38.463226,
      34.60081,
      37.81949,
      18.668343999999998,
      11.26538,
      0.0,
      5.310822,
      11.587248,
      10.46071,
      10.943512,
      14.805927999999998,
      13.035654,
      9.65604,
      10.299776000000001,
      9.495106,
      8.207633999999999,
      9.816974,
      7.563898,
      17.863674,
      35.244546,
      6.9201619999999995,
      1.9312079999999998,
      24.783836,
      7.885766,
      9.65604,
      23.496364,
      27.036912,
      9.816974,
      14.162192000000001,
      8.690436,
      17.219938,
      11.26538,
      36.371084,
      15.449663999999999,
      33.635206,
      3.21868,
      10.138842
    ],
    [
      4.506151999999999,
      1.60934,
      21.082354,
      5.793624,
      5.63269,
      13.67939,
      5.149888000000001,
      10.46071,
      10.138842,
      5.149888000000001,
      6.9201619999999995,
      3.21868,
      11.909116000000001,
      25.74944,
      2.41401,
      5.149888000000001,
      27.519714,
      19.955816000000002,
      4.667085999999999,
      19.633948,
      5.310822,
      25.105704,
      30.57746,
      26.55411,
      37.81949,
      16.0934,
      5.310822,
      5.310822,
      0.0,
      6.759228,
      6.43736,
      18.829278,
      18.829278,
      14.966862,
      5.63269,
      5.471756,
      5.310822,
      7.402963999999999,
      5.9545580000000005,
      3.379614,
      21.565156,
      27.036912,
      3.057746,
      5.63269,
      20.760486,
      4.345218,
      5.63269,
      15.28873,
      18.829278,
      6.9201619999999995,
      18.024607999999997,
      8.0467,
      19.955816000000002,
      7.24203,
      28.16345,
      6.9201619999999995,
      25.588506,
      6.9201619999999995,
      6.598293999999999
    ],
    [
      2.2530759999999996,
      6.759228,
      22.369826,
      0.80467,
      0.6437360000000001,
      10.138842,
      1.1265379999999998,
      11.748182,
      4.82802,
      1.1265379999999998,
      0.32186800000000004,
      3.057746,
      9.334171999999999,
      19.794882,
      9.012303999999999,
      1.60934,
      29.289987999999997,
      15.932466,
      5.310822,
      20.92142,
      1.1265379999999998,
      23.013562,
      24.461968,
      20.599552000000003,
      35.888282000000004,
      15.28873,
      0.6437360000000001,
      11.587248,
      6.759228,
      0.0,
      0.80467,
      20.760486,
      31.060262,
      9.012303999999999,
      0.80467,
      3.7014819999999995,
      0.6437360000000001,
      8.207633999999999,
      0.80467,
      3.8624159999999996,
      31.221196,
      21.404222,
      4.02335,
      10.782578,
      14.966862,
      3.379614,
      0.6437360000000001,
      8.368568,
      13.196587999999998,
      5.149888000000001,
      17.863674,
      7.885766,
      22.047957999999998,
      5.149888000000001,
      22.53076,
      1.60934,
      19.955816000000002,
      13.840323999999999,
      0.48280199999999995
    ],
    [
      1.9312079999999998,
      5.63269,
      24.301033999999998,
      1.448406,
      0.32186800000000004,
      12.87472,
      1.60934,
      12.713786,
      4.82802,
      1.448406,
      0.6437360000000001,
      3.7014819999999995,
      7.885766,
      20.277684,
      7.885766,
      1.60934,
      30.899327999999997,
      15.932466,
      4.667085999999999,
      22.852628,
      1.448406,
      23.657297999999997,
      25.105704,
      21.243288,
      36.371084,
      15.771532,
      0.80467,
      10.46071,
      6.43736,
      0.80467,
      0.0,
      21.243288,
      31.543064,
      7.885766,
      0.16093400000000002,
      2.092142,
      0.9656039999999999,
      8.690436,
      1.60934,
      3.057746,
      31.703998,
      21.887024,
      2.41401,
      10.138842,
      15.610598,
      2.092142,
      0.80467,
      10.138842,
      13.67939,
      3.7014819999999995,
      14.805927999999998,
      4.82802,
      22.53076,
      2.5749440000000003,
      23.013562,
      2.5749440000000003,
      20.438617999999998,
      14.48406,
      0.80467
    ],
    [
      20.11675,
      15.127796,
      11.26538,
      19.955816000000002,
      22.691694,
      19.151146,
      19.794882,
      14.966862,
      25.588506,
      19.794882,
      21.082354,
      22.047957999999998,
      31.864932,
      37.81949,
      12.713786,
      19.633948,
      18.829278,
      41.199104000000005,
      24.622902,
      10.299776000000001,
      19.794882,
      28.324384000000002,
      42.64751,
      41.03817,
      32.508668,
      21.887024,
      20.438617999999998,
      10.943512,
      18.829278,
      20.760486,
      21.243288,
      0.0,
      11.426314,
      31.864932,
      23.174496,
      24.1401,
      20.92142,
      14.323126,
      19.794882,
      18.50741,
      11.587248,
      39.750698,
      21.243288,
      9.334171999999999,
      34.439876,
      22.691694,
      20.92142,
      28.002515999999996,
      31.543064,
      25.74944,
      27.841582000000002,
      25.105704,
      12.07005,
      24.1401,
      42.969378,
      19.955816000000002,
      38.302292,
      9.816974,
      20.92142
    ],
    [
      30.57746,
      19.31208,
      21.565156,
      30.416525999999998,
      33.152404000000004,
      29.450922000000002,
      30.094658,
      25.266638,
      36.049215999999994,
      30.255592,
      31.38213,
      32.347734,
      34.278942,
      47.636464000000004,
      16.89807,
      30.094658,
      29.129054000000004,
      46.509926,
      21.887024,
      20.760486,
      30.255592,
      38.62416,
      53.591021999999995,
      51.337945999999995,
      42.808444,
      32.1868,
      30.738394000000003,
      14.805927999999998,
      18.829278,
      31.060262,
      31.543064,
      11.426314,
      0.0,
      40.394434000000004,
      31.703998,
      32.669602,
      29.450922000000002,
      22.852628,
      28.324384000000002,
      27.036912,
      7.0810960000000005,
      48.2802,
      29.77279,
      13.518456,
      42.969378,
      31.221196,
      29.450922000000002,
      36.532018,
      40.072565999999995,
      34.278942,
      20.92142,
      33.635206,
      20.599552000000003,
      32.669602,
      51.337945999999995,
      28.485318,
      46.831794,
      15.127796,
      29.450922000000002
    ],
    [
      12.87472,
      14.001257999999998,
      33.313338,
      9.173238,
      8.207633999999999,
      21.404222,
      13.518456,
      22.691694,
      5.310822,
      13.67939,
      9.495106,
      12.07005,
      0.427,
      13.196587999999998,
      12.713786,
      13.518456,
      39.911632000000004,
      9.65604,
      8.207633999999999,
      31.864932,
      13.67939,
      32.025866,
      20.277684,
      26.715044000000002,
      44.900586,
      24.301033999999998,
      8.529501999999999,
      13.035654,
      14.966862,
      9.012303999999999,
      7.885766,
      31.864932,
      40.394434000000004,
      0.0,
      8.0467,
      7.0810960000000005,
      8.529501999999999,
      19.151146,
      9.65604,
      13.67939,
      42.325642,
      12.552852,
      8.690436,
      14.323126,
      25.588506,
      10.138842,
      8.529501999999999,
      11.26538,
      18.50741,
      5.9545580000000005,
      12.713786,
      7.0810960000000005,
      32.99147,
      5.471756,
      27.841582000000002,
      10.621644,
      17.059003999999998,
      15.610598,
      9.334171999999999
    ],
    [
      2.41401,
      4.82802,
      24.622902,
      1.2874720000000002,
      0.16093400000000002,
      11.26538,
      1.2874720000000002,
      13.035654,
      5.149888000000001,
      1.2874720000000002,
      0.48280199999999995,
      2.41401,
      8.207633999999999,
      20.599552000000003,
      6.9201619999999995,
      1.448406,
      31.221196,
      16.254334,
      4.667085999999999,
      23.174496,
      1.2874720000000002,
      23.979166,
      25.427572,
      21.565156,
      36.692952,
      16.0934,
      0.48280199999999995,
      9.65604,
      5.63269,
      0.80467,
      0.16093400000000002,
      23.174496,
      31.703998,
      8.0467,
      0.0,
      2.735878,
      0.48280199999999995,
      8.690436,
      1.2874720000000002,
      3.5405480000000003,
      31.864932,
      21.887024,
