{
  "drive_dist_matrix": [
    [
      0.0,
      5.5,
      8.6,
      6.8,
      9.6,
      5.0,
      6.1,
      6.1,
      6.8,
      9.6,
      6.3,
      7.0,
      7.6,
      5.9,
      9.6,
      10.8,
      9.4,
      6.3,
      5.6,
      5.7,
      8.1,
      7.7,
      45.5,
      45.4,
      72.3,
      72.2,
      6.2,
      5.4,
      4.9,
      19.8,
      70.7,
      3.7,
      6.2,
      6.1,
      9.7,
      4.6,
      8.5,
      5.3,
      6.2,
      7.1
    ],
    [
      5.5,
      0.0,
      4.3,
      1.6,
      4.5,
      6.8,
      2.7,
      1.1,
      1.9,
      10.6,
      0.75,
      3.2,
      2.2,
      1.4,
      10.6,
      7.9,
      4.2,
      0.95,
      0.7,
      0.9,
      1.7,
      3.0,
      43.1,
      43.0,
      76.5,
      76.4,
      1.0,
      2.7,
      6.7,
      14.7,
      74.9,
      3.1,
      2.4,
      0.75,
      7.7,
      1.8,
      4.2,
      2.9,
      0.7,
      2.9
    ],
    [
      8.6,
      4.3,
      0.0,
      3.1,
      6.0,
      6.3,
      5.2,
      2.2,
      1.5,
      10.1,
      4.8,
      0.22,
      1.0,
      2.1,
      10.1,
      5.7,
      5.7,
      3.2,
      2.6,
      3.1,
      1.1,
      0.5,
      40.9,
      40.8,
      78.5,
      78.4,
      3.1,
      2.5,
      6.2,
      12.4,
      76.9,
      4.8,
      5.0,
      2.0,
      10.2,
      3.6,
      0.3,
      3.4,
      2.5,
      0.85
    ],
    [
      6.8,
      1.6,
      3.1,
      0.0,
      2.9,
      11.8,
      5.4,
      6.7,
      8.8,
      15.6,
      6.4,
      9.5,
      9.2,
      7.8,
      15.6,
      13.6,
      2.6,
      0.75,
      7.5,
      7.1,
      7.3,
      8.6,
      49.7,
      49.6,
      79.6,
      79.5,
      0.8,
      8.5,
      11.7,
      19.0,
      78.0,
      8.1,
      6.1,
      6.3,
      10.8,
      6.9,
      11.0,
      8.6,
      6.3,
      8.9
    ],
    [
      9.6,
      4.5,
      6.0,
      2.9,
      0.0,
      11.7,
      5.3,
      6.6,
      8.7,
      15.5,
      6.3,
      9.4,
      9.1,
      7.7,
      15.5,
      13.5,
      1.3,
      6.5,
      7.4,
      7.1,
      7.2,
      8.5,
      48.1,
      48.1,
      79.5,
      79.4,
      6.3,
      8.4,
      11.6,
      17.4,
      77.9,
      8.0,
      6.0,
      6.3,
      10.7,
      6.8,
      10.9,
      8.5,
      6.2,
      8.8
    ],
    [
      5.0,
      6.8,
      6.3,
      11.8,
      11.7,
      0.0,
      8.6,
      5.7,
      6.4,
      3.9,
      7.5,
      6.6,
      7.2,
      5.5,
      3.9,
      10.3,
      9.1,
      6.4,
      5.2,
      5.3,
      7.7,
      7.3,
      42.5,
      42.5,
      73.6,
      73.5,
      6.2,
      5.0,
      0.12,
      16.9,
      72.0,
      5.0,
      7.4,
      5.8,
      13.4,
      5.4,
      8.2,
      4.6,
      5.8,
      6.7
    ],
    [
      6.1,
      2.7,
      5.2,
      5.4,
      5.3,
      8.6,
      0.0,
      6.3,
      8.4,
      15.2,
      6.0,
      9.1,
      8.8,
      7.4,
      15.2,
      13.2,
      6.2,
      6.2,
      7.1,
      6.8,
      6.9,
      8.3,
      50.5,
      50.4,
      79.2,
      79.1,
      6.0,
      8.1,
      11.3,
      19.8,
      77.6,
      7.7,
      5.8,
      6.0,
      10.4,
      6.5,
      10.6,
      8.2,
      5.9,
      8.5
    ],
    [
      6.1,
      1.1,
      2.2,
      6.7,
      6.6,
      5.7,
      6.3,
      0.0,
      0.85,
      9.2,
      2.9,
      2.7,
      1.2,
      0.4,
      9.2,
      6.9,
      4.3,
      1.7,
      0.75,
      1.4,
      0.9,
      2.2,
      42.0,
      42.0,
      77.6,
      77.5,
      0.7,
      1.8,
      5.3,
      16.4,
      76.0,
      3.3,
      3.5,
      0.4,
      8.7,
      1.9,
      3.4,
      3.0,
      0.8,
      1.8
    ],
    [
      6.8,
      1.9,
      1.5,
      8.8,
      8.7,
      6.4,
      8.4,
      0.85,
      0.0,
      10.1,
      4.4,
      1.6,
      0.35,
      1.8,
      10.1,
      6.0,
      5.4,
      2.8,
      2.3,
      2.7,
      0.35,
      1.4,
      41.2,
      41.2,
      78.7,
      78.6,
      2.8,
      2.1,
      6.2,
      13.1,
      77.1,
      4.5,
      4.6,
      1.7,
      9.9,
      3.2,
      2.6,
      2.8,
      2.1,
      0.75
    ],
    [
      9.6,
      10.6,
      10.1,
      15.6,
      15.5,
      3.9,
      15.2,
      9.2,
      10.1,
      0.0,
      10.6,
      9.7,
      10.3,
      8.6,
      NaN,
      11.3,
      12.2,
      9.5,
      8.3,
      8.4,
      10.8,
      10.4,
      43.0,
      43.0,
      75.0,
      74.9,
      9.3,
      8.2,
      5.3,
      16.1,
      73.4,
      8.1,
      10.5,
      8.9,
      17.7,
      8.6,
      11.3,
      7.7,
      8.9,
      9.9
    ],
    [
      6.3,
      0.75,
      4.8,
      6.4,
      6.3,
      7.5,
      6.0,
      2.9,
      4.4,
      10.6,
      0.0,
      4.1,
      2.6,
      1.8,
      9.8,
      8.3,
      3.9,
      0.55,
      1.5,
      1.9,
      2.1,
      3.4,
      43.5,
      43.4,
      76.3,
      76.2,
      0.85,
      3.1,
      5.9,
      20.2,
      74.7,
      3.2,
      2.5,
      1.1,
      7.1,
      1.9,
      4.6,
      3.3,
      1.0,
      3.2
    ],
    [
      7.0,
      3.2,
      0.22,
      9.5,
      9.4,
      6.6,
      9.1,
      2.7,
      1.6,
      9.7,
      4.1,
      0.0,
      0.9,
      2.1,
      9.7,
      5.3,
      5.7,
      3.1,
      2.6,
      2.6,
      1.0,
      0.6,
      40.5,
      40.4,
      78.1,
      78.0,
      3.1,
      2.4,
      5.8,
      14.8,
      76.5,
      4.4,
      4.9,
      2.0,
      10.2,
      3.1,
      0.3,
      3.0,
      2.4,
      0.7
    ],
    [
      7.6,
      2.2,
      1.0,
      9.2,
      9.1,
      7.2,
      8.8,
      1.2,
      0.35,
      10.3,
      2.6,
      0.9,
      0.0,
      1.4,
      9.8,
      6.1,
      5.0,
      2.4,
      1.9,
      2.4,
      0.4,
      1.0,
      41.2,
      41.2,
      78.3,
      78.2,
      2.4,
      1.8,
      5.9,
      12.7,
      76.7,
      4.1,
      4.3,
      1.3,
      9.5,
      2.9,
      0.75,
      3.0,
      1.8,
      0.45
    ],
    [
      5.9,
      1.4,
      2.1,
      7.8,
      7.7,
      5.5,
      7.4,
      0.4,
      1.8,
      8.6,
      1.8,
      2.1,
      1.4,
      0.0,
      8.8,
      6.5,
      4.4,
      1.8,
      0.55,
      1.0,
      1.0,
      2.3,
      41.6,
      41.6,
      77.3,
      77.2,
      1.1,
      1.4,
      4.9,
      16.0,
      75.7,
      2.9,
      3.4,
      0.7,
      8.9,
      1.5,
      3.5,
      1.9,
      1.0,
      1.4
    ],
    [
      9.6,
      10.6,
      10.1,
      15.6,
      15.5,
      3.9,
      15.2,
      9.2,
      10.1,
      NaN,
      9.8,
      9.7,
      9.8,
      8.8,
      0.0,
      11.3,
      12.2,
      9.5,
      8.3,
      8.4,
      10.8,
      10.4,
      43.0,
      43.0,
      75.0,
      74.9,
      9.3,
      8.2,
      5.3,
      16.1,
      73.4,
      8.1,
      10.5,
      8.9,
      17.7,
      8.6,
      11.3,
      7.7,
      8.9,
      9.9
    ],
    [
      10.8,
      7.9,
      5.7,
      13.6,
      13.5,
      10.3,
      13.2,
      6.9,
      6.0,
      11.3,
      8.3,
      5.3,
      6.1,
      6.5,
      11.3,
      0.0,
      14.3,
      11.5,
      10.3,
      10.4,
      8.7,
      7.4,
      35.5,
      35.5,
      82.9,
      82.8,
      11.3,
      8.5,
      10.3,
      9.8,
      81.3,
      10.1,
      11.6,
      9.7,
      17.8,
      9.6,
      7.9,
      8.7,
      10.1,
      7.8
    ],
    [
      9.4,
      4.2,
      5.7,
      2.6,
      1.3,
      9.1,
      6.2,
      4.3,
      5.4,
      12.2,
      3.9,
      5.7,
      5.0,
      4.4,
      12.2,
      14.3,
      0.0,
      7.5,
      8.4,
      8.0,
      8.2,
      9.5,
      46.6,
      46.6,
      80.4,
      80.3,
      7.3,
      9.3,
      12.6,
      15.9,
      78.8,
      9.0,
      7.0,
      7.2,
      11.7,
      7.7,
      11.8,
      9.5,
      7.1,
      9.8
    ],
    [
      6.3,
      0.95,
      3.2,
      0.75,
      6.5,
      6.4,
      6.2,
      1.7,
      2.8,
      9.5,
      0.55,
      3.1,
      2.4,
      1.8,
      9.5,
      11.5,
      7.5,
      0.0,
      1.4,
      1.8,
      2.0,
      3.3,
      43.4,
      43.3,
      77.3,
      77.2,
      0.65,
      3.0,
      5.8,
      19.9,
      75.7,
      4.0,
      3.3,
      1.0,
      7.9,
      2.7,
      4.5,
      3.2,
      0.8,
      3.1
    ],
    [
      5.6,
      0.7,
      2.6,
      7.5,
      7.4,
      5.2,
      7.1,
      0.75,
      2.3,
      8.3,
      1.5,
      2.6,
      1.9,
      0.55,
      8.3,
      10.3,
      8.4,
      1.4,
      0.0,
      0.45,
      2.2,
      3.5,
      42.4,
      42.4,
      76.5,
      76.4,
      0.75,
      2.2,
      5.3,
      16.7,
      74.9,
      3.0,
      2.9,
      0.6,
      8.3,
      0.95,
      4.6,
      2.7,
      0.5,
      2.2
    ],
    [
      5.7,
      0.9,
      3.1,
      7.1,
      7.1,
      5.3,
      6.8,
      1.4,
      2.7,
      8.4,
      1.9,
      2.6,
      2.4,
      1.0,
      8.4,
      10.4,
      8.0,
      1.8,
      0.45,
      0.0,
      2.0,
      3.3,
      42.0,
      42.0,
      76.9,
      76.7,
      1.7,
      2.1,
      5.2,
      16.3,
      75.2,
      3.1,
      3.2,
      1.0,
      9.0,
      0.5,
      4.2,
      2.6,
      0.7,
      2.1
    ],
    [
      8.1,
      1.7,
      1.1,
      7.3,
      7.2,
      7.7,
      6.9,
      0.9,
      0.35,
      10.8,
      2.1,
      1.0,
      0.4,
      1.0,
      10.8,
      8.7,
      8.2,
      2.0,
      2.2,
      2.0,
      0.0,
      1.3,
      41.6,
      41.5,
      78.0,
      77.8,
      2.0,
      1.4,
      5.5,
      13.0,
      76.3,
      3.7,
      3.9,
      1.0,
      9.1,
      2.5,
      2.6,
      2.6,
      1.4,
      0.85
    ],
    [
      7.7,
      3.0,
      0.5,
      8.6,
      8.5,
      7.3,
      8.3,
      2.2,
      1.4,
      10.4,
      3.4,
      0.6,
      1.0,
      2.3,
      10.4,
      7.4,
      9.5,
      3.3,
      3.5,
      3.3,
      1.3,
      0.0,
      40.2,
      40.2,
      78.7,
      78.6,
      3.3,
      2.7,
      6.4,
      11.7,
      77.1,
      5.1,
      5.2,
      2.3,
      10.4,
      3.8,
      0.35,
      3.7,
      2.7,
      1.5
    ],
    [
      45.5,
      43.1,
      40.9,
      49.7,
      48.1,
      42.5,
      50.5,
      42.0,
      41.2,
      43.0,
      43.5,
      40.5,
      41.2,
      41.6,
      43.0,
      35.5,
      46.6,
      43.4,
      42.4,
      42.0,
      41.6,
      40.2,
      0.0,
      0.65,
      111.0,
      111.0,
      44.6,
      41.8,
      44.2,
      26.8,
      110.0,
      43.4,
      44.9,
      43.0,
      51.8,
      43.0,
      41.2,
      42.0,
      43.4,
      41.1
    ],
    [
      45.4,
      43.0,
      40.8,
      49.6,
      48.1,
      42.5,
      50.4,
      42.0,
      41.2,
      43.0,
      43.4,
      40.4,
      41.2,
      41.6,
      43.0,
      35.5,
      46.6,
      43.3,
      42.4,
      42.0,
      41.5,
      40.2,
      0.65,
      0.0,
      111.0,
      111.0,
      44.3,
      41.5,
      43.9,
      25.7,
      109.0,
      43.1,
      44.6,
      42.7,
      51.5,
      42.6,
      40.9,
      41.7,
      43.1,
      40.8
    ],
    [
      72.3,
      76.5,
      78.5,
      79.6,
      79.5,
      73.6,
      79.2,
      77.6,
      78.7,
      75.0,
      76.3,
      78.1,
      78.3,
      77.3,
      75.0,
      82.9,
      80.4,
      77.3,
      76.5,
      76.9,
      78.0,
      78.7,
      111.0,
      111.0,
      0.0,
      2.5,
      75.5,
      75.1,
      73.2,
      89.5,
      2.2,
      73.0,
      75.4,
      75.4,
      71.1,
      73.9,
      78.2,
      75.0,
      75.9,
      76.8
    ],
    [
      72.2,
      76.4,
      78.4,
      79.5,
      79.4,
      73.5,
      79.1,
      77.5,
      78.6,
      74.9,
      76.2,
      78.0,
      78.2,
      77.2,
      74.9,
      82.8,
      80.3,
      77.2,
      76.4,
      76.7,
      77.8,
      78.6,
      111.0,
      111.0,
      2.5,
      0.0,
      75.3,
      75.0,
      73.1,
      89.4,
      1.6,
      72.9,
      75.2,
      75.3,
      71.0,
      73.8,
      78.1,
      74.8,
      75.8,
      76.7
    ],
    [
      6.2,
      1.0,
      3.1,
      0.8,
      6.3,
      6.2,
      6.0,
      0.7,
      2.8,
      9.3,
      0.85,
      3.1,
      2.4,
      1.1,
      9.3,
      11.3,
      7.3,
      0.65,
      0.75,
      1.7,
      2.0,
      3.3,
      44.6,
      44.3,
      75.5,
      75.3,
      0.0,
      2.4,
      5.1,
      14.3,
      75.9,
      3.1,
      3.2,
      0.35,
      8.1,
      1.7,
      3.8,
      2.5,
      0.5,
      2.5
    ],
    [
      5.4,
      2.7,
      2.5,
      8.5,
      8.4,
      5.0,
      8.1,
      1.8,
      2.1,
      8.2,
      3.1,
      2.4,
      1.8,
      1.4,
      8.2,
      8.5,
      9.3,
      3.0,
      2.2,
      2.1,
      1.4,
      2.7,
      41.8,
      41.5,
      75.1,
      75.0,
      2.4,
      0.0,
      4.1,
      15.2,
      75.1,
      2.3,
      4.1,
      2.1,
      10.7,
      2.2,
      3.5,
      1.2,
      2.6,
      1.5
    ],
    [
      4.9,
      6.7,
      6.2,
      11.7,
      11.6,
      0.12,
      11.3,
      5.3,
      6.2,
      5.3,
      5.9,
      5.8,
      5.9,
      4.9,
      5.3,
      10.3,
      12.6,
      5.8,
      5.3,
      5.2,
      5.5,
      6.4,
      44.2,
      43.9,
      73.2,
      73.1,
      5.1,
      4.1,
      0.0,
      17.5,
      72.1,
      5.1,
      7.5,
      5.9,
      14.4,
      5.6,
      8.3,
      4.7,
      5.9,
      6.9
    ],
    [
      19.8,
      14.7,
      12.4,
      19.0,
      17.4,
      16.9,
      19.8,
      16.4,
      13.1,
      16.1,
      20.2,
      14.8,
      12.7,
      16.0,
      16.1,
      9.8,
      15.9,
      19.9,
      16.7,
      16.3,
      13.0,
      11.7,
      26.8,
      25.7,
      89.5,
      89.4,
      14.3,
      15.2,
      17.5,
      0.0,
      90.7,
      19.2,
      22.4,
      14.9,
      27.1,
      18.8,
      13.1,
      17.8,
      17.6,
      16.9
    ],
    [
      70.7,
      74.9,
      76.9,
      78.0,
      77.9,
      72.0,
      77.6,
      76.0,
      77.1,
      73.4,
      74.7,
      76.5,
      76.7,
      75.7,
      73.4,
      81.3,
      78.8,
      75.7,
      74.9,
      75.2,
      76.3,
      77.1,
      110.0,
      109.0,
      2.2,
      1.6,
      75.9,
      75.1,
      72.1,
      90.7,
      0.0,
      71.5,
      73.8,
      73.9,
      69.6,
      72.4,
      76.7,
      73.4,
      74.3,
      75.3
    ],
    [
      3.7,
      3.1,
      4.8,
      8.1,
      8.0,
      5.0,
      7.7,
      3.3,
      4.5,
      8.1,
      3.2,
      4.4,
      4.1,
      2.9,
      8.1,
      10.1,
      9.0,
      4.0,
      3.0,
      3.1,
      3.7,
      5.1,
      43.4,
      43.1,
      73.0,
      72.9,
      3.1,
      2.3,
      5.1,
      19.2,
      71.5,
      0.0,
      3.1,
      2.8,
      9.3,
      1.1,
      5.9,
      1.9,
      2.8,
      3.6
    ],
    [
      6.2,
      2.4,
      5.0,
      6.1,
      6.0,
      7.4,
      5.8,
      3.5,
      4.6,
      10.5,
      2.5,
      4.9,
      4.3,
      3.4,
      10.5,
      11.6,
      7.0,
      3.3,
      2.9,
      3.2,
      3.9,
      5.2,
      44.9,
      44.6,
      75.4,
      75.2,
      3.2,
      4.1,
      7.5,
      22.4,
      73.8,
      3.1,
      0.0,
      2.7,
      7.6,
      2.6,
      6.2,
      4.3,
      2.7,
      4.6
    ],
    [
      6.1,
      0.75,
      2.0,
      6.3,
      6.3,
      5.8,
      6.0,
      0.4,
      1.7,
      8.9,
      1.1,
      2.0,
      1.3,
      0.7,
      8.9,
      9.7,
      7.2,
      1.0,
      0.6,
      1.0,
      1.0,
      2.3,
      43.0,
      42.7,
      75.4,
      75.3,
      0.35,
      2.1,
      5.9,
      14.9,
      73.9,
      2.8,
      2.7,
      0.0,
      8.2,
      2.3,
      3.5,
      2.4,
      0.45,
      2.1
    ],
    [
      9.7,
      7.7,
      10.2,
      10.8,
      10.7,
      13.4,
      10.4,
      8.7,
      9.9,
      17.7,
      7.1,
      10.2,
      9.5,
      8.9,
      17.7,
      17.8,
      11.7,
      7.9,
      8.3,
      9.0,
      9.1,
      10.4,
      51.8,
      51.5,
      71.1,
      71.0,
      8.1,
      10.7,
      14.4,
      27.1,
      69.6,
      9.3,
      7.6,
      8.2,
      0.0,
      8.5,
      11.7,
      10.7,
      8.0,
      10.3
    ],
    [
      4.6,
      1.8,
      3.6,
      6.9,
      6.8,
      5.4,
      6.5,
      1.9,
      3.2,
      8.6,
      1.9,
      3.1,
      2.9,
      1.5,
      8.6,
      9.6,
      7.7,
      2.7,
      0.95,
      0.5,
      2.5,
      3.8,
      43.0,
      42.6,
      73.9,
      73.8,
      1.7,
      2.2,
      5.6,
      18.8,
      72.4,
      1.1,
      2.6,
      2.3,
      8.5,
      0.0,
      5.0,
      1.9,
      2.1,
      2.9
    ],
    [
      8.5,
      4.2,
      0.3,
      11.0,
      10.9,
      8.2,
      10.6,
      3.4,
      2.6,
      11.3,
      4.6,
      0.3,
      0.75,
      3.5,
      11.3,
      7.9,
      11.8,
      4.5,
      4.6,
      4.2,
      2.6,
      0.35,
      41.2,
      40.9,
      78.2,
      78.1,
      3.8,
      3.5,
      8.3,
      13.1,
      76.7,
      5.9,
      6.2,
      3.5,
      11.7,
      5.0,
      0.0,
      3.4,
      2.4,
      1.3
    ],
    [
      5.3,
      2.9,
      3.4,
      8.6,
      8.5,
      4.6,
      8.2,
      3.0,
      2.8,
      7.7,
      3.3,
      3.0,
      3.0,
      1.9,
      7.7,
      8.7,
      9.5,
      3.2,
      2.7,
      2.6,
      2.6,
      3.7,
      42.0,
      41.7,
      75.0,
      74.8,
      2.5,
      1.2,
      4.7,
      17.8,
      73.4,
      1.9,
      4.3,
      2.4,
      10.7,
      1.9,
      3.4,
      0.0,
      2.6,
      2.9
    ],
    [
      6.2,
      0.7,
      2.5,
      6.3,
      6.2,
      5.8,
      5.9,
      0.8,
      2.1,
      8.9,
      1.0,
      2.4,
      1.8,
      1.0,
      8.9,
      10.1,
      7.1,
      0.8,
      0.5,
      0.7,
      1.4,
      2.7,
      43.4,
      43.1,
      75.9,
      75.8,
      0.5,
      2.6,
      5.9,
      17.6,
      74.3,
      2.8,
      2.7,
      0.45,
      8.0,
      2.1,
      2.4,
      2.6,
      0.0,
      2.5
    ],
    [
      7.1,
      2.9,
      0.85,
      8.9,
      8.8,
      6.7,
      8.5,
      1.8,
      0.75,
      9.9,
      3.2,
      0.7,
      0.45,
      1.4,
      9.9,
      7.8,
      9.8,
      3.1,
      2.2,
      2.1,
      0.85,
      1.5,
      41.1,
      40.8,
      76.8,
      76.7,
      2.5,
      1.5,
      6.9,
      16.9,
      75.3,
      3.6,
      4.6,
      2.1,
      10.3,
      2.9,
      1.3,
      2.9,
      2.5,
      0.0
    ]
  ],
  "drive_time_matrix": [
    [
      0.0,
      11.0,
      14.0,
      11.0,
      15.0,
      8.0,
      10.0,
      11.0,
      13.0,
      17.0,
      12.0,
      11.0,
      14.0,
      11.0,
      17.0,
      14.0,
      15.0,
      12.0,
      10.0,
      11.0,
      13.0,
      12.0,
      46.0,
      45.0,
      65.0,
      69.0,
      12.0,
      9.0,
      8.0,
      24.0,
      66.0,
      7.0,
      14.0,
      11.0,
      14.0,
      9.0,
      14.0,
      8.0,
      11.0,
      12.0
    ],
    [
      11.0,
      0.0,
      9.0,
      3.0,
      6.0,
      11.0,
      5.0,
      3.0,
      6.0,
      19.0,
      10.0,
      8.0,
      7.0,
      4.0,
      19.0,
      13.0,
      6.0,
      4.0,
      9.0,
      12.0,
      4.0,
      6.0,
      48.0,
      47.0,
      72.0,
      76.0,
      13.0,
      6.0,
      11.0,
      23.0,
      73.0,
      7.0,
      9.0,
      2.0,
      13.0,
      5.0,
      9.0,
      7.0,
      10.0,
      7.0
    ],
    [
      14.0,
      9.0,
      0.0,
      7.0,
      11.0,
      11.0,
      10.0,
      5.0,
      4.0,
      19.0,
      10.0,
      3.0,
      12.0,
      5.0,
      19.0,
      9.0,
      10.0,
      8.0,
      7.0,
      9.0,
      2.0,
      6.0,
      43.0,
      43.0,
      77.0,
      81.0,
      8.0,
      6.0,
      11.0,
      19.0,
      78.0,
      10.0,
      15.0,
      5.0,
      18.0,
      8.0,
      4.0,
      7.0,
      5.0,
      11.0
    ],
    [
      11.0,
      3.0,
      7.0,
      0.0,
      4.0,
      16.0,
      6.0,
      11.0,
      13.0,
      24.0,
      9.0,
      14.0,
      15.0,
      12.0,
      24.0,
      19.0,
      3.0,
      11.0,
      11.0,
      11.0,
      11.0,
      13.0,
      46.0,
      46.0,
      73.0,
      77.0,
      12.0,
      12.0,
      16.0,
      20.0,
      74.0,
      11.0,
      11.0,
      9.0,
      15.0,
      9.0,
      16.0,
      13.0,
      10.0,
      14.0
    ],
    [
      15.0,
      6.0,
      11.0,
      4.0,
      0.0,
      16.0,
      6.0,
      11.0,
      13.0,
      24.0,
      10.0,
      14.0,
      15.0,
      12.0,
      24.0,
      19.0,
      16.0,
      9.0,
      12.0,
      11.0,
      11.0,
      13.0,
      46.0,
      45.0,
      74.0,
      77.0,
      10.0,
      13.0,
      16.0,
      19.0,
      74.0,
      12.0,
      10.0,
      9.0,
      15.0,
      10.0,
      17.0,
      13.0,
      11.0,
      14.0
    ],
    [
      8.0,
      11.0,
      11.0,
      16.0,
      16.0,
      0.0,
      12.0,
      10.0,
      12.0,
      8.0,
      14.0,
      10.0,
      13.0,
      10.0,
      8.0,
      14.0,
      14.0,
      12.0,
      9.0,
      10.0,
      12.0,
      11.0,
      46.0,
      45.0,
      68.0,
      72.0,
      11.0,
      8.0,
      2.0,
      22.0,
      69.0,
      8.0,
      15.0,
      10.0,
      22.0,
      9.0,
      13.0,
      7.0,
      10.0,
      11.0
    ],
    [
      10.0,
      5.0,
      10.0,
      6.0,
      6.0,
      12.0,
      0.0,
      11.0,
      13.0,
      24.0,
      9.0,
      14.0,
      15.0,
      12.0,
      24.0,
      19.0,
      6.0,
      9.0,
      11.0,
      11.0,
      11.0,
      13.0,
      48.0,
      48.0,
      74.0,
      77.0,
      10.0,
      13.0,
      16.0,
      21.0,
      74.0,
      12.0,
      10.0,
      9.0,
      15.0,
      9.0,
      17.0,
      13.0,
      11.0,
      14.0
    ],
    [
      11.0,
      3.0,
      5.0,
      11.0,
      11.0,
      10.0,
      11.0,
      0.0,
      3.0,
      19.0,
      9.0,
      6.0,
      4.0,
      5.0,
      19.0,
      12.0,
      8.0,
      6.0,
      9.0,
      5.0,
      6.0,
      5.0,
      46.0,
      46.0,
      75.0,
      79.0,
      9.0,
      4.0,
      11.0,
      22.0,
      76.0,
      9.0,
      11.0,
      4.0,
      16.0,
      7.0,
      7.0,
      6.0,
      10.0,
      5.0
    ],
    [
      13.0,
      6.0,
      4.0,
      13.0,
      13.0,
      12.0,
      13.0,
      3.0,
      0.0,
      20.0,
      11.0,
      5.0,
      4.0,
      5.0,
      20.0,
      11.0,
      10.0,
      8.0,
      6.0,
      8.0,
      4.0,
      4.0,
      45.0,
      45.0,
      78.0,
      81.0,
      8.0,
      6.0,
      12.0,
      20.0,
      78.0,
      10.0,
      14.0,
      4.0,
      18.0,
      8.0,
      6.0,
      7.0,
      5.0,
      4.0
    ],
    [
      17.0,
      19.0,
      19.0,
      24.0,
      24.0,
      8.0,
      24.0,
      19.0,
      20.0,
      0.0,
      20.0,
      17.0,
      19.0,
      16.0,
      NaN,
      19.0,
      20.0,
      18.0,
      15.0,
      16.0,
      19.0,
      19.0,
      45.0,
      44.0,
      72.0,
      75.0,
      17.0,
      14.0,
      10.0,
      23.0,
      72.0,
      14.0,
      21.0,
      16.0,
      26.0,
      15.0,
      19.0,
      13.0,
      16.0,
      17.0
    ],
    [
      12.0,
      10.0,
      10.0,
      9.0,
      10.0,
      14.0,
      9.0,
      9.0,
      11.0,
      20.0,
      0.0,
      9.0,
      9.0,
      6.0,
      20.0,
      15.0,
      6.0,
      7.0,
      5.0,
      6.0,
      6.0,
      8.0,
      50.0,
      49.0,
      73.0,
      76.0,
      11.0,
      8.0,
      12.0,
      22.0,
      73.0,
      8.0,
      10.0,
      4.0,
      12.0,
      6.0,
      11.0,
      8.0,
      13.0,
      9.0
    ],
    [
      11.0,
      8.0,
      3.0,
      14.0,
      14.0,
      10.0,
      14.0,
      6.0,
      5.0,
      17.0,
      9.0,
      0.0,
      11.0,
      4.0,
      18.0,
      9.0,
      9.0,
      7.0,
      6.0,
      9.0,
      2.0,
      8.0,
      42.0,
      42.0,
      76.0,
      79.0,
      7.0,
      5.0,
      10.0,
      19.0,
      77.0,
      10.0,
      13.0,
      4.0,
      17.0,
      8.0,
      4.0,
      6.0,
      5.0,
      9.0
    ],
    [
      14.0,
      7.0,
      12.0,
      15.0,
      15.0,
      13.0,
      15.0,
      4.0,
      4.0,
      19.0,
      9.0,
      11.0,
      0.0,
      3.0,
      18.0,
      10.0,
      8.0,
      6.0,
      5.0,
      7.0,
      5.0,
      2.0,
      43.0,
      42.0,
      76.0,
      79.0,
      6.0,
      4.0,
      10.0,
      19.0,
      76.0,
      9.0,
      12.0,
      3.0,
      16.0,
      7.0,
      9.0,
      6.0,
      4.0,
      6.0
    ],
    [
      11.0,
      4.0,
      5.0,
      12.0,
      12.0,
      10.0,
      12.0,
      5.0,
      5.0,
      16.0,
      6.0,
      4.0,
      3.0,
      0.0,
      17.0,
      10.0,
      8.0,
      6.0,
      7.0,
      12.0,
      13.0,
      5.0,
      44.0,
      44.0,
      75.0,
      78.0,
      13.0,
      4.0,
      9.0,
      21.0,
      76.0,
      7.0,
      11.0,
      9.0,
      16.0,
      5.0,
      8.0,
      5.0,
      13.0,
      5.0
    ],
    [
      17.0,
      19.0,
      19.0,
      24.0,
      24.0,
      8.0,
      24.0,
      19.0,
      20.0,
      NaN,
      20.0,
      18.0,
      18.0,
      17.0,
      0.0,
      19.0,
      20.0,
      18.0,
      15.0,
      16.0,
      18.0,
      19.0,
      45.0,
      44.0,
      72.0,
      75.0,
      17.0,
      14.0,
      11.0,
      24.0,
      72.0,
      14.0,
      21.0,
      16.0,
      25.0,
      15.0,
      19.0,
      13.0,
      17.0,
      18.0
    ],
    [
      14.0,
      13.0,
      9.0,
      19.0,
      19.0,
      14.0,
      19.0,
      12.0,
      11.0,
      19.0,
      15.0,
      9.0,
      10.0,
      10.0,
      19.0,
      0.0,
      20.0,
      19.0,
      16.0,
      17.0,
      13.0,
      12.0,
      35.0,
      35.0,
      81.0,
      83.0,
      18.0,
      13.0,
      15.0,
      12.0,
      81.0,
      16.0,
      21.0,
      15.0,
      28.0,
      15.0,
      13.0,
      12.0,
      16.0,
      12.0
    ],
    [
      15.0,
      6.0,
      10.0,
      3.0,
      16.0,
      14.0,
      6.0,
      8.0,
      10.0,
      20.0,
      6.0,
      9.0,
      8.0,
      8.0,
      20.0,
      20.0,
      0.0,
      10.0,
      12.0,
      11.0,
      12.0,
      14.0,
      43.0,
      42.0,
      74.0,
      77.0,
      11.0,
      13.0,
      16.0,
      17.0,
      74.0,
      13.0,
      11.0,
      10.0,
      15.0,
      10.0,
      17.0,
      14.0,
      12.0,
      14.0
    ],
    [
      12.0,
      4.0,
      8.0,
      11.0,
      9.0,
      12.0,
      9.0,
      6.0,
      8.0,
      18.0,
      7.0,
      7.0,
      6.0,
      6.0,
      18.0,
      19.0,
      10.0,
      0.0,
      5.0,
      7.0,
      5.0,
      7.0,
      48.0,
      48.0,
      74.0,
      77.0,
      9.0,
      7.0,
      11.0,
      21.0,
      74.0,
      9.0,
      11.0,
      14.0,
      14.0,
      7.0,
      9.0,
      7.0,
      11.0,
      8.0
    ],
    [
      10.0,
      9.0,
      7.0,
      11.0,
      12.0,
      9.0,
      11.0,
      9.0,
      6.0,
      15.0,
      5.0,
      6.0,
      5.0,
      7.0,
      15.0,
      16.0,
      12.0,
      5.0,
      0.0,
      6.0,
      5.0,
      7.0,
      47.0,
      46.0,
      74.0,
      77.0,
      10.0,
      6.0,
      10.0,
      23.0,
      74.0,
      7.0,
      9.0,
      8.0,
      14.0,
      12.0,
      10.0,
      7.0,
      7.0,
      7.0
    ],
    [
      11.0,
      12.0,
      9.0,
      11.0,
      11.0,
      10.0,
      11.0,
      5.0,
      8.0,
      16.0,
      6.0,
      9.0,
      7.0,
      12.0,
      16.0,
      17.0,
      11.0,
      7.0,
      6.0,
      0.0,
      5.0,
      6.0,
      44.0,
      44.0,
      76.0,
      79.0,
      5.0,
      5.0,
      10.0,
      21.0,
      76.0,
      8.0,
      11.0,
      13.0,
      16.0,
      6.0,
      8.0,
      7.0,
      9.0,
      5.0
    ],
    [
      13.0,
      4.0,
      2.0,
      11.0,
      11.0,
      12.0,
      11.0,
      6.0,
      4.0,
      19.0,
      6.0,
      2.0,
      5.0,
      13.0,
      18.0,
      13.0,
      12.0,
      5.0,
      5.0,
      5.0,
      0.0,
      2.0,
      42.0,
      42.0,
      74.0,
      78.0,
      6.0,
      3.0,
      9.0,
      19.0,
      75.0,
      8.0,
      11.0,
      2.0,
      15.0,
      6.0,
      5.0,
      5.0,
      3.0,
      11.0
    ],
    [
      12.0,
      6.0,
      6.0,
      13.0,
      13.0,
      11.0,
      13.0,
      5.0,
      4.0,
      19.0,
      8.0,
      8.0,
      2.0,
      5.0,
      19.0,
      12.0,
      14.0,
      7.0,
      7.0,
      6.0,
      2.0,
      0.0,
      41.0,
      40.0,
      76.0,
      80.0,
      8.0,
      6.0,
      10.0,
      17.0,
      77.0,
      10.0,
      14.0,
      4.0,
      17.0,
      8.0,
      5.0,
      6.0,
      5.0,
      4.0
    ],
    [
      46.0,
      48.0,
      43.0,
      46.0,
      46.0,
      46.0,
      48.0,
      46.0,
      45.0,
      45.0,
      50.0,
      42.0,
      43.0,
      44.0,
      45.0,
      35.0,
      43.0,
      48.0,
      47.0,
      44.0,
      42.0,
      41.0,
      0.0,
      8.0,
      104.0,
      108.0,
      51.0,
      45.0,
      48.0,
      29.0,
      105.0,
      48.0,
      54.0,
      47.0,
      61.0,
      48.0,
      45.0,
      45.0,
      48.0,
      44.0
    ],
    [
      45.0,
      47.0,
      43.0,
      46.0,
      45.0,
      45.0,
      48.0,
      46.0,
      45.0,
      44.0,
      49.0,
      42.0,
      42.0,
      44.0,
      44.0,
      35.0,
      42.0,
      48.0,
      46.0,
      44.0,
      42.0,
      40.0,
      8.0,
      0.0,
      104.0,
      108.0,
      50.0,
      44.0,
      47.0,
      27.0,
      105.0,
      48.0,
      54.0,
      46.0,
      60.0,
      47.0,
      44.0,
      44.0,
      47.0,
      43.0
    ],
    [
      65.0,
      72.0,
      77.0,
      73.0,
      74.0,
      68.0,
      74.0,
      75.0,
      78.0,
      72.0,
      73.0,
      76.0,
      76.0,
      75.0,
      72.0,
      81.0,
      74.0,
      74.0,
      74.0,
      76.0,
      74.0,
      76.0,
      104.0,
      104.0,
      0.0,
      5.0,
      73.0,
      71.0,
      69.0,
      86.0,
      5.0,
      69.0,
      76.0,
      73.0,
      65.0,
      71.0,
      77.0,
      71.0,
      74.0,
      75.0
    ],
    [
      69.0,
      76.0,
      81.0,
      77.0,
      77.0,
      72.0,
      77.0,
      79.0,
      81.0,
      75.0,
      76.0,
      79.0,
      79.0,
      78.0,
      75.0,
      83.0,
      77.0,
      77.0,
      77.0,
      79.0,
      78.0,
      80.0,
      108.0,
      108.0,
      5.0,
      0.0,
      76.0,
      75.0,
      72.0,
      89.0,
      4.0,
      72.0,
      79.0,
      77.0,
      68.0,
      74.0,
      80.0,
      74.0,
      77.0,
      78.0
    ],
    [
      12.0,
      13.0,
      8.0,
      12.0,
      10.0,
      11.0,
      10.0,
      9.0,
      8.0,
      17.0,
      11.0,
      7.0,
      6.0,
      13.0,
      17.0,
      18.0,
      11.0,
      9.0,
      10.0,
      5.0,
      6.0,
      8.0,
      51.0,
      50.0,
      73.0,
      76.0,
      0.0,
      5.0,
      9.0,
      21.0,
      74.0,
      7.0,
      12.0,
      4.0,
      14.0,
      5.0,
      7.0,
      6.0,
      6.0,
      6.0
    ],
    [
      9.0,
      6.0,
      6.0,
      12.0,
      13.0,
      8.0,
      13.0,
      4.0,
      6.0,
      14.0,
      8.0,
      5.0,
      4.0,
      4.0,
      14.0,
      13.0,
      13.0,
      7.0,
      6.0,
      5.0,
      3.0,
      6.0,
      45.0,
      44.0,
      71.0,
      75.0,
      5.0,
      0.0,
      6.0,
      19.0,
      72.0,
      5.0,
      11.0,
      5.0,
      17.0,
      5.0,
      6.0,
      2.0,
      6.0,
      4.0
    ],
    [
      8.0,
      11.0,
      11.0,
      16.0,
      16.0,
      2.0,
      16.0,
      11.0,
      12.0,
      10.0,
      12.0,
      10.0,
      10.0,
      9.0,
      11.0,
      15.0,
      16.0,
      11.0,
      10.0,
      10.0,
      9.0,
      10.0,
      48.0,
      47.0,
      69.0,
      72.0,
      9.0,
      6.0,
      0.0,
      22.0,
      69.0,
      8.0,
      15.0,
      10.0,
      20.0,
      9.0,
      13.0,
      7.0,
      10.0,
      11.0
    ],
    [
      24.0,
      23.0,
      19.0,
      20.0,
      19.0,
      22.0,
      21.0,
      22.0,
      20.0,
      23.0,
      22.0,
      19.0,
      19.0,
      21.0,
      24.0,
      12.0,
      17.0,
      21.0,
      23.0,
      21.0,
      19.0,
      17.0,
      29.0,
      27.0,
      86.0,
      89.0,
      21.0,
      19.0,
      22.0,
      0.0,
      88.0,
      25.0,
      27.0,
      22.0,
      32.0,
      24.0,
      19.0,
      21.0,
      23.0,
      21.0
    ],
    [
      66.0,
      73.0,
      78.0,
      74.0,
      74.0,
      69.0,
      74.0,
      76.0,
      78.0,
      72.0,
      73.0,
      77.0,
      76.0,
      76.0,
      72.0,
      81.0,
      74.0,
      74.0,
      74.0,
      76.0,
      75.0,
      77.0,
      105.0,
      105.0,
      5.0,
      4.0,
      74.0,
      72.0,
      69.0,
      88.0,
      0.0,
      69.0,
      75.0,
      74.0,
      65.0,
      71.0,
      77.0,
      71.0,
      74.0,
      75.0
    ],
    [
      7.0,
      7.0,
      10.0,
      11.0,
      12.0,
      8.0,
      12.0,
      9.0,
      10.0,
      14.0,
      8.0,
      10.0,
      9.0,
      7.0,
      14.0,
      16.0,
      13.0,
      9.0,
      7.0,
      8.0,
      8.0,
      10.0,
      48.0,
      48.0,
      69.0,
      72.0,
      7.0,
      5.0,
      8.0,
      25.0,
      69.0,
      0.0,
      10.0,
      7.0,
      17.0,
      5.0,
      12.0,
      5.0,
      7.0,
      9.0
    ],
    [
      14.0,
      9.0,
      15.0,
      11.0,
      10.0,
      15.0,
      10.0,
      11.0,
      14.0,
      21.0,
      10.0,
      13.0,
      12.0,
      11.0,
      21.0,
      21.0,
      11.0,
      11.0,
      9.0,
      11.0,
      11.0,
      14.0,
      54.0,
      54.0,
      76.0,
      79.0,
      12.0,
      11.0,
      15.0,
      27.0,
      75.0,
      10.0,
      0.0,
      7.0,
      14.0,
      7.0,
      14.0,
      11.0,
      9.0,
      12.0
    ],
    [
      11.0,
      2.0,
      5.0,
      9.0,
      9.0,
      10.0,
      9.0,
      4.0,
      4.0,
      16.0,
      4.0,
      4.0,
      3.0,
      9.0,
      16.0,
      15.0,
      10.0,
      14.0,
      8.0,
      13.0,
      2.0,
      4.0,
      47.0,
      46.0,
      73.0,
      77.0,
      4.0,
      5.0,
      10.0,
      22.0,
      74.0,
      7.0,
      7.0,
      0.0,
      14.0,
      5.0,
      7.0,
      5.0,
      6.0,
      5.0
    ],
    [
      14.0,
      13.0,
      18.0,
      15.0,
      15.0,
      22.0,
      15.0,
      16.0,
      18.0,
      26.0,
      12.0,
      17.0,
      16.0,
      16.0,
      25.0,
      28.0,
      15.0,
      14.0,
      14.0,
      16.0,
      15.0,
      17.0,
      61.0,
      60.0,
      65.0,
      68.0,
      14.0,
      17.0,
      20.0,
      32.0,
      65.0,
      17.0,
      14.0,
      14.0,
      0.0,
      15.0,
      20.0,
      18.0,
      14.0,
      18.0
    ],
    [
      9.0,
      5.0,
      8.0,
      9.0,
      10.0,
      9.0,
      9.0,
      7.0,
      8.0,
      15.0,
      6.0,
      8.0,
      7.0,
      5.0,
      15.0,
      15.0,
      10.0,
      7.0,
      12.0,
      6.0,
      6.0,
      8.0,
      48.0,
      47.0,
      71.0,
      74.0,
      5.0,
      5.0,
      9.0,
      24.0,
      71.0,
      5.0,
      7.0,
      5.0,
      15.0,
      0.0,
      10.0,
      5.0,
      6.0,
      7.0
    ],
    [
      14.0,
      9.0,
      4.0,
      16.0,
      17.0,
      13.0,
      17.0,
      7.0,
      6.0,
      19.0,
      11.0,
      4.0,
      9.0,
      8.0,
      19.0,
      13.0,
      17.0,
      9.0,
      10.0,
      8.0,
      5.0,
      5.0,
      45.0,
      44.0,
      77.0,
      80.0,
      7.0,
      6.0,
      13.0,
      19.0,
      77.0,
      12.0,
      14.0,
      7.0,
      20.0,
      10.0,
      0.0,
      7.0,
      5.0,
      4.0
    ],
    [
      8.0,
      7.0,
      7.0,
      13.0,
      13.0,
      7.0,
      13.0,
      6.0,
      7.0,
      13.0,
      8.0,
      6.0,
      6.0,
      5.0,
      13.0,
      12.0,
      14.0,
      7.0,
      7.0,
      7.0,
      5.0,
      6.0,
      45.0,
      44.0,
      71.0,
      74.0,
      6.0,
      2.0,
      7.0,
      21.0,
      71.0,
      5.0,
      11.0,
      5.0,
      18.0,
      5.0,
      7.0,
      0.0,
      6.0,
      6.0
    ],
    [
      11.0,
      10.0,
      5.0,
      10.0,
      11.0,
      10.0,
      11.0,
      10.0,
      5.0,
      16.0,
      13.0,
      5.0,
      4.0,
      13.0,
      17.0,
      16.0,
      12.0,
      11.0,
      7.0,
      9.0,
      3.0,
      5.0,
      48.0,
      47.0,
      74.0,
      77.0,
      6.0,
      6.0,
      10.0,
      23.0,
      74.0,
      7.0,
      9.0,
      6.0,
      14.0,
      6.0,
      5.0,
      6.0,
      0.0,
      7.0
    ],
    [
      12.0,
      7.0,
      11.0,
      14.0,
      14.0,
      11.0,
      14.0,
      5.0,
      4.0,
      17.0,
      9.0,
      9.0,
      6.0,
      5.0,
      18.0,
      12.0,
      14.0,
      8.0,
      7.0,
      5.0,
      11.0,
      4.0,
      44.0,
      43.0,
      75.0,
      78.0,
      6.0,
      4.0,
      11.0,
      21.0,
      75.0,
      9.0,
      12.0,
      5.0,
      18.0,
      7.0,
      4.0,
      6.0,
      7.0,
      0.0
    ]
  ],
  "transit_dist_walk_matrix": [
    [
      0.0,
      0.58331,
      0.66664,
      1.74993,
      1.33328,
      1.2499500000000001,
      3.91651,
      0.58331,
      0.66664,
      1.41661,
      0.58331,
      0.74997,
      0.49998,
      0.66664,
      1.41661,
      0.8333,
      0.41665,
      1.16662,
      1.16662,
      0.9166300000000001,
      0.41665,
      0.41665,
      1.6666,
      2.08325,
      NaN,
      NaN,
      1.16662,
      0.9166300000000001,
      0.99996,
      NaN,
      1.08329,
      0.58331,
      0.24999,
      0.24999,
      0.9166300000000001,
      0.8333,
      0.49998,
      1.91659,
      0.99996,
      0.74997
    ],
    [
      0.58331,
      0.0,
      0.8333,
      1.58327,
      1.91659,
      0.99996,
      NaN,
      0.74997,
      0.74997,
      1.41661,
      NaN,
      0.9166300000000001,
      0.58331,
      0.8333,
      1.33328,
      0.9166300000000001,
      NaN,
      NaN,
      NaN,
      NaN,
      0.58331,
      0.66664,
      3.3332,
      3.74985,
      NaN,
      NaN,
      NaN,
      1.41661,
      0.9166300000000001,
      NaN,
      1.33328,
      0.99996,
      0.74997,
      0.33332,
      1.2499500000000001,
      NaN,
      0.66664,
      1.74993,
      NaN,
      1.16662
    ],
    [
      0.66664,
      0.8333,
      0.0,
      1.49994,
      1.6666,
      0.9166300000000001,
      2.99988,
      0.66664,
      0.74997,
      1.16662,
      1.08329,
      NaN,
      0.41665,
      0.74997,
      1.33328,
      0.9166300000000001,
      5.08313,
      1.33328,
      0.99996,
      1.2499500000000001,
      0.8333,
      NaN,
      1.8332600000000001,
      2.24991,
      NaN,
      NaN,
      0.8333,
      NaN,
      0.9166300000000001,
      NaN,
      1.16662,
      1.16662,
      0.49998,
      0.58331,
      0.99996,
      1.49994,
      NaN,
      NaN,
      0.58331,
      NaN
    ],
    [
      1.74993,
      1.58327,
      1.49994,
      0.0,
      NaN,
      0.99996,
      4.1665,
      NaN,
      1.58327,
      1.33328,
      NaN,
      1.6666,
      1.58327,
