{
  "drive_dist_matrix": [
    [
      0.0,
      5.5,
      8.6,
      6.8,
      9.9,
      5.0,
      7.4,
      6.1,
      6.8,
      9.6,
      6.3,
      7.0,
      7.6,
      5.9,
      9.6,
      10.5,
      9.4,
      6.3,
      5.6,
      5.7,
      6.9,
      7.7,
      47.2,
      47.2,
      72.4,
      72.3,
      6.2,
      5.4,
      4.9,
      70.8,
      3.7,
      6.2,
      6.1,
      9.1,
      4.6,
      8.5,
      5.3,
      6.2,
      7.1
    ],
    [
      5.5,
      0.0,
      4.3,
      1.6,
      4.5,
      6.5,
      2.7,
      1.1,
      1.9,
      10.3,
      0.75,
      3.5,
      2.2,
      1.4,
      10.3,
      7.9,
      4.2,
      0.95,
      0.7,
      0.9,
      1.7,
      3.0,
      46.4,
      46.1,
      76.8,
      76.7,
      1.0,
      2.7,
      6.4,
      75.2,
      3.1,
      2.4,
      0.95,
      7.6,
      1.0,
      4.2,
      3.3,
      0.7,
      2.9
    ],
    [
      8.6,
      4.3,
      0.0,
      3.1,
      6.0,
      6.6,
      6.0,
      2.2,
      1.5,
      10.5,
      4.8,
      0.22,
      1.0,
      2.1,
      10.5,
      5.7,
      5.8,
      3.2,
      2.6,
      3.1,
      1.1,
      0.5,
      40.9,
      40.8,
      79.2,
      79.4,
      3.1,
      2.5,
      6.6,
      77.6,
      4.8,
      5.5,
      2.0,
      10.2,
      3.6,
      0.3,
      3.4,
      2.5,
      0.85
    ],
    [
      6.8,
      1.6,
      3.1,
      0.0,
      2.9,
      11.4,
      5.4,
      6.7,
      8.8,
      15.6,
      6.4,
      9.5,
      9.2,
      7.8,
      15.6,
      13.6,
      2.6,
      0.75,
      7.5,
      7.1,
      7.3,
      8.6,
      44.9,
      44.5,
      79.8,
      79.7,
      0.8,
      8.5,
      11.4,
      78.2,
      8.1,
      6.1,
      6.3,
      10.8,
      6.9,
      11.0,
      8.6,
      6.3,
      8.9
    ],
    [
      9.9,
      4.5,
      6.0,
      2.9,
      0.0,
      11.7,
      5.3,
      7.9,
      8.7,
      16.2,
      6.3,
      9.4,
      9.1,
      7.7,
      16.2,
      13.5,
      1.3,
      6.5,
      7.4,
      7.1,
      7.2,
      8.5,
      43.3,
      43.0,
      79.8,
      79.6,
      6.3,
      8.4,
      11.6,
      78.2,
      8.0,
      6.0,
      6.3,
      10.7,
      6.8,
      10.9,
      8.5,
      6.2,
      8.8
    ],
    [
      5.0,
      6.5,
      6.6,
      11.4,
      11.7,
      0.0,
      8.6,
      5.7,
      6.4,
      3.9,
      7.5,
      7.3,
      6.8,
      5.5,
      3.9,
      10.1,
      9.1,
      6.4,
      5.2,
      5.3,
      6.5,
      8.0,
      42.5,
      42.5,
      73.5,
      73.4,
      6.2,
      5.0,
      0.12,
      71.9,
      5.0,
      7.4,
      5.8,
      15.5,
      5.4,
      8.8,
      5.1,
      5.8,
      6.7
    ],
    [
      7.4,
      2.7,
      6.0,
      5.4,
      5.3,
      8.6,
      0.0,
      7.6,
      8.4,
      15.2,
      6.0,
      9.1,
      8.8,
      7.4,
      15.2,
      13.2,
      6.2,
      6.2,
      7.1,
      6.8,
      6.9,
      8.3,
      45.7,
      45.3,
      79.2,
      79.1,
      6.0,
      8.1,
      11.3,
      77.6,
      7.7,
      5.8,
      6.0,
      10.4,
      6.5,
      10.6,
      8.2,
      5.9,
      8.5
    ],
    [
      6.1,
      1.1,
      2.2,
      6.7,
      7.9,
      5.7,
      7.6,
      0.0,
      0.85,
      9.4,
      3.1,
      2.7,
      1.2,
      0.4,
      9.4,
      6.9,
      4.3,
      1.7,
      0.75,
      1.4,
      0.9,
      2.2,
      42.0,
      42.0,
      77.6,
      77.5,
      0.7,
      1.8,
      5.3,
      76.0,
      3.3,
      3.5,
      0.4,
      8.7,
      1.9,
      3.4,
      2.3,
      0.8,
      1.8
    ],
    [
      6.8,
      1.9,
      1.5,
      8.8,
      8.7,
      6.4,
      8.4,
      0.85,
      0.0,
      10.1,
      4.4,
      1.6,
      0.35,
      1.8,
      10.1,
      6.0,
      5.4,
      2.8,
      2.3,
      2.7,
      0.35,
      1.4,
      41.2,
      41.2,
      78.7,
      78.6,
      2.8,
      2.1,
      6.2,
      77.1,
      4.5,
      4.6,
      1.7,
      9.9,
      3.2,
      2.6,
      2.8,
      2.1,
      0.65
    ],
    [
      9.6,
      10.3,
      10.5,
      15.6,
      16.2,
      3.9,
      15.2,
      9.4,
      10.1,
      0.0,
      10.6,
      9.7,
      10.3,
      8.6,
      NaN,
      11.3,
      12.2,
      9.5,
      8.3,
      8.4,
      10.8,
      10.4,
      43.4,
      43.4,
      75.0,
      74.9,
      9.3,
      8.2,
      5.3,
      73.4,
      8.1,
      10.5,
      8.9,
      16.5,
      8.6,
      11.3,
      7.7,
      8.9,
      9.9
    ],
    [
      6.3,
      0.75,
      4.8,
      6.4,
      6.3,
      7.5,
      6.0,
      3.1,
      4.4,
      10.6,
      0.0,
      4.1,
      3.6,
      1.8,
      9.8,
      8.3,
      3.9,
      0.55,
      1.5,
      1.9,
      2.1,
      4.4,
      46.1,
      45.7,
      76.3,
      76.2,
      0.8,
      3.1,
      5.9,
      74.7,
      3.2,
      2.5,
      1.1,
      7.1,
      1.9,
      4.6,
      3.3,
      1.0,
      3.2
    ],
    [
      7.0,
      3.5,
      0.22,
      9.5,
      9.4,
      7.3,
      9.1,
      2.7,
      1.6,
      9.7,
      4.1,
      0.0,
      0.9,
      2.1,
      12.6,
      5.3,
      5.7,
      3.1,
      2.6,
      2.6,
      1.0,
      0.6,
      40.5,
      40.4,
      79.1,
      79.0,
      3.1,
      2.4,
      5.8,
      77.5,
      4.4,
      5.0,
      2.0,
      10.2,
      3.1,
      0.3,
      3.0,
      2.4,
      0.7
    ],
    [
      7.6,
      2.2,
      1.0,
      9.2,
      9.1,
      6.8,
      8.8,
      1.2,
      0.35,
      10.3,
      3.6,
      0.9,
      0.0,
      1.4,
      9.8,
      6.1,
      5.0,
      2.4,
      1.9,
      2.4,
      0.4,
      1.0,
      41.2,
      41.2,
      78.3,
      78.2,
      2.4,
      1.8,
      5.9,
      76.7,
      4.1,
      4.3,
      1.3,
      9.5,
      2.9,
      0.75,
      3.0,
      1.8,
      0.45
    ],
    [
      5.9,
      1.4,
      2.1,
      7.8,
      7.7,
      5.5,
      7.4,
      0.4,
      1.8,
      8.6,
      1.8,
      2.1,
      1.4,
      0.0,
      8.8,
      6.5,
      4.4,
      1.8,
      0.55,
      1.0,
      1.0,
      2.3,
      41.6,
      41.6,
      78.1,
      78.0,
      1.1,
      1.4,
      4.9,
      76.5,
      2.9,
      3.4,
      0.7,
      8.9,
      2.1,
      3.5,
      1.9,
      1.0,
      1.4
    ],
    [
      9.6,
      10.3,
      10.5,
      15.6,
      16.2,
      3.9,
      15.2,
      9.4,
      10.1,
      NaN,
      9.8,
      12.6,
      9.8,
      8.8,
      0.0,
      11.3,
      12.2,
      9.5,
      8.3,
      8.4,
      10.8,
      10.4,
      43.4,
      43.4,
      75.0,
      76.5,
      9.3,
      8.2,
      5.3,
      73.4,
      8.1,
      10.5,
      8.9,
      18.5,
      8.6,
      11.3,
      7.7,
      8.8,
      9.8
    ],
    [
      10.5,
      7.9,
      5.7,
      13.6,
      13.5,
      10.1,
      13.2,
      6.9,
      6.0,
      11.3,
      8.3,
      5.3,
      6.1,
      6.5,
      11.3,
      0.0,
      22.3,
      11.5,
      10.3,
      10.4,
      8.7,
      7.4,
      35.5,
      35.5,
      84.2,
      84.0,
      11.3,
      8.5,
      10.3,
      82.5,
      10.1,
      11.6,
      9.7,
      20.6,
      9.6,
      7.9,
      8.7,
      10.1,
      7.8
    ],
    [
      9.4,
      4.2,
      5.8,
      2.6,
      1.3,
      9.1,
      6.2,
      4.3,
      5.4,
      12.2,
      3.9,
      5.7,
      5.0,
      4.4,
      12.2,
      22.3,
      0.0,
      7.5,
      8.4,
      8.0,
      8.2,
      9.5,
      41.8,
      46.6,
      80.4,
      80.3,
      7.3,
      9.3,
      12.6,
      78.8,
      9.0,
      7.0,
      7.2,
      11.7,
      7.7,
      11.8,
      9.5,
      7.1,
      9.8
    ],
    [
      6.3,
      0.95,
      3.2,
      0.75,
      6.5,
      6.4,
      6.2,
      1.7,
      2.8,
      9.5,
      0.55,
      3.1,
      2.4,
      1.8,
      9.5,
      11.5,
      7.5,
      0.0,
      1.4,
      1.8,
      2.0,
      4.1,
      43.4,
      43.3,
      77.3,
      77.2,
      0.65,
      3.0,
      5.8,
      75.7,
      4.0,
      3.3,
      1.0,
      7.9,
      2.7,
      5.3,
      3.2,
      0.8,
      3.1
    ],
    [
      5.6,
      0.7,
      2.6,
      7.5,
      7.4,
      5.2,
      7.1,
      0.75,
      2.3,
      8.3,
      1.5,
      2.6,
      1.9,
      0.55,
      8.3,
      10.3,
      8.4,
      1.4,
      0.0,
      0.45,
      2.2,
      3.5,
      42.4,
      42.4,
      76.6,
      76.5,
      0.75,
      2.2,
      5.3,
      75.0,
      3.0,
      2.9,
      0.6,
      8.3,
      0.95,
      4.6,
      2.7,
      0.5,
      2.2
    ],
    [
      5.7,
      0.9,
      3.1,
      7.1,
      7.1,
      5.3,
      6.8,
      1.4,
      2.7,
      8.4,
      1.9,
      2.6,
      2.4,
      1.0,
      8.4,
      10.4,
      8.0,
      1.8,
      0.45,
      0.0,
      2.0,
      3.3,
      42.0,
      42.0,
      77.0,
      76.9,
      1.7,
      2.1,
      5.2,
      75.4,
      3.1,
      3.2,
      1.0,
      9.0,
      0.5,
      4.2,
      2.6,
      0.7,
      2.1
    ],
    [
      6.9,
      1.7,
      1.1,
      7.3,
      7.2,
      6.5,
      6.9,
      0.9,
      0.35,
      10.8,
      2.1,
      1.0,
      0.4,
      1.0,
      10.8,
      8.7,
      8.2,
      2.0,
      2.2,
      2.0,
      0.0,
      1.3,
      41.6,
      41.5,
      78.0,
      77.8,
      2.0,
      1.4,
      5.5,
      76.3,
      3.7,
      3.9,
      1.0,
      9.1,
      2.5,
      2.6,
      2.6,
      1.4,
      0.85
    ],
    [
      7.7,
      3.0,
      0.5,
      8.6,
      8.5,
      8.0,
      8.3,
      2.2,
      1.4,
      10.4,
      4.4,
      0.6,
      1.0,
      2.3,
      10.4,
      7.4,
      9.5,
      4.1,
      3.5,
      3.3,
      1.3,
      0.0,
      40.2,
      40.2,
      79.7,
      79.6,
      3.4,
      2.7,
      6.4,
      78.1,
      5.1,
      5.2,
      2.3,
      10.4,
      3.8,
      0.35,
      3.7,
      2.7,
      1.5
    ],
    [
      47.2,
      46.4,
      40.9,
      44.9,
      43.3,
      42.5,
      45.7,
      42.0,
      41.2,
      43.4,
      46.1,
      40.5,
      41.2,
      41.6,
      43.4,
      35.5,
      41.8,
      43.4,
      42.4,
      42.0,
      41.6,
      40.2,
      0.0,
      0.65,
      111.0,
      111.0,
      44.6,
      41.8,
      44.2,
      110.0,
      43.4,
      44.9,
      43.0,
      58.0,
      43.0,
      41.2,
      42.0,
      43.4,
      41.1
    ],
    [
      47.2,
      46.1,
      40.8,
      44.5,
      43.0,
      42.5,
      45.3,
      42.0,
      41.2,
      43.4,
      45.7,
      40.4,
      41.2,
      41.6,
      43.4,
      35.5,
      46.6,
      43.3,
      42.4,
      42.0,
      41.5,
      40.2,
      0.65,
      0.0,
      111.0,
      111.0,
      44.3,
      41.5,
      43.9,
      109.0,
      43.1,
      44.6,
      42.7,
      57.7,
      42.6,
      40.9,
      41.7,
      43.1,
      40.8
    ],
    [
      72.4,
      76.8,
      79.2,
      79.8,
      79.8,
      73.5,
      79.2,
      77.6,
      78.7,
      75.0,
      76.3,
      79.1,
      78.3,
      78.1,
      75.0,
      84.2,
      80.4,
      77.3,
      76.6,
      77.0,
      78.0,
      79.7,
      111.0,
      111.0,
      0.0,
      2.5,
      75.5,
      75.1,
      73.2,
      2.2,
      73.0,
      75.4,
      75.4,
      71.1,
      73.9,
      78.2,
      75.0,
      75.9,
      76.8
    ],
    [
      72.3,
      76.7,
      79.4,
      79.7,
      79.6,
      73.4,
      79.1,
      77.5,
      78.6,
      74.9,
      76.2,
      79.0,
      78.2,
      78.0,
      76.5,
      84.0,
      80.3,
      77.2,
      76.5,
      76.9,
      77.8,
      79.6,
      111.0,
      111.0,
      2.5,
      0.0,
      75.3,
      75.0,
      73.1,
      1.6,
      72.9,
      75.2,
      75.3,
      71.0,
      73.8,
      78.1,
      74.8,
      75.8,
      76.7
    ],
    [
      6.2,
      1.0,
      3.1,
      0.8,
      6.3,
      6.2,
      6.0,
      0.7,
      2.8,
      9.3,
      0.8,
      3.1,
      2.4,
      1.1,
      9.3,
      11.3,
      7.3,
      0.65,
      0.75,
      1.7,
      2.0,
      3.4,
      44.6,
      44.3,
      75.5,
      75.3,
      0.0,
      2.4,
      5.1,
      78.8,
      3.1,
      6.9,
      0.35,
      8.1,
      1.7,
      3.8,
      2.5,
      0.5,
      2.5
    ],
    [
      5.4,
      2.7,
      2.5,
      8.5,
      8.4,
      5.0,
      8.1,
      1.8,
      2.1,
      8.2,
      3.1,
      2.4,
      1.8,
      1.4,
      8.2,
      8.5,
      9.3,
      3.0,
      2.2,
      2.1,
      1.4,
      2.7,
      41.8,
      41.5,
      75.1,
      75.0,
      2.4,
      0.0,
      4.1,
      76.4,
      2.3,
      4.1,
      2.1,
      10.0,
      2.2,
      3.5,
      1.2,
      2.6,
      1.5
    ],
    [
      4.9,
      6.4,
      6.6,
      11.4,
      11.6,
      0.12,
      11.3,
      5.3,
      6.2,
      5.3,
      5.9,
      5.8,
      5.9,
      4.9,
      5.3,
      10.3,
      12.6,
      5.8,
      5.3,
      5.2,
      5.5,
      6.4,
      44.2,
      43.9,
      73.2,
      73.1,
      5.1,
      4.1,
      0.0,
      72.1,
      5.1,
      7.5,
      5.9,
      15.6,
      5.6,
      8.3,
      4.7,
      5.9,
      6.9
    ],
    [
      70.8,
      75.2,
      77.6,
      78.2,
      78.2,
      71.9,
      77.6,
      76.0,
      77.1,
      73.4,
      74.7,
      77.5,
      76.7,
      76.5,
      73.4,
      82.5,
      78.8,
      75.7,
      75.0,
      75.4,
      76.3,
      78.1,
      110.0,
      109.0,
      2.2,
      1.6,
      78.8,
      76.4,
      72.1,
      0.0,
      71.5,
      73.8,
      73.9,
      69.6,
      72.4,
      76.7,
      73.4,
      74.3,
      75.3
    ],
    [
      3.7,
      3.1,
      4.8,
      8.1,
      8.0,
      5.0,
      7.7,
      3.3,
      4.5,
      8.1,
      3.2,
      4.4,
      4.1,
      2.9,
      8.1,
      10.1,
      9.0,
      4.0,
      3.0,
      3.1,
      3.7,
      5.1,
      43.4,
      43.1,
      73.0,
      72.9,
      3.1,
      2.3,
      5.1,
      71.5,
      0.0,
      3.1,
      2.8,
      9.3,
      1.1,
      5.9,
      1.9,
      2.8,
      3.6
    ],
    [
      6.2,
      2.4,
      5.5,
      6.1,
      6.0,
      7.4,
      5.8,
      3.5,
      4.6,
      10.5,
      2.5,
      5.0,
      4.3,
      3.4,
      10.5,
      11.6,
      7.0,
      3.3,
      2.9,
      3.2,
      3.9,
      5.2,
      44.9,
      44.6,
      75.4,
      75.2,
      6.9,
      4.1,
      7.5,
      73.8,
      3.1,
      0.0,
      2.7,
      7.6,
      2.6,
      6.7,
      4.3,
      2.7,
      4.6
    ],
    [
      6.1,
      0.95,
      2.0,
      6.3,
      6.3,
      5.8,
      6.0,
      0.4,
      1.7,
      8.9,
      1.1,
      2.0,
      1.3,
      0.7,
      8.9,
      9.7,
      7.2,
      1.0,
      0.6,
      1.0,
      1.0,
      2.3,
      43.0,
      42.7,
      75.4,
      75.3,
      0.35,
      2.1,
      5.9,
      73.9,
      2.8,
      2.7,
      0.0,
      8.2,
      2.3,
      3.5,
      2.4,
      0.45,
      2.3
    ],
    [
      9.1,
      7.6,
      10.2,
      10.8,
      10.7,
      15.5,
      10.4,
      8.7,
      9.9,
      16.5,
      7.1,
      10.2,
      9.5,
      8.9,
      18.5,
      20.6,
      11.7,
      7.9,
      8.3,
      9.0,
      9.1,
      10.4,
      58.0,
      57.7,
      71.1,
      71.0,
      8.1,
      10.0,
      15.6,
      69.6,
      9.3,
      7.6,
      8.2,
      0.0,
      8.5,
      11.7,
      12.5,
      8.0,
      10.7
    ],
    [
      4.6,
      1.0,
      3.6,
      6.9,
      6.8,
      5.4,
      6.5,
      1.9,
      3.2,
      8.6,
      1.9,
      3.1,
      2.9,
      2.1,
      8.6,
      9.6,
      7.7,
      2.7,
      0.95,
      0.5,
      2.5,
      3.8,
      43.0,
      42.6,
      73.9,
      73.8,
      1.7,
      2.2,
      5.6,
      72.4,
      1.1,
      2.6,
      2.3,
      8.5,
      0.0,
      5.0,
      1.9,
      2.1,
      2.9
    ],
    [
      8.5,
      4.2,
      0.3,
      11.0,
      10.9,
      8.8,
      10.6,
      3.4,
      2.6,
      11.3,
      4.6,
      0.3,
      0.75,
      3.5,
      11.3,
      7.9,
      11.8,
      5.3,
      4.6,
      4.2,
      2.6,
      0.35,
      41.2,
      40.9,
      78.2,
      78.1,
      3.8,
      3.5,
      8.3,
      76.7,
      5.9,
      6.7,
      3.5,
      11.7,
      5.0,
      0.0,
      3.4,
      2.4,
      1.0
    ],
    [
      5.3,
      3.3,
      3.4,
      8.6,
      8.5,
      5.1,
      8.2,
      2.3,
      2.8,
      7.7,
      3.3,
      3.0,
      3.0,
      1.9,
      7.7,
      8.7,
      9.5,
      3.2,
      2.7,
      2.6,
      2.6,
      3.7,
      42.0,
      41.7,
      75.0,
      74.8,
      2.5,
      1.2,
      4.7,
      73.4,
      1.9,
      4.3,
      2.4,
      12.5,
      1.9,
      3.4,
      0.0,
      2.6,
      2.9
    ],
    [
      6.2,
      0.7,
      2.5,
      6.3,
      6.2,
      5.8,
      5.9,
      0.8,
      2.1,
      8.9,
      1.0,
      2.4,
      1.8,
      1.0,
      8.8,
      10.1,
      7.1,
      0.8,
      0.5,
      0.7,
      1.4,
      2.7,
      43.4,
      43.1,
      75.9,
      75.8,
      0.5,
      2.6,
      5.9,
      74.3,
      2.8,
      2.7,
      0.45,
      8.0,
      2.1,
      2.4,
      2.6,
      0.0,
      2.5
    ],
    [
      7.1,
      2.9,
      0.85,
      8.9,
      8.8,
      6.7,
      8.5,
      1.8,
      0.65,
      9.9,
      3.2,
      0.7,
      0.45,
      1.4,
      9.8,
      7.8,
      9.8,
      3.1,
      2.2,
      2.1,
      0.85,
      1.5,
      41.1,
      40.8,
      76.8,
      76.7,
      2.5,
      1.5,
      6.9,
      75.3,
      3.6,
      4.6,
      2.3,
      10.7,
      2.9,
      1.0,
      2.9,
      2.5,
      0.0
    ]
  ],
  "drive_time_matrix": [
    [
      0.0,
      15.0,
      21.0,
      17.0,
      19.0,
      14.0,
      15.0,
      16.0,
      19.0,
      25.0,
      18.0,
      17.0,
      20.0,
      16.0,
      25.0,
      24.0,
      20.0,
      17.0,
      15.0,
      15.0,
      19.0,
      20.0,
      73.0,
      72.0,
      86.0,
      91.0,
      17.0,
      13.0,
      14.0,
      88.0,
      9.0,
      17.0,
      16.0,
      27.0,
      13.0,
      20.0,
      11.0,
      16.0,
      18.0
    ],
    [
      15.0,
      0.0,
      15.0,
      4.0,
      8.0,
      24.0,
      7.0,
      7.0,
      10.0,
      35.0,
      10.0,
      12.0,
      12.0,
      8.0,
      35.0,
      23.0,
      7.0,
      4.0,
      9.0,
      12.0,
      6.0,
      10.0,
      62.0,
      61.0,
      95.0,
      99.0,
      13.0,
      12.0,
      24.0,
      95.0,
      9.0,
      10.0,
      12.0,
      23.0,
      13.0,
      14.0,
      11.0,
      9.0,
      13.0
    ],
    [
      21.0,
      15.0,
      0.0,
      11.0,
      15.0,
      20.0,
      13.0,
      7.0,
      5.0,
      32.0,
      13.0,
      3.0,
      12.0,
      7.0,
      32.0,
      16.0,
      14.0,
      9.0,
      9.0,
      11.0,
      3.0,
      6.0,
      61.0,
      61.0,
      101.0,
      103.0,
      13.0,
      7.0,
      22.0,
      103.0,
      14.0,
      16.0,
      6.0,
      29.0,
      11.0,
      4.0,
      9.0,
      8.0,
      11.0
    ],
    [
      17.0,
      4.0,
      11.0,
      0.0,
      4.0,
      26.0,
      6.0,
      14.0,
      16.0,
      39.0,
      11.0,
      17.0,
      18.0,
      13.0,
      39.0,
      25.0,
      3.0,
      11.0,
      15.0,
      12.0,
      15.0,
      19.0,
      55.0,
      55.0,
      91.0,
      97.0,
      12.0,
      15.0,
      28.0,
      92.0,
      14.0,
      10.0,
      11.0,
      23.0,
      10.0,
      20.0,
      16.0,
      13.0,
      16.0
    ],
    [
      19.0,
      8.0,
      15.0,
      4.0,
      0.0,
      28.0,
      7.0,
      15.0,
      17.0,
      38.0,
      12.0,
      18.0,
      19.0,
      14.0,
      38.0,
      25.0,
      16.0,
      11.0,
      14.0,
      12.0,
      15.0,
      19.0,
      54.0,
      54.0,
      90.0,
      95.0,
      13.0,
      16.0,
      27.0,
      91.0,
      14.0,
      10.0,
      12.0,
      22.0,
      11.0,
      20.0,
      17.0,
      14.0,
      17.0
    ],
    [
      14.0,
      24.0,
      20.0,
      26.0,
      28.0,
      0.0,
      17.0,
      14.0,
      17.0,
      11.0,
      20.0,
      16.0,
      19.0,
      14.0,
      11.0,
      22.0,
      19.0,
      17.0,
      14.0,
      14.0,
      16.0,
      17.0,
      60.0,
      59.0,
      82.0,
      87.0,
      18.0,
      11.0,
      2.0,
      84.0,
      11.0,
      19.0,
      14.0,
      33.0,
      13.0,
      18.0,
      11.0,
      16.0,
      18.0
    ],
    [
      15.0,
      7.0,
      13.0,
      6.0,
      7.0,
      17.0,
      0.0,
      14.0,
      17.0,
      38.0,
      11.0,
      17.0,
      18.0,
      13.0,
      38.0,
      24.0,
      6.0,
      10.0,
      15.0,
      12.0,
      15.0,
      19.0,
      56.0,
      56.0,
      90.0,
      94.0,
      12.0,
      15.0,
      27.0,
      91.0,
      14.0,
      10.0,
      11.0,
      22.0,
      11.0,
      20.0,
      16.0,
      13.0,
      17.0
    ],
    [
      16.0,
      7.0,
      7.0,
      14.0,
      15.0,
      14.0,
      14.0,
      0.0,
      4.0,
      33.0,
      12.0,
      9.0,
      6.0,
      5.0,
      33.0,
      17.0,
      11.0,
      7.0,
      9.0,
      7.0,
      11.0,
      9.0,
      60.0,
      60.0,
      94.0,
      98.0,
      9.0,
      6.0,
      21.0,
      95.0,
      11.0,
      16.0,
      4.0,
      24.0,
      9.0,
      12.0,
      9.0,
      10.0,
      7.0
    ],
    [
      19.0,
      10.0,
      5.0,
      16.0,
      17.0,
      17.0,
      17.0,
      4.0,
      0.0,
      34.0,
      13.0,
      6.0,
      4.0,
      6.0,
      33.0,
      16.0,
      13.0,
      9.0,
      9.0,
      11.0,
      4.0,
      6.0,
      58.0,
      58.0,
      96.0,
      101.0,
      11.0,
      7.0,
      22.0,
      96.0,
      13.0,
      17.0,
      6.0,
      26.0,
      11.0,
      9.0,
      9.0,
      8.0,
      8.0
    ],
    [
      25.0,
      35.0,
      32.0,
      39.0,
      38.0,
      11.0,
      38.0,
      33.0,
      34.0,
      0.0,
      28.0,
      24.0,
      27.0,
      22.0,
      NaN,
      24.0,
      28.0,
      25.0,
      22.0,
      23.0,
      26.0,
      25.0,
      55.0,
      55.0,
      93.0,
      98.0,
      25.0,
      21.0,
      15.0,
      94.0,
      20.0,
      28.0,
      23.0,
      40.0,
      22.0,
      26.0,
      19.0,
      24.0,
      25.0
    ],
    [
      18.0,
      10.0,
      13.0,
      11.0,
      12.0,
      20.0,
      11.0,
      12.0,
      13.0,
      28.0,
      0.0,
      10.0,
      11.0,
      9.0,
      33.0,
      20.0,
      7.0,
      7.0,
      7.0,
      8.0,
      8.0,
      11.0,
      56.0,
      56.0,
      89.0,
      93.0,
      11.0,
      11.0,
      21.0,
      89.0,
      10.0,
      12.0,
      5.0,
      18.0,
      7.0,
      17.0,
      12.0,
      13.0,
      13.0
    ],
    [
      17.0,
      12.0,
      3.0,
      17.0,
      18.0,
      16.0,
      17.0,
      9.0,
      6.0,
      24.0,
      10.0,
      0.0,
      11.0,
      6.0,
      28.0,
      13.0,
      11.0,
      8.0,
      8.0,
      10.0,
      2.0,
      8.0,
      54.0,
      54.0,
      92.0,
      97.0,
      10.0,
      7.0,
      19.0,
      94.0,
      12.0,
      16.0,
      5.0,
      25.0,
      10.0,
      4.0,
      7.0,
      7.0,
      9.0
    ],
    [
      20.0,
      12.0,
      12.0,
      18.0,
      19.0,
      19.0,
      18.0,
      6.0,
      4.0,
      27.0,
      11.0,
      11.0,
      0.0,
      4.0,
      33.0,
      14.0,
      11.0,
      8.0,
      7.0,
      9.0,
      5.0,
      3.0,
      55.0,
      55.0,
      93.0,
      98.0,
      9.0,
      5.0,
      22.0,
      94.0,
      12.0,
      15.0,
      4.0,
      23.0,
      9.0,
      9.0,
      8.0,
      6.0,
      6.0
    ],
    [
      16.0,
      8.0,
      7.0,
      13.0,
      14.0,
      14.0,
      13.0,
      5.0,
      6.0,
      22.0,
      9.0,
      6.0,
      4.0,
      0.0,
      31.0,
      15.0,
      10.0,
      8.0,
      7.0,
      10.0,
      12.0,
      8.0,
      56.0,
      56.0,
      93.0,
      97.0,
      13.0,
      5.0,
      19.0,
      94.0,
      9.0,
      13.0,
      9.0,
      23.0,
      7.0,
      10.0,
      7.0,
      12.0,
      5.0
    ],
    [
      25.0,
      35.0,
      32.0,
      39.0,
      38.0,
      11.0,
      38.0,
      33.0,
      33.0,
      NaN,
      33.0,
      28.0,
      33.0,
      31.0,
      0.0,
      24.0,
      27.0,
      24.0,
      21.0,
      22.0,
      25.0,
      24.0,
      55.0,
      54.0,
      93.0,
      93.0,
      25.0,
      21.0,
      16.0,
      93.0,
      21.0,
      28.0,
      23.0,
      37.0,
      23.0,
      26.0,
      19.0,
      23.0,
      24.0
    ],
    [
      24.0,
      23.0,
      16.0,
      25.0,
      25.0,
      22.0,
      24.0,
      17.0,
      16.0,
      24.0,
      20.0,
      13.0,
      14.0,
      15.0,
      24.0,
      0.0,
      24.0,
      24.0,
      20.0,
      21.0,
      17.0,
      16.0,
      43.0,
      43.0,
      94.0,
      99.0,
      23.0,
      16.0,
      22.0,
      95.0,
      19.0,
      25.0,
      20.0,
      38.0,
      19.0,
      17.0,
      15.0,
      21.0,
      15.0
    ],
    [
      20.0,
      7.0,
      14.0,
      3.0,
      16.0,
      19.0,
      6.0,
      11.0,
      13.0,
      28.0,
      7.0,
      11.0,
      11.0,
      10.0,
      27.0,
      24.0,
      0.0,
      11.0,
      15.0,
      13.0,
      16.0,
      19.0,
      51.0,
      52.0,
      88.0,
      93.0,
      13.0,
      16.0,
      26.0,
      89.0,
      15.0,
      11.0,
      12.0,
      20.0,
      12.0,
      20.0,
      17.0,
      14.0,
      17.0
    ],
    [
      17.0,
      4.0,
      9.0,
      11.0,
      11.0,
      17.0,
      10.0,
      7.0,
      9.0,
      25.0,
      7.0,
      8.0,
      8.0,
      8.0,
      24.0,
      24.0,
      11.0,
      0.0,
      6.0,
      8.0,
      7.0,
      9.0,
      60.0,
      60.0,
      87.0,
      92.0,
      9.0,
      9.0,
      22.0,
      88.0,
      12.0,
      11.0,
      14.0,
      19.0,
      9.0,
      13.0,
      10.0,
      11.0,
      11.0
    ],
    [
      15.0,
      9.0,
      9.0,
      15.0,
      14.0,
      14.0,
      15.0,
      9.0,
      9.0,
      22.0,
      7.0,
      8.0,
      7.0,
      7.0,
      21.0,
      20.0,
      15.0,
      6.0,
      0.0,
      6.0,
      7.0,
      11.0,
      58.0,
      58.0,
      88.0,
      93.0,
      10.0,
      8.0,
      20.0,
      89.0,
      9.0,
      10.0,
      8.0,
      20.0,
      12.0,
      12.0,
      9.0,
      6.0,
      8.0
    ],
    [
      15.0,
      12.0,
      11.0,
      12.0,
      12.0,
      14.0,
      12.0,
      7.0,
      11.0,
      23.0,
      8.0,
      10.0,
      9.0,
      10.0,
      22.0,
      21.0,
      13.0,
      8.0,
      6.0,
      0.0,
      7.0,
      9.0,
      58.0,
      58.0,
      87.0,
      93.0,
      6.0,
      6.0,
      19.0,
      89.0,
      10.0,
      13.0,
      10.0,
      23.0,
      6.0,
      10.0,
      9.0,
      9.0,
      6.0
    ],
    [
      19.0,
      6.0,
      3.0,
      15.0,
      15.0,
      16.0,
      15.0,
      11.0,
      4.0,
      26.0,
      8.0,
      2.0,
      5.0,
      12.0,
      25.0,
      17.0,
      16.0,
      7.0,
      7.0,
      7.0,
      0.0,
      3.0,
      58.0,
      58.0,
      88.0,
      92.0,
      7.0,
      4.0,
      19.0,
      89.0,
      11.0,
      14.0,
      3.0,
      22.0,
      8.0,
      7.0,
      7.0,
      5.0,
      11.0
    ],
    [
      20.0,
      10.0,
      6.0,
      19.0,
      19.0,
      17.0,
      19.0,
      9.0,
      6.0,
      25.0,
      11.0,
      8.0,
      3.0,
      8.0,
      24.0,
      16.0,
      19.0,
      9.0,
      11.0,
      9.0,
      3.0,
      0.0,
      56.0,
      56.0,
      89.0,
      94.0,
      9.0,
      7.0,
      19.0,
      90.0,
      12.0,
      17.0,
      6.0,
      25.0,
      11.0,
      5.0,
      8.0,
      7.0,
      5.0
    ],
    [
      73.0,
      62.0,
      61.0,
      55.0,
      54.0,
      60.0,
      56.0,
      60.0,
      58.0,
      55.0,
      56.0,
      54.0,
      55.0,
      56.0,
      55.0,
      43.0,
      51.0,
      60.0,
      58.0,
      58.0,
      58.0,
      56.0,
      0.0,
      8.0,
      112.0,
      117.0,
      57.0,
      51.0,
      57.0,
      113.0,
      54.0,
      59.0,
      55.0,
      68.0,
      54.0,
      51.0,
      50.0,
      56.0,
      50.0
    ],
    [
      72.0,
      61.0,
      61.0,
      55.0,
      54.0,
      59.0,
      56.0,
      60.0,
      58.0,
      55.0,
      56.0,
      54.0,
      55.0,
      56.0,
      54.0,
      43.0,
      52.0,
      60.0,
      58.0,
      58.0,
      58.0,
      56.0,
      8.0,
      0.0,
      112.0,
      116.0,
      57.0,
      50.0,
      56.0,
      113.0,
      54.0,
      59.0,
      54.0,
      67.0,
      54.0,
      51.0,
      50.0,
      55.0,
      50.0
    ],
    [
      86.0,
      95.0,
      101.0,
      91.0,
      90.0,
      82.0,
      90.0,
      94.0,
      96.0,
      93.0,
      89.0,
      92.0,
      93.0,
      93.0,
      93.0,
      94.0,
      88.0,
      87.0,
      88.0,
      87.0,
      88.0,
      89.0,
      112.0,
      112.0,
      0.0,
      6.0,
      79.0,
      76.0,
      73.0,
      6.0,
      73.0,
      78.0,
      79.0,
      69.0,
      75.0,
      81.0,
      75.0,
      79.0,
      79.0
    ],
    [
      91.0,
      99.0,
      103.0,
      97.0,
      95.0,
      87.0,
      94.0,
      98.0,
      101.0,
      98.0,
      93.0,
      97.0,
      98.0,
      97.0,
      93.0,
      99.0,
      93.0,
      92.0,
      93.0,
      93.0,
      92.0,
      94.0,
      117.0,
      116.0,
      6.0,
      0.0,
      82.0,
      79.0,
      77.0,
      4.0,
      76.0,
      81.0,
      82.0,
      72.0,
      79.0,
      85.0,
      78.0,
      82.0,
      83.0
    ],
    [
      17.0,
      13.0,
      13.0,
      12.0,
      13.0,
      18.0,
      12.0,
      9.0,
      11.0,
      25.0,
      11.0,
      10.0,
      9.0,
      13.0,
      25.0,
      23.0,
      13.0,
      9.0,
      10.0,
      6.0,
      7.0,
      9.0,
      57.0,
      57.0,
      79.0,
      82.0,
      0.0,
      7.0,
      14.0,
      87.0,
      9.0,
      11.0,
      4.0,
      20.0,
      8.0,
      11.0,
      7.0,
      6.0,
      8.0
    ],
    [
      13.0,
      12.0,
      7.0,
      15.0,
      16.0,
      11.0,
      15.0,
      6.0,
      7.0,
      21.0,
      11.0,
      7.0,
      5.0,
      5.0,
      21.0,
      16.0,
      16.0,
      9.0,
      8.0,
      6.0,
      4.0,
      7.0,
      51.0,
      50.0,
      76.0,
      79.0,
      7.0,
      0.0,
      11.0,
      86.0,
      6.0,
      11.0,
      7.0,
      23.0,
      6.0,
      8.0,
      15.0,
      8.0,
      5.0
    ],
    [
      14.0,
      24.0,
      22.0,
      28.0,
      27.0,
      2.0,
      27.0,
      21.0,
      22.0,
      15.0,
      21.0,
      19.0,
      22.0,
      19.0,
      16.0,
      22.0,
      26.0,
      22.0,
      20.0,
      19.0,
      19.0,
      19.0,
      57.0,
      56.0,
      73.0,
      77.0,
      14.0,
      11.0,
      0.0,
      79.0,
      11.0,
      19.0,
      14.0,
      29.0,
      13.0,
      17.0,
      10.0,
      15.0,
      15.0
    ],
    [
      88.0,
      95.0,
      103.0,
      92.0,
      91.0,
      84.0,
      91.0,
      95.0,
      96.0,
      94.0,
      89.0,
      94.0,
      94.0,
      94.0,
      93.0,
      95.0,
      89.0,
      88.0,
      89.0,
      89.0,
      89.0,
      90.0,
      113.0,
      113.0,
      6.0,
      4.0,
      87.0,
      86.0,
      79.0,
      0.0,
      74.0,
      79.0,
      80.0,
      69.0,
      76.0,
      83.0,
      76.0,
      80.0,
      81.0
    ],
    [
      9.0,
      9.0,
      14.0,
      14.0,
      14.0,
      11.0,
      14.0,
      11.0,
      13.0,
      20.0,
      10.0,
      12.0,
      12.0,
      9.0,
      21.0,
      19.0,
      15.0,
      12.0,
      9.0,
      10.0,
      11.0,
      12.0,
      54.0,
      54.0,
      73.0,
      76.0,
      9.0,
      6.0,
      11.0,
      74.0,
      0.0,
      12.0,
      10.0,
      23.0,
      5.0,
      14.0,
      6.0,
      10.0,
      11.0
    ],
    [
      17.0,
      10.0,
      16.0,
      10.0,
      10.0,
      19.0,
      10.0,
      16.0,
      17.0,
      28.0,
      12.0,
      16.0,
      15.0,
      13.0,
      28.0,
      25.0,
      11.0,
      11.0,
      10.0,
      13.0,
      14.0,
      17.0,
      59.0,
      59.0,
      78.0,
      81.0,
      11.0,
      11.0,
      19.0,
      79.0,
      12.0,
      0.0,
      9.0,
      18.0,
      9.0,
      18.0,
      14.0,
      11.0,
      15.0
    ],
    [
      16.0,
      12.0,
      6.0,
      11.0,
      12.0,
      14.0,
      11.0,
      4.0,
      6.0,
      23.0,
      5.0,
      5.0,
      4.0,
      9.0,
      23.0,
      20.0,
      12.0,
      14.0,
      8.0,
      10.0,
      3.0,
      6.0,
      55.0,
      54.0,
      79.0,
      82.0,
      4.0,
      7.0,
      14.0,
      80.0,
      10.0,
      9.0,
      0.0,
      18.0,
      8.0,
      9.0,
      7.0,
      6.0,
      7.0
    ],
    [
      27.0,
      23.0,
      29.0,
      23.0,
      22.0,
      33.0,
      22.0,
      24.0,
      26.0,
      40.0,
      18.0,
      25.0,
      23.0,
      23.0,
      37.0,
      38.0,
      20.0,
      19.0,
      20.0,
      23.0,
      22.0,
      25.0,
      68.0,
      67.0,
      69.0,
      72.0,
      20.0,
      23.0,
      29.0,
      69.0,
      23.0,
      18.0,
      18.0,
      0.0,
      20.0,
      28.0,
      23.0,
      19.0,
      26.0
    ],
    [
      13.0,
      13.0,
      11.0,
      10.0,
      11.0,
      13.0,
      11.0,
      9.0,
      11.0,
      22.0,
      7.0,
      10.0,
      9.0,
      7.0,
      23.0,
      19.0,
      12.0,
      9.0,
      12.0,
      6.0,
      8.0,
      11.0,
      54.0,
      54.0,
      75.0,
      79.0,
      8.0,
      6.0,
      13.0,
      76.0,
      5.0,
      9.0,
      8.0,
      20.0,
      0.0,
      13.0,
      6.0,
      9.0,
      10.0
    ],
    [
      20.0,
      14.0,
      4.0,
      20.0,
      20.0,
      18.0,
      20.0,
      12.0,
      9.0,
      26.0,
      17.0,
      4.0,
      9.0,
      10.0,
      26.0,
      17.0,
      20.0,
      13.0,
      12.0,
      10.0,
      7.0,
      5.0,
      51.0,
      51.0,
      81.0,
      85.0,
      11.0,
      8.0,
      17.0,
      83.0,
      14.0,
      18.0,
      9.0,
      28.0,
      13.0,
      0.0,
      8.0,
      7.0,
      13.0
    ],
    [
      11.0,
      11.0,
      9.0,
      16.0,
      17.0,
      11.0,
      16.0,
      9.0,
      9.0,
      19.0,
      12.0,
      7.0,
      8.0,
      7.0,
      19.0,
      15.0,
      17.0,
      10.0,
      9.0,
      9.0,
      7.0,
      8.0,
      50.0,
      50.0,
      75.0,
      78.0,
      7.0,
      15.0,
      10.0,
      76.0,
      6.0,
      14.0,
      7.0,
      23.0,
      6.0,
      8.0,
      0.0,
      8.0,
      7.0
    ],
    [
      16.0,
      9.0,
      8.0,
      13.0,
      14.0,
      16.0,
      13.0,
      10.0,
      8.0,
      24.0,
      13.0,
      7.0,
      6.0,
      12.0,
      23.0,
      21.0,
      14.0,
      11.0,
      6.0,
      9.0,
      5.0,
      7.0,
      56.0,
      55.0,
      79.0,
      82.0,
      6.0,
      8.0,
      15.0,
      80.0,
      10.0,
      11.0,
      6.0,
      19.0,
      9.0,
      7.0,
      8.0,
      0.0,
      10.0
    ],
    [
      18.0,
      13.0,
      11.0,
      16.0,
      17.0,
      18.0,
      17.0,
      7.0,
      8.0,
      25.0,
      13.0,
      9.0,
      6.0,
      5.0,
      24.0,
      15.0,
      17.0,
      11.0,
      8.0,
      6.0,
      11.0,
      5.0,
      50.0,
      50.0,
      79.0,
      83.0,
      8.0,
      5.0,
      15.0,
      81.0,
      11.0,
      15.0,
      7.0,
      26.0,
      10.0,
      13.0,
      7.0,
      10.0,
      0.0
    ]
  ],
  "transit_dist_walk_matrix": [
    [
      0.0,
      0.8333,
      0.8333,
      0.66664,
      1.16662,
      0.49998,
      2.99988,
      0.58331,
      0.74997,
      0.8333,
      0.74997,
      0.8333,
      0.66664,
      1.08329,
      0.8333,
      0.74997,
      3.91651,
      1.2499500000000001,
      1.2499500000000001,
      1.08329,
      0.41665,
      0.41665,
      1.49994,
      1.49994,
      NaN,
      NaN,
      0.66664,
      1.33328,
      0.41665,
      1.2499500000000001,
      0.8333,
      0.49998,
      0.33332,
      0.8333,
      0.99996,
      0.66664,
      0.99996,
      1.16662,
      0.9166300000000001
    ],
    [
      0.8333,
      0.0,
      0.9166300000000001,
      1.58327,
      2.08325,
      0.74997,
      3.24987,
      0.58331,
      0.66664,
      1.33328,
      NaN,
      1.08329,
      0.58331,
      0.74997,
      1.33328,
      0.8333,
      NaN,
      NaN,
      NaN,
      NaN,
      0.49998,
      0.49998,
      1.6666,
      1.6666,
      NaN,
      NaN,
      0.74997,
      1.49994,
      0.66664,
      1.41661,
      0.9166300000000001,
      0.74997,
      0.49998,
      0.99996,
      NaN,
      0.58331,
      1.33328,
      NaN,
      1.2499500000000001
    ],
    [
      0.8333,
      0.9166300000000001,
      0.0,
      1.49994,
      1.6666,
      0.66664,
      3.0832100000000002,
      0.66664,
      0.9166300000000001,
      0.9166300000000001,
      1.16662,
      NaN,
      0.49998,
      0.8333,
      0.9166300000000001,
      0.8333,
      5.8331,
      1.2499500000000001,
      1.08329,
      0.49998,
      0.8333,
      NaN,
      1.49994,
      1.49994,
      NaN,
      NaN,
      0.8333,
      0.9166300000000001,
      0.58331,
      1.2499500000000001,
      1.8332600000000001,
      0.49998,
      0.66664,
      0.74997,
      0.66664,
      NaN,
      1.91659,
      0.66664,
      NaN
    ],
    [
      0.66664,
      1.58327,
      1.49994,
      0.0,
      NaN,
      1.2499500000000001,
      3.99984,
      NaN,
      1.58327,
      1.49994,
      NaN,
      1.91659,
      1.49994,
      NaN,
      1.58327,
      1.8332600000000001,
      NaN,
      NaN,
      NaN,
      1.58327,
      1.33328,
      1.33328,
      2.16658,
      2.16658,
      NaN,
      NaN,
      NaN,
      1.91659,
      1.2499500000000001,
      2.08325,
      1.2499500000000001,
      1.41661,
      NaN,
      1.41661,
      1.58327,
      1.49994,
      1.91659,
      NaN,
      1.99992
    ],
    [
      1.16662,
      2.08325,
      1.6666,
      NaN,
      0.0,
      1.16662,
      3.91651,
      1.49994,
      1.49994,
      1.58327,
      1.58327,
      1.8332600000000001,
      1.41661,
      1.58327,
      1.6666,
      1.6666,
      NaN,
      1.49994,
      1.16662,
      1.41661,
      1.16662,
      1.16662,
      2.41657,
      2.41657,
      NaN,
      NaN,
      1.16662,
      1.99992,
      1.2499500000000001,
      1.99992,
      1.58327,
      1.33328,
      1.08329,
      1.49994,
      1.6666,
      1.33328,
      1.99992,
      1.33328,
      1.33328
    ],
    [
      0.49998,
      0.74997,
      0.66664,
      1.2499500000000001,
      1.16662,
      0.0,
      3.24987,
      0.8333,
      1.58327,
      0.99996,
      0.58331,
      0.66664,
      0.8333,
      0.99996,
      0.99996,
      0.99996,
      4.08317,
      0.9166300000000001,
      0.66664,
      0.74997,
      0.66664,
      0.41665,
      1.58327,
      1.58327,
      NaN,
      NaN,
      0.49998,
      1.41661,
      NaN,
      1.16662,
      0.9166300000000001,
      0.74997,
      0.58331,
      0.8333,
      0.99996,
      0.66664,
      1.41661,
      0.8333,
      1.08329
    ],
    [
      2.99988,
      3.24987,
      3.0832100000000002,
      3.99984,
      3.91651,
      3.24987,
      0.0,
      2.83322,
