{
  "drive_dist_matrix": [
    [
      0.0,
      1.0,
      10.5,
      8.0,
      11.4,
      9.6,
      10.3,
      8.5,
      8.0,
      7.1,
      7.7,
      13.8,
      11.5,
      16.4,
      7.6,
      14.4,
      12.1,
      9.3,
      15.6,
      0.85,
      15.5,
      16.7,
      0.95,
      14.1,
      13.8,
      14.3,
      8.5,
      9.9,
      7.3,
      6.3,
      13.5,
      7.3,
      11.2,
      10.0,
      7.7,
      15.4,
      16.5,
      13.4,
      7.1,
      9.3,
      12.1,
      7.2,
      9.2,
      7.6,
      17.2,
      22.9,
      19.9,
      17.6,
      28.8,
      7.0,
      7.4,
      9.6,
      34.0,
      31.8,
      34.0,
      24.9,
      13.4,
      28.5,
      11.3
    ],
    [
      1.0,
      0.0,
      10.0,
      7.5,
      11.0,
      9.1,
      9.8,
      8.0,
      7.5,
      6.6,
      7.2,
      13.3,
      11.0,
      15.9,
      7.1,
      13.9,
      11.6,
      8.8,
      15.1,
      0.45,
      15.0,
      16.2,
      0.8,
      12.8,
      13.3,
      13.0,
      8.0,
      9.4,
      6.8,
      5.9,
      13.0,
      6.8,
      10.7,
      9.6,
      7.2,
      14.9,
      16.0,
      11.0,
      6.6,
      8.8,
      11.6,
      6.7,
      8.7,
      7.1,
      14.8,
      22.4,
      18.5,
      17.2,
      28.3,
      6.6,
      6.0,
      9.1,
      32.7,
      31.3,
      32.7,
      24.4,
      12.9,
      27.1,
      8.9
    ],
    [
      10.5,
      10.0,
      0.0,
      1.3,
      4.7,
      3.7,
      4.7,
      2.0,
      1.5,
      2.8,
      2.9,
      7.6,
      5.2,
      8.4,
      2.6,
      8.7,
      6.4,
      1.6,
      5.9,
      8.8,
      7.6,
      11.0,
      8.2,
      18.4,
      7.7,
      18.6,
      1.6,
      4.3,
      2.8,
      9.0,
      7.2,
      2.9,
      3.0,
      3.8,
      2.6,
      7.5,
      7.0,
      18.7,
      3.1,
      3.7,
      6.4,
      2.7,
      2.8,
      3.2,
      22.6,
      11.3,
      24.2,
      22.9,
      27.5,
      2.6,
      14.1,
      3.9,
      28.4,
      23.8,
      28.5,
      13.4,
      7.0,
      26.4,
      16.7
    ],
    [
      8.0,
      7.5,
      1.3,
      0.0,
      5.3,
      7.0,
      3.9,
      1.1,
      0.35,
      1.8,
      2.4,
      6.7,
      4.4,
      10.2,
      1.5,
      8.3,
      5.9,
      1.6,
      9.4,
      7.5,
      9.4,
      10.6,
      6.9,
      17.1,
      6.7,
      17.3,
      0.45,
      7.3,
      2.3,
      7.6,
      6.4,
      3.4,
      3.7,
      3.0,
      1.6,
      9.3,
      10.3,
      17.4,
      4.2,
      6.7,
      5.9,
      2.1,
      1.3,
      2.7,
      21.2,
      20.3,
      22.8,
      21.6,
      26.2,
      1.9,
      12.7,
      7.0,
      30.2,
      25.6,
      30.2,
      22.3,
      7.0,
      25.0,
      15.3
    ],
    [
      11.4,
      11.0,
      4.7,
      5.3,
      0.0,
      10.5,
      5.6,
      4.3,
      4.8,
      7.7,
      8.6,
      2.7,
      2.0,
      5.8,
      5.3,
      7.6,
      5.9,
      4.9,
      4.9,
      11.0,
      4.9,
      7.6,
      10.4,
      20.6,
      2.7,
      20.8,
      4.4,
      10.8,
      8.2,
      11.1,
      2.8,
      7.2,
      2.6,
      1.7,
      5.4,
      4.8,
      6.5,
      20.9,
      7.7,
      10.2,
      4.6,
      8.1,
      3.8,
      8.5,
      24.7,
      13.0,
      26.3,
      25.1,
      16.6,
      8.0,
      16.2,
      10.5,
      25.7,
      21.2,
      25.8,
      14.9,
      8.6,
      28.1,
      18.8
    ],
    [
      9.6,
      9.1,
      3.7,
      7.0,
      10.5,
      0.0,
      8.8,
      7.0,
      6.5,
      2.8,
      1.2,
      12.4,
      10.0,
      10.0,
      6.2,
      13.0,
      10.7,
      3.6,
      6.7,
      8.5,
      9.1,
      15.3,
      7.9,
      18.1,
      12.4,
      18.3,
      7.1,
      0.076,
      1.8,
      4.2,
      12.1,
      5.9,
      4.6,
      8.6,
      3.1,
      9.1,
      8.3,
      18.4,
      1.9,
      0.35,
      10.6,
      2.0,
      7.8,
      1.0,
      22.2,
      8.9,
      23.8,
      22.6,
      21.3,
      2.0,
      13.7,
      0.24,
      38.3,
      33.7,
      38.4,
      11.0,
      4.9,
      32.4,
      16.3
    ],
    [
      10.3,
      9.8,
      4.7,
      3.9,
      5.6,
      8.8,
      0.0,
      3.0,
      3.3,
      4.9,
      5.9,
      7.9,
      4.9,
      10.9,
      4.5,
      4.2,
      3.1,
      5.3,
      10.1,
      10.4,
      10.1,
      8.6,
      9.8,
      14.3,
      7.9,
      14.5,
      3.8,
      10.3,
      7.6,
      10.6,
      7.6,
      4.4,
      5.6,
      4.1,
      4.7,
      10.0,
      11.1,
      20.3,
      7.1,
      9.6,
      2.0,
      7.5,
      2.5,
      7.9,
      24.1,
      23.2,
      20.0,
      18.6,
      29.1,
      7.4,
      15.7,
      9.9,
      23.1,
      26.3,
      23.2,
      25.3,
      13.8,
      22.1,
      18.2
    ],
    [
      8.5,
      8.0,
      2.0,
      1.1,
      4.3,
      7.0,
      3.0,
      0.0,
      0.75,
      2.3,
      3.2,
      6.9,
      4.6,
      9.7,
      2.1,
      7.1,
      4.8,
      2.5,
      8.8,
      7.7,
      8.8,
      9.4,
      7.1,
      17.3,
      7.0,
      17.5,
      1.2,
      7.6,
      3.1,
      7.9,
      6.6,
      3.2,
      4.3,
      3.2,
      2.1,
      8.7,
      9.8,
      17.6,
      4.4,
      7.0,
      4.8,
      2.9,
      0.55,
      3.5,
      21.5,
      20.6,
      23.1,
      21.8,
      26.4,
      2.8,
      13.0,
      7.3,
      29.6,
      25.1,
      29.7,
      22.6,
      11.1,
      24.5,
      15.5
    ],
    [
      8.0,
      7.5,
      1.5,
      0.35,
      4.8,
      6.5,
      3.3,
      0.75,
      0.0,
      1.7,
      2.6,
      6.4,
      4.1,
      9.2,
      1.4,
      7.6,
      5.2,
      1.8,
      8.3,
      7.5,
      8.3,
      9.9,
      6.9,
      17.1,
      6.4,
      17.4,
      0.45,
      4.4,
      2.5,
      7.7,
      6.1,
      1.8,
      3.8,
      2.7,
      1.5,
      8.2,
      9.3,
      17.4,
      2.8,
      3.7,
      5.2,
      2.3,
      1.0,
      2.9,
      21.3,
      20.4,
      22.9,
      21.6,
      26.3,
      2.1,
      12.8,
      4.1,
      29.1,
      24.6,
      29.2,
      22.4,
      7.2,
      25.3,
      15.4
    ],
    [
      7.1,
      6.6,
      2.8,
      1.8,
      7.7,
      2.8,
      4.9,
      2.3,
      1.7,
      0.0,
      1.8,
      8.0,
      5.6,
      10.7,
      0.6,
      9.1,
      6.8,
      2.1,
      9.9,
      6.9,
      9.8,
      11.4,
      6.3,
      16.5,
      8.0,
      16.7,
      2.2,
      6.8,
      1.7,
      7.1,
      7.6,
      0.5,
      5.3,
      4.2,
      0.3,
      9.7,
      10.8,
      16.8,
      2.0,
      2.9,
      6.8,
      1.5,
      2.6,
      2.1,
      20.6,
      19.7,
      22.3,
      21.0,
      25.6,
      1.3,
      12.2,
      6.4,
      30.7,
      26.1,
      30.7,
      21.8,
      10.3,
      37.5,
      14.7
    ],
    [
      7.7,
      7.2,
      2.9,
      2.4,
      8.6,
      1.2,
      5.9,
      3.2,
      2.6,
      1.8,
      0.0,
      10.9,
      8.6,
      13.5,
      2.3,
      11.5,
      9.2,
      1.3,
      7.3,
      7.2,
      12.6,
      13.8,
      6.6,
      16.8,
      11.0,
      17.0,
      2.9,
      2.3,
      0.6,
      3.8,
      10.6,
      2.2,
      5.1,
      7.2,
      1.9,
      12.5,
      9.5,
      17.1,
      0.9,
      1.7,
      9.2,
      0.5,
      3.6,
      0.3,
      20.9,
      10.2,
      22.6,
      21.3,
      23.3,
      1.0,
      12.5,
      1.9,
      33.5,
      28.9,
      33.5,
      12.2,
      5.8,
      31.2,
      15.0
    ],
    [
      13.8,
      13.3,
      7.6,
      6.7,
      2.7,
      12.4,
      7.9,
      6.9,
      6.4,
      8.0,
      10.9,
      0.0,
      4.6,
      3.7,
      8.1,
      6.5,
      6.6,
      7.7,
      5.4,
      13.7,
      2.9,
      6.8,
      13.1,
      23.3,
      1.3,
      23.6,
      7.1,
      13.6,
      11.0,
      13.9,
      1.3,
      10.0,
      5.6,
      4.3,
      8.2,
      2.9,
      8.2,
      23.6,
      10.4,
      13.0,
      6.3,
      10.9,
      6.6,
      11.3,
      27.5,
      12.6,
      29.1,
      27.8,
      14.5,
      10.7,
      19.0,
      13.3,
      24.7,
      20.2,
      24.8,
      14.5,
      11.7,
      26.3,
      21.6
    ],
    [
      11.5,
      11.0,
      5.2,
      4.4,
      2.0,
      10.0,
      4.9,
      4.6,
      4.1,
      5.6,
      8.6,
      4.6,
      0.0,
      7.0,
      5.5,
      4.7,
      3.8,
      5.9,
      6.2,
      11.3,
      5.7,
      6.2,
      10.7,
      20.9,
      3.9,
      21.2,
      4.5,
      11.2,
      8.6,
      11.5,
      3.5,
      5.9,
      5.3,
      1.5,
      5.5,
      5.6,
      8.9,
      21.2,
      8.0,
      10.6,
      3.2,
      8.5,
      4.6,
      8.9,
      25.1,
      14.4,
      26.7,
      25.4,
      16.5,
      8.3,
      16.6,
      10.9,
      17.6,
      22.4,
      17.7,
      16.2,
      12.4,
      26.0,
      19.2
    ],
    [
      16.4,
      15.9,
      8.4,
      10.2,
      5.8,
      10.0,
      10.9,
      9.7,
      9.2,
      10.7,
      13.5,
      3.7,
      7.0,
      0.0,
      10.3,
      14.7,
      12.4,
      11.5,
      4.5,
      15.9,
      2.2,
      9.9,
      15.3,
      25.5,
      3.8,
      25.7,
      9.3,
      10.6,
      13.1,
      16.1,
      3.9,
      12.1,
      5.9,
      9.3,
      10.3,
      2.1,
      7.5,
      25.8,
      12.6,
      9.9,
      12.3,
      13.0,
      8.8,
      13.4,
      29.6,
      10.5,
      31.3,
      30.0,
      11.4,
      12.9,
      21.2,
      10.6,
      21.9,
      17.4,
      22.0,
      12.4,
      11.0,
      47.6,
      23.7
    ],
    [
      7.6,
      7.1,
      2.6,
      1.5,
      5.3,
      6.2,
      4.5,
      2.1,
      1.4,
      0.6,
      2.3,
      8.1,
      5.5,
      10.3,
      0.0,
      8.9,
      6.6,
      2.3,
      9.6,
      6.7,
      9.6,
      11.2,
      6.1,
      16.3,
      7.8,
      16.5,
      1.0,
      6.6,
      2.3,
      6.9,
      7.4,
      0.27,
      5.1,
      4.0,
      0.5,
      9.5,
      10.6,
      16.6,
      3.4,
      5.9,
      6.5,
      3.8,
      2.4,
      4.2,
      20.4,
      19.5,
      22.1,
      20.8,
      25.4,
      1.9,
      12.0,
      6.2,
      30.4,
      25.9,
      30.5,
      21.6,
      10.1,
      24.7,
      14.5
    ],
    [
      14.4,
      13.9,
      8.7,
      8.3,
      7.6,
      13.0,
      4.2,
      7.1,
      7.6,
      9.1,
      11.5,
      6.5,
      4.7,
      14.7,
      8.9,
      0.0,
      2.3,
      9.4,
      10.1,
      14.5,
      8.2,
      5.2,
      13.9,
      19.8,
      6.1,
      20.0,
      8.0,
      14.4,
      11.7,
      14.7,
      5.7,
      8.7,
      9.6,
      6.1,
      9.2,
      8.1,
      15.2,
      24.4,
      11.2,
      13.7,
      3.4,
      11.6,
      6.6,
      12.0,
      27.3,
      27.3,
      25.5,
      24.2,
      33.2,
      11.5,
      18.2,
      14.0,
      19.8,
      25.8,
      19.9,
      29.4,
      17.9,
      21.6,
      22.3
    ],
    [
      12.1,
      11.6,
      6.4,
      5.9,
      5.9,
      10.7,
      3.1,
      4.8,
      5.2,
      6.8,
      9.2,
      6.6,
      3.8,
      12.4,
      6.6,
      2.3,
      0.0,
      7.1,
      11.9,
      12.2,
      8.4,
      6.1,
      11.6,
      20.4,
      6.3,
      20.6,
      5.6,
      12.1,
      9.4,
      12.3,
      5.7,
      6.4,
      7.3,
      4.8,
      6.9,
      8.3,
      12.8,
      22.1,
      8.9,
      11.4,
      2.2,
      9.3,
      4.3,
      9.7,
      25.9,
      25.0,
      26.2,
      24.8,
      30.9,
      9.2,
      17.4,
      11.7,
      21.2,
      27.2,
      21.3,
      27.1,
      15.6,
      22.2,
      20.0
    ],
    [
      9.3,
      8.8,
      1.6,
      1.6,
      4.9,
      3.6,
      5.3,
      2.5,
      1.8,
      2.1,
      1.3,
      7.7,
      5.9,
      11.5,
      2.3,
      9.4,
      7.1,
      0.0,
      6.2,
      8.8,
      7.6,
      11.8,
      8.1,
      18.4,
      8.2,
      18.6,
      2.1,
      2.8,
      1.6,
      4.4,
      7.7,
      2.9,
      3.1,
      4.3,
      2.5,
      7.6,
      8.0,
      18.6,
      1.9,
      2.1,
      7.2,
      2.0,
      2.8,
      1.3,
      22.5,
      10.5,
      24.1,
      22.8,
      18.5,
      2.0,
      14.0,
      2.5,
      28.5,
      23.9,
      28.5,
      12.6,
      6.2,
      26.3,
      16.6
    ],
    [
      15.6,
      15.1,
      5.9,
      9.4,
      4.9,
      6.7,
      10.1,
      8.8,
      8.3,
      9.9,
      7.3,
      5.4,
      6.2,
      4.5,
      9.6,
      10.1,
      11.9,
      6.2,
      0.0,
      15.0,
      3.9,
      11.4,
      14.4,
      24.6,
      5.8,
      24.8,
      8.4,
      7.4,
      12.2,
      15.1,
      5.8,
      11.2,
      4.1,
      6.1,
      9.4,
      3.8,
      2.9,
      24.9,
      11.7,
      6.7,
      8.9,
      12.1,
      7.8,
      12.5,
      28.7,
      7.3,
      30.3,
      29.0,
      11.2,
      12.0,
      20.2,
      7.4,
      25.7,
      21.2,
      25.8,
      9.2,
      6.4,
      31.5,
      22.8
    ],
    [
      0.85,
      0.45,
      8.8,
      7.5,
      11.0,
      8.5,
      10.4,
      7.7,
      7.5,
      6.9,
      7.2,
      13.7,
      11.3,
      15.9,
      6.7,
      14.5,
      12.2,
      8.8,
      15.0,
      0.0,
      14.9,
      16.1,
      0.6,
      13.5,
      13.2,
      13.7,
      7.9,
      9.3,
      6.6,
      5.7,
      12.8,
      6.7,
      10.5,
      9.4,
      7.1,
      14.8,
      15.9,
      12.7,
      6.5,
      8.6,
      11.4,
      6.5,
      8.6,
      6.9,
      16.6,
      22.2,
      19.2,
      16.9,
      28.1,
      6.4,
      6.7,
      8.9,
      33.3,
      31.1,
      33.4,
      24.3,
      12.8,
      27.8,
      10.7
    ],
    [
      15.5,
      15.0,
      7.6,
      9.4,
      4.9,
      9.1,
      10.1,
      8.8,
      8.3,
      9.8,
      12.6,
      2.9,
      5.7,
      2.2,
      9.6,
      8.2,
      8.4,
      7.6,
      3.9,
      14.9,
      0.0,
      9.5,
      15.3,
      25.5,
      3.7,
      25.7,
      9.3,
      10.6,
      13.1,
      16.1,
      3.8,
      12.1,
      5.9,
      5.7,
      10.3,
      0.45,
      6.7,
      25.8,
      12.6,
      9.9,
      8.1,
      13.0,
      8.8,
      13.4,
      29.6,
      10.5,
      31.3,
      30.0,
      12.9,
      12.9,
      21.2,
      10.6,
      22.2,
      17.6,
      22.2,
      12.4,
      10.2,
      47.9,
      23.7
    ],
    [
      16.7,
      16.2,
      11.0,
      10.6,
      7.6,
      15.3,
      8.6,
      9.4,
      9.9,
      11.4,
      13.8,
      6.8,
      6.2,
      9.9,
      11.2,
      5.2,
      6.1,
      11.8,
      11.4,
      16.1,
      9.5,
      0.0,
      15.9,
      27.2,
      6.1,
      27.4,
      10.0,
      16.4,
      13.8,
      16.7,
      5.7,
      10.7,
      11.6,
      7.5,
      11.3,
      9.0,
      13.7,
      26.4,
      13.2,
      15.7,
      6.8,
      13.6,
      8.6,
      14.1,
      30.2,
      18.2,
      33.0,
      31.6,
      24.5,
      13.5,
      25.7,
      16.0,
      17.0,
      16.5,
      17.0,
      20.0,
      19.9,
      22.4,
      24.3
    ],
    [
      0.95,
      0.8,
      8.2,
      6.9,
      10.4,
      7.9,
      9.8,
      7.1,
      6.9,
      6.3,
      6.6,
      13.1,
      10.7,
      15.3,
      6.1,
      13.9,
      11.6,
      8.1,
      14.4,
      0.6,
      15.3,
      15.9,
      0.0,
      13.5,
      15.2,
      13.8,
      9.8,
      11.3,
      8.6,
      11.5,
      14.8,
      8.7,
      12.5,
      11.4,
      9.1,
      16.8,
      17.8,
      11.5,
      8.5,
      10.6,
      13.4,
      8.5,
      10.5,
      8.9,
      15.3,
      24.2,
      19.3,
      15.7,
      30.1,
      8.4,
      6.8,
      10.9,
      33.4,
      33.1,
      33.5,
      26.3,
      14.8,
      27.9,
      9.4
    ],
    [
      14.1,
      12.8,
      18.4,
      17.1,
      20.6,
      18.1,
      14.3,
      17.3,
      17.1,
      16.5,
      16.8,
      23.3,
      20.9,
      25.5,
      16.3,
      19.8,
      20.4,
      18.4,
      24.6,
      13.5,
      25.5,
      27.2,
      13.5,
      0.0,
      22.8,
      0.55,
      17.5,
      18.9,
      16.2,
      18.5,
      22.4,
      16.3,
      20.1,
      19.0,
      15.2,
      24.4,
      25.4,
      20.9,
      16.1,
      18.2,
      14.2,
      16.1,
      18.1,
      16.5,
      6.6,
      31.8,
      4.7,
      5.3,
      48.7,
      16.0,
      12.2,
      18.5,
      31.4,
      37.4,
      31.5,
      33.9,
      22.4,
      25.9,
      18.4
    ],
    [
      13.8,
      13.3,
      7.7,
      6.7,
      2.7,
      12.4,
      7.9,
      7.0,
      6.4,
      8.0,
      11.0,
      1.3,
      3.9,
      3.8,
      7.8,
      6.1,
      6.3,
      8.2,
      5.8,
      13.2,
      3.7,
      6.1,
      15.2,
      22.8,
      0.0,
      23.2,
      6.5,
      13.2,
      10.6,
      13.5,
      0.068,
      7.9,
      6.2,
      3.5,
      7.5,
      4.0,
      8.8,
      23.2,
      10.0,
      12.6,
      5.5,
      10.5,
      6.2,
      10.9,
      27.1,
      13.2,
      28.7,
      27.4,
      14.7,
      10.3,
      18.6,
      12.9,
      14.4,
      20.8,
      14.4,
      15.1,
      12.2,
      25.5,
      21.2
    ],
    [
      14.3,
      13.0,
      18.6,
      17.3,
      20.8,
      18.3,
      14.5,
      17.5,
      17.4,
      16.7,
      17.0,
      23.6,
      21.2,
      25.7,
      16.5,
      20.0,
      20.6,
      18.6,
      24.8,
      13.7,
      25.7,
      27.4,
      13.8,
      0.55,
      23.2,
      0.0,
      17.7,
      19.1,
      16.4,
      18.7,
      22.6,
      16.5,
      20.4,
      19.2,
      15.4,
      24.6,
      25.7,
      15.5,
      16.3,
      18.4,
      14.4,
      16.3,
      18.4,
      16.8,
      6.3,
      32.0,
      4.8,
      4.9,
      48.9,
      16.2,
      12.4,
      18.7,
      31.6,
      37.6,
      31.7,
      34.1,
      22.6,
      26.1,
      13.0
    ],
    [
      8.5,
      8.0,
      1.6,
      0.45,
      4.4,
      7.1,
      3.8,
      1.2,
      0.45,
      2.2,
      2.9,
      7.1,
      4.5,
      9.3,
      1.0,
      8.0,
      5.6,
      2.1,
      8.4,
      7.9,
      9.3,
      10.0,
      9.8,
      17.5,
      6.5,
      17.7,
      0.0,
      6.9,
      2.3,
      7.2,
      7.5,
      1.1,
      5.2,
      4.1,
      1.0,
      10.2,
      11.3,
      17.0,
      3.8,
      6.3,
      6.9,
      4.2,
      2.5,
      4.6,
      20.8,
      19.9,
      22.4,
      21.1,
      25.8,
      1.8,
      12.3,
      6.6,
      31.2,
      26.6,
      31.2,
      21.9,
      10.5,
      37.6,
      14.9
    ],
    [
      9.9,
      9.4,
      4.3,
      7.3,
      10.8,
      0.076,
      10.3,
      7.6,
      4.4,
      6.8,
      2.3,
      13.6,
      11.2,
      10.6,
      6.6,
      14.4,
      12.1,
      2.8,
      7.4,
      9.3,
      10.6,
      16.4,
      11.3,
      18.9,
      13.2,
      19.1,
      6.9,
      0.0,
      2.1,
      4.2,
      12.1,
      6.0,
      4.6,
      8.7,
      3.4,
      14.1,
      8.3,
      18.4,
      1.8,
      0.35,
      10.7,
      2.0,
      7.8,
      1.0,
      22.3,
      15.5,
      23.9,
      22.6,
      21.4,
      2.0,
      13.8,
      0.19,
      35.0,
      33.8,
      35.1,
      17.6,
      4.7,
      32.5,
      16.4
    ],
    [
      7.3,
      6.8,
      2.8,
      2.3,
      8.2,
      1.8,
      7.6,
      3.1,
      2.5,
      1.7,
      0.6,
      11.0,
      8.6,
      13.1,
      2.3,
      11.7,
      9.4,
      1.6,
      12.2,
      6.6,
      13.1,
      13.8,
      8.6,
      16.2,
      10.6,
      16.4,
      2.3,
      2.1,
      0.0,
      4.0,
      10.0,
      1.8,
      5.8,
      6.6,
      1.4,
      11.9,
      9.5,
      16.9,
      0.8,
      2.4,
      8.6,
      0.18,
      3.1,
      0.85,
      20.7,
      17.2,
      22.4,
      21.1,
      23.1,
      0.4,
      12.3,
      2.2,
      32.9,
      28.3,
      32.9,
      19.2,
      6.5,
      31.0,
      11.3
    ],
    [
      6.3,
      5.9,
      9.0,
      7.6,
      11.1,
      4.2,
      10.6,
      7.9,
      7.7,
      7.1,
      3.8,
      13.9,
      11.5,
      16.1,
      6.9,
      14.7,
      12.3,
      4.4,
      15.1,
      5.7,
      16.1,
      16.7,
      11.5,
      18.5,
      13.5,
      18.7,
      7.2,
      4.2,
      4.0,
      0.0,
      13.1,
      7.0,
      8.1,
      9.7,
      7.4,
      15.1,
      11.7,
      14.4,
      3.4,
      4.6,
      11.7,
      4.5,
      8.8,
      3.4,
      23.3,
      19.5,
      24.9,
      23.6,
      25.4,
      4.4,
      14.8,
      4.4,
      36.0,
      31.4,
      36.0,
      21.6,
      8.8,
      33.5,
      10.5
    ],
    [
      13.5,
      13.0,
      7.2,
      6.4,
      2.8,
      12.1,
      7.6,
      6.6,
      6.1,
      7.6,
      10.6,
      1.3,
      3.5,
      3.9,
      7.4,
      5.7,
      5.7,
      7.7,
      5.8,
      12.8,
      3.8,
      5.7,
      14.8,
      22.4,
      0.068,
      22.6,
      7.5,
      12.1,
      10.0,
      13.1,
      0.0,
      7.8,
      6.1,
      3.4,
      7.4,
      3.9,
      8.7,
      23.2,
      10.0,
      12.5,
      5.4,
      10.4,
      6.1,
      10.8,
      27.0,
      13.1,
      28.6,
      27.3,
      19.5,
      10.3,
      18.5,
      12.8,
      14.3,
      20.7,
      14.3,
      15.0,
      12.2,
      25.5,
      21.1
    ],
    [
      7.3,
      6.8,
      2.9,
      3.4,
      7.2,
      5.9,
      4.4,
      3.2,
      1.8,
      0.5,
      2.2,
      10.0,
      5.9,
      12.1,
      0.27,
      8.7,
      6.4,
      2.9,
      11.2,
      6.7,
      12.1,
      10.7,
      8.7,
      16.3,
      7.9,
      16.5,
      1.1,
      6.0,
      1.8,
      7.0,
      7.8,
      0.0,
      5.3,
      4.1,
      0.28,
      10.6,
      11.7,
      16.7,
      3.5,
      6.1,
      6.7,
      1.9,
      2.5,
      2.5,
      20.6,
      19.7,
      22.2,
      20.9,
      25.6,
      1.7,
      12.1,
      6.4,
      31.5,
      27.0,
      31.6,
      21.7,
      10.2,
      37.4,
      14.7
    ],
    [
      11.2,
      10.7,
      3.0,
      3.7,
      2.6,
      4.6,
      5.6,
      4.3,
      3.8,
      5.3,
      5.1,
      5.6,
      5.3,
      5.9,
      5.1,
      9.6,
      7.3,
      3.1,
      4.1,
      10.5,
      5.9,
      11.6,
      12.5,
      20.1,
      6.2,
      20.4,
      5.2,
      4.6,
      5.8,
      8.1,
      6.1,
      5.3,
      0.0,
      3.3,
      6.4,
      4.5,
      5.8,
      21.9,
      8.7,
      6.2,
      6.2,
      9.1,
      4.9,
      9.6,
      25.7,
      11.1,
      27.4,
      26.1,
      16.2,
      9.0,
      17.3,
      6.9,
      25.4,
      20.8,
      25.5,
      12.0,
      7.3,
      28.5,
      19.8
    ],
    [
      10.0,
      9.6,
      3.8,
      3.0,
      1.7,
      8.6,
      4.1,
      3.2,
      2.7,
      4.2,
      7.2,
      4.3,
      1.5,
      9.3,
      4.0,
      6.1,
      4.8,
      4.3,
      6.1,
      9.4,
      5.7,
      7.5,
      11.4,
      19.0,
      3.5,
      19.2,
      4.1,
      8.7,
      6.6,
      9.7,
      3.4,
      4.1,
      3.3,
      0.0,
      4.1,
      8.3,
      9.8,
      19.8,
      6.6,
      9.1,
      3.4,
      7.0,
      2.8,
      7.4,
      23.6,
      22.7,
      25.3,
      24.0,
      20.0,
      6.9,
      15.2,
      9.4,
      29.2,
      24.6,
      29.2,
      16.2,
      13.3,
      26.0,
      17.7
    ],
    [
      7.7,
      7.2,
      2.6,
      1.6,
      5.4,
      3.1,
      4.7,
      2.1,
      1.5,
      0.3,
      1.9,
      8.2,
      5.5,
      10.3,
      0.5,
      9.2,
      6.9,
      2.5,
      9.4,
      7.1,
      10.3,
      11.3,
      9.1,
      15.2,
      7.5,
      15.4,
      1.0,
      3.4,
      1.4,
      7.4,
      7.4,
      0.28,
      6.4,
      4.1,
      0.0,
      11.0,
      13.6,
      17.1,
      2.5,
      6.4,
      6.6,
      2.0,
      2.9,
      2.6,
      20.9,
      20.0,
      20.9,
      21.3,
      25.9,
      1.8,
      12.5,
      6.7,
      31.9,
      27.3,
      32.0,
      22.1,
      10.6,
      24.8,
      15.0
    ],
    [
      15.4,
      14.9,
      7.5,
      9.3,
      4.8,
      9.1,
      10.0,
      8.7,
      8.2,
      9.7,
      12.5,
      2.9,
      5.6,
      2.1,
      9.5,
      8.1,
      8.3,
      7.6,
      3.8,
      14.8,
      0.45,
      9.0,
      16.8,
      24.4,
      4.0,
      24.6,
      10.2,
      14.1,
      11.9,
      15.1,
      3.9,
      10.6,
      4.5,
      8.3,
      11.0,
      0.0,
      6.6,
      25.7,
      12.5,
      9.8,
      8.0,
      12.9,
      8.7,
      13.4,
      29.5,
      10.4,
      31.2,
      29.9,
      12.8,
      12.8,
      21.1,
      10.5,
      22.1,
      17.5,
      22.2,
      12.3,
      10.1,
      47.8,
      23.6
    ],
    [
      16.5,
      16.0,
      7.0,
      10.3,
      6.5,
      8.3,
      11.1,
      9.8,
      9.3,
      10.8,
      9.5,
      8.2,
      8.9,
      7.5,
      10.6,
      15.2,
      12.8,
      8.0,
      2.9,
      15.9,
      6.7,
      13.7,
      17.8,
      25.4,
      8.8,
      25.7,
      11.3,
      8.3,
      9.5,
      11.7,
      8.7,
      11.7,
      5.8,
      9.8,
      13.6,
      6.6,
      0.0,
      26.0,
      12.8,
      7.9,
      12.5,
      13.2,
      9.0,
      9.2,
      29.8,
      6.0,
      31.5,
      30.2,
      14.0,
      13.1,
      21.4,
      8.1,
      31.0,
      26.4,
      31.1,
      8.1,
      4.3,
      32.6,
      23.9
    ],
    [
      13.4,
      11.0,
      18.7,
      17.4,
      20.9,
      18.4,
      20.3,
      17.6,
      17.4,
      16.8,
      17.1,
      23.6,
      21.2,
      25.8,
      16.6,
      24.4,
      22.1,
      18.6,
      24.9,
      12.7,
      25.8,
      26.4,
      11.5,
      20.9,
      23.2,
      15.5,
      17.0,
      18.4,
      16.9,
      14.4,
      23.2,
      16.7,
      21.9,
      19.8,
      17.1,
      25.7,
      26.0,
      0.0,
      16.6,
      18.7,
      21.5,
      16.6,
      18.6,
      17.0,
      16.3,
      29.8,
      21.9,
      18.7,
      35.7,
      16.5,
      9.6,
      19.0,
      39.2,
      41.2,
      39.2,
      31.9,
      22.9,
      33.6,
      6.8
    ],
    [
      7.1,
      6.6,
      3.1,
      4.2,
      7.7,
      1.9,
      7.1,
      4.4,
      2.8,
      2.0,
      0.9,
      10.4,
      8.0,
      12.6,
      3.4,
      11.2,
      8.9,
      1.9,
      11.7,
      6.5,
      12.6,
      13.2,
      8.5,
      16.1,
      10.0,
      16.3,
      3.8,
      1.8,
      0.8,
      3.4,
      10.0,
      3.5,
      8.7,
      6.6,
      2.5,
      12.5,
      12.8,
      16.6,
      0.0,
      2.9,
      8.5,
      0.65,
      5.6,
      0.85,
      20.0,
      16.5,
      21.7,
      20.4,
      22.4,
      0.65,
      11.6,
      3.2,
      32.8,
      28.2,
      32.8,
      18.5,
      7.0,
      30.3,
      14.1
    ],
    [
      9.3,
      8.8,
      3.7,
      6.7,
      10.2,
      0.35,
      9.6,
      7.0,
      3.7,
      2.9,
      1.7,
      13.0,
      10.6,
      9.9,
      5.9,
      13.7,
      11.4,
      2.1,
      6.7,
      8.6,
      9.9,
      15.7,
      10.6,
      18.2,
      12.6,
      18.4,
      6.3,
      0.35,
      2.4,
      4.6,
      12.5,
      6.1,
      6.2,
      9.1,
      6.4,
      9.8,
      7.9,
      18.7,
      2.9,
      0.0,
      10.8,
      2.4,
      7.9,
      1.3,
      22.4,
      8.8,
      24.0,
      22.7,
      16.7,
      2.3,
      13.9,
      0.18,
      30.0,
      25.5,
      30.1,
      10.8,
      4.5,
      32.6,
      16.4
    ],
    [
      12.1,
      11.6,
      6.4,
      5.9,
      4.6,
      10.6,
      2.0,
      4.8,
      5.2,
      6.8,
      9.2,
      6.3,
      3.2,
      12.3,
      6.5,
      3.4,
      2.2,
      7.2,
      8.9,
      11.4,
      8.1,
      6.8,
      13.4,
      14.2,
      5.5,
      14.4,
      6.9,
      10.7,
      8.6,
      11.7,
      5.4,
      6.7,
      6.2,
      3.4,
      6.6,
      8.0,
      12.5,
      21.5,
      8.5,
      10.8,
      0.0,
      9.2,
      4.2,
      9.7,
      25.8,
      24.9,
      19.9,
      18.5,
      25.9,
      9.1,
      17.4,
      11.6,
      22.3,
      27.1,
      22.3,
      27.0,
      15.5,
      23.2,
      19.9
    ],
    [
      7.2,
      6.7,
      2.7,
      2.1,
      8.1,
      2.0,
      7.5,
      2.9,
      2.3,
      1.5,
      0.5,
      10.9,
      8.5,
      13.0,
      3.8,
      11.6,
      9.3,
      2.0,
      12.1,
      6.5,
      13.0,
      13.6,
      8.5,
      16.1,
      10.5,
      16.3,
      4.2,
      2.0,
      0.18,
      4.5,
      10.4,
      1.9,
      9.1,
      7.0,
      2.0,
      12.9,
      13.2,
      16.6,
      0.65,
      2.4,
      9.2,
      0.0,
      3.3,
      0.7,
      20.7,
      17.1,
      22.3,
      21.0,
      23.0,
      0.55,
      12.2,
      2.0,
      33.4,
      28.8,
      33.5,
      19.2,
      6.3,
      30.9,
      14.8
    ],
    [
      9.2,
      8.7,
      2.8,
      1.3,
      3.8,
      7.8,
      2.5,
      0.55,
      1.0,
      2.6,
      3.6,
      6.6,
      4.6,
      8.8,
      2.4,
      6.6,
      4.3,
      2.8,
      7.8,
      8.6,
      8.8,
      8.6,
      10.5,
      18.1,
      6.2,
      18.4,
      2.5,
      7.8,
      3.1,
      8.8,
      6.1,
      2.5,
      4.9,
      2.8,
      2.9,
      8.7,
      9.0,
      18.6,
      5.6,
      7.9,
      4.2,
      3.3,
      0.0,
      6.2,
      22.4,
      21.5,
      24.0,
      22.7,
      27.4,
      3.1,
      13.9,
      8.2,
      29.2,
      24.6,
      29.2,
      23.5,
      12.1,
      24.4,
      16.5
    ],
    [
      7.6,
      7.1,
      3.2,
      2.7,
      8.5,
      1.0,
      7.9,
      3.5,
      2.9,
      2.1,
      0.3,
      11.3,
      8.9,
      13.4,
      4.2,
      12.0,
      9.7,
      1.3,
      12.5,
      6.9,
      13.4,
      14.1,
      8.9,
      16.5,
      10.9,
      16.8,
      4.6,
      1.0,
      0.85,
      3.4,
      10.8,
      2.5,
      9.6,
      7.4,
      2.6,
      13.4,
      9.2,
      17.0,
      0.85,
      1.3,
      9.7,
      0.7,
      6.2,
      0.0,
      21.6,
      9.9,
      23.3,
      22.0,
      22.2,
      1.0,
      13.2,
      1.2,
      30.3,
      25.7,
      30.4,
      12.0,
      5.6,
      31.9,
      15.7
    ],
    [
      17.2,
      14.8,
      22.6,
      21.2,
      24.7,
      22.2,
      24.1,
      21.5,
      21.3,
      20.6,
      20.9,
      27.5,
      25.1,
      29.6,
      20.4,
      27.3,
      25.9,
      22.5,
      28.7,
      16.6,
      29.6,
      30.2,
      15.3,
      6.6,
      27.1,
      6.3,
      20.8,
      22.3,
      20.7,
      23.3,
      27.0,
      20.6,
      25.7,
      23.6,
      20.9,
      29.5,
      29.8,
      16.3,
      20.0,
      22.4,
      25.8,
      20.7,
      22.4,
      21.6,
      0.0,
      38.9,
      5.9,
      2.7,
      44.8,
      20.9,
      12.7,
      23.4,
      36.8,
      42.7,
      36.8,
      41.0,
      27.3,
      31.2,
      14.6
    ],
    [
      22.9,
      22.4,
      11.3,
      20.3,
      13.0,
      8.9,
      23.2,
      20.6,
      20.4,
      19.7,
      10.2,
      12.6,
      14.4,
      10.5,
      19.5,
      27.3,
      25.0,
      10.5,
      7.3,
      22.2,
      10.5,
      18.2,
      24.2,
      31.8,
      13.2,
      32.0,
      19.9,
      15.5,
      17.2,
      19.5,
      13.1,
      19.7,
      11.1,
      22.7,
      20.0,
      10.4,
      6.0,
      29.8,
      16.5,
      8.8,
      24.9,
      17.1,
      21.5,
      9.9,
      38.9,
      0.0,
      41.7,
      38.4,
      8.8,
      18.4,
      32.5,
      9.0,
      25.8,
      21.2,
      25.8,
      2.0,
      5.2,
      51.4,
      26.3
    ],
    [
      19.9,
      18.5,
      24.2,
      22.8,
      26.3,
      23.8,
      20.0,
      23.1,
      22.9,
      22.3,
      22.6,
      29.1,
      26.7,
      31.3,
      22.1,
      25.5,
      26.2,
      24.1,
      30.3,
      19.2,
      31.3,
      33.0,
      19.3,
      4.7,
      28.7,
      4.8,
      22.4,
      23.9,
      22.4,
      24.9,
      28.6,
      22.2,
      27.4,
      25.3,
      20.9,
      31.2,
      31.5,
      21.9,
      21.7,
      24.0,
      19.9,
      22.3,
      24.0,
      23.3,
      5.9,
      41.7,
      0.0,
      3.1,
      46.6,
      21.7,
      17.9,
      24.2,
      37.1,
      43.1,
      37.2,
      42.8,
      28.1,
      23.8,
      17.3
    ],
    [
      17.6,
      17.2,
      22.9,
      21.6,
      25.1,
      22.6,
      18.6,
      21.8,
      21.6,
      21.0,
      21.3,
      27.8,
      25.4,
      30.0,
      20.8,
      24.2,
      24.8,
      22.8,
      29.0,
      16.9,
      30.0,
      31.6,
      15.7,
      5.3,
      27.4,
      4.9,
      21.1,
      22.6,
      21.1,
      23.6,
      27.3,
      20.9,
      26.1,
      24.0,
      21.3,
      29.9,
      30.2,
      18.7,
      20.4,
      22.7,
      18.5,
      21.0,
      22.7,
      22.0,
      2.7,
      38.4,
      3.1,
      0.0,
      43.4,
      20.3,
      10.2,
      22.8,
      35.7,
      41.7,
      35.8,
      39.5,
      26.6,
      30.2,
      14.1
    ],
    [
      28.8,
      28.3,
      27.5,
      26.2,
      16.6,
      21.3,
      29.1,
      26.4,
      26.3,
      25.6,
      23.3,
      14.5,
      16.5,
      11.4,
      25.4,
      33.2,
      30.9,
      18.5,
      11.2,
      28.1,
      12.9,
      24.5,
      30.1,
      48.7,
      14.7,
      48.9,
      25.8,
      21.4,
      23.1,
      25.4,
      19.5,
      25.6,
      16.2,
      20.0,
      25.9,
      12.8,
      14.0,
      35.7,
      22.4,
      16.7,
      25.9,
      23.0,
      27.4,
      22.2,
      44.8,
      8.8,
      46.6,
      43.4,
      0.0,
      23.8,
      37.9,
      22.2,
      21.0,
      16.4,
      21.1,
      11.2,
      13.7,
      46.7,
      31.7
    ],
    [
      7.0,
      6.6,
      2.6,
      1.9,
      8.0,
      2.0,
      7.4,
      2.8,
      2.1,
      1.3,
      1.0,
      10.7,
      8.3,
      12.9,
      1.9,
      11.5,
      9.2,
      2.0,
      12.0,
      6.4,
      12.9,
      13.5,
      8.4,
      16.0,
      10.3,
      16.2,
      1.8,
      2.0,
      0.4,
      4.4,
      10.3,
      1.7,
      9.0,
      6.9,
      1.8,
      12.8,
      13.1,
      16.5,
      0.65,
      2.3,
      9.1,
      0.55,
      3.1,
      1.0,
      20.9,
      18.4,
      21.7,
      20.3,
      23.8,
      0.0,
      9.9,
      2.2,
      32.5,
      27.9,
      32.5,
      19.2,
      7.7,
      30.1,
      10.9
    ],
    [
      7.4,
      6.0,
      14.1,
      12.7,
      16.2,
      13.7,
      15.7,
      13.0,
      12.8,
      12.2,
      12.5,
      19.0,
      16.6,
      21.2,
      12.0,
      18.2,
      17.4,
      14.0,
      20.2,
      6.7,
      21.2,
      25.7,
      6.8,
      12.2,
      18.6,
      12.4,
      12.3,
      13.8,
      12.3,
      14.8,
      18.5,
      12.1,
      17.3,
      15.2,
      12.5,
      21.1,
      21.4,
      9.6,
      11.6,
      13.9,
      17.4,
      12.2,
      13.9,
      13.2,
      12.7,
      32.5,
      17.9,
      10.2,
      37.9,
      9.9,
      0.0,
      14.3,
      31.3,
      37.2,
      31.3,
      33.6,
      18.2,
      25.7,
      7.5
    ],
    [
      9.6,
      9.1,
      3.9,
      7.0,
      10.5,
      0.24,
      9.9,
      7.3,
      4.1,
      6.4,
      1.9,
      13.3,
      10.9,
      10.6,
      6.2,
      14.0,
      11.7,
      2.5,
      7.4,
      8.9,
      10.6,
      16.0,
      10.9,
      18.5,
      12.9,
      18.7,
      6.6,
      0.19,
      2.2,
      4.4,
      12.8,
      6.4,
      6.9,
      9.4,
      6.7,
      10.5,
      8.1,
      19.0,
      3.2,
      0.18,
      11.6,
      2.0,
      8.2,
      1.2,
      23.4,
      9.0,
      24.2,
      22.8,
      22.2,
      2.2,
      14.3,
      0.0,
      30.0,
      25.4,
      30.0,
      11.7,
      5.3,
      32.7,
      16.6
    ],
    [
      34.0,
      32.7,
      28.4,
      30.2,
      25.7,
      38.3,
      23.1,
      29.6,
      29.1,
      30.7,
      33.5,
      24.7,
      17.6,
      21.9,
      30.4,
      19.8,
      21.2,
      28.5,
      25.7,
      33.3,
      22.2,
      17.0,
      33.4,
      31.4,
      14.4,
      31.6,
      31.2,
      35.0,
      32.9,
      36.0,
      14.3,
      31.5,
      25.4,
      29.2,
      31.9,
      22.1,
      31.0,
      39.2,
      32.8,
      30.0,
      22.3,
      33.4,
      29.2,
      30.3,
      36.8,
      25.8,
      37.1,
      35.7,
      21.0,
      32.5,
      31.3,
      30.0,
      0.0,
      9.5,
      0.12,
      27.9,
      30.3,
      29.4,
      36.5
    ],
    [
      31.8,
      31.3,
      23.8,
      25.6,
      21.2,
      33.7,
      26.3,
      25.1,
      24.6,
      26.1,
      28.9,
      20.2,
      22.4,
      17.4,
      25.9,
      25.8,
      27.2,
      23.9,
      21.2,
      31.1,
      17.6,
      16.5,
      33.1,
      37.4,
      20.8,
      37.6,
      26.6,
      33.8,
      28.3,
      31.4,
      20.7,
      27.0,
      20.8,
      24.6,
      27.3,
      17.5,
      26.4,
      41.2,
      28.2,
      25.5,
      27.1,
      28.8,
      24.6,
      25.7,
      42.7,
      21.2,
      43.1,
      41.7,
      16.4,
      27.9,
      37.2,
      25.4,
      9.5,
      0.0,
      9.0,
      24.1,
      26.5,
      34.6,
      40.6
    ],
    [
      34.0,
      32.7,
      28.5,
      30.2,
      25.8,
      38.4,
      23.2,
      29.7,
      29.2,
      30.7,
      33.5,
      24.8,
      17.7,
      22.0,
      30.5,
      19.9,
      21.3,
      28.5,
      25.8,
      33.4,
      22.2,
      17.0,
      33.5,
      31.5,
      14.4,
      31.7,
      31.2,
      35.1,
      32.9,
      36.0,
      14.3,
      31.6,
      25.5,
      29.2,
      32.0,
      22.2,
      31.1,
      39.2,
      32.8,
      30.1,
      22.3,
      33.5,
      29.2,
      30.4,
      36.8,
      25.8,
      37.2,
      35.8,
      21.1,
      32.5,
      31.3,
      30.0,
      0.12,
      9.0,
      0.0,
      27.8,
      30.3,
      29.4,
      36.5
    ],
    [
      24.9,
      24.4,
      13.4,
      22.3,
      14.9,
      11.0,
      25.3,
      22.6,
      22.4,
      21.8,
      12.2,
      14.5,
      16.2,
      12.4,
      21.6,
      29.4,
      27.1,
      12.6,
      9.2,
      24.3,
      12.4,
      20.0,
      26.3,
      33.9,
      15.1,
      34.1,
      21.9,
      17.6,
      19.2,
      21.6,
      15.0,
      21.7,
      12.0,
      16.2,
      22.1,
      12.3,
      8.1,
      31.9,
      18.5,
      10.8,
      27.0,
      19.2,
      23.5,
      12.0,
      41.0,
      2.0,
      42.8,
      39.5,
      11.2,
      19.2,
      33.6,
      11.7,
      27.9,
      24.1,
      27.8,
      0.0,
      7.6,
      54.0,
      24.9
    ],
    [
      13.4,
      12.9,
      7.0,
      7.0,
      8.6,
      4.9,
      13.8,
      11.1,
      7.2,
      10.3,
      5.8,
      11.7,
      12.4,
      11.0,
      10.1,
      17.9,
      15.6,
      6.2,
      6.4,
      12.8,
      10.2,
      19.9,
      14.8,
      22.4,
      12.2,
      22.6,
      10.5,
      4.7,
      6.5,
      8.8,
      12.2,
      10.2,
      7.3,
      13.3,
      10.6,
      10.1,
      4.3,
      22.9,
      7.0,
      4.5,
      15.5,
      6.3,
      12.1,
      5.6,
      27.3,
      5.2,
      28.1,
      26.6,
      13.7,
      7.7,
      18.2,
      5.3,
      30.3,
      26.5,
      30.3,
      7.6,
      0.0,
      38.4,
      28.2
    ],
    [
      28.5,
      27.1,
      26.4,
      25.0,
      28.1,
      32.4,
      22.1,
      24.5,
      25.3,
      37.5,
      31.2,
      26.3,
      26.0,
      47.6,
      24.7,
      21.6,
      22.2,
      26.3,
      31.5,
      27.8,
      47.9,
      22.4,
      27.9,
      25.9,
      25.5,
      26.1,
      37.6,
      32.5,
      31.0,
      33.5,
      25.5,
