{
  "drive_dist_matrix": [
    [
      0.0,
      0.35,
      0.3,
      0.65,
      0.85,
      0.35,
      0.5,
      0.5,
      0.65,
      0.24,
      0.5,
      0.3,
      0.4,
      0.35,
      1.3,
      0.26,
      0.23,
      15.0,
      23.4,
      0.45,
      17.7,
      0.22,
      27.7,
      27.2,
      30.5,
      29.3,
      27.6,
      18.4,
      27.4,
      23.0,
      29.7,
      41.0,
      47.0,
      29.4,
      25.7,
      27.0,
      34.8,
      51.6,
      27.8,
      26.9,
      0.5,
      26.8,
      38.2,
      27.7,
      29.2,
      44.6,
      0.19,
      28.1,
      26.4,
      47.0,
      29.0,
      38.0,
      0.35,
      45.5,
      61.2,
      45.4,
      28.9,
      28.8,
      38.1,
      41.0
    ],
    [
      0.35,
      0.0,
      0.65,
      0.3,
      0.85,
      0.6,
      0.75,
      0.55,
      0.8,
      0.35,
      0.7,
      0.55,
      0.6,
      0.012,
      0.5,
      0.4,
      0.85,
      15.2,
      23.6,
      0.75,
      17.9,
      0.55,
      27.9,
      27.4,
      30.7,
      29.6,
      27.8,
      18.6,
      27.7,
      23.2,
      30.0,
      41.2,
      47.2,
      29.6,
      26.0,
      27.2,
      35.1,
      50.0,
      28.0,
      28.1,
      0.7,
      28.0,
      38.4,
      27.9,
      29.5,
      44.8,
      0.45,
      28.3,
      26.6,
      47.2,
      29.3,
      38.2,
      0.5,
      45.8,
      61.5,
      45.6,
      29.2,
      29.1,
      38.3,
      41.2
    ],
    [
      0.3,
      0.65,
      0.0,
      4.5,
      0.75,
      0.18,
      0.25,
      0.35,
      0.4,
      0.3,
      0.35,
      0.14,
      0.27,
      0.65,
      0.35,
      0.3,
      0.11,
      15.1,
      23.5,
      0.21,
      17.8,
      0.13,
      27.8,
      27.3,
      30.6,
      29.4,
      27.7,
      18.5,
      27.6,
      23.1,
      29.9,
      41.1,
      47.1,
      29.5,
      25.9,
      27.1,
      34.9,
      49.8,
      27.9,
      28.0,
      0.35,
      26.9,
      38.3,
      27.8,
      29.4,
      44.7,
      0.19,
      28.2,
      26.5,
      47.1,
      29.1,
      38.1,
      0.21,
      45.7,
      61.4,
      45.5,
      29.1,
      28.9,
      38.2,
      41.1
    ],
    [
      0.65,
      0.3,
      4.5,
      0.0,
      1.4,
      4.9,
      5.1,
      0.9,
      5.0,
      0.65,
      1.0,
      4.9,
      0.95,
      0.3,
      0.85,
      0.75,
      4.9,
      12.5,
      22.2,
      5.0,
      16.4,
      4.9,
      25.2,
      24.6,
      26.1,
      26.8,
      25.1,
      16.2,
      23.1,
      21.8,
      27.2,
      38.8,
      44.8,
      26.9,
      23.2,
      22.6,
      30.4,
      45.3,
      25.2,
      25.3,
      5.6,
      25.3,
      31.3,
      23.3,
      24.9,
      43.4,
      0.75,
      23.7,
      23.8,
      44.8,
      24.6,
      31.1,
      0.85,
      43.4,
      58.7,
      43.2,
      24.5,
      24.4,
      31.2,
      38.8
    ],
    [
      0.85,
      0.85,
      0.75,
      1.4,
      0.0,
      0.6,
      0.7,
      0.4,
      0.7,
      0.6,
      0.4,
      0.55,
      0.55,
      0.85,
      0.35,
      0.65,
      0.65,
      13.4,
      23.2,
      0.7,
      17.4,
      0.6,
      26.2,
      25.6,
      27.9,
      27.8,
      26.1,
      17.0,
      24.9,
      22.8,
      28.2,
      39.6,
      45.6,
      26.2,
      24.2,
      24.4,
      32.2,
      47.1,
      26.2,
      26.3,
      0.4,
      26.3,
      33.1,
      25.1,
      26.7,
      44.4,
      0.7,
      25.5,
      24.8,
      45.6,
      26.4,
      32.9,
      0.45,
      44.2,
      59.7,
      44.0,
      26.4,
      26.2,
      33.0,
      39.6
    ],
    [
      0.35,
      0.6,
      0.18,
      4.9,
      0.6,
      0.0,
      0.14,
      0.3,
      0.3,
      0.55,
      0.29,
      0.033,
      0.21,
      0.6,
      0.28,
      0.3,
      0.19,
      15.0,
      23.5,
      0.13,
      17.7,
      0.11,
      27.8,
      27.2,
      30.5,
      29.4,
      27.7,
      18.4,
      27.5,
      23.1,
      29.8,
      41.0,
      47.0,
      29.5,
      25.8,
      27.0,
      34.9,
      51.7,
      27.8,
      27.9,
      0.28,
      27.8,
      38.2,
      27.7,
      29.3,
      44.7,
      0.2,
      28.2,
      26.4,
      47.0,
      29.1,
      38.1,
      0.15,
      45.6,
      61.3,
      45.4,
      29.0,
      28.9,
      38.1,
      41.0
    ],
    [
      0.5,
      0.75,
      0.25,
      5.1,
      0.7,
      0.14,
      0.0,
      0.35,
      0.17,
      0.4,
      0.35,
      0.18,
      0.25,
      0.75,
      0.4,
      0.45,
      0.26,
      15.2,
      23.6,
      0.039,
      17.9,
      0.23,
      27.9,
      27.4,
      30.7,
      29.5,
      27.8,
      18.6,
      27.7,
      23.2,
      29.9,
      41.2,
      47.2,
      29.6,
      26.0,
      27.2,
      35.0,
      61.3,
      28.0,
      27.1,
      0.3,
      27.0,
      38.4,
      27.9,
      29.5,
      44.8,
      0.3,
      28.3,
      26.6,
      47.2,
      29.2,
      38.2,
      0.3,
      45.8,
      61.5,
      45.6,
      29.2,
      29.0,
      38.3,
      41.2
    ],
    [
      0.5,
      0.55,
      0.35,
      0.9,
      0.4,
      0.3,
      0.35,
      0.0,
      0.29,
      0.3,
      0.01,
      0.27,
      0.087,
      0.6,
      0.051,
      0.35,
      0.35,
      13.8,
      22.5,
      0.4,
      16.7,
      1.7,
      26.6,
      26.0,
      28.3,
      28.2,
      26.5,
      17.1,
      25.2,
      22.1,
      28.6,
      39.7,
      45.7,
      28.3,
      24.6,
      24.8,
      32.6,
      59.9,
      26.6,
      26.7,
      0.022,
      26.6,
      36.9,
      25.5,
      27.0,
      43.7,
      0.4,
      25.9,
      26.3,
      45.7,
      26.8,
      36.7,
      0.16,
      44.3,
      60.1,
      44.1,
      26.7,
      26.6,
      36.8,
      39.7
    ],
    [
      0.65,
      0.8,
      0.4,
      5.0,
      0.7,
      0.3,
      0.17,
      0.29,
      0.0,
      0.5,
      0.28,
      0.35,
      0.2,
      0.95,
      0.35,
      0.55,
      0.45,
      15.2,
      23.6,
      0.21,
      17.8,
      0.4,
      27.9,
      26.2,
      30.6,
      27.9,
      27.8,
      18.6,
      27.6,
      23.2,
      29.9,
      41.1,
      47.2,
      29.6,
      25.9,
      27.2,
      35.0,
      61.2,
      27.9,
      27.1,
      0.27,
      27.0,
      38.4,
      27.8,
      29.4,
      44.8,
      0.5,
      28.3,
      26.5,
      47.2,
      29.2,
      38.2,
      0.26,
      45.7,
      61.4,
      45.6,
      29.1,
      29.0,
      38.2,
      41.2
    ],
    [
      0.24,
      0.35,
      0.3,
      0.65,
      0.6,
      0.55,
      0.4,
      0.3,
      0.5,
      0.0,
      0.4,
      0.5,
      0.45,
      0.35,
      0.25,
      0.07,
      0.23,
      14.9,
      23.4,
      0.4,
      17.6,
      0.19,
      27.7,
      27.1,
      30.4,
      27.7,
      27.6,
      18.3,
      27.4,
      23.0,
      29.7,
      40.9,
      46.9,
      27.8,
      25.7,
      26.9,
      34.8,
      61.0,
      27.7,
      26.8,
      0.4,
      27.7,
      38.1,
      27.6,
      29.2,
      44.6,
      0.1,
      28.1,
      26.3,
      46.9,
      29.0,
      37.9,
      0.24,
      45.5,
      61.2,
      45.3,
      28.9,
      28.8,
      38.0,
      40.9
    ],
    [
      0.5,
      0.7,
      0.35,
      1.0,
      0.4,
      0.29,
      0.35,
      0.01,
      0.28,
      0.4,
      0.0,
      0.25,
      1.7,
      0.6,
      0.061,
      1.7,
      0.35,
      13.8,
      22.5,
      1.9,
      16.7,
      0.28,
      26.6,
      26.0,
      28.3,
      28.2,
      26.5,
      17.1,
      25.3,
      22.1,
      28.6,
      39.7,
      45.7,
      26.6,
      24.6,
      24.8,
      32.6,
      59.9,
      26.6,
      26.7,
      0.009,
      26.6,
      36.9,
      25.5,
      27.1,
      43.7,
      0.35,
      25.9,
      25.2,
      45.7,
      26.8,
      36.7,
      0.15,
      44.3,
      60.1,
      44.1,
      26.8,
      26.6,
      36.8,
      39.7
    ],
    [
      0.3,
      0.55,
      0.14,
      4.9,
      0.55,
      0.033,
      0.18,
      0.27,
      0.35,
      0.5,
      0.25,
      0.0,
      0.18,
      0.8,
      0.24,
      0.29,
      0.16,
      15.0,
      23.4,
      0.16,
      17.7,
      0.079,
      27.7,
      27.2,
      30.5,
      29.3,
      27.6,
      18.4,
      27.5,
      23.0,
      29.8,
      41.0,
      47.0,
      29.4,
      25.8,
      27.0,
      34.9,
      61.1,
      27.8,
      27.9,
      0.24,
      26.9,
      38.2,
      27.7,
      29.3,
      44.6,
      0.17,
      28.1,
      26.4,
      47.0,
      29.0,
      38.0,
      0.12,
      45.6,
      61.3,
      45.4,
      29.0,
      28.9,
      38.1,
      41.0
    ],
    [
      0.4,
      0.6,
      0.27,
      0.95,
      0.55,
      0.21,
      0.25,
      0.087,
      0.2,
      0.45,
      1.7,
      0.18,
      0.0,
      0.6,
      0.14,
      0.4,
      0.28,
      15.0,
      23.4,
      0.29,
      17.6,
      0.2,
      27.7,
      26.1,
      30.5,
      27.7,
      27.6,
      18.4,
      27.4,
      23.0,
      29.7,
      40.9,
      47.0,
      28.0,
      25.7,
      27.0,
      34.8,
      61.0,
      27.7,
      27.1,
      0.066,
      27.1,
      38.2,
      27.6,
      29.2,
      44.6,
      0.29,
      28.1,
      26.3,
      47.0,
      29.0,
      38.0,
      0.076,
      45.5,
      61.2,
      45.4,
      28.9,
      28.8,
      38.1,
      41.0
    ],
    [
      0.35,
      0.012,
      0.65,
      0.3,
      0.85,
      0.6,
      0.75,
      0.6,
      0.95,
      0.35,
      0.6,
      0.8,
      0.6,
      0.0,
      0.55,
      0.4,
      0.6,
      15.2,
      23.6,
      0.75,
      17.9,
      0.8,
      27.9,
      26.4,
      30.7,
      28.2,
      27.8,
      18.6,
      27.7,
      23.2,
      30.0,
      41.2,
      47.2,
      28.3,
      26.0,
      27.2,
      35.1,
      61.3,
      28.0,
      27.4,
      0.7,
      27.1,
      38.4,
      27.9,
      29.5,
      44.8,
      0.45,
      28.3,
      26.8,
      47.2,
      29.3,
      38.2,
      0.5,
      45.8,
      61.5,
      45.6,
      29.2,
      29.1,
      38.3,
      41.2
    ],
    [
      1.3,
      0.5,
      0.35,
      0.85,
      0.35,
      0.28,
      0.4,
      0.051,
      0.35,
      0.25,
      0.061,
      0.24,
      0.14,
      0.55,
      0.0,
      0.3,
      0.35,
      13.8,
      22.4,
      0.4,
      16.7,
      0.27,
      26.5,
      26.0,
      28.2,
      28.1,
      25.4,
      17.0,
      25.2,
      22.0,
      28.5,
      39.6,
      45.6,
      26.6,
      24.5,
      24.7,
      32.6,
      59.9,
      26.6,
      26.7,
      0.073,
      26.6,
      36.8,
      25.4,
      27.0,
      43.6,
      0.35,
      25.8,
      25.2,
      45.6,
      26.8,
      36.7,
      0.12,
      44.2,
      60.1,
      44.0,
      26.7,
      26.6,
      36.7,
      39.6
    ],
    [
      0.26,
      0.4,
      0.3,
      0.75,
      0.65,
      0.3,
      0.45,
      0.35,
      0.55,
      0.07,
      1.7,
      0.29,
      0.4,
      0.4,
      0.3,
      0.0,
      0.24,
      14.9,
      23.4,
      0.4,
      17.6,
      0.21,
      27.7,
      26.1,
      30.4,
      27.9,
      27.6,
      18.3,
      27.4,
      23.0,
      29.7,
      40.9,
      46.9,
      27.8,
      25.7,
      26.9,
      34.8,
      61.0,
      27.7,
      26.8,
      0.5,
      26.8,
      38.1,
      27.6,
      29.2,
      44.6,
      0.12,
      28.1,
      26.3,
      46.9,
      29.0,
      37.9,
      0.3,
      45.5,
      61.2,
      45.3,
      28.9,
      28.8,
      38.0,
      40.9
    ],
    [
      0.23,
      0.85,
      0.11,
      4.9,
      0.65,
      0.19,
      0.26,
      0.35,
      0.45,
      0.23,
      0.35,
      0.16,
      0.28,
      0.6,
      0.35,
      0.24,
      0.0,
      15.1,
      23.5,
      0.23,
      17.7,
      0.069,
      27.8,
      27.0,
      30.5,
      28.0,
      27.7,
      18.5,
      27.5,
      23.1,
      29.8,
      41.0,
      47.1,
      27.9,
      25.8,
      27.1,
      34.9,
      61.1,
      27.8,
      27.0,
      0.35,
      26.9,
      38.2,
      27.7,
      29.3,
      44.7,
      0.13,
      28.2,
      26.6,
      47.1,
      29.1,
      38.1,
      0.22,
      45.6,
      61.3,
      45.5,
      29.0,
      28.9,
      38.1,
      41.1
    ],
    [
      15.0,
      15.2,
      15.1,
      12.5,
      13.4,
      15.0,
      15.2,
      13.8,
      15.2,
      14.9,
      13.8,
      15.0,
      15.0,
      15.2,
      13.8,
      14.9,
      15.1,
      0.0,
      26.4,
      13.6,
      16.9,
      13.5,
      13.1,
      10.9,
      23.0,
      12.7,
      11.3,
      25.4,
      17.2,
      26.0,
      15.1,
      32.7,
      66.9,
      12.5,
      10.5,
      16.8,
      27.8,
      45.9,
      13.2,
      11.6,
      14.1,
      11.6,
      27.0,
      15.8,
      17.2,
      36.1,
      13.6,
      16.3,
      11.1,
      66.9,
      19.4,
      26.8,
      13.4,
      66.5,
      50.0,
      66.8,
      14.6,
      16.8,
      26.9,
      32.7
    ],
    [
      23.4,
      23.6,
      23.5,
      22.2,
      23.2,
      23.5,
      23.6,
      22.5,
      23.6,
      23.4,
      22.5,
      23.4,
      23.4,
      23.6,
      22.4,
      23.4,
      23.5,
      26.4,
      0.0,
      23.6,
      21.4,
      23.4,
      33.2,
      34.1,
      44.6,
      34.8,
      34.6,
      29.8,
      44.2,
      0.7,
      35.2,
      59.7,
      57.1,
      34.9,
      32.3,
      43.9,
      54.8,
      73.0,
      33.2,
      33.2,
      24.1,
      33.2,
      54.0,
      41.3,
      42.6,
      48.4,
      23.5,
      41.7,
      34.7,
      57.1,
      42.8,
      53.8,
      23.3,
      55.7,
      66.0,
      55.5,
      40.0,
      42.2,
      53.9,
      59.8
    ],
    [
      0.45,
      0.75,
      0.21,
      5.0,
      0.7,
      0.13,
      0.039,
      0.4,
      0.21,
      0.4,
      1.9,
      0.16,
      0.29,
      0.75,
      0.4,
      0.4,
      0.23,
      13.6,
      23.6,
      0.0,
      17.8,
      0.19,
      27.9,
      26.2,
      30.7,
      27.9,
      27.8,
      18.6,
      27.6,
      23.2,
      29.9,
      41.1,
      47.2,
      28.0,
      25.9,
      27.2,
      35.0,
      61.2,
      27.9,
      27.1,
      0.35,
      27.0,
      42.3,
      27.8,
      29.4,
      44.8,
      0.28,
      28.3,
      26.7,
      47.2,
      29.2,
      42.1,
      0.27,
      45.7,
      61.4,
      45.6,
      29.1,
      29.0,
      38.3,
      41.2
    ],
    [
      17.7,
      17.9,
      17.8,
      16.4,
      17.4,
      17.7,
      17.9,
      16.7,
      17.8,
      17.6,
      16.7,
      17.7,
      17.6,
      17.9,
      16.7,
      17.6,
      17.7,
      16.9,
      21.4,
      17.8,
      0.0,
      17.6,
      21.9,
      22.9,
      38.7,
      23.6,
      23.4,
      31.5,
      33.0,
      20.9,
      22.6,
      48.5,
      60.1,
      23.7,
      21.1,
      32.7,
      43.6,
      69.3,
      22.0,
      21.9,
      18.2,
      22.0,
      42.8,
      30.0,
      31.4,
      35.2,
      17.7,
      30.5,
      23.5,
      60.1,
      31.6,
      42.6,
      17.5,
      58.6,
      52.9,
      58.5,
      28.8,
      31.0,
      42.7,
      48.6
    ],
    [
      0.22,
      0.55,
      0.13,
      4.9,
      0.6,
      0.11,
      0.23,
      1.7,
      0.4,
      0.19,
      0.28,
      0.079,
      0.2,
      0.8,
      0.27,
      0.21,
      0.069,
      13.5,
      23.4,
      0.19,
      17.6,
      0.0,
      27.8,
      26.2,
      30.5,
      27.8,
      27.7,
      18.4,
      27.5,
      23.1,
      29.8,
      41.0,
      47.0,
      27.9,
      25.8,
      27.0,
      34.9,
      61.1,
      27.8,
      26.9,
      0.27,
      26.9,
      42.2,
      27.7,
      29.3,
      44.7,
      0.09,
      28.2,
      26.6,
      47.0,
      29.1,
      42.0,
      0.14,
      45.6,
      61.3,
      45.4,
      29.0,
      28.9,
      38.1,
      41.0
    ],
    [
      27.7,
      27.9,
      27.8,
      25.2,
      26.2,
      27.8,
      27.9,
      26.6,
      27.9,
      27.7,
      26.6,
      27.7,
      27.7,
      27.9,
      26.5,
      27.7,
      27.8,
      13.1,
      33.2,
      27.9,
      21.9,
      27.8,
      0.0,
      2.4,
      19.4,
      2.3,
      0.75,
      30.7,
      13.6,
      33.5,
      5.5,
      32.5,
      66.7,
      2.4,
      0.75,
      16.6,
      27.6,
      45.7,
      0.17,
      0.7,
      26.6,
      0.8,
      26.8,
      11.3,
      12.7,
      36.1,
      26.1,
      11.8,
      3.1,
      66.7,
      12.8,
      26.6,
      25.8,
      66.4,
      40.3,
      66.6,
      10.1,
      12.3,
      26.7,
      32.5
    ],
    [
      27.2,
      27.4,
      27.3,
      24.6,
      25.6,
      27.2,
      27.4,
      26.0,
      26.2,
      27.1,
      26.0,
      27.2,
      26.1,
      26.4,
      26.0,
      26.1,
      27.0,
      10.9,
      34.1,
      26.2,
      22.9,
      26.2,
      2.4,
      0.0,
      17.2,
      3.0,
      0.65,
      28.5,
      11.4,
      33.2,
      7.6,
      28.7,
      62.9,
      3.1,
      1.1,
      12.9,
      23.8,
      42.0,
      2.9,
      0.75,
      23.6,
      0.75,
      23.0,
      9.1,
      10.5,
      39.1,
      23.1,
      9.6,
      1.8,
      62.9,
      10.6,
      22.8,
      22.8,
      62.6,
      42.4,
      62.8,
      7.9,
      10.1,
      22.9,
      28.7
    ],
    [
      30.5,
      30.7,
      30.6,
      26.1,
      27.9,
      30.5,
      30.7,
      28.3,
      30.6,
      30.4,
      28.3,
      30.5,
      30.5,
      30.7,
      28.2,
      30.4,
      30.5,
      23.0,
      44.6,
      30.7,
      38.7,
      30.5,
      19.4,
      17.2,
      0.0,
      19.3,
      19.3,
      22.3,
      6.6,
      44.2,
      24.6,
      12.0,
      42.3,
      19.4,
      17.7,
      6.6,
      4.8,
      19.7,
      19.5,
      18.5,
      30.1,
      18.5,
      5.7,
      8.4,
      7.2,
      50.7,
      29.6,
      7.9,
      18.4,
      42.3,
      7.3,
      5.5,
      29.4,
      42.0,
      61.3,
      42.2,
      9.6,
      7.6,
      5.6,
      12.0
    ],
    [
      29.3,
      29.6,
      29.4,
      26.8,
      27.8,
      29.4,
      29.5,
      28.2,
      27.9,
      27.7,
      28.2,
      29.3,
      27.7,
      28.2,
      28.1,
      27.9,
      28.0,
      12.7,
      34.8,
      27.9,
      23.6,
      27.8,
      2.3,
      3.0,
      19.3,
      0.0,
      3.2,
      30.6,
      13.4,
      34.3,
      7.1,
      30.7,
      64.9,
      0.089,
      2.4,
      14.9,
      20.3,
      44.0,
      2.4,
      1.8,
      25.7,
      1.8,
      25.0,
      11.1,
      12.5,
      37.7,
      25.1,
      11.6,
      1.3,
      64.9,
      12.7,
      24.8,
      24.9,
      64.6,
      42.0,
      64.8,
      9.9,
      12.1,
      24.9,
      30.7
    ],
    [
      27.6,
      27.8,
      27.7,
      25.1,
      26.1,
      27.7,
      27.8,
      26.5,
      27.8,
      27.6,
      26.5,
      27.6,
      27.6,
      27.8,
      25.4,
      27.6,
      27.7,
      11.3,
      34.6,
      27.8,
      23.4,
      27.7,
      0.75,
      0.65,
      19.3,
      3.2,
      0.0,
      29.9,
      12.8,
      32.8,
      6.5,
      30.1,
      64.3,
      2.1,
      0.27,
      14.2,
      19.7,
      43.3,
      0.65,
      0.29,
      25.0,
      0.28,
      24.4,
      10.5,
      11.9,
      37.2,
      24.5,
      11.0,
      2.3,
      64.3,
      12.0,
      24.2,
      24.3,
      64.0,
      41.4,
      64.2,
      9.3,
      11.5,
      24.3,
      30.1
    ],
    [
      18.4,
      18.6,
      18.5,
      16.2,
      17.0,
      18.4,
      18.6,
      17.1,
      18.6,
      18.3,
      17.1,
      18.4,
      18.4,
      18.6,
      17.0,
      18.3,
      18.5,
      25.4,
      29.8,
      18.6,
      31.5,
      18.4,
      30.7,
      28.5,
      22.3,
      30.6,
      29.9,
      0.0,
      23.9,
      29.4,
      34.3,
      30.1,
      40.8,
      30.5,
      28.8,
      23.5,
      27.0,
      40.8,
      30.6,
      29.6,
      19.0,
      29.5,
      27.3,
      26.4,
      26.1,
      67.4,
      18.5,
      26.8,
      29.1,
      40.8,
      26.3,
      27.1,
      18.3,
      39.4,
      69.1,
      39.2,
      27.7,
      26.0,
      27.2,
      30.1
    ],
    [
      27.4,
      27.7,
      27.6,
      23.1,
      24.9,
      27.5,
      27.7,
      25.2,
      27.6,
      27.4,
      25.3,
      27.5,
      27.4,
      27.7,
      25.2,
      27.4,
      27.5,
      17.2,
      44.2,
      27.6,
      33.0,
      27.5,
      13.6,
      11.4,
      6.6,
      13.4,
      12.8,
      23.9,
      0.0,
      44.3,
      18.7,
      15.8,
      53.1,
      15.5,
      13.8,
      0.7,
      8.4,
      23.5,
      13.3,
      14.6,
      28.2,
      14.6,
      9.8,
      4.4,
      3.8,
      44.8,
      27.7,
      3.6,
      14.1,
      53.1,
      3.5,
      9.6,
      27.4,
      52.8,
      55.4,
      53.0,
      5.9,
      3.3,
      9.7,
      15.8
    ],
    [
      23.0,
      23.2,
      23.1,
      21.8,
      22.8,
      23.1,
      23.2,
      22.1,
      23.2,
      23.0,
      22.1,
      23.0,
      23.0,
      23.2,
      22.0,
      23.0,
      23.1,
      26.0,
      0.7,
      23.2,
      20.9,
      23.1,
      33.5,
      33.2,
      44.2,
      34.3,
      32.8,
      29.4,
      44.3,
      0.0,
      35.0,
      59.6,
      56.9,
      34.7,
      32.1,
      43.7,
      54.6,
      72.8,
      33.0,
      33.0,
      23.9,
      33.0,
      53.8,
      41.1,
      42.4,
      48.2,
      23.3,
      41.5,
      34.5,
      56.9,
      43.9,
      53.6,
      23.1,
      55.5,
      65.8,
      55.3,
      39.8,
      42.0,
      53.7,
      59.6
    ],
    [
      29.7,
      30.0,
      29.9,
      27.2,
      28.2,
      29.8,
      29.9,
      28.6,
      29.9,
      29.7,
      28.6,
      29.8,
      29.7,
      30.0,
      28.5,
      29.7,
      29.8,
      15.1,
      35.2,
      29.9,
      22.6,
      29.8,
      5.5,
      7.6,
      24.6,
      7.1,
      6.5,
      34.3,
      18.7,
      35.0,
      0.0,
      34.2,
      68.4,
      7.3,
      6.7,
      18.3,
      29.2,
      47.4,
      5.6,
      6.4,
      28.3,
      6.3,
      28.4,
      15.7,
      17.1,
      30.7,
      27.7,
      16.1,
      7.9,
      68.4,
      17.2,
      28.3,
      27.5,
      68.0,
      34.9,
      68.3,
      14.4,
      16.6,
      28.3,
      34.2
    ],
    [
      41.0,
      41.2,
      41.1,
      38.8,
      39.6,
      41.0,
      41.2,
      39.7,
      41.1,
      40.9,
      39.7,
      41.0,
      40.9,
      41.2,
      39.6,
      40.9,
      41.0,
      32.7,
      59.7,
      41.1,
      48.5,
      41.0,
      32.5,
      28.7,
      12.0,
      30.7,
      30.1,
      30.1,
      15.8,
      59.6,
      34.2,
      0.0,
      34.6,
      31.1,
      29.4,
      17.9,
      9.5,
      12.5,
      32.2,
      30.2,
      40.6,
      30.1,
      7.1,
      16.3,
      15.1,
      60.3,
      40.1,
      15.9,
      29.7,
      34.6,
      15.2,
      7.4,
      39.8,
      34.2,
      70.9,
      34.5,
      17.5,
      15.5,
      7.0,
      0.081
    ],
    [
      47.0,
      47.2,
      47.1,
      44.8,
      45.6,
      47.0,
      47.2,
      45.7,
      47.2,
      46.9,
      45.7,
      47.0,
      47.0,
      47.2,
      45.6,
      46.9,
      47.1,
      66.9,
      57.1,
      47.2,
      60.1,
      47.0,
      66.7,
      62.9,
      42.3,
      64.9,
      64.3,
      40.8,
      53.1,
      56.9,
      68.4,
      34.6,
      0.0,
      65.7,
      64.0,
      52.6,
      40.1,
      41.3,
      66.8,
      64.8,
      47.4,
      64.7,
      38.8,
      55.6,
      46.8,
      94.9,
      46.8,
      55.3,
      64.3,
      0.0,
      55.2,
      39.5,
      46.6,
      0.45,
      115.0,
      0.8,
      57.6,
      55.0,
      38.7,
      34.7
    ],
    [
      29.4,
      29.6,
      29.5,
      26.9,
      26.2,
      29.5,
      29.6,
      28.3,
      29.6,
      27.8,
      26.6,
      29.4,
      28.0,
      28.3,
      26.6,
      27.8,
      27.9,
      12.5,
      34.9,
      28.0,
      23.7,
      27.9,
      2.4,
      3.1,
      19.4,
      0.089,
      2.1,
      30.5,
      15.5,
      34.7,
      7.3,
      31.1,
      65.7,
      0.0,
      2.2,
      13.9,
      20.7,
      43.9,
      2.3,
      1.6,
      25.6,
      1.6,
      25.0,
      11.1,
      12.4,
      41.1,
      25.0,
      11.5,
      1.2,
      64.9,
      12.6,
      24.8,
      24.8,
      64.5,
      41.8,
      64.8,
      9.8,
      12.0,
      24.8,
      30.7
    ],
    [
      25.7,
      26.0,
      25.9,
      23.2,
      24.2,
      25.8,
      26.0,
      24.6,
      25.9,
      25.7,
      24.6,
      25.8,
      25.7,
      26.0,
      24.5,
      25.7,
      25.8,
      10.5,
      32.3,
      25.9,
      21.1,
      25.8,
      0.75,
      1.1,
      17.7,
      2.4,
      0.27,
      28.8,
      13.8,
      32.1,
      6.7,
      29.4,
      64.0,
      2.2,
      0.0,
      12.4,
      18.7,
      42.4,
      0.75,
      0.45,
      24.0,
      0.4,
      23.4,
      9.5,
      10.9,
      39.6,
      23.5,
      10.0,
      2.7,
      63.4,
      11.4,
      23.2,
      23.3,
      63.0,
      41.4,
      63.2,
      8.3,
      10.5,
      23.3,
      29.2
    ],
    [
      27.0,
      27.2,
      27.1,
      22.6,
      24.4,
      27.0,
      27.2,
      24.8,
      27.2,
      26.9,
      24.8,
      27.0,
      27.0,
      27.2,
      24.7,
      26.9,
      27.1,
      16.8,
      43.9,
      27.2,
      32.7,
      27.0,
      16.6,
      12.9,
      6.6,
      14.9,
      14.2,
      23.5,
      0.7,
      43.7,
      18.3,
      17.9,
      52.6,
      13.9,
      12.4,
      0.0,
      9.1,
      31.8,
      16.4,
      14.3,
      26.7,
      14.2,
      12.9,
      4.5,
      4.0,
      44.4,
      26.1,
      4.2,
      13.8,
      52.8,
      4.0,
      12.7,
      25.9,
      52.4,
      55.1,
      52.7,
      6.4,
      3.8,
      12.8,
      18.6
    ],
    [
      34.8,
      35.1,
      34.9,
      30.4,
      32.2,
      34.9,
      35.0,
      32.6,
      35.0,
      34.8,
      32.6,
      34.9,
      34.8,
      35.1,
      32.6,
      34.8,
      34.9,
      27.8,
      54.8,
      35.0,
      43.6,
      34.9,
      27.6,
      23.8,
      4.8,
      20.3,
      19.7,
      27.0,
      8.4,
      54.6,
      29.2,
      9.5,
      40.1,
      20.7,
      18.7,
      9.1,
      0.0,
      17.8,
      27.7,
      25.7,
      34.1,
      25.6,
      2.0,
      8.5,
      7.1,
      55.8,
      33.5,
      8.0,
      25.2,
      40.0,
      7.2,
      0.9,
      36.4,
      39.7,
      66.5,
      39.9,
      9.7,
      7.7,
      1.9,
      8.7
    ],
    [
      51.6,
      50.0,
      49.8,
      45.3,
      47.1,
      51.7,
      61.3,
      59.9,
      61.2,
      61.0,
      59.9,
      61.1,
      61.0,
      61.3,
      59.9,
      61.0,
      61.1,
      45.9,
      73.0,
      61.2,
      69.3,
      61.1,
      45.7,
      42.0,
      19.7,
      44.0,
      43.3,
      40.8,
      23.5,
      72.8,
      47.4,
      12.5,
      41.3,
      43.9,
      42.4,
      31.8,
      17.8,
      0.0,
      40.4,
      38.4,
      55.1,
      38.3,
      14.5,
      24.5,
      23.3,
      68.5,
      54.6,
      24.1,
      37.9,
      40.9,
      23.4,
      14.9,
      54.4,
      40.5,
      79.1,
      40.8,
      25.7,
      23.7,
      14.4,
      12.5
    ],
    [
      27.8,
      28.0,
      27.9,
      25.2,
      26.2,
      27.8,
      28.0,
      26.6,
      27.9,
      27.7,
      26.6,
      27.8,
      27.7,
      28.0,
      26.6,
      27.7,
      27.8,
      13.2,
      33.2,
      27.9,
      22.0,
      27.8,
      0.17,
      2.9,
      19.5,
      2.4,
      0.65,
      30.6,
      13.3,
      33.0,
      5.6,
      32.2,
      66.8,
      2.3,
      0.75,
      16.4,
      27.7,
      40.4,
      0.0,
      0.85,
      26.5,
      0.9,
      26.7,
      11.2,
      12.6,
      36.0,
      26.0,
      11.7,
      3.0,
      66.6,
      12.8,
      26.5,
      25.8,
      66.3,
      40.3,
      66.5,
      10.0,
      12.2,
      26.6,
      32.5
    ],
    [
      26.9,
      28.1,
      28.0,
      25.3,
      26.3,
      27.9,
      27.1,
      26.7,
      27.1,
      26.8,
      26.7,
      27.9,
      27.1,
      27.4,
      26.7,
      26.8,
      27.0,
      11.6,
      33.2,
      27.1,
      21.9,
      26.9,
      0.7,
      0.75,
      18.5,
      1.8,
      0.29,
      29.6,
      14.6,
      33.0,
      6.4,
      30.2,
      64.8,
      1.6,
      0.45,
      14.3,
      25.7,
      38.4,
      0.85,
      0.0,
      25.2,
      0.065,
      21.2,
      10.7,
      12.1,
      36.8,
      24.6,
      11.1,
      2.4,
      64.5,
      12.2,
      21.0,
      24.4,
      64.1,
      41.0,
      64.4,
      9.4,
      11.6,
      21.1,
      30.3
    ],
    [
      0.5,
      0.7,
      0.35,
      5.6,
      0.4,
      0.28,
      0.3,
      0.022,
      0.27,
      0.4,
      0.009,
      0.24,
      0.066,
      0.7,
      0.073,
      0.5,
      0.35,
      14.1,
      24.1,
      0.35,
      18.2,
      0.27,
      26.6,
      23.6,
      30.1,
      25.7,
      25.0,
      19.0,
      28.2,
      23.9,
      28.3,
      40.6,
      47.4,
      25.6,
      24.0,
      26.7,
      34.1,
      55.1,
      26.5,
      25.2,
      0.0,
      26.6,
      36.9,
      25.5,
      27.1,
      43.7,
      0.35,
      25.9,
      25.2,
      45.7,
      26.8,
      36.7,
      0.14,
      44.3,
      60.1,
      44.1,
      26.8,
      26.6,
      36.8,
      39.7
    ],
    [
      26.8,
      28.0,
      26.9,
      25.3,
      26.3,
      27.8,
      27.0,
      26.6,
      27.0,
      27.7,
      26.6,
      26.9,
      27.1,
      27.1,
      26.6,
      26.8,
      26.9,
      11.6,
      33.2,
      27.0,
      22.0,
      26.9,
      0.8,
      0.75,
      18.5,
      1.8,
      0.28,
      29.5,
      14.6,
      33.0,
      6.3,
      30.1,
      64.7,
      1.6,
      0.4,
      14.2,
      25.6,
      38.3,
      0.9,
      0.065,
      26.6,
      0.0,
      21.3,
      10.7,
      12.1,
      36.9,
      24.7,
      11.2,
      2.5,
      64.5,
      12.6,
      21.1,
      24.5,
      64.2,
      41.1,
      64.4,
      9.5,
      11.7,
      21.2,
      30.4
    ],
    [
      38.2,
      38.4,
      38.3,
      31.3,
      33.1,
      38.2,
      38.4,
      36.9,
      38.4,
      38.1,
      36.9,
      38.2,
      38.2,
      38.4,
      36.8,
      38.1,
      38.2,
      27.0,
      54.0,
      42.3,
      42.8,
      42.2,
      26.8,
      23.0,
      5.7,
      25.0,
      24.4,
      27.3,
      9.8,
      53.8,
      28.4,
      7.1,
      38.8,
      25.0,
      23.4,
      12.9,
      2.0,
      14.5,
      26.7,
      21.2,
      36.9,
      21.3,
      0.0,
      12.0,
      10.7,
      56.3,
      42.4,
      11.5,
      25.7,
      38.7,
      10.9,
      0.65,
      42.2,
      38.4,
      67.0,
      38.6,
      13.2,
      11.2,
      0.27,
      7.1
    ],
    [
      27.7,
      27.9,
      27.8,
      23.3,
      25.1,
      27.7,
      27.9,
      25.5,
      27.8,
      27.6,
      25.5,
      27.7,
      27.6,
      27.9,
      25.4,
      27.6,
      27.7,
      15.8,
      41.3,
      27.8,
      30.0,
      27.7,
      11.3,
      9.1,
      8.4,
      11.1,
      10.5,
      26.4,
      4.4,
      41.1,
      15.7,
      16.3,
      55.6,
      11.1,
      9.5,
      4.5,
      8.5,
      24.5,
      11.2,
      10.7,
      25.5,
      10.7,
      12.0,
      0.0,
      1.4,
      47.8,
      26.9,
      0.45,
      9.5,
      56.2,
      1.5,
      9.6,
      26.7,
      55.8,
      50.4,
      56.1,
      1.2,
      1.0,
      9.7,
      16.8
    ],
    [
      29.2,
      29.5,
      29.4,
      24.9,
      26.7,
      29.3,
      29.5,
      27.0,
      29.4,
      29.2,
      27.1,
      29.3,
      29.2,
      29.5,
      27.0,
      29.2,
      29.3,
      17.2,
      42.6,
      29.4,
      31.4,
      29.3,
      12.7,
      10.5,
      7.2,
      12.5,
      11.9,
      26.1,
      3.8,
      42.4,
      17.1,
      15.1,
      46.8,
      12.4,
      10.9,
      4.0,
      7.1,
      23.3,
      12.6,
      12.1,
      27.1,
      12.1,
      10.7,
      1.4,
      0.0,
      47.2,
      28.0,
      0.95,
      10.9,
      45.9,
      0.35,
      8.2,
      27.8,
      45.6,
      51.8,
      45.8,
      2.6,
      0.45,
      9.4,
      15.6
    ],
    [
      44.6,
      44.8,
      44.7,
      43.4,
      44.4,
      44.7,
      44.8,
      43.7,
      44.8,
      44.6,
      43.7,
      44.6,
      44.6,
      44.8,
      43.6,
      44.6,
      44.7,
      36.1,
      48.4,
      44.8,
      35.2,
      44.7,
      36.1,
      39.1,
      50.7,
      37.7,
      37.2,
      67.4,
      44.8,
      48.2,
      30.7,
      60.3,
      94.9,
      41.1,
      39.6,
      44.4,
      55.8,
      68.5,
      36.0,
      36.8,
      43.7,
      36.9,
      56.3,
      47.8,
      47.2,
      0.0,
      45.1,
      47.1,
      39.3,
      94.4,
      47.0,
      54.3,
      44.8,
      94.1,
      28.6,
      94.3,
      42.8,
      46.8,
      54.4,
      60.2
    ],
    [
      0.19,
      0.45,
      0.19,
      0.75,
      0.7,
      0.2,
      0.3,
      0.4,
      0.5,
      0.1,
      0.35,
      0.17,
      0.29,
      0.45,
      0.35,
      0.12,
      0.13,
      13.6,
      23.5,
      0.28,
      17.7,
      0.09,
      26.1,
      23.1,
      29.6,
      25.1,
      24.5,
      18.5,
      27.7,
      23.3,
      27.7,
      40.1,
      46.8,
      25.0,
      23.5,
      26.1,
      33.5,
      54.6,
      26.0,
      24.6,
      0.35,
      24.7,
      42.4,
      26.9,
      28.0,
      45.1,
      0.0,
      28.2,
      26.5,
      47.1,
      29.2,
      38.1,
      0.23,
      45.7,
      61.4,
      45.5,
      29.1,
      29.0,
      38.2,
      41.1
    ],
    [
      28.1,
      28.3,
      28.2,
      23.7,
      25.5,
      28.2,
      28.3,
      25.9,
      28.3,
      28.1,
      25.9,
      28.1,
      28.1,
      28.3,
      25.8,
      28.1,
      28.2,
      16.3,
      41.7,
      28.3,
      30.5,
      28.2,
      11.8,
      9.6,
      7.9,
      11.6,
      11.0,
      26.8,
      3.6,
      41.5,
      16.1,
      15.9,
      55.3,
      11.5,
      10.0,
      4.2,
      8.0,
      24.1,
      11.7,
      11.1,
      25.9,
      11.2,
      11.5,
      0.45,
      0.95,
      47.1,
      28.2,
      0.0,
      10.0,
      55.4,
      1.1,
      10.2,
      27.1,
      55.0,
      50.9,
      55.2,
      1.7,
      0.6,
      10.3,
      16.4
    ],
    [
      26.4,
      26.6,
      26.5,
      23.8,
      24.8,
      26.4,
      26.6,
      26.3,
      26.5,
      26.3,
      25.2,
      26.4,
      26.3,
      26.8,
      25.2,
      26.3,
      26.6,
      11.1,
      34.7,
      26.7,
      23.5,
      26.6,
      3.1,
      1.8,
      18.4,
      1.3,
      2.3,
      29.1,
      14.1,
      34.5,
      7.9,
      29.7,
      64.3,
      1.2,
      2.7,
      13.8,
      25.2,
      37.9,
      3.0,
      2.4,
      25.2,
      2.5,
      25.7,
      9.5,
      10.9,
      39.3,
      26.5,
      10.0,
      0.0,
      63.9,
      11.5,
      23.8,
      23.8,
      63.5,
      42.7,
      63.8,
      8.3,
      10.5,
      23.9,
      26.1
    ],
    [
      47.0,
      47.2,
      47.1,
      44.8,
      45.6,
      47.0,
      47.2,
      45.7,
      47.2,
      46.9,
      45.7,
      47.0,
      47.0,
      47.2,
      45.6,
      46.9,
      47.1,
      66.9,
      57.1,
      47.2,
      60.1,
      47.0,
      66.7,
      62.9,
      42.3,
      64.9,
      64.3,
      40.8,
      53.1,
      56.9,
      68.4,
      34.6,
      0.0,
      64.9,
      63.4,
      52.8,
      40.0,
      40.9,
      66.6,
      64.5,
      45.7,
      64.5,
      38.7,
      56.2,
      45.9,
      94.4,
      47.1,
      55.4,
      63.9,
      0.0,
      55.2,
      40.2,
      46.6,
      0.45,
      115.0,
      0.8,
      57.6,
      55.0,
      38.7,
      34.7
    ],
    [
      29.0,
      29.3,
      29.1,
      24.6,
      26.4,
      29.1,
      29.2,
      26.8,
      29.2,
      29.0,
      26.8,
      29.0,
      29.0,
      29.3,
      26.8,
      29.0,
      29.1,
      19.4,
      42.8,
      29.2,
      31.6,
      29.1,
      12.8,
      10.6,
      7.3,
      12.7,
      12.0,
      26.3,
      3.5,
      43.9,
      17.2,
      15.2,
      55.2,
      12.6,
      11.4,
      4.0,
      7.2,
      23.4,
      12.8,
      12.2,
      26.8,
      12.6,
      10.9,
      1.5,
      0.35,
      47.0,
      29.2,
      1.1,
      11.5,
      55.2,
      0.0,
      8.4,
      27.5,
      45.3,
      57.6,
      45.6,
      2.8,
      0.65,
      8.5,
      15.7
    ],
    [
      38.0,
      38.2,
      38.1,
      31.1,
      32.9,
      38.1,
      38.2,
      36.7,
      38.2,
      37.9,
      36.7,
      38.0,
      38.0,
      38.2,
      36.7,
      37.9,
      38.1,
      26.8,
      53.8,
      42.1,
      42.6,
      42.0,
      26.6,
      22.8,
      5.5,
      24.8,
      24.2,
      27.1,
      9.6,
      53.6,
      28.3,
      7.4,
      39.5,
      24.8,
      23.2,
      12.7,
      0.9,
      14.9,
      26.5,
      21.0,
      36.7,
      21.1,
      0.65,
      9.6,
      8.2,
      54.3,
      38.1,
      10.2,
      23.8,
      40.2,
      8.4,
      0.0,
      34.0,
      39.3,
      65.6,
      39.6,
      10.4,
      9.2,
      0.4,
      7.7
    ],
    [
      0.35,
      0.5,
      0.21,
      0.85,
      0.45,
      0.15,
      0.3,
      0.16,
      0.26,
      0.24,
      0.15,
      0.12,
      0.076,
      0.5,
      0.12,
      0.3,
      0.22,
      13.4,
      23.3,
      0.27,
      17.5,
      0.14,
      25.8,
      22.8,
      29.4,
      24.9,
      24.3,
      18.3,
      27.4,
      23.1,
      27.5,
      39.8,
      46.6,
      24.8,
      23.3,
      25.9,
      36.4,
      54.4,
      25.8,
      24.4,
      0.14,
      24.5,
      42.2,
      26.7,
      27.8,
      44.8,
      0.23,
      27.1,
      23.8,
      46.6,
      27.5,
      34.0,
      0.0,
      45.5,
      61.2,
      45.3,
      28.9,
      28.7,
      38.0,
      40.9
    ],
    [
      45.5,
      45.8,
      45.7,
      43.4,
      44.2,
      45.6,
      45.8,
      44.3,
      45.7,
      45.5,
      44.3,
      45.6,
      45.5,
      45.8,
      44.2,
      45.5,
      45.6,
      66.5,
      55.7,
      45.7,
      58.6,
      45.6,
      66.4,
      62.6,
      42.0,
      64.6,
      64.0,
      39.4,
      52.8,
      55.5,
      68.0,
      34.2,
      0.45,
      64.5,
      63.0,
      52.4,
      39.7,
      40.5,
      66.3,
      64.1,
      44.3,
      64.2,
      38.4,
      55.8,
      45.6,
      94.1,
      45.7,
      55.0,
      63.5,
      0.45,
      45.3,
      39.3,
      45.5,
      0.0,
      114.0,
      0.75,
      56.9,
      54.3,
      38.0,
      34.0
    ],
    [
      61.2,
      61.5,
      61.4,
      58.7,
      59.7,
      61.3,
      61.5,
      60.1,
      61.4,
      61.2,
      60.1,
      61.3,
      61.2,
      61.5,
      60.1,
      61.2,
      61.3,
      50.0,
      66.0,
      61.4,
      52.9,
      61.3,
      40.3,
      42.4,
      61.3,
      42.0,
      41.4,
      69.1,
      55.4,
      65.8,
      34.9,
      70.9,
      115.0,
      41.8,
      41.4,
      55.1,
      66.5,
      79.1,
      40.3,
      41.0,
      60.1,
      41.1,
      67.0,
      50.4,
      51.8,
      28.6,
      61.4,
      50.9,
      42.7,
      115.0,
      57.6,
      65.6,
      61.2,
      114.0,
      0.0,
      106.0,
      50.1,
      58.7,
      66.4,
      72.2
    ],
    [
      45.4,
      45.6,
      45.5,
      43.2,
      44.0,
      45.4,
      45.6,
      44.1,
