{
  "drive_dist_matrix": [
    [
      0.0,
      13.840323999999999,
      4.9889540000000006,
      18.185542,
      20.438617999999998,
      24.461968,
      4.184284,
      4.667085999999999,
      3.21868,
      4.345218,
      26.071308,
      26.55411,
      12.87472,
      1.2874720000000002,
      23.013562,
      4.345218,
      2.5749440000000003,
      2.5749440000000003,
      6.43736,
      2.735878,
      7.724831999999999,
      5.63269,
      3.057746,
      13.196587999999998,
      23.979166,
      17.863674,
      20.760486,
      20.760486,
      34.922678,
      23.174496,
      3.8624159999999996,
      2.5749440000000003,
      20.760486,
      14.001257999999998,
      18.990212,
      8.690436,
      2.5749440000000003,
      19.31208,
      1.7702740000000001,
      13.518456,
      12.87472,
      3.5405480000000003,
      21.082354,
      11.587248,
      2.092142,
      14.48406,
      25.588506,
      13.518456,
      4.02335,
      4.02335,
      5.471756,
      2.5749440000000003,
      20.11675,
      0.013,
      20.599552000000003,
      31.703998,
      32.669602,
      21.082354
    ],
    [
      13.840323999999999,
      0.0,
      7.885766,
      30.57746,
      25.74944,
      36.853885999999996,
      8.690436,
      9.977908000000001,
      9.65604,
      8.690436,
      18.668343999999998,
      38.785094,
      4.82802,
      13.518456,
      22.691694,
      8.529501999999999,
      14.162192000000001,
      11.426314,
      6.9201619999999995,
      10.138842,
      19.955816000000002,
      7.0810960000000005,
      9.816974,
      18.668343999999998,
      36.21015,
      30.255592,
      26.071308,
      26.071308,
      40.2335,
      19.955816000000002,
      16.0934,
      11.426314,
      13.840323999999999,
      19.31208,
      27.680647999999998,
      4.184284,
      11.426314,
      24.622902,
      13.196587999999998,
      13.840323999999999,
      25.105704,
      9.173238,
      14.162192000000001,
      23.979166,
      10.943512,
      26.55411,
      38.62416,
      25.427572,
      16.415267999999998,
      8.85137,
      8.207633999999999,
      11.426314,
      25.427572,
      12.552852,
      32.99147,
      44.095915999999995,
      37.980424,
      26.393175999999997
    ],
    [
      4.9889540000000006,
      7.885766,
      0.0,
      22.852628,
      18.185542,
      29.129054000000004,
      0.80467,
      2.2530759999999996,
      1.7702740000000001,
      0.80467,
      23.979166,
      31.221196,
      8.207633999999999,
      5.9545580000000005,
      20.760486,
      0.80467,
      6.43736,
      3.7014819999999995,
      1.7702740000000001,
      2.2530759999999996,
      12.391918,
      0.6437360000000001,
      1.9312079999999998,
      11.104446000000001,
      28.646252,
      22.53076,
      18.50741,
      18.50741,
      32.669602,
      21.082354,
      8.529501999999999,
      3.8624159999999996,
      17.059003999999998,
      11.748182,
      20.11675,
      4.02335,
      3.8624159999999996,
      17.059003999999998,
      5.471756,
      9.977908000000001,
      17.541806,
      1.2874720000000002,
      17.380872,
      16.254334,
      3.21868,
      17.380872,
      31.060262,
      16.254334,
      8.690436,
      1.1265379999999998,
      0.80467,
      3.8624159999999996,
      17.863674,
      4.82802,
      25.266638,
      36.371084,
      30.416525999999998,
      18.829278
    ],
    [
      18.185542,
      30.57746,
      22.852628,
      0.0,
      23.657297999999997,
      21.082354,
      21.887024,
      22.208892000000002,
      20.92142,
      22.208892000000002,
      31.864932,
      23.174496,
      30.738394000000003,
      17.059003999999998,
      28.807185999999998,
      22.208892000000002,
      17.863674,
      20.277684,
      24.1401,
      20.599552000000003,
      12.552852,
      23.496364,
      20.92142,
      24.783836,
      20.599552000000003,
      0.48280199999999995,
      25.588506,
      23.818232000000002,
      39.750698,
      28.96812,
      14.48406,
      20.277684,
      35.244546,
      20.92142,
      20.277684,
      26.55411,
      20.277684,
      24.94477,
      19.633948,
      27.841582000000002,
      9.495106,
      21.404222,
      33.313338,
      11.104446000000001,
      19.955816000000002,
      15.28873,
      24.461968,
      15.127796,
      14.805927999999998,
      21.72609,
      23.496364,
      20.277684,
      25.910374,
      18.024607999999997,
      17.219938,
      14.323126,
      37.497622,
      25.910374
    ],
    [
      20.438617999999998,
      25.74944,
      18.185542,
      23.657297999999997,
      0.0,
      32.347734,
      16.89807,
      15.932466,
      17.219938,
      17.059003999999998,
      10.299776000000001,
      34.439876,
      25.427572,
      19.794882,
      7.24203,
      17.219938,
      18.50741,
      18.829278,
      18.50741,
      17.541806,
      13.518456,
      18.185542,
      17.380872,
      5.9545580000000005,
      31.703998,
      23.174496,
      5.310822,
      0.6437360000000001,
      19.473014,
      7.402963999999999,
      19.31208,
      17.863674,
      13.67939,
      6.276426,
      7.724831999999999,
      21.243288,
      17.863674,
      3.379614,
      20.438617999999998,
      16.576202000000002,
      20.760486,
      16.737136,
      11.748182,
      13.357522000000001,
      18.346476,
      9.977908000000001,
      10.943512,
      8.85137,
      19.473014,
      16.737136,
      17.541806,
      17.863674,
      4.184284,
      20.760486,
      28.485318,
      37.01482,
      17.219938,
      5.63269
    ],
    [
      24.461968,
      36.853885999999996,
      29.129054000000004,
      21.082354,
      32.347734,
      0.0,
      28.16345,
      28.324384000000002,
      27.197846,
      28.324384000000002,
      41.03817,
      2.092142,
      36.853885999999996,
      23.33543,
      37.81949,
      28.324384000000002,
      24.1401,
      26.55411,
      30.57746,
      26.875978,
      18.829278,
      29.77279,
      27.197846,
      32.830535999999995,
      0.6437360000000001,
      20.760486,
      35.40548,
      32.508668,
      54.395692,
      38.141358,
      20.760486,
      26.55411,
      41.199104000000005,
      28.002515999999996,
      32.1868,
      32.830535999999995,
      26.55411,
      34.118007999999996,
      25.910374,
      34.118007999999996,
      11.587248,
      27.680647999999998,
      41.520972,
      20.599552000000003,
      26.232242,
      24.94477,
      36.21015,
      24.94477,
      20.92142,
      28.002515999999996,
      29.77279,
      26.55411,
      34.922678,
      24.301033999999998,
      4.9889540000000006,
      34.60081,
      52.142616,
      35.727348
    ],
    [
      4.184284,
      8.690436,
      0.80467,
      21.887024,
      16.89807,
      28.16345,
      0.0,
      1.448406,
      0.9656039999999999,
      0.16093400000000002,
      23.33543,
      30.416525999999998,
      9.012303999999999,
      5.149888000000001,
      20.277684,
      0.16093400000000002,
      6.115492,
      2.5749440000000003,
      2.5749440000000003,
      1.2874720000000002,
      11.587248,
      1.60934,
      1.1265379999999998,
      10.46071,
      27.680647999999998,
      21.72609,
      17.863674,
      17.863674,
      32.025866,
      20.438617999999998,
      7.724831999999999,
      3.057746,
      17.863674,
      11.104446000000001,
      19.473014,
      4.82802,
      3.057746,
      16.415267999999998,
      4.667085999999999,
      10.621644,
      16.737136,
      0.6437360000000001,
      18.829278,
      15.449663999999999,
      2.41401,
      18.346476,
      30.416525999999998,
      17.219938,
      7.885766,
      0.32186800000000004,
      1.60934,
      3.057746,
      17.219938,
      4.02335,
      24.461968,
      35.566414,
      29.77279,
      18.185542
    ],
    [
      4.667085999999999,
      9.977908000000001,
      2.2530759999999996,
      22.208892000000002,
      15.932466,
      28.324384000000002,
      1.448406,
      0.0,
      1.9312079999999998,
      1.7702740000000001,
      22.369826,
      30.57746,
      11.104446000000001,
      5.9545580000000005,
      19.31208,
      1.9312079999999998,
      4.667085999999999,
      3.5405480000000003,
      4.184284,
      2.2530759999999996,
      11.587248,
      3.8624159999999996,
      2.092142,
      9.495106,
      27.841582000000002,
      21.887024,
      16.89807,
      16.89807,
      31.060262,
      19.473014,
      7.885766,
      2.5749440000000003,
      16.89807,
      10.138842,
      18.50741,
      6.9201619999999995,
      2.5749440000000003,
      15.449663999999999,
      5.310822,
      9.65604,
      16.89807,
      1.448406,
      17.219938,
      15.610598,
      3.057746,
      17.380872,
      29.450922000000002,
      16.254334,
      8.0467,
      1.448406,
      2.735878,
      2.5749440000000003,
      16.254334,
      4.82802,
      24.622902,
      35.727348,
      28.807185999999998,
      17.219938
    ],
    [
      3.21868,
      9.65604,
      1.7702740000000001,
      20.92142,
      17.219938,
      27.197846,
      0.9656039999999999,
      1.9312079999999998,
      0.0,
      1.1265379999999998,
      23.818232000000002,
      29.450922000000002,
      9.977908000000001,
      4.184284,
      20.760486,
      1.2874720000000002,
      5.471756,
      1.60934,
      3.5405480000000003,
      0.48280199999999995,
      10.46071,
      2.735878,
      0.32186800000000004,
      10.943512,
      26.715044000000002,
      20.760486,
      18.50741,
      18.50741,
      32.669602,
      20.92142,
      6.759228,
      2.092142,
      19.473014,
      11.748182,
      20.11675,
      5.9545580000000005,
      2.092142,
      17.059003999999998,
      3.7014819999999995,
      11.26538,
      15.771532,
      0.48280199999999995,
      19.794882,
      14.48406,
      1.448406,
      17.380872,
      31.060262,
      16.254334,
      6.9201619999999995,
      1.1265379999999998,
      2.735878,
      2.092142,
      17.863674,
      3.057746,
      23.496364,
      34.60081,
      30.416525999999998,
      18.829278
    ],
    [
      4.345218,
      8.690436,
      0.80467,
      22.208892000000002,
      17.059003999999998,
      28.324384000000002,
      0.16093400000000002,
      1.7702740000000001,
      1.1265379999999998,
      0.0,
      23.496364,
      30.57746,
      8.85137,
      5.149888000000001,
      20.438617999999998,
      0.21,
      6.276426,
      2.735878,
      2.41401,
      1.448406,
      11.587248,
      1.60934,
      1.2874720000000002,
      10.621644,
      27.841582000000002,
      21.887024,
      18.024607999999997,
      18.024607999999997,
      32.1868,
      20.599552000000003,
      7.885766,
      3.21868,
      18.346476,
      11.26538,
      19.633948,
      4.82802,
      3.21868,
      16.576202000000002,
      4.82802,
      10.782578,
      16.89807,
      0.6437360000000001,
      18.668343999999998,
      15.610598,
      2.5749440000000003,
      18.50741,
      25.74944,
      17.380872,
      8.0467,
      0.48280199999999995,
      1.60934,
      3.21868,
      17.380872,
      4.184284,
      24.622902,
      35.727348,
      29.933724,
      18.346476
    ],
    [
      26.071308,
      18.668343999999998,
      23.979166,
      31.864932,
      10.299776000000001,
      41.03817,
      23.33543,
      22.369826,
      23.818232000000002,
      23.496364,
      0.0,
      42.969378,
      19.151146,
      27.036912,
      7.24203,
      24.461968,
      25.74944,
      25.910374,
      21.243288,
      24.783836,
      22.208892000000002,
      21.565156,
      24.622902,
      13.035654,
      40.394434000000004,
      31.543064,
      9.173238,
      10.621644,
      22.369826,
      4.506151999999999,
      26.55411,
      25.105704,
      6.759228,
      17.541806,
      15.932466,
      18.50741,
      25.105704,
      7.24203,
      27.680647999999998,
      13.840323999999999,
      29.289987999999997,
      23.979166,
      4.82802,
      21.565156,
      25.427572,
      18.185542,
      18.185542,
      17.219938,
      26.715044000000002,
      23.979166,
      22.691694,
      25.105704,
      6.759228,
      28.002515999999996,
      37.175754000000005,
      45.383388,
      23.013562,
      9.495106
    ],
    [
      26.55411,
      38.785094,
      31.221196,
      23.174496,
      34.439876,
      2.092142,
      30.416525999999998,
      30.57746,
      29.450922000000002,
      30.57746,
      42.969378,
      0.0,
      38.946028,
      25.427572,
      39.911632000000004,
      30.416525999999998,
      26.071308,
      28.646252,
      33.152404000000004,
      28.807185999999998,
      20.92142,
      31.703998,
      29.129054000000004,
      34.922678,
      2.5749440000000003,
      22.852628,
      37.497622,
      34.439876,
      52.142616,
      40.072565999999995,
      22.852628,
      28.485318,
      43.291246,
      30.094658,
      34.118007999999996,
      34.761744,
      28.485318,
      36.049215999999994,
      27.841582000000002,
      36.049215999999994,
      13.67939,
      29.611855999999996,
      44.578718,
      22.691694,
      28.16345,
      27.036912,
      38.302292,
      26.875978,
      23.013562,
      30.094658,
      31.703998,
      28.646252,
      37.01482,
      26.393175999999997,
      7.0810960000000005,
      36.692952,
      54.23475800000001,
      37.658556
    ],
    [
      12.87472,
      4.82802,
      8.207633999999999,
      30.738394000000003,
      25.427572,
      36.853885999999996,
      9.012303999999999,
      11.104446000000001,
      9.977908000000001,
      8.85137,
      19.151146,
      38.946028,
      0.0,
      13.840323999999999,
      23.174496,
      8.85137,
      14.323126,
      11.587248,
      7.0810960000000005,
      10.299776000000001,
      21.243288,
      7.402963999999999,
      10.138842,
      18.829278,
      37.497622,
      31.543064,
      26.393175999999997,
      26.393175999999997,
      40.555368,
      20.438617999999998,
      16.415267999999998,
      11.748182,
      14.48406,
      19.633948,
      28.002515999999996,
      4.345218,
      11.748182,
      24.94477,
      13.357522000000001,
      14.48406,
      26.55411,
      9.495106,
      14.805927999999998,
      25.266638,
      11.26538,
      26.715044000000002,
      38.785094,
      28.324384000000002,
      17.70274,
      9.012303999999999,
      8.529501999999999,
      11.748182,
      22.691694,
      12.87472,
      34.278942,
      45.383388,
      38.302292,
      26.715044000000002
    ],
    [
      1.2874720000000002,
      13.518456,
      5.9545580000000005,
      17.059003999999998,
      19.794882,
      23.33543,
      5.149888000000001,
      5.9545580000000005,
      4.184284,
      5.149888000000001,
      27.036912,
      25.427572,
      13.840323999999999,
      0.0,
      22.047957999999998,
      5.310822,
      0.48280199999999995,
      3.5405480000000003,
      7.402963999999999,
      3.7014819999999995,
      6.759228,
      6.598293999999999,
      4.02335,
      11.426314,
      23.013562,
      16.89807,
      19.794882,
      19.794882,
      33.957074,
      22.208892000000002,
      2.896812,
      3.5405480000000003,
      19.794882,
      13.035654,
      17.70274,
      9.65604,
      3.5405480000000003,
      18.346476,
      2.735878,
      12.552852,
      11.909116000000001,
      4.506151999999999,
      20.11675,
      10.621644,
      3.057746,
      13.518456,
      32.347734,
      12.552852,
      3.057746,
      4.9889540000000006,
      6.43736,
      3.5405480000000003,
      19.151146,
      1.2874720000000002,
      19.633948,
      30.738394000000003,
      31.703998,
      20.11675
    ],
    [
      23.013562,
      22.691694,
      20.760486,
      28.807185999999998,
      7.24203,
      37.81949,
      20.277684,
      19.31208,
      20.760486,
      20.438617999999998,
      7.24203,
      39.911632000000004,
      23.174496,
      22.047957999999998,
      0.0,
      21.404222,
      22.691694,
      22.852628,
      22.53076,
      21.72609,
      19.151146,
      22.369826,
      21.565156,
      9.977908000000001,
      37.336687999999995,
      28.485318,
      6.115492,
      7.563898,
      22.208892000000002,
      4.184284,
      23.496364,
      22.047957999999998,
      10.782578,
      14.48406,
      12.87472,
      22.53076,
      22.047957999999998,
      4.184284,
      24.622902,
      17.863674,
      26.232242,
      20.92142,
      8.85137,
      18.50741,
      22.369826,
      15.127796,
      15.127796,
      14.162192000000001,
      23.657297999999997,
      20.92142,
      21.72609,
      22.047957999999998,
      3.7014819999999995,
      24.94477,
      34.118007999999996,
      42.325642,
      19.955816000000002,
      6.43736
    ],
    [
      4.345218,
      8.529501999999999,
      0.80467,
      22.208892000000002,
      17.219938,
      28.324384000000002,
      0.16093400000000002,
      1.9312079999999998,
      1.2874720000000002,
      0.21,
      24.461968,
      30.416525999999998,
      8.85137,
      5.310822,
      21.404222,
      0.0,
      6.43736,
      2.896812,
      2.41401,
      1.60934,
      11.748182,
      1.448406,
      1.2874720000000002,
      10.621644,
      28.002515999999996,
      21.887024,
      18.185542,
      18.185542,
      32.1868,
      20.599552000000003,
      7.885766,
      3.21868,
      18.346476,
      11.426314,
      19.794882,
      4.667085999999999,
      3.21868,
      16.576202000000002,
      4.82802,
      10.943512,
      16.89807,
      0.80467,
      18.668343999999998,
      15.771532,
      2.735878,
      18.50741,
      30.57746,
      17.541806,
      8.0467,
      0.48280199999999995,
      1.448406,
      3.21868,
      17.541806,
      4.345218,
      24.783836,
      35.727348,
      30.094658,
      18.50741
    ],
    [
      2.5749440000000003,
      14.162192000000001,
      6.43736,
      17.863674,
      18.50741,
      24.1401,
      6.115492,
      4.667085999999999,
      5.471756,
      6.276426,
      25.74944,
      26.071308,
      14.323126,
      0.48280199999999995,
      22.691694,
      6.43736,
      0.0,
      4.02335,
      7.402963999999999,
      4.345218,
      7.402963999999999,
      7.0810960000000005,
      4.667085999999999,
      10.138842,
      23.657297999999997,
      17.70274,
      18.50741,
      18.50741,
      32.669602,
      21.082354,
      3.7014819999999995,
      5.149888000000001,
      18.50741,
      11.909116000000001,
      18.50741,
      10.299776000000001,
      5.149888000000001,
      17.059003999999998,
      3.379614,
      11.26538,
      12.713786,
      5.149888000000001,
      18.829278,
      11.426314,
      3.7014819999999995,
      14.323126,
      26.232242,
      13.196587999999998,
      3.8624159999999996,
      5.471756,
      6.43736,
      5.149888000000001,
      17.863674,
      1.7702740000000001,
      20.438617999999998,
      31.543064,
      30.416525999999998,
      18.829278
    ],
    [
      2.5749440000000003,
      11.426314,
      3.7014819999999995,
      20.277684,
      18.829278,
      26.55411,
      2.5749440000000003,
      3.5405480000000003,
      1.60934,
      2.735878,
      25.910374,
      28.646252,
      11.587248,
      3.5405480000000003,
      22.852628,
      2.896812,
      4.02335,
      0.0,
      4.9889540000000006,
      1.1265379999999998,
      9.816974,
      4.345218,
      1.60934,
      12.391918,
      26.071308,
      19.955816000000002,
      19.794882,
      19.794882,
      33.957074,
      22.369826,
      5.9545580000000005,
      0.9656039999999999,
      20.92142,
      13.035654,
      21.404222,
      7.402963999999999,
      0.9656039999999999,
      18.346476,
      2.896812,
      12.552852,
      14.966862,
      2.092142,
      21.243288,
      13.840323999999999,
      0.6437360000000001,
      16.576202000000002,
      32.347734,
      15.610598,
      6.115492,
      2.5749440000000003,
      4.184284,
      1.1265379999999998,
      19.151146,
      2.41401,
      22.852628,
      33.79614,
      31.703998,
      20.11675
    ],
    [
      6.43736,
      6.9201619999999995,
      1.7702740000000001,
      24.1401,
      18.50741,
      30.57746,
      2.5749440000000003,
      4.184284,
      3.5405480000000003,
      2.41401,
      21.243288,
      33.152404000000004,
      7.0810960000000005,
      7.402963999999999,
      22.53076,
      2.41401,
      7.402963999999999,
      4.9889540000000006,
      0.0,
      3.8624159999999996,
      14.323126,
      0.9656039999999999,
      3.7014819999999995,
      11.909116000000001,
      30.57746,
      24.622902,
      19.473014,
      19.473014,
      33.474272,
      21.887024,
      10.46071,
      4.506151999999999,
      16.576202000000002,
      12.713786,
      21.082354,
      3.057746,
      4.506151999999999,
      17.863674,
      6.9201619999999995,
      10.782578,
      19.473014,
      3.057746,
      16.89807,
      18.346476,
      4.82802,
      19.794882,
      31.864932,
      18.829278,
      10.621644,
      2.5749440000000003,
      1.60934,
      4.506151999999999,
      18.829278,
      6.43736,
      27.35878,
      38.463226,
      31.38213,
      19.633948
    ],
    [
      2.735878,
      10.138842,
      2.2530759999999996,
      20.599552000000003,
      17.541806,
      26.875978,
      1.2874720000000002,
      2.2530759999999996,
      0.48280199999999995,
      1.448406,
      24.783836,
      28.807185999999998,
      10.299776000000001,
      3.7014819999999995,
      21.72609,
      1.60934,
      4.345218,
      1.1265379999999998,
      3.8624159999999996,
      0.0,
      10.138842,
      3.057746,
      0.32186800000000004,
      11.26538,
      26.393175999999997,
      20.438617999999998,
      18.829278,
      18.829278,
      32.99147,
      21.243288,
      6.276426,
      1.60934,
      19.794882,
      12.07005,
      20.438617999999998,
      6.276426,
      1.60934,
      17.380872,
      3.379614,
      11.587248,
      15.449663999999999,
      0.80467,
      20.11675,
      14.162192000000001,
      1.1265379999999998,
      17.059003999999998,
      31.221196,
      15.932466,
      6.598293999999999,
      1.448406,
      2.896812,
      1.7702740000000001,
      18.185542,
      2.735878,
      23.174496,
      34.278942,
      30.738394000000003,
      19.151146
    ],
    [
      7.724831999999999,
      19.955816000000002,
      12.391918,
      12.552852,
      13.518456,
      18.829278,
      11.587248,
      11.587248,
      10.46071,
      11.587248,
      22.208892000000002,
      20.92142,
      21.243288,
      6.759228,
      19.151146,
      11.748182,
      7.402963999999999,
      9.816974,
      14.323126,
      10.138842,
      0.0,
      13.035654,
      10.621644,
      13.035654,
      18.185542,
      12.230984,
      21.404222,
      13.518456,
      35.566414,
      19.151146,
      4.184284,
      9.977908000000001,
      24.461968,
      9.334171999999999,
      12.87472,
      16.254334,
      9.977908000000001,
      15.127796,
      9.334171999999999,
      17.380872,
      7.24203,
      11.104446000000001,
      24.783836,
      5.9545580000000005,
      9.65604,
      8.529501999999999,
      19.633948,
      7.563898,
      4.345218,
      11.426314,
      13.035654,
      9.977908000000001,
      16.0934,
      7.724831999999999,
      14.966862,
      26.071308,
      33.313338,
      21.72609
    ],
    [
      5.63269,
      7.0810960000000005,
      0.6437360000000001,
      23.496364,
      18.185542,
      29.77279,
      1.60934,
      3.8624159999999996,
      2.735878,
      1.60934,
      21.565156,
      31.703998,
      7.402963999999999,
      6.598293999999999,
      22.369826,
      1.448406,
      7.0810960000000005,
      4.345218,
      0.9656039999999999,
      3.057746,
      13.035654,
      0.0,
      2.896812,
      11.748182,
      30.416525999999998,
      24.301033999999998,
      19.151146,
      19.151146,
      33.313338,
      21.72609,
      10.299776000000001,
      4.506151999999999,
      16.89807,
      12.391918,
      20.760486,
      3.21868,
      4.506151999999999,
      17.70274,
      6.115492,
      10.621644,
      19.31208,
      2.092142,
      17.219938,
      18.024607999999997,
      4.02335,
      19.473014,
      31.703998,
      16.89807,
      10.46071,
      1.9312079999999998,
      1.2874720000000002,
      4.506151999999999,
      18.50741,
      5.63269,
      27.036912,
      38.141358,
      31.060262,
      19.473014
    ],
    [
      3.057746,
      9.816974,
      1.9312079999999998,
      20.92142,
      17.380872,
      27.197846,
      1.1265379999999998,
      2.092142,
      0.32186800000000004,
      1.2874720000000002,
      24.622902,
      29.129054000000004,
      10.138842,
      4.02335,
      21.565156,
      1.2874720000000002,
      4.667085999999999,
      1.60934,
      3.7014819999999995,
      0.32186800000000004,
      10.621644,
      2.896812,
      0.0,
      11.104446000000001,
      26.715044000000002,
      20.760486,
      18.50741,
      18.50741,
      32.669602,
      21.082354,
      6.759228,
      2.092142,
      19.633948,
      11.909116000000001,
      20.11675,
      5.9545580000000005,
      2.092142,
      17.059003999999998,
      3.7014819999999995,
      11.426314,
      15.771532,
      0.80467,
      19.955816000000002,
      14.48406,
      1.448406,
      17.380872,
      31.060262,
      16.254334,
      6.9201619999999995,
      1.2874720000000002,
      2.735878,
      2.092142,
      18.024607999999997,
      3.057746,
      23.496364,
      34.60081,
      30.416525999999998,
      18.829278
    ],
    [
      13.196587999999998,
      18.668343999999998,
      11.104446000000001,
      24.783836,
      5.9545580000000005,
      32.830535999999995,
      10.46071,
      9.495106,
      10.943512,
      10.621644,
      13.035654,
      34.922678,
      18.829278,
      11.426314,
      9.977908000000001,
      10.621644,
      10.138842,
      12.391918,
      11.909116000000001,
      11.26538,
      13.035654,
      11.748182,
      11.104446000000001,
      0.0,
      32.1868,
      24.301033999999998,
      8.85137,
      6.115492,
      23.013562,
      10.138842,
      12.391918,
      11.909116000000001,
      16.737136,
      4.184284,
      12.552852,
      15.449663999999999,
      11.909116000000001,
      6.115492,
      14.644993999999999,
      9.495106,
      21.082354,
      10.943512,
      14.48406,
      13.840323999999999,
      12.391918,
      11.426314,
      21.404222,
      10.299776000000001,
      12.552852,
      10.943512,
      11.748182,
      11.909116000000001,
      6.43736,
      14.805927999999998,
      28.96812,
      38.141358,
      20.760486,
      9.173238
    ],
    [
      23.979166,
      36.21015,
      28.646252,
      20.599552000000003,
      31.703998,
      0.6437360000000001,
      27.680647999999998,
      27.841582000000002,
      26.715044000000002,
      27.841582000000002,
      40.394434000000004,
      2.5749440000000003,
      37.497622,
      23.013562,
      37.336687999999995,
      28.002515999999996,
      23.657297999999997,
      26.071308,
      30.57746,
      26.393175999999997,
      18.185542,
      30.416525999999998,
      26.715044000000002,
      32.1868,
      0.0,
      20.11675,
      34.761744,
      31.864932,
      49.567672,
      37.497622,
      20.277684,
      25.910374,
      40.716302,
      28.646252,
      31.543064,
      32.1868,
      25.910374,
      33.474272,
      25.266638,
      33.474272,
      11.104446000000001,
      27.036912,
      41.84284,
      20.11675,
      25.588506,
      24.461968,
      35.566414,
      24.301033999999998,
      20.438617999999998,
      27.35878,
      29.129054000000004,
      25.910374,
      34.278942,
      23.657297999999997,
      4.345218,
      33.957074,
      51.659814000000004,
      35.083612
    ],
    [
      17.863674,
      30.255592,
      22.53076,
      0.48280199999999995,
      23.174496,
      20.760486,
      21.72609,
      21.887024,
      20.760486,
      21.887024,
      31.543064,
      22.852628,
      31.543064,
      16.89807,
      28.485318,
      21.887024,
      17.70274,
      19.955816000000002,
      24.622902,
      20.438617999999998,
      12.230984,
      24.301033999999998,
      20.760486,
      24.301033999999998,
      20.11675,
      0.0,
      25.266638,
      23.496364,
      39.42883,
      28.646252,
      14.162192000000001,
      19.955816000000002,
      34.922678,
      20.599552000000003,
      19.955816000000002,
      26.232242,
      19.955816000000002,
      24.622902,
      19.31208,
      27.519714,
      9.173238,
      21.082354,
      32.99147,
      10.621644,
      19.633948,
      14.805927999999998,
      23.979166,
      14.805927999999998,
      14.323126,
      21.404222,
      23.174496,
      19.955816000000002,
      25.427572,
      17.70274,
      16.89807,
      13.840323999999999,
      37.175754000000005,
      25.588506
    ],
    [
      20.760486,
      26.071308,
      18.50741,
      25.588506,
      5.310822,
      35.40548,
      17.863674,
      16.89807,
      18.50741,
      18.024607999999997,
      9.173238,
      37.497622,
      26.393175999999997,
      19.794882,
      6.115492,
      18.185542,
      18.50741,
      19.794882,
      19.473014,
      18.829278,
      21.404222,
      19.151146,
      18.50741,
      8.85137,
      34.761744,
      25.266638,
      0.0,
      5.310822,
      15.449663999999999,
      6.276426,
      20.92142,
      19.473014,
      12.713786,
      11.909116000000001,
      9.495106,
      23.013562,
      19.473014,
      3.057746,
      22.208892000000002,
      18.185542,
      24.1401,
      18.50741,
      10.621644,
      15.449663999999999,
      19.955816000000002,
      12.07005,
      9.173238,
      11.104446000000001,
      21.082354,
      18.50741,
      19.31208,
      19.473014,
      4.02335,
      21.72609,
      31.864932,
      39.106962,
      13.196587999999998,
      0.48280199999999995
    ],
    [
      20.760486,
      26.071308,
      18.50741,
      23.818232000000002,
      0.6437360000000001,
      32.508668,
      17.863674,
      16.89807,
      18.50741,
      18.024607999999997,
      10.621644,
      34.439876,
      26.393175999999997,
      19.794882,
      7.563898,
      18.185542,
      18.50741,
      19.794882,
      19.473014,
      18.829278,
      13.518456,
      19.151146,
      18.50741,
      6.115492,
      31.864932,
      23.496364,
      5.310822,
      0.0,
      19.794882,
      7.724831999999999,
      19.633948,
      18.185542,
      14.001257999999998,
      6.276426,
      8.0467,
      21.565156,
      18.185542,
      3.7014819999999995,
      20.760486,
      16.89807,
      20.760486,
      17.059003999999998,
      12.07005,
      13.67939,
      18.50741,
      10.299776000000001,
      11.748182,
      9.173238,
      19.794882,
      17.059003999999998,
      17.863674,
      18.185542,
      4.506151999999999,
      21.082354,
      28.646252,
      37.336687999999995,
      17.541806,
      5.9545580000000005
    ],
    [
      34.922678,
      40.2335,
      32.669602,
      39.750698,
      19.473014,
      54.395692,
      32.025866,
      31.060262,
      32.669602,
      32.1868,
      22.369826,
      52.142616,
      40.555368,
      33.957074,
      22.208892000000002,
      32.1868,
      32.669602,
      33.957074,
      33.474272,
      32.99147,
      35.566414,
      33.313338,
      32.669602,
      23.013562,
      49.567672,
      39.42883,
      15.449663999999999,
      19.794882,
      0.0,
      23.013562,
      34.761744,
      33.313338,
      21.082354,
      25.74944,
      21.887024,
      36.853885999999996,
      33.152404000000004,
      19.151146,
      35.888282000000004,
      32.025866,
      37.81949,
      32.025866,
      19.473014,
      30.094658,
      33.79614,
      26.875978,
      20.760486,
      25.74944,
      34.922678,
      32.025866,
      32.99147,
      33.152404000000004,
      19.955816000000002,
      35.40548,
      45.705256,
      54.23475800000001,
      4.184284,
      16.737136
    ],
    [
      23.174496,
      19.955816000000002,
      21.082354,
      28.96812,
      7.402963999999999,
      38.141358,
      20.438617999999998,
      19.473014,
      20.92142,
      20.599552000000003,
      4.506151999999999,
      40.072565999999995,
      20.438617999999998,
      22.208892000000002,
      4.184284,
      20.599552000000003,
      21.082354,
      22.369826,
      21.887024,
      21.243288,
      19.151146,
      21.72609,
      21.082354,
      10.138842,
      37.497622,
      28.646252,
      6.276426,
      7.724831999999999,
      23.013562,
      0.0,
      23.657297999999997,
      22.208892000000002,
      8.0467,
      14.644993999999999,
      13.035654,
      19.794882,
      22.208892000000002,
      4.345218,
      24.783836,
      15.127796,
      26.393175999999997,
      21.082354,
      5.9545580000000005,
      18.668343999999998,
      22.691694,
      15.28873,
      15.28873,
      14.323126,
      23.818232000000002,
      21.082354,
      21.887024,
      22.208892000000002,
      3.8624159999999996,
      24.461968,
      34.278942,
      42.486576,
      20.11675,
      6.598293999999999
    ],
    [
      3.8624159999999996,
      16.0934,
      8.529501999999999,
      14.48406,
      19.31208,
      20.760486,
      7.724831999999999,
      7.885766,
      6.759228,
      7.885766,
      26.55411,
      22.852628,
      16.415267999999998,
      2.896812,
      23.496364,
      7.885766,
      3.7014819999999995,
      5.9545580000000005,
      10.46071,
      6.276426,
      4.184284,
      10.299776000000001,
      6.759228,
      12.391918,
      20.277684,
      14.162192000000001,
      20.92142,
      19.633948,
      34.761744,
      23.657297999999997,
      0.0,
      5.9545580000000005,
      20.760486,
      11.748182,
      15.28873,
      12.230984,
      5.9545580000000005,
      19.31208,
      5.310822,
      15.610598,
      9.334171999999999,
      7.0810960000000005,
      21.082354,
      8.207633999999999,
      5.63269,
      10.943512,
      22.047957999999998,
      9.977908000000001,
      0.16093400000000002,
      7.563898,
      9.012303999999999,
      6.115492,
      20.11675,
      3.8624159999999996,
      17.219938,
      28.16345,
      32.669602,
      21.082354
    ],
    [
      2.5749440000000003,
      11.426314,
      3.8624159999999996,
      20.277684,
      17.863674,
      26.55411,
      3.057746,
      2.5749440000000003,
      2.092142,
      3.21868,
      25.105704,
      28.485318,
      11.748182,
      3.5405480000000003,
      22.047957999999998,
      3.21868,
      5.149888000000001,
      0.9656039999999999,
      4.506151999999999,
      1.60934,
      9.977908000000001,
      4.506151999999999,
      2.092142,
      11.909116000000001,
      25.910374,
      19.955816000000002,
      19.473014,
      18.185542,
      33.313338,
      22.208892000000002,
      5.9545580000000005,
      0.0,
      21.243288,
      12.230984,
      20.599552000000003,
      7.563898,
      0.0,
      17.541806,
      3.057746,
      14.001257999999998,
      15.127796,
      2.41401,
      21.404222,
      13.840323999999999,
      0.6437360000000001,
      16.737136,
      31.543064,
      15.610598,
      6.276426,
      2.896812,
      3.7014819999999995,
      0.308,
      18.346476,
      2.41401,
      22.852628,
      33.957074,
      30.899327999999997,
      19.31208
    ],
    [
      20.760486,
      13.840323999999999,
      17.059003999999998,
      35.244546,
      13.67939,
      41.199104000000005,
      17.863674,
      16.89807,
      19.473014,
      18.346476,
      6.759228,
      43.291246,
      14.48406,
      19.794882,
      10.782578,
      18.346476,
      18.50741,
      20.92142,
      16.576202000000002,
      19.794882,
      24.461968,
      16.89807,
      19.633948,
      16.737136,
      40.716302,
      34.922678,
      12.713786,
      14.001257999999998,
      21.082354,
      8.0467,
      20.760486,
      21.243288,
      0.0,
      17.541806,
      19.473014,
      13.840323999999999,
      21.243288,
      10.782578,
      22.852628,
      9.173238,
      31.543064,
      18.990212,
      2.41401,
      26.55411,
      20.599552000000003,
      24.1401,
      23.33543,
      20.760486,
      20.92142,
      18.50741,
      17.863674,
      21.243288,
      10.299776000000001,
      22.208892000000002,
      39.42883,
      50.533276,
      22.691694,
      13.035654
    ],
    [
      14.001257999999998,
      19.31208,
      11.748182,
      20.92142,
      6.276426,
      28.002515999999996,
      11.104446000000001,
      10.138842,
      11.748182,
      11.26538,
      17.541806,
      30.094658,
      19.633948,
      13.035654,
      14.48406,
      11.426314,
      11.909116000000001,
      13.035654,
      12.713786,
      12.07005,
      9.334171999999999,
      12.391918,
      11.909116000000001,
      4.184284,
      28.646252,
      20.599552000000003,
      11.909116000000001,
      6.276426,
      25.74944,
      14.644993999999999,
      11.748182,
      12.230984,
      17.541806,
      0.0,
      8.85137,
      15.28873,
      11.748182,
      10.621644,
      14.48406,
      10.621644,
      16.415267999999998,
      10.782578,
      18.990212,
      9.977908000000001,
      12.230984,
      7.563898,
      15.127796,
      6.598293999999999,
      12.230984,
      10.782578,
      11.587248,
      11.748182,
      11.426314,
      14.001257999999998,
      24.301033999999998,
      34.439876,
      23.979166,
      12.391918
    ],
    [
      18.990212,
      27.680647999999998,
      20.11675,
      20.277684,
      7.724831999999999,
      32.1868,
      19.473014,
      18.50741,
      20.11675,
      19.633948,
      15.932466,
      34.118007999999996,
      28.002515999999996,
      17.70274,
      12.87472,
      19.794882,
      18.50741,
      21.404222,
      21.082354,
      20.438617999999998,
      12.87472,
      20.760486,
      20.11675,
      12.552852,
      31.543064,
      19.955816000000002,
      9.495106,
      8.0467,
      21.887024,
      13.035654,
      15.28873,
      20.599552000000003,
      19.473014,
      8.85137,
      0.0,
      23.657297999999997,
      20.11675,
      9.65604,
      20.277684,
      18.990212,
      20.438617999999998,
      18.990212,
      18.024607999999997,
      10.138842,
      20.599552000000003,
      6.759228,
      6.598293999999999,
      5.793624,
      15.449663999999999,
      19.151146,
      19.794882,
      20.11675,
      10.621644,
      18.668343999999998,
      28.002515999999996,
      34.60081,
      19.794882,
      9.173238
    ],
    [
      8.690436,
      4.184284,
      4.02335,
      26.55411,
      21.243288,
      32.830535999999995,
      4.82802,
      6.9201619999999995,
      5.9545580000000005,
      4.82802,
      18.50741,
      34.761744,
      4.345218,
      9.65604,
      22.53076,
      4.667085999999999,
      10.299776000000001,
      7.402963999999999,
      3.057746,
      6.276426,
      16.254334,
      3.21868,
      5.9545580000000005,
      15.449663999999999,
      32.1868,
      26.232242,
      23.013562,
      21.565156,
      36.853885999999996,
      19.794882,
      12.230984,
      7.563898,
      13.840323999999999,
      15.28873,
      23.657297999999997,
      0.0,
