{
  "drive_dist_matrix": [
    [
      0.0,
      2.0,
      3.1,
      1.0,
      0.5,
      0.25,
      1.8,
      0.16,
      1.9,
      3.5,
      7.0,
      0.9,
      2.9,
      2.0,
      1.8,
      0.7,
      0.6,
      0.11,
      1.8,
      17.9
    ],
    [
      2.0,
      0.0,
      0.85,
      2.2,
      2.3,
      2.4,
      2.1,
      2.4,
      1.4,
      1.5,
      8.9,
      3.7,
      1.4,
      1.4,
      0.55,
      3.2,
      2.1,
      2.2,
      0.45,
      13.0
    ],
    [
      3.1,
      0.85,
      0.0,
      2.4,
      5.7,
      5.8,
      0.65,
      2.4,
      0.4,
      0.35,
      7.9,
      4.1,
      0.85,
      1.4,
      0.7,
      3.6,
      5.5,
      2.2,
      0.5,
      13.5
    ],
    [
      1.0,
      2.2,
      2.4,
      0.0,
      3.6,
      3.8,
      1.6,
      1.2,
      2.4,
      3.2,
      8.4,
      2.1,
      2.6,
      2.3,
      1.6,
      1.5,
      2.2,
      0.9,
      1.7,
      16.8
    ],
    [
      0.5,
      2.3,
      5.7,
      3.6,
      0.0,
      0.24,
      2.3,
      0.4,
      2.5,
      4.1,
      7.5,
      2.7,
      3.5,
      2.5,
      1.5,
      2.1,
      0.18,
      0.6,
      2.4,
      18.0
    ],
    [
      0.25,
      2.4,
      5.8,
      3.8,
      0.24,
      0.0,
      2.1,
      0.26,
      2.2,
      3.8,
      7.3,
      1.0,
      3.2,
      2.3,
      2.1,
      1.9,
      0.35,
      0.35,
      2.1,
      18.1
    ],
    [
      1.8,
      2.1,
      0.65,
      1.6,
      2.3,
      2.1,
      0.0,
      3.6,
      0.22,
      0.85,
      8.8,
      5.3,
      1.2,
      2.7,
      1.1,
      4.8,
      6.7,
      3.4,
      0.9,
      13.9
    ],
    [
      0.16,
      2.4,
      2.4,
      1.2,
      0.4,
      0.26,
      3.6,
      0.0,
      4.5,
      6.1,
      6.7,
      0.85,
      6.3,
      4.2,
      1.2,
      0.65,
      0.45,
      0.26,
      4.9,
      17.7
    ],
    [
      1.9,
      1.4,
      0.4,
      2.4,
      2.5,
      2.2,
      0.22,
      4.5,
      0.0,
      0.65,
      8.1,
      4.3,
      1.6,
      1.7,
      0.85,
      3.7,
      5.7,
      1.8,
      0.7,
      14.3
    ],
    [
      3.5,
      1.5,
      0.35,
      3.2,
      4.1,
      3.8,
      0.85,
      6.1,
      0.65,
      0.0,
      8.2,
      5.5,
      0.7,
      2.3,
      1.7,
      4.9,
      3.1,
      3.9,
      0.7,
      13.0
    ],
    [
      7.0,
      8.9,
      7.9,
      8.4,
      7.5,
      7.3,
      8.8,
      6.7,
      8.1,
      8.2,
      0.0,
      3.3,
      8.6,
      10.3,
      11.4,
      3.6,
      4.5,
      5.2,
      11.0,
      17.9
    ],
    [
      0.9,
      3.7,
      4.1,
      2.1,
      2.7,
      1.0,
      5.3,
      0.85,
      4.3,
      5.5,
      3.3,
      0.0,
      5.3,
      3.2,
      4.4,
      0.7,
      1.7,
      1.0,
      3.9,
      18.3
    ],
    [
      2.9,
      1.4,
      0.85,
      2.6,
      3.5,
      3.2,
      1.2,
      6.3,
      1.6,
      0.7,
      8.6,
      5.3,
      0.0,
      1.9,
      1.4,
      4.7,
      8.7,
      3.7,
      1.1,
      12.7
    ],
    [
      2.0,
      1.4,
      1.4,
      2.3,
      2.5,
      2.3,
      2.7,
      4.2,
      1.7,
      2.3,
      10.3,
      3.2,
      1.9,
      0.0,
      1.1,
      1.8,
      3.7,
      2.9,
      0.8,
      15.6
    ],
    [
      1.8,
      0.55,
      0.7,
      1.6,
      1.5,
      2.1,
      1.1,
      1.2,
      0.85,
      1.7,
      11.4,
      4.4,
      1.4,
      1.1,
      0.0,
      1.9,
      2.6,
      1.0,
      0.25,
      16.7
    ],
    [
      0.7,
      3.2,
      3.6,
      1.5,
      2.1,
      1.9,
      4.8,
      0.65,
      3.7,
      4.9,
      3.6,
      0.7,
      4.7,
      1.8,
      1.9,
      0.0,
      2.0,
      0.9,
      2.9,
      17.1
    ],
    [
      0.6,
      2.1,
      5.5,
      2.2,
      0.18,
      0.35,
      6.7,
      0.45,
      5.7,
      3.1,
      4.5,
      1.7,
      8.7,
      3.7,
      2.6,
      2.0,
      0.0,
      0.7,
      2.5,
      16.5
    ],
    [
      0.11,
      2.2,
      2.2,
      0.9,
      0.6,
      0.35,
      3.4,
      0.26,
      1.8,
      3.9,
      5.2,
      1.0,
      3.7,
      2.9,
      1.0,
      0.9,
      0.7,
      0.0,
      1.7,
      18.2
    ],
    [
      1.8,
      0.45,
      0.5,
      1.7,
      2.4,
      2.1,
      0.9,
      4.9,
      0.7,
      0.7,
      11.0,
      3.9,
      1.1,
      0.8,
      0.25,
      2.9,
      2.5,
      1.7,
      0.0,
      13.5
    ],
    [
      17.9,
      13.0,
      13.5,
      16.8,
      18.0,
      18.1,
      13.9,
      17.7,
      14.3,
      13.0,
      17.9,
      18.3,
      12.7,
      15.6,
      16.7,
      17.1,
      16.5,
      18.2,
      13.5,
      0.0
    ]
  ],
  "drive_time_matrix": [
    [
      0.0,
      8.0,
      10.0,
      4.0,
      6.0,
      3.0,
      6.0,
      2.0,
      9.0,
      13.0,
      15.0,
      11.0,
      10.0,
      9.0,
      6.0,
      11.0,
      7.0,
      1.0,
      5.0,
      29.0
    ],
    [
      8.0,
      0.0,
      4.0,
      12.0,
      12.0,
      13.0,
      12.0,
      11.0,
      8.0,
      9.0,
      19.0,
      15.0,
      8.0,
      9.0,
      7.0,
      13.0,
      12.0,
      8.0,
      5.0,
      24.0
    ],
    [
      10.0,
      4.0,
      0.0,
      8.0,
      14.0,
      16.0,
      9.0,
      13.0,
      5.0,
      4.0,
      13.0,
      9.0,
      10.0,
      8.0,
      6.0,
      7.0,
      14.0,
      10.0,
      6.0,
      23.0
    ],
    [
      4.0,
      12.0,
      8.0,
      0.0,
      9.0,
      14.0,
      6.0,
      6.0,
      8.0,
      11.0,
      14.0,
      7.0,
      8.0,
      8.0,
      11.0,
      5.0,
      11.0,
      5.0,
      9.0,
      25.0
    ],
    [
      6.0,
      12.0,
      14.0,
      9.0,
      0.0,
      3.0,
      9.0,
      5.0,
      12.0,
      15.0,
      18.0,
      9.0,
      12.0,
      12.0,
      12.0,
      8.0,
      2.0,
      6.0,
      11.0,
      26.0
    ],
    [
      3.0,
      13.0,
      16.0,
      14.0,
      3.0,
      0.0,
      8.0,
      3.0,
      12.0,
      15.0,
      17.0,
      16.0,
      12.0,
      11.0,
      10.0,
      7.0,
      4.0,
      4.0,
      9.0,
      27.0
    ],
    [
      6.0,
      12.0,
      9.0,
      6.0,
      9.0,
      8.0,
      0.0,
      16.0,
      5.0,
      11.0,
      14.0,
      14.0,
      4.0,
      12.0,
      15.0,
      12.0,
      16.0,
      16.0,
      12.0,
      23.0
    ],
    [
      2.0,
      11.0,
      13.0,
      6.0,
      5.0,
      3.0,
      16.0,
      0.0,
      12.0,
      14.0,
      14.0,
      14.0,
      15.0,
      10.0,
      8.0,
      10.0,
      6.0,
      3.0,
      6.0,
      29.0
    ],
    [
      9.0,
      8.0,
      5.0,
      8.0,
      12.0,
      12.0,
      5.0,
      12.0,
      0.0,
      8.0,
      14.0,
      11.0,
      5.0,
      8.0,
      11.0,
      9.0,
      16.0,
      10.0,
      7.0,
      25.0
    ],
    [
      13.0,
      9.0,
      4.0,
      11.0,
      15.0,
      15.0,
      11.0,
      14.0,
      8.0,
      0.0,
      13.0,
      14.0,
      8.0,
      12.0,
      10.0,
      13.0,
      14.0,
      14.0,
      6.0,
      21.0
    ],
    [
      15.0,
      19.0,
      13.0,
      14.0,
      18.0,
      17.0,
      14.0,
      14.0,
      14.0,
      13.0,
      0.0,
      7.0,
      12.0,
      11.0,
      18.0,
      7.0,
      11.0,
      14.0,
      15.0,
      24.0
    ],
    [
      11.0,
      15.0,
      9.0,
      7.0,
      9.0,
      16.0,
      14.0,
      14.0,
      11.0,
      14.0,
      7.0,
      0.0,
      13.0,
      7.0,
      14.0,
      7.0,
      6.0,
      9.0,
      11.0,
      26.0
    ],
    [
      10.0,
      8.0,
      10.0,
      8.0,
      12.0,
      12.0,
      4.0,
      15.0,
      5.0,
      8.0,
      12.0,
      13.0,
      0.0,
      11.0,
      9.0,
      12.0,
      14.0,
      12.0,
      8.0,
      20.0
    ],
    [
      9.0,
      9.0,
      8.0,
      8.0,
      12.0,
      11.0,
      12.0,
      10.0,
      8.0,
      12.0,
      11.0,
      7.0,
      11.0,
      0.0,
      8.0,
      4.0,
      10.0,
      9.0,
      9.0,
      20.0
    ],
    [
      6.0,
      7.0,
      6.0,
      11.0,
      12.0,
      10.0,
      15.0,
      8.0,
      11.0,
      10.0,
      18.0,
      14.0,
      9.0,
      8.0,
      0.0,
      9.0,
      13.0,
      5.0,
      3.0,
      27.0
    ],
    [
      11.0,
      13.0,
      7.0,
      5.0,
      8.0,
      7.0,
      12.0,
      10.0,
      9.0,
      13.0,
      7.0,
      7.0,
      12.0,
      4.0,
      9.0,
      0.0,
      6.0,
      12.0,
      9.0,
      23.0
    ],
    [
      7.0,
      12.0,
      14.0,
      11.0,
      2.0,
      4.0,
      16.0,
      6.0,
      16.0,
      14.0,
      11.0,
      6.0,
      14.0,
      10.0,
      13.0,
      6.0,
      0.0,
      8.0,
      12.0,
      24.0
    ],
    [
      1.0,
      8.0,
      10.0,
      5.0,
      6.0,
      4.0,
      16.0,
      3.0,
      10.0,
      14.0,
      14.0,
      9.0,
      12.0,
      9.0,
      5.0,
      12.0,
      8.0,
      0.0,
      4.0,
      28.0
    ],
    [
      5.0,
      5.0,
      6.0,
      9.0,
      11.0,
      9.0,
      12.0,
      6.0,
      7.0,
      6.0,
      15.0,
      11.0,
      8.0,
      9.0,
      3.0,
      9.0,
      12.0,
      4.0,
      0.0,
      23.0
    ],
    [
      29.0,
      24.0,
      23.0,
      25.0,
      26.0,
      27.0,
      23.0,
      29.0,
      25.0,
      21.0,
      24.0,
      26.0,
      20.0,
      20.0,
      27.0,
      23.0,
      24.0,
      28.0,
      23.0,
      0.0
    ]
  ],
  "transit_dist_walk_matrix": [
    [
      0.0,
      0.33332,
      0.66664,
      0.41665,
      NaN,
      NaN,
      NaN,
      NaN,
      0.8333,
      0.8333,
      0.58331,
      0.8333,
      0.66664,
      0.8333,
      0.33332,
      NaN,
      NaN,
      NaN,
      0.24999,
      0.9166300000000001
    ],
    [
      0.33332,
      0.0,
      NaN,
      NaN,
      0.9166300000000001,
      0.74997,
      NaN,
      0.58331,
      0.49998,
      NaN,
      0.8333,
      1.08329,
      0.8333,
      0.74997,
      NaN,
      0.8333,
      0.99996,
      0.41665,
      NaN,
      1.08329
    ],
    [
      0.66664,
      NaN,
      0.0,
      0.49998,
      0.49998,
      0.66664,
      NaN,
      0.8333,
      NaN,
      NaN,
      0.9166300000000001,
      1.33328,
      NaN,
      NaN,
      0.33332,
      1.08329,
      0.58331,
      0.66664,
      0.16666,
      1.41661
    ],
    [
      0.41665,
      NaN,
      0.49998,
      0.0,
      0.24999,
      0.41665,
      0.49998,
      0.66664,
      0.58331,
      0.49998,
      0.33332,
      0.99996,
      0.49998,
      NaN,
      NaN,
      NaN,
      0.33332,
      0.49998,
      NaN,
      1.58327
    ],
    [
      NaN,
      0.9166300000000001,
      0.49998,
      0.24999,
      0.0,
      NaN,
      0.41665,
      NaN,
      NaN,
      0.41665,
      0.58331,
      NaN,
      NaN,
      0.8333,
      0.8333,
      NaN,
      NaN,
      0.41665,
      0.74997,
      1.41661
    ],
    [
      NaN,
      0.74997,
      0.66664,
      0.41665,
      NaN,
      0.0,
      NaN,
      NaN,
      0.66664,
      0.58331,
      0.8333,
      0.8333,
      0.99996,
      1.08329,
      0.66664,
      NaN,
      NaN,
      NaN,
      0.58331,
      1.2499500000000001
    ],
    [
      NaN,
      NaN,
      NaN,
      0.49998,
      0.41665,
      NaN,
      0.0,
      0.9166300000000001,
      NaN,
      0.74997,
      1.41661,
      1.8332600000000001,
      0.74997,
      NaN,
      NaN,
      1.49994,
      0.58331,
      0.74997,
      0.8333,
      0.9166300000000001
    ],
    [
      NaN,
      0.58331,
      0.8333,
      0.66664,
      NaN,
      NaN,
      0.9166300000000001,
      0.0,
      0.99996,
      0.99996,
      0.66664,
      NaN,
      0.8333,
      0.9166300000000001,
      0.49998,
      NaN,
      NaN,
      NaN,
      0.33332,
      0.99996
    ],
    [
      0.8333,
      0.49998,
      NaN,
      0.58331,
      NaN,
      0.66664,
      NaN,
      0.99996,
      0.0,
      NaN,
      1.16662,
      1.41661,
      NaN,
      NaN,
      NaN,
      1.16662,
      0.58331,
      0.74997,
      0.41665,
      0.49998
    ],
    [
      0.8333,
      NaN,
      NaN,
      0.49998,
      0.41665,
      0.58331,
      0.74997,
      0.99996,
      NaN,
      0.0,
      0.9166300000000001,
      1.49994,
      NaN,
      NaN,
      NaN,
      1.2499500000000001,
      0.58331,
      0.8333,
      NaN,
      0.58331
    ],
    [
      0.58331,
      0.8333,
      0.9166300000000001,
      0.33332,
      0.58331,
      0.8333,
      1.41661,
      0.66664,
      1.16662,
      0.9166300000000001,
      0.0,
      1.2499500000000001,
      0.8333,
      0.66664,
      1.16662,
      1.41661,
      0.66664,
      0.58331,
      1.08329,
      1.41661
    ],
    [
      0.8333,
      1.08329,
      1.33328,
      0.99996,
      NaN,
      0.8333,
      1.8332600000000001,
      NaN,
      1.41661,
      1.49994,
      1.2499500000000001,
      0.0,
      1.2499500000000001,
      1.58327,
      0.9166300000000001,
      NaN,
      NaN,
      0.74997,
      0.8333,
      1.49994
    ],
    [
      0.66664,
      0.8333,
      NaN,
      0.49998,
      NaN,
      0.99996,
      0.74997,
      0.8333,
      NaN,
      NaN,
      0.8333,
      1.2499500000000001,
      0.0,
      1.16662,
      0.8333,
      1.08329,
      0.49998,
      0.66664,
      0.66664,
      1.41661
    ],
    [
      0.8333,
      0.74997,
      NaN,
      NaN,
      0.8333,
      1.08329,
      NaN,
      0.9166300000000001,
      NaN,
      NaN,
      0.66664,
      1.58327,
      1.16662,
      0.0,
      NaN,
      1.33328,
      0.9166300000000001,
      0.9166300000000001,
      NaN,
      0.74997
    ],
    [
      0.33332,
      NaN,
      0.33332,
      NaN,
      0.8333,
      0.66664,
      NaN,
      0.49998,
      NaN,
      NaN,
      1.16662,
      0.9166300000000001,
      0.8333,
      NaN,
      0.0,
      0.66664,
      0.8333,
      0.24999,
      NaN,
      1.08329
    ],
    [
      NaN,
      0.8333,
      1.08329,
      NaN,
      NaN,
      NaN,
      1.49994,
      NaN,
      1.16662,
      1.2499500000000001,
      1.41661,
      NaN,
      1.08329,
      1.33328,
      0.66664,
      0.0,
      NaN,
      0.58331,
      NaN,
      1.41661
    ],
    [
      NaN,
      0.99996,
      0.58331,
      0.33332,
      NaN,
      NaN,
      0.58331,
      NaN,
      0.58331,
      0.58331,
      0.66664,
      NaN,
      0.49998,
      0.9166300000000001,
      0.8333,
      NaN,
      0.0,
      0.58331,
      0.8333,
      1.49994
    ],
    [
      NaN,
      0.41665,
      0.66664,
      0.49998,
      0.41665,
      NaN,
      0.74997,
      NaN,
      0.74997,
      0.8333,
      0.58331,
      0.74997,
      0.66664,
      0.9166300000000001,
      0.24999,
      0.58331,
      0.58331,
      0.0,
      0.24999,
      0.9166300000000001
    ],
    [
      0.24999,
      NaN,
      0.16666,
      NaN,
      0.74997,
      0.58331,
      0.8333,
      0.33332,
      0.41665,
      NaN,
      1.08329,
      0.8333,
      0.66664,
      NaN,
      NaN,
      NaN,
      0.8333,
      0.24999,
      0.0,
      0.9166300000000001
    ],
    [
      0.9166300000000001,
      1.08329,
      1.41661,
      1.58327,
      1.41661,
      1.2499500000000001,
      0.9166300000000001,
      0.99996,
      0.49998,
      0.58331,
      1.41661,
      1.49994,
      1.41661,
      0.74997,
      1.08329,
      1.41661,
      1.49994,
      0.9166300000000001,
      0.9166300000000001,
      0.0
    ]
  ],
  "transit_time_matrix": [
    [
      0.0,
      8.0,
      10.0,
      9.0,
      NaN,
      NaN,
      0.0,
      NaN,
      12.0,
      12.0,
      27.0,
      11.0,
      13.0,
      12.0,
      6.0,
      NaN,
      NaN,
      NaN,
      5.0,
      32.0
    ],
    [
      8.0,
      0.0,
      0.0,
      NaN,
      15.0,
      13.0,
      0.0,
      11.0,
      8.0,
      0.0,
      39.0,
      18.0,
      11.0,
      9.0,
      NaN,
      14.0,
      16.0,
      8.0,
      NaN,
      30.0
    ],
    [
      10.0,
      0.0,
      0.0,
      7.0,
      14.0,
      17.0,
      NaN,
      13.0,
      NaN,
      NaN,
      31.0,
      9.0,
      NaN,
      NaN,
      6.0,
      16.0,
      16.0,
      10.0,
      6.0,
      23.0
    ],
    [
      9.0,
      NaN,
      7.0,
      0.0,
      9.0,
      14.0,
      7.0,
      6.0,
      8.0,
      10.0,
      14.0,
      16.0,
      10.0,
      NaN,
      NaN,
      NaN,
      11.0,
      11.0,
      NaN,
      37.0
    ],
    [
      NaN,
      15.0,
      14.0,
      9.0,
      0.0,
      NaN,
      9.0,
      NaN,
      0.0,
      16.0,
      32.0,
      NaN,
      0.0,
      12.0,
      12.0,
      NaN,
      NaN,
      6.0,
      11.0,
      26.0
    ],
    [
      NaN,
      13.0,
      17.0,
      14.0,
      NaN,
      0.0,
      0.0,
      NaN,
      12.0,
      18.0,
      32.0,
      16.0,
      17.0,
      17.0,
      10.0,
      NaN,
      NaN,
      NaN,
      9.0,
      36.0
    ],
    [
      0.0,
      0.0,
      NaN,
      7.0,
      9.0,
      0.0,
      0.0,
      16.0,
      NaN,
      11.0,
      14.0,
      26.0,
      11.0,
      NaN,
      NaN,
      21.0,
      16.0,
      16.0,
      12.0,
      23.0
    ],
    [
      NaN,
      11.0,
      13.0,
      6.0,
      NaN,
      NaN,
      16.0,
      0.0,
      14.0,
      14.0,
      30.0,
      NaN,
      15.0,
      15.0,
      8.0,
      NaN,
      NaN,
      NaN,
      6.0,
      29.0
    ],
    [
      12.0,
      8.0,
      NaN,
      8.0,
      0.0,
      12.0,
      NaN,
      14.0,
      0.0,
      NaN,
      32.0,
      11.0,
      0.0,
      NaN,
      NaN,
      17.0,
      16.0,
      11.0,
      7.0,
      25.0
    ],
    [
      12.0,
      0.0,
      NaN,
      10.0,
      16.0,
      18.0,
      11.0,
      14.0,
      NaN,
      0.0,
      34.0,
      22.0,
      NaN,
      NaN,
      0.0,
      18.0,
      19.0,
      14.0,
      0.0,
      21.0
    ],
    [
      27.0,
      39.0,
      31.0,
      14.0,
      32.0,
      32.0,
      14.0,
      30.0,
      32.0,
      34.0,
      0.0,
      24.0,
      35.0,
      26.0,
      32.0,
      35.0,
      36.0,
      30.0,
      36.0,
      68.0
    ],
    [
      11.0,
      18.0,
      9.0,
      16.0,
      NaN,
      16.0,
      26.0,
      NaN,
      11.0,
      22.0,
      24.0,
      0.0,
      13.0,
      22.0,
      14.0,
      NaN,
      0.0,
      9.0,
      13.0,
      26.0
    ],
    [
      13.0,
      11.0,
      NaN,
      10.0,
      0.0,
      17.0,
      11.0,
      15.0,
      0.0,
      NaN,
      35.0,
      13.0,
      0.0,
      16.0,
      12.0,
      18.0,
      14.0,
      12.0,
      10.0,
      20.0
    ],
    [
      12.0,
      9.0,
      NaN,
      NaN,
      12.0,
      17.0,
      NaN,
      15.0,
      NaN,
      NaN,
      26.0,
      22.0,
      16.0,
      0.0,
      NaN,
      4.0,
      20.0,
      13.0,
      0.0,
      41.0
    ],
    [
      6.0,
      NaN,
      6.0,
      NaN,
      12.0,
      10.0,
      NaN,
      8.0,
      NaN,
      0.0,
      32.0,
      14.0,
      12.0,
      NaN,
      0.0,
      11.0,
      13.0,
      5.0,
      NaN,
      27.0
    ],
    [
      NaN,
      14.0,
      16.0,
      NaN,
      NaN,
      NaN,
      21.0,
      NaN,
      17.0,
      18.0,
      35.0,
      NaN,
      18.0,
      4.0,
      11.0,
      0.0,
      NaN,
      12.0,
      0.0,
      23.0
    ],
    [
      NaN,
      16.0,
      16.0,
      11.0,
      NaN,
      NaN,
      16.0,
      NaN,
      16.0,
      19.0,
      36.0,
      0.0,
      14.0,
      20.0,
      13.0,
      NaN,
      0.0,
      8.0,
      12.0,
      24.0
    ],
    [
      NaN,
      8.0,
      10.0,
      11.0,
      6.0,
      NaN,
      16.0,
      NaN,
      11.0,
      14.0,
      30.0,
      9.0,
      12.0,
      13.0,
      5.0,
      12.0,
      8.0,
      0.0,
      4.0,
      31.0
    ],
    [
      5.0,
      NaN,
      6.0,
      NaN,
      11.0,
      9.0,
      12.0,
      6.0,
      7.0,
      0.0,
      36.0,
      13.0,
      10.0,
      0.0,
      NaN,
      0.0,
      12.0,
      4.0,
      0.0,
      29.0
    ],
    [
      32.0,
      30.0,
      23.0,
      37.0,
      26.0,
      36.0,
      23.0,
      29.0,
      25.0,
      21.0,
      68.0,
      26.0,
      20.0,
      41.0,
      27.0,
      23.0,
      24.0,
      31.0,
      29.0,
      0.0
    ]
  ],
  "walk_dist_matrix": [
    [
      0.0,
      1.4,
      1.7,
      1.1,
      0.5,
      0.25,
      1.9,
      0.16,
      1.7,
      1.9,
      2.8,
      0.9,
      2.4,
      1.6,
      1.0,
      0.7,
      0.6,
      0.11,
      1.3,
      11.9
    ],
    [
      1.4,
      0.0,
      0.85,
      1.1,
      1.4,
      1.5,
      1.3,
      1.6,
      1.1,
      1.0,
      3.8,
      2.3,
      1.4,
      1.2,
      0.55,
      1.8,
      1.6,
      1.4,
      0.45,
      11.0
    ],
    [
      1.7,
      0.85,
      0.0,
      1.0,
      2.0,
      1.8,
      0.65,
      1.9,
      0.4,
      0.35,
      3.3,
      2.5,
      0.85,
      0.7,
      0.7,
      1.8,
      2.2,
      1.7,
      0.5,
      10.2
    ],
    [
      1.1,
      1.1,
      1.0,
      0.0,
      1.5,
      1.3,
      0.9,
      1.2,
      0.75,
      1.2,
      2.7,
      1.7,
      1.7,
      0.6,
      0.7,
      1.0,
      1.7,
      1.0,
      0.75,
      10.9
    ],
    [
      0.5,
      1.4,
      2.0,
      1.5,
      0.0,
      0.24,
      2.3,
      0.4,
      2.0,
      2.2,
      3.1,
      1.2,
      2.6,
      2.0,
      1.3,
      1.0,
      0.18,
      0.6,
      1.5,
      12.2
    ],
    [
      0.25,
      1.5,
      1.8,
      1.3,
      0.24,
      0.0,
      2.1,
      0.26,
      1.8,
      2.0,
      2.9,
      1.0,
      2.5,
      1.7,
      1.2,
      0.8,
      0.35,
      0.35,
      1.4,
      12.0
    ],
    [
      1.9,
      1.3,
      0.65,
      0.9,
      2.3,
      2.1,
      0.0,
      2.0,
      0.22,
      0.85,
      3.2,
      2.5,
      1.2,
      0.55,
      1.1,
      1.9,
      2.4,
      1.8,
      0.9,
      10.3
    ],
    [
      0.16,
      1.6,
      1.9,
      1.2,
      0.4,
      0.26,
      2.0,
      0.0,
      1.8,
      2.1,
      2.8,
      0.85,
      2.6,
      1.7,
      1.2,
      0.65,
      0.45,
      0.26,
      1.5,
      12.0
    ],
    [
      1.7,
      1.1,
      0.4,
      0.75,
      2.0,
      1.8,
      0.22,
      1.8,
      0.0,
      0.65,
      3.0,
      2.4,
      1.1,
      0.35,
      0.85,
      1.7,
      2.1,
      1.6,
      0.7,
      10.5
    ],
    [
      1.9,
      1.0,
      0.35,
      1.2,
      2.2,
      2.0,
      0.85,
      2.1,
      0.65,
      0.0,
      3.5,
      2.8,
      0.7,
      0.95,
      0.9,
      2.1,
      2.4,
      1.9,
      0.7,
      10.1
    ],
    [
      2.8,
      3.8,
      3.3,
      2.7,
      3.1,
      2.9,
      3.2,
      2.8,
      3.0,
      3.5,
      0.0,
      2.4,
      3.9,
      2.6,
      3.4,
      2.3,
      3.2,
      2.9,
      3.4,
      10.9
    ],
    [
      0.9,
      2.3,
      2.5,
      1.7,
      1.2,
      1.0,
      2.5,
      0.85,
      2.4,
      2.8,
      2.4,
      0.0,
      3.3,
      2.1,
      2.0,
      0.7,
      1.2,
      1.0,
      2.2,
      12.5
    ],
    [
      2.4,
      1.4,
      0.85,
      1.7,
      2.6,
      2.5,
      1.2,
      2.6,
      1.1,
      0.7,
      3.9,
      3.3,
      0.0,
      1.4,
      1.4,
      2.6,
      2.8,
      2.3,
      1.1,
      9.7
    ],
    [
      1.6,
      1.2,
      0.7,
      0.6,
      2.0,
      1.7,
      0.55,
      1.7,
      0.35,
      0.95,
      2.6,
      2.1,
      1.4,
      0.0,
      1.0,
      1.5,
      2.1,
      1.5,
      0.8,
      10.4
    ],
    [
      1.0,
      0.55,
      0.7,
      0.7,
      1.3,
      1.2,
      1.1,
      1.2,
      0.85,
      0.9,
      3.4,
      2.0,
      1.4,
      1.0,
      0.0,
      1.3,
      1.5,
      1.0,
      0.25,
      10.9
    ],
    [
      0.7,
      1.8,
      1.8,
      1.0,
      1.0,
      0.8,
      1.9,
      0.65,
      1.7,
      2.1,
      2.3,
      0.7,
      2.6,
      1.5,
      1.3,
      0.0,
      1.0,
      0.9,
      1.6,
      11.8
    ],
    [
      0.6,
      1.6,
      2.2,
      1.7,
      0.18,
      0.35,
      2.4,
      0.45,
      2.1,
      2.4,
      3.2,
      1.2,
      2.8,
      2.1,
      1.5,
      1.0,
      0.0,
      0.7,
      1.7,
      12.4
    ],
    [
      0.11,
      1.4,
      1.7,
      1.0,
      0.6,
      0.35,
      1.8,
      0.26,
      1.6,
      1.9,
      2.9,
      1.0,
      2.3,
      1.5,
      1.0,
      0.9,
      0.7,
      0.0,
      1.2,
      11.8
    ],
    [
      1.3,
      0.45,
      0.5,
      0.75,
      1.5,
      1.4,
      0.9,
      1.5,
      0.7,
      0.7,
      3.4,
      2.2,
      1.1,
      0.8,
      0.25,
      1.6,
      1.7,
      1.2,
      0.0,
      10.7
    ],
    [
      11.9,
      11.0,
      10.2,
      10.9,
      12.2,
      12.0,
      10.3,
      12.0,
      10.5,
      10.1,
      10.9,
      12.5,
      9.7,
      10.4,
      10.9,
      11.8,
      12.4,
      11.8,
      10.7,
      0.0
    ]
  ],
  "walk_time_matrix": [
    [
      0.0,
      8.0,
      10.0,
      14.0,
      6.0,
      3.0,
      24.0,
      2.0,
      12.0,
      24.0,
      46.0,
      11.0,
      30.0,
      20.0,
      13.0,
      11.0,
      7.0,
      1.0,
      16.0,
      146.0
    ],
    [
      8.0,
      0.0,
      10.0,
      14.0,
      15.0,
      13.0,
      17.0,
      11.0,
      8.0,
      12.0,
      58.0,
      18.0,
      11.0,
      15.0,
      7.0,
      24.0,
      20.0,
      8.0,
      5.0,
      135.0
    ],
    [
      10.0,
      10.0,
      0.0,
      12.0,
      14.0,
      23.0,
      9.0,
      23.0,
      5.0,
      4.0,
      31.0,
      35.0,
      10.0,
      9.0,
      9.0,
      25.0,
      27.0,
      10.0,
      4.0,
      126.0
    ],
    [
      14.0,
      14.0,
      12.0,
      0.0,
      19.0,
      17.0,
      12.0,
      16.0,
      10.0,
      15.0,
      45.0,
      25.0,
      21.0,
      8.0,
      9.0,
      16.0,
      11.0,
      13.0,
      9.0,
      135.0
    ],
    [
      6.0,
      15.0,
      14.0,
      19.0,
      0.0,
      3.0,
      13.0,
      5.0,
      25.0,
      28.0,
      50.0,
      19.0,
      34.0,
      25.0,
      18.0,
      15.0,
      2.0,
      6.0,
      11.0,
      151.0
    ],
    [
      3.0,
      13.0,
      23.0,
      17.0,
      3.0,
      0.0,
      26.0,
      3.0,
      16.0,
      26.0,
      32.0,
      16.0,
      17.0,
      22.0,
      15.0,
      12.0,
      4.0,
      4.0,
      18.0,
      148.0
    ],
    [
      24.0,
      17.0,
      9.0,
      12.0,
      13.0,
      26.0,
      0.0,
      26.0,
      5.0,
      12.0,
      54.0,
      36.0,
      15.0,
      9.0,
      15.0,
      27.0,
      16.0,
      24.0,
      13.0,
      130.0
    ],
    [
      2.0,
      11.0,
      23.0,
      16.0,
      5.0,
      3.0,
      26.0,
      0.0,
      23.0,
      26.0,
      45.0,
      14.0,
      32.0,
      21.0,
      8.0,
      10.0,
      6.0,
      3.0,
      19.0,
      149.0
    ],
    [
      12.0,
      8.0,
      5.0,
      10.0,
      25.0,
      16.0,
      5.0,
      23.0,
      0.0,
      8.0,
      32.0,
      33.0,
      13.0,
      5.0,
      11.0,
      23.0,
      27.0,
      11.0,
      9.0,
      129.0
    ],
    [
      24.0,
      12.0,
      4.0,
      15.0,
      28.0,
      26.0,
      12.0,
      26.0,
      8.0,
      0.0,
      57.0,
      38.0,
      8.0,
      12.0,
      11.0,
      28.0,
      30.0,
      23.0,
      8.0,
      125.0
    ],
    [
      46.0,
      58.0,
      31.0,
      45.0,
      50.0,
      32.0,
      54.0,
      45.0,
      32.0,
      57.0,
      0.0,
      24.0,
      52.0,
      35.0,
      32.0,
      30.0,
      44.0,
      41.0,
      45.0,
      133.0
    ],
    [
      11.0,
      18.0,
      35.0,
      25.0,
      19.0,
      16.0,
      36.0,
      14.0,
      33.0,
      38.0,
      24.0,
      0.0,
      21.0,
      27.0,
      25.0,
      7.0,
      18.0,
      9.0,
      13.0,
      154.0
    ],
    [
      30.0,
      11.0,
      10.0,
      21.0,
      34.0,
      17.0,
      15.0,
      32.0,
      13.0,
      8.0,
      52.0,
      21.0,
      0.0,
      18.0,
      12.0,
      18.0,
      35.0,
      12.0,
      14.0,
      120.0
    ],
    [
      20.0,
      15.0,
      9.0,
      8.0,
      25.0,
      22.0,
      9.0,
      21.0,
      5.0,
      12.0,
      35.0,
      27.0,
      18.0,
      0.0,
      12.0,
      21.0,
      27.0,
      19.0,
      10.0,
      130.0
    ],
    [
      13.0,
      7.0,
      9.0,
      9.0,
      18.0,
      15.0,
      15.0,
      8.0,
      11.0,
      11.0,
      32.0,
      25.0,
      12.0,
      12.0,
      0.0,
      11.0,
      13.0,
      12.0,
      3.0,
      134.0
    ],
    [
      11.0,
      24.0,
      25.0,
      16.0,
      15.0,
      12.0,
      27.0,
      10.0,
      23.0,
      28.0,
      30.0,
      7.0,
      18.0,
      21.0,
      11.0,
      0.0,
      16.0,
      11.0,
      21.0,
      147.0
    ],
    [
      7.0,
      20.0,
      27.0,
      11.0,
      2.0,
      4.0,
      16.0,
      6.0,
      27.0,
      30.0,
      44.0,
      18.0,
      35.0,
      27.0,
      13.0,
      16.0,
      0.0,
      8.0,
      12.0,
      153.0
    ],
    [
      1.0,
      8.0,
      10.0,
      13.0,
      6.0,
      4.0,
      24.0,
      3.0,
      11.0,
      23.0,
      41.0,
      9.0,
      12.0,
      19.0,
      12.0,
      11.0,
      8.0,
      0.0,
      16.0,
      146.0
    ],
    [
      16.0,
      5.0,
      4.0,
      9.0,
      11.0,
      18.0,
      13.0,
      19.0,
      9.0,
      8.0,
      45.0,
      13.0,
      14.0,
      10.0,
      3.0,
      21.0,
      12.0,
      16.0,
      0.0,
      131.0
    ],
    [
      146.0,
      135.0,
      126.0,
      135.0,
      151.0,
      148.0,
      130.0,
      149.0,
      129.0,
      125.0,
      133.0,
      154.0,
      120.0,
      130.0,
      134.0,
      147.0,
      153.0,
      146.0,
      131.0,
      0.0
    ]
  ],
  "cycle_dist_matrix": [
    [
      0.0,
      1.4,
      1.8,
      1.3,
      0.5,
      0.25,
      1.9,
      0.16,
      1.7,
      2.8,
      5.2,
      0.9,
      2.9,
      1.8,
      1.0,
      0.7,
      0.65,
      0.11,
      1.3,
      11.9
    ],
    [
      1.4,
      0.0,
      0.85,
      1.1,
      2.3,
      2.1,
      1.4,
      1.9,
      1.1,
      1.2,
      4.5,
      2.7,
      1.4,
      1.3,
      0.65,
      2.0,
      2.5,
      1.6,
      0.45,
      11.1
    ],
    [
      1.8,
      0.85,
      0.0,
      1.4,
      2.3,
      2.1,
      0.7,
      1.9,
      0.4,
      0.45,
      3.3,
      2.7,
      0.85,
      0.7,
      0.75,
      1.9,
      2.5,
      1.6,
      0.5,
      10.4
    ],
    [
      1.3,
      1.1,
      1.4,
      0.0,
      1.8,
      1.6,
      0.85,
      1.4,
      1.6,
      1.8,
      3.6,
      1.9,
      1.9,
      1.3,
      1.3,
      1.0,
      2.0,
      1.0,
      1.5,
      11.0
    ],
    [
      0.5,
      2.3,
      2.3,
      1.8,
      0.0,
      0.24,
      2.2,
      0.4,
      2.1,
      3.2,
      3.1,
      2.2,
      3.3,
      2.1,
      1.3,
      1.5,
      0.18,
      0.6,
      1.7,
      12.4
    ],
    [
      0.25,
      2.1,
      2.1,
      1.6,
      0.24,
      0.0,
      2.0,
      0.26,
      1.9,
      3.0,
      5.3,
      2.1,
      3.1,
      1.9,
      1.2,
      1.2,
      0.35,
      0.35,
      1.4,
      12.1
    ],
    [
      1.9,
      1.4,
      0.7,
      0.85,
      2.2,
      2.0,
      0.0,
      2.2,
      0.85,
      1.1,
      4.4,
      2.8,
      1.2,
      1.2,
      1.1,
      2.0,
      2.8,
      1.9,
      1.8,
      11.0
    ],
    [
      0.16,
      1.9,
      1.9,
      1.4,
      0.4,
      0.26,
      2.2,
      0.0,
      1.8,
      2.1,
      2.8,
      1.8,
      3.1,
      1.9,
      1.2,
      0.65,
      0.45,
      0.26,
      1.5,
      12.2
    ],
    [
      1.7,
      1.1,
      0.4,
      1.6,
      2.1,
      1.9,
      0.85,
      1.8,
      0.0,
      0.95,
      3.6,
      3.2,
      1.3,
      0.35,
      0.85,
      2.5,
      2.5,
      1.7,
      0.7,
      10.5
    ],
    [
      2.8,
      1.2,
      0.45,
      1.8,
      3.2,
      3.0,
      1.1,
      2.1,
      0.95,
      0.0,
      3.5,
      2.8,
      0.7,
      1.1,
      1.0,
      2.2,
      2.4,
      1.8,
      0.75,
      10.4
    ],
    [
      5.2,
      4.5,
      3.3,
      3.6,
      3.1,
      5.3,
      4.4,
      2.8,
      3.6,
      3.5,
      0.0,
      3.4,
      7.3,
      4.3,
      5.8,
      3.9,
      4.7,
      5.3,
      5.1,
      12.0
    ],
    [
      0.9,
      2.7,
      2.7,
      1.9,
      2.2,
      2.1,
      2.8,
      1.8,
      3.2,
      2.8,
      3.4,
      0.0,
      4.1,
      2.7,
      2.6,
      0.7,
      1.2,
      2.2,
      2.8,
      13.0
    ],
    [
      2.9,
      1.4,
      0.85,
      1.9,
      3.3,
      3.1,
      1.2,
      3.1,
      1.3,
      0.7,
      7.3,
      4.1,
      0.0,
      1.4,
      1.6,
      2.6,
      3.3,
      2.5,
      1.1,
      10.6
    ],
    [
      1.8,
      1.3,
      0.7,
      1.3,
      2.1,
      1.9,
      1.2,
      1.9,
      0.35,
      1.1,
      4.3,
      2.7,
      1.4,
      0.0,
      1.0,
      2.0,
      2.6,
      1.7,
      0.85,
      10.8
    ],
    [
      1.0,
      0.65,
      0.75,
      1.3,
      1.3,
      1.2,
      1.1,
      1.2,
      0.85,
      1.0,
      5.8,
      2.6,
      1.6,
      1.0,
      0.0,
      1.4,
      1.8,
      1.0,
      0.25,
      11.0
    ],
    [
      0.7,
      2.0,
      1.9,
      1.0,
      1.5,
      1.2,
      2.0,
      0.65,
      2.5,
      2.2,
      3.9,
      0.7,
      2.6,
      2.0,
      1.4,
      0.0,
      1.0,
      1.2,
      1.6,
      12.1
    ],
    [
      0.65,
      2.5,
      2.5,
      2.0,
      0.18,
      0.35,
      2.8,
      0.45,
      2.5,
      2.4,
      4.7,
      1.2,
      3.3,
      2.6,
      1.8,
      1.0,
      0.0,
      0.7,
      1.8,
      12.5
    ],
    [
      0.11,
      1.6,
      1.6,
      1.0,
      0.6,
      0.35,
      1.9,
      0.26,
      1.7,
      1.8,
      5.3,
      2.2,
      2.5,
      1.7,
      1.0,
      1.2,
      0.7,
      0.0,
      1.3,
      11.9
    ],
    [
      1.3,
      0.45,
      0.5,
      1.5,
      1.7,
      1.4,
      1.8,
      1.5,
      0.7,
      0.75,
      5.1,
      2.8,
      1.1,
      0.85,
      0.25,
      1.6,
      1.8,
      1.3,
      0.0,
      10.7
    ],
    [
      11.9,
      11.1,
      10.4,
      11.0,
      12.4,
      12.1,
      11.0,
      12.2,
      10.5,
      10.4,
      12.0,
      13.0,
      10.6,
      10.8,
      11.0,
      12.1,
      12.5,
      11.9,
      10.7,
      0.0
    ]
  ],
  "cycle_time_matrix": [
    [
      0.0,
      18.0,
      7.0,
      14.0,
      2.0,
      3.0,
      24.0,
      2.0,
      7.0,
      9.0,
      33.0,
      11.0,
      10.0,
      8.0,
      13.0,
      11.0,
      3.0,
      1.0,
      16.0,
      146.0
    ],
    [
      18.0,
      0.0,
      10.0,
      14.0,
      15.0,
      19.0,
      6.0,
      6.0,
      4.0,
      4.0,
      30.0,
      14.0,
      17.0,
      5.0,
      2.0,
      9.0,
      8.0,
      5.0,
      5.0,
      37.0
    ],
    [
      7.0,
      10.0,
      0.0,
      12.0,
      8.0,
      7.0,
      4.0,
      7.0,
      5.0,
      1.0,
      54.0,
      15.0,
      10.0,
      9.0,
      3.0,
      10.0,
      9.0,
      6.0,
      6.0,
      35.0
    ],
    [
      14.0,
      14.0,
      12.0,
      0.0,
      7.0,
      6.0,
      4.0,
      5.0,
      5.0,
      6.0,
      29.0,
      12.0,
      6.0,
      6.0,
      9.0,
      16.0,
      7.0,
      13.0,
      6.0,
      37.0
    ],
    [
      2.0,
      15.0,
      8.0,
      7.0,
      0.0,
      1.0,
      9.0,
      5.0,
      8.0,
      11.0,
      50.0,
      12.0,
      11.0,
      9.0,
      18.0,
      8.0,
      2.0,
      2.0,
      7.0,
      41.0
    ],
    [
      3.0,
      19.0,
      7.0,
      6.0,
      1.0,
      0.0,
      8.0,
      3.0,
      7.0,
      10.0,
      33.0,
      12.0,
      10.0,
      8.0,
      5.0,
      7.0,
      4.0,
      4.0,
      6.0,
      40.0
    ],
    [
      24.0,
      6.0,
      4.0,
      4.0,
      9.0,
      8.0,
      0.0,
      10.0,
      5.0,
      5.0,
      33.0,
      17.0,
      5.0,
      7.0,
      15.0,
      12.0,
      12.0,
      9.0,
      8.0,
      40.0
    ],
    [
      2.0,
      6.0,
      7.0,
      5.0,
      5.0,
      3.0,
      10.0,
      0.0,
      23.0,
      26.0,
      45.0,
      11.0,
      11.0,
      9.0,
      6.0,
      10.0,
      6.0,
      3.0,
      7.0,
      41.0
    ],
    [
      7.0,
      4.0,
      5.0,
      5.0,
      8.0,
      7.0,
      5.0,
      23.0,
      0.0,
      3.0,
      28.0,
      16.0,
      13.0,
      3.0,
      11.0,
      11.0,
      9.0,
      6.0,
      9.0,
      35.0
    ],
    [
      9.0,
      4.0,
      1.0,
      6.0,
      11.0,
      10.0,
      5.0,
      26.0,
      3.0,
      0.0,
      57.0,
      38.0,
      8.0,
      6.0,
      4.0,
      11.0,
      30.0,
      7.0,
      8.0,
      37.0
    ],
    [
      33.0,
      30.0,
      54.0,
      29.0,
      50.0,
      33.0,
      33.0,
      45.0,
      28.0,
      57.0,
      0.0,
      11.0,
      22.0,
      17.0,
      18.0,
      12.0,
      15.0,
      16.0,
      19.0,
      39.0
    ],
    [
      11.0,
      14.0,
      15.0,
      12.0,
      12.0,
      12.0,
      17.0,
      11.0,
      16.0,
      38.0,
      11.0,
      0.0,
      12.0,
      9.0,
      8.0,
      2.0,
      18.0,
      7.0,
      9.0,
      42.0
    ],
    [
      10.0,
      17.0,
      10.0,
      6.0,
      11.0,
      10.0,
      5.0,
      11.0,
      13.0,
      8.0,
      22.0,
      12.0,
      0.0,
      7.0,
      6.0,
      35.0,
      12.0,
      9.0,
      14.0,
      38.0
    ],
    [
      8.0,
      5.0,
      9.0,
      6.0,
      9.0,
      8.0,
      7.0,
      9.0,
      3.0,
      6.0,
      17.0,
      9.0,
      7.0,
      0.0,
      3.0,
      9.0,
      9.0,
      6.0,
      2.0,
      35.0
    ],
    [
      13.0,
      2.0,
      3.0,
      9.0,
      18.0,
      5.0,
      15.0,
      6.0,
      11.0,
      4.0,
      18.0,
      8.0,
      6.0,
      3.0,
      0.0,
      8.0,
      6.0,
      3.0,
      3.0,
      36.0
    ],
    [
      11.0,
      9.0,
      10.0,
      16.0,
      8.0,
      7.0,
      12.0,
      10.0,
      11.0,
      11.0,
      12.0,
      2.0,
      35.0,
      9.0,
      8.0,
      0.0,
      16.0,
      6.0,
      21.0,
      42.0
    ],
    [
      3.0,
      8.0,
      9.0,
      7.0,
      2.0,
      4.0,
      12.0,
      6.0,
      9.0,
      30.0,
      15.0,
      18.0,
      12.0,
      9.0,
      6.0,
      16.0,
      0.0,
      9.0,
      8.0,
      42.0
    ],
    [
      1.0,
      5.0,
      6.0,
      13.0,
      2.0,
      4.0,
      9.0,
      3.0,
      6.0,
      7.0,
      16.0,
      7.0,
      9.0,
      6.0,
      3.0,
      6.0,
      9.0,
      0.0,
      5.0,
      40.0
    ],
    [
      16.0,
      5.0,
      6.0,
      6.0,
      7.0,
      6.0,
      8.0,
      7.0,
      9.0,
      8.0,
      19.0,
      9.0,
      14.0,
      2.0,
      3.0,
      21.0,
      8.0,
      5.0,
      0.0,
      131.0
    ],
    [
      146.0,
      37.0,
      35.0,
      37.0,
      41.0,
      40.0,
      40.0,
      41.0,
      35.0,
      37.0,
      39.0,
      42.0,
      38.0,
      35.0,
      36.0,
      42.0,
      42.0,
      40.0,
      131.0,
      0.0
    ]
  ]
}