{
  "drive_dist_matrix": [
    [
      0.0,
      1.2874720000000002,
      12.391918,
      10.299776000000001,
      8.368568,
      18.990212,
      10.46071,
      2.5749440000000003,
      0.6437360000000001,
      26.393175999999997,
      1.7702740000000001,
      3.5405480000000003,
      4.506151999999999,
      1.448406,
      23.013562,
      1.2874720000000002,
      10.299776000000001,
      18.185542,
      9.816974,
      12.391918,
      9.65604,
      3.21868,
      1.9312079999999998,
      21.243288,
      34.60081,
      1.60934,
      3.057746,
      4.667085999999999,
      11.26538,
      5.149888000000001,
      5.9545580000000005,
      0.341,
      18.668343999999998,
      3.379614,
      3.5405480000000003,
      3.8624159999999996,
      0.9656039999999999,
      23.657297999999997,
      15.28873,
      1.2874720000000002,
      17.380872,
      20.277684,
      1.7702740000000001,
      3.5405480000000003,
      7.0810960000000005,
      23.174496,
      14.644993999999999,
      1.448406,
      11.909116000000001,
      20.11675,
      0.32186800000000004,
      16.254334,
      23.013562,
      17.863674,
      1.7702740000000001,
      3.057746,
      3.21868,
      12.07005,
      37.81949,
      34.761744
    ],
    [
      1.2874720000000002,
      0.0,
      13.518456,
      11.909116000000001,
      11.587248,
      18.990212,
      13.67939,
      1.60934,
      0.6437360000000001,
      25.588506,
      1.2874720000000002,
      2.41401,
      6.43736,
      1.1265379999999998,
      17.059003999999998,
      0.16093400000000002,
      10.299776000000001,
      19.473014,
      11.426314,
      12.391918,
      11.104446000000001,
      2.2530759999999996,
      1.448406,
      20.277684,
      35.888282000000004,
      1.1265379999999998,
      4.345218,
      5.9545580000000005,
      14.48406,
      4.02335,
      5.63269,
      0.9656039999999999,
      17.70274,
      4.667085999999999,
      4.82802,
      2.2530759999999996,
      0.80467,
      22.691694,
      14.323126,
      0.48280199999999995,
      18.668343999999998,
      21.565156,
      2.735878,
      2.41401,
      4.184284,
      23.174496,
      16.0934,
      2.5749440000000003,
      13.518456,
      19.151146,
      1.7702740000000001,
      11.426314,
      22.047957999999998,
      16.89807,
      1.1265379999999998,
      1.9312079999999998,
      4.506151999999999,
      16.415267999999998,
      37.658556,
      34.761744
    ],
    [
      12.391918,
      13.518456,
      0.0,
      2.2530759999999996,
      2.735878,
      26.393175999999997,
      0.32186800000000004,
      12.713786,
      13.518456,
      22.852628,
      12.713786,
      14.48406,
      6.43736,
      13.035654,
      30.255592,
      13.035654,
      3.21868,
      9.334171999999999,
      13.196587999999998,
      1.2874720000000002,
      12.87472,
      11.426314,
      14.966862,
      32.830535999999995,
      25.910374,
      12.230984,
      7.402963999999999,
      7.563898,
      2.092142,
      17.380872,
      18.668343999999998,
      13.67939,
      30.255592,
      9.173238,
      6.759228,
      13.67939,
      12.713786,
      25.266638,
      26.875978,
      13.035654,
      18.990212,
      21.887024,
      10.138842,
      11.748182,
      14.323126,
      30.416525999999998,
      12.713786,
      8.85137,
      0.6437360000000001,
      31.703998,
      13.518456,
      23.496364,
      22.047957999999998,
      18.024607999999997,
      12.230984,
      14.001257999999998,
      9.495106,
      11.426314,
      45.06152,
      42.003774
    ],
    [
      10.299776000000001,
      11.909116000000001,
      2.2530759999999996,
      0.0,
      4.184284,
      28.96812,
      2.092142,
      14.323126,
      12.391918,
      23.174496,
      11.909116000000001,
      16.0934,
      6.598293999999999,
      12.230984,
      32.830535999999995,
      14.644993999999999,
      4.9889540000000006,
      8.207633999999999,
      12.391918,
      3.21868,
      12.07005,
      13.518456,
      13.518456,
      31.38213,
      24.622902,
      11.909116000000001,
      8.207633999999999,
      8.529501999999999,
      1.2874720000000002,
      19.151146,
      16.737136,
      11.909116000000001,
      24.301033999999998,
      10.46071,
      8.690436,
      15.28873,
      12.07005,
      24.461968,
      25.427572,
      14.644993999999999,
      18.185542,
      21.082354,
      11.26538,
      13.67939,
      16.89807,
      32.99147,
      10.943512,
      10.138842,
      1.9312079999999998,
      30.255592,
      11.26538,
      26.071308,
      21.404222,
      17.380872,
      11.909116000000001,
      15.610598,
      10.299776000000001,
      9.65604,
      47.636464000000004,
      44.578718
    ],
    [
      8.368568,
      11.587248,
      2.735878,
      4.184284,
      0.0,
      23.818232000000002,
      2.092142,
      10.138842,
      10.943512,
      25.588506,
      10.138842,
      11.909116000000001,
      4.184284,
      10.46071,
      27.680647999999998,
      10.46071,
      0.9656039999999999,
      10.782578,
      14.162192000000001,
      2.2530759999999996,
      13.840323999999999,
      9.012303999999999,
      12.391918,
      30.416525999999998,
      27.197846,
      9.65604,
      5.471756,
      5.63269,
      3.8624159999999996,
      14.966862,
      16.254334,
      8.207633999999999,
      27.680647999999998,
      7.24203,
      4.667085999999999,
      11.26538,
      10.138842,
      32.830535999999995,
      24.301033999999998,
      10.46071,
      19.955816000000002,
      22.852628,
      8.0467,
      9.173238,
      11.748182,
      28.002515999999996,
      14.48406,
      7.563898,
      3.379614,
      29.129054000000004,
      7.724831999999999,
      21.082354,
      23.174496,
      19.151146,
      9.65604,
      11.587248,
      7.0810960000000005,
      13.196587999999998,
      42.486576,
      39.42883
    ],
    [
      18.990212,
      18.990212,
      26.393175999999997,
      28.96812,
      23.818232000000002,
      0.0,
      20.11675,
      18.185542,
      19.31208,
      43.291246,
      18.185542,
      20.277684,
      21.72609,
      18.346476,
      12.87472,
      18.829278,
      17.541806,
      26.55411,
      29.129054000000004,
      19.473014,
      28.646252,
      18.50741,
      20.760486,
      13.518456,
      48.602067999999996,
      18.024607999999997,
      19.955816000000002,
      23.33543,
      27.197846,
      23.174496,
      26.875978,
      19.473014,
      35.083612,
      22.047957999999998,
      20.438617999999998,
      19.633948,
      18.50741,
      40.072565999999995,
      19.473014,
      18.829278,
      36.371084,
      39.267896,
      20.599552000000003,
      18.668343999999998,
      14.805927999999998,
      14.162192000000001,
      33.635206,
      19.955816000000002,
      28.807185999999998,
      15.771532,
      19.31208,
      13.518456,
      39.42883,
      34.60081,
      17.863674,
      19.794882,
      21.887024,
      33.957074,
      22.852628,
      18.185542
    ],
    [
      10.46071,
      13.67939,
      0.32186800000000004,
      2.092142,
      2.092142,
      20.11675,
      0.0,
      13.035654,
      13.840323999999999,
      22.53076,
      10.46071,
      14.805927999999998,
      5.63269,
      10.782578,
      30.57746,
      13.357522000000001,
      2.896812,
      8.690436,
      12.552852,
      1.448406,
      12.230984,
      11.748182,
      15.28873,
      33.152404000000004,
      25.105704,
      10.46071,
      6.759228,
      6.9201619999999995,
      1.7702740000000001,
      17.70274,
      16.89807,
      10.46071,
      30.57746,
      8.529501999999999,
      6.115492,
      14.001257999999998,
      13.035654,
      24.622902,
      27.197846,
      13.357522000000001,
      18.346476,
      21.243288,
      9.816974,
      11.909116000000001,
      14.644993999999999,
      30.738394000000003,
      12.391918,
      8.690436,
      0.6437360000000001,
      32.025866,
      9.816974,
      23.818232000000002,
      21.565156,
      17.541806,
      10.46071,
      14.323126,
      8.368568,
      11.26538,
      45.222454,
      42.325642
    ],
    [
      2.5749440000000003,
      1.60934,
      12.713786,
      14.323126,
      10.138842,
      18.185542,
      13.035654,
      0.0,
      2.2530759999999996,
      27.841582000000002,
      0.9656039999999999,
      3.7014819999999995,
      4.82802,
      1.448406,
      23.013562,
      1.60934,
      10.299776000000001,
      19.473014,
      13.357522000000001,
      12.391918,
      12.87472,
      1.60934,
      2.735878,
      22.208892000000002,
      35.888282000000004,
      0.9656039999999999,
      3.5405480000000003,
      7.885766,
      12.713786,
      6.759228,
      8.0467,
      2.41401,
      19.473014,
      5.9545580000000005,
      4.02335,
      3.057746,
      1.448406,
      24.622902,
      16.0934,
      1.9312079999999998,
      20.599552000000003,
      23.496364,
      4.9889540000000006,
      0.6437360000000001,
      4.506151999999999,
      23.174496,
      17.863674,
      4.506151999999999,
      13.357522000000001,
      20.92142,
      2.5749440000000003,
      16.254334,
      23.979166,
      18.668343999999998,
      0.80467,
      3.379614,
      6.276426,
      18.185542,
      37.658556,
      34.761744
    ],
    [
      0.6437360000000001,
      0.6437360000000001,
      13.518456,
      12.391918,
      10.943512,
      19.31208,
      13.840323999999999,
      2.2530759999999996,
      0.0,
      25.910374,
      1.60934,
      2.735878,
      5.149888000000001,
      1.60934,
      17.380872,
      0.80467,
      10.782578,
      18.990212,
      11.748182,
      12.87472,
      11.26538,
      3.057746,
      0.80467,
      20.599552000000003,
      35.40548,
      1.60934,
      3.8624159999999996,
      3.7014819999999995,
      12.07005,
      4.184284,
      4.9889540000000006,
      0.48280199999999995,
      18.024607999999997,
      3.5405480000000003,
      4.345218,
      3.057746,
      0.80467,
      23.013562,
      14.644993999999999,
      0.6437360000000001,
      18.990212,
      21.887024,
      1.9312079999999998,
      3.379614,
      5.149888000000001,
      23.657297999999997,
      16.254334,
      1.9312079999999998,
      12.713786,
      19.473014,
      0.9656039999999999,
      11.748182,
      22.369826,
      17.219938,
      1.60934,
      2.2530759999999996,
      3.379614,
      16.737136,
      38.302292,
      35.244546
    ],
    [
      26.393175999999997,
      25.588506,
      22.852628,
      23.174496,
      25.588506,
      43.291246,
      22.53076,
      27.841582000000002,
      25.910374,
      0.0,
      24.94477,
      23.979166,
      23.657297999999997,
      25.105704,
      38.785094,
      24.783836,
      28.324384000000002,
      18.50741,
      15.127796,
      26.071308,
      14.644993999999999,
      27.197846,
      23.979166,
      34.278942,
      31.38213,
      24.783836,
      23.174496,
      21.565156,
      19.955816000000002,
      22.047957999999998,
      19.633948,
      24.783836,
      23.657297999999997,
      19.955816000000002,
      23.657297999999997,
      28.324384000000002,
      25.105704,
      23.33543,
      28.324384000000002,
      24.783836,
      8.529501999999999,
      3.8624159999999996,
      24.1401,
      26.715044000000002,
      29.933724,
      46.027124,
      12.87472,
      23.013562,
      20.599552000000003,
      33.152404000000004,
      24.301033999999998,
      30.094658,
      18.346476,
      19.955816000000002,
      24.94477,
      23.496364,
      23.33543,
      10.943512,
      60.511184,
      57.614371999999996
    ],
    [
      1.7702740000000001,
      1.2874720000000002,
      12.713786,
      11.909116000000001,
      10.138842,
      18.185542,
      10.46071,
      0.9656039999999999,
      1.60934,
      24.94477,
      0.0,
      3.5405480000000003,
      5.471756,
      0.48280199999999995,
      22.691694,
      1.2874720000000002,
      10.138842,
      19.31208,
      13.035654,
      12.230984,
      12.552852,
      1.7702740000000001,
      2.2530759999999996,
      21.887024,
      35.727348,
      0.16093400000000002,
      3.21868,
      7.0810960000000005,
      11.909116000000001,
      6.43736,
      7.724831999999999,
      1.60934,
      19.151146,
      5.793624,
      3.7014819999999995,
      2.735878,
      0.80467,
      24.301033999999998,
      15.932466,
      1.2874720000000002,
      20.277684,
      23.174496,
      3.7014819999999995,
      1.9312079999999998,
      4.184284,
      23.013562,
      17.541806,
      3.21868,
      12.552852,
      20.760486,
      1.7702740000000001,
      16.0934,
      23.657297999999997,
      18.346476,
      0.32186800000000004,
      3.057746,
      5.471756,
      17.863674,
      37.497622,
      34.439876
    ],
    [
      3.5405480000000003,
      2.41401,
      14.48406,
      16.0934,
      11.909116000000001,
      20.277684,
      14.805927999999998,
      3.7014819999999995,
      2.735878,
      23.979166,
      3.5405480000000003,
      0.0,
      10.46071,
      3.8624159999999996,
      14.644993999999999,
      2.41401,
      11.426314,
      20.599552000000003,
      10.782578,
      13.518456,
      10.46071,
      4.345218,
      1.7702740000000001,
      19.633948,
      37.01482,
      3.7014819999999995,
      8.690436,
      5.9545580000000005,
      15.610598,
      4.184284,
      5.471756,
      3.21868,
      17.059003999999998,
      4.667085999999999,
      9.173238,
      3.057746,
      3.5405480000000003,
      22.047957999999998,
      13.67939,
      2.092142,
      18.024607999999997,
      20.92142,
      4.02335,
      4.506151999999999,
      3.8624159999999996,
      24.301033999999998,
      15.449663999999999,
      4.667085999999999,
      15.771532,
      18.50741,
      3.7014819999999995,
      8.85137,
      21.404222,
      16.254334,
      3.7014819999999995,
      1.1265379999999998,
      4.667085999999999,
      15.771532,
      38.946028,
      35.888282000000004
    ],
    [
      4.506151999999999,
      6.43736,
      6.43736,
      6.598293999999999,
      4.184284,
      21.72609,
      5.63269,
      4.82802,
      5.149888000000001,
      23.657297999999997,
      5.471756,
      10.46071,
      0.0,
      5.149888000000001,
      25.74944,
      7.563898,
      4.667085999999999,
      14.966862,
      14.48406,
      5.9545580000000005,
      14.162192000000001,
      5.793624,
      6.276426,
      27.519714,
      31.38213,
      4.82802,
      2.2530759999999996,
      3.7014819999999995,
      8.0467,
      12.07005,
      13.357522000000001,
      4.82802,
      24.783836,
      3.7014819999999995,
      1.2874720000000002,
      8.368568,
      5.149888000000001,
      29.933724,
      21.404222,
      7.563898,
      20.277684,
      23.174496,
      4.506151999999999,
      5.9545580000000005,
      9.816974,
      26.071308,
      17.219938,
      3.379614,
      6.276426,
      26.232242,
      4.184284,
      19.151146,
      23.496364,
      19.473014,
      4.9889540000000006,
      8.690436,
      3.5405480000000003,
      13.840323999999999,
      40.555368,
      37.497622
    ],
    [
      1.448406,
      1.1265379999999998,
      13.035654,
      12.230984,
      10.46071,
      18.346476,
      10.782578,
      1.448406,
      1.60934,
      25.105704,
      0.48280199999999995,
      3.8624159999999996,
      5.149888000000001,
      0.0,
      22.852628,
      1.2874720000000002,
      10.299776000000001,
      19.473014,
      13.357522000000001,
      12.230984,
      12.87472,
      2.5749440000000003,
      1.9312079999999998,
      22.047957999999998,
      35.888282000000004,
      0.32186800000000004,
      3.379614,
      7.24203,
      12.07005,
      6.598293999999999,
      7.885766,
      1.2874720000000002,
      19.473014,
      4.667085999999999,
      3.8624159999999996,
      3.057746,
      0.48280199999999995,
      24.461968,
      16.0934,
      1.2874720000000002,
      20.599552000000003,
      23.496364,
      3.21868,
      2.735878,
      4.345218,
      23.174496,
      17.863674,
      2.735878,
      12.713786,
      20.92142,
      1.448406,
      16.254334,
      23.818232000000002,
      18.668343999999998,
      0.48280199999999995,
      3.21868,
      4.506151999999999,
      18.185542,
      37.658556,
      34.60081
    ],
    [
      23.013562,
      17.059003999999998,
      30.255592,
      32.830535999999995,
      27.680647999999998,
      12.87472,
      30.57746,
      23.013562,
      17.380872,
      38.785094,
      22.691694,
      14.644993999999999,
      25.74944,
      22.852628,
      0.0,
      17.059003999999998,
      26.875978,
      36.049215999999994,
      28.002515999999996,
      28.96812,
      27.519714,
      22.369826,
      16.415267999999998,
      6.598293999999999,
      52.464484,
      21.887024,
      23.979166,
      27.35878,
      31.060262,
      22.208892000000002,
      25.74944,
      23.496364,
      33.957074,
      25.910374,
      24.461968,
      15.28873,
      22.369826,
      38.946028,
      18.346476,
      16.737136,
      35.244546,
      37.980424,
      24.461968,
      22.691694,
      18.668343999999998,
      7.24203,
      32.508668,
      23.979166,
      32.669602,
      9.012303999999999,
      23.174496,
      10.138842,
      38.302292,
      33.474272,
      21.887024,
      15.127796,
      25.74944,
      32.830535999999995,
      20.92142,
      20.277684
    ],
    [
      1.2874720000000002,
      0.16093400000000002,
      13.035654,
      14.644993999999999,
      10.46071,
      18.829278,
      13.357522000000001,
      1.60934,
      0.80467,
      24.783836,
      1.2874720000000002,
      2.41401,
      7.563898,
      1.2874720000000002,
      17.059003999999998,
      0.0,
      10.299776000000001,
      19.473014,
      11.426314,
      12.391918,
      11.104446000000001,
      2.2530759999999996,
      1.448406,
      20.277684,
      35.888282000000004,
      1.1265379999999998,
      4.345218,
      5.9545580000000005,
      14.48406,
      4.02335,
      5.63269,
      1.1265379999999998,
      17.70274,
      4.667085999999999,
      4.82802,
      2.2530759999999996,
      0.9656039999999999,
      22.691694,
      14.323126,
      0.32186800000000004,
      18.668343999999998,
      21.565156,
      2.735878,
      2.41401,
      4.184284,
      23.174496,
      16.0934,
      2.5749440000000003,
      13.518456,
      19.151146,
      1.7702740000000001,
      16.0934,
      22.047957999999998,
      16.89807,
      1.1265379999999998,
      1.9312079999999998,
      4.506151999999999,
      16.415267999999998,
      37.658556,
      34.761744
    ],
    [
      10.299776000000001,
      10.299776000000001,
      3.21868,
      4.9889540000000006,
      0.9656039999999999,
      17.541806,
      2.896812,
      10.299776000000001,
      10.782578,
      28.324384000000002,
      10.138842,
      11.426314,
      4.667085999999999,
      10.299776000000001,
      26.875978,
      10.299776000000001,
      0.0,
      10.621644,
      15.127796,
      2.092142,
      14.644993999999999,
      8.368568,
      11.748182,
      29.77279,
      27.036912,
      9.012303999999999,
      5.9545580000000005,
      6.115492,
      4.667085999999999,
      14.323126,
      15.610598,
      10.621644,
      27.036912,
      7.885766,
      5.310822,
      10.621644,
      9.495106,
      32.1868,
      23.657297999999997,
      9.816974,
      20.92142,
      23.657297999999997,
      8.690436,
      8.529501999999999,
      11.104446000000001,
      27.35878,
      18.185542,
      7.402963999999999,
      4.184284,
      28.485318,
      10.299776000000001,
      20.277684,
      23.979166,
      19.955816000000002,
      9.012303999999999,
      10.943512,
      7.563898,
      14.001257999999998,
      41.84284,
      38.785094
    ],
    [
      18.185542,
      19.473014,
      9.334171999999999,
      8.207633999999999,
      10.782578,
      26.55411,
      8.690436,
      19.473014,
      18.990212,
      18.50741,
      19.31208,
      20.599552000000003,
      14.966862,
      19.473014,
      36.049215999999994,
      19.473014,
      10.621644,
      0.0,
      18.829278,
      7.885766,
      18.50741,
      17.219938,
      20.760486,
      38.62416,
      18.829278,
      18.024607999999997,
      14.644993999999999,
      14.966862,
      7.563898,
      23.174496,
      23.174496,
      18.185542,
      36.049215999999994,
      16.89807,
      15.127796,
      19.473014,
      18.50741,
      30.899327999999997,
      32.669602,
      18.829278,
      15.28873,
      15.449663999999999,
      17.541806,
      17.541806,
      20.11675,
      36.21015,
      21.887024,
      16.576202000000002,
      8.0467,
      37.497622,
      17.70274,
      29.289987999999997,
      27.841582000000002,
      23.657297999999997,
      18.024607999999997,
      19.794882,
      16.737136,
      18.024607999999997,
      49.245804,
      47.797398
    ],
    [
      9.816974,
      11.426314,
      13.196587999999998,
      12.391918,
      14.162192000000001,
      29.129054000000004,
      12.552852,
      13.357522000000001,
      11.748182,
      15.127796,
      13.035654,
      10.782578,
      14.48406,
      13.357522000000001,
      28.002515999999996,
      11.426314,
      15.127796,
      18.829278,
      0.0,
      14.323126,
      0.48280199999999995,
      13.518456,
      10.299776000000001,
      20.599552000000003,
      35.727348,
      12.713786,
      13.840323999999999,
      5.793624,
      12.391918,
      8.207633999999999,
      5.9545580000000005,
      11.748182,
      13.357522000000001,
      6.276426,
      14.001257999999998,
      13.67939,
      12.713786,
      14.162192000000001,
      14.644993999999999,
      11.104446000000001,
      9.495106,
      12.391918,
      9.334171999999999,
      13.67939,
      14.001257999999998,
      32.508668,
      5.793624,
      8.207633999999999,
      12.87472,
      19.473014,
      9.977908000000001,
      16.415267999999998,
      11.104446000000001,
      6.276426,
      12.87472,
      9.816974,
      6.276426,
      6.115492,
      45.544322,
      44.095915999999995
    ],
    [
      12.391918,
      12.391918,
      1.2874720000000002,
      3.21868,
      2.2530759999999996,
      19.473014,
      1.448406,
      12.391918,
      12.87472,
      26.071308,
      12.230984,
      13.518456,
      5.9545580000000005,
      12.230984,
      28.96812,
      12.391918,
      2.092142,
      7.885766,
      14.323126,
      0.0,
      15.449663999999999,
      10.299776000000001,
      13.840323999999999,
      31.703998,
      24.783836,
      11.104446000000001,
      7.24203,
      7.563898,
      2.896812,
      16.254334,
      17.70274,
      12.713786,
      29.129054000000004,
      9.173238,
      6.598293999999999,
      12.713786,
      11.587248,
      34.118007999999996,
      25.74944,
      11.909116000000001,
      21.565156,
      24.461968,
      13.67939,
      10.621644,
      13.196587999999998,
      29.450922000000002,
      13.518456,
      13.196587999999998,
      2.41401,
      30.57746,
      12.391918,
      22.369826,
      24.783836,
      20.760486,
      11.104446000000001,
      13.035654,
      9.012303999999999,
      12.230984,
      42.325642,
      40.877235999999996
    ],
    [
      9.65604,
      11.104446000000001,
      12.87472,
      12.07005,
      13.840323999999999,
      28.646252,
      12.230984,
      12.87472,
      11.26538,
      14.644993999999999,
      12.552852,
      10.46071,
      14.162192000000001,
      12.87472,
      27.519714,
      11.104446000000001,
      14.644993999999999,
      18.50741,
      0.48280199999999995,
      15.449663999999999,
      0.0,
      13.196587999999998,
      9.977908000000001,
      20.277684,
      35.244546,
      12.552852,
      9.012303999999999,
      5.793624,
      12.07005,
      8.0467,
      5.63269,
      11.426314,
      13.196587999999998,
      6.115492,
      9.816974,
      13.518456,
      12.391918,
      14.162192000000001,
      14.323126,
      10.782578,
      9.173238,
      12.07005,
      9.173238,
      13.518456,
      13.67939,
      32.347734,
      5.793624,
      8.0467,
      12.552852,
      19.151146,
      9.65604,
      16.0934,
      11.426314,
      6.276426,
      12.552852,
      9.495106,
      6.115492,
      6.115492,
      45.222454,
      43.774048
    ],
    [
      3.21868,
      2.2530759999999996,
      11.426314,
      13.518456,
      9.012303999999999,
      18.50741,
      11.748182,
      1.60934,
      3.057746,
      27.197846,
      1.7702740000000001,
      4.345218,
      5.793624,
      2.5749440000000003,
      22.369826,
      2.2530759999999996,
      8.368568,
      17.219938,
      13.518456,
      10.299776000000001,
      13.196587999999998,
      0.0,
      3.379614,
      22.691694,
      34.439876,
      2.41401,
      3.7014819999999995,
      8.690436,
      13.035654,
      7.24203,
      8.529501999999999,
      3.057746,
      20.11675,
      6.43736,
      4.184284,
      2.735878,
      2.2530759999999996,
      25.105704,
      16.737136,
      2.5749440000000003,
      21.243288,
      23.979166,
      4.9889540000000006,
      0.6437360000000001,
      3.5405480000000003,
      24.622902,
      18.50741,
      4.667085999999999,
      10.782578,
      21.565156,
      3.21868,
      18.50741,
      24.461968,
      19.31208,
      1.7702740000000001,
      3.8624159999999996,
      6.43736,
      18.829278,
      37.497622,
      36.049215999999994
    ],
    [
      1.9312079999999998,
      1.448406,
      14.966862,
      13.518456,
      12.391918,
      20.760486,
      15.28873,
      2.735878,
      0.80467,
      23.979166,
      2.2530759999999996,
      1.7702740000000001,
      6.276426,
      1.9312079999999998,
      16.415267999999998,
      1.448406,
      11.748182,
      20.760486,
      10.299776000000001,
      13.840323999999999,
      9.977908000000001,
      3.379614,
      0.0,
      19.473014,
      37.81949,
      1.9312079999999998,
      4.82802,
      4.345218,
      12.552852,
      3.379614,
      4.184284,
      1.60934,
      16.89807,
      3.057746,
      5.310822,
      3.5405480000000003,
      1.7702740000000001,
      21.887024,
      13.518456,
      0.9656039999999999,
      18.024607999999997,
      20.92142,
      2.2530759999999996,
      3.7014819999999995,
      5.471756,
      24.94477,
      15.28873,
      2.896812,
      13.518456,
      18.346476,
      2.092142,
      15.28873,
      21.243288,
      16.0934,
      2.092142,
      1.2874720000000002,
      2.896812,
      15.610598,
      37.980424,
      36.532018
    ],
    [
      21.243288,
      20.277684,
      32.830535999999995,
      31.38213,
      30.416525999999998,
      13.518456,
      33.152404000000004,
      22.208892000000002,
      20.599552000000003,
      34.278942,
      21.887024,
      19.633948,
      27.519714,
      22.047957999999998,
      6.598293999999999,
      20.277684,
      29.77279,
      38.62416,
      20.599552000000003,
      31.703998,
      20.277684,
      22.691694,
      19.473014,
      0.0,
      54.23475800000001,
      21.565156,
      26.55411,
      26.55411,
      30.899327999999997,
      14.966862,
      18.50741,
      20.599552000000003,
      26.715044000000002,
      22.047957999999998,
      27.036912,
      22.53076,
      21.404222,
      31.703998,
      11.104446000000001,
      19.794882,
      28.002515999999996,
      30.899327999999997,
      21.243288,
      22.53076,
      21.404222,
      13.357522000000001,
      25.427572,
      21.887024,
      31.543064,
      2.5749440000000003,
      21.082354,
      9.977908000000001,
      31.060262,
      26.232242,
      21.565156,
      18.668343999999998,
      21.887024,
      25.74944,
      27.036912,
      25.74944
    ],
    [
      34.60081,
      35.888282000000004,
      25.910374,
      24.622902,
      27.197846,
      48.602067999999996,
      25.105704,
      35.888282000000004,
      35.40548,
      31.38213,
      35.727348,
      37.01482,
      31.38213,
      35.888282000000004,
      52.464484,
      35.888282000000004,
      27.036912,
      18.829278,
      35.727348,
      24.783836,
      35.244546,
      34.439876,
      37.81949,
      54.23475800000001,
      0.0,
      35.083612,
      31.703998,
      32.025866,
      24.622902,
      40.2335,
      40.2335,
      35.244546,
      53.430088000000005,
      33.957074,
      32.1868,
      36.532018,
      35.566414,
      53.269154,
      49.728606,
      35.888282000000004,
      35.40548,
      34.922678,
      34.60081,
      34.60081,
      37.175754000000005,
      53.269154,
      39.911632000000004,
      33.474272,
      25.105704,
      54.556625999999994,
      34.761744,
      46.348992,
      44.739652,
      40.716302,
      35.083612,
      36.853885999999996,
      33.79614,
      37.980424,
      66.30480800000001,
      64.85640199999999
    ],
    [
      1.60934,
      1.1265379999999998,
      12.230984,
      11.909116000000001,
      9.65604,
      18.024607999999997,
      10.46071,
      0.9656039999999999,
      1.60934,
      24.783836,
      0.16093400000000002,
      3.7014819999999995,
      4.82802,
      0.32186800000000004,
      21.887024,
      1.1265379999999998,
      9.012303999999999,
      18.024607999999997,
      12.713786,
      11.104446000000001,
      12.552852,
      2.41401,
      1.9312079999999998,
      21.565156,
      35.083612,
      0.0,
      3.21868,
      7.0810960000000005,
      11.909116000000001,
      6.598293999999999,
      7.885766,
      1.60934,
      19.31208,
      5.63269,
      3.7014819999999995,
      2.896812,
      0.6437360000000001,
      24.461968,
      15.932466,
      1.448406,
      20.438617999999998,
      23.33543,
      3.7014819999999995,
      1.9312079999999998,
      4.345218,
      23.013562,
      17.70274,
      3.057746,
      12.552852,
      20.92142,
      1.7702740000000001,
      16.0934,
      23.818232000000002,
      18.50741,
      0.21,
      3.21868,
      5.471756,
      15.610598,
      35.888282000000004,
      34.439876
    ],
    [
      3.057746,
      4.345218,
      7.402963999999999,
      8.207633999999999,
      5.471756,
      19.955816000000002,
      6.759228,
      3.5405480000000003,
      3.8624159999999996,
      23.174496,
      3.21868,
      8.690436,
      2.2530759999999996,
      3.379614,
      23.979166,
      4.345218,
      5.9545580000000005,
      14.644993999999999,
      13.840323999999999,
      7.24203,
      9.012303999999999,
      3.7014819999999995,
      4.82802,
      26.55411,
      31.703998,
      3.21868,
      0.0,
      4.184284,
      8.368568,
      9.816974,
      7.24203,
      2.896812,
      22.691694,
      4.184284,
      0.80467,
      6.115492,
      3.057746,
      27.680647999999998,
      19.31208,
      4.02335,
      20.11675,
      23.013562,
      2.5749440000000003,
      3.7014819999999995,
      7.724831999999999,
      23.818232000000002,
      17.380872,
      2.092142,
      8.85137,
      24.1401,
      2.41401,
      16.89807,
      23.174496,
      19.151146,
      2.735878,
      6.43736,
      4.02335,
      13.518456,
      36.853885999999996,
      35.40548
    ],
    [
      4.667085999999999,
      5.9545580000000005,
      7.563898,
      8.529501999999999,
      5.63269,
      23.33543,
      6.9201619999999995,
      7.885766,
      3.7014819999999995,
      21.565156,
      7.0810960000000005,
      5.9545580000000005,
      3.7014819999999995,
      7.24203,
      27.35878,
      5.9545580000000005,
      6.115492,
      14.966862,
      5.793624,
      7.563898,
      5.793624,
      8.690436,
      4.345218,
      26.55411,
      32.025866,
      7.0810960000000005,
      4.184284,
      0.0,
      8.207633999999999,
      7.724831999999999,
      7.0810960000000005,
      3.5405480000000003,
      17.541806,
      1.7702740000000001,
      3.5405480000000003,
      10.138842,
      6.9201619999999995,
      20.11675,
      18.668343999999998,
      4.02335,
      14.001257999999998,
      16.89807,
      2.41401,
      8.529501999999999,
      11.748182,
      27.841582000000002,
      10.299776000000001,
      1.9312079999999998,
      8.690436,
      23.496364,
      3.5405480000000003,
      20.92142,
      17.059003999999998,
      11.909116000000001,
      6.759228,
      5.793624,
      1.60934,
      9.012303999999999,
      38.946028,
      39.42883
    ],
    [
      11.26538,
      14.48406,
      2.092142,
      1.2874720000000002,
      3.8624159999999996,
      27.197846,
      1.7702740000000001,
      12.713786,
      12.07005,
      19.955816000000002,
      11.909116000000001,
      15.610598,
      8.0467,
      12.07005,
      31.060262,
      14.48406,
      4.667085999999999,
      7.563898,
      12.391918,
      2.896812,
      12.07005,
      13.035654,
      12.552852,
      30.899327999999997,
      24.622902,
      11.909116000000001,
      8.368568,
      8.207633999999999,
      0.0,
      19.31208,
      17.059003999999998,
      12.07005,
      32.1868,
      10.621644,
      8.85137,
      15.610598,
      14.644993999999999,
      24.622902,
      25.74944,
      14.966862,
      18.50741,
      21.404222,
      11.426314,
      13.67939,
      16.254334,
      32.347734,
      12.230984,
      10.299776000000001,
      1.60934,
      30.57746,
      11.587248,
      25.427572,
      21.565156,
      17.541806,
      14.162192000000001,
      15.932466,
      10.46071,
      10.943512,
      45.383388,
      43.934982
    ],
    [
      5.149888000000001,
      4.02335,
      17.380872,
      19.151146,
      14.966862,
      23.174496,
      17.70274,
      6.759228,
      4.184284,
      22.047957999999998,
      6.43736,
      4.184284,
      12.07005,
      6.598293999999999,
      22.208892000000002,
      4.02335,
      14.323126,
      23.174496,
      8.207633999999999,
      16.254334,
      8.0467,
      7.24203,
      3.379614,
      14.966862,
      40.2335,
      6.598293999999999,
      9.816974,
      7.724831999999999,
      19.31208,
      0.0,
      3.5405480000000003,
      4.82802,
      15.127796,
      6.276426,
      11.909116000000001,
      7.24203,
      6.276426,
      20.11675,
      9.65604,
      3.7014819999999995,
      16.254334,
      19.151146,
      5.471756,
      7.24203,
      7.563898,
      27.036912,
      13.518456,
      6.276426,
      18.50741,
      14.48406,
      5.310822,
      7.885766,
      19.473014,
      14.323126,
      6.43736,
      3.379614,
      6.115492,
      13.840323999999999,
      39.911632000000004,
      38.463226
    ],
    [
      5.9545580000000005,
      5.63269,
      18.668343999999998,
      16.737136,
      16.254334,
      26.875978,
      16.89807,
      8.0467,
      4.9889540000000006,
      19.633948,
      7.724831999999999,
      5.471756,
      13.357522000000001,
      7.885766,
      25.74944,
      5.63269,
      15.610598,
      23.174496,
      5.9545580000000005,
      17.70274,
      5.63269,
      8.529501999999999,
      4.184284,
      18.50741,
      40.2335,
      7.885766,
      7.24203,
      7.0810960000000005,
      17.059003999999998,
      3.5405480000000003,
      0.0,
      5.63269,
      12.07005,
      5.63269,
      8.207633999999999,
      9.173238,
      5.9545580000000005,
      14.162192000000001,
      13.357522000000001,
      5.310822,
      13.196587999999998,
      16.0934,
      5.149888000000001,
      7.724831999999999,
      9.495106,
      28.96812,
      10.621644,
      5.9545580000000005,
      16.737136,
      18.185542,
      5.63269,
      15.127796,
      16.576202000000002,
      11.426314,
      6.276426,
      5.310822,
      5.9545580000000005,
      10.943512,
      41.520972,
      40.555368
    ],
    [
      0.341,
      0.9656039999999999,
      13.67939,
      11.909116000000001,
      8.207633999999999,
      19.473014,
      10.46071,
      2.41401,
      0.48280199999999995,
      24.783836,
      1.60934,
      3.21868,
      4.82802,
      1.2874720000000002,
      23.496364,
      1.1265379999999998,
      10.621644,
      18.185542,
      11.748182,
      12.713786,
      11.426314,
      3.057746,
      1.60934,
      20.599552000000003,
      35.244546,
      1.60934,
      2.896812,
      3.5405480000000003,
      12.07005,
      4.82802,
      5.63269,
      0.0,
      18.346476,
      3.5405480000000003,
      3.5405480000000003,
      3.7014819999999995,
      0.80467,
      23.33543,
      14.966862,
      1.1265379999999998,
      19.473014,
      22.208892000000002,
      1.7702740000000001,
      3.379614,
      6.9201619999999995,
      23.013562,
      16.737136,
      1.60934,
      12.552852,
      19.794882,
      0.48280199999999995,
      16.0934,
      22.691694,
      17.541806,
      1.60934,
      2.735878,
      3.379614,
      15.771532,
      37.658556,
      34.60081
    ],
    [
      18.668343999999998,
      17.70274,
      30.255592,
      24.301033999999998,
      27.680647999999998,
      35.083612,
      30.57746,
      19.473014,
      18.024607999999997,
      23.657297999999997,
      19.151146,
      17.059003999999998,
      24.783836,
      19.473014,
      33.957074,
      17.70274,
      27.036912,
      36.049215999999994,
      13.357522000000001,
      29.129054000000004,
      13.196587999999998,
      20.11675,
      16.89807,
      26.715044000000002,
      53.430088000000005,
      19.31208,
      22.691694,
      17.541806,
      32.1868,
      15.127796,
      12.07005,
      18.346476,
      0.0,
      16.0934,
      25.427572,
      20.92142,
      19.794882,
      2.092142,
      16.89807,
      18.185542,
      21.72609,
      21.082354,
      15.449663999999999,
      20.760486,
      21.082354,
      40.555368,
      18.990212,
      16.254334,
      25.105704,
      26.393175999999997,
      16.0934,
      23.33543,
      11.26538,
      7.724831999999999,
      19.955816000000002,
      16.89807,
      16.254334,
      19.31208,
      55.200362,
      52.142616
    ],
    [
      3.379614,
      4.667085999999999,
      9.173238,
      10.46071,
      7.24203,
      22.047957999999998,
      8.529501999999999,
      5.9545580000000005,
      3.5405480000000003,
      19.955816000000002,
      5.793624,
      4.667085999999999,
      3.7014819999999995,
      4.667085999999999,
      25.910374,
      4.667085999999999,
      7.885766,
      16.89807,
      6.276426,
      9.173238,
      6.115492,
      6.43736,
      3.057746,
      22.047957999999998,
      33.957074,
      5.63269,
      4.184284,
      1.7702740000000001,
      10.621644,
      6.276426,
      5.63269,
      3.5405480000000003,
      16.0934,
      0.0,
      3.8624159999999996,
      8.529501999999999,
      4.82802,
      25.105704,
      16.737136,
      4.345218,
      13.67939,
      16.576202000000002,
      2.092142,
      6.9201619999999995,
      10.138842,
      26.232242,
      10.138842,
      2.2530759999999996,
      10.138842,
      21.565156,
      3.379614,
      19.31208,
      16.89807,
      11.587248,
      5.149888000000001,
      4.667085999999999,
      0.16093400000000002,
      10.299776000000001,
      40.877235999999996,
      37.81949
    ],
    [
      3.5405480000000003,
      4.82802,
      6.759228,
      8.690436,
      4.667085999999999,
      20.438617999999998,
      6.115492,
