{
  "drive_dist_matrix": [
    [
      0.0,
      2.5,
      1.4,
      2.6,
      1.6,
      8.0,
      0.55,
      2.9,
      1.0,
      0.75,
      1.2,
      9.3,
      4.0,
      38.6,
      4.6,
      5.9,
      3.5,
      6.7,
      7.4,
      0.35,
      2.6,
      5.8,
      25.0,
      8.2,
      7.9,
      0.29,
      43.6,
      17.3,
      4.2,
      1.0,
      1.7,
      20.7,
      18.8,
      8.5,
      13.5,
      4.5,
      0.2,
      14.4,
      0.6,
      0.55,
      4.9,
      8.2,
      8.0,
      7.9,
      1.7,
      1.8,
      3.3,
      5.8,
      3.7,
      1.2,
      3.0,
      7.5,
      0.3,
      8.5,
      25.3,
      5.2,
      1.2,
      0.65
    ],
    [
      2.5,
      0.0,
      2.5,
      3.8,
      2.5,
      10.5,
      1.7,
      4.1,
      2.6,
      3.0,
      1.4,
      7.7,
      2.4,
      37.0,
      5.1,
      4.6,
      4.7,
      7.8,
      5.8,
      1.8,
      2.6,
      4.5,
      23.2,
      6.4,
      6.1,
      1.5,
      42.0,
      15.7,
      3.0,
      2.2,
      2.2,
      19.1,
      17.2,
      4.8,
      11.9,
      6.6,
      1.8,
      12.9,
      1.6,
      1.7,
      3.3,
      7.4,
      10.5,
      6.5,
      1.0,
      0.55,
      3.8,
      4.5,
      4.2,
      2.4,
      3.5,
      6.2,
      1.5,
      6.4,
      23.7,
      3.9,
      2.3,
      1.7
    ],
    [
      1.4,
      2.5,
      0.0,
      4.0,
      0.3,
      6.0,
      0.85,
      1.9,
      0.4,
      1.0,
      1.6,
      8.9,
      4.4,
      40.5,
      3.0,
      8.1,
      2.4,
      5.8,
      9.1,
      1.7,
      2.1,
      8.0,
      27.1,
      10.3,
      10.0,
      1.1,
      45.5,
      17.0,
      5.2,
      0.4,
      0.8,
      20.3,
      18.4,
      8.9,
      15.4,
      6.2,
      1.2,
      16.3,
      1.2,
      1.0,
      5.3,
      9.8,
      6.1,
      10.0,
      2.6,
      2.2,
      1.7,
      8.0,
      2.0,
      0.45,
      0.29,
      9.7,
      1.1,
      10.7,
      27.2,
      7.4,
      0.28,
      0.75
    ],
    [
      2.6,
      3.8,
      4.0,
      0.0,
      3.1,
      9.3,
      2.0,
      2.1,
      3.4,
      3.6,
      2.5,
      10.7,
      5.6,
      36.7,
      6.2,
      4.4,
      2.7,
      5.8,
      8.3,
      1.4,
      3.9,
      4.3,
      23.8,
      7.6,
      7.3,
      2.6,
      41.7,
      13.4,
      2.7,
      2.5,
      2.6,
      22.1,
      20.2,
      8.0,
      11.6,
      2.9,
      2.9,
      11.3,
      2.0,
      2.0,
      4.5,
      6.5,
      9.3,
      7.3,
      2.9,
      3.1,
      4.9,
      4.2,
      5.3,
      2.7,
      4.5,
      6.9,
      1.8,
      6.9,
      23.3,
      3.6,
      3.4,
      2.3
    ],
    [
      1.6,
      2.5,
      0.3,
      3.1,
      0.0,
      6.2,
      1.0,
      1.3,
      0.55,
      0.4,
      1.2,
      8.8,
      4.5,
      40.4,
      3.0,
      6.5,
      1.8,
      4.8,
      10.9,
      1.3,
      2.2,
      6.4,
      27.1,
      10.3,
      9.9,
      1.3,
      45.4,
      16.9,
      4.9,
      0.6,
      1.0,
      20.3,
      18.3,
      8.0,
      15.3,
      5.6,
      1.4,
      16.3,
      1.1,
      1.1,
      4.9,
      9.3,
      6.2,
      9.9,
      2.2,
      1.8,
      1.7,
      6.4,
      2.1,
      0.7,
      0.26,
      9.6,
      1.2,
      10.1,
      27.1,
      5.8,
      0.5,
      0.95
    ],
    [
      8.0,
      10.5,
      6.0,
      9.3,
      6.2,
      0.0,
      8.9,
      8.9,
      7.6,
      8.0,
      10.3,
      8.2,
      11.1,
      46.4,
      5.3,
      14.0,
      9.1,
      10.7,
      15.0,
      8.6,
      6.1,
      13.9,
      34.9,
      14.2,
      13.8,
      8.3,
      51.3,
      14.4,
      12.3,
      6.2,
      6.2,
      15.6,
      15.8,
      10.2,
      21.2,
      13.5,
      8.6,
      22.2,
      8.2,
      8.2,
      13.0,
      16.7,
      0.28,
      13.8,
      10.7,
      10.4,
      5.9,
      13.8,
      5.9,
      6.1,
      7.2,
      13.5,
      8.3,
      14.9,
      33.1,
      13.2,
      6.1,
      8.5
    ],
    [
      0.55,
      1.7,
      0.85,
      2.0,
      1.0,
      8.9,
      0.0,
      2.3,
      0.5,
      0.35,
      0.5,
      8.4,
      3.5,
      40.0,
      3.5,
      7.6,
      2.8,
      6.3,
      10.5,
      0.75,
      1.8,
      7.5,
      26.7,
      9.9,
      9.5,
      0.29,
      45.0,
      16.5,
      6.0,
      0.5,
      0.6,
      19.9,
      17.9,
      7.6,
      14.9,
      4.6,
      0.4,
      15.9,
      0.19,
      0.18,
      4.3,
      10.4,
      6.6,
      9.5,
      0.7,
      1.2,
      2.2,
      7.5,
      2.5,
      0.7,
      1.8,
      9.2,
      0.22,
      10.2,
      26.7,
      6.9,
      0.65,
      0.12
    ],
    [
      2.9,
      4.1,
      1.9,
      2.1,
      1.3,
      8.9,
      2.3,
      0.0,
      1.4,
      1.6,
      2.4,
      10.0,
      5.7,
      39.7,
      4.2,
      6.6,
      0.55,
      4.2,
      10.1,
      2.5,
      3.4,
      6.5,
      26.2,
      9.4,
      9.1,
      2.2,
      44.7,
      18.0,
      4.9,
      2.1,
      2.2,
      21.4,
      19.5,
      9.2,
      14.6,
      4.7,
      2.5,
      13.1,
      2.1,
      2.1,
      6.3,
      8.3,
      7.3,
      9.1,
      3.4,
      3.0,
      2.9,
      6.4,
      3.3,
      2.3,
      1.6,
      8.7,
      2.1,
      9.2,
      26.4,
      5.9,
      1.4,
      2.3
    ],
    [
      1.0,
      2.6,
      0.4,
      3.4,
      0.55,
      7.6,
      0.5,
      1.4,
      0.0,
      0.7,
      0.85,
      8.6,
      3.8,
      40.2,
      3.6,
      6.3,
      2.9,
      6.5,
      10.7,
      1.1,
      2.0,
      6.2,
      26.8,
      10.0,
      9.7,
      0.75,
      45.2,
      16.6,
      4.6,
      0.25,
      0.6,
      20.0,
      18.1,
      7.8,
      15.1,
      4.9,
      0.85,
      16.0,
      0.55,
      0.6,
      4.7,
      10.8,
      6.8,
      9.7,
      2.0,
      1.6,
      2.3,
      6.2,
      2.7,
      0.4,
      0.55,
      9.3,
      0.7,
      9.0,
      26.9,
      5.6,
      0.29,
      0.45
    ],
    [
      0.75,
      3.0,
      1.0,
      3.6,
      0.4,
      8.0,
      0.35,
      1.6,
      0.7,
      0.0,
      0.65,
      9.3,
      4.9,
      40.9,
      3.5,
      7.0,
      2.3,
      4.9,
      11.4,
      0.85,
      2.7,
      6.9,
      27.5,
      10.7,
      10.4,
      0.55,
      45.9,
      17.3,
      5.3,
      0.7,
      0.85,
      20.7,
      18.8,
      8.5,
      15.8,
      6.0,
      0.6,
      16.7,
      0.35,
      0.45,
      5.4,
      9.7,
      6.6,
      10.4,
      2.7,
      2.2,
      2.2,
      6.9,
      2.5,
      0.9,
      1.8,
      10.0,
      0.45,
      10.5,
      27.6,
      6.3,
      0.65,
      0.3
    ],
    [
      1.2,
      1.4,
      1.6,
      2.5,
      1.2,
      10.3,
      0.5,
      2.4,
      0.85,
      0.65,
      0.0,
      8.2,
      3.9,
      39.8,
      4.1,
      7.4,
      3.7,
      6.5,
      10.3,
      1.0,
      1.6,
      7.3,
      26.4,
      9.6,
      9.3,
      1.8,
      44.8,
      16.2,
      5.7,
      1.5,
      1.0,
      19.6,
      17.7,
      7.4,
      14.7,
      6.0,
      2.1,
      15.6,
      0.4,
      0.4,
      6.5,
      10.2,
      6.7,
      9.3,
      0.35,
      0.7,
      2.8,
      7.3,
      3.2,
      1.0,
      2.8,
      8.9,
      0.6,
      10.0,
      26.5,
      6.7,
      1.0,
      0.45
    ],
    [
      9.3,
      7.7,
      8.9,
      10.7,
      8.8,
      8.2,
      8.4,
      10.0,
      8.6,
      9.3,
      8.2,
      0.0,
      5.4,
      44.1,
      9.2,
      11.7,
      11.4,
      13.1,
      6.3,
      8.9,
      7.7,
      11.6,
      27.3,
      8.8,
      8.5,
      8.6,
      49.1,
      6.8,
      10.0,
      8.5,
      8.3,
      17.0,
      9.8,
      5.1,
      19.0,
      13.6,
      8.9,
      19.9,
      8.2,
      8.5,
      6.8,
      14.7,
      8.0,
      8.5,
      8.5,
      8.1,
      9.2,
      10.3,
      9.2,
      8.4,
      9.8,
      8.1,
      8.5,
      11.0,
      30.8,
      11.0,
      8.6,
      8.3
    ],
    [
      4.0,
      2.4,
      4.4,
      5.6,
      4.5,
      11.1,
      3.5,
      5.7,
      3.8,
      4.9,
      3.9,
      5.4,
      0.0,
      40.0,
      6.3,
      6.2,
      6.6,
      8.6,
      5.5,
      4.2,
      3.3,
      6.1,
      22.8,
      6.0,
      5.6,
      3.5,
      45.0,
      9.3,
      4.5,
      3.6,
      4.0,
      19.0,
      17.1,
      2.8,
      14.9,
      9.5,
      3.8,
      15.8,
      3.1,
      3.6,
      3.0,
      10.6,
      10.4,
      5.6,
      2.6,
      2.2,
      5.0,
      7.4,
      5.3,
      4.1,
      5.6,
      5.3,
      3.4,
      7.5,
      26.7,
      5.5,
      3.8,
      3.2
    ],
    [
      38.6,
      37.0,
      40.5,
      36.7,
      40.4,
      46.4,
      40.0,
      39.7,
      40.2,
      40.9,
      39.8,
      44.1,
      40.0,
      0.0,
      44.9,
      35.3,
      39.7,
      43.6,
      41.9,
      38.7,
      41.0,
      36.1,
      47.1,
      38.8,
      38.5,
      39.2,
      34.8,
      52.4,
      36.4,
      41.3,
      41.0,
      55.8,
      53.9,
      43.6,
      27.8,
      36.8,
      39.5,
      28.9,
      41.0,
      39.3,
      38.1,
      32.6,
      47.2,
      38.5,
      38.7,
      38.3,
      42.9,
      36.1,
      43.3,
      41.2,
      42.6,
      40.6,
      39.1,
      36.7,
      17.1,
      35.2,
      41.4,
      41.0
    ],
    [
      4.6,
      5.1,
      3.0,
      6.2,
      3.0,
      5.3,
      3.5,
      4.2,
      3.6,
      3.5,
      4.1,
      9.2,
      6.3,
      44.9,
      0.0,
      10.3,
      4.5,
      6.2,
      11.0,
      4.1,
      4.0,
      10.2,
      28.4,
      11.6,
      11.3,
      3.7,
      47.7,
      17.6,
      8.7,
      3.7,
      3.6,
      21.0,
      19.0,
      8.5,
      17.6,
      8.9,
      4.1,
      18.6,
      3.6,
      3.6,
      7.9,
      12.5,
      5.8,
      11.3,
      5.0,
      4.6,
      1.3,
      10.2,
      1.4,
      3.4,
      2.6,
      10.9,
      3.7,
      13.2,
      29.4,
      9.6,
      3.0,
      3.9
    ],
    [
      5.9,
      4.6,
      8.1,
      4.4,
      6.5,
      14.0,
      7.6,
      6.6,
      6.3,
      7.0,
      7.4,
      11.7,
      6.2,
      35.3,
      10.3,
      0.0,
      6.7,
      10.5,
      6.2,
      5.5,
      10.1,
      0.6,
      20.3,
      4.5,
      4.2,
      6.0,
      39.7,
      12.6,
      1.7,
      6.6,
      6.7,
      24.9,
      22.9,
      7.2,
      9.6,
      6.5,
      6.3,
      10.6,
      6.0,
      6.1,
      3.4,
      5.3,
      16.3,
      4.2,
      6.8,
      6.5,
      8.9,
      0.6,
      9.2,
      6.8,
      8.5,
      3.8,
      5.9,
      3.6,
      21.4,
      0.29,
      7.4,
      6.1
    ],
    [
      3.5,
      4.7,
      2.4,
      2.7,
      1.8,
      9.1,
      2.8,
      0.55,
      2.9,
      2.3,
      3.7,
      11.4,
      6.6,
      39.7,
      4.5,
      6.7,
      0.0,
      3.8,
      10.5,
      2.7,
      4.2,
      6.9,
      26.3,
      9.9,
      9.5,
      2.4,
      46.8,
      18.3,
      5.4,
      2.3,
      2.4,
      21.7,
      19.7,
      8.6,
      16.7,
      5.1,
      2.7,
      13.5,
      2.3,
      2.3,
      6.3,
      8.8,
      8.2,
      9.5,
      3.6,
      3.2,
      3.1,
      6.9,
      3.5,
      2.5,
      1.7,
      9.2,
      2.3,
      9.6,
      28.5,
      6.3,
      1.6,
      2.5
    ],
    [
      6.7,
      7.8,
      5.8,
      5.8,
      4.8,
      10.7,
      6.3,
      4.2,
      6.5,
      4.9,
      6.5,
      13.1,
      8.6,
      43.6,
      6.2,
      10.5,
      3.8,
      0.0,
      13.4,
      5.9,
      6.4,
      9.5,
      28.9,
      15.0,
      14.6,
      6.0,
      50.1,
      21.8,
      8.0,
      5.3,
      5.4,
      25.2,
      23.3,
      13.2,
      20.0,
      8.1,
      6.3,
      16.3,
      5.9,
      5.9,
      10.3,
      11.8,
      11.3,
      12.8,
      7.4,
      6.8,
      5.3,
      9.5,
      5.7,
      5.2,
      5.0,
      14.3,
      5.9,
      12.2,
      31.8,
      8.9,
      5.0,
      6.1
    ],
    [
      7.4,
      5.8,
      9.1,
      8.3,
      10.9,
      15.0,
      10.5,
      10.1,
      10.7,
      11.4,
      10.3,
      6.3,
      5.5,
      41.9,
      11.0,
      6.2,
      10.5,
      13.4,
      0.0,
      7.1,
      9.9,
      7.7,
      18.5,
      3.3,
      4.2,
      8.9,
      40.6,
      5.2,
      7.8,
      8.2,
      10.4,
      22.1,
      13.5,
      3.6,
      12.1,
      12.7,
      9.2,
      15.6,
      7.7,
      7.7,
      4.4,
      11.0,
      15.7,
      4.2,
      7.2,
      6.8,
      11.1,
      6.0,
      11.1,
      10.6,
      12.6,
      3.8,
      7.5,
      6.1,
      25.6,
      7.2,
      8.3,
      7.7
    ],
    [
      0.35,
      1.8,
      1.7,
      1.4,
      1.3,
      8.6,
      0.75,
      2.5,
      1.1,
      0.85,
      1.0,
      8.9,
      4.2,
      38.7,
      4.1,
      5.5,
      2.7,
      5.9,
      7.1,
      0.0,
      2.4,
      5.1,
      24.4,
      7.6,
      7.2,
      0.4,
      43.0,
      13.4,
      3.6,
      1.1,
      1.2,
      20.4,
      18.5,
      5.6,
      12.9,
      3.9,
      0.5,
      13.8,
      0.6,
      0.6,
      4.7,
      7.5,
      8.8,
      7.2,
      1.4,
      1.5,
      2.8,
      5.1,
      3.1,
      1.3,
      2.4,
      6.9,
      0.35,
      7.8,
      24.7,
      4.5,
      1.2,
      0.7
    ],
    [
      2.6,
      2.6,
      2.1,
      3.9,
      2.2,
      6.1,
      1.8,
      3.4,
      2.0,
      2.7,
      1.6,
      7.7,
      3.3,
      41.0,
      4.0,
      10.1,
      4.2,
      6.4,
      9.9,
      2.4,
      0.0,
      7.2,
      38.7,
      9.5,
      9.2,
      2.1,
      44.7,
      16.4,
      5.6,
      1.9,
      1.6,
      19.8,
      17.8,
      5.3,
      14.6,
      6.3,
      2.4,
      15.5,
      1.7,
      2.1,
      4.8,
      10.1,
      5.7,
      10.4,
      2.4,
      2.0,
      2.6,
      7.1,
      3.0,
      1.7,
      3.3,
      8.8,
      2.0,
      8.4,
      26.4,
      6.5,
      2.0,
      1.8
    ],
    [
      5.8,
      4.5,
      8.0,
      4.3,
      6.4,
      13.9,
      7.5,
      6.5,
      6.2,
      6.9,
      7.3,
      11.6,
      6.1,
      36.1,
      10.2,
      0.6,
      6.9,
      9.5,
      7.7,
      5.1,
      7.2,
      0.0,
      20.3,
      4.6,
      4.2,
      5.1,
      40.0,
      11.8,
      0.75,
      5.8,
      5.9,
      21.8,
      19.9,
      6.4,
      9.9,
      6.7,
      5.4,
      10.8,
      5.2,
      5.3,
      2.6,
      5.6,
      13.2,
      4.2,
      4.6,
      4.3,
      8.0,
      0.85,
      8.4,
      6.0,
      7.7,
      3.8,
      5.0,
      3.6,
      21.7,
      0.35,
      6.5,
      5.3
    ],
    [
      25.0,
      23.2,
      27.1,
      23.8,
      27.1,
      34.9,
      26.7,
      26.2,
      26.8,
      27.5,
      26.4,
      27.3,
      22.8,
      47.1,
      28.4,
      20.3,
      26.3,
      28.9,
      18.5,
      24.4,
      38.7,
      20.3,
      0.0,
      17.5,
      18.4,
      25.1,
      28.0,
      21.5,
      21.0,
      25.7,
      38.9,
      43.1,
      30.2,
      21.1,
      17.8,
      24.5,
      25.4,
      25.8,
      25.1,
      37.1,
      21.8,
      21.4,
      35.3,
      18.4,
      36.5,
      36.2,
      28.6,
      20.0,
      28.6,
      39.0,
      27.0,
      18.9,
      25.0,
      17.9,
      25.5,
      20.4,
      25.8,
      25.2
    ],
    [
      8.2,
      6.4,
      10.3,
      7.6,
      10.3,
      14.2,
      9.9,
      9.4,
      10.0,
      10.7,
      9.6,
      8.8,
      6.0,
      38.8,
      11.6,
      4.5,
      9.9,
      15.0,
      3.3,
      7.6,
      9.5,
      4.6,
      17.5,
      0.0,
      1.4,
      8.1,
      39.2,
      8.3,
      5.0,
      8.7,
      8.8,
      22.7,
      16.4,
      4.1,
      10.3,
      10.0,
      8.4,
      12.8,
      8.1,
      8.2,
      4.8,
      9.0,
      14.1,
      1.4,
      7.6,
      7.2,
      11.6,
      4.0,
      11.6,
      8.9,
      10.0,
      1.9,
      8.0,
      4.1,
      23.6,
      4.4,
      8.8,
      8.2
    ],
    [
      7.9,
      6.1,
      10.0,
      7.3,
      9.9,
      13.8,
      9.5,
      9.1,
      9.7,
      10.4,
      9.3,
      8.5,
      5.6,
      38.5,
      11.3,
      4.2,
      9.5,
      14.6,
      4.2,
      7.2,
      9.2,
      4.2,
      18.4,
      1.4,
      0.0,
      7.9,
      37.1,
      8.5,
      4.8,
      8.6,
      8.6,
      22.5,
      16.2,
      4.0,
      10.1,
      9.8,
      8.2,
      12.6,
      8.0,
      8.1,
      4.6,
      8.9,
      13.9,
      0.5,
      7.4,
      7.1,
      11.5,
      3.9,
      11.5,
      8.8,
      9.9,
      0.7,
      7.8,
      0.7,
      23.5,
      4.3,
      8.7,
      8.1
    ],
    [
      0.29,
      1.5,
      1.1,
      2.6,
      1.3,
      8.3,
      0.29,
      2.2,
      0.75,
      0.55,
      1.8,
      8.6,
      3.5,
      39.2,
      3.7,
      6.0,
      2.4,
      6.0,
      8.9,
      0.4,
      2.1,
      5.1,
      25.1,
      8.1,
      7.9,
      0.0,
      43.3,
      17.0,
      4.0,
      0.75,
      0.9,
      20.4,
      18.5,
      8.2,
      13.2,
      4.3,
      0.19,
      14.2,
      0.35,
      0.3,
      4.6,
      7.9,
      7.7,
      7.6,
      0.85,
      1.5,
      3.1,
      5.5,
      3.4,
      1.0,
      2.7,
      7.3,
      0.06,
      8.2,
      25.0,
      4.9,
      0.9,
      0.4
    ],
    [
      43.6,
      42.0,
      45.5,
      41.7,
      45.4,
      51.3,
      45.0,
      44.7,
      45.2,
      45.9,
      44.8,
      49.1,
      45.0,
      34.8,
      47.7,
      39.7,
      46.8,
      50.1,
      40.6,
      43.0,
      44.7,
      40.0,
      28.0,
      39.2,
      37.1,
      43.3,
      0.0,
      39.2,
      47.6,
      46.3,
      52.2,
      60.8,
      58.9,
      54.8,
      32.8,
      41.8,
      44.5,
      33.0,
      44.2,
      50.5,
      49.3,
      44.2,
      58.4,
      37.1,
      43.7,
      49.5,
      47.7,
      47.3,
      48.1,
      52.3,
      53.8,
      51.7,
      44.1,
      36.1,
      22.4,
      46.4,
      46.4,
      44.3
    ],
    [
      17.3,
      15.7,
      17.0,
      13.4,
      16.9,
      14.4,
      16.5,
      18.0,
      16.6,
      17.3,
      16.2,
      6.8,
      9.3,
      52.4,
      17.6,
      12.6,
      18.3,
      21.8,
      5.2,
      13.4,
      16.4,
      11.8,
      21.5,
      8.3,
      8.5,
      17.0,
      39.2,
      0.0,
      12.5,
      20.1,
      19.9,
      25.9,
      14.4,
      9.7,
      19.7,
      18.4,
      20.5,
      20.8,
      19.8,
      20.1,
      10.4,
      26.1,
      18.1,
      9.7,
      20.1,
      19.7,
      20.8,
      12.5,
      20.8,
      20.0,
      21.4,
      10.4,
      20.1,
      13.3,
      42.4,
      12.9,
      20.2,
      19.9
    ],
    [
      4.2,
      3.0,
      5.2,
      2.7,
      4.9,
      12.3,
      6.0,
      4.9,
      4.6,
      5.3,
      5.7,
      10.0,
      4.5,
      36.4,
      8.7,
      1.7,
      5.4,
      8.0,
      7.8,
      3.6,
      5.6,
      0.75,
      21.0,
      5.0,
      4.8,
      4.0,
      47.6,
      12.5,
      0.0,
      4.9,
      5.0,
      20.9,
      19.0,
      5.5,
      10.2,
      4.9,
      4.6,
      9.0,
      4.3,
      4.4,
      1.7,
      5.8,
      12.3,
      4.8,
      3.7,
      3.4,
      6.5,
      1.5,
      6.9,
      5.1,
      6.2,
      4.4,
      4.1,
      4.2,
      21.3,
      0.95,
      5.0,
      4.4
    ],
    [
      1.0,
      2.2,
      0.4,
      2.5,
      0.6,
      6.2,
      0.5,
      2.1,
      0.25,
      0.7,
      1.5,
      8.5,
      3.6,
      41.3,
      3.7,
      6.6,
      2.3,
      5.3,
      8.2,
      1.1,
      1.9,
      5.8,
      25.7,
      8.7,
      8.6,
      0.75,
      46.3,
      20.1,
      4.9,
      0.0,
      0.4,
      20.0,
      18.0,
      7.8,
      15.0,
      5.0,
      0.85,
      16.0,
      0.55,
      0.6,
      4.7,
      8.6,
      7.7,
      9.6,
      2.0,
      1.6,
      1.7,
      6.3,
      2.1,
      0.19,
      0.6,
      8.0,
      0.7,
      9.0,
      26.8,
      5.6,
      0.18,
      0.4
    ],
    [
      1.7,
      2.2,
      0.8,
      2.6,
      1.0,
      6.2,
      0.6,
      2.2,
      0.6,
      0.85,
      1.0,
      8.3,
      4.0,
      41.0,
      3.6,
      6.7,
      2.4,
      5.4,
      10.4,
      1.2,
      1.6,
      5.9,
      38.9,
      8.8,
      8.6,
      0.9,
      52.2,
      19.9,
      5.0,
      0.4,
      0.0,
      19.9,
      18.0,
      7.7,
      15.0,
      5.2,
      1.1,
      15.9,
      0.75,
      0.8,
      5.6,
      10.5,
      6.0,
      9.6,
      2.2,
      1.8,
      1.9,
      7.6,
      2.3,
      0.16,
      0.85,
      9.3,
      0.95,
      8.8,
      26.8,
      7.0,
      0.4,
      0.65
    ],
    [
      20.7,
      19.1,
      20.3,
      22.1,
      20.3,
      15.6,
      19.9,
      21.4,
      20.0,
      20.7,
      19.6,
      17.0,
      19.0,
      55.8,
      21.0,
      24.9,
      21.7,
      25.2,
      22.1,
      20.4,
      19.8,
      21.8,
      43.1,
      22.7,
      22.5,
      20.4,
      60.8,
      25.9,
      20.9,
      20.0,
      19.9,
      0.0,
      22.7,
      20.3,
      30.5,
      25.1,
      20.4,
      31.4,
      19.7,
      20.1,
      22.3,
      26.0,
      17.4,
      23.1,
      20.0,
      19.6,
      20.7,
      23.1,
      20.7,
      19.9,
      21.4,
      22.7,
      20.0,
      25.0,
      42.3,
      22.5,
      20.2,
      19.8
    ],
    [
      18.8,
      17.2,
      18.4,
      20.2,
      18.3,
      15.8,
      17.9,
      19.5,
      18.1,
      18.8,
      17.7,
      9.8,
      17.1,
      53.9,
      19.0,
      22.9,
      19.7,
      23.3,
      13.5,
      18.5,
      17.8,
      19.9,
      30.2,
      16.4,
      16.2,
      18.5,
      58.9,
      14.4,
      19.0,
      18.0,
      18.0,
      22.7,
      0.0,
      17.5,
      27.7,
      22.4,
      17.6,
      28.7,
      16.9,
      17.3,
      19.5,
      23.2,
      15.3,
      16.2,
      17.2,
      16.8,
      18.2,
      20.3,
      18.0,
      17.1,
      18.6,
      15.8,
      17.3,
      18.1,
      39.5,
      19.7,
      17.4,
      17.0
    ],
    [
      8.5,
      4.8,
      8.9,
      8.0,
      8.0,
      10.2,
      7.6,
      9.2,
      7.8,
      8.5,
      7.4,
      5.1,
      2.8,
      43.6,
      8.5,
      7.2,
      8.6,
      13.2,
      3.6,
      5.6,
      5.3,
      6.4,
      21.1,
      4.1,
      4.0,
      8.2,
      54.8,
      9.7,
      5.5,
      7.8,
      7.7,
      20.3,
      17.5,
      0.0,
      11.9,
      9.1,
      6.1,
      14.4,
      7.7,
      6.2,
      2.8,
      14.0,
      10.9,
      3.9,
      5.0,
      4.6,
      8.5,
      5.7,
      8.5,
      7.9,
      9.4,
      3.5,
      5.9,
      5.8,
      30.3,
      6.1,
      8.2,
      7.8
    ],
    [
      13.5,
      11.9,
      15.4,
      11.6,
      15.3,
      21.2,
      14.9,
      14.6,
      15.1,
      15.8,
      14.7,
      19.0,
      14.9,
      27.8,
      17.6,
      9.6,
      16.7,
      20.0,
      12.1,
      12.9,
      14.6,
      9.9,
      17.8,
      10.3,
      10.1,
      13.2,
      32.8,
      19.7,
      10.2,
      15.0,
      15.0,
      30.5,
      27.7,
      11.9,
      0.0,
      10.0,
      14.1,
      3.3,
      15.6,
      13.9,
      12.8,
      6.1,
      21.9,
      10.0,
      13.3,
      12.9,
      17.6,
      10.7,
      17.9,
      15.8,
      17.2,
      9.6,
      13.7,
      9.3,
      14.4,
      9.9,
      16.0,
      15.7
    ],
    [
      4.5,
      6.6,
      6.2,
      2.9,
      5.6,
      13.5,
      4.6,
      4.7,
      4.9,
      6.0,
      6.0,
      13.6,
      9.5,
      36.8,
      8.9,
      6.5,
      5.1,
      8.1,
      12.7,
      3.9,
      6.3,
      6.7,
      24.5,
      10.0,
      9.8,
      4.3,
      41.8,
      18.4,
      4.9,
      5.0,
      5.2,
      25.1,
      22.4,
      9.1,
      10.0,
      0.0,
      5.0,
      9.0,
      4.5,
      4.5,
      6.3,
      4.3,
      15.8,
      10.6,
      5.3,
      5.4,
      7.4,
      7.3,
      7.7,
      5.2,
      7.0,
      9.1,
      4.3,
      9.1,
      22.4,
      6.5,
      5.8,
      4.7
    ],
    [
      0.2,
      1.8,
      1.2,
      2.9,
      1.4,
      8.6,
      0.4,
      2.5,
      0.85,
      0.6,
      2.1,
      8.9,
      3.8,
      39.5,
      4.1,
      6.3,
      2.7,
      6.3,
      9.2,
      0.5,
      2.4,
      5.4,
      25.4,
      8.4,
      8.2,
      0.19,
      44.5,
      20.5,
      4.6,
      0.85,
      1.1,
      20.4,
      17.6,
      6.1,
      14.1,
      5.0,
      0.0,
      14.5,
      0.45,
      0.45,
      4.9,
      8.2,
      8.0,
      7.9,
      1.7,
      1.8,
      3.4,
      5.8,
      3.7,
      1.9,
      1.4,
      7.6,
      0.25,
      8.5,
      25.3,
      5.2,
      1.8,
      0.5
    ],
    [
      14.4,
      12.9,
      16.3,
      11.3,
      16.3,
      22.2,
      15.9,
      13.1,
      16.0,
      16.7,
      15.6,
      19.9,
      15.8,
      28.9,
      18.6,
      10.6,
      13.5,
      16.3,
      15.6,
      13.8,
      15.5,
      10.8,
      25.8,
      12.8,
      12.6,
      14.2,
      33.0,
      20.8,
      9.0,
      16.0,
      15.9,
      31.4,
      28.7,
      14.4,
      3.3,
      9.0,
      14.5,
      0.0,
      16.8,
      15.1,
      13.9,
      5.0,
      23.1,
      12.9,
      14.5,
      14.1,
      18.8,
      11.9,
      19.1,
      17.0,
      18.4,
      16.4,
      14.9,
      11.1,
      14.5,
      11.1,
      17.2,
      16.9
    ],
    [
      0.6,
      1.6,
      1.2,
      2.0,
      1.1,
      8.2,
      0.19,
      2.1,
      0.55,
      0.35,
      0.4,
      8.2,
      3.1,
      41.0,
      3.6,
      6.0,
      2.3,
      5.9,
      7.7,
      0.6,
      1.7,
      5.2,
      25.1,
      8.1,
      8.0,
      0.35,
      44.2,
      19.8,
      4.3,
      0.55,
      0.75,
      19.7,
      16.9,
      7.7,
      15.6,
      4.5,
      0.45,
      16.8,
      0.0,
      0.06,
      4.0,
      6.9,
      8.2,
      7.7,
      0.6,
      0.9,
      2.2,
      5.6,
      2.5,
      0.75,
      1.8,
      7.4,
      0.27,
      8.3,
      26.7,
      5.0,
      0.7,
      0.13
    ],
    [
      0.55,
      1.7,
      1.0,
      2.0,
      1.1,
      8.2,
      0.18,
      2.1,
      0.6,
      0.45,
      0.4,
      8.5,
      3.6,
      39.3,
      3.6,
      6.1,
      2.3,
      5.9,
      7.7,
      0.6,
      2.1,
      5.3,
      37.1,
      8.2,
      8.1,
      0.3,
      50.5,
      20.1,
      4.4,
      0.6,
      0.8,
      20.1,
      17.3,
      6.2,
      13.9,
      4.5,
      0.45,
      15.1,
      0.06,
      0.0,
      4.0,
      6.9,
      8.4,
      7.7,
      0.6,
      0.9,
      2.4,
      5.6,
      2.7,
      0.8,
      2.0,
      7.4,
      0.24,
      8.3,
      26.7,
      5.0,
      0.75,
      0.19
    ],
    [
      4.9,
      3.3,
      5.3,
      4.5,
      4.9,
      13.0,
      4.3,
      6.3,
      4.7,
      5.4,
      6.5,
      6.8,
      3.0,
      38.1,
      7.9,
      3.4,
      6.3,
      10.3,
      4.4,
      4.7,
      4.8,
      2.6,
      21.8,
      4.8,
      4.6,
      4.6,
      49.3,
      10.4,
      1.7,
      4.7,
      5.6,
      22.3,
      19.5,
      2.8,
      12.8,
      6.3,
      4.9,
      13.9,
      4.0,
      4.0,
      0.0,
      9.8,
      12.3,
      4.4,
      3.4,
      3.1,
      6.4,
      4.3,
      6.8,
      5.3,
      6.4,
      4.0,
      4.3,
      6.3,
      26.2,
      3.7,
      5.2,
      4.6
    ],
    [
      8.2,
      7.4,
      9.8,
      6.5,
      9.3,
      16.7,
      10.4,
      8.3,
      10.8,
      9.7,
      10.2,
      14.7,
      10.6,
      32.6,
      12.5,
      5.3,
      8.8,
      11.8,
      11.0,
      7.5,
      10.1,
      5.6,
      21.4,
      9.0,
      8.9,
      7.9,
      44.2,
      26.1,
      5.8,
      8.6,
      10.5,
      26.0,
      23.2,
      14.0,
      6.1,
      4.3,
      8.2,
      5.0,
      6.9,
      6.9,
      9.8,
      0.0,
      18.0,
      8.6,
      9.4,
      9.0,
      10.9,
      6.4,
      11.2,
      8.7,
      10.5,
      8.2,
      7.8,
      8.2,
      18.5,
      5.5,
      9.4,
      8.3
    ],
    [
      8.0,
      10.5,
      6.1,
      9.3,
      6.2,
      0.28,
      6.6,
      7.3,
      6.8,
      6.6,
      6.7,
      8.0,
      10.4,
      47.2,
      5.8,
      16.3,
      8.2,
      11.3,
      15.7,
      8.8,
      5.7,
      13.2,
      35.3,
      14.1,
      13.9,
      7.7,
      58.4,
      18.1,
      12.3,
      7.7,
      6.0,
      17.4,
      15.3,
      10.9,
      21.9,
      15.8,
      8.0,
      23.1,
      8.2,
      8.4,
      12.3,
      18.0,
      0.0,
      13.8,
      10.7,
      10.4,
      5.9,
      13.8,
      5.9,
      6.1,
      7.2,
      13.5,
      8.3,
      14.9,
      33.0,
      13.2,
      7.6,
      8.5
    ],
    [
      7.9,
      6.5,
      10.0,
      7.3,
      9.9,
      13.8,
      9.5,
      9.1,
      9.7,
      10.4,
      9.3,
      8.5,
      5.6,
      38.5,
      11.3,
      4.2,
      9.5,
      12.8,
      4.2,
      7.2,
      10.4,
      4.2,
      18.4,
      1.4,
      0.5,
      7.6,
      37.1,
      9.7,
      4.8,
      9.6,
      9.6,
      23.1,
      16.2,
      3.9,
      10.0,
      10.6,
      7.9,
      12.9,
      7.7,
      7.7,
      4.4,
      8.6,
      13.8,
      0.0,
      7.4,
      7.1,
      11.5,
      3.9,
      11.5,
      10.9,
      9.9,
      1.7,
      7.8,
      0.55,
      23.5,
      4.3,
      8.7,
      8.1
    ],
    [
      1.7,
      1.0,
      2.6,
      2.9,
      2.2,
      10.7,
      0.7,
      3.4,
      2.0,
      2.7,
      0.35,
      8.5,
      2.6,
      38.7,
      5.0,
      6.8,
      3.6,
      7.4,
      7.2,
      1.4,
      2.4,
      4.6,
      36.5,
      7.6,
      7.4,
      0.85,
      43.7,
      20.1,
      3.7,
      2.0,
      2.2,
      20.0,
      17.2,
      5.0,
      13.3,
      5.3,
      1.7,
      14.5,
      0.6,
      0.6,
      3.4,
      9.4,
      10.7,
      7.4,
      0.0,
      0.4,
      2.7,
      7.3,
      3.1,
      1.3,
      2.4,
      8.9,
      0.8,
      8.6,
      26.5,
      6.7,
      1.2,
      0.65
    ],
    [
      1.8,
      0.55,
      2.2,
      3.1,
      1.8,
      10.4,
      1.2,
      3.0,
      1.6,
      2.2,
      0.7,
      8.1,
      2.2,
      38.3,
      4.6,
      6.5,
      3.2,
      6.8,
      6.8,
      1.5,
      2.0,
      4.3,
      36.2,
      7.2,
      7.1,
      1.5,
      49.5,
      19.7,
      3.4,
      1.6,
      1.8,
      19.6,
      16.8,
      4.6,
      12.9,
      5.4,
      1.8,
      14.1,
      0.9,
      0.9,
      3.1,
      9.0,
      10.4,
      7.1,
      0.4,
      0.0,
      3.1,
      6.2,
      3.4,
      1.6,
      2.7,
      6.5,
      1.2,
      8.9,
      24.2,
      5.6,
      1.5,
      1.0
    ],
    [
      3.3,
      3.8,
      1.7,
      4.9,
      1.7,
      5.9,
      2.2,
      2.9,
      2.3,
      2.2,
      2.8,
      9.2,
      5.0,
      42.9,
      1.3,
      8.9,
      3.1,
      5.3,
      11.1,
      2.8,
      2.6,
      8.0,
      28.6,
      11.6,
      11.5,
      3.1,
      47.7,
      20.8,
      6.5,
      1.7,
      1.9,
      20.7,
      18.2,
      8.5,
      17.6,
      7.4,
      3.4,
      18.8,
      2.2,
      2.4,
      6.4,
      10.9,
      5.9,
      11.5,
      2.7,
      3.1,
      0.0,
      8.8,
      0.14,
      2.1,
      1.3,
      11.0,
      2.4,
      13.5,
      28.1,
      8.2,
      1.6,
      2.6
    ],
    [
      5.8,
      4.5,
      8.0,
      4.2,
      6.4,
      13.8,
      7.5,
      6.4,
      6.2,
      6.9,
      7.3,
      10.3,
      7.4,
      36.1,
      10.2,
      0.6,
      6.9,
      9.5,
      6.0,
      5.1,
      7.1,
      0.85,
      20.0,
      4.0,
      3.9,
      5.5,
      47.3,
      12.5,
      1.5,
      6.3,
      7.6,
      23.1,
      20.3,
      5.7,
      10.7,
      7.3,
      5.8,
      11.9,
      5.6,
      5.6,
      4.3,
      6.4,
      13.8,
      3.9,
      7.3,
      6.2,
      8.8,
      0.0,
      9.0,
      6.6,
      7.5,
      3.5,
      5.7,
      3.3,
      22.3,
      0.8,
      7.2,
      5.9
    ],
    [
      3.7,
      4.2,
      2.0,
      5.3,
      2.1,
      5.9,
      2.5,
      3.3,
      2.7,
      2.5,
      3.2,
      9.2,
      5.3,
      43.3,
      1.4,
      9.2,
      3.5,
      5.7,
      11.1,
      3.1,
      3.0,
      8.4,
      28.6,
      11.6,
      11.5,
      3.4,
      48.1,
      20.8,
      6.9,
      2.1,
      2.3,
      20.7,
      18.0,
      8.5,
      17.9,
      7.7,
      3.7,
      19.1,
      2.5,
      2.7,
      6.8,
      11.2,
      5.9,
      11.5,
      3.1,
      3.4,
      0.14,
      9.0,
      0.0,
      2.4,
      1.6,
      11.0,
      2.7,
      13.2,
      28.4,
      8.6,
      2.0,
      2.9
    ],
    [
      1.2,
      2.4,
      0.45,
      2.7,
      0.7,
      6.1,
      0.7,
      2.3,
      0.4,
      0.9,
      1.0,
      8.4,
      4.1,
      41.2,
      3.4,
      6.8,
      2.5,
      5.2,
      10.6,
      1.3,
      1.7,
      6.0,
      39.0,
      8.9,
      8.8,
      1.0,
      52.3,
      20.0,
      5.1,
      0.19,
      0.16,
      19.9,
      17.1,
      7.9,
      15.8,
      5.2,
      1.9,
      17.0,
      0.75,
      0.8,
      5.3,
      8.7,
      6.1,
      10.9,
      1.3,
      1.6,
      2.1,
      6.6,
      2.4,
      0.0,
      1.5,
      9.8,
      0.9,
      9.5,
      27.4,
      7.6,
      0.21,
      0.6
    ],
    [
      3.0,
      3.5,
      0.29,
      4.5,
      0.26,
      7.2,
      1.8,
      1.6,
      0.55,
      1.8,
      2.8,
      9.8,
      5.6,
      42.6,
      2.6,
      8.5,
      1.7,
      5.0,
      12.6,
      2.4,
      3.3,
      7.7,
      27.0,
      10.0,
      9.9,
      2.7,
      53.8,
      21.4,
      6.2,
      0.6,
      0.85,
      21.4,
      18.6,
      9.4,
      17.2,
      7.0,
      1.4,
      18.4,
      1.8,
      2.0,
      6.4,
      10.5,
      7.2,
      9.9,
      2.4,
      2.7,
      1.3,
      7.5,
      1.6,
      1.5,
      0.0,
      11.1,
      2.0,
      10.2,
      28.7,
      8.9,
      0.45,
      2.2
    ],
    [
      7.5,
      6.2,
      9.7,
      6.9,
      9.6,
      13.5,
      9.2,
      8.7,
      9.3,
      10.0,
      8.9,
      8.1,
      5.3,
      40.6,
      10.9,
      3.8,
      9.2,
      14.3,
      3.8,
      6.9,
      8.8,
      3.8,
      18.9,
      1.9,
      0.7,
      7.3,
      51.7,
      10.4,
      4.4,
      8.0,
      9.3,
      22.7,
      15.8,
      3.5,
      9.6,
      9.1,
      7.6,
      16.4,
      7.4,
      7.4,
      4.0,
      8.2,
      13.5,
      1.7,
      8.9,
      6.5,
      11.0,
      3.5,
      11.0,
      9.8,
      11.1,
      0.0,
      8.1,
      1.4,
      22.6,
      3.4,
      9.6,
      8.4
    ],
    [
      0.3,
      1.5,
      1.1,
      1.8,
      1.2,
      8.3,
      0.22,
      2.1,
      0.7,
      0.45,
      0.6,
      8.5,
      3.4,
      39.1,
      3.7,
      5.9,
      2.3,
      5.9,
      7.5,
      0.35,
      2.0,
      5.0,
      25.0,
      8.0,
      7.8,
      0.06,
      44.1,
      20.1,
      4.1,
      0.7,
      0.95,
      20.0,
      17.3,
      5.9,
      13.7,
      4.3,
      0.25,
      14.9,
      0.27,
      0.24,
      4.3,
      7.8,
      8.3,
      7.8,
      0.8,
      1.2,
      2.4,
      5.7,
      2.7,
      0.9,
      2.0,
      8.1,
      0.0,
      8.2,
      25.0,
      4.9,
      0.85,
      0.35
    ],
    [
      8.5,
      6.4,
      10.7,
      6.9,
      10.1,
      14.9,
      10.2,
      9.2,
      9.0,
      10.5,
      10.0,
      11.0,
      7.5,
      36.7,
      13.2,
      3.6,
      9.6,
      12.2,
      6.1,
      7.8,
      8.4,
      3.6,
      17.9,
      4.1,
      0.7,
      8.2,
      36.1,
      13.3,
      4.2,
      9.0,
      8.8,
      25.0,
      18.1,
      5.8,
      9.3,
      9.1,
      8.5,
      11.1,
      8.3,
      8.3,
      6.3,
      8.2,
      14.9,
      0.55,
      8.6,
      8.9,
      13.5,
      3.3,
      13.2,
      9.5,
      10.2,
      1.4,
      8.2,
      0.0,
      22.7,
      3.6,
      8.3,
      8.5
    ],
    [
      25.3,
      23.7,
      27.2,
      23.3,
      27.1,
      33.1,
      26.7,
      26.4,
      26.9,
      27.6,
      26.5,
      30.8,
      26.7,
      17.1,
      29.4,
      21.4,
      28.5,
      31.8,
      25.6,
      24.7,
      26.4,
      21.7,
      25.5,
      23.6,
      23.5,
      25.0,
      22.4,
      42.4,
      21.3,
      26.8,
      26.8,
      42.3,
      39.5,
      30.3,
      14.4,
      22.4,
      25.3,
      14.5,
      26.7,
      26.7,
      26.2,
      18.5,
      33.0,
      23.5,
      26.5,
      24.2,
      28.1,
      22.3,
      28.4,
      27.4,
      28.7,
      22.6,
      25.0,
      22.7,
      0.0,
      20.9,
      27.0,
      26.7
    ],
    [
      5.2,
      3.9,
      7.4,
      3.6,
      5.8,
      13.2,
      6.9,
      5.9,
      5.6,
      6.3,
      6.7,
      11.0,
      5.5,
      35.2,
      9.6,
      0.29,
      6.3,
      8.9,
      7.2,
      4.5,
      6.5,
      0.35,
      20.4,
      4.4,
      4.3,
      4.9,
      46.4,
      12.9,
      0.95,
      5.6,
      7.0,
      22.5,
      19.7,
      6.1,
      9.9,
      6.5,
      5.2,
      11.1,
      5.0,
      5.0,
      3.7,
      5.5,
      13.2,
      4.3,
      6.7,
      5.6,
      8.2,
      0.8,
      8.6,
      7.6,
      8.9,
      3.4,
      4.9,
      3.6,
      20.9,
      0.0,
      6.6,
      5.4
    ],
    [
      1.2,
      2.3,
      0.28,
      3.4,
      0.5,
      6.1,
      0.65,
      1.4,
      0.29,
      0.65,
      1.0,
      8.6,
      3.8,
      41.4,
      3.0,
      7.4,
      1.6,
      5.0,
      8.3,
      1.2,
      2.0,
      6.5,
      25.8,
      8.8,
      8.7,
      0.9,
      46.4,
      20.2,
      5.0,
      0.18,
      0.4,
      20.2,
      17.4,
      8.2,
      16.0,
      5.8,
      1.8,
      17.2,
      0.7,
      0.75,
      5.2,
      9.4,
      7.6,
      8.7,
      1.2,
      1.5,
      1.6,
      7.2,
      2.0,
      0.21,
      0.45,
      9.6,
      0.85,
      8.3,
      27.0,
      6.6,
      0.0,
      0.55
    ],
    [
      0.65,
      1.7,
      0.75,
      2.3,
      0.95,
      8.5,
      0.12,
      2.3,
      0.45,
      0.3,
      0.45,
      8.3,
      3.2,
      41.0,
      3.9,
      6.1,
      2.5,
      6.1,
      7.7,
      0.7,
      1.8,
      5.3,
      25.2,
      8.2,
      8.1,
      0.4,
      44.3,
      19.9,
      4.4,
      0.4,
      0.65,
      19.8,
      17.0,
      7.8,
      15.7,
      4.7,
      0.5,
      16.9,
      0.13,
      0.19,
      4.6,
      8.3,
      8.5,
      8.1,
      0.65,
      1.0,
      2.6,
      5.9,
      2.9,
      0.6,
      2.2,
      8.4,
      0.35,
      8.5,
      26.7,
      5.4,
      0.55,
      0.0
    ]
  ],
  "drive_time_matrix": [
    [
      0.0,
      8.0,
      17.0,
      6.0,
      19.0,
      15.0,
      7.0,
      6.0,
      13.0,
      10.0,
      4.0,
      12.0,
      9.0,
      31.0,
      10.0,
      12.0,
      7.0,
      12.0,
      14.0,
      4.0,
      7.0,
      13.0,
      29.0,
      14.0,
      14.0,
      3.0,
      35.0,
      17.0,
      9.0,
      12.0,
      7.0,
      17.0,
      21.0,
      12.0,
      15.0,
      8.0,
      3.0,
      16.0,
      7.0,
      7.0,
      10.0,
      13.0,
      15.0,
      13.0,
      6.0,
      5.0,
      8.0,
      11.0,
      9.0,
      15.0,
      8.0,
      13.0,
      4.0,
      14.0,
      21.0,
      10.0,
      14.0,
      8.0
    ],
    [
      8.0,
      0.0,
      7.0,
      8.0,
      7.0,
      12.0,
      5.0,
      8.0,
      7.0,
      9.0,
      4.0,
      9.0,
      5.0,
      26.0,
      10.0,
      8.0,
      9.0,
      14.0,
      10.0,
