{
  "drive_dist_matrix": [
    [
      0.0,
      3.8,
      3.8,
      22.0,
      0.5,
      11.4,
      4.2,
      29.8,
      28.0,
      2.2,
      11.1,
      0.7,
      22.4,
      2.3,
      5.8,
      2.2,
      9.3,
      2.2,
      6.5,
      3.7,
      0.55,
      3.0,
      0.45,
      27.7,
      4.6,
      4.2,
      14.3,
      9.3,
      6.7,
      28.0,
      7.5,
      0.6,
      21.4,
      9.0,
      3.3,
      2.3,
      37.3,
      36.1,
      34.1,
      14.9,
      9.0,
      2.4,
      11.3,
      14.1,
      10.5,
      2.0,
      3.7,
      9.3,
      5.0,
      3.9,
      76.8,
      5.1,
      2.5,
      2.8,
      0.002,
      3.9,
      5.6,
      7.1,
      8.0
    ],
    [
      3.8,
      0.0,
      7.2,
      20.3,
      3.6,
      13.3,
      2.2,
      29.6,
      27.8,
      5.5,
      14.5,
      4.3,
      20.7,
      5.7,
      2.0,
      5.5,
      6.0,
      5.6,
      2.4,
      2.4,
      3.8,
      6.0,
      3.6,
      18.2,
      8.4,
      7.6,
      14.0,
      11.2,
      2.6,
      26.2,
      9.4,
      4.4,
      13.1,
      10.5,
      4.4,
      5.8,
      37.8,
      39.5,
      24.6,
      9.9,
      10.6,
      5.9,
      7.7,
      17.5,
      11.1,
      5.2,
      0.13,
      5.5,
      7.8,
      0.12,
      67.3,
      8.5,
      3.5,
      5.8,
      3.7,
      7.8,
      6.8,
      6.0,
      9.6
    ],
    [
      3.8,
      7.2,
      0.0,
      25.9,
      5.1,
      13.8,
      7.5,
      33.1,
      31.3,
      2.7,
      9.4,
      4.4,
      26.3,
      2.9,
      9.9,
      3.6,
      13.2,
      3.2,
      9.8,
      6.9,
      5.0,
      3.7,
      5.1,
      31.0,
      7.2,
      1.1,
      18.3,
      11.8,
      10.0,
      31.8,
      10.0,
      4.4,
      24.7,
      8.1,
      4.5,
      4.7,
      39.5,
      34.5,
      37.9,
      18.2,
      7.4,
      4.7,
      15.3,
      12.5,
      12.7,
      2.6,
      7.5,
      13.1,
      5.2,
      7.7,
      80.6,
      3.4,
      5.2,
      3.0,
      4.2,
      4.9,
      9.2,
      11.0,
      8.9
    ],
    [
      22.0,
      20.3,
      25.9,
      0.0,
      22.9,
      32.6,
      20.4,
      34.7,
      32.9,
      23.5,
      50.8,
      23.3,
      0.45,
      23.6,
      18.5,
      22.2,
      14.7,
      23.5,
      32.9,
      20.5,
      22.7,
      37.3,
      22.9,
      18.4,
      24.0,
      39.9,
      24.3,
      25.2,
      33.4,
      4.1,
      22.7,
      23.3,
      18.2,
      50.6,
      23.8,
      21.3,
      53.9,
      71.3,
      14.5,
      28.2,
      41.1,
      21.4,
      12.4,
      51.9,
      22.0,
      23.4,
      19.5,
      15.3,
      24.8,
      19.6,
      59.9,
      52.6,
      23.3,
      37.1,
      22.8,
      23.8,
      20.9,
      15.5,
      24.8
    ],
    [
      0.5,
      3.6,
      5.1,
      22.9,
      0.0,
      10.3,
      5.8,
      31.4,
      29.6,
      2.6,
      11.5,
      0.45,
      22.5,
      2.7,
      7.5,
      2.6,
      9.5,
      2.6,
      8.1,
      5.3,
      0.21,
      3.4,
      0.065,
      29.4,
      3.4,
      4.6,
      14.5,
      8.1,
      8.3,
      28.1,
      6.4,
      0.55,
      23.0,
      9.4,
      3.0,
      0.7,
      36.0,
      36.5,
      35.8,
      16.5,
      9.4,
      0.9,
      12.7,
      14.5,
      9.0,
      2.4,
      5.4,
      11.0,
      4.3,
      5.5,
      78.5,
      5.5,
      2.0,
      3.2,
      0.5,
      3.3,
      4.9,
      7.3,
      7.4
    ],
    [
      11.4,
      13.3,
      13.8,
      32.6,
      10.3,
      0.0,
      15.4,
      40.4,
      38.5,
      13.6,
      23.1,
      12.4,
      28.3,
      13.6,
      15.9,
      12.1,
      15.8,
      13.7,
      16.3,
      14.2,
      12.4,
      14.4,
      12.5,
      39.0,
      9.9,
      15.5,
      8.1,
      4.5,
      16.5,
      33.9,
      7.0,
      12.6,
      25.7,
      28.8,
      13.6,
      11.3,
      25.7,
      48.6,
      46.6,
      25.4,
      28.8,
      11.6,
      19.0,
      26.6,
      8.7,
      13.4,
      13.8,
      19.5,
      10.2,
      14.0,
      81.7,
      16.4,
      12.9,
      14.1,
      13.1,
      11.1,
      10.5,
      13.7,
      6.8
    ],
    [
      4.2,
      2.2,
      7.5,
      20.4,
      5.8,
      15.4,
      0.0,
      26.2,
      24.4,
      6.2,
      14.6,
      4.9,
      32.9,
      6.4,
      2.8,
      6.4,
      7.7,
      6.3,
      2.8,
      0.5,
      3.9,
      5.7,
      4.1,
      24.2,
      7.8,
      8.3,
      14.8,
      12.3,
      2.9,
      38.5,
      10.5,
      4.9,
      17.8,
      9.5,
      3.2,
      6.9,
      38.7,
      39.6,
      30.6,
      11.3,
      9.5,
      7.0,
      9.5,
      12.0,
      12.0,
      6.1,
      2.6,
      6.1,
      8.9,
      2.4,
      73.3,
      8.6,
      4.5,
      5.5,
      4.6,
      7.7,
      7.6,
      6.8,
      10.7
    ],
    [
      29.8,
      29.6,
      33.1,
      34.7,
      31.4,
      40.4,
      26.2,
      0.0,
      12.9,
      30.3,
      47.3,
      29.9,
      35.3,
      30.5,
      31.5,
      48.3,
      34.7,
      30.4,
      31.2,
      34.3,
      29.4,
      29.8,
      29.6,
      21.7,
      32.9,
      32.4,
      45.4,
      37.3,
      31.7,
      36.6,
      35.6,
      30.0,
      22.0,
      41.3,
      30.0,
      31.6,
      74.9,
      72.8,
      25.2,
      21.5,
      41.4,
      30.4,
      34.5,
      42.6,
      38.2,
      30.2,
      34.0,
      32.5,
      33.8,
      33.8,
      54.4,
      43.3,
      29.2,
      29.6,
      30.5,
      32.8,
      33.8,
      37.6,
      35.5
    ],
    [
      28.0,
      27.8,
      31.3,
      32.9,
      29.6,
      38.5,
      24.4,
      12.9,
      0.0,
      28.1,
      39.8,
      27.7,
      33.1,
      28.2,
      29.3,
      31.8,
      32.4,
      28.1,
      28.9,
      25.2,
      27.2,
      27.5,
      27.3,
      24.4,
      30.6,
      30.1,
      43.1,
      35.1,
      29.4,
      39.1,
      33.3,
      27.8,
      19.7,
      26.5,
      27.8,
      29.3,
      72.7,
      65.3,
      30.8,
      19.2,
      26.5,
      28.1,
      32.3,
      35.1,
      36.0,
      28.0,
      31.7,
      30.3,
      31.6,
      31.5,
      65.5,
      41.0,
      26.9,
      27.3,
      28.3,
      30.5,
      31.6,
      35.3,
      33.2
    ],
    [
      2.2,
      5.5,
      2.7,
      23.5,
      2.6,
      13.6,
      6.2,
      30.3,
      28.1,
      0.0,
      10.1,
      1.9,
      23.7,
      0.14,
      7.1,
      1.8,
      10.6,
      0.65,
      7.8,
      5.0,
      2.6,
      1.9,
      2.7,
      29.1,
      4.9,
      3.1,
      15.6,
      9.3,
      8.0,
      29.3,
      7.5,
      1.9,
      22.7,
      7.2,
      2.4,
      2.2,
      37.1,
      35.1,
      35.4,
      16.2,
      8.7,
      2.1,
      12.8,
      13.1,
      10.2,
      0.11,
      5.0,
      10.6,
      5.0,
      5.2,
      78.2,
      4.0,
      2.8,
      1.7,
      1.8,
      3.9,
      6.0,
      8.4,
      8.0
    ],
    [
      11.1,
      14.5,
      9.4,
      50.8,
      11.5,
      23.1,
      14.6,
      47.3,
      39.8,
      10.1,
      0.0,
      11.8,
      48.7,
      11.0,
      18.4,
      10.4,
      19.5,
      10.8,
      18.8,
      14.9,
      12.5,
      11.4,
      12.7,
      40.0,
      11.8,
      8.2,
      24.4,
      16.9,
      18.9,
      54.3,
      15.7,
      11.8,
      33.7,
      13.3,
      12.6,
      12.2,
      39.5,
      30.9,
      46.4,
      26.1,
      11.1,
      12.2,
      22.7,
      8.9,
      18.1,
      11.3,
      16.3,
      28.5,
      9.5,
      16.4,
      89.1,
      7.9,
      10.7,
      10.7,
      9.7,
      9.1,
      14.9,
      17.2,
      13.6
    ],
    [
      0.7,
      4.3,
      4.4,
      23.3,
      0.45,
      12.4,
      4.9,
      29.9,
      27.7,
      1.9,
      11.8,
      0.0,
      22.2,
      2.2,
      6.3,
      1.4,
      9.1,
      2.1,
      6.8,
      4.3,
      0.6,
      3.0,
      0.45,
      28.3,
      3.0,
      4.1,
      14.1,
      7.8,
      6.9,
      27.7,
      6.0,
      0.091,
      22.0,
      9.7,
      2.4,
      0.35,
      38.0,
      36.1,
      35.2,
      15.5,
      9.7,
      0.55,
      12.4,
      14.1,
      8.7,
      2.0,
      4.2,
      10.1,
      4.0,
      4.4,
      77.9,
      5.0,
      3.5,
      2.7,
      0.7,
      2.9,
      4.5,
      6.9,
      5.6
    ],
    [
      22.4,
      20.7,
      26.3,
      0.45,
      22.5,
      28.3,
      32.9,
      35.3,
      33.1,
      23.7,
      48.7,
      22.2,
      0.0,
      24.0,
      19.8,
      22.6,
      15.4,
      23.9,
      33.3,
      20.9,
      23.1,
      37.7,
      23.2,
      18.7,
      23.1,
      25.9,
      24.7,
      25.2,
      33.7,
      4.1,
      22.7,
      23.7,
      18.6,
      51.0,
      24.2,
      21.7,
      54.2,
      57.8,
      14.8,
      28.5,
      51.0,
      21.7,
      12.8,
      52.3,
      22.0,
      38.1,
      19.8,
      16.5,
      23.9,
      20.0,
      60.2,
      40.6,
      23.6,
      24.5,
      23.7,
      24.1,
      20.9,
      15.8,
      24.8
    ],
    [
      2.3,
      5.7,
      2.9,
      23.6,
      2.7,
      13.6,
      6.4,
      30.5,
      28.2,
      0.14,
      11.0,
      2.2,
      24.0,
      0.0,
      7.8,
      1.9,
      10.7,
      0.8,
      8.0,
      5.1,
      2.7,
      2.1,
      2.9,
      29.2,
      4.7,
      3.3,
      15.8,
      9.4,
      8.1,
      29.4,
      7.6,
      2.1,
      22.9,
      8.1,
      2.5,
      2.3,
      37.3,
      35.2,
      35.6,
      16.3,
      8.9,
      2.2,
      14.0,
      13.2,
      10.3,
      0.26,
      5.2,
      11.6,
      5.1,
      5.4,
      78.3,
      4.2,
      2.9,
      1.9,
      1.9,
      4.1,
      6.1,
      8.6,
      8.1
    ],
    [
      5.8,
      2.0,
      9.9,
      18.5,
      7.5,
      15.9,
      2.8,
      31.5,
      29.3,
      7.1,
      18.4,
      6.3,
      19.8,
      7.8,
      0.0,
      8.4,
      5.7,
      7.5,
      0.28,
      2.6,
      5.2,
      7.0,
      5.0,
      16.8,
      8.9,
      9.6,
      14.4,
      13.2,
      1.2,
      25.9,
      11.4,
      7.9,
      15.9,
      10.8,
      4.8,
      7.4,
      38.3,
      40.9,
      23.1,
      7.7,
      10.8,
      7.5,
      7.4,
      13.3,
      11.6,
      7.5,
      2.5,
      4.1,
      9.7,
      2.3,
      65.8,
      9.9,
      5.8,
      6.8,
      5.7,
      9.9,
      7.3,
      4.8,
      12.0
    ],
    [
      2.2,
      5.5,
      3.6,
      22.2,
      2.6,
      12.1,
      6.4,
      48.3,
      31.8,
      1.8,
      10.4,
      1.4,
      22.6,
      1.9,
      8.4,
      0.0,
      10.2,
      3.0,
      8.3,
      5.8,
      2.9,
      3.8,
      3.2,
      29.9,
      3.4,
      3.9,
      15.2,
      8.3,
      8.5,
      28.8,
      6.6,
      2.2,
      23.6,
      9.4,
      3.1,
      1.6,
      37.4,
      35.8,
      35.9,
      17.0,
      9.5,
      1.6,
      13.1,
      13.8,
      9.2,
      2.3,
      5.8,
      11.4,
      3.0,
      6.0,
      78.6,
      5.1,
      3.2,
      3.6,
      2.3,
      2.2,
      5.6,
      8.0,
      6.7
    ],
    [
      9.3,
      6.0,
      13.2,
      14.7,
      9.5,
      15.8,
      7.7,
      34.7,
      32.4,
      10.6,
      19.5,
      9.1,
      15.4,
      10.7,
      5.7,
      10.2,
      0.0,
      12.0,
      5.8,
      7.4,
      9.6,
      12.7,
      9.8,
      15.8,
      12.1,
      14.0,
      10.7,
      12.1,
      7.0,
      20.6,
      9.5,
      10.2,
      10.8,
      16.5,
      10.8,
      9.8,
      34.6,
      45.9,
      22.2,
      9.2,
      16.5,
      9.8,
      3.8,
      23.8,
      8.8,
      11.8,
      6.9,
      3.7,
      12.1,
      6.0,
      64.9,
      14.8,
      10.2,
      12.5,
      10.3,
      12.1,
      8.2,
      2.4,
      11.7
    ],
    [
      2.2,
      5.6,
      3.2,
      23.5,
      2.6,
      13.7,
      6.3,
      30.4,
      28.1,
      0.65,
      10.8,
      2.1,
      23.9,
      0.8,
      7.5,
      3.0,
      12.0,
      0.0,
      7.9,
      7.1,
      3.6,
      2.8,
      3.8,
      29.7,
      6.0,
      2.0,
      17.1,
      10.7,
      8.1,
      30.7,
      8.9,
      3.3,
      24.5,
      7.9,
      3.2,
      3.6,
      38.6,
      34.3,
      36.1,
      16.9,
      8.0,
      3.5,
      14.7,
      12.3,
      11.6,
      0.55,
      6.7,
      12.6,
      4.8,
      5.9,
      78.8,
      3.2,
      3.8,
      2.8,
      2.9,
      4.4,
      7.4,
      9.9,
      8.4
    ],
    [
      6.5,
      2.4,
      9.8,
      32.9,
      8.1,
      16.3,
      2.8,
      31.2,
      28.9,
      7.8,
      18.8,
      6.8,
      33.3,
      8.0,
      0.28,
      8.3,
      5.8,
      7.9,
      0.0,
      2.9,
      7.6,
      6.9,
      7.8,
      17.6,
      9.2,
      9.5,
      14.7,
      13.5,
      1.1,
      36.4,
      11.8,
      5.7,
      15.7,
      10.7,
      5.0,
      7.8,
      38.6,
      41.2,
      24.0,
      7.6,
      10.7,
      7.8,
      8.2,
      13.4,
      11.9,
      7.8,
      2.7,
      4.5,
      10.1,
      2.4,
      66.7,
      10.1,
      5.7,
      7.0,
      5.8,
      10.2,
      7.6,
      5.5,
      13.3
    ],
    [
      3.7,
      2.4,
      6.9,
      20.5,
      5.3,
      14.2,
      0.5,
      34.3,
      25.2,
      5.0,
      14.9,
      4.3,
      20.9,
      5.1,
      2.6,
      5.8,
      7.4,
      7.1,
      2.9,
      0.0,
      2.8,
      4.0,
      2.9,
      24.7,
      6.2,
      5.3,
      14.1,
      10.7,
      3.7,
      39.0,
      8.9,
      3.4,
      18.4,
      8.5,
      2.1,
      4.9,
      37.1,
      37.3,
      31.1,
      11.9,
      8.5,
      3.7,
      9.3,
      15.3,
      11.3,
      3.2,
      2.1,
      6.8,
      7.2,
      2.2,
      73.8,
      6.2,
      3.4,
      3.8,
      3.5,
      6.1,
      7.7,
      6.1,
      10.4
    ],
    [
      0.55,
      3.8,
      5.0,
      22.7,
      0.21,
      12.4,
      3.9,
      29.4,
      27.2,
      2.6,
      12.5,
      0.6,
      23.1,
      2.7,
      5.2,
      2.9,
      9.6,
      3.6,
      7.6,
      2.8,
      0.0,
      3.5,
      0.15,
      29.4,
      3.5,
      4.6,
      14.6,
      8.4,
      8.4,
      28.2,
      6.4,
      0.7,
      23.1,
      9.4,
      3.0,
      0.85,
      38.4,
      36.6,
      35.8,
      16.6,
      10.3,
      1.0,
      12.5,
      14.6,
      9.3,
      2.5,
      5.4,
      11.7,
      4.4,
      5.6,
      78.5,
      5.5,
      1.9,
      3.2,
      0.55,
      3.4,
      4.9,
      7.3,
      7.4
    ],
    [
      3.0,
      6.0,
      3.7,
      37.3,
      3.4,
      14.4,
      5.7,
      29.8,
      27.5,
      1.9,
      11.4,
      3.0,
      37.7,
      2.1,
      7.0,
      3.8,
      12.7,
      2.8,
      6.9,
      4.0,
      3.5,
      0.0,
      3.9,
      29.8,
      7.0,
      3.6,
      17.8,
      11.7,
      7.3,
      30.6,
      9.6,
      4.1,
      22.0,
      6.9,
      3.3,
      4.6,
      39.6,
      34.1,
      36.1,
      15.2,
      7.0,
      4.1,
      14.0,
      12.1,
      12.6,
      2.3,
      5.8,
      12.6,
      6.4,
      7.0,
      78.9,
      3.0,
      4.0,
      0.3,
      3.0,
      5.9,
      8.4,
      9.7,
      10.1
    ],
    [
      0.45,
      3.6,
      5.1,
      22.9,
      0.065,
      12.5,
      4.1,
      29.6,
      27.3,
      2.7,
      12.7,
      0.45,
      23.2,
      2.9,
      5.0,
      3.2,
      9.8,
      3.8,
      7.8,
      2.9,
      0.15,
      3.9,
      0.0,
      29.4,
      3.4,
      4.6,
      14.5,
      8.4,
      8.3,
      28.1,
      6.6,
      0.55,
      23.0,
      9.4,
      2.9,
      0.7,
      38.3,
      36.5,
      35.7,
      16.5,
      10.2,
      0.9,
      12.4,
      14.5,
      9.3,
      2.4,
      5.3,
      10.9,
      4.3,
      5.5,
      78.5,
      5.5,
      3.1,
      3.2,
      0.45,
      3.3,
      4.8,
      7.3,
      7.3
    ],
    [
      27.7,
      18.2,
      31.0,
      18.4,
      29.4,
      39.0,
      24.2,
      21.7,
      24.4,
      29.1,
      40.0,
      28.3,
      18.7,
      29.2,
      16.8,
      29.9,
      15.8,
      29.7,
      17.6,
      24.7,
      29.4,
      29.8,
      29.4,
      0.0,
      30.7,
      30.2,
      28.6,
      37.0,
      23.7,
      20.4,
      24.8,
      27.9,
      8.4,
      31.4,
      27.9,
      29.4,
      58.1,
      66.6,
      7.7,
      15.0,
      31.4,
      28.2,
      13.8,
      36.4,
      33.8,
      28.1,
      26.0,
      13.3,
      31.7,
      25.8,
      50.4,
      35.2,
      27.0,
      27.4,
      27.7,
      30.6,
      31.6,
      17.7,
      28.1
    ],
    [
      4.6,
      8.4,
      7.2,
      24.0,
      3.4,
      9.9,
      7.8,
      32.9,
      30.6,
      4.9,
      11.8,
      3.0,
      23.1,
      4.7,
      8.9,
      3.4,
      12.1,
      6.0,
      9.2,
      6.2,
      3.5,
      7.0,
      3.4,
      30.7,
      0.0,
      7.3,
      13.0,
      6.3,
      8.9,
      28.2,
      4.5,
      4.2,
      19.5,
      12.9,
      5.7,
      3.1,
      34.2,
      44.2,
      30.9,
      18.4,
      12.9,
      3.3,
      12.5,
      22.2,
      7.2,
      5.1,
      6.3,
      12.4,
      2.3,
      6.4,
      73.6,
      8.2,
      5.3,
      5.9,
      4.4,
      2.6,
      3.8,
      7.4,
      2.7
    ],
    [
      4.2,
      7.6,
      1.1,
      39.9,
      4.6,
      15.5,
      8.3,
      32.4,
      30.1,
      3.1,
      8.2,
      4.1,
      25.9,
      3.3,
      9.6,
      3.9,
      14.0,
      2.0,
      9.5,
      5.3,
      4.6,
      3.6,
      4.6,
      30.2,
      7.3,
      0.0,
      18.7,
      12.9,
      10.2,
      32.3,
      10.4,
      5.6,
      24.2,
      8.6,
      5.5,
      5.1,
      40.0,
      34.9,
      38.3,
      19.1,
      8.6,
      5.1,
      16.6,
      12.9,
      13.1,
      3.5,
      8.5,
      14.5,
      5.6,
      8.1,
      81.0,
      3.9,
      5.6,
      3.4,
      5.1,
      5.3,
      9.7,
      12.1,
      9.3
    ],
    [
      14.3,
      14.0,
      18.3,
      24.3,
      14.5,
      8.1,
      14.8,
      45.4,
      43.1,
      15.6,
      24.4,
      14.1,
      24.7,
      15.8,
      14.4,
      15.2,
      10.7,
      17.1,
      14.7,
      14.1,
      14.6,
      17.8,
      14.5,
      28.6,
      13.0,
      18.7,
      0.0,
      12.5,
      15.4,
      30.4,
      9.8,
      14.7,
      20.2,
      34.0,
      16.3,
      13.6,
      25.4,
      53.8,
      35.7,
      19.8,
      22.6,
      13.7,
      13.6,
      31.9,
      9.1,
      15.7,
      12.6,
      14.1,
      18.3,
      12.8,
      78.4,
      18.7,
      15.5,
      16.4,
      15.5,
      19.2,
      12.8,
      9.4,
      14.9
    ],
    [
      9.3,
      11.2,
      11.8,
      25.2,
      8.1,
      4.5,
      12.3,
      37.3,
      35.1,
      9.3,
      16.9,
      7.8,
      25.2,
      9.4,
      13.2,
      8.3,
      12.1,
      10.7,
      13.5,
      10.7,
      8.4,
      11.7,
      8.4,
      37.0,
      6.3,
      12.9,
      12.5,
      0.0,
      12.5,
      30.9,
      3.0,
      8.5,
      23.1,
      16.4,
      9.7,
      7.4,
      29.6,
      46.0,
      43.5,
      21.5,
      16.4,
      7.8,
      14.5,
      24.0,
      4.7,
      9.4,
      9.9,
      16.0,
      6.7,
      10.0,
      78.7,
      12.5,
      9.0,
      10.2,
      9.1,
      7.0,
      6.5,
      9.7,
      4.3
    ],
    [
      6.7,
      2.6,
      10.0,
      33.4,
      8.3,
      16.5,
      2.9,
      31.7,
      29.4,
      8.0,
      18.9,
      6.9,
      33.7,
      8.1,
      1.2,
      8.5,
      7.0,
      8.1,
      1.1,
      3.7,
      8.4,
      7.3,
      8.3,
      23.7,
      8.9,
      10.2,
      15.4,
      12.5,
      0.0,
      27.3,
      12.4,
      6.0,
      16.0,
      9.9,
      6.0,
      8.4,
      39.2,
      40.4,
      28.7,
      7.8,
      9.9,
      8.4,
      8.8,
      12.8,
      12.5,
      6.9,
      2.9,
      5.4,
      10.8,
      2.7,
      71.4,
      9.3,
      5.1,
      6.2,
      5.6,
      10.8,
      8.2,
      6.4,
      12.5
    ],
    [
      28.0,
      26.2,
      31.8,
      4.1,
      28.1,
      33.9,
      38.5,
      36.6,
      39.1,
      29.3,
      54.3,
      27.7,
      4.1,
      29.4,
      25.9,
      28.8,
      20.6,
      30.7,
      36.4,
      39.0,
      28.2,
      30.6,
      28.1,
      20.4,
      28.2,
      32.3,
      30.4,
      30.9,
      27.3,
      0.0,
      31.4,
      45.4,
      20.0,
      48.9,
      45.4,
      46.9,
      61.7,
      79.1,
      19.0,
      36.0,
      48.9,
      45.7,
      20.2,
      53.9,
      30.7,
      45.5,
      31.6,
      23.1,
      34.4,
      27.8,
      64.4,
      48.0,
      44.5,
      44.9,
      45.8,
      34.7,
      30.5,
      23.2,
      33.6
    ],
    [
      7.5,
      9.4,
      10.0,
      22.7,
      6.4,
      7.0,
      10.5,
      35.6,
      33.3,
      7.5,
      15.7,
      6.0,
      22.7,
      7.6,
      11.4,
      6.6,
      9.5,
      8.9,
      11.8,
      8.9,
      6.4,
      9.6,
      6.6,
      24.8,
      4.5,
      10.4,
      9.8,
      3.0,
      12.4,
      31.4,
      0.0,
      6.9,
      21.5,
      15.3,
      8.1,
      5.8,
      31.2,
      45.5,
      42.5,
      19.9,
      15.4,
      6.1,
      14.9,
      23.6,
      0.7,
      7.9,
      8.3,
      14.4,
      5.2,
      8.5,
      77.7,
      10.9,
      7.5,
      9.7,
      7.1,
      6.1,
      5.0,
      8.7,
      3.0
    ],
    [
      0.6,
      4.4,
      4.4,
      23.3,
      0.55,
      12.6,
      4.9,
      30.0,
      27.8,
      1.9,
      11.8,
      0.091,
      23.7,
      2.1,
      7.9,
      2.2,
      10.2,
      3.3,
      5.7,
      3.4,
      0.7,
      4.1,
      0.55,
      27.9,
      4.2,
      5.6,
      14.7,
      8.5,
      6.0,
      45.4,
      6.9,
      0.0,
      21.9,
      9.0,
      2.4,
      0.45,
      38.1,
      36.1,
      35.2,
      15.4,
      9.0,
      0.65,
      12.5,
      14.6,
      8.8,
      2.0,
      4.2,
      10.2,
      4.1,
      4.3,
      78.6,
      5.1,
      3.6,
      2.8,
      0.6,
      3.0,
      4.6,
      7.0,
      7.1
    ],
    [
      21.4,
      13.1,
      24.7,
      18.2,
      23.0,
      25.7,
      17.8,
      22.0,
      19.7,
      22.7,
      33.7,
      22.0,
      18.6,
      22.9,
      15.9,
      23.6,
      10.8,
      24.5,
      15.7,
      18.4,
      23.1,
      22.0,
      23.0,
      8.4,
      19.5,
      24.2,
      20.2,
      23.1,
      16.0,
      20.0,
      21.5,
      21.9,
      0.0,
      25.2,
      21.7,
      23.2,
      57.2,
      60.4,
      14.9,
      8.5,
      25.2,
      22.1,
      8.8,
      30.2,
      19.1,
      21.9,
      19.8,
      8.3,
      25.5,
      14.1,
      57.6,
      24.3,
      20.8,
      21.2,
      21.5,
      24.4,
      25.5,
      12.7,
      21.9
    ],
    [
      9.0,
      10.5,
      8.1,
      50.6,
      9.4,
      28.8,
      9.5,
      41.3,
      26.5,
      7.2,
      13.3,
      9.7,
      51.0,
      8.1,
      10.8,
      9.4,
      16.5,
      7.9,
      10.7,
      8.5,
      9.4,
      6.9,
      9.4,
      31.4,
      12.9,
      8.6,
      34.0,
      16.4,
      9.9,
      48.9,
      15.3,
      9.0,
      25.2,
      0.0,
      8.2,
      10.6,
      50.8,
      36.4,
      37.1,
      16.8,
      0.029,
      10.6,
      22.0,
      6.6,
      18.6,
      8.3,
      10.7,
      19.2,
      11.6,
      10.3,
      79.8,
      5.0,
      9.6,
      6.1,
      8.4,
      11.3,
      14.4,
      14.8,
      15.3
    ],
    [
      3.3,
      4.4,
      4.5,
      23.8,
      3.0,
      13.6,
      3.2,
      30.0,
      27.8,
      2.4,
      12.6,
      2.4,
      24.2,
      2.5,
      4.8,
      3.1,
      10.8,
      3.2,
      5.0,
      2.1,
      3.0,
      3.3,
      2.9,
      27.9,
      5.7,
      5.5,
      16.3,
      9.7,
      6.0,
      45.4,
      8.1,
      2.4,
      21.7,
      8.2,
      0.0,
      5.0,
      39.4,
      36.2,
      34.6,
      14.1,
      7.0,
      4.8,
      11.5,
      14.2,
      13.0,
      2.7,
      4.5,
      9.5,
      7.6,
      5.1,
      77.3,
      5.1,
      3.7,
      2.0,
      3.1,
      6.7,
      8.9,
      8.5,
      10.8
    ],
    [
      2.3,
      5.8,
      4.7,
      21.3,
      0.7,
      11.3,
      6.9,
      31.6,
      29.3,
      2.2,
      12.2,
      0.35,
      21.7,
      2.3,
      7.4,
      1.6,
      9.8,
      3.6,
      7.8,
      4.9,
      0.85,
      4.6,
      0.7,
      29.4,
      3.1,
      5.1,
      13.6,
      7.4,
      8.4,
      46.9,
      5.8,
      0.45,
      23.2,
      10.6,
      5.0,
      0.0,
      38.4,
      36.4,
      34.7,
      15.5,
      9.2,
      0.45,
      11.5,
      14.9,
      9.3,
      2.3,
      4.3,
      10.3,
      4.0,
      4.4,
      77.5,
      5.3,
      2.2,
      3.0,
      1.5,
      3.1,
      4.7,
      7.3,
      7.2
    ],
    [
      37.3,
      37.8,
      39.5,
      53.9,
      36.0,
      25.7,
      38.7,
      74.9,
      72.7,
      37.1,
      39.5,
      38.0,
      54.2,
      37.3,
      38.3,
      37.4,
      34.6,
      38.6,
      38.6,
      37.1,
      38.4,
      39.6,
      38.3,
      58.1,
      34.2,
      40.0,
      25.4,
      29.6,
      39.2,
      61.7,
      31.2,
      38.1,
      57.2,
      50.8,
      39.4,
      38.4,
      0.0,
      54.8,
      63.9,
      67.3,
      50.1,
      37.3,
      37.2,
      47.9,
      32.8,
      37.5,
      36.2,
      36.3,
      34.3,
      36.4,
      87.3,
      46.9,
      37.6,
      38.3,
      37.2,
      35.2,
      34.6,
      33.0,
      30.9
    ],
    [
      36.1,
      39.5,
      34.5,
      71.3,
      36.5,
      48.6,
      39.6,
      72.8,
      65.3,
      35.1,
      30.9,
      36.1,
      57.8,
      35.2,
      40.9,
      35.8,
      45.9,
      34.3,
      41.2,
      37.3,
      36.6,
      34.1,
      36.5,
      66.6,
      44.2,
      34.9,
      53.8,
      46.0,
      40.4,
      79.1,
      45.5,
      36.1,
      60.4,
      36.4,
      36.2,
      36.4,
      54.8,
      0.0,
      71.1,
      50.7,
      35.7,
      36.6,
      47.1,
      33.6,
      47.7,
      34.5,
      38.9,
      44.5,
      37.1,
      39.0,
      114.0,
      32.5,
      37.0,
      34.4,
      36.0,
      36.8,
      40.6,
      43.0,
      43.2
    ],
    [
      34.1,
      24.6,
      37.9,
      14.5,
      35.8,
      46.6,
      30.6,
      25.2,
      30.8,
      35.4,
      46.4,
      35.2,
      14.8,
      35.6,
      23.1,
      35.9,
      22.2,
      36.1,
      24.0,
      31.1,
      35.8,
      36.1,
      35.7,
      7.7,
      30.9,
      38.3,
      35.7,
      43.5,
      28.7,
      19.0,
      42.5,
      35.2,
      14.9,
      37.1,
      34.6,
      34.7,
      63.9,
      71.1,
      0.0,
      19.4,
      37.8,
      34.6,
      20.2,
      42.8,
      32.1,
      34.4,
      32.4,
      19.7,
      38.0,
      32.2,
      51.1,
      36.9,
      33.4,
      33.8,
      35.2,
      37.0,
      31.6,
      25.8,
      34.9
    ],
    [
      14.9,
      9.9,
      18.2,
      28.2,
      16.5,
      25.4,
      11.3,
      21.5,
      19.2,
      16.2,
      26.1,
      15.5,
      28.5,
      16.3,
      7.7,
      17.0,
      9.2,
      16.9,
      7.6,
      11.9,
      16.6,
      15.2,
      16.5,
      15.0,
      18.4,
      19.1,
      19.8,
      21.5,
      7.8,
      36.0,
      19.9,
      15.4,
      8.5,
      16.8,
      14.1,
      15.5,
      67.3,
      50.7,
      19.4,
      0.0,
      17.8,
      15.6,
      9.9,
      22.8,
      17.6,
      15.4,
      10.3,
      7.5,
      19.0,
      10.0,
      63.0,
      17.9,
      14.4,
      14.8,
      15.0,
      17.9,
      19.0,
      11.1,
      20.4
    ],
    [
      9.0,
      10.6,
      7.4,
      41.1,
      9.4,
      28.8,
      9.5,
      41.4,
      26.5,
      8.7,
      11.1,
      9.7,
      51.0,
      8.9,
      10.8,
      9.5,
      16.5,
      8.0,
      10.7,
      8.5,
      10.3,
      7.0,
      10.2,
      31.4,
      12.9,
      8.6,
      22.6,
      16.4,
      9.9,
      48.9,
      15.4,
      9.0,
      25.2,
      0.029,
      7.0,
      9.2,
      50.1,
      35.7,
      37.8,
      17.8,
      0.0,
      10.5,
      21.9,
      6.5,
      18.5,
      8.2,
      10.8,
      19.2,
      11.6,
      10.5,
      79.8,
      5.0,
      9.2,
      6.1,
      8.3,
      11.3,
      14.3,
      14.7,
      15.3
    ],
    [
      2.4,
      5.9,
      4.7,
      21.4,
      0.9,
      11.6,
      7.0,
      30.4,
      28.1,
      2.1,
      12.2,
      0.55,
      21.7,
      2.2,
      7.5,
      1.6,
      9.8,
      3.5,
      7.8,
      3.7,
      1.0,
      4.1,
      0.9,
      28.2,
      3.3,
      5.1,
      13.7,
      7.8,
      8.4,
      45.7,
      6.1,
      0.65,
      22.1,
      10.6,
      4.8,
      0.45,
      37.3,
      36.6,
      34.6,
      15.6,
      10.5,
      0.0,
      11.8,
      15.7,
      8.1,
      3.6,
      5.9,
      11.3,
      3.3,
      6.1,
      72.6,
      6.6,
      3.6,
      4.3,
      2.8,
      4.2,
      3.9,
      6.4,
      5.1
    ],
    [
      11.3,
      7.7,
      15.3,
      12.4,
      12.7,
      19.0,
      9.5,
      34.5,
      32.3,
      12.8,
      22.7,
      12.4,
      12.8,
      14.0,
      7.4,
      13.1,
      3.8,
      14.7,
      8.2,
      9.3,
      12.5,
      14.0,
      12.4,
      13.8,
      12.5,
      16.6,
      13.6,
      14.5,
      8.8,
      20.2,
      14.9,
      12.5,
      8.8,
      22.0,
      11.5,
      11.5,
      37.2,
      47.1,
      20.2,
      9.9,
      21.9,
      11.8,
      0.0,
      27.7,
      14.3,
      14.4,
      8.5,
      3.9,
      14.7,
      8.3,
      61.8,
      17.6,
      11.1,
      15.0,
      11.6,
      14.9,
      12.5,
      6.7,
      17.3
    ],
    [
      14.1,
      17.5,
      12.5,
      51.9,
      14.5,
      26.6,
      12.0,
      42.6,
      35.1,
      13.1,
      8.9,
      14.1,
      52.3,
      13.2,
      13.3,
      13.8,
      23.8,
      12.3,
      13.4,
      15.3,
      14.6,
      12.1,
      14.5,
      36.4,
      22.2,
      12.9,
      31.9,
      24.0,
      12.8,
      53.9,
      23.6,
      14.6,
      30.2,
      6.6,
      14.2,
      14.9,
      47.9,
      33.6,
      42.8,
      22.8,
      6.5,
      15.7,
      27.7,
      0.0,
      19.6,
      8.4,
      13.2,
      21.7,
      11.9,
      13.4,
      82.3,
      5.2,
      10.9,
      8.3,
      9.9,
      11.6,
      14.5,
      17.0,
      15.6
    ],
    [
      10.5,
      11.1,
      12.7,
      22.0,
      9.0,
      8.7,
      12.0,
      38.2,
      36.0,
      10.2,
      18.1,
      8.7,
      22.0,
      10.3,
      11.6,
      9.2,
      8.8,
      11.6,
      11.9,
      11.3,
      9.3,
      12.6,
      9.3,
      33.8,
      7.2,
      13.1,
      9.1,
      4.7,
      12.5,
      30.7,
      0.7,
      8.8,
      19.1,
      18.6,
      13.0,
      9.3,
      32.8,
      47.7,
      32.1,
      17.6,
      18.5,
      8.1,
      14.3,
      19.6,
      0.0,
      8.2,
      8.6,
      14.7,
      5.5,
      8.8,
      77.5,
      11.2,
      7.8,
      9.0,
      7.9,
      5.8,
      5.3,
      8.5,
      2.8
    ],
    [
      2.0,
      5.2,
      2.6,
      23.4,
      2.4,
      13.4,
      6.1,
      30.2,
      28.0,
      0.11,
      11.3,
      2.0,
      38.1,
      0.26,
      7.5,
      2.3,
      11.8,
      0.55,
      7.8,
      3.2,
      2.5,
      2.3,
      2.4,
      28.1,
      5.1,
      3.5,
      15.7,
      9.4,
      6.9,
      45.5,
      7.9,
      2.0,
      21.9,
      8.3,
      2.7,
      2.3,
      37.5,
      34.5,
      34.4,
      15.4,
      8.2,
      3.6,
      14.4,
      8.4,
      8.2,
      0.0,
      5.2,
      11.7,
      5.5,
      5.3,
      78.3,
      4.1,
      2.9,
      1.8,
      1.9,
      3.8,
      6.1,
      8.5,
      8.1
    ],
    [
      3.7,
      0.13,
      7.5,
      19.5,
      5.4,
      13.8,
      2.6,
      34.0,
      31.7,
      5.0,
      16.3,
      4.2,
      19.8,
      5.2,
      2.5,
      5.8,
      6.9,
      6.7,
      2.7,
      2.1,
      5.4,
      5.8,
      5.3,
      26.0,
      6.3,
      8.5,
      12.6,
      9.9,
      2.9,
      31.6,
      8.3,
      4.2,
      19.8,
      10.7,
      4.5,
      4.3,
      36.2,
      38.9,
      32.4,
      10.3,
      10.8,
      5.9,
      8.5,
      13.2,
      8.6,
      5.2,
      0.0,
      6.0,
      8.1,
      0.25,
      67.3,
      8.0,
      3.1,
      5.6,
      3.6,
      8.2,
      6.9,
      6.0,
      12.6
    ],
    [
      9.3,
      5.5,
      13.1,
      15.3,
      11.0,
      19.5,
      6.1,
      32.5,
      30.3,
      10.6,
      28.5,
      10.1,
      16.5,
      11.6,
      4.1,
      11.4,
      3.7,
      12.6,
      4.5,
      6.8,
      11.7,
      12.6,
      10.9,
      13.3,
      12.4,
      14.5,
      14.1,
      16.0,
      5.4,
      23.1,
      14.4,
      10.2,
      8.3,
      19.2,
      9.5,
      10.3,
      36.3,
      44.5,
      19.7,
      7.5,
      19.2,
      11.3,
      3.9,
      21.7,
      14.7,
      11.7,
      6.0,
      0.0,
      12.2,
      4.7,
      62.7,
      12.3,
      7.4,
      10.6,
      7.9,
      12.0,
      9.5,
      4.5,
      13.8
    ],
    [
      5.0,
      7.8,
      5.2,
      24.8,
      4.3,
      10.2,
      8.9,
      33.8,
      31.6,
      5.0,
      9.5,
      4.0,
      23.9,
      5.1,
      9.7,
      3.0,
      12.1,
      4.8,
      10.1,
      7.2,
      4.4,
      6.4,
      4.3,
      31.7,
      2.3,
      5.6,
      18.3,
      6.7,
      10.8,
      34.4,
      5.2,
      4.1,
      25.5,
      11.6,
      7.6,
      4.0,
      34.3,
      37.1,
      38.0,
      19.0,
      11.6,
      3.3,
      14.7,
      11.9,
      5.5,
      5.5,
      8.1,
      12.2,
      0.0,
      8.1,
      81.2,
      7.1,
      6.2,
      6.7,
      5.2,
      1.8,
      5.5,
      9.1,
      3.7
    ],
    [
      3.9,
      0.12,
      7.7,
      19.6,
      5.5,
      14.0,
      2.4,
      33.8,
      31.5,
      5.2,
      16.4,
      4.4,
      20.0,
      5.4,
      2.3,
      6.0,
      6.0,
      5.9,
      2.4,
      2.2,
      5.6,
      7.0,
      5.5,
      25.8,
      6.4,
      8.1,
      12.8,
      10.0,
      2.7,
      27.8,
      8.5,
      4.3,
      14.1,
      10.3,
      5.1,
      4.4,
      36.4,
      39.0,
      32.2,
      10.0,
      10.5,
      6.1,
      8.3,
      13.4,
      8.8,
      5.3,
      0.25,
      4.7,
      8.1,
      0.0,
      67.2,
      8.4,
      3.4,
      5.9,
      4.3,
      9.3,
      6.7,
      5.9,
      12.4
    ],
    [
      76.8,
      67.3,
      80.6,
      59.9,
      78.5,
      81.7,
      73.3,
      54.4,
      65.5,
      78.2,
      89.1,
      77.9,
      60.2,
      78.3,
      65.8,
      78.6,
      64.9,
      78.8,
      66.7,
      73.8,
      78.5,
      78.9,
      78.5,
      50.4,
      73.6,
      81.0,
      78.4,
      78.7,
      71.4,
      64.4,
      77.7,
      78.6,
      57.6,
      79.8,
      77.3,
      77.5,
      87.3,
      114.0,
      51.1,
      63.0,
      79.8,
      72.6,
      61.8,
      82.3,
      77.5,
      78.3,
      67.3,
      62.7,
      81.2,
      67.2,
      0.0,
      80.9,
      77.4,
      77.8,
      77.9,
      81.0,
      82.0,
      68.1,
      77.7
    ],
    [
      5.1,
      8.5,
      3.4,
      52.6,
      5.5,
      16.4,
      8.6,
      43.3,
      41.0,
      4.0,
      7.9,
      5.0,
      40.6,
      4.2,
      9.9,
      5.1,
      14.8,
      3.2,
      10.1,
      6.2,
      5.5,
      3.0,
      5.5,
      35.2,
      8.2,
      3.9,
      18.7,
      12.5,
      9.3,
      48.0,
      10.9,
      5.1,
      24.3,
      5.0,
      5.1,
      5.3,
      46.9,
      32.5,
      36.9,
      17.9,
      5.0,
      6.6,
      17.6,
      5.2,
      11.2,
      4.1,
      8.0,
      12.3,
      7.1,
      8.4,
      80.9,
      0.0,
      6.3,
      3.7,
      5.3,
      7.4,
      9.9,
      12.1,
      11.4
    ],
    [
      2.5,
      3.5,
      5.2,
      23.3,
      2.0,
      12.9,
      4.5,
      29.2,
      26.9,
      2.8,
      10.7,
      3.5,
      23.6,
      2.9,
      5.8,
      3.2,
      10.2,
      3.8,
      5.7,
      3.4,
      1.9,
      4.0,
      3.1,
      27.0,
      5.3,
      5.6,
      15.5,
      9.0,
      5.1,
      44.5,
      7.5,
      3.6,
      20.8,
      9.6,
      3.7,
      2.2,
      37.6,
      37.0,
      33.4,
      14.4,
      9.2,
      3.6,
      11.1,
      10.9,
      7.8,
      2.9,
      3.1,
      7.4,
      6.2,
      3.4,
      77.4,
      6.3,
      0.0,
      3.1,
      0.5,
      4.4,
      6.1,
      7.0,
      9.0
    ],
    [
      2.8,
      5.8,
      3.0,
      37.1,
      3.2,
      14.1,
      5.5,
      29.6,
      27.3,
      1.7,
      10.7,
      2.7,
      24.5,
      1.9,
      6.8,
      3.6,
      12.5,
      2.8,
      7.0,
      3.8,
      3.2,
      0.3,
      3.2,
      27.4,
      5.9,
      3.4,
      16.4,
      10.2,
      6.2,
      44.9,
      9.7,
      2.8,
      21.2,
      6.1,
      2.0,
      3.0,
      38.3,
      34.4,
      33.8,
      14.8,
      6.1,
      4.3,
      15.0,
      8.3,
      9.0,
      1.8,
      5.6,
      10.6,
      6.7,
      5.9,
      77.8,
      3.7,
      3.1,
      0.0,
      2.6,
      5.5,
      7.6,
      9.4,
      10.1
    ],
    [
      0.002,
      3.7,
      4.2,
      22.8,
      0.5,
      13.1,
      4.6,
      30.5,
      28.3,
      1.8,
      9.7,
      0.7,
      23.7,
      1.9,
      5.7,
      2.3,
      10.3,
      2.9,
      5.8,
      3.5,
      0.55,
      3.0,
      0.45,
      27.7,
      4.4,
      5.1,
      15.5,
      9.1,
      5.6,
      45.8,
      7.1,
      0.6,
      21.5,
      8.4,
      3.1,
      1.5,
      37.2,
      36.0,
      35.2,
      15.0,
      8.3,
      2.8,
      11.6,
      9.9,
      7.9,
      1.9,
      3.6,
      7.9,
      5.2,
      4.3,
      77.9,
      5.3,
      0.5,
      2.6,
      0.0,
      3.9,
      5.6,
      7.0,
      8.0
    ],
    [
      3.9,
      7.8,
      4.9,
      23.8,
      3.3,
      11.1,
      7.7,
      32.8,
      30.5,
      3.9,
      9.1,
      2.9,
      24.1,
      4.1,
      9.9,
      2.2,
      12.1,
      4.4,
      10.2,
      6.1,
      3.4,
      5.9,
      3.3,
      30.6,
      2.6,
      5.3,
      19.2,
      7.0,
      10.8,
      34.7,
      6.1,
      3.0,
      24.4,
      11.3,
      6.7,
      3.1,
      35.2,
      36.8,
      37.0,
      17.9,
      11.3,
      4.2,
      14.9,
      11.6,
      5.8,
      3.8,
      8.2,
      12.0,
      1.8,
      9.3,
      81.0,
      7.4,
      4.4,
      5.5,
      3.9,
      0.0,
      5.2,
      8.1,
      4.7
    ],
    [
      5.6,
      6.8,
      9.2,
      20.9,
      4.9,
      10.5,
      7.6,
      33.8,
      31.6,
      6.0,
      14.9,
      4.5,
      20.9,
      6.1,
      7.3,
      5.6,
      8.2,
      7.4,
      7.6,
      7.7,
      4.9,
      8.4,
      4.8,
      31.6,
      3.8,
      9.7,
      12.8,
      6.5,
      8.2,
      30.5,
      5.0,
      4.6,
      25.5,
      14.4,
      8.9,
      4.7,
      34.6,
      40.6,
      31.6,
      19.0,
      14.3,
      3.9,
      12.5,
      14.5,
      5.3,
      6.1,
      6.9,
      9.5,
      5.5,
      6.7,
      82.0,
      9.9,
      6.1,
      7.6,
      5.6,
      5.2,
      0.0,
      5.5,
      6.6
    ],
    [
      7.1,
      6.0,
      11.0,
      15.5,
      7.3,
      13.7,
      6.8,
      37.6,
      35.3,
      8.4,
      17.2,
      6.9,
      15.8,
      8.6,
      4.8,
      8.0,
      2.4,
      9.9,
      5.5,
      6.1,
      7.3,
      9.7,
      7.3,
      17.7,
      7.4,
      12.1,
      9.4,
      9.7,
      6.4,
      23.2,
      8.7,
      7.0,
      12.7,
      14.8,
