{
  "drive_dist_matrix": [
    [
      0.0,
      1.9,
      3.2,
      2.1,
      3.0,
      3.6,
      2.6,
      4.6,
      17.3,
      4.4,
      3.7,
      2.2,
      3.8,
      1.4,
      2.7,
      4.0,
      2.8,
      2.9,
      2.4,
      2.5,
      2.2,
      1.9,
      12.5,
      1.8,
      2.3,
      4.8,
      2.3,
      0.17,
      3.6,
      2.8,
      4.1,
      4.3,
      1.9,
      3.3,
      2.0,
      3.0,
      16.7,
      6.4,
      10.4,
      4.4,
      10.4,
      16.8,
      39.5,
      2.7,
      2.0,
      4.5,
      4.1,
      3.6,
      81.2,
      14.0,
      62.7,
      50.9,
      102.0,
      2.7,
      81.4,
      50.6
    ],
    [
      1.9,
      0.0,
      2.0,
      0.7,
      1.8,
      2.4,
      2.3,
      3.4,
      6.4,
      3.2,
      2.5,
      0.2,
      2.6,
      2.2,
      2.5,
      2.9,
      0.4,
      3.7,
      0.6,
      2.3,
      2.3,
      1.6,
      13.0,
      0.75,
      2.0,
      3.6,
      2.4,
      0.95,
      2.4,
      2.0,
      2.9,
      3.1,
      0.26,
      0.75,
      0.1,
      0.7,
      5.8,
      7.6,
      10.9,
      3.2,
      10.9,
      11.8,
      40.0,
      0.55,
      1.7,
      5.8,
      2.8,
      2.4,
      76.2,
      7.4,
      57.0,
      52.1,
      95.3,
      3.9,
      76.5,
      51.9
    ],
    [
      3.2,
      2.0,
      0.0,
      0.85,
      0.35,
      0.45,
      0.7,
      0.85,
      4.9,
      2.0,
      1.0,
      0.95,
      1.4,
      2.8,
      0.85,
      0.5,
      0.6,
      2.2,
      0.5,
      1.0,
      1.6,
      1.7,
      14.8,
      1.8,
      0.75,
      0.95,
      1.7,
      2.9,
      0.85,
      0.7,
      1.7,
      3.4,
      0.75,
      0.35,
      2.5,
      0.45,
      4.3,
      7.7,
      12.7,
      2.0,
      12.7,
      10.1,
      41.8,
      0.45,
      1.6,
      5.3,
      1.6,
      0.4,
      77.0,
      6.0,
      58.5,
      53.2,
      96.1,
      5.0,
      77.2,
      52.9
    ],
    [
      2.1,
      0.7,
      0.85,
      0.0,
      1.8,
      0.5,
      0.65,
      3.6,
      7.1,
      3.4,
      2.7,
      0.7,
      2.8,
      0.9,
      0.85,
      2.5,
      0.35,
      2.2,
      0.5,
      1.0,
      1.6,
      1.7,
      14.8,
      0.6,
      0.35,
      3.8,
      1.7,
      3.0,
      3.3,
      0.75,
      3.1,
      5.7,
      0.45,
      0.6,
      0.8,
      0.35,
      6.5,
      7.6,
      12.6,
      3.4,
      12.6,
      10.1,
      41.7,
      0.4,
      0.85,
      5.3,
      3.0,
      0.45,
      83.4,
      8.3,
      65.0,
      53.2,
      96.1,
      5.0,
      83.6,
      52.9
    ],
    [
      3.0,
      1.8,
      0.35,
      1.8,
      0.0,
      0.75,
      1.3,
      0.85,
      4.4,
      1.5,
      0.65,
      1.7,
      1.0,
      4.1,
      1.4,
      0.55,
      0.9,
      2.4,
      0.8,
      1.6,
      2.9,
      2.3,
      14.5,
      2.4,
      1.4,
      0.8,
      3.0,
      2.4,
      0.7,
      0.9,
      0.65,
      2.9,
      3.0,
      0.65,
      2.0,
      0.85,
      3.8,
      7.6,
      12.3,
      1.5,
      12.4,
      10.1,
      41.4,
      0.75,
      2.1,
      6.6,
      0.75,
      0.7,
      76.5,
      5.5,
      58.0,
      56.0,
      93.3,
      5.7,
      76.7,
      55.7
    ],
    [
      3.6,
      2.4,
      0.45,
      0.5,
      0.75,
      0.0,
      0.27,
      3.3,
      6.8,
      3.1,
      2.4,
      4.2,
      2.5,
      2.5,
      0.45,
      0.65,
      0.6,
      0.85,
      0.75,
      0.55,
      1.3,
      0.85,
      14.5,
      0.75,
      0.3,
      3.5,
      1.4,
      2.7,
      3.0,
      0.35,
      2.8,
      5.4,
      0.75,
      0.65,
      4.0,
      0.35,
      6.2,
      7.4,
      12.3,
      3.1,
      12.4,
      9.8,
      41.4,
      0.6,
      0.85,
      5.0,
      2.7,
      0.069,
      83.1,
      8.0,
      64.7,
      52.9,
      95.8,
      4.7,
      83.3,
      52.6
    ],
    [
      2.6,
      2.3,
      0.7,
      0.65,
      1.3,
      0.27,
      0.0,
      4.0,
      7.4,
      3.8,
      3.0,
      3.8,
      3.2,
      1.1,
      0.19,
      0.9,
      0.8,
      0.6,
      1.0,
      0.3,
      0.9,
      0.75,
      14.1,
      0.8,
      0.35,
      4.1,
      1.0,
      2.4,
      3.6,
      0.45,
      3.5,
      6.0,
      0.9,
      0.9,
      3.6,
      0.6,
      6.8,
      4.8,
      12.0,
      3.8,
      12.0,
      10.6,
      41.1,
      4.3,
      0.6,
      4.6,
      3.4,
      0.3,
      82.8,
      8.8,
      64.3,
      52.5,
      96.6,
      4.3,
      83.0,
      52.3
    ],
    [
      4.6,
      3.4,
      0.85,
      3.6,
      0.85,
      3.3,
      4.0,
      0.0,
      5.9,
      1.9,
      0.4,
      3.9,
      0.24,
      4.6,
      3.0,
      0.4,
      3.7,
      2.8,
      4.2,
      3.1,
      3.4,
      3.8,
      20.9,
      3.9,
      3.3,
      0.15,
      3.5,
      4.6,
      0.28,
      0.8,
      0.8,
      4.7,
      4.5,
      1.2,
      4.2,
      3.8,
      5.3,
      7.4,
      18.8,
      1.6,
      18.8,
      9.8,
      47.9,
      3.6,
      3.6,
      7.1,
      2.1,
      2.8,
      78.2,
      5.7,
      59.7,
      61.0,
      94.1,
      6.8,
      78.4,
      60.7
    ],
    [
      17.3,
      6.4,
      4.9,
      7.1,
      4.4,
      6.8,
      7.4,
      5.9,
      0.0,
      4.3,
      4.9,
      5.8,
      5.3,
      18.2,
      5.7,
      5.6,
      5.6,
      13.7,
      6.1,
      5.8,
      6.4,
      6.5,
      24.5,
      6.6,
      5.7,
      6.3,
      6.5,
      6.5,
      5.1,
      5.6,
      5.3,
      4.6,
      7.5,
      6.1,
      6.1,
      5.7,
      0.55,
      14.5,
      22.4,
      4.1,
      22.4,
      17.2,
      49.2,
      5.5,
      6.4,
      17.8,
      5.2,
      5.2,
      76.0,
      4.5,
      57.5,
      55.5,
      92.2,
      16.3,
      76.2,
      55.2
    ],
    [
      4.4,
      3.2,
      2.0,
      3.4,
      1.5,
      3.1,
      3.8,
      1.9,
      4.3,
      0.0,
      0.9,
      2.9,
      0.7,
      4.7,
      2.6,
      1.7,
      2.6,
      2.9,
      3.1,
      2.7,
      3.5,
      3.9,
      21.4,
      4.0,
      2.6,
      0.95,
      3.6,
      3.6,
      1.2,
      2.2,
      0.9,
      3.5,
      4.7,
      3.1,
      3.2,
      2.8,
      4.1,
      7.9,
      19.3,
      0.3,
      19.3,
      10.7,
      48.4,
      2.5,
      3.7,
      7.2,
      0.8,
      2.2,
      77.0,
      4.5,
      58.5,
      56.5,
      92.3,
      6.9,
      77.2,
      56.2
    ],
    [
      3.7,
      2.5,
      1.0,
      2.7,
      0.65,
      2.4,
      3.0,
      0.4,
      4.9,
      0.9,
      0.0,
      2.1,
      0.4,
      3.9,
      1.8,
      0.7,
      1.8,
      2.2,
      2.4,
      2.0,
      2.7,
      3.1,
      15.9,
      3.2,
      1.8,
      0.25,
      2.8,
      2.8,
      0.28,
      1.4,
      0.45,
      2.9,
      3.9,
      2.4,
      2.4,
      2.0,
      3.7,
      7.4,
      13.8,
      1.0,
      13.8,
      9.9,
      42.9,
      1.8,
      3.0,
      6.4,
      0.4,
      1.4,
      76.4,
      5.3,
      57.9,
      55.9,
      93.2,
      6.1,
      76.6,
      55.6
    ],
    [
      2.2,
      0.2,
      0.95,
      0.7,
      1.7,
      4.2,
      3.8,
      3.9,
      5.8,
      2.9,
      2.1,
      0.0,
      2.4,
      2.6,
      2.6,
      2.6,
      0.4,
      4.1,
      0.55,
      2.7,
      3.4,
      2.3,
      13.4,
      0.95,
      0.9,
      3.3,
      3.4,
      1.3,
      2.1,
      2.4,
      2.7,
      2.8,
      0.25,
      0.65,
      0.28,
      0.65,
      5.5,
      8.3,
      11.3,
      3.0,
      11.3,
      11.5,
      40.4,
      0.55,
      2.5,
      6.3,
      2.6,
      0.9,
      75.2,
      7.2,
      56.8,
      52.8,
      95.0,
      4.3,
      75.5,
      52.5
    ],
    [
      3.8,
      2.6,
      1.4,
      2.8,
      1.0,
      2.5,
      3.2,
      0.24,
      5.3,
      0.7,
      0.4,
      2.4,
      0.0,
      4.7,
      2.6,
      0.65,
      2.6,
      2.9,
      3.1,
      2.7,
      3.5,
      3.9,
      21.6,
      4.0,
      2.6,
      0.4,
      3.6,
      3.5,
      0.5,
      2.2,
      0.8,
      3.6,
      4.6,
      3.1,
      3.2,
      2.8,
      4.2,
      8.1,
      19.5,
      0.65,
      19.5,
      9.7,
      48.6,
      2.5,
      3.7,
      7.2,
      0.7,
      2.1,
      77.1,
      4.6,
      58.7,
      56.7,
      92.5,
      6.9,
      77.4,
      56.4
    ],
    [
      1.4,
      2.2,
      2.8,
      0.9,
      4.1,
      2.5,
      1.1,
      4.6,
      18.2,
      4.7,
      3.9,
      2.6,
      4.7,
      0.0,
      0.95,
      3.3,
      1.0,
      1.6,
      2.9,
      0.85,
      1.1,
      0.4,
      13.3,
      0.3,
      0.75,
      4.5,
      0.9,
      1.0,
      4.1,
      1.4,
      3.9,
      4.7,
      1.0,
      3.7,
      1.0,
      3.4,
      17.5,
      7.3,
      11.2,
      4.2,
      11.2,
      10.6,
      40.3,
      3.1,
      0.55,
      4.9,
      3.8,
      2.3,
      82.0,
      8.8,
      63.5,
      51.8,
      96.6,
      3.6,
      82.2,
      51.5
    ],
    [
      2.7,
      2.5,
      0.85,
      0.85,
      1.4,
      0.45,
      0.19,
      3.0,
      5.7,
      2.6,
      1.8,
      2.6,
      2.6,
      0.95,
      0.0,
      2.6,
      1.0,
      0.4,
      3.9,
      0.12,
      0.7,
      0.85,
      13.9,
      0.7,
      0.5,
      3.9,
      0.75,
      2.2,
      3.4,
      0.6,
      3.3,
      5.8,
      1.6,
      1.1,
      3.4,
      0.8,
      6.6,
      4.6,
      11.8,
      3.6,
      11.8,
      10.4,
      40.9,
      4.2,
      0.4,
      4.4,
      3.2,
      0.5,
      82.6,
      8.6,
      64.1,
      52.4,
      96.4,
      4.1,
      82.8,
      52.1
    ],
    [
      4.0,
      2.9,
      0.5,
      2.5,
      0.55,
      0.65,
      0.9,
      0.4,
      5.6,
      1.7,
      0.7,
      2.6,
      0.65,
      3.3,
      2.6,
      0.0,
      1.6,
      1.9,
      3.2,
      1.3,
      2.5,
      2.8,
      15.6,
      3.0,
      1.0,
      0.5,
      2.5,
      3.6,
      0.45,
      0.45,
      0.95,
      3.7,
      3.6,
      0.8,
      3.2,
      0.8,
      4.5,
      7.2,
      13.5,
      1.4,
      13.5,
      9.6,
      41.6,
      1.6,
      2.7,
      6.2,
      0.9,
      0.65,
      77.2,
      5.5,
      58.7,
      54.1,
      95.6,
      5.8,
      77.4,
      53.8
    ],
    [
      2.8,
      0.4,
      0.6,
      0.35,
      0.9,
      0.6,
      0.8,
      3.7,
      5.6,
      2.6,
      1.8,
      0.4,
      2.6,
      1.0,
      1.0,
      1.6,
      0.0,
      2.3,
      0.28,
      1.1,
      1.7,
      0.8,
      14.9,
      0.65,
      0.5,
      3.9,
      1.8,
      3.1,
      3.4,
      0.85,
      3.3,
      5.8,
      0.14,
      0.35,
      0.5,
      0.27,
      6.6,
      7.8,
      12.8,
      3.5,
      12.8,
      10.2,
      41.9,
      0.15,
      1.7,
      5.4,
      3.2,
      0.5,
      83.5,
      8.4,
      65.1,
      53.3,
      96.2,
      5.1,
      83.8,
      53.0
    ],
    [
      2.9,
      3.7,
      2.2,
      2.2,
      2.4,
      0.85,
      0.6,
      2.8,
      13.7,
      2.9,
      2.2,
      4.1,
      2.9,
      1.6,
      0.4,
      1.9,
      2.3,
      0.0,
      4.2,
      0.55,
      1.0,
      1.0,
      14.3,
      1.3,
      0.9,
      4.3,
      1.2,
      2.5,
      3.8,
      2.3,
      3.6,
      6.2,
      1.9,
      5.1,
      3.8,
      1.2,
      7.0,
      5.0,
      12.1,
      3.9,
      12.1,
      10.8,
      41.2,
      4.5,
      0.85,
      4.8,
      3.5,
      0.9,
      82.9,
      9.0,
      64.5,
      52.7,
      96.8,
      4.5,
      83.1,
      52.4
    ],
    [
      2.4,
      0.6,
      0.5,
      0.5,
      0.8,
      0.75,
      1.0,
      4.2,
      6.1,
      3.1,
      2.4,
      0.55,
      3.1,
      2.9,
      3.9,
      3.2,
      0.28,
      4.2,
      0.0,
      1.6,
      2.2,
      2.3,
      14.0,
      0.85,
      0.65,
      2.8,
      2.3,
      1.9,
      1.6,
      1.3,
      2.2,
      2.4,
      0.3,
      0.17,
      0.65,
      0.4,
      5.0,
      8.6,
      11.9,
      2.5,
      11.9,
      11.0,
      40.0,
      0.13,
      2.1,
      5.9,
      2.1,
      0.7,
      74.8,
      6.7,
      56.4,
      54.1,
      94.5,
      5.9,
      75.0,
      53.8
    ],
    [
      2.5,
      2.3,
      1.0,
      1.0,
      1.6,
      0.55,
      0.3,
      3.1,
      5.8,
      2.7,
      2.0,
      2.7,
      2.7,
      0.85,
      0.12,
      1.3,
      1.1,
      0.55,
      1.6,
      0.0,
      0.7,
      0.45,
      14.2,
      0.6,
      0.65,
      4.3,
      0.75,
      2.2,
      3.8,
      0.75,
      3.7,
      5.3,
      1.6,
      1.2,
      3.0,
      0.9,
      7.0,
      5.0,
      12.1,
      4.0,
      12.1,
      10.8,
      41.2,
      3.8,
      0.3,
      4.7,
      3.6,
      0.6,
      82.8,
      9.0,
      64.4,
      52.6,
      96.8,
      4.4,
      83.1,
      52.3
    ],
    [
      2.2,
      2.3,
      1.6,
      1.6,
      2.9,
      1.3,
      0.9,
      3.4,
      6.4,
      3.5,
      2.7,
      3.4,
      3.5,
      1.1,
      0.7,
      2.5,
      1.7,
      1.0,
      2.2,
      0.7,
      0.0,
      0.8,
      13.2,
      1.6,
      1.2,
      4.3,
      0.21,
      2.0,
      3.8,
      2.6,
      3.7,
      5.7,
      2.2,
      4.0,
      2.7,
      3.7,
      17.3,
      7.1,
      11.0,
      3.9,
      11.1,
      10.8,
      40.1,
      3.4,
      0.65,
      3.7,
      3.6,
      3.6,
      81.8,
      9.0,
      63.4,
      51.6,
      96.8,
      3.4,
      82.0,
      51.3
    ],
    [
      1.9,
      1.6,
      1.7,
      1.7,
      2.3,
      0.85,
      0.75,
      3.8,
      6.5,
      3.9,
      3.1,
      2.3,
      3.9,
      0.4,
      0.85,
      2.8,
      0.8,
      1.0,
      2.3,
      0.45,
      0.8,
      0.0,
      13.3,
      0.13,
      0.55,
      4.1,
      0.85,
      1.3,
      3.6,
      1.0,
      3.4,
      4.5,
      0.8,
      3.5,
      2.2,
      0.9,
      6.8,
      4.8,
      11.1,
      3.7,
      11.1,
      10.6,
      40.2,
      0.95,
      0.14,
      4.5,
      3.3,
      0.85,
      81.9,
      8.8,
      63.5,
      51.7,
      96.6,
      3.5,
      82.1,
      51.4
    ],
    [
      12.5,
      13.0,
      14.8,
      14.8,
      14.5,
      14.5,
      14.1,
      20.9,
      24.5,
      21.4,
      15.9,
      13.4,
      21.6,
      13.3,
      13.9,
      15.6,
      14.9,
      14.3,
      14.0,
      14.2,
      13.2,
      13.3,
      0.0,
      11.5,
      12.1,
      19.8,
      12.2,
      11.3,
      13.3,
      12.5,
      21.5,
      13.5,
      12.1,
      13.0,
      11.7,
      12.7,
      22.6,
      12.0,
      1.3,
      20.3,
      0.0,
      22.4,
      29.2,
      12.4,
      11.8,
      7.1,
      21.4,
      13.3,
      87.1,
      19.6,
      68.6,
      56.8,
      107.0,
      8.3,
      87.3,
      56.6
    ],
    [
      1.8,
      0.75,
      1.8,
      0.6,
      2.4,
      0.75,
      0.8,
      3.9,
      6.6,
      4.0,
      3.2,
      0.95,
      4.0,
      0.3,
      0.7,
      3.0,
      0.65,
      1.3,
      0.85,
      0.6,
      1.6,
      0.13,
      11.5,
      0.0,
      0.5,
      4.2,
      1.0,
      1.2,
      3.7,
      1.0,
      3.6,
      4.4,
      0.7,
      1.0,
      0.65,
      0.9,
      17.3,
      7.0,
      11.0,
      3.8,
      11.0,
      10.3,
      40.1,
      0.8,
      0.27,
      4.6,
      3.5,
      2.0,
      81.8,
      8.5,
      63.3,
      51.6,
      96.3,
      3.3,
      82.0,
      51.3
    ],
    [
      2.3,
      2.0,
      0.75,
      0.35,
      1.4,
      0.3,
      0.35,
      3.3,
      5.7,
      2.6,
      1.8,
      0.9,
      2.6,
      0.75,
      0.5,
      1.0,
      0.5,
      0.9,
      0.65,
      0.65,
      1.2,
      0.55,
      12.1,
      0.5,
      0.0,
      3.4,
      1.4,
      2.7,
      2.9,
      0.5,
      2.8,
      5.4,
      0.65,
      0.75,
      1.0,
      0.4,
      6.1,
      7.3,
      12.3,
      3.1,
      12.3,
      9.8,
      41.4,
      0.55,
      1.2,
      5.0,
      2.7,
      0.35,
      83.1,
      7.9,
      64.6,
      52.9,
      95.8,
      4.7,
      83.3,
      52.6
    ],
    [
      4.8,
      3.6,
      0.95,
      3.8,
      0.8,
      3.5,
      4.1,
      0.15,
      6.3,
      0.95,
      0.25,
      3.3,
      0.4,
      4.5,
      3.9,
      0.5,
      3.9,
      4.3,
      2.8,
      4.3,
      4.3,
      4.1,
      19.8,
      4.2,
      3.4,
      0.0,
      3.6,
      4.7,
      0.25,
      0.9,
      0.65,
      4.8,
      4.7,
      1.3,
      4.3,
      4.0,
      5.4,
      7.5,
      18.9,
      1.0,
      18.9,
      10.0,
      48.0,
      3.7,
      3.8,
      7.2,
      0.6,
      2.9,
      78.3,
      5.8,
      59.9,
      61.2,
      94.3,
      6.9,
      78.5,
      60.9
    ],
    [
      2.3,
      2.4,
      1.7,
      1.7,
      3.0,
      1.4,
      1.0,
      3.5,
      6.5,
      3.6,
      2.8,
      3.4,
      3.6,
      0.9,
      0.75,
      2.5,
      1.8,
      1.2,
      2.3,
      0.75,
      0.21,
      0.85,
      12.2,
      1.0,
      1.4,
      3.6,
      0.0,
      1.9,
      3.7,
      2.5,
      3.6,
      4.9,
      2.1,
      3.9,
      2.6,
      3.6,
      17.2,
      7.0,
      10.9,
      3.8,
      11.0,
      10.7,
      40.0,
      3.3,
      1.4,
      3.6,
      3.5,
      3.5,
      81.7,
      8.9,
      63.3,
      51.5,
      96.7,
      3.3,
      81.9,
      51.2
    ],
    [
      0.17,
      0.95,
      2.9,
      3.0,
      2.4,
      2.7,
      2.4,
      4.6,
      6.5,
      3.6,
      2.8,
      1.3,
      3.5,
      1.0,
      2.2,
      3.6,
      3.1,
      2.5,
      1.9,
      2.2,
      2.0,
      1.3,
      11.3,
      1.2,
      2.7,
      4.7,
      1.9,
      0.0,
      2.9,
      2.0,
      3.4,
      3.5,
      1.2,
      2.6,
      0.95,
      2.2,
      6.3,
      6.8,
      10.7,
      3.7,
      10.7,
      17.2,
      39.8,
      2.0,
      1.3,
      4.8,
      3.3,
      2.8,
      81.5,
      14.4,
      63.1,
      51.3,
      102.0,
      3.1,
      81.7,
      51.0
    ],
    [
      3.6,
      2.4,
      0.85,
      3.3,
      0.7,
      3.0,
      3.6,
      0.28,
      5.1,
      1.2,
      0.28,
      2.1,
      0.5,
      4.1,
      3.4,
      0.45,
      3.4,
      3.8,
      1.6,
      3.8,
      3.8,
      3.6,
      13.3,
      3.7,
      2.9,
      0.25,
      3.7,
      2.9,
      0.0,
      0.9,
      0.7,
      3.4,
      3.8,
      2.2,
      3.0,
      1.8,
      4.2,
      7.3,
      18.7,
      1.2,
      18.7,
      9.7,
      47.8,
      1.6,
      2.8,
      6.3,
      0.65,
      1.1,
      77.0,
      5.2,
      58.5,
      54.2,
      93.1,
      6.0,
      77.2,
      53.9
    ],
    [
      2.8,
      2.0,
      0.7,
      0.75,
      0.9,
      0.35,
      0.45,
      0.8,
      5.6,
      2.2,
      1.4,
      2.4,
      2.2,
      1.4,
      0.6,
      0.45,
      0.85,
      2.3,
      1.3,
      0.75,
      2.6,
      1.0,
      12.5,
      1.0,
      0.5,
      0.9,
      2.5,
      2.0,
      0.9,
      0.0,
      2.3,
      4.0,
      2.6,
      2.4,
      3.1,
      0.65,
      4.9,
      6.9,
      18.3,
      2.6,
      18.3,
      9.4,
      47.4,
      0.9,
      1.0,
      6.1,
      2.2,
      0.35,
      88.1,
      7.6,
      69.6,
      60.6,
      95.4,
      5.8,
      88.3,
      60.3
    ],
    [
      4.1,
      2.9,
      1.7,
      3.1,
      0.65,
      2.8,
      3.5,
      0.8,
      5.3,
      0.9,
      0.45,
      2.7,
      0.8,
      3.9,
      3.3,
      0.95,
      3.3,
      3.6,
      2.2,
      3.7,
      3.7,
      3.4,
      21.5,
      3.6,
      2.8,
      0.65,
      3.6,
      3.4,
      0.7,
      2.3,
      0.0,
      2.6,
      3.6,
      2.4,
      2.5,
      2.1,
      3.3,
      8.7,
      14.0,
      1.8,
      14.0,
      11.5,
      49.3,
      1.9,
      2.7,
      6.5,
      0.094,
      1.6,
      76.1,
      5.0,
      57.6,
      55.6,
      92.8,
      6.4,
      76.3,
      55.3
    ],
    [
      4.3,
      3.1,
      3.4,
      5.7,
      2.9,
      5.4,
      6.0,
      4.7,
      4.6,
      3.5,
      2.9,
      2.8,
      3.6,
      4.7,
      5.8,
      3.7,
      5.8,
      6.2,
      2.4,
      5.3,
      5.7,
      4.5,
      13.5,
      4.4,
      5.4,
      4.8,
      4.9,
      3.5,
      3.4,
      4.0,
      2.6,
      0.0,
      4.4,
      3.0,
      3.0,
      2.6,
      4.0,
      10.0,
      13.9,
      4.1,
      13.9,
      13.8,
      48.7,
      2.4,
      4.5,
      8.0,
      3.7,
      3.4,
      75.5,
      7.3,
      57.1,
      55.0,
      95.1,
      6.3,
      75.7,
      53.0
    ],
    [
      1.9,
      0.26,
      0.75,
      0.45,
      3.0,
      0.75,
      0.9,
      4.5,
      7.5,
      4.7,
      3.9,
      0.25,
      4.6,
      1.0,
      1.6,
      3.6,
      0.14,
      1.9,
      0.3,
      1.6,
      2.2,
      0.8,
      12.1,
      0.7,
      0.65,
      4.7,
      2.1,
      1.2,
      3.8,
      2.6,
      3.6,
      4.4,
      0.0,
      0.5,
      0.35,
      0.4,
      6.6,
      7.7,
      11.7,
      4.3,
      11.7,
      11.8,
      40.8,
      0.29,
      1.8,
      5.8,
      4.0,
      0.65,
      82.5,
      15.3,
      64.0,
      52.3,
      103.0,
      4.0,
      82.7,
      52.0
    ],
    [
      3.3,
      0.75,
      0.35,
      0.6,
      0.65,
      0.65,
      0.9,
      1.2,
      6.1,
      3.1,
      2.4,
      0.65,
      3.1,
      3.7,
      1.1,
      0.8,
      0.35,
      5.1,
      0.17,
      1.2,
      4.0,
      3.5,
      13.0,
      1.0,
      0.75,
      1.3,
      3.9,
      2.6,
      2.2,
      2.4,
      2.4,
      3.0,
      0.5,
      0.0,
      0.85,
      0.35,
      5.1,
      8.6,
      11.9,
      2.5,
      11.9,
      11.0,
      41.0,
      0.22,
      3.1,
      7.0,
      2.1,
      0.65,
      74.8,
      6.7,
      56.4,
      54.2,
      94.5,
      5.2,
      75.1,
      53.9
    ],
    [
      2.0,
      0.1,
      2.5,
      0.8,
      2.0,
      4.0,
      3.6,
      4.2,
      6.1,
      3.2,
      2.4,
      0.28,
      3.2,
      1.0,
      3.4,
      3.2,
      0.5,
      3.8,
      0.65,
      3.0,
      2.7,
      2.2,
      11.7,
      0.65,
      1.0,
      4.3,
      2.6,
      0.95,
      3.0,
      3.1,
      2.5,
      3.0,
      0.35,
      0.85,
      0.0,
      0.75,
      5.4,
      7.5,
      11.5,
      3.1,
      11.5,
      11.6,
      40.6,
      0.65,
      1.6,
      5.6,
      2.7,
      2.2,
      75.4,
      7.3,
      56.9,
      52.0,
      95.2,
      3.8,
      75.6,
      51.7
    ],
    [
      3.0,
      0.7,
      0.45,
      0.35,
      0.85,
      0.35,
      0.6,
      3.8,
      5.7,
      2.8,
      2.0,
      0.65,
      2.8,
      3.4,
      0.8,
      0.8,
      0.27,
      1.2,
      0.4,
      0.9,
      3.7,
      0.9,
      12.7,
      0.9,
      0.4,
      4.0,
      3.6,
      2.2,
      1.8,
      0.65,
      2.1,
      2.6,
      0.4,
      0.35,
      0.75,
      0.0,
      4.7,
      7.8,
      12.8,
      2.5,
      12.8,
      10.2,
      41.9,
      0.28,
      1.1,
      5.4,
      2.1,
      0.28,
      75.4,
      8.4,
      56.9,
      53.4,
      96.2,
      5.1,
      75.6,
      53.1
    ],
    [
      16.7,
      5.8,
      4.3,
      6.5,
      3.8,
      6.2,
      6.8,
      5.3,
      0.55,
      4.1,
      3.7,
      5.5,
      4.2,
      17.5,
      6.6,
      4.5,
      6.6,
      7.0,
      5.0,
      7.0,
      17.3,
      6.8,
      22.6,
      17.3,
      6.1,
      5.4,
      17.2,
      6.3,
      4.2,
      4.9,
      3.3,
      4.0,
      6.6,
      5.1,
      5.4,
      4.7,
      0.0,
      13.8,
      21.7,
      3.5,
      21.8,
      16.6,
      48.6,
      5.6,
      5.8,
      17.2,
      4.6,
      4.6,
      75.4,
      4.6,
      56.9,
      54.9,
      91.6,
      15.7,
      75.6,
      54.6
    ],
    [
      6.4,
      7.6,
      7.7,
      7.6,
      7.6,
      7.4,
      4.8,
      7.4,
      14.5,
      7.9,
      7.4,
      8.3,
      8.1,
      7.3,
      4.6,
      7.2,
      7.8,
      5.0,
      8.6,
      5.0,
      7.1,
      4.8,
      12.0,
      7.0,
      7.3,
      7.5,
      7.0,
      6.8,
      7.3,
      6.9,
      8.7,
      10.0,
      7.7,
      8.6,
      7.5,
      7.8,
      13.8,
      0.0,
      12.4,
      9.3,
      12.4,
      11.4,
      41.5,
      8.5,
      7.0,
      5.8,
      10.4,
      8.2,
      84.8,
      8.6,
      66.4,
      54.6,
      96.4,
      8.0,
      85.0,
      54.3
    ],
    [
      10.4,
      10.9,
      12.7,
      12.6,
      12.3,
      12.3,
      12.0,
      18.8,
      22.4,
      19.3,
      13.8,
      11.3,
      19.5,
      11.2,
      11.8,
      13.5,
      12.8,
      12.1,
      11.9,
      12.1,
      11.0,
      11.1,
      1.3,
      11.0,
      12.3,
      18.9,
      10.9,
      10.7,
      18.7,
      18.3,
      14.0,
      13.9,
      11.7,
      11.9,
      11.5,
      12.8,
      21.7,
      12.4,
      0.0,
      20.3,
      1.7,
      22.4,
      27.9,
      12.5,
      11.9,
      7.1,
      14.5,
      13.3,
      87.1,
      19.6,
      68.7,
      48.2,
      107.0,
      8.3,
      87.3,
      47.9
    ],
    [
      4.4,
      3.2,
      2.0,
      3.4,
      1.5,
      3.1,
      3.8,
      1.6,
      4.1,
      0.3,
      1.0,
      3.0,
      0.65,
      4.2,
      3.6,
      1.4,
      3.5,
      3.9,
      2.5,
      4.0,
      3.9,
      3.7,
      20.3,
      3.8,
      3.1,
      1.0,
      3.8,
      3.7,
      1.2,
      2.6,
      1.8,
      4.1,
      4.3,
      2.5,
      3.1,
      2.5,
      3.5,
      9.3,
      20.3,
      0.0,
      18.9,
      10.3,
      48.0,
      2.7,
      3.9,
      7.3,
      1.1,
      2.3,
      77.3,
      4.0,
      58.8,
      61.1,
      91.9,
      7.0,
      77.5,
      60.8
    ],
    [
      10.4,
      10.9,
      12.7,
      12.6,
      12.4,
      12.4,
      12.0,
      18.8,
      22.4,
      19.3,
      13.8,
      11.3,
      19.5,
      11.2,
      11.8,
      13.5,
      12.8,
      12.1,
      11.9,
      12.1,
      11.1,
      11.1,
      0.0,
      11.0,
      12.3,
      18.9,
      11.0,
      10.7,
      18.7,
      18.3,
      14.0,
      13.9,
      11.7,
      11.9,
      11.5,
      12.8,
      21.8,
      12.4,
      1.7,
      18.9,
      0.0,
      22.9,
      29.1,
      12.9,
      12.3,
      7.6,
      14.9,
      13.8,
      87.6,
      20.1,
      69.1,
      49.6,
      108.0,
      8.8,
      87.8,
      49.3
    ],
    [
      16.8,
      11.8,
      10.1,
      10.1,
      10.1,
      9.8,
      10.6,
      9.8,
      17.2,
      10.7,
      9.9,
      11.5,
      9.7,
      10.6,
      10.4,
      9.6,
      10.2,
      10.8,
      11.0,
      10.8,
      10.8,
      10.6,
      22.4,
      10.3,
      9.8,
      10.0,
      10.7,
      17.2,
      9.7,
      9.4,
      11.5,
      13.8,
      11.8,
      11.0,
      11.6,
      10.2,
      16.6,
      11.4,
      22.4,
      10.3,
      22.9,
      0.0,
      51.0,
      11.5,
      10.5,
      15.3,
      10.0,
      10.0,
      91.4,
      10.9,
      72.9,
      64.1,
      98.7,
      17.6,
      91.6,
      63.9
    ],
    [
      39.5,
      40.0,
      41.8,
      41.7,
      41.4,
      41.4,
      41.1,
      47.9,
      49.2,
      48.4,
      42.9,
      40.4,
      48.6,
      40.3,
      40.9,
      41.6,
      41.9,
      41.2,
      40.0,
      41.2,
      40.1,
      40.2,
      29.2,
      40.1,
      41.4,
      48.0,
      40.0,
      39.8,
      47.8,
      47.4,
      49.3,
      48.7,
      40.8,
      41.0,
      40.6,
      41.9,
      48.6,
      41.5,
      27.9,
      48.0,
      29.1,
      51.0,
      0.0,
      41.3,
      40.7,
      35.9,
      43.3,
      42.1,
      98.6,
      48.4,
      80.2,
      36.0,
      139.0,
      37.1,
      98.8,
      35.7
    ],
    [
      2.7,
      0.55,
      0.45,
      0.4,
      0.75,
      0.6,
      4.3,
      3.6,
      5.5,
      2.5,
      1.8,
      0.55,
      2.5,
      3.1,
      4.2,
      1.6,
      0.15,
      4.5,
      0.13,
      3.8,
      3.4,
      0.95,
      12.4,
      0.8,
      0.55,
      3.7,
      3.3,
      2.0,
      1.6,
      0.9,
      1.9,
      2.4,
      0.29,
      0.22,
      0.65,
      0.28,
      5.6,
      8.5,
      12.5,
      2.7,
      12.9,
      11.5,
      41.3,
      0.0,
      1.7,
      5.5,
      3.2,
      0.55,
      83.6,
      8.4,
      65.1,
      53.4,
      96.3,
      5.2,
      83.8,
      53.1
    ],
    [
      2.0,
      1.7,
      1.6,
      0.85,
      2.1,
      0.85,
      0.6,
      3.6,
      6.4,
      3.7,
      3.0,
      2.5,
      3.7,
      0.55,
      0.4,
      2.7,
      1.7,
      0.85,
      2.1,
      0.3,
      0.65,
      0.14,
      11.8,
      0.27,
      1.2,
      3.8,
      1.4,
      1.3,
      2.8,
      1.0,
      2.7,
      4.5,
      1.8,
      3.1,
      1.6,
      1.1,
      5.8,
      7.0,
      11.9,
      3.9,
      12.3,
      10.5,
      40.7,
      1.7,
      0.0,
      4.3,
      3.2,
      0.9,
      82.0,
      8.6,
      63.6,
      51.8,
      96.4,
      3.6,
      82.3,
      51.5
    ],
    [
      4.5,
      5.8,
      5.3,
      5.3,
      6.6,
      5.0,
      4.6,
      7.1,
      17.8,
      7.2,
      6.4,
      6.3,
      7.2,
      4.9,
      4.4,
      6.2,
      5.4,
      4.8,
      5.9,
      4.7,
      3.7,
      4.5,
      7.1,
      4.6,
      5.0,
      7.2,
      3.6,
      4.8,
      6.3,
      6.1,
      6.5,
      8.0,
      5.8,
      7.0,
      5.6,
      5.4,
      17.2,
      5.8,
      7.1,
      7.3,
      7.6,
      15.3,
      35.9,
      5.5,
      4.3,
      0.0,
      8.9,
      7.8,
      81.6,
      16.3,
      63.1,
      51.3,
      104.0,
      2.8,
      81.8,
      51.1
    ],
    [
      4.1,
      2.8,
      1.6,
      3.0,
      0.75,
      2.7,
      3.4,
      2.1,
      5.2,
      0.8,
      0.4,
      2.6,
      0.7,
      3.8,
      3.2,
      0.9,
      3.2,
      3.5,
      2.1,
      3.6,
      3.6,
      3.3,
      21.4,
      3.5,
      2.7,
      0.6,
      3.5,
      3.3,
      0.65,
      2.2,
      0.094,
      3.7,
      4.0,
      2.1,
      2.7,
      2.1,
      4.6,
      10.4,
      14.5,
      1.1,
      14.9,
      10.0,
      43.3,
      3.2,
      3.2,
      8.9,
      0.0,
      1.6,
      76.1,
      5.1,
      57.7,
      55.7,
      92.9,
      6.4,
      76.4,
      55.4
    ],
    [
      3.6,
      2.4,
      0.4,
      0.45,
      0.7,
      0.069,
      0.3,
      2.8,
      5.2,
      2.2,
      1.4,
      0.9,
      2.1,
      2.3,
      0.5,
      0.65,
      0.5,
      0.9,
      0.7,
      0.6,
      3.6,
      0.85,
      13.3,
      2.0,
      0.35,
      2.9,
      3.5,
      2.8,
      1.1,
      0.35,
      1.6,
      3.4,
      0.65,
      0.65,
      2.2,
      0.28,
      4.6,
      8.2,
      13.3,
      2.3,
      13.8,
      10.0,
      42.1,
      0.55,
      0.9,
      7.8,
      1.6,
      0.0,
      83.5,
      8.3,
      65.0,
      53.2,
      96.1,
      5.0,
      83.7,
      52.9
    ],
    [
      81.2,
      76.2,
      77.0,
      83.4,
      76.5,
      83.1,
      82.8,
      78.2,
      76.0,
      77.0,
      76.4,
      75.2,
      77.1,
      82.0,
      82.6,
      77.2,
      83.5,
      82.9,
      74.8,
      82.8,
      81.8,
      81.9,
      87.1,
      81.8,
      83.1,
      78.3,
      81.7,
      81.5,
      77.0,
      88.1,
      76.1,
      75.5,
      82.5,
      74.8,
      75.4,
      75.4,
      75.4,
      84.8,
      87.1,
      77.3,
      87.6,
      91.4,
      98.6,
      83.6,
      82.0,
      81.6,
      76.1,
      83.5,
      0.0,
      81.8,
      24.3,
      73.7,
      166.0,
      79.3,
      0.22,
      74.1
    ],
    [
      14.0,
      7.4,
      6.0,
      8.3,
      5.5,
      8.0,
      8.8,
      5.7,
      4.5,
      4.5,
      5.3,
      7.2,
      4.6,
      8.8,
      8.6,
      5.5,
      8.4,
      9.0,
      6.7,
      9.0,
      9.0,
      8.8,
      19.6,
      8.5,
      7.9,
      5.8,
      8.9,
      14.4,
      5.2,
      7.6,
      5.0,
      7.3,
      15.3,
      6.7,
      7.3,
      8.4,
      4.6,
      8.6,
      19.6,
      4.0,
      20.1,
      10.9,
      48.4,
      8.4,
      8.6,
      16.3,
      5.1,
      8.3,
      81.8,
      0.0,
      61.4,
      59.3,
      90.3,
      15.4,
      80.0,
      59.1
    ],
    [
      62.7,
      57.0,
      58.5,
      65.0,
      58.0,
      64.7,
      64.3,
      59.7,
      57.5,
      58.5,
      57.9,
      56.8,
      58.7,
      63.5,
      64.1,
      58.7,
      65.1,
      64.5,
      56.4,
      64.4,
      63.4,
      63.5,
      68.6,
      63.3,
      64.6,
      59.9,
      63.3,
      63.1,
      58.5,
      69.6,
      57.6,
      57.1,
      64.0,
      56.4,
      56.9,
      56.9,
      56.9,
      66.4,
      68.7,
      58.8,
      69.1,
      72.9,
      80.2,
      65.1,
      63.6,
      63.1,
      57.7,
      65.0,
      24.3,
      61.4,
      0.0,
      51.7,
      147.0,
      60.8,
      25.1,
      52.1
    ],
    [
      50.9,
      52.1,
      53.2,
      53.2,
      56.0,
      52.9,
      52.5,
      61.0,
      55.5,
      56.5,
      55.9,
      52.8,
      56.7,
      51.8,
      52.4,
      54.1,
      53.3,
      52.7,
      54.1,
      52.6,
      51.6,
      51.7,
      56.8,
      51.6,
      52.9,
      61.2,
      51.5,
      51.3,
      54.2,
      60.6,
      55.6,
      55.0,
      52.3,
      54.2,
      52.0,
      53.4,
      54.9,
      54.6,
      48.2,
      61.1,
      49.6,
      64.1,
      36.0,
      53.4,
      51.8,
      51.3,
      55.7,
      53.2,
      73.7,
      59.3,
      51.7,
      0.0,
      146.0,
      49.7,
      74.8,
      0.3
    ],
    [
      102.0,
      95.3,
      96.1,
      96.1,
      93.3,
      95.8,
      96.6,
      94.1,
      92.2,
      92.3,
      93.2,
      95.0,
      92.5,
      96.6,
      96.4,
      95.6,
      96.2,
      96.8,
      94.5,
      96.8,
      96.8,
      96.6,
      107.0,
      96.3,
      95.8,
      94.3,
      96.7,
      102.0,
      93.1,
      95.4,
      92.8,
      95.1,
      103.0,
      94.5,
      95.2,
      96.2,
      91.6,
      96.4,
      107.0,
      91.9,
      108.0,
      98.7,
      139.0,
      96.3,
      96.4,
      104.0,
      92.9,
      96.1,
      166.0,
      90.3,
      147.0,
      146.0,
      0.0,
      103.0,
      166.0,
      145.0
    ],
    [
      2.7,
      3.9,
      5.0,
      5.0,
      5.7,
      4.7,
      4.3,
      6.8,
      16.3,
      6.9,
      6.1,
      4.3,
      6.9,
      3.6,
      4.1,
      5.8,
      5.1,
      4.5,
      5.9,
      4.4,
      3.4,
      3.5,
      8.3,
      3.3,
      4.7,
      6.9,
      3.3,
      3.1,
      6.0,
      5.8,
      6.4,
      6.3,
      4.0,
      5.2,
      3.8,
      5.1,
      15.7,
      8.0,
      8.3,
      7.0,
      8.8,
      17.6,
      37.1,
      5.2,
      3.6,
      2.8,
      6.4,
      5.0,
      79.3,
      15.4,
      60.8,
      49.7,
      103.0,
      0.0,
      80.7,
      50.0
    ],
    [
      81.4,
      76.5,
      77.2,
      83.6,
      76.7,
      83.3,
      83.0,
      78.4,
      76.2,
      77.2,
      76.6,
      75.5,
      77.4,
      82.2,
      82.8,
      77.4,
      83.8,
      83.1,
      75.0,
      83.1,
      82.0,
      82.1,
      87.3,
      82.0,
      83.3,
      78.5,
      81.9,
      81.7,
      77.2,
      88.3,
      76.3,
      75.7,
      82.7,
      75.1,
      75.6,
      75.6,
      75.6,
      85.0,
      87.3,
      77.5,
      87.8,
      91.6,
      98.8,
      83.8,
      82.3,
      81.8,
      76.4,
      83.7,
      0.22,
      80.0,
      25.1,
      74.8,
      166.0,
      80.7,
      0.0,
      74.4
    ],
    [
      50.6,
      51.9,
      52.9,
      52.9,
      55.7,
      52.6,
      52.3,
      60.7,
      55.2,
      56.2,
      55.6,
      52.5,
      56.4,
      51.5,
      52.1,
      53.8,
      53.0,
      52.4,
      53.8,
      52.3,
      51.3,
      51.4,
      56.6,
      51.3,
      52.6,
      60.9,
      51.2,
      51.0,
      53.9,
      60.3,
      55.3,
      53.0,
      52.0,
      53.9,
      51.7,
      53.1,
      54.6,
      54.3,
      47.9,
      60.8,
      49.3,
      63.9,
      35.7,
      53.1,
      51.5,
      51.1,
      55.4,
      52.9,
      74.1,
      59.1,
      52.1,
      0.3,
      145.0,
      50.0,
      74.4,
      0.0
    ]
  ],
  "drive_time_matrix": [
    [
      0.0,
      6.0,
      12.0,
      7.0,
      9.0,
      10.0,
      8.0,
      13.0,
      18.0,
      13.0,
      10.0,
      7.0,
      10.0,
      5.0,
      8.0,
      11.0,
      9.0,
      8.0,
      8.0,
      7.0,
      6.0,
      6.0,
      13.0,
      5.0,
      7.0,
      13.0,
      6.0,
      2.0,
      10.0,
      9.0,
      11.0,
      13.0,
      7.0,
      12.0,
      7.0,
      10.0,
      16.0,
      9.0,
      12.0,
      12.0,
      12.0,
      18.0,
      42.0,
      9.0,
      6.0,
      9.0,
      11.0,
      10.0,
      55.0,
      15.0,
      42.0,
      39.0,
      68.0,
      7.0,
      55.0,
      37.0
    ],
    [
      6.0,
      0.0,
      9.0,
      9.0,
      6.0,
      8.0,
      7.0,
      10.0,
      16.0,
      10.0,
      7.0,
      2.0,
      7.0,
      6.0,
      8.0,
      9.0,
      5.0,
      10.0,
      7.0,
      7.0,
      7.0,
      5.0,
      17.0,
      10.0,
      6.0,
      10.0,
      7.0,
      12.0,
      7.0,
      8.0,
      8.0,
      10.0,
      3.0,
      9.0,
      1.0,
      8.0,
      14.0,
      12.0,
      16.0,
      9.0,
      16.0,
      19.0,
      46.0,
      7.0,
      5.0,
      12.0,
      8.0,
      8.0,
      56.0,
      15.0,
      44.0,
      42.0,
      68.0,
      10.0,
      57.0,
      40.0
    ],
    [
      12.0,
      9.0,
      0.0,
      10.0,
      4.0,
      5.0,
      6.0,
      8.0,
      12.0,
      6.0,
      6.0,
      11.0,
      4.0,
      7.0,
      3.0,
      6.0,
      7.0,
      6.0,
      6.0,
      3.0,
      5.0,
      5.0,
      18.0,
      5.0,
      7.0,
      6.0,
      5.0,
      9.0,
      7.0,
      7.0,
      4.0,
      10.0,
      9.0,
      4.0,
      8.0,
      6.0,
      11.0,
      11.0,
      17.0,
      5.0,
      17.0,
      14.0,
      48.0,
      5.0,
      5.0,
      11.0,
      4.0,
      5.0,
      56.0,
      12.0,
      44.0,
      44.0,
      65.0,
      12.0,
      56.0,
      42.0
    ],
    [
      7.0,
      9.0,
      10.0,
      0.0,
      7.0,
      6.0,
      8.0,
      11.0,
      19.0,
      11.0,
      8.0,
      9.0,
      9.0,
      11.0,
      10.0,
      9.0,
      4.0,
      7.0,
      6.0,
      9.0,
      5.0,
      5.0,
      18.0,
      7.0,
      4.0,
      12.0,
      5.0,
      10.0,
      10.0,
      9.0,
      9.0,
      15.0,
      6.0,
      7.0,
      10.0,
      5.0,
      17.0,
      12.0,
      18.0,
      10.0,
      18.0,
      15.0,
      48.0,
      5.0,
      10.0,
      11.0,
      9.0,
      6.0,
      60.0,
      14.0,
      47.0,
      44.0,
      66.0,
      12.0,
      61.0,
      43.0
    ],
    [
      9.0,
      6.0,
      4.0,
      7.0,
      0.0,
      6.0,
      4.0,
      8.0,
      10.0,
      5.0,
      6.0,
      6.0,
      6.0,
      9.0,
      5.0,
      7.0,
      11.0,
      6.0,
      10.0,
      5.0,
      6.0,
      7.0,
      19.0,
      7.0,
      6.0,
      9.0,
      7.0,
      7.0,
      9.0,
      7.0,
      9.0,
      8.0,
      10.0,
      8.0,
      6.0,
      7.0,
      8.0,
      10.0,
      18.0,
      3.0,
      18.0,
      13.0,
      49.0,
      9.0,
      6.0,
      13.0,
      8.0,
      6.0,
      53.0,
      10.0,
      41.0,
      45.0,
      62.0,
      14.0,
      54.0,
      43.0
    ],
    [
      10.0,
      8.0,
      5.0,
      6.0,
      6.0,
      0.0,
      3.0,
      10.0,
