{
  "drive_dist_matrix": [
    [
      0.0,
      2.2,
      1.9,
      2.7,
      10.9,
      0.0,
      8.0,
      5.6,
      1.9,
      10.1,
      12.5,
      1.6,
      0.4,
      2.4,
      8.5,
      10.7,
      2.2,
      0.4,
      10.5,
      0.7,
      1.9,
      2.2,
      1.5,
      2.3,
      0.85,
      12.2
    ],
    [
      2.2,
      0.0,
      0.8,
      0.35,
      12.5,
      1.7,
      9.5,
      7.1,
      0.8,
      11.6,
      14.0,
      3.1,
      1.8,
      0.13,
      10.0,
      8.8,
      0.0,
      2.0,
      8.6,
      3.2,
      0.3,
      0.5,
      2.5,
      0.13,
      2.3,
      13.8
    ],
    [
      1.9,
      0.8,
      0.0,
      0.9,
      13.2,
      2.5,
      10.3,
      7.9,
      0.0,
      12.4,
      14.8,
      3.9,
      2.0,
      0.95,
      10.8,
      9.3,
      0.8,
      2.3,
      9.1,
      2.8,
      0.6,
      0.3,
      2.2,
      0.85,
      2.1,
      14.6
    ],
    [
      2.7,
      0.35,
      0.9,
      0.0,
      12.7,
      1.9,
      9.7,
      7.3,
      0.9,
      11.8,
      14.2,
      3.3,
      2.0,
      0.5,
      10.2,
      8.7,
      0.35,
      2.2,
      8.4,
      3.4,
      0.55,
      0.7,
      2.7,
      0.24,
      2.5,
      14.0
    ],
    [
      10.9,
      12.5,
      13.2,
      12.7,
      0.0,
      11.8,
      3.8,
      12.6,
      12.7,
      0.9,
      9.9,
      9.5,
      11.3,
      12.8,
      6.1,
      26.4,
      12.8,
      11.3,
      26.2,
      10.8,
      13.1,
      13.4,
      11.6,
      13.5,
      11.7,
      4.0
    ],
    [
      0.0,
      1.7,
      2.5,
      1.9,
      11.8,
      0.0,
      8.0,
      5.6,
      1.9,
      10.1,
      12.5,
      1.6,
      0.4,
      2.4,
      8.5,
      10.7,
      2.2,
      0.4,
      10.5,
      0.7,
      1.9,
      2.2,
      1.5,
      2.3,
      0.85,
      12.2
    ],
    [
      8.0,
      9.5,
      10.3,
      9.7,
      3.8,
      8.0,
      0.0,
      12.6,
      11.1,
      3.2,
      7.7,
      6.9,
      9.7,
      11.3,
      3.9,
      22.8,
      11.2,
      9.7,
      22.6,
      9.2,
      11.6,
      11.9,
      8.1,
      12.0,
      10.2,
      5.4
    ],
    [
      5.6,
      7.1,
      7.9,
      7.3,
      12.6,
      5.6,
      12.6,
      0.0,
      6.3,
      13.5,
      8.2,
      4.8,
      4.8,
      6.8,
      12.7,
      15.5,
      6.7,
      4.8,
      15.2,
      4.6,
      6.3,
      6.6,
      5.5,
      6.7,
      4.9,
      15.9
    ],
    [
      1.9,
      0.8,
      0.0,
      0.9,
      12.7,
      1.9,
      11.1,
      6.3,
      0.0,
      12.4,
      14.8,
      3.9,
      2.0,
      0.95,
      10.8,
      9.3,
      0.8,
      2.3,
      9.1,
      2.8,
      0.6,
      0.3,
      2.2,
      0.85,
      2.1,
      14.6
    ],
    [
      10.1,
      11.6,
      12.4,
      11.8,
      0.9,
      10.1,
      3.2,
      13.5,
      12.4,
      0.0,
      9.0,
      8.8,
      10.5,
      12.1,
      5.2,
      25.5,
      12.0,
      10.5,
      25.3,
      10.0,
      12.4,
      12.7,
      10.9,
      12.8,
      11.0,
      2.7
    ],
    [
      12.5,
      14.0,
      14.8,
      14.2,
      9.9,
      12.5,
      7.7,
      8.2,
      14.8,
      9.0,
      0.0,
      9.5,
      11.3,
      12.8,
      6.7,
      26.9,
      12.8,
      11.3,
      26.7,
      10.8,
      13.1,
      13.4,
      11.6,
      13.5,
      11.7,
      7.8
    ],
    [
      1.6,
      3.1,
      3.9,
      3.3,
      9.5,
      1.6,
      6.9,
      4.8,
      3.9,
      8.8,
      9.5,
      0.0,
      1.1,
      3.1,
      7.5,
      11.5,
      2.9,
      1.2,
      11.3,
      0.9,
      2.6,
      2.9,
      1.8,
      3.0,
      1.2,
      11.3
    ],
    [
      0.4,
      1.8,
      2.0,
      2.0,
      11.3,
      0.4,
      9.7,
      4.8,
      2.0,
      10.5,
      11.3,
      1.1,
      0.0,
      2.0,
      8.4,
      10.4,
      1.8,
      0.18,
      10.2,
      0.3,
      1.5,
      1.8,
      0.9,
      1.9,
      0.45,
      12.2
    ],
    [
      2.4,
      0.13,
      0.95,
      0.5,
      12.8,
      2.4,
      11.3,
      6.8,
      0.95,
      12.1,
      12.8,
      3.1,
      2.0,
      0.0,
      9.9,
      9.2,
      0.13,
      1.9,
      9.0,
      3.0,
      0.4,
      0.7,
      2.3,
      0.26,
      2.1,
      13.6
    ],
    [
      8.5,
      10.0,
      10.8,
      10.2,
      6.1,
      8.5,
      3.9,
      12.7,
      10.8,
      5.2,
      6.7,
      7.5,
      8.4,
      9.9,
      0.0,
      25.5,
      11.2,
      9.7,
      25.3,
      9.2,
      11.5,
      11.8,
      10.0,
      11.9,
      10.2,
      6.2
    ],
    [
      10.7,
      8.8,
      9.3,
      8.7,
      26.4,
      10.7,
      22.8,
      15.5,
      9.3,
      25.5,
      26.9,
      11.5,
      10.4,
      9.2,
      25.5,
      0.0,
      9.9,
      11.5,
      0.25,
      12.7,
      10.7,
      10.3,
      13.6,
      8.7,
      12.0,
      23.3
    ],
    [
      2.2,
      0.0,
      0.8,
      0.35,
      12.8,
      2.2,
      11.2,
      6.7,
      0.8,
      12.0,
      12.8,
      2.9,
      1.8,
      0.13,
      11.2,
      9.9,
      0.0,
      2.0,
      8.6,
      3.2,
      0.3,
      0.5,
      2.5,
      0.13,
      2.3,
      13.8
    ],
    [
      0.4,
      2.0,
      2.3,
      2.2,
      11.3,
      0.4,
      9.7,
      4.8,
      2.3,
      10.5,
      11.3,
      1.2,
      0.18,
      1.9,
      9.7,
      11.5,
      2.0,
      0.0,
      10.1,
      0.5,
      1.4,
      1.7,
      1.8,
      1.8,
      0.65,
      12.6
    ],
    [
      10.5,
      8.6,
      9.1,
      8.4,
      26.2,
      10.5,
      22.6,
      15.2,
      9.1,
      25.3,
      26.7,
      11.3,
      10.2,
      9.0,
      25.3,
      0.25,
      8.6,
      10.1,
      0.0,
      12.4,
      10.5,
      8.9,
      13.3,
      8.4,
      11.8,
      23.1
    ],
    [
      0.7,
      3.2,
      2.8,
      3.4,
      10.8,
      0.7,
      9.2,
      4.6,
      2.8,
      10.0,
      10.8,
      0.9,
      0.3,
      3.0,
      9.2,
      12.7,
      3.2,
      0.5,
      12.4,
      0.0,
      1.9,
      2.2,
      1.6,
      2.3,
      0.75,
      12.6
    ],
    [
      1.9,
      0.3,
      0.6,
      0.55,
      13.1,
      1.9,
      11.6,
      6.3,
      0.6,
      12.4,
      13.1,
      2.6,
      1.5,
      0.4,
      11.5,
      10.7,
      0.3,
      1.4,
      10.5,
      1.9,
      0.0,
      0.29,
      2.3,
      0.35,
      2.4,
      13.9
    ],
    [
      2.2,
      0.5,
      0.3,
      0.7,
      13.4,
      2.2,
      11.9,
      6.6,
      0.3,
      12.7,
      13.4,
      2.9,
      1.8,
      0.7,
      11.8,
      10.3,
      0.5,
      1.7,
      8.9,
      2.2,
      0.29,
      0.0,
      2.0,
      0.55,
      1.8,
      14.0
    ],
    [
      1.5,
      2.5,
      2.2,
      2.7,
      11.6,
      1.5,
      8.1,
      5.5,
      2.2,
      10.9,
      11.6,
      1.8,
      0.9,
      2.3,
      10.0,
      13.6,
      2.5,
      1.8,
      13.3,
      1.6,
      2.3,
      2.0,
      0.0,
      2.3,
      0.6,
      13.7
    ],
    [
      2.3,
      0.13,
      0.85,
      0.24,
      13.5,
      2.3,
      12.0,
      6.7,
      0.85,
      12.8,
      13.5,
      3.0,
      1.9,
      0.26,
      11.9,
      8.7,
      0.13,
      1.8,
      8.4,
      2.3,
      0.35,
      0.55,
      2.3,
      0.0,
      3.0,
      14.3
    ],
    [
      0.85,
      2.3,
      2.1,
      2.5,
      11.7,
      0.85,
      10.2,
      4.9,
      2.1,
      11.0,
      11.7,
      1.2,
      0.45,
      2.1,
      10.2,
      12.0,
      2.3,
      0.65,
      11.8,
      0.75,
      2.4,
      1.8,
      0.6,
      3.0,
      0.0,
      12.7
    ],
    [
      12.2,
      13.8,
      14.6,
      14.0,
      4.0,
      12.2,
      5.4,
      15.9,
      14.6,
      2.7,
      7.8,
      11.3,
      12.2,
      13.6,
      6.2,
      23.3,
      13.8,
      12.6,
      23.1,
      12.6,
      13.9,
      14.0,
      13.7,
      14.3,
      12.7,
      0.0
    ]
  ],
  "drive_time_matrix": [
    [
      0.0,
      7.0,
      6.0,
      7.0,
      11.0,
      1.0,
      8.0,
      9.0,
      6.0,
      9.0,
      13.0,
      2.0,
      5.0,
      7.0,
      9.0,
      18.0,
      7.0,
      5.0,
      18.0,
      9.0,
      5.0,
      7.0,
      5.0,
      7.0,
      11.0,
      13.0
    ],
    [
      7.0,
      0.0,
      10.0,
      5.0,
      13.0,
      3.0,
      10.0,
      11.0,
      10.0,
      11.0,
      15.0,
      5.0,
      5.0,
      1.0,
      11.0,
      13.0,
      1.0,
      4.0,
      13.0,
      6.0,
      4.0,
      6.0,
      8.0,
      2.0,
      6.0,
      15.0
    ],
    [
      6.0,
      10.0,
      0.0,
      11.0,
      17.0,
      7.0,
      14.0,
      15.0,
      1.0,
      15.0,
      19.0,
      9.0,
      7.0,
      11.0,
      15.0,
      15.0,
      10.0,
      8.0,
      14.0,
      10.0,
      7.0,
      4.0,
      7.0,
      10.0,
      8.0,
      19.0
    ],
    [
      7.0,
      5.0,
      11.0,
      0.0,
      13.0,
      3.0,
      10.0,
      11.0,
      12.0,
      11.0,
      15.0,
      5.0,
      5.0,
      6.0,
      11.0,
      14.0,
      5.0,
      4.0,
      13.0,
      6.0,
      7.0,
      9.0,
      8.0,
      3.0,
      6.0,
      15.0
    ],
    [
      11.0,
      13.0,
      17.0,
      13.0,
      0.0,
      12.0,
      7.0,
      15.0,
      15.0,
      11.0,
      12.0,
      9.0,
      11.0,
      13.0,
      9.0,
      26.0,
      13.0,
      11.0,
      25.0,
      12.0,
      14.0,
      16.0,
      13.0,
      16.0,
      12.0,
      8.0
    ],
    [
      1.0,
      3.0,
      7.0,
      3.0,
      12.0,
      0.0,
      8.0,
      9.0,
      6.0,
      9.0,
      13.0,
      3.0,
      5.0,
      6.0,
      9.0,
      19.0,
      7.0,
      5.0,
      18.0,
      9.0,
      5.0,
      6.0,
      6.0,
      7.0,
      11.0,
      13.0
    ],
    [
      8.0,
      10.0,
      14.0,
      10.0,
      7.0,
      8.0,
      0.0,
      17.0,
      17.0,
      4.0,
      12.0,
      12.0,
      13.0,
      15.0,
      9.0,
      23.0,
      15.0,
      13.0,
      23.0,
      14.0,
      16.0,
      17.0,
      15.0,
      18.0,
      14.0,
      8.0
    ],
    [
      9.0,
      11.0,
      15.0,
      11.0,
      15.0,
      9.0,
      17.0,
      0.0,
      14.0,
      18.0,
      12.0,
      10.0,
      9.0,
      12.0,
      16.0,
      24.0,
      12.0,
      9.0,
      23.0,
      10.0,
      12.0,
      14.0,
      11.0,
      14.0,
      10.0,
      21.0
    ],
    [
      6.0,
      10.0,
      1.0,
      12.0,
      15.0,
      6.0,
      17.0,
      14.0,
      0.0,
      14.0,
      18.0,
      8.0,
      7.0,
      11.0,
      15.0,
      14.0,
      10.0,
      8.0,
      14.0,
      10.0,
      7.0,
      4.0,
      7.0,
      10.0,
      8.0,
      19.0
    ],
    [
      9.0,
      11.0,
      15.0,
      11.0,
      11.0,
      9.0,
      4.0,
      18.0,
      14.0,
      0.0,
      11.0,
      9.0,
      11.0,
      13.0,
      8.0,
      24.0,
      13.0,
      11.0,
      24.0,
      12.0,
      13.0,
      15.0,
      13.0,
      15.0,
      12.0,
      6.0
    ],
    [
      13.0,
      15.0,
      19.0,
      15.0,
      12.0,
      13.0,
      12.0,
      12.0,
      18.0,
      11.0,
      0.0,
      11.0,
      12.0,
      14.0,
      9.0,
      25.0,
      14.0,
      12.0,
      25.0,
      13.0,
      15.0,
      16.0,
      15.0,
      17.0,
      14.0,
      14.0
    ],
    [
      2.0,
      5.0,
      9.0,
      5.0,
      9.0,
      3.0,
      12.0,
      10.0,
      8.0,
      9.0,
      11.0,
      0.0,
      3.0,
      7.0,
      8.0,
      19.0,
      7.0,
      3.0,
      18.0,
      3.0,
      5.0,
      7.0,
      5.0,
      7.0,
      3.0,
      12.0
    ],
    [
      5.0,
      5.0,
      7.0,
      5.0,
      11.0,
      5.0,
      13.0,
      9.0,
      7.0,
      11.0,
      12.0,
      3.0,
      0.0,
      4.0,
      9.0,
      16.0,
      5.0,
      2.0,
      15.0,
      4.0,
      3.0,
      4.0,
      12.0,
      5.0,
      6.0,
      13.0
    ],
    [
      7.0,
      1.0,
      11.0,
      6.0,
      13.0,
      6.0,
      15.0,
      12.0,
      11.0,
      13.0,
      14.0,
      7.0,
      4.0,
      0.0,
      11.0,
      15.0,
      2.0,
      4.0,
      14.0,
      6.0,
      5.0,
      8.0,
      7.0,
      3.0,
      5.0,
      15.0
    ],
    [
      9.0,
      11.0,
      15.0,
      11.0,
      9.0,
      9.0,
      9.0,
      16.0,
      15.0,
      8.0,
      9.0,
      8.0,
      9.0,
      11.0,
      0.0,
      25.0,
      14.0,
      12.0,
      25.0,
      13.0,
      14.0,
      15.0,
      14.0,
      16.0,
      13.0,
      11.0
    ],
    [
      18.0,
      13.0,
      15.0,
      14.0,
      26.0,
      19.0,
      23.0,
      24.0,
      14.0,
      24.0,
      25.0,
      19.0,
      16.0,
      15.0,
      25.0,
      0.0,
      12.0,
      13.0,
      3.0,
      15.0,
      13.0,
      14.0,
      16.0,
      13.0,
      14.0,
      24.0
    ],
    [
      7.0,
      1.0,
      10.0,
      5.0,
      13.0,
      7.0,
      15.0,
      12.0,
      10.0,
      13.0,
      14.0,
      7.0,
      5.0,
      2.0,
      14.0,
      12.0,
      0.0,
      4.0,
      13.0,
      6.0,
      4.0,
      6.0,
      7.0,
      2.0,
      6.0,
      15.0
    ],
    [
      5.0,
      4.0,
      8.0,
      4.0,
      11.0,
      5.0,
      13.0,
      9.0,
      8.0,
      11.0,
      12.0,
      3.0,
      2.0,
      4.0,
      12.0,
      13.0,
      4.0,
      0.0,
      15.0,
      7.0,
      3.0,
      4.0,
      6.0,
      5.0,
      9.0,
      13.0
    ],
    [
      18.0,
      13.0,
      14.0,
      13.0,
      25.0,
      18.0,
      23.0,
      23.0,
      14.0,
      24.0,
      25.0,
      18.0,
      15.0,
      14.0,
      25.0,
      3.0,
      13.0,
      15.0,
      0.0,
      14.0,
      12.0,
      14.0,
      16.0,
      12.0,
      13.0,
      23.0
    ],
    [
      9.0,
      6.0,
      10.0,
      6.0,
      12.0,
      9.0,
      14.0,
      10.0,
      10.0,
      12.0,
      13.0,
      3.0,
      4.0,
      6.0,
      13.0,
      15.0,
      6.0,
      7.0,
      14.0,
      0.0,
      5.0,
      6.0,
      5.0,
      7.0,
      9.0,
      14.0
    ],
    [
      5.0,
      4.0,
      7.0,
      7.0,
      14.0,
      5.0,
      16.0,
      12.0,
      7.0,
      13.0,
      15.0,
      5.0,
      3.0,
      5.0,
      14.0,
      13.0,
      4.0,
      3.0,
      12.0,
      5.0,
      0.0,
      4.0,
      7.0,
      5.0,
      6.0,
      15.0
    ],
    [
      7.0,
      6.0,
      4.0,
      9.0,
      16.0,
      6.0,
      17.0,
      14.0,
      4.0,
      15.0,
      16.0,
      7.0,
      4.0,
      8.0,
      15.0,
      14.0,
      6.0,
      4.0,
      14.0,
      6.0,
      4.0,
      0.0,
      7.0,
      7.0,
      6.0,
      17.0
    ],
    [
      5.0,
      8.0,
      7.0,
      8.0,
      13.0,
      6.0,
      15.0,
      11.0,
      7.0,
      13.0,
      15.0,
      5.0,
      12.0,
      7.0,
      14.0,
      16.0,
      7.0,
      6.0,
      16.0,
      5.0,
      7.0,
      7.0,
      0.0,
      7.0,
      8.0,
      17.0
    ],
    [
      7.0,
      2.0,
      10.0,
      3.0,
      16.0,
      7.0,
      18.0,
      14.0,
      10.0,
      15.0,
      17.0,
      7.0,
      5.0,
      3.0,
      16.0,
      13.0,
      2.0,
      5.0,
      12.0,
      7.0,
      5.0,
      7.0,
      7.0,
      0.0,
      6.0,
      16.0
    ],
    [
      11.0,
      6.0,
      8.0,
      6.0,
      12.0,
      11.0,
      14.0,
      10.0,
      8.0,
      12.0,
      14.0,
      3.0,
      6.0,
      5.0,
      13.0,
      14.0,
      6.0,
      9.0,
      13.0,
      9.0,
      6.0,
      6.0,
      8.0,
      6.0,
      0.0,
      14.0
    ],
    [
      13.0,
      15.0,
      19.0,
      15.0,
      8.0,
      13.0,
      8.0,
      21.0,
      19.0,
      6.0,
      14.0,
      12.0,
      13.0,
      15.0,
      11.0,
      24.0,
      15.0,
      13.0,
      23.0,
      14.0,
      15.0,
      17.0,
      17.0,
      16.0,
      14.0,
      0.0
    ]
  ],
  "transit_dist_walk_matrix": [
    [
      0.0,
      NaN,
      NaN,
      NaN,
      NaN,
      NaN,
      NaN,
      NaN,
      NaN,
      NaN,
      NaN,
      NaN,
      NaN,
      NaN,
      NaN,
      NaN,
      NaN,
      NaN,
      NaN,
      NaN,
      NaN,
      NaN,
      NaN,
      NaN,
      NaN,
      NaN
    ],
    [
      NaN,
      0.0,
      NaN,
      NaN,
      NaN,
      NaN,
      NaN,
      NaN,
      NaN,
      NaN,
      NaN,
      NaN,
      NaN,
      NaN,
      NaN,
      NaN,
      NaN,
      NaN,
      NaN,
      NaN,
      NaN,
      NaN,
      NaN,
      NaN,
      NaN,
      NaN
    ],
    [
      NaN,
      NaN,
      0.0,
      NaN,
      NaN,
      NaN,
      NaN,
      NaN,
      NaN,
      NaN,
      NaN,
      NaN,
      NaN,
      NaN,
      NaN,
      NaN,
      NaN,
      NaN,
      NaN,
      NaN,
      NaN,
      NaN,
      NaN,
      NaN,
      NaN,
      NaN
    ],
    [
      NaN,
      NaN,
      NaN,
      0.0,
      NaN,
      NaN,
      NaN,
      NaN,
      NaN,
      NaN,
      NaN,
      NaN,
      NaN,
      NaN,
      NaN,
      NaN,
      NaN,
      NaN,
      NaN,
      NaN,
      NaN,
      NaN,
      NaN,
      NaN,
      NaN,
      NaN
    ],
    [
      NaN,
      NaN,
      NaN,
      NaN,
      0.0,
      NaN,
      NaN,
      NaN,
      NaN,
      NaN,
      NaN,
      NaN,
      NaN,
      NaN,
      NaN,
      NaN,
      NaN,
      NaN,
      NaN,
      NaN,
      NaN,
      NaN,
      NaN,
      NaN,
      NaN,
      NaN
    ],
    [
      NaN,
      NaN,
      NaN,
      NaN,
      NaN,
      0.0,
      NaN,
      NaN,
      NaN,
      NaN,
      NaN,
      NaN,
      NaN,
      NaN,
      NaN,
      NaN,
      NaN,
      NaN,
      NaN,
      NaN,
      NaN,
      NaN,
      NaN,
      NaN,
      NaN,
      NaN
    ],
    [
      NaN,
      NaN,
      NaN,
      NaN,
      NaN,
      NaN,
      0.0,
      NaN,
      NaN,
      NaN,
      NaN,
      NaN,
      NaN,
      NaN,
      NaN,
      NaN,
      NaN,
      NaN,
      NaN,
      NaN,
      NaN,
      NaN,
      NaN,
      NaN,
      NaN,
      NaN
    ],
    [
      NaN,
      NaN,
      NaN,
      NaN,
      NaN,
      NaN,
      NaN,
      0.0,
      NaN,
      NaN,
      NaN,
      NaN,
      NaN,
      NaN,
      NaN,
      NaN,
      NaN,
      NaN,
      NaN,
      NaN,
      NaN,
      NaN,
      NaN,
      NaN,
      NaN,
      NaN
    ],
    [
      NaN,
      NaN,
      NaN,
      NaN,
      NaN,
      NaN,
      NaN,
      NaN,
      0.0,
      NaN,
      NaN,
      NaN,
      NaN,
      NaN,
      NaN,
      NaN,
      NaN,
      NaN,
      NaN,
      NaN,
      NaN,
      NaN,
      NaN,
      NaN,
      NaN,
      NaN
    ],
    [
      NaN,
      NaN,
      NaN,
      NaN,
      NaN,
      NaN,
      NaN,
      NaN,
      NaN,
      0.0,
      NaN,
      NaN,
      NaN,
      NaN,
      NaN,
      NaN,
      NaN,
      NaN,
      NaN,
      NaN,
      NaN,
      NaN,
      NaN,
      NaN,
      NaN,
      NaN
    ],
    [
      NaN,
      NaN,
      NaN,
      NaN,
      NaN,
      NaN,
      NaN,
      NaN,
      NaN,
      NaN,
      0.0,
      NaN,
      NaN,
      NaN,
      NaN,
      NaN,
      NaN,
      NaN,
      NaN,
      NaN,
      NaN,
      NaN,
      NaN,
      NaN,
      NaN,
      NaN
    ],
    [
      NaN,
      NaN,
      NaN,
      NaN,
      NaN,
      NaN,
      NaN,
      NaN,
      NaN,
      NaN,
      NaN,
      0.0,
      NaN,
      NaN,
      NaN,
      NaN,
      NaN,
      NaN,
      NaN,
      NaN,
      NaN,
      NaN,
      NaN,
      NaN,
      NaN,
      NaN
    ],
    [
      NaN,
      NaN,
      NaN,
      NaN,
      NaN,
      NaN,
      NaN,
      NaN,
      NaN,
      NaN,
      NaN,
      NaN,
      0.0,
      NaN,
      NaN,
      NaN,
      NaN,
      NaN,
      NaN,
      NaN,
      NaN,
      NaN,
      NaN,
      NaN,
      NaN,
      NaN
    ],
    [
      NaN,
      NaN,
      NaN,
      NaN,
      NaN,
      NaN,
      NaN,
      NaN,
      NaN,
      NaN,
      NaN,
      NaN,
      NaN,
      0.0,
      NaN,
      NaN,
      NaN,
      NaN,
      NaN,
      NaN,
      NaN,
      NaN,
      NaN,
      NaN,
      NaN,
      NaN
    ],
    [
      NaN,
      NaN,
      NaN,
      NaN,
      NaN,
      NaN,
      NaN,
      NaN,
      NaN,
      NaN,
      NaN,
      NaN,
      NaN,
      NaN,
      0.0,
      NaN,
      NaN,
      NaN,
      NaN,
      NaN,
      NaN,
      NaN,
      NaN,
      NaN,
      NaN,
      NaN
    ],
    [
      NaN,
      NaN,
      NaN,
      NaN,
      NaN,
      NaN,
      NaN,
      NaN,
      NaN,
      NaN,
      NaN,
      NaN,
      NaN,
      NaN,
      NaN,
      0.0,
      NaN,
      NaN,
      NaN,
      NaN,
      NaN,
      NaN,
      NaN,
      NaN,
      NaN,
      NaN
    ],
    [
      NaN,
      NaN,
      NaN,
      NaN,
      NaN,
      NaN,
      NaN,
      NaN,
      NaN,
      NaN,
      NaN,
      NaN,
      NaN,
      NaN,
      NaN,
      NaN,
      0.0,
      NaN,
      NaN,
      NaN,
      NaN,
      NaN,
      NaN,
      NaN,
      NaN,
      NaN
    ],
    [
      NaN,
      NaN,
      NaN,
      NaN,
      NaN,
      NaN,
      NaN,
      NaN,
      NaN,
      NaN,
      NaN,
      NaN,
      NaN,
      NaN,
      NaN,
      NaN,
      NaN,
      0.0,
      NaN,
      NaN,
      NaN,
      NaN,
      NaN,
      NaN,
      NaN,
      NaN
    ],
    [
      NaN,
      NaN,
      NaN,
      NaN,
      NaN,
      NaN,
      NaN,
      NaN,
      NaN,
      NaN,
      NaN,
      NaN,
      NaN,
      NaN,
      NaN,
      NaN,
      NaN,
      NaN,
      0.0,
      NaN,
      NaN,
      NaN,
      NaN,
      NaN,
      NaN,
      NaN
    ],
    [
      NaN,
      NaN,
      NaN,
      NaN,
      NaN,
      NaN,
      NaN,
      NaN,
      NaN,
      NaN,
      NaN,
      NaN,
      NaN,
      NaN,
      NaN,
      NaN,
      NaN,
      NaN,
      NaN,
      0.0,
      NaN,
      NaN,
      NaN,
      NaN,
      NaN,
      NaN
    ],
    [
      NaN,
      NaN,
      NaN,
      NaN,
      NaN,
      NaN,
      NaN,
      NaN,
      NaN,
      NaN,
      NaN,
      NaN,
      NaN,
      NaN,
      NaN,
      NaN,
      NaN,
      NaN,
      NaN,
      NaN,
      0.0,
      NaN,
      NaN,
      NaN,
      NaN,
      NaN
    ],
    [
      NaN,
      NaN,
      NaN,
      NaN,
      NaN,
      NaN,
      NaN,
      NaN,
      NaN,
      NaN,
      NaN,
      NaN,
      NaN,
      NaN,
      NaN,
      NaN,
      NaN,
      NaN,
      NaN,
      NaN,
      NaN,
      0.0,
      NaN,
      NaN,
      NaN,
      NaN
    ],
    [
      NaN,
      NaN,
      NaN,
      NaN,
      NaN,
      NaN,
      NaN,
      NaN,
      NaN,
      NaN,
      NaN,
      NaN,
      NaN,
      NaN,
      NaN,
      NaN,
      NaN,
      NaN,
      NaN,
      NaN,
      NaN,
      NaN,
      0.0,
      NaN,
      NaN,
      NaN
    ],
    [
      NaN,
      NaN,
      NaN,
      NaN,
      NaN,
      NaN,
      NaN,
      NaN,
      NaN,
      NaN,
      NaN,
      NaN,
      NaN,
      NaN,
      NaN,
      NaN,
      NaN,
      NaN,
      NaN,
      NaN,
      NaN,
      NaN,
      NaN,
      0.0,
      NaN,
      NaN
    ],
    [
      NaN,
      NaN,
      NaN,
      NaN,
      NaN,
      NaN,
      NaN,
      NaN,
      NaN,
      NaN,
      NaN,
      NaN,
      NaN,
      NaN,
      NaN,
      NaN,
      NaN,
      NaN,
      NaN,
      NaN,
      NaN,
      NaN,
      NaN,
      NaN,
      0.0,
      NaN
    ],
    [
      NaN,
      NaN,
      NaN,
      NaN,
      NaN,
      NaN,
      NaN,
      NaN,
      NaN,
      NaN,
      NaN,
      NaN,
      NaN,
      NaN,
      NaN,
      NaN,
      NaN,
      NaN,
      NaN,
      NaN,
      NaN,
      NaN,
      NaN,
      NaN,
      NaN,
      0.0
    ]
  ],
  "transit_time_matrix": [
    [
      0.0,
      NaN,
      NaN,
      NaN,
      NaN,
      NaN,
      NaN,
      NaN,
      NaN,
      NaN,
      NaN,
      NaN,
      NaN,
      NaN,
      NaN,
      NaN,
      NaN,
      NaN,
      NaN,
      NaN,
      NaN,
      NaN,
      NaN,
      NaN,
      NaN,
      NaN
    ],
    [
      NaN,
      0.0,
      NaN,
      NaN,
      NaN,
      NaN,
      NaN,
      NaN,
      NaN,
      NaN,
      NaN,
      NaN,
      NaN,
      NaN,
      NaN,
      NaN,
      NaN,
      NaN,
      NaN,
      NaN,
      NaN,
      NaN,
      NaN,
      NaN,
      NaN,
      NaN
    ],
    [
      NaN,
      NaN,
      0.0,
      NaN,
      NaN,
      NaN,
      NaN,
      NaN,
      NaN,
      NaN,
      NaN,
      NaN,
      NaN,
      NaN,
      NaN,
      NaN,
      NaN,
      NaN,
      NaN,
      NaN,
      NaN,
      NaN,
      NaN,
      NaN,
      NaN,
      NaN
    ],
    [
      NaN,
      NaN,
      NaN,
      0.0,
      NaN,
      NaN,
      NaN,
      NaN,
      NaN,
      NaN,
      NaN,
      NaN,
      NaN,
      NaN,
      NaN,
      NaN,
      NaN,
      NaN,
      NaN,
      NaN,
      NaN,
      NaN,
      NaN,
      NaN,
      NaN,
      NaN
    ],
    [
      NaN,
      NaN,
      NaN,
      NaN,
      0.0,
      NaN,
      NaN,
      NaN,
      NaN,
      NaN,
      NaN,
      NaN,
      NaN,
      NaN,
      NaN,
      NaN,
      NaN,
      NaN,
      NaN,
      NaN,
      NaN,
      NaN,
      NaN,
      NaN,
      NaN,
      NaN
    ],
    [
      NaN,
      NaN,
      NaN,
      NaN,
      NaN,
      0.0,
      NaN,
      NaN,
      NaN,
      NaN,
      NaN,
      NaN,
      NaN,
      NaN,
      NaN,
      NaN,
      NaN,
      NaN,
      NaN,
      NaN,
      NaN,
      NaN,
      NaN,
      NaN,
      NaN,
      NaN
    ],
    [
      NaN,
      NaN,
      NaN,
      NaN,
      NaN,
      NaN,
      0.0,
      NaN,
      NaN,
      NaN,
      NaN,
      NaN,
      NaN,
      NaN,
      NaN,
      NaN,
      NaN,
      NaN,
      NaN,
      NaN,
      NaN,
      NaN,
      NaN,
      NaN,
      NaN,
      NaN
    ],
    [
      NaN,
      NaN,
      NaN,
      NaN,
      NaN,
      NaN,
      NaN,
      0.0,
      NaN,
      NaN,
      NaN,
      NaN,
      NaN,
      NaN,
      NaN,
      NaN,
      NaN,
      NaN,
      NaN,
      NaN,
      NaN,
      NaN,
      NaN,
      NaN,
      NaN,
      NaN
    ],
    [
      NaN,
      NaN,
      NaN,
      NaN,
      NaN,
      NaN,
      NaN,
      NaN,
      0.0,
      NaN,
      NaN,
      NaN,
      NaN,
      NaN,
      NaN,
      NaN,
      NaN,
      NaN,
      NaN,
      NaN,
      NaN,
      NaN,
      NaN,
      NaN,
      NaN,
      NaN
    ],
    [
      NaN,
      NaN,
      NaN,
      NaN,
      NaN,
      NaN,
      NaN,
      NaN,
      NaN,
      0.0,
      NaN,
      NaN,
      NaN,
      NaN,
      NaN,
      NaN,
      NaN,
      NaN,
      NaN,
      NaN,
      NaN,
      NaN,
      NaN,
      NaN,
      NaN,
      NaN
    ],
    [
      NaN,
      NaN,
      NaN,
      NaN,
      NaN,
      NaN,
      NaN,
      NaN,
      NaN,
      NaN,
      0.0,
      NaN,
      NaN,
      NaN,
      NaN,
      NaN,
      NaN,
      NaN,
      NaN,
      NaN,
      NaN,
      NaN,
      NaN,
      NaN,
      NaN,
      NaN
    ],
    [
      NaN,
      NaN,
      NaN,
      NaN,
      NaN,
      NaN,
      NaN,
      NaN,
      NaN,
      NaN,
      NaN,
      0.0,
      NaN,
      NaN,
      NaN,
      NaN,
      NaN,
      NaN,
      NaN,
      NaN,
      NaN,
      NaN,
      NaN,
      NaN,
      NaN,
      NaN
    ],
    [
      NaN,
      NaN,
      NaN,
      NaN,
      NaN,
      NaN,
      NaN,
      NaN,
      NaN,
      NaN,
      NaN,
      NaN,
      0.0,
      NaN,
      NaN,
      NaN,
      NaN,
      NaN,
      NaN,
      NaN,
      NaN,
      NaN,
      NaN,
      NaN,
      NaN,
      NaN
    ],
    [
      NaN,
      NaN,
      NaN,
      NaN,
      NaN,
      NaN,
      NaN,
      NaN,
      NaN,
      NaN,
      NaN,
      NaN,
      NaN,
      0.0,
      NaN,
      NaN,
      NaN,
      NaN,
      NaN,
      NaN,
      NaN,
      NaN,
      NaN,
      NaN,
      NaN,
      NaN
    ],
    [
      NaN,
      NaN,
      NaN,
      NaN,
      NaN,
      NaN,
      NaN,
      NaN,
      NaN,
      NaN,
      NaN,
      NaN,
      NaN,
      NaN,
      0.0,
      NaN,
      NaN,
      NaN,
      NaN,
      NaN,
      NaN,
      NaN,
      NaN,
      NaN,
      NaN,
      NaN
    ],
    [
      NaN,
      NaN,
      NaN,
      NaN,
      NaN,
      NaN,
      NaN,
      NaN,
      NaN,
      NaN,
      NaN,
      NaN,
      NaN,
      NaN,
      NaN,
      0.0,
      NaN,
      NaN,
      NaN,
      NaN,
      NaN,
      NaN,
      NaN,
      NaN,
      NaN,
      NaN
    ],
    [
      NaN,
      NaN,
      NaN,
      NaN,
      NaN,
      NaN,
      NaN,
      NaN,
      NaN,
      NaN,
      NaN,
      NaN,
      NaN,
      NaN,
      NaN,
      NaN,
      0.0,
      NaN,
      NaN,
      NaN,
      NaN,
      NaN,
      NaN,
      NaN,
      NaN,
      NaN
    ],
    [
      NaN,
      NaN,
      NaN,
      NaN,
      NaN,
      NaN,
      NaN,
      NaN,
      NaN,
      NaN,
      NaN,
      NaN,
      NaN,
      NaN,
      NaN,
      NaN,
      NaN,
      0.0,
      NaN,
      NaN,
      NaN,
      NaN,
      NaN,
      NaN,
      NaN,
      NaN
    ],
    [
      NaN,
      NaN,
      NaN,
      NaN,
      NaN,
      NaN,
      NaN,
      NaN,
      NaN,
      NaN,
      NaN,
      NaN,
      NaN,
      NaN,
      NaN,
      NaN,
      NaN,
      NaN,
      0.0,
      NaN,
      NaN,
      NaN,
      NaN,
      NaN,
      NaN,
      NaN
    ],
    [
      NaN,
      NaN,
      NaN,
      NaN,
      NaN,
      NaN,
      NaN,
      NaN,
      NaN,
      NaN,
      NaN,
      NaN,
      NaN,
      NaN,
      NaN,
      NaN,
      NaN,
      NaN,
      NaN,
      0.0,
      NaN,
      NaN,
      NaN,
      NaN,
      NaN,
      NaN
    ],
    [
      NaN,
      NaN,
      NaN,
      NaN,
      NaN,
      NaN,
      NaN,
      NaN,
      NaN,
      NaN,
      NaN,
      NaN,
      NaN,
      NaN,
      NaN,
      NaN,
      NaN,
      NaN,
      NaN,
      NaN,
      0.0,
      NaN,
      NaN,
      NaN,
      NaN,
      NaN
    ],
    [
      NaN,
      NaN,
      NaN,
      NaN,
      NaN,
      NaN,
      NaN,
      NaN,
      NaN,
      NaN,
      NaN,
      NaN,
      NaN,
      NaN,
      NaN,
      NaN,
      NaN,
      NaN,
      NaN,
      NaN,
      NaN,
      0.0,
      NaN,
      NaN,
      NaN,
      NaN
    ],
    [
      NaN,
      NaN,
      NaN,
      NaN,
      NaN,
      NaN,
      NaN,
      NaN,
      NaN,
      NaN,
      NaN,
      NaN,
      NaN,
      NaN,
      NaN,
      NaN,
      NaN,
      NaN,
      NaN,
      NaN,
      NaN,
      NaN,
      0.0,
      NaN,
      NaN,
      NaN
    ],
    [
      NaN,
      NaN,
      NaN,
      NaN,
      NaN,
      NaN,
      NaN,
      NaN,
      NaN,
      NaN,
      NaN,
      NaN,
      NaN,
      NaN,
      NaN,
      NaN,
      NaN,
      NaN,
      NaN,
      NaN,
      NaN,
      NaN,
      NaN,
      0.0,
      NaN,
      NaN
    ],
    [
      NaN,
      NaN,
      NaN,
      NaN,
      NaN,
      NaN,
      NaN,
      NaN,
      NaN,
      NaN,
      NaN,
      NaN,
      NaN,
      NaN,
      NaN,
      NaN,
      NaN,
      NaN,
      NaN,
      NaN,
      NaN,
      NaN,
      NaN,
      NaN,
      0.0,
      NaN
    ],
    [
      NaN,
      NaN,
      NaN,
      NaN,
      NaN,
      NaN,
      NaN,
      NaN,
      NaN,
      NaN,
      NaN,
      NaN,
      NaN,
      NaN,
      NaN,
      NaN,
      NaN,
      NaN,
      NaN,
      NaN,
      NaN,
      NaN,
      NaN,
      NaN,
      NaN,
      0.0
    ]
  ],
  "walk_dist_matrix": [
    [
      0.0,
      2.2,
      1.6,
      2.4,
      10.7,
      0.0,
      7.3,
      4.3,
      1.6,
      10.1,
      9.1,
      1.5,
      0.4,
      2.1,
      9.6,
      14.7,
      2.2,
      0.4,
      14.4,
      0.7,
      1.9,
      1.8,
      1.3,
      2.2,
      0.85,
      12.3
    ],
    [
      2.2,
      0.0,
      0.8,
      0.35,
      12.6,
      2.2,
      9.3,
      5.3,
      0.8,
      12.0,
      10.4,
      3.1,
      2.0,
      0.13,
      11.5,
      13.4,
      0.0,
      2.0,
      13.1,
      2.4,
      0.3,
      0.5,
      2.2,
      0.13,
      2.1,
      14.3
    ],
    [
      1.6,
      0.8,
      0.0,
      0.9,
      11.9,
      1.6,
      8.6,
      5.5,
      0.0,
      11.5,
      10.3,
      2.6,
      1.4,
      0.95,
      11.1,
      13.1,
      0.8,
      1.5,
      12.9,
      1.8,
      0.6,
      0.3,
      1.5,
      0.85,
      1.5,
      13.6
    ],
    [
      2.4,
      0.35,
      0.9,
      0.0,
      12.8,
      2.4,
      9.5,
      5.7,
      0.9,
      12.4,
      10.8,
      3.4,
      2.2,
      0.5,
      11.8,
      13.0,
      0.35,
      2.2,
      12.8,
      2.6,
      0.55,
      0.7,
      2.4,
      0.24,
      2.3,
      14.5
    ],
    [
      10.7,
      12.6,
      11.9,
      12.8,
      0.0,
      10.7,
      3.8,
      9.8,
      11.9,
      0.9,
      6.2,
      9.4,
      10.5,
      12.5,
      4.9,
      24.4,
      12.6,
      10.7,
      24.1,
      10.3,
      12.3,
      12.2,
      10.6,
      12.7,
      10.6,
      2.6
    ],
    [
      0.0,
      2.2,
      1.6,
      2.4,
      10.7,
      0.0,
      7.3,
      4.3,
      1.6,
      10.1,
      9.1,
      1.5,
      0.4,
      2.1,
      9.6,
      14.7,
      2.2,
      0.4,
      14.4,
      0.7,
      1.9,
      1.8,
      1.3,
      2.2,
      0.85,
      12.3
    ],
    [
      7.3,
      9.3,
      8.6,
      9.5,
      3.8,
      7.3,
      0.0,
      7.4,
      8.6,
      3.2,
      5.4,
      6.1,
      7.2,
      9.2,
      3.7,
      21.0,
      9.3,
      7.4,
      20.8,
      7.0,
      8.9,
      8.8,
      7.3,
      9.3,
      7.2,
      5.5
    ],
    [
      4.3,
      5.3,
      5.5,
      5.7,
      9.8,
      4.3,
      7.4,
      0.0,
      5.5,
      9.0,
      6.4,
      3.8,
      4.0,
      5.2,
      8.5,
      18.3,
      5.3,
      4.0,
      18.0,
      3.9,
      5.5,
      5.6,
      4.7,
      5.4,
      4.2,
      11.6
    ],
    [
      1.6,
      0.8,
      0.0,
      0.9,
      11.9,
      1.6,
      8.6,
      5.5,
      0.0,
      11.5,
      10.3,
      2.6,
      1.4,
      0.95,
      11.1,
      13.1,
      0.8,
      1.5,
      12.9,
      1.8,
      0.6,
      0.3,
      1.5,
      0.85,
      1.5,
      13.6
    ],
    [
      10.1,
      12.0,
      11.5,
      12.4,
      0.9,
      10.1,
      3.2,
      9.0,
      11.5,
      0.0,
      6.1,
      9.1,
      10.1,
      11.9,
      4.1,
      24.0,
      12.0,
      10.2,
      23.7,
      10.0,
      11.9,
      11.8,
      10.2,
      12.2,
      10.2,
      2.7
    ],
    [
      9.1,
      10.4,
      10.3,
      10.8,
      6.2,
      9.1,
      5.4,
      6.4,
      10.3,
      6.1,
      0.0,
      8.6,
      8.9,
      10.3,
      4.4,
      23.1,
      10.4,
      9.0,
      22.9,
      8.7,
      10.6,
      10.6,
      9.5,
      10.5,
      9.1,
      7.4
    ],
    [
      1.5,
      3.1,
      2.6,
      3.4,
      9.4,
      1.5,
      6.1,
      3.8,
      2.6,
      9.1,
      8.6,
      0.0,
      1.1,
      3.1,
      8.5,
      15.2,
      3.1,
      1.3,
      15.0,
      0.9,
      2.8,
      2.7,
      1.6,
      3.2,
      1.1,
      11.1
    ],
    [
      0.4,
      2.0,
      1.4,
      2.2,
      10.5,
      0.4,
      7.2,
      4.0,
      1.4,
      10.1,
      8.9,
      1.1,
      0.0,
      1.9,
      9.6,
      14.2,
      2.0,
      0.18,
      14.0,
      0.3,
      1.7,
      1.6,
      0.9,
      2.0,
      0.45,
      12.2
    ],
    [
      2.1,
      0.13,
      0.95,
      0.5,
      12.5,
      2.1,
      9.2,
      5.2,
      0.95,
      11.9,
      10.3,
      3.1,
      1.9,
      0.0,
      11.4,
      13.5,
      0.13,
      1.9,
      13.2,
      2.3,
      0.4,
      0.6,
      2.1,
      0.26,
      2.0,
      14.2
    ],
    [
      9.6,
      11.5,
      11.1,
      11.8,
      4.9,
      9.6,
      3.7,
      8.5,
      11.1,
      4.1,
      4.4,
      8.5,
      9.6,
      11.4,
      0.0,
      23.9,
      11.5,
      9.7,
      23.6,
      9.4,
      11.3,
      11.2,
      10.2,
      11.7,
      9.7,
      6.2
    ],
    [
      14.7,
      13.4,
      13.1,
      13.0,
      24.4,
      14.7,
      21.0,
      18.3,
      13.1,
      24.0,
      23.1,
      15.2,
      14.2,
      13.5,
      23.9,
      0.0,
      13.8,
      14.9,
      0.25,
      15.0,
      13.9,
      13.7,
      14.3,
      13.6,
      14.5,
      26.4
    ],
    [
      2.2,
      0.0,
      0.8,
      0.35,
      12.6,
      2.2,
      9.3,
      5.3,
      0.8,
      12.0,
      10.4,
      3.1,
      2.0,
      0.13,
      11.5,
      13.8,
      0.0,
      2.0,
      13.1,
      2.4,
      0.3,
      0.5,
      2.2,
      0.13,
      2.1,
      14.3
    ],
    [
      0.4,
      2.0,
      1.5,
      2.2,
      10.7,
      0.4,
      7.4,
      4.0,
      1.5,
      10.2,
      9.0,
      1.3,
      0.18,
      1.9,
      9.7,
      14.9,
      2.0,
      0.0,
      14.2,
      0.5,
      1.7,
      1.6,
      1.1,
      2.1,
      0.65,
      12.4
    ],
    [
      14.4,
      13.1,
      12.9,
      12.8,
      24.1,
      14.4,
      20.8,
      18.0,
      12.9,
      23.7,
      22.9,
      15.0,
      14.0,
      13.2,
      23.6,
      0.25,
      13.1,
      14.2,
      0.0,
      14.7,
      13.7,
      13.4,
      14.0,
      13.4,
      14.3,
      26.1
    ],
    [
      0.7,
      2.4,
      1.8,
      2.6,
      10.3,
      0.7,
      7.0,
      3.9,
      1.8,
      10.0,
      8.7,
      0.9,
      0.3,
      2.3,
      9.4,
      15.0,
      2.4,
      0.5,
      14.7,
      0.0,
      2.1,
      2.0,
      1.2,
      2.4,
      0.75,
      12.0
    ],
    [
      1.9,
      0.3,
      0.6,
      0.55,
      12.3,
      1.9,
      8.9,
      5.5,
      0.6,
      11.9,
      10.6,
      2.8,
      1.7,
      0.4,
      11.3,
      13.9,
      0.3,
      1.7,
      13.7,
      2.1,
      0.0,
      0.29,
      1.8,
      0.35,
      1.8,
      14.0
    ],
    [
      1.8,
      0.5,
      0.3,
      0.7,
      12.2,
      1.8,
      8.8,
      5.6,
      0.3,
      11.8,
      10.6,
      2.7,
      1.6,
      0.6,
      11.2,
      13.7,
      0.5,
      1.6,
      13.4,
      2.0,
      0.29,
      0.0,
      1.7,
      0.55,
      1.7,
      13.9
    ],
    [
      1.3,
      2.2,
      1.5,
      2.4,
      10.6,
      1.3,
      7.3,
      4.7,
      1.5,
      10.2,
      9.5,
      1.6,
      0.9,
      2.1,
      10.2,
      14.3,
      2.2,
      1.1,
      14.0,
      1.2,
      1.8,
      1.7,
      0.0,
      2.2,
      0.6,
      12.3
    ],
    [
      2.2,
      0.13,
      0.85,
      0.24,
      12.7,
      2.2,
      9.3,
      5.4,
      0.85,
      12.2,
      10.5,
      3.2,
      2.0,
      0.26,
      11.7,
      13.6,
      0.13,
      2.1,
      13.4,
      2.4,
      0.35,
      0.55,
      2.2,
      0.0,
      2.1,
      14.3
    ],
    [
      0.85,
      2.1,
      1.5,
      2.3,
      10.6,
      0.85,
      7.2,
      4.2,
      1.5,
      10.2,
      9.1,
      1.1,
      0.45,
      2.0,
      9.7,
      14.5,
      2.1,
      0.65,
      14.3,
      0.75,
      1.8,
      1.7,
      0.6,
      2.1,
      0.0,
      12.3
    ],
    [
      12.3,
      14.3,
      13.6,
      14.5,
      2.6,
      12.3,
      5.5,
      11.6,
      13.6,
      2.7,
      7.4,
      11.1,
      12.2,
      14.2,
      6.2,
      26.4,
      14.3,
      12.4,
      26.1,
      12.0,
      14.0,
      13.9,
      12.3,
      14.3,
      12.3,
      0.0
    ]
  ],
  "walk_time_matrix": [
    [
      0.0,
      28.0,
      22.0,
      31.0,
      134.0,
      1.0,
      93.0,
      61.0,
      22.0,
      129.0,
      120.0,
      19.0,
