{
  "drive_dist_matrix": [
    [
      0.0,
      2.2,
      1.9,
      2.7,
      10.9,
      0.0,
      8.0,
      5.6,
      1.9,
      10.1,
      12.5,
      1.6,
      0.4,
      2.4,
      8.5,
      10.7,
      2.6,
      0.4,
      10.5,
      0.7,
      8.5,
      13.2,
      11.0,
      13.4,
      28.9,
      31.4,
      1.9,
      2.2,
      1.5,
      2.3,
      34.4,
      28.4,
      39.4,
      30.5,
      13.7,
      14.1,
      0.85,
      16.3,
      43.6,
      8.6,
      30.5,
      31.2,
      29.1,
      28.8,
      39.4,
      29.1,
      30.8,
      18.9,
      12.2,
      14.3,
      29.0,
      17.3,
      29.3,
      29.5,
      33.4
    ],
    [
      2.2,
      0.0,
      0.8,
      0.35,
      12.5,
      1.7,
      9.5,
      7.1,
      0.8,
      11.6,
      14.0,
      3.1,
      2.0,
      0.13,
      10.0,
      8.7,
      0.0,
      2.0,
      8.5,
      3.2,
      8.5,
      13.3,
      11.1,
      13.5,
      29.0,
      31.5,
      0.3,
      0.5,
      2.8,
      0.13,
      34.5,
      28.4,
      39.5,
      30.6,
      13.8,
      14.1,
      2.5,
      16.4,
      43.7,
      8.7,
      30.6,
      31.3,
      29.2,
      28.9,
      39.5,
      29.2,
      30.9,
      19.0,
      13.8,
      14.4,
      29.1,
      17.4,
      29.3,
      29.6,
      33.5
    ],
    [
      1.9,
      0.8,
      0.0,
      0.9,
      13.2,
      2.5,
      10.3,
      7.9,
      0.0,
      12.4,
      14.8,
      3.9,
      2.0,
      0.95,
      10.8,
      9.3,
      0.8,
      2.8,
      9.1,
      2.8,
      9.3,
      14.1,
      11.9,
      14.3,
      29.8,
      32.3,
      0.6,
      0.3,
      2.3,
      0.8,
      35.3,
      29.2,
      40.3,
      31.4,
      14.6,
      14.9,
      2.1,
      17.1,
      44.5,
      9.5,
      31.4,
      32.1,
      30.0,
      29.7,
      41.0,
      30.0,
      31.7,
      19.8,
      14.6,
      14.7,
      29.9,
      18.2,
      30.1,
      30.4,
      34.2
    ],
    [
      2.7,
      0.35,
      0.9,
      0.0,
      12.7,
      1.9,
      9.7,
      7.3,
      0.9,
      11.8,
      14.2,
      3.3,
      2.2,
      0.5,
      10.2,
      8.7,
      0.35,
      2.2,
      8.4,
      3.4,
      8.8,
      13.5,
      11.3,
      13.7,
      29.2,
      31.7,
      0.55,
      0.7,
      3.0,
      0.24,
      34.7,
      28.7,
      39.7,
      30.8,
      14.0,
      14.4,
      2.7,
      16.6,
      43.9,
      8.9,
      30.8,
      31.5,
      29.4,
      29.1,
      39.7,
      29.4,
      31.1,
      19.2,
      14.0,
      14.1,
      29.3,
      17.6,
      29.5,
      29.8,
      33.7
    ],
    [
      10.9,
      12.5,
      13.2,
      12.7,
      0.0,
      11.6,
      3.8,
      12.6,
      13.7,
      0.9,
      9.9,
      9.5,
      11.3,
      12.8,
      6.1,
      21.5,
      12.8,
      11.1,
      21.3,
      10.8,
      19.2,
      23.9,
      21.7,
      24.1,
      39.6,
      42.2,
      13.1,
      12.9,
      11.6,
      13.0,
      45.1,
      39.0,
      49.9,
      41.2,
      24.4,
      24.7,
      11.7,
      27.0,
      51.2,
      19.3,
      41.6,
      41.9,
      39.8,
      38.2,
      50.1,
      39.8,
      41.5,
      36.7,
      4.0,
      25.0,
      46.7,
      35.1,
      40.1,
      40.2,
      51.1
    ],
    [
      0.0,
      1.7,
      2.5,
      1.9,
      11.6,
      0.0,
      8.0,
      5.6,
      1.9,
      10.1,
      12.5,
      1.6,
      0.4,
      2.4,
      8.5,
      11.0,
      2.6,
      0.4,
      10.8,
      1.1,
      8.5,
      13.2,
      11.0,
      13.4,
      28.9,
      31.4,
      1.9,
      2.2,
      1.5,
      2.3,
      34.4,
      28.4,
      39.4,
      30.5,
      13.7,
      14.1,
      0.85,
      16.3,
      43.6,
      8.6,
      30.5,
      31.2,
      29.1,
      28.8,
      39.4,
      29.1,
      30.8,
      18.9,
      12.2,
      13.8,
      29.0,
      17.3,
      29.3,
      29.5,
      33.4
    ],
    [
      8.0,
      9.5,
      10.3,
      9.7,
      3.8,
      8.0,
      0.0,
      12.6,
      12.2,
      3.2,
      7.7,
      8.0,
      9.7,
      11.3,
      3.9,
      20.0,
      11.2,
      9.6,
      19.7,
      7.8,
      26.8,
      29.9,
      27.7,
      30.1,
      38.0,
      47.0,
      11.6,
      11.9,
      8.1,
      12.0,
      49.9,
      43.9,
      54.8,
      46.0,
      29.2,
      30.8,
      8.0,
      31.8,
      59.1,
      27.0,
      46.0,
      46.7,
      44.7,
      36.6,
      48.0,
      44.7,
      46.3,
      34.4,
      5.4,
      29.4,
      44.5,
      32.8,
      44.8,
      38.7,
      48.9
    ],
    [
      5.6,
      7.1,
      7.9,
      7.3,
      12.6,
      5.6,
      12.6,
      0.0,
      6.3,
      13.6,
      8.2,
      5.4,
      4.8,
      6.9,
      12.0,
      15.5,
      6.7,
      4.8,
      15.3,
      5.5,
      13.0,
      17.6,
      15.4,
      17.8,
      33.3,
      47.4,
      6.3,
      6.7,
      5.5,
      6.7,
      38.9,
      32.8,
      43.8,
      34.9,
      18.1,
      18.5,
      5.3,
      20.7,
      44.9,
      13.0,
      35.4,
      35.6,
      33.6,
      32.7,
      43.8,
      33.6,
      35.2,
      23.3,
      16.3,
      18.4,
      33.5,
      21.7,
      33.8,
      34.0,
      37.8
    ],
    [
      1.9,
      0.8,
      0.0,
      0.9,
      13.7,
      1.9,
      12.2,
      6.3,
      0.0,
      12.4,
      14.8,
      3.9,
      2.2,
      0.95,
      10.8,
      9.3,
      0.8,
      2.3,
      9.1,
      2.8,
      9.3,
      14.1,
      11.9,
      14.3,
      29.8,
      32.3,
      0.6,
      0.3,
      2.2,
      0.85,
      35.3,
      29.2,
      40.3,
      31.4,
      14.6,
      14.9,
      2.1,
      17.1,
      44.5,
      9.5,
      31.4,
      32.1,
      30.0,
      29.7,
      41.0,
      30.0,
      31.7,
      19.8,
      14.6,
      14.7,
      29.9,
      18.2,
      30.1,
      30.4,
      34.2
    ],
    [
      10.1,
      11.6,
      12.4,
      11.8,
      0.9,
      10.1,
      3.2,
      13.6,
      12.4,
      0.0,
      9.0,
      8.8,
      10.5,
      12.4,
      5.2,
      20.8,
      12.0,
      10.5,
      21.2,
      11.0,
      18.5,
      23.1,
      20.9,
      23.3,
      38.8,
      41.4,
      11.8,
      12.1,
      10.8,
      12.2,
      44.3,
      38.3,
      49.2,
      40.4,
      23.6,
      24.0,
      11.0,
      26.2,
      50.5,
      18.5,
      40.3,
      41.8,
      39.1,
      37.4,
      49.4,
      39.1,
      40.7,
      28.9,
      2.7,
      24.2,
      38.9,
      27.3,
      39.2,
      39.5,
      43.3
    ],
    [
      12.5,
      14.0,
      14.8,
      14.2,
      9.9,
      12.5,
      7.7,
      8.2,
      14.8,
      9.0,
      0.0,
      9.8,
      12.3,
      14.3,
      5.2,
      22.9,
      14.5,
      12.3,
      22.6,
      12.0,
      20.4,
      23.5,
      21.3,
      23.7,
      38.0,
      40.6,
      13.8,
      14.1,
      12.9,
      14.2,
      43.5,
      37.5,
      48.5,
      39.6,
      22.8,
      24.4,
      12.8,
      25.4,
      52.7,
      20.6,
      40.1,
      40.3,
      38.3,
      38.0,
      41.6,
      38.3,
      39.9,
      28.0,
      7.5,
      23.4,
      38.1,
      26.5,
      38.4,
      38.7,
      42.5
    ],
    [
      1.6,
      3.1,
      3.9,
      3.3,
      9.5,
      1.6,
      8.0,
      5.4,
      3.9,
      8.8,
      9.8,
      0.0,
      1.6,
      3.1,
      7.5,
      11.9,
      5.7,
      1.8,
      11.8,
      0.9,
      9.8,
      14.5,
      14.6,
      17.0,
      32.5,
      35.2,
      5.5,
      3.5,
      1.7,
      6.5,
      38.0,
      32.0,
      40.6,
      31.8,
      15.0,
      15.4,
      1.2,
      17.0,
      41.9,
      9.9,
      32.3,
      32.0,
      30.5,
      29.6,
      40.8,
      30.5,
      32.1,
      19.7,
      11.3,
      15.2,
      31.9,
      18.1,
      30.0,
      30.3,
      34.7
    ],
    [
      0.4,
      2.0,
      2.0,
      2.2,
      11.3,
      0.4,
      9.7,
      4.8,
      2.2,
      10.5,
      12.3,
      1.6,
      0.0,
      2.0,
      8.9,
      10.7,
      1.8,
      0.18,
      10.5,
      0.3,
      8.1,
      12.9,
      10.6,
      13.1,
      28.6,
      31.2,
      1.5,
      1.8,
      0.9,
      1.9,
      34.1,
      28.0,
      39.0,
      30.1,
      13.4,
      13.7,
      0.45,
      15.9,
      43.2,
      8.3,
      30.2,
      30.9,
      28.8,
      28.5,
      39.8,
      28.8,
      30.4,
      18.6,
      12.8,
      13.9,
      28.7,
      17.0,
      28.9,
      29.2,
      33.0
    ],
    [
      2.4,
      0.13,
      0.95,
      0.5,
      12.8,
      2.4,
      11.3,
      6.9,
      0.95,
      12.4,
      14.3,
      3.1,
      2.0,
      0.0,
      9.9,
      9.5,
      0.13,
      1.9,
      9.0,
      2.7,
      8.4,
      13.2,
      10.9,
      13.4,
      28.9,
      31.4,
      0.4,
      0.6,
      2.3,
      0.26,
      34.4,
      28.3,
      39.3,
      30.4,
      13.6,
      14.0,
      2.2,
      16.2,
      43.5,
      8.6,
      30.5,
      31.2,
      29.1,
      28.8,
      40.1,
      29.1,
      30.7,
      18.9,
      13.8,
      13.8,
      29.0,
      17.3,
      29.2,
      29.5,
      33.3
    ],
    [
      8.5,
      10.0,
      10.8,
      10.2,
      6.1,
      8.5,
      3.9,
      12.0,
      10.8,
      5.2,
      5.2,
      7.5,
      8.9,
      9.9,
      0.0,
      20.6,
      11.9,
      9.5,
      20.5,
      9.2,
      24.6,
      28.1,
      25.5,
      28.0,
      42.6,
      44.7,
      11.5,
      11.3,
      9.6,
      11.9,
      48.1,
      42.1,
      52.9,
      43.8,
      27.0,
      28.6,
      9.1,
      29.6,
      56.9,
      24.7,
      43.8,
      44.9,
      42.8,
      36.6,
      46.2,
      42.8,
      44.1,
      32.2,
      6.2,
      27.6,
      42.3,
      30.6,
      42.6,
      43.2,
      46.7
    ],
    [
      10.7,
      8.7,
      9.3,
      8.7,
      21.5,
      11.0,
      20.0,
      15.5,
      9.3,
      20.8,
      22.9,
      11.9,
      10.7,
      9.5,
      20.6,
      0.0,
      9.9,
      11.5,
      0.25,
      12.3,
      18.185542,
      22.852628,
      20.599552000000003,
      23.174496,
      38.62416,
      41.199104000000005,
      10.3,
      9.2,
      11.1,
      8.7,
      44.095915999999995,
      37.980424,
      49.08487,
      40.2335,
      23.33543,
      22.852628,
      12.0,
      25.910374,
      53.269154,
      18.346476,
      39.106962,
      39.911632000000004,
      38.785094,
      38.463226,
      48.2802,
      37.980424,
      39.589764,
      28.646252,
      23.7,
      22.53076,
      37.81949,
      26.071308,
      38.946028,
      39.267896,
      43.130312
    ],
    [
      2.6,
      0.0,
      0.8,
      0.35,
      12.8,
      2.6,
      11.2,
      6.7,
      0.8,
      12.0,
      14.5,
      5.7,
      1.8,
      0.13,
      11.9,
      9.9,
      0.0,
      2.0,
      8.5,
      2.7,
      8.5,
      13.3,
      11.1,
      13.5,
      29.0,
      31.5,
      0.3,
      0.5,
      2.5,
      0.13,
      34.5,
      28.4,
      39.5,
      30.6,
      13.8,
      14.1,
      2.5,
      16.4,
      43.7,
      8.7,
      30.6,
      31.3,
      29.2,
      28.9,
      40.2,
      29.2,
      30.9,
      19.0,
      13.9,
      13.9,
      29.1,
      17.4,
      29.3,
      29.6,
      33.5
    ],
    [
      0.4,
      2.0,
      2.8,
      2.2,
      11.1,
      0.4,
      9.6,
      4.8,
      2.3,
      10.5,
      12.3,
      1.8,
      0.18,
      1.9,
      9.5,
      11.5,
      2.0,
      0.0,
      10.4,
      0.5,
      8.0,
      12.8,
      10.6,
      13.0,
      28.5,
      31.0,
      1.4,
      1.8,
      1.8,
      1.8,
      34.0,
      27.9,
      39.0,
      30.0,
      13.3,
      13.6,
      0.65,
      15.8,
      43.2,
      8.2,
      30.1,
      30.8,
      28.7,
      28.4,
      39.7,
      28.7,
      30.4,
      18.5,
      12.7,
      13.9,
      28.6,
      16.9,
      28.8,
      29.1,
      32.9
    ],
    [
      10.5,
      8.5,
      9.1,
      8.4,
      21.3,
      10.8,
      19.7,
      15.3,
      9.1,
      21.2,
      22.6,
      11.8,
      10.5,
      9.0,
      20.5,
      0.25,
      8.5,
      10.4,
      0.0,
      11.2,
      17.9,
      21.7,
      19.5,
      21.9,
      37.4,
      40.0,
      9.0,
      8.9,
      10.9,
      8.4,
      43.9,
      37.8,
      48.8,
      39.9,
      22.2,
      22.6,
      11.8,
      25.7,
      53.0,
      18.1,
      39.5,
      39.7,
      37.7,
      38.3,
      48.0,
      37.7,
      39.3,
      27.5,
      22.4,
      22.4,
      37.5,
      25.9,
      37.8,
      38.1,
      41.9
    ],
    [
      0.7,
      3.2,
      2.8,
      3.4,
      10.8,
      1.1,
      7.8,
      5.5,
      2.8,
      11.0,
      12.0,
      0.9,
      0.3,
      2.7,
      9.2,
      12.3,
      2.7,
      0.5,
      11.2,
      0.0,
      8.5,
      13.2,
      11.0,
      13.4,
      28.9,
      31.5,
      1.9,
      2.2,
      1.6,
      2.3,
      34.4,
      28.4,
      39.3,
      30.5,
      13.7,
      14.1,
      0.75,
      16.3,
      43.6,
      8.6,
      30.6,
      31.2,
      29.2,
      28.9,
      39.5,
      29.2,
      30.8,
      19.0,
      12.5,
      13.9,
      29.0,
      17.4,
      29.3,
      29.6,
      33.4
    ],
    [
      8.5,
      8.5,
      9.3,
      8.8,
      19.2,
      8.5,
      26.8,
      13.0,
      9.3,
      18.5,
      20.4,
      9.8,
      8.1,
      8.4,
      24.6,
      18.185542,
      8.5,
      8.0,
      17.9,
      8.5,
      0.0,
      5.471756,
      3.379614,
      5.63269,
      25.910374,
      28.324384000000002,
      8.207633999999999,
      8.529501999999999,
      9.977908000000001,
      8.529501999999999,
      31.38213,
      25.266638,
      36.371084,
      27.35878,
      10.138842,
      6.43736,
      8.529501999999999,
      13.196587999999998,
      40.555368,
      0.80467,
      27.519714,
      28.16345,
      26.071308,
      25.74944,
      37.01482,
      26.071308,
      27.680647999999998,
      15.932466,
      19.955816000000002,
      10.299776000000001,
      25.910374,
      14.323126,
      26.232242,
      26.55411,
      30.255592
    ],
    [
      13.2,
      13.3,
      14.1,
      13.5,
      23.9,
      13.2,
      29.9,
      17.6,
      14.1,
      23.1,
      23.5,
      14.5,
      12.9,
      13.2,
      28.1,
      22.852628,
      13.3,
      12.8,
      21.7,
      13.2,
      5.471756,
      0.0,
      3.5405480000000003,
      1.60934,
      29.450922000000002,
      31.864932,
      12.87472,
      13.196587999999998,
      13.67939,
      13.357522000000001,
      34.922678,
      28.807185999999998,
      39.750698,
      31.060262,
      12.230984,
      2.41401,
      13.196587999999998,
      16.576202000000002,
      44.095915999999995,
      4.9889540000000006,
      31.38213,
      31.703998,
      29.611855999999996,
      30.094658,
      40.716302,
      29.611855999999996,
      31.221196,
      17.863674,
      24.622902,
      12.391918,
      29.450922000000002,
      17.863674,
      29.77279,
      30.094658,
      33.957074
    ],
    [
      11.0,
      11.1,
      11.9,
      11.3,
      21.7,
      11.0,
      27.7,
      15.4,
      11.9,
      20.9,
      21.3,
      14.6,
      10.6,
      10.9,
      25.5,
      20.599552000000003,
      11.1,
      10.6,
      19.5,
      11.0,
      3.379614,
      3.5405480000000003,
      0.0,
      2.2530759999999996,
      27.197846,
      29.611855999999996,
      10.621644,
      10.943512,
      12.552852,
      11.104446000000001,
      32.669602,
      26.55411,
      37.658556,
      28.807185999999998,
      9.977908000000001,
      4.345218,
      10.943512,
      14.48406,
      41.84284,
      2.735878,
      28.807185999999998,
      29.450922000000002,
      27.35878,
      27.036912,
      38.463226,
      27.35878,
      28.96812,
      15.610598,
      27.197846,
      10.138842,
      27.197846,
      15.610598,
      27.519714,
      27.841582000000002,
      31.703998
    ],
    [
      13.4,
      13.5,
      14.3,
      13.7,
      24.1,
      13.4,
      30.1,
      17.8,
      14.3,
      23.3,
      23.7,
      17.0,
      13.1,
      13.4,
      28.0,
      23.174496,
      13.5,
      13.0,
      21.9,
      13.4,
      5.63269,
      1.60934,
      2.2530759999999996,
      0.0,
      29.611855999999996,
      32.1868,
      13.035654,
      13.357522000000001,
      14.966862,
      13.518456,
      35.083612,
      28.96812,
      39.911632000000004,
      31.221196,
      12.391918,
      2.5749440000000003,
      13.357522000000001,
      17.059003999999998,
      44.25685,
      5.149888000000001,
      31.221196,
      31.864932,
      29.77279,
      29.611855999999996,
      40.877235999999996,
      29.77279,
      31.543064,
      18.185542,
      24.783836,
      12.713786,
      29.77279,
      18.024607999999997,
      29.933724,
      30.255592,
      34.118007999999996
    ],
    [
      28.9,
      29.0,
      29.8,
      29.2,
      39.6,
      28.9,
      38.0,
      33.3,
      29.8,
      38.8,
      38.0,
      32.5,
      28.6,
      28.9,
      42.6,
      38.62416,
      29.0,
      28.5,
      37.4,
      28.9,
      25.910374,
      29.450922000000002,
      27.197846,
      29.611855999999996,
      0.0,
      5.9545580000000005,
      29.129054000000004,
      29.450922000000002,
      30.899327999999997,
      29.450922000000002,
      9.334171999999999,
      7.0810960000000005,
      14.323126,
      5.471756,
      25.105704,
      31.060262,
      29.450922000000002,
      15.771532,
      18.50741,
      25.588506,
      5.310822,
      10.621644,
      8.690436,
      1.9312079999999998,
      19.794882,
      8.690436,
      10.299776000000001,
      18.668343999999998,
      40.877235999999996,
      23.818232000000002,
      1.1265379999999998,
      14.323126,
      8.690436,
      0.80467,
      8.368568
    ],
    [
      31.4,
      31.5,
      32.3,
      31.7,
      42.2,
      31.4,
      47.0,
      47.4,
      32.3,
      41.4,
      40.6,
      35.2,
      31.2,
      31.4,
      44.7,
      41.199104000000005,
      31.5,
      31.0,
      40.0,
      31.5,
      28.324384000000002,
      31.864932,
      29.611855999999996,
      32.1868,
      5.9545580000000005,
      0.0,
      28.807185999999998,
      29.129054000000004,
      30.738394000000003,
      29.129054000000004,
      7.0810960000000005,
      0.80467,
      11.587248,
      2.092142,
      24.783836,
      30.738394000000003,
      29.129054000000004,
      15.449663999999999,
      11.426314,
      25.427572,
      2.092142,
      10.299776000000001,
      8.207633999999999,
      4.345218,
      20.92142,
      8.207633999999999,
      9.816974,
      17.541806,
      40.555368,
      23.657297999999997,
      4.506151999999999,
      14.001257999999998,
      8.368568,
      5.149888000000001,
      7.24203
    ],
    [
      1.9,
      0.3,
      0.6,
      0.55,
      13.1,
      1.9,
      11.6,
      6.3,
      0.6,
      11.8,
      13.8,
      5.5,
      1.5,
      0.4,
      11.5,
      10.3,
      0.3,
      1.4,
      9.0,
      1.9,
      8.207633999999999,
      12.87472,
      10.621644,
      13.035654,
      29.129054000000004,
      28.807185999999998,
      0.0,
      0.29,
      2.3,
      0.35,
      34.6,
      28.5,
      39.6,
      30.7,
      13.9,
      14.2,
      1.9,
      16.5,
      43.8,
      8.8,
      30.7,
      31.4,
      29.3,
      29.0,
      40.3,
      29.3,
      31.0,
      19.1,
      13.9,
      14.5,
      29.2,
      17.5,
      29.4,
      29.7,
      33.6
    ],
    [
      2.2,
      0.5,
      0.3,
      0.7,
      12.9,
      2.2,
      11.9,
      6.7,
      0.3,
      12.1,
      14.1,
      3.5,
      1.8,
      0.6,
      11.3,
      9.2,
      0.5,
      1.8,
      8.9,
      2.2,
      8.529501999999999,
      13.196587999999998,
      10.943512,
      13.357522000000001,
      29.450922000000002,
      29.129054000000004,
      0.29,
      0.0,
      2.0,
      0.55,
      34.7,
      28.7,
      39.7,
      30.8,
      14.0,
      14.4,
      1.8,
      16.6,
      43.9,
      8.9,
      30.8,
      31.5,
      29.5,
      29.2,
      40.5,
      29.5,
      31.1,
      19.2,
      14.0,
      14.2,
      29.3,
      17.7,
      29.6,
      29.9,
      33.7
    ],
    [
      1.5,
      2.8,
      2.3,
      3.0,
      11.6,
      1.5,
      8.1,
      5.5,
      2.2,
      10.8,
      12.9,
      1.7,
      0.9,
      2.3,
      9.6,
      11.1,
      2.5,
      1.8,
      10.9,
      1.6,
      9.977908000000001,
      13.67939,
      12.552852,
      14.966862,
      30.899327999999997,
      30.738394000000003,
      2.3,
      2.0,
      0.0,
      2.3,
      34.6,
      28.6,
      39.6,
      31.6,
      13.9,
      14.3,
      0.6,
      16.5,
      43.8,
      8.8,
      31.6,
      31.4,
      30.3,
      29.0,
      40.3,
      29.3,
      31.9,
      19.1,
      13.5,
      15.1,
      29.2,
      17.5,
      29.5,
      30.7,
      33.6
    ],
    [
      2.3,
      0.13,
      0.8,
      0.24,
      13.0,
      2.3,
      12.0,
      6.7,
      0.85,
      12.2,
      14.2,
      6.5,
      1.9,
      0.26,
      11.9,
      8.7,
      0.13,
      1.8,
      8.4,
      2.3,
      8.529501999999999,
      13.357522000000001,
      11.104446000000001,
      13.518456,
      29.450922000000002,
      29.129054000000004,
      0.35,
      0.55,
      2.3,
      0.0,
      35.1,
      29.1,
      40.1,
      31.2,
      14.4,
      14.8,
      3.0,
      17.0,
      44.3,
      9.3,
      31.2,
      31.9,
      29.9,
      29.6,
      40.9,
      29.9,
      31.5,
      19.6,
      14.5,
      14.6,
      29.7,
      18.1,
      30.0,
      30.3,
      34.1
    ],
    [
      34.4,
      34.5,
      35.3,
      34.7,
      45.1,
      34.4,
      49.9,
      38.9,
      35.3,
      44.3,
      43.5,
      38.0,
      34.1,
      34.4,
      48.1,
      44.095915999999995,
      34.5,
      34.0,
      43.9,
      34.4,
      31.38213,
      34.922678,
      32.669602,
      35.083612,
      9.334171999999999,
      7.0810960000000005,
      34.6,
      34.7,
      34.6,
      35.1,
      0.0,
      6.9201619999999995,
      5.310822,
      5.9545580000000005,
      30.738394000000003,
      36.692952,
      34.922678,
      21.404222,
      8.207633999999999,
      31.221196,
      6.115492,
      16.254334,
      14.162192000000001,
      9.495106,
      17.380872,
      14.162192000000001,
      15.771532,
      24.301033999999998,
      46.348992,
      29.450922000000002,
      9.65604,
      19.955816000000002,
      14.323126,
      10.299776000000001,
      0.32186800000000004
    ],
    [
      28.4,
      28.4,
      29.2,
      28.7,
      39.0,
      28.4,
      43.9,
      32.8,
      29.2,
      38.3,
      37.5,
      32.0,
      28.0,
      28.3,
      42.1,
      37.980424,
      28.4,
      27.9,
      37.8,
      28.4,
      25.266638,
      28.807185999999998,
      26.55411,
      28.96812,
      7.0810960000000005,
      0.80467,
      28.5,
      28.7,
      28.6,
      29.1,
      6.9201619999999995,
      0.0,
      12.713786,
      1.9312079999999998,
      24.301033999999998,
      30.416525999999998,
      28.646252,
      14.966862,
      11.26538,
      24.94477,
      1.9312079999999998,
      9.816974,
      7.724831999999999,
      3.8624159999999996,
      20.438617999999998,
      7.724831999999999,
      9.334171999999999,
      17.70274,
      40.072565999999995,
      23.174496,
      4.184284,
      13.518456,
      7.885766,
      4.667085999999999,
      6.759228
    ],
    [
      39.4,
      39.5,
      40.3,
      39.7,
      49.9,
      39.4,
      54.8,
      43.8,
      40.3,
      49.2,
      48.5,
      40.6,
      39.0,
      39.3,
      52.9,
      49.08487,
      39.5,
      39.0,
      48.8,
      39.3,
      36.371084,
      39.750698,
      37.658556,
      39.911632000000004,
      14.323126,
      11.587248,
      39.6,
      39.7,
      39.6,
      40.1,
      5.310822,
      12.713786,
      0.0,
      9.977908000000001,
      34.278942,
      40.394434000000004,
      38.62416,
      24.94477,
      7.885766,
      34.922678,
      10.782578,
      19.955816000000002,
      17.863674,
      12.230984,
      21.243288,
      17.863674,
      19.473014,
      27.841582000000002,
      50.050474,
      33.152404000000004,
      12.391918,
      23.496364,
      18.024607999999997,
      13.035654,
      6.276426
    ],
    [
      30.5,
      30.6,
      31.4,
      30.8,
      41.2,
      30.5,
      46.0,
      34.9,
      31.4,
      40.4,
      39.6,
      31.8,
      30.1,
      30.4,
      43.8,
      40.2335,
      30.6,
      30.0,
      39.9,
      30.5,
      27.35878,
      31.060262,
      28.807185999999998,
      31.221196,
      5.471756,
      2.092142,
      30.7,
      30.8,
      31.6,
      31.2,
      5.9545580000000005,
      1.9312079999999998,
      9.977908000000001,
      0.0,
      26.55411,
      32.508668,
      30.899327999999997,
      17.219938,
      9.816974,
      27.036912,
      0.48280199999999995,
      12.07005,
      10.138842,
      3.379614,
      20.438617999999998,
      10.138842,
      11.748182,
      20.11675,
      42.325642,
      25.427572,
      3.5405480000000003,
      15.771532,
      10.138842,
      4.184284,
      5.63269
    ],
    [
      13.7,
      13.8,
      14.6,
      14.0,
      24.4,
      13.7,
      29.2,
      18.1,
      14.6,
      23.6,
      22.8,
      15.0,
      13.4,
      13.6,
      27.0,
      23.33543,
      13.8,
      13.3,
      22.2,
      13.7,
      10.138842,
      12.230984,
      9.977908000000001,
      12.391918,
      25.105704,
      24.783836,
      13.9,
      14.0,
      13.9,
      14.4,
      30.738394000000003,
      24.301033999999998,
      34.278942,
      26.55411,
      0.0,
      13.035654,
      14.001257999999998,
      11.26538,
      38.62416,
      10.299776000000001,
      25.588506,
      15.610598,
      16.0934,
      23.818232000000002,
      35.244546,
      16.415267999999998,
      18.829278,
      7.885766,
      25.266638,
      0.449,
      23.979166,
      12.391918,
      17.219938,
      24.622902,
      29.129054000000004
    ],
    [
      14.1,
      14.1,
      14.9,
      14.4,
      24.7,
      14.1,
      30.8,
      18.5,
      14.9,
      24.0,
      24.4,
      15.4,
      13.7,
      14.0,
      28.6,
      22.852628,
      14.1,
      13.6,
      22.6,
      14.1,
      6.43736,
      2.41401,
      4.345218,
      2.5749440000000003,
      31.060262,
      30.738394000000003,
      14.2,
      14.4,
      14.3,
      14.8,
      36.692952,
      30.416525999999998,
      40.394434000000004,
      32.508668,
      13.035654,
      0.0,
      14.162192000000001,
      17.70274,
      44.900586,
      5.9545580000000005,
      31.864932,
      32.508668,
      30.57746,
      30.255592,
      41.520972,
      30.57746,
      32.1868,
      18.668343999999998,
      25.427572,
      13.196587999999998,
      30.416525999999998,
      18.668343999999998,
      30.57746,
      30.899327999999997,
      34.761744
    ],
    [
      0.85,
      2.5,
      2.1,
      2.7,
      11.7,
      0.85,
      8.0,
      5.3,
      2.1,
      11.0,
      12.8,
      1.2,
      0.45,
      2.2,
      9.1,
      12.0,
      2.5,
      0.65,
      11.8,
      0.75,
      8.529501999999999,
      13.196587999999998,
      10.943512,
      13.357522000000001,
      29.450922000000002,
      29.129054000000004,
      1.9,
      1.8,
      0.6,
      3.0,
      34.922678,
      28.646252,
      38.62416,
      30.899327999999997,
      14.001257999999998,
      14.162192000000001,
      0.0,
      16.4,
      43.8,
      8.8,
      30.7,
      31.4,
      29.3,
      29.0,
      39.6,
      29.3,
      31.0,
      19.1,
      13.3,
      14.0,
      29.2,
      17.5,
      29.4,
      29.7,
      33.6
    ],
    [
      16.3,
      16.4,
      17.1,
      16.6,
      27.0,
      16.3,
      31.8,
      20.7,
      17.1,
      26.2,
      25.4,
      17.0,
      15.9,
      16.2,
      29.6,
      25.910374,
      16.4,
      15.8,
      25.7,
      16.3,
      13.196587999999998,
      16.576202000000002,
      14.48406,
      17.059003999999998,
      15.771532,
      15.449663999999999,
      16.5,
      16.6,
      16.5,
      17.0,
      21.404222,
      14.966862,
      24.94477,
      17.219938,
      11.26538,
      17.70274,
      16.4,
      0.0,
      30.416525999999998,
      12.87472,
      17.380872,
      18.024607999999997,
      15.932466,
      15.610598,
      26.875978,
      15.932466,
      17.541806,
      15.771532,
      27.680647999999998,
      11.104446000000001,
      15.771532,
      3.21868,
      16.0934,
      16.415267999999998,
      20.277684
    ],
    [
      43.6,
      43.7,
      44.5,
      43.9,
      51.2,
      43.6,
      59.1,
      44.9,
      44.5,
      50.5,
      52.7,
      41.9,
      43.2,
      43.5,
      56.9,
      53.269154,
      43.7,
      43.2,
      53.0,
      43.6,
      40.555368,
      44.095915999999995,
      41.84284,
      44.25685,
      18.50741,
      11.426314,
      43.8,
      43.9,
      43.8,
      44.3,
      8.207633999999999,
      11.26538,
      7.885766,
      9.816974,
      38.62416,
      44.900586,
      43.8,
      30.416525999999998,
      0.0,
      39.911632000000004,
      9.495106,
      24.94477,
      23.013562,
      18.50741,
      26.393175999999997,
      23.013562,
      24.622902,
      32.99147,
      55.039428,
      38.302292,
      18.668343999999998,
      28.646252,
      23.013562,
      19.31208,
      11.426314
    ],
    [
      8.6,
      8.7,
      9.5,
      8.9,
      19.3,
      8.6,
      27.0,
      13.0,
      9.5,
      18.5,
      20.6,
      9.9,
      8.3,
      8.6,
      24.7,
      18.346476,
      8.7,
      8.2,
      18.1,
      8.6,
      0.80467,
      4.9889540000000006,
      2.735878,
      5.149888000000001,
      25.588506,
      25.427572,
      8.8,
      8.9,
      8.8,
      9.3,
      31.221196,
      24.94477,
      34.922678,
      27.036912,
      10.299776000000001,
      5.9545580000000005,
      8.8,
      12.87472,
      39.911632000000004,
      0.0,
      27.519714,
      28.16345,
      26.071308,
      25.74944,
      37.175754000000005,
      26.071308,
      27.680647999999998,
      15.932466,
      19.955816000000002,
      9.816974,
      25.910374,
      14.323126,
      26.232242,
      26.55411,
      30.416525999999998
    ],
    [
      30.5,
      30.6,
      31.4,
      30.8,
      41.6,
      30.5,
      46.0,
      35.4,
      31.4,
      40.3,
      40.1,
      32.3,
      30.2,
      30.5,
      43.8,
      39.106962,
      30.6,
      30.1,
      39.5,
      30.6,
      27.519714,
      31.38213,
      28.807185999999998,
      31.221196,
      5.310822,
      2.092142,
      30.7,
      30.8,
      31.6,
      31.2,
      6.115492,
      1.9312079999999998,
      10.782578,
      0.48280199999999995,
      25.588506,
      31.864932,
      30.7,
      17.380872,
      9.495106,
      27.519714,
      0.0,
      11.748182,
      9.65604,
      4.02335,
      21.72609,
      9.65604,
      11.26538,
      19.151146,
      41.84284,
      24.94477,
      4.184284,
      15.28873,
      9.816974,
      4.82802,
      5.310822
    ],
    [
      31.2,
      31.3,
      32.1,
      31.5,
      41.9,
      31.2,
      46.7,
      35.6,
      32.1,
      41.8,
      40.3,
      32.0,
      30.9,
      31.2,
      44.9,
      39.911632000000004,
      31.3,
      30.8,
      39.7,
      31.2,
      28.16345,
      31.703998,
      29.450922000000002,
      31.864932,
      10.621644,
      10.299776000000001,
      31.4,
      31.5,
      31.4,
      31.9,
      16.254334,
      9.816974,
      19.955816000000002,
      12.07005,
      15.610598,
      32.508668,
      31.4,
      18.024607999999997,
      24.94477,
      28.16345,
      11.748182,
      0.0,
      3.379614,
      10.943512,
      27.197846,
      3.8624159999999996,
      6.759228,
      10.138842,
      43.291246,
      15.610598,
      11.104446000000001,
      16.737136,
      5.310822,
      11.748182,
      15.610598
    ],
    [
      29.1,
      29.2,
      30.0,
      29.4,
      39.8,
      29.1,
      44.7,
      33.6,
      30.0,
      39.1,
      38.3,
      30.5,
      28.8,
      29.1,
      42.8,
      38.785094,
      29.2,
      28.7,
      37.7,
      29.2,
      26.071308,
      29.611855999999996,
      27.35878,
      29.77279,
      8.690436,
      8.207633999999999,
      29.3,
      29.5,
      30.3,
      29.9,
      14.162192000000001,
      7.724831999999999,
      17.863674,
      10.138842,
      16.0934,
      30.57746,
      29.3,
      15.932466,
      23.013562,
      26.071308,
      9.65604,
      3.379614,
      0.0,
      8.690436,
      24.783836,
      0.32186800000000004,
      4.506151999999999,
      10.782578,
      40.877235999999996,
      16.0934,
      8.85137,
      14.48406,
      2.896812,
      9.334171999999999,
      13.196587999999998
    ],
    [
      28.8,
      28.9,
      29.7,
      29.1,
      38.2,
      28.8,
      36.6,
      32.7,
      29.7,
      37.4,
      38.0,
      29.6,
      28.5,
      28.8,
      36.6,
      38.463226,
      28.9,
      28.4,
      38.3,
      28.9,
      25.74944,
      30.094658,
      27.036912,
      29.611855999999996,
      1.9312079999999998,
      4.345218,
      29.0,
      29.2,
      29.0,
      29.6,
      9.495106,
      3.8624159999999996,
      12.230984,
      3.379614,
      23.818232000000002,
      30.255592,
      29.0,
      15.610598,
      18.50741,
      25.74944,
      4.02335,
      10.943512,
      8.690436,
      0.0,
      18.990212,
      8.529501999999999,
      10.299776000000001,
      18.668343999999998,
      40.716302,
      23.818232000000002,
      0.6437360000000001,
      14.323126,
      8.690436,
      1.9312079999999998,
      7.402963999999999
    ],
    [
      39.4,
      39.5,
      41.0,
      39.7,
      50.1,
      39.4,
      48.0,
      43.8,
      41.0,
      49.4,
      41.6,
      40.8,
      39.8,
      40.1,
      46.2,
      48.2802,
      40.2,
      39.7,
      48.0,
      39.5,
      37.01482,
      40.716302,
      38.463226,
      40.877235999999996,
      19.794882,
      20.92142,
      40.3,
      40.5,
      40.3,
      40.9,
      17.380872,
      20.438617999999998,
      21.243288,
      20.438617999999998,
      35.244546,
      41.520972,
      39.6,
      26.875978,
      26.393175999999997,
      37.175754000000005,
      21.72609,
      27.197846,
      24.783836,
      18.990212,
      0.0,
      24.622902,
      26.232242,
      34.60081,
      52.30355,
      35.40548,
      19.633948,
      25.910374,
      24.783836,
      20.11675,
      17.70274
    ],
    [
      29.1,
      29.2,
      30.0,
      29.4,
      39.8,
      29.1,
      44.7,
      33.6,
      30.0,
      39.1,
      38.3,
      30.5,
      28.8,
      29.1,
      42.8,
      37.980424,
      29.2,
      28.7,
      37.7,
      29.2,
      26.071308,
      29.611855999999996,
      27.35878,
      29.77279,
      8.690436,
      8.207633999999999,
      29.3,
      29.5,
      29.3,
      29.9,
      14.162192000000001,
      7.724831999999999,
      17.863674,
      10.138842,
      16.415267999999998,
      30.57746,
      29.3,
      15.932466,
      23.013562,
      26.071308,
      9.65604,
      3.8624159999999996,
      0.32186800000000004,
      8.529501999999999,
      24.622902,
      0.0,
      4.506151999999999,
      10.943512,
      40.877235999999996,
      16.415267999999998,
      8.85137,
      14.48406,
      2.896812,
      9.334171999999999,
      13.67939
    ],
    [
      30.8,
      30.9,
      31.7,
      31.1,
      41.5,
      30.8,
      46.3,
      35.2,
      31.7,
      40.7,
      39.9,
      32.1,
      30.4,
      30.7,
      44.1,
      39.589764,
      30.9,
      30.4,
      39.3,
      30.8,
      27.680647999999998,
      31.221196,
      28.96812,
      31.543064,
      10.299776000000001,
      9.816974,
      31.0,
      31.1,
      31.9,
      31.5,
      15.771532,
      9.334171999999999,
      19.473014,
      11.748182,
      18.829278,
      32.1868,
      31.0,
      17.541806,
      24.622902,
      27.680647999999998,
      11.26538,
      6.759228,
      4.506151999999999,
      10.299776000000001,
      26.232242,
      4.506151999999999,
      0.0,
      15.127796,
      37.01482,
      20.11675,
      6.598293999999999,
      10.621644,
      5.149888000000001,
      7.24203,
      10.943512
    ],
    [
      18.9,
      19.0,
      19.8,
      19.2,
      36.7,
      18.9,
      34.4,
      23.3,
      19.8,
      28.9,
      28.0,
      19.7,
      18.6,
      18.9,
      32.2,
      28.646252,
      19.0,
      18.5,
      27.5,
      19.0,
      15.932466,
      17.863674,
      15.610598,
      18.185542,
      18.668343999999998,
      17.541806,
      19.1,
      19.2,
      19.1,
      19.6,
      24.301033999999998,
      17.70274,
      27.841582000000002,
      20.11675,
      7.885766,
      18.668343999999998,
      19.1,
      15.771532,
      32.99147,
      15.932466,
      19.151146,
      10.138842,
      10.782578,
      18.668343999999998,
      34.60081,
      10.943512,
      15.127796,
      0.0,
      30.57746,
      7.885766,
      18.024607999999997,
      17.219938,
      12.07005,
      18.50741,
      22.369826
    ],
    [
      12.2,
      13.8,
      14.6,
      14.0,
      4.0,
      12.2,
      5.4,
      16.3,
      14.6,
      2.7,
      7.5,
      11.3,
      12.8,
      13.8,
      6.2,
      23.7,
      13.9,
      12.7,
      22.4,
      12.5,
      19.955816000000002,
      24.622902,
      27.197846,
      24.783836,
      40.877235999999996,
      40.555368,
      13.9,
      14.0,
      13.5,
      14.5,
      46.348992,
      40.072565999999995,
      50.050474,
      42.325642,
      25.266638,
      25.427572,
      13.3,
      27.680647999999998,
      55.039428,
      19.955816000000002,
      41.84284,
      43.291246,
      40.877235999999996,
      40.716302,
      52.30355,
      40.877235999999996,
      37.01482,
      30.57746,
      0.0,
      26.6,
      41.8,
      30.1,
      42.0,
      42.3,
      50.2
    ],
    [
      14.3,
      14.4,
      14.7,
      14.1,
      25.0,
      13.8,
      29.4,
      18.4,
      14.7,
      24.2,
      23.4,
      15.2,
      13.9,
      13.8,
      27.6,
      22.53076,
      13.9,
      13.9,
      22.4,
      13.9,
      10.299776000000001,
      12.391918,
      10.138842,
      12.713786,
      23.818232000000002,
      23.657297999999997,
      14.5,
      14.2,
      15.1,
      14.6,
      29.450922000000002,
      23.174496,
      33.152404000000004,
      25.427572,
      0.449,
      13.196587999999998,
      14.0,
      11.104446000000001,
      38.302292,
      9.816974,
      24.94477,
      15.610598,
      16.0934,
      23.818232000000002,
      35.40548,
      16.415267999999998,
      20.11675,
      7.885766,
      26.6,
      0.0,
      23.979166,
      12.391918,
      17.219938,
      24.622902,
      28.485318
    ],
    [
      29.0,
      29.1,
      29.9,
      29.3,
      46.7,
      29.0,
      44.5,
      33.5,
      29.9,
      38.9,
      38.1,
      31.9,
      28.7,
      29.0,
      42.3,
      37.81949,
      29.1,
      28.6,
      37.5,
      29.0,
      25.910374,
      29.450922000000002,
      27.197846,
      29.77279,
      1.1265379999999998,
      4.506151999999999,
      29.2,
      29.3,
      29.2,
      29.7,
      9.65604,
      4.184284,
      12.391918,
      3.5405480000000003,
      23.979166,
