{
  "drive_dist_matrix": [
    [
      0.0,
      2.5,
      52.2,
      39.9,
      1.2,
      29.1,
      2.8,
      4.2,
      3.7,
      0.95,
      8.0,
      1.1,
      0.45,
      1.3,
      1.1,
      2.3,
      4.1,
      2.8,
      29.1,
      1.8,
      29.2,
      6.3,
      2.5,
      2.9,
      39.9,
      3.4,
      1.1,
      3.8,
      54.1,
      1.5,
      4.5,
      2.8,
      39.9,
      1.5,
      4.3,
      5.8,
      3.2,
      4.7,
      39.3,
      16.3,
      4.3,
      1.0,
      3.7,
      2.3,
      2.2,
      0.65,
      2.3,
      7.4,
      11.7,
      1.9,
      0.55,
      0.9,
      4.4,
      3.6,
      39.9,
      3.9,
      2.6,
      29.7,
      2.8,
      8.0
    ],
    [
      2.5,
      0.0,
      53.3,
      41.5,
      1.6,
      27.6,
      3.4,
      0.6,
      2.7,
      1.0,
      8.4,
      2.8,
      2.2,
      1.9,
      1.1,
      3.3,
      3.8,
      3.4,
      27.6,
      0.75,
      27.6,
      6.8,
      1.5,
      3.9,
      41.5,
      1.0,
      1.5,
      2.9,
      55.8,
      2.1,
      6.2,
      3.4,
      41.5,
      2.2,
      0.65,
      4.9,
      0.25,
      3.8,
      40.9,
      15.7,
      0.35,
      2.9,
      3.4,
      1.4,
      2.8,
      2.4,
      3.7,
      8.0,
      11.7,
      2.5,
      1.2,
      1.0,
      0.7,
      3.3,
      41.5,
      4.5,
      3.9,
      28.2,
      3.4,
      8.5
    ],
    [
      52.2,
      53.3,
      0.0,
      36.7,
      51.2,
      69.2,
      50.3,
      47.9,
      47.6,
      51.3,
      58.9,
      50.4,
      50.2,
      51.6,
      51.2,
      50.2,
      48.7,
      50.3,
      69.2,
      50.9,
      69.3,
      52.4,
      51.5,
      49.2,
      36.6,
      51.3,
      51.2,
      52.3,
      23.6,
      49.8,
      47.9,
      50.4,
      36.6,
      49.3,
      51.3,
      57.8,
      51.1,
      58.4,
      37.6,
      62.6,
      52.2,
      49.4,
      49.2,
      52.1,
      50.2,
      49.6,
      56.8,
      48.7,
      64.3,
      49.0,
      50.1,
      51.9,
      51.4,
      49.1,
      36.7,
      49.7,
      56.3,
      69.8,
      50.1,
      54.8
    ],
    [
      39.9,
      41.5,
      36.7,
      0.0,
      41.9,
      37.6,
      52.9,
      41.5,
      41.1,
      41.9,
      36.2,
      39.6,
      40.6,
      41.5,
      41.9,
      39.1,
      54.6,
      52.9,
      37.6,
      40.9,
      37.7,
      47.5,
      41.0,
      41.9,
      0.16,
      42.1,
      41.9,
      41.2,
      11.2,
      41.8,
      50.5,
      42.9,
      0.0,
      51.8,
      41.9,
      44.9,
      42.3,
      39.7,
      0.75,
      68.4,
      41.3,
      40.1,
      53.7,
      40.9,
      42.4,
      40.2,
      39.1,
      52.4,
      32.7,
      51.5,
      41.2,
      40.9,
      42.0,
      53.6,
      0.23,
      54.0,
      38.3,
      38.2,
      42.9,
      47.8
    ],
    [
      1.2,
      1.6,
      51.2,
      41.9,
      0.0,
      28.5,
      3.6,
      2.4,
      2.9,
      0.4,
      10.0,
      4.0,
      1.0,
      0.095,
      0.075,
      4.4,
      2.6,
      3.6,
      28.5,
      1.8,
      28.6,
      4.9,
      2.5,
      4.1,
      42.3,
      1.8,
      0.031,
      3.8,
      56.5,
      0.8,
      6.5,
      1.3,
      42.3,
      0.95,
      2.6,
      5.9,
      1.3,
      4.8,
      41.7,
      15.7,
      2.6,
      3.6,
      2.2,
      2.4,
      0.8,
      3.2,
      4.7,
      8.2,
      12.6,
      2.7,
      0.65,
      0.75,
      2.7,
      2.1,
      42.3,
      4.7,
      5.0,
      29.1,
      1.5,
      6.6
    ],
    [
      29.1,
      27.6,
      69.2,
      37.6,
      28.5,
      0.0,
      41.3,
      27.8,
      27.4,
      28.3,
      21.6,
      28.0,
      27.4,
      28.0,
      28.2,
      27.6,
      43.1,
      41.3,
      1.0,
      27.2,
      0.068,
      31.4,
      27.3,
      30.4,
      38.4,
      30.5,
      28.2,
      25.2,
      52.6,
      30.2,
      38.9,
      31.4,
      38.4,
      40.3,
      30.3,
      28.7,
      30.7,
      24.2,
      37.8,
      45.5,
      29.7,
      28.5,
      42.2,
      29.3,
      30.8,
      28.6,
      27.6,
      40.9,
      16.6,
      39.9,
      29.6,
      29.3,
      30.4,
      42.1,
      38.4,
      42.4,
      26.7,
      0.5,
      28.3,
      31.6
    ],
    [
      2.8,
      3.4,
      50.3,
      52.9,
      3.6,
      41.3,
      0.0,
      3.9,
      4.4,
      3.4,
      11.0,
      4.1,
      2.7,
      3.2,
      3.3,
      4.5,
      2.5,
      0.12,
      41.3,
      3.5,
      41.4,
      6.6,
      4.2,
      3.5,
      52.1,
      4.1,
      3.3,
      5.5,
      66.3,
      2.7,
      5.6,
      2.5,
      52.1,
      1.8,
      4.1,
      7.5,
      3.0,
      6.4,
      51.5,
      15.0,
      4.1,
      3.7,
      1.8,
      4.1,
      2.6,
      3.3,
      4.9,
      5.4,
      14.3,
      1.2,
      2.6,
      4.4,
      4.2,
      1.7,
      52.1,
      2.1,
      5.2,
      41.9,
      3.2,
      8.3
    ],
    [
      4.2,
      0.6,
      47.9,
      41.5,
      2.4,
      27.8,
      3.9,
      0.0,
      1.0,
      1.8,
      8.7,
      3.0,
      2.4,
      2.1,
      1.7,
      3.5,
      3.3,
      3.6,
      27.2,
      0.8,
      27.3,
      5.2,
      1.2,
      4.1,
      41.2,
      1.3,
      1.7,
      2.6,
      55.4,
      2.3,
      6.4,
      1.1,
      41.2,
      2.4,
      0.65,
      4.6,
      0.75,
      3.5,
      40.6,
      14.8,
      0.23,
      3.0,
      2.9,
      1.1,
      1.3,
      2.6,
      3.4,
      8.2,
      11.4,
      2.7,
      1.4,
      1.1,
      1.0,
      2.8,
      41.2,
      4.7,
      3.6,
      27.8,
      2.2,
      7.4
    ],
    [
      3.7,
      2.7,
      47.6,
      41.1,
      2.9,
      27.4,
      4.4,
      1.0,
      0.0,
      2.3,
      8.5,
      3.5,
      2.9,
      2.6,
      2.2,
      3.5,
      3.3,
      4.1,
      27.0,
      2.7,
      27.1,
      4.5,
      0.18,
      4.6,
      41.4,
      1.5,
      2.2,
      2.3,
      55.7,
      2.8,
      6.9,
      2.7,
      41.4,
      2.9,
      0.75,
      4.3,
      1.7,
      3.2,
      33.3,
      14.2,
      1.1,
      3.6,
      2.9,
      0.75,
      2.3,
      3.1,
      3.4,
      8.0,
      11.7,
      3.2,
      1.9,
      2.7,
      0.85,
      2.8,
      41.4,
      4.3,
      4.0,
      27.6,
      2.1,
      4.7
    ],
    [
      0.95,
      1.0,
      51.3,
      41.9,
      0.4,
      28.3,
      3.4,
      1.8,
      2.3,
      0.0,
      8.5,
      2.1,
      1.5,
      0.5,
      0.35,
      2.6,
      4.0,
      2.7,
      29.6,
      0.7,
      29.7,
      6.1,
      2.3,
      3.2,
      40.4,
      3.2,
      0.35,
      3.6,
      54.6,
      1.4,
      5.5,
      2.6,
      40.4,
      1.5,
      4.2,
      5.6,
      3.1,
      4.5,
      39.8,
      16.1,
      1.1,
      2.2,
      3.6,
      2.1,
      2.1,
      1.7,
      2.8,
      7.3,
      11.8,
      1.8,
      0.4,
      0.35,
      4.3,
      3.5,
      40.4,
      3.8,
      3.1,
      30.2,
      2.7,
      7.8
    ],
    [
      8.0,
      8.4,
      58.9,
      36.2,
      10.0,
      21.6,
      11.0,
      8.7,
      8.5,
      8.5,
      0.0,
      6.6,
      6.4,
      7.0,
      7.2,
      7.1,
      9.2,
      8.5,
      20.9,
      6.2,
      20.9,
      8.4,
      6.3,
      8.9,
      35.8,
      7.4,
      7.4,
      5.1,
      50.0,
      7.2,
      10.5,
      8.7,
      35.8,
      7.3,
      7.2,
      7.5,
      8.1,
      4.8,
      35.2,
      19.9,
      7.0,
      7.1,
      8.8,
      6.2,
      7.9,
      6.6,
      6.0,
      22.9,
      5.8,
      7.6,
      6.5,
      6.2,
      7.3,
      8.7,
      35.8,
      9.6,
      5.3,
      21.5,
      8.0,
      11.1
    ],
    [
      1.1,
      2.8,
      50.4,
      39.6,
      4.0,
      28.0,
      4.1,
      3.0,
      3.5,
      2.1,
      6.6,
      0.0,
      1.4,
      2.3,
      3.5,
      0.6,
      5.1,
      4.1,
      28.1,
      2.0,
      28.2,
      7.2,
      3.1,
      2.9,
      38.9,
      3.7,
      3.5,
      4.4,
      53.1,
      2.8,
      4.5,
      3.8,
      38.9,
      2.6,
      3.1,
      6.4,
      4.2,
      3.8,
      38.3,
      17.2,
      2.7,
      1.2,
      5.0,
      2.9,
      3.2,
      1.0,
      0.9,
      7.7,
      10.7,
      3.2,
      1.9,
      2.0,
      3.5,
      4.9,
      38.8,
      5.3,
      2.1,
      28.7,
      3.8,
      8.9
    ],
    [
      0.45,
      2.2,
      50.2,
      40.6,
      1.0,
      27.4,
      2.7,
      2.4,
      2.9,
      1.5,
      6.4,
      1.4,
      0.0,
      0.9,
      1.0,
      1.9,
      3.7,
      2.9,
      28.9,
      1.9,
      29.0,
      5.8,
      2.6,
      2.5,
      39.7,
      2.9,
      2.1,
      3.9,
      53.9,
      1.1,
      4.1,
      2.4,
      39.7,
      1.2,
      3.9,
      6.2,
      2.8,
      4.4,
      39.1,
      15.8,
      3.9,
      0.75,
      3.3,
      2.7,
      1.8,
      0.65,
      2.1,
      7.2,
      11.1,
      2.0,
      0.9,
      2.3,
      4.0,
      3.2,
      39.7,
      4.0,
      2.4,
      29.5,
      2.4,
      7.5
    ],
    [
      1.3,
      1.9,
      51.6,
      41.5,
      0.095,
      28.0,
      3.2,
      2.1,
      2.6,
      0.5,
      7.0,
      2.3,
      0.9,
      0.0,
      0.17,
      2.7,
      2.8,
      1.9,
      29.8,
      2.1,
      29.9,
      4.9,
      2.8,
      2.4,
      32.8,
      2.0,
      0.13,
      4.1,
      54.8,
      0.9,
      4.9,
      1.5,
      32.8,
      1.0,
      3.0,
      9.5,
      1.9,
      5.4,
      32.2,
      14.9,
      3.0,
      1.9,
      2.4,
      2.6,
      0.9,
      1.5,
      3.0,
      6.5,
      12.0,
      1.0,
      0.75,
      0.85,
      3.1,
      2.3,
      32.8,
      3.0,
      3.3,
      30.4,
      1.5,
      6.6
    ],
    [
      1.1,
      1.1,
      51.2,
      41.9,
      0.075,
      28.2,
      3.3,
      1.7,
      2.2,
      0.35,
      7.2,
      3.5,
      1.0,
      0.17,
      0.0,
      4.5,
      2.7,
      3.7,
      28.6,
      1.0,
      28.7,
      5.0,
      2.6,
      4.2,
      34.6,
      1.9,
      0.044,
      3.9,
      56.6,
      0.7,
      6.6,
      1.4,
      34.6,
      0.85,
      2.7,
      6.0,
      1.4,
      4.9,
      34.0,
      15.8,
      1.3,
      3.7,
      2.3,
      2.5,
      0.9,
      3.3,
      4.8,
      7.4,
      12.7,
      2.8,
      0.55,
      0.7,
      2.8,
      2.2,
      34.6,
      4.8,
      5.1,
      29.2,
      1.6,
      6.7
    ],
    [
      2.3,
      3.3,
      50.2,
      39.1,
      4.4,
      27.6,
      4.5,
      3.5,
      3.5,
      2.6,
      7.1,
      0.6,
      1.9,
      2.7,
      4.5,
      0.0,
      5.8,
      4.5,
      27.7,
      2.5,
      27.7,
      8.0,
      3.6,
      3.3,
      42.8,
      4.2,
      4.3,
      4.9,
      52.6,
      3.2,
      4.8,
      4.5,
      38.4,
      2.9,
      3.7,
      6.9,
      5.0,
      4.1,
      37.8,
      18.0,
      3.2,
      1.2,
      5.4,
      3.0,
      4.0,
      1.2,
      0.75,
      8.0,
      10.3,
      3.6,
      2.7,
      2.5,
      4.0,
      5.3,
      38.4,
      5.6,
      1.8,
      28.3,
      4.5,
      9.7
    ],
    [
      4.1,
      3.8,
      48.7,
      54.6,
      2.6,
      43.1,
      2.5,
      3.3,
      3.3,
      4.0,
      9.2,
      5.1,
      3.7,
      2.8,
      2.7,
      5.8,
      0.0,
      2.5,
      43.1,
      4.0,
      43.2,
      5.4,
      4.1,
      5.3,
      53.9,
      4.0,
      3.2,
      5.4,
      63.5,
      3.7,
      7.4,
      2.4,
      53.9,
      3.6,
      3.9,
      10.2,
      2.8,
      6.3,
      53.3,
      13.1,
      3.9,
      5.0,
      1.1,
      4.0,
      2.2,
      4.6,
      6.1,
      6.4,
      14.2,
      3.0,
      3.8,
      5.5,
      4.0,
      1.0,
      53.8,
      1.7,
      6.4,
      43.7,
      3.0,
      8.2
    ],
    [
      2.8,
      3.4,
      50.3,
      52.9,
      3.6,
      41.3,
      0.12,
      3.6,
      4.1,
      2.7,
      8.5,
      4.1,
      2.9,
      1.9,
      3.7,
      4.5,
      2.5,
      0.0,
      41.3,
      3.5,
      41.4,
      6.6,
      4.2,
      3.5,
      52.1,
      4.1,
      3.3,
      5.5,
      66.3,
      2.7,
      5.6,
      2.5,
      52.1,
      1.8,
      4.1,
      7.5,
      3.0,
      6.4,
      51.5,
      15.0,
      4.1,
      3.7,
      1.8,
      4.1,
      2.3,
      3.3,
      5.0,
      5.4,
      24.9,
      1.2,
      2.6,
      4.4,
      4.2,
      1.7,
      52.1,
      1.9,
      5.2,
      41.9,
      3.2,
      8.3
    ],
    [
      29.1,
      27.6,
      69.2,
      37.6,
      28.5,
      1.0,
      41.3,
      27.2,
      27.0,
      29.6,
      20.9,
      28.1,
      28.9,
      29.8,
      28.6,
      27.7,
      43.1,
      41.3,
      0.0,
      33.2,
      0.068,
      31.4,
      33.3,
      33.5,
      38.4,
      34.3,
      34.9,
      25.2,
      52.6,
      33.4,
      38.9,
      35.1,
      38.4,
      40.3,
      34.2,
      28.7,
      34.6,
      24.2,
      37.8,
      45.5,
      33.2,
      31.6,
      41.7,
      33.1,
      34.5,
      31.8,
      31.0,
      40.9,
      16.6,
      39.9,
      33.2,
      33.2,
      34.3,
      42.1,
      38.4,
      42.4,
      30.4,
      0.55,
      35.1,
      31.6
    ],
    [
      1.8,
      0.75,
      50.9,
      40.9,
      1.8,
      27.2,
      3.5,
      0.8,
      2.7,
      0.7,
      6.2,
      2.0,
      1.9,
      2.1,
      1.0,
      2.5,
      4.0,
      3.5,
      33.2,
      0.0,
      29.3,
      5.9,
      1.5,
      4.1,
      40.0,
      3.8,
      1.1,
      2.9,
      54.2,
      2.3,
      6.1,
      3.6,
      40.0,
      2.4,
      3.3,
      4.9,
      0.9,
      3.8,
      39.4,
      16.5,
      0.55,
      2.7,
      4.5,
      1.0,
      3.0,
      2.2,
      2.4,
      8.2,
      11.6,
      2.8,
      0.7,
      0.4,
      3.6,
      4.4,
      40.0,
      4.8,
      2.7,
      29.8,
      3.6,
      8.8
    ],
    [
      29.2,
      27.6,
      69.3,
      37.7,
      28.6,
      0.068,
      41.4,
      27.3,
      27.1,
      29.7,
      20.9,
      28.2,
      29.0,
      29.9,
      28.7,
      27.7,
      43.2,
      41.4,
      0.068,
      29.3,
      0.0,
      31.3,
      33.2,
      40.1,
      38.4,
      34.0,
      33.7,
      25.1,
      52.6,
      40.7,
      38.8,
      35.0,
      38.4,
      40.2,
      34.1,
      28.6,
      34.1,
      24.1,
      43.7,
      45.4,
      33.5,
      31.6,
      41.6,
      32.8,
      34.4,
      31.7,
      30.9,
      40.8,
      16.5,
      39.8,
      33.2,
      33.1,
      34.2,
      42.0,
      44.2,
      42.3,
      30.4,
      0.9,
      35.0,
      31.5
    ],
    [
      6.3,
      6.8,
      52.4,
      47.5,
      4.9,
      31.4,
      6.6,
      5.2,
      4.5,
      6.1,
      8.4,
      7.2,
      5.8,
      4.9,
      5.0,
      8.0,
      5.4,
      6.6,
      31.4,
      5.9,
      31.3,
      0.0,
      5.0,
      7.4,
      48.6,
      4.5,
      5.8,
      4.1,
      66.2,
      5.6,
      9.9,
      5.2,
      48.6,
      5.7,
      4.5,
      4.0,
      4.3,
      5.5,
      48.1,
      11.8,
      5.4,
      6.9,
      5.0,
      5.7,
      4.1,
      6.5,
      7.6,
      10.0,
      13.9,
      6.1,
      6.2,
      6.9,
      4.6,
      4.9,
      48.7,
      6.2,
      8.0,
      28.9,
      3.5,
      0.55
    ],
    [
      2.5,
      1.5,
      51.5,
      41.0,
      2.5,
      27.3,
      4.2,
      1.2,
      0.18,
      2.3,
      6.3,
      3.1,
      2.6,
      2.8,
      2.6,
      3.6,
      4.1,
      4.2,
      33.3,
      1.5,
      33.2,
      5.0,
      0.0,
      4.3,
      40.4,
      1.7,
      2.0,
      1.0,
      54.7,
      2.6,
      6.7,
      3.8,
      40.4,
      2.6,
      0.95,
      3.4,
      1.9,
      2.3,
      39.9,
      14.3,
      1.4,
      3.3,
      3.1,
      0.6,
      3.3,
      2.9,
      3.7,
      8.5,
      10.7,
      3.0,
      1.7,
      2.9,
      1.0,
      3.0,
      40.4,
      5.0,
      3.1,
      26.6,
      2.3,
      4.8
    ],
    [
      2.9,
      3.9,
      49.2,
      41.9,
      4.1,
      30.4,
      3.5,
      4.1,
      4.6,
      3.2,
      8.9,
      2.9,
      2.5,
      2.4,
      4.2,
      3.3,
      5.3,
      3.5,
      33.5,
      4.1,
      40.1,
      7.4,
      4.3,
      0.0,
      51.2,
      5.7,
      4.9,
      5.5,
      63.5,
      1.0,
      4.6,
      4.9,
      51.2,
      1.6,
      5.9,
      7.5,
      5.3,
      6.4,
      50.6,
      17.4,
      4.5,
      2.9,
      4.3,
      4.0,
      4.6,
      3.0,
      4.2,
      5.9,
      24.0,
      2.2,
      2.6,
      4.4,
      6.2,
      4.2,
      51.2,
      4.5,
      5.1,
      41.1,
      5.1,
      10.3
    ],
    [
      39.9,
      41.5,
      36.6,
      0.16,
      42.3,
      38.4,
      52.1,
      41.2,
      41.4,
      40.4,
      35.8,
      38.9,
      39.7,
      32.8,
      34.6,
      42.8,
      53.9,
      52.1,
      38.4,
      40.0,
      38.4,
      48.6,
      40.4,
      51.2,
      0.0,
      46.8,
      47.1,
      41.2,
      11.2,
      57.2,
      50.5,
      51.5,
      0.025,
      56.6,
      50.0,
      44.9,
      42.3,
      39.7,
      0.65,
      68.4,
      41.3,
      48.3,
      58.1,
      49.3,
      50.9,
      48.4,
      47.4,
      58.3,
      32.7,
      56.5,
      46.1,
      40.9,
      46.9,
      58.0,
      0.003,
      58.3,
      43.0,
      49.8,
      51.5,
      47.8
    ],
    [
      3.4,
      1.0,
      51.3,
      42.1,
      1.8,
      30.5,
      4.1,
      1.3,
      1.5,
      3.2,
      7.4,
      3.7,
      2.9,
      2.0,
      1.9,
      4.2,
      4.0,
      4.1,
      34.3,
      3.8,
      34.0,
      4.5,
      1.7,
      5.7,
      46.8,
      0.0,
      3.9,
      4.4,
      63.5,
      4.6,
      7.9,
      0.8,
      54.0,
      4.4,
      0.75,
      8.7,
      0.8,
      5.4,
      53.4,
      15.0,
      3.5,
      5.9,
      1.4,
      3.8,
      3.0,
      5.5,
      5.7,
      6.5,
      13.8,
      3.7,
      4.3,
      5.1,
      0.4,
      1.4,
      54.0,
      2.9,
      6.2,
      29.7,
      0.3,
      5.9
    ],
    [
      1.1,
      1.5,
      51.2,
      41.9,
      0.031,
      28.2,
      3.3,
      1.7,
      2.2,
      0.35,
      7.4,
      3.5,
      2.1,
      0.13,
      0.044,
      4.3,
      3.2,
      3.3,
      34.9,
      1.1,
      33.7,
      5.8,
      2.0,
      4.9,
      47.1,
      3.9,
      0.0,
      3.9,
      56.6,
      0.75,
      6.6,
      1.4,
      42.4,
      0.9,
      2.7,
      6.0,
      1.4,
      4.9,
      34.0,
      15.8,
      1.3,
      3.7,
      2.3,
      2.5,
      0.9,
      3.3,
      4.8,
      7.4,
      12.7,
      2.8,
      0.6,
      0.75,
      2.8,
      2.2,
      42.4,
      4.8,
      5.1,
      32.2,
      1.6,
      6.7
    ],
    [
      3.8,
      2.9,
      52.3,
      41.2,
      3.8,
      25.2,
      5.5,
      2.6,
      2.3,
      3.6,
      5.1,
      4.4,
      3.9,
      4.1,
      3.9,
      4.9,
      5.4,
      5.5,
      25.2,
      2.9,
      25.1,
      4.1,
      1.0,
      5.5,
      41.2,
      4.4,
      3.9,
      0.0,
      54.4,
      4.3,
      8.4,
      4.3,
      40.2,
      4.4,
      2.7,
      3.7,
      3.4,
      1.4,
      39.6,
      14.8,
      3.1,
      4.9,
      4.8,
      2.4,
      4.0,
      4.4,
      4.2,
      10.2,
      10.3,
      4.7,
      3.4,
      3.5,
      2.8,
      4.7,
      40.1,
      6.7,
      3.3,
      25.3,
      4.1,
      7.0
    ],
    [
      54.1,
      55.8,
      23.6,
      11.2,
      56.5,
      52.6,
      66.3,
      55.4,
      55.7,
      54.6,
      50.0,
      53.1,
      53.9,
      54.8,
      56.6,
      52.6,
      63.5,
      66.3,
      52.6,
      54.2,
      52.6,
      66.2,
      54.7,
      63.5,
      11.2,
      63.5,
      56.6,
      54.4,
      0.0,
      63.3,
      61.4,
      63.9,
      11.4,
      62.8,
      54.4,
      57.5,
      54.9,
      52.3,
      13.7,
      76.1,
      53.9,
      55.7,
      62.7,
      53.5,
      63.7,
      55.9,
      55.1,
      64.5,
      45.3,
      62.5,
      53.8,
      53.4,
      54.5,
      62.7,
      11.4,
      63.3,
      50.8,
      57.5,
      55.5,
      60.4
    ],
    [
      1.5,
      2.1,
      49.8,
      41.8,
      0.8,
      30.2,
      2.7,
      2.3,
      2.8,
      1.4,
      7.2,
      2.8,
      1.1,
      0.9,
      0.7,
      3.2,
      3.7,
      2.7,
      33.4,
      2.3,
      40.7,
      5.6,
      2.6,
      1.0,
      57.2,
      4.6,
      0.75,
      4.3,
      63.3,
      0.0,
      4.2,
      3.1,
      51.1,
      0.4,
      4.7,
      6.8,
      3.6,
      5.7,
      50.5,
      15.6,
      4.7,
      2.9,
      2.2,
      3.3,
      2.9,
      2.6,
      4.1,
      5.9,
      23.8,
      0.45,
      1.9,
      3.7,
      4.8,
      2.1,
      51.0,
      2.5,
      4.4,
      40.9,
      3.8,
      8.9
    ],
    [
      4.5,
      6.2,
      47.9,
      50.5,
      6.5,
      38.9,
      5.6,
      6.4,
      6.9,
      5.5,
      10.5,
      4.5,
      4.1,
      4.9,
      6.6,
      4.8,
      7.4,
      5.6,
      38.9,
      6.1,
      38.8,
      9.9,
      6.7,
      4.6,
      50.5,
      7.9,
      6.6,
      8.4,
      61.4,
      4.2,
      0.0,
      7.3,
      49.8,
      4.1,
      8.9,
      10.1,
      7.8,
      8.5,
      49.2,
      19.6,
      7.1,
      4.1,
      5.7,
      6.6,
      6.8,
      4.2,
      5.3,
      8.0,
      22.5,
      4.8,
      5.2,
      6.9,
      9.0,
      6.7,
      49.8,
      7.1,
      6.8,
      39.6,
      7.3,
      12.5
    ],
    [
      2.8,
      3.4,
      50.4,
      42.9,
      1.3,
      31.4,
      2.5,
      1.1,
      2.7,
      2.6,
      8.7,
      3.8,
      2.4,
      1.5,
      1.4,
      4.5,
      2.4,
      2.5,
      35.1,
      3.6,
      35.0,
      5.2,
      3.8,
      4.9,
      51.5,
      0.8,
      1.4,
      4.3,
      63.9,
      3.1,
      7.3,
      0.0,
      42.1,
      2.7,
      0.75,
      5.0,
      0.45,
      3.9,
      41.0,
      14.1,
      0.9,
      3.9,
      2.3,
      1.6,
      0.4,
      3.5,
      3.8,
      7.4,
      11.8,
      3.1,
      2.4,
      3.1,
      0.6,
      2.2,
      42.1,
      5.1,
      4.0,
      31.9,
      1.6,
      6.3
    ],
    [
      39.9,
      41.5,
      36.6,
      0.0,
      42.3,
      38.4,
      52.1,
      41.2,
      41.4,
      40.4,
      35.8,
      38.9,
      39.7,
      32.8,
      34.6,
      38.4,
      53.9,
      52.1,
      38.4,
      40.0,
      38.4,
      48.6,
      40.4,
      51.2,
      0.025,
      54.0,
      42.4,
      40.2,
      11.4,
      51.1,
      49.8,
      42.1,
      0.0,
      51.8,
      41.9,
      44.9,
      42.1,
      39.7,
      2.8,
      68.4,
      41.3,
      43.1,
      53.2,
      40.8,
      42.4,
      40.2,
      42.4,
      53.4,
      32.7,
      51.4,
      41.2,
      40.9,
      42.0,
      53.1,
      0.097,
      54.0,
      38.3,
      44.9,
      42.9,
      47.8
    ],
    [
      1.5,
      2.2,
      49.3,
      51.8,
      0.95,
      40.3,
      1.8,
      2.4,
      2.9,
      1.5,
      7.3,
      2.6,
      1.2,
      1.0,
      0.85,
      2.9,
      3.6,
      1.8,
      40.3,
      2.4,
      40.2,
      5.7,
      2.6,
      1.6,
      56.6,
      4.4,
      0.9,
      4.4,
      62.8,
      0.4,
      4.1,
      2.7,
      51.8,
      0.0,
      4.7,
      5.9,
      3.8,
      4.8,
      40.7,
      15.8,
      3.0,
      1.9,
      2.4,
      2.4,
      3.0,
      1.7,
      3.1,
      7.2,
      12.2,
      0.65,
      1.0,
      2.8,
      4.6,
      2.4,
      41.2,
      2.7,
      3.6,
      31.1,
      3.6,
      8.8
    ],
    [
      4.3,
      0.65,
      51.3,
      41.9,
      2.6,
      30.3,
      4.1,
      0.65,
      0.75,
      4.2,
      7.2,
      3.1,
      3.9,
      3.0,
      2.7,
      3.7,
      3.9,
      4.1,
      34.2,
      3.3,
      34.1,
      4.5,
      0.95,
      5.9,
      50.0,
      0.75,
      2.7,
      2.7,
      54.4,
      4.7,
      8.9,
      0.75,
      41.9,
      4.7,
      0.0,
      4.9,
      0.4,
      3.8,
      41.4,
      13.9,
      0.75,
      4.9,
      2.1,
      2.2,
      3.0,
      4.4,
      4.4,
      7.2,
      12.2,
      4.5,
      3.2,
      4.4,
      0.35,
      2.0,
      41.9,
      3.6,
      4.6,
      31.8,
      1.4,
      6.6
    ],
    [
      5.8,
      4.9,
      57.8,
      44.9,
      5.9,
      28.7,
      7.5,
      4.6,
      4.3,
      5.6,
      7.5,
      6.4,
      6.2,
      9.5,
      6.0,
      6.9,
      10.2,
      7.5,
      28.7,
      4.9,
      28.6,
      4.0,
      3.4,
      7.5,
      44.9,
      8.7,
      6.0,
      3.7,
      57.5,
      6.8,
      10.1,
      5.0,
      44.9,
      5.9,
      4.9,
      0.0,
      5.8,
      5.2,
      42.8,
      14.0,
      4.9,
      6.8,
      7.3,
      4.2,
      6.4,
      6.4,
      8.3,
      13.0,
      12.9,
      6.5,
      5.2,
      7.6,
      5.3,
      7.2,
      43.4,
      8.5,
      7.7,
      28.4,
      8.7,
      5.1
    ],
    [
      3.2,
      0.25,
      51.1,
      42.3,
      1.3,
      30.7,
      3.0,
      0.75,
      1.7,
      3.1,
      8.1,
      4.2,
      2.8,
      1.9,
      1.4,
      5.0,
      2.8,
      3.0,
      34.6,
      0.9,
      34.1,
      4.3,
      1.9,
      5.3,
      42.3,
      0.8,
      1.4,
      3.4,
      54.9,
      3.6,
      7.8,
      0.45,
      42.1,
      3.8,
      0.4,
      5.8,
      0.0,
      3.7,
      41.3,
      13.8,
      0.5,
      3.5,
      1.9,
      1.4,
      1.0,
      3.1,
      3.6,
      7.0,
      12.1,
      2.6,
      1.7,
      2.9,
      0.5,
      1.8,
      41.8,
      3.4,
      3.7,
      31.7,
      1.2,
      6.4
    ],
    [
      4.7,
      3.8,
      58.4,
      39.7,
      4.8,
      24.2,
      6.4,
      3.5,
      3.2,
      4.5,
      4.8,
      3.8,
      4.4,
      5.4,
      4.9,
      4.1,
      6.3,
      6.4,
      24.2,
      3.8,
      24.1,
      5.5,
      2.3,
      6.4,
      39.7,
      5.4,
      4.9,
      1.4,
      52.3,
      5.7,
      8.5,
      3.9,
      39.7,
      4.8,
      3.8,
      5.2,
      3.7,
      0.0,
      38.7,
      16.2,
      3.9,
      4.1,
      5.6,
      2.7,
      4.4,
      3.6,
      3.5,
      10.6,
      9.4,
      4.2,
      3.1,
      2.7,
      3.6,
      5.5,
      39.3,
      6.2,
      2.5,
      24.8,
      4.9,
      5.3
    ],
    [
      39.3,
      40.9,
      37.6,
      0.75,
      41.7,
      37.8,
      51.5,
      40.6,
      33.3,
      39.8,
      35.2,
      38.3,
      39.1,
      32.2,
      34.0,
      37.8,
      53.3,
      51.5,
      37.8,
      39.4,
      43.7,
      48.1,
      39.9,
      50.6,
      0.65,
      53.4,
      34.0,
      39.6,
      13.7,
      50.5,
      49.2,
      41.0,
      2.8,
      40.7,
      41.4,
      42.8,
      41.3,
      38.7,
      0.0,
      67.5,
      40.4,
      42.4,
      52.9,
      40.0,
      45.2,
      42.5,
      41.7,
      52.6,
      31.9,
      50.7,
      40.4,
      40.0,
      41.1,
      52.8,
      0.21,
      53.1,
      37.4,
      44.1,
      42.1,
      46.9
    ],
    [
      16.3,
      15.7,
      62.6,
      68.4,
      15.7,
      45.5,
      15.0,
      14.8,
      14.2,
      16.1,
      19.9,
      17.2,
      15.8,
      14.9,
      15.8,
      18.0,
      13.1,
      15.0,
      45.5,
      16.5,
      45.4,
      11.8,
      14.3,
      17.4,
      68.4,
      15.0,
      15.8,
      14.8,
      76.1,
      15.6,
      19.6,
      14.1,
      68.4,
      15.8,
      13.9,
      14.0,
      13.8,
      16.2,
      67.5,
      0.0,
      10.3,
      13.2,
      8.9,
      10.3,
      10.9,
      12.8,
      12.8,
      16.7,
      19.6,
      10.7,
      11.1,
      11.9,
      9.6,
      8.9,
      89.7,
      9.4,
      12.6,
      35.0,
      8.2,
      5.8
    ],
    [
      4.3,
      0.35,
      52.2,
      41.3,
      2.6,
      29.7,
      4.1,
      0.23,
      1.1,
      1.1,
      7.0,
      2.7,
      3.9,
      3.0,
      1.3,
      3.2,
      3.9,
      4.1,
      33.2,
      0.55,
      33.5,
      5.4,
      1.4,
      4.5,
      41.3,
      3.5,
      1.3,
      3.1,
      53.9,
      4.7,
      7.1,
      0.9,
      41.3,
      3.0,
      0.75,
      4.9,
      0.5,
      3.9,
      40.4,
      10.3,
      0.0,
      3.1,
      3.0,
      1.2,
      3.0,
      2.6,
      3.4,
      8.0,
      11.4,
      2.7,
      1.4,
      0.85,
      1.0,
      2.9,
      41.2,
      4.7,
      3.6,
      27.9,
      2.2,
      7.4
    ],
    [
      1.0,
      2.9,
      49.4,
      40.1,
      3.6,
      28.5,
      3.7,
      3.0,
      3.6,
      2.2,
      7.1,
      1.2,
      0.75,
      1.9,
      3.7,
      1.2,
      5.0,
      3.7,
      31.6,
      2.7,
      31.6,
      6.9,
      3.3,
      2.9,
      48.3,
      5.9,
      3.7,
      4.9,
      55.7,
      2.9,
      4.1,
      3.9,
      43.1,
      1.9,
      4.9,
      6.8,
      3.5,
      4.1,
      42.4,
      13.2,
      3.1,
      0.0,
      4.5,
      3.0,
      2.9,
      0.4,
      2.3,
      8.1,
      11.7,
      2.7,
      1.6,
      2.9,
      5.1,
      4.4,
      40.4,
      4.7,
      3.0,
      33.2,
      3.4,
      8.6
    ],
    [
      3.7,
      3.4,
      49.2,
      53.7,
      2.2,
      42.2,
      1.8,
      2.9,
      2.9,
      3.6,
      8.8,
      5.0,
      3.3,
      2.4,
      2.3,
      5.4,
      1.1,
      1.8,
      41.7,
      4.5,
      41.6,
      5.0,
      3.1,
      4.3,
      58.1,
      1.4,
      2.3,
      4.8,
      62.7,
      2.2,
      5.7,
      2.3,
      53.2,
      2.4,
      2.1,
      7.3,
      1.9,
      5.6,
      52.9,
      8.9,
      3.0,
      4.5,
      0.0,
      3.7,
      1.9,
      4.3,
      5.9,
      5.2,
      25.4,
      2.4,
      3.8,
      5.6,
      3.8,
      0.088,
      52.6,
      1.4,
      6.2,
      42.5,
      2.7,
      7.9
    ],
    [
      2.3,
      1.4,
      52.1,
      40.9,
      2.4,
      29.3,
      4.1,
      1.1,
      0.75,
      2.1,
      6.2,
      2.9,
      2.7,
      2.6,
      2.5,
      3.0,
      4.0,
      4.1,
      33.1,
      1.0,
      32.8,
      5.7,
      0.6,
      4.0,
      49.3,
      3.8,
      2.5,
      2.4,
      53.5,
      3.3,
      6.6,
      1.6,
      40.8,
      2.4,
      2.2,
      4.2,
      1.4,
      2.7,
      40.0,
      10.3,
      1.2,
      3.0,
      3.7,
      0.0,
      3.6,
      3.2,
      3.5,
      9.8,
      10.6,
      3.3,
      2.0,
      2.7,
      2.2,
      3.8,
      40.3,
      5.3,
      2.9,
      30.1,
      3.1,
      8.3
    ],
    [
      2.2,
      2.8,
      50.2,
      42.4,
      0.8,
      30.8,
      2.6,
      1.3,
      2.3,
      2.1,
      7.9,
      3.2,
      1.8,
      0.9,
      0.9,
      4.0,
      2.2,
      2.3,
      34.5,
      3.0,
      34.4,
      4.1,
      3.3,
      4.6,
      50.9,
      3.0,
      0.9,
      4.0,
      63.7,
      2.9,
      6.8,
      0.4,
      42.4,
      3.0,
      3.0,
      6.4,
      1.0,
      4.4,
      45.2,
      10.9,
      3.0,
      2.9,
      1.9,
      3.6,
      0.0,
      2.4,
      3.9,
      6.5,
      12.3,
      1.9,
      1.5,
      2.6,
      1.0,
      1.3,
      41.5,
      3.9,
      4.2,
      31.3,
      0.6,
      5.7
    ],
    [
      0.65,
      2.4,
      49.6,
      40.2,
      3.2,
      28.6,
      3.3,
      2.6,
      3.1,
      1.7,
      6.6,
      1.0,
      0.65,
      1.5,
      3.3,
      1.2,
      4.6,
      3.3,
      31.8,
      2.2,
      31.7,
      6.5,
      2.9,
      3.0,
      48.4,
      5.5,
      3.3,
      4.4,
      55.9,
      2.6,
      4.2,
      3.5,
      40.2,
      1.7,
      4.4,
      6.4,
      3.1,
      3.6,
      42.5,
      12.8,
      2.6,
      0.4,
      4.3,
      3.2,
      2.4,
      0.0,
      1.8,
      8.0,
      11.8,
      2.6,
      1.2,
      2.5,
      4.8,
      3.9,
      39.9,
      4.6,
      2.7,
      29.8,
      3.1,
      8.3
    ],
    [
      2.3,
      3.7,
      56.8,
      39.1,
      4.7,
      27.6,
      4.9,
      3.4,
      3.4,
      2.8,
      6.0,
      0.9,
      2.1,
      3.0,
      4.8,
      0.75,
      6.1,
      5.0,
      31.0,
      2.4,
      30.9,
      7.6,
      3.7,
      4.2,
      47.4,
      5.7,
      4.8,
      4.2,
      55.1,
      4.1,
      5.3,
      3.8,
      42.4,
      3.1,
      4.4,
      8.3,
      3.6,
      3.5,
      41.7,
      12.8,
      3.4,
      2.3,
      5.9,
      3.5,
      3.9,
      1.8,
      0.0,
      9.2,
      10.3,
      3.8,
      2.6,
      2.3,
      3.6,
      5.2,
      38.4,
      5.8,
      1.3,
      28.3,
      4.4,
      9.6
    ],
    [
      7.4,
      8.0,
      48.7,
      52.4,
      8.2,
      40.9,
      5.4,
      8.2,
      8.0,
      7.3,
      22.9,
      7.7,
      7.2,
      6.5,
      7.4,
      8.0,
      6.4,
      5.4,
      40.9,
      8.2,
      40.8,
      10.0,
      8.5,
      5.9,
      58.3,
      6.5,
      7.4,
      10.2,
      64.5,
      5.9,
      8.0,
      7.4,
      53.4,
      7.2,
      7.2,
      13.0,
      7.0,
      10.6,
      52.6,
      16.7,
      8.0,
      8.1,
      5.2,
      9.8,
      6.5,
      8.0,
      9.2,
      0.0,
      24.4,
      5.0,
      6.4,
      8.2,
      8.9,
      5.8,
      51.6,
      6.5,
      9.7,
      41.5,
      7.8,
      12.6
    ],
    [
      11.7,
      11.7,
      64.3,
      32.7,
      12.6,
      16.6,
      14.3,
      11.4,
      11.7,
      11.8,
      5.8,
      10.7,
      11.1,
      12.0,
      12.7,
      10.3,
      14.2,
      24.9,
      16.6,
      11.6,
      16.5,
      13.9,
      10.7,
      24.0,
      32.7,
      13.8,
      12.7,
      10.3,
      45.3,
      23.8,
      22.5,
      11.8,
      32.7,
      12.2,
      12.2,
      12.9,
      12.1,
      9.4,
      31.9,
      19.6,
      11.4,
      11.7,
      25.4,
      10.6,
      12.3,
      11.8,
      10.3,
      24.4,
      0.0,
      26.9,
      10.9,
      10.6,
      11.7,
      25.7,
      31.6,
      26.1,
      13.7,
      16.8,
      12.5,
      16.4
    ],
    [
      1.9,
      2.5,
      49.0,
      51.5,
      2.7,
      39.9,
      1.2,
      2.7,
      3.2,
      1.8,
      7.6,
      3.2,
      2.0,
      1.0,
      2.8,
      3.6,
      3.0,
      1.2,
      39.9,
      2.8,
      39.8,
      6.1,
      3.0,
      2.2,
      56.5,
      3.7,
      2.8,
      4.7,
      62.5,
      0.45,
      4.8,
      3.1,
      51.4,
      0.65,
      4.5,
      6.5,
      2.6,
      4.2,
      50.7,
      10.7,
      2.7,
      2.7,
      2.4,
      3.3,
      1.9,
      2.6,
      3.8,
      5.0,
      26.9,
      0.0,
      1.4,
      3.2,
      4.3,
      1.7,
      50.9,
      2.0,
      4.0,
      40.7,
      3.3,
      8.5
    ],
    [
      0.55,
      1.2,
      50.1,
      41.2,
      0.65,
      29.6,
      2.6,
      1.4,
      1.9,
      0.4,
      6.5,
      1.9,
      0.9,
      0.75,
      0.55,
      2.7,
      3.8,
      2.6,
      33.2,
      0.7,
      33.2,
      6.2,
      1.7,
      2.6,
      46.1,
      4.3,
      0.6,
      3.4,
      53.8,
      1.9,
      5.2,
      2.4,
      41.2,
      1.0,
      3.2,
      5.2,
      1.7,
      3.1,
      40.4,
      11.1,
      1.4,
      1.6,
      3.8,
      2.0,
      1.5,
      1.2,
      2.6,
      6.4,
      10.9,
      1.4,
      0.0,
      0.35,
      3.8,
      3.5,
      40.4,
      3.8,
      3.2,
      30.3,
      2.6,
      7.8
    ],
    [
      0.9,
      1.0,
      51.9,
      40.9,
      0.75,
      29.3,
      4.4,
      1.1,
      2.7,
      0.35,
      6.2,
      2.0,
      2.3,
      0.85,
      0.7,
      2.5,
      5.5,
      4.4,
      33.2,
      0.4,
      33.1,
      6.9,
      2.9,
      4.4,
      40.9,
      5.1,
      0.75,
      3.5,
      53.4,
      3.7,
      6.9,
      3.1,
      40.9,
      2.8,
      4.4,
      7.6,
      2.9,
      2.7,
      40.0,
      11.9,
      0.85,
      2.9,
      5.6,
      2.7,
      2.6,
      2.5,
      2.3,
      8.2,
      10.6,
      3.2,
      0.35,
      0.0,
      3.5,
      5.0,
      40.2,
      5.0,
      3.0,
      30.1,
      3.9,
      5.7
    ],
    [
      4.4,
      0.7,
      51.4,
      42.0,
      2.7,
      30.4,
      4.2,
      1.0,
      0.85,
      4.3,
      7.3,
      3.5,
      4.0,
      3.1,
      2.8,
      4.0,
      4.0,
      4.2,
      34.3,
      3.6,
      34.2,
      4.6,
      1.0,
      6.2,
      46.9,
      0.4,
      2.8,
      2.8,
      54.5,
      4.8,
      9.0,
      0.6,
      42.0,
      4.6,
      0.35,
      5.3,
      0.5,
      3.6,
      41.1,
      9.6,
      1.0,
      5.1,
      3.8,
      2.2,
      1.0,
      4.8,
      3.6,
      8.9,
      11.7,
      4.3,
      3.8,
      3.5,
      0.0,
      3.2,
      41.6,
      4.7,
      4.2,
      27.8,
      0.65,
      4.1
    ],
    [
      3.6,
      3.3,
      49.1,
      53.6,
      2.1,
      42.1,
      1.7,
      2.8,
      2.8,
      3.5,
      8.7,
      4.9,
      3.2,
      2.3,
      2.2,
      5.3,
      1.0,
      1.7,
      42.1,
      4.4,
      42.0,
      4.9,
      3.0,
      4.2,
      58.0,
      1.4,
      2.2,
      4.7,
      62.7,
      2.1,
      6.7,
      2.2,
      53.1,
      2.4,
      2.0,
      7.2,
      1.8,
      5.5,
      52.8,
      8.9,
      2.9,
      4.4,
      0.088,
      3.8,
      1.3,
      3.9,
      5.2,
      5.8,
      25.7,
      1.7,
      3.5,
      5.0,
      3.2,
      0.0,
      52.7,
      1.5,
      6.3,
      42.6,
      2.8,
      8.0
    ],
    [
      39.9,
      41.5,
      36.7,
      0.23,
      42.3,
      38.4,
      52.1,
      41.2,
      41.4,
      40.4,
      35.8,
      38.8,
      39.7,
      32.8,
      34.6,
      38.4,
      53.8,
      52.1,
      38.4,
      40.0,
      44.2,
      48.7,
      40.4,
      51.2,
      0.003,
      54.0,
      42.4,
      40.1,
      11.4,
      51.0,
      49.8,
      42.1,
      0.097,
      41.2,
      41.9,
      43.4,
      41.8,
      39.3,
      0.21,
      89.7,
      41.2,
      40.4,
      52.6,
      40.3,
      41.5,
      39.9,
      38.4,
      51.6,
      31.6,
      50.9,
      40.4,
      40.2,
      41.6,
      52.7,
      0.0,
      53.3,
      37.6,
      44.3,
      42.3,
      47.1
    ],
    [
      3.9,
      4.5,
      49.7,
      54.0,
      4.7,
      42.4,
      2.1,
      4.7,
      4.3,
      3.8,
      9.6,
      5.3,
      4.0,
      3.0,
      4.8,
      5.6,
      1.7,
      1.9,
      42.4,
      4.8,
      42.3,
      6.2,
      5.0,
      4.5,
      58.3,
      2.9,
      4.8,
      6.7,
      63.3,
      2.5,
      7.1,
      5.1,
      54.0,
      2.7,
      3.6,
      8.5,
      3.4,
      6.2,
      53.1,
      9.4,
      4.7,
      4.7,
      1.4,
      5.3,
      3.9,
      4.6,
      5.8,
      6.5,
      26.1,
      2.0,
      3.8,
      5.0,
      4.7,
      1.5,
      53.3,
      0.0,
      4.7,
      31.8,
      1.3,
      6.5
    ],
    [
      2.6,
      3.9,
      56.3,
      38.3,
      5.0,
      26.7,
      5.2,
      3.6,
      4.0,
      3.1,
      5.3,
      2.1,
      2.4,
      3.3,
      5.1,
      1.8,
      6.4,
      5.2,
      30.4,
      2.7,
      30.4,
      8.0,
      3.1,
      5.1,
      43.0,
      6.2,
      5.1,
      3.3,
      50.8,
      4.4,
      6.8,
      4.0,
      38.3,
      3.6,
      4.6,
      7.7,
      3.7,
      2.5,
      37.4,
      12.6,
      3.6,
      3.0,
      6.2,
      2.9,
      4.2,
      2.7,
      1.3,
      9.7,
      13.7,
      4.0,
      3.2,
      3.0,
      4.2,
      6.3,
      37.6,
      4.7,
      0.0,
      27.4,
      4.8,
      10.0
    ],
    [
      29.7,
      28.2,
      69.8,
      38.2,
      29.1,
      0.5,
      41.9,
      27.8,
      27.6,
      30.2,
      21.5,
      28.7,
      29.5,
      30.4,
      29.2,
      28.3,
      43.7,
      41.9,
      0.55,
      29.8,
