{
  "drive_dist_matrix": [
    [
      0.0,
      6.1,
      4.6,
      7.4,
      13.3,
      5.9,
      9.2,
      20.0,
      2.6,
      11.1,
      1.5,
      10.2,
      19.0,
      25.4,
      11.0,
      5.4,
      7.0,
      26.5,
      12.3,
      24.3,
      4.8,
      16.4,
      9.8,
      8.9,
      16.3,
      11.0,
      7.8,
      11.1,
      7.5,
      10.4,
      17.6,
      6.7,
      11.1,
      5.3,
      18.8,
      12.1,
      4.8,
      18.7,
      17.7,
      18.2,
      7.5,
      13.0,
      8.8,
      18.3,
      17.9,
      11.0,
      95.9,
      11.0,
      81.4,
      82.1,
      98.1,
      101.0,
      99.2,
      24.4,
      25.2,
      17.5
    ],
    [
      6.1,
      0.0,
      3.0,
      4.5,
      6.5,
      5.4,
      7.2,
      18.4,
      7.5,
      5.6,
      4.7,
      8.2,
      17.3,
      26.4,
      12.2,
      2.2,
      4.2,
      27.5,
      6.0,
      21.3,
      7.9,
      16.4,
      4.2,
      7.9,
      10.8,
      6.5,
      5.1,
      5.6,
      4.6,
      8.4,
      17.1,
      12.2,
      4.6,
      0.6,
      21.0,
      11.2,
      1.3,
      13.3,
      16.0,
      12.7,
      4.3,
      17.8,
      5.5,
      7.8,
      9.2,
      5.6,
      96.8,
      8.5,
      82.3,
      83.0,
      99.1,
      102.0,
      100.0,
      17.5,
      22.3,
      12.1
    ],
    [
      4.6,
      3.0,
      0.0,
      3.2,
      9.2,
      4.1,
      5.6,
      16.9,
      6.7,
      6.9,
      4.0,
      6.7,
      15.8,
      25.6,
      10.7,
      1.2,
      2.9,
      26.7,
      7.4,
      19.5,
      7.0,
      12.4,
      6.5,
      6.6,
      12.1,
      5.0,
      3.6,
      6.9,
      3.3,
      6.9,
      13.6,
      11.4,
      7.0,
      1.9,
      20.3,
      8.1,
      2.0,
      15.0,
      14.5,
      14.0,
      3.3,
      17.1,
      4.7,
      9.0,
      10.5,
      6.9,
      96.1,
      7.0,
      81.6,
      82.3,
      98.3,
      101.0,
      99.4,
      18.8,
      20.4,
      13.4
    ],
    [
      7.4,
      4.5,
      3.2,
      0.0,
      8.2,
      6.0,
      2.7,
      12.2,
      9.2,
      3.6,
      6.4,
      3.7,
      14.3,
      22.1,
      4.4,
      2.7,
      0.7,
      23.6,
      6.4,
      18.5,
      6.5,
      11.3,
      3.3,
      3.4,
      4.9,
      2.1,
      0.65,
      3.6,
      0.3,
      3.9,
      14.1,
      15.6,
      3.7,
      4.3,
      22.7,
      8.2,
      4.4,
      14.0,
      5.6,
      13.1,
      0.85,
      15.8,
      2.2,
      8.1,
      9.5,
      5.9,
      98.6,
      6.9,
      84.0,
      84.7,
      101.0,
      104.0,
      102.0,
      17.8,
      19.5,
      12.4
    ],
    [
      13.3,
      6.5,
      9.2,
      8.2,
      0.0,
      10.5,
      8.6,
      15.0,
      13.0,
      1.0,
      13.4,
      9.7,
      13.8,
      34.2,
      6.8,
      6.5,
      4.3,
      35.3,
      0.55,
      13.3,
      10.9,
      14.1,
      1.8,
      9.3,
      4.3,
      4.5,
      6.6,
      1.0,
      4.8,
      9.9,
      16.0,
      20.1,
      1.6,
      5.9,
      27.7,
      12.6,
      6.7,
      10.8,
      9.7,
      5.9,
      3.7,
      20.3,
      4.1,
      4.7,
      2.4,
      0.7,
      105.0,
      11.4,
      90.1,
      90.9,
      107.0,
      110.0,
      108.0,
      12.6,
      14.3,
      7.1
    ],
    [
      5.9,
      5.4,
      4.1,
      6.0,
      10.5,
      0.0,
      5.1,
      16.0,
      8.2,
      10.3,
      4.4,
      6.1,
      14.9,
      22.2,
      6.9,
      4.0,
      5.9,
      29.5,
      10.7,
      22.8,
      4.4,
      12.4,
      9.8,
      4.9,
      15.5,
      6.9,
      5.8,
      10.3,
      6.2,
      6.3,
      13.5,
      15.8,
      10.3,
      4.8,
      20.8,
      8.0,
      4.3,
      18.3,
      13.6,
      17.3,
      7.9,
      15.9,
      8.0,
      12.4,
      13.8,
      10.2,
      98.8,
      7.0,
      84.3,
      85.0,
      101.0,
      104.0,
      102.0,
      22.1,
      23.8,
      16.7
    ],
    [
      9.2,
      7.2,
      5.6,
      2.7,
      8.6,
      5.1,
      0.0,
      10.7,
      11.1,
      5.0,
      8.1,
      1.0,
      9.0,
      22.1,
      1.8,
      4.6,
      2.8,
      23.7,
      8.9,
      21.0,
      5.7,
      9.8,
      5.0,
      0.7,
      8.8,
      2.2,
      2.1,
      5.0,
      2.7,
      1.2,
      9.4,
      15.7,
      5.1,
      6.9,
      24.7,
      7.0,
      6.4,
      16.5,
      5.4,
      8.1,
      2.8,
      15.8,
      3.5,
      10.6,
      12.0,
      8.4,
      103.0,
      5.6,
      89.0,
      89.7,
      106.0,
      109.0,
      107.0,
      20.3,
      22.0,
      8.6
    ],
    [
      20.0,
      18.4,
      16.9,
      12.2,
      15.0,
      16.0,
      10.7,
      0.0,
      32.9,
      18.5,
      25.9,
      17.1,
      14.7,
      30.4,
      16.3,
      26.0,
      17.4,
      31.9,
      20.1,
      31.7,
      22.5,
      9.8,
      18.0,
      16.7,
      16.3,
      15.2,
      21.7,
      18.5,
      17.9,
      17.3,
      12.0,
      28.3,
      19.1,
      26.0,
      45.2,
      15.1,
      26.8,
      29.3,
      12.9,
      16.4,
      18.3,
      28.5,
      17.3,
      23.4,
      20.6,
      18.5,
      90.3,
      13.6,
      105.0,
      107.0,
      92.6,
      95.5,
      93.6,
      21.5,
      32.6,
      15.7
    ],
    [
      2.6,
      7.5,
      6.7,
      9.2,
      13.0,
      8.2,
      11.1,
      32.9,
      0.0,
      12.5,
      4.9,
      12.3,
      23.7,
      22.6,
      NaN,
      6.8,
      8.5,
      23.7,
      15.2,
      22.9,
      8.4,
      18.1,
      12.1,
      12.3,
      18.2,
      10.6,
      9.2,
      12.5,
      8.9,
      12.5,
      25.6,
      5.1,
      12.6,
      7.4,
      17.4,
      16.5,
      7.0,
      17.3,
      22.4,
      20.1,
      8.9,
      9.8,
      10.3,
      16.9,
      16.5,
      12.5,
      93.0,
      12.7,
      78.5,
      79.2,
      95.2,
      98.2,
      96.3,
      23.0,
      23.9,
      19.4
    ],
    [
      11.1,
      5.6,
      6.9,
      3.6,
      1.0,
      10.3,
      5.0,
      18.5,
      12.5,
      0.0,
      9.0,
      8.0,
      13.6,
      35.3,
      5.9,
      4.7,
      3.3,
      36.4,
      1.6,
      13.7,
      9.3,
      12.4,
      0.8,
      7.7,
      4.0,
      3.6,
      5.0,
      NaN,
      3.8,
      8.2,
      14.3,
      18.5,
      0.45,
      4.9,
      28.8,
      11.0,
      5.7,
      13.1,
      8.0,
      5.6,
      2.7,
      18.7,
      3.1,
      5.1,
      4.7,
      0.55,
      106.0,
      9.8,
      91.3,
      92.0,
      108.0,
      111.0,
      109.0,
      12.3,
      14.7,
      6.9
    ],
    [
      1.5,
      4.7,
      4.0,
      6.4,
      13.4,
      4.4,
      8.1,
      25.9,
      4.9,
      9.0,
      0.0,
      9.0,
      17.8,
      29.0,
      9.8,
      4.2,
      5.8,
      30.1,
      11.1,
      24.2,
      3.6,
      15.2,
      8.6,
      7.7,
      15.1,
      9.8,
      6.6,
      9.9,
      6.3,
      9.2,
      16.4,
      10.0,
      9.9,
      4.1,
      18.7,
      10.9,
      3.6,
      18.6,
      16.5,
      17.0,
      6.3,
      13.0,
      7.6,
      12.0,
      17.8,
      9.8,
      99.5,
      9.8,
      84.9,
      85.6,
      102.0,
      105.0,
      103.0,
      24.3,
      25.1,
      16.3
    ],
    [
      10.2,
      8.2,
      6.7,
      3.7,
      9.7,
      6.1,
      1.0,
      17.1,
      12.3,
      8.0,
      9.0,
      0.0,
      10.4,
      20.7,
      2.4,
      5.6,
      3.8,
      22.3,
      9.7,
      21.8,
      6.0,
      8.9,
      6.0,
      1.1,
      9.8,
      3.3,
      3.1,
      6.1,
      3.7,
      1.3,
      10.1,
      14.3,
      6.1,
      7.7,
      25.7,
      6.5,
      7.4,
      17.3,
      6.4,
      9.2,
      3.8,
      14.4,
      4.5,
      11.4,
      12.8,
      9.2,
      102.0,
      5.5,
      87.5,
      88.2,
      104.0,
      107.0,
      105.0,
      15.6,
      22.8,
      11.6
    ],
    [
      19.0,
      17.3,
      15.8,
      14.3,
      13.8,
      14.9,
      9.0,
      14.7,
      23.7,
      13.6,
      17.8,
      10.4,
      0.0,
      33.7,
      14.2,
      20.8,
      19.7,
      35.3,
      18.6,
      30.2,
      20.3,
      12.9,
      18.0,
      15.8,
      16.2,
      16.3,
      19.6,
      18.9,
      20.1,
      15.9,
      15.5,
      26.2,
      19.5,
      22.6,
      39.8,
      18.7,
      23.4,
      28.0,
      11.4,
      12.2,
      21.7,
      26.4,
      17.3,
      22.1,
      19.1,
      18.8,
      96.7,
      17.5,
      99.5,
      100.0,
      99.0,
      102.0,
      100.0,
      16.8,
      36.5,
      12.1
    ],
    [
      25.4,
      26.4,
      25.6,
      22.1,
      34.2,
      22.2,
      22.1,
      30.4,
      22.6,
      35.3,
      29.0,
      20.7,
      33.7,
      0.0,
      21.4,
      26.9,
      NaN,
      1.6,
      35.3,
      43.0,
      21.8,
      23.5,
      26.0,
      21.3,
      28.5,
      22.6,
      21.9,
      26.4,
      22.4,
      20.6,
      20.7,
      17.0,
      26.5,
      27.5,
      26.7,
      19.3,
      27.0,
      35.5,
      25.2,
      27.9,
      24.1,
      9.0,
      24.2,
      37.0,
      36.6,
      26.4,
      77.6,
      18.5,
      51.5,
      53.8,
      79.9,
      82.8,
      80.9,
      34.2,
      49.2,
      27.7
    ],
    [
      11.0,
      12.2,
      10.7,
      4.4,
      6.8,
      6.9,
      1.8,
      16.3,
      NaN,
      5.9,
      9.8,
      2.4,
      14.2,
      21.4,
      0.0,
      8.4,
      7.4,
      21.9,
      12.2,
      24.3,
      8.0,
      6.7,
      11.4,
      1.6,
      10.0,
      2.5,
      4.1,
      11.8,
      4.7,
      1.7,
      7.9,
      13.9,
      11.8,
      10.3,
      27.4,
      6.4,
      11.1,
      19.8,
      6.7,
      9.4,
      4.8,
      14.1,
      3.9,
      13.9,
      15.3,
      11.7,
      102.0,
      5.2,
      87.2,
      87.9,
      104.0,
      107.0,
      105.0,
      15.0,
      25.3,
      9.2
    ],
    [
      5.4,
      2.2,
      1.2,
      2.7,
      6.5,
      4.0,
      4.6,
      26.0,
      6.8,
      4.7,
      4.2,
      5.6,
      20.8,
      26.9,
      8.4,
      0.0,
      2.2,
      26.8,
      6.7,
      18.8,
      6.4,
      11.8,
      5.8,
      6.0,
      11.5,
      4.3,
      2.9,
      6.3,
      2.6,
      6.2,
      13.0,
      11.5,
      6.3,
      1.9,
      20.3,
      7.5,
      2.0,
      14.3,
      13.8,
      13.3,
      2.6,
      17.1,
      4.0,
      8.4,
      9.8,
      6.2,
      96.2,
      6.4,
      81.6,
      82.3,
      98.4,
      101.0,
      99.4,
      18.1,
      19.8,
      12.7
    ],
    [
      7.0,
      4.2,
      2.9,
      0.7,
      4.3,
      5.9,
      2.8,
      17.4,
      8.5,
      3.3,
      5.8,
      3.8,
      19.7,
      NaN,
      7.4,
      2.2,
      0.0,
      29.1,
      6.4,
      18.5,
      6.9,
      11.2,
      3.2,
      3.3,
      4.8,
      2.0,
      0.85,
      3.6,
      0.45,
      3.8,
      14.5,
      16.0,
      3.6,
      4.2,
      22.7,
      8.6,
      4.4,
      14.0,
      5.5,
      13.0,
      0.85,
      16.2,
      2.1,
      8.0,
      9.5,
      5.9,
      98.5,
      7.3,
      84.0,
      84.7,
      101.0,
      104.0,
      102.0,
      17.8,
      19.4,
      12.3
    ],
    [
      26.5,
      27.5,
      26.7,
      23.6,
      35.3,
      29.5,
      23.7,
      31.9,
      23.7,
      36.4,
      30.1,
      22.3,
      35.3,
      1.6,
      21.9,
      26.8,
      29.1,
      0.0,
      36.8,
      44.5,
      23.3,
      25.0,
      27.6,
      22.9,
      30.1,
      24.2,
      23.5,
      28.0,
      24.0,
      22.2,
      22.2,
      18.6,
      28.0,
      29.1,
      28.3,
      20.9,
      28.6,
      37.1,
      26.8,
      29.5,
      25.6,
      10.5,
      25.8,
      38.5,
      38.1,
      28.0,
      79.2,
      20.1,
      51.3,
      53.6,
      81.4,
      84.4,
      82.5,
      35.8,
      50.8,
      29.3
    ],
    [
      12.3,
      6.0,
      7.4,
      6.4,
      0.55,
      10.7,
      8.9,
      20.1,
      15.2,
      1.6,
      11.1,
      9.7,
      18.6,
      35.3,
      12.2,
      6.7,
      6.4,
      36.8,
      0.0,
      14.4,
      11.2,
      13.7,
      2.3,
      9.6,
      5.3,
      5.2,
      6.9,
      1.5,
      6.6,
      10.1,
      15.6,
      20.4,
      2.1,
      6.8,
      27.9,
      12.9,
      7.9,
      10.4,
      9.3,
      8.7,
      4.3,
      20.6,
      7.3,
      4.2,
      2.0,
      1.3,
      105.0,
      11.7,
      90.3,
      91.0,
      107.0,
      110.0,
      108.0,
      13.4,
      15.4,
      8.0
    ],
    [
      24.3,
      21.3,
      19.5,
      18.5,
      13.3,
      22.8,
      21.0,
      31.7,
      22.9,
      13.7,
      24.2,
      21.8,
      30.2,
      43.0,
      24.3,
      18.8,
      18.5,
      44.5,
      14.4,
      0.0,
      23.8,
      28.4,
      16.5,
      22.2,
      20.0,
      21.0,
      19.5,
      16.9,
      19.2,
      22.7,
      30.3,
      33.3,
      16.9,
      19.4,
      34.9,
      25.5,
      21.7,
      14.2,
      24.1,
      21.9,
      18.6,
      32.7,
      22.0,
      12.2,
      13.6,
      13.7,
      119.0,
      24.3,
      104.0,
      105.0,
      121.0,
      124.0,
      122.0,
      13.6,
      3.2,
      21.2
    ],
    [
      4.8,
      7.9,
      7.0,
      6.5,
      10.9,
      4.4,
      5.7,
      22.5,
      8.4,
      9.3,
      3.6,
      6.0,
      20.3,
      21.8,
      8.0,
      6.4,
      6.9,
      23.3,
      11.2,
      23.8,
      0.0,
      11.7,
      10.1,
      5.1,
      15.7,
      7.1,
      6.0,
      10.5,
      6.5,
      6.6,
      12.9,
      12.1,
      10.5,
      7.4,
      25.6,
      7.4,
      6.9,
      18.5,
      13.0,
      17.6,
      8.1,
      12.3,
      8.2,
      12.6,
      14.1,
      10.5,
      99.9,
      6.3,
      85.4,
      86.1,
      102.0,
      105.0,
      103.0,
      22.3,
      24.0,
      16.9
    ],
    [
      16.4,
      16.4,
      12.4,
      11.3,
      14.1,
      12.4,
      9.8,
      9.8,
      18.1,
      12.4,
      15.2,
      8.9,
      12.9,
      23.5,
      6.7,
      11.8,
      11.2,
      25.0,
      13.7,
      28.4,
      11.7,
      0.0,
      12.1,
      8.2,
      10.3,
      9.2,
      12.4,
      12.6,
      12.9,
      8.3,
      4.3,
      19.0,
      13.2,
      15.4,
      35.0,
      7.3,
      13.5,
      23.4,
      7.0,
      7.9,
      12.3,
      21.5,
      11.4,
      17.4,
      14.6,
      12.5,
      102.0,
      5.8,
      94.4,
      95.1,
      104.0,
      107.0,
      106.0,
      13.3,
      26.7,
      7.7
    ],
    [
      9.8,
      4.2,
      6.5,
      3.3,
      1.8,
      9.8,
      5.0,
      18.0,
      12.1,
      0.8,
      8.6,
      6.0,
      18.0,
      26.0,
      11.4,
      5.8,
      3.2,
      27.6,
      2.3,
      16.5,
      10.1,
      12.1,
      0.0,
      7.1,
      4.6,
      4.6,
      4.4,
      0.8,
      3.2,
      7.7,
      14.9,
      17.9,
      0.4,
      4.3,
      28.2,
      10.4,
      5.2,
      12.5,
      8.7,
      6.3,
      2.6,
      18.1,
      4.1,
      6.6,
      5.3,
      1.4,
      105.0,
      9.2,
      90.7,
      91.4,
      107.0,
      110.0,
      109.0,
      16.3,
      18.0,
      10.9
    ],
    [
      8.9,
      7.9,
      6.6,
      3.4,
      9.3,
      4.9,
      0.7,
      16.7,
      12.3,
      7.7,
      7.7,
      1.1,
      15.8,
      21.3,
      1.6,
      6.0,
      3.3,
      22.9,
      9.6,
      22.2,
      5.1,
      8.2,
      7.1,
      0.0,
      9.5,
      2.9,
      2.8,
      8.7,
      3.4,
      1.3,
      9.2,
      15.5,
      8.7,
      7.1,
      32.5,
      5.9,
      7.8,
      16.7,
      6.1,
      8.8,
      3.4,
      15.6,
      4.2,
      10.8,
      12.2,
      8.6,
      103.0,
      6.0,
      88.8,
      89.5,
      106.0,
      108.0,
      107.0,
      20.5,
      22.2,
      15.1
    ],
    [
      16.3,
      10.8,
      12.1,
      4.9,
      4.3,
      15.5,
      8.8,
      16.3,
      18.2,
      4.0,
      15.1,
      9.8,
      16.2,
      28.5,
      10.0,
      11.5,
      4.8,
      30.1,
      5.3,
      20.0,
      15.7,
      10.3,
      4.6,
      9.5,
      0.0,
      4.1,
      5.6,
      3.0,
      5.4,
      11.3,
      12.2,
      21.6,
      3.5,
      11.4,
      30.7,
      14.1,
      12.3,
      14.8,
      3.3,
      2.2,
      4.6,
      21.8,
      3.3,
      8.8,
      6.0,
      3.4,
      108.0,
      12.9,
      93.1,
      93.8,
      110.0,
      113.0,
      111.0,
      12.6,
      18.1,
      2.8
    ],
    [
      11.0,
      6.5,
      5.0,
      2.1,
      4.5,
      6.9,
      2.2,
      15.2,
      10.6,
      3.6,
      9.8,
      3.3,
      16.3,
      22.6,
      2.5,
      4.3,
      2.0,
      24.2,
      5.2,
      21.0,
      7.1,
      9.2,
      4.6,
      2.9,
      4.1,
      0.0,
      2.1,
      4.1,
      2.7,
      3.8,
      9.9,
      16.0,
      4.7,
      6.2,
      24.7,
      8.6,
      6.4,
      16.1,
      4.4,
      5.8,
      2.7,
      16.2,
      2.0,
      8.4,
      8.0,
      4.5,
      104.0,
      7.4,
      89.3,
      90.0,
      106.0,
      109.0,
      107.0,
      15.8,
      21.3,
      6.0
    ],
    [
      7.8,
      5.1,
      3.6,
      0.65,
      6.6,
      5.8,
      2.1,
      21.7,
      9.2,
      5.0,
      6.6,
      3.1,
      19.6,
      21.9,
      4.1,
      2.9,
      0.85,
      23.5,
      6.9,
      19.5,
      6.0,
      12.4,
      4.4,
      2.8,
      5.6,
      2.1,
      0.0,
      4.0,
      0.85,
      3.0,
      13.8,
      15.4,
      3.6,
      4.6,
      23.1,
      7.9,
      4.7,
      14.4,
      6.4,
      13.4,
      1.3,
      15.6,
      2.6,
      8.4,
      9.9,
      6.3,
      98.9,
      6.7,
      84.3,
      85.0,
      101.0,
      104.0,
      102.0,
      18.1,
      19.8,
      12.7
    ],
    [
      11.1,
      5.6,
      6.9,
      3.6,
      1.0,
      10.3,
      5.0,
      18.5,
      12.5,
      NaN,
      9.9,
      6.1,
      18.9,
      26.4,
      11.8,
      6.3,
      3.6,
      28.0,
      1.5,
      16.9,
      10.5,
      12.6,
      0.8,
      8.7,
      3.0,
      4.1,
      4.0,
      0.0,
      3.8,
      8.2,
      14.3,
      18.5,
      0.45,
      4.9,
      28.8,
      11.0,
      5.7,
      13.1,
      8.0,
      5.6,
      2.7,
      18.7,
      3.1,
      5.1,
      4.7,
      0.6,
      106.0,
      9.8,
      91.3,
      92.0,
      108.0,
      111.0,
      109.0,
      12.3,
      14.7,
      6.9
    ],
    [
      7.5,
      4.6,
      3.3,
      0.3,
      4.8,
      6.2,
      2.7,
      17.9,
      8.9,
      3.8,
      6.3,
      3.7,
      20.1,
      22.4,
      4.7,
      2.6,
      0.45,
      24.0,
      6.6,
      19.2,
      6.5,
      12.9,
      3.2,
      3.4,
      5.4,
      2.7,
      0.85,
      3.8,
      0.0,
      4.0,
      14.3,
      15.9,
      3.8,
      4.4,
      22.9,
      8.4,
      4.5,
      14.1,
      5.7,
      13.2,
      1.0,
      16.0,
      2.3,
      8.2,
      9.7,
      6.0,
      98.7,
      7.2,
      84.1,
      84.8,
      101.0,
      104.0,
      102.0,
      17.9,
      19.6,
      12.5
    ],
    [
      10.4,
      8.4,
      6.9,
      3.9,
      9.9,
      6.3,
      1.2,
      17.3,
      12.5,
      8.2,
      9.2,
      1.3,
      15.9,
      20.6,
      1.7,
      6.2,
      3.8,
      22.2,
      10.1,
      22.7,
      6.6,
      8.3,
      7.7,
      1.3,
      11.3,
      3.8,
      3.0,
      8.2,
      4.0,
      0.0,
      9.1,
      13.6,
      6.5,
      8.1,
      27.2,
      5.9,
      7.8,
      17.7,
      6.8,
      10.8,
      4.2,
      13.8,
      4.9,
      11.7,
      13.2,
      9.6,
      101.0,
      4.9,
      86.9,
      87.6,
      104.0,
      107.0,
      105.0,
      16.5,
      23.1,
      10.7
    ],
    [
      17.6,
      17.1,
      13.6,
      14.1,
      16.0,
      13.5,
      9.4,
      12.0,
      25.6,
      14.3,
      16.4,
      10.1,
      15.5,
      20.7,
      7.9,
      13.0,
      14.5,
      22.2,
      15.6,
      30.3,
      12.9,
      4.3,
      14.9,
      9.2,
      12.2,
      9.9,
      13.8,
      14.3,
      14.3,
      9.1,
      0.0,
      21.1,
      14.9,
      14.7,
      32.4,
      6.9,
      14.7,
      25.1,
      8.7,
      10.1,
      15.2,
      18.9,
      13.1,
      19.1,
      16.3,
      14.2,
      99.6,
      7.0,
      91.8,
      92.5,
      102.0,
      105.0,
      103.0,
      15.9,
      28.4,
      10.0
    ],
    [
      6.7,
      12.2,
      11.4,
      15.6,
      20.1,
      15.8,
      15.7,
      28.3,
      5.1,
      18.5,
      10.0,
      14.3,
      26.2,
      17.0,
      13.9,
      11.5,
      16.0,
      18.6,
      20.4,
      33.3,
      12.1,
      19.0,
      17.9,
      15.5,
      21.6,
      16.0,
      15.4,
      18.5,
      15.9,
      13.6,
      21.1,
      0.0,
      20.8,
      14.8,
      19.8,
      13.6,
      14.4,
      25.6,
      19.5,
      22.2,
      18.3,
      11.2,
      18.5,
      25.1,
      24.7,
      20.7,
      94.0,
      12.8,
      79.4,
      80.1,
      96.2,
      99.1,
      97.2,
      31.3,
      32.1,
      22.0
    ],
    [
      11.1,
      4.6,
      7.0,
      3.7,
      1.6,
      10.3,
      5.1,
      19.1,
      12.6,
      0.45,
      9.9,
      6.1,
      19.5,
      26.5,
      11.8,
      6.3,
      3.6,
      28.0,
      2.1,
      16.9,
      10.5,
      13.2,
      0.4,
      8.7,
      3.5,
      4.7,
      3.6,
      0.45,
      3.8,
      6.5,
      14.9,
      20.8,
      0.0,
      4.7,
      27.1,
      10.8,
      5.6,
      11.4,
      8.5,
      6.1,
      3.0,
      18.5,
      3.9,
      5.4,
      5.1,
      0.8,
      104.0,
      9.6,
      89.6,
      90.3,
      106.0,
      109.0,
      107.0,
      15.1,
      16.8,
      9.7
    ],
    [
      5.3,
      0.6,
      1.9,
      4.3,
      5.9,
      4.8,
      6.9,
      26.0,
      7.4,
      4.9,
      4.1,
      7.7,
      22.6,
      27.5,
      10.3,
      1.9,
      4.2,
      29.1,
      6.8,
      19.4,
      7.4,
      15.4,
      4.3,
      7.1,
      11.4,
      6.2,
      4.6,
      4.9,
      4.4,
      8.1,
      14.7,
      14.8,
      4.7,
      0.0,
      20.4,
      10.7,
      0.75,
      13.3,
      15.5,
      13.5,
      3.8,
      17.2,
      5.0,
      11.5,
      13.0,
      6.4,
      96.3,
      8.0,
      81.7,
      82.4,
      98.5,
      101.0,
      99.5,
      18.3,
      22.3,
      12.9
    ],
    [
      18.8,
      21.0,
      20.3,
      22.7,
      27.7,
      20.8,
      24.7,
      45.2,
      17.4,
      28.8,
      18.7,
      25.7,
      39.8,
      26.7,
      27.4,
      20.3,
      22.7,
      28.3,
      27.9,
      34.9,
      25.6,
      35.0,
      28.2,
      32.5,
      30.7,
      24.7,
      23.1,
      28.8,
      22.9,
      27.2,
      32.4,
      19.8,
      27.1,
      20.4,
      0.0,
      24.9,
      21.0,
      28.5,
      30.8,
      31.2,
      23.0,
      19.4,
      24.3,
      28.1,
      27.7,
      26.0,
      87.4,
      24.2,
      66.6,
      67.3,
      90.7,
      93.7,
      96.3,
      34.2,
      35.1,
      30.6
    ],
    [
      12.1,
      11.2,
      8.1,
      8.2,
      12.6,
      8.0,
      7.0,
      15.1,
      16.5,
      11.0,
      10.9,
      6.5,
      18.7,
      19.3,
      6.4,
      7.5,
      8.6,
      20.9,
      12.9,
      25.5,
      7.4,
      7.3,
      10.4,
      5.9,
      14.1,
      8.6,
      7.9,
      11.0,
      8.4,
      5.9,
      6.9,
      13.6,
      10.8,
      10.7,
      24.9,
      0.0,
      9.1,
      20.0,
      10.7,
      13.4,
      9.6,
      13.4,
      9.7,
      14.1,
      15.6,
      11.9,
      96.7,
      2.6,
      86.5,
      87.2,
      98.9,
      102.0,
      100.0,
      19.1,
      25.5,
      13.3
    ],
    [
      4.8,
      1.3,
      2.0,
      4.4,
      6.7,
      4.3,
      6.4,
      26.8,
      7.0,
      5.7,
      3.6,
      7.4,
      23.4,
      27.0,
      11.1,
      2.0,
      4.4,
      28.6,
      7.9,
      21.7,
      6.9,
      13.5,
      5.2,
      7.8,
      12.3,
      6.4,
      4.7,
      5.7,
      4.5,
      7.8,
      14.7,
      14.4,
      5.6,
      0.75,
      21.0,
      9.1,
      0.0,
      14.0,
      16.2,
      14.2,
      4.5,
      17.9,
      5.7,
      9.2,
      10.7,
      7.1,
      96.9,
      9.1,
      82.3,
      83.1,
      99.1,
      102.0,
      100.0,
      19.0,
      22.9,
      13.6
    ],
    [
      18.7,
      13.3,
      15.0,
      14.0,
      10.8,
      18.3,
      16.5,
      29.3,
      17.3,
      13.1,
      18.6,
      17.3,
      28.0,
      35.5,
      19.8,
      14.3,
      14.0,
      37.1,
      10.4,
      14.2,
      18.5,
      23.4,
      12.5,
      16.7,
      14.8,
      16.1,
      14.4,
      13.1,
      14.1,
      17.7,
      25.1,
      25.6,
      11.4,
      13.3,
      28.5,
      20.0,
      14.0,
      0.0,
      18.8,
      16.7,
      13.3,
      26.6,
      16.8,
      9.1,
      10.0,
      11.6,
      104.0,
      19.0,
      89.4,
      90.1,
      106.0,
      109.0,
      107.0,
      16.8,
      15.2,
      16.0
    ],
    [
      17.7,
      16.0,
      14.5,
      5.6,
      9.7,
      13.6,
      5.4,
      12.9,
      22.4,
      8.0,
      16.5,
      6.4,
      11.4,
      25.2,
      6.7,
      13.8,
      5.5,
      26.8,
      9.3,
      24.1,
      13.0,
      7.0,
      8.7,
      6.1,
      3.3,
      4.4,
      6.4,
      8.0,
      5.7,
      6.8,
      8.7,
      19.5,
      8.5,
      15.5,
      30.8,
      10.7,
      16.2,
      18.8,
      0.0,
      2.5,
      4.9,
      18.2,
      3.7,
      12.8,
      10.0,
      7.9,
      106.0,
      9.4,
      91.3,
      92.1,
      108.0,
      111.0,
      109.0,
      10.6,
      22.1,
      3.1
    ],
    [
      18.2,
      12.7,
      14.0,
      13.1,
      5.9,
      17.3,
      8.1,
      16.4,
      20.1,
      5.6,
      17.0,
      9.2,
      12.2,
      27.9,
      9.4,
      13.3,
      13.0,
      29.5,
      8.7,
      21.9,
      17.6,
      7.9,
      6.3,
      8.8,
      2.2,
      5.8,
      13.4,
      5.6,
      13.2,
      10.8,
      10.1,
      22.2,
      6.1,
      13.5,
      31.2,
      13.4,
      14.2,
      16.7,
      2.5,
      0.0,
      5.7,
      21.6,
      4.5,
      11.5,
      8.5,
      5.0,
      110.0,
      12.7,
      95.8,
      96.5,
      113.0,
      116.0,
      114.0,
      8.2,
      20.6,
      0.45
    ],
    [
      7.5,
      4.3,
      3.3,
      0.85,
      3.7,
      7.9,
      2.8,
      18.3,
      8.9,
      2.7,
      6.3,
      3.8,
      21.7,
      24.1,
      4.8,
      2.6,
      0.85,
      25.6,
      4.3,
      18.6,
      8.1,
      12.3,
      2.6,
      3.4,
      4.6,
      2.7,
      1.3,
      2.7,
      1.0,
      4.2,
      15.2,
      18.3,
      3.0,
      3.8,
      23.0,
      9.6,
      4.5,
      13.3,
      4.9,
      5.7,
      0.0,
      16.3,
      1.8,
      8.0,
      9.4,
      3.2,
      98.4,
      7.4,
      83.9,
      84.6,
      101.0,
      104.0,
      102.0,
      17.7,
      19.4,
      12.3
    ],
    [
      13.0,
      17.8,
      17.1,
      15.8,
      20.3,
      15.9,
      15.8,
      28.5,
      9.8,
      18.7,
      13.0,
      14.4,
      26.4,
      9.0,
      14.1,
      17.1,
      16.2,
      10.5,
      20.6,
      32.7,
      12.3,
      21.5,
      18.1,
      15.6,
      21.8,
      16.2,
      15.6,
      18.7,
      16.0,
      13.8,
      18.9,
      11.2,
      18.5,
      17.2,
      19.4,
      13.4,
      17.9,
      26.6,
      18.2,
      21.6,
      16.3,
      0.0,
      18.3,
      27.6,
      27.2,
      20.5,
      82.4,
      12.6,
      79.2,
      79.9,
      84.7,
      87.6,
      85.7,
      33.7,
      34.6,
      21.8
    ],
    [
      8.8,
      5.5,
      4.7,
      2.2,
      4.1,
      8.0,
      3.5,
      17.3,
      10.3,
      3.1,
      7.6,
      4.5,
      17.3,
      24.2,
      3.9,
      4.0,
      2.1,
      25.8,
      7.3,
      22.0,
      8.2,
      11.4,
      4.1,
      4.2,
      3.3,
      2.0,
      2.6,
      3.1,
      2.3,
      4.9,
      13.1,
      18.5,
      3.9,
      5.0,
      24.3,
      9.7,
      5.7,
      16.8,
      3.7,
      4.5,
      1.8,
      18.3,
      0.0,
      7.5,
      7.1,
      3.6,
      99.7,
      8.7,
      85.2,
      85.9,
      102.0,
      105.0,
      103.0,
      13.9,
      17.0,
      5.4
    ],
    [
      18.3,
      7.8,
      9.0,
      8.1,
      4.7,
      12.4,
      10.6,
      23.4,
      16.9,
      5.1,
      12.0,
      11.4,
      22.1,
      37.0,
      13.9,
      8.4,
      8.0,
      38.5,
      4.2,
      12.2,
      12.6,
      17.4,
      6.6,
      10.8,
      8.8,
      8.4,
      8.4,
      5.1,
      8.2,
      11.7,
      19.1,
      25.1,
      5.4,
      11.5,
      28.1,
      14.1,
      9.2,
      9.1,
      12.8,
      11.5,
      8.0,
      27.6,
      7.5,
      0.0,
      2.3,
      4.1,
      104.0,
      13.0,
      89.7,
      90.4,
      106.0,
      109.0,
      107.0,
      11.3,
      12.2,
      10.0
    ],
    [
      17.9,
      9.2,
      10.5,
      9.5,
      2.4,
      13.8,
      12.0,
      20.6,
      16.5,
      4.7,
      17.8,
      12.8,
      19.1,
      36.6,
      15.3,
      9.8,
      9.5,
      38.1,
      2.0,
      13.6,
      14.1,
      14.6,
      5.3,
      12.2,
      6.0,
      8.0,
      9.9,
      4.7,
      9.7,
      13.2,
      16.3,
      24.7,
      5.1,
      13.0,
      27.7,
      15.6,
      10.7,
      10.0,
      10.0,
      8.5,
      9.4,
      27.2,
      7.1,
      2.3,
      0.0,
      4.5,
      106.0,
      14.4,
      91.0,
      91.7,
      108.0,
      111.0,
      109.0,
      12.7,
      13.5,
      11.3
    ],
    [
      11.0,
      5.6,
      6.9,
      5.9,
      0.7,
      10.2,
      8.4,
      18.5,
      12.5,
      0.55,
      9.8,
      9.2,
      18.8,
      26.4,
      11.7,
      6.2,
      5.9,
      28.0,
      1.3,
      13.7,
      10.5,
      12.5,
      1.4,
      8.6,
      3.4,
      4.5,
      6.3,
      0.6,
      6.0,
      9.6,
      14.2,
      20.7,
      0.8,
      6.4,
      26.0,
      11.9,
      7.1,
      11.6,
      7.9,
      5.0,
      3.2,
      20.5,
      3.6,
      4.1,
      4.5,
      0.0,
      104.0,
      10.8,
      89.5,
      90.2,
      106.0,
      109.0,
      107.0,
      15.1,
      16.7,
      9.6
    ],
    [
      95.9,
      96.8,
      96.1,
      98.6,
      105.0,
      98.8,
      103.0,
      90.3,
      93.0,
      106.0,
      99.5,
      102.0,
      96.7,
      77.6,
      102.0,
      96.2,
      98.5,
      79.2,
      105.0,
      119.0,
      99.9,
      102.0,
      105.0,
      103.0,
      108.0,
      104.0,
      98.9,
      106.0,
      98.7,
      101.0,
      99.6,
      94.0,
      104.0,
      96.3,
      87.4,
      96.7,
      96.9,
      104.0,
      106.0,
      110.0,
      98.4,
      82.4,
      99.7,
      104.0,
      106.0,
      104.0,
      0.0,
      98.7,
      33.9,
      36.2,
      9.4,
      8.0,
      6.9,
      111.0,
      117.0,
      108.0
    ],
    [
      11.0,
      8.5,
      7.0,
      6.9,
      11.4,
      7.0,
      5.6,
      13.6,
      12.7,
      9.8,
      9.8,
      5.5,
      17.5,
      18.5,
      5.2,
      6.4,
      7.3,
      20.1,
      11.7,
      24.3,
      6.3,
      5.8,
      9.2,
      6.0,
      12.9,
      7.4,
      6.7,
      9.8,
      7.2,
      4.9,
      7.0,
      12.8,
      9.6,
      8.0,
      24.2,
      2.6,
      9.1,
      19.0,
      9.4,
      12.7,
      7.4,
      12.6,
      8.7,
      13.0,
      14.4,
      10.8,
      98.7,
      0.0,
      85.6,
      86.3,
      102.0,
      105.0,
      103.0,
      18.2,
      24.6,
      12.4
    ],
    [
      81.4,
      82.3,
      81.6,
      84.0,
      90.1,
      84.3,
      89.0,
      105.0,
      78.5,
      91.3,
      84.9,
      87.5,
      99.5,
      51.5,
      87.2,
      81.6,
      84.0,
      51.3,
      90.3,
      104.0,
      85.4,
      94.4,
      90.7,
      88.8,
      93.1,
      89.3,
      84.3,
      91.3,
      84.1,
      86.9,
      91.8,
      79.4,
      89.6,
      81.7,
      66.6,
      86.5,
      82.3,
      89.4,
      91.3,
      95.8,
      83.9,
      79.2,
      85.2,
      89.7,
      91.0,
      89.5,
      33.9,
      85.6,
      0.0,
      2.8,
      38.1,
      41.1,
      43.7,
      99.1,
      105.0,
      95.5
    ],
    [
      82.1,
      83.0,
      82.3,
      84.7,
      90.9,
      85.0,
      89.7,
      107.0,
      79.2,
      92.0,
      85.6,
      88.2,
      100.0,
      53.8,
      87.9,
      82.3,
      84.7,
      53.6,
      91.0,
      105.0,
      86.1,
      95.1,
      91.4,
      89.5,
      93.8,
      90.0,
      85.0,
      92.0,
      84.8,
      87.6,
      92.5,
      80.1,
      90.3,
      82.4,
      67.3,
      87.2,
      83.1,
      90.1,
      92.1,
      96.5,
      84.6,
      79.9,
      85.9,
      90.4,
      91.7,
      90.2,
      36.2,
      86.3,
      2.8,
      0.0,
      39.6,
      42.6,
      45.2,
      98.6,
      105.0,
      94.9
    ],
    [
      98.1,
      99.1,
      98.3,
      101.0,
      107.0,
      101.0,
      106.0,
      92.6,
      95.2,
      108.0,
      102.0,
      104.0,
      99.0,
      79.9,
      104.0,
      98.4,
      101.0,
      81.4,
      107.0,
      121.0,
      102.0,
      104.0,
      107.0,
      106.0,
      110.0,
      106.0,
      101.0,
      108.0,
      101.0,
      104.0,
      102.0,
      96.2,
      106.0,
      98.5,
      90.7,
      98.9,
      99.1,
      106.0,
      108.0,
      113.0,
      101.0,
      84.7,
      102.0,
      106.0,
      108.0,
      106.0,
      9.4,
      102.0,
      38.1,
      39.6,
      0.0,
      3.4,
      7.2,
      115.0,
      122.0,
      112.0
    ],
    [
      101.0,
      102.0,
      101.0,
      104.0,
      110.0,
      104.0,
      109.0,
      95.5,
      98.2,
      111.0,
      105.0,
      107.0,
      102.0,
      82.8,
      107.0,
      101.0,
      104.0,
      84.4,
      110.0,
      124.0,
      105.0,
      107.0,
      110.0,
      108.0,
      113.0,
      109.0,
      104.0,
      111.0,
      104.0,
      107.0,
      105.0,
      99.1,
      109.0,
      101.0,
      93.7,
      102.0,
      102.0,
      109.0,
      111.0,
      116.0,
      104.0,
      87.6,
      105.0,
      109.0,
      111.0,
      109.0,
      8.0,
      105.0,
      41.1,
      42.6,
      3.4,
      0.0,
      5.0,
      119.0,
      125.0,
      115.0
    ],
    [
      99.2,
      100.0,
      99.4,
      102.0,
      108.0,
      102.0,
      107.0,
      93.6,
      96.3,
      109.0,
      103.0,
      105.0,
      100.0,
      80.9,
      105.0,
      99.4,
      102.0,
      82.5,
      108.0,
      122.0,
      103.0,
      106.0,
      109.0,
      107.0,
      111.0,
      107.0,
      102.0,
      109.0,
      102.0,
      105.0,
      103.0,
      97.2,
      107.0,
      99.5,
      96.3,
      100.0,
      100.0,
      107.0,
      109.0,
      114.0,
      102.0,
      85.7,
      103.0,
      107.0,
      109.0,
      107.0,
      6.9,
      103.0,
      43.7,
      45.2,
      7.2,
      5.0,
      0.0,
      117.0,
      123.0,
      113.0
    ],
    [
      24.4,
      17.5,
      18.8,
      17.8,
      12.6,
      22.1,
      20.3,
      21.5,
      23.0,
      12.3,
      24.3,
      15.6,
      16.8,
      34.2,
      15.0,
      18.1,
      17.8,
      35.8,
      13.4,
      13.6,
      22.3,
      13.3,
      16.3,
      20.5,
      12.6,
      15.8,
      18.1,
      12.3,
      17.9,
      16.5,
      15.9,
      31.3,
      15.1,
      18.3,
      34.2,
      19.1,
      19.0,
      16.8,
      10.6,
      8.2,
      17.7,
      33.7,
      13.9,
      11.3,
      12.7,
      15.1,
      111.0,
      18.2,
      99.1,
      98.6,
      115.0,
      119.0,
      117.0,
      0.0,
      15.6,
      8.0
    ],
    [
      25.2,
      22.3,
      20.4,
      19.5,
      14.3,
      23.8,
      22.0,
      32.6,
      23.9,
      14.7,
      25.1,
      22.8,
      36.5,
      49.2,
      25.3,
      19.8,
      19.4,
      50.8,
      15.4,
      3.2,
      24.0,
      26.7,
      18.0,
      22.2,
      18.1,
      21.3,
      19.8,
      14.7,
      19.6,
      23.1,
      28.4,
      32.1,
      16.8,
      22.3,
      35.1,
      25.5,
      22.9,
      15.2,
      22.1,
      20.6,
      19.4,
      34.6,
      17.0,
      12.2,
      13.5,
      16.7,
      117.0,
      24.6,
      105.0,
      105.0,
      122.0,
      125.0,
      123.0,
      15.6,
      0.0,
      24.2
    ],
    [
      17.5,
      12.1,
      13.4,
      12.4,
      7.1,
      16.7,
      8.6,
      15.7,
      19.4,
      6.9,
      16.3,
      11.6,
      12.1,
      27.7,
      9.2,
      12.7,
      12.3,
      29.3,
      8.0,
      21.2,
      16.9,
      7.7,
      10.9,
      15.1,
      2.8,
      6.0,
      12.7,
      6.9,
      12.5,
      10.7,
      10.0,
      22.0,
      9.7,
      12.9,
      30.6,
      13.3,
      13.6,
      16.0,
      3.1,
      0.45,
      12.3,
      21.8,
      5.4,
      10.0,
      11.3,
      9.6,
      108.0,
      12.4,
      95.5,
      94.9,
      112.0,
      115.0,
      113.0,
      8.0,
      24.2,
      0.0
    ]
  ],
  "drive_time_matrix": [
    [
      0.0,
      17.0,
      14.0,
      25.0,
      33.0,
      16.0,
      24.0,
      40.0,
      8.0,
      32.0,
      5.0,
      44.0,
      38.0,
      36.0,
      29.0,
      18.0,
      23.0,
      41.0,
      33.0,
      40.0,
      16.0,
      38.0,
      32.0,
      28.0,
      36.0,
      30.0,
      23.0,
      32.0,
      25.0,
      30.0,
      40.0,
      17.0,
      32.0,
      15.0,
      31.0,
      30.0,
      14.0,
      35.0,
      36.0,
      36.0,
      25.0,
      30.0,
      31.0,
      31.0,
      34.0,
      32.0,
      82.0,
      23.0,
      74.0,
      78.0,
      86.0,
      93.0,
      89.0,
      39.0,
      40.0,
      35.0
    ],
    [
      17.0,
      0.0,
      10.0,
      17.0,
      20.0,
      16.0,
      19.0,
      32.0,
      15.0,
      18.0,
      14.0,
      40.0,
      30.0,
      28.0,
      23.0,
      8.0,
      16.0,
      32.0,
      19.0,
      33.0,
      22.0,
      32.0,
      16.0,
      22.0,
      23.0,
      24.0,
      17.0,
      18.0,
      18.0,
      25.0,
      35.0,
      25.0,
      18.0,
      8.0,
      28.0,
      23.0,
      17.0,
      28.0,
      28.0,
      23.0,
      15.0,
      23.0,
      22.0,
      19.0,
      22.0,
      18.0,
      74.0,
      20.0,
      66.0,
      69.0,
      77.0,
      84.0,
      80.0,
      28.0,
      33.0,
      22.0
    ],
    [
      14.0,
      10.0,
      0.0,
      12.0,
      22.0,
      14.0,
      16.0,
      30.0,
      14.0,
      20.0,
      14.0,
      36.0,
      27.0,
      27.0,
      20.0,
      6.0,
      11.0,
      31.0,
      21.0,
      34.0,
      18.0,
      30.0,
      20.0,
      21.0,
      25.0,
      19.0,
      11.0,
      20.0,
      13.0,
      22.0,
      31.0,
      24.0,
      21.0,
      8.0,
      27.0,
      21.0,
      7.0,
      28.0,
      25.0,
      25.0,
      13.0,
      22.0,
      19.0,
      21.0,
      24.0,
      20.0,
      72.0,
      15.0,
      64.0,
      68.0,
      76.0,
      82.0,
      78.0,
      30.0,
      34.0,
      24.0
    ],
    [
      25.0,
      17.0,
      12.0,
      0.0,
      18.0,
      16.0,
      10.0,
      27.0,
      23.0,
      16.0,
      22.0,
      30.0,
      25.0,
      35.0,
      15.0,
      10.0,
      4.0,
      40.0,
      17.0,
      30.0,
      19.0,
      28.0,
      13.0,
      13.0,
      21.0,
      9.0,
      9.0,
      16.0,
      4.0,
      16.0,
      31.0,
      26.0,
      15.0,
      14.0,
      36.0,
