{
  "drive_dist_matrix": [
    [
      0.0,
      4.0,
      1.8,
      2.4,
      2.4,
      2.4,
      2.3,
      1.9,
      18.2,
      1.1,
      9.7,
      3.1,
      19.0,
      2.7,
      14.8,
      2.7,
      0.058,
      0.27,
      1.1,
      30.7,
      0.9,
      0.9,
      2.2,
      2.3,
      32.5,
      0.9,
      3.5,
      2.3,
      19.2,
      3.4,
      1.5,
      2.5,
      19.1,
      1.8,
      3.0,
      2.4,
      3.2,
      2.8,
      30.4,
      28.1,
      0.6,
      2.0,
      1.0,
      9.6,
      3.8,
      1.0,
      18.7,
      24.1,
      0.5,
      1.6,
      43.0,
      2.8,
      4.0,
      20.7,
      1.8,
      34.9,
      34.5,
      24.6,
      26.3
    ],
    [
      4.0,
      0.0,
      5.8,
      8.2,
      8.2,
      8.1,
      8.2,
      5.9,
      15.5,
      4.9,
      20.1,
      6.7,
      21.1,
      7.9,
      16.1,
      7.9,
      4.0,
      4.1,
      4.2,
      28.1,
      4.9,
      3.5,
      4.2,
      6.3,
      32.7,
      4.8,
      8.4,
      6.6,
      15.8,
      8.4,
      3.6,
      7.9,
      16.5,
      5.8,
      7.0,
      8.3,
      8.9,
      8.4,
      27.8,
      25.6,
      4.6,
      6.0,
      4.9,
      10.9,
      4.4,
      5.0,
      19.9,
      15.8,
      4.4,
      5.6,
      44.2,
      6.6,
      3.8,
      18.0,
      5.8,
      36.2,
      31.9,
      19.7,
      35.4
    ],
    [
      1.8,
      5.8,
      0.0,
      0.85,
      0.85,
      1.0,
      1.0,
      0.8,
      23.2,
      1.4,
      8.5,
      2.4,
      18.2,
      0.95,
      13.3,
      0.9,
      2.5,
      1.9,
      2.4,
      30.2,
      0.9,
      2.4,
      3.1,
      0.7,
      25.5,
      1.4,
      1.8,
      1.5,
      18.3,
      1.8,
      3.1,
      1.3,
      24.1,
      0.6,
      1.0,
      0.8,
      1.6,
      1.2,
      31.6,
      29.3,
      1.9,
      0.45,
      1.1,
      13.3,
      4.3,
      1.6,
      8.7,
      25.3,
      2.1,
      0.29,
      39.8,
      1.5,
      4.5,
      25.7,
      0.3,
      29.0,
      35.6,
      25.7,
      25.0
    ],
    [
      2.4,
      8.2,
      0.85,
      0.0,
      0.0,
      0.5,
      0.067,
      1.5,
      22.4,
      1.6,
      9.0,
      1.6,
      17.4,
      0.55,
      12.5,
      0.5,
      5.2,
      2.4,
      2.7,
      29.4,
      1.6,
      2.9,
      3.1,
      0.3,
      24.7,
      1.9,
      1.4,
      0.4,
      17.5,
      1.4,
      3.3,
      0.6,
      23.3,
      1.4,
      1.6,
      0.5,
      1.7,
      1.3,
      30.8,
      28.5,
      2.2,
      0.45,
      1.4,
      12.5,
      4.3,
      2.1,
      9.2,
      24.5,
      2.2,
      1.1,
      39.8,
      0.7,
      4.5,
      24.9,
      1.1,
      28.2,
      34.8,
      24.9,
      24.3
    ],
    [
      2.4,
      8.2,
      0.85,
      0.0,
      0.0,
      0.5,
      0.45,
      1.5,
      22.4,
      1.6,
      9.0,
      1.6,
      17.4,
      0.55,
      12.5,
      0.55,
      5.2,
      2.4,
      2.7,
      29.4,
      1.6,
      2.9,
      3.1,
      0.3,
      24.7,
      1.9,
      1.4,
      0.35,
      17.5,
      1.4,
      3.3,
      0.6,
      23.3,
      1.4,
      1.6,
      0.55,
      1.7,
      1.3,
      30.8,
      28.5,
      2.2,
      0.45,
      1.4,
      12.5,
      4.3,
      2.1,
      9.2,
      24.5,
      2.2,
      1.1,
      39.8,
      1.0,
      4.5,
      24.9,
      0.9,
      28.2,
      34.8,
      24.9,
      24.3
    ],
    [
      2.4,
      8.1,
      1.0,
      0.5,
      0.5,
      0.0,
      0.12,
      1.8,
      22.4,
      1.7,
      9.0,
      1.6,
      17.4,
      0.45,
      12.5,
      0.4,
      3.0,
      2.4,
      2.7,
      29.4,
      1.6,
      3.0,
      3.1,
      0.23,
      24.7,
      2.0,
      1.4,
      0.6,
      17.6,
      1.4,
      3.3,
      0.22,
      23.4,
      1.6,
      1.8,
      0.45,
      2.0,
      1.1,
      30.8,
      28.5,
      2.2,
      0.5,
      1.4,
      12.5,
      4.3,
      2.1,
      8.8,
      24.5,
      2.2,
      1.4,
      39.1,
      0.7,
      4.5,
      24.9,
      1.1,
      28.2,
      34.9,
      25.0,
      24.3
    ],
    [
      2.3,
      8.2,
      1.0,
      0.067,
      0.45,
      0.12,
      0.0,
      1.6,
      22.5,
      1.7,
      9.1,
      1.6,
      17.4,
      0.45,
      12.5,
      0.45,
      5.3,
      2.4,
      2.7,
      29.5,
      1.6,
      3.0,
      3.1,
      0.24,
      24.8,
      2.0,
      1.5,
      0.55,
      17.6,
      1.4,
      3.4,
      0.27,
      23.4,
      1.4,
      1.6,
      0.4,
      1.8,
      1.3,
      30.8,
      28.6,
      2.2,
      0.55,
      1.5,
      12.6,
      4.3,
      2.2,
      9.3,
      24.6,
      2.3,
      1.2,
      39.1,
      0.75,
      4.6,
      24.9,
      0.95,
      28.3,
      34.9,
      25.0,
      24.3
    ],
    [
      1.9,
      5.9,
      0.8,
      1.5,
      1.5,
      1.8,
      1.6,
      0.0,
      21.6,
      1.0,
      10.7,
      2.8,
      17.4,
      2.3,
      14.2,
      2.3,
      2.1,
      1.5,
      2.0,
      29.1,
      0.6,
      2.0,
      2.7,
      2.0,
      26.4,
      1.1,
      3.1,
      2.0,
      19.3,
      3.1,
      2.7,
      2.1,
      22.6,
      0.18,
      3.0,
      2.3,
      3.1,
      2.7,
      28.8,
      26.5,
      1.5,
      2.0,
      0.9,
      14.2,
      3.9,
      1.3,
      9.8,
      21.8,
      1.7,
      0.5,
      41.5,
      2.5,
      4.1,
      24.1,
      0.95,
      29.9,
      32.9,
      23.0,
      26.0
    ],
    [
      18.2,
      15.5,
      23.2,
      22.4,
      22.4,
      22.4,
      22.5,
      21.6,
      0.0,
      20.6,
      34.0,
      21.9,
      29.1,
      22.6,
      30.0,
      22.6,
      18.7,
      18.8,
      18.9,
      18.4,
      21.0,
      18.2,
      21.6,
      23.0,
      39.6,
      21.4,
      23.1,
      23.4,
      17.0,
      23.1,
      18.9,
      22.7,
      3.1,
      22.0,
      23.6,
      23.0,
      23.6,
      23.1,
      18.2,
      15.9,
      21.5,
      23.3,
      20.8,
      24.8,
      13.9,
      21.6,
      33.9,
      7.1,
      21.6,
      21.7,
      58.2,
      22.0,
      13.2,
      4.7,
      21.9,
      50.1,
      13.5,
      17.8,
      49.3
    ],
    [
      1.1,
      4.9,
      1.4,
      1.6,
      1.6,
      1.7,
      1.7,
      1.0,
      20.6,
      0.0,
      11.3,
      2.2,
      17.0,
      2.0,
      14.8,
      2.0,
      1.8,
      1.2,
      1.5,
      28.7,
      0.65,
      1.8,
      1.7,
      1.8,
      27.0,
      0.75,
      2.8,
      1.7,
      21.0,
      2.8,
      2.2,
      1.8,
      21.6,
      1.5,
      2.8,
      2.2,
      2.9,
      2.5,
      28.4,
      26.1,
      0.7,
      1.8,
      0.4,
      14.8,
      2.9,
      1.0,
      11.5,
      20.9,
      0.9,
      1.3,
      41.3,
      2.0,
      3.2,
      23.2,
      1.5,
      30.5,
      32.5,
      22.6,
      26.6
    ],
    [
      9.7,
      20.1,
      8.5,
      9.0,
      9.0,
      9.0,
      9.1,
      10.7,
      34.0,
      11.3,
      0.0,
      9.1,
      10.3,
      8.9,
      5.1,
      8.9,
      12.8,
      13.1,
      13.1,
      33.6,
      9.3,
      17.8,
      12.1,
      9.0,
      17.6,
      11.5,
      7.1,
      9.4,
      17.6,
      7.3,
      13.8,
      8.7,
      27.9,
      10.3,
      7.8,
      9.1,
      7.9,
      9.8,
      32.8,
      30.5,
      11.4,
      9.3,
      11.4,
      14.3,
      13.3,
      11.7,
      0.26,
      26.5,
      11.6,
      8.9,
      36.1,
      9.5,
      13.6,
      35.4,
      9.8,
      20.0,
      36.9,
      26.8,
      19.2
    ],
    [
      3.1,
      6.7,
      2.4,
      1.6,
      1.6,
      1.6,
      1.6,
      2.8,
      21.9,
      2.2,
      9.1,
      0.0,
      16.8,
      1.9,
      13.8,
      1.9,
      3.8,
      3.2,
      3.7,
      28.6,
      2.3,
      3.7,
      3.2,
      1.6,
      26.0,
      2.7,
      2.6,
      1.6,
      17.1,
      2.6,
      4.0,
      1.7,
      23.1,
      2.6,
      3.1,
      2.1,
      3.2,
      2.7,
      28.3,
      26.0,
      3.0,
      1.9,
      2.2,
      13.8,
      3.7,
      2.9,
      9.4,
      22.0,
      3.2,
      2.3,
      41.1,
      1.0,
      4.0,
      24.7,
      2.5,
      29.5,
      32.3,
      22.4,
      25.6
    ],
    [
      19.0,
      21.1,
      18.2,
      17.4,
      17.4,
      17.4,
      17.4,
      17.4,
      29.1,
      17.0,
      10.3,
      16.8,
      0.0,
      17.3,
      15.3,
      17.3,
      18.9,
      19.1,
      19.2,
      32.1,
      19.9,
      18.6,
      17.4,
      17.5,
      12.4,
      19.8,
      18.2,
      17.9,
      16.9,
      18.1,
      19.9,
      17.2,
      26.9,
      18.8,
      18.6,
      17.5,
      18.6,
      19.6,
      31.8,
      29.5,
      19.6,
      17.8,
      16.9,
      26.0,
      17.9,
      20.0,
      10.5,
      25.5,
      19.2,
      18.5,
      40.4,
      17.9,
      18.1,
      28.4,
      18.3,
      24.4,
      35.8,
      25.9,
      23.6
    ],
    [
      2.7,
      7.9,
      0.95,
      0.55,
      0.55,
      0.45,
      0.45,
      2.3,
      22.6,
      2.0,
      8.9,
      1.9,
      17.3,
      0.0,
      12.4,
      0.081,
      4.9,
      2.7,
      3.0,
      30.7,
      1.9,
      5.0,
      4.2,
      0.35,
      25.7,
      2.3,
      1.1,
      0.9,
      17.5,
      1.0,
      3.7,
      0.35,
      23.0,
      1.7,
      0.95,
      0.088,
      1.2,
      0.7,
      30.4,
      28.2,
      3.5,
      0.55,
      1.8,
      12.4,
      5.4,
      2.5,
      13.8,
      24.2,
      2.6,
      1.4,
      39.7,
      1.1,
      5.6,
      24.5,
      1.1,
      28.1,
      34.5,
      24.6,
      24.2
    ],
    [
      14.8,
      16.1,
      13.3,
      12.5,
      12.5,
      12.5,
      12.5,
      14.2,
      30.0,
      14.8,
      5.1,
      13.8,
      15.3,
      12.4,
      0.0,
      12.3,
      14.5,
      14.7,
      14.8,
      37.8,
      12.8,
      14.2,
      15.6,
      12.5,
      24.8,
      15.0,
      9.1,
      12.8,
      22.0,
      9.3,
      15.5,
      12.1,
      30.3,
      12.6,
      11.3,
      12.5,
      9.4,
      9.4,
      41.6,
      39.3,
      14.8,
      12.8,
      14.8,
      10.7,
      16.7,
      15.2,
      5.3,
      29.5,
      14.8,
      12.3,
      38.0,
      12.9,
      17.0,
      31.8,
      12.6,
      27.3,
      45.7,
      33.9,
      15.1
    ],
    [
      2.7,
      7.9,
      0.9,
      0.5,
      0.55,
      0.4,
      0.45,
      2.3,
      22.6,
      2.0,
      8.9,
      1.9,
      17.3,
      0.081,
      12.3,
      0.0,
      4.9,
      2.7,
      3.0,
      30.7,
      1.8,
      5.0,
      4.2,
      0.35,
      25.7,
      2.3,
      1.1,
      0.85,
      17.5,
      1.1,
      3.6,
      0.18,
      23.0,
      1.7,
      1.0,
      0.069,
      1.2,
      0.8,
      30.4,
      28.2,
      3.5,
      0.55,
      1.8,
      12.4,
      5.4,
      2.5,
      13.7,
      24.2,
      2.6,
      1.4,
      39.7,
      1.0,
      5.7,
      24.6,
      1.1,
      28.1,
      34.5,
      24.6,
      24.2
    ],
    [
      0.058,
      4.0,
      2.5,
      5.2,
      5.2,
      3.0,
      5.3,
      2.1,
      18.7,
      1.8,
      12.8,
      3.8,
      18.9,
      4.9,
      14.5,
      4.9,
      0.0,
      0.3,
      1.1,
      30.8,
      1.8,
      0.85,
      2.5,
      3.2,
      31.3,
      0.95,
      4.2,
      3.1,
      19.3,
      4.2,
      1.7,
      3.2,
      19.3,
      2.7,
      3.9,
      3.3,
      4.1,
      3.6,
      30.5,
      28.2,
      0.65,
      2.9,
      1.8,
      9.5,
      3.9,
      1.1,
      18.6,
      24.2,
      0.55,
      2.5,
      41.9,
      3.6,
      4.1,
      20.8,
      2.7,
      34.8,
      34.6,
      24.6,
      29.0
    ],
    [
      0.27,
      4.1,
      1.9,
      2.4,
      2.4,
      2.4,
      2.4,
      1.5,
      18.8,
      1.2,
      13.1,
      3.2,
      19.1,
      2.7,
      14.7,
      2.7,
      0.3,
      0.0,
      0.8,
      30.5,
      1.1,
      0.65,
      2.2,
      2.6,
      31.3,
      1.0,
      3.7,
      2.6,
      19.0,
      3.7,
      0.85,
      2.7,
      19.0,
      2.1,
      3.3,
      2.6,
      3.4,
      3.0,
      30.2,
      27.9,
      0.6,
      2.3,
      1.3,
      9.5,
      3.6,
      1.2,
      18.5,
      24.0,
      0.5,
      1.8,
      42.8,
      3.1,
      3.8,
      20.5,
      2.0,
      34.8,
      34.3,
      24.4,
      28.7
    ],
    [
      1.1,
      4.2,
      2.4,
      2.7,
      2.7,
      2.7,
      2.7,
      2.0,
      18.9,
      1.5,
      13.1,
      3.7,
      19.2,
      3.0,
      14.8,
      3.0,
      1.1,
      0.8,
      0.0,
      30.8,
      1.6,
      0.35,
      1.2,
      2.8,
      32.6,
      1.6,
      3.8,
      2.7,
      19.3,
      3.8,
      0.4,
      2.8,
      19.2,
      2.5,
      3.8,
      3.2,
      3.9,
      3.5,
      30.5,
      28.2,
      1.1,
      2.8,
      1.4,
      9.8,
      3.5,
      1.8,
      18.9,
      24.2,
      0.7,
      2.3,
      42.1,
      3.2,
      3.7,
      20.8,
      2.5,
      35.1,
      34.6,
      24.7,
      26.7
    ],
    [
      30.7,
      28.1,
      30.2,
      29.4,
      29.4,
      29.4,
      29.5,
      29.1,
      18.4,
      28.7,
      33.6,
      28.6,
      32.1,
      30.7,
      37.8,
      30.7,
      30.8,
      30.5,
      30.8,
      0.0,
      30.8,
      30.3,
      29.1,
      29.6,
      39.6,
      31.5,
      30.2,
      30.0,
      13.3,
      30.2,
      31.6,
      29.2,
      13.9,
      30.9,
      30.7,
      29.6,
      30.7,
      30.4,
      0.7,
      3.2,
      32.0,
      29.9,
      31.9,
      36.9,
      26.0,
      31.7,
      29.7,
      10.3,
      31.0,
      30.6,
      54.9,
      30.0,
      29.5,
      12.7,
      30.4,
      51.6,
      18.1,
      5.7,
      44.3
    ],
    [
      0.9,
      4.9,
      0.9,
      1.6,
      1.6,
      1.6,
      1.6,
      0.6,
      21.0,
      0.65,
      9.3,
      2.3,
      19.9,
      1.9,
      12.8,
      1.8,
      1.8,
      1.1,
      1.6,
      30.8,
      0.0,
      1.7,
      2.3,
      1.4,
      27.2,
      0.7,
      2.5,
      1.6,
      19.0,
      2.5,
      2.3,
      1.7,
      22.2,
      0.65,
      2.1,
      1.5,
      2.3,
      1.9,
      28.4,
      26.2,
      1.1,
      1.2,
      0.55,
      14.0,
      3.5,
      0.8,
      9.0,
      21.5,
      1.3,
      0.7,
      41.1,
      2.2,
      3.7,
      23.7,
      0.9,
      29.7,
      32.5,
      22.6,
      25.8
    ],
    [
      0.9,
      3.5,
      2.4,
      2.9,
      2.9,
      3.0,
      3.0,
      2.0,
      18.2,
      1.8,
      17.8,
      3.7,
      18.6,
      5.0,
      14.2,
      5.0,
      0.85,
      0.65,
      0.35,
      30.3,
      1.7,
      0.0,
      2.4,
      3.2,
      28.8,
      1.7,
      5.7,
      3.1,
      18.6,
      5.7,
      0.55,
      5.2,
      18.5,
      2.7,
      3.9,
      3.3,
      4.1,
      3.6,
      29.8,
      27.5,
      1.4,
      2.9,
      1.8,
      9.7,
      3.8,
      1.8,
      18.8,
      23.5,
      1.1,
      2.4,
      42.1,
      3.6,
      4.1,
      20.1,
      2.6,
      32.2,
      33.9,
      23.9,
      28.3
    ],
    [
      2.2,
      4.2,
      3.1,
      3.1,
      3.1,
      3.1,
      3.1,
      2.7,
      21.6,
      1.7,
      12.1,
      3.2,
      17.4,
      4.2,
      15.6,
      4.2,
      2.5,
      2.2,
      1.2,
      29.1,
      2.3,
      2.4,
      0.0,
      5.0,
      28.1,
      3.0,
      5.1,
      3.5,
      21.2,
      5.1,
      1.0,
      4.6,
      21.8,
      3.5,
      5.5,
      5.0,
      5.5,
      5.1,
      28.8,
      26.5,
      2.7,
      5.3,
      2.4,
      11.9,
      1.8,
      3.2,
      17.2,
      21.1,
      1.0,
      3.3,
      43.2,
      3.4,
      2.1,
      23.4,
      3.5,
      31.6,
      32.9,
      22.9,
      27.7
    ],
    [
      2.3,
      6.3,
      0.7,
      0.3,
      0.3,
      0.23,
      0.24,
      2.0,
      23.0,
      1.8,
      9.0,
      1.6,
      17.5,
      0.35,
      12.5,
      0.35,
      3.2,
      2.6,
      2.8,
      29.6,
      1.4,
      3.2,
      5.0,
      0.0,
      25.8,
      2.0,
      1.5,
      0.6,
      17.6,
      1.5,
      3.4,
      0.3,
      23.4,
      1.3,
      1.5,
      0.35,
      1.6,
      1.2,
      30.9,
      28.6,
      2.3,
      0.3,
      1.5,
      12.6,
      4.4,
      2.2,
      13.9,
      24.6,
      2.3,
      1.0,
      39.9,
      0.8,
      4.6,
      25.0,
      0.95,
      28.3,
      34.9,
      25.5,
      24.4
    ],
    [
      32.5,
      32.7,
      25.5,
      24.7,
      24.7,
      24.7,
      24.8,
      26.4,
      39.6,
      27.0,
      17.6,
      26.0,
      12.4,
      25.7,
      24.8,
      25.7,
      31.3,
      31.3,
      32.6,
      39.6,
      27.2,
      28.8,
      28.1,
      25.8,
      0.0,
      27.5,
      25.7,
      25.4,
      26.4,
      25.7,
      29.8,
      24.7,
      36.4,
      26.3,
      26.1,
      25.0,
      26.1,
      25.8,
      41.3,
      39.0,
      27.4,
      25.3,
      27.3,
      27.6,
      27.4,
      27.7,
      17.1,
      35.0,
      27.6,
      26.0,
      34.1,
      25.4,
      27.7,
      37.9,
      25.8,
      12.9,
      45.4,
      35.3,
      17.3
    ],
    [
      0.9,
      4.8,
      1.4,
      1.9,
      1.9,
      2.0,
      2.0,
      1.1,
      21.4,
      0.75,
      11.5,
      2.7,
      19.8,
      2.3,
      15.0,
      2.3,
      0.95,
      1.0,
      1.6,
      31.5,
      0.7,
      1.7,
      3.0,
      2.0,
      27.5,
      0.0,
      3.2,
      2.1,
      19.3,
      3.2,
      2.2,
      2.2,
      22.2,
      1.5,
      2.7,
      2.1,
      2.9,
      2.5,
      31.2,
      28.9,
      1.1,
      1.8,
      0.7,
      10.4,
      3.5,
      0.17,
      9.6,
      21.5,
      1.2,
      1.3,
      41.6,
      2.6,
      3.8,
      23.8,
      1.5,
      30.0,
      35.3,
      25.3,
      26.0
    ],
    [
      3.5,
      8.4,
      1.8,
      1.4,
      1.4,
      1.4,
      1.5,
      3.1,
      23.1,
      2.8,
      7.1,
      2.6,
      18.2,
      1.1,
      9.1,
      1.1,
      4.2,
      3.7,
      3.8,
      30.2,
      2.5,
      5.7,
      5.1,
      1.5,
      25.7,
      3.2,
      0.0,
      1.9,
      18.3,
      0.13,
      4.5,
      1.1,
      23.6,
      2.4,
      1.1,
      1.5,
      0.75,
      0.65,
      31.1,
      28.8,
      4.1,
      1.8,
      2.6,
      11.0,
      5.3,
      3.3,
      7.2,
      24.8,
      3.4,
      2.1,
      38.3,
      2.1,
      5.6,
      25.2,
      1.9,
      29.0,
      35.1,
      25.2,
      25.1
    ],
    [
      2.3,
      6.6,
      1.5,
      0.4,
      0.35,
      0.6,
      0.55,
      2.0,
      23.4,
      1.7,
      9.4,
      1.6,
      17.9,
      0.9,
      12.8,
      0.85,
      3.1,
      2.6,
      2.7,
      30.0,
      1.6,
      3.1,
      3.5,
      0.6,
      25.4,
      2.1,
      1.9,
      0.0,
      18.4,
      2.2,
      2.9,
      0.7,
      24.5,
      1.3,
      2.5,
      0.85,
      2.7,
      2.4,
      28.7,
      26.5,
      1.7,
      0.75,
      1.0,
      13.3,
      4.2,
      1.7,
      10.1,
      22.5,
      1.8,
      1.1,
      40.6,
      1.6,
      4.4,
      24.5,
      0.8,
      29.0,
      32.8,
      22.9,
      25.1
    ],
    [
      19.2,
      15.8,
      18.3,
      17.5,
      17.5,
      17.6,
      17.6,
      19.3,
      17.0,
      21.0,
      17.6,
      17.1,
      16.9,
      17.5,
      22.0,
      17.5,
      19.3,
      19.0,
      19.3,
      13.3,
      19.0,
      18.6,
      21.2,
      17.6,
      26.4,
      19.3,
      18.3,
      18.4,
      0.0,
      18.4,
      18.7,
      17.5,
      14.7,
      19.1,
      18.9,
      17.8,
      18.9,
      18.6,
      13.4,
      10.0,
      20.2,
      18.1,
      20.6,
      24.6,
      13.7,
      20.5,
      17.8,
      12.7,
      19.5,
      18.8,
      52.4,
      18.2,
      13.0,
      16.2,
      18.6,
      36.4,
      23.7,
      8.5,
      32.5
    ],
    [
      3.4,
      8.4,
      1.8,
      1.4,
      1.4,
      1.4,
      1.4,
      3.1,
      23.1,
      2.8,
      7.3,
      2.6,
      18.1,
      1.0,
      9.3,
      1.1,
      4.2,
      3.7,
      3.8,
      30.2,
      2.5,
      5.7,
      5.1,
      1.5,
      25.7,
      3.2,
      0.13,
      2.2,
      18.4,
      0.0,
      4.5,
      1.1,
      23.6,
      2.3,
      1.1,
      1.5,
      0.55,
      0.7,
      31.0,
      28.7,
      4.1,
      1.8,
      2.6,
      10.9,
      5.4,
      3.3,
      7.2,
      24.8,
      3.4,
      2.1,
      38.2,
      2.3,
      5.7,
      25.1,
      1.9,
      29.0,
      35.1,
      25.2,
      25.0
    ],
    [
      1.5,
      3.6,
      3.1,
      3.3,
      3.3,
      3.3,
      3.4,
      2.7,
      18.9,
      2.2,
      13.8,
      4.0,
      19.9,
      3.7,
      15.5,
      3.6,
      1.7,
      0.85,
      0.4,
      31.6,
      2.3,
      0.55,
      1.0,
      3.4,
      29.8,
      2.2,
      4.5,
      2.9,
      18.7,
      4.5,
      0.0,
      3.5,
      19.0,
      3.4,
      4.6,
      3.9,
      4.9,
      4.6,
      31.0,
      28.7,
      1.7,
      3.5,
      2.0,
      10.4,
      2.5,
      2.5,
      19.4,
      24.7,
      0.7,
      3.0,
      42.7,
      3.9,
      2.8,
      20.5,
      3.2,
      35.7,
      35.0,
      25.1,
      29.5
    ],
    [
      2.5,
      7.9,
      1.3,
      0.6,
      0.6,
      0.22,
      0.27,
      2.1,
      22.7,
      1.8,
      8.7,
      1.7,
      17.2,
      0.35,
      12.1,
      0.18,
      3.2,
      2.7,
      2.8,
      29.2,
      1.7,
      5.2,
      4.6,
      0.3,
      24.7,
      2.2,
      1.1,
      0.7,
      17.5,
      1.1,
      3.5,
      0.0,
      23.2,
      1.6,
      1.4,
      0.3,
      1.4,
      1.0,
      30.6,
      28.3,
      3.7,
      0.6,
      2.1,
      12.4,
      5.6,
      2.6,
      13.7,
      24.4,
      3.8,
      1.4,
      39.7,
      1.5,
      5.8,
      24.7,
      1.1,
      28.1,
      34.7,
      24.8,
      24.1
    ],
    [
      19.1,
      16.5,
      24.1,
      23.3,
      23.3,
      23.4,
      23.4,
      22.6,
      3.1,
      21.6,
      27.9,
      23.1,
      26.9,
      23.0,
      30.3,
      23.0,
      19.3,
      19.0,
      19.2,
      13.9,
      22.2,
      18.5,
      21.8,
      23.4,
      36.4,
      22.2,
      23.6,
      24.5,
      14.7,
      23.6,
      19.0,
      23.2,
      0.0,
      22.4,
      24.0,
      23.4,
      24.0,
      23.5,
      13.0,
      10.8,
      22.0,
      23.7,
      21.2,
      25.2,
      14.3,
      22.0,
      28.9,
      3.4,
      19.3,
      22.2,
      56.8,
      22.4,
      13.7,
      2.8,
      22.4,
      47.2,
      11.3,
      12.7,
      46.4
    ],
    [
      1.8,
      5.8,
      0.6,
      1.4,
      1.4,
      1.6,
      1.4,
      0.18,
      22.0,
      1.5,
      10.3,
      2.6,
      18.8,
      1.7,
      12.6,
      1.7,
      2.7,
      2.1,
      2.5,
      30.9,
      0.65,
      2.7,
      3.5,
      1.3,
      26.3,
      1.5,
      2.4,
      1.3,
      19.1,
      2.3,
      3.4,
      1.6,
      22.4,
      0.0,
      2.1,
      1.4,
      2.2,
      1.8,
      29.1,
      26.8,
      1.8,
      1.1,
      0.9,
      13.9,
      4.1,
      1.4,
      8.9,
      22.1,
      2.0,
      0.35,
      41.2,
      2.2,
      4.3,
      24.4,
      0.8,
      29.6,
      33.1,
      23.2,
      25.7
    ],
    [
      3.0,
      7.0,
      1.0,
      1.6,
      1.6,
      1.8,
      1.6,
      3.0,
      23.6,
      2.8,
      7.8,
      3.1,
      18.6,
      0.95,
      11.3,
      1.0,
      3.9,
      3.3,
      3.8,
      30.7,
      2.1,
      3.9,
      5.5,
      1.5,
      26.1,
      2.7,
      1.1,
      2.5,
      18.9,
      1.1,
      4.6,
      1.4,
      24.0,
      2.1,
      0.0,
      1.0,
      1.3,
      0.9,
      31.4,
      29.1,
      3.2,
      1.0,
      2.4,
      11.3,
      6.4,
      2.9,
      7.6,
      25.1,
      3.4,
      1.6,
      38.6,
      2.2,
      6.6,
      25.5,
      1.4,
      29.3,
      35.5,
      25.5,
      25.4
    ],
    [
      2.4,
      8.3,
      0.8,
      0.5,
      0.55,
      0.45,
      0.4,
      2.3,
      23.0,
      2.2,
      9.1,
      2.1,
      17.5,
      0.088,
      12.5,
      0.069,
      3.3,
      2.6,
      3.2,
      29.6,
      1.5,
      3.3,
      5.0,
      0.35,
      25.0,
      2.1,
      1.5,
      0.85,
      17.8,
      1.5,
      3.9,
      0.3,
      23.4,
      1.4,
      1.0,
      0.0,
      1.1,
      0.75,
      30.8,
      28.5,
      3.8,
      0.4,
      2.2,
      13.0,
      5.7,
      2.7,
      14.3,
      24.5,
      4.0,
      1.5,
      40.3,
      1.6,
      6.0,
      24.9,
      1.0,
      28.7,
      34.8,
      24.9,
      24.7
    ],
    [
      3.2,
      8.9,
      1.6,
      1.7,
      1.7,
      2.0,
      1.8,
      3.1,
      23.6,
      2.9,
      7.9,
      3.2,
      18.6,
      1.2,
      9.4,
      1.2,
      4.1,
      3.4,
      3.9,
      30.7,
      2.3,
      4.1,
      5.5,
      1.6,
      26.1,
      2.9,
      0.75,
      2.7,
      18.9,
      0.55,
      4.9,
      1.4,
      24.0,
      2.2,
      1.3,
      1.1,
      0.0,
      0.55,
      31.4,
      29.1,
      4.5,
      1.4,
      2.6,
      11.6,
      6.4,
      3.1,
      7.8,
      25.2,
      4.6,
      1.9,
      38.9,
      2.5,
      6.6,
      25.5,
      1.7,
      29.6,
      35.5,
      25.6,
      25.6
    ],
    [
      2.8,
      8.4,
      1.2,
      1.3,
      1.3,
      1.1,
      1.3,
      2.7,
      23.1,
      2.5,
      9.8,
      2.7,
      19.6,
      0.7,
      9.4,
      0.8,
      3.6,
      3.0,
      3.5,
      30.4,
      1.9,
      3.6,
      5.1,
      1.2,
      25.8,
      2.5,
      0.65,
      2.4,
      18.6,
      0.7,
      4.6,
      1.0,
      23.5,
      1.8,
      0.9,
      0.75,
      0.55,
      0.0,
      31.0,
      28.7,
      4.1,
      1.0,
      2.2,
      13.2,
      6.0,
      2.7,
      7.5,
      24.7,
      4.2,
      1.5,
      40.5,
      2.0,
      6.2,
      25.1,
      1.2,
      28.9,
      35.1,
      25.1,
      25.0
    ],
    [
      30.4,
      27.8,
      31.6,
      30.8,
      30.8,
      30.8,
      30.8,
      28.8,
      18.2,
      28.4,
      32.8,
      28.3,
      31.8,
      30.4,
      41.6,
      30.4,
      30.5,
      30.2,
      30.5,
      0.7,
      28.4,
      29.8,
      28.8,
      30.9,
      41.3,
      31.2,
      31.1,
      28.7,
      13.4,
      31.0,
      31.0,
      30.6,
      13.0,
      29.1,
      31.4,
      30.8,
      31.4,
      31.0,
      0.0,
      2.9,
      31.0,
      30.1,
      28.3,
      36.6,
      29.3,
      31.4,
      33.0,
      10.0,
      30.7,
      30.8,
      67.4,
      30.2,
      23.6,
      12.4,
      30.6,
      51.3,
      17.8,
      4.8,
      50.5
    ],
    [
      28.1,
      25.6,
      29.3,
      28.5,
      28.5,
      28.5,
      28.6,
      26.5,
      15.9,
      26.1,
      30.5,
      26.0,
      29.5,
      28.2,
      39.3,
      28.2,
      28.2,
      27.9,
      28.2,
      3.2,
      26.2,
      27.5,
      26.5,
      28.6,
      39.0,
      28.9,
      28.8,
      26.5,
      10.0,
      28.7,
      28.7,
      28.3,
      10.8,
      26.8,
      29.1,
      28.5,
      29.1,
      28.7,
      2.9,
      0.0,
      28.6,
      28.9,
      25.9,
      34.2,
      21.9,
      29.0,
      30.6,
      7.6,
      28.3,
      29.6,
      65.0,
      26.4,
      21.3,
      10.0,
      29.3,
      49.0,
      18.2,
      2.1,
      44.3
    ],
    [
      0.6,
      4.6,
      1.9,
      2.2,
      2.2,
      2.2,
      2.2,
      1.5,
      21.5,
      0.7,
      11.4,
      3.0,
      19.6,
      3.5,
      14.8,
      3.5,
      0.65,
      0.6,
      1.1,
      32.0,
      1.1,
      1.4,
      2.7,
      2.3,
      27.4,
      1.1,
      4.1,
      1.7,
      20.2,
      4.1,
      1.7,
      3.7,
      22.0,
      1.8,
      3.2,
      3.8,
      4.5,
      4.1,
      31.0,
      28.6,
      0.0,
      3.2,
      1.6,
      10.1,
      2.9,
      1.9,
      16.7,
      21.0,
      0.3,
      2.5,
      42.4,
      3.1,
      3.2,
      23.3,
      2.7,
      31.1,
      32.8,
      25.0,
      27.1
    ],
    [
      2.0,
      6.0,
      0.45,
      0.45,
      0.45,
      0.5,
      0.55,
      2.0,
      23.3,
      1.8,
      9.3,
      1.9,
      17.8,
      0.55,
      12.8,
      0.55,
      2.9,
      2.3,
      2.8,
      29.9,
      1.2,
      2.9,
      5.3,
      0.3,
      25.3,
      1.8,
      1.8,
      0.75,
      18.1,
      1.8,
      3.5,
      0.6,
      23.7,
      1.1,
      1.0,
      0.4,
      1.4,
      1.0,
      30.1,
      28.9,
      3.2,
      0.0,
      1.5,
      12.9,
      4.7,
      2.0,
      8.1,
      24.9,
      2.6,
      0.75,
      40.2,
      1.1,
      4.9,
      25.3,
      0.65,
      28.6,
      35.2,
      25.8,
      24.7
    ],
    [
      1.0,
      4.9,
      1.1,
      1.4,
      1.4,
      1.4,
      1.5,
      0.9,
      20.8,
      0.4,
      11.4,
      2.2,
      16.9,
      1.8,
      14.8,
      1.8,
      1.8,
      1.3,
      1.4,
      31.9,
      0.55,
      1.8,
      2.4,
      1.5,
      27.3,
      0.7,
      2.6,
      1.0,
      20.6,
      2.6,
      2.0,
      2.1,
      21.2,
      0.9,
      2.4,
      2.2,
      2.6,
      2.2,
      28.3,
      25.9,
      1.6,
      1.5,
      0.0,
      13.5,
      3.5,
      1.0,
      10.3,
      22.1,
      1.2,
      1.2,
      40.8,
      1.8,
      3.8,
      23.8,
      1.3,
      29.2,
      32.4,
      22.5,
      25.3
    ],
    [
      9.6,
      10.9,
      13.3,
      12.5,
      12.5,
      12.5,
      12.6,
      14.2,
      24.8,
      14.8,
      14.3,
      13.8,
      26.0,
      12.4,
      10.7,
      12.4,
      9.5,
      9.5,
      9.8,
      36.9,
      14.0,
      9.7,
      11.9,
      12.6,
      27.6,
      10.4,
      11.0,
      13.3,
      24.6,
      10.9,
      10.4,
      12.4,
      25.2,
      13.9,
      11.3,
      13.0,
      11.6,
      13.2,
      36.6,
      34.2,
      10.1,
      12.9,
      13.5,
      0.0,
      7.7,
      4.9,
      20.2,
      18.8,
      4.1,
      5.5,
      43.5,
      6.8,
      8.6,
      21.1,
      5.7,
      34.5,
      35.0,
      22.8,
      30.6
    ],
    [
      3.8,
      4.4,
      4.3,
      4.3,
      4.3,
      4.3,
      4.3,
      3.9,
      13.9,
      2.9,
      13.3,
      3.7,
      17.9,
      5.4,
      16.7,
      5.4,
      3.9,
      3.6,
      3.5,
      26.0,
      3.5,
      3.8,
      1.8,
      4.4,
      27.4,
      3.5,
      5.3,
      4.2,
      13.7,
      5.4,
      2.5,
      5.6,
      14.3,
      4.1,
      6.4,
      5.7,
      6.4,
      6.0,
      29.3,
      21.9,
      2.9,
      4.7,
      3.5,
      7.7,
      0.0,
      3.7,
      17.7,
      13.6,
      3.0,
      4.3,
      43.7,
      4.2,
      0.55,
      15.8,
      4.5,
      32.1,
      33.4,
      17.5,
      28.2
    ],
    [
      1.0,
      5.0,
      1.6,
      2.1,
      2.1,
      2.1,
      2.2,
      1.3,
      21.6,
      1.0,
      11.7,
      2.9,
      20.0,
      2.5,
      15.2,
      2.5,
      1.1,
      1.2,
      1.8,
      31.7,
      0.8,
      1.8,
      3.2,
      2.2,
      27.7,
      0.17,
      3.3,
      1.7,
      20.5,
      3.3,
      2.5,
      2.6,
      22.0,
      1.4,
      2.9,
      2.7,
      3.1,
      2.7,
      31.4,
      29.0,
      1.9,
      2.0,
      1.0,
      4.9,
      3.7,
      0.0,
      9.8,
      21.7,
      1.4,
      1.5,
      41.7,
      2.7,
      3.9,
      23.9,
      1.7,
      30.2,
      35.4,
      25.5,
      26.2
    ],
    [
      18.7,
      19.9,
      8.7,
      9.2,
      9.2,
      8.8,
      9.3,
      9.8,
      33.9,
      11.5,
      0.26,
      9.4,
      10.5,
      13.8,
      5.3,
      13.7,
      18.6,
      18.5,
      18.9,
      29.7,
      9.0,
      18.8,
      17.2,
      13.9,
      17.1,
      9.6,
      7.2,
      10.1,
      17.8,
      7.2,
      19.4,
      13.7,
      28.9,
      8.9,
      7.6,
      14.3,
      7.8,
      7.5,
      33.0,
      30.6,
      16.7,
      8.1,
      10.3,
      20.2,
      17.7,
      9.8,
      0.0,
      26.7,
      11.7,
      9.1,
      35.9,
      9.2,
      13.7,
      35.3,
      10.0,
      19.9,
      37.0,
      29.5,
      19.1
    ],
    [
      24.1,
      15.8,
      25.3,
      24.5,
      24.5,
      24.5,
      24.6,
      21.8,
      7.1,
      20.9,
      26.5,
      22.0,
      25.5,
      24.2,
      29.5,
      24.2,
      24.2,
      24.0,
      24.2,
      10.3,
      21.5,
      23.5,
      21.1,
      24.6,
      35.0,
      21.5,
      24.8,
      22.5,
      12.7,
      24.8,
      24.7,
      24.4,
      3.4,
      22.1,
      25.1,
      24.5,
      25.2,
      24.7,
      10.0,
      7.6,
      21.0,
      24.9,
      22.1,
      18.8,
      13.6,
      21.7,
      26.7,
      0.0,
      15.4,
      21.5,
      56.1,
      21.7,
      12.8,
      4.9,
      21.7,
      45.2,
      12.6,
      9.6,
      44.4
    ],
    [
      0.5,
      4.4,
      2.1,
      2.2,
      2.2,
      2.2,
      2.3,
      1.7,
      21.6,
      0.9,
      11.6,
      3.2,
      19.2,
      2.6,
      14.8,
      2.6,
      0.55,
      0.5,
      0.7,
      31.0,
      1.3,
      1.1,
      1.0,
      2.3,
      27.6,
      1.2,
      3.4,
      1.8,
      19.5,
      3.4,
      0.7,
      3.8,
      19.3,
      2.0,
      3.4,
      4.0,
      4.6,
      4.2,
      30.7,
      28.3,
      0.3,
      2.6,
      1.2,
      4.1,
      3.0,
      1.4,
      11.7,
      15.4,
      0.0,
      1.9,
      42.2,
      2.8,
      3.2,
      23.3,
      2.1,
      30.2,
      34.7,
      24.8,
      26.3
    ],
    [
      1.6,
      5.6,
      0.29,
      1.1,
      1.1,
      1.4,
      1.2,
      0.5,
      21.7,
      1.3,
      8.9,
      2.3,
      18.5,
      1.4,
      12.3,
      1.4,
      2.5,
      1.8,
      2.3,
      30.6,
      0.7,
      2.4,
      3.3,
      1.0,
      26.0,
      1.3,
      2.1,
      1.1,
      18.8,
      2.1,
      3.0,
      1.4,
      22.2,
      0.35,
      1.6,
      1.5,
      1.9,
      1.5,
      30.8,
      29.6,
      2.5,
      0.75,
      1.2,
      5.5,
      4.3,
      1.5,
      9.1,
      21.5,
      1.9,
      0.0,
      40.8,
      1.8,
      4.8,
      25.9,
      0.55,
      29.2,
      35.9,
      26.5,
      25.3
    ],
    [
      43.0,
      44.2,
      39.8,
      39.8,
      39.8,
      39.1,
      39.1,
      41.5,
      58.2,
      41.3,
      36.1,
      41.1,
      40.4,
      39.7,
      38.0,
      39.7,
      41.9,
      42.8,
      42.1,
      54.9,
      41.1,
      42.1,
      43.2,
      39.9,
      34.1,
      41.6,
      38.3,
      40.6,
      52.4,
      38.2,
      42.7,
      39.7,
      56.8,
      41.2,
      38.6,
      40.3,
      38.9,
      40.5,
      67.4,
      65.0,
      42.4,
      40.2,
      40.8,
      43.5,
      43.7,
      41.7,
      35.9,
      56.1,
      42.2,
      40.8,
      0.0,
      39.4,
      43.5,
      60.2,
      39.1,
      25.9,
      71.3,
      52.9,
      20.4
    ],
    [
      2.8,
      6.6,
      1.5,
      0.7,
      1.0,
      0.7,
      0.75,
      2.5,
      22.0,
      2.0,
      9.5,
      1.0,
      17.9,
      1.1,
      12.9,
      1.0,
      3.6,
      3.1,
      3.2,
      30.0,
      2.2,
      3.6,
      3.4,
      0.8,
      25.4,
      2.6,
      2.1,
      1.6,
      18.2,
      2.3,
      3.9,
      1.5,
      22.4,
      2.2,
      2.2,
      1.6,
      2.5,
      2.0,
      30.2,
      26.4,
      3.1,
      1.1,
      1.8,
      6.8,
      4.2,
      2.7,
      9.2,
      21.7,
      2.8,
      1.8,
      39.4,
      0.0,
      4.0,
      25.3,
      1.6,
      28.7,
      32.3,
      25.9,
      24.7
    ],
    [
      4.0,
      3.8,
      4.5,
      4.5,
      4.5,
      4.5,
      4.6,
      4.1,
      13.2,
      3.2,
      13.6,
      4.0,
      18.1,
      5.6,
      17.0,
      5.7,
      4.1,
      3.8,
      3.7,
      29.5,
      3.7,
      4.1,
      2.1,
      4.6,
      27.7,
      3.8,
      5.6,
      4.4,
      13.0,
      5.7,
      2.8,
      5.8,
      13.7,
      4.3,
      6.6,
      6.0,
      6.6,
      6.2,
      23.6,
      21.3,
      3.2,
      4.9,
      3.8,
      8.6,
      0.55,
      3.9,
      13.7,
      12.8,
      3.2,
      4.8,
      43.5,
      4.0,
      0.0,
      15.2,
      4.7,
      32.4,
      29.1,
      16.9,
      28.4
    ],
    [
      20.7,
      18.0,
      25.7,
      24.9,
      24.9,
      24.9,
      24.9,
      24.1,
      4.7,
      23.2,
      35.4,
      24.7,
      28.4,
      24.5,
      31.8,
      24.6,
      20.8,
      20.5,
      20.8,
      12.7,
      23.7,
      20.1,
      23.4,
      25.0,
      37.9,
      23.8,
      25.2,
      24.5,
      16.2,
      25.1,
      20.5,
      24.7,
      2.8,
      24.4,
      25.5,
      24.9,
      25.5,
      25.1,
      12.4,
      10.0,
      23.3,
      25.3,
      23.8,
      21.1,
      15.8,
      23.9,
      35.3,
      4.9,
      23.3,
      25.9,
      60.2,
      25.3,
      15.2,
      0.0,
      24.0,
      48.4,
      9.3,
      12.0,
      47.6
    ],
    [
      1.8,
      5.8,
      0.3,
      1.1,
      0.9,
      1.1,
      0.95,
      0.95,
      21.9,
      1.5,
      9.8,
      2.5,
      18.3,
      1.1,
      12.6,
      1.1,
      2.7,
      2.0,
      2.5,
      30.4,
      0.9,
      2.6,
      3.5,
      0.95,
      25.8,
      1.5,
      1.9,
      0.8,
      18.6,
      1.9,
      3.2,
      1.1,
      22.4,
      0.8,
      1.4,
      1.0,
      1.7,
      1.2,
      30.6,
      29.3,
      2.7,
      0.65,
      1.3,
      5.7,
      4.5,
      1.7,
      10.0,
      21.7,
      2.1,
      0.55,
      39.1,
      1.6,
      4.7,
      24.0,
      0.0,
      28.8,
      35.4,
      26.0,
      24.9
    ],
    [
      34.9,
      36.2,
      29.0,
      28.2,
      28.2,
      28.2,
      28.3,
      29.9,
      50.1,
      30.5,
      20.0,
      29.5,
      24.4,
      28.1,
      27.3,
      28.1,
      34.8,
      34.8,
      35.1,
      51.6,
      29.7,
      32.2,
      31.6,
      28.3,
      12.9,
      30.0,
      29.0,
      29.0,
      36.4,
      29.0,
      35.7,
      28.1,
      47.2,
      29.6,
      29.3,
      28.7,
      29.6,
      28.9,
      51.3,
      49.0,
      31.1,
      28.6,
      29.2,
      34.5,
      32.1,
      30.2,
      19.9,
      45.2,
      30.2,
      29.2,
      25.9,
      28.7,
      32.4,
      48.4,
      28.8,
      0.0,
      55.2,
      45.1,
      4.3
    ],
    [
      34.5,
      31.9,
      35.6,
      34.8,
      34.8,
      34.9,
      34.9,
      32.9,
      13.5,
      32.5,
      36.9,
      32.3,
      35.8,
      34.5,
      45.7,
      34.5,
      34.6,
      34.3,
      34.6,
      18.1,
      32.5,
      33.9,
      32.9,
      34.9,
      45.4,
      35.3,
      35.1,
      32.8,
      23.7,
      35.1,
      35.0,
      34.7,
      11.3,
      33.1,
      35.5,
      34.8,
      35.5,
      35.1,
      17.8,
      18.2,
      32.8,
      35.2,
      32.4,
      35.0,
      33.4,
      35.4,
      37.0,
      12.6,
      34.7,
      35.9,
      71.3,
      32.3,
      29.1,
      9.3,
      35.4,
      55.2,
      0.0,
      21.3,
      51.1
    ],
    [
      24.6,
      19.7,
      25.7,
      24.9,
      24.9,
      25.0,
      25.0,
      23.0,
      17.8,
      22.6,
      26.8,
      22.4,
      25.9,
      24.6,
      33.9,
      24.6,
      24.6,
      24.4,
      24.7,
      5.7,
      22.6,
      23.9,
      22.9,
      25.5,
      35.3,
      25.3,
      25.2,
      22.9,
      8.5,
      25.2,
      25.1,
      24.8,
      12.7,
      23.2,
      25.5,
      24.9,
      25.6,
      25.1,
      4.8,
      2.1,
      25.0,
      25.8,
      22.5,
      22.8,
      17.5,
