{
  "drive_dist_matrix": [
    [
      0.0,
      1.0,
      5.9,
      8.0,
      6.6,
      13.6,
      11.8,
      5.6,
      23.4,
      0.13,
      0.75,
      2.6,
      0.9,
      1.2,
      4.7,
      0.034,
      4.7,
      0.29,
      1.1,
      11.8,
      1.9,
      0.55,
      0.95,
      0.7,
      2.4,
      6.7,
      0.75,
      6.8,
      6.4,
      0.23,
      0.55,
      9.3,
      13.8,
      6.2,
      14.2,
      10.7,
      9.0,
      0.9,
      5.6,
      69.9,
      1.1,
      2.8,
      13.4,
      2.3,
      3.0
    ],
    [
      1.0,
      0.0,
      5.9,
      6.9,
      6.6,
      12.6,
      10.8,
      5.6,
      23.5,
      0.9,
      0.18,
      3.0,
      1.8,
      0.17,
      4.7,
      0.9,
      4.8,
      1.7,
      1.9,
      11.9,
      2.0,
      0.45,
      0.55,
      2.1,
      2.4,
      6.7,
      2.7,
      6.7,
      6.5,
      1.7,
      1.5,
      9.3,
      13.9,
      6.2,
      14.3,
      10.8,
      7.9,
      3.0,
      4.5,
      68.9,
      1.9,
      1.8,
      13.5,
      2.4,
      1.4
    ],
    [
      5.9,
      5.9,
      0.0,
      11.2,
      1.0,
      12.6,
      12.8,
      0.3,
      19.9,
      5.2,
      4.6,
      3.4,
      3.5,
      4.6,
      3.6,
      5.3,
      3.6,
      5.7,
      2.9,
      8.0,
      3.1,
      4.6,
      4.2,
      3.0,
      2.7,
      5.0,
      2.6,
      2.5,
      1.5,
      5.8,
      5.6,
      5.8,
      8.9,
      0.55,
      9.3,
      5.8,
      12.2,
      2.3,
      6.6,
      70.9,
      2.9,
      5.0,
      8.6,
      2.6,
      4.6
    ],
    [
      8.0,
      6.9,
      11.2,
      0.0,
      13.4,
      19.5,
      11.4,
      12.4,
      30.2,
      8.6,
      8.0,
      9.1,
      8.9,
      7.2,
      11.8,
      8.7,
      11.9,
      9.3,
      9.3,
      19.5,
      9.1,
      8.0,
      9.1,
      9.2,
      9.5,
      13.5,
      9.8,
      13.6,
      13.2,
      9.3,
      9.1,
      16.1,
      30.7,
      13.0,
      27.6,
      24.7,
      1.4,
      9.9,
      8.7,
      69.2,
      9.2,
      7.1,
      30.4,
      9.5,
      8.1
    ],
    [
      6.6,
      6.6,
      1.0,
      13.4,
      0.0,
      13.3,
      13.5,
      1.0,
      19.3,
      5.9,
      5.3,
      4.1,
      4.2,
      5.3,
      3.8,
      5.9,
      3.8,
      6.4,
      3.6,
      7.4,
      3.8,
      5.3,
      4.9,
      3.7,
      3.4,
      4.4,
      3.3,
      2.1,
      0.95,
      6.5,
      6.3,
      5.2,
      8.3,
      0.4,
      8.7,
      5.2,
      12.9,
      3.0,
      7.3,
      71.6,
      3.6,
      5.7,
      8.0,
      3.3,
      5.3
    ],
    [
      13.6,
      12.6,
      12.6,
      19.5,
      13.3,
      0.0,
      9.9,
      13.0,
      30.8,
      12.7,
      12.1,
      10.7,
      14.0,
      12.3,
      15.4,
      12.8,
      15.4,
      13.3,
      12.0,
      16.4,
      13.4,
      12.1,
      12.8,
      13.3,
      12.2,
      12.9,
      12.0,
      14.3,
      13.8,
      13.4,
      13.1,
      16.7,
      21.2,
      13.6,
      21.6,
      18.1,
      18.3,
      11.7,
      11.0,
      64.1,
      12.0,
      12.0,
      20.9,
      12.0,
      12.1
    ],
    [
      11.8,
      10.8,
      12.8,
      11.4,
      13.5,
      9.9,
      0.0,
      13.3,
      31.2,
      11.0,
      10.4,
      9.9,
      12.2,
      10.6,
      14.4,
      11.1,
      14.4,
      11.5,
      10.2,
      19.4,
      11.9,
      10.4,
      11.1,
      11.5,
      11.3,
      14.4,
      11.1,
      14.6,
      14.2,
      11.6,
      11.4,
      17.0,
      21.6,
      13.9,
      22.0,
      18.4,
      10.7,
      10.8,
      7.0,
      62.1,
      10.2,
      10.2,
      21.2,
      11.2,
      10.4
    ],
    [
      5.6,
      5.6,
      0.3,
      12.4,
      1.0,
      13.0,
      13.3,
      0.0,
      19.9,
      4.8,
      4.3,
      3.1,
      3.1,
      4.4,
      3.6,
      4.9,
      3.6,
      5.4,
      2.5,
      8.0,
      2.8,
      4.3,
      3.9,
      2.7,
      2.4,
      5.0,
      2.3,
      2.5,
      1.6,
      5.5,
      5.2,
      5.8,
      9.0,
      0.6,
      9.4,
      5.8,
      11.9,
      2.0,
      6.3,
      70.6,
      2.5,
      4.7,
      8.6,
      2.3,
      4.3
    ],
    [
      23.4,
      23.5,
      19.9,
      30.2,
      19.3,
      30.8,
      31.2,
      19.9,
      0.0,
      23.5,
      22.9,
      21.7,
      21.8,
      23.1,
      21.2,
      23.6,
      21.2,
      24.0,
      21.2,
      16.4,
      21.4,
      22.9,
      22.5,
      21.3,
      21.0,
      18.9,
      20.9,
      19.4,
      18.5,
      24.1,
      23.9,
      14.3,
      15.9,
      19.0,
      18.1,
      19.0,
      30.5,
      20.6,
      24.9,
      89.4,
      21.2,
      23.3,
      15.5,
      20.9,
      22.9
    ],
    [
      0.13,
      0.9,
      5.2,
      8.6,
      5.9,
      12.7,
      11.0,
      4.8,
      23.5,
      0.0,
      0.8,
      3.8,
      0.75,
      1.1,
      4.6,
      0.095,
      4.6,
      0.4,
      2.3,
      11.7,
      0.7,
      0.6,
      1.0,
      2.0,
      0.95,
      6.6,
      0.85,
      6.7,
      6.3,
      2.2,
      0.7,
      9.2,
      13.7,
      6.1,
      14.1,
      10.6,
      8.9,
      2.8,
      5.5,
      69.8,
      2.3,
      2.7,
      13.3,
      2.2,
      2.9
    ],
    [
      0.75,
      0.18,
      4.6,
      8.0,
      5.3,
      12.1,
      10.4,
      4.3,
      22.9,
      0.8,
      0.0,
      2.0,
      1.9,
      0.35,
      4.9,
      0.75,
      4.9,
      1.5,
      1.6,
      11.0,
      2.1,
      0.3,
      0.4,
      2.3,
      2.6,
      5.8,
      2.8,
      6.0,
      5.5,
      1.0,
      1.3,
      8.4,
      12.9,
      5.3,
      13.3,
      9.8,
      8.1,
      1.9,
      4.7,
      69.0,
      1.6,
      2.0,
      12.6,
      2.5,
      1.3
    ],
    [
      2.6,
      3.0,
      3.4,
      9.1,
      4.1,
      10.7,
      9.9,
      3.1,
      21.7,
      3.8,
      2.0,
      0.0,
      2.8,
      2.1,
      5.1,
      2.6,
      5.1,
      3.1,
      0.7,
      10.1,
      2.4,
      1.9,
      1.5,
      2.0,
      1.8,
      5.0,
      1.6,
      5.1,
      4.7,
      3.1,
      2.9,
      7.5,
      12.1,
      4.4,
      12.5,
      9.0,
      9.6,
      1.4,
      3.9,
      68.2,
      0.7,
      2.4,
      11.7,
      1.7,
      2.0
    ],
    [
      0.9,
      1.8,
      3.5,
      8.9,
      4.2,
      14.0,
      12.2,
      3.1,
      21.8,
      0.75,
      1.9,
      2.8,
      0.0,
      1.8,
      3.2,
      2.1,
      3.3,
      0.9,
      2.0,
      10.4,
      0.25,
      1.4,
      3.3,
      0.65,
      0.95,
      5.3,
      1.0,
      5.4,
      5.0,
      0.85,
      1.2,
      7.8,
      12.4,
      4.7,
      12.8,
      9.3,
      9.4,
      1.5,
      5.8,
      70.1,
      2.0,
      3.3,
      12.0,
      0.9,
      3.5
    ],
    [
      1.2,
      0.17,
      4.6,
      7.2,
      5.3,
      12.3,
      10.6,
      4.4,
      23.1,
      1.1,
      0.35,
      2.1,
      1.8,
      0.0,
      4.6,
      1.4,
      4.6,
      1.9,
      3.1,
      11.7,
      1.8,
      0.65,
      0.65,
      2.0,
      2.3,
      6.6,
      2.5,
      6.7,
      6.3,
      1.9,
      1.7,
      9.2,
      13.7,
      6.1,
      14.1,
      10.6,
      7.8,
      2.8,
      4.4,
      68.8,
      3.1,
      1.7,
      13.3,
      2.2,
      1.9
    ],
    [
      4.7,
      4.7,
      3.6,
      11.8,
      3.8,
      15.4,
      14.4,
      3.6,
      21.2,
      4.6,
      4.9,
      5.1,
      3.2,
      4.6,
      0.0,
      5.6,
      0.025,
      6.1,
      4.4,
      10.0,
      3.4,
      5.0,
      5.7,
      3.3,
      3.4,
      7.5,
      3.6,
      2.0,
      3.4,
      6.2,
      5.9,
      7.1,
      14.4,
      3.8,
      14.6,
      8.3,
      12.2,
      3.8,
      8.1,
      72.4,
      4.4,
      6.1,
      14.0,
      3.4,
      6.3
    ],
    [
      0.034,
      0.9,
      5.3,
      8.7,
      5.9,
      12.8,
      11.1,
      4.9,
      23.6,
      0.095,
      0.75,
      2.6,
      2.1,
      1.4,
      5.6,
      0.0,
      5.4,
      0.35,
      1.1,
      12.6,
      0.7,
      0.5,
      0.9,
      0.75,
      0.85,
      7.4,
      0.75,
      7.6,
      7.1,
      0.26,
      0.6,
      10.0,
      14.5,
      6.9,
      15.0,
      11.4,
      9.0,
      1.0,
      5.6,
      69.9,
      1.1,
      2.8,
      14.2,
      0.6,
      3.0
    ],
    [
      4.7,
      4.8,
      3.6,
      11.9,
      3.8,
      15.4,
      14.4,
      3.6,
      21.2,
      4.6,
      4.9,
      5.1,
      3.3,
      4.6,
      0.025,
      5.4,
      0.0,
      6.1,
      4.3,
      10.0,
      3.4,
      5.0,
      5.7,
      3.3,
      3.4,
      7.4,
      3.6,
      2.0,
      3.4,
      6.2,
      6.0,
      7.0,
      14.4,
      3.8,
      14.7,
      8.3,
      12.3,
      3.8,
      8.1,
      72.4,
      4.3,
      6.1,
      14.0,
      3.3,
      6.3
    ],
    [
      0.29,
      1.7,
      5.7,
      9.3,
      6.4,
      13.3,
      11.5,
      5.4,
      24.0,
      0.4,
      1.5,
      3.1,
      0.9,
      1.9,
      6.1,
      0.35,
      6.1,
      0.0,
      0.8,
      10.1,
      0.65,
      0.8,
      2.3,
      0.7,
      0.65,
      4.9,
      0.55,
      5.1,
      4.7,
      0.053,
      0.25,
      7.5,
      12.1,
      4.4,
      12.5,
      8.9,
      9.3,
      0.65,
      4.8,
      69.1,
      0.8,
      3.1,
      11.7,
      0.4,
      2.7
    ],
    [
      1.1,
      1.9,
      2.9,
      9.3,
      3.6,
      12.0,
      10.2,
      2.5,
      21.2,
      2.3,
      1.6,
      0.7,
      2.0,
      3.1,
      4.4,
      1.1,
      4.3,
      0.8,
      0.0,
      9.4,
      1.7,
      2.9,
      2.5,
      1.3,
      0.9,
      4.2,
      0.85,
      4.4,
      3.9,
      0.85,
      0.65,
      6.8,
      11.3,
      3.7,
      11.7,
      8.2,
      10.5,
      0.6,
      4.9,
      69.2,
      NaN,
      3.3,
      11.0,
      0.95,
      2.9
    ],
    [
      11.8,
      11.9,
      8.0,
      19.5,
      7.4,
      16.4,
      19.4,
      8.0,
      16.4,
      11.7,
      11.0,
      10.1,
      10.4,
      11.7,
      10.0,
      12.6,
      10.0,
      10.1,
      9.4,
      0.0,
      10.2,
      11.7,
      11.3,
      10.1,
      9.8,
      4.4,
      9.7,
      8.8,
      7.8,
      11.9,
      11.7,
      3.3,
      8.3,
      7.8,
      10.5,
      8.3,
      20.5,
      9.4,
      13.2,
      77.5,
      10.0,
      12.1,
      7.9,
      9.7,
      11.7
    ],
    [
      1.9,
      2.0,
      3.1,
      9.1,
      3.8,
      13.4,
      11.9,
      2.8,
      21.4,
      0.7,
      2.1,
      2.4,
      0.25,
      1.8,
      3.4,
      0.7,
      3.4,
      0.65,
      1.7,
      10.2,
      0.0,
      1.2,
      3.2,
      0.21,
      0.8,
      5.1,
      0.75,
      5.3,
      4.9,
      0.6,
      0.9,
      7.7,
      12.3,
      4.6,
      12.7,
      9.1,
      9.7,
      1.0,
      5.6,
      70.0,
      1.9,
      3.5,
      11.9,
      0.6,
      3.7
    ],
    [
      0.55,
      0.45,
      4.6,
      8.0,
      5.3,
      12.1,
      10.4,
      4.3,
      22.9,
      0.6,
      0.3,
      1.9,
      1.4,
      0.65,
      5.0,
      0.5,
      5.0,
      0.8,
      2.9,
      11.7,
      1.2,
      0.0,
      0.5,
      2.5,
      2.3,
      5.5,
      2.1,
      5.7,
      5.2,
      0.75,
      3.3,
      8.1,
      12.6,
      5.0,
      13.0,
      9.5,
      9.9,
      1.6,
      4.4,
      68.8,
      1.3,
      2.7,
      12.3,
      2.2,
      1.3
    ],
    [
      0.95,
      0.55,
      4.2,
      9.1,
      4.9,
      12.8,
      11.1,
      3.9,
      22.5,
      1.0,
      0.4,
      1.5,
      3.3,
      0.65,
      5.7,
      0.9,
      5.7,
      2.3,
      2.5,
      11.3,
      3.2,
      0.5,
      0.0,
      2.7,
      3.0,
      6.2,
      3.2,
      6.4,
      5.9,
      1.7,
      1.5,
      8.8,
      13.3,
      5.7,
      13.7,
      10.2,
      8.1,
      1.9,
      4.0,
      68.3,
      2.0,
      1.2,
      12.9,
      2.9,
      1.0
    ],
    [
      0.7,
      2.1,
      3.0,
      9.2,
      3.7,
      13.3,
      11.5,
      2.7,
      21.3,
      2.0,
      2.3,
      2.0,
      0.65,
      2.0,
      3.3,
      0.75,
      3.3,
      0.7,
      1.3,
      10.1,
      0.21,
      2.5,
      2.7,
      0.0,
      0.7,
      5.0,
      0.6,
      5.2,
      4.7,
      0.65,
      2.4,
      7.6,
      12.1,
      4.5,
      12.5,
      9.0,
      9.9,
      0.85,
      5.5,
      69.8,
      1.8,
      3.8,
      11.8,
      0.45,
      3.5
    ],
    [
      2.4,
      2.4,
      2.7,
      9.5,
      3.4,
      12.2,
      11.3,
      2.4,
      21.0,
      0.95,
      2.6,
      1.8,
      0.95,
      2.3,
      3.4,
      0.85,
      3.4,
      0.65,
      0.9,
      9.8,
      0.8,
      2.3,
      3.0,
      0.7,
      0.0,
      4.3,
      0.12,
      4.5,
      4.0,
      0.55,
      0.75,
      6.9,
      11.4,
      3.8,
      11.8,
      8.3,
      10.0,
      0.3,
      5.0,
      69.3,
      0.9,
      3.4,
      11.1,
      0.3,
      3.0
    ],
    [
      6.7,
      6.7,
      5.0,
      13.5,
      4.4,
      12.9,
      14.4,
      5.0,
      18.9,
      6.6,
      5.8,
      5.0,
      5.3,
      6.6,
      7.5,
      7.4,
      7.4,
      4.9,
      4.2,
      4.4,
      5.1,
      5.5,
      6.2,
      5.0,
      4.3,
      0.0,
      5.6,
      5.2,
      3.6,
      8.1,
      8.6,
      4.7,
      9.9,
      3.8,
      11.4,
      7.8,
      15.3,
      6.4,
      9.7,
      74.0,
      5.9,
      8.1,
      9.5,
      5.7,
      7.7
    ],
    [
      0.75,
      2.7,
      2.6,
      9.8,
      3.3,
      12.0,
      11.1,
      2.3,
      20.9,
      0.85,
      2.8,
      1.6,
      1.0,
      2.5,
      3.6,
      0.75,
      3.6,
      0.55,
      0.85,
      9.7,
      0.75,
      2.1,
      3.2,
      0.6,
      0.12,
      5.6,
      0.0,
      4.6,
      4.1,
      0.5,
      0.65,
      7.0,
      11.5,
      3.9,
      11.9,
      8.4,
      10.1,
      0.25,
      4.9,
      69.2,
      0.85,
      3.3,
      11.2,
      0.26,
      2.9
    ],
    [
      6.8,
      6.7,
      2.5,
      13.6,
      2.1,
      14.3,
      14.6,
      2.5,
      19.4,
      6.7,
      6.0,
      5.1,
      5.4,
      6.7,
      2.0,
      7.6,
      2.0,
      5.1,
      4.4,
      8.8,
      5.3,
      5.7,
      6.4,
      5.2,
      4.5,
      5.2,
      4.6,
      0.0,
      1.7,
      6.9,
      6.7,
      6.1,
      9.3,
      1.8,
      9.7,
      6.2,
      13.3,
      5.2,
      7.7,
      72.0,
      4.0,
      6.1,
      8.9,
      3.7,
      5.7
    ],
    [
      6.4,
      6.5,
      1.5,
      13.2,
      0.95,
      13.8,
      14.2,
      1.6,
      18.5,
      6.3,
      5.5,
      4.7,
      5.0,
      6.3,
      3.4,
      7.1,
      3.4,
      4.7,
      3.9,
      7.8,
      4.9,
      5.2,
      5.9,
      4.7,
      4.0,
      3.6,
      4.1,
      1.7,
      0.0,
      6.8,
      6.6,
      4.4,
      7.5,
      0.9,
      7.9,
      4.4,
      13.2,
      5.1,
      7.6,
      71.9,
      3.9,
      6.0,
      7.2,
      3.7,
      5.6
    ],
    [
      0.23,
      1.7,
      5.8,
      9.3,
      6.5,
      13.4,
      11.6,
      5.5,
      24.1,
      2.2,
      1.0,
      3.1,
      0.85,
      1.9,
      6.2,
      0.26,
      6.2,
      0.053,
      0.85,
      11.9,
      0.6,
      0.75,
      1.7,
      0.65,
      0.55,
      8.1,
      0.5,
      6.9,
      6.8,
      0.0,
      0.3,
      7.5,
      12.0,
      4.4,
      12.4,
      8.9,
      9.4,
      1.9,
      5.4,
      69.7,
      0.85,
      3.2,
      11.6,
      0.3,
      2.8
    ],
    [
      0.55,
      1.5,
      5.6,
      9.1,
      6.3,
      13.1,
      11.4,
      5.2,
      23.9,
      0.7,
      1.3,
      2.9,
      1.2,
      1.7,
      5.9,
      0.6,
      6.0,
      0.25,
      0.65,
      11.7,
      0.9,
      3.3,
      1.5,
      2.4,
      0.75,
      8.6,
      0.65,
      6.7,
      6.6,
      0.3,
      0.0,
      7.8,
      12.3,
      4.7,
      12.7,
      9.2,
      9.2,
      1.6,
      4.6,
      68.9,
      0.65,
      2.9,
      12.0,
      0.8,
      2.5
    ],
    [
      9.3,
      9.3,
      5.8,
      16.1,
      5.2,
      16.7,
      17.0,
      5.8,
      14.3,
      9.2,
      8.4,
      7.5,
      7.8,
      9.2,
      7.1,
      10.0,
      7.0,
      7.5,
      6.8,
      3.3,
      7.7,
      8.1,
      8.8,
      7.6,
      6.9,
      4.7,
      7.0,
      6.1,
      4.4,
      7.5,
      7.8,
      0.0,
      5.3,
      4.9,
      7.6,
      4.9,
      16.4,
      8.3,
      10.8,
      75.1,
      7.1,
      9.2,
      5.0,
      6.8,
      8.8
    ],
    [
      13.8,
      13.9,
      8.9,
      30.7,
      8.3,
      21.2,
      21.6,
      9.0,
      15.9,
      13.7,
      12.9,
      12.1,
      12.4,
      13.7,
      14.4,
      14.5,
      14.4,
      12.1,
      11.3,
      8.3,
      12.3,
      12.6,
      13.3,
      12.1,
      11.4,
      9.9,
      11.5,
      9.3,
      7.5,
      12.0,
      12.3,
      5.3,
      0.0,
      8.4,
      4.3,
      6.7,
      20.7,
      12.6,
      15.1,
      79.4,
      11.3,
      13.5,
      0.45,
      11.1,
      13.1
    ],
    [
      6.2,
      6.2,
      0.55,
      13.0,
      0.4,
      13.6,
      13.9,
      0.6,
      19.0,
      6.1,
      5.3,
      4.4,
      4.7,
      6.1,
      3.8,
      6.9,
      3.8,
      4.4,
      3.7,
      7.8,
      4.6,
      5.0,
      5.7,
      4.5,
      3.8,
      3.8,
      3.9,
      1.8,
      0.9,
      4.4,
      4.7,
      4.9,
      8.4,
      0.0,
      8.8,
      5.2,
      12.5,
      4.4,
      6.9,
      71.2,
      3.1,
      5.3,
      8.0,
      2.9,
      4.9
    ],
    [
      14.2,
      14.3,
      9.3,
      27.6,
      8.7,
      21.6,
      22.0,
      9.4,
      18.1,
      14.1,
      13.3,
      12.5,
      12.8,
      14.1,
      14.6,
      15.0,
      14.7,
      12.5,
      11.7,
      10.5,
      12.7,
      13.0,
      13.7,
      12.5,
      11.8,
      11.4,
      11.9,
      9.7,
      7.9,
      12.4,
      12.7,
      7.6,
      4.3,
      8.8,
      0.0,
      7.1,
      21.1,
      13.0,
      15.5,
      79.8,
      11.7,
      13.9,
      3.9,
      11.5,
      13.5
    ],
    [
      10.7,
      10.8,
      5.8,
      24.7,
      5.2,
      18.1,
      18.4,
      5.8,
      19.0,
      10.6,
      9.8,
      9.0,
      9.3,
      10.6,
      8.3,
      11.4,
      8.3,
      8.9,
      8.2,
      8.3,
      9.1,
      9.5,
      10.2,
      9.0,
      8.3,
      7.8,
      8.4,
      6.2,
      4.4,
      8.9,
      9.2,
      4.9,
      6.7,
      5.2,
      7.1,
      0.0,
      17.6,
      9.5,
      12.0,
      76.3,
      8.2,
      10.4,
      8.6,
      8.0,
      10.0
    ],
    [
      9.0,
      7.9,
      12.2,
      1.4,
      12.9,
      18.3,
      10.7,
      11.9,
      30.5,
      8.9,
      8.1,
      9.6,
      9.4,
      7.8,
      12.2,
      9.0,
      12.3,
      9.3,
      10.5,
      20.5,
      9.7,
      9.9,
      8.1,
      9.9,
      10.0,
      15.3,
      10.1,
      13.3,
      13.2,
      9.4,
      9.2,
      16.4,
      20.7,
      12.5,
      21.1,
      17.6,
      0.0,
      10.8,
      9.7,
      69.7,
      10.3,
      8.1,
      31.2,
      10.5,
      9.1
    ],
    [
      0.9,
      3.0,
      2.3,
      9.9,
      3.0,
      11.7,
      10.8,
      2.0,
      20.6,
      2.8,
      1.9,
      1.4,
      1.5,
      2.8,
      3.8,
      1.0,
      3.8,
      0.65,
      0.6,
      9.4,
      1.0,
      1.6,
      1.9,
      0.85,
      0.3,
      6.4,
      0.25,
      5.2,
      5.1,
      1.9,
      1.6,
      8.3,
      12.6,
      4.4,
      13.0,
      9.5,
      10.8,
      0.0,
      4.6,
      69.0,
      0.6,
      3.0,
      10.9,
      0.5,
      2.7
    ],
    [
      5.6,
      4.5,
      6.6,
      8.7,
      7.3,
      11.0,
      7.0,
      6.3,
      24.9,
      5.5,
      4.7,
      3.9,
      5.8,
      4.4,
      8.1,
      5.6,
      8.1,
      4.8,
      4.9,
      13.2,
      5.6,
      4.4,
      4.0,
      5.5,
      5.0,
      9.7,
      4.9,
      7.7,
      7.6,
      5.4,
      4.6,
      10.8,
      15.1,
      6.9,
      15.5,
      12.0,
      9.7,
      4.6,
      0.0,
      64.9,
      4.0,
      3.9,
      15.0,
      4.9,
      4.1
    ],
    [
      69.9,
      68.9,
      70.9,
      69.2,
      71.6,
      64.1,
      62.1,
      70.6,
      89.4,
      69.8,
      69.0,
      68.2,
      70.1,
      68.8,
      72.4,
      69.9,
      72.4,
      69.1,
      69.2,
      77.5,
      70.0,
      68.8,
      68.3,
      69.8,
      69.3,
      74.0,
      69.2,
      72.0,
      71.9,
      69.7,
      68.9,
      75.1,
      79.4,
      71.2,
      79.8,
      76.3,
      69.7,
      69.0,
      64.9,
      0.0,
      68.3,
      68.2,
      79.3,
      69.2,
      68.4
    ],
    [
      1.1,
      1.9,
      2.9,
      9.2,
      3.6,
      12.0,
      10.2,
      2.5,
      21.2,
      2.3,
      1.6,
      0.7,
      2.0,
      3.1,
      4.4,
      1.1,
      4.3,
      0.8,
      NaN,
      10.0,
      1.9,
      1.3,
      2.0,
      1.8,
      0.9,
      5.9,
      0.85,
      4.0,
      3.9,
      0.85,
      0.65,
      7.1,
      11.3,
      3.1,
      11.7,
      8.2,
      10.3,
      0.6,
      4.0,
      68.3,
      0.0,
      3.3,
      11.0,
      0.95,
      2.9
    ],
    [
      2.8,
      1.8,
      5.0,
      7.1,
      5.7,
      12.0,
      10.2,
      4.7,
      23.3,
      2.7,
      2.0,
      2.4,
      3.3,
      1.7,
      6.1,
      2.8,
      6.1,
      3.1,
      3.3,
      12.1,
      3.5,
      2.7,
      1.2,
      3.8,
      3.4,
      8.1,
      3.3,
      6.1,
      6.0,
      3.2,
      2.9,
      9.2,
      13.5,
      5.3,
      13.9,
      10.4,
      8.1,
      3.0,
      3.9,
      68.2,
      3.3,
      0.0,
      13.5,
      3.4,
      1.3
    ],
    [
      13.4,
      13.5,
      8.6,
      30.4,
      8.0,
      20.9,
      21.2,
      8.6,
      15.5,
      13.3,
      12.6,
      11.7,
      12.0,
      13.3,
      14.0,
      14.2,
      14.0,
      11.7,
      11.0,
      7.9,
      11.9,
      12.3,
      12.9,
      11.8,
      11.1,
      9.5,
      11.2,
      8.9,
      7.2,
      11.6,
      12.0,
      5.0,
      0.45,
      8.0,
      3.9,
      8.6,
      31.2,
      10.9,
      15.0,
      79.3,
      11.0,
      13.5,
      0.0,
      10.8,
      12.7
    ],
    [
      2.3,
      2.4,
      2.6,
      9.5,
      3.3,
      12.0,
      11.2,
      2.3,
      20.9,
      2.2,
      2.5,
      1.7,
      0.9,
      2.2,
      3.4,
      0.6,
      3.3,
      0.4,
      0.95,
      9.7,
      0.6,
      2.2,
      2.9,
      0.45,
      0.3,
      5.7,
      0.26,
      3.7,
      3.7,
      0.3,
      0.8,
      6.8,
      11.1,
      2.9,
      11.5,
      8.0,
      10.5,
      0.5,
      4.9,
      69.2,
      0.95,
      3.4,
      10.8,
      0.0,
      3.1
    ],
    [
      3.0,
      1.4,
      4.6,
      8.1,
      5.3,
      12.1,
      10.4,
      4.3,
      22.9,
      2.9,
      1.3,
      2.0,
      3.5,
      1.9,
      6.3,
      3.0,
      6.3,
      2.7,
      2.9,
      11.7,
      3.7,
      1.3,
      1.0,
      3.5,
      3.0,
      7.7,
      2.9,
      5.7,
      5.6,
      2.8,
      2.5,
      8.8,
      13.1,
      4.9,
      13.5,
      10.0,
      9.1,
      2.7,
      4.1,
      68.4,
      2.9,
      1.3,
      12.7,
      3.1,
      0.0
    ]
  ],
  "drive_time_matrix": [
    [
      0.0,
      7.0,
      19.0,
      23.0,
      21.0,
      33.0,
      32.0,
      19.0,
      47.0,
      2.0,
      10.0,
      16.0,
      11.0,
      8.0,
      17.0,
      1.0,
      17.0,
      4.0,
      14.0,
      35.0,
      10.0,
      7.0,
      12.0,
      9.0,
      10.0,
      23.0,
      9.0,
      22.0,
      20.0,
      3.0,
      7.0,
      27.0,
      36.0,
      20.0,
      36.0,
      28.0,
      25.0,
      11.0,
      19.0,
      106.0,
      14.0,
      13.0,
      35.0,
      10.0,
      15.0
    ],
    [
      7.0,
      0.0,
      18.0,
      17.0,
      20.0,
      27.0,
      25.0,
      17.0,
      46.0,
      11.0,
      2.0,
      11.0,
      7.0,
      2.0,
      16.0,
      11.0,
      16.0,
      12.0,
      11.0,
      33.0,
      8.0,
      6.0,
      7.0,
      8.0,
      9.0,
      21.0,
      10.0,
      21.0,
      19.0,
      12.0,
      11.0,
      25.0,
      35.0,
      19.0,
      35.0,
      27.0,
      18.0,
      11.0,
      14.0,
      99.0,
      11.0,
      7.0,
      34.0,
      9.0,
      17.0
    ],
    [
      19.0,
      18.0,
      0.0,
      28.0,
      12.0,
      25.0,
      29.0,
      4.0,
      33.0,
      18.0,
      14.0,
      10.0,
      10.0,
      13.0,
      10.0,
      18.0,
      10.0,
      21.0,
      8.0,
      21.0,
      9.0,
      14.0,
      12.0,
      9.0,
      9.0,
      13.0,
      7.0,
      8.0,
      4.0,
      21.0,
      20.0,
      12.0,
      20.0,
      7.0,
      19.0,
      12.0,
      29.0,
      6.0,
      17.0,
      104.0,
      8.0,
      15.0,
      19.0,
      8.0,
      14.0
    ],
    [
      23.0,
      17.0,
      28.0,
      0.0,
      34.0,
      28.0,
      22.0,
      32.0,
      63.0,
      25.0,
      21.0,
      24.0,
      24.0,
      19.0,
      33.0,
      26.0,
      33.0,
      30.0,
      24.0,
      45.0,
      25.0,
      22.0,
      24.0,
      26.0,
      26.0,
      36.0,
      27.0,
      36.0,
      33.0,
      30.0,
      29.0,
      40.0,
      47.0,
      33.0,
      46.0,
      38.0,
      18.0,
      27.0,
      21.0,
      98.0,
      23.0,
      18.0,
      47.0,
      27.0,
      22.0
    ],
    [
      21.0,
      20.0,
      12.0,
      34.0,
      0.0,
      27.0,
      31.0,
      12.0,
      32.0,
      19.0,
      15.0,
      12.0,
      12.0,
      15.0,
      11.0,
      20.0,
      11.0,
      22.0,
      9.0,
      20.0,
      11.0,
      16.0,
      14.0,
      11.0,
      11.0,
      12.0,
      9.0,
      6.0,
      3.0,
      23.0,
      22.0,
      11.0,
      18.0,
      5.0,
      19.0,
      11.0,
      32.0,
      9.0,
      19.0,
      106.0,
      10.0,
      17.0,
      18.0,
      10.0,
      16.0
    ],
    [
      33.0,
      27.0,
      25.0,
      28.0,
      27.0,
      0.0,
      17.0,
      27.0,
      59.0,
      30.0,
      26.0,
      23.0,
      31.0,
      26.0,
      34.0,
      30.0,
      34.0,
      33.0,
      24.0,
      35.0,
      30.0,
      26.0,
      28.0,
      29.0,
      28.0,
      28.0,
      27.0,
      31.0,
      29.0,
      33.0,
      33.0,
      36.0,
      45.0,
      28.0,
      45.0,
      37.0,
      27.0,
      26.0,
      18.0,
      90.0,
      24.0,
      24.0,
      44.0,
      28.0,
      25.0
    ],
    [
      32.0,
      25.0,
      29.0,
      22.0,
      31.0,
      17.0,
      0.0,
      31.0,
      64.0,
      29.0,
      25.0,
      24.0,
      30.0,
      25.0,
      36.0,
      29.0,
      36.0,
      32.0,
      23.0,
      44.0,
      30.0,
      25.0,
      26.0,
      30.0,
      28.0,
      35.0,
      26.0,
      35.0,
      33.0,
      32.0,
      31.0,
      40.0,
      48.0,
      32.0,
      49.0,
      41.0,
      20.0,
      26.0,
      14.0,
      84.0,
      23.0,
      23.0,
      47.0,
      27.0,
      24.0
    ],
    [
      19.0,
      17.0,
      4.0,
      32.0,
      12.0,
      27.0,
      31.0,
      0.0,
      34.0,
      17.0,
      13.0,
      9.0,
      10.0,
      14.0,
      11.0,
      17.0,
      11.0,
      20.0,
      7.0,
      22.0,
      10.0,
      13.0,
      11.0,
      9.0,
      9.0,
      13.0,
      7.0,
      8.0,
      4.0,
      20.0,
      19.0,
      12.0,
      20.0,
      7.0,
      21.0,
      12.0,
      30.0,
      6.0,
      16.0,
      104.0,
      7.0,
      14.0,
      19.0,
      8.0,
      13.0
    ],
    [
      47.0,
      46.0,
      33.0,
      63.0,
      32.0,
      59.0,
      64.0,
      34.0,
      0.0,
      49.0,
      46.0,
      42.0,
      43.0,
      47.0,
      39.0,
      50.0,
      39.0,
      54.0,
      40.0,
      32.0,
      43.0,
      46.0,
      45.0,
      42.0,
      42.0,
      36.0,
      40.0,
      34.0,
      32.0,
      54.0,
      53.0,
      24.0,
      29.0,
      34.0,
      35.0,
      32.0,
      65.0,
      40.0,
      51.0,
      133.0,
      40.0,
      47.0,
      28.0,
      41.0,
      47.0
    ],
    [
      2.0,
      11.0,
      18.0,
      25.0,
      19.0,
      30.0,
      29.0,
      17.0,
      49.0,
      0.0,
      10.0,
      17.0,
      9.0,
      13.0,
      19.0,
      1.0,
      19.0,
      5.0,
      14.0,
      37.0,
      9.0,
      7.0,
      13.0,
      11.0,
      12.0,
      24.0,
      10.0,
      25.0,
      22.0,
      4.0,
      8.0,
      29.0,
      39.0,
      22.0,
      39.0,
      31.0,
      26.0,
      14.0,
      20.0,
      109.0,
      13.0,
      13.0,
      38.0,
      12.0,
      14.0
    ],
    [
      10.0,
      2.0,
      14.0,
      21.0,
      15.0,
      26.0,
      25.0,
      13.0,
      46.0,
      10.0,
      0.0,
      10.0,
      8.0,
      4.0,
      18.0,
      9.0,
      18.0,
      9.0,
      9.0,
      34.0,
      9.0,
      4.0,
      5.0,
      9.0,
      10.0,
      21.0,
      11.0,
      21.0,
      19.0,
      12.0,
      8.0,
      25.0,
      35.0,
      18.0,
      35.0,
      27.0,
      21.0,
      12.0,
      14.0,
      103.0,
      9.0,
      8.0,
      34.0,
      11.0,
      16.0
    ],
    [
      16.0,
      11.0,
      10.0,
      24.0,
      12.0,
      23.0,
      24.0,
      9.0,
      42.0,
      17.0,
      10.0,
      0.0,
      11.0,
      8.0,
      18.0,
      12.0,
      18.0,
      15.0,
      9.0,
      28.0,
      10.0,
      8.0,
      6.0,
      10.0,
      8.0,
      15.0,
      6.0,
      15.0,
      13.0,
      15.0,
      14.0,
      19.0,
      30.0,
      12.0,
      30.0,
      21.0,
      26.0,
      6.0,
      10.0,
      99.0,
      9.0,
      9.0,
      28.0,
      7.0,
      8.0
    ],
    [
      11.0,
      7.0,
      10.0,
      24.0,
      12.0,
      31.0,
      30.0,
      10.0,
      43.0,
      9.0,
      8.0,
      11.0,
      0.0,
      7.0,
      12.0,
      14.0,
      12.0,
      11.0,
      7.0,
      29.0,
      3.0,
      9.0,
      11.0,
      3.0,
      3.0,
      17.0,
      13.0,
      17.0,
      14.0,
      11.0,
      15.0,
      21.0,
      31.0,
      14.0,
      31.0,
      22.0,
      24.0,
      6.0,
      16.0,
      105.0,
      7.0,
      11.0,
      30.0,
      12.0,
      12.0
    ],
    [
      8.0,
      2.0,
      13.0,
      19.0,
      15.0,
      26.0,
      25.0,
      14.0,
      47.0,
      13.0,
      4.0,
      8.0,
      7.0,
      0.0,
      16.0,
      10.0,
      16.0,
      13.0,
      11.0,
      34.0,
      7.0,
      8.0,
      8.0,
      7.0,
      8.0,
      21.0,
      9.0,
      21.0,
      19.0,
      12.0,
      11.0,
      26.0,
      35.0,
      18.0,
      35.0,
      27.0,
      19.0,
      11.0,
      14.0,
      102.0,
      11.0,
      7.0,
      34.0,
      8.0,
      8.0
    ],
    [
      17.0,
      16.0,
      10.0,
      33.0,
      11.0,
      34.0,
      36.0,
      11.0,
      39.0,
      19.0,
      18.0,
      18.0,
      12.0,
      16.0,
      0.0,
      22.0,
      1.0,
      25.0,
      15.0,
      29.0,
      12.0,
      19.0,
      19.0,
      12.0,
      12.0,
      22.0,
      13.0,
      7.0,
      11.0,
      26.0,
      25.0,
      18.0,
      25.0,
      12.0,
      24.0,
      15.0,
      31.0,
      14.0,
      24.0,
      111.0,
      15.0,
      19.0,
      24.0,
      12.0,
      21.0
    ],
    [
      1.0,
      11.0,
      18.0,
      26.0,
      20.0,
      30.0,
      29.0,
      17.0,
      50.0,
      1.0,
      9.0,
      12.0,
      14.0,
      10.0,
      22.0,
      0.0,
      21.0,
      4.0,
      14.0,
      38.0,
      9.0,
      6.0,
      12.0,
      9.0,
      10.0,
      26.0,
      9.0,
      26.0,
      23.0,
      3.0,
      7.0,
      30.0,
      40.0,
      23.0,
      41.0,
      32.0,
      25.0,
      12.0,
      20.0,
      107.0,
      14.0,
      13.0,
      39.0,
      7.0,
      15.0
    ],
    [
      17.0,
      16.0,
      10.0,
      33.0,
      11.0,
      34.0,
      36.0,
      11.0,
      39.0,
      19.0,
      18.0,
      18.0,
      12.0,
      16.0,
      1.0,
      21.0,
      0.0,
      26.0,
      15.0,
      29.0,
      12.0,
      19.0,
      19.0,
      12.0,
      12.0,
      22.0,
      13.0,
      7.0,
      11.0,
      25.0,
      25.0,
      18.0,
      25.0,
      12.0,
      24.0,
      15.0,
      32.0,
      14.0,
      24.0,
      110.0,
      15.0,
      19.0,
      24.0,
      12.0,
      20.0
    ],
    [
      4.0,
      12.0,
      21.0,
      30.0,
      22.0,
      33.0,
      32.0,
      20.0,
      54.0,
      5.0,
      9.0,
      15.0,
      11.0,
      13.0,
      25.0,
      4.0,
      26.0,
      0.0,
      11.0,
      29.0,
      8.0,
      10.0,
      11.0,
      9.0,
      8.0,
      17.0,
      7.0,
      17.0,
      14.0,
      1.0,
      3.0,
      21.0,
      31.0,
      14.0,
      31.0,
      22.0,
      26.0,
      8.0,
      16.0,
      102.0,
      11.0,
      13.0,
      30.0,
      5.0,
      12.0
    ],
    [
      14.0,
      11.0,
      8.0,
      24.0,
      9.0,
      24.0,
      23.0,
      7.0,
      40.0,
      14.0,
      9.0,
      9.0,
      7.0,
      11.0,
      15.0,
      14.0,
      15.0,
      11.0,
      0.0,
      25.0,
      7.0,
      10.0,
      8.0,
      6.0,
      11.0,
      12.0,
      11.0,
      13.0,
      10.0,
      11.0,
      9.0,
      17.0,
      27.0,
      10.0,
      27.0,
      19.0,
      27.0,
      3.0,
      14.0,
      98.0,
      NaN,
      11.0,
      25.0,
      12.0,
      10.0
    ],
    [
      35.0,
      33.0,
      21.0,
      45.0,
      20.0,
      35.0,
      44.0,
      22.0,
      32.0,
      37.0,
      34.0,
      28.0,
      29.0,
      34.0,
      29.0,
      38.0,
      29.0,
      29.0,
      25.0,
      0.0,
      29.0,
      33.0,
      31.0,
      29.0,
      28.0,
      17.0,
      27.0,
      23.0,
      20.0,
      41.0,
      40.0,
      13.0,
      21.0,
      22.0,
      27.0,
      20.0,
      47.0,
      26.0,
      31.0,
      115.0,
      27.0,
      34.0,
      20.0,
      27.0,
      32.0
    ],
    [
      10.0,
      8.0,
      9.0,
      25.0,
      11.0,
      30.0,
      30.0,
      10.0,
      43.0,
      9.0,
      9.0,
      10.0,
      3.0,
      7.0,
      12.0,
      9.0,
      12.0,
      8.0,
      7.0,
      29.0,
      0.0,
      10.0,
      11.0,
      3.0,
      10.0,
      16.0,
      9.0,
      16.0,
      14.0,
      8.0,
      11.0,
      20.0,
      29.0,
      13.0,
      30.0,
      22.0,
      24.0,
      13.0,
      17.0,
      101.0,
      7.0,
      12.0,
      28.0,
      8.0,
      13.0
    ],
    [
      7.0,
      6.0,
      14.0,
      22.0,
      16.0,
      26.0,
      25.0,
      13.0,
      46.0,
      7.0,
      4.0,
      8.0,
      9.0,
      8.0,
      19.0,
      6.0,
      19.0,
      10.0,
      10.0,
      33.0,
      10.0,
      0.0,
      6.0,
      13.0,
      12.0,
      19.0,
      10.0,
      19.0,
      16.0,
      9.0,
      10.0,
      23.0,
      32.0,
      16.0,
      32.0,
      24.0,
      27.0,
      10.0,
      14.0,
      99.0,
      7.0,
      11.0,
      31.0,
      10.0,
      17.0
    ],
    [
      12.0,
      7.0,
      12.0,
      24.0,
      14.0,
      28.0,
      26.0,
      11.0,
      45.0,
      13.0,
      5.0,
      6.0,
      11.0,
      8.0,
      19.0,
      12.0,
      19.0,
      11.0,
      8.0,
      31.0,
      11.0,
      6.0,
      0.0,
      10.0,
      10.0,
      20.0,
      11.0,
      19.0,
      17.0,
      9.0,
      9.0,
      23.0,
      33.0,
      17.0,
      33.0,
      25.0,
      19.0,
      13.0,
      11.0,
      95.0,
      7.0,
      5.0,
      32.0,
      11.0,
      12.0
    ],
    [
      9.0,
      8.0,
      9.0,
      26.0,
      11.0,
      29.0,
      30.0,
      9.0,
      42.0,
      11.0,
      9.0,
      10.0,
      3.0,
      7.0,
      12.0,
      9.0,
      12.0,
      9.0,
      6.0,
      29.0,
      3.0,
      13.0,
      10.0,
      0.0,
      9.0,
      16.0,
      8.0,
      16.0,
      13.0,
      8.0,
      16.0,
      20.0,
      29.0,
      13.0,
      29.0,
      21.0,
      24.0,
      11.0,
      16.0,
      100.0,
      7.0,
      12.0,
      28.0,
      6.0,
      13.0
    ],
    [
      10.0,
      9.0,
      9.0,
      26.0,
      11.0,
      28.0,
      28.0,
      9.0,
      42.0,
      12.0,
      10.0,
      8.0,
      3.0,
      8.0,
      12.0,
      10.0,
      12.0,
      8.0,
      11.0,
      28.0,
      10.0,
      12.0,
      10.0,
      9.0,
      0.0,
      13.0,
      2.0,
      13.0,
      10.0,
      7.0,
      10.0,
      17.0,
      26.0,
      10.0,
      26.0,
      18.0,
      24.0,
      4.0,
      13.0,
      97.0,
      11.0,
      11.0,
      25.0,
      4.0,
      10.0
    ],
    [
      23.0,
      21.0,
      13.0,
      36.0,
      12.0,
      28.0,
      35.0,
      13.0,
      36.0,
      24.0,
      21.0,
      15.0,
      17.0,
      21.0,
      22.0,
      26.0,
      22.0,
      17.0,
      12.0,
      17.0,
      16.0,
      19.0,
      20.0,
      16.0,
      13.0,
      0.0,
      15.0,
      14.0,
      9.0,
      27.0,
      27.0,
      13.0,
      24.0,
      10.0,
      25.0,
      17.0,
      36.0,
      22.0,
      23.0,
      107.0,
      15.0,
      22.0,
      23.0,
      15.0,
      21.0
    ],
    [
      9.0,
      10.0,
      7.0,
      27.0,
      9.0,
      27.0,
      26.0,
      7.0,
      40.0,
      10.0,
      11.0,
      6.0,
      13.0,
      9.0,
      13.0,
      9.0,
      13.0,
      7.0,
      11.0,
      27.0,
      9.0,
      10.0,
      11.0,
      8.0,
      2.0,
      15.0,
      0.0,
      14.0,
      11.0,
      6.0,
      8.0,
      17.0,
      27.0,
      11.0,
      27.0,
      19.0,
      25.0,
      3.0,
      13.0,
      97.0,
      11.0,
      11.0,
      25.0,
      1.0,
      10.0
    ],
    [
      22.0,
      21.0,
      8.0,
      36.0,
      6.0,
      31.0,
      35.0,
      8.0,
      34.0,
      25.0,
      21.0,
      15.0,
      17.0,
      21.0,
      7.0,
      26.0,
      7.0,
      17.0,
      13.0,
      23.0,
      16.0,
      19.0,
      19.0,
      16.0,
      13.0,
      14.0,
      14.0,
      0.0,
      4.0,
      23.0,
      22.0,
      12.0,
      20.0,
      5.0,
      21.0,
      13.0,
      32.0,
      17.0,
      19.0,
      103.0,
      10.0,
      17.0,
      19.0,
      10.0,
      16.0
    ],
    [
      20.0,
      19.0,
      4.0,
      33.0,
      3.0,
      29.0,
      33.0,
      4.0,
      32.0,
      22.0,
      19.0,
      13.0,
      14.0,
      19.0,
      11.0,
      23.0,
      11.0,
      14.0,
      10.0,
      20.0,
      14.0,
      16.0,
      17.0,
      13.0,
      10.0,
      9.0,
      11.0,
      4.0,
      0.0,
      22.0,
      21.0,
      8.0,
      17.0,
      2.0,
      17.0,
      9.0,
      31.0,
      17.0,
      18.0,
      102.0,
      9.0,
      16.0,
      15.0,
      9.0,
      15.0
    ],
    [
      3.0,
      12.0,
      21.0,
      30.0,
      23.0,
      33.0,
      32.0,
      20.0,
      54.0,
      4.0,
      12.0,
      15.0,
      11.0,
      12.0,
      26.0,
      3.0,
      25.0,
      1.0,
      11.0,
      41.0,
      8.0,
      9.0,
      9.0,
      8.0,
      7.0,
      27.0,
      6.0,
      23.0,
      22.0,
      0.0,
      2.0,
      20.0,
      29.0,
      13.0,
      29.0,
      21.0,
      27.0,
      11.0,
      16.0,
      100.0,
      11.0,
      13.0,
      28.0,
      4.0,
      12.0
    ],
    [
      7.0,
      11.0,
      20.0,
      29.0,
      22.0,
      33.0,
