{
  "drive_dist_matrix": [
    [
      0.0,
      18.346476,
      5.63269,
      12.552852,
      6.43736,
      0.6437360000000001,
      5.793624,
      9.334171999999999,
      3.379614,
      3.21868,
      2.41401,
      2.41401,
      3.057746,
      5.149888000000001,
      11.909116000000001,
      3.21868,
      3.7014819999999995,
      3.379614,
      13.518456,
      6.9201619999999995,
      4.506151999999999,
      3.5405480000000003,
      27.841582000000002,
      24.622902,
      3.8624159999999996,
      4.506151999999999,
      4.184284,
      11.426314,
      5.63269,
      4.345218,
      8.207633999999999,
      8.207633999999999,
      4.184284,
      6.276426,
      20.277684,
      2.735878,
      7.885766,
      5.63269,
      13.840323999999999,
      2.735878,
      9.334171999999999,
      4.82802,
      4.9889540000000006,
      17.541806,
      27.519714,
      4.506151999999999,
      11.909116000000001,
      14.805927999999998,
      18.829278,
      8.0467,
      3.21868,
      1.7702740000000001,
      2.2530759999999996,
      3.379614
    ],
    [
      18.346476,
      0.0,
      13.035654,
      26.232242,
      27.036912,
      18.346476,
      14.162192000000001,
      12.552852,
      16.415267999999998,
      16.737136,
      27.036912,
      19.31208,
      16.737136,
      27.680647999999998,
      17.70274,
      16.415267999999998,
      15.771532,
      16.576202000000002,
      39.750698,
      29.450922000000002,
      16.89807,
      16.254334,
      26.55411,
      33.957074,
      15.449663999999999,
      18.50741,
      17.219938,
      34.118007999999996,
      14.323126,
      28.807185999999998,
      28.807185999999998,
      30.738394000000003,
      15.28873,
      21.72609,
      29.129054000000004,
      17.380872,
      20.92142,
      13.840323999999999,
      24.622902,
      16.254334,
      23.818232000000002,
      17.863674,
      20.92142,
      45.544322,
      35.083612,
      16.89807,
      27.036912,
      37.336687999999995,
      1.7702740000000001,
      22.53076,
      28.16345,
      28.16345,
      17.70274,
      16.737136
    ],
    [
      5.63269,
      13.035654,
      0.0,
      14.644993999999999,
      9.334171999999999,
      5.9545580000000005,
      3.057746,
      5.310822,
      4.02335,
      5.471756,
      9.495106,
      6.276426,
      4.506151999999999,
      10.138842,
      7.24203,
      4.9889540000000006,
      3.379614,
      5.149888000000001,
      22.047957999999998,
      11.909116000000001,
      5.63269,
      3.8624159999999996,
      22.53076,
      23.496364,
      2.5749440000000003,
      6.276426,
      5.793624,
      16.415267999999998,
      2.896812,
      11.26538,
      11.104446000000001,
      13.035654,
      4.02335,
      9.65604,
      18.50741,
      4.184284,
      9.65604,
      1.2874720000000002,
      14.162192000000001,
      3.5405480000000003,
      19.151146,
      6.43736,
      5.793624,
      27.841582000000002,
      24.461968,
      5.63269,
      21.887024,
      19.633948,
      13.518456,
      10.943512,
      10.46071,
      10.46071,
      4.506151999999999,
      5.471756
    ],
    [
      12.552852,
      26.232242,
      14.644993999999999,
      0.0,
      8.368568,
      16.576202000000002,
      11.587248,
      12.713786,
      17.380872,
      17.70274,
      15.127796,
      18.346476,
      17.541806,
      13.67939,
      18.829278,
      17.70274,
      15.771532,
      17.863674,
      25.588506,
      9.495106,
      18.346476,
      17.219938,
      34.278942,
      35.083612,
      12.87472,
      19.31208,
      18.990212,
      19.955816000000002,
      15.449663999999999,
      14.644993999999999,
      7.724831999999999,
      14.48406,
      16.415267999999998,
      19.794882,
      30.255592,
      17.380872,
      21.72609,
      15.28873,
      27.680647999999998,
      12.552852,
      22.691694,
      18.668343999999998,
      19.955816000000002,
      31.38213,
      36.21015,
      18.346476,
      25.427572,
      21.404222,
      25.266638,
      21.887024,
      14.805927999999998,
      14.805927999999998,
      17.059003999999998,
      17.70274
    ],
    [
      6.43736,
      27.036912,
      9.334171999999999,
      8.368568,
      0.0,
      8.368568,
      6.759228,
      13.357522000000001,
      9.65604,
      9.495106,
      5.471756,
      9.977908000000001,
      9.334171999999999,
      7.0810960000000005,
      12.713786,
      9.334171999999999,
      9.495106,
      9.495106,
      18.185542,
      2.896812,
      9.977908000000001,
      9.65604,
      28.002515999999996,
      28.96812,
      6.759228,
      11.104446000000001,
      10.782578,
      12.391918,
      9.173238,
      7.24203,
      2.41401,
      7.885766,
      10.138842,
      12.230984,
      23.979166,
      7.24203,
      13.518456,
      9.012303999999999,
      19.473014,
      5.149888000000001,
      15.28873,
      10.299776000000001,
      11.748182,
      23.818232000000002,
      32.99147,
      9.977908000000001,
      17.863674,
      15.771532,
      26.715044000000002,
      14.323126,
      5.310822,
      5.471756,
      8.690436,
      9.495106
    ],
    [
      0.6437360000000001,
      18.346476,
      5.9545580000000005,
      16.576202000000002,
      8.368568,
      0.0,
      5.63269,
      9.173238,
      2.896812,
      2.735878,
      2.2530759999999996,
      1.7702740000000001,
      2.5749440000000003,
      4.9889540000000006,
      7.563898,
      2.5749440000000003,
      3.057746,
      2.735878,
      13.357522000000001,
      6.759228,
      3.21868,
      2.896812,
      26.55411,
      23.33543,
      3.8624159999999996,
      3.5405480000000003,
      3.5405480000000003,
      11.26538,
      4.82802,
      4.184284,
      10.621644,
      7.885766,
      3.7014819999999995,
      6.115492,
      18.990212,
      2.41401,
      6.598293999999999,
      5.63269,
      12.713786,
      4.345218,
      9.173238,
      3.5405480000000003,
      4.345218,
      17.380872,
      26.232242,
      3.21868,
      11.748182,
      14.644993999999999,
      18.668343999999998,
      7.724831999999999,
      3.057746,
      1.448406,
      1.60934,
      2.735878
    ],
    [
      5.793624,
      14.162192000000001,
      3.057746,
      11.587248,
      6.759228,
      5.63269,
      0.0,
      5.310822,
      6.43736,
      7.885766,
      8.690436,
      6.598293999999999,
      6.276426,
      8.0467,
      8.85137,
      7.563898,
      5.793624,
      7.724831999999999,
      19.955816000000002,
      9.816974,
      8.0467,
      6.43736,
      24.301033999999998,
      25.105704,
      2.896812,
      8.0467,
      8.368568,
      14.323126,
      5.471756,
      9.173238,
      9.012303999999999,
      10.943512,
      6.43736,
      14.162192000000001,
      20.277684,
      5.310822,
      14.323126,
      4.184284,
      15.771532,
      3.8624159999999996,
      17.219938,
      11.26538,
      8.207633999999999,
      25.74944,
      26.232242,
      8.0467,
      19.794882,
      17.541806,
      14.644993999999999,
      16.254334,
      8.368568,
      8.368568,
      5.471756,
      7.885766
    ],
    [
      9.334171999999999,
      12.552852,
      5.310822,
      12.713786,
      13.357522000000001,
      9.173238,
      5.310822,
      0.0,
      9.012303999999999,
      9.816974,
      15.610598,
      10.943512,
      9.173238,
      14.805927999999998,
      12.07005,
      10.621644,
      8.368568,
      10.782578,
      26.875978,
      16.576202000000002,
      11.104446000000001,
      8.85137,
      27.35878,
      28.16345,
      7.0810960000000005,
      10.943512,
      11.426314,
      21.243288,
      7.724831999999999,
      15.932466,
      13.840323999999999,
      17.863674,
      9.495106,
      14.48406,
      23.33543,
      9.012303999999999,
      14.48406,
      6.9201619999999995,
      18.829278,
      7.885766,
      23.979166,
      11.587248,
      11.426314,
      32.669602,
      29.289987999999997,
      11.104446000000001,
      26.715044000000002,
      24.461968,
      14.805927999999998,
      15.771532,
      15.28873,
      15.127796,
      9.334171999999999,
      9.816974
    ],
    [
      3.379614,
      16.415267999999998,
      4.02335,
      17.380872,
      9.65604,
      2.896812,
      6.43736,
      9.012303999999999,
      0.0,
      0.80467,
      4.82802,
      3.057746,
      0.48280199999999995,
      7.563898,
      4.506151999999999,
      0.48280199999999995,
      0.6437360000000001,
      0.9656039999999999,
      14.162192000000001,
      9.334171999999999,
      1.60934,
      0.32186800000000004,
      19.473014,
      23.33543,
      3.21868,
      2.735878,
      1.60934,
      11.909116000000001,
      1.9312079999999998,
      6.759228,
      10.943512,
      10.621644,
      0.9656039999999999,
      6.43736,
      18.829278,
      0.9656039999999999,
      6.598293999999999,
      3.057746,
      12.552852,
      4.345218,
      8.207633999999999,
      2.092142,
      2.092142,
      25.588506,
      26.071308,
      1.60934,
      14.966862,
      15.28873,
      16.737136,
      6.9201619999999995,
      5.63269,
      4.184284,
      1.7702740000000001,
      0.9656039999999999
    ],
    [
      3.21868,
      16.737136,
      5.471756,
      17.70274,
      9.495106,
      2.735878,
      7.885766,
      9.816974,
      0.80467,
      0.0,
      4.667085999999999,
      2.2530759999999996,
      0.80467,
      9.977908000000001,
      5.310822,
      0.48280199999999995,
      1.448406,
      0.32186800000000004,
      13.357522000000001,
      11.748182,
      0.32186800000000004,
      1.1265379999999998,
      18.990212,
      21.243288,
      4.02335,
      1.7702740000000001,
      1.2874720000000002,
      11.104446000000001,
      3.21868,
      6.276426,
      11.104446000000001,
      12.87472,
      2.2530759999999996,
      5.310822,
      16.89807,
      1.2874720000000002,
      4.506151999999999,
      3.8624159999999996,
      10.621644,
      5.63269,
      7.724831999999999,
      1.60934,
      2.092142,
      23.657297999999997,
      24.1401,
      0.32186800000000004,
      13.035654,
      14.323126,
      17.380872,
      6.598293999999999,
      5.310822,
      4.02335,
      1.60934,
      0.066
    ],
    [
      2.41401,
      27.036912,
      9.495106,
      15.127796,
      5.471756,
      2.2530759999999996,
      8.690436,
      15.610598,
      4.82802,
      4.667085999999999,
      0.0,
      3.7014819999999995,
      4.506151999999999,
      3.8624159999999996,
      13.357522000000001,
      4.506151999999999,
      4.9889540000000006,
      4.667085999999999,
      15.771532,
      5.63269,
      5.310822,
      4.9889540000000006,
      28.807185999999998,
      25.427572,
      7.402963999999999,
      5.63269,
      5.63269,
      10.138842,
      9.977908000000001,
      4.345218,
      7.724831999999999,
      6.759228,
      5.793624,
      7.24203,
      21.082354,
      4.345218,
      8.690436,
      9.816974,
      14.644993999999999,
      5.63269,
      10.299776000000001,
      5.63269,
      6.43736,
      21.565156,
      28.324384000000002,
      5.310822,
      13.035654,
      13.518456,
      27.519714,
      8.690436,
      0.80467,
      0.80467,
      3.5405480000000003,
      4.667085999999999
    ],
    [
      2.41401,
      19.31208,
      6.276426,
      18.346476,
      9.977908000000001,
      1.7702740000000001,
      6.598293999999999,
      10.943512,
      3.057746,
      2.2530759999999996,
      3.7014819999999995,
      0.0,
      2.735878,
      5.793624,
      7.563898,
      2.735878,
      3.21868,
      2.5749440000000003,
      12.230984,
      7.563898,
      2.735878,
      3.21868,
      26.232242,
      23.013562,
      4.184284,
      2.735878,
      3.5405480000000003,
      9.012303999999999,
      5.471756,
      3.379614,
      10.782578,
      8.690436,
      4.02335,
      4.9889540000000006,
      18.668343999999998,
      2.5749440000000003,
      6.276426,
      5.9545580000000005,
      12.230984,
      4.345218,
      8.0467,
      3.057746,
      4.345218,
      16.254334,
      25.910374,
      2.735878,
      10.621644,
      12.230984,
      19.794882,
      6.759228,
      3.8624159999999996,
      3.057746,
      1.7702740000000001,
      2.2530759999999996
    ],
    [
      3.057746,
      16.737136,
      4.506151999999999,
      17.541806,
      9.334171999999999,
      2.5749440000000003,
      6.276426,
      9.173238,
      0.48280199999999995,
      0.80467,
      4.506151999999999,
      2.735878,
      0.0,
      7.0810960000000005,
      5.63269,
      0.48280199999999995,
      0.80467,
      0.80467,
      14.162192000000001,
      9.012303999999999,
      1.1265379999999998,
      0.6437360000000001,
      19.473014,
      22.852628,
      2.896812,
      2.5749440000000003,
      1.60934,
      11.909116000000001,
      3.5405480000000003,
      6.43736,
      10.621644,
      10.138842,
      2.092142,
      6.115492,
      18.346476,
      0.6437360000000001,
      6.115492,
      4.02335,
      12.07005,
      5.149888000000001,
      9.495106,
      2.092142,
      2.41401,
      25.105704,
      25.74944,
      1.1265379999999998,
      14.48406,
      15.127796,
      17.70274,
      6.9201619999999995,
      5.149888000000001,
      3.7014819999999995,
      1.448406,
      0.80467
    ],
    [
      5.149888000000001,
      27.680647999999998,
      10.138842,
      13.67939,
      7.0810960000000005,
      4.9889540000000006,
      8.0467,
      14.805927999999998,
      7.563898,
      9.977908000000001,
      3.8624159999999996,
      5.793624,
      7.0810960000000005,
      0.0,
      14.323126,
      9.173238,
      11.104446000000001,
      9.334171999999999,
      15.127796,
      4.184284,
      9.816974,
      9.495106,
      29.611855999999996,
      30.57746,
      8.368568,
      7.563898,
      10.621644,
      9.495106,
      10.782578,
      4.184284,
      8.0467,
      4.82802,
      11.748182,
      9.173238,
      25.588506,
      9.012303999999999,
      13.196587999999998,
      10.621644,
      19.31208,
      6.43736,
      12.230984,
      10.138842,
      11.587248,
      20.92142,
      32.830535999999995,
      9.816974,
      14.805927999999998,
      11.748182,
      24.783836,
      11.26538,
      3.5405480000000003,
      3.379614,
      6.276426,
      7.0810960000000005
    ],
    [
      11.909116000000001,
      17.70274,
      7.24203,
      18.829278,
      12.713786,
      7.563898,
      8.85137,
      12.07005,
      4.506151999999999,
      5.310822,
      13.357522000000001,
      7.563898,
      5.63269,
      14.323126,
      0.0,
      4.82802,
      4.345218,
      4.82802,
      25.910374,
      15.610598,
      5.310822,
      4.506151999999999,
      16.0934,
      17.541806,
      6.43736,
      6.9201619999999995,
      4.82802,
      20.277684,
      4.184284,
      14.966862,
      14.966862,
      16.89807,
      3.7014819999999995,
      10.138842,
      12.552852,
      8.0467,
      7.885766,
      6.43736,
      8.207633999999999,
      7.563898,
      11.26538,
      5.471756,
      4.506151999999999,
      25.588506,
      18.50741,
      5.310822,
      16.254334,
      23.496364,
      17.70274,
      10.299776000000001,
      14.323126,
      14.323126,
      8.368568,
      5.149888000000001
    ],
    [
      3.21868,
      16.415267999999998,
      4.9889540000000006,
      17.70274,
      9.334171999999999,
      2.5749440000000003,
      7.563898,
      10.621644,
      0.48280199999999995,
      0.48280199999999995,
      4.506151999999999,
      2.735878,
      0.48280199999999995,
      9.173238,
      4.82802,
      0.0,
      1.1265379999999998,
      0.48280199999999995,
      13.840323999999999,
      9.012303999999999,
      0.80467,
      0.80467,
      18.829278,
      21.565156,
      3.5405480000000003,
      2.2530759999999996,
      1.1265379999999998,
      11.587248,
      2.896812,
      6.598293999999999,
      10.782578,
      10.299776000000001,
      1.2874720000000002,
      5.793624,
      17.059003999999998,
      1.1265379999999998,
      4.82802,
      3.379614,
      10.782578,
      4.82802,
      7.724831999999999,
      1.60934,
      1.9312079999999998,
      23.818232000000002,
      24.461968,
      0.80467,
      11.104446000000001,
      14.805927999999998,
      17.059003999999998,
      6.43736,
      5.310822,
      3.8624159999999996,
      1.448406,
      0.48280199999999995
    ],
    [
      3.7014819999999995,
      15.771532,
      3.379614,
      15.771532,
      9.495106,
      3.057746,
      5.793624,
      8.368568,
      0.6437360000000001,
      1.448406,
      4.9889540000000006,
      3.21868,
      0.80467,
      11.104446000000001,
      4.345218,
      1.1265379999999998,
      0.0,
      1.60934,
      14.805927999999998,
      9.65604,
      1.9312079999999998,
      0.48280199999999995,
      19.31208,
      20.11675,
      2.5749440000000003,
      3.379614,
      2.41401,
      17.70274,
      1.60934,
      7.0810960000000005,
      12.391918,
      10.782578,
      0.6437360000000001,
      6.9201619999999995,
      15.127796,
      1.60934,
      6.759228,
      2.5749440000000003,
      12.713786,
      3.8624159999999996,
      10.299776000000001,
      2.735878,
      2.896812,
      25.910374,
      26.393175999999997,
      1.9312079999999998,
      15.127796,
      20.92142,
      16.254334,
      7.563898,
      5.9545580000000005,
      4.345218,
      2.092142,
      1.60934
    ],
    [
      3.379614,
      16.576202000000002,
      5.149888000000001,
      17.863674,
      9.495106,
      2.735878,
      7.724831999999999,
      10.782578,
      0.9656039999999999,
      0.32186800000000004,
      4.667085999999999,
      2.5749440000000003,
      0.80467,
      9.334171999999999,
      4.82802,
      0.48280199999999995,
      1.60934,
      0.0,
      13.518456,
      11.909116000000001,
      0.48280199999999995,
      2.41401,
      18.990212,
      21.082354,
      5.149888000000001,
      1.9312079999999998,
      1.2874720000000002,
      11.26538,
      3.21868,
      6.43736,
      11.26538,
      13.035654,
      2.2530759999999996,
      5.310822,
      16.737136,
      1.7702740000000001,
      4.345218,
      5.149888000000001,
      10.299776000000001,
      5.793624,
      7.402963999999999,
      1.2874720000000002,
      2.092142,
      23.33543,
      23.979166,
      0.48280199999999995,
      12.713786,
      14.48406,
      17.380872,
      6.115492,
      6.276426,
      4.667085999999999,
      2.41401,
      0.32186800000000004
    ],
    [
      13.518456,
      39.750698,
      22.047957999999998,
      25.588506,
      18.185542,
      13.357522000000001,
      19.955816000000002,
      26.875978,
      14.162192000000001,
      13.357522000000001,
      15.771532,
      12.230984,
      14.162192000000001,
      15.127796,
      25.910374,
      13.840323999999999,
      14.805927999999998,
      13.518456,
      0.0,
      16.576202000000002,
      13.518456,
      14.644993999999999,
      34.922678,
      26.55411,
      19.633948,
      11.587248,
      14.323126,
      6.598293999999999,
      22.208892000000002,
      12.230984,
      20.438617999999998,
      10.138842,
      23.174496,
      8.690436,
      22.369826,
      14.001257999999998,
      17.70274,
      22.047957999999998,
      19.473014,
      17.863674,
      8.690436,
      13.518456,
      15.127796,
      9.173238,
      23.657297999999997,
      13.518456,
      7.885766,
      8.85137,
      39.750698,
      9.334171999999999,
      14.805927999999998,
      14.805927999999998,
      19.955816000000002,
      13.357522000000001
    ],
    [
      6.9201619999999995,
      29.450922000000002,
      11.909116000000001,
      9.495106,
      2.896812,
      6.759228,
      9.816974,
      16.576202000000002,
      9.334171999999999,
      11.748182,
      5.63269,
      7.563898,
      9.012303999999999,
      4.184284,
      15.610598,
      9.012303999999999,
      9.65604,
      11.909116000000001,
      16.576202000000002,
      0.0,
      11.748182,
      11.426314,
      32.830535999999995,
      32.347734,
      10.138842,
      9.495106,
      12.391918,
      11.26538,
      12.713786,
      5.9545580000000005,
      3.8624159999999996,
      4.9889540000000006,
      13.67939,
      11.104446000000001,
      27.35878,
      10.782578,
      15.127796,
      12.552852,
      21.082354,
      8.368568,
      14.001257999999998,
      12.07005,
      13.357522000000001,
      22.691694,
      34.761744,
      11.748182,
      16.737136,
      11.909116000000001,
      30.255592,
      13.196587999999998,
      5.310822,
      5.310822,
      8.207633999999999,
      9.012303999999999
    ],
    [
      4.506151999999999,
      16.89807,
      5.63269,
      18.346476,
      9.977908000000001,
      3.21868,
      8.0467,
      11.104446000000001,
      1.60934,
      0.32186800000000004,
      5.310822,
      2.735878,
      1.1265379999999998,
      9.816974,
      5.310822,
      0.80467,
      1.9312079999999998,
      0.48280199999999995,
      13.518456,
      11.748182,
      0.0,
      2.2530759999999996,
      19.473014,
      21.243288,
      4.184284,
      1.7702740000000001,
      1.60934,
      10.943512,
      3.5405480000000003,
      6.115492,
      10.943512,
      12.713786,
      2.896812,
      5.149888000000001,
      16.737136,
      1.60934,
      4.506151999999999,
      4.9889540000000006,
      10.46071,
      5.471756,
      7.563898,
      1.448406,
      2.5749440000000003,
      23.496364,
      23.979166,
      0.0,
      12.87472,
      14.162192000000001,
      17.863674,
      6.43736,
      5.149888000000001,
      4.184284,
      1.9312079999999998,
      0.32186800000000004
    ],
    [
      3.5405480000000003,
      16.254334,
      3.8624159999999996,
      17.219938,
      9.65604,
      2.896812,
      6.43736,
      8.85137,
      0.32186800000000004,
      1.1265379999999998,
      4.9889540000000006,
      3.21868,
      0.6437360000000001,
      9.495106,
      4.506151999999999,
      0.80467,
      0.48280199999999995,
      2.41401,
      14.644993999999999,
      11.426314,
      2.2530759999999996,
      0.0,
      20.760486,
      23.818232000000002,
      2.896812,
      3.21868,
      2.2530759999999996,
      18.024607999999997,
      1.9312079999999998,
      6.9201619999999995,
      12.713786,
      14.644993999999999,
      0.80467,
      6.759228,
      18.990212,
      0.9656039999999999,
      6.759228,
      2.896812,
      12.713786,
      4.184284,
      8.690436,
      2.735878,
      2.41401,
      25.74944,
      26.232242,
      1.9312079999999998,
      15.127796,
      21.243288,
      16.576202000000002,
      7.563898,
      5.793624,
      4.345218,
      1.9312079999999998,
      1.448406
    ],
    [
      27.841582000000002,
      26.55411,
      22.53076,
      34.278942,
      28.002515999999996,
      26.55411,
      24.301033999999998,
      27.35878,
      19.473014,
      18.990212,
      28.807185999999998,
      26.232242,
      19.473014,
      29.611855999999996,
      16.0934,
      18.829278,
      19.31208,
      18.990212,
      34.922678,
      32.830535999999995,
      19.473014,
      20.760486,
      0.0,
      20.11675,
      22.047957999999998,
      20.599552000000003,
      18.024607999999997,
      35.888282000000004,
      19.794882,
      30.738394000000003,
      30.57746,
      32.508668,
      18.668343999999998,
      23.496364,
      16.89807,
      23.657297999999997,
      20.277684,
      22.047957999999998,
      15.28873,
      23.33543,
      23.818232000000002,
      18.829278,
      17.541806,
      32.025866,
      21.082354,
      19.151146,
      25.105704,
      39.106962,
      26.875978,
      22.369826,
      29.933724,
      29.933724,
      25.910374,
      19.473014
    ],
    [
      24.622902,
      33.957074,
      23.496364,
      35.083612,
      28.96812,
      23.33543,
      25.105704,
      28.16345,
      23.33543,
      21.243288,
      25.427572,
      23.013562,
      22.852628,
      30.57746,
      17.541806,
      21.565156,
      20.11675,
      21.082354,
      26.55411,
      32.347734,
      21.243288,
      23.818232000000002,
      20.11675,
      0.0,
      23.013562,
      22.208892000000002,
      20.599552000000003,
      31.543064,
      20.760486,
      31.543064,
      31.543064,
      33.635206,
      21.72609,
      25.105704,
      5.793624,
      22.047957999999998,
      16.576202000000002,
      23.013562,
      11.587248,
      26.071308,
      21.082354,
      20.277684,
      18.346476,
      25.588506,
      5.310822,
      20.599552000000003,
      20.92142,
      33.313338,
      34.278942,
      18.346476,
      26.393175999999997,
      24.94477,
      22.53076,
      21.082354
    ],
    [
      3.8624159999999996,
      15.449663999999999,
      2.5749440000000003,
      12.87472,
      6.759228,
      3.8624159999999996,
      2.896812,
      7.0810960000000005,
      3.21868,
      4.02335,
      7.402963999999999,
      4.184284,
      2.896812,
      8.368568,
      6.43736,
      3.5405480000000003,
      2.5749440000000003,
      5.149888000000001,
      19.633948,
      10.138842,
      4.184284,
      2.896812,
      22.047957999999998,
      23.013562,
      0.0,
      4.82802,
      4.506151999999999,
      14.644993999999999,
      2.41401,
      9.334171999999999,
      9.334171999999999,
      11.26538,
      3.057746,
      8.368568,
      17.70274,
      2.41401,
      7.885766,
      2.41401,
      14.001257999999998,
      1.60934,
      11.426314,
      4.82802,
      5.310822,
      26.071308,
      23.657297999999997,
      4.184284,
      16.415267999999998,
      17.863674,
      15.932466,
      9.65604,
      8.690436,
      5.149888000000001,
      2.5749440000000003,
      3.7014819999999995
    ],
    [
      4.506151999999999,
      18.50741,
      6.276426,
      19.31208,
      11.104446000000001,
      3.5405480000000003,
      8.0467,
      10.943512,
      2.735878,
      1.7702740000000001,
      5.63269,
      2.735878,
      2.5749440000000003,
      7.563898,
      6.9201619999999995,
      2.2530759999999996,
      3.379614,
      1.9312079999999998,
      11.587248,
      9.495106,
      1.7702740000000001,
      3.21868,
      20.599552000000003,
      22.208892000000002,
      4.82802,
      0.0,
      2.735878,
      9.334171999999999,
      4.82802,
      4.506151999999999,
      11.909116000000001,
      9.816974,
      3.8624159999999996,
      3.5405480000000003,
      17.70274,
      2.5749440000000003,
      5.471756,
      5.9545580000000005,
      11.426314,
      6.43736,
      5.9545580000000005,
      2.092142,
      3.7014819999999995,
      15.610598,
      24.94477,
      2.092142,
      9.334171999999999,
      12.552852,
      18.990212,
      4.82802,
      6.598293999999999,
      6.43736,
      2.896812,
      1.7702740000000001
    ],
    [
      4.184284,
      17.219938,
      5.793624,
      18.990212,
      10.782578,
      3.5405480000000003,
      8.368568,
      11.426314,
      1.60934,
      1.2874720000000002,
      5.63269,
      3.5405480000000003,
      1.60934,
      10.621644,
      4.82802,
      1.1265379999999998,
      2.41401,
      1.2874720000000002,
      14.323126,
      12.391918,
      1.60934,
      2.2530759999999996,
      18.024607999999997,
      20.599552000000003,
      4.506151999999999,
      2.735878,
      0.0,
      11.909116000000001,
      3.21868,
      7.0810960000000005,
      12.230984,
      14.001257999999998,
      2.2530759999999996,
      5.63269,
      13.196587999999998,
      2.092142,
      3.7014819999999995,
      4.9889540000000006,
      7.402963999999999,
      6.759228,
      6.9201619999999995,
      0.6437360000000001,
      1.1265379999999998,
      23.174496,
      23.657297999999997,
      1.2874720000000002,
      12.230984,
      15.28873,
      17.380872,
      5.793624,
      7.0810960000000005,
      5.63269,
      3.21868,
      1.7702740000000001
    ],
    [
      11.426314,
      34.118007999999996,
      16.415267999999998,
      19.955816000000002,
      12.391918,
      11.26538,
      14.323126,
      21.243288,
      11.909116000000001,
      11.104446000000001,
      10.138842,
      9.012303999999999,
      11.909116000000001,
      9.495106,
      20.277684,
      11.587248,
      17.70274,
      11.26538,
      6.598293999999999,
      11.26538,
      10.943512,
      18.024607999999997,
      35.888282000000004,
      31.543064,
      14.644993999999999,
      9.334171999999999,
      11.909116000000001,
      0.0,
      17.059003999999998,
      7.0810960000000005,
      15.28873,
      5.793624,
      18.024607999999997,
      6.759228,
      25.74944,
      11.748182,
      12.230984,
      16.89807,
      22.852628,
      12.713786,
      9.816974,
      11.26538,
      12.87472,
      12.552852,
      27.036912,
      11.26538,
      10.46071,
      6.276426,
      34.60081,
      8.85137,
      9.816974,
      9.65604,
      14.805927999999998,
      10.943512
    ],
    [
      5.63269,
      14.323126,
      2.896812,
      15.449663999999999,
      9.173238,
      4.82802,
      5.471756,
      7.724831999999999,
      1.9312079999999998,
      3.21868,
      9.977908000000001,
      5.471756,
      3.5405480000000003,
      10.782578,
      4.184284,
      2.896812,
      1.60934,
      3.21868,
      22.208892000000002,
      12.713786,
      3.5405480000000003,
      1.9312079999999998,
      19.794882,
      20.760486,
      2.41401,
      4.82802,
      3.21868,
      17.059003999999998,
      0.0,
      11.909116000000001,
      11.909116000000001,
      13.840323999999999,
      1.1265379999999998,
      7.724831999999999,
      15.610598,
      3.057746,
      6.759228,
      2.092142,
      11.104446000000001,
      3.5405480000000003,
      9.65604,
      3.7014819999999995,
      3.057746,
      25.74944,
      21.565156,
      2.896812,
      15.127796,
      20.438617999999998,
      14.805927999999998,
      8.529501999999999,
      11.26538,
      11.26538,
      3.5405480000000003,
      2.735878
    ],
    [
      4.345218,
      28.807185999999998,
      11.26538,
      14.644993999999999,
      7.24203,
      4.184284,
      9.173238,
      15.932466,
      6.759228,
      6.276426,
      4.345218,
      3.379614,
      6.43736,
      4.184284,
      14.966862,
      6.598293999999999,
      7.0810960000000005,
      6.43736,
      12.230984,
      5.9545580000000005,
      6.115492,
      6.9201619999999995,
      30.738394000000003,
      31.543064,
      9.334171999999999,
      4.506151999999999,
      7.0810960000000005,
      7.0810960000000005,
      11.909116000000001,
      0.0,
      9.977908000000001,
      5.63269,
      12.713786,
      4.506151999999999,
      26.55411,
      6.276426,
      7.885766,
      11.587248,
      20.11675,
      7.402963999999999,
      7.563898,
      5.9545580000000005,
      7.724831999999999,
      15.771532,
      33.79614,
      5.9545580000000005,
      10.299776000000001,
      10.621644,
      29.289987999999997,
      6.276426,
      4.02335,
      4.02335,
      5.471756,
      5.793624
    ],
    [
      8.207633999999999,
      28.807185999999998,
      11.104446000000001,
      7.724831999999999,
      2.41401,
      10.621644,
      9.012303999999999,
      13.840323999999999,
      10.943512,
      11.104446000000001,
      7.724831999999999,
      10.782578,
      10.621644,
      8.0467,
      14.966862,
      10.782578,
      12.391918,
      11.26538,
      20.438617999999998,
      3.8624159999999996,
      10.943512,
      12.713786,
      30.57746,
      31.543064,
      9.334171999999999,
      11.909116000000001,
      12.230984,
      15.28873,
      11.909116000000001,
      9.977908000000001,
      0.0,
      8.85137,
      12.552852,
      14.966862,
      26.232242,
      9.495106,
      15.610598,
      11.426314,
      21.565156,
      7.563898,
      17.863674,
      12.552852,
      13.840323999999999,
      26.55411,
      35.083612,
      12.230984,
      20.599552000000003,
      15.771532,
      24.301033999999998,
      17.059003999999998,
      9.173238,
      9.173238,
      10.782578,
      11.587248
    ],
    [
      8.207633999999999,
      30.738394000000003,
      13.035654,
      14.48406,
      7.885766,
      7.885766,
      10.943512,
      17.863674,
      10.621644,
      12.87472,
      6.759228,
      8.690436,
      10.138842,
      4.82802,
      16.89807,
      10.299776000000001,
      10.782578,
      13.035654,
      10.138842,
      4.9889540000000006,
      12.713786,
      14.644993999999999,
      32.508668,
      33.635206,
      11.26538,
      9.816974,
      14.001257999999998,
      5.793624,
      13.840323999999999,
      5.63269,
      8.85137,
      0.0,
      14.805927999999998,
      10.782578,
      28.485318,
      11.909116000000001,
      16.254334,
      13.67939,
      22.208892000000002,
      9.495106,
      13.840323999999999,
      13.196587999999998,
      14.48406,
      16.576202000000002,
      31.060262,
      12.87472,
      13.840323999999999,
      6.9201619999999995,
      31.38213,
      11.587248,
      6.43736,
      6.43736,
      9.334171999999999,
      10.138842
    ],
    [
      4.184284,
      15.28873,
      4.02335,
      16.415267999999998,
      10.138842,
      3.7014819999999995,
      6.43736,
      9.495106,
      0.9656039999999999,
      2.2530759999999996,
      5.793624,
      4.02335,
      2.092142,
      11.748182,
      3.7014819999999995,
      1.2874720000000002,
      0.6437360000000001,
      2.2530759999999996,
      23.174496,
      13.67939,
      2.896812,
      0.80467,
      18.668343999999998,
      21.72609,
      3.057746,
      3.8624159999999996,
      2.2530759999999996,
      18.024607999999997,
      1.1265379999999998,
      12.713786,
      12.552852,
      14.805927999999998,
      0.0,
      6.9201619999999995,
      14.644993999999999,
      2.092142,
      5.9545580000000005,
      2.896812,
      11.909116000000001,
      4.184284,
      8.85137,
      2.896812,
      2.2530759999999996,
      25.105704,
      25.588506,
      2.092142,
      12.230984,
      21.565156,
      15.771532,
      7.724831999999999,
      6.598293999999999,
      5.149888000000001,
      2.41401,
      1.9312079999999998
    ],
    [
      6.276426,
      21.72609,
      9.65604,
      19.794882,
      12.230984,
      6.115492,
      14.162192000000001,
      14.48406,
      6.43736,
      5.310822,
      7.24203,
      4.9889540000000006,
      6.115492,
      9.173238,
      10.138842,
      5.793624,
      6.9201619999999995,
      5.310822,
      8.690436,
      11.104446000000001,
      5.149888000000001,
      6.759228,
      23.496364,
      25.105704,
      8.368568,
      3.5405480000000003,
      5.63269,
      6.759228,
      7.724831999999999,
      4.506151999999999,
      14.966862,
      10.782578,
      6.9201619999999995,
      0.0,
      16.415267999999998,
      5.9545580000000005,
      5.793624,
      9.334171999999999,
      11.104446000000001,
      9.977908000000001,
      4.184284,
      4.9889540000000006,
      6.598293999999999,
      12.713786,
      22.691694,
      5.149888000000001,
      6.9201619999999995,
      11.26538,
      22.047957999999998,
      3.379614,
      6.598293999999999,
      6.598293999999999,
      6.276426,
      5.149888000000001
    ],
    [
      20.277684,
      29.129054000000004,
      18.50741,
      30.255592,
      23.979166,
      18.990212,
      20.277684,
      23.33543,
      18.829278,
      16.89807,
      21.082354,
      18.668343999999998,
      18.346476,
      25.588506,
      12.552852,
      17.059003999999998,
      15.127796,
      16.737136,
      22.369826,
      27.35878,
      16.737136,
      18.990212,
      16.89807,
      5.793624,
      17.70274,
      17.70274,
      13.196587999999998,
      25.74944,
      15.610598,
      26.55411,
      26.232242,
      28.485318,
      14.644993999999999,
      16.415267999999998,
      0.0,
      16.89807,
      13.357522000000001,
      18.024607999999997,
      6.9201619999999995,
      20.92142,
      12.391918,
      15.127796,
      16.254334,
      20.277684,
      6.9201619999999995,
      15.449663999999999,
      13.518456,
      28.002515999999996,
      29.450922000000002,
      13.196587999999998,
      21.243288,
      19.794882,
      17.380872,
      15.932466
    ],
    [
      2.735878,
      17.380872,
      4.184284,
      17.380872,
      7.24203,
      2.41401,
      5.310822,
      9.012303999999999,
      0.9656039999999999,
      1.2874720000000002,
      4.345218,
      2.5749440000000003,
      0.6437360000000001,
      9.012303999999999,
      8.0467,
      1.1265379999999998,
      1.60934,
      1.7702740000000001,
      14.001257999999998,
      10.782578,
      1.60934,
      0.9656039999999999,
      23.657297999999997,
      22.047957999999998,
      2.41401,
      2.5749440000000003,
      2.092142,
      11.748182,
      3.057746,
      6.276426,
      9.495106,
      11.909116000000001,
      2.092142,
      5.9545580000000005,
      16.89807,
      0.0,
      5.793624,
      4.184284,
      11.909116000000001,
      3.21868,
      9.334171999999999,
      3.057746,
      3.057746,
      24.94477,
      25.427572,
      1.9312079999999998,
      14.323126,
      18.668343999999998,
      17.70274,
      7.0810960000000005,
      4.9889540000000006,
      3.379614,
      0.9656039999999999,
      1.448406
    ],
    [
      7.885766,
      20.92142,
      9.65604,
      21.72609,
      13.518456,
      6.598293999999999,
      14.323126,
      14.48406,
      6.598293999999999,
      4.506151999999999,
      8.690436,
      6.276426,
      6.115492,
      13.196587999999998,
      7.885766,
      4.82802,
      6.759228,
      4.345218,
      17.70274,
      15.127796,
      4.506151999999999,
      6.759228,
      20.277684,
      16.576202000000002,
      7.885766,
      5.471756,
      3.7014819999999995,
      12.230984,
      6.759228,
      7.885766,
      15.610598,
      16.254334,
      5.9545580000000005,
      5.793624,
      13.357522000000001,
      5.793624,
      0.0,
      9.173238,
      6.276426,
      9.816974,
      4.667085999999999,
      3.5405480000000003,
      4.184284,
      13.67939,
      19.955816000000002,
      4.506151999999999,
      8.0467,
      16.576202000000002,
      21.404222,
      4.345218,
      10.138842,
      8.690436,
      6.43736,
      4.82802
    ],
    [
      5.63269,
      13.840323999999999,
      1.2874720000000002,
      15.28873,
      9.012303999999999,
      5.63269,
      4.184284,
      6.9201619999999995,
      3.057746,
      3.8624159999999996,
      9.816974,
      5.9545580000000005,
      4.02335,
      10.621644,
      6.43736,
      3.379614,
      2.5749440000000003,
      5.149888000000001,
      22.047957999999998,
      12.552852,
      4.9889540000000006,
      2.896812,
      22.047957999999998,
      23.013562,
      2.41401,
      5.9545580000000005,
      4.9889540000000006,
      16.89807,
      2.092142,
      11.587248,
      11.426314,
      13.67939,
      2.896812,
      9.334171999999999,
      18.024607999999997,
      4.184284,
      9.173238,
      0.0,
      14.162192000000001,
      3.7014819999999995,
      13.035654,
      5.793624,
      5.471756,
      27.841582000000002,
      24.461968,
