{
  "drive_dist_matrix": [
    [
      0.0,
      7.24203,
      5.9545580000000005,
      7.724831999999999,
      7.0810960000000005,
      7.24203,
      8.85137,
      8.207633999999999,
      21.887024,
      19.473014,
      7.563898,
      6.598293999999999,
      8.85137,
      11.587248,
      23.979166,
      14.323126,
      22.369826,
      1.9312079999999998,
      8.368568,
      16.737136,
      3.21868,
      14.48406,
      13.035654,
      17.541806,
      14.001257999999998,
      7.885766,
      9.012303999999999,
      7.24203,
      5.9545580000000005,
      14.644993999999999,
      8.207633999999999,
      11.587248,
      12.391918,
      14.323126,
      12.07005,
      16.737136,
      12.391918,
      15.932466,
      6.276426,
      4.506151999999999,
      7.885766,
      9.173238,
      16.89807,
      9.977908000000001,
      17.059003999999998,
      30.255592,
      7.724831999999999,
      8.368568,
      13.840323999999999,
      7.885766,
      4.667085999999999,
      8.85137,
      14.966862,
      7.885766,
      8.529501999999999
    ],
    [
      7.24203,
      0.0,
      1.7702740000000001,
      1.448406,
      0.32186800000000004,
      0.9656039999999999,
      2.2530759999999996,
      1.60934,
      13.357522000000001,
      15.28873,
      0.6437360000000001,
      0.48280199999999995,
      2.092142,
      8.0467,
      15.449663999999999,
      3.057746,
      22.53076,
      7.724831999999999,
      1.60934,
      6.115492,
      9.334171999999999,
      5.471756,
      3.379614,
      5.471756,
      14.162192000000001,
      2.41401,
      2.2530759999999996,
      0.9656039999999999,
      2.41401,
      5.63269,
      1.448406,
      8.0467,
      12.552852,
      7.724831999999999,
      10.46071,
      6.276426,
      3.8624159999999996,
      5.471756,
      2.735878,
      6.43736,
      1.2874720000000002,
      3.057746,
      6.276426,
      10.138842,
      5.310822,
      22.852628,
      1.1265379999999998,
      1.60934,
      9.012303999999999,
      1.2874720000000002,
      3.8624159999999996,
      5.310822,
      3.057746,
      1.2874720000000002,
      2.2530759999999996
    ],
    [
      5.9545580000000005,
      1.7702740000000001,
      0.0,
      1.9312079999999998,
      2.092142,
      1.1265379999999998,
      3.8624159999999996,
      3.21868,
      14.162192000000001,
      14.48406,
      1.9312079999999998,
      1.2874720000000002,
      3.8624159999999996,
      7.885766,
      16.737136,
      4.82802,
      23.657297999999997,
      7.0810960000000005,
      3.379614,
      7.885766,
      8.690436,
      7.24203,
      4.9889540000000006,
      7.0810960000000005,
      15.28873,
      2.5749440000000003,
      3.8624159999999996,
      1.448406,
      1.448406,
      7.402963999999999,
      3.21868,
      7.885766,
      13.67939,
      8.85137,
      9.65604,
      8.0467,
      4.9889540000000006,
      7.0810960000000005,
      2.5749440000000003,
      4.02335,
      2.896812,
      3.7014819999999995,
      8.0467,
      11.426314,
      6.9201619999999995,
      24.1401,
      2.735878,
      3.21868,
      10.138842,
      2.896812,
      4.9889540000000006,
      5.149888000000001,
      4.82802,
      2.896812,
      2.896812
    ],
    [
      7.724831999999999,
      1.448406,
      1.9312079999999998,
      0.0,
      1.60934,
      1.1265379999999998,
      3.5405480000000003,
      2.896812,
      14.162192000000001,
      15.449663999999999,
      1.60934,
      0.80467,
      3.379614,
      8.0467,
      16.254334,
      4.345218,
      23.174496,
      8.529501999999999,
      2.896812,
      7.402963999999999,
      10.138842,
      6.9201619999999995,
      4.667085999999999,
      6.759228,
      14.966862,
      2.5749440000000003,
      3.5405480000000003,
      1.60934,
      2.2530759999999996,
      6.9201619999999995,
      2.896812,
      7.885766,
      13.357522000000001,
      8.529501999999999,
      9.816974,
      7.563898,
      4.667085999999999,
      6.759228,
      2.735878,
      5.471756,
      2.5749440000000003,
      3.21868,
      7.563898,
      10.943512,
      6.598293999999999,
      23.657297999999997,
      2.2530759999999996,
      2.896812,
      9.173238,
      2.5749440000000003,
      4.667085999999999,
      5.310822,
      4.506151999999999,
      2.5749440000000003,
      2.5749440000000003
    ],
    [
      7.0810960000000005,
      0.32186800000000004,
      2.092142,
      1.60934,
      0.0,
      1.2874720000000002,
      2.092142,
      1.448406,
      10.943512,
      14.966862,
      0.9656039999999999,
      0.80467,
      1.9312079999999998,
      7.885766,
      15.771532,
      2.896812,
      22.53076,
      8.0467,
      1.448406,
      5.9545580000000005,
      9.65604,
      5.310822,
      3.21868,
      5.310822,
      14.162192000000001,
      2.2530759999999996,
      2.092142,
      1.7702740000000001,
      2.735878,
      5.471756,
      1.2874720000000002,
      7.885766,
      12.552852,
      7.885766,
      9.65604,
      6.115492,
      4.02335,
      5.310822,
      3.057746,
      6.759228,
      1.1265379999999998,
      2.5749440000000003,
      6.115492,
      10.299776000000001,
      5.149888000000001,
      21.887024,
      1.1265379999999998,
      1.448406,
      8.529501999999999,
      1.1265379999999998,
      3.8624159999999996,
      5.149888000000001,
      2.896812,
      1.1265379999999998,
      1.9312079999999998
    ],
    [
      7.24203,
      0.9656039999999999,
      1.1265379999999998,
      1.1265379999999998,
      1.2874720000000002,
      0.0,
      3.21868,
      2.5749440000000003,
      13.840323999999999,
      15.127796,
      1.2874720000000002,
      0.6437360000000001,
      3.057746,
      7.724831999999999,
      15.932466,
      4.02335,
      22.852628,
      8.207633999999999,
      2.5749440000000003,
      7.0810960000000005,
      9.816974,
      6.598293999999999,
      4.345218,
      6.43736,
      14.644993999999999,
      2.2530759999999996,
      3.21868,
      1.2874720000000002,
      1.9312079999999998,
      6.598293999999999,
      2.5749440000000003,
      7.563898,
      13.035654,
      8.207633999999999,
      9.495106,
      7.24203,
      4.345218,
      6.43736,
      2.41401,
      5.149888000000001,
      2.2530759999999996,
      2.896812,
      7.724831999999999,
      10.621644,
      6.276426,
      23.33543,
      1.9312079999999998,
      2.5749440000000003,
      8.85137,
      2.2530759999999996,
      4.345218,
      4.9889540000000006,
      4.184284,
      2.2530759999999996,
      2.2530759999999996
    ],
    [
      8.85137,
      2.2530759999999996,
      3.8624159999999996,
      3.5405480000000003,
      2.092142,
      3.21868,
      0.0,
      1.1265379999999998,
      9.012303999999999,
      13.196587999999998,
      2.735878,
      2.735878,
      0.32186800000000004,
      6.115492,
      12.391918,
      0.80467,
      24.301033999999998,
      12.87472,
      1.7702740000000001,
      6.759228,
      16.0934,
      4.9889540000000006,
      2.5749440000000003,
      3.379614,
      15.932466,
      2.2530759999999996,
      0.48280199999999995,
      2.896812,
      4.506151999999999,
      5.310822,
      0.80467,
      6.115492,
      14.323126,
      9.977908000000001,
      8.368568,
      4.184284,
      5.793624,
      3.379614,
      4.345218,
      8.368568,
      1.448406,
      0.6437360000000001,
      4.184284,
      12.07005,
      3.21868,
      19.955816000000002,
      1.9312079999999998,
      1.7702740000000001,
      6.759228,
      1.60934,
      8.529501999999999,
      3.5405480000000003,
      1.1265379999999998,
      1.448406,
      1.60934
    ],
    [
      8.207633999999999,
      1.60934,
      3.21868,
      2.896812,
      1.448406,
      2.5749440000000003,
      1.1265379999999998,
      0.0,
      10.782578,
      16.254334,
      1.7702740000000001,
      1.9312079999999998,
      0.80467,
      7.24203,
      12.87472,
      1.7702740000000001,
      22.691694,
      11.104446000000001,
      0.80467,
      5.63269,
      14.48406,
      3.8624159999999996,
      1.9312079999999998,
      4.506151999999999,
      14.323126,
      1.448406,
      1.448406,
      2.2530759999999996,
      3.5405480000000003,
      4.506151999999999,
      0.32186800000000004,
      7.0810960000000005,
      12.713786,
      8.368568,
      11.426314,
      4.82802,
      4.02335,
      4.02335,
      3.5405480000000003,
      7.885766,
      0.32186800000000004,
      1.9312079999999998,
      4.9889540000000006,
      10.299776000000001,
      4.184284,
      20.277684,
      0.9656039999999999,
      0.6437360000000001,
      9.334171999999999,
      0.6437360000000001,
      4.82802,
      4.506151999999999,
      2.092142,
      0.32186800000000004,
      1.2874720000000002
    ],
    [
      21.887024,
      13.357522000000001,
      14.162192000000001,
      14.162192000000001,
      10.943512,
      13.840323999999999,
      9.012303999999999,
      10.782578,
      0.0,
      13.840323999999999,
      14.323126,
      13.357522000000001,
      10.46071,
      11.104446000000001,
      14.162192000000001,
      10.299776000000001,
      32.508668,
      20.92142,
      11.26538,
      9.334171999999999,
      24.301033999999998,
      6.9201619999999995,
      8.207633999999999,
      7.724831999999999,
      24.1401,
      13.035654,
      10.782578,
      14.48406,
      14.805927999999998,
      7.24203,
      11.104446000000001,
      10.46071,
      22.53076,
      11.26538,
      10.621644,
      6.115492,
      9.495106,
      6.598293999999999,
      13.840323999999999,
      18.185542,
      11.748182,
      9.816974,
      7.563898,
      20.11675,
      7.402963999999999,
      13.518456,
      13.196587999999998,
      11.104446000000001,
      9.816974,
      11.748182,
      16.576202000000002,
      12.713786,
      8.207633999999999,
      11.748182,
      10.299776000000001
    ],
    [
      19.473014,
      15.28873,
      14.48406,
      15.449663999999999,
      14.966862,
      15.127796,
      13.196587999999998,
      16.254334,
      13.840323999999999,
      0.0,
      15.771532,
      16.576202000000002,
      11.587248,
      5.471756,
      8.207633999999999,
      11.26538,
      35.727348,
      21.887024,
      14.48406,
      22.852628,
      23.496364,
      20.438617999999998,
      14.48406,
      7.885766,
      27.35878,
      14.48406,
      14.805927999999998,
      12.230984,
      11.748182,
      20.760486,
      15.610598,
      5.310822,
      25.74944,
      21.404222,
      3.8624159999999996,
      17.70274,
      17.059003999999998,
      16.89807,
      10.782578,
      11.426314,
      12.87472,
      14.162192000000001,
      8.529501999999999,
      23.33543,
      8.529501999999999,
      22.852628,
      16.415267999999998,
      14.48406,
      5.310822,
      12.87472,
      19.955816000000002,
      8.690436,
      14.162192000000001,
      12.87472,
      14.805927999999998
    ],
    [
      7.563898,
      0.6437360000000001,
      1.9312079999999998,
      1.60934,
      0.9656039999999999,
      1.2874720000000002,
      2.735878,
      1.7702740000000001,
      14.323126,
      15.771532,
      0.0,
      0.9656039999999999,
      1.7702740000000001,
      7.24203,
      11.587248,
      2.5749440000000003,
      23.818232000000002,
      9.012303999999999,
      1.7702740000000001,
      6.276426,
      10.621644,
      5.793624,
      3.5405480000000003,
      4.9889540000000006,
      15.449663999999999,
      1.2874720000000002,
      1.9312079999999998,
      1.1265379999999998,
      3.057746,
      5.793624,
      1.1265379999999998,
      7.24203,
      13.840323999999999,
      8.368568,
      9.495106,
      5.9545580000000005,
      4.667085999999999,
      5.149888000000001,
      2.896812,
      7.724831999999999,
      0.9656039999999999,
      2.092142,
      5.9545580000000005,
      11.426314,
      4.82802,
      21.565156,
      1.2874720000000002,
      1.7702740000000001,
      8.0467,
      0.9656039999999999,
      4.667085999999999,
      4.667085999999999,
      2.735878,
      0.9656039999999999,
      1.2874720000000002
    ],
    [
      6.598293999999999,
      0.48280199999999995,
      1.2874720000000002,
      0.80467,
      0.80467,
      0.6437360000000001,
      2.735878,
      1.9312079999999998,
      13.357522000000001,
      16.576202000000002,
      0.9656039999999999,
      0.0,
      2.5749440000000003,
      7.563898,
      15.449663999999999,
      3.379614,
      22.369826,
      7.563898,
      2.092142,
      6.598293999999999,
      9.173238,
      5.9545580000000005,
      3.7014819999999995,
      6.115492,
      14.001257999999998,
      1.9312079999999998,
      2.735878,
      1.1265379999999998,
      2.2530759999999996,
      6.115492,
      1.9312079999999998,
      7.563898,
      12.391918,
      7.563898,
      9.977908000000001,
      6.598293999999999,
      3.7014819999999995,
      5.793624,
      2.41401,
      6.276426,
      1.60934,
      2.5749440000000003,
      6.759228,
      9.977908000000001,
      5.63269,
      22.852628,
      1.448406,
      1.9312079999999998,
      8.529501999999999,
      1.60934,
      3.7014819999999995,
      4.9889540000000006,
      3.5405480000000003,
      1.60934,
      1.7702740000000001
    ],
    [
      8.85137,
      2.092142,
      3.8624159999999996,
      3.379614,
      1.9312079999999998,
      3.057746,
      0.32186800000000004,
      0.80467,
      10.46071,
      11.587248,
      1.7702740000000001,
      2.5749440000000003,
      0.0,
      6.276426,
      12.552852,
      0.80467,
      24.301033999999998,
      12.87472,
      1.60934,
      6.598293999999999,
      16.0934,
      4.82802,
      2.2530759999999996,
      3.7014819999999995,
      16.0934,
      1.7702740000000001,
      0.6437360000000001,
      2.896812,
      4.184284,
      4.9889540000000006,
      0.6437360000000001,
      6.276426,
      14.48406,
      10.138842,
      8.529501999999999,
      4.184284,
      5.793624,
      3.379614,
      4.02335,
      8.529501999999999,
      1.2874720000000002,
      0.9656039999999999,
      4.184284,
      12.07005,
      3.21868,
      19.794882,
      1.60934,
      1.60934,
      7.0810960000000005,
      1.2874720000000002,
      5.471756,
      3.7014819999999995,
      1.1265379999999998,
      1.2874720000000002,
      1.2874720000000002
    ],
    [
      11.587248,
      8.0467,
      7.885766,
      8.0467,
      7.885766,
      7.724831999999999,
      6.115492,
      7.24203,
      11.104446000000001,
      5.471756,
      7.24203,
      7.563898,
      6.276426,
      0.0,
      8.368568,
      6.115492,
      30.416525999999998,
      12.552852,
      8.529501999999999,
      14.48406,
      14.162192000000001,
      12.07005,
      8.529501999999999,
      3.8624159999999996,
      22.047957999999998,
      5.9545580000000005,
      5.63269,
      6.9201619999999995,
      6.43736,
      12.391918,
      6.9201619999999995,
      0.9656039999999999,
      20.438617999999998,
      16.0934,
      2.2530759999999996,
      9.495106,
      11.104446000000001,
      8.690436,
      5.471756,
      7.402963999999999,
      7.724831999999999,
      5.149888000000001,
      5.149888000000001,
      18.185542,
      4.02335,
      24.1401,
      8.0467,
      9.173238,
      4.184284,
      7.724831999999999,
      11.426314,
      4.345218,
      5.793624,
      7.724831999999999,
      5.793624
    ],
    [
      23.979166,
      15.449663999999999,
      16.737136,
      16.254334,
      15.771532,
      15.932466,
      12.391918,
      12.87472,
      14.162192000000001,
      8.207633999999999,
      11.587248,
      15.449663999999999,
      12.552852,
      8.368568,
      0.0,
      11.909116000000001,
      34.118007999999996,
      22.691694,
      12.87472,
      18.829278,
      25.910374,
      15.771532,
      12.87472,
      6.9201619999999995,
      25.74944,
      10.782578,
      12.552852,
      16.254334,
      12.87472,
      16.0934,
      12.713786,
      7.724831999999999,
      24.1401,
      19.794882,
      8.368568,
      12.713786,
      15.610598,
      11.909116000000001,
      11.909116000000001,
      16.0934,
      13.357522000000001,
      9.65604,
      7.563898,
      21.887024,
      9.816974,
      18.185542,
      14.966862,
      12.87472,
      5.310822,
      13.357522000000001,
      18.346476,
      10.621644,
      11.26538,
      13.357522000000001,
      10.299776000000001
    ],
    [
      14.323126,
      3.057746,
      4.82802,
      4.345218,
      2.896812,
      4.02335,
      0.80467,
      1.7702740000000001,
      10.299776000000001,
      11.26538,
      2.5749440000000003,
      3.379614,
      0.80467,
      6.115492,
      11.909116000000001,
      0.0,
      24.301033999999998,
      12.713786,
      2.092142,
      7.24203,
      16.0934,
      5.310822,
      2.735878,
      3.379614,
      15.932466,
      2.735878,
      1.2874720000000002,
      4.184284,
      5.149888000000001,
      5.471756,
      1.448406,
      5.9545580000000005,
      14.323126,
      9.977908000000001,
      7.885766,
      3.5405480000000003,
      5.63269,
      2.735878,
      4.82802,
      9.012303999999999,
      2.092142,
      1.60934,
      3.8624159999999996,
      11.909116000000001,
      2.896812,
      19.794882,
      2.5749440000000003,
      2.092142,
      6.759228,
      2.092142,
      8.529501999999999,
      4.02335,
      0.9656039999999999,
      2.092142,
      2.2530759999999996
    ],
    [
      22.369826,
      22.53076,
      23.657297999999997,
      23.174496,
      22.53076,
      22.852628,
      24.301033999999998,
      22.691694,
      32.508668,
      35.727348,
      23.818232000000002,
      22.369826,
      24.301033999999998,
      30.416525999999998,
      34.118007999999996,
      24.301033999999998,
      0.0,
      16.415267999999998,
      22.208892000000002,
      25.588506,
      16.254334,
      24.783836,
      23.174496,
      27.841582000000002,
      8.690436,
      24.1401,
      25.105704,
      23.657297999999997,
      24.622902,
      24.94477,
      23.013562,
      30.899327999999997,
      11.909116000000001,
      24.301033999999998,
      32.830535999999995,
      27.036912,
      22.691694,
      26.232242,
      24.94477,
      24.94477,
      22.691694,
      25.266638,
      27.197846,
      13.035654,
      27.35878,
      41.681906,
      22.047957999999998,
      22.208892000000002,
      30.57746,
      22.691694,
      19.31208,
      29.450922000000002,
      25.266638,
      22.691694,
      23.979166
    ],
    [
      1.9312079999999998,
      7.724831999999999,
      7.0810960000000005,
      8.529501999999999,
      8.0467,
      8.207633999999999,
      12.87472,
      11.104446000000001,
      20.92142,
      21.887024,
      9.012303999999999,
      7.563898,
      12.87472,
      12.552852,
      22.691694,
      12.713786,
      16.415267999999998,
      0.0,
      11.426314,
      16.0934,
      3.5405480000000003,
      13.840323999999999,
      12.391918,
      16.89807,
      13.357522000000001,
      9.495106,
      14.162192000000001,
      8.690436,
      7.563898,
      14.001257999999998,
      12.230984,
      13.196587999999998,
      11.748182,
      13.67939,
      13.67939,
      16.254334,
      11.748182,
      15.28873,
      7.885766,
      6.115492,
      9.495106,
      14.48406,
      16.415267999999998,
      9.334171999999999,
      16.576202000000002,
      29.611855999999996,
      11.26538,
      11.426314,
      19.794882,
      9.495106,
      6.276426,
      10.46071,
      14.323126,
      9.495106,
      10.138842
    ],
    [
      8.368568,
      1.60934,
      3.379614,
      2.896812,
      1.448406,
      2.5749440000000003,
      1.7702740000000001,
      0.80467,
      11.26538,
      14.48406,
      1.7702740000000001,
      2.092142,
      1.60934,
      8.529501999999999,
      12.87472,
      2.092142,
      22.208892000000002,
      11.426314,
      0.0,
      5.149888000000001,
      14.162192000000001,
      4.506151999999999,
      1.60934,
      6.115492,
      14.001257999999998,
      2.2530759999999996,
      2.2530759999999996,
      3.057746,
      4.02335,
      4.667085999999999,
      0.9656039999999999,
      9.334171999999999,
      12.391918,
      7.0810960000000005,
      11.104446000000001,
      4.667085999999999,
      3.5405480000000003,
      3.7014819999999995,
      4.184284,
      8.0467,
      0.6437360000000001,
      2.735878,
      5.63269,
      10.138842,
      5.793624,
      20.11675,
      1.1265379999999998,
      0.344,
      9.012303999999999,
      0.80467,
      4.9889540000000006,
      5.149888000000001,
      2.735878,
      1.2874720000000002,
      1.9312079999999998
    ],
    [
      16.737136,
      6.115492,
      7.885766,
      7.402963999999999,
      5.9545580000000005,
      7.0810960000000005,
      6.759228,
      5.63269,
      9.334171999999999,
      22.852628,
      6.276426,
      6.598293999999999,
      6.598293999999999,
      14.48406,
      18.829278,
      7.24203,
      25.588506,
      16.0934,
      5.149888000000001,
      0.0,
      18.668343999999998,
      2.41401,
      4.82802,
      11.748182,
      18.346476,
      7.402963999999999,
      7.724831999999999,
      7.724831999999999,
      8.529501999999999,
      2.5749440000000003,
      6.115492,
      14.805927999999998,
      16.737136,
      2.5749440000000003,
      16.576202000000002,
      5.9545580000000005,
      3.21868,
      6.43736,
      8.690436,
      12.552852,
      5.793624,
      7.724831999999999,
      11.26538,
      14.323126,
      11.426314,
      16.89807,
      5.63269,
      5.149888000000001,
      14.644993999999999,
      5.793624,
      9.495106,
      13.196587999999998,
      7.885766,
      5.793624,
      7.0810960000000005
    ],
    [
      3.21868,
      9.334171999999999,
      8.690436,
      10.138842,
      9.65604,
      9.816974,
      16.0934,
      14.48406,
      24.301033999999998,
      23.496364,
      10.621644,
      9.173238,
      16.0934,
      14.162192000000001,
      25.910374,
      16.0934,
      16.254334,
      3.5405480000000003,
      14.162192000000001,
      18.668343999999998,
      0.0,
      17.219938,
      15.610598,
      20.11675,
      10.621644,
      10.46071,
      11.587248,
      9.816974,
      8.529501999999999,
      17.219938,
      10.782578,
      14.162192000000001,
      8.207633999999999,
      16.89807,
      14.805927999999998,
      19.473014,
      14.966862,
      18.668343999999998,
      8.85137,
      7.0810960000000005,
      10.621644,
      11.909116000000001,
      19.633948,
      6.759228,
      19.794882,
      32.830535999999995,
      10.46071,
      10.943512,
      16.415267999999998,
      10.621644,
      7.24203,
      11.426314,
      17.70274,
      10.621644,
      11.104446000000001
    ],
    [
      14.48406,
      5.471756,
      7.24203,
      6.9201619999999995,
      5.310822,
      6.598293999999999,
      4.9889540000000006,
      3.8624159999999996,
      6.9201619999999995,
      20.438617999999998,
      5.793624,
      5.9545580000000005,
      4.82802,
      12.07005,
      15.771532,
      5.310822,
      24.783836,
      13.840323999999999,
      4.506151999999999,
      2.41401,
      17.219938,
      0.0,
      2.41401,
      9.495106,
      16.576202000000002,
      5.63269,
      5.793624,
      7.0810960000000005,
      7.885766,
      0.48280199999999995,
      5.471756,
      12.391918,
      14.966862,
      4.345218,
      14.162192000000001,
      3.5405480000000003,
      2.5749440000000003,
      4.02335,
      8.0467,
      11.909116000000001,
      5.149888000000001,
      6.115492,
      8.85137,
      12.552852,
      9.012303999999999,
      16.576202000000002,
      4.9889540000000006,
      4.506151999999999,
      12.230984,
      5.149888000000001,
      8.529501999999999,
      10.782578,
      6.115492,
      5.149888000000001,
      5.149888000000001
    ],
    [
      13.035654,
      3.379614,
      4.9889540000000006,
      4.667085999999999,
      3.21868,
      4.345218,
      2.5749440000000003,
      1.9312079999999998,
      8.207633999999999,
      14.48406,
      3.5405480000000003,
      3.7014819999999995,
      2.2530759999999996,
      8.529501999999999,
      12.87472,
      2.735878,
      23.174496,
      12.391918,
      1.60934,
      4.82802,
      15.610598,
      2.41401,
      0.0,
      6.43736,
      14.966862,
      3.21868,
      3.379614,
      4.82802,
      5.793624,
      2.735878,
      1.9312079999999998,
      9.65604,
      13.357522000000001,
      6.598293999999999,
      11.426314,
      3.8624159999999996,
      3.379614,
      2.5749440000000003,
      5.310822,
      9.65604,
      2.896812,
      3.5405480000000003,
      5.9545580000000005,
      10.943512,
      6.115492,
      18.50741,
      2.735878,
      1.7702740000000001,
      9.334171999999999,
      2.896812,
      6.598293999999999,
      5.9545580000000005,
      3.5405480000000003,
      2.896812,
      2.735878
    ],
    [
      17.541806,
      5.471756,
      7.0810960000000005,
      6.759228,
      5.310822,
      6.43736,
      3.379614,
      4.506151999999999,
      7.724831999999999,
      7.885766,
      4.9889540000000006,
      6.115492,
      3.7014819999999995,
      3.8624159999999996,
      6.9201619999999995,
      3.379614,
      27.841582000000002,
      16.89807,
      6.115492,
      11.748182,
      20.11675,
      9.495106,
      6.43736,
      0.0,
      18.829278,
      4.82802,
      3.379614,
      6.115492,
      7.0810960000000005,
      9.173238,
      4.345218,
      3.057746,
      17.219938,
      12.87472,
      4.9889540000000006,
      5.793624,
      8.529501999999999,
      4.9889540000000006,
      6.598293999999999,
      10.782578,
      4.9889540000000006,
      3.5405480000000003,
      1.2874720000000002,
      14.966862,
      0.48280199999999995,
      19.633948,
      8.0467,
      5.9545580000000005,
      3.379614,
      4.9889540000000006,
      11.426314,
      5.310822,
      2.896812,
      4.9889540000000006,
      4.184284
    ],
    [
      14.001257999999998,
      14.162192000000001,
      15.28873,
      14.966862,
      14.162192000000001,
      14.644993999999999,
      15.932466,
      14.323126,
      24.1401,
      27.35878,
      15.449663999999999,
      14.001257999999998,
      16.0934,
      22.047957999999998,
      25.74944,
      15.932466,
      8.690436,
      13.357522000000001,
      14.001257999999998,
      18.346476,
      10.621644,
      16.576202000000002,
      14.966862,
      18.829278,
      0.0,
      18.185542,
      18.990212,
      17.541806,
      18.668343999999998,
      18.829278,
      17.059003999999998,
      24.94477,
      5.9545580000000005,
      16.737136,
      26.715044000000002,
      21.082354,
      16.576202000000002,
      20.277684,
      18.990212,
      18.990212,
      16.737136,
      19.31208,
      21.243288,
      6.9201619999999995,
      21.404222,
      35.727348,
      16.0934,
      16.254334,
      24.622902,
      16.737136,
      13.196587999999998,
      23.33543,
      19.151146,
      16.737136,
      17.863674
    ],
    [
      7.885766,
      2.41401,
      2.5749440000000003,
      2.5749440000000003,
      2.2530759999999996,
      2.2530759999999996,
      2.2530759999999996,
      1.448406,
      13.035654,
      14.48406,
      1.2874720000000002,
      1.9312079999999998,
      1.7702740000000001,
      5.9545580000000005,
      10.782578,
      2.735878,
      24.1401,
      9.495106,
      2.2530759999999996,
      7.402963999999999,
      10.46071,
      5.63269,
      3.21868,
      4.82802,
      18.185542,
      0.0,
      1.448406,
      0.9656039999999999,
      2.2530759999999996,
      5.63269,
      1.2874720000000002,
      6.115492,
      13.840323999999999,
      9.495106,
      8.690436,
      6.115492,
      5.310822,
      5.310822,
      2.2530759999999996,
      5.9545580000000005,
      1.60934,
      1.2874720000000002,
      5.9545580000000005,
      11.587248,
      4.9889540000000006,
      22.208892000000002,
      1.9312079999999998,
      1.9312079999999998,
      7.24203,
      1.7702740000000001,
      5.471756,
      3.5405480000000003,
      2.735878,
      1.60934,
      0.48280199999999995
    ],
    [
      9.012303999999999,
      2.2530759999999996,
      3.8624159999999996,
      3.5405480000000003,
      2.092142,
      3.21868,
      0.48280199999999995,
      1.448406,
      10.782578,
      14.805927999999998,
      1.9312079999999998,
      2.735878,
      0.6437360000000001,
      5.63269,
      12.552852,
      1.2874720000000002,
      25.105704,
      14.162192000000001,
      2.2530759999999996,
      7.724831999999999,
      11.587248,
      5.793624,
      3.379614,
      3.379614,
      18.990212,
      1.448406,
      0.0,
      2.5749440000000003,
      3.8624159999999996,
      5.471756,
      1.1265379999999998,
      6.115492,
      14.001257999999998,
      9.65604,
      8.529501999999999,
      4.82802,
      5.471756,
      4.02335,
      3.7014819999999995,
      7.563898,
      1.7702740000000001,
      0.48280199999999995,
      4.82802,
      11.748182,
      3.7014819999999995,
      20.438617999999998,
      2.092142,
      2.092142,
      7.0810960000000005,
      1.7702740000000001,
      5.471756,
      3.379614,
      1.60934,
      1.7702740000000001,
      0.9656039999999999
    ],
    [
      7.24203,
      0.9656039999999999,
      1.448406,
      1.60934,
      1.7702740000000001,
      1.2874720000000002,
      2.896812,
      2.2530759999999996,
      14.48406,
      12.230984,
      1.1265379999999998,
      1.1265379999999998,
      2.896812,
      6.9201619999999995,
      16.254334,
      4.184284,
      23.657297999999997,
      8.690436,
      3.057746,
      7.724831999999999,
      9.816974,
      7.0810960000000005,
      4.82802,
      6.115492,
      17.541806,
      0.9656039999999999,
      2.5749440000000003,
      0.0,
      1.60934,
      7.0810960000000005,
      2.2530759999999996,
      6.9201619999999995,
      13.518456,
      8.690436,
      8.690436,
      8.690436,
      4.82802,
      7.885766,
      1.60934,
      5.149888000000001,
      2.092142,
      2.735878,
      7.563898,
      11.104446000000001,
      6.43736,
      23.33543,
      2.41401,
      3.057746,
      9.173238,
      2.092142,
      4.82802,
      4.184284,
      3.8624159999999996,
      2.092142,
      2.092142
    ],
    [
      5.9545580000000005,
      2.41401,
      1.448406,
      2.2530759999999996,
      2.735878,
      1.9312079999999998,
      4.506151999999999,
      3.5405480000000003,
      14.805927999999998,
      11.748182,
      3.057746,
      2.2530759999999996,
      4.184284,
      6.43736,
      12.87472,
      5.149888000000001,
      24.622902,
      7.563898,
      4.02335,
      8.529501999999999,
      8.529501999999999,
      7.885766,
      5.793624,
      7.0810960000000005,
      18.668343999999998,
      2.2530759999999996,
      3.8624159999999996,
      1.60934,
      0.0,
      8.0467,
      3.5405480000000003,
      6.43736,
      14.48406,
      10.138842,
      8.207633999999999,
      9.65604,
      5.793624,
      8.85137,
      1.1265379999999998,
      4.02335,
      3.379614,
      3.7014819999999995,
      8.690436,
      12.07005,
      7.563898,
      24.301033999999998,
      3.379614,
      4.02335,
      8.690436,
      3.379614,
      5.793624,
      3.7014819999999995,
      5.310822,
      3.379614,
      2.896812
    ],
    [
      14.644993999999999,
      5.63269,
      7.402963999999999,
      6.9201619999999995,
      5.471756,
      6.598293999999999,
      5.310822,
      4.506151999999999,
      7.24203,
      20.760486,
      5.793624,
      6.115492,
      4.9889540000000006,
      12.391918,
      16.0934,
      5.471756,
      24.94477,
      14.001257999999998,
      4.667085999999999,
      2.5749440000000003,
      17.219938,
      0.48280199999999995,
      2.735878,
      9.173238,
      18.829278,
      5.63269,
      5.471756,
      7.0810960000000005,
      8.0467,
      0.0,
      4.506151999999999,
      12.552852,
      15.127796,
      4.667085999999999,
      14.48406,
      3.7014819999999995,
      2.735878,
      4.345218,
      8.207633999999999,
      12.07005,
      5.310822,
      6.276426,
      9.012303999999999,
      12.713786,
      9.173238,
      16.737136,
      5.149888000000001,
      4.667085999999999,
      12.552852,
      5.310822,
      8.690436,
      10.943512,
      6.115492,
      5.310822,
      5.310822
    ],
    [
      8.207633999999999,
      1.448406,
      3.21868,
      2.896812,
      1.2874720000000002,
      2.5749440000000003,
      0.80467,
      0.32186800000000004,
      11.104446000000001,
      15.610598,
      1.1265379999999998,
      1.9312079999999998,
      0.6437360000000001,
      6.9201619999999995,
      12.713786,
      1.448406,
      23.013562,
      12.230984,
      0.9656039999999999,
      6.115492,
      10.782578,
      5.471756,
      1.9312079999999998,
      4.345218,
      17.059003999999998,
      1.2874720000000002,
      1.1265379999999998,
      2.2530759999999996,
      3.5405480000000003,
      4.506151999999999,
      0.0,
      6.9201619999999995,
      13.035654,
      8.690436,
      9.173238,
      4.82802,
      4.345218,
      4.02335,
      3.5405480000000003,
      7.885766,
      0.48280199999999995,
      1.60934,
      4.82802,
      10.621644,
      3.8624159999999996,
      20.277684,
      0.9656039999999999,
      0.9656039999999999,
      7.563898,
      0.6437360000000001,
      4.82802,
      4.184284,
      1.7702740000000001,
      0.48280199999999995,
      0.9656039999999999
    ],
    [
      11.587248,
      8.0467,
      7.885766,
      7.885766,
      7.885766,
      7.563898,
      6.115492,
      7.0810960000000005,
      10.46071,
      5.310822,
      7.24203,
      7.563898,
      6.276426,
      0.9656039999999999,
      7.724831999999999,
      5.9545580000000005,
      30.899327999999997,
      13.196587999999998,
      9.334171999999999,
      14.805927999999998,
      14.162192000000001,
      12.391918,
      9.65604,
      3.057746,
      24.94477,
      6.115492,
      6.115492,
      6.9201619999999995,
      6.43736,
      12.552852,
      6.9201619999999995,
      0.0,
      20.438617999999998,
      16.0934,
      1.7702740000000001,
      9.334171999999999,
      11.748182,
      8.529501999999999,
      5.471756,
      8.690436,
      7.563898,
      4.9889540000000006,
      4.506151999999999,
      18.185542,
      3.8624159999999996,
      22.208892000000002,
      7.885766,
      8.368568,
      3.379614,
      7.563898,
      11.26538,
      4.184284,
      5.793624,
      7.563898,
      5.9545580000000005
    ],
    [
      12.391918,
      12.552852,
      13.67939,
      13.357522000000001,
      12.552852,
      13.035654,
      14.323126,
      12.713786,
      22.53076,
      25.74944,
      13.840323999999999,
      12.391918,
      14.48406,
      20.438617999999998,
      24.1401,
      14.323126,
      11.909116000000001,
      11.748182,
      12.391918,
      16.737136,
      8.207633999999999,
      14.966862,
      13.357522000000001,
      17.219938,
      5.9545580000000005,
      13.840323999999999,
      14.001257999999998,
      13.518456,
      14.48406,
      15.127796,
      13.035654,
      20.438617999999998,
      0.0,
      12.713786,
      21.082354,
      15.449663999999999,
      11.104446000000001,
      14.644993999999999,
      13.357522000000001,
      13.357522000000001,
      11.104446000000001,
      13.67939,
      15.610598,
      1.448406,
      15.771532,
      30.094658,
      10.46071,
      10.621644,
      18.990212,
      11.104446000000001,
      7.563898,
      17.70274,
      13.67939,
      11.104446000000001,
      12.391918
    ],
    [
      14.323126,
      7.724831999999999,
      8.85137,
      8.529501999999999,
      7.885766,
      8.207633999999999,
      9.977908000000001,
      8.368568,
      11.26538,
      21.404222,
      8.368568,
      7.563898,
      10.138842,
      16.0934,
      19.794882,
      9.977908000000001,
      24.301033999999998,
      13.67939,
      7.0810960000000005,
      2.5749440000000003,
      16.89807,
      4.345218,
      6.598293999999999,
      12.87472,
      16.737136,
      9.495106,
      9.65604,
      8.690436,
      10.138842,
      4.667085999999999,
      8.690436,
      16.0934,
      12.713786,
      0.0,
      18.346476,
      7.724831999999999,
      4.345218,
      8.368568,
      10.46071,
      11.426314,
      7.724831999999999,
      10.782578,
      12.713786,
      11.587248,
      12.87472,
      18.990212,
      7.24203,
      7.0810960000000005,
      16.0934,
      7.724831999999999,
      7.724831999999999,
      14.966862,
      10.782578,
      7.724831999999999,
      9.012303999999999
    ],
    [
      12.07005,
      10.46071,
      9.65604,
      9.816974,
      9.65604,
      9.495106,
      8.368568,
      11.426314,
      10.621644,
      3.8624159999999996,
      9.495106,
      9.977908000000001,
      8.529501999999999,
      2.2530759999999996,
      8.368568,
      7.885766,
      32.830535999999995,
      13.67939,
      11.104446000000001,
      16.576202000000002,
      14.805927999999998,
      14.162192000000001,
      11.426314,
      4.9889540000000006,
      26.715044000000002,
      8.690436,
      8.529501999999999,
      8.690436,
      8.207633999999999,
      14.48406,
      9.173238,
      1.7702740000000001,
      21.082354,
      18.346476,
      0.0,
      11.104446000000001,
      13.518456,
      10.299776000000001,
      7.402963999999999,
      8.0467,
      9.816974,
      7.563898,
      6.115492,
      19.955816000000002,
      6.115492,
      23.013562,
      12.87472,
      10.943512,
      4.184284,
      9.816974,
      16.415267999999998,
      5.310822,
      7.563898,
      9.816974,
      8.207633999999999
    ],
    [
      16.737136,
      6.276426,
      8.0467,
      7.563898,
      6.115492,
      7.24203,
      4.184284,
      4.82802,
      6.115492,
      17.70274,
      5.9545580000000005,
      6.598293999999999,
      4.184284,
      9.495106,
      12.713786,
      3.5405480000000003,
      27.036912,
      16.254334,
      4.667085999999999,
      5.9545580000000005,
      19.473014,
      3.5405480000000003,
      3.8624159999999996,
      5.793624,
      21.082354,
      6.115492,
      4.82802,
      8.690436,
      9.65604,
      3.7014819999999995,
      4.82802,
      9.334171999999999,
      15.449663999999999,
      7.724831999999999,
      11.104446000000001,
      0.0,
      6.115492,
      0.80467,
      9.173238,
      13.357522000000001,
      5.9545580000000005,
      4.9889540000000006,
      6.276426,
      14.323126,
      5.310822,
      16.254334,
      5.793624,
      4.667085999999999,
      9.334171999999999,
      5.9545580000000005,
      10.782578,
      7.885766,
      3.379614,
      5.9545580000000005,
      5.63269
    ],
    [
      12.391918,
      3.8624159999999996,
      4.9889540000000006,
      4.667085999999999,
      4.02335,
      4.345218,
      5.793624,
      4.02335,
      9.495106,
      17.059003999999998,
      4.667085999999999,
      3.7014819999999995,
      5.793624,
      11.104446000000001,
      15.610598,
      5.63269,
      22.691694,
