{
  "drive_dist_matrix": [
    [
      0.0,
      36.692952,
      29.450922000000002,
      15.449663999999999,
      30.416525999999998,
      26.875978,
      30.57746,
      32.669602,
      23.013562,
      22.047957999999998,
      17.863674,
      25.74944,
      27.35878,
      29.77279,
      21.404222,
      20.92142,
      27.35878,
      52.786351999999994,
      20.438617999999998,
      29.611855999999996,
      24.301033999999998,
      31.221196,
      26.715044000000002,
      28.485318,
      32.1868,
      34.118007999999996,
      29.933724,
      19.31208,
      41.360037999999996,
      17.863674,
      30.899327999999997,
      13.035654,
      26.875978,
      26.715044000000002,
      32.1868,
      47.47553,
      26.55411,
      29.611855999999996,
      30.57746,
      38.946028,
      22.852628,
      23.174496,
      16.0934,
      32.1868,
      29.289987999999997,
      26.55411,
      26.55411,
      32.99147,
      25.105704,
      54.71756,
      27.519714,
      28.96812,
      29.933724,
      32.830535999999995,
      29.611855999999996,
      31.543064,
      29.611855999999996,
      31.703998
    ],
    [
      36.692952,
      0.0,
      8.85137,
      13.67939,
      14.162192000000001,
      6.598293999999999,
      14.001257999999998,
      11.26538,
      13.357522000000001,
      13.518456,
      38.463226,
      8.85137,
      8.529501999999999,
      14.644993999999999,
      14.001257999999998,
      14.162192000000001,
      20.11675,
      51.659814000000004,
      41.199104000000005,
      19.794882,
      44.25685,
      14.001257999999998,
      9.334171999999999,
      9.012303999999999,
      12.391918,
      11.26538,
      8.0467,
      46.348992,
      21.082354,
      38.302292,
      14.966862,
      14.323126,
      7.885766,
      7.885766,
      14.966862,
      27.680647999999998,
      7.724831999999999,
      19.955816000000002,
      15.127796,
      34.439876,
      13.357522000000001,
      11.909116000000001,
      28.646252,
      14.966862,
      19.473014,
      7.724831999999999,
      7.724831999999999,
      12.552852,
      10.621644,
      51.337945999999995,
      20.599552000000003,
      16.0934,
      4.667085999999999,
      15.610598,
      19.955816000000002,
      14.323126,
      36.532018,
      14.48406
    ],
    [
      29.450922000000002,
      8.85137,
      0.0,
      18.346476,
      14.48406,
      10.46071,
      14.323126,
      15.127796,
      11.426314,
      17.541806,
      38.62416,
      11.426314,
      13.196587999999998,
      14.966862,
      29.289987999999997,
      28.807185999999998,
      20.277684,
      51.98168199999999,
      41.520972,
      20.11675,
      44.417784000000005,
      14.323126,
      11.26538,
      3.7014819999999995,
      12.713786,
      11.587248,
      12.07005,
      46.509926,
      17.541806,
      38.62416,
      15.127796,
      18.990212,
      12.552852,
      12.552852,
      15.28873,
      23.657297999999997,
      12.391918,
      20.11675,
      15.449663999999999,
      34.761744,
      11.426314,
      10.782578,
      28.807185999999998,
      15.28873,
      19.794882,
      12.391918,
      12.391918,
      12.87472,
      10.782578,
      51.49888,
      20.760486,
      16.254334,
      8.529501999999999,
      15.932466,
      20.277684,
      14.644993999999999,
      32.508668,
      14.644993999999999
    ],
    [
      15.449663999999999,
      13.67939,
      18.346476,
      0.0,
      14.162192000000001,
      7.0810960000000005,
      14.001257999999998,
      13.518456,
      13.357522000000001,
      0.48280199999999995,
      16.737136,
      7.563898,
      5.793624,
      15.932466,
      0.371,
      0.48280199999999995,
      13.357522000000001,
      47.47553,
      14.48406,
      15.610598,
      15.127796,
      14.162192000000001,
      12.87472,
      17.863674,
      14.805927999999998,
      14.48406,
      5.63269,
      24.783836,
      28.485318,
      16.737136,
      14.805927999999998,
      6.115492,
      6.115492,
      6.115492,
      14.805927999999998,
      31.060262,
      6.115492,
      15.771532,
      16.737136,
      30.255592,
      13.357522000000001,
      12.552852,
      5.9545580000000005,
      14.966862,
      15.28873,
      5.9545580000000005,
      6.115492,
      15.449663999999999,
      9.012303999999999,
      45.383388,
      13.67939,
      10.299776000000001,
      10.46071,
      14.805927999999998,
      15.771532,
      14.323126,
      35.888282000000004,
      14.323126
    ],
    [
      30.416525999999998,
      14.162192000000001,
      14.48406,
      14.162192000000001,
      0.0,
      11.26538,
      0.486,
      16.415267999999998,
      18.024607999999997,
      14.805927999999998,
      25.105704,
      13.518456,
      14.644993999999999,
      0.6437360000000001,
      15.771532,
      15.28873,
      6.759228,
      38.463226,
      28.002515999999996,
      6.598293999999999,
      30.899327999999997,
      0.6437360000000001,
      18.024607999999997,
      15.771532,
      4.184284,
      4.184284,
      9.65604,
      32.99147,
      22.369826,
      25.105704,
      0.6437360000000001,
      18.346476,
      14.001257999999998,
      13.840323999999999,
      0.9656039999999999,
      19.633948,
      13.67939,
      6.598293999999999,
      0.48280199999999995,
      21.243288,
      18.024607999999997,
      16.576202000000002,
      15.28873,
      1.7702740000000001,
      6.276426,
      13.67939,
      13.67939,
      4.9889540000000006,
      15.28873,
      40.555368,
      7.24203,
      1.9312079999999998,
      10.299776000000001,
      2.41401,
      6.759228,
      2.092142,
      40.877235999999996,
      2.092142
    ],
    [
      26.875978,
      6.598293999999999,
      10.46071,
      7.0810960000000005,
      11.26538,
      0.0,
      10.299776000000001,
      6.43736,
      7.402963999999999,
      7.0810960000000005,
      34.60081,
      2.735878,
      2.41401,
      10.782578,
      7.402963999999999,
      7.563898,
      16.254334,
      47.797398,
      37.336687999999995,
      16.0934,
      40.394434000000004,
      10.46071,
      4.506151999999999,
      10.782578,
      11.104446000000001,
      13.035654,
      2.5749440000000003,
      32.669602,
      24.783836,
      34.60081,
      11.104446000000001,
      8.368568,
      1.448406,
      1.2874720000000002,
      11.104446000000001,
      26.55411,
      0.9656039999999999,
      16.0934,
      11.104446000000001,
      30.57746,
      7.402963999999999,
      5.9545580000000005,
      24.783836,
      11.26538,
      15.610598,
      1.1265379999999998,
      0.9656039999999999,
      11.748182,
      4.667085999999999,
      49.245804,
      16.737136,
      12.230984,
      3.379614,
      11.748182,
      16.0934,
      10.621644,
      30.255592,
      10.621644
    ],
    [
      30.57746,
      14.001257999999998,
      14.323126,
      14.001257999999998,
      0.486,
      10.299776000000001,
      0.0,
      15.28873,
      16.89807,
      14.966862,
      25.266638,
      12.391918,
      13.357522000000001,
      0.80467,
      15.932466,
      15.449663999999999,
      6.9201619999999995,
      38.62416,
      28.16345,
      6.759228,
      31.060262,
      0.48280199999999995,
      16.737136,
      14.48406,
      1.9312079999999998,
      3.7014819999999995,
      8.529501999999999,
      33.152404000000004,
      20.92142,
      25.266638,
      0.6437360000000001,
      17.059003999999998,
      12.713786,
      12.713786,
      0.80467,
      18.346476,
      12.552852,
      6.759228,
      0.48280199999999995,
      21.404222,
      16.89807,
      15.449663999999999,
      15.449663999999999,
      1.1265379999999998,
      6.43736,
      12.552852,
      12.552852,
      2.735878,
      14.162192000000001,
      40.394434000000004,
      7.402963999999999,
      2.092142,
      9.012303999999999,
      1.60934,
      6.9201619999999995,
      1.2874720000000002,
      39.589764,
      1.448406
    ],
    [
      32.669602,
      11.26538,
      15.127796,
      13.518456,
      16.415267999999998,
      6.43736,
      15.28873,
      0.0,
      12.713786,
      13.67939,
      40.2335,
      8.207633999999999,
      8.368568,
      16.415267999999998,
      14.001257999999998,
      14.162192000000001,
      21.887024,
      53.430088000000005,
      41.84284,
      21.565156,
      46.027124,
      16.0934,
      3.8624159999999996,
      15.28873,
      16.737136,
      18.50741,
      8.207633999999999,
      38.141358,
      27.519714,
      40.072565999999995,
      16.737136,
      14.162192000000001,
      7.724831999999999,
      7.724831999999999,
      16.737136,
      32.99147,
      7.563898,
      21.72609,
      16.737136,
      36.21015,
      12.713786,
      11.26538,
      30.416525999999998,
      16.89807,
      21.243288,
      7.563898,
      7.563898,
      17.380872,
      9.977908000000001,
      54.878494,
      22.369826,
      17.70274,
      8.85137,
      17.380872,
      21.72609,
      16.0934,
      35.566414,
      16.254334
    ],
    [
      23.013562,
      13.357522000000001,
      11.426314,
      13.357522000000001,
      18.024607999999997,
      7.402963999999999,
      16.89807,
      12.713786,
      0.0,
      13.357522000000001,
      35.244546,
      6.598293999999999,
      8.368568,
      17.863674,
      13.67939,
      13.840323999999999,
      23.33543,
      54.878494,
      37.81949,
      23.013562,
      41.84284,
      17.541806,
      6.9201619999999995,
      10.299776000000001,
      18.024607999999997,
      20.92142,
      10.943512,
      43.130312,
      23.174496,
      35.244546,
      18.185542,
      14.001257999999998,
      7.724831999999999,
      7.563898,
      18.185542,
      29.129054000000004,
      7.402963999999999,
      23.174496,
      18.185542,
      37.658556,
      0.6437360000000001,
      0.48280199999999995,
      33.474272,
      18.185542,
      22.691694,
      7.402963999999999,
      7.402963999999999,
      18.829278,
      5.471756,
      56.3269,
      23.818232000000002,
      19.151146,
      10.782578,
      18.829278,
      23.174496,
      17.541806,
      25.910374,
      17.70274
    ],
    [
      22.047957999999998,
      13.518456,
      17.541806,
      0.48280199999999995,
      14.805927999999998,
      7.0810960000000005,
      14.966862,
      13.67939,
      13.357522000000001,
      0.0,
      17.219938,
      7.24203,
      6.43736,
      16.254334,
      0.48280199999999995,
      0.80467,
      11.426314,
      47.958332,
      14.966862,
      16.0934,
      15.449663999999999,
      13.840323999999999,
      12.552852,
      17.541806,
      14.48406,
      14.162192000000001,
      5.310822,
      24.94477,
      28.16345,
      17.541806,
      14.48406,
      6.598293999999999,
      5.471756,
      5.9545580000000005,
      14.48406,
      30.738394000000003,
      5.793624,
      16.0934,
      17.219938,
      30.738394000000003,
      12.87472,
      11.26538,
      6.43736,
      14.644993999999999,
      15.771532,
      5.63269,
      5.793624,
      15.127796,
      9.65604,
      50.050474,
      14.001257999999998,
      9.816974,
      10.138842,
      15.127796,
      16.254334,
      14.001257999999998,
      35.566414,
      14.001257999999998
    ],
    [
      17.863674,
      38.463226,
      38.62416,
      16.737136,
      25.105704,
      34.60081,
      25.266638,
      40.2335,
      35.244546,
      17.219938,
      0.0,
      37.497622,
      22.047957999999998,
      25.105704,
      16.737136,
      16.0934,
      22.53076,
      47.958332,
      3.8624159999999996,
      24.783836,
      5.471756,
      26.55411,
      38.302292,
      39.106962,
      27.519714,
      29.450922000000002,
      23.818232000000002,
      9.012303999999999,
      45.544322,
      0.32186800000000004,
      26.071308,
      18.024607999999997,
      23.174496,
      23.174496,
      27.519714,
      43.934982,
      22.852628,
      24.783836,
      25.910374,
      34.118007999999996,
      34.60081,
      34.922678,
      11.26538,
      27.519714,
      24.461968,
      22.852628,
      22.852628,
      28.324384000000002,
      36.853885999999996,
      50.050474,
      22.691694,
      24.301033999999998,
      33.635206,
      28.16345,
      24.94477,
      26.875978,
      41.360037999999996,
      26.875978
    ],
    [
      25.74944,
      8.85137,
      11.426314,
      7.563898,
      13.518456,
      2.735878,
      12.391918,
      8.207633999999999,
      6.598293999999999,
      7.24203,
      37.497622,
      0.0,
      2.41401,
      12.07005,
      7.724831999999999,
      8.0467,
      17.380872,
      49.08487,
      38.62416,
      17.219938,
      41.520972,
      11.748182,
      6.115492,
      10.943512,
      12.230984,
      14.162192000000001,
      4.9889540000000006,
      32.025866,
      23.818232000000002,
      35.727348,
      12.391918,
      8.207633999999999,
      1.7702740000000001,
      1.7702740000000001,
      12.391918,
      28.646252,
      1.60934,
      17.219938,
      12.391918,
      31.864932,
      6.43736,
      4.82802,
      25.910374,
      12.391918,
      16.89807,
      1.60934,
      1.60934,
      13.035654,
      4.345218,
      50.533276,
      17.863674,
      13.357522000000001,
      4.9889540000000006,
      13.035654,
      17.380872,
      11.748182,
      28.96812,
      11.748182
    ],
    [
      27.35878,
      8.529501999999999,
      13.196587999999998,
      5.793624,
      14.644993999999999,
      2.41401,
      13.357522000000001,
      8.368568,
      8.368568,
      6.43736,
      22.047957999999998,
      2.41401,
      0.0,
      13.67939,
      6.759228,
      5.9545580000000005,
      19.151146,
      50.69421,
      20.599552000000003,
      18.829278,
      21.082354,
      13.357522000000001,
      7.724831999999999,
      12.713786,
      13.840323999999999,
      15.771532,
      4.9889540000000006,
      29.933724,
      25.427572,
      22.047957999999998,
      14.001257999999998,
      6.115492,
      1.1265379999999998,
      1.1265379999999998,
      14.001257999999998,
      30.255592,
      1.448406,
      18.990212,
      14.001257999999998,
      33.474272,
      8.207633999999999,
      6.43736,
      12.07005,
      14.001257999999998,
      18.50741,
      1.60934,
      1.448406,
      14.644993999999999,
      3.057746,
      52.142616,
      19.633948,
      14.966862,
      6.598293999999999,
      14.644993999999999,
      18.990212,
      13.357522000000001,
      30.738394000000003,
      13.518456
    ],
    [
      29.77279,
      14.644993999999999,
      14.966862,
      15.932466,
      0.6437360000000001,
      10.782578,
      0.80467,
      16.415267999999998,
      17.863674,
      16.254334,
      25.105704,
      12.07005,
      13.67939,
      0.0,
      15.449663999999999,
      14.805927999999998,
      6.43736,
      38.141358,
      27.680647999999998,
      6.276426,
      30.57746,
      1.2874720000000002,
      17.70274,
      15.449663999999999,
      3.8624159999999996,
      4.345218,
      9.334171999999999,
      32.669602,
      21.887024,
      24.783836,
      0.80467,
      20.599552000000003,
      13.67939,
      13.518456,
      1.60934,
      20.277684,
      13.357522000000001,
      6.276426,
      0.48280199999999995,
      20.92142,
      17.70274,
      16.254334,
      14.966862,
      1.9312079999999998,
      5.9545580000000005,
      13.357522000000001,
      13.357522000000001,
      4.667085999999999,
      14.966862,
      40.2335,
      6.9201619999999995,
      1.60934,
      9.977908000000001,
      2.41401,
      6.43736,
      2.092142,
      42.969378,
      2.2530759999999996
    ],
    [
      21.404222,
      14.001257999999998,
      29.289987999999997,
      0.371,
      15.771532,
      7.402963999999999,
      15.932466,
      14.001257999999998,
      13.67939,
      0.48280199999999995,
      16.737136,
      7.724831999999999,
      6.759228,
      15.449663999999999,
      0.0,
      0.32186800000000004,
      13.196587999999998,
      47.314595999999995,
      14.162192000000001,
      15.449663999999999,
      14.805927999999998,
      17.059003999999998,
      13.357522000000001,
      29.611855999999996,
      18.185542,
      20.11675,
      6.276426,
      24.301033999999998,
      36.21015,
      16.415267999999998,
      16.737136,
      6.115492,
      6.276426,
      6.43736,
      18.024607999999997,
      34.60081,
      6.598293999999999,
      15.449663999999999,
      16.415267999999998,
      30.094658,
      13.840323999999999,
      12.07005,
      5.63269,
      18.185542,
      15.127796,
      6.598293999999999,
      6.598293999999999,
      18.829278,
      9.173238,
      45.222454,
      13.357522000000001,
      14.966862,
      11.104446000000001,
      18.668343999999998,
      15.610598,
      17.541806,
      44.578718,
      17.541806
    ],
    [
      20.92142,
      14.162192000000001,
      28.807185999999998,
      0.48280199999999995,
      15.28873,
      7.563898,
      15.449663999999999,
      14.162192000000001,
      13.840323999999999,
      0.80467,
      16.0934,
      8.0467,
      5.9545580000000005,
      14.805927999999998,
      0.32186800000000004,
      0.0,
      12.87472,
      46.992728,
      14.001257999999998,
      15.127796,
      14.48406,
      16.737136,
      13.357522000000001,
      29.450922000000002,
      17.863674,
      19.794882,
      6.115492,
      23.979166,
      35.888282000000004,
      16.254334,
      16.415267999999998,
      6.115492,
      6.276426,
      6.276426,
      17.70274,
      34.278942,
      6.598293999999999,
      15.127796,
      16.254334,
      29.77279,
      13.67939,
      12.07005,
      5.471756,
      17.863674,
      14.805927999999998,
      6.43736,
      6.598293999999999,
      18.668343999999998,
      9.012303999999999,
      44.900586,
      13.035654,
      14.644993999999999,
      10.943512,
      18.346476,
      15.28873,
      17.219938,
      44.25685,
      17.219938
    ],
    [
      27.35878,
      20.11675,
      20.277684,
      13.357522000000001,
      6.759228,
      16.254334,
      6.9201619999999995,
      21.887024,
      23.33543,
      11.426314,
      22.53076,
      17.380872,
      19.151146,
      6.43736,
      13.196587999999998,
      12.87472,
      0.0,
      33.635206,
      25.427572,
      0.32186800000000004,
      20.438617999999998,
      8.0467,
      23.013562,
      20.760486,
      9.173238,
      11.104446000000001,
      14.644993999999999,
      30.57746,
      27.197846,
      22.691694,
      7.724831999999999,
      18.346476,
      18.829278,
      18.829278,
      9.012303999999999,
      25.588506,
      18.668343999999998,
      0.32186800000000004,
      7.563898,
      16.415267999999998,
      23.013562,
      21.565156,
      12.87472,
      9.173238,
      0.48280199999999995,
      18.668343999999998,
      18.668343999999998,
      9.977908000000001,
      20.277684,
      35.727348,
      0.32186800000000004,
      5.149888000000001,
      15.28873,
      9.65604,
      0.16093400000000002,
      8.529501999999999,
      48.2802,
      8.529501999999999
    ],
    [
      52.786351999999994,
      51.659814000000004,
      51.98168199999999,
      47.47553,
      38.463226,
      47.797398,
      38.62416,
      53.430088000000005,
      54.878494,
      47.958332,
      47.958332,
      49.08487,
      50.69421,
      38.141358,
      47.314595999999995,
      46.992728,
      33.635206,
      0.0,
      43.291246,
      32.830535999999995,
      43.130312,
      39.42883,
      54.23475800000001,
      51.98168199999999,
      40.555368,
      42.325642,
      46.027124,
      56.00503199999999,
      58.579975999999995,
      48.119265999999996,
      39.106962,
      52.786351999999994,
      50.211408,
      50.211408,
      40.394434000000004,
      56.00503199999999,
      50.050474,
      32.830535999999995,
      38.785094,
      27.841582000000002,
      54.395692,
      52.947286,
      45.383388,
      40.555368,
      32.669602,
      50.050474,
      50.050474,
      41.199104000000005,
      51.659814000000004,
      10.621644,
      34.278942,
      36.371084,
      46.509926,
      41.03817,
      32.99147,
      39.911632000000004,
      76.121782,
      39.911632000000004
    ],
    [
      20.438617999999998,
      41.199104000000005,
      41.520972,
      14.48406,
      28.002515999999996,
      37.336687999999995,
      28.16345,
      41.84284,
      37.81949,
      14.966862,
      3.8624159999999996,
      38.62416,
      20.599552000000003,
      27.680647999999998,
      14.162192000000001,
      14.001257999999998,
      25.427572,
      43.291246,
      0.0,
      27.519714,
      0.9656039999999999,
      29.129054000000004,
      41.03817,
      41.681906,
      30.094658,
      32.025866,
      26.55411,
      11.909116000000001,
      48.2802,
      3.8624159999999996,
      28.646252,
      20.599552000000003,
      24.94477,
      25.105704,
      30.094658,
      46.509926,
      25.588506,
      27.519714,
      28.485318,
      29.289987999999997,
      37.336687999999995,
      37.658556,
      8.529501999999999,
      30.094658,
      27.036912,
      25.427572,
      25.588506,
      30.899327999999997,
      41.199104000000005,
      45.06152,
      25.427572,
      26.875978,
      36.21015,
      30.738394000000003,
      27.519714,
      29.450922000000002,
      43.934982,
      29.611855999999996
    ],
    [
      29.611855999999996,
      19.794882,
      20.11675,
      15.610598,
      6.598293999999999,
      16.0934,
      6.759228,
      21.565156,
      23.013562,
      16.0934,
      24.783836,
      17.219938,
      18.829278,
      6.276426,
      15.449663999999999,
      15.127796,
      0.32186800000000004,
      32.830535999999995,
      27.519714,
      0.0,
      20.599552000000003,
      8.690436,
      23.496364,
      21.243288,
      9.65604,
      11.587248,
      15.127796,
      31.060262,
      27.680647999999998,
      23.174496,
      8.207633999999999,
      18.990212,
      20.438617999999998,
      19.31208,
      9.65604,
      27.197846,
      19.151146,
      0.289,
      8.0467,
      16.415267999999998,
      23.496364,
      22.047957999999998,
      13.357522000000001,
      9.65604,
      0.32186800000000004,
      19.151146,
      19.151146,
      10.46071,
      20.760486,
      35.566414,
      0.48280199999999995,
      5.63269,
      15.771532,
      10.299776000000001,
      0.32186800000000004,
      9.012303999999999,
      48.763002,
      9.173238
    ],
    [
      24.301033999999998,
      44.25685,
      44.417784000000005,
      15.127796,
      30.899327999999997,
      40.394434000000004,
      31.060262,
      46.027124,
      41.84284,
      15.449663999999999,
      5.471756,
      41.520972,
      21.082354,
      30.57746,
      14.805927999999998,
      14.48406,
      20.438617999999998,
      43.130312,
      0.9656039999999999,
      20.599552000000003,
      0.0,
      28.324384000000002,
      40.2335,
      40.877235999999996,
      29.289987999999997,
      31.221196,
      25.74944,
      12.87472,
      47.47553,
      4.667085999999999,
      27.841582000000002,
      19.794882,
      24.1401,
      24.1401,
      29.289987999999997,
      45.705256,
      24.783836,
      26.715044000000002,
      27.680647999999998,
      29.129054000000004,
      36.532018,
      36.853885999999996,
      8.368568,
      29.289987999999997,
      26.232242,
      24.622902,
      24.783836,
      30.094658,
      38.62416,
      44.900586,
      24.622902,
      26.071308,
      35.40548,
      29.933724,
      26.715044000000002,
      28.646252,
      43.130312,
      28.807185999999998
    ],
    [
      31.221196,
      14.001257999999998,
      14.323126,
      14.162192000000001,
      0.6437360000000001,
      10.46071,
      0.48280199999999995,
      16.0934,
      17.541806,
      13.840323999999999,
      26.55411,
      11.748182,
      13.357522000000001,
      1.2874720000000002,
      17.059003999999998,
      16.737136,
      8.0467,
      39.42883,
      29.129054000000004,
      8.690436,
      28.324384000000002,
      0.0,
      17.219938,
      14.805927999999998,
      1.9312079999999998,
      4.02335,
      8.85137,
      33.957074,
      21.404222,
      25.74944,
      0.80467,
      19.473014,
      13.035654,
      13.035654,
      0.6437360000000001,
      19.633948,
      12.87472,
      7.402963999999999,
      0.80467,
      21.887024,
      17.219938,
      15.771532,
      15.771532,
      1.1265379999999998,
      6.9201619999999995,
      12.87472,
      12.87472,
      2.5749440000000003,
      14.48406,
      39.911632000000004,
      8.0467,
      3.379614,
      9.495106,
      1.448406,
      7.402963999999999,
      0.9656039999999999,
      42.325642,
      1.1265379999999998
    ],
    [
      26.715044000000002,
      9.334171999999999,
      11.26538,
      12.87472,
      18.024607999999997,
      4.506151999999999,
      16.737136,
      3.8624159999999996,
      6.9201619999999995,
      12.552852,
      38.302292,
      6.115492,
      7.724831999999999,
      17.70274,
      13.357522000000001,
      13.357522000000001,
      23.013562,
      54.23475800000001,
      41.03817,
      23.496364,
      40.2335,
      17.219938,
      0.0,
      10.782578,
      17.863674,
      17.541806,
      6.43736,
      46.831794,
      23.496364,
      38.946028,
      17.863674,
      13.518456,
      7.0810960000000005,
      7.0810960000000005,
      17.863674,
      29.611855999999996,
      6.9201619999999995,
      22.852628,
      17.863674,
      37.336687999999995,
      6.759228,
      5.310822,
      31.060262,
      18.024607999999997,
      22.53076,
      6.9201619999999995,
      6.9201619999999995,
      18.668343999999998,
      4.82802,
      56.00503199999999,
      23.496364,
      18.990212,
      6.9201619999999995,
      18.50741,
      22.852628,
      17.380872,
      29.611855999999996,
      17.380872
    ],
    [
      28.485318,
      9.012303999999999,
      3.7014819999999995,
      17.863674,
      15.771532,
      10.782578,
      14.48406,
      15.28873,
      10.299776000000001,
      17.541806,
      39.106962,
      10.943512,
      12.713786,
      15.449663999999999,
      29.611855999999996,
      29.450922000000002,
      20.760486,
      51.98168199999999,
      41.681906,
      21.243288,
      40.877235999999996,
      14.805927999999998,
      10.782578,
      0.0,
      12.713786,
      11.587248,
      12.07005,
      46.509926,
      14.323126,
      38.62416,
      15.127796,
      23.818232000000002,
      11.909116000000001,
      12.391918,
      15.28873,
      20.438617999999998,
      12.230984,
      20.11675,
      15.449663999999999,
      34.761744,
      10.782578,
      11.104446000000001,
      28.485318,
      15.28873,
      19.794882,
      11.587248,
      11.587248,
      12.87472,
      10.782578,
      51.49888,
      20.92142,
      16.254334,
      8.529501999999999,
      15.932466,
      20.277684,
      14.644993999999999,
      32.025866,
      14.644993999999999
    ],
    [
      32.1868,
      12.391918,
      12.713786,
      14.805927999999998,
      4.184284,
      11.104446000000001,
      1.9312079999999998,
      16.737136,
      18.024607999999997,
      14.48406,
      27.519714,
      12.230984,
      13.840323999999999,
      3.8624159999999996,
      18.185542,
      17.863674,
      9.173238,
      40.555368,
      30.094658,
      9.65604,
      29.289987999999997,
      1.9312079999999998,
      17.863674,
      12.713786,
      0.0,
      2.735878,
      9.334171999999999,
      35.888282000000004,
      19.151146,
      28.002515999999996,
      2.092142,
      17.863674,
      13.518456,
      13.357522000000001,
      1.9312079999999998,
      17.380872,
      13.196587999999998,
      9.495106,
      2.092142,
      24.1401,
      17.541806,
      16.254334,
      17.219938,
      2.092142,
      9.173238,
      13.196587999999998,
      13.196587999999998,
      1.1265379999999998,
      14.805927999999998,
      40.2335,
      10.138842,
      5.63269,
      9.816974,
      1.9312079999999998,
      9.65604,
      1.60934,
      40.072565999999995,
      0.9656039999999999
    ],
    [
      34.118007999999996,
      11.26538,
      11.587248,
      14.48406,
      4.184284,
      13.035654,
      3.7014819999999995,
      18.50741,
      20.92142,
      14.162192000000001,
      29.450922000000002,
      14.162192000000001,
      15.771532,
      4.345218,
      20.11675,
      19.794882,
      11.104446000000001,
      42.325642,
      32.025866,
      11.587248,
      31.221196,
      4.02335,
      17.541806,
      11.587248,
      2.735878,
      0.0,
      8.85137,
      36.853885999999996,
      18.185542,
      28.96812,
      5.471756,
      17.380872,
      13.035654,
      13.035654,
      5.63269,
      19.473014,
      12.87472,
      10.46071,
      4.506151999999999,
      25.105704,
      17.219938,
      15.771532,
      18.829278,
      5.63269,
      10.138842,
      12.87472,
      12.87472,
      3.5405480000000003,
      14.48406,
      44.417784000000005,
      11.104446000000001,
      6.598293999999999,
      7.402963999999999,
      5.471756,
      10.621644,
      4.9889540000000006,
      39.750698,
      3.5405480000000003
    ],
    [
      29.933724,
      8.0467,
      12.07005,
      5.63269,
      9.65604,
      2.5749440000000003,
      8.529501999999999,
      8.207633999999999,
      10.943512,
      5.310822,
      23.818232000000002,
      4.9889540000000006,
      4.9889540000000006,
      9.334171999999999,
      6.276426,
      6.115492,
      14.644993999999999,
      46.027124,
      26.55411,
      15.127796,
      25.74944,
      8.85137,
      6.43736,
      12.07005,
      9.334171999999999,
      8.85137,
      0.0,
      31.703998,
      22.852628,
      23.818232000000002,
      9.173238,
      8.690436,
      4.506151999999999,
      4.506151999999999,
      9.173238,
      25.427572,
      3.7014819999999995,
      14.162192000000001,
      9.173238,
      28.646252,
      11.26538,
      9.816974,
      14.001257999999998,
      9.334171999999999,
      13.67939,
      3.7014819999999995,
      3.7014819999999995,
      9.816974,
      8.529501999999999,
      47.314595999999995,
      14.805927999999998,
      10.299776000000001,
      4.82802,
      9.816974,
      14.162192000000001,
      8.690436,
      34.118007999999996,
      8.690436
    ],
    [
      19.31208,
      46.348992,
      46.509926,
      24.783836,
      32.99147,
      32.669602,
      33.152404000000004,
      38.141358,
      43.130312,
      24.94477,
      9.012303999999999,
      32.025866,
      29.933724,
      32.669602,
      24.301033999999998,
      23.979166,
      30.57746,
      56.00503199999999,
      11.909116000000001,
      31.060262,
      12.87472,
      33.957074,
      46.831794,
      46.509926,
      35.888282000000004,
      36.853885999999996,
      31.703998,
      0.0,
      53.591021999999995,
      9.173238,
      33.957074,
      25.910374,
      31.060262,
      31.060262,
      35.40548,
      50.855144,
      30.899327999999997,
      32.830535999999995,
      33.79614,
      42.164708,
      42.64751,
      42.969378,
      19.151146,
      35.40548,
      32.347734,
      30.738394000000003,
      30.899327999999997,
      36.21015,
      44.739652,
      57.93624,
      30.738394000000003,
      32.1868,
      41.520972,
      36.049215999999994,
      32.830535999999995,
      34.761744,
      49.245804,
      34.922678
    ],
    [
      41.360037999999996,
      21.082354,
      17.541806,
      28.485318,
      22.369826,
      24.783836,
      20.92142,
      27.519714,
      23.174496,
      28.16345,
      45.544322,
      23.818232000000002,
      25.427572,
      21.887024,
      36.21015,
      35.888282000000004,
      27.197846,
      58.579975999999995,
      48.2802,
      27.680647999999998,
      47.47553,
      21.404222,
      23.496364,
      14.323126,
      19.151146,
      18.185542,
      22.852628,
      53.591021999999995,
      0.0,
      45.544322,
      22.047957999999998,
      31.060262,
      24.783836,
      24.622902,
      22.047957999999998,
      21.887024,
      24.461968,
      27.036912,
      22.208892000000002,
      41.520972,
      23.013562,
      23.33543,
      35.727348,
      22.208892000000002,
      26.715044000000002,
      24.461968,
      24.461968,
      19.794882,
      23.013562,
      58.419042,
      27.680647999999998,
      23.174496,
      20.92142,
      22.691694,
      27.036912,
      21.404222,
      32.025866,
      21.565156
    ],
    [
      17.863674,
      38.302292,
      38.62416,
      16.737136,
      25.105704,
      34.60081,
      25.266638,
      40.072565999999995,
      35.244546,
      17.541806,
      0.32186800000000004,
      35.727348,
      22.047957999999998,
      24.783836,
      16.415267999999998,
      16.254334,
      22.691694,
      48.119265999999996,
      3.8624159999999996,
      23.174496,
      4.667085999999999,
      25.74944,
      38.946028,
      38.62416,
      28.002515999999996,
      28.96812,
      23.818232000000002,
      9.173238,
      45.544322,
      0.0,
      26.071308,
      18.024607999999997,
      23.174496,
      23.174496,
      27.519714,
      43.934982,
      23.013562,
      24.94477,
      25.910374,
      34.278942,
      34.761744,
      34.922678,
      11.26538,
      27.519714,
      24.461968,
      22.852628,
      23.013562,
      28.324384000000002,
      38.62416,
      50.050474,
      22.852628,
      24.301033999999998,
      33.635206,
      28.16345,
      24.94477,
      26.875978,
      41.360037999999996,
      27.036912
    ],
    [
      30.899327999999997,
      14.966862,
      15.127796,
      14.805927999999998,
      0.6437360000000001,
      11.104446000000001,
      0.6437360000000001,
      16.737136,
      18.185542,
      14.48406,
      26.071308,
      12.391918,
      14.001257999999998,
      0.80467,
      16.737136,
      16.415267999999998,
      7.724831999999999,
      39.106962,
      28.646252,
      8.207633999999999,
      27.841582000000002,
      0.80467,
      17.863674,
      15.127796,
      2.092142,
      5.471756,
      9.173238,
      33.957074,
      22.047957999999998,
      26.071308,
      0.0,
      18.024607999999997,
      13.518456,
      13.518456,
      0.6437360000000001,
      20.11675,
      13.357522000000001,
      7.0810960000000005,
      0.32186800000000004,
      21.565156,
      17.70274,
      17.059003999999998,
      15.28873,
      0.9656039999999999,
      6.598293999999999,
      13.357522000000001,
      13.357522000000001,
      2.735878,
      14.966862,
      40.877235999999996,
      7.724831999999999,
      3.21868,
      10.782578,
      1.60934,
      7.0810960000000005,
      1.2874720000000002,
      40.555368,
      1.448406
    ],
    [
      13.035654,
      14.323126,
      18.990212,
      6.115492,
      18.346476,
      8.368568,
      17.059003999999998,
      14.162192000000001,
      14.001257999999998,
      6.598293999999999,
      18.024607999999997,
      8.207633999999999,
      6.115492,
      20.599552000000003,
      6.115492,
      6.115492,
      18.346476,
      52.786351999999994,
      20.599552000000003,
      18.990212,
      19.794882,
      19.473014,
      13.518456,
      23.818232000000002,
      17.863674,
      17.380872,
      8.690436,
      25.910374,
      31.060262,
      18.024607999999997,
      18.024607999999997,
      0.0,
      6.43736,
      6.43736,
      17.863674,
      34.118007999999996,
      6.759228,
      21.082354,
      17.863674,
      39.267896,
      14.001257999999998,
      12.230984,
      9.495106,
      17.863674,
      20.599552000000003,
      6.759228,
      6.759228,
      18.50741,
      9.334171999999999,
      55.039428,
      18.990212,
      20.438617999999998,
      12.391918,
      17.70274,
      21.082354,
      17.219938,
      34.439876,
      17.219938
    ],
    [
      26.875978,
      7.885766,
      12.552852,
      6.115492,
      14.001257999999998,
      1.448406,
      12.713786,
      7.724831999999999,
      7.724831999999999,
      5.471756,
      23.174496,
      1.7702740000000001,
      1.1265379999999998,
      13.67939,
      6.276426,
      6.276426,
      18.829278,
      50.211408,
      24.94477,
      20.438617999999998,
      24.1401,
      13.035654,
      7.0810960000000005,
      11.909116000000001,
      13.518456,
      13.035654,
      4.506151999999999,
      31.060262,
      24.783836,
      23.174496,
      13.518456,
      6.43736,
      0.0,
      0.404,
      13.357522000000001,
      29.611855999999996,
      0.32186800000000004,
      18.346476,
      13.357522000000001,
      32.830535999999995,
      7.563898,
      5.793624,
      11.587248,
      13.518456,
      17.863674,
      0.32186800000000004,
      0.32186800000000004,
      14.001257999999998,
      3.21868,
      51.49888,
      18.990212,
      14.323126,
      5.9545580000000005,
      14.001257999999998,
      18.346476,
      12.87472,
      30.094658,
      12.87472
    ],
    [
      26.715044000000002,
      7.885766,
      12.552852,
      6.115492,
      13.840323999999999,
      1.2874720000000002,
      12.713786,
      7.724831999999999,
      7.563898,
      5.9545580000000005,
      23.174496,
      1.7702740000000001,
      1.1265379999999998,
      13.518456,
      6.43736,
      6.276426,
      18.829278,
      50.211408,
      25.105704,
      19.31208,
      24.1401,
      13.035654,
      7.0810960000000005,
      12.391918,
      13.357522000000001,
      13.035654,
      4.506151999999999,
      31.060262,
      24.622902,
      23.174496,
      13.518456,
      6.43736,
      0.404,
      0.0,
      13.357522000000001,
      29.611855999999996,
      0.32186800000000004,
      18.185542,
      13.357522000000001,
      32.830535999999995,
      7.563898,
      5.793624,
      11.748182,
      13.357522000000001,
      17.863674,
      0.32186800000000004,
      0.32186800000000004,
      14.001257999999998,
      3.379614,
      51.49888,
      18.829278,
      14.323126,
      5.9545580000000005,
      14.001257999999998,
      18.346476,
      12.713786,
      30.094658,
      12.713786
    ],
    [
      32.1868,
      14.966862,
      15.28873,
      14.805927999999998,
      0.9656039999999999,
      11.104446000000001,
      0.80467,
      16.737136,
      18.185542,
      14.48406,
      27.519714,
      12.391918,
      14.001257999999998,
      1.60934,
      18.024607999999997,
      17.70274,
      9.012303999999999,
      40.394434000000004,
      30.094658,
      9.65604,
      29.289987999999997,
      0.6437360000000001,
      17.863674,
      15.28873,
      1.9312079999999998,
      5.63269,
      9.173238,
      35.40548,
      22.047957999999998,
      27.519714,
      0.6437360000000001,
      17.863674,
      13.357522000000001,
      13.357522000000001,
      0.0,
      20.11675,
      13.035654,
      8.690436,
      1.2874720000000002,
      23.174496,
      17.380872,
      15.932466,
      17.380872,
      0.6437360000000001,
      8.207633999999999,
      13.035654,
      13.035654,
      2.092142,
      14.644993999999999,
      39.267896,
      9.334171999999999,
      4.82802,
      9.65604,
      0.6437360000000001,
      8.690436,
