{
  "drive_dist_matrix": [
    [
      0.0,
      3.5405480000000003,
      3.057746,
      4.667085999999999,
      5.63269,
      6.115492,
      0.344,
      11.909116000000001,
      4.9889540000000006,
      4.184284,
      16.0934,
      14.48406,
      5.9545580000000005,
      0.9656039999999999,
      4.345218,
      13.357522000000001,
      0.371,
      8.529501999999999,
      5.310822,
      5.793624,
      0.32186800000000004,
      11.748182,
      5.149888000000001,
      6.9201619999999995,
      4.345218,
      5.793624,
      12.713786,
      5.149888000000001,
      6.115492,
      4.02335,
      14.805927999999998,
      9.65604,
      6.43736,
      5.471756,
      6.115492,
      14.323126,
      5.63269,
      4.667085999999999,
      5.793624,
      4.184284,
      11.426314,
      13.840323999999999,
      5.793624,
      12.07005,
      10.943512,
      4.82802,
      4.82802,
      11.748182,
      4.82802,
      10.943512,
      24.94477,
      14.001257999999998,
      18.829278,
      6.115492,
      6.759228,
      4.82802,
      6.759228
    ],
    [
      3.5405480000000003,
      0.0,
      2.735878,
      4.667085999999999,
      4.9889540000000006,
      6.43736,
      3.8624159999999996,
      13.035654,
      4.82802,
      3.21868,
      13.67939,
      13.67939,
      5.310822,
      2.5749440000000003,
      4.82802,
      10.299776000000001,
      3.379614,
      3.057746,
      4.184284,
      7.0810960000000005,
      3.7014819999999995,
      13.035654,
      5.310822,
      4.506151999999999,
      4.82802,
      5.149888000000001,
      12.713786,
      5.149888000000001,
      5.471756,
      3.057746,
      12.391918,
      9.495106,
      6.759228,
      4.82802,
      6.9201619999999995,
      15.610598,
      4.9889540000000006,
      5.310822,
      4.9889540000000006,
      3.21868,
      12.391918,
      11.587248,
      5.310822,
      12.07005,
      12.230984,
      4.184284,
      4.667085999999999,
      11.104446000000001,
      5.471756,
      12.07005,
      23.979166,
      11.909116000000001,
      16.89807,
      5.471756,
      7.0810960000000005,
      5.471756,
      7.0810960000000005
    ],
    [
      3.057746,
      2.735878,
      0.0,
      3.7014819999999995,
      4.02335,
      5.471756,
      3.379614,
      11.426314,
      3.8624159999999996,
      0.492,
      12.713786,
      12.713786,
      4.345218,
      2.41401,
      3.8624159999999996,
      9.334171999999999,
      2.896812,
      3.8624159999999996,
      3.21868,
      6.115492,
      3.057746,
      11.909116000000001,
      4.184284,
      3.5405480000000003,
      3.8624159999999996,
      4.184284,
      11.748182,
      4.184284,
      4.506151999999999,
      1.2874720000000002,
      11.26538,
      8.0467,
      5.793624,
      3.8624159999999996,
      5.9545580000000005,
      14.48406,
      4.02335,
      4.345218,
      4.02335,
      0.43,
      11.426314,
      10.621644,
      4.345218,
      10.943512,
      11.104446000000001,
      3.21868,
      3.7014819999999995,
      10.138842,
      4.506151999999999,
      10.46071,
      22.852628,
      10.943512,
      15.932466,
      4.506151999999999,
      6.115492,
      4.506151999999999,
      6.115492
    ],
    [
      4.667085999999999,
      4.667085999999999,
      3.7014819999999995,
      0.0,
      1.7702740000000001,
      2.092142,
      3.8624159999999996,
      8.0467,
      0.6437360000000001,
      2.735878,
      12.87472,
      13.67939,
      2.092142,
      4.82802,
      0.194,
      7.885766,
      4.02335,
      4.82802,
      0.80467,
      2.5749440000000003,
      3.7014819999999995,
      8.690436,
      0.9656039999999999,
      3.7014819999999995,
      0.125,
      1.9312079999999998,
      9.334171999999999,
      0.9656039999999999,
      2.092142,
      2.735878,
      11.426314,
      5.471756,
      2.41401,
      1.60934,
      4.667085999999999,
      11.104446000000001,
      1.60934,
      0.6437360000000001,
      2.41401,
      2.735878,
      7.724831999999999,
      8.529501999999999,
      1.7702740000000001,
      8.0467,
      7.885766,
      1.448406,
      0.6437360000000001,
      7.724831999999999,
      0.6437360000000001,
      7.0810960000000005,
      21.082354,
      8.690436,
      14.001257999999998,
      2.2530759999999996,
      2.735878,
      0.80467,
      2.735878
    ],
    [
      5.63269,
      4.9889540000000006,
      4.02335,
      1.7702740000000001,
      0.0,
      2.735878,
      5.793624,
      8.85137,
      1.60934,
      4.82802,
      12.391918,
      11.909116000000001,
      0.48280199999999995,
      6.9201619999999995,
      2.2530759999999996,
      5.63269,
      5.9545580000000005,
      5.471756,
      0.80467,
      5.149888000000001,
      5.793624,
      11.426314,
      1.2874720000000002,
      2.896812,
      2.2530759999999996,
      0.404,
      8.690436,
      1.60934,
      0.48280199999999995,
      4.667085999999999,
      10.943512,
      5.310822,
      3.057746,
      1.1265379999999998,
      7.24203,
      11.26538,
      0.32186800000000004,
      2.092142,
      0.489,
      4.82802,
      8.368568,
      6.276426,
      0.80467,
      7.885766,
      10.621644,
      1.1265379999999998,
      1.9312079999999998,
      7.0810960000000005,
      1.9312079999999998,
      7.885766,
      19.31208,
      6.598293999999999,
      12.391918,
      0.48280199999999995,
      3.379614,
      1.9312079999999998,
      3.379614
    ],
    [
      6.115492,
      6.43736,
      5.471756,
      2.092142,
      2.735878,
      0.0,
      7.885766,
      5.9545580000000005,
      3.379614,
      6.115492,
      17.380872,
      10.46071,
      4.506151999999999,
      8.0467,
      3.379614,
      9.334171999999999,
      7.24203,
      11.104446000000001,
      4.667085999999999,
      5.793624,
      6.9201619999999995,
      8.529501999999999,
      4.184284,
      8.207633999999999,
      3.379614,
      4.667085999999999,
      8.207633999999999,
      2.896812,
      4.667085999999999,
      5.9545580000000005,
      16.0934,
      4.9889540000000006,
      0.32186800000000004,
      5.310822,
      7.885766,
      10.943512,
      4.82802,
      3.057746,
      4.667085999999999,
      6.115492,
      5.63269,
      9.334171999999999,
      4.184284,
      7.563898,
      7.724831999999999,
      6.115492,
      3.21868,
      7.24203,
      2.896812,
      4.9889540000000006,
      21.565156,
      9.495106,
      14.644993999999999,
      4.82802,
      0.80467,
      1.2874720000000002,
      0.48280199999999995
    ],
    [
      0.344,
      3.8624159999999996,
      3.379614,
      3.8624159999999996,
      5.793624,
      7.885766,
      0.0,
      11.909116000000001,
      4.9889540000000006,
      4.184284,
      16.254334,
      14.966862,
      6.115492,
      0.9656039999999999,
      4.345218,
      10.46071,
      0.16093400000000002,
      8.690436,
      5.310822,
      5.9545580000000005,
      0.32186800000000004,
      11.909116000000001,
      5.310822,
      7.0810960000000005,
      4.345218,
      5.793624,
      13.518456,
      5.310822,
      6.276426,
      4.02335,
      14.805927999999998,
      10.299776000000001,
      6.598293999999999,
      5.63269,
      6.276426,
      14.48406,
      5.63269,
      4.82802,
      5.9545580000000005,
      4.184284,
      11.587248,
      11.748182,
      5.793624,
      13.035654,
      11.104446000000001,
      4.9889540000000006,
      4.9889540000000006,
      12.230984,
      4.9889540000000006,
      10.943512,
      25.910374,
      11.909116000000001,
      18.990212,
      6.276426,
      6.9201619999999995,
      4.9889540000000006,
      6.9201619999999995
    ],
    [
      11.909116000000001,
      13.035654,
      11.426314,
      8.0467,
      8.85137,
      5.9545580000000005,
      11.909116000000001,
      0.0,
      8.368568,
      12.391918,
      21.565156,
      13.196587999999998,
      8.529501999999999,
      13.035654,
      8.368568,
      13.357522000000001,
      12.230984,
      13.035654,
      8.690436,
      9.816974,
      11.909116000000001,
      4.667085999999999,
      8.207633999999999,
      11.426314,
      8.368568,
      8.85137,
      8.529501999999999,
      7.885766,
      8.690436,
      11.587248,
      20.11675,
      5.9545580000000005,
      5.9545580000000005,
      9.334171999999999,
      11.909116000000001,
      12.391918,
      8.85137,
      8.0467,
      8.690436,
      11.748182,
      3.057746,
      13.357522000000001,
      8.207633999999999,
      7.724831999999999,
      3.7014819999999995,
      10.138842,
      8.207633999999999,
      7.563898,
      7.885766,
      1.7702740000000001,
      21.72609,
      10.943512,
      14.644993999999999,
      8.85137,
      5.9545580000000005,
      7.885766,
      5.9545580000000005
    ],
    [
      4.9889540000000006,
      4.82802,
      3.8624159999999996,
      0.6437360000000001,
      1.60934,
      3.379614,
      4.9889540000000006,
      8.368568,
      0.0,
      2.896812,
      12.391918,
      13.035654,
      1.7702740000000001,
      5.471756,
      0.48280199999999995,
      6.759228,
      4.506151999999999,
      4.82802,
      0.6437360000000001,
      3.7014819999999995,
      4.345218,
      9.012303999999999,
      0.6437360000000001,
      3.21868,
      0.6437360000000001,
      0.80467,
      8.529501999999999,
      0.80467,
      1.9312079999999998,
      2.735878,
      11.104446000000001,
      4.9889540000000006,
      2.41401,
      1.2874720000000002,
      4.9889540000000006,
      12.230984,
      0.6437360000000001,
      0.9656039999999999,
      0.9656039999999999,
      2.896812,
      7.724831999999999,
      7.724831999999999,
      0.9656039999999999,
      8.207633999999999,
      8.207633999999999,
      1.1265379999999998,
      0.276,
      7.0810960000000005,
      0.80467,
      7.402963999999999,
      20.438617999999998,
      8.368568,
      13.518456,
      1.9312079999999998,
      2.896812,
      1.1265379999999998,
      2.735878
    ],
    [
      4.184284,
      3.21868,
      0.492,
      2.735878,
      4.82802,
      6.115492,
      4.184284,
      12.391918,
      2.896812,
      0.0,
      13.035654,
      13.357522000000001,
      4.667085999999999,
      2.735878,
      3.7014819999999995,
      9.65604,
      2.896812,
      4.184284,
      3.5405480000000003,
      5.793624,
      3.21868,
      11.748182,
      4.02335,
      3.8624159999999996,
      3.7014819999999995,
      4.506151999999999,
      12.07005,
      3.8624159999999996,
      4.82802,
      0.48280199999999995,
      11.587248,
      8.85137,
      6.115492,
      4.184284,
      5.63269,
      14.323126,
      4.345218,
      4.02335,
      4.345218,
      0.062,
      12.07005,
      10.943512,
      4.667085999999999,
      11.426314,
      10.943512,
      3.5405480000000003,
      3.5405480000000003,
      10.46071,
      4.184284,
      11.426314,
      23.174496,
      11.26538,
      16.254334,
      4.82802,
      6.43736,
      4.184284,
      6.43736
    ],
    [
      16.0934,
      13.67939,
      12.713786,
      12.87472,
      12.391918,
      17.380872,
      16.254334,
      21.565156,
      12.391918,
      13.035654,
      0.0,
      18.990212,
      13.035654,
      16.0934,
      12.391918,
      10.299776000000001,
      15.127796,
      11.587248,
      11.426314,
      14.323126,
      14.966862,
      20.11675,
      12.552852,
      9.495106,
      12.391918,
      11.909116000000001,
      19.794882,
      12.713786,
      11.748182,
      12.230984,
      1.448406,
      16.576202000000002,
      16.415267999999998,
      11.587248,
      16.415267999999998,
      22.852628,
      11.748182,
      14.162192000000001,
      11.748182,
      12.391918,
      19.633948,
      12.391918,
      12.07005,
      19.151146,
      19.31208,
      10.943512,
      11.909116000000001,
      18.346476,
      13.035654,
      19.31208,
      28.002515999999996,
      14.966862,
      21.565156,
      11.587248,
      16.737136,
      13.035654,
      16.737136
    ],
    [
      14.48406,
      13.67939,
      12.713786,
      13.67939,
      11.909116000000001,
      10.46071,
      14.966862,
      13.196587999999998,
      13.035654,
      13.357522000000001,
      18.990212,
      0.0,
      14.966862,
      21.404222,
      15.449663999999999,
      10.299776000000001,
      20.438617999999998,
      20.599552000000003,
      15.127796,
      18.829278,
      20.277684,
      22.047957999999998,
      14.644993999999999,
      17.70274,
      15.449663999999999,
      14.644993999999999,
      6.43736,
      14.966862,
      15.127796,
      16.415267999999998,
      17.541806,
      7.885766,
      15.771532,
      15.127796,
      20.438617999999998,
      24.622902,
      15.127796,
      15.449663999999999,
      14.966862,
      16.576202000000002,
      20.438617999999998,
      7.0810960000000005,
      14.644993999999999,
      5.793624,
      21.243288,
      18.50741,
      15.127796,
      6.115492,
      15.28873,
      19.794882,
      7.402963999999999,
      5.471756,
      3.7014819999999995,
      15.127796,
      16.415267999999998,
      15.28873,
      16.254334
    ],
    [
      5.9545580000000005,
      5.310822,
      4.345218,
      2.092142,
      0.48280199999999995,
      4.506151999999999,
      6.115492,
      8.529501999999999,
      1.7702740000000001,
      4.667085999999999,
      13.035654,
      14.966862,
      0.0,
      6.115492,
      2.41401,
      5.793624,
      6.43736,
      5.63269,
      1.2874720000000002,
      5.63269,
      6.115492,
      11.748182,
      0.80467,
      2.896812,
      2.41401,
      0.48280199999999995,
      8.690436,
      1.60934,
      0.16093400000000002,
      4.82802,
      11.104446000000001,
      5.471756,
      4.02335,
      1.60934,
      6.598293999999999,
      11.909116000000001,
      0.6437360000000001,
      2.092142,
      0.48280199999999995,
      4.9889540000000006,
      8.690436,
      6.43736,
      0.32186800000000004,
      7.885766,
      10.943512,
      1.60934,
      1.60934,
      7.24203,
      1.9312079999999998,
      8.0467,
      19.473014,
      6.759228,
      12.552852,
      0.16093400000000002,
      3.5405480000000003,
      1.9312079999999998,
      3.5405480000000003
    ],
    [
      0.9656039999999999,
      2.5749440000000003,
      2.41401,
      4.82802,
      6.9201619999999995,
      8.0467,
      0.9656039999999999,
      13.035654,
      5.471756,
      2.735878,
      16.0934,
      21.404222,
      6.115492,
      0.0,
      5.149888000000001,
      10.943512,
      0.80467,
      8.0467,
      4.82802,
      6.759228,
      1.1265379999999998,
      12.552852,
      6.115492,
      5.149888000000001,
      5.149888000000001,
      5.793624,
      13.357522000000001,
      5.9545580000000005,
      6.115492,
      3.21868,
      15.610598,
      10.138842,
      7.24203,
      6.276426,
      6.43736,
      15.28873,
      6.43736,
      5.471756,
      5.63269,
      3.21868,
      13.357522000000001,
      12.230984,
      6.598293999999999,
      12.713786,
      11.748182,
      5.63269,
      5.63269,
      11.909116000000001,
      5.63269,
      12.713786,
      24.783836,
      12.552852,
      18.50741,
      6.115492,
      7.563898,
      5.63269,
      7.563898
    ],
    [
      4.345218,
      4.82802,
      3.8624159999999996,
      0.194,
      2.2530759999999996,
      3.379614,
      4.345218,
      8.368568,
      0.48280199999999995,
      3.7014819999999995,
      12.391918,
      15.449663999999999,
      2.41401,
      5.149888000000001,
      0.0,
      6.9201619999999995,
      4.184284,
      5.149888000000001,
      0.9656039999999999,
      2.735878,
      4.02335,
      10.46071,
      0.9656039999999999,
      3.5405480000000003,
      0.069,
      1.7702740000000001,
      8.529501999999999,
      0.9656039999999999,
      1.9312079999999998,
      2.735878,
      11.426314,
      5.471756,
      2.092142,
      1.60934,
      4.667085999999999,
      10.46071,
      1.448406,
      0.6437360000000001,
      1.60934,
      2.896812,
      7.402963999999999,
      8.207633999999999,
      1.448406,
      7.885766,
      9.65604,
      1.448406,
      0.48280199999999995,
      7.24203,
      0.6437360000000001,
      6.9201619999999995,
      20.760486,
      8.690436,
      13.840323999999999,
      2.092142,
      2.5749440000000003,
      0.9656039999999999,
      2.41401
    ],
    [
      13.357522000000001,
      10.299776000000001,
      9.334171999999999,
      7.885766,
      5.63269,
      9.334171999999999,
      10.46071,
      13.357522000000001,
      6.759228,
      9.65604,
      10.299776000000001,
      10.299776000000001,
      5.793624,
      10.943512,
      6.9201619999999995,
      0.0,
      9.977908000000001,
      8.690436,
      6.43736,
      9.173238,
      9.816974,
      14.805927999999998,
      7.402963999999999,
      5.793624,
      8.207633999999999,
      6.276426,
      15.610598,
      7.563898,
      7.724831999999999,
      9.012303999999999,
      8.85137,
      10.299776000000001,
      8.368568,
      6.276426,
      11.26538,
      16.737136,
      6.115492,
      8.207633999999999,
      6.276426,
      9.173238,
      13.196587999999998,
      2.41401,
      7.402963999999999,
      14.966862,
      14.001257999999998,
      5.793624,
      6.759228,
      12.391918,
      8.0467,
      12.552852,
      16.0934,
      3.8624159999999996,
      12.87472,
      6.598293999999999,
      9.012303999999999,
      7.885766,
      9.012303999999999
    ],
    [
      0.371,
      3.379614,
      2.896812,
      4.02335,
      5.9545580000000005,
      7.24203,
      0.16093400000000002,
      12.230984,
      4.506151999999999,
      2.896812,
      15.127796,
      20.438617999999998,
      6.43736,
      0.80467,
      4.184284,
      9.977908000000001,
      0.0,
      8.529501999999999,
      4.9889540000000006,
      5.793624,
      0.16093400000000002,
      12.230984,
      5.149888000000001,
      5.63269,
      4.184284,
      5.793624,
      13.518456,
      5.149888000000001,
      6.115492,
      3.8624159999999996,
      14.805927999999998,
      10.138842,
      6.43736,
      5.793624,
      6.115492,
      14.323126,
      5.9545580000000005,
      4.667085999999999,
      6.43736,
      4.02335,
      11.104446000000001,
      12.391918,
      5.63269,
      12.713786,
      11.426314,
      4.82802,
      4.82802,
      11.909116000000001,
      4.82802,
      11.104446000000001,
      25.74944,
      12.713786,
      18.829278,
      6.115492,
      6.759228,
      4.82802,
      6.759228
    ],
    [
      8.529501999999999,
      3.057746,
      3.8624159999999996,
      4.82802,
      5.471756,
      11.104446000000001,
      8.690436,
      13.035654,
      4.82802,
      4.184284,
      11.587248,
      20.599552000000003,
      5.63269,
      8.0467,
      5.149888000000001,
      8.690436,
      8.529501999999999,
      0.0,
      4.184284,
      7.0810960000000005,
      8.690436,
      12.87472,
      5.310822,
      3.21868,
      4.9889540000000006,
      4.9889540000000006,
      12.713786,
      5.149888000000001,
      5.310822,
      4.82802,
      10.943512,
      9.495106,
      6.759228,
      4.345218,
      6.9201619999999995,
      17.219938,
      4.82802,
      5.310822,
      4.9889540000000006,
      4.9889540000000006,
      12.713786,
      10.138842,
      6.43736,
      12.07005,
      12.07005,
      3.8624159999999996,
      4.82802,
      11.26538,
      5.471756,
      12.07005,
      26.071308,
      10.138842,
      18.990212,
      6.115492,
      7.0810960000000005,
      5.471756,
      7.0810960000000005
    ],
    [
      5.310822,
      4.184284,
      3.21868,
      0.80467,
      0.80467,
      4.667085999999999,
      5.310822,
      8.690436,
      0.6437360000000001,
      3.5405480000000003,
      11.426314,
      15.127796,
      1.2874720000000002,
      4.82802,
      0.9656039999999999,
      6.43736,
      4.9889540000000006,
      4.184284,
      0.0,
      3.8624159999999996,
      4.667085999999999,
      11.426314,
      1.448406,
      2.735878,
      0.9656039999999999,
      0.80467,
      8.529501999999999,
      1.60934,
      1.2874720000000002,
      3.5405480000000003,
      10.621644,
      5.310822,
      3.057746,
      0.80467,
      5.310822,
      11.426314,
      0.48280199999999995,
      1.7702740000000001,
      0.80467,
      2.41401,
      8.529501999999999,
      7.402963999999999,
      1.1265379999999998,
      7.885766,
      10.621644,
      0.6437360000000001,
      0.6437360000000001,
      6.9201619999999995,
      1.60934,
      7.885766,
      19.633948,
      7.724831999999999,
      11.909116000000001,
      1.2874720000000002,
      3.379614,
      1.9312079999999998,
      3.379614
    ],
    [
      5.793624,
      7.0810960000000005,
      6.115492,
      2.5749440000000003,
      5.149888000000001,
      5.793624,
      5.9545580000000005,
      9.816974,
      3.7014819999999995,
      5.793624,
      14.323126,
      18.829278,
      5.63269,
      6.759228,
      2.735878,
      9.173238,
      5.793624,
      7.0810960000000005,
      3.8624159999999996,
      0.0,
      6.598293999999999,
      10.46071,
      2.5749440000000003,
      6.759228,
      2.896812,
      3.8624159999999996,
      8.207633999999999,
      2.41401,
      3.379614,
      5.471756,
      14.644993999999999,
      4.506151999999999,
      2.092142,
      4.506151999999999,
      7.24203,
      12.07005,
      3.5405480000000003,
      2.5749440000000003,
      3.7014819999999995,
      5.63269,
      7.402963999999999,
      7.885766,
      3.057746,
      7.563898,
      9.65604,
      4.345218,
      2.735878,
      6.598293999999999,
      2.41401,
      6.759228,
      19.955816000000002,
      7.885766,
      13.035654,
      3.379614,
      0.80467,
      2.41401,
      2.41401
    ],
    [
      0.32186800000000004,
      3.7014819999999995,
      3.057746,
      3.7014819999999995,
      5.793624,
      6.9201619999999995,
      0.32186800000000004,
      11.909116000000001,
      4.345218,
      3.21868,
      14.966862,
      20.277684,
      6.115492,
      1.1265379999999998,
      4.02335,
      9.816974,
      0.16093400000000002,
      8.690436,
      4.667085999999999,
      6.598293999999999,
      0.0,
      11.909116000000001,
      4.9889540000000006,
      5.471756,
      4.506151999999999,
      5.471756,
      12.87472,
      5.310822,
      5.793624,
      4.184284,
      14.48406,
      9.977908000000001,
      6.598293999999999,
      5.149888000000001,
      5.9545580000000005,
      14.323126,
      5.310822,
      4.82802,
      5.471756,
      4.184284,
      11.426314,
      11.748182,
      5.471756,
      12.230984,
      11.104446000000001,
      4.506151999999999,
      4.9889540000000006,
      11.748182,
      4.506151999999999,
      11.26538,
      24.461968,
      11.587248,
      16.576202000000002,
      5.793624,
      6.9201619999999995,
      4.506151999999999,
      6.9201619999999995
    ],
    [
      11.748182,
      13.035654,
      11.909116000000001,
      8.690436,
      11.426314,
      8.529501999999999,
      11.909116000000001,
      4.667085999999999,
      9.012303999999999,
      11.748182,
      20.11675,
      22.047957999999998,
      11.748182,
      12.552852,
      10.46071,
      14.805927999999998,
      12.230984,
      12.87472,
      11.426314,
      10.46071,
      11.909116000000001,
      0.0,
      8.0467,
      11.748182,
      8.529501999999999,
      9.334171999999999,
      13.035654,
      8.0467,
      9.012303999999999,
      11.104446000000001,
      19.633948,
      12.391918,
      8.529501999999999,
      10.299776000000001,
      11.426314,
      9.495106,
      10.46071,
      8.207633999999999,
      9.173238,
      11.104446000000001,
      0.6437360000000001,
      15.932466,
      8.529501999999999,
      12.391918,
      0.80467,
      9.65604,
      8.690436,
      11.748182,
      8.368568,
      3.8624159999999996,
      27.197846,
      15.127796,
      20.277684,
      11.26538,
      8.690436,
      7.724831999999999,
      8.529501999999999
    ],
    [
      5.149888000000001,
      5.310822,
      4.184284,
      0.9656039999999999,
      1.2874720000000002,
      4.184284,
      5.310822,
      8.207633999999999,
      0.6437360000000001,
      4.02335,
      12.552852,
      14.644993999999999,
      0.80467,
      6.115492,
      0.9656039999999999,
      7.402963999999999,
      5.149888000000001,
      5.310822,
      1.448406,
      2.5749440000000003,
      4.9889540000000006,
      8.0467,
      0.0,
      3.7014819999999995,
      0.9656039999999999,
      1.2874720000000002,
      8.0467,
      0.41,
      0.9656039999999999,
      3.21868,
      11.909116000000001,
      4.506151999999999,
      1.7702740000000001,
      2.41401,
      5.471756,
      9.977908000000001,
      1.448406,
      0.80467,
      1.1265379999999998,
      3.21868,
      7.402963999999999,
      7.24203,
      0.48280199999999995,
      7.402963999999999,
      9.65604,
      1.9312079999999998,
      0.6437360000000001,
      6.598293999999999,
      0.32186800000000004,
      6.9201619999999995,
      19.955816000000002,
      7.563898,
      13.035654,
      1.2874720000000002,
      2.2530759999999996,
      0.48280199999999995,
      2.092142
    ],
    [
      6.9201619999999995,
      4.506151999999999,
      3.5405480000000003,
      3.7014819999999995,
      2.896812,
      8.207633999999999,
      7.0810960000000005,
      11.426314,
      3.21868,
      3.8624159999999996,
      9.495106,
      17.70274,
      2.896812,
      5.149888000000001,
      3.5405480000000003,
      5.793624,
      5.63269,
      3.21868,
      2.735878,
      6.759228,
      5.471756,
      11.748182,
      3.7014819999999995,
      0.0,
      3.8624159999999996,
      3.057746,
      11.104446000000001,
      4.02335,
      3.057746,
      3.7014819999999995,
      8.85137,
      7.724831999999999,
      5.471756,
      2.2530759999999996,
      5.471756,
      13.67939,
      2.896812,
      4.506151999999999,
      2.896812,
      3.8624159999999996,
      12.391918,
      6.9201619999999995,
      3.379614,
      10.46071,
      14.644993999999999,
      2.41401,
      3.379614,
      9.495106,
      4.345218,
      11.748182,
      23.013562,
      7.24203,
      16.0934,
      2.896812,
      5.793624,
      4.345218,
      5.793624
    ],
    [
      4.345218,
      4.82802,
      3.8624159999999996,
      0.125,
      2.2530759999999996,
      3.379614,
      4.345218,
      8.368568,
      0.6437360000000001,
      3.7014819999999995,
      12.391918,
      15.449663999999999,
      2.41401,
      5.149888000000001,
      0.069,
      8.207633999999999,
      4.184284,
      4.9889540000000006,
      0.9656039999999999,
      2.896812,
      4.506151999999999,
      8.529501999999999,
      0.9656039999999999,
      3.8624159999999996,
      0.0,
      1.7702740000000001,
      8.529501999999999,
      0.9656039999999999,
      1.9312079999999998,
      2.735878,
      11.426314,
      5.310822,
      2.092142,
      1.60934,
      4.667085999999999,
      10.46071,
      1.448406,
      0.6437360000000001,
      1.60934,
      2.896812,
      7.402963999999999,
      8.207633999999999,
      1.448406,
      7.885766,
      9.65604,
      1.448406,
      0.6437360000000001,
      7.24203,
      0.6437360000000001,
      6.9201619999999995,
      20.760486,
      8.690436,
      13.840323999999999,
      2.092142,
      2.5749440000000003,
      0.9656039999999999,
      2.41401
    ],
    [
      5.793624,
      5.149888000000001,
      4.184284,
      1.9312079999999998,
      0.404,
      4.667085999999999,
      5.793624,
      8.85137,
      0.80467,
      4.506151999999999,
      11.909116000000001,
      14.644993999999999,
      0.48280199999999995,
      5.793624,
      1.7702740000000001,
      6.276426,
      5.793624,
      4.9889540000000006,
      0.80467,
      3.8624159999999996,
      5.471756,
      9.334171999999999,
      1.2874720000000002,
      3.057746,
      1.7702740000000001,
      0.0,
      8.0467,
      1.1265379999999998,
      0.32186800000000004,
      4.345218,
      11.426314,
      4.82802,
      3.21868,
      1.2874720000000002,
      6.115492,
      11.104446000000001,
      0.32186800000000004,
      1.448406,
      0.295,
      4.506151999999999,
      8.0467,
      6.9201619999999995,
      0.6437360000000001,
      7.402963999999999,
      10.138842,
      1.448406,
      0.80467,
      6.43736,
      1.2874720000000002,
      7.402963999999999,
      19.151146,
      7.24203,
      12.230984,
      0.32186800000000004,
      3.8624159999999996,
      1.448406,
      3.8624159999999996
    ],
    [
      12.713786,
      12.713786,
      11.748182,
      9.334171999999999,
      8.690436,
      8.207633999999999,
      13.518456,
      8.529501999999999,
      8.529501999999999,
      12.07005,
      19.794882,
      6.43736,
      8.690436,
      13.357522000000001,
      8.529501999999999,
      15.610598,
      13.518456,
      12.713786,
      8.529501999999999,
      8.207633999999999,
      12.87472,
      13.035654,
      8.0467,
      11.104446000000001,
      8.529501999999999,
      8.0467,
      0.0,
      8.368568,
      8.207633999999999,
      12.230984,
      20.92142,
      4.02335,
      8.529501999999999,
      9.334171999999999,
      14.805927999999998,
      18.024607999999997,
      8.529501999999999,
      8.529501999999999,
      8.207633999999999,
      13.67939,
      11.104446000000001,
      10.299776000000001,
      8.207633999999999,
      0.6437360000000001,
      11.909116000000001,
      13.196587999999998,
      8.529501999999999,
      1.2874720000000002,
      8.368568,
      9.977908000000001,
      15.610598,
      8.85137,
      8.0467,
      9.495106,
      9.173238,
      8.690436,
      9.173238
    ],
    [
      5.149888000000001,
      5.149888000000001,
      4.184284,
      0.9656039999999999,
      1.60934,
      2.896812,
      5.310822,
      7.885766,
      0.80467,
      3.8624159999999996,
      12.713786,
      14.966862,
      1.60934,
      5.9545580000000005,
      0.9656039999999999,
      7.563898,
      5.149888000000001,
      5.149888000000001,
      1.60934,
      2.41401,
      5.310822,
      8.0467,
      0.41,
      4.02335,
      0.9656039999999999,
      1.1265379999999998,
      8.368568,
      0.0,
      0.9656039999999999,
      3.21868,
      11.909116000000001,
      4.667085999999999,
      1.9312079999999998,
      2.41401,
      5.471756,
      10.299776000000001,
      1.60934,
      0.6437360000000001,
      1.2874720000000002,
      3.379614,
      7.563898,
      7.402963999999999,
      0.6437360000000001,
      9.334171999999999,
      9.816974,
      1.9312079999999998,
      0.80467,
      6.598293999999999,
      0.32186800000000004,
      6.9201619999999995,
      19.955816000000002,
      8.0467,
      13.035654,
      1.448406,
      2.2530759999999996,
      0.32186800000000004,
      2.2530759999999996
    ],
    [
      6.115492,
      5.471756,
      4.506151999999999,
      2.092142,
      0.48280199999999995,
      4.667085999999999,
      6.276426,
      8.690436,
      1.9312079999999998,
      4.82802,
      11.748182,
      15.127796,
      0.16093400000000002,
      6.115492,
      1.9312079999999998,
      7.724831999999999,
      6.115492,
      5.310822,
      1.2874720000000002,
      3.379614,
      5.793624,
      9.012303999999999,
      0.9656039999999999,
      3.057746,
      1.9312079999999998,
      0.32186800000000004,
      8.207633999999999,
      0.9656039999999999,
      0.0,
      4.506151999999999,
      10.943512,
      5.310822,
      3.8624159999999996,
      1.448406,
      6.276426,
      11.426314,
      0.48280199999999995,
      1.60934,
      0.32186800000000004,
      4.667085999999999,
      8.529501999999999,
      6.276426,
      0.48280199999999995,
      8.690436,
      10.782578,
      1.448406,
      1.2874720000000002,
      7.0810960000000005,
      1.448406,
      8.0467,
      19.31208,
      6.598293999999999,
      12.391918,
      0.433,
      4.506151999999999,
      1.7702740000000001,
      4.506151999999999
    ],
    [
      4.02335,
      3.057746,
      1.2874720000000002,
      2.735878,
      4.667085999999999,
      5.9545580000000005,
      4.02335,
      11.587248,
      2.735878,
      0.48280199999999995,
      12.230984,
      16.415267999999998,
      4.82802,
      3.21868,
      2.735878,
      9.012303999999999,
      3.8624159999999996,
      4.82802,
      3.5405480000000003,
      5.471756,
      4.184284,
      11.104446000000001,
      3.21868,
      3.7014819999999995,
      2.735878,
      4.345218,
      12.230984,
      3.21868,
      4.506151999999999,
      0.0,
      12.230984,
      7.402963999999999,
      4.345218,
      2.896812,
      4.506151999999999,
      12.552852,
      2.896812,
      2.896812,
      3.057746,
      0.48280199999999995,
      10.138842,
      9.173238,
      3.21868,
      9.977908000000001,
      9.816974,
      2.41401,
      2.41401,
      9.173238,
      3.057746,
      10.138842,
      24.461968,
      12.552852,
      17.541806,
      3.5405480000000003,
      4.9889540000000006,
      2.896812,
      4.82802
    ],
    [
      14.805927999999998,
      12.391918,
      11.26538,
      11.426314,
      10.943512,
      16.0934,
      14.805927999999998,
      20.11675,
      11.104446000000001,
      11.587248,
      1.448406,
      17.541806,
      11.104446000000001,
      15.610598,
      11.426314,
      8.85137,
      14.805927999999998,
      10.943512,
      10.621644,
      14.644993999999999,
      14.48406,
      19.633948,
      11.909116000000001,
      8.85137,
      11.426314,
      11.426314,
      20.92142,
      11.909116000000001,
      10.943512,
      12.230984,
      0.0,
      18.024607999999997,
      15.771532,
      10.943512,
      15.127796,
      22.208892000000002,
      11.104446000000001,
      12.07005,
      10.943512,
      13.518456,
      21.243288,
      11.587248,
      14.48406,
      20.277684,
      21.082354,
      10.299776000000001,
      11.26538,
      19.473014,
      11.909116000000001,
      19.633948,
      30.899327999999997,
      13.518456,
      23.979166,
      10.943512,
      16.0934,
      12.230984,
      16.0934
    ],
    [
      9.65604,
      9.495106,
      8.0467,
      5.471756,
      5.310822,
      4.9889540000000006,
      10.299776000000001,
      5.9545580000000005,
      4.9889540000000006,
      8.85137,
      16.576202000000002,
      7.885766,
      5.471756,
      10.138842,
      5.471756,
      10.299776000000001,
      10.138842,
      9.495106,
      5.310822,
      4.506151999999999,
      9.977908000000001,
      12.391918,
      4.506151999999999,
      7.724831999999999,
      5.310822,
      4.82802,
      4.02335,
      4.667085999999999,
      5.310822,
      7.402963999999999,
      18.024607999999997,
      0.0,
      4.82802,
      5.310822,
      9.65604,
      14.323126,
      4.345218,
      5.149888000000001,
      4.02335,
      8.368568,
      9.495106,
      7.0810960000000005,
      4.345218,
      3.379614,
      11.748182,
      5.310822,
      4.82802,
      2.41401,
      4.9889540000000006,
      8.85137,
      16.254334,
      5.63269,
      9.334171999999999,
      4.184284,
      5.471756,
      4.9889540000000006,
      5.471756
    ],
    [
      6.43736,
      6.759228,
      5.793624,
      2.41401,
      3.057746,
      0.32186800000000004,
      6.598293999999999,
      5.9545580000000005,
      2.41401,
      6.115492,
      16.415267999999998,
      15.771532,
      4.02335,
      7.24203,
      2.092142,
      8.368568,
      6.43736,
      6.759228,
      3.057746,
      2.092142,
      6.598293999999999,
      8.529501999999999,
      1.7702740000000001,
      5.471756,
      2.092142,
      3.21868,
      8.529501999999999,
      1.9312079999999998,
      3.8624159999999996,
      4.345218,
      15.771532,
      4.82802,
      0.0,
      3.5405480000000003,
      7.563898,
      10.621644,
      3.057746,
      2.092142,
      3.21868,
      4.9889540000000006,
      5.310822,
      8.207633999999999,
      2.41401,
      7.0810960000000005,
      7.402963999999999,
      5.793624,
      2.2530759999999996,
      6.9201619999999995,
      1.9312079999999998,
      4.667085999999999,
      20.438617999999998,
      8.368568,
      13.518456,
      3.7014819999999995,
      0.48280199999999995,
      1.7702740000000001,
      0.32186800000000004
    ],
    [
      5.471756,
      4.82802,
      3.8624159999999996,
      1.60934,
      1.1265379999999998,
      5.310822,
      5.63269,
      9.334171999999999,
      1.2874720000000002,
      4.184284,
      11.587248,
      15.127796,
      1.60934,
      6.276426,
      1.60934,
      6.276426,
      5.793624,
      4.345218,
      0.80467,
      4.506151999999999,
      5.149888000000001,
      10.299776000000001,
      2.41401,
      2.2530759999999996,
      1.60934,
      1.2874720000000002,
      9.334171999999999,
      2.41401,
      1.448406,
      2.896812,
      10.943512,
      5.310822,
      3.5405480000000003,
      0.0,
      6.759228,
      13.67939,
      1.1265379999999998,
      2.5749440000000003,
      1.448406,
      5.149888000000001,
      9.334171999999999,
      6.43736,
      2.2530759999999996,
      9.977908000000001,
      10.782578,
      0.6437360000000001,
      1.7702740000000001,
      9.334171999999999,
      2.41401,
      9.495106,
      20.760486,
      6.759228,
      13.67939,
      1.7702740000000001,
      4.184284,
      2.735878,
      4.184284
    ],
    [
      6.115492,
      6.9201619999999995,
      5.9545580000000005,
      4.667085999999999,
      7.24203,
      7.885766,
      6.276426,
      11.909116000000001,
      4.9889540000000006,
      5.63269,
      16.415267999999998,
      20.438617999999998,
      6.598293999999999,
      6.43736,
      4.667085999999999,
      11.26538,
      6.115492,
      6.9201619999999995,
      5.310822,
      7.24203,
      5.9545580000000005,
      11.426314,
      5.471756,
      5.471756,
      4.667085999999999,
      6.115492,
      14.805927999999998,
      5.471756,
      6.276426,
      4.506151999999999,
      15.127796,
      9.65604,
      7.563898,
      6.759228,
      0.0,
      10.621644,
      6.759228,
      5.310822,
      6.9201619999999995,
      4.9889540000000006,
      11.26538,
      13.196587999999998,
      6.276426,
      15.127796,
      10.943512,
      5.9545580000000005,
      5.149888000000001,
      14.323126,
      5.149888000000001,
      12.552852,
      25.74944,
      13.67939,
      18.829278,
      7.24203,
      8.690436,
      5.471756,
      8.690436
    ],
    [
      14.323126,
      15.610598,
      14.48406,
      11.104446000000001,
      11.26538,
      10.943512,
      14.48406,
      12.391918,
      12.230984,
      14.323126,
      22.852628,
      24.622902,
      11.909116000000001,
      15.28873,
      10.46071,
      16.737136,
      14.323126,
      17.219938,
      11.426314,
      12.07005,
      14.323126,
      9.495106,
      9.977908000000001,
      13.67939,
      10.46071,
      11.104446000000001,
      18.024607999999997,
      10.299776000000001,
      11.426314,
      12.552852,
      22.208892000000002,
      14.323126,
      10.621644,
