{
  "drive_dist_matrix": [
    [
      0.0,
      14.9,
      4.3,
      19.0,
      5.9,
      5.2,
      14.4,
      7.8,
      6.5,
      3.2,
      1.3,
      9.1,
      8.6,
      32.5,
      4.3,
      9.9,
      3.2,
      52.5,
      19.1,
      7.7,
      5.9,
      6.1,
      58.9,
      19.0,
      7.1,
      17.3,
      10.2,
      65.1,
      35.4,
      16.8,
      15.9,
      1.3,
      6.8,
      60.1,
      8.0,
      7.2,
      14.7,
      15.9,
      6.2,
      8.2,
      17.6,
      4.7,
      16.0,
      23.7,
      30.1,
      7.0,
      21.0,
      9.7,
      21.2,
      17.2,
      9.8,
      2.8,
      14.4,
      10.8,
      11.1
    ],
    [
      14.9,
      0.0,
      10.1,
      12.6,
      12.3,
      9.6,
      3.7,
      13.0,
      10.4,
      13.6,
      14.4,
      9.3,
      9.4,
      23.0,
      16.2,
      7.6,
      16.9,
      46.4,
      11.9,
      14.1,
      11.7,
      11.5,
      52.7,
      9.5,
      13.5,
      16.0,
      6.4,
      55.6,
      25.9,
      10.3,
      12.7,
      15.2,
      14.1,
      50.6,
      9.7,
      14.2,
      10.9,
      9.4,
      12.5,
      10.3,
      8.0,
      10.5,
      6.6,
      20.5,
      37.1,
      12.9,
      14.5,
      14.4,
      18.0,
      12.9,
      6.2,
      16.4,
      10.6,
      7.0,
      21.5
    ],
    [
      4.3,
      10.1,
      0.0,
      15.5,
      3.0,
      0.5,
      10.9,
      4.3,
      3.3,
      6.4,
      4.7,
      5.6,
      5.1,
      29.0,
      8.2,
      6.4,
      7.1,
      49.0,
      15.6,
      4.8,
      2.4,
      2.6,
      55.4,
      15.5,
      4.1,
      16.5,
      6.4,
      61.6,
      31.9,
      13.3,
      12.4,
      5.5,
      4.8,
      56.6,
      4.5,
      8.8,
      11.2,
      12.4,
      7.7,
      4.7,
      14.1,
      0.7,
      12.5,
      20.2,
      28.1,
      3.5,
      17.5,
      5.1,
      17.7,
      13.7,
      6.3,
      6.6,
      10.8,
      7.3,
      14.8
    ],
    [
      19.0,
      12.6,
      15.5,
      0.0,
      14.1,
      16.2,
      10.5,
      12.4,
      16.4,
      19.6,
      17.4,
      8.7,
      9.0,
      23.4,
      22.7,
      9.6,
      19.9,
      37.5,
      0.45,
      14.5,
      11.1,
      11.1,
      43.9,
      2.9,
      14.3,
      23.1,
      10.3,
      56.1,
      21.7,
      3.2,
      9.1,
      18.2,
      15.2,
      51.0,
      9.2,
      20.4,
      7.0,
      2.7,
      18.8,
      10.2,
      4.7,
      12.9,
      3.8,
      12.9,
      36.5,
      12.5,
      4.6,
      14.9,
      10.4,
      5.3,
      10.1,
      19.3,
      7.0,
      8.2,
      27.6
    ],
    [
      5.9,
      12.3,
      3.0,
      14.1,
      0.0,
      3.8,
      12.2,
      4.6,
      5.3,
      8.7,
      7.0,
      6.9,
      5.4,
      30.3,
      10.5,
      7.7,
      9.4,
      49.4,
      16.0,
      4.1,
      2.7,
      2.9,
      55.7,
      16.8,
      3.4,
      17.8,
      7.7,
      62.9,
      33.2,
      13.6,
      12.7,
      7.8,
      4.5,
      57.9,
      4.9,
      11.1,
      11.5,
      12.7,
      10.0,
      5.0,
      15.4,
      2.5,
      11.1,
      20.5,
      27.7,
      3.2,
      17.8,
      4.2,
      18.0,
      14.0,
      7.6,
      9.0,
      11.2,
      8.6,
      17.3
    ],
    [
      5.2,
      9.6,
      0.5,
      16.2,
      3.8,
      0.0,
      10.6,
      4.0,
      3.8,
      6.8,
      4.8,
      5.3,
      4.8,
      28.7,
      8.3,
      6.1,
      7.3,
      48.7,
      15.3,
      4.5,
      2.1,
      2.3,
      55.1,
      15.2,
      3.8,
      16.2,
      6.1,
      61.3,
      31.6,
      13.0,
      12.0,
      5.6,
      4.5,
      56.3,
      4.2,
      9.2,
      10.9,
      12.1,
      8.1,
      4.4,
      13.8,
      0.21,
      12.2,
      19.9,
      27.8,
      3.2,
      17.2,
      4.8,
      17.4,
      13.4,
      6.0,
      6.8,
      10.5,
      7.0,
      14.9
    ],
    [
      14.4,
      3.7,
      10.9,
      10.5,
      12.2,
      10.6,
      0.0,
      13.5,
      8.4,
      11.7,
      12.5,
      7.4,
      8.3,
      24.7,
      14.2,
      5.6,
      14.8,
      46.9,
      13.1,
      12.1,
      9.8,
      9.4,
      53.2,
      11.2,
      11.5,
      14.0,
      4.5,
      57.3,
      27.6,
      10.8,
      13.2,
      13.3,
      12.2,
      52.3,
      8.5,
      12.2,
      11.4,
      9.9,
      10.5,
      8.3,
      9.6,
      8.6,
      7.1,
      20.4,
      37.6,
      10.9,
      15.0,
      12.5,
      18.0,
      12.9,
      4.2,
      14.4,
      11.1,
      5.1,
      19.6
    ],
    [
      7.8,
      13.0,
      4.3,
      12.4,
      4.6,
      4.0,
      13.5,
      0.0,
      7.2,
      11.4,
      9.4,
      6.4,
      4.2,
      31.8,
      13.1,
      6.5,
      11.8,
      45.3,
      14.5,
      4.6,
      3.2,
      4.0,
      51.6,
      12.9,
      4.4,
      22.0,
      9.2,
      64.4,
      35.8,
      12.2,
      8.4,
      10.2,
      5.3,
      60.5,
      3.7,
      13.7,
      8.1,
      11.3,
      12.6,
      3.8,
      14.1,
      4.9,
      9.7,
      16.2,
      25.9,
      2.0,
      16.7,
      4.0,
      13.8,
      10.6,
      8.4,
      11.3,
      7.7,
      7.7,
      19.7
    ],
    [
      6.5,
      10.4,
      3.3,
      16.4,
      5.3,
      3.8,
      8.4,
      7.2,
      0.0,
      7.3,
      5.8,
      4.7,
      5.5,
      28.1,
      9.1,
      5.5,
      8.1,
      51.4,
      17.0,
      8.4,
      4.5,
      4.1,
      57.7,
      14.6,
      7.8,
      12.5,
      5.7,
      60.7,
      31.0,
      15.3,
      13.6,
      6.6,
      8.5,
      55.7,
      5.8,
      7.8,
      12.4,
      14.4,
      6.7,
      5.6,
      13.2,
      4.9,
      11.6,
      25.6,
      31.6,
      7.2,
      19.5,
      8.8,
      23.1,
      18.0,
      5.4,
      8.3,
      12.1,
      6.3,
      15.2
    ],
    [
      3.2,
      13.6,
      6.4,
      19.6,
      8.7,
      6.8,
      11.7,
      11.4,
      7.3,
      0.0,
      4.4,
      10.7,
      11.0,
      26.5,
      3.2,
      11.5,
      2.8,
      56.0,
      21.7,
      9.6,
      8.3,
      8.5,
      62.4,
      19.2,
      9.5,
      13.4,
      11.5,
      59.1,
      35.6,
      19.3,
      18.3,
      3.6,
      10.2,
      54.0,
      10.5,
      4.3,
      17.1,
      18.4,
      3.3,
      10.6,
      17.8,
      7.1,
      16.8,
      29.0,
      33.4,
      9.5,
      23.6,
      10.5,
      26.5,
      21.4,
      11.8,
      3.7,
      16.8,
      11.4,
      8.9
    ],
    [
      1.3,
      14.4,
      4.7,
      17.4,
      7.0,
      4.8,
      12.5,
      9.4,
      5.8,
      4.4,
      0.0,
      10.6,
      10.0,
      34.0,
      4.3,
      11.4,
      3.3,
      59.0,
      20.4,
      7.4,
      7.4,
      7.5,
      65.3,
      20.5,
      7.5,
      16.7,
      11.6,
      66.6,
      36.9,
      18.2,
      17.4,
      0.7,
      6.4,
      61.6,
      9.5,
      8.4,
      16.2,
      17.3,
      7.4,
      9.6,
      19.1,
      6.2,
      15.7,
      25.1,
      29.6,
      8.5,
      22.5,
      9.3,
      22.7,
      18.6,
      11.3,
      2.8,
      15.8,
      12.2,
      11.1
    ],
    [
      9.1,
      9.3,
      5.6,
      8.7,
      6.9,
      5.3,
      7.4,
      6.4,
      4.7,
      10.7,
      10.6,
      0.0,
      3.5,
      25.1,
      14.9,
      1.0,
      14.8,
      44.3,
      10.4,
      9.0,
      5.6,
      5.6,
      50.6,
      8.8,
      9.6,
      15.8,
      2.8,
      57.8,
      28.1,
      8.0,
      10.6,
      13.4,
      9.7,
      52.7,
      3.7,
      12.9,
      8.4,
      7.1,
      11.2,
      4.7,
      7.9,
      8.7,
      5.6,
      17.7,
      35.1,
      7.0,
      12.3,
      9.4,
      15.2,
      10.1,
      2.6,
      14.6,
      8.1,
      1.5,
      20.2
    ],
    [
      8.6,
      9.4,
      5.1,
      9.0,
      5.4,
      4.8,
      8.3,
      4.2,
      5.5,
      11.0,
      10.0,
      3.5,
      0.0,
      28.3,
      13.6,
      3.4,
      11.5,
      42.3,
      10.9,
      5.8,
      2.9,
      3.2,
      48.6,
      9.3,
      5.6,
      17.7,
      6.4,
      60.8,
      31.7,
      8.5,
      8.3,
      9.9,
      6.5,
      56.3,
      1.2,
      13.4,
      7.1,
      7.6,
      12.2,
      1.0,
      9.8,
      4.6,
      6.0,
      16.1,
      29.5,
      3.7,
      12.7,
      6.2,
      13.6,
      9.6,
      6.0,
      11.0,
      6.8,
      4.6,
      19.4
    ],
    [
      32.5,
      23.0,
      29.0,
      23.4,
      30.3,
      28.7,
      24.7,
      31.8,
      28.1,
      26.5,
      34.0,
      25.1,
      28.3,
      0.0,
      30.1,
      26.2,
      35.4,
      45.7,
      24.4,
      32.6,
      30.3,
      29.9,
      49.6,
      22.0,
      32.0,
      14.4,
      25.0,
      35.7,
      19.9,
      24.0,
      30.4,
      33.8,
      32.7,
      30.7,
      28.9,
      25.9,
      27.1,
      23.6,
      25.6,
      28.8,
      20.6,
      29.1,
      24.7,
      33.0,
      56.4,
      31.4,
      28.1,
      33.0,
      30.5,
      25.4,
      24.7,
      34.9,
      27.1,
      26.3,
      33.3
    ],
    [
      4.3,
      16.2,
      8.2,
      22.7,
      10.5,
      8.3,
      14.2,
      13.1,
      9.1,
      3.2,
      4.3,
      14.9,
      13.6,
      30.1,
      0.0,
      14.2,
      1.2,
      56.8,
      24.3,
      11.1,
      10.2,
      10.4,
      63.2,
      23.3,
      11.1,
      16.0,
      14.1,
      67.9,
      39.7,
      21.9,
      20.1,
      3.4,
      10.0,
      62.9,
      12.3,
      5.7,
      19.0,
      21.0,
      5.9,
      12.5,
      21.9,
      9.0,
      19.5,
      28.0,
      33.2,
      11.3,
      26.3,
      12.9,
      25.5,
      21.5,
      14.1,
      2.2,
      18.6,
      14.0,
      7.8
    ],
    [
      9.9,
      7.6,
      6.4,
      9.6,
      7.7,
      6.1,
      5.6,
      6.5,
      5.5,
      11.5,
      11.4,
      1.0,
      3.4,
      26.2,
      14.2,
      0.0,
      11.8,
      45.7,
      11.9,
      9.2,
      4.7,
      4.7,
      52.1,
      12.1,
      8.6,
      16.5,
      1.7,
      58.2,
      28.5,
      9.5,
      11.3,
      10.4,
      9.3,
      53.1,
      3.5,
      11.0,
      9.9,
      8.6,
      10.0,
      3.6,
      10.6,
      5.7,
      7.0,
      19.1,
      36.5,
      6.2,
      13.7,
      9.5,
      16.7,
      11.6,
      1.5,
      11.5,
      9.5,
      2.1,
      18.4
    ],
    [
      3.2,
      16.9,
      7.1,
      19.9,
      9.4,
      7.3,
      14.8,
      11.8,
      8.1,
      2.8,
      3.3,
      14.8,
      11.5,
      35.4,
      1.2,
      11.8,
      0.0,
      55.6,
      23.8,
      9.9,
      9.2,
      9.4,
      62.0,
      22.3,
      10.0,
      15.5,
      13.7,
      68.4,
      38.9,
      21.5,
      19.1,
      2.6,
      8.8,
      63.4,
      11.3,
      6.9,
      18.0,
      20.6,
      5.4,
      11.5,
      20.9,
      8.0,
      19.0,
      27.0,
      32.0,
      10.3,
      25.8,
      12.2,
      24.5,
      20.5,
      12.9,
      1.0,
      17.6,
      13.6,
      8.0
    ],
    [
      52.5,
      46.4,
      49.0,
      37.5,
      49.4,
      48.7,
      46.9,
      45.3,
      51.4,
      56.0,
      59.0,
      44.3,
      42.3,
      45.7,
      56.8,
      45.7,
      55.6,
      0.0,
      31.6,
      52.2,
      45.9,
      44.2,
      14.2,
      37.0,
      52.3,
      42.2,
      43.1,
      47.7,
      13.4,
      34.8,
      38.2,
      52.8,
      51.7,
      42.7,
      41.5,
      50.9,
      35.0,
      34.2,
      49.2,
      42.9,
      38.8,
      47.5,
      35.3,
      40.0,
      67.8,
      45.7,
      32.1,
      47.7,
      37.5,
      34.5,
      42.9,
      54.0,
      35.0,
      43.9,
      58.2
    ],
    [
      19.1,
      11.9,
      15.6,
      0.45,
      16.0,
      15.3,
      13.1,
      14.5,
      17.0,
      21.7,
      20.4,
      10.4,
      10.9,
      24.4,
      24.3,
      11.9,
      23.8,
      31.6,
      0.0,
      15.0,
      11.6,
      11.5,
      44.4,
      3.4,
      15.6,
      17.9,
      10.8,
      56.5,
      22.2,
      3.7,
      9.6,
      18.3,
      15.7,
      51.5,
      9.7,
      20.8,
      6.8,
      3.2,
      19.3,
      10.7,
      5.2,
      13.0,
      4.3,
      13.3,
      37.0,
      12.9,
      5.1,
      15.3,
      10.9,
      5.8,
      10.6,
      19.4,
      7.5,
      8.6,
      28.6
    ],
    [
      7.7,
      14.1,
      4.8,
      14.5,
      4.1,
      4.5,
      12.1,
      4.6,
      8.4,
      9.6,
      7.4,
      9.0,
      5.8,
      32.6,
      11.1,
      9.2,
      9.9,
      52.2,
      15.0,
      0.0,
      4.7,
      4.9,
      60.1,
      18.8,
      0.5,
      19.6,
      9.5,
      64.9,
      35.2,
      15.4,
      14.7,
      8.1,
      1.1,
      59.9,
      6.9,
      12.2,
      13.5,
      14.5,
      11.1,
      7.0,
      17.4,
      4.5,
      12.9,
      22.5,
      23.8,
      3.7,
      19.7,
      2.1,
      20.0,
      16.0,
      9.4,
      9.0,
      13.2,
      10.6,
      17.4
    ],
    [
      5.9,
      11.7,
      2.4,
      11.1,
      2.7,
      2.1,
      9.8,
      3.2,
      4.5,
      8.3,
      7.4,
      5.6,
      2.9,
      30.3,
      10.2,
      4.7,
      9.2,
      45.9,
      11.6,
      4.7,
      0.0,
      0.85,
      50.6,
      12.1,
      4.2,
      16.8,
      6.7,
      61.9,
      32.2,
      11.4,
      10.3,
      6.8,
      5.1,
      56.9,
      2.5,
      10.4,
      9.1,
      10.5,
      9.3,
      2.6,
      12.7,
      1.5,
      8.9,
      18.1,
      27.8,
      1.9,
      15.7,
      4.3,
      15.6,
      11.6,
      6.6,
      8.0,
      8.8,
      7.6,
      16.1
    ],
    [
      6.1,
      11.5,
      2.6,
      11.1,
      2.9,
      2.3,
      9.4,
      4.0,
      4.1,
      8.5,
      7.5,
      5.6,
      3.2,
      29.9,
      10.4,
      4.7,
      9.4,
      44.2,
      11.5,
      4.9,
      0.85,
      0.0,
      51.3,
      11.9,
      4.6,
      15.9,
      6.1,
      61.0,
      31.3,
      11.2,
      11.0,
      7.2,
      5.9,
      56.0,
      3.2,
      11.2,
      9.8,
      10.2,
      10.1,
      2.9,
      12.5,
      1.9,
      8.7,
      18.8,
      28.6,
      2.7,
      15.5,
      5.1,
      16.3,
      12.3,
      5.7,
      8.4,
      9.5,
      6.7,
      17.4
    ],
    [
      58.9,
      52.7,
      55.4,
      43.9,
      55.7,
      55.1,
      53.2,
      51.6,
      57.7,
      62.4,
      65.3,
      50.6,
      48.6,
      49.6,
      63.2,
      52.1,
      62.0,
      14.2,
      44.4,
      60.1,
      50.6,
      51.3,
      0.0,
      44.4,
      59.7,
      49.6,
      53.3,
      55.1,
      20.8,
      42.2,
      45.6,
      59.9,
      59.1,
      50.1,
      48.9,
      58.3,
      42.3,
      41.6,
      56.6,
      50.3,
      46.2,
      54.6,
      42.7,
      47.4,
      75.2,
      53.1,
      39.5,
      55.1,
      44.9,
      41.9,
      50.2,
      67.0,
      42.4,
      51.3,
      65.6
    ],
    [
      19.0,
      9.5,
      15.5,
      2.9,
      16.8,
      15.2,
      11.2,
      12.9,
      14.6,
      19.2,
      20.5,
      8.8,
      9.3,
      22.0,
      23.3,
      12.1,
      22.3,
      37.0,
      3.4,
      18.8,
      12.1,
      11.9,
      44.4,
      0.0,
      17.8,
      15.3,
      10.8,
      53.8,
      24.2,
      3.7,
      10.1,
      19.6,
      18.9,
      48.8,
      9.8,
      18.6,
      6.8,
      3.3,
      16.9,
      10.8,
      2.5,
      14.9,
      4.4,
      12.7,
      38.1,
      13.0,
      7.8,
      15.5,
      10.2,
      5.1,
      10.6,
      20.8,
      6.8,
      8.0,
      25.9
    ],
    [
      7.1,
      13.5,
      4.1,
      14.3,
      3.4,
      3.8,
      11.5,
      4.4,
      7.8,
      9.5,
      7.5,
      9.6,
      5.6,
      32.0,
      11.1,
      8.6,
      10.0,
      52.3,
      15.6,
      0.5,
      4.2,
      4.6,
      59.7,
      17.8,
      0.0,
      18.4,
      9.4,
      64.3,
      35.0,
      15.1,
      14.1,
      6.9,
      1.2,
      59.3,
      6.3,
      11.6,
      12.9,
      14.1,
      10.5,
      6.4,
      16.8,
      3.9,
      12.5,
      21.9,
      23.8,
      3.1,
      19.3,
      2.8,
      19.4,
      15.4,
      9.0,
      7.9,
      12.6,
      10.0,
      16.2
    ],
    [
      17.3,
      16.0,
      16.5,
      23.1,
      17.8,
      16.2,
      14.0,
      22.0,
      12.5,
      13.4,
      16.7,
      15.8,
      17.7,
      14.4,
      16.0,
      16.5,
      15.5,
      42.2,
      17.9,
      19.6,
      16.8,
      15.9,
      49.6,
      15.3,
      18.4,
      0.0,
      15.6,
      47.1,
      27.1,
      17.5,
      23.9,
      16.5,
      19.0,
      42.1,
      19.1,
      11.9,
      20.7,
      17.1,
      11.5,
      16.9,
      14.1,
      16.2,
      18.3,
      26.5,
      42.2,
      18.6,
      21.6,
      20.1,
      24.1,
      19.0,
      15.9,
      16.4,
      20.7,
      15.6,
      19.2
    ],
    [
      10.2,
      6.4,
      6.4,
      10.3,
      7.7,
      6.1,
      4.5,
      9.2,
      5.7,
      11.5,
      11.6,
      2.8,
      6.4,
      25.0,
      14.1,
      1.7,
      13.7,
      43.1,
      10.8,
      9.5,
      6.7,
      6.1,
      53.3,
      10.8,
      9.4,
      15.6,
      0.0,
      57.6,
      28.3,
      9.3,
      11.8,
      11.9,
      11.0,
      52.0,
      4.9,
      12.1,
      9.6,
      8.4,
      11.0,
      5.9,
      8.7,
      7.2,
      6.8,
      18.9,
      36.3,
      8.2,
      13.5,
      11.1,
      16.4,
      11.3,
      0.25,
      13.1,
      9.3,
      1.2,
      19.7
    ],
    [
      65.1,
      55.6,
      61.6,
      56.1,
      62.9,
      61.3,
      57.3,
      64.4,
      60.7,
      59.1,
      66.6,
      57.8,
      60.8,
      35.7,
      67.9,
      58.2,
      68.4,
      47.7,
      56.5,
      64.9,
      61.9,
      61.0,
      55.1,
      53.8,
      64.3,
      47.1,
      57.6,
      0.0,
      49.7,
      56.4,
      62.7,
      66.2,
      65.1,
      27.3,
      61.3,
      59.6,
      59.5,
      55.9,
      59.3,
      61.2,
      52.9,
      61.5,
      57.1,
      65.4,
      88.8,
      63.8,
      60.5,
      65.3,
      62.9,
      57.8,
      57.1,
      62.3,
      59.5,
      58.7,
      66.9
    ],
    [
      35.4,
      25.9,
      31.9,
      21.7,
      33.2,
      31.6,
      27.6,
      35.8,
      31.0,
      35.6,
      36.9,
      28.1,
      31.7,
      19.9,
      39.7,
      28.5,
      38.9,
      13.4,
      22.2,
      35.2,
      32.2,
      31.3,
      20.8,
      24.2,
      35.0,
      27.1,
      28.3,
      49.7,
      0.0,
      26.4,
      29.8,
      36.7,
      43.3,
      40.0,
      33.0,
      35.6,
      26.5,
      25.7,
      33.9,
      34.1,
      30.4,
      32.0,
      26.9,
      31.6,
      59.4,
      37.2,
      23.7,
      39.2,
      29.1,
      26.1,
      27.6,
      37.8,
      26.5,
      29.1,
      43.0
    ],
    [
      16.8,
      10.3,
      13.3,
      3.2,
      13.6,
      13.0,
      10.8,
      12.2,
      15.3,
      19.3,
      18.2,
      8.0,
      8.5,
      24.0,
      21.9,
      9.5,
      21.5,
      34.8,
      3.7,
      15.4,
      11.4,
      11.2,
      42.2,
      3.7,
      15.1,
      17.5,
      9.3,
      56.4,
      26.4,
      0.0,
      7.1,
      17.4,
      14.8,
      51.6,
      8.8,
      19.6,
      3.9,
      2.3,
      18.4,
      9.8,
      5.3,
      12.1,
      3.4,
      9.8,
      39.6,
      12.0,
      5.1,
      14.5,
      7.3,
      2.2,
      9.7,
      18.6,
      3.9,
      7.7,
      28.4
    ],
    [
      15.9,
      12.7,
      12.4,
      9.1,
      12.7,
      12.0,
      13.2,
      8.4,
      13.6,
      18.3,
      17.4,
      10.6,
      8.3,
      30.4,
      20.1,
      11.3,
      19.1,
      38.2,
      9.6,
      14.7,
      10.3,
      11.0,
      45.6,
      10.1,
      14.1,
      23.9,
      11.8,
      62.7,
      29.8,
      7.1,
      0.0,
      18.1,
      14.5,
      59.8,
      9.2,
      21.6,
      3.5,
      8.2,
      22.0,
      10.3,
      13.4,
      12.7,
      9.2,
      8.2,
      31.7,
      11.2,
      10.1,
      13.2,
      5.8,
      6.0,
      14.3,
      19.2,
      4.0,
      11.6,
      27.6
    ],
    [
      1.3,
      15.2,
      5.5,
      18.2,
      7.8,
      5.6,
      13.3,
      10.2,
      6.6,
      3.6,
      0.7,
      13.4,
      9.9,
      33.8,
      3.4,
      10.4,
      2.6,
      52.8,
      18.3,
      8.1,
      6.8,
      7.2,
      59.9,
      19.6,
      6.9,
      16.5,
      11.9,
      66.2,
      36.7,
      17.4,
      18.1,
      0.0,
      6.9,
      61.0,
      9.0,
      7.2,
      15.6,
      16.8,
      6.5,
      9.1,
      18.5,
      5.7,
      17.0,
      24.6,
      30.1,
      8.0,
      22.0,
      9.3,
      22.1,
      18.1,
      10.8,
      1.6,
      15.3,
      11.7,
      9.9
    ],
    [
      6.8,
      14.1,
      4.8,
      15.2,
      4.5,
      4.5,
      12.2,
      5.3,
      8.5,
      10.2,
      6.4,
      9.7,
      6.5,
      32.7,
      10.0,
      9.3,
      8.8,
      51.7,
      15.7,
      1.1,
      5.1,
      5.9,
      59.1,
      18.9,
      1.2,
      19.0,
      11.0,
      65.1,
      43.3,
      14.8,
      14.5,
      6.9,
      0.0,
      60.3,
      7.3,
      12.5,
      14.0,
      15.1,
      11.4,
      7.4,
      17.8,
      4.9,
      13.5,
      28.0,
      23.3,
      4.0,
      24.0,
      2.9,
      25.5,
      22.5,
      10.1,
      8.5,
      13.7,
      11.0,
      16.8
    ],
    [
      60.1,
      50.6,
      56.6,
      51.0,
      57.9,
      56.3,
      52.3,
      60.5,
      55.7,
      54.0,
      61.6,
      52.7,
      56.3,
      30.7,
      62.9,
      53.1,
      63.4,
      42.7,
      51.5,
      59.9,
      56.9,
      56.0,
      50.1,
      48.8,
      59.3,
      42.1,
      52.0,
      27.3,
      40.0,
      51.6,
      59.8,
      61.0,
      60.3,
      0.0,
      48.7,
      47.1,
      47.0,
      43.4,
      46.7,
      48.7,
      40.4,
      48.9,
      44.6,
      52.8,
      76.2,
      51.3,
      47.9,
      52.8,
      50.4,
      45.3,
      44.6,
      54.8,
      47.0,
      46.1,
      54.4
    ],
    [
      8.0,
      9.7,
      4.5,
      9.2,
      4.9,
      4.2,
      8.5,
      3.7,
      5.8,
      10.5,
      9.5,
      3.7,
      1.2,
      28.9,
      12.3,
      3.5,
      11.3,
      41.5,
      9.7,
      6.9,
      2.5,
      3.2,
      48.9,
      9.8,
      6.3,
      19.1,
      4.9,
      61.3,
      33.0,
      8.8,
      9.2,
      9.0,
      7.3,
      48.7,
      0.0,
      13.5,
      6.7,
      7.8,
      12.4,
      1.0,
      10.0,
      4.4,
      6.2,
      15.7,
      28.1,
      3.9,
      12.9,
      6.3,
      13.2,
      9.2,
      6.2,
      11.2,
      6.4,
      4.8,
      23.5
    ],
    [
      7.2,
      14.2,
      8.8,
      20.4,
      11.1,
      9.2,
      12.2,
      13.7,
      7.8,
      4.3,
      8.4,
      12.9,
      13.4,
      25.9,
      5.7,
      11.0,
      6.9,
      50.9,
      20.8,
      12.2,
      10.4,
      11.2,
      58.3,
      18.6,
      11.6,
      11.9,
      12.1,
      59.6,
      35.6,
      19.6,
      21.6,
      7.2,
      12.5,
      47.1,
      13.5,
      0.0,
      20.4,
      19.2,
      2.3,
      12.6,
      18.5,
      9.4,
      17.6,
      29.7,
      34.9,
      11.7,
      24.3,
      12.3,
      27.2,
      22.1,
      12.5,
      7.9,
      20.1,
      12.2,
      7.3
    ],
    [
      14.7,
      10.9,
      11.2,
      7.0,
      11.5,
      10.9,
      11.4,
      8.1,
      12.4,
      17.1,
      16.2,
      8.4,
      7.1,
      27.1,
      19.0,
      9.9,
      18.0,
      35.0,
      6.8,
      13.5,
      9.1,
      9.8,
      42.3,
      6.8,
      12.9,
      20.7,
      9.6,
      59.5,
      26.5,
      3.9,
      3.5,
      15.6,
      14.0,
      47.0,
      6.7,
      20.4,
      0.0,
      5.0,
      19.2,
      8.2,
      8.2,
      11.2,
      6.1,
      10.6,
      34.9,
      10.4,
      7.6,
      12.8,
      8.1,
      1.4,
      10.6,
      17.7,
      0.65,
      9.4,
      27.8
    ],
    [
      15.9,
      9.4,
      12.4,
      2.7,
      12.7,
      12.1,
      9.9,
      11.3,
      14.4,
      18.4,
      17.3,
      7.1,
      7.6,
      23.6,
      21.0,
      8.6,
      20.6,
      34.2,
      3.2,
      14.5,
      10.5,
      10.2,
      41.6,
      3.3,
      14.1,
      17.1,
      8.4,
      55.9,
      25.7,
      2.3,
      8.2,
      16.8,
      15.1,
      43.4,
      7.8,
      19.2,
      5.0,
      0.0,
      17.9,
      9.6,
      3.5,
      15.9,
      3.3,
      12.2,
      35.9,
      11.9,
      7.3,
      14.3,
      9.7,
      4.6,
      11.5,
      21.8,
      6.3,
      9.0,
      26.3
    ],
    [
      6.2,
      12.5,
      7.7,
      18.8,
      10.0,
      8.1,
      10.5,
      12.6,
      6.7,
      3.3,
      7.4,
      11.2,
      12.2,
      25.6,
      5.9,
      10.0,
      5.4,
      49.2,
      19.3,
      11.1,
      9.3,
      10.1,
      56.6,
      16.9,
      10.5,
      11.5,
      11.0,
      59.3,
      33.9,
      18.4,
      22.0,
      6.5,
      11.4,
      46.7,
      12.4,
      2.3,
      19.2,
      17.9,
      0.0,
      10.8,
      17.1,
      10.1,
      16.2,
      28.3,
      34.8,
      12.4,
      22.9,
      12.2,
      25.8,
      20.7,
      11.1,
      7.7,
      18.7,
      10.7,
      8.8
    ],
    [
      8.2,
      10.3,
      4.7,
      10.2,
      5.0,
      4.4,
      8.3,
      3.8,
      5.6,
      10.6,
      9.6,
      4.7,
      1.0,
      28.8,
      12.5,
      3.6,
      11.5,
      42.9,
      10.7,
      7.0,
      2.6,
      2.9,
      50.3,
      10.8,
      6.4,
      16.9,
      5.9,
      61.2,
      34.1,
      9.8,
      10.3,
      9.1,
      7.4,
      48.7,
      1.0,
      12.6,
      8.2,
      9.6,
      10.8,
      0.0,
      10.7,
      4.8,
      6.9,
      17.0,
      29.6,
      4.7,
      13.7,
      7.1,
      14.5,
      10.5,
      5.5,
      11.2,
      7.7,
      5.5,
      20.1
    ],
    [
      17.6,
      8.0,
      14.1,
      4.7,
      15.4,
      13.8,
      9.6,
      14.1,
      13.2,
      17.8,
      19.1,
      7.9,
      9.8,
      20.6,
      21.9,
      10.6,
      20.9,
      38.8,
      5.2,
      17.4,
      12.7,
      12.5,
      46.2,
      2.5,
      16.8,
      14.1,
      8.7,
      52.9,
      30.4,
      5.3,
      13.4,
      18.5,
      17.8,
      40.4,
      10.0,
      18.5,
      8.2,
      3.5,
      17.1,
      10.7,
      0.0,
      13.7,
      5.9,
      14.1,
      36.9,
      12.7,
      9.3,
      17.6,
      11.7,
      6.6,
      9.3,
      19.6,
      8.3,
      6.8,
      24.3
    ],
    [
      4.7,
      10.5,
      0.7,
      12.9,
      2.5,
      0.21,
      8.6,
      4.9,
      4.9,
      7.1,
      6.2,
      8.7,
      4.6,
      29.1,
      9.0,
      5.7,
      8.0,
      47.5,
      13.0,
      4.5,
      1.5,
      1.9,
      54.6,
      14.9,
      3.9,
      16.2,
      7.2,
      61.5,
      32.0,
      12.1,
      12.7,
      5.7,
      4.9,
      48.9,
      4.4,
      9.4,
      11.2,
      15.9,
      10.1,
      4.8,
      13.7,
      0.0,
      9.7,
      19.2,
      27.7,
      2.9,
      16.5,
      5.0,
      16.7,
      12.7,
      5.8,
      8.2,
      9.9,
      6.7,
      16.6
    ],
    [
      16.0,
      6.6,
      12.5,
      3.8,
      11.1,
      12.2,
      7.1,
      9.7,
      11.6,
      16.8,
      15.7,
      5.6,
      6.0,
      24.7,
      19.5,
      7.0,
      19.0,
      35.3,
      4.3,
      12.9,
      8.9,
      8.7,
      42.7,
      4.4,
      12.5,
      18.3,
      6.8,
      57.1,
      26.9,
      3.4,
      9.2,
      17.0,
      13.5,
      44.6,
      6.2,
      17.6,
      6.1,
      3.3,
      16.2,
      6.9,
      5.9,
      9.7,
      0.0,
      13.4,
      33.2,
      9.2,
      8.0,
      11.6,
      10.9,
      5.8,
      6.9,
      16.1,
      7.5,
      4.9,
      24.1
    ],
    [
      23.7,
      20.5,
      20.2,
      12.9,
      20.5,
      19.9,
      20.4,
      16.2,
      25.6,
      29.0,
      25.1,
      17.7,
      16.1,
      33.0,
      28.0,
      19.1,
      27.0,
      40.0,
      13.3,
      22.5,
      18.1,
      18.8,
      47.4,
      12.7,
      21.9,
      26.5,
      18.9,
      65.4,
      31.6,
      9.8,
      8.2,
      24.6,
      28.0,
      52.8,
      15.7,
      29.7,
      10.6,
      12.2,
      28.3,
      17.0,
      14.1,
      19.2,
      13.4,
      0.0,
      43.6,
      17.5,
      10.9,
      19.5,
      3.1,
      9.2,
      21.6,
      31.8,
      9.7,
      19.1,
      36.4
    ],
    [
      30.1,
      37.1,
      28.1,
      36.5,
      27.7,
      27.8,
      37.6,
      25.9,
      31.6,
      33.4,
      29.6,
      35.1,
      29.5,
      56.4,
      33.2,
      36.5,
      32.0,
      67.8,
      37.0,
      23.8,
      27.8,
      28.6,
      75.2,
      38.1,
      23.8,
      42.2,
      36.3,
      88.8,
      59.4,
      39.6,
      31.7,
      30.1,
      23.3,
      76.2,
      28.1,
      34.9,
      34.9,
      35.9,
      34.8,
      29.6,
      36.9,
      27.7,
      33.2,
      43.6,
      0.0,
      27.9,
      39.8,
      22.6,
      41.3,
      38.3,
      33.1,
      31.5,
      33.5,
      35.1,
      39.9
    ],
    [
      7.0,
      12.9,
      3.5,
      12.5,
      3.2,
      3.2,
      10.9,
      2.0,
      7.2,
      9.5,
      8.5,
      7.0,
      3.7,
      31.4,
      11.3,
      6.2,
      10.3,
      45.7,
      12.9,
      3.7,
      1.9,
      2.7,
      53.1,
      13.0,
      3.1,
      18.6,
      8.2,
      63.8,
      37.2,
      12.0,
      11.2,
      8.0,
      4.0,
      51.3,
      3.9,
      11.7,
      10.4,
      11.9,
      12.4,
      4.7,
      12.7,
      2.9,
      9.2,
      17.5,
      27.9,
      0.0,
      16.7,
      2.8,
      15.6,
      12.5,
      8.1,
      11.9,
      9.7,
      8.5,
      18.3
    ],
    [
      21.0,
      14.5,
      17.5,
      4.6,
      17.8,
      17.2,
      15.0,
      16.7,
      19.5,
      23.6,
      22.5,
      12.3,
      12.7,
      28.1,
      26.3,
      13.7,
      25.8,
      32.1,
      5.1,
      19.7,
      15.7,
      15.5,
      39.5,
      7.8,
      19.3,
      21.6,
      13.5,
      60.5,
      23.7,
      5.1,
      10.1,
      22.0,
      24.0,
      47.9,
      12.9,
      24.3,
      7.6,
      7.3,
      22.9,
      13.7,
      9.3,
      16.5,
      8.0,
      10.9,
      39.8,
      16.7,
      0.0,
      19.7,
      9.6,
      6.6,
      14.2,
      23.3,
      7.0,
      12.2,
      31.5
    ],
    [
      9.7,
      14.4,
      5.1,
      14.9,
      4.2,
      4.8,
      12.5,
      4.0,
      8.8,
      10.5,
      9.3,
      9.4,
      6.2,
      33.0,
      12.9,
      9.5,
      12.2,
      47.7,
      15.3,
      2.1,
      4.3,
      5.1,
      55.1,
      15.5,
      2.8,
      20.1,
      11.1,
      65.3,
      39.2,
      14.5,
      13.2,
      9.3,
      2.9,
      52.8,
      6.3,
      12.3,
      12.8,
      14.3,
      12.2,
      7.1,
      17.6,
      5.0,
      11.6,
      19.5,
      22.6,
      2.8,
      19.7,
      0.0,
      17.5,
      14.3,
      10.2,
      10.9,
      11.5,
      11.1,
      19.2
    ],
    [
      21.2,
      18.0,
      17.7,
      10.4,
      18.0,
      17.4,
      18.0,
      13.8,
      23.1,
      26.5,
      22.7,
      15.2,
      13.6,
      30.5,
      25.5,
      16.7,
      24.5,
      37.5,
      10.9,
      20.0,
      15.6,
      16.3,
      44.9,
      10.2,
      19.4,
      24.1,
      16.4,
      62.9,
      29.1,
      7.3,
      5.8,
      22.1,
      25.5,
      50.4,
      13.2,
      27.2,
      8.1,
      9.7,
      25.8,
      14.5,
      11.7,
      16.7,
      10.9,
      3.1,
      41.3,
      15.6,
      9.6,
      17.5,
      0.0,
      7.6,
      19.9,
      30.2,
      8.0,
      17.4,
      35.3
    ],
    [
      17.2,
      12.9,
      13.7,
      5.3,
      14.0,
      13.4,
      12.9,
      10.6,
      18.0,
      21.4,
      18.6,
      10.1,
      9.6,
      25.4,
      21.5,
      11.6,
      20.5,
      34.5,
      5.8,
      16.0,
      11.6,
      12.3,
      41.9,
      5.1,
      15.4,
      19.0,
      11.3,
      57.8,
      26.1,
      2.2,
      6.0,
      18.1,
      22.5,
      45.3,
      9.2,
      22.1,
      1.4,
      4.6,
      20.7,
      10.5,
      6.6,
      12.7,
      5.8,
      9.2,
      38.3,
      12.5,
      6.6,
      14.3,
      7.6,
      0.0,
      12.7,
      19.8,
      2.7,
      11.6,
      30.7
    ],
    [
      9.8,
      6.2,
      6.3,
      10.1,
      7.6,
      6.0,
      4.2,
      8.4,
      5.4,
      11.8,
      11.3,
      2.6,
      6.0,
      24.7,
      14.1,
      1.5,
      12.9,
      42.9,
      10.6,
      9.4,
      6.6,
      5.7,
      50.2,
      10.6,
      9.0,
      15.9,
      0.25,
      57.1,
      27.6,
      9.7,
      14.3,
      10.8,
      10.1,
      44.6,
      6.2,
      12.5,
      10.6,
      11.5,
      11.1,
      5.5,
      9.3,
      5.8,
      6.9,
      21.6,
      33.1,
      8.1,
      14.2,
      10.2,
      19.9,
      12.7,
      0.0,
      12.7,
      9.3,
      1.3,
      19.6
    ],
    [
      2.8,
      16.4,
      6.6,
      19.3,
      9.0,
      6.8,
      14.4,
      11.3,
      8.3,
      3.7,
      2.8,
      14.6,
      11.0,
      34.9,
      2.2,
      11.5,
      1.0,
      54.0,
      19.4,
      9.0,
      8.0,
      8.4,
      67.0,
      20.8,
      7.9,
      16.4,
      13.1,
      62.3,
      37.8,
      18.6,
      19.2,
      1.6,
      8.5,
      54.8,
      11.2,
      7.9,
      17.7,
      21.8,
      7.7,
      11.2,
      19.6,
      8.2,
      16.1,
      31.8,
      31.5,
      11.9,
      23.3,
      10.9,
      30.2,
      19.8,
      12.7,
      0.0,
      16.4,
      12.9,
      9.4
    ],
    [
      14.4,
      10.6,
      10.8,
      7.0,
      11.2,
      10.5,
      11.1,
      7.7,
      12.1,
      16.8,
      15.8,
      8.1,
      6.8,
      27.1,
      18.6,
      9.5,
      17.6,
      35.0,
      7.5,
      13.2,
      8.8,
      9.5,
      42.4,
      6.8,
      12.6,
      20.7,
      9.3,
      59.5,
      26.5,
      3.9,
      4.0,
      15.3,
      13.7,
      47.0,
      6.4,
      20.1,
      0.65,
      6.3,
      18.7,
      7.7,
      8.3,
      9.9,
      7.5,
      9.7,
      33.5,
      9.7,
      7.0,
      11.5,
      8.0,
      2.7,
      9.3,
      16.4,
      0.0,
      8.9,
      27.6
    ],
    [
      10.8,
      7.0,
      7.3,
      8.2,
      8.6,
      7.0,
      5.1,
      7.7,
      6.3,
      11.4,
      12.2,
      1.5,
      4.6,
      26.3,
      14.0,
      2.1,
      13.6,
      43.9,
      8.6,
      10.6,
      7.6,
      6.7,
      51.3,
      8.0,
      10.0,
      15.6,
      1.2,
      58.7,
      29.1,
      7.7,
      11.6,
      11.7,
      11.0,
      46.1,
      4.8,
      12.2,
      9.4,
      9.0,
      10.7,
      5.5,
      6.8,
      6.7,
      4.9,
      19.1,
      35.1,
      8.5,
      12.2,
      11.1,
      17.4,
      11.6,
      1.3,
      12.9,
      8.9,
      0.0,
      19.4
    ],
    [
      11.1,
      21.5,
      14.8,
      27.6,
      17.3,
      14.9,
      19.6,
      19.7,
      15.2,
      8.9,
      11.1,
      20.2,
      19.4,
      33.3,
      7.8,
      18.4,
      8.0,
      58.2,
      28.6,
      17.4,
      16.1,
      17.4,
      65.6,
      25.9,
      16.2,
      19.2,
      19.7,
      66.9,
      43.0,
      28.4,
      27.6,
      9.9,
      16.8,
      54.4,
      23.5,
      7.3,
      27.8,
      26.3,
      8.8,
      20.1,
      24.3,
      16.6,
      24.1,
      36.4,
      39.9,
      18.3,
      31.5,
      19.2,
      35.3,
      30.7,
      19.6,
      9.4,
      27.6,
      19.4,
      0.0
    ]
  ],
  "drive_time_matrix": [
    [
      0.0,
      23.0,
      10.0,
      32.0,
      13.0,
      12.0,
      25.0,
      16.0,
      13.0,
      9.0,
      3.0,
      19.0,
      16.0,
      50.0,
      11.0,
      18.0,
      7.0,
      72.0,
      32.0,
      16.0,
      13.0,
      15.0,
      77.0,
      29.0,
      13.0,
      31.0,
      19.0,
      87.0,
      54.0,
      32.0,
      31.0,
      16.0,
      12.0,
      85.0,
      16.0,
      17.0,
      29.0,
      28.0,
      14.0,
      17.0,
      29.0,
      10.0,
      27.0,
      44.0,
      60.0,
      17.0,
      37.0,
      20.0,
      39.0,
      32.0,
      18.0,
      6.0,
      25.0,
      19.0,
      20.0
    ],
    [
      23.0,
      0.0,
      14.0,
      20.0,
      19.0,
      12.0,
      9.0,
      18.0,
      16.0,
      23.0,
      20.0,
      14.0,
      15.0,
      36.0,
      29.0,
      15.0,
      25.0,
      58.0,
      20.0,
      22.0,
      17.0,
      18.0,
      63.0,
      15.0,
      19.0,
      26.0,
      14.0,
      72.0,
      38.0,
      19.0,
      24.0,
      22.0,
      20.0,
      71.0,
      15.0,
      20.0,
      21.0,
      16.0,
      20.0,
      16.0,
      16.0,
      15.0,
      13.0,
      33.0,
      62.0,
      21.0,
      25.0,
      24.0,
      29.0,
      21.0,
      12.0,
      24.0,
      18.0,
      12.0,
      31.0
    ],
    [
      10.0,
      14.0,
      0.0,
      26.0,
      8.0,
      6.0,
      18.0,
      9.0,
      9.0,
      13.0,
      8.0,
      11.0,
      10.0,
      43.0,
      17.0,
      11.0,
      14.0,
      65.0,
      25.0,
      11.0,
      6.0,
      8.0,
      70.0,
      21.0,
      8.0,
      29.0,
      12.0,
      79.0,
      45.0,
      25.0,
      25.0,
      11.0,
      9.0,
      77.0,
      9.0,
      19.0,
      21.0,
      22.0,
      15.0,
      10.0,
      22.0,
      9.0,
      20.0,
      36.0,
      56.0,
      10.0,
      30.0,
      13.0,
      32.0,
      24.0,
      11.0,
      12.0,
      18.0,
      13.0,
      27.0
    ],
    [
      32.0,
      20.0,
      26.0,
      0.0,
      22.0,
      20.0,
      16.0,
      17.0,
      22.0,
      29.0,
      26.0,
      13.0,
      12.0,
      37.0,
      34.0,
      16.0,
      31.0,
      48.0,
      6.0,
      23.0,
      15.0,
      15.0,
      54.0,
      5.0,
      22.0,
      33.0,
      18.0,
      73.0,
      36.0,
      8.0,
      23.0,
      28.0,
      23.0,
      72.0,
      13.0,
      26.0,
      15.0,
      5.0,
      25.0,
      14.0,
      9.0,
      18.0,
      7.0,
      23.0,
      61.0,
      20.0,
      10.0,
      24.0,
      20.0,
      12.0,
      17.0,
      29.0,
      14.0,
      12.0,
      37.0
    ],
    [
      13.0,
      19.0,
      8.0,
      22.0,
      0.0,
      10.0,
      20.0,
      11.0,
      14.0,
      18.0,
      13.0,
      14.0,
      11.0,
      45.0,
      23.0,
      14.0,
      19.0,
      66.0,
      26.0,
      10.0,
      7.0,
      9.0,
      71.0,
      24.0,
      7.0,
      31.0,
      14.0,
      81.0,
      47.0,
      26.0,
      25.0,
      15.0,
      10.0,
      79.0,
      10.0,
      24.0,
      22.0,
      22.0,
      20.0,
      11.0,
      25.0,
      6.0,
      21.0,
      35.0,
      59.0,
      11.0,
      31.0,
      12.0,
      32.0,
      26.0,
      13.0,
      17.0,
      19.0,
      15.0,
      31.0
    ],
    [
      12.0,
      12.0,
      6.0,
      20.0,
      10.0,
      0.0,
      16.0,
      8.0,
      9.0,
      13.0,
      8.0,
      10.0,
      9.0,
      41.0,
      16.0,
      10.0,
      13.0,
      63.0,
      24.0,
      9.0,
      5.0,
      7.0,
      68.0,
      20.0,
      7.0,
      28.0,
      11.0,
      77.0,
      43.0,
      23.0,
      22.0,
      10.0,
      8.0,
      75.0,
      8.0,
      19.0,
      19.0,
      20.0,
      15.0,
      8.0,
      20.0,
      3.0,
      18.0,
      33.0,
      57.0,
      9.0,
      28.0,
      11.0,
      29.0,
      23.0,
      9.0,
      12.0,
      17.0,
      11.0,
      26.0
    ],
    [
      25.0,
      9.0,
      18.0,
      16.0,
      20.0,
